Datetime,100034981 (Weseler Straße),101034981 (Weseler Straße stadteinwärts),102034981 (Weseler Straße stadtauswärts),100034981-status,101034981-status,102034981-status
2020-08-01 00:00,15,9,6,0,0,0
2020-08-01 00:15,18,3,15,0,0,0
2020-08-01 00:30,33,6,27,0,0,0
2020-08-01 00:45,20,4,16,0,0,0
2020-08-01 01:00,23,9,14,0,0,0
2020-08-01 01:15,9,3,6,0,0,0
2020-08-01 01:30,11,3,8,0,0,0
2020-08-01 01:45,17,10,7,0,0,0
2020-08-01 02:00,9,3,6,0,0,0
2020-08-01 02:15,5,0,5,0,0,0
2020-08-01 02:30,7,0,7,0,0,0
2020-08-01 02:45,14,5,9,0,0,0
2020-08-01 03:00,13,2,11,0,0,0
2020-08-01 03:15,7,3,4,0,0,0
2020-08-01 03:30,8,1,7,0,0,0
2020-08-01 03:45,3,2,1,0,0,0
2020-08-01 04:00,4,2,2,0,0,0
2020-08-01 04:15,3,0,3,0,0,0
2020-08-01 04:30,8,2,6,0,0,0
2020-08-01 04:45,2,1,1,0,0,0
2020-08-01 05:00,0,0,0,0,0,0
2020-08-01 05:15,3,0,3,0,0,0
2020-08-01 05:30,7,6,1,0,0,0
2020-08-01 05:45,5,2,3,0,0,0
2020-08-01 06:00,2,2,0,0,0,0
2020-08-01 06:15,6,5,1,0,0,0
2020-08-01 06:30,2,1,1,0,0,0
2020-08-01 06:45,5,2,3,0,0,0
2020-08-01 07:00,6,5,1,0,0,0
2020-08-01 07:15,12,4,8,0,0,0
2020-08-01 07:30,18,13,5,0,0,0
2020-08-01 07:45,23,14,9,0,0,0
2020-08-01 08:00,13,10,3,0,0,0
2020-08-01 08:15,13,8,5,0,0,0
2020-08-01 08:30,18,10,8,0,0,0
2020-08-01 08:45,9,6,3,0,0,0
2020-08-01 09:00,35,28,7,0,0,0
2020-08-01 09:15,21,13,8,0,0,0
2020-08-01 09:30,30,23,7,0,0,0
2020-08-01 09:45,35,28,7,0,0,0
2020-08-01 10:00,30,23,7,0,0,0
2020-08-01 10:15,24,16,8,0,0,0
2020-08-01 10:30,37,31,6,0,0,0
2020-08-01 10:45,26,8,18,0,0,0
2020-08-01 11:00,35,23,12,0,0,0
2020-08-01 11:15,37,23,14,0,0,0
2020-08-01 11:30,42,34,8,0,0,0
2020-08-01 11:45,45,31,14,0,0,0
2020-08-01 12:00,34,23,11,0,0,0
2020-08-01 12:15,35,23,12,0,0,0
2020-08-01 12:30,50,31,19,0,0,0
2020-08-01 12:45,34,19,15,0,0,0
2020-08-01 13:00,47,30,17,0,0,0
2020-08-01 13:15,46,30,16,0,0,0
2020-08-01 13:30,41,34,7,0,0,0
2020-08-01 13:45,50,32,18,0,0,0
2020-08-01 14:00,29,17,12,0,0,0
2020-08-01 14:15,49,33,16,0,0,0
2020-08-01 14:30,41,30,11,0,0,0
2020-08-01 14:45,53,39,14,0,0,0
2020-08-01 15:00,38,28,10,0,0,0
2020-08-01 15:15,51,31,20,0,0,0
2020-08-01 15:30,28,13,15,0,0,0
2020-08-01 15:45,41,22,19,0,0,0
2020-08-01 16:00,45,29,16,0,0,0
2020-08-01 16:15,45,34,11,0,0,0
2020-08-01 16:30,39,24,15,0,0,0
2020-08-01 16:45,56,36,20,0,0,0
2020-08-01 17:00,27,17,10,0,0,0
2020-08-01 17:15,39,20,19,0,0,0
2020-08-01 17:30,46,28,18,0,0,0
2020-08-01 17:45,45,33,12,0,0,0
2020-08-01 18:00,60,29,31,0,0,0
2020-08-01 18:15,49,16,33,0,0,0
2020-08-01 18:30,37,24,13,0,0,0
2020-08-01 18:45,54,36,18,0,0,0
2020-08-01 19:00,44,30,14,0,0,0
2020-08-01 19:15,51,34,17,0,0,0
2020-08-01 19:30,30,19,11,0,0,0
2020-08-01 19:45,38,27,11,0,0,0
2020-08-01 20:00,36,18,18,0,0,0
2020-08-01 20:15,21,15,6,0,0,0
2020-08-01 20:30,28,17,11,0,0,0
2020-08-01 20:45,24,12,12,0,0,0
2020-08-01 21:00,30,20,10,0,0,0
2020-08-01 21:15,23,11,12,0,0,0
2020-08-01 21:30,29,18,11,0,0,0
2020-08-01 21:45,26,14,12,0,0,0
2020-08-01 22:00,26,16,10,0,0,0
2020-08-01 22:15,24,9,15,0,0,0
2020-08-01 22:30,16,7,9,0,0,0
2020-08-01 22:45,23,7,16,0,0,0
2020-08-01 23:00,12,3,9,0,0,0
2020-08-01 23:15,24,11,13,0,0,0
2020-08-01 23:30,22,9,13,0,0,0
2020-08-01 23:45,29,11,18,0,0,0
2020-08-02 00:00,25,12,13,0,0,0
2020-08-02 00:15,10,4,6,0,0,0
2020-08-02 00:30,7,2,5,0,0,0
2020-08-02 00:45,13,5,8,0,0,0
2020-08-02 01:00,23,7,16,0,0,0
2020-08-02 01:15,11,7,4,0,0,0
2020-08-02 01:30,9,1,8,0,0,0
2020-08-02 01:45,13,2,11,0,0,0
2020-08-02 02:00,10,6,4,0,0,0
2020-08-02 02:15,6,0,6,0,0,0
2020-08-02 02:30,7,3,4,0,0,0
2020-08-02 02:45,4,3,1,0,0,0
2020-08-02 03:00,4,2,2,0,0,0
2020-08-02 03:15,4,3,1,0,0,0
2020-08-02 03:30,5,2,3,0,0,0
2020-08-02 03:45,4,0,4,0,0,0
2020-08-02 04:00,3,2,1,0,0,0
2020-08-02 04:15,1,1,0,0,0,0
2020-08-02 04:30,0,0,0,0,0,0
2020-08-02 04:45,2,1,1,0,0,0
2020-08-02 05:00,0,0,0,0,0,0
2020-08-02 05:15,3,0,3,0,0,0
2020-08-02 05:30,3,1,2,0,0,0
2020-08-02 05:45,2,2,0,0,0,0
2020-08-02 06:00,2,1,1,0,0,0
2020-08-02 06:15,4,2,2,0,0,0
2020-08-02 06:30,4,2,2,0,0,0
2020-08-02 06:45,3,0,3,0,0,0
2020-08-02 07:00,0,0,0,0,0,0
2020-08-02 07:15,4,2,2,0,0,0
2020-08-02 07:30,0,0,0,0,0,0
2020-08-02 07:45,2,1,1,0,0,0
2020-08-02 08:00,7,4,3,0,0,0
2020-08-02 08:15,7,2,5,0,0,0
2020-08-02 08:30,7,3,4,0,0,0
2020-08-02 08:45,10,7,3,0,0,0
2020-08-02 09:00,6,6,0,0,0,0
2020-08-02 09:15,11,7,4,0,0,0
2020-08-02 09:30,21,17,4,0,0,0
2020-08-02 09:45,18,13,5,0,0,0
2020-08-02 10:00,14,9,5,0,0,0
2020-08-02 10:15,28,15,13,0,0,0
2020-08-02 10:30,21,19,2,0,0,0
2020-08-02 10:45,23,17,6,0,0,0
2020-08-02 11:00,16,9,7,0,0,0
2020-08-02 11:15,41,30,11,0,0,0
2020-08-02 11:30,27,21,6,0,0,0
2020-08-02 11:45,37,29,8,0,0,0
2020-08-02 12:00,30,18,12,0,0,0
2020-08-02 12:15,26,9,17,0,0,0
2020-08-02 12:30,29,12,17,0,0,0
2020-08-02 12:45,23,12,11,0,0,0
2020-08-02 13:00,30,18,12,0,0,0
2020-08-02 13:15,36,15,21,0,0,0
2020-08-02 13:30,34,15,19,0,0,0
2020-08-02 13:45,52,26,26,0,0,0
2020-08-02 14:00,40,20,20,0,0,0
2020-08-02 14:15,47,24,23,0,0,0
2020-08-02 14:30,47,33,14,0,0,0
2020-08-02 14:45,37,21,16,0,0,0
2020-08-02 15:00,20,17,3,0,0,0
2020-08-02 15:15,43,25,18,0,0,0
2020-08-02 15:30,51,28,23,0,0,0
2020-08-02 15:45,30,13,17,0,0,0
2020-08-02 16:00,29,16,13,0,0,0
2020-08-02 16:15,37,21,16,0,0,0
2020-08-02 16:30,48,25,23,0,0,0
2020-08-02 16:45,49,28,21,0,0,0
2020-08-02 17:00,35,24,11,0,0,0
2020-08-02 17:15,51,30,21,0,0,0
2020-08-02 17:30,40,21,19,0,0,0
2020-08-02 17:45,56,36,20,0,0,0
2020-08-02 18:00,30,18,12,0,0,0
2020-08-02 18:15,40,24,16,0,0,0
2020-08-02 18:30,42,21,21,0,0,0
2020-08-02 18:45,31,22,9,0,0,0
2020-08-02 19:00,30,16,14,0,0,0
2020-08-02 19:15,29,17,12,0,0,0
2020-08-02 19:30,26,16,10,0,0,0
2020-08-02 19:45,46,22,24,0,0,0
2020-08-02 20:00,20,9,11,0,0,0
2020-08-02 20:15,37,20,17,0,0,0
2020-08-02 20:30,15,8,7,0,0,0
2020-08-02 20:45,27,13,14,0,0,0
2020-08-02 21:00,31,15,16,0,0,0
2020-08-02 21:15,18,7,11,0,0,0
2020-08-02 21:30,17,8,9,0,0,0
2020-08-02 21:45,21,9,12,0,0,0
2020-08-02 22:00,21,13,8,0,0,0
2020-08-02 22:15,16,11,5,0,0,0
2020-08-02 22:30,14,5,9,0,0,0
2020-08-02 22:45,10,1,9,0,0,0
2020-08-02 23:00,11,5,6,0,0,0
2020-08-02 23:15,8,4,4,0,0,0
2020-08-02 23:30,6,5,1,0,0,0
2020-08-02 23:45,7,3,4,0,0,0
2020-08-03 00:00,20,3,17,0,0,0
2020-08-03 00:15,5,1,4,0,0,0
2020-08-03 00:30,3,0,3,0,0,0
2020-08-03 00:45,4,1,3,0,0,0
2020-08-03 01:00,5,3,2,0,0,0
2020-08-03 01:15,2,2,0,0,0,0
2020-08-03 01:30,7,2,5,0,0,0
2020-08-03 01:45,0,0,0,0,0,0
2020-08-03 02:00,1,0,1,0,0,0
2020-08-03 02:15,0,0,0,0,0,0
2020-08-03 02:30,2,0,2,0,0,0
2020-08-03 02:45,1,1,0,0,0,0
2020-08-03 03:00,5,3,2,0,0,0
2020-08-03 03:15,0,0,0,0,0,0
2020-08-03 03:30,2,0,2,0,0,0
2020-08-03 03:45,3,2,1,0,0,0
2020-08-03 04:00,0,0,0,0,0,0
2020-08-03 04:15,0,0,0,0,0,0
2020-08-03 04:30,1,1,0,0,0,0
2020-08-03 04:45,3,2,1,0,0,0
2020-08-03 05:00,5,4,1,0,0,0
2020-08-03 05:15,13,8,5,0,0,0
2020-08-03 05:30,12,7,5,0,0,0
2020-08-03 05:45,12,6,6,0,0,0
2020-08-03 06:00,9,6,3,0,0,0
2020-08-03 06:15,25,13,12,0,0,0
2020-08-03 06:30,27,11,16,0,0,0
2020-08-03 06:45,38,22,16,0,0,0
2020-08-03 07:00,46,26,20,0,0,0
2020-08-03 07:15,41,22,19,0,0,0
2020-08-03 07:30,79,42,37,0,0,0
2020-08-03 07:45,89,52,37,0,0,0
2020-08-03 08:00,53,30,23,0,0,0
2020-08-03 08:15,66,40,26,0,0,0
2020-08-03 08:30,68,40,28,0,0,0
2020-08-03 08:45,58,41,17,0,0,0
2020-08-03 09:00,36,24,12,0,0,0
2020-08-03 09:15,45,28,17,0,0,0
2020-08-03 09:30,48,33,15,0,0,0
2020-08-03 09:45,43,27,16,0,0,0
2020-08-03 10:00,39,25,14,0,0,0
2020-08-03 10:15,46,32,14,0,0,0
2020-08-03 10:30,38,30,8,0,0,0
2020-08-03 10:45,37,33,4,0,0,0
2020-08-03 11:00,27,17,10,0,0,0
2020-08-03 11:15,41,25,16,0,0,0
2020-08-03 11:30,42,27,15,0,0,0
2020-08-03 11:45,52,28,24,0,0,0
2020-08-03 12:00,38,19,19,0,0,0
2020-08-03 12:15,43,26,17,0,0,0
2020-08-03 12:30,60,40,20,0,0,0
2020-08-03 12:45,49,38,11,0,0,0
2020-08-03 13:00,53,26,27,0,0,0
2020-08-03 13:15,55,30,25,0,0,0
2020-08-03 13:30,52,35,17,0,0,0
2020-08-03 13:45,46,37,9,0,0,0
2020-08-03 14:00,42,20,22,0,0,0
2020-08-03 14:15,48,33,15,0,0,0
2020-08-03 14:30,63,42,21,0,0,0
2020-08-03 14:45,52,31,21,0,0,0
2020-08-03 15:00,67,41,26,0,0,0
2020-08-03 15:15,67,41,26,0,0,0
2020-08-03 15:30,67,40,27,0,0,0
2020-08-03 15:45,69,40,29,0,0,0
2020-08-03 16:00,70,42,28,0,0,0
2020-08-03 16:15,87,53,34,0,0,0
2020-08-03 16:30,90,63,27,0,0,0
2020-08-03 16:45,71,42,29,0,0,0
2020-08-03 17:00,92,48,44,0,0,0
2020-08-03 17:15,77,52,25,0,0,0
2020-08-03 17:30,90,57,33,0,0,0
2020-08-03 17:45,90,59,31,0,0,0
2020-08-03 18:00,77,48,29,0,0,0
2020-08-03 18:15,78,48,30,0,0,0
2020-08-03 18:30,51,37,14,0,0,0
2020-08-03 18:45,77,46,31,0,0,0
2020-08-03 19:00,43,26,17,0,0,0
2020-08-03 19:15,40,24,16,0,0,0
2020-08-03 19:30,51,28,23,0,0,0
2020-08-03 19:45,54,34,20,0,0,0
2020-08-03 20:00,38,24,14,0,0,0
2020-08-03 20:15,33,22,11,0,0,0
2020-08-03 20:30,32,17,15,0,0,0
2020-08-03 20:45,34,17,17,0,0,0
2020-08-03 21:00,22,11,11,0,0,0
2020-08-03 21:15,30,13,17,0,0,0
2020-08-03 21:30,23,11,12,0,0,0
2020-08-03 21:45,14,6,8,0,0,0
2020-08-03 22:00,26,12,14,0,0,0
2020-08-03 22:15,24,11,13,0,0,0
2020-08-03 22:30,19,8,11,0,0,0
2020-08-03 22:45,9,2,7,0,0,0
2020-08-03 23:00,12,5,7,0,0,0
2020-08-03 23:15,10,3,7,0,0,0
2020-08-03 23:30,14,7,7,0,0,0
2020-08-03 23:45,23,1,22,0,0,0
2020-08-04 00:00,4,1,3,0,0,0
2020-08-04 00:15,5,2,3,0,0,0
2020-08-04 00:30,4,1,3,0,0,0
2020-08-04 00:45,9,2,7,0,0,0
2020-08-04 01:00,2,1,1,0,0,0
2020-08-04 01:15,6,3,3,0,0,0
2020-08-04 01:30,2,0,2,0,0,0
2020-08-04 01:45,5,2,3,0,0,0
2020-08-04 02:00,3,0,3,0,0,0
2020-08-04 02:15,3,0,3,0,0,0
2020-08-04 02:30,1,1,0,0,0,0
2020-08-04 02:45,0,0,0,0,0,0
2020-08-04 03:00,2,1,1,0,0,0
2020-08-04 03:15,1,0,1,0,0,0
2020-08-04 03:30,2,1,1,0,0,0
2020-08-04 03:45,0,0,0,0,0,0
2020-08-04 04:00,0,0,0,0,0,0
2020-08-04 04:15,2,0,2,0,0,0
2020-08-04 04:30,1,0,1,0,0,0
2020-08-04 04:45,4,4,0,0,0,0
2020-08-04 05:00,3,2,1,0,0,0
2020-08-04 05:15,13,10,3,0,0,0
2020-08-04 05:30,10,4,6,0,0,0
2020-08-04 05:45,13,9,4,0,0,0
2020-08-04 06:00,9,4,5,0,0,0
2020-08-04 06:15,22,16,6,0,0,0
2020-08-04 06:30,34,13,21,0,0,0
2020-08-04 06:45,40,23,17,0,0,0
2020-08-04 07:00,46,19,27,0,0,0
2020-08-04 07:15,55,30,25,0,0,0
2020-08-04 07:30,72,36,36,0,0,0
2020-08-04 07:45,97,61,36,0,0,0
2020-08-04 08:00,63,27,36,0,0,0
2020-08-04 08:15,77,37,40,0,0,0
2020-08-04 08:30,71,41,30,0,0,0
2020-08-04 08:45,77,45,32,0,0,0
2020-08-04 09:00,47,28,19,0,0,0
2020-08-04 09:15,49,35,14,0,0,0
2020-08-04 09:30,45,38,7,0,0,0
2020-08-04 09:45,45,31,14,0,0,0
2020-08-04 10:00,43,33,10,0,0,0
2020-08-04 10:15,42,27,15,0,0,0
2020-08-04 10:30,45,33,12,0,0,0
2020-08-04 10:45,42,36,6,0,0,0
2020-08-04 11:00,33,21,12,0,0,0
2020-08-04 11:15,49,33,16,0,0,0
2020-08-04 11:30,35,24,11,0,0,0
2020-08-04 11:45,54,40,14,0,0,0
2020-08-04 12:00,39,26,13,0,0,0
2020-08-04 12:15,47,27,20,0,0,0
2020-08-04 12:30,49,29,20,0,0,0
2020-08-04 12:45,41,23,18,0,0,0
2020-08-04 13:00,43,26,17,0,0,0
2020-08-04 13:15,38,27,11,0,0,0
2020-08-04 13:30,51,36,15,0,0,0
2020-08-04 13:45,51,34,17,0,0,0
2020-08-04 14:00,44,22,22,0,0,0
2020-08-04 14:15,54,27,27,0,0,0
2020-08-04 14:30,60,47,13,0,0,0
2020-08-04 14:45,68,49,19,0,0,0
2020-08-04 15:00,66,37,29,0,0,0
2020-08-04 15:15,63,38,25,0,0,0
2020-08-04 15:30,59,38,21,0,0,0
2020-08-04 15:45,68,42,26,0,0,0
2020-08-04 16:00,76,46,30,0,0,0
2020-08-04 16:15,86,48,38,0,0,0
2020-08-04 16:30,99,63,36,0,0,0
2020-08-04 16:45,88,61,27,0,0,0
2020-08-04 17:00,85,55,30,0,0,0
2020-08-04 17:15,93,58,35,0,0,0
2020-08-04 17:30,83,54,29,0,0,0
2020-08-04 17:45,98,61,37,0,0,0
2020-08-04 18:00,80,47,33,0,0,0
2020-08-04 18:15,68,48,20,0,0,0
2020-08-04 18:30,69,44,25,0,0,0
2020-08-04 18:45,52,26,26,0,0,0
2020-08-04 19:00,63,37,26,0,0,0
2020-08-04 19:15,44,25,19,0,0,0
2020-08-04 19:30,38,20,18,0,0,0
2020-08-04 19:45,55,30,25,0,0,0
2020-08-04 20:00,49,32,17,0,0,0
2020-08-04 20:15,37,20,17,0,0,0
2020-08-04 20:30,26,16,10,0,0,0
2020-08-04 20:45,33,19,14,0,0,0
2020-08-04 21:00,28,10,18,0,0,0
2020-08-04 21:15,33,22,11,0,0,0
2020-08-04 21:30,29,12,17,0,0,0
2020-08-04 21:45,32,15,17,0,0,0
2020-08-04 22:00,25,7,18,0,0,0
2020-08-04 22:15,18,11,7,0,0,0
2020-08-04 22:30,20,12,8,0,0,0
2020-08-04 22:45,12,4,8,0,0,0
2020-08-04 23:00,10,3,7,0,0,0
2020-08-04 23:15,13,6,7,0,0,0
2020-08-04 23:30,9,1,8,0,0,0
2020-08-04 23:45,5,2,3,0,0,0
2020-08-05 00:00,26,4,22,0,0,0
2020-08-05 00:15,8,3,5,0,0,0
2020-08-05 00:30,5,2,3,0,0,0
2020-08-05 00:45,11,2,9,0,0,0
2020-08-05 01:00,0,0,0,0,0,0
2020-08-05 01:15,3,0,3,0,0,0
2020-08-05 01:30,5,1,4,0,0,0
2020-08-05 01:45,5,5,0,0,0,0
2020-08-05 02:00,5,1,4,0,0,0
2020-08-05 02:15,0,0,0,0,0,0
2020-08-05 02:30,3,1,2,0,0,0
2020-08-05 02:45,2,1,1,0,0,0
2020-08-05 03:00,2,1,1,0,0,0
2020-08-05 03:15,1,0,1,0,0,0
2020-08-05 03:30,1,1,0,0,0,0
2020-08-05 03:45,3,2,1,0,0,0
2020-08-05 04:00,2,1,1,0,0,0
2020-08-05 04:15,5,2,3,0,0,0
2020-08-05 04:30,0,0,0,0,0,0
2020-08-05 04:45,4,4,0,0,0,0
2020-08-05 05:00,4,4,0,0,0,0
2020-08-05 05:15,10,7,3,0,0,0
2020-08-05 05:30,10,6,4,0,0,0
2020-08-05 05:45,16,11,5,0,0,0
2020-08-05 06:00,11,8,3,0,0,0
2020-08-05 06:15,17,10,7,0,0,0
2020-08-05 06:30,27,16,11,0,0,0
2020-08-05 06:45,42,21,21,0,0,0
2020-08-05 07:00,53,27,26,0,0,0
2020-08-05 07:15,52,23,29,0,0,0
2020-08-05 07:30,61,33,28,0,0,0
2020-08-05 07:45,79,46,33,0,0,0
2020-08-05 08:00,80,43,37,0,0,0
2020-08-05 08:15,55,33,22,0,0,0
2020-08-05 08:30,80,48,32,0,0,0
2020-08-05 08:45,87,57,30,0,0,0
2020-08-05 09:00,52,33,19,0,0,0
2020-08-05 09:15,50,31,19,0,0,0
2020-08-05 09:30,65,46,19,0,0,0
2020-08-05 09:45,56,47,9,0,0,0
2020-08-05 10:00,34,29,5,0,0,0
2020-08-05 10:15,60,41,19,0,0,0
2020-08-05 10:30,51,36,15,0,0,0
2020-08-05 10:45,43,34,9,0,0,0
2020-08-05 11:00,47,32,15,0,0,0
2020-08-05 11:15,49,40,9,0,0,0
2020-08-05 11:30,47,31,16,0,0,0
2020-08-05 11:45,51,37,14,0,0,0
2020-08-05 12:00,45,25,20,0,0,0
2020-08-05 12:15,50,28,22,0,0,0
2020-08-05 12:30,60,39,21,0,0,0
2020-08-05 12:45,43,24,19,0,0,0
2020-08-05 13:00,52,22,30,0,0,0
2020-08-05 13:15,37,24,13,0,0,0
2020-08-05 13:30,57,28,29,0,0,0
2020-08-05 13:45,55,35,20,0,0,0
2020-08-05 14:00,53,34,19,0,0,0
2020-08-05 14:15,41,25,16,0,0,0
2020-08-05 14:30,53,33,20,0,0,0
2020-08-05 14:45,76,39,37,0,0,0
2020-08-05 15:00,51,36,15,0,0,0
2020-08-05 15:15,76,58,18,0,0,0
2020-08-05 15:30,73,47,26,0,0,0
2020-08-05 15:45,65,41,24,0,0,0
2020-08-05 16:00,65,41,24,0,0,0
2020-08-05 16:15,71,48,23,0,0,0
2020-08-05 16:30,94,62,32,0,0,0
2020-08-05 16:45,78,49,29,0,0,0
2020-08-05 17:00,86,59,27,0,0,0
2020-08-05 17:15,70,51,19,0,0,0
2020-08-05 17:30,76,47,29,0,0,0
2020-08-05 17:45,94,60,34,0,0,0
2020-08-05 18:00,77,43,34,0,0,0
2020-08-05 18:15,79,45,34,0,0,0
2020-08-05 18:30,78,44,34,0,0,0
2020-08-05 18:45,63,42,21,0,0,0
2020-08-05 19:00,69,37,32,0,0,0
2020-08-05 19:15,76,49,27,0,0,0
2020-08-05 19:30,57,35,22,0,0,0
2020-08-05 19:45,64,39,25,0,0,0
2020-08-05 20:00,55,32,23,0,0,0
2020-08-05 20:15,44,27,17,0,0,0
2020-08-05 20:30,33,24,9,0,0,0
2020-08-05 20:45,42,23,19,0,0,0
2020-08-05 21:00,48,31,17,0,0,0
2020-08-05 21:15,29,14,15,0,0,0
2020-08-05 21:30,48,26,22,0,0,0
2020-08-05 21:45,51,25,26,0,0,0
2020-08-05 22:00,31,16,15,0,0,0
2020-08-05 22:15,42,19,23,0,0,0
2020-08-05 22:30,33,8,25,0,0,0
2020-08-05 22:45,19,2,17,0,0,0
2020-08-05 23:00,32,13,19,0,0,0
2020-08-05 23:15,20,10,10,0,0,0
2020-08-05 23:30,17,3,14,0,0,0
2020-08-05 23:45,26,5,21,0,0,0
2020-08-06 00:00,16,6,10,0,0,0
2020-08-06 00:15,7,3,4,0,0,0
2020-08-06 00:30,8,1,7,0,0,0
2020-08-06 00:45,7,0,7,0,0,0
2020-08-06 01:00,7,0,7,0,0,0
2020-08-06 01:15,7,3,4,0,0,0
2020-08-06 01:30,3,0,3,0,0,0
2020-08-06 01:45,2,0,2,0,0,0
2020-08-06 02:00,3,1,2,0,0,0
2020-08-06 02:15,5,3,2,0,0,0
2020-08-06 02:30,8,3,5,0,0,0
2020-08-06 02:45,4,1,3,0,0,0
2020-08-06 03:00,3,3,0,0,0,0
2020-08-06 03:15,2,1,1,0,0,0
2020-08-06 03:30,2,1,1,0,0,0
2020-08-06 03:45,1,0,1,0,0,0
2020-08-06 04:00,2,0,2,0,0,0
2020-08-06 04:15,4,0,4,0,0,0
2020-08-06 04:30,5,3,2,0,0,0
2020-08-06 04:45,6,3,3,0,0,0
2020-08-06 05:00,5,4,1,0,0,0
2020-08-06 05:15,11,9,2,0,0,0
2020-08-06 05:30,8,4,4,0,0,0
2020-08-06 05:45,13,8,5,0,0,0
2020-08-06 06:00,11,7,4,0,0,0
2020-08-06 06:15,23,10,13,0,0,0
2020-08-06 06:30,38,17,21,0,0,0
2020-08-06 06:45,42,18,24,0,0,0
2020-08-06 07:00,42,22,20,0,0,0
2020-08-06 07:15,60,38,22,0,0,0
2020-08-06 07:30,60,33,27,0,0,0
2020-08-06 07:45,92,51,41,0,0,0
2020-08-06 08:00,62,33,29,0,0,0
2020-08-06 08:15,63,40,23,0,0,0
2020-08-06 08:30,71,42,29,0,0,0
2020-08-06 08:45,77,54,23,0,0,0
2020-08-06 09:00,44,29,15,0,0,0
2020-08-06 09:15,37,24,13,0,0,0
2020-08-06 09:30,44,35,9,0,0,0
2020-08-06 09:45,55,39,16,0,0,0
2020-08-06 10:00,40,30,10,0,0,0
2020-08-06 10:15,37,26,11,0,0,0
2020-08-06 10:30,51,42,9,0,0,0
2020-08-06 10:45,29,20,9,0,0,0
2020-08-06 11:00,41,31,10,0,0,0
2020-08-06 11:15,31,25,6,0,0,0
2020-08-06 11:30,49,23,26,0,0,0
2020-08-06 11:45,30,16,14,0,0,0
2020-08-06 12:00,39,20,19,0,0,0
2020-08-06 12:15,33,22,11,0,0,0
2020-08-06 12:30,36,11,25,0,0,0
2020-08-06 12:45,41,17,24,0,0,0
2020-08-06 13:00,49,29,20,0,0,0
2020-08-06 13:15,44,21,23,0,0,0
2020-08-06 13:30,40,21,19,0,0,0
2020-08-06 13:45,68,47,21,0,0,0
2020-08-06 14:00,36,22,14,0,0,0
2020-08-06 14:15,45,30,15,0,0,0
2020-08-06 14:30,53,34,19,0,0,0
2020-08-06 14:45,56,36,20,0,0,0
2020-08-06 15:00,48,38,10,0,0,0
2020-08-06 15:15,56,31,25,0,0,0
2020-08-06 15:30,69,43,26,0,0,0
2020-08-06 15:45,70,46,24,0,0,0
2020-08-06 16:00,89,71,18,0,0,0
2020-08-06 16:15,71,45,26,0,0,0
2020-08-06 16:30,74,52,22,0,0,0
2020-08-06 16:45,76,49,27,0,0,0
2020-08-06 17:00,77,50,27,0,0,0
2020-08-06 17:15,79,53,26,0,0,0
2020-08-06 17:30,78,54,24,0,0,0
2020-08-06 17:45,86,59,27,0,0,0
2020-08-06 18:00,78,50,28,0,0,0
2020-08-06 18:15,84,54,30,0,0,0
2020-08-06 18:30,61,43,18,0,0,0
2020-08-06 18:45,64,47,17,0,0,0
2020-08-06 19:00,56,24,32,0,0,0
2020-08-06 19:15,57,31,26,0,0,0
2020-08-06 19:30,53,33,20,0,0,0
2020-08-06 19:45,56,26,30,0,0,0
2020-08-06 20:00,52,28,24,0,0,0
2020-08-06 20:15,64,41,23,0,0,0
2020-08-06 20:30,48,32,16,0,0,0
2020-08-06 20:45,33,24,9,0,0,0
2020-08-06 21:00,54,35,19,0,0,0
2020-08-06 21:15,21,7,14,0,0,0
2020-08-06 21:30,35,20,15,0,0,0
2020-08-06 21:45,24,10,14,0,0,0
2020-08-06 22:00,41,19,22,0,0,0
2020-08-06 22:15,23,13,10,0,0,0
2020-08-06 22:30,31,17,14,0,0,0
2020-08-06 22:45,29,10,19,0,0,0
2020-08-06 23:00,12,3,9,0,0,0
2020-08-06 23:15,29,15,14,0,0,0
2020-08-06 23:30,23,8,15,0,0,0
2020-08-06 23:45,17,7,10,0,0,0
2020-08-07 00:00,17,7,10,0,0,0
2020-08-07 00:15,30,3,27,0,0,0
2020-08-07 00:30,9,4,5,0,0,0
2020-08-07 00:45,8,2,6,0,0,0
2020-08-07 01:00,9,3,6,0,0,0
2020-08-07 01:15,9,5,4,0,0,0
2020-08-07 01:30,8,3,5,0,0,0
2020-08-07 01:45,1,0,1,0,0,0
2020-08-07 02:00,7,3,4,0,0,0
2020-08-07 02:15,4,1,3,0,0,0
2020-08-07 02:30,3,2,1,0,0,0
2020-08-07 02:45,3,0,3,0,0,0
2020-08-07 03:00,3,1,2,0,0,0
2020-08-07 03:15,1,0,1,0,0,0
2020-08-07 03:30,0,0,0,0,0,0
2020-08-07 03:45,1,0,1,0,0,0
2020-08-07 04:00,1,1,0,0,0,0
2020-08-07 04:15,2,0,2,0,0,0
2020-08-07 04:30,6,3,3,0,0,0
2020-08-07 04:45,4,3,1,0,0,0
2020-08-07 05:00,3,2,1,0,0,0
2020-08-07 05:15,9,6,3,0,0,0
2020-08-07 05:30,8,4,4,0,0,0
2020-08-07 05:45,14,7,7,0,0,0
2020-08-07 06:00,11,8,3,0,0,0
2020-08-07 06:15,23,12,11,0,0,0
2020-08-07 06:30,17,9,8,0,0,0
2020-08-07 06:45,38,21,17,0,0,0
2020-08-07 07:00,36,14,22,0,0,0
2020-08-07 07:15,52,28,24,0,0,0
2020-08-07 07:30,63,29,34,0,0,0
2020-08-07 07:45,88,50,38,0,0,0
2020-08-07 08:00,40,19,21,0,0,0
2020-08-07 08:15,60,41,19,0,0,0
2020-08-07 08:30,51,33,18,0,0,0
2020-08-07 08:45,52,39,13,0,0,0
2020-08-07 09:00,50,36,14,0,0,0
2020-08-07 09:15,61,45,16,0,0,0
2020-08-07 09:30,53,39,14,0,0,0
2020-08-07 09:45,52,42,10,0,0,0
2020-08-07 10:00,54,41,13,0,0,0
2020-08-07 10:15,45,36,9,0,0,0
2020-08-07 10:30,45,36,9,0,0,0
2020-08-07 10:45,45,35,10,0,0,0
2020-08-07 11:00,40,24,16,0,0,0
2020-08-07 11:15,30,23,7,0,0,0
2020-08-07 11:30,31,21,10,0,0,0
2020-08-07 11:45,42,33,9,0,0,0
2020-08-07 12:00,39,27,12,0,0,0
2020-08-07 12:15,54,27,27,0,0,0
2020-08-07 12:30,46,25,21,0,0,0
2020-08-07 12:45,40,25,15,0,0,0
2020-08-07 13:00,68,35,33,0,0,0
2020-08-07 13:15,46,19,27,0,0,0
2020-08-07 13:30,54,34,20,0,0,0
2020-08-07 13:45,65,41,24,0,0,0
2020-08-07 14:00,46,24,22,0,0,0
2020-08-07 14:15,46,29,17,0,0,0
2020-08-07 14:30,58,37,21,0,0,0
2020-08-07 14:45,70,45,25,0,0,0
2020-08-07 15:00,53,35,18,0,0,0
2020-08-07 15:15,62,39,23,0,0,0
2020-08-07 15:30,51,36,15,0,0,0
2020-08-07 15:45,43,29,14,0,0,0
2020-08-07 16:00,51,38,13,0,0,0
2020-08-07 16:15,66,39,27,0,0,0
2020-08-07 16:30,40,25,15,0,0,0
2020-08-07 16:45,49,33,16,0,0,0
2020-08-07 17:00,45,19,26,0,0,0
2020-08-07 17:15,56,47,9,0,0,0
2020-08-07 17:30,58,28,30,0,0,0
2020-08-07 17:45,60,39,21,0,0,0
2020-08-07 18:00,51,39,12,0,0,0
2020-08-07 18:15,57,31,26,0,0,0
2020-08-07 18:30,50,31,19,0,0,0
2020-08-07 18:45,58,44,14,0,0,0
2020-08-07 19:00,55,26,29,0,0,0
2020-08-07 19:15,80,57,23,0,0,0
2020-08-07 19:30,41,26,15,0,0,0
2020-08-07 19:45,66,44,22,0,0,0
2020-08-07 20:00,43,27,16,0,0,0
2020-08-07 20:15,58,29,29,0,0,0
2020-08-07 20:30,31,14,17,0,0,0
2020-08-07 20:45,43,26,17,0,0,0
2020-08-07 21:00,41,23,18,0,0,0
2020-08-07 21:15,28,16,12,0,0,0
2020-08-07 21:30,24,16,8,0,0,0
2020-08-07 21:45,28,15,13,0,0,0
2020-08-07 22:00,27,16,11,0,0,0
2020-08-07 22:15,27,12,15,0,0,0
2020-08-07 22:30,38,23,15,0,0,0
2020-08-07 22:45,24,9,15,0,0,0
2020-08-07 23:00,22,7,15,0,0,0
2020-08-07 23:15,25,14,11,0,0,0
2020-08-07 23:30,31,3,28,0,0,0
2020-08-07 23:45,22,7,15,0,0,0
2020-08-08 00:00,19,10,9,0,0,0
2020-08-08 00:15,16,9,7,0,0,0
2020-08-08 00:30,25,14,11,0,0,0
2020-08-08 00:45,23,9,14,0,0,0
2020-08-08 01:00,17,6,11,0,0,0
2020-08-08 01:15,14,9,5,0,0,0
2020-08-08 01:30,12,7,5,0,0,0
2020-08-08 01:45,10,4,6,0,0,0
2020-08-08 02:00,11,7,4,0,0,0
2020-08-08 02:15,9,3,6,0,0,0
2020-08-08 02:30,6,2,4,0,0,0
2020-08-08 02:45,10,3,7,0,0,0
2020-08-08 03:00,13,5,8,0,0,0
2020-08-08 03:15,10,2,8,0,0,0
2020-08-08 03:30,3,2,1,0,0,0
2020-08-08 03:45,1,1,0,0,0,0
2020-08-08 04:00,1,0,1,0,0,0
2020-08-08 04:15,2,0,2,0,0,0
2020-08-08 04:30,2,0,2,0,0,0
2020-08-08 04:45,4,2,2,0,0,0
2020-08-08 05:00,3,2,1,0,0,0
2020-08-08 05:15,1,1,0,0,0,0
2020-08-08 05:30,1,1,0,0,0,0
2020-08-08 05:45,7,4,3,0,0,0
2020-08-08 06:00,3,3,0,0,0,0
2020-08-08 06:15,1,0,1,0,0,0
2020-08-08 06:30,7,3,4,0,0,0
2020-08-08 06:45,4,3,1,0,0,0
2020-08-08 07:00,5,2,3,0,0,0
2020-08-08 07:15,13,9,4,0,0,0
2020-08-08 07:30,13,5,8,0,0,0
2020-08-08 07:45,27,14,13,0,0,0
2020-08-08 08:00,13,9,4,0,0,0
2020-08-08 08:15,12,8,4,0,0,0
2020-08-08 08:30,13,11,2,0,0,0
2020-08-08 08:45,15,8,7,0,0,0
2020-08-08 09:00,22,15,7,0,0,0
2020-08-08 09:15,29,19,10,0,0,0
2020-08-08 09:30,42,28,14,0,0,0
2020-08-08 09:45,54,48,6,0,0,0
2020-08-08 10:00,32,25,7,0,0,0
2020-08-08 10:15,30,21,9,0,0,0
2020-08-08 10:30,40,30,10,0,0,0
2020-08-08 10:45,40,23,17,0,0,0
2020-08-08 11:00,46,29,17,0,0,0
2020-08-08 11:15,35,25,10,0,0,0
2020-08-08 11:30,43,29,14,0,0,0
2020-08-08 11:45,39,31,8,0,0,0
2020-08-08 12:00,40,30,10,0,0,0
2020-08-08 12:15,32,22,10,0,0,0
2020-08-08 12:30,25,11,14,0,0,0
2020-08-08 12:45,38,27,11,0,0,0
2020-08-08 13:00,32,17,15,0,0,0
2020-08-08 13:15,38,18,20,0,0,0
2020-08-08 13:30,34,19,15,0,0,0
2020-08-08 13:45,55,21,34,0,0,0
2020-08-08 14:00,36,29,7,0,0,0
2020-08-08 14:15,34,23,11,0,0,0
2020-08-08 14:30,27,21,6,0,0,0
2020-08-08 14:45,46,31,15,0,0,0
2020-08-08 15:00,29,13,16,0,0,0
2020-08-08 15:15,31,15,16,0,0,0
2020-08-08 15:30,29,20,9,0,0,0
2020-08-08 15:45,35,27,8,0,0,0
2020-08-08 16:00,45,29,16,0,0,0
2020-08-08 16:15,33,23,10,0,0,0
2020-08-08 16:30,20,14,6,0,0,0
2020-08-08 16:45,44,31,13,0,0,0
2020-08-08 17:00,26,13,13,0,0,0
2020-08-08 17:15,29,13,16,0,0,0
2020-08-08 17:30,28,23,5,0,0,0
2020-08-08 17:45,50,32,18,0,0,0
2020-08-08 18:00,37,28,9,0,0,0
2020-08-08 18:15,34,20,14,0,0,0
2020-08-08 18:30,29,22,7,0,0,0
2020-08-08 18:45,41,29,12,0,0,0
2020-08-08 19:00,23,13,10,0,0,0
2020-08-08 19:15,37,20,17,0,0,0
2020-08-08 19:30,34,15,19,0,0,0
2020-08-08 19:45,57,33,24,0,0,0
2020-08-08 20:00,40,22,18,0,0,0
2020-08-08 20:15,39,31,8,0,0,0
2020-08-08 20:30,42,29,13,0,0,0
2020-08-08 20:45,31,16,15,0,0,0
2020-08-08 21:00,33,18,15,0,0,0
2020-08-08 21:15,30,25,5,0,0,0
2020-08-08 21:30,26,9,17,0,0,0
2020-08-08 21:45,27,16,11,0,0,0
2020-08-08 22:00,15,10,5,0,0,0
2020-08-08 22:15,20,9,11,0,0,0
2020-08-08 22:30,24,8,16,0,0,0
2020-08-08 22:45,25,16,9,0,0,0
2020-08-08 23:00,23,13,10,0,0,0
2020-08-08 23:15,30,13,17,0,0,0
2020-08-08 23:30,21,9,12,0,0,0
2020-08-08 23:45,11,2,9,0,0,0
2020-08-09 00:00,45,11,34,0,0,0
2020-08-09 00:15,25,11,14,0,0,0
2020-08-09 00:30,23,7,16,0,0,0
2020-08-09 00:45,12,6,6,0,0,0
2020-08-09 01:00,18,7,11,0,0,0
2020-08-09 01:15,8,3,5,0,0,0
2020-08-09 01:30,14,6,8,0,0,0
2020-08-09 01:45,7,2,5,0,0,0
2020-08-09 02:00,7,3,4,0,0,0
2020-08-09 02:15,12,2,10,0,0,0
2020-08-09 02:30,7,3,4,0,0,0
2020-08-09 02:45,7,0,7,0,0,0
2020-08-09 03:00,8,2,6,0,0,0
2020-08-09 03:15,3,0,3,0,0,0
2020-08-09 03:30,2,0,2,0,0,0
2020-08-09 03:45,3,0,3,0,0,0
2020-08-09 04:00,2,0,2,0,0,0
2020-08-09 04:15,4,2,2,0,0,0
2020-08-09 04:30,7,3,4,0,0,0
2020-08-09 04:45,4,1,3,0,0,0
2020-08-09 05:00,4,3,1,0,0,0
2020-08-09 05:15,1,1,0,0,0,0
2020-08-09 05:30,5,5,0,0,0,0
2020-08-09 05:45,2,2,0,0,0,0
2020-08-09 06:00,6,2,4,0,0,0
2020-08-09 06:15,7,6,1,0,0,0
2020-08-09 06:30,6,5,1,0,0,0
2020-08-09 06:45,1,1,0,0,0,0
2020-08-09 07:00,0,0,0,0,0,0
2020-08-09 07:15,2,1,1,0,0,0
2020-08-09 07:30,9,1,8,0,0,0
2020-08-09 07:45,8,3,5,0,0,0
2020-08-09 08:00,6,5,1,0,0,0
2020-08-09 08:15,11,7,4,0,0,0
2020-08-09 08:30,7,4,3,0,0,0
2020-08-09 08:45,16,8,8,0,0,0
2020-08-09 09:00,9,6,3,0,0,0
2020-08-09 09:15,12,11,1,0,0,0
2020-08-09 09:30,20,11,9,0,0,0
2020-08-09 09:45,22,20,2,0,0,0
2020-08-09 10:00,26,19,7,0,0,0
2020-08-09 10:15,24,18,6,0,0,0
2020-08-09 10:30,31,23,8,0,0,0
2020-08-09 10:45,25,17,8,0,0,0
2020-08-09 11:00,33,26,7,0,0,0
2020-08-09 11:15,21,13,8,0,0,0
2020-08-09 11:30,21,13,8,0,0,0
2020-08-09 11:45,33,24,9,0,0,0
2020-08-09 12:00,17,9,8,0,0,0
2020-08-09 12:15,30,19,11,0,0,0
2020-08-09 12:30,19,12,7,0,0,0
2020-08-09 12:45,22,16,6,0,0,0
2020-08-09 13:00,22,12,10,0,0,0
2020-08-09 13:15,31,20,11,0,0,0
2020-08-09 13:30,26,14,12,0,0,0
2020-08-09 13:45,33,23,10,0,0,0
2020-08-09 14:00,21,16,5,0,0,0
2020-08-09 14:15,33,26,7,0,0,0
2020-08-09 14:30,26,11,15,0,0,0
2020-08-09 14:45,26,21,5,0,0,0
2020-08-09 15:00,27,19,8,0,0,0
2020-08-09 15:15,18,10,8,0,0,0
2020-08-09 15:30,21,11,10,0,0,0
2020-08-09 15:45,26,18,8,0,0,0
2020-08-09 16:00,22,17,5,0,0,0
2020-08-09 16:15,24,15,9,0,0,0
2020-08-09 16:30,26,13,13,0,0,0
2020-08-09 16:45,28,21,7,0,0,0
2020-08-09 17:00,35,24,11,0,0,0
2020-08-09 17:15,24,13,11,0,0,0
2020-08-09 17:30,33,21,12,0,0,0
2020-08-09 17:45,44,29,15,0,0,0
2020-08-09 18:00,43,30,13,0,0,0
2020-08-09 18:15,31,21,10,0,0,0
2020-08-09 18:30,17,11,6,0,0,0
2020-08-09 18:45,10,7,3,0,0,0
2020-08-09 19:00,22,14,8,0,0,0
2020-08-09 19:15,28,24,4,0,0,0
2020-08-09 19:30,25,18,7,0,0,0
2020-08-09 19:45,12,8,4,0,0,0
2020-08-09 20:00,41,31,10,0,0,0
2020-08-09 20:15,30,22,8,0,0,0
2020-08-09 20:30,24,20,4,0,0,0
2020-08-09 20:45,16,11,5,0,0,0
2020-08-09 21:00,19,11,8,0,0,0
2020-08-09 21:15,25,12,13,0,0,0
2020-08-09 21:30,20,12,8,0,0,0
2020-08-09 21:45,6,3,3,0,0,0
2020-08-09 22:00,11,5,6,0,0,0
2020-08-09 22:15,12,5,7,0,0,0
2020-08-09 22:30,7,2,5,0,0,0
2020-08-09 22:45,12,4,8,0,0,0
2020-08-09 23:00,8,6,2,0,0,0
2020-08-09 23:15,5,1,4,0,0,0
2020-08-09 23:30,3,3,0,0,0,0
2020-08-09 23:45,6,4,2,0,0,0
2020-08-10 00:00,5,3,2,0,0,0
2020-08-10 00:15,17,1,16,0,0,0
2020-08-10 00:30,6,6,0,0,0,0
2020-08-10 00:45,8,2,6,0,0,0
2020-08-10 01:00,1,0,1,0,0,0
2020-08-10 01:15,6,3,3,0,0,0
2020-08-10 01:30,0,0,0,0,0,0
2020-08-10 01:45,3,0,3,0,0,0
2020-08-10 02:00,2,0,2,0,0,0
2020-08-10 02:15,0,0,0,0,0,0
2020-08-10 02:30,4,1,3,0,0,0
2020-08-10 02:45,1,0,1,0,0,0
2020-08-10 03:00,3,2,1,0,0,0
2020-08-10 03:15,1,0,1,0,0,0
2020-08-10 03:30,4,3,1,0,0,0
2020-08-10 03:45,1,0,1,0,0,0
2020-08-10 04:00,0,0,0,0,0,0
2020-08-10 04:15,1,1,0,0,0,0
2020-08-10 04:30,4,3,1,0,0,0
2020-08-10 04:45,4,3,1,0,0,0
2020-08-10 05:00,4,3,1,0,0,0
2020-08-10 05:15,5,4,1,0,0,0
2020-08-10 05:30,15,6,9,0,0,0
2020-08-10 05:45,16,10,6,0,0,0
2020-08-10 06:00,5,2,3,0,0,0
2020-08-10 06:15,25,13,12,0,0,0
2020-08-10 06:30,42,17,25,0,0,0
2020-08-10 06:45,36,19,17,0,0,0
2020-08-10 07:00,49,27,22,0,0,0
2020-08-10 07:15,57,28,29,0,0,0
2020-08-10 07:30,72,32,40,0,0,0
2020-08-10 07:45,97,59,38,0,0,0
2020-08-10 08:00,63,35,28,0,0,0
2020-08-10 08:15,62,42,20,0,0,0
2020-08-10 08:30,72,45,27,0,0,0
2020-08-10 08:45,66,46,20,0,0,0
2020-08-10 09:00,43,30,13,0,0,0
2020-08-10 09:15,48,34,14,0,0,0
2020-08-10 09:30,46,37,9,0,0,0
2020-08-10 09:45,47,34,13,0,0,0
2020-08-10 10:00,48,28,20,0,0,0
2020-08-10 10:15,47,32,15,0,0,0
2020-08-10 10:30,51,40,11,0,0,0
2020-08-10 10:45,48,33,15,0,0,0
2020-08-10 11:00,27,19,8,0,0,0
2020-08-10 11:15,34,24,10,0,0,0
2020-08-10 11:30,40,24,16,0,0,0
2020-08-10 11:45,36,20,16,0,0,0
2020-08-10 12:00,48,21,27,0,0,0
2020-08-10 12:15,31,16,15,0,0,0
2020-08-10 12:30,48,28,20,0,0,0
2020-08-10 12:45,51,33,18,0,0,0
2020-08-10 13:00,36,25,11,0,0,0
2020-08-10 13:15,28,17,11,0,0,0
2020-08-10 13:30,44,27,17,0,0,0
2020-08-10 13:45,62,41,21,0,0,0
2020-08-10 14:00,46,33,13,0,0,0
2020-08-10 14:15,55,30,25,0,0,0
2020-08-10 14:30,58,38,20,0,0,0
2020-08-10 14:45,59,41,18,0,0,0
2020-08-10 15:00,47,29,18,0,0,0
2020-08-10 15:15,51,34,17,0,0,0
2020-08-10 15:30,69,49,20,0,0,0
2020-08-10 15:45,77,47,30,0,0,0
2020-08-10 16:00,61,40,21,0,0,0
2020-08-10 16:15,80,50,30,0,0,0
2020-08-10 16:30,77,51,26,0,0,0
2020-08-10 16:45,75,54,21,0,0,0
2020-08-10 17:00,76,56,20,0,0,0
2020-08-10 17:15,52,40,12,0,0,0
2020-08-10 17:30,86,63,23,0,0,0
2020-08-10 17:45,60,36,24,0,0,0
2020-08-10 18:00,53,38,15,0,0,0
2020-08-10 18:15,74,39,35,0,0,0
2020-08-10 18:30,56,30,26,0,0,0
2020-08-10 18:45,79,53,26,0,0,0
2020-08-10 19:00,54,35,19,0,0,0
2020-08-10 19:15,63,35,28,0,0,0
2020-08-10 19:30,41,18,23,0,0,0
2020-08-10 19:45,59,42,17,0,0,0
2020-08-10 20:00,52,34,18,0,0,0
2020-08-10 20:15,31,18,13,0,0,0
2020-08-10 20:30,32,19,13,0,0,0
2020-08-10 20:45,30,9,21,0,0,0
2020-08-10 21:00,36,23,13,0,0,0
2020-08-10 21:15,42,20,22,0,0,0
2020-08-10 21:30,39,21,18,0,0,0
2020-08-10 21:45,25,11,14,0,0,0
2020-08-10 22:00,21,11,10,0,0,0
2020-08-10 22:15,26,16,10,0,0,0
2020-08-10 22:30,17,10,7,0,0,0
2020-08-10 22:45,18,7,11,0,0,0
2020-08-10 23:00,22,15,7,0,0,0
2020-08-10 23:15,15,8,7,0,0,0
2020-08-10 23:30,11,4,7,0,0,0
2020-08-10 23:45,24,8,16,0,0,0
2020-08-11 00:00,13,1,12,0,0,0
2020-08-11 00:15,10,8,2,0,0,0
2020-08-11 00:30,9,6,3,0,0,0
2020-08-11 00:45,10,2,8,0,0,0
2020-08-11 01:00,4,1,3,0,0,0
2020-08-11 01:15,5,2,3,0,0,0
2020-08-11 01:30,1,0,1,0,0,0
2020-08-11 01:45,7,1,6,0,0,0
2020-08-11 02:00,1,0,1,0,0,0
2020-08-11 02:15,1,0,1,0,0,0
2020-08-11 02:30,0,0,0,0,0,0
2020-08-11 02:45,4,0,4,0,0,0
2020-08-11 03:00,2,0,2,0,0,0
2020-08-11 03:15,4,2,2,0,0,0
2020-08-11 03:30,3,1,2,0,0,0
2020-08-11 03:45,4,2,2,0,0,0
2020-08-11 04:00,0,0,0,0,0,0
2020-08-11 04:15,1,0,1,0,0,0
2020-08-11 04:30,0,0,0,0,0,0
2020-08-11 04:45,4,4,0,0,0,0
2020-08-11 05:00,5,5,0,0,0,0
2020-08-11 05:15,9,4,5,0,0,0
2020-08-11 05:30,14,8,6,0,0,0
2020-08-11 05:45,19,13,6,0,0,0
2020-08-11 06:00,8,6,2,0,0,0
2020-08-11 06:15,25,11,14,0,0,0
2020-08-11 06:30,38,17,21,0,0,0
2020-08-11 06:45,42,22,20,0,0,0
2020-08-11 07:00,44,22,22,0,0,0
2020-08-11 07:15,70,28,42,0,0,0
2020-08-11 07:30,76,36,40,0,0,0
2020-08-11 07:45,97,53,44,0,0,0
2020-08-11 08:00,78,44,34,0,0,0
2020-08-11 08:15,81,43,38,0,0,0
2020-08-11 08:30,63,36,27,0,0,0
2020-08-11 08:45,72,43,29,0,0,0
2020-08-11 09:00,38,25,13,0,0,0
2020-08-11 09:15,45,32,13,0,0,0
2020-08-11 09:30,47,36,11,0,0,0
2020-08-11 09:45,42,39,3,0,0,0
2020-08-11 10:00,39,27,12,0,0,0
2020-08-11 10:15,34,22,12,0,0,0
2020-08-11 10:30,45,32,13,0,0,0
2020-08-11 10:45,50,34,16,0,0,0
2020-08-11 11:00,47,34,13,0,0,0
2020-08-11 11:15,44,32,12,0,0,0
2020-08-11 11:30,53,42,11,0,0,0
2020-08-11 11:45,36,23,13,0,0,0
2020-08-11 12:00,49,27,22,0,0,0
2020-08-11 12:15,44,23,21,0,0,0
2020-08-11 12:30,46,30,16,0,0,0
2020-08-11 12:45,37,24,13,0,0,0
2020-08-11 13:00,42,25,17,0,0,0
2020-08-11 13:15,41,22,19,0,0,0
2020-08-11 13:30,53,40,13,0,0,0
2020-08-11 13:45,48,26,22,0,0,0
2020-08-11 14:00,56,39,17,0,0,0
2020-08-11 14:15,58,41,17,0,0,0
2020-08-11 14:30,41,33,8,0,0,0
2020-08-11 14:45,58,43,15,0,0,0
2020-08-11 15:00,58,35,23,0,0,0
2020-08-11 15:15,75,54,21,0,0,0
2020-08-11 15:30,50,37,13,0,0,0
2020-08-11 15:45,69,46,23,0,0,0
2020-08-11 16:00,71,48,23,0,0,0
2020-08-11 16:15,84,57,27,0,0,0
2020-08-11 16:30,60,41,19,0,0,0
2020-08-11 16:45,77,57,20,0,0,0
2020-08-11 17:00,73,48,25,0,0,0
2020-08-11 17:15,68,39,29,0,0,0
2020-08-11 17:30,93,65,28,0,0,0
2020-08-11 17:45,90,53,37,0,0,0
2020-08-11 18:00,63,45,18,0,0,0
2020-08-11 18:15,71,46,25,0,0,0
2020-08-11 18:30,57,37,20,0,0,0
2020-08-11 18:45,59,32,27,0,0,0
2020-08-11 19:00,50,29,21,0,0,0
2020-08-11 19:15,52,24,28,0,0,0
2020-08-11 19:30,44,24,20,0,0,0
2020-08-11 19:45,48,27,21,0,0,0
2020-08-11 20:00,46,28,18,0,0,0
2020-08-11 20:15,39,23,16,0,0,0
2020-08-11 20:30,27,10,17,0,0,0
2020-08-11 20:45,28,17,11,0,0,0
2020-08-11 21:00,35,17,18,0,0,0
2020-08-11 21:15,23,9,14,0,0,0
2020-08-11 21:30,32,17,15,0,0,0
2020-08-11 21:45,22,10,12,0,0,0
2020-08-11 22:00,27,16,11,0,0,0
2020-08-11 22:15,18,7,11,0,0,0
2020-08-11 22:30,15,6,9,0,0,0
2020-08-11 22:45,37,18,19,0,0,0
2020-08-11 23:00,15,5,10,0,0,0
2020-08-11 23:15,10,4,6,0,0,0
2020-08-11 23:30,9,3,6,0,0,0
2020-08-11 23:45,14,4,10,0,0,0
2020-08-12 00:00,7,3,4,0,0,0
2020-08-12 00:15,10,2,8,0,0,0
2020-08-12 00:30,3,1,2,0,0,0
2020-08-12 00:45,10,4,6,0,0,0
2020-08-12 01:00,6,4,2,0,0,0
2020-08-12 01:15,7,1,6,0,0,0
2020-08-12 01:30,6,1,5,0,0,0
2020-08-12 01:45,1,1,0,0,0,0
2020-08-12 02:00,2,1,1,0,0,0
2020-08-12 02:15,1,1,0,0,0,0
2020-08-12 02:30,1,0,1,0,0,0
2020-08-12 02:45,1,0,1,0,0,0
2020-08-12 03:00,2,2,0,0,0,0
2020-08-12 03:15,0,0,0,0,0,0
2020-08-12 03:30,2,1,1,0,0,0
2020-08-12 03:45,2,2,0,0,0,0
2020-08-12 04:00,0,0,0,0,0,0
2020-08-12 04:15,2,2,0,0,0,0
2020-08-12 04:30,3,3,0,0,0,0
2020-08-12 04:45,9,6,3,0,0,0
2020-08-12 05:00,3,2,1,0,0,0
2020-08-12 05:15,8,3,5,0,0,0
2020-08-12 05:30,19,13,6,0,0,0
2020-08-12 05:45,15,11,4,0,0,0
2020-08-12 06:00,10,7,3,0,0,0
2020-08-12 06:15,22,14,8,0,0,0
2020-08-12 06:30,37,18,19,0,0,0
2020-08-12 06:45,50,21,29,0,0,0
2020-08-12 07:00,54,26,28,0,0,0
2020-08-12 07:15,90,60,30,0,0,0
2020-08-12 07:30,138,97,41,0,0,0
2020-08-12 07:45,135,88,47,0,0,0
2020-08-12 08:00,90,47,43,0,0,0
2020-08-12 08:15,85,46,39,0,0,0
2020-08-12 08:30,76,45,31,0,0,0
2020-08-12 08:45,86,56,30,0,0,0
2020-08-12 09:00,66,44,22,0,0,0
2020-08-12 09:15,42,35,7,0,0,0
2020-08-12 09:30,58,43,15,0,0,0
2020-08-12 09:45,63,47,16,0,0,0
2020-08-12 10:00,36,27,9,0,0,0
2020-08-12 10:15,47,35,12,0,0,0
2020-08-12 10:30,54,37,17,0,0,0
2020-08-12 10:45,32,21,11,0,0,0
2020-08-12 11:00,51,36,15,0,0,0
2020-08-12 11:15,63,34,29,0,0,0
2020-08-12 11:30,59,34,25,0,0,0
2020-08-12 11:45,60,37,23,0,0,0
2020-08-12 12:00,54,26,28,0,0,0
2020-08-12 12:15,61,38,23,0,0,0
2020-08-12 12:30,60,30,30,0,0,0
2020-08-12 12:45,56,36,20,0,0,0
2020-08-12 13:00,63,35,28,0,0,0
2020-08-12 13:15,53,27,26,0,0,0
2020-08-12 13:30,52,31,21,0,0,0
2020-08-12 13:45,54,28,26,0,0,0
2020-08-12 14:00,63,36,27,0,0,0
2020-08-12 14:15,48,32,16,0,0,0
2020-08-12 14:30,69,41,28,0,0,0
2020-08-12 14:45,66,49,17,0,0,0
2020-08-12 15:00,64,45,19,0,0,0
2020-08-12 15:15,56,40,16,0,0,0
2020-08-12 15:30,58,38,20,0,0,0
2020-08-12 15:45,68,51,17,0,0,0
2020-08-12 16:00,68,45,23,0,0,0
2020-08-12 16:15,60,42,18,0,0,0
2020-08-12 16:30,68,43,25,0,0,0
2020-08-12 16:45,86,61,25,0,0,0
2020-08-12 17:00,76,52,24,0,0,0
2020-08-12 17:15,80,52,28,0,0,0
2020-08-12 17:30,94,54,40,0,0,0
2020-08-12 17:45,81,50,31,0,0,0
2020-08-12 18:00,74,39,35,0,0,0
2020-08-12 18:15,59,32,27,0,0,0
2020-08-12 18:30,40,24,16,0,0,0
2020-08-12 18:45,61,42,19,0,0,0
2020-08-12 19:00,48,31,17,0,0,0
2020-08-12 19:15,43,24,19,0,0,0
2020-08-12 19:30,41,24,17,0,0,0
2020-08-12 19:45,35,23,12,0,0,0
2020-08-12 20:00,42,27,15,0,0,0
2020-08-12 20:15,39,17,22,0,0,0
2020-08-12 20:30,39,24,15,0,0,0
2020-08-12 20:45,41,21,20,0,0,0
2020-08-12 21:00,35,19,16,0,0,0
2020-08-12 21:15,35,19,16,0,0,0
2020-08-12 21:30,25,13,12,0,0,0
2020-08-12 21:45,24,10,14,0,0,0
2020-08-12 22:00,29,10,19,0,0,0
2020-08-12 22:15,30,11,19,0,0,0
2020-08-12 22:30,29,9,20,0,0,0
2020-08-12 22:45,19,10,9,0,0,0
2020-08-12 23:00,28,12,16,0,0,0
2020-08-12 23:15,16,6,10,0,0,0
2020-08-12 23:30,18,8,10,0,0,0
2020-08-12 23:45,13,3,10,0,0,0
2020-08-13 00:00,21,3,18,0,0,0
2020-08-13 00:15,10,3,7,0,0,0
2020-08-13 00:30,8,3,5,0,0,0
2020-08-13 00:45,5,4,1,0,0,0
2020-08-13 01:00,6,4,2,0,0,0
2020-08-13 01:15,7,0,7,0,0,0
2020-08-13 01:30,5,3,2,0,0,0
2020-08-13 01:45,3,0,3,0,0,0
2020-08-13 02:00,2,1,1,0,0,0
2020-08-13 02:15,1,0,1,0,0,0
2020-08-13 02:30,1,1,0,0,0,0
2020-08-13 02:45,2,1,1,0,0,0
2020-08-13 03:00,3,2,1,0,0,0
2020-08-13 03:15,1,1,0,0,0,0
2020-08-13 03:30,1,0,1,0,0,0
2020-08-13 03:45,3,2,1,0,0,0
2020-08-13 04:00,2,0,2,0,0,0
2020-08-13 04:15,0,0,0,0,0,0
2020-08-13 04:30,1,1,0,0,0,0
2020-08-13 04:45,6,5,1,0,0,0
2020-08-13 05:00,4,3,1,0,0,0
2020-08-13 05:15,11,8,3,0,0,0
2020-08-13 05:30,14,8,6,0,0,0
2020-08-13 05:45,14,10,4,0,0,0
2020-08-13 06:00,9,5,4,0,0,0
2020-08-13 06:15,25,15,10,0,0,0
2020-08-13 06:30,41,20,21,0,0,0
2020-08-13 06:45,50,24,26,0,0,0
2020-08-13 07:00,50,36,14,0,0,0
2020-08-13 07:15,95,60,35,0,0,0
2020-08-13 07:30,171,117,54,0,0,0
2020-08-13 07:45,113,75,38,0,0,0
2020-08-13 08:00,77,46,31,0,0,0
2020-08-13 08:15,70,48,22,0,0,0
2020-08-13 08:30,77,44,33,0,0,0
2020-08-13 08:45,77,53,24,0,0,0
2020-08-13 09:00,47,31,16,0,0,0
2020-08-13 09:15,55,39,16,0,0,0
2020-08-13 09:30,47,29,18,0,0,0
2020-08-13 09:45,61,45,16,0,0,0
2020-08-13 10:00,28,16,12,0,0,0
2020-08-13 10:15,41,27,14,0,0,0
2020-08-13 10:30,34,26,8,0,0,0
2020-08-13 10:45,37,25,12,0,0,0
2020-08-13 11:00,38,23,15,0,0,0
2020-08-13 11:15,56,27,29,0,0,0
2020-08-13 11:30,49,26,23,0,0,0
2020-08-13 11:45,43,28,15,0,0,0
2020-08-13 12:00,49,33,16,0,0,0
2020-08-13 12:15,58,28,30,0,0,0
2020-08-13 12:30,44,23,21,0,0,0
2020-08-13 12:45,86,57,29,0,0,0
2020-08-13 13:00,43,22,21,0,0,0
2020-08-13 13:15,53,25,28,0,0,0
2020-08-13 13:30,61,35,26,0,0,0
2020-08-13 13:45,55,36,19,0,0,0
2020-08-13 14:00,58,40,18,0,0,0
2020-08-13 14:15,49,32,17,0,0,0
2020-08-13 14:30,50,33,17,0,0,0
2020-08-13 14:45,48,29,19,0,0,0
2020-08-13 15:00,51,37,14,0,0,0
2020-08-13 15:15,43,22,21,0,0,0
2020-08-13 15:30,66,44,22,0,0,0
2020-08-13 15:45,77,53,24,0,0,0
2020-08-13 16:00,72,51,21,0,0,0
2020-08-13 16:15,76,48,28,0,0,0
2020-08-13 16:30,71,48,23,0,0,0
2020-08-13 16:45,92,62,30,0,0,0
2020-08-13 17:00,74,49,25,0,0,0
2020-08-13 17:15,81,58,23,0,0,0
2020-08-13 17:30,81,49,32,0,0,0
2020-08-13 17:45,69,42,27,0,0,0
2020-08-13 18:00,55,35,20,0,0,0
2020-08-13 18:15,80,49,31,0,0,0
2020-08-13 18:30,59,41,18,0,0,0
2020-08-13 18:45,58,38,20,0,0,0
2020-08-13 19:00,50,27,23,0,0,0
2020-08-13 19:15,58,38,20,0,0,0
2020-08-13 19:30,38,15,23,0,0,0
2020-08-13 19:45,38,16,22,0,0,0
2020-08-13 20:00,41,22,19,0,0,0
2020-08-13 20:15,38,15,23,0,0,0
2020-08-13 20:30,23,12,11,0,0,0
2020-08-13 20:45,31,10,21,0,0,0
2020-08-13 21:00,33,17,16,0,0,0
2020-08-13 21:15,40,17,23,0,0,0
2020-08-13 21:30,33,12,21,0,0,0
2020-08-13 21:45,17,6,11,0,0,0
2020-08-13 22:00,19,8,11,0,0,0
2020-08-13 22:15,11,8,3,0,0,0
2020-08-13 22:30,18,6,12,0,0,0
2020-08-13 22:45,14,6,8,0,0,0
2020-08-13 23:00,13,5,8,0,0,0
2020-08-13 23:15,15,8,7,0,0,0
2020-08-13 23:30,7,4,3,0,0,0
2020-08-13 23:45,10,4,6,0,0,0
2020-08-14 00:00,5,3,2,0,0,0
2020-08-14 00:15,5,3,2,0,0,0
2020-08-14 00:30,12,9,3,0,0,0
2020-08-14 00:45,6,5,1,0,0,0
2020-08-14 01:00,6,1,5,0,0,0
2020-08-14 01:15,5,2,3,0,0,0
2020-08-14 01:30,0,0,0,0,0,0
2020-08-14 01:45,2,2,0,0,0,0
2020-08-14 02:00,1,0,1,0,0,0
2020-08-14 02:15,3,1,2,0,0,0
2020-08-14 02:30,1,0,1,0,0,0
2020-08-14 02:45,1,0,1,0,0,0
2020-08-14 03:00,3,2,1,0,0,0
2020-08-14 03:15,1,0,1,0,0,0
2020-08-14 03:30,1,0,1,0,0,0
2020-08-14 03:45,3,2,1,0,0,0
2020-08-14 04:00,1,1,0,0,0,0
2020-08-14 04:15,1,1,0,0,0,0
2020-08-14 04:30,4,3,1,0,0,0
2020-08-14 04:45,6,5,1,0,0,0
2020-08-14 05:00,3,3,0,0,0,0
2020-08-14 05:15,5,3,2,0,0,0
2020-08-14 05:30,6,5,1,0,0,0
2020-08-14 05:45,17,10,7,0,0,0
2020-08-14 06:00,6,3,3,0,0,0
2020-08-14 06:15,21,14,7,0,0,0
2020-08-14 06:30,36,17,19,0,0,0
2020-08-14 06:45,39,19,20,0,0,0
2020-08-14 07:00,29,18,11,0,0,0
2020-08-14 07:15,84,52,32,0,0,0
2020-08-14 07:30,172,110,62,0,0,0
2020-08-14 07:45,120,84,36,0,0,0
2020-08-14 08:00,73,37,36,0,0,0
2020-08-14 08:15,81,52,29,0,0,0
2020-08-14 08:30,57,32,25,0,0,0
2020-08-14 08:45,70,45,25,0,0,0
2020-08-14 09:00,47,34,13,0,0,0
2020-08-14 09:15,45,28,17,0,0,0
2020-08-14 09:30,38,24,14,0,0,0
2020-08-14 09:45,46,39,7,0,0,0
2020-08-14 10:00,34,25,9,0,0,0
2020-08-14 10:15,37,27,10,0,0,0
2020-08-14 10:30,48,39,9,0,0,0
2020-08-14 10:45,34,20,14,0,0,0
2020-08-14 11:00,39,29,10,0,0,0
2020-08-14 11:15,56,42,14,0,0,0
2020-08-14 11:30,48,32,16,0,0,0
2020-08-14 11:45,60,36,24,0,0,0
2020-08-14 12:00,39,25,14,0,0,0
2020-08-14 12:15,55,34,21,0,0,0
2020-08-14 12:30,53,29,24,0,0,0
2020-08-14 12:45,70,40,30,0,0,0
2020-08-14 13:00,69,28,41,0,0,0
2020-08-14 13:15,82,47,35,0,0,0
2020-08-14 13:30,73,50,23,0,0,0
2020-08-14 13:45,86,56,30,0,0,0
2020-08-14 14:00,51,25,26,0,0,0
2020-08-14 14:15,50,33,17,0,0,0
2020-08-14 14:30,57,39,18,0,0,0
2020-08-14 14:45,66,43,23,0,0,0
2020-08-14 15:00,59,32,27,0,0,0
2020-08-14 15:15,59,43,16,0,0,0
2020-08-14 15:30,51,27,24,0,0,0
2020-08-14 15:45,81,46,35,0,0,0
2020-08-14 16:00,73,45,28,0,0,0
2020-08-14 16:15,72,48,24,0,0,0
2020-08-14 16:30,52,31,21,0,0,0
2020-08-14 16:45,74,41,33,0,0,0
2020-08-14 17:00,57,39,18,0,0,0
2020-08-14 17:15,62,41,21,0,0,0
2020-08-14 17:30,65,38,27,0,0,0
2020-08-14 17:45,69,47,22,0,0,0
2020-08-14 18:00,49,33,16,0,0,0
2020-08-14 18:15,76,45,31,0,0,0
2020-08-14 18:30,53,32,21,0,0,0
2020-08-14 18:45,62,45,17,0,0,0
2020-08-14 19:00,78,52,26,0,0,0
2020-08-14 19:15,59,30,29,0,0,0
2020-08-14 19:30,60,38,22,0,0,0
2020-08-14 19:45,49,30,19,0,0,0
2020-08-14 20:00,48,34,14,0,0,0
2020-08-14 20:15,37,26,11,0,0,0
2020-08-14 20:30,42,27,15,0,0,0
2020-08-14 20:45,37,23,14,0,0,0
2020-08-14 21:00,29,15,14,0,0,0
2020-08-14 21:15,30,18,12,0,0,0
2020-08-14 21:30,18,10,8,0,0,0
2020-08-14 21:45,30,19,11,0,0,0
2020-08-14 22:00,10,1,9,0,0,0
2020-08-14 22:15,24,10,14,0,0,0
2020-08-14 22:30,18,4,14,0,0,0
2020-08-14 22:45,24,9,15,0,0,0
2020-08-14 23:00,19,3,16,0,0,0
2020-08-14 23:15,9,3,6,0,0,0
2020-08-14 23:30,18,10,8,0,0,0
2020-08-14 23:45,19,6,13,0,0,0
2020-08-15 00:00,21,6,15,0,0,0
2020-08-15 00:15,13,6,7,0,0,0
2020-08-15 00:30,17,11,6,0,0,0
2020-08-15 00:45,16,8,8,0,0,0
2020-08-15 01:00,10,3,7,0,0,0
2020-08-15 01:15,11,6,5,0,0,0
2020-08-15 01:30,3,3,0,0,0,0
2020-08-15 01:45,8,2,6,0,0,0
2020-08-15 02:00,6,4,2,0,0,0
2020-08-15 02:15,14,7,7,0,0,0
2020-08-15 02:30,3,0,3,0,0,0
2020-08-15 02:45,2,2,0,0,0,0
2020-08-15 03:00,5,1,4,0,0,0
2020-08-15 03:15,5,3,2,0,0,0
2020-08-15 03:30,4,0,4,0,0,0
2020-08-15 03:45,4,1,3,0,0,0
2020-08-15 04:00,8,3,5,0,0,0
2020-08-15 04:15,6,1,5,0,0,0
2020-08-15 04:30,3,1,2,0,0,0
2020-08-15 04:45,3,2,1,0,0,0
2020-08-15 05:00,0,0,0,0,0,0
2020-08-15 05:15,1,0,1,0,0,0
2020-08-15 05:30,6,5,1,0,0,0
2020-08-15 05:45,4,2,2,0,0,0
2020-08-15 06:00,2,1,1,0,0,0
2020-08-15 06:15,2,1,1,0,0,0
2020-08-15 06:30,3,2,1,0,0,0
2020-08-15 06:45,8,8,0,0,0,0
2020-08-15 07:00,4,3,1,0,0,0
2020-08-15 07:15,3,2,1,0,0,0
2020-08-15 07:30,14,9,5,0,0,0
2020-08-15 07:45,13,8,5,0,0,0
2020-08-15 08:00,16,7,9,0,0,0
2020-08-15 08:15,13,11,2,0,0,0
2020-08-15 08:30,25,14,11,0,0,0
2020-08-15 08:45,30,13,17,0,0,0
2020-08-15 09:00,25,19,6,0,0,0
2020-08-15 09:15,27,20,7,0,0,0
2020-08-15 09:30,24,22,2,0,0,0
2020-08-15 09:45,57,47,10,0,0,0
2020-08-15 10:00,44,35,9,0,0,0
2020-08-15 10:15,42,34,8,0,0,0
2020-08-15 10:30,37,28,9,0,0,0
2020-08-15 10:45,45,38,7,0,0,0
2020-08-15 11:00,43,27,16,0,0,0
2020-08-15 11:15,41,29,12,0,0,0
2020-08-15 11:30,42,29,13,0,0,0
2020-08-15 11:45,48,35,13,0,0,0
2020-08-15 12:00,44,34,10,0,0,0
2020-08-15 12:15,29,19,10,0,0,0
2020-08-15 12:30,14,7,7,0,0,0
2020-08-15 12:45,20,11,9,0,0,0
2020-08-15 13:00,23,15,8,0,0,0
2020-08-15 13:15,30,25,5,0,0,0
2020-08-15 13:30,38,31,7,0,0,0
2020-08-15 13:45,24,18,6,0,0,0
2020-08-15 14:00,24,18,6,0,0,0
2020-08-15 14:15,24,14,10,0,0,0
2020-08-15 14:30,39,27,12,0,0,0
2020-08-15 14:45,38,30,8,0,0,0
2020-08-15 15:00,34,23,11,0,0,0
2020-08-15 15:15,34,21,13,0,0,0
2020-08-15 15:30,27,18,9,0,0,0
2020-08-15 15:45,33,27,6,0,0,0
2020-08-15 16:00,32,18,14,0,0,0
2020-08-15 16:15,30,20,10,0,0,0
2020-08-15 16:30,43,21,22,0,0,0
2020-08-15 16:45,29,22,7,0,0,0
2020-08-15 17:00,46,25,21,0,0,0
2020-08-15 17:15,56,35,21,0,0,0
2020-08-15 17:30,27,22,5,0,0,0
2020-08-15 17:45,46,23,23,0,0,0
2020-08-15 18:00,58,33,25,0,0,0
2020-08-15 18:15,38,16,22,0,0,0
2020-08-15 18:30,46,27,19,0,0,0
2020-08-15 18:45,49,30,19,0,0,0
2020-08-15 19:00,29,18,11,0,0,0
2020-08-15 19:15,39,23,16,0,0,0
2020-08-15 19:30,47,25,22,0,0,0
2020-08-15 19:45,31,22,9,0,0,0
2020-08-15 20:00,32,25,7,0,0,0
2020-08-15 20:15,44,26,18,0,0,0
2020-08-15 20:30,31,14,17,0,0,0
2020-08-15 20:45,24,17,7,0,0,0
2020-08-15 21:00,20,9,11,0,0,0
2020-08-15 21:15,14,6,8,0,0,0
2020-08-15 21:30,16,7,9,0,0,0
2020-08-15 21:45,19,13,6,0,0,0
2020-08-15 22:00,26,11,15,0,0,0
2020-08-15 22:15,27,7,20,0,0,0
2020-08-15 22:30,17,8,9,0,0,0
2020-08-15 22:45,9,4,5,0,0,0
2020-08-15 23:00,18,11,7,0,0,0
2020-08-15 23:15,19,9,10,0,0,0
2020-08-15 23:30,36,9,27,0,0,0
2020-08-15 23:45,15,7,8,0,0,0
2020-08-16 00:00,13,5,8,0,0,0
2020-08-16 00:15,14,5,9,0,0,0
2020-08-16 00:30,4,3,1,0,0,0
2020-08-16 00:45,17,11,6,0,0,0
2020-08-16 01:00,19,13,6,0,0,0
2020-08-16 01:15,16,9,7,0,0,0
2020-08-16 01:30,13,5,8,0,0,0
2020-08-16 01:45,13,5,8,0,0,0
2020-08-16 02:00,14,7,7,0,0,0
2020-08-16 02:15,7,4,3,0,0,0
2020-08-16 02:30,11,6,5,0,0,0
2020-08-16 02:45,4,2,2,0,0,0
2020-08-16 03:00,4,0,4,0,0,0
2020-08-16 03:15,9,5,4,0,0,0
2020-08-16 03:30,4,3,1,0,0,0
2020-08-16 03:45,2,2,0,0,0,0
2020-08-16 04:00,12,5,7,0,0,0
2020-08-16 04:15,2,1,1,0,0,0
2020-08-16 04:30,2,1,1,0,0,0
2020-08-16 04:45,2,1,1,0,0,0
2020-08-16 05:00,2,2,0,0,0,0
2020-08-16 05:15,4,2,2,0,0,0
2020-08-16 05:30,1,1,0,0,0,0
2020-08-16 05:45,2,2,0,0,0,0
2020-08-16 06:00,0,0,0,0,0,0
2020-08-16 06:15,2,2,0,0,0,0
2020-08-16 06:30,1,1,0,0,0,0
2020-08-16 06:45,4,4,0,0,0,0
2020-08-16 07:00,0,0,0,0,0,0
2020-08-16 07:15,2,0,2,0,0,0
2020-08-16 07:30,7,4,3,0,0,0
2020-08-16 07:45,7,6,1,0,0,0
2020-08-16 08:00,4,2,2,0,0,0
2020-08-16 08:15,8,5,3,0,0,0
2020-08-16 08:30,5,3,2,0,0,0
2020-08-16 08:45,9,4,5,0,0,0
2020-08-16 09:00,15,9,6,0,0,0
2020-08-16 09:15,9,6,3,0,0,0
2020-08-16 09:30,25,21,4,0,0,0
2020-08-16 09:45,22,19,3,0,0,0
2020-08-16 10:00,20,16,4,0,0,0
2020-08-16 10:15,33,25,8,0,0,0
2020-08-16 10:30,22,14,8,0,0,0
2020-08-16 10:45,27,15,12,0,0,0
2020-08-16 11:00,30,19,11,0,0,0
2020-08-16 11:15,41,25,16,0,0,0
2020-08-16 11:30,19,12,7,0,0,0
2020-08-16 11:45,25,18,7,0,0,0
2020-08-16 12:00,21,13,8,0,0,0
2020-08-16 12:15,31,19,12,0,0,0
2020-08-16 12:30,49,24,25,0,0,0
2020-08-16 12:45,41,28,13,0,0,0
2020-08-16 13:00,29,13,16,0,0,0
2020-08-16 13:15,29,15,14,0,0,0
2020-08-16 13:30,32,19,13,0,0,0
2020-08-16 13:45,50,39,11,0,0,0
2020-08-16 14:00,39,22,17,0,0,0
2020-08-16 14:15,24,18,6,0,0,0
2020-08-16 14:30,35,22,13,0,0,0
2020-08-16 14:45,33,20,13,0,0,0
2020-08-16 15:00,26,19,7,0,0,0
2020-08-16 15:15,32,17,15,0,0,0
2020-08-16 15:30,33,23,10,0,0,0
2020-08-16 15:45,44,32,12,0,0,0
2020-08-16 16:00,27,20,7,0,0,0
2020-08-16 16:15,33,17,16,0,0,0
2020-08-16 16:30,44,33,11,0,0,0
2020-08-16 16:45,32,21,11,0,0,0
2020-08-16 17:00,38,25,13,0,0,0
2020-08-16 17:15,28,19,9,0,0,0
2020-08-16 17:30,25,20,5,0,0,0
2020-08-16 17:45,47,28,19,0,0,0
2020-08-16 18:00,33,20,13,0,0,0
2020-08-16 18:15,36,25,11,0,0,0
2020-08-16 18:30,30,22,8,0,0,0
2020-08-16 18:45,27,15,12,0,0,0
2020-08-16 19:00,53,25,28,0,0,0
2020-08-16 19:15,36,24,12,0,0,0
2020-08-16 19:30,32,19,13,0,0,0
2020-08-16 19:45,26,9,17,0,0,0
2020-08-16 20:00,35,19,16,0,0,0
2020-08-16 20:15,37,17,20,0,0,0
2020-08-16 20:30,38,22,16,0,0,0
2020-08-16 20:45,4,1,3,0,0,0
2020-08-16 21:00,11,6,5,0,0,0
2020-08-16 21:15,13,6,7,0,0,0
2020-08-16 21:30,7,4,3,0,0,0
2020-08-16 21:45,7,7,0,0,0,0
2020-08-16 22:00,14,7,7,0,0,0
2020-08-16 22:15,18,8,10,0,0,0
2020-08-16 22:30,13,6,7,0,0,0
2020-08-16 22:45,6,1,5,0,0,0
2020-08-16 23:00,9,6,3,0,0,0
2020-08-16 23:15,10,4,6,0,0,0
2020-08-16 23:30,9,6,3,0,0,0
2020-08-16 23:45,3,1,2,0,0,0
2020-08-17 00:00,2,0,2,0,0,0
2020-08-17 00:15,2,0,2,0,0,0
2020-08-17 00:30,4,1,3,0,0,0
2020-08-17 00:45,2,1,1,0,0,0
2020-08-17 01:00,1,0,1,0,0,0
2020-08-17 01:15,0,0,0,0,0,0
2020-08-17 01:30,1,0,1,0,0,0
2020-08-17 01:45,0,0,0,0,0,0
2020-08-17 02:00,3,2,1,0,0,0
2020-08-17 02:15,0,0,0,0,0,0
2020-08-17 02:30,0,0,0,0,0,0
2020-08-17 02:45,2,0,2,0,0,0
2020-08-17 03:00,1,1,0,0,0,0
2020-08-17 03:15,3,2,1,0,0,0
2020-08-17 03:30,3,3,0,0,0,0
2020-08-17 03:45,0,0,0,0,0,0
2020-08-17 04:00,2,1,1,0,0,0
2020-08-17 04:15,0,0,0,0,0,0
2020-08-17 04:30,3,1,2,0,0,0
2020-08-17 04:45,6,5,1,0,0,0
2020-08-17 05:00,5,4,1,0,0,0
2020-08-17 05:15,4,3,1,0,0,0
2020-08-17 05:30,11,6,5,0,0,0
2020-08-17 05:45,16,13,3,0,0,0
2020-08-17 06:00,11,7,4,0,0,0
2020-08-17 06:15,19,13,6,0,0,0
2020-08-17 06:30,37,20,17,0,0,0
2020-08-17 06:45,37,19,18,0,0,0
2020-08-17 07:00,38,27,11,0,0,0
2020-08-17 07:15,99,66,33,0,0,0
2020-08-17 07:30,183,127,56,0,0,0
2020-08-17 07:45,117,71,46,0,0,0
2020-08-17 08:00,83,50,33,0,0,0
2020-08-17 08:15,64,40,24,0,0,0
2020-08-17 08:30,63,43,20,0,0,0
2020-08-17 08:45,73,52,21,0,0,0
2020-08-17 09:00,46,30,16,0,0,0
2020-08-17 09:15,48,35,13,0,0,0
2020-08-17 09:30,40,30,10,0,0,0
2020-08-17 09:45,44,29,15,0,0,0
2020-08-17 10:00,25,22,3,0,0,0
2020-08-17 10:15,36,25,11,0,0,0
2020-08-17 10:30,29,22,7,0,0,0
2020-08-17 10:45,38,26,12,0,0,0
2020-08-17 11:00,53,38,15,0,0,0
2020-08-17 11:15,26,20,6,0,0,0
2020-08-17 11:30,37,27,10,0,0,0
2020-08-17 11:45,40,22,18,0,0,0
2020-08-17 12:00,43,25,18,0,0,0
2020-08-17 12:15,45,24,21,0,0,0
2020-08-17 12:30,48,20,28,0,0,0
2020-08-17 12:45,40,24,16,0,0,0
2020-08-17 13:00,51,26,25,0,0,0
2020-08-17 13:15,59,23,36,0,0,0
2020-08-17 13:30,29,15,14,0,0,0
2020-08-17 13:45,58,36,22,0,0,0
2020-08-17 14:00,61,33,28,0,0,0
2020-08-17 14:15,48,35,13,0,0,0
2020-08-17 14:30,44,27,17,0,0,0
2020-08-17 14:45,60,39,21,0,0,0
2020-08-17 15:00,65,42,23,0,0,0
2020-08-17 15:15,46,26,20,0,0,0
2020-08-17 15:30,81,43,38,0,0,0
2020-08-17 15:45,94,41,53,0,0,0
2020-08-17 16:00,94,62,32,0,0,0
2020-08-17 16:15,87,59,28,0,0,0
2020-08-17 16:30,77,49,28,0,0,0
2020-08-17 16:45,52,34,18,0,0,0
2020-08-17 17:00,106,66,40,0,0,0
2020-08-17 17:15,91,63,28,0,0,0
2020-08-17 17:30,91,52,39,0,0,0
2020-08-17 17:45,90,55,35,0,0,0
2020-08-17 18:00,85,50,35,0,0,0
2020-08-17 18:15,69,42,27,0,0,0
2020-08-17 18:30,48,30,18,0,0,0
2020-08-17 18:45,69,44,25,0,0,0
2020-08-17 19:00,57,34,23,0,0,0
2020-08-17 19:15,24,11,13,0,0,0
2020-08-17 19:30,19,11,8,0,0,0
2020-08-17 19:45,27,13,14,0,0,0
2020-08-17 20:00,26,16,10,0,0,0
2020-08-17 20:15,36,27,9,0,0,0
2020-08-17 20:30,34,23,11,0,0,0
2020-08-17 20:45,25,10,15,0,0,0
2020-08-17 21:00,31,22,9,0,0,0
2020-08-17 21:15,10,4,6,0,0,0
2020-08-17 21:30,14,9,5,0,0,0
2020-08-17 21:45,10,4,6,0,0,0
2020-08-17 22:00,22,16,6,0,0,0
2020-08-17 22:15,13,11,2,0,0,0
2020-08-17 22:30,7,1,6,0,0,0
2020-08-17 22:45,16,7,9,0,0,0
2020-08-17 23:00,5,1,4,0,0,0
2020-08-17 23:15,8,3,5,0,0,0
2020-08-17 23:30,7,4,3,0,0,0
2020-08-17 23:45,11,6,5,0,0,0
2020-08-18 00:00,12,6,6,0,0,0
2020-08-18 00:15,5,0,5,0,0,0
2020-08-18 00:30,4,2,2,0,0,0
2020-08-18 00:45,3,2,1,0,0,0
2020-08-18 01:00,2,0,2,0,0,0
2020-08-18 01:15,3,1,2,0,0,0
2020-08-18 01:30,4,0,4,0,0,0
2020-08-18 01:45,0,0,0,0,0,0
2020-08-18 02:00,2,1,1,0,0,0
2020-08-18 02:15,1,1,0,0,0,0
2020-08-18 02:30,1,1,0,0,0,0
2020-08-18 02:45,2,2,0,0,0,0
2020-08-18 03:00,1,1,0,0,0,0
2020-08-18 03:15,4,1,3,0,0,0
2020-08-18 03:30,0,0,0,0,0,0
2020-08-18 03:45,0,0,0,0,0,0
2020-08-18 04:00,1,0,1,0,0,0
2020-08-18 04:15,1,0,1,0,0,0
2020-08-18 04:30,1,1,0,0,0,0
2020-08-18 04:45,7,5,2,0,0,0
2020-08-18 05:00,3,1,2,0,0,0
2020-08-18 05:15,6,5,1,0,0,0
2020-08-18 05:30,19,13,6,0,0,0
2020-08-18 05:45,18,15,3,0,0,0
2020-08-18 06:00,13,9,4,0,0,0
2020-08-18 06:15,25,16,9,0,0,0
2020-08-18 06:30,43,21,22,0,0,0
2020-08-18 06:45,52,28,24,0,0,0
2020-08-18 07:00,51,32,19,0,0,0
2020-08-18 07:15,87,63,24,0,0,0
2020-08-18 07:30,180,122,58,0,0,0
2020-08-18 07:45,108,66,42,0,0,0
2020-08-18 08:00,92,48,44,0,0,0
2020-08-18 08:15,70,38,32,0,0,0
2020-08-18 08:30,76,40,36,0,0,0
2020-08-18 08:45,86,64,22,0,0,0
2020-08-18 09:00,67,46,21,0,0,0
2020-08-18 09:15,68,48,20,0,0,0
2020-08-18 09:30,36,25,11,0,0,0
2020-08-18 09:45,32,23,9,0,0,0
2020-08-18 10:00,50,29,21,0,0,0
2020-08-18 10:15,38,27,11,0,0,0
2020-08-18 10:30,37,28,9,0,0,0
2020-08-18 10:45,47,29,18,0,0,0
2020-08-18 11:00,31,19,12,0,0,0
2020-08-18 11:15,39,24,15,0,0,0
2020-08-18 11:30,35,20,15,0,0,0
2020-08-18 11:45,32,22,10,0,0,0
2020-08-18 12:00,56,30,26,0,0,0
2020-08-18 12:15,46,28,18,0,0,0
2020-08-18 12:30,42,26,16,0,0,0
2020-08-18 12:45,47,28,19,0,0,0
2020-08-18 13:00,61,28,33,0,0,0
2020-08-18 13:15,65,30,35,0,0,0
2020-08-18 13:30,54,29,25,0,0,0
2020-08-18 13:45,64,40,24,0,0,0
2020-08-18 14:00,64,38,26,0,0,0
2020-08-18 14:15,58,34,24,0,0,0
2020-08-18 14:30,54,37,17,0,0,0
2020-08-18 14:45,62,34,28,0,0,0
2020-08-18 15:00,69,46,23,0,0,0
2020-08-18 15:15,59,34,25,0,0,0
2020-08-18 15:30,81,61,20,0,0,0
2020-08-18 15:45,70,48,22,0,0,0
2020-08-18 16:00,96,66,30,0,0,0
2020-08-18 16:15,97,68,29,0,0,0
2020-08-18 16:30,83,58,25,0,0,0
2020-08-18 16:45,84,55,29,0,0,0
2020-08-18 17:00,86,55,31,0,0,0
2020-08-18 17:15,97,59,38,0,0,0
2020-08-18 17:30,110,75,35,0,0,0
2020-08-18 17:45,105,60,45,0,0,0
2020-08-18 18:00,89,57,32,0,0,0
2020-08-18 18:15,64,34,30,0,0,0
2020-08-18 18:30,61,42,19,0,0,0
2020-08-18 18:45,59,43,16,0,0,0
2020-08-18 19:00,51,32,19,0,0,0
2020-08-18 19:15,47,37,10,0,0,0
2020-08-18 19:30,52,38,14,0,0,0
2020-08-18 19:45,60,34,26,0,0,0
2020-08-18 20:00,52,36,16,0,0,0
2020-08-18 20:15,35,18,17,0,0,0
2020-08-18 20:30,44,26,18,0,0,0
2020-08-18 20:45,40,26,14,0,0,0
2020-08-18 21:00,52,33,19,0,0,0
2020-08-18 21:15,32,15,17,0,0,0
2020-08-18 21:30,16,10,6,0,0,0
2020-08-18 21:45,16,7,9,0,0,0
2020-08-18 22:00,31,10,21,0,0,0
2020-08-18 22:15,23,13,10,0,0,0
2020-08-18 22:30,10,5,5,0,0,0
2020-08-18 22:45,15,6,9,0,0,0
2020-08-18 23:00,17,9,8,0,0,0
2020-08-18 23:15,13,8,5,0,0,0
2020-08-18 23:30,18,5,13,0,0,0
2020-08-18 23:45,15,5,10,0,0,0
2020-08-19 00:00,5,4,1,0,0,0
2020-08-19 00:15,4,3,1,0,0,0
2020-08-19 00:30,3,0,3,0,0,0
2020-08-19 00:45,11,5,6,0,0,0
2020-08-19 01:00,4,1,3,0,0,0
2020-08-19 01:15,5,2,3,0,0,0
2020-08-19 01:30,1,0,1,0,0,0
2020-08-19 01:45,4,1,3,0,0,0
2020-08-19 02:00,3,0,3,0,0,0
2020-08-19 02:15,0,0,0,0,0,0
2020-08-19 02:30,1,1,0,0,0,0
2020-08-19 02:45,1,0,1,0,0,0
2020-08-19 03:00,0,0,0,0,0,0
2020-08-19 03:15,0,0,0,0,0,0
2020-08-19 03:30,2,2,0,0,0,0
2020-08-19 03:45,3,1,2,0,0,0
2020-08-19 04:00,2,1,1,0,0,0
2020-08-19 04:15,2,1,1,0,0,0
2020-08-19 04:30,1,1,0,0,0,0
2020-08-19 04:45,8,7,1,0,0,0
2020-08-19 05:00,1,1,0,0,0,0
2020-08-19 05:15,7,4,3,0,0,0
2020-08-19 05:30,18,13,5,0,0,0
2020-08-19 05:45,17,15,2,0,0,0
2020-08-19 06:00,14,8,6,0,0,0
2020-08-19 06:15,16,10,6,0,0,0
2020-08-19 06:30,35,20,15,0,0,0
2020-08-19 06:45,54,25,29,0,0,0
2020-08-19 07:00,57,31,26,0,0,0
2020-08-19 07:15,98,65,33,0,0,0
2020-08-19 07:30,176,112,64,0,0,0
2020-08-19 07:45,146,95,51,0,0,0
2020-08-19 08:00,85,53,32,0,0,0
2020-08-19 08:15,91,46,45,0,0,0
2020-08-19 08:30,73,46,27,0,0,0
2020-08-19 08:45,82,65,17,0,0,0
2020-08-19 09:00,57,43,14,0,0,0
2020-08-19 09:15,45,34,11,0,0,0
2020-08-19 09:30,39,28,11,0,0,0
2020-08-19 09:45,42,32,10,0,0,0
2020-08-19 10:00,54,38,16,0,0,0
2020-08-19 10:15,49,41,8,0,0,0
2020-08-19 10:30,56,35,21,0,0,0
2020-08-19 10:45,49,33,16,0,0,0
2020-08-19 11:00,52,32,20,0,0,0
2020-08-19 11:15,50,38,12,0,0,0
2020-08-19 11:30,51,27,24,0,0,0
2020-08-19 11:45,42,22,20,0,0,0
2020-08-19 12:00,51,31,20,0,0,0
2020-08-19 12:15,65,48,17,0,0,0
2020-08-19 12:30,60,31,29,0,0,0
2020-08-19 12:45,60,25,35,0,0,0
2020-08-19 13:00,40,27,13,0,0,0
2020-08-19 13:15,58,30,28,0,0,0
2020-08-19 13:30,63,29,34,0,0,0
2020-08-19 13:45,73,44,29,0,0,0
2020-08-19 14:00,63,32,31,0,0,0
2020-08-19 14:15,55,33,22,0,0,0
2020-08-19 14:30,64,40,24,0,0,0
2020-08-19 14:45,73,42,31,0,0,0
2020-08-19 15:00,68,44,24,0,0,0
2020-08-19 15:15,68,51,17,0,0,0
2020-08-19 15:30,75,37,38,0,0,0
2020-08-19 15:45,81,46,35,0,0,0
2020-08-19 16:00,73,41,32,0,0,0
2020-08-19 16:15,89,55,34,0,0,0
2020-08-19 16:30,89,56,33,0,0,0
2020-08-19 16:45,74,47,27,0,0,0
2020-08-19 17:00,90,60,30,0,0,0
2020-08-19 17:15,103,64,39,0,0,0
2020-08-19 17:30,87,62,25,0,0,0
2020-08-19 17:45,92,59,33,0,0,0
2020-08-19 18:00,76,50,26,0,0,0
2020-08-19 18:15,74,44,30,0,0,0
2020-08-19 18:30,58,39,19,0,0,0
2020-08-19 18:45,72,47,25,0,0,0
2020-08-19 19:00,63,40,23,0,0,0
2020-08-19 19:15,53,33,20,0,0,0
2020-08-19 19:30,55,28,27,0,0,0
2020-08-19 19:45,59,34,25,0,0,0
2020-08-19 20:00,55,29,26,0,0,0
2020-08-19 20:15,45,23,22,0,0,0
2020-08-19 20:30,38,22,16,0,0,0
2020-08-19 20:45,42,22,20,0,0,0
2020-08-19 21:00,34,23,11,0,0,0
2020-08-19 21:15,31,13,18,0,0,0
2020-08-19 21:30,29,13,16,0,0,0
2020-08-19 21:45,33,16,17,0,0,0
2020-08-19 22:00,18,8,10,0,0,0
2020-08-19 22:15,23,9,14,0,0,0
2020-08-19 22:30,19,6,13,0,0,0
2020-08-19 22:45,20,2,18,0,0,0
2020-08-19 23:00,27,16,11,0,0,0
2020-08-19 23:15,33,6,27,0,0,0
2020-08-19 23:30,24,6,18,0,0,0
2020-08-19 23:45,18,5,13,0,0,0
2020-08-20 00:00,12,4,8,0,0,0
2020-08-20 00:15,19,14,5,0,0,0
2020-08-20 00:30,3,1,2,0,0,0
2020-08-20 00:45,3,2,1,0,0,0
2020-08-20 01:00,10,3,7,0,0,0
2020-08-20 01:15,1,0,1,0,0,0
2020-08-20 01:30,1,0,1,0,0,0
2020-08-20 01:45,9,3,6,0,0,0
2020-08-20 02:00,4,0,4,0,0,0
2020-08-20 02:15,5,0,5,0,0,0
2020-08-20 02:30,3,3,0,0,0,0
2020-08-20 02:45,1,0,1,0,0,0
2020-08-20 03:00,0,0,0,0,0,0
2020-08-20 03:15,4,1,3,0,0,0
2020-08-20 03:30,0,0,0,0,0,0
2020-08-20 03:45,1,1,0,0,0,0
2020-08-20 04:00,2,1,1,0,0,0
2020-08-20 04:15,1,0,1,0,0,0
2020-08-20 04:30,2,1,1,0,0,0
2020-08-20 04:45,5,3,2,0,0,0
2020-08-20 05:00,5,4,1,0,0,0
2020-08-20 05:15,6,4,2,0,0,0
2020-08-20 05:30,14,9,5,0,0,0
2020-08-20 05:45,25,21,4,0,0,0
2020-08-20 06:00,11,6,5,0,0,0
2020-08-20 06:15,18,8,10,0,0,0
2020-08-20 06:30,36,14,22,0,0,0
2020-08-20 06:45,44,23,21,0,0,0
2020-08-20 07:00,48,21,27,0,0,0
2020-08-20 07:15,103,68,35,0,0,0
2020-08-20 07:30,158,111,47,0,0,0
2020-08-20 07:45,132,77,55,0,0,0
2020-08-20 08:00,80,49,31,0,0,0
2020-08-20 08:15,104,67,37,0,0,0
2020-08-20 08:30,67,38,29,0,0,0
2020-08-20 08:45,82,50,32,0,0,0
2020-08-20 09:00,56,38,18,0,0,0
2020-08-20 09:15,51,39,12,0,0,0
2020-08-20 09:30,41,30,11,0,0,0
2020-08-20 09:45,36,24,12,0,0,0
2020-08-20 10:00,20,12,8,0,0,0
2020-08-20 10:15,42,24,18,0,0,0
2020-08-20 10:30,35,26,9,0,0,0
2020-08-20 10:45,35,24,11,0,0,0
2020-08-20 11:00,36,25,11,0,0,0
2020-08-20 11:15,49,34,15,0,0,0
2020-08-20 11:30,41,27,14,0,0,0
2020-08-20 11:45,43,33,10,0,0,0
2020-08-20 12:00,43,26,17,0,0,0
2020-08-20 12:15,48,26,22,0,0,0
2020-08-20 12:30,67,42,25,0,0,0
2020-08-20 12:45,55,35,20,0,0,0
2020-08-20 13:00,48,29,19,0,0,0
2020-08-20 13:15,76,38,38,0,0,0
2020-08-20 13:30,55,32,23,0,0,0
2020-08-20 13:45,82,59,23,0,0,0
2020-08-20 14:00,92,57,35,0,0,0
2020-08-20 14:15,48,26,22,0,0,0
2020-08-20 14:30,53,39,14,0,0,0
2020-08-20 14:45,80,53,27,0,0,0
2020-08-20 15:00,60,34,26,0,0,0
2020-08-20 15:15,76,45,31,0,0,0
2020-08-20 15:30,70,35,35,0,0,0
2020-08-20 15:45,100,58,42,0,0,0
2020-08-20 16:00,84,54,30,0,0,0
2020-08-20 16:15,75,53,22,0,0,0
2020-08-20 16:30,81,56,25,0,0,0
2020-08-20 16:45,72,43,29,0,0,0
2020-08-20 17:00,104,63,41,0,0,0
2020-08-20 17:15,114,79,35,0,0,0
2020-08-20 17:30,85,54,31,0,0,0
2020-08-20 17:45,72,41,31,0,0,0
2020-08-20 18:00,73,40,33,0,0,0
2020-08-20 18:15,78,53,25,0,0,0
2020-08-20 18:30,58,29,29,0,0,0
2020-08-20 18:45,72,46,26,0,0,0
2020-08-20 19:00,50,29,21,0,0,0
2020-08-20 19:15,74,52,22,0,0,0
2020-08-20 19:30,52,31,21,0,0,0
2020-08-20 19:45,63,39,24,0,0,0
2020-08-20 20:00,44,28,16,0,0,0
2020-08-20 20:15,36,21,15,0,0,0
2020-08-20 20:30,32,13,19,0,0,0
2020-08-20 20:45,25,18,7,0,0,0
2020-08-20 21:00,42,19,23,0,0,0
2020-08-20 21:15,41,15,26,0,0,0
2020-08-20 21:30,29,16,13,0,0,0
2020-08-20 21:45,26,16,10,0,0,0
2020-08-20 22:00,33,15,18,0,0,0
2020-08-20 22:15,26,15,11,0,0,0
2020-08-20 22:30,13,5,8,0,0,0
2020-08-20 22:45,23,14,9,0,0,0
2020-08-20 23:00,10,2,8,0,0,0
2020-08-20 23:15,18,3,15,0,0,0
2020-08-20 23:30,10,6,4,0,0,0
2020-08-20 23:45,20,13,7,0,0,0
2020-08-21 00:00,5,4,1,0,0,0
2020-08-21 00:15,6,2,4,0,0,0
2020-08-21 00:30,10,4,6,0,0,0
2020-08-21 00:45,6,3,3,0,0,0
2020-08-21 01:00,8,3,5,0,0,0
2020-08-21 01:15,3,0,3,0,0,0
2020-08-21 01:30,10,3,7,0,0,0
2020-08-21 01:45,5,0,5,0,0,0
2020-08-21 02:00,2,0,2,0,0,0
2020-08-21 02:15,1,0,1,0,0,0
2020-08-21 02:30,5,3,2,0,0,0
2020-08-21 02:45,2,1,1,0,0,0
2020-08-21 03:00,0,0,0,0,0,0
2020-08-21 03:15,1,1,0,0,0,0
2020-08-21 03:30,1,1,0,0,0,0
2020-08-21 03:45,2,1,1,0,0,0
2020-08-21 04:00,3,3,0,0,0,0
2020-08-21 04:15,1,0,1,0,0,0
2020-08-21 04:30,1,1,0,0,0,0
2020-08-21 04:45,8,5,3,0,0,0
2020-08-21 05:00,3,3,0,0,0,0
2020-08-21 05:15,2,1,1,0,0,0
2020-08-21 05:30,8,6,2,0,0,0
2020-08-21 05:45,16,11,5,0,0,0
2020-08-21 06:00,12,7,5,0,0,0
2020-08-21 06:15,15,8,7,0,0,0
2020-08-21 06:30,31,12,19,0,0,0
2020-08-21 06:45,45,31,14,0,0,0
2020-08-21 07:00,52,31,21,0,0,0
2020-08-21 07:15,58,39,19,0,0,0
2020-08-21 07:30,95,63,32,0,0,0
2020-08-21 07:45,85,53,32,0,0,0
2020-08-21 08:00,55,33,22,0,0,0
2020-08-21 08:15,40,24,16,0,0,0
2020-08-21 08:30,46,23,23,0,0,0
2020-08-21 08:45,62,42,20,0,0,0
2020-08-21 09:00,22,17,5,0,0,0
2020-08-21 09:15,36,31,5,0,0,0
2020-08-21 09:30,42,31,11,0,0,0
2020-08-21 09:45,39,31,8,0,0,0
2020-08-21 10:00,29,23,6,0,0,0
2020-08-21 10:15,23,11,12,0,0,0
2020-08-21 10:30,38,22,16,0,0,0
2020-08-21 10:45,32,24,8,0,0,0
2020-08-21 11:00,37,28,9,0,0,0
2020-08-21 11:15,38,26,12,0,0,0
2020-08-21 11:30,53,36,17,0,0,0
2020-08-21 11:45,29,24,5,0,0,0
2020-08-21 12:00,44,21,23,0,0,0
2020-08-21 12:15,50,33,17,0,0,0
2020-08-21 12:30,51,36,15,0,0,0
2020-08-21 12:45,48,32,16,0,0,0
2020-08-21 13:00,52,20,32,0,0,0
2020-08-21 13:15,68,34,34,0,0,0
2020-08-21 13:30,57,34,23,0,0,0
2020-08-21 13:45,73,46,27,0,0,0
2020-08-21 14:00,65,36,29,0,0,0
2020-08-21 14:15,55,41,14,0,0,0
2020-08-21 14:30,56,30,26,0,0,0
2020-08-21 14:45,68,48,20,0,0,0
2020-08-21 15:00,78,47,31,0,0,0
2020-08-21 15:15,71,43,28,0,0,0
2020-08-21 15:30,79,49,30,0,0,0
2020-08-21 15:45,55,37,18,0,0,0
2020-08-21 16:00,65,45,20,0,0,0
2020-08-21 16:15,75,43,32,0,0,0
2020-08-21 16:30,60,39,21,0,0,0
2020-08-21 16:45,71,43,28,0,0,0
2020-08-21 17:00,43,29,14,0,0,0
2020-08-21 17:15,18,12,6,0,0,0
2020-08-21 17:30,39,24,15,0,0,0
2020-08-21 17:45,38,26,12,0,0,0
2020-08-21 18:00,64,39,25,0,0,0
2020-08-21 18:15,66,52,14,0,0,0
2020-08-21 18:30,42,27,15,0,0,0
2020-08-21 18:45,31,23,8,0,0,0
2020-08-21 19:00,50,39,11,0,0,0
2020-08-21 19:15,33,19,14,0,0,0
2020-08-21 19:30,34,28,6,0,0,0
2020-08-21 19:45,38,23,15,0,0,0
2020-08-21 20:00,35,21,14,0,0,0
2020-08-21 20:15,44,33,11,0,0,0
2020-08-21 20:30,22,20,2,0,0,0
2020-08-21 20:45,16,8,8,0,0,0
2020-08-21 21:00,23,16,7,0,0,0
2020-08-21 21:15,28,17,11,0,0,0
2020-08-21 21:30,13,7,6,0,0,0
2020-08-21 21:45,29,13,16,0,0,0
2020-08-21 22:00,19,14,5,0,0,0
2020-08-21 22:15,22,12,10,0,0,0
2020-08-21 22:30,14,10,4,0,0,0
2020-08-21 22:45,5,3,2,0,0,0
2020-08-21 23:00,22,8,14,0,0,0
2020-08-21 23:15,14,12,2,0,0,0
2020-08-21 23:30,16,3,13,0,0,0
2020-08-21 23:45,17,13,4,0,0,0
2020-08-22 00:00,17,8,9,0,0,0
2020-08-22 00:15,16,5,11,0,0,0
2020-08-22 00:30,25,11,14,0,0,0
2020-08-22 00:45,10,5,5,0,0,0
2020-08-22 01:00,18,3,15,0,0,0
2020-08-22 01:15,12,7,5,0,0,0
2020-08-22 01:30,8,3,5,0,0,0
2020-08-22 01:45,4,3,1,0,0,0
2020-08-22 02:00,9,3,6,0,0,0
2020-08-22 02:15,13,3,10,0,0,0
2020-08-22 02:30,4,3,1,0,0,0
2020-08-22 02:45,4,1,3,0,0,0
2020-08-22 03:00,7,0,7,0,0,0
2020-08-22 03:15,3,3,0,0,0,0
2020-08-22 03:30,3,1,2,0,0,0
2020-08-22 03:45,3,2,1,0,0,0
2020-08-22 04:00,0,0,0,0,0,0
2020-08-22 04:15,5,2,3,0,0,0
2020-08-22 04:30,6,0,6,0,0,0
2020-08-22 04:45,2,2,0,0,0,0
2020-08-22 05:00,3,2,1,0,0,0
2020-08-22 05:15,1,1,0,0,0,0
2020-08-22 05:30,8,7,1,0,0,0
2020-08-22 05:45,5,4,1,0,0,0
2020-08-22 06:00,3,1,2,0,0,0
2020-08-22 06:15,6,5,1,0,0,0
2020-08-22 06:30,2,2,0,0,0,0
2020-08-22 06:45,4,2,2,0,0,0
2020-08-22 07:00,4,3,1,0,0,0
2020-08-22 07:15,5,2,3,0,0,0
2020-08-22 07:30,18,9,9,0,0,0
2020-08-22 07:45,13,6,7,0,0,0
2020-08-22 08:00,13,9,4,0,0,0
2020-08-22 08:15,20,12,8,0,0,0
2020-08-22 08:30,19,14,5,0,0,0
2020-08-22 08:45,24,16,8,0,0,0
2020-08-22 09:00,24,19,5,0,0,0
2020-08-22 09:15,29,22,7,0,0,0
2020-08-22 09:30,25,17,8,0,0,0
2020-08-22 09:45,35,28,7,0,0,0
2020-08-22 10:00,45,41,4,0,0,0
2020-08-22 10:15,27,16,11,0,0,0
2020-08-22 10:30,56,47,9,0,0,0
2020-08-22 10:45,43,34,9,0,0,0
2020-08-22 11:00,37,30,7,0,0,0
2020-08-22 11:15,55,35,20,0,0,0
2020-08-22 11:30,49,36,13,0,0,0
2020-08-22 11:45,63,43,20,0,0,0
2020-08-22 12:00,43,28,15,0,0,0
2020-08-22 12:15,35,22,13,0,0,0
2020-08-22 12:30,65,37,28,0,0,0
2020-08-22 12:45,49,35,14,0,0,0
2020-08-22 13:00,49,32,17,0,0,0
2020-08-22 13:15,42,31,11,0,0,0
2020-08-22 13:30,47,27,20,0,0,0
2020-08-22 13:45,71,46,25,0,0,0
2020-08-22 14:00,41,25,16,0,0,0
2020-08-22 14:15,51,34,17,0,0,0
2020-08-22 14:30,58,39,19,0,0,0
2020-08-22 14:45,48,32,16,0,0,0
2020-08-22 15:00,52,36,16,0,0,0
2020-08-22 15:15,50,29,21,0,0,0
2020-08-22 15:30,44,29,15,0,0,0
2020-08-22 15:45,52,27,25,0,0,0
2020-08-22 16:00,39,25,14,0,0,0
2020-08-22 16:15,50,31,19,0,0,0
2020-08-22 16:30,48,28,20,0,0,0
2020-08-22 16:45,50,37,13,0,0,0
2020-08-22 17:00,38,27,11,0,0,0
2020-08-22 17:15,54,29,25,0,0,0
2020-08-22 17:30,55,34,21,0,0,0
2020-08-22 17:45,70,39,31,0,0,0
2020-08-22 18:00,58,33,25,0,0,0
2020-08-22 18:15,33,23,10,0,0,0
2020-08-22 18:30,39,21,18,0,0,0
2020-08-22 18:45,70,48,22,0,0,0
2020-08-22 19:00,32,19,13,0,0,0
2020-08-22 19:15,54,30,24,0,0,0
2020-08-22 19:30,50,29,21,0,0,0
2020-08-22 19:45,40,23,17,0,0,0
2020-08-22 20:00,55,48,7,0,0,0
2020-08-22 20:15,25,16,9,0,0,0
2020-08-22 20:30,32,19,13,0,0,0
2020-08-22 20:45,36,18,18,0,0,0
2020-08-22 21:00,26,13,13,0,0,0
2020-08-22 21:15,12,9,3,0,0,0
2020-08-22 21:30,29,23,6,0,0,0
2020-08-22 21:45,22,13,9,0,0,0
2020-08-22 22:00,17,7,10,0,0,0
2020-08-22 22:15,31,17,14,0,0,0
2020-08-22 22:30,31,24,7,0,0,0
2020-08-22 22:45,26,9,17,0,0,0
2020-08-22 23:00,12,6,6,0,0,0
2020-08-22 23:15,19,7,12,0,0,0
2020-08-22 23:30,18,4,14,0,0,0
2020-08-22 23:45,29,6,23,0,0,0
2020-08-23 00:00,24,6,18,0,0,0
2020-08-23 00:15,22,12,10,0,0,0
2020-08-23 00:30,20,6,14,0,0,0
2020-08-23 00:45,18,11,7,0,0,0
2020-08-23 01:00,15,7,8,0,0,0
2020-08-23 01:15,6,4,2,0,0,0
2020-08-23 01:30,7,5,2,0,0,0
2020-08-23 01:45,10,7,3,0,0,0
2020-08-23 02:00,17,6,11,0,0,0
2020-08-23 02:15,6,2,4,0,0,0
2020-08-23 02:30,2,1,1,0,0,0
2020-08-23 02:45,2,0,2,0,0,0
2020-08-23 03:00,5,4,1,0,0,0
2020-08-23 03:15,9,3,6,0,0,0
2020-08-23 03:30,8,3,5,0,0,0
2020-08-23 03:45,7,3,4,0,0,0
2020-08-23 04:00,4,3,1,0,0,0
2020-08-23 04:15,0,0,0,0,0,0
2020-08-23 04:30,5,1,4,0,0,0
2020-08-23 04:45,2,2,0,0,0,0
2020-08-23 05:00,4,3,1,0,0,0
2020-08-23 05:15,1,0,1,0,0,0
2020-08-23 05:30,4,3,1,0,0,0
2020-08-23 05:45,1,1,0,0,0,0
2020-08-23 06:00,1,1,0,0,0,0
2020-08-23 06:15,2,1,1,0,0,0
2020-08-23 06:30,4,2,2,0,0,0
2020-08-23 06:45,2,0,2,0,0,0
2020-08-23 07:00,2,2,0,0,0,0
2020-08-23 07:15,1,0,1,0,0,0
2020-08-23 07:30,10,1,9,0,0,0
2020-08-23 07:45,4,4,0,0,0,0
2020-08-23 08:00,3,2,1,0,0,0
2020-08-23 08:15,5,5,0,0,0,0
2020-08-23 08:30,9,6,3,0,0,0
2020-08-23 08:45,10,5,5,0,0,0
2020-08-23 09:00,3,0,3,0,0,0
2020-08-23 09:15,10,8,2,0,0,0
2020-08-23 09:30,15,11,4,0,0,0
2020-08-23 09:45,28,23,5,0,0,0
2020-08-23 10:00,15,12,3,0,0,0
2020-08-23 10:15,25,16,9,0,0,0
2020-08-23 10:30,26,19,7,0,0,0
2020-08-23 10:45,24,14,10,0,0,0
2020-08-23 11:00,19,9,10,0,0,0
2020-08-23 11:15,21,9,12,0,0,0
2020-08-23 11:30,24,15,9,0,0,0
2020-08-23 11:45,19,13,6,0,0,0
2020-08-23 12:00,30,17,13,0,0,0
2020-08-23 12:15,28,14,14,0,0,0
2020-08-23 12:30,38,14,24,0,0,0
2020-08-23 12:45,30,15,15,0,0,0
2020-08-23 13:00,26,17,9,0,0,0
2020-08-23 13:15,34,20,14,0,0,0
2020-08-23 13:30,37,20,17,0,0,0
2020-08-23 13:45,19,11,8,0,0,0
2020-08-23 14:00,33,18,15,0,0,0
2020-08-23 14:15,36,21,15,0,0,0
2020-08-23 14:30,26,16,10,0,0,0
2020-08-23 14:45,42,33,9,0,0,0
2020-08-23 15:00,35,26,9,0,0,0
2020-08-23 15:15,25,14,11,0,0,0
2020-08-23 15:30,27,21,6,0,0,0
2020-08-23 15:45,41,34,7,0,0,0
2020-08-23 16:00,24,10,14,0,0,0
2020-08-23 16:15,38,23,15,0,0,0
2020-08-23 16:30,27,16,11,0,0,0
2020-08-23 16:45,41,33,8,0,0,0
2020-08-23 17:00,35,19,16,0,0,0
2020-08-23 17:15,41,20,21,0,0,0
2020-08-23 17:30,44,27,17,0,0,0
2020-08-23 17:45,50,36,14,0,0,0
2020-08-23 18:00,21,13,8,0,0,0
2020-08-23 18:15,32,10,22,0,0,0
2020-08-23 18:30,49,34,15,0,0,0
2020-08-23 18:45,37,22,15,0,0,0
2020-08-23 19:00,24,20,4,0,0,0
2020-08-23 19:15,26,11,15,0,0,0
2020-08-23 19:30,44,25,19,0,0,0
2020-08-23 19:45,28,14,14,0,0,0
2020-08-23 20:00,42,25,17,0,0,0
2020-08-23 20:15,35,22,13,0,0,0
2020-08-23 20:30,27,13,14,0,0,0
2020-08-23 20:45,24,11,13,0,0,0
2020-08-23 21:00,14,7,7,0,0,0
2020-08-23 21:15,15,2,13,0,0,0
2020-08-23 21:30,21,8,13,0,0,0
2020-08-23 21:45,7,1,6,0,0,0
2020-08-23 22:00,13,5,8,0,0,0
2020-08-23 22:15,8,4,4,0,0,0
2020-08-23 22:30,7,2,5,0,0,0
2020-08-23 22:45,11,0,11,0,0,0
2020-08-23 23:00,19,10,9,0,0,0
2020-08-23 23:15,14,11,3,0,0,0
2020-08-23 23:30,24,8,16,0,0,0
2020-08-23 23:45,6,3,3,0,0,0
2020-08-24 00:00,2,0,2,0,0,0
2020-08-24 00:15,7,2,5,0,0,0
2020-08-24 00:30,2,0,2,0,0,0
2020-08-24 00:45,6,2,4,0,0,0
2020-08-24 01:00,4,1,3,0,0,0
2020-08-24 01:15,1,0,1,0,0,0
2020-08-24 01:30,1,0,1,0,0,0
2020-08-24 01:45,2,0,2,0,0,0
2020-08-24 02:00,4,3,1,0,0,0
2020-08-24 02:15,0,0,0,0,0,0
2020-08-24 02:30,0,0,0,0,0,0
2020-08-24 02:45,0,0,0,0,0,0
2020-08-24 03:00,0,0,0,0,0,0
2020-08-24 03:15,1,1,0,0,0,0
2020-08-24 03:30,1,1,0,0,0,0
2020-08-24 03:45,2,1,1,0,0,0
2020-08-24 04:00,0,0,0,0,0,0
2020-08-24 04:15,0,0,0,0,0,0
2020-08-24 04:30,1,0,1,0,0,0
2020-08-24 04:45,8,8,0,0,0,0
2020-08-24 05:00,1,0,1,0,0,0
2020-08-24 05:15,6,4,2,0,0,0
2020-08-24 05:30,13,10,3,0,0,0
2020-08-24 05:45,10,5,5,0,0,0
2020-08-24 06:00,14,11,3,0,0,0
2020-08-24 06:15,18,13,5,0,0,0
2020-08-24 06:30,30,17,13,0,0,0
2020-08-24 06:45,46,27,19,0,0,0
2020-08-24 07:00,39,16,23,0,0,0
2020-08-24 07:15,87,53,34,0,0,0
2020-08-24 07:30,165,112,53,0,0,0
2020-08-24 07:45,141,88,53,0,0,0
2020-08-24 08:00,68,39,29,0,0,0
2020-08-24 08:15,70,48,22,0,0,0
2020-08-24 08:30,59,36,23,0,0,0
2020-08-24 08:45,63,44,19,0,0,0
2020-08-24 09:00,55,38,17,0,0,0
2020-08-24 09:15,34,27,7,0,0,0
2020-08-24 09:30,48,36,12,0,0,0
2020-08-24 09:45,41,26,15,0,0,0
2020-08-24 10:00,30,24,6,0,0,0
2020-08-24 10:15,40,23,17,0,0,0
2020-08-24 10:30,28,17,11,0,0,0
2020-08-24 10:45,36,22,14,0,0,0
2020-08-24 11:00,39,25,14,0,0,0
2020-08-24 11:15,40,29,11,0,0,0
2020-08-24 11:30,35,22,13,0,0,0
2020-08-24 11:45,39,23,16,0,0,0
2020-08-24 12:00,41,26,15,0,0,0
2020-08-24 12:15,39,22,17,0,0,0
2020-08-24 12:30,41,16,25,0,0,0
2020-08-24 12:45,34,21,13,0,0,0
2020-08-24 13:00,30,14,16,0,0,0
2020-08-24 13:15,30,14,16,0,0,0
2020-08-24 13:30,26,14,12,0,0,0
2020-08-24 13:45,54,33,21,0,0,0
2020-08-24 14:00,44,23,21,0,0,0
2020-08-24 14:15,30,17,13,0,0,0
2020-08-24 14:30,26,19,7,0,0,0
2020-08-24 14:45,43,25,18,0,0,0
2020-08-24 15:00,43,31,12,0,0,0
2020-08-24 15:15,46,32,14,0,0,0
2020-08-24 15:30,59,34,25,0,0,0
2020-08-24 15:45,73,42,31,0,0,0
2020-08-24 16:00,65,48,17,0,0,0
2020-08-24 16:15,66,45,21,0,0,0
2020-08-24 16:30,68,49,19,0,0,0
2020-08-24 16:45,79,53,26,0,0,0
2020-08-24 17:00,62,39,23,0,0,0
2020-08-24 17:15,73,47,26,0,0,0
2020-08-24 17:30,65,44,21,0,0,0
2020-08-24 17:45,76,57,19,0,0,0
2020-08-24 18:00,58,32,26,0,0,0
2020-08-24 18:15,61,34,27,0,0,0
2020-08-24 18:30,57,43,14,0,0,0
2020-08-24 18:45,48,31,17,0,0,0
2020-08-24 19:00,45,32,13,0,0,0
2020-08-24 19:15,43,32,11,0,0,0
2020-08-24 19:30,33,18,15,0,0,0
2020-08-24 19:45,35,21,14,0,0,0
2020-08-24 20:00,41,28,13,0,0,0
2020-08-24 20:15,25,16,9,0,0,0
2020-08-24 20:30,28,17,11,0,0,0
2020-08-24 20:45,26,12,14,0,0,0
2020-08-24 21:00,33,16,17,0,0,0
2020-08-24 21:15,20,7,13,0,0,0
2020-08-24 21:30,32,11,21,0,0,0
2020-08-24 21:45,23,15,8,0,0,0
2020-08-24 22:00,24,10,14,0,0,0
2020-08-24 22:15,14,6,8,0,0,0
2020-08-24 22:30,13,7,6,0,0,0
2020-08-24 22:45,8,4,4,0,0,0
2020-08-24 23:00,4,0,4,0,0,0
2020-08-24 23:15,3,1,2,0,0,0
2020-08-24 23:30,5,4,1,0,0,0
2020-08-24 23:45,6,5,1,0,0,0
2020-08-25 00:00,3,0,3,0,0,0
2020-08-25 00:15,3,0,3,0,0,0
2020-08-25 00:30,5,2,3,0,0,0
2020-08-25 00:45,3,3,0,0,0,0
2020-08-25 01:00,5,0,5,0,0,0
2020-08-25 01:15,3,1,2,0,0,0
2020-08-25 01:30,2,1,1,0,0,0
2020-08-25 01:45,2,1,1,0,0,0
2020-08-25 02:00,2,1,1,0,0,0
2020-08-25 02:15,0,0,0,0,0,0
2020-08-25 02:30,0,0,0,0,0,0
2020-08-25 02:45,2,0,2,0,0,0
2020-08-25 03:00,3,2,1,0,0,0
2020-08-25 03:15,2,2,0,0,0,0
2020-08-25 03:30,0,0,0,0,0,0
2020-08-25 03:45,1,0,1,0,0,0
2020-08-25 04:00,0,0,0,0,0,0
2020-08-25 04:15,1,0,1,0,0,0
2020-08-25 04:30,3,2,1,0,0,0
2020-08-25 04:45,5,5,0,0,0,0
2020-08-25 05:00,4,3,1,0,0,0
2020-08-25 05:15,6,2,4,0,0,0
2020-08-25 05:30,14,9,5,0,0,0
2020-08-25 05:45,9,6,3,0,0,0
2020-08-25 06:00,19,14,5,0,0,0
2020-08-25 06:15,19,12,7,0,0,0
2020-08-25 06:30,41,21,20,0,0,0
2020-08-25 06:45,51,28,23,0,0,0
2020-08-25 07:00,48,31,17,0,0,0
2020-08-25 07:15,85,50,35,0,0,0
2020-08-25 07:30,168,113,55,0,0,0
2020-08-25 07:45,152,95,57,0,0,0
2020-08-25 08:00,75,36,39,0,0,0
2020-08-25 08:15,79,47,32,0,0,0
2020-08-25 08:30,74,46,28,0,0,0
2020-08-25 08:45,84,57,27,0,0,0
2020-08-25 09:00,48,28,20,0,0,0
2020-08-25 09:15,61,45,16,0,0,0
2020-08-25 09:30,40,27,13,0,0,0
2020-08-25 09:45,50,40,10,0,0,0
2020-08-25 10:00,36,22,14,0,0,0
2020-08-25 10:15,41,33,8,0,0,0
2020-08-25 10:30,36,28,8,0,0,0
2020-08-25 10:45,24,13,11,0,0,0
2020-08-25 11:00,52,34,18,0,0,0
2020-08-25 11:15,45,32,13,0,0,0
2020-08-25 11:30,33,24,9,0,0,0
2020-08-25 11:45,32,23,9,0,0,0
2020-08-25 12:00,44,29,15,0,0,0
2020-08-25 12:15,53,32,21,0,0,0
2020-08-25 12:30,34,20,14,0,0,0
2020-08-25 12:45,71,41,30,0,0,0
2020-08-25 13:00,55,29,26,0,0,0
2020-08-25 13:15,62,25,37,0,0,0
2020-08-25 13:30,46,19,27,0,0,0
2020-08-25 13:45,63,40,23,0,0,0
2020-08-25 14:00,64,39,25,0,0,0
2020-08-25 14:15,48,26,22,0,0,0
2020-08-25 14:30,61,38,23,0,0,0
2020-08-25 14:45,60,36,24,0,0,0
2020-08-25 15:00,68,43,25,0,0,0
2020-08-25 15:15,59,38,21,0,0,0
2020-08-25 15:30,68,42,26,0,0,0
2020-08-25 15:45,69,37,32,0,0,0
2020-08-25 16:00,58,32,26,0,0,0
2020-08-25 16:15,51,36,15,0,0,0
2020-08-25 16:30,62,48,14,0,0,0
2020-08-25 16:45,59,48,11,0,0,0
2020-08-25 17:00,62,47,15,0,0,0
2020-08-25 17:15,38,25,13,0,0,0
2020-08-25 17:30,86,59,27,0,0,0
2020-08-25 17:45,76,38,38,0,0,0
2020-08-25 18:00,74,53,21,0,0,0
2020-08-25 18:15,48,32,16,0,0,0
2020-08-25 18:30,59,41,18,0,0,0
2020-08-25 18:45,60,45,15,0,0,0
2020-08-25 19:00,48,23,25,0,0,0
2020-08-25 19:15,37,17,20,0,0,0
2020-08-25 19:30,28,18,10,0,0,0
2020-08-25 19:45,42,26,16,0,0,0
2020-08-25 20:00,36,20,16,0,0,0
2020-08-25 20:15,40,25,15,0,0,0
2020-08-25 20:30,25,10,15,0,0,0
2020-08-25 20:45,20,8,12,0,0,0
2020-08-25 21:00,27,15,12,0,0,0
2020-08-25 21:15,22,9,13,0,0,0
2020-08-25 21:30,14,11,3,0,0,0
2020-08-25 21:45,15,10,5,0,0,0
2020-08-25 22:00,23,8,15,0,0,0
2020-08-25 22:15,19,9,10,0,0,0
2020-08-25 22:30,15,7,8,0,0,0
2020-08-25 22:45,13,8,5,0,0,0
2020-08-25 23:00,5,1,4,0,0,0
2020-08-25 23:15,10,5,5,0,0,0
2020-08-25 23:30,2,1,1,0,0,0
2020-08-25 23:45,7,3,4,0,0,0
2020-08-26 00:00,9,4,5,0,0,0
2020-08-26 00:15,4,1,3,0,0,0
2020-08-26 00:30,3,0,3,0,0,0
2020-08-26 00:45,3,2,1,0,0,0
2020-08-26 01:00,2,2,0,0,0,0
2020-08-26 01:15,4,1,3,0,0,0
2020-08-26 01:30,2,0,2,0,0,0
2020-08-26 01:45,0,0,0,0,0,0
2020-08-26 02:00,2,2,0,0,0,0
2020-08-26 02:15,0,0,0,0,0,0
2020-08-26 02:30,0,0,0,0,0,0
2020-08-26 02:45,1,1,0,0,0,0
2020-08-26 03:00,1,1,0,0,0,0
2020-08-26 03:15,2,0,2,0,0,0
2020-08-26 03:30,3,2,1,0,0,0
2020-08-26 03:45,2,1,1,0,0,0
2020-08-26 04:00,0,0,0,0,0,0
2020-08-26 04:15,1,1,0,0,0,0
2020-08-26 04:30,3,3,0,0,0,0
2020-08-26 04:45,4,4,0,0,0,0
2020-08-26 05:00,3,2,1,0,0,0
2020-08-26 05:15,5,4,1,0,0,0
2020-08-26 05:30,9,6,3,0,0,0
2020-08-26 05:45,13,10,3,0,0,0
2020-08-26 06:00,2,2,0,0,0,0
2020-08-26 06:15,9,6,3,0,0,0
2020-08-26 06:30,21,13,8,0,0,0
2020-08-26 06:45,29,17,12,0,0,0
2020-08-26 07:00,25,18,7,0,0,0
2020-08-26 07:15,66,46,20,0,0,0
2020-08-26 07:30,92,62,30,0,0,0
2020-08-26 07:45,106,68,38,0,0,0
2020-08-26 08:00,58,38,20,0,0,0
2020-08-26 08:15,54,28,26,0,0,0
2020-08-26 08:30,54,36,18,0,0,0
2020-08-26 08:45,42,35,7,0,0,0
2020-08-26 09:00,30,21,9,0,0,0
2020-08-26 09:15,27,17,10,0,0,0
2020-08-26 09:30,38,27,11,0,0,0
2020-08-26 09:45,24,17,7,0,0,0
2020-08-26 10:00,26,19,7,0,0,0
2020-08-26 10:15,15,11,4,0,0,0
2020-08-26 10:30,18,11,7,0,0,0
2020-08-26 10:45,25,18,7,0,0,0
2020-08-26 11:00,29,19,10,0,0,0
2020-08-26 11:15,32,23,9,0,0,0
2020-08-26 11:30,28,17,11,0,0,0
2020-08-26 11:45,20,12,8,0,0,0
2020-08-26 12:00,30,17,13,0,0,0
2020-08-26 12:15,31,14,17,0,0,0
2020-08-26 12:30,28,11,17,0,0,0
2020-08-26 12:45,38,19,19,0,0,0
2020-08-26 13:00,25,13,12,0,0,0
2020-08-26 13:15,25,14,11,0,0,0
2020-08-26 13:30,22,16,6,0,0,0
2020-08-26 13:45,36,27,9,0,0,0
2020-08-26 14:00,36,22,14,0,0,0
2020-08-26 14:15,32,23,9,0,0,0
2020-08-26 14:30,38,23,15,0,0,0
2020-08-26 14:45,51,38,13,0,0,0
2020-08-26 15:00,38,24,14,0,0,0
2020-08-26 15:15,34,22,12,0,0,0
2020-08-26 15:30,48,30,18,0,0,0
2020-08-26 15:45,45,18,27,0,0,0
2020-08-26 16:00,37,22,15,0,0,0
2020-08-26 16:15,58,36,22,0,0,0
2020-08-26 16:30,53,39,14,0,0,0
2020-08-26 16:45,40,27,13,0,0,0
2020-08-26 17:00,40,24,16,0,0,0
2020-08-26 17:15,50,34,16,0,0,0
2020-08-26 17:30,48,32,16,0,0,0
2020-08-26 17:45,59,33,26,0,0,0
2020-08-26 18:00,35,17,18,0,0,0
2020-08-26 18:15,32,19,13,0,0,0
2020-08-26 18:30,43,31,12,0,0,0
2020-08-26 18:45,48,26,22,0,0,0
2020-08-26 19:00,44,25,19,0,0,0
2020-08-26 19:15,20,11,9,0,0,0
2020-08-26 19:30,25,14,11,0,0,0
2020-08-26 19:45,31,16,15,0,0,0
2020-08-26 20:00,27,19,8,0,0,0
2020-08-26 20:15,21,9,12,0,0,0
2020-08-26 20:30,15,9,6,0,0,0
2020-08-26 20:45,19,7,12,0,0,0
2020-08-26 21:00,16,7,9,0,0,0
2020-08-26 21:15,14,9,5,0,0,0
2020-08-26 21:30,17,8,9,0,0,0
2020-08-26 21:45,24,13,11,0,0,0
2020-08-26 22:00,5,3,2,0,0,0
2020-08-26 22:15,9,2,7,0,0,0
2020-08-26 22:30,14,8,6,0,0,0
2020-08-26 22:45,9,3,6,0,0,0
2020-08-26 23:00,12,8,4,0,0,0
2020-08-26 23:15,5,1,4,0,0,0
2020-08-26 23:30,6,3,3,0,0,0
2020-08-26 23:45,4,0,4,0,0,0
2020-08-27 00:00,6,0,6,0,0,0
2020-08-27 00:15,13,10,3,0,0,0
2020-08-27 00:30,6,3,3,0,0,0
2020-08-27 00:45,3,1,2,0,0,0
2020-08-27 01:00,3,0,3,0,0,0
2020-08-27 01:15,3,1,2,0,0,0
2020-08-27 01:30,1,0,1,0,0,0
2020-08-27 01:45,3,1,2,0,0,0
2020-08-27 02:00,4,3,1,0,0,0
2020-08-27 02:15,1,0,1,0,0,0
2020-08-27 02:30,1,0,1,0,0,0
2020-08-27 02:45,1,0,1,0,0,0
2020-08-27 03:00,0,0,0,0,0,0
2020-08-27 03:15,2,1,1,0,0,0
2020-08-27 03:30,1,0,1,0,0,0
2020-08-27 03:45,0,0,0,0,0,0
2020-08-27 04:00,0,0,0,0,0,0
2020-08-27 04:15,2,0,2,0,0,0
2020-08-27 04:30,3,3,0,0,0,0
2020-08-27 04:45,4,3,1,0,0,0
2020-08-27 05:00,4,2,2,0,0,0
2020-08-27 05:15,5,3,2,0,0,0
2020-08-27 05:30,13,8,5,0,0,0
2020-08-27 05:45,15,10,5,0,0,0
2020-08-27 06:00,7,6,1,0,0,0
2020-08-27 06:15,18,10,8,0,0,0
2020-08-27 06:30,33,19,14,0,0,0
2020-08-27 06:45,51,27,24,0,0,0
2020-08-27 07:00,45,18,27,0,0,0
2020-08-27 07:15,73,43,30,0,0,0
2020-08-27 07:30,144,106,38,0,0,0
2020-08-27 07:45,130,79,51,0,0,0
2020-08-27 08:00,81,53,28,0,0,0
2020-08-27 08:15,68,35,33,0,0,0
2020-08-27 08:30,62,42,20,0,0,0
2020-08-27 08:45,70,50,20,0,0,0
2020-08-27 09:00,46,31,15,0,0,0
2020-08-27 09:15,51,36,15,0,0,0
2020-08-27 09:30,41,26,15,0,0,0
2020-08-27 09:45,64,44,20,0,0,0
2020-08-27 10:00,35,18,17,0,0,0
2020-08-27 10:15,27,21,6,0,0,0
2020-08-27 10:30,40,25,15,0,0,0
2020-08-27 10:45,31,25,6,0,0,0
2020-08-27 11:00,36,27,9,0,0,0
2020-08-27 11:15,42,30,12,0,0,0
2020-08-27 11:30,40,26,14,0,0,0
2020-08-27 11:45,51,29,22,0,0,0
2020-08-27 12:00,39,24,15,0,0,0
2020-08-27 12:15,30,20,10,0,0,0
2020-08-27 12:30,56,33,23,0,0,0
2020-08-27 12:45,60,38,22,0,0,0
2020-08-27 13:00,56,34,22,0,0,0
2020-08-27 13:15,40,16,24,0,0,0
2020-08-27 13:30,49,34,15,0,0,0
2020-08-27 13:45,78,47,31,0,0,0
2020-08-27 14:00,78,46,32,0,0,0
2020-08-27 14:15,57,31,26,0,0,0
2020-08-27 14:30,69,47,22,0,0,0
2020-08-27 14:45,61,42,19,0,0,0
2020-08-27 15:00,57,38,19,0,0,0
2020-08-27 15:15,72,44,28,0,0,0
2020-08-27 15:30,85,52,33,0,0,0
2020-08-27 15:45,67,40,27,0,0,0
2020-08-27 16:00,79,47,32,0,0,0
2020-08-27 16:15,84,53,31,0,0,0
2020-08-27 16:30,105,79,26,0,0,0
2020-08-27 16:45,82,53,29,0,0,0
2020-08-27 17:00,86,50,36,0,0,0
2020-08-27 17:15,98,64,34,0,0,0
2020-08-27 17:30,78,54,24,0,0,0
2020-08-27 17:45,88,54,34,0,0,0
2020-08-27 18:00,71,39,32,0,0,0
2020-08-27 18:15,72,45,27,0,0,0
2020-08-27 18:30,62,33,29,0,0,0
2020-08-27 18:45,62,38,24,0,0,0
2020-08-27 19:00,53,32,21,0,0,0
2020-08-27 19:15,58,36,22,0,0,0
2020-08-27 19:30,46,27,19,0,0,0
2020-08-27 19:45,51,25,26,0,0,0
2020-08-27 20:00,32,20,12,0,0,0
2020-08-27 20:15,42,30,12,0,0,0
2020-08-27 20:30,26,15,11,0,0,0
2020-08-27 20:45,33,14,19,0,0,0
2020-08-27 21:00,20,9,11,0,0,0
2020-08-27 21:15,25,9,16,0,0,0
2020-08-27 21:30,25,15,10,0,0,0
2020-08-27 21:45,19,6,13,0,0,0
2020-08-27 22:00,16,5,11,0,0,0
2020-08-27 22:15,20,10,10,0,0,0
2020-08-27 22:30,14,7,7,0,0,0
2020-08-27 22:45,16,8,8,0,0,0
2020-08-27 23:00,23,14,9,0,0,0
2020-08-27 23:15,18,12,6,0,0,0
2020-08-27 23:30,8,3,5,0,0,0
2020-08-27 23:45,17,8,9,0,0,0
2020-08-28 00:00,9,2,7,0,0,0
2020-08-28 00:15,6,0,6,0,0,0
2020-08-28 00:30,3,2,1,0,0,0
2020-08-28 00:45,3,1,2,0,0,0
2020-08-28 01:00,4,3,1,0,0,0
2020-08-28 01:15,1,1,0,0,0,0
2020-08-28 01:30,2,2,0,0,0,0
2020-08-28 01:45,2,1,1,0,0,0
2020-08-28 02:00,6,1,5,0,0,0
2020-08-28 02:15,2,0,2,0,0,0
2020-08-28 02:30,0,0,0,0,0,0
2020-08-28 02:45,2,1,1,0,0,0
2020-08-28 03:00,0,0,0,0,0,0
2020-08-28 03:15,3,1,2,0,0,0
2020-08-28 03:30,0,0,0,0,0,0
2020-08-28 03:45,5,3,2,0,0,0
2020-08-28 04:00,1,0,1,0,0,0
2020-08-28 04:15,1,1,0,0,0,0
2020-08-28 04:30,3,3,0,0,0,0
2020-08-28 04:45,3,3,0,0,0,0
2020-08-28 05:00,3,3,0,0,0,0
2020-08-28 05:15,5,3,2,0,0,0
2020-08-28 05:30,8,6,2,0,0,0
2020-08-28 05:45,12,9,3,0,0,0
2020-08-28 06:00,10,7,3,0,0,0
2020-08-28 06:15,20,13,7,0,0,0
2020-08-28 06:30,23,13,10,0,0,0
2020-08-28 06:45,37,24,13,0,0,0
2020-08-28 07:00,39,23,16,0,0,0
2020-08-28 07:15,77,51,26,0,0,0
2020-08-28 07:30,129,101,28,0,0,0
2020-08-28 07:45,101,68,33,0,0,0
2020-08-28 08:00,68,39,29,0,0,0
2020-08-28 08:15,69,43,26,0,0,0
2020-08-28 08:30,51,33,18,0,0,0
2020-08-28 08:45,63,43,20,0,0,0
2020-08-28 09:00,35,23,12,0,0,0
2020-08-28 09:15,38,25,13,0,0,0
2020-08-28 09:30,52,38,14,0,0,0
2020-08-28 09:45,47,38,9,0,0,0
2020-08-28 10:00,42,31,11,0,0,0
2020-08-28 10:15,30,27,3,0,0,0
2020-08-28 10:30,42,30,12,0,0,0
2020-08-28 10:45,41,23,18,0,0,0
2020-08-28 11:00,29,22,7,0,0,0
2020-08-28 11:15,50,39,11,0,0,0
2020-08-28 11:30,37,25,12,0,0,0
2020-08-28 11:45,42,31,11,0,0,0
2020-08-28 12:00,43,23,20,0,0,0
2020-08-28 12:15,57,38,19,0,0,0
2020-08-28 12:30,53,34,19,0,0,0
2020-08-28 12:45,68,44,24,0,0,0
2020-08-28 13:00,55,28,27,0,0,0
2020-08-28 13:15,65,29,36,0,0,0
2020-08-28 13:30,28,13,15,0,0,0
2020-08-28 13:45,76,51,25,0,0,0
2020-08-28 14:00,62,35,27,0,0,0
2020-08-28 14:15,71,37,34,0,0,0
2020-08-28 14:30,64,39,25,0,0,0
2020-08-28 14:45,73,44,29,0,0,0
2020-08-28 15:00,81,45,36,0,0,0
2020-08-28 15:15,63,43,20,0,0,0
2020-08-28 15:30,62,45,17,0,0,0
2020-08-28 15:45,74,39,35,0,0,0
2020-08-28 16:00,65,44,21,0,0,0
2020-08-28 16:15,69,41,28,0,0,0
2020-08-28 16:30,55,36,19,0,0,0
2020-08-28 16:45,51,34,17,0,0,0
2020-08-28 17:00,71,51,20,0,0,0
2020-08-28 17:15,73,51,22,0,0,0
2020-08-28 17:30,64,45,19,0,0,0
2020-08-28 17:45,61,37,24,0,0,0
2020-08-28 18:00,78,48,30,0,0,0
2020-08-28 18:15,62,36,26,0,0,0
2020-08-28 18:30,53,26,27,0,0,0
2020-08-28 18:45,60,42,18,0,0,0
2020-08-28 19:00,46,27,19,0,0,0
2020-08-28 19:15,68,42,26,0,0,0
2020-08-28 19:30,44,26,18,0,0,0
2020-08-28 19:45,39,27,12,0,0,0
2020-08-28 20:00,54,31,23,0,0,0
2020-08-28 20:15,34,20,14,0,0,0
2020-08-28 20:30,38,24,14,0,0,0
2020-08-28 20:45,44,21,23,0,0,0
2020-08-28 21:00,22,11,11,0,0,0
2020-08-28 21:15,16,8,8,0,0,0
2020-08-28 21:30,3,1,2,0,0,0
2020-08-28 21:45,12,7,5,0,0,0
2020-08-28 22:00,24,16,8,0,0,0
2020-08-28 22:15,24,14,10,0,0,0
2020-08-28 22:30,6,0,6,0,0,0
2020-08-28 22:45,19,8,11,0,0,0
2020-08-28 23:00,13,8,5,0,0,0
2020-08-28 23:15,9,4,5,0,0,0
2020-08-28 23:30,7,1,6,0,0,0
2020-08-28 23:45,10,6,4,0,0,0
2020-08-29 00:00,13,7,6,0,0,0
2020-08-29 00:15,16,7,9,0,0,0
2020-08-29 00:30,10,5,5,0,0,0
2020-08-29 00:45,12,8,4,0,0,0
2020-08-29 01:00,11,9,2,0,0,0
2020-08-29 01:15,5,0,5,0,0,0
2020-08-29 01:30,2,1,1,0,0,0
2020-08-29 01:45,6,3,3,0,0,0
2020-08-29 02:00,5,0,5,0,0,0
2020-08-29 02:15,2,0,2,0,0,0
2020-08-29 02:30,2,1,1,0,0,0
2020-08-29 02:45,8,0,8,0,0,0
2020-08-29 03:00,7,5,2,0,0,0
2020-08-29 03:15,11,4,7,0,0,0
2020-08-29 03:30,4,1,3,0,0,0
2020-08-29 03:45,4,2,2,0,0,0
2020-08-29 04:00,1,0,1,0,0,0
2020-08-29 04:15,1,1,0,0,0,0
2020-08-29 04:30,4,3,1,0,0,0
2020-08-29 04:45,1,0,1,0,0,0
2020-08-29 05:00,2,0,2,0,0,0
2020-08-29 05:15,5,2,3,0,0,0
2020-08-29 05:30,9,4,5,0,0,0
2020-08-29 05:45,5,5,0,0,0,0
2020-08-29 06:00,2,1,1,0,0,0
2020-08-29 06:15,1,1,0,0,0,0
2020-08-29 06:30,2,2,0,0,0,0
2020-08-29 06:45,12,9,3,0,0,0
2020-08-29 07:00,6,5,1,0,0,0
2020-08-29 07:15,6,4,2,0,0,0
2020-08-29 07:30,13,8,5,0,0,0
2020-08-29 07:45,12,3,9,0,0,0
2020-08-29 08:00,16,10,6,0,0,0
2020-08-29 08:15,12,8,4,0,0,0
2020-08-29 08:30,24,20,4,0,0,0
2020-08-29 08:45,27,19,8,0,0,0
2020-08-29 09:00,22,18,4,0,0,0
2020-08-29 09:15,21,16,5,0,0,0
2020-08-29 09:30,35,27,8,0,0,0
2020-08-29 09:45,50,39,11,0,0,0
2020-08-29 10:00,34,27,7,0,0,0
2020-08-29 10:15,46,39,7,0,0,0
2020-08-29 10:30,38,25,13,0,0,0
2020-08-29 10:45,44,32,12,0,0,0
2020-08-29 11:00,53,36,17,0,0,0
2020-08-29 11:15,48,38,10,0,0,0
2020-08-29 11:30,53,36,17,0,0,0
2020-08-29 11:45,52,34,18,0,0,0
2020-08-29 12:00,50,31,19,0,0,0
2020-08-29 12:15,56,47,9,0,0,0
2020-08-29 12:30,36,24,12,0,0,0
2020-08-29 12:45,50,27,23,0,0,0
2020-08-29 13:00,35,21,14,0,0,0
2020-08-29 13:15,52,36,16,0,0,0
2020-08-29 13:30,59,40,19,0,0,0
2020-08-29 13:45,43,26,17,0,0,0
2020-08-29 14:00,48,32,16,0,0,0
2020-08-29 14:15,44,28,16,0,0,0
2020-08-29 14:30,59,32,27,0,0,0
2020-08-29 14:45,64,36,28,0,0,0
2020-08-29 15:00,49,24,25,0,0,0
2020-08-29 15:15,43,25,18,0,0,0
2020-08-29 15:30,33,20,13,0,0,0
2020-08-29 15:45,44,33,11,0,0,0
2020-08-29 16:00,69,32,37,0,0,0
2020-08-29 16:15,71,49,22,0,0,0
2020-08-29 16:30,59,33,26,0,0,0
2020-08-29 16:45,41,29,12,0,0,0
2020-08-29 17:00,45,34,11,0,0,0
2020-08-29 17:15,41,21,20,0,0,0
2020-08-29 17:30,55,33,22,0,0,0
2020-08-29 17:45,46,28,18,0,0,0
2020-08-29 18:00,44,27,17,0,0,0
2020-08-29 18:15,50,30,20,0,0,0
2020-08-29 18:30,35,15,20,0,0,0
2020-08-29 18:45,90,62,28,0,0,0
2020-08-29 19:00,41,26,15,0,0,0
2020-08-29 19:15,46,29,17,0,0,0
2020-08-29 19:30,47,19,28,0,0,0
2020-08-29 19:45,35,21,14,0,0,0
2020-08-29 20:00,28,23,5,0,0,0
2020-08-29 20:15,35,21,14,0,0,0
2020-08-29 20:30,39,21,18,0,0,0
2020-08-29 20:45,25,8,17,0,0,0
2020-08-29 21:00,23,19,4,0,0,0
2020-08-29 21:15,29,18,11,0,0,0
2020-08-29 21:30,22,10,12,0,0,0
2020-08-29 21:45,22,12,10,0,0,0
2020-08-29 22:00,19,10,9,0,0,0
2020-08-29 22:15,18,11,7,0,0,0
2020-08-29 22:30,13,3,10,0,0,0
2020-08-29 22:45,28,12,16,0,0,0
2020-08-29 23:00,15,7,8,0,0,0
2020-08-29 23:15,17,4,13,0,0,0
2020-08-29 23:30,15,6,9,0,0,0
2020-08-29 23:45,16,9,7,0,0,0
2020-08-30 00:00,23,8,15,0,0,0
2020-08-30 00:15,8,6,2,0,0,0
2020-08-30 00:30,20,6,14,0,0,0
2020-08-30 00:45,23,18,5,0,0,0
2020-08-30 01:00,9,4,5,0,0,0
2020-08-30 01:15,15,4,11,0,0,0
2020-08-30 01:30,15,10,5,0,0,0
2020-08-30 01:45,12,6,6,0,0,0
2020-08-30 02:00,15,3,12,0,0,0
2020-08-30 02:15,11,7,4,0,0,0
2020-08-30 02:30,9,4,5,0,0,0
2020-08-30 02:45,9,3,6,0,0,0
2020-08-30 03:00,6,5,1,0,0,0
2020-08-30 03:15,9,4,5,0,0,0
2020-08-30 03:30,3,3,0,0,0,0
2020-08-30 03:45,5,1,4,0,0,0
2020-08-30 04:00,1,1,0,0,0,0
2020-08-30 04:15,4,2,2,0,0,0
2020-08-30 04:30,9,4,5,0,0,0
2020-08-30 04:45,1,1,0,0,0,0
2020-08-30 05:00,0,0,0,0,0,0
2020-08-30 05:15,4,2,2,0,0,0
2020-08-30 05:30,1,1,0,0,0,0
2020-08-30 05:45,2,2,0,0,0,0
2020-08-30 06:00,0,0,0,0,0,0
2020-08-30 06:15,2,1,1,0,0,0
2020-08-30 06:30,2,1,1,0,0,0
2020-08-30 06:45,4,2,2,0,0,0
2020-08-30 07:00,0,0,0,0,0,0
2020-08-30 07:15,2,0,2,0,0,0
2020-08-30 07:30,6,3,3,0,0,0
2020-08-30 07:45,8,5,3,0,0,0
2020-08-30 08:00,0,0,0,0,0,0
2020-08-30 08:15,3,3,0,0,0,0
2020-08-30 08:30,5,5,0,0,0,0
2020-08-30 08:45,9,7,2,0,0,0
2020-08-30 09:00,6,2,4,0,0,0
2020-08-30 09:15,21,8,13,0,0,0
2020-08-30 09:30,20,10,10,0,0,0
2020-08-30 09:45,19,12,7,0,0,0
2020-08-30 10:00,8,2,6,0,0,0
2020-08-30 10:15,25,17,8,0,0,0
2020-08-30 10:30,19,17,2,0,0,0
2020-08-30 10:45,34,23,11,0,0,0
2020-08-30 11:00,13,9,4,0,0,0
2020-08-30 11:15,26,14,12,0,0,0
2020-08-30 11:30,32,14,18,0,0,0
2020-08-30 11:45,24,15,9,0,0,0
2020-08-30 12:00,33,23,10,0,0,0
2020-08-30 12:15,27,15,12,0,0,0
2020-08-30 12:30,38,23,15,0,0,0
2020-08-30 12:45,43,28,15,0,0,0
2020-08-30 13:00,22,12,10,0,0,0
2020-08-30 13:15,19,9,10,0,0,0
2020-08-30 13:30,29,15,14,0,0,0
2020-08-30 13:45,39,24,15,0,0,0
2020-08-30 14:00,41,24,17,0,0,0
2020-08-30 14:15,33,16,17,0,0,0
2020-08-30 14:30,46,32,14,0,0,0
2020-08-30 14:45,46,27,19,0,0,0
2020-08-30 15:00,34,19,15,0,0,0
2020-08-30 15:15,36,20,16,0,0,0
2020-08-30 15:30,31,19,12,0,0,0
2020-08-30 15:45,32,27,5,0,0,0
2020-08-30 16:00,49,29,20,0,0,0
2020-08-30 16:15,34,21,13,0,0,0
2020-08-30 16:30,59,31,28,0,0,0
2020-08-30 16:45,37,29,8,0,0,0
2020-08-30 17:00,31,24,7,0,0,0
2020-08-30 17:15,26,15,11,0,0,0
2020-08-30 17:30,42,26,16,0,0,0
2020-08-30 17:45,46,27,19,0,0,0
2020-08-30 18:00,29,16,13,0,0,0
2020-08-30 18:15,34,17,17,0,0,0
2020-08-30 18:30,34,18,16,0,0,0
2020-08-30 18:45,37,16,21,0,0,0
2020-08-30 19:00,44,21,23,0,0,0
2020-08-30 19:15,23,17,6,0,0,0
2020-08-30 19:30,36,20,16,0,0,0
2020-08-30 19:45,33,17,16,0,0,0
2020-08-30 20:00,30,15,15,0,0,0
2020-08-30 20:15,16,6,10,0,0,0
2020-08-30 20:30,25,14,11,0,0,0
2020-08-30 20:45,15,5,10,0,0,0
2020-08-30 21:00,21,7,14,0,0,0
2020-08-30 21:15,22,13,9,0,0,0
2020-08-30 21:30,6,1,5,0,0,0
2020-08-30 21:45,7,4,3,0,0,0
2020-08-30 22:00,9,1,8,0,0,0
2020-08-30 22:15,17,7,10,0,0,0
2020-08-30 22:30,15,6,9,0,0,0
2020-08-30 22:45,9,1,8,0,0,0
2020-08-30 23:00,4,3,1,0,0,0
2020-08-30 23:15,13,8,5,0,0,0
2020-08-30 23:30,5,2,3,0,0,0
2020-08-30 23:45,8,5,3,0,0,0
2020-08-31 00:00,4,1,3,0,0,0
2020-08-31 00:15,2,1,1,0,0,0
2020-08-31 00:30,4,1,3,0,0,0
2020-08-31 00:45,0,0,0,0,0,0
2020-08-31 01:00,5,3,2,0,0,0
2020-08-31 01:15,1,0,1,0,0,0
2020-08-31 01:30,0,0,0,0,0,0
2020-08-31 01:45,2,2,0,0,0,0
2020-08-31 02:00,1,0,1,0,0,0
2020-08-31 02:15,0,0,0,0,0,0
2020-08-31 02:30,2,0,2,0,0,0
2020-08-31 02:45,3,3,0,0,0,0
2020-08-31 03:00,1,0,1,0,0,0
2020-08-31 03:15,2,1,1,0,0,0
2020-08-31 03:30,1,0,1,0,0,0
2020-08-31 03:45,2,2,0,0,0,0
2020-08-31 04:00,0,0,0,0,0,0
2020-08-31 04:15,0,0,0,0,0,0
2020-08-31 04:30,6,4,2,0,0,0
2020-08-31 04:45,3,3,0,0,0,0
2020-08-31 05:00,5,4,1,0,0,0
2020-08-31 05:15,7,3,4,0,0,0
2020-08-31 05:30,11,9,2,0,0,0
2020-08-31 05:45,14,11,3,0,0,0
2020-08-31 06:00,10,4,6,0,0,0
2020-08-31 06:15,19,14,5,0,0,0
2020-08-31 06:30,30,13,17,0,0,0
2020-08-31 06:45,48,25,23,0,0,0
2020-08-31 07:00,47,22,25,0,0,0
2020-08-31 07:15,87,57,30,0,0,0
2020-08-31 07:30,184,119,65,0,0,0
2020-08-31 07:45,125,91,34,0,0,0
2020-08-31 08:00,79,41,38,0,0,0
2020-08-31 08:15,68,45,23,0,0,0
2020-08-31 08:30,77,51,26,0,0,0
2020-08-31 08:45,76,53,23,0,0,0
2020-08-31 09:00,51,37,14,0,0,0
2020-08-31 09:15,44,30,14,0,0,0
2020-08-31 09:30,30,18,12,0,0,0
2020-08-31 09:45,54,31,23,0,0,0
2020-08-31 10:00,43,31,12,0,0,0
2020-08-31 10:15,25,17,8,0,0,0
2020-08-31 10:30,42,28,14,0,0,0
2020-08-31 10:45,25,20,5,0,0,0
2020-08-31 11:00,32,21,11,0,0,0
2020-08-31 11:15,39,25,14,0,0,0
2020-08-31 11:30,41,25,16,0,0,0
2020-08-31 11:45,50,31,19,0,0,0
2020-08-31 12:00,53,36,17,0,0,0
2020-08-31 12:15,42,26,16,0,0,0
2020-08-31 12:30,48,20,28,0,0,0
2020-08-31 12:45,58,29,29,0,0,0
2020-08-31 13:00,65,44,21,0,0,0
2020-08-31 13:15,49,24,25,0,0,0
2020-08-31 13:30,57,34,23,0,0,0
2020-08-31 13:45,59,43,16,0,0,0
2020-08-31 14:00,78,39,39,0,0,0
2020-08-31 14:15,47,22,25,0,0,0
2020-08-31 14:30,74,55,19,0,0,0
2020-08-31 14:45,58,39,19,0,0,0
2020-08-31 15:00,54,33,21,0,0,0
2020-08-31 15:15,84,46,38,0,0,0
2020-08-31 15:30,84,42,42,0,0,0
2020-08-31 15:45,75,36,39,0,0,0
2020-08-31 16:00,62,45,17,0,0,0
2020-08-31 16:15,80,51,29,0,0,0
2020-08-31 16:30,75,51,24,0,0,0
2020-08-31 16:45,71,43,28,0,0,0
2020-08-31 17:00,94,56,38,0,0,0
2020-08-31 17:15,97,60,37,0,0,0
2020-08-31 17:30,77,50,27,0,0,0
2020-08-31 17:45,84,59,25,0,0,0
2020-08-31 18:00,68,36,32,0,0,0
2020-08-31 18:15,61,31,30,0,0,0
2020-08-31 18:30,53,32,21,0,0,0
2020-08-31 18:45,54,33,21,0,0,0
2020-08-31 19:00,52,32,20,0,0,0
2020-08-31 19:15,55,30,25,0,0,0
2020-08-31 19:30,52,28,24,0,0,0
2020-08-31 19:45,51,28,23,0,0,0
2020-08-31 20:00,40,21,19,0,0,0
2020-08-31 20:15,37,23,14,0,0,0
2020-08-31 20:30,29,15,14,0,0,0
2020-08-31 20:45,25,13,12,0,0,0
2020-08-31 21:00,28,16,12,0,0,0
2020-08-31 21:15,30,12,18,0,0,0
2020-08-31 21:30,18,8,10,0,0,0
2020-08-31 21:45,15,5,10,0,0,0
2020-08-31 22:00,26,11,15,0,0,0
2020-08-31 22:15,21,7,14,0,0,0
2020-08-31 22:30,13,6,7,0,0,0
2020-08-31 22:45,16,6,10,0,0,0
2020-08-31 23:00,9,4,5,0,0,0
2020-08-31 23:15,6,3,3,0,0,0
2020-08-31 23:30,15,7,8,0,0,0
2020-08-31 23:45,3,1,2,0,0,0
