Datetime,100034983 (Warendorfer Straße),101034983 (Warendorfer Straße stadteinwärts),102034983 (Warendorfer Straße stadtauswärts),100034983-status,101034983-status,102034983-status
2019-08-01 00:00,12,5,7,0,0,0
2019-08-01 00:15,21,17,4,0,0,0
2019-08-01 00:30,6,5,1,0,0,0
2019-08-01 00:45,8,4,4,0,0,0
2019-08-01 01:00,12,8,4,0,0,0
2019-08-01 01:15,10,2,8,0,0,0
2019-08-01 01:30,6,0,6,0,0,0
2019-08-01 01:45,5,2,3,0,0,0
2019-08-01 02:00,11,0,11,0,0,0
2019-08-01 02:15,2,1,1,0,0,0
2019-08-01 02:30,7,0,7,0,0,0
2019-08-01 02:45,5,0,5,0,0,0
2019-08-01 03:00,11,0,11,0,0,0
2019-08-01 03:15,6,0,6,0,0,0
2019-08-01 03:30,4,0,4,0,0,0
2019-08-01 03:45,1,0,1,0,0,0
2019-08-01 04:00,5,3,2,0,0,0
2019-08-01 04:15,6,1,5,0,0,0
2019-08-01 04:30,2,0,2,0,0,0
2019-08-01 04:45,4,2,2,0,0,0
2019-08-01 05:00,3,3,0,0,0,0
2019-08-01 05:15,10,3,7,0,0,0
2019-08-01 05:30,12,6,6,0,0,0
2019-08-01 05:45,16,8,8,0,0,0
2019-08-01 06:00,16,9,7,0,0,0
2019-08-01 06:15,27,15,12,0,0,0
2019-08-01 06:30,48,31,17,0,0,0
2019-08-01 06:45,69,48,21,0,0,0
2019-08-01 07:00,89,52,37,0,0,0
2019-08-01 07:15,95,59,36,0,0,0
2019-08-01 07:30,109,74,35,0,0,0
2019-08-01 07:45,147,94,53,0,0,0
2019-08-01 08:00,108,70,38,0,0,0
2019-08-01 08:15,116,79,37,0,0,0
2019-08-01 08:30,119,81,38,0,0,0
2019-08-01 08:45,126,88,38,0,0,0
2019-08-01 09:00,94,67,27,0,0,0
2019-08-01 09:15,96,74,22,0,0,0
2019-08-01 09:30,123,101,22,0,0,0
2019-08-01 09:45,155,132,23,0,0,0
2019-08-01 10:00,100,72,28,0,0,0
2019-08-01 10:15,104,74,30,0,0,0
2019-08-01 10:30,101,69,32,0,0,0
2019-08-01 10:45,109,71,38,0,0,0
2019-08-01 11:00,95,57,38,0,0,0
2019-08-01 11:15,87,54,33,0,0,0
2019-08-01 11:30,100,60,40,0,0,0
2019-08-01 11:45,123,75,48,0,0,0
2019-08-01 12:00,120,72,48,0,0,0
2019-08-01 12:15,130,80,50,0,0,0
2019-08-01 12:30,120,68,52,0,0,0
2019-08-01 12:45,141,82,59,0,0,0
2019-08-01 13:00,123,66,57,0,0,0
2019-08-01 13:15,110,70,40,0,0,0
2019-08-01 13:30,116,63,53,0,0,0
2019-08-01 13:45,116,74,42,0,0,0
2019-08-01 14:00,123,57,66,0,0,0
2019-08-01 14:15,125,73,52,0,0,0
2019-08-01 14:30,126,70,56,0,0,0
2019-08-01 14:45,140,87,53,0,0,0
2019-08-01 15:00,121,54,67,0,0,0
2019-08-01 15:15,151,77,74,0,0,0
2019-08-01 15:30,155,81,74,0,0,0
2019-08-01 15:45,161,72,89,0,0,0
2019-08-01 16:00,169,87,82,0,0,0
2019-08-01 16:15,182,93,89,0,0,0
2019-08-01 16:30,162,81,81,0,0,0
2019-08-01 16:45,170,98,72,0,0,0
2019-08-01 17:00,185,101,84,0,0,0
2019-08-01 17:15,182,94,88,0,0,0
2019-08-01 17:30,149,74,75,0,0,0
2019-08-01 17:45,191,89,102,0,0,0
2019-08-01 18:00,161,75,86,0,0,0
2019-08-01 18:15,151,72,79,0,0,0
2019-08-01 18:30,134,63,71,0,0,0
2019-08-01 18:45,139,75,64,0,0,0
2019-08-01 19:00,110,53,57,0,0,0
2019-08-01 19:15,134,70,64,0,0,0
2019-08-01 19:30,95,41,54,0,0,0
2019-08-01 19:45,100,40,60,0,0,0
2019-08-01 20:00,92,35,57,0,0,0
2019-08-01 20:15,54,32,22,0,0,0
2019-08-01 20:30,62,25,37,0,0,0
2019-08-01 20:45,53,23,30,0,0,0
2019-08-01 21:00,64,27,37,0,0,0
2019-08-01 21:15,47,17,30,0,0,0
2019-08-01 21:30,50,17,33,0,0,0
2019-08-01 21:45,55,25,30,0,0,0
2019-08-01 22:00,53,17,36,0,0,0
2019-08-01 22:15,43,21,22,0,0,0
2019-08-01 22:30,42,22,20,0,0,0
2019-08-01 22:45,41,15,26,0,0,0
2019-08-01 23:00,37,19,18,0,0,0
2019-08-01 23:15,22,11,11,0,0,0
2019-08-01 23:30,22,14,8,0,0,0
2019-08-01 23:45,17,11,6,0,0,0
2019-08-02 00:00,8,3,5,0,0,0
2019-08-02 00:15,17,7,10,0,0,0
2019-08-02 00:30,9,4,5,0,0,0
2019-08-02 00:45,9,5,4,0,0,0
2019-08-02 01:00,9,3,6,0,0,0
2019-08-02 01:15,8,3,5,0,0,0
2019-08-02 01:30,6,3,3,0,0,0
2019-08-02 01:45,4,1,3,0,0,0
2019-08-02 02:00,3,2,1,0,0,0
2019-08-02 02:15,7,2,5,0,0,0
2019-08-02 02:30,2,0,2,0,0,0
2019-08-02 02:45,4,3,1,0,0,0
2019-08-02 03:00,5,2,3,0,0,0
2019-08-02 03:15,6,1,5,0,0,0
2019-08-02 03:30,2,1,1,0,0,0
2019-08-02 03:45,1,0,1,0,0,0
2019-08-02 04:00,1,0,1,0,0,0
2019-08-02 04:15,3,1,2,0,0,0
2019-08-02 04:30,1,0,1,0,0,0
2019-08-02 04:45,2,1,1,0,0,0
2019-08-02 05:00,0,0,0,0,0,0
2019-08-02 05:15,3,2,1,0,0,0
2019-08-02 05:30,19,10,9,0,0,0
2019-08-02 05:45,15,7,8,0,0,0
2019-08-02 06:00,23,21,2,0,0,0
2019-08-02 06:15,31,22,9,0,0,0
2019-08-02 06:30,44,33,11,0,0,0
2019-08-02 06:45,64,43,21,0,0,0
2019-08-02 07:00,87,43,44,0,0,0
2019-08-02 07:15,96,50,46,0,0,0
2019-08-02 07:30,87,56,31,0,0,0
2019-08-02 07:45,138,87,51,0,0,0
2019-08-02 08:00,100,68,32,0,0,0
2019-08-02 08:15,89,58,31,0,0,0
2019-08-02 08:30,123,94,29,0,0,0
2019-08-02 08:45,118,84,34,0,0,0
2019-08-02 09:00,93,70,23,0,0,0
2019-08-02 09:15,89,65,24,0,0,0
2019-08-02 09:30,84,64,20,0,0,0
2019-08-02 09:45,121,90,31,0,0,0
2019-08-02 10:00,102,73,29,0,0,0
2019-08-02 10:15,92,57,35,0,0,0
2019-08-02 10:30,89,47,42,0,0,0
2019-08-02 10:45,100,64,36,0,0,0
2019-08-02 11:00,111,68,43,0,0,0
2019-08-02 11:15,92,57,35,0,0,0
2019-08-02 11:30,101,71,30,0,0,0
2019-08-02 11:45,133,76,57,0,0,0
2019-08-02 12:00,103,60,43,0,0,0
2019-08-02 12:15,114,65,49,0,0,0
2019-08-02 12:30,113,55,58,0,0,0
2019-08-02 12:45,142,69,73,0,0,0
2019-08-02 13:00,118,65,53,0,0,0
2019-08-02 13:15,133,69,64,0,0,0
2019-08-02 13:30,114,60,54,0,0,0
2019-08-02 13:45,118,60,58,0,0,0
2019-08-02 14:00,125,64,61,0,0,0
2019-08-02 14:15,131,67,64,0,0,0
2019-08-02 14:30,99,47,52,0,0,0
2019-08-02 14:45,150,91,59,0,0,0
2019-08-02 15:00,146,77,69,0,0,0
2019-08-02 15:15,152,76,76,0,0,0
2019-08-02 15:30,147,66,81,0,0,0
2019-08-02 15:45,150,86,64,0,0,0
2019-08-02 16:00,142,66,76,0,0,0
2019-08-02 16:15,151,74,77,0,0,0
2019-08-02 16:30,164,88,76,0,0,0
2019-08-02 16:45,145,62,83,0,0,0
2019-08-02 17:00,162,79,83,0,0,0
2019-08-02 17:15,118,56,62,0,0,0
2019-08-02 17:30,107,41,66,0,0,0
2019-08-02 17:45,132,59,73,0,0,0
2019-08-02 18:00,116,50,66,0,0,0
2019-08-02 18:15,89,31,58,0,0,0
2019-08-02 18:30,79,28,51,0,0,0
2019-08-02 18:45,96,53,43,0,0,0
2019-08-02 19:00,85,33,52,0,0,0
2019-08-02 19:15,86,32,54,0,0,0
2019-08-02 19:30,74,34,40,0,0,0
2019-08-02 19:45,64,35,29,0,0,0
2019-08-02 20:00,78,47,31,0,0,0
2019-08-02 20:15,49,25,24,0,0,0
2019-08-02 20:30,44,20,24,0,0,0
2019-08-02 20:45,53,35,18,0,0,0
2019-08-02 21:00,41,20,21,0,0,0
2019-08-02 21:15,41,19,22,0,0,0
2019-08-02 21:30,40,22,18,0,0,0
2019-08-02 21:45,53,30,23,0,0,0
2019-08-02 22:00,39,20,19,0,0,0
2019-08-02 22:15,34,20,14,0,0,0
2019-08-02 22:30,39,27,12,0,0,0
2019-08-02 22:45,24,12,12,0,0,0
2019-08-02 23:00,32,14,18,0,0,0
2019-08-02 23:15,28,10,18,0,0,0
2019-08-02 23:30,24,11,13,0,0,0
2019-08-02 23:45,19,6,13,0,0,0
2019-08-03 00:00,24,16,8,0,0,0
2019-08-03 00:15,25,12,13,0,0,0
2019-08-03 00:30,17,6,11,0,0,0
2019-08-03 00:45,26,11,15,0,0,0
2019-08-03 01:00,26,10,16,0,0,0
2019-08-03 01:15,13,6,7,0,0,0
2019-08-03 01:30,15,8,7,0,0,0
2019-08-03 01:45,9,1,8,0,0,0
2019-08-03 02:00,11,2,9,0,0,0
2019-08-03 02:15,2,0,2,0,0,0
2019-08-03 02:30,6,1,5,0,0,0
2019-08-03 02:45,6,1,5,0,0,0
2019-08-03 03:00,14,3,11,0,0,0
2019-08-03 03:15,12,8,4,0,0,0
2019-08-03 03:30,12,7,5,0,0,0
2019-08-03 03:45,8,2,6,0,0,0
2019-08-03 04:00,4,0,4,0,0,0
2019-08-03 04:15,4,2,2,0,0,0
2019-08-03 04:30,4,1,3,0,0,0
2019-08-03 04:45,3,1,2,0,0,0
2019-08-03 05:00,2,2,0,0,0,0
2019-08-03 05:15,4,3,1,0,0,0
2019-08-03 05:30,12,6,6,0,0,0
2019-08-03 05:45,8,3,5,0,0,0
2019-08-03 06:00,6,1,5,0,0,0
2019-08-03 06:15,7,3,4,0,0,0
2019-08-03 06:30,8,6,2,0,0,0
2019-08-03 06:45,10,3,7,0,0,0
2019-08-03 07:00,10,7,3,0,0,0
2019-08-03 07:15,24,18,6,0,0,0
2019-08-03 07:30,31,21,10,0,0,0
2019-08-03 07:45,31,20,11,0,0,0
2019-08-03 08:00,38,26,12,0,0,0
2019-08-03 08:15,27,17,10,0,0,0
2019-08-03 08:30,30,18,12,0,0,0
2019-08-03 08:45,51,39,12,0,0,0
2019-08-03 09:00,65,43,22,0,0,0
2019-08-03 09:15,82,66,16,0,0,0
2019-08-03 09:30,92,67,25,0,0,0
2019-08-03 09:45,122,88,34,0,0,0
2019-08-03 10:00,114,85,29,0,0,0
2019-08-03 10:15,136,92,44,0,0,0
2019-08-03 10:30,131,93,38,0,0,0
2019-08-03 10:45,152,91,61,0,0,0
2019-08-03 11:00,153,102,51,0,0,0
2019-08-03 11:15,141,83,58,0,0,0
2019-08-03 11:30,127,77,50,0,0,0
2019-08-03 11:45,185,121,64,0,0,0
2019-08-03 12:00,160,115,45,0,0,0
2019-08-03 12:15,156,100,56,0,0,0
2019-08-03 12:30,156,85,71,0,0,0
2019-08-03 12:45,156,101,55,0,0,0
2019-08-03 13:00,164,97,67,0,0,0
2019-08-03 13:15,161,91,70,0,0,0
2019-08-03 13:30,172,99,73,0,0,0
2019-08-03 13:45,155,98,57,0,0,0
2019-08-03 14:00,141,71,70,0,0,0
2019-08-03 14:15,142,68,74,0,0,0
2019-08-03 14:30,145,75,70,0,0,0
2019-08-03 14:45,115,60,55,0,0,0
2019-08-03 15:00,118,59,59,0,0,0
2019-08-03 15:15,157,68,89,0,0,0
2019-08-03 15:30,113,58,55,0,0,0
2019-08-03 15:45,131,71,60,0,0,0
2019-08-03 16:00,95,44,51,0,0,0
2019-08-03 16:15,133,56,77,0,0,0
2019-08-03 16:30,119,57,62,0,0,0
2019-08-03 16:45,116,57,59,0,0,0
2019-08-03 17:00,135,82,53,0,0,0
2019-08-03 17:15,92,49,43,0,0,0
2019-08-03 17:30,113,59,54,0,0,0
2019-08-03 17:45,112,63,49,0,0,0
2019-08-03 18:00,123,61,62,0,0,0
2019-08-03 18:15,106,52,54,0,0,0
2019-08-03 18:30,101,52,49,0,0,0
2019-08-03 18:45,119,65,54,0,0,0
2019-08-03 19:00,90,48,42,0,0,0
2019-08-03 19:15,107,65,42,0,0,0
2019-08-03 19:30,82,49,33,0,0,0
2019-08-03 19:45,80,51,29,0,0,0
2019-08-03 20:00,66,29,37,0,0,0
2019-08-03 20:15,88,46,42,0,0,0
2019-08-03 20:30,81,50,31,0,0,0
2019-08-03 20:45,51,34,17,0,0,0
2019-08-03 21:00,46,30,16,0,0,0
2019-08-03 21:15,43,25,18,0,0,0
2019-08-03 21:30,40,21,19,0,0,0
2019-08-03 21:45,47,19,28,0,0,0
2019-08-03 22:00,46,19,27,0,0,0
2019-08-03 22:15,36,8,28,0,0,0
2019-08-03 22:30,49,18,31,0,0,0
2019-08-03 22:45,33,23,10,0,0,0
2019-08-03 23:00,44,14,30,0,0,0
2019-08-03 23:15,30,6,24,0,0,0
2019-08-03 23:30,55,22,33,0,0,0
2019-08-03 23:45,41,9,32,0,0,0
2019-08-04 00:00,33,12,21,0,0,0
2019-08-04 00:15,36,16,20,0,0,0
2019-08-04 00:30,27,9,18,0,0,0
2019-08-04 00:45,38,9,29,0,0,0
2019-08-04 01:00,28,11,17,0,0,0
2019-08-04 01:15,36,16,20,0,0,0
2019-08-04 01:30,15,2,13,0,0,0
2019-08-04 01:45,23,10,13,0,0,0
2019-08-04 02:00,11,3,8,0,0,0
2019-08-04 02:15,15,4,11,0,0,0
2019-08-04 02:30,8,3,5,0,0,0
2019-08-04 02:45,11,3,8,0,0,0
2019-08-04 03:00,11,1,10,0,0,0
2019-08-04 03:15,12,2,10,0,0,0
2019-08-04 03:30,6,1,5,0,0,0
2019-08-04 03:45,9,2,7,0,0,0
2019-08-04 04:00,4,1,3,0,0,0
2019-08-04 04:15,1,0,1,0,0,0
2019-08-04 04:30,9,1,8,0,0,0
2019-08-04 04:45,4,0,4,0,0,0
2019-08-04 05:00,1,0,1,0,0,0
2019-08-04 05:15,8,1,7,0,0,0
2019-08-04 05:30,9,4,5,0,0,0
2019-08-04 05:45,6,3,3,0,0,0
2019-08-04 06:00,3,0,3,0,0,0
2019-08-04 06:15,4,0,4,0,0,0
2019-08-04 06:30,3,3,0,0,0,0
2019-08-04 06:45,14,4,10,0,0,0
2019-08-04 07:00,4,3,1,0,0,0
2019-08-04 07:15,10,9,1,0,0,0
2019-08-04 07:30,18,12,6,0,0,0
2019-08-04 07:45,5,4,1,0,0,0
2019-08-04 08:00,16,12,4,0,0,0
2019-08-04 08:15,7,4,3,0,0,0
2019-08-04 08:30,13,10,3,0,0,0
2019-08-04 08:45,8,4,4,0,0,0
2019-08-04 09:00,24,17,7,0,0,0
2019-08-04 09:15,36,25,11,0,0,0
2019-08-04 09:30,28,21,7,0,0,0
2019-08-04 09:45,58,39,19,0,0,0
2019-08-04 10:00,52,32,20,0,0,0
2019-08-04 10:15,46,27,19,0,0,0
2019-08-04 10:30,38,20,18,0,0,0
2019-08-04 10:45,41,28,13,0,0,0
2019-08-04 11:00,62,33,29,0,0,0
2019-08-04 11:15,62,40,22,0,0,0
2019-08-04 11:30,57,35,22,0,0,0
2019-08-04 11:45,49,30,19,0,0,0
2019-08-04 12:00,66,31,35,0,0,0
2019-08-04 12:15,73,51,22,0,0,0
2019-08-04 12:30,70,45,25,0,0,0
2019-08-04 12:45,95,52,43,0,0,0
2019-08-04 13:00,71,43,28,0,0,0
2019-08-04 13:15,92,58,34,0,0,0
2019-08-04 13:30,108,55,53,0,0,0
2019-08-04 13:45,104,76,28,0,0,0
2019-08-04 14:00,105,63,42,0,0,0
2019-08-04 14:15,114,77,37,0,0,0
2019-08-04 14:30,109,70,39,0,0,0
2019-08-04 14:45,112,62,50,0,0,0
2019-08-04 15:00,123,70,53,0,0,0
2019-08-04 15:15,86,52,34,0,0,0
2019-08-04 15:30,107,53,54,0,0,0
2019-08-04 15:45,107,61,46,0,0,0
2019-08-04 16:00,92,51,41,0,0,0
2019-08-04 16:15,89,39,50,0,0,0
2019-08-04 16:30,88,55,33,0,0,0
2019-08-04 16:45,94,51,43,0,0,0
2019-08-04 17:00,73,29,44,0,0,0
2019-08-04 17:15,89,42,47,0,0,0
2019-08-04 17:30,105,44,61,0,0,0
2019-08-04 17:45,128,68,60,0,0,0
2019-08-04 18:00,114,50,64,0,0,0
2019-08-04 18:15,75,38,37,0,0,0
2019-08-04 18:30,68,42,26,0,0,0
2019-08-04 18:45,79,38,41,0,0,0
2019-08-04 19:00,76,45,31,0,0,0
2019-08-04 19:15,87,45,42,0,0,0
2019-08-04 19:30,80,30,50,0,0,0
2019-08-04 19:45,54,31,23,0,0,0
2019-08-04 20:00,68,28,40,0,0,0
2019-08-04 20:15,57,24,33,0,0,0
2019-08-04 20:30,43,23,20,0,0,0
2019-08-04 20:45,53,25,28,0,0,0
2019-08-04 21:00,36,19,17,0,0,0
2019-08-04 21:15,37,22,15,0,0,0
2019-08-04 21:30,27,15,12,0,0,0
2019-08-04 21:45,28,10,18,0,0,0
2019-08-04 22:00,32,9,23,0,0,0
2019-08-04 22:15,25,10,15,0,0,0
2019-08-04 22:30,22,12,10,0,0,0
2019-08-04 22:45,15,5,10,0,0,0
2019-08-04 23:00,23,9,14,0,0,0
2019-08-04 23:15,13,7,6,0,0,0
2019-08-04 23:30,2,1,1,0,0,0
2019-08-04 23:45,9,4,5,0,0,0
2019-08-05 00:00,7,6,1,0,0,0
2019-08-05 00:15,11,5,6,0,0,0
2019-08-05 00:30,2,2,0,0,0,0
2019-08-05 00:45,2,1,1,0,0,0
2019-08-05 01:00,6,3,3,0,0,0
2019-08-05 01:15,1,0,1,0,0,0
2019-08-05 01:30,0,0,0,0,0,0
2019-08-05 01:45,3,0,3,0,0,0
2019-08-05 02:00,1,1,0,0,0,0
2019-08-05 02:15,0,0,0,0,0,0
2019-08-05 02:30,1,1,0,0,0,0
2019-08-05 02:45,0,0,0,0,0,0
2019-08-05 03:00,2,0,2,0,0,0
2019-08-05 03:15,1,1,0,0,0,0
2019-08-05 03:30,3,1,2,0,0,0
2019-08-05 03:45,0,0,0,0,0,0
2019-08-05 04:00,1,1,0,0,0,0
2019-08-05 04:15,1,0,1,0,0,0
2019-08-05 04:30,1,1,0,0,0,0
2019-08-05 04:45,3,2,1,0,0,0
2019-08-05 05:00,2,2,0,0,0,0
2019-08-05 05:15,4,1,3,0,0,0
2019-08-05 05:30,13,8,5,0,0,0
2019-08-05 05:45,19,6,13,0,0,0
2019-08-05 06:00,23,16,7,0,0,0
2019-08-05 06:15,28,19,9,0,0,0
2019-08-05 06:30,61,43,18,0,0,0
2019-08-05 06:45,72,52,20,0,0,0
2019-08-05 07:00,88,55,33,0,0,0
2019-08-05 07:15,93,55,38,0,0,0
2019-08-05 07:30,97,57,40,0,0,0
2019-08-05 07:45,147,84,63,0,0,0
2019-08-05 08:00,96,72,24,0,0,0
2019-08-05 08:15,115,74,41,0,0,0
2019-08-05 08:30,115,80,35,0,0,0
2019-08-05 08:45,139,98,41,0,0,0
2019-08-05 09:00,93,61,32,0,0,0
2019-08-05 09:15,78,54,24,0,0,0
2019-08-05 09:30,93,65,28,0,0,0
2019-08-05 09:45,98,71,27,0,0,0
2019-08-05 10:00,65,50,15,0,0,0
2019-08-05 10:15,119,86,33,0,0,0
2019-08-05 10:30,92,59,33,0,0,0
2019-08-05 10:45,101,69,32,0,0,0
2019-08-05 11:00,83,47,36,0,0,0
2019-08-05 11:15,105,61,44,0,0,0
2019-08-05 11:30,96,68,28,0,0,0
2019-08-05 11:45,111,68,43,0,0,0
2019-08-05 12:00,107,60,47,0,0,0
2019-08-05 12:15,84,49,35,0,0,0
2019-08-05 12:30,106,71,35,0,0,0
2019-08-05 12:45,115,58,57,0,0,0
2019-08-05 13:00,113,61,52,0,0,0
2019-08-05 13:15,96,53,43,0,0,0
2019-08-05 13:30,106,63,43,0,0,0
2019-08-05 13:45,122,74,48,0,0,0
2019-08-05 14:00,112,64,48,0,0,0
2019-08-05 14:15,98,46,52,0,0,0
2019-08-05 14:30,103,42,61,0,0,0
2019-08-05 14:45,146,69,77,0,0,0
2019-08-05 15:00,119,64,55,0,0,0
2019-08-05 15:15,129,68,61,0,0,0
2019-08-05 15:30,135,63,72,0,0,0
2019-08-05 15:45,148,94,54,0,0,0
2019-08-05 16:00,169,101,68,0,0,0
2019-08-05 16:15,163,74,89,0,0,0
2019-08-05 16:30,156,78,78,0,0,0
2019-08-05 16:45,170,93,77,0,0,0
2019-08-05 17:00,204,96,108,0,0,0
2019-08-05 17:15,172,73,99,0,0,0
2019-08-05 17:30,185,82,103,0,0,0
2019-08-05 17:45,157,66,91,0,0,0
2019-08-05 18:00,170,75,95,0,0,0
2019-08-05 18:15,166,86,80,0,0,0
2019-08-05 18:30,131,53,78,0,0,0
2019-08-05 18:45,149,62,87,0,0,0
2019-08-05 19:00,117,53,64,0,0,0
2019-08-05 19:15,122,66,56,0,0,0
2019-08-05 19:30,95,46,49,0,0,0
2019-08-05 19:45,100,43,57,0,0,0
2019-08-05 20:00,99,43,56,0,0,0
2019-08-05 20:15,82,34,48,0,0,0
2019-08-05 20:30,55,20,35,0,0,0
2019-08-05 20:45,66,31,35,0,0,0
2019-08-05 21:00,50,21,29,0,0,0
2019-08-05 21:15,48,32,16,0,0,0
2019-08-05 21:30,42,20,22,0,0,0
2019-08-05 21:45,45,15,30,0,0,0
2019-08-05 22:00,34,19,15,0,0,0
2019-08-05 22:15,51,25,26,0,0,0
2019-08-05 22:30,27,11,16,0,0,0
2019-08-05 22:45,40,23,17,0,0,0
2019-08-05 23:00,27,18,9,0,0,0
2019-08-05 23:15,19,11,8,0,0,0
2019-08-05 23:30,15,13,2,0,0,0
2019-08-05 23:45,11,3,8,0,0,0
2019-08-06 00:00,12,8,4,0,0,0
2019-08-06 00:15,11,8,3,0,0,0
2019-08-06 00:30,14,10,4,0,0,0
2019-08-06 00:45,3,2,1,0,0,0
2019-08-06 01:00,8,1,7,0,0,0
2019-08-06 01:15,7,2,5,0,0,0
2019-08-06 01:30,4,2,2,0,0,0
2019-08-06 01:45,4,4,0,0,0,0
2019-08-06 02:00,1,1,0,0,0,0
2019-08-06 02:15,4,3,1,0,0,0
2019-08-06 02:30,0,0,0,0,0,0
2019-08-06 02:45,1,0,1,0,0,0
2019-08-06 03:00,3,2,1,0,0,0
2019-08-06 03:15,0,0,0,0,0,0
2019-08-06 03:30,3,2,1,0,0,0
2019-08-06 03:45,1,0,1,0,0,0
2019-08-06 04:00,0,0,0,0,0,0
2019-08-06 04:15,4,3,1,0,0,0
2019-08-06 04:30,1,0,1,0,0,0
2019-08-06 04:45,4,3,1,0,0,0
2019-08-06 05:00,1,0,1,0,0,0
2019-08-06 05:15,3,3,0,0,0,0
2019-08-06 05:30,10,7,3,0,0,0
2019-08-06 05:45,31,15,16,0,0,0
2019-08-06 06:00,26,18,8,0,0,0
2019-08-06 06:15,26,12,14,0,0,0
2019-08-06 06:30,46,26,20,0,0,0
2019-08-06 06:45,72,53,19,0,0,0
2019-08-06 07:00,66,36,30,0,0,0
2019-08-06 07:15,86,45,41,0,0,0
2019-08-06 07:30,67,37,30,0,0,0
2019-08-06 07:45,103,69,34,0,0,0
2019-08-06 08:00,90,57,33,0,0,0
2019-08-06 08:15,106,84,22,0,0,0
2019-08-06 08:30,98,74,24,0,0,0
2019-08-06 08:45,132,99,33,0,0,0
2019-08-06 09:00,70,49,21,0,0,0
2019-08-06 09:15,84,62,22,0,0,0
2019-08-06 09:30,79,53,26,0,0,0
2019-08-06 09:45,103,78,25,0,0,0
2019-08-06 10:00,67,51,16,0,0,0
2019-08-06 10:15,85,64,21,0,0,0
2019-08-06 10:30,83,58,25,0,0,0
2019-08-06 10:45,90,61,29,0,0,0
2019-08-06 11:00,94,63,31,0,0,0
2019-08-06 11:15,83,58,25,0,0,0
2019-08-06 11:30,90,63,27,0,0,0
2019-08-06 11:45,125,79,46,0,0,0
2019-08-06 12:00,120,84,36,0,0,0
2019-08-06 12:15,122,76,46,0,0,0
2019-08-06 12:30,128,76,52,0,0,0
2019-08-06 12:45,128,64,64,0,0,0
2019-08-06 13:00,134,70,64,0,0,0
2019-08-06 13:15,119,54,65,0,0,0
2019-08-06 13:30,98,57,41,0,0,0
2019-08-06 13:45,108,70,38,0,0,0
2019-08-06 14:00,111,63,48,0,0,0
2019-08-06 14:15,133,83,50,0,0,0
2019-08-06 14:30,100,54,46,0,0,0
2019-08-06 14:45,130,69,61,0,0,0
2019-08-06 15:00,119,68,51,0,0,0
2019-08-06 15:15,124,72,52,0,0,0
2019-08-06 15:30,118,58,60,0,0,0
2019-08-06 15:45,168,107,61,0,0,0
2019-08-06 16:00,165,91,74,0,0,0
2019-08-06 16:15,140,76,64,0,0,0
2019-08-06 16:30,186,113,73,0,0,0
2019-08-06 16:45,150,87,63,0,0,0
2019-08-06 17:00,161,74,87,0,0,0
2019-08-06 17:15,139,63,76,0,0,0
2019-08-06 17:30,162,82,80,0,0,0
2019-08-06 17:45,175,87,88,0,0,0
2019-08-06 18:00,158,86,72,0,0,0
2019-08-06 18:15,153,74,79,0,0,0
2019-08-06 18:30,146,79,67,0,0,0
2019-08-06 18:45,154,66,88,0,0,0
2019-08-06 19:00,127,62,65,0,0,0
2019-08-06 19:15,104,36,68,0,0,0
2019-08-06 19:30,82,35,47,0,0,0
2019-08-06 19:45,86,35,51,0,0,0
2019-08-06 20:00,77,34,43,0,0,0
2019-08-06 20:15,60,34,26,0,0,0
2019-08-06 20:30,65,33,32,0,0,0
2019-08-06 20:45,61,28,33,0,0,0
2019-08-06 21:00,54,32,22,0,0,0
2019-08-06 21:15,58,32,26,0,0,0
2019-08-06 21:30,46,22,24,0,0,0
2019-08-06 21:45,40,19,21,0,0,0
2019-08-06 22:00,35,18,17,0,0,0
2019-08-06 22:15,38,17,21,0,0,0
2019-08-06 22:30,41,21,20,0,0,0
2019-08-06 22:45,26,10,16,0,0,0
2019-08-06 23:00,36,19,17,0,0,0
2019-08-06 23:15,27,12,15,0,0,0
2019-08-06 23:30,13,5,8,0,0,0
2019-08-06 23:45,11,8,3,0,0,0
2019-08-07 00:00,9,3,6,0,0,0
2019-08-07 00:15,7,3,4,0,0,0
2019-08-07 00:30,14,9,5,0,0,0
2019-08-07 00:45,4,2,2,0,0,0
2019-08-07 01:00,7,5,2,0,0,0
2019-08-07 01:15,7,2,5,0,0,0
2019-08-07 01:30,3,3,0,0,0,0
2019-08-07 01:45,3,0,3,0,0,0
2019-08-07 02:00,4,4,0,0,0,0
2019-08-07 02:15,1,0,1,0,0,0
2019-08-07 02:30,4,2,2,0,0,0
2019-08-07 02:45,1,1,0,0,0,0
2019-08-07 03:00,3,1,2,0,0,0
2019-08-07 03:15,3,0,3,0,0,0
2019-08-07 03:30,3,1,2,0,0,0
2019-08-07 03:45,1,0,1,0,0,0
2019-08-07 04:00,1,0,1,0,0,0
2019-08-07 04:15,1,0,1,0,0,0
2019-08-07 04:30,0,0,0,0,0,0
2019-08-07 04:45,3,3,0,0,0,0
2019-08-07 05:00,1,0,1,0,0,0
2019-08-07 05:15,5,4,1,0,0,0
2019-08-07 05:30,12,7,5,0,0,0
2019-08-07 05:45,16,7,9,0,0,0
2019-08-07 06:00,16,11,5,0,0,0
2019-08-07 06:15,19,12,7,0,0,0
2019-08-07 06:30,61,37,24,0,0,0
2019-08-07 06:45,66,43,23,0,0,0
2019-08-07 07:00,77,53,24,0,0,0
2019-08-07 07:15,91,50,41,0,0,0
2019-08-07 07:30,113,74,39,0,0,0
2019-08-07 07:45,132,91,41,0,0,0
2019-08-07 08:00,98,74,24,0,0,0
2019-08-07 08:15,115,86,29,0,0,0
2019-08-07 08:30,130,101,29,0,0,0
2019-08-07 08:45,152,108,44,0,0,0
2019-08-07 09:00,94,66,28,0,0,0
2019-08-07 09:15,86,62,24,0,0,0
2019-08-07 09:30,124,99,25,0,0,0
2019-08-07 09:45,128,104,24,0,0,0
2019-08-07 10:00,98,68,30,0,0,0
2019-08-07 10:15,105,74,31,0,0,0
2019-08-07 10:30,116,78,38,0,0,0
2019-08-07 10:45,150,106,44,0,0,0
2019-08-07 11:00,99,56,43,0,0,0
2019-08-07 11:15,125,89,36,0,0,0
2019-08-07 11:30,136,84,52,0,0,0
2019-08-07 11:45,147,110,37,0,0,0
2019-08-07 12:00,148,93,55,0,0,0
2019-08-07 12:15,155,99,56,0,0,0
2019-08-07 12:30,135,65,70,0,0,0
2019-08-07 12:45,155,78,77,0,0,0
2019-08-07 13:00,137,79,58,0,0,0
2019-08-07 13:15,136,67,69,0,0,0
2019-08-07 13:30,135,65,70,0,0,0
2019-08-07 13:45,146,63,83,0,0,0
2019-08-07 14:00,114,52,62,0,0,0
2019-08-07 14:15,104,52,52,0,0,0
2019-08-07 14:30,122,55,67,0,0,0
2019-08-07 14:45,120,46,74,0,0,0
2019-08-07 15:00,111,56,55,0,0,0
2019-08-07 15:15,122,71,51,0,0,0
2019-08-07 15:30,143,81,62,0,0,0
2019-08-07 15:45,160,81,79,0,0,0
2019-08-07 16:00,162,81,81,0,0,0
2019-08-07 16:15,140,66,74,0,0,0
2019-08-07 16:30,166,81,85,0,0,0
2019-08-07 16:45,160,97,63,0,0,0
2019-08-07 17:00,160,76,84,0,0,0
2019-08-07 17:15,160,77,83,0,0,0
2019-08-07 17:30,165,81,84,0,0,0
2019-08-07 17:45,151,84,67,0,0,0
2019-08-07 18:00,172,81,91,0,0,0
2019-08-07 18:15,172,83,89,0,0,0
2019-08-07 18:30,119,49,70,0,0,0
2019-08-07 18:45,179,94,85,0,0,0
2019-08-07 19:00,136,63,73,0,0,0
2019-08-07 19:15,104,39,65,0,0,0
2019-08-07 19:30,90,50,40,0,0,0
2019-08-07 19:45,93,47,46,0,0,0
2019-08-07 20:00,85,41,44,0,0,0
2019-08-07 20:15,63,24,39,0,0,0
2019-08-07 20:30,58,31,27,0,0,0
2019-08-07 20:45,51,25,26,0,0,0
2019-08-07 21:00,55,27,28,0,0,0
2019-08-07 21:15,56,21,35,0,0,0
2019-08-07 21:30,40,13,27,0,0,0
2019-08-07 21:45,62,35,27,0,0,0
2019-08-07 22:00,66,32,34,0,0,0
2019-08-07 22:15,35,15,20,0,0,0
2019-08-07 22:30,34,17,17,0,0,0
2019-08-07 22:45,41,23,18,0,0,0
2019-08-07 23:00,36,12,24,0,0,0
2019-08-07 23:15,35,17,18,0,0,0
2019-08-07 23:30,19,7,12,0,0,0
2019-08-07 23:45,13,3,10,0,0,0
2019-08-08 00:00,15,9,6,0,0,0
2019-08-08 00:15,12,5,7,0,0,0
2019-08-08 00:30,38,29,9,0,0,0
2019-08-08 00:45,29,25,4,0,0,0
2019-08-08 01:00,9,8,1,0,0,0
2019-08-08 01:15,9,2,7,0,0,0
2019-08-08 01:30,3,1,2,0,0,0
2019-08-08 01:45,3,1,2,0,0,0
2019-08-08 02:00,5,1,4,0,0,0
2019-08-08 02:15,6,2,4,0,0,0
2019-08-08 02:30,2,0,2,0,0,0
2019-08-08 02:45,4,2,2,0,0,0
2019-08-08 03:00,2,0,2,0,0,0
2019-08-08 03:15,6,2,4,0,0,0
2019-08-08 03:30,4,1,3,0,0,0
2019-08-08 03:45,0,0,0,0,0,0
2019-08-08 04:00,0,0,0,0,0,0
2019-08-08 04:15,2,0,2,0,0,0
2019-08-08 04:30,4,2,2,0,0,0
2019-08-08 04:45,5,3,2,0,0,0
2019-08-08 05:00,4,2,2,0,0,0
2019-08-08 05:15,5,2,3,0,0,0
2019-08-08 05:30,11,7,4,0,0,0
2019-08-08 05:45,28,12,16,0,0,0
2019-08-08 06:00,16,11,5,0,0,0
2019-08-08 06:15,34,22,12,0,0,0
2019-08-08 06:30,49,28,21,0,0,0
2019-08-08 06:45,64,42,22,0,0,0
2019-08-08 07:00,88,61,27,0,0,0
2019-08-08 07:15,102,62,40,0,0,0
2019-08-08 07:30,93,55,38,0,0,0
2019-08-08 07:45,141,83,58,0,0,0
2019-08-08 08:00,107,77,30,0,0,0
2019-08-08 08:15,103,70,33,0,0,0
2019-08-08 08:30,109,86,23,0,0,0
2019-08-08 08:45,147,110,37,0,0,0
2019-08-08 09:00,102,68,34,0,0,0
2019-08-08 09:15,71,58,13,0,0,0
2019-08-08 09:30,88,64,24,0,0,0
2019-08-08 09:45,106,80,26,0,0,0
2019-08-08 10:00,78,52,26,0,0,0
2019-08-08 10:15,116,85,31,0,0,0
2019-08-08 10:30,102,70,32,0,0,0
2019-08-08 10:45,112,74,38,0,0,0
2019-08-08 11:00,105,70,35,0,0,0
2019-08-08 11:15,96,57,39,0,0,0
2019-08-08 11:30,118,72,46,0,0,0
2019-08-08 11:45,119,75,44,0,0,0
2019-08-08 12:00,116,74,42,0,0,0
2019-08-08 12:15,101,58,43,0,0,0
2019-08-08 12:30,115,63,52,0,0,0
2019-08-08 12:45,113,76,37,0,0,0
2019-08-08 13:00,119,66,53,0,0,0
2019-08-08 13:15,85,47,38,0,0,0
2019-08-08 13:30,128,80,48,0,0,0
2019-08-08 13:45,128,70,58,0,0,0
2019-08-08 14:00,102,58,44,0,0,0
2019-08-08 14:15,117,64,53,0,0,0
2019-08-08 14:30,115,62,53,0,0,0
2019-08-08 14:45,113,72,41,0,0,0
2019-08-08 15:00,136,73,63,0,0,0
2019-08-08 15:15,123,76,47,0,0,0
2019-08-08 15:30,169,98,71,0,0,0
2019-08-08 15:45,160,80,80,0,0,0
2019-08-08 16:00,142,80,62,0,0,0
2019-08-08 16:15,148,76,72,0,0,0
2019-08-08 16:30,170,88,82,0,0,0
2019-08-08 16:45,161,69,92,0,0,0
2019-08-08 17:00,155,71,84,0,0,0
2019-08-08 17:15,175,90,85,0,0,0
2019-08-08 17:30,174,100,74,0,0,0
2019-08-08 17:45,160,80,80,0,0,0
2019-08-08 18:00,141,54,87,0,0,0
2019-08-08 18:15,155,69,86,0,0,0
2019-08-08 18:30,149,76,73,0,0,0
2019-08-08 18:45,123,62,61,0,0,0
2019-08-08 19:00,114,52,62,0,0,0
2019-08-08 19:15,124,64,60,0,0,0
2019-08-08 19:30,97,45,52,0,0,0
2019-08-08 19:45,104,46,58,0,0,0
2019-08-08 20:00,73,31,42,0,0,0
2019-08-08 20:15,71,39,32,0,0,0
2019-08-08 20:30,61,35,26,0,0,0
2019-08-08 20:45,76,42,34,0,0,0
2019-08-08 21:00,56,30,26,0,0,0
2019-08-08 21:15,62,30,32,0,0,0
2019-08-08 21:30,48,22,26,0,0,0
2019-08-08 21:45,31,14,17,0,0,0
2019-08-08 22:00,45,31,14,0,0,0
2019-08-08 22:15,40,17,23,0,0,0
2019-08-08 22:30,37,15,22,0,0,0
2019-08-08 22:45,42,18,24,0,0,0
2019-08-08 23:00,38,14,24,0,0,0
2019-08-08 23:15,32,10,22,0,0,0
2019-08-08 23:30,32,23,9,0,0,0
2019-08-08 23:45,16,7,9,0,0,0
2019-08-09 00:00,17,7,10,0,0,0
2019-08-09 00:15,19,11,8,0,0,0
2019-08-09 00:30,11,5,6,0,0,0
2019-08-09 00:45,11,6,5,0,0,0
2019-08-09 01:00,4,2,2,0,0,0
2019-08-09 01:15,4,3,1,0,0,0
2019-08-09 01:30,6,4,2,0,0,0
2019-08-09 01:45,2,2,0,0,0,0
2019-08-09 02:00,4,2,2,0,0,0
2019-08-09 02:15,4,2,2,0,0,0
2019-08-09 02:30,0,0,0,0,0,0
2019-08-09 02:45,1,0,1,0,0,0
2019-08-09 03:00,1,0,1,0,0,0
2019-08-09 03:15,2,0,2,0,0,0
2019-08-09 03:30,4,0,4,0,0,0
2019-08-09 03:45,3,1,2,0,0,0
2019-08-09 04:00,0,0,0,0,0,0
2019-08-09 04:15,3,1,2,0,0,0
2019-08-09 04:30,2,2,0,0,0,0
2019-08-09 04:45,4,4,0,0,0,0
2019-08-09 05:00,1,0,1,0,0,0
2019-08-09 05:15,3,1,2,0,0,0
2019-08-09 05:30,9,8,1,0,0,0
2019-08-09 05:45,28,19,9,0,0,0
2019-08-09 06:00,18,10,8,0,0,0
2019-08-09 06:15,20,11,9,0,0,0
2019-08-09 06:30,50,26,24,0,0,0
2019-08-09 06:45,52,34,18,0,0,0
2019-08-09 07:00,56,34,22,0,0,0
2019-08-09 07:15,89,55,34,0,0,0
2019-08-09 07:30,81,52,29,0,0,0
2019-08-09 07:45,130,85,45,0,0,0
2019-08-09 08:00,82,58,24,0,0,0
2019-08-09 08:15,91,69,22,0,0,0
2019-08-09 08:30,89,64,25,0,0,0
2019-08-09 08:45,110,69,41,0,0,0
2019-08-09 09:00,97,68,29,0,0,0
2019-08-09 09:15,80,65,15,0,0,0
2019-08-09 09:30,86,66,20,0,0,0
2019-08-09 09:45,101,71,30,0,0,0
2019-08-09 10:00,71,44,27,0,0,0
2019-08-09 10:15,97,69,28,0,0,0
2019-08-09 10:30,96,74,22,0,0,0
2019-08-09 10:45,82,45,37,0,0,0
2019-08-09 11:00,100,57,43,0,0,0
2019-08-09 11:15,83,53,30,0,0,0
2019-08-09 11:30,83,47,36,0,0,0
2019-08-09 11:45,123,81,42,0,0,0
2019-08-09 12:00,90,53,37,0,0,0
2019-08-09 12:15,91,41,50,0,0,0
2019-08-09 12:30,72,38,34,0,0,0
2019-08-09 12:45,118,62,56,0,0,0
2019-08-09 13:00,97,50,47,0,0,0
2019-08-09 13:15,98,53,45,0,0,0
2019-08-09 13:30,99,52,47,0,0,0
2019-08-09 13:45,112,66,46,0,0,0
2019-08-09 14:00,99,41,58,0,0,0
2019-08-09 14:15,106,59,47,0,0,0
2019-08-09 14:30,120,63,57,0,0,0
2019-08-09 14:45,94,53,41,0,0,0
2019-08-09 15:00,87,37,50,0,0,0
2019-08-09 15:15,106,51,55,0,0,0
2019-08-09 15:30,108,61,47,0,0,0
2019-08-09 15:45,88,48,40,0,0,0
2019-08-09 16:00,112,61,51,0,0,0
2019-08-09 16:15,93,47,46,0,0,0
2019-08-09 16:30,100,54,46,0,0,0
2019-08-09 16:45,110,68,42,0,0,0
2019-08-09 17:00,114,52,62,0,0,0
2019-08-09 17:15,101,63,38,0,0,0
2019-08-09 17:30,128,67,61,0,0,0
2019-08-09 17:45,108,51,57,0,0,0
2019-08-09 18:00,90,40,50,0,0,0
2019-08-09 18:15,108,52,56,0,0,0
2019-08-09 18:30,87,48,39,0,0,0
2019-08-09 18:45,102,60,42,0,0,0
2019-08-09 19:00,95,37,58,0,0,0
2019-08-09 19:15,106,57,49,0,0,0
2019-08-09 19:30,69,35,34,0,0,0
2019-08-09 19:45,61,33,28,0,0,0
2019-08-09 20:00,57,26,31,0,0,0
2019-08-09 20:15,39,13,26,0,0,0
2019-08-09 20:30,43,26,17,0,0,0
2019-08-09 20:45,46,34,12,0,0,0
2019-08-09 21:00,40,14,26,0,0,0
2019-08-09 21:15,37,20,17,0,0,0
2019-08-09 21:30,24,16,8,0,0,0
2019-08-09 21:45,49,31,18,0,0,0
2019-08-09 22:00,30,18,12,0,0,0
2019-08-09 22:15,24,8,16,0,0,0
2019-08-09 22:30,23,6,17,0,0,0
2019-08-09 22:45,30,12,18,0,0,0
2019-08-09 23:00,32,16,16,0,0,0
2019-08-09 23:15,31,15,16,0,0,0
2019-08-09 23:30,26,15,11,0,0,0
2019-08-09 23:45,25,11,14,0,0,0
2019-08-10 00:00,28,18,10,0,0,0
2019-08-10 00:15,20,13,7,0,0,0
2019-08-10 00:30,17,6,11,0,0,0
2019-08-10 00:45,23,15,8,0,0,0
2019-08-10 01:00,23,11,12,0,0,0
2019-08-10 01:15,13,8,5,0,0,0
2019-08-10 01:30,8,4,4,0,0,0
2019-08-10 01:45,17,9,8,0,0,0
2019-08-10 02:00,9,3,6,0,0,0
2019-08-10 02:15,5,0,5,0,0,0
2019-08-10 02:30,4,1,3,0,0,0
2019-08-10 02:45,4,2,2,0,0,0
2019-08-10 03:00,9,4,5,0,0,0
2019-08-10 03:15,7,1,6,0,0,0
2019-08-10 03:30,3,2,1,0,0,0
2019-08-10 03:45,4,1,3,0,0,0
2019-08-10 04:00,4,0,4,0,0,0
2019-08-10 04:15,10,1,9,0,0,0
2019-08-10 04:30,0,0,0,0,0,0
2019-08-10 04:45,0,0,0,0,0,0
2019-08-10 05:00,2,2,0,0,0,0
2019-08-10 05:15,1,1,0,0,0,0
2019-08-10 05:30,7,6,1,0,0,0
2019-08-10 05:45,5,3,2,0,0,0
2019-08-10 06:00,3,3,0,0,0,0
2019-08-10 06:15,10,3,7,0,0,0
2019-08-10 06:30,12,7,5,0,0,0
2019-08-10 06:45,14,11,3,0,0,0
2019-08-10 07:00,7,5,2,0,0,0
2019-08-10 07:15,11,9,2,0,0,0
2019-08-10 07:30,18,11,7,0,0,0
2019-08-10 07:45,33,19,14,0,0,0
2019-08-10 08:00,17,8,9,0,0,0
2019-08-10 08:15,32,23,9,0,0,0
2019-08-10 08:30,59,45,14,0,0,0
2019-08-10 08:45,68,52,16,0,0,0
2019-08-10 09:00,56,44,12,0,0,0
2019-08-10 09:15,83,68,15,0,0,0
2019-08-10 09:30,85,67,18,0,0,0
2019-08-10 09:45,80,55,25,0,0,0
2019-08-10 10:00,120,96,24,0,0,0
2019-08-10 10:15,100,79,21,0,0,0
2019-08-10 10:30,156,116,40,0,0,0
2019-08-10 10:45,128,85,43,0,0,0
2019-08-10 11:00,134,99,35,0,0,0
2019-08-10 11:15,138,94,44,0,0,0
2019-08-10 11:30,142,100,42,0,0,0
2019-08-10 11:45,156,103,53,0,0,0
2019-08-10 12:00,126,77,49,0,0,0
2019-08-10 12:15,136,90,46,0,0,0
2019-08-10 12:30,114,70,44,0,0,0
2019-08-10 12:45,154,90,64,0,0,0
2019-08-10 13:00,123,71,52,0,0,0
2019-08-10 13:15,126,72,54,0,0,0
2019-08-10 13:30,157,90,67,0,0,0
2019-08-10 13:45,110,50,60,0,0,0
2019-08-10 14:00,110,53,57,0,0,0
2019-08-10 14:15,103,47,56,0,0,0
2019-08-10 14:30,139,47,92,0,0,0
2019-08-10 14:45,130,68,62,0,0,0
2019-08-10 15:00,120,49,71,0,0,0
2019-08-10 15:15,78,36,42,0,0,0
2019-08-10 15:30,92,46,46,0,0,0
2019-08-10 15:45,111,72,39,0,0,0
2019-08-10 16:00,80,49,31,0,0,0
2019-08-10 16:15,75,40,35,0,0,0
2019-08-10 16:30,96,47,49,0,0,0
2019-08-10 16:45,92,53,39,0,0,0
2019-08-10 17:00,76,33,43,0,0,0
2019-08-10 17:15,73,29,44,0,0,0
2019-08-10 17:30,75,39,36,0,0,0
2019-08-10 17:45,93,51,42,0,0,0
2019-08-10 18:00,72,26,46,0,0,0
2019-08-10 18:15,71,39,32,0,0,0
2019-08-10 18:30,63,33,30,0,0,0
2019-08-10 18:45,105,64,41,0,0,0
2019-08-10 19:00,86,40,46,0,0,0
2019-08-10 19:15,87,46,41,0,0,0
2019-08-10 19:30,71,37,34,0,0,0
2019-08-10 19:45,69,29,40,0,0,0
2019-08-10 20:00,71,36,35,0,0,0
2019-08-10 20:15,52,19,33,0,0,0
2019-08-10 20:30,51,33,18,0,0,0
2019-08-10 20:45,47,34,13,0,0,0
2019-08-10 21:00,45,21,24,0,0,0
2019-08-10 21:15,24,14,10,0,0,0
2019-08-10 21:30,36,12,24,0,0,0
2019-08-10 21:45,44,28,16,0,0,0
2019-08-10 22:00,31,15,16,0,0,0
2019-08-10 22:15,32,15,17,0,0,0
2019-08-10 22:30,39,12,27,0,0,0
2019-08-10 22:45,38,19,19,0,0,0
2019-08-10 23:00,36,18,18,0,0,0
2019-08-10 23:15,31,13,18,0,0,0
2019-08-10 23:30,44,28,16,0,0,0
2019-08-10 23:45,40,17,23,0,0,0
2019-08-11 00:00,37,29,8,0,0,0
2019-08-11 00:15,22,17,5,0,0,0
2019-08-11 00:30,16,6,10,0,0,0
2019-08-11 00:45,14,7,7,0,0,0
2019-08-11 01:00,25,7,18,0,0,0
2019-08-11 01:15,9,3,6,0,0,0
2019-08-11 01:30,12,4,8,0,0,0
2019-08-11 01:45,13,7,6,0,0,0
2019-08-11 02:00,9,0,9,0,0,0
2019-08-11 02:15,7,1,6,0,0,0
2019-08-11 02:30,3,1,2,0,0,0
2019-08-11 02:45,8,2,6,0,0,0
2019-08-11 03:00,12,7,5,0,0,0
2019-08-11 03:15,9,5,4,0,0,0
2019-08-11 03:30,6,2,4,0,0,0
2019-08-11 03:45,6,1,5,0,0,0
2019-08-11 04:00,10,6,4,0,0,0
2019-08-11 04:15,7,3,4,0,0,0
2019-08-11 04:30,7,4,3,0,0,0
2019-08-11 04:45,4,1,3,0,0,0
2019-08-11 05:00,1,1,0,0,0,0
2019-08-11 05:15,0,0,0,0,0,0
2019-08-11 05:30,5,1,4,0,0,0
2019-08-11 05:45,9,5,4,0,0,0
2019-08-11 06:00,5,5,0,0,0,0
2019-08-11 06:15,4,3,1,0,0,0
2019-08-11 06:30,6,5,1,0,0,0
2019-08-11 06:45,7,3,4,0,0,0
2019-08-11 07:00,3,2,1,0,0,0
2019-08-11 07:15,6,5,1,0,0,0
2019-08-11 07:30,11,6,5,0,0,0
2019-08-11 07:45,8,2,6,0,0,0
2019-08-11 08:00,12,8,4,0,0,0
2019-08-11 08:15,10,6,4,0,0,0
2019-08-11 08:30,17,13,4,0,0,0
2019-08-11 08:45,26,16,10,0,0,0
2019-08-11 09:00,22,13,9,0,0,0
2019-08-11 09:15,29,19,10,0,0,0
2019-08-11 09:30,27,19,8,0,0,0
2019-08-11 09:45,55,44,11,0,0,0
2019-08-11 10:00,45,37,8,0,0,0
2019-08-11 10:15,35,24,11,0,0,0
2019-08-11 10:30,65,39,26,0,0,0
2019-08-11 10:45,47,32,15,0,0,0
2019-08-11 11:00,43,25,18,0,0,0
2019-08-11 11:15,59,39,20,0,0,0
2019-08-11 11:30,49,30,19,0,0,0
2019-08-11 11:45,59,39,20,0,0,0
2019-08-11 12:00,50,32,18,0,0,0
2019-08-11 12:15,61,32,29,0,0,0
2019-08-11 12:30,43,20,23,0,0,0
2019-08-11 12:45,76,36,40,0,0,0
2019-08-11 13:00,75,36,39,0,0,0
2019-08-11 13:15,71,39,32,0,0,0
2019-08-11 13:30,40,20,20,0,0,0
2019-08-11 13:45,58,32,26,0,0,0
2019-08-11 14:00,58,33,25,0,0,0
2019-08-11 14:15,86,55,31,0,0,0
2019-08-11 14:30,72,45,27,0,0,0
2019-08-11 14:45,124,85,39,0,0,0
2019-08-11 15:00,94,55,39,0,0,0
2019-08-11 15:15,66,45,21,0,0,0
2019-08-11 15:30,94,42,52,0,0,0
2019-08-11 15:45,81,53,28,0,0,0
2019-08-11 16:00,66,47,19,0,0,0
2019-08-11 16:15,62,43,19,0,0,0
2019-08-11 16:30,51,29,22,0,0,0
2019-08-11 16:45,86,47,39,0,0,0
2019-08-11 17:00,81,41,40,0,0,0
2019-08-11 17:15,86,58,28,0,0,0
2019-08-11 17:30,69,38,31,0,0,0
2019-08-11 17:45,97,52,45,0,0,0
2019-08-11 18:00,73,39,34,0,0,0
2019-08-11 18:15,61,36,25,0,0,0
2019-08-11 18:30,79,48,31,0,0,0
2019-08-11 18:45,71,48,23,0,0,0
2019-08-11 19:00,44,21,23,0,0,0
2019-08-11 19:15,63,38,25,0,0,0
2019-08-11 19:30,48,16,32,0,0,0
2019-08-11 19:45,54,26,28,0,0,0
2019-08-11 20:00,37,17,20,0,0,0
2019-08-11 20:15,53,28,25,0,0,0
2019-08-11 20:30,23,13,10,0,0,0
2019-08-11 20:45,29,16,13,0,0,0
2019-08-11 21:00,27,16,11,0,0,0
2019-08-11 21:15,22,7,15,0,0,0
2019-08-11 21:30,21,11,10,0,0,0
2019-08-11 21:45,17,9,8,0,0,0
2019-08-11 22:00,19,16,3,0,0,0
2019-08-11 22:15,17,10,7,0,0,0
2019-08-11 22:30,17,7,10,0,0,0
2019-08-11 22:45,11,8,3,0,0,0
2019-08-11 23:00,10,5,5,0,0,0
2019-08-11 23:15,11,10,1,0,0,0
2019-08-11 23:30,7,4,3,0,0,0
2019-08-11 23:45,13,5,8,0,0,0
2019-08-12 00:00,44,1,43,0,0,0
2019-08-12 00:15,8,1,7,0,0,0
2019-08-12 00:30,6,4,2,0,0,0
2019-08-12 00:45,8,6,2,0,0,0
2019-08-12 01:00,1,1,0,0,0,0
2019-08-12 01:15,3,1,2,0,0,0
2019-08-12 01:30,5,1,4,0,0,0
2019-08-12 01:45,1,0,1,0,0,0
2019-08-12 02:00,2,0,2,0,0,0
2019-08-12 02:15,0,0,0,0,0,0
2019-08-12 02:30,0,0,0,0,0,0
2019-08-12 02:45,2,2,0,0,0,0
2019-08-12 03:00,0,0,0,0,0,0
2019-08-12 03:15,0,0,0,0,0,0
2019-08-12 03:30,0,0,0,0,0,0
2019-08-12 03:45,0,0,0,0,0,0
2019-08-12 04:00,0,0,0,0,0,0
2019-08-12 04:15,0,0,0,0,0,0
2019-08-12 04:30,0,0,0,0,0,0
2019-08-12 04:45,2,1,1,0,0,0
2019-08-12 05:00,0,0,0,0,0,0
2019-08-12 05:15,3,2,1,0,0,0
2019-08-12 05:30,15,13,2,0,0,0
2019-08-12 05:45,20,9,11,0,0,0
2019-08-12 06:00,22,17,5,0,0,0
2019-08-12 06:15,27,19,8,0,0,0
2019-08-12 06:30,55,33,22,0,0,0
2019-08-12 06:45,74,43,31,0,0,0
2019-08-12 07:00,71,52,19,0,0,0
2019-08-12 07:15,80,42,38,0,0,0
2019-08-12 07:30,104,67,37,0,0,0
2019-08-12 07:45,169,123,46,0,0,0
2019-08-12 08:00,99,73,26,0,0,0
2019-08-12 08:15,113,77,36,0,0,0
2019-08-12 08:30,104,75,29,0,0,0
2019-08-12 08:45,122,102,20,0,0,0
2019-08-12 09:00,88,70,18,0,0,0
2019-08-12 09:15,86,60,26,0,0,0
2019-08-12 09:30,116,81,35,0,0,0
2019-08-12 09:45,124,95,29,0,0,0
2019-08-12 10:00,81,57,24,0,0,0
2019-08-12 10:15,72,53,19,0,0,0
2019-08-12 10:30,92,60,32,0,0,0
2019-08-12 10:45,117,87,30,0,0,0
2019-08-12 11:00,105,76,29,0,0,0
2019-08-12 11:15,106,62,44,0,0,0
2019-08-12 11:30,137,77,60,0,0,0
2019-08-12 11:45,127,79,48,0,0,0
2019-08-12 12:00,93,50,43,0,0,0
2019-08-12 12:15,107,54,53,0,0,0
2019-08-12 12:30,105,60,45,0,0,0
2019-08-12 12:45,115,55,60,0,0,0
2019-08-12 13:00,118,68,50,0,0,0
2019-08-12 13:15,103,58,45,0,0,0
2019-08-12 13:30,100,60,40,0,0,0
2019-08-12 13:45,128,64,64,0,0,0
2019-08-12 14:00,112,61,51,0,0,0
2019-08-12 14:15,96,66,30,0,0,0
2019-08-12 14:30,139,87,52,0,0,0
2019-08-12 14:45,153,81,72,0,0,0
2019-08-12 15:00,140,69,71,0,0,0
2019-08-12 15:15,122,68,54,0,0,0
2019-08-12 15:30,158,90,68,0,0,0
2019-08-12 15:45,171,93,78,0,0,0
2019-08-12 16:00,151,85,66,0,0,0
2019-08-12 16:15,139,68,71,0,0,0
2019-08-12 16:30,159,75,84,0,0,0
2019-08-12 16:45,155,71,84,0,0,0
2019-08-12 17:00,187,80,107,0,0,0
2019-08-12 17:15,192,80,112,0,0,0
2019-08-12 17:30,103,53,50,0,0,0
2019-08-12 17:45,69,22,47,0,0,0
2019-08-12 18:00,88,37,51,0,0,0
2019-08-12 18:15,99,30,69,0,0,0
2019-08-12 18:30,79,43,36,0,0,0
2019-08-12 18:45,96,33,63,0,0,0
2019-08-12 19:00,68,26,42,0,0,0
2019-08-12 19:15,67,38,29,0,0,0
2019-08-12 19:30,42,17,25,0,0,0
2019-08-12 19:45,67,26,41,0,0,0
2019-08-12 20:00,59,26,33,0,0,0
2019-08-12 20:15,45,27,18,0,0,0
2019-08-12 20:30,36,24,12,0,0,0
2019-08-12 20:45,41,19,22,0,0,0
2019-08-12 21:00,31,11,20,0,0,0
2019-08-12 21:15,20,9,11,0,0,0
2019-08-12 21:30,36,18,18,0,0,0
2019-08-12 21:45,19,13,6,0,0,0
2019-08-12 22:00,23,11,12,0,0,0
2019-08-12 22:15,35,12,23,0,0,0
2019-08-12 22:30,15,5,10,0,0,0
2019-08-12 22:45,32,18,14,0,0,0
2019-08-12 23:00,14,8,6,0,0,0
2019-08-12 23:15,20,2,18,0,0,0
2019-08-12 23:30,14,6,8,0,0,0
2019-08-12 23:45,4,0,4,0,0,0
2019-08-13 00:00,7,0,7,0,0,0
2019-08-13 00:15,7,2,5,0,0,0
2019-08-13 00:30,1,1,0,0,0,0
2019-08-13 00:45,6,4,2,0,0,0
2019-08-13 01:00,4,2,2,0,0,0
2019-08-13 01:15,10,7,3,0,0,0
2019-08-13 01:30,1,0,1,0,0,0
2019-08-13 01:45,2,1,1,0,0,0
2019-08-13 02:00,2,0,2,0,0,0
2019-08-13 02:15,1,0,1,0,0,0
2019-08-13 02:30,1,1,0,0,0,0
2019-08-13 02:45,1,0,1,0,0,0
2019-08-13 03:00,2,1,1,0,0,0
2019-08-13 03:15,0,0,0,0,0,0
2019-08-13 03:30,1,1,0,0,0,0
2019-08-13 03:45,1,0,1,0,0,0
2019-08-13 04:00,0,0,0,0,0,0
2019-08-13 04:15,0,0,0,0,0,0
2019-08-13 04:30,1,0,1,0,0,0
2019-08-13 04:45,6,4,2,0,0,0
2019-08-13 05:00,0,0,0,0,0,0
2019-08-13 05:15,3,2,1,0,0,0
2019-08-13 05:30,8,5,3,0,0,0
2019-08-13 05:45,20,9,11,0,0,0
2019-08-13 06:00,18,8,10,0,0,0
2019-08-13 06:15,25,16,9,0,0,0
2019-08-13 06:30,48,29,19,0,0,0
2019-08-13 06:45,66,40,26,0,0,0
2019-08-13 07:00,68,43,25,0,0,0
2019-08-13 07:15,85,46,39,0,0,0
2019-08-13 07:30,99,68,31,0,0,0
2019-08-13 07:45,123,82,41,0,0,0
2019-08-13 08:00,104,80,24,0,0,0
2019-08-13 08:15,94,65,29,0,0,0
2019-08-13 08:30,82,56,26,0,0,0
2019-08-13 08:45,131,99,32,0,0,0
2019-08-13 09:00,89,70,19,0,0,0
2019-08-13 09:15,83,58,25,0,0,0
2019-08-13 09:30,93,70,23,0,0,0
2019-08-13 09:45,112,80,32,0,0,0
2019-08-13 10:00,93,64,29,0,0,0
2019-08-13 10:15,108,75,33,0,0,0
2019-08-13 10:30,85,54,31,0,0,0
2019-08-13 10:45,89,61,28,0,0,0
2019-08-13 11:00,100,62,38,0,0,0
2019-08-13 11:15,82,49,33,0,0,0
2019-08-13 11:30,104,75,29,0,0,0
2019-08-13 11:45,105,60,45,0,0,0
2019-08-13 12:00,99,51,48,0,0,0
2019-08-13 12:15,127,78,49,0,0,0
2019-08-13 12:30,108,59,49,0,0,0
2019-08-13 12:45,108,58,50,0,0,0
2019-08-13 13:00,128,86,42,0,0,0
2019-08-13 13:15,112,65,47,0,0,0
2019-08-13 13:30,91,50,41,0,0,0
2019-08-13 13:45,99,44,55,0,0,0
2019-08-13 14:00,108,61,47,0,0,0
2019-08-13 14:15,75,47,28,0,0,0
2019-08-13 14:30,85,39,46,0,0,0
2019-08-13 14:45,95,56,39,0,0,0
2019-08-13 15:00,99,51,48,0,0,0
2019-08-13 15:15,107,58,49,0,0,0
2019-08-13 15:30,96,51,45,0,0,0
2019-08-13 15:45,97,51,46,0,0,0
2019-08-13 16:00,114,55,59,0,0,0
2019-08-13 16:15,120,46,74,0,0,0
2019-08-13 16:30,112,63,49,0,0,0
2019-08-13 16:45,155,86,69,0,0,0
2019-08-13 17:00,163,66,97,0,0,0
2019-08-13 17:15,126,62,64,0,0,0
2019-08-13 17:30,139,56,83,0,0,0
2019-08-13 17:45,128,58,70,0,0,0
2019-08-13 18:00,108,54,54,0,0,0
2019-08-13 18:15,118,49,69,0,0,0
2019-08-13 18:30,93,43,50,0,0,0
2019-08-13 18:45,94,36,58,0,0,0
2019-08-13 19:00,75,28,47,0,0,0
2019-08-13 19:15,52,23,29,0,0,0
2019-08-13 19:30,63,22,41,0,0,0
2019-08-13 19:45,75,35,40,0,0,0
2019-08-13 20:00,76,29,47,0,0,0
2019-08-13 20:15,62,30,32,0,0,0
2019-08-13 20:30,43,25,18,0,0,0
2019-08-13 20:45,55,28,27,0,0,0
2019-08-13 21:00,33,20,13,0,0,0
2019-08-13 21:15,23,12,11,0,0,0
2019-08-13 21:30,33,18,15,0,0,0
2019-08-13 21:45,24,10,14,0,0,0
2019-08-13 22:00,31,19,12,0,0,0
2019-08-13 22:15,32,17,15,0,0,0
2019-08-13 22:30,32,13,19,0,0,0
2019-08-13 22:45,32,15,17,0,0,0
2019-08-13 23:00,22,12,10,0,0,0
2019-08-13 23:15,14,6,8,0,0,0
2019-08-13 23:30,17,8,9,0,0,0
2019-08-13 23:45,18,6,12,0,0,0
2019-08-14 00:00,14,3,11,0,0,0
2019-08-14 00:15,5,3,2,0,0,0
2019-08-14 00:30,11,6,5,0,0,0
2019-08-14 00:45,1,0,1,0,0,0
2019-08-14 01:00,8,5,3,0,0,0
2019-08-14 01:15,5,1,4,0,0,0
2019-08-14 01:30,2,1,1,0,0,0
2019-08-14 01:45,5,5,0,0,0,0
2019-08-14 02:00,3,1,2,0,0,0
2019-08-14 02:15,6,2,4,0,0,0
2019-08-14 02:30,5,4,1,0,0,0
2019-08-14 02:45,0,0,0,0,0,0
2019-08-14 03:00,1,1,0,0,0,0
2019-08-14 03:15,1,1,0,0,0,0
2019-08-14 03:30,0,0,0,0,0,0
2019-08-14 03:45,1,1,0,0,0,0
2019-08-14 04:00,2,0,2,0,0,0
2019-08-14 04:15,1,0,1,0,0,0
2019-08-14 04:30,0,0,0,0,0,0
2019-08-14 04:45,2,2,0,0,0,0
2019-08-14 05:00,3,3,0,0,0,0
2019-08-14 05:15,2,2,0,0,0,0
2019-08-14 05:30,9,4,5,0,0,0
2019-08-14 05:45,22,7,15,0,0,0
2019-08-14 06:00,17,12,5,0,0,0
2019-08-14 06:15,29,13,16,0,0,0
2019-08-14 06:30,46,28,18,0,0,0
2019-08-14 06:45,57,32,25,0,0,0
2019-08-14 07:00,87,60,27,0,0,0
2019-08-14 07:15,101,64,37,0,0,0
2019-08-14 07:30,99,64,35,0,0,0
2019-08-14 07:45,158,96,62,0,0,0
2019-08-14 08:00,101,74,27,0,0,0
2019-08-14 08:15,136,101,35,0,0,0
2019-08-14 08:30,101,68,33,0,0,0
2019-08-14 08:45,148,115,33,0,0,0
2019-08-14 09:00,97,61,36,0,0,0
2019-08-14 09:15,121,93,28,0,0,0
2019-08-14 09:30,114,92,22,0,0,0
2019-08-14 09:45,125,99,26,0,0,0
2019-08-14 10:00,115,89,26,0,0,0
2019-08-14 10:15,94,73,21,0,0,0
2019-08-14 10:30,114,87,27,0,0,0
2019-08-14 10:45,106,75,31,0,0,0
2019-08-14 11:00,124,77,47,0,0,0
2019-08-14 11:15,160,100,60,0,0,0
2019-08-14 11:30,133,89,44,0,0,0
2019-08-14 11:45,161,111,50,0,0,0
2019-08-14 12:00,145,86,59,0,0,0
2019-08-14 12:15,151,84,67,0,0,0
2019-08-14 12:30,142,81,61,0,0,0
2019-08-14 12:45,153,90,63,0,0,0
2019-08-14 13:00,146,79,67,0,0,0
2019-08-14 13:15,147,81,66,0,0,0
2019-08-14 13:30,118,65,53,0,0,0
2019-08-14 13:45,151,72,79,0,0,0
2019-08-14 14:00,160,67,93,0,0,0
2019-08-14 14:15,134,63,71,0,0,0
2019-08-14 14:30,130,56,74,0,0,0
2019-08-14 14:45,143,72,71,0,0,0
2019-08-14 15:00,112,52,60,0,0,0
2019-08-14 15:15,141,58,83,0,0,0
2019-08-14 15:30,159,81,78,0,0,0
2019-08-14 15:45,167,104,63,0,0,0
2019-08-14 16:00,172,94,78,0,0,0
2019-08-14 16:15,148,68,80,0,0,0
2019-08-14 16:30,189,102,87,0,0,0
2019-08-14 16:45,176,74,102,0,0,0
2019-08-14 17:00,166,76,90,0,0,0
2019-08-14 17:15,176,78,98,0,0,0
2019-08-14 17:30,183,99,84,0,0,0
2019-08-14 17:45,185,99,86,0,0,0
2019-08-14 18:00,171,77,94,0,0,0
2019-08-14 18:15,172,85,87,0,0,0
2019-08-14 18:30,127,46,81,0,0,0
2019-08-14 18:45,112,47,65,0,0,0
2019-08-14 19:00,148,64,84,0,0,0
2019-08-14 19:15,124,42,82,0,0,0
2019-08-14 19:30,113,60,53,0,0,0
2019-08-14 19:45,102,55,47,0,0,0
2019-08-14 20:00,87,36,51,0,0,0
2019-08-14 20:15,82,31,51,0,0,0
2019-08-14 20:30,75,35,40,0,0,0
2019-08-14 20:45,55,23,32,0,0,0
2019-08-14 21:00,66,33,33,0,0,0
2019-08-14 21:15,49,14,35,0,0,0
2019-08-14 21:30,40,23,17,0,0,0
2019-08-14 21:45,75,44,31,0,0,0
2019-08-14 22:00,64,40,24,0,0,0
2019-08-14 22:15,76,51,25,0,0,0
2019-08-14 22:30,50,23,27,0,0,0
2019-08-14 22:45,38,14,24,0,0,0
2019-08-14 23:00,30,13,17,0,0,0
2019-08-14 23:15,23,10,13,0,0,0
2019-08-14 23:30,49,19,30,0,0,0
2019-08-14 23:45,24,10,14,0,0,0
2019-08-15 00:00,21,13,8,0,0,0
2019-08-15 00:15,15,9,6,0,0,0
2019-08-15 00:30,22,16,6,0,0,0
2019-08-15 00:45,8,5,3,0,0,0
2019-08-15 01:00,7,1,6,0,0,0
2019-08-15 01:15,8,4,4,0,0,0
2019-08-15 01:30,8,3,5,0,0,0
2019-08-15 01:45,5,3,2,0,0,0
2019-08-15 02:00,11,6,5,0,0,0
2019-08-15 02:15,5,0,5,0,0,0
2019-08-15 02:30,3,0,3,0,0,0
2019-08-15 02:45,10,0,10,0,0,0
2019-08-15 03:00,2,0,2,0,0,0
2019-08-15 03:15,3,1,2,0,0,0
2019-08-15 03:30,2,0,2,0,0,0
2019-08-15 03:45,1,1,0,0,0,0
2019-08-15 04:00,2,1,1,0,0,0
2019-08-15 04:15,4,0,4,0,0,0
2019-08-15 04:30,4,1,3,0,0,0
2019-08-15 04:45,1,0,1,0,0,0
2019-08-15 05:00,0,0,0,0,0,0
2019-08-15 05:15,2,1,1,0,0,0
2019-08-15 05:30,9,2,7,0,0,0
2019-08-15 05:45,22,11,11,0,0,0
2019-08-15 06:00,19,7,12,0,0,0
2019-08-15 06:15,29,19,10,0,0,0
2019-08-15 06:30,38,20,18,0,0,0
2019-08-15 06:45,57,28,29,0,0,0
2019-08-15 07:00,50,32,18,0,0,0
2019-08-15 07:15,83,43,40,0,0,0
2019-08-15 07:30,65,38,27,0,0,0
2019-08-15 07:45,128,69,59,0,0,0
2019-08-15 08:00,74,57,17,0,0,0
2019-08-15 08:15,107,79,28,0,0,0
2019-08-15 08:30,98,68,30,0,0,0
2019-08-15 08:45,100,78,22,0,0,0
2019-08-15 09:00,66,42,24,0,0,0
2019-08-15 09:15,65,57,8,0,0,0
2019-08-15 09:30,77,66,11,0,0,0
2019-08-15 09:45,102,73,29,0,0,0
2019-08-15 10:00,75,54,21,0,0,0
2019-08-15 10:15,53,34,19,0,0,0
2019-08-15 10:30,62,45,17,0,0,0
2019-08-15 10:45,81,54,27,0,0,0
2019-08-15 11:00,58,37,21,0,0,0
2019-08-15 11:15,83,54,29,0,0,0
2019-08-15 11:30,81,53,28,0,0,0
2019-08-15 11:45,82,42,40,0,0,0
2019-08-15 12:00,87,51,36,0,0,0
2019-08-15 12:15,83,46,37,0,0,0
2019-08-15 12:30,84,49,35,0,0,0
2019-08-15 12:45,85,50,35,0,0,0
2019-08-15 13:00,101,60,41,0,0,0
2019-08-15 13:15,91,57,34,0,0,0
2019-08-15 13:30,86,40,46,0,0,0
2019-08-15 13:45,82,53,29,0,0,0
2019-08-15 14:00,93,53,40,0,0,0
2019-08-15 14:15,109,59,50,0,0,0
2019-08-15 14:30,87,50,37,0,0,0
2019-08-15 14:45,98,58,40,0,0,0
2019-08-15 15:00,65,32,33,0,0,0
2019-08-15 15:15,89,41,48,0,0,0
2019-08-15 15:30,109,58,51,0,0,0
2019-08-15 15:45,128,75,53,0,0,0
2019-08-15 16:00,118,55,63,0,0,0
2019-08-15 16:15,137,70,67,0,0,0
2019-08-15 16:30,130,66,64,0,0,0
2019-08-15 16:45,149,85,64,0,0,0
2019-08-15 17:00,138,68,70,0,0,0
2019-08-15 17:15,124,42,82,0,0,0
2019-08-15 17:30,125,65,60,0,0,0
2019-08-15 17:45,139,67,72,0,0,0
2019-08-15 18:00,126,57,69,0,0,0
2019-08-15 18:15,144,71,73,0,0,0
2019-08-15 18:30,117,50,67,0,0,0
2019-08-15 18:45,134,71,63,0,0,0
2019-08-15 19:00,62,35,27,0,0,0
2019-08-15 19:15,56,19,37,0,0,0
2019-08-15 19:30,92,49,43,0,0,0
2019-08-15 19:45,92,49,43,0,0,0
2019-08-15 20:00,58,27,31,0,0,0
2019-08-15 20:15,56,20,36,0,0,0
2019-08-15 20:30,45,20,25,0,0,0
2019-08-15 20:45,43,22,21,0,0,0
2019-08-15 21:00,42,21,21,0,0,0
2019-08-15 21:15,55,21,34,0,0,0
2019-08-15 21:30,39,18,21,0,0,0
2019-08-15 21:45,34,13,21,0,0,0
2019-08-15 22:00,29,10,19,0,0,0
2019-08-15 22:15,37,11,26,0,0,0
2019-08-15 22:30,29,19,10,0,0,0
2019-08-15 22:45,27,14,13,0,0,0
2019-08-15 23:00,24,15,9,0,0,0
2019-08-15 23:15,29,8,21,0,0,0
2019-08-15 23:30,29,10,19,0,0,0
2019-08-15 23:45,21,13,8,0,0,0
2019-08-16 00:00,12,5,7,0,0,0
2019-08-16 00:15,16,11,5,0,0,0
2019-08-16 00:30,5,3,2,0,0,0
2019-08-16 00:45,8,2,6,0,0,0
2019-08-16 01:00,4,1,3,0,0,0
2019-08-16 01:15,7,0,7,0,0,0
2019-08-16 01:30,5,2,3,0,0,0
2019-08-16 01:45,5,5,0,0,0,0
2019-08-16 02:00,8,4,4,0,0,0
2019-08-16 02:15,6,2,4,0,0,0
2019-08-16 02:30,6,1,5,0,0,0
2019-08-16 02:45,2,0,2,0,0,0
2019-08-16 03:00,2,0,2,0,0,0
2019-08-16 03:15,2,1,1,0,0,0
2019-08-16 03:30,2,0,2,0,0,0
2019-08-16 03:45,4,0,4,0,0,0
2019-08-16 04:00,1,0,1,0,0,0
2019-08-16 04:15,1,0,1,0,0,0
2019-08-16 04:30,0,0,0,0,0,0
2019-08-16 04:45,4,1,3,0,0,0
2019-08-16 05:00,0,0,0,0,0,0
2019-08-16 05:15,2,1,1,0,0,0
2019-08-16 05:30,10,6,4,0,0,0
2019-08-16 05:45,26,11,15,0,0,0
2019-08-16 06:00,14,9,5,0,0,0
2019-08-16 06:15,34,17,17,0,0,0
2019-08-16 06:30,49,34,15,0,0,0
2019-08-16 06:45,63,40,23,0,0,0
2019-08-16 07:00,74,50,24,0,0,0
2019-08-16 07:15,94,59,35,0,0,0
2019-08-16 07:30,102,61,41,0,0,0
2019-08-16 07:45,152,110,42,0,0,0
2019-08-16 08:00,121,81,40,0,0,0
2019-08-16 08:15,118,88,30,0,0,0
2019-08-16 08:30,108,79,29,0,0,0
2019-08-16 08:45,116,79,37,0,0,0
2019-08-16 09:00,89,69,20,0,0,0
2019-08-16 09:15,83,60,23,0,0,0
2019-08-16 09:30,90,66,24,0,0,0
2019-08-16 09:45,124,102,22,0,0,0
2019-08-16 10:00,76,54,22,0,0,0
2019-08-16 10:15,91,66,25,0,0,0
2019-08-16 10:30,109,81,28,0,0,0
2019-08-16 10:45,112,75,37,0,0,0
2019-08-16 11:00,91,65,26,0,0,0
2019-08-16 11:15,109,74,35,0,0,0
2019-08-16 11:30,98,69,29,0,0,0
2019-08-16 11:45,112,71,41,0,0,0
2019-08-16 12:00,125,69,56,0,0,0
2019-08-16 12:15,111,58,53,0,0,0
2019-08-16 12:30,113,60,53,0,0,0
2019-08-16 12:45,133,71,62,0,0,0
2019-08-16 13:00,136,80,56,0,0,0
2019-08-16 13:15,129,62,67,0,0,0
2019-08-16 13:30,140,74,66,0,0,0
2019-08-16 13:45,141,86,55,0,0,0
2019-08-16 14:00,119,66,53,0,0,0
2019-08-16 14:15,105,58,47,0,0,0
2019-08-16 14:30,117,65,52,0,0,0
2019-08-16 14:45,144,76,68,0,0,0
2019-08-16 15:00,149,86,63,0,0,0
2019-08-16 15:15,141,81,60,0,0,0
2019-08-16 15:30,168,92,76,0,0,0
2019-08-16 15:45,145,82,63,0,0,0
2019-08-16 16:00,166,97,69,0,0,0
2019-08-16 16:15,123,60,63,0,0,0
2019-08-16 16:30,135,72,63,0,0,0
2019-08-16 16:45,150,86,64,0,0,0
2019-08-16 17:00,154,82,72,0,0,0
2019-08-16 17:15,132,72,60,0,0,0
2019-08-16 17:30,166,80,86,0,0,0
2019-08-16 17:45,135,64,71,0,0,0
2019-08-16 18:00,117,61,56,0,0,0
2019-08-16 18:15,174,106,68,0,0,0
2019-08-16 18:30,167,103,64,0,0,0
2019-08-16 18:45,136,85,51,0,0,0
2019-08-16 19:00,157,99,58,0,0,0
2019-08-16 19:15,131,86,45,0,0,0
2019-08-16 19:30,142,91,51,0,0,0
2019-08-16 19:45,128,80,48,0,0,0
2019-08-16 20:00,110,59,51,0,0,0
2019-08-16 20:15,107,63,44,0,0,0
2019-08-16 20:30,102,80,22,0,0,0
2019-08-16 20:45,79,49,30,0,0,0
2019-08-16 21:00,72,35,37,0,0,0
2019-08-16 21:15,59,29,30,0,0,0
2019-08-16 21:30,87,49,38,0,0,0
2019-08-16 21:45,76,42,34,0,0,0
2019-08-16 22:00,89,50,39,0,0,0
2019-08-16 22:15,35,6,29,0,0,0
2019-08-16 22:30,55,26,29,0,0,0
2019-08-16 22:45,59,28,31,0,0,0
2019-08-16 23:00,50,23,27,0,0,0
2019-08-16 23:15,40,13,27,0,0,0
2019-08-16 23:30,52,10,42,0,0,0
2019-08-16 23:45,52,14,38,0,0,0
2019-08-17 00:00,48,8,40,0,0,0
2019-08-17 00:15,108,19,89,0,0,0
2019-08-17 00:30,44,5,39,0,0,0
2019-08-17 00:45,35,10,25,0,0,0
2019-08-17 01:00,39,10,29,0,0,0
2019-08-17 01:15,34,3,31,0,0,0
2019-08-17 01:30,23,3,20,0,0,0
2019-08-17 01:45,18,4,14,0,0,0
2019-08-17 02:00,20,4,16,0,0,0
2019-08-17 02:15,14,2,12,0,0,0
2019-08-17 02:30,20,3,17,0,0,0
2019-08-17 02:45,11,2,9,0,0,0
2019-08-17 03:00,19,4,15,0,0,0
2019-08-17 03:15,14,3,11,0,0,0
2019-08-17 03:30,8,2,6,0,0,0
2019-08-17 03:45,11,2,9,0,0,0
2019-08-17 04:00,6,3,3,0,0,0
2019-08-17 04:15,4,2,2,0,0,0
2019-08-17 04:30,9,3,6,0,0,0
2019-08-17 04:45,5,1,4,0,0,0
2019-08-17 05:00,1,0,1,0,0,0
2019-08-17 05:15,9,7,2,0,0,0
2019-08-17 05:30,9,4,5,0,0,0
2019-08-17 05:45,7,4,3,0,0,0
2019-08-17 06:00,4,2,2,0,0,0
2019-08-17 06:15,10,5,5,0,0,0
2019-08-17 06:30,6,6,0,0,0,0
2019-08-17 06:45,19,15,4,0,0,0
2019-08-17 07:00,28,22,6,0,0,0
2019-08-17 07:15,14,11,3,0,0,0
2019-08-17 07:30,28,17,11,0,0,0
2019-08-17 07:45,24,16,8,0,0,0
2019-08-17 08:00,28,21,7,0,0,0
2019-08-17 08:15,47,38,9,0,0,0
2019-08-17 08:30,51,40,11,0,0,0
2019-08-17 08:45,72,52,20,0,0,0
2019-08-17 09:00,57,44,13,0,0,0
2019-08-17 09:15,94,68,26,0,0,0
2019-08-17 09:30,67,53,14,0,0,0
2019-08-17 09:45,132,113,19,0,0,0
2019-08-17 10:00,115,89,26,0,0,0
2019-08-17 10:15,141,106,35,0,0,0
2019-08-17 10:30,125,94,31,0,0,0
2019-08-17 10:45,128,101,27,0,0,0
2019-08-17 11:00,143,87,56,0,0,0
2019-08-17 11:15,132,71,61,0,0,0
2019-08-17 11:30,144,96,48,0,0,0
2019-08-17 11:45,166,113,53,0,0,0
2019-08-17 12:00,121,83,38,0,0,0
2019-08-17 12:15,151,102,49,0,0,0
2019-08-17 12:30,136,69,67,0,0,0
2019-08-17 12:45,151,90,61,0,0,0
2019-08-17 13:00,144,85,59,0,0,0
2019-08-17 13:15,139,74,65,0,0,0
2019-08-17 13:30,136,63,73,0,0,0
2019-08-17 13:45,136,70,66,0,0,0
2019-08-17 14:00,109,61,48,0,0,0
2019-08-17 14:15,73,35,38,0,0,0
2019-08-17 14:30,123,65,58,0,0,0
2019-08-17 14:45,133,69,64,0,0,0
2019-08-17 15:00,97,41,56,0,0,0
2019-08-17 15:15,89,40,49,0,0,0
2019-08-17 15:30,106,41,65,0,0,0
2019-08-17 15:45,87,36,51,0,0,0
2019-08-17 16:00,85,46,39,0,0,0
2019-08-17 16:15,116,69,47,0,0,0
2019-08-17 16:30,72,40,32,0,0,0
2019-08-17 16:45,103,62,41,0,0,0
2019-08-17 17:00,109,58,51,0,0,0
2019-08-17 17:15,87,44,43,0,0,0
2019-08-17 17:30,87,41,46,0,0,0
2019-08-17 17:45,125,69,56,0,0,0
2019-08-17 18:00,138,80,58,0,0,0
2019-08-17 18:15,112,57,55,0,0,0
2019-08-17 18:30,97,63,34,0,0,0
2019-08-17 18:45,131,95,36,0,0,0
2019-08-17 19:00,93,51,42,0,0,0
2019-08-17 19:15,87,59,28,0,0,0
2019-08-17 19:30,59,35,24,0,0,0
2019-08-17 19:45,152,120,32,0,0,0
2019-08-17 20:00,70,51,19,0,0,0
2019-08-17 20:15,82,50,32,0,0,0
2019-08-17 20:30,91,64,27,0,0,0
2019-08-17 20:45,79,56,23,0,0,0
2019-08-17 21:00,58,44,14,0,0,0
2019-08-17 21:15,46,23,23,0,0,0
2019-08-17 21:30,54,36,18,0,0,0
2019-08-17 21:45,33,21,12,0,0,0
2019-08-17 22:00,55,35,20,0,0,0
2019-08-17 22:15,38,22,16,0,0,0
2019-08-17 22:30,23,8,15,0,0,0
2019-08-17 22:45,46,21,25,0,0,0
2019-08-17 23:00,51,16,35,0,0,0
2019-08-17 23:15,47,19,28,0,0,0
2019-08-17 23:30,41,9,32,0,0,0
2019-08-17 23:45,45,13,32,0,0,0
2019-08-18 00:00,45,15,30,0,0,0
2019-08-18 00:15,66,5,61,0,0,0
2019-08-18 00:30,66,8,58,0,0,0
2019-08-18 00:45,33,13,20,0,0,0
2019-08-18 01:00,31,10,21,0,0,0
2019-08-18 01:15,37,12,25,0,0,0
2019-08-18 01:30,26,4,22,0,0,0
2019-08-18 01:45,11,4,7,0,0,0
2019-08-18 02:00,16,4,12,0,0,0
2019-08-18 02:15,7,2,5,0,0,0
2019-08-18 02:30,25,3,22,0,0,0
2019-08-18 02:45,13,1,12,0,0,0
2019-08-18 03:00,5,3,2,0,0,0
2019-08-18 03:15,5,0,5,0,0,0
2019-08-18 03:30,6,1,5,0,0,0
2019-08-18 03:45,5,0,5,0,0,0
2019-08-18 04:00,5,0,5,0,0,0
2019-08-18 04:15,9,6,3,0,0,0
2019-08-18 04:30,5,1,4,0,0,0
2019-08-18 04:45,3,1,2,0,0,0
2019-08-18 05:00,0,0,0,0,0,0
2019-08-18 05:15,5,2,3,0,0,0
2019-08-18 05:30,5,3,2,0,0,0
2019-08-18 05:45,4,0,4,0,0,0
2019-08-18 06:00,7,5,2,0,0,0
2019-08-18 06:15,7,5,2,0,0,0
2019-08-18 06:30,2,1,1,0,0,0
2019-08-18 06:45,4,2,2,0,0,0
2019-08-18 07:00,3,2,1,0,0,0
2019-08-18 07:15,5,5,0,0,0,0
2019-08-18 07:30,9,4,5,0,0,0
2019-08-18 07:45,7,3,4,0,0,0
2019-08-18 08:00,3,1,2,0,0,0
2019-08-18 08:15,5,3,2,0,0,0
2019-08-18 08:30,11,9,2,0,0,0
2019-08-18 08:45,8,7,1,0,0,0
2019-08-18 09:00,6,5,1,0,0,0
2019-08-18 09:15,14,8,6,0,0,0
2019-08-18 09:30,9,9,0,0,0,0
2019-08-18 09:45,33,25,8,0,0,0
2019-08-18 10:00,21,16,5,0,0,0
2019-08-18 10:15,29,18,11,0,0,0
2019-08-18 10:30,16,9,7,0,0,0
2019-08-18 10:45,25,16,9,0,0,0
2019-08-18 11:00,13,10,3,0,0,0
2019-08-18 11:15,21,14,7,0,0,0
2019-08-18 11:30,25,19,6,0,0,0
2019-08-18 11:45,13,6,7,0,0,0
2019-08-18 12:00,14,6,8,0,0,0
2019-08-18 12:15,19,14,5,0,0,0
2019-08-18 12:30,12,7,5,0,0,0
2019-08-18 12:45,26,19,7,0,0,0
2019-08-18 13:00,18,12,6,0,0,0
2019-08-18 13:15,16,9,7,0,0,0
2019-08-18 13:30,21,11,10,0,0,0
2019-08-18 13:45,24,13,11,0,0,0
2019-08-18 14:00,32,18,14,0,0,0
2019-08-18 14:15,27,14,13,0,0,0
2019-08-18 14:30,33,21,12,0,0,0
2019-08-18 14:45,47,33,14,0,0,0
2019-08-18 15:00,50,33,17,0,0,0
2019-08-18 15:15,42,22,20,0,0,0
2019-08-18 15:30,49,32,17,0,0,0
2019-08-18 15:45,52,29,23,0,0,0
2019-08-18 16:00,73,55,18,0,0,0
2019-08-18 16:15,45,32,13,0,0,0
2019-08-18 16:30,72,52,20,0,0,0
2019-08-18 16:45,79,57,22,0,0,0
2019-08-18 17:00,84,43,41,0,0,0
2019-08-18 17:15,58,34,24,0,0,0
2019-08-18 17:30,76,38,38,0,0,0
2019-08-18 17:45,92,51,41,0,0,0
2019-08-18 18:00,65,46,19,0,0,0
2019-08-18 18:15,58,42,16,0,0,0
2019-08-18 18:30,75,45,30,0,0,0
2019-08-18 18:45,99,65,34,0,0,0
2019-08-18 19:00,73,36,37,0,0,0
2019-08-18 19:15,64,42,22,0,0,0
2019-08-18 19:30,86,51,35,0,0,0
2019-08-18 19:45,63,31,32,0,0,0
2019-08-18 20:00,41,14,27,0,0,0
2019-08-18 20:15,50,31,19,0,0,0
2019-08-18 20:30,41,20,21,0,0,0
2019-08-18 20:45,33,20,13,0,0,0
2019-08-18 21:00,44,13,31,0,0,0
2019-08-18 21:15,36,19,17,0,0,0
2019-08-18 21:30,24,7,17,0,0,0
2019-08-18 21:45,29,19,10,0,0,0
2019-08-18 22:00,47,13,34,0,0,0
2019-08-18 22:15,28,8,20,0,0,0
2019-08-18 22:30,75,15,60,0,0,0
2019-08-18 22:45,49,7,42,0,0,0
2019-08-18 23:00,17,2,15,0,0,0
2019-08-18 23:15,20,2,18,0,0,0
2019-08-18 23:30,12,6,6,0,0,0
2019-08-18 23:45,16,5,11,0,0,0
2019-08-19 00:00,18,5,13,0,0,0
2019-08-19 00:15,10,0,10,0,0,0
2019-08-19 00:30,7,4,3,0,0,0
2019-08-19 00:45,3,2,1,0,0,0
2019-08-19 01:00,4,2,2,0,0,0
2019-08-19 01:15,4,0,4,0,0,0
2019-08-19 01:30,5,2,3,0,0,0
2019-08-19 01:45,4,2,2,0,0,0
2019-08-19 02:00,2,0,2,0,0,0
2019-08-19 02:15,4,0,4,0,0,0
2019-08-19 02:30,2,0,2,0,0,0
2019-08-19 02:45,0,0,0,0,0,0
2019-08-19 03:00,2,0,2,0,0,0
2019-08-19 03:15,5,2,3,0,0,0
2019-08-19 03:30,2,2,0,0,0,0
2019-08-19 03:45,1,0,1,0,0,0
2019-08-19 04:00,0,0,0,0,0,0
2019-08-19 04:15,1,0,1,0,0,0
2019-08-19 04:30,2,1,1,0,0,0
2019-08-19 04:45,1,1,0,0,0,0
2019-08-19 05:00,2,0,2,0,0,0
2019-08-19 05:15,2,2,0,0,0,0
2019-08-19 05:30,9,8,1,0,0,0
2019-08-19 05:45,16,8,8,0,0,0
2019-08-19 06:00,19,10,9,0,0,0
2019-08-19 06:15,24,14,10,0,0,0
2019-08-19 06:30,63,37,26,0,0,0
2019-08-19 06:45,60,31,29,0,0,0
2019-08-19 07:00,77,53,24,0,0,0
2019-08-19 07:15,111,63,48,0,0,0
2019-08-19 07:30,111,69,42,0,0,0
2019-08-19 07:45,162,106,56,0,0,0
2019-08-19 08:00,100,73,27,0,0,0
2019-08-19 08:15,130,89,41,0,0,0
2019-08-19 08:30,113,87,26,0,0,0
2019-08-19 08:45,149,119,30,0,0,0
2019-08-19 09:00,96,74,22,0,0,0
2019-08-19 09:15,85,62,23,0,0,0
2019-08-19 09:30,92,75,17,0,0,0
2019-08-19 09:45,112,79,33,0,0,0
2019-08-19 10:00,86,63,23,0,0,0
2019-08-19 10:15,84,61,23,0,0,0
2019-08-19 10:30,111,74,37,0,0,0
2019-08-19 10:45,113,67,46,0,0,0
2019-08-19 11:00,119,77,42,0,0,0
2019-08-19 11:15,118,73,45,0,0,0
2019-08-19 11:30,92,67,25,0,0,0
2019-08-19 11:45,135,71,64,0,0,0
2019-08-19 12:00,96,62,34,0,0,0
2019-08-19 12:15,120,74,46,0,0,0
2019-08-19 12:30,114,71,43,0,0,0
2019-08-19 12:45,114,60,54,0,0,0
2019-08-19 13:00,127,69,58,0,0,0
2019-08-19 13:15,123,62,61,0,0,0
2019-08-19 13:30,106,54,52,0,0,0
2019-08-19 13:45,132,80,52,0,0,0
2019-08-19 14:00,108,50,58,0,0,0
2019-08-19 14:15,132,77,55,0,0,0
2019-08-19 14:30,124,63,61,0,0,0
2019-08-19 14:45,123,68,55,0,0,0
2019-08-19 15:00,114,57,57,0,0,0
2019-08-19 15:15,132,64,68,0,0,0
2019-08-19 15:30,119,58,61,0,0,0
2019-08-19 15:45,157,93,64,0,0,0
2019-08-19 16:00,177,86,91,0,0,0
2019-08-19 16:15,143,71,72,0,0,0
2019-08-19 16:30,180,80,100,0,0,0
2019-08-19 16:45,162,81,81,0,0,0
2019-08-19 17:00,172,88,84,0,0,0
2019-08-19 17:15,194,104,90,0,0,0
2019-08-19 17:30,180,97,83,0,0,0
2019-08-19 17:45,166,76,90,0,0,0
2019-08-19 18:00,179,76,103,0,0,0
2019-08-19 18:15,169,74,95,0,0,0
2019-08-19 18:30,136,63,73,0,0,0
2019-08-19 18:45,144,65,79,0,0,0
2019-08-19 19:00,119,43,76,0,0,0
2019-08-19 19:15,99,53,46,0,0,0
2019-08-19 19:30,70,33,37,0,0,0
2019-08-19 19:45,76,29,47,0,0,0
2019-08-19 20:00,89,40,49,0,0,0
2019-08-19 20:15,75,31,44,0,0,0
2019-08-19 20:30,62,28,34,0,0,0
2019-08-19 20:45,50,22,28,0,0,0
2019-08-19 21:00,50,19,31,0,0,0
2019-08-19 21:15,42,20,22,0,0,0
2019-08-19 21:30,49,26,23,0,0,0
2019-08-19 21:45,41,17,24,0,0,0
2019-08-19 22:00,34,14,20,0,0,0
2019-08-19 22:15,34,19,15,0,0,0
2019-08-19 22:30,21,9,12,0,0,0
2019-08-19 22:45,30,14,16,0,0,0
2019-08-19 23:00,22,12,10,0,0,0
2019-08-19 23:15,29,13,16,0,0,0
2019-08-19 23:30,17,7,10,0,0,0
2019-08-19 23:45,18,5,13,0,0,0
2019-08-20 00:00,8,3,5,0,0,0
2019-08-20 00:15,8,5,3,0,0,0
2019-08-20 00:30,11,8,3,0,0,0
2019-08-20 00:45,6,3,3,0,0,0
2019-08-20 01:00,8,1,7,0,0,0
2019-08-20 01:15,2,2,0,0,0,0
2019-08-20 01:30,0,0,0,0,0,0
2019-08-20 01:45,3,3,0,0,0,0
2019-08-20 02:00,3,1,2,0,0,0
2019-08-20 02:15,1,1,0,0,0,0
2019-08-20 02:30,3,1,2,0,0,0
2019-08-20 02:45,3,3,0,0,0,0
2019-08-20 03:00,2,0,2,0,0,0
2019-08-20 03:15,2,0,2,0,0,0
2019-08-20 03:30,2,2,0,0,0,0
2019-08-20 03:45,0,0,0,0,0,0
2019-08-20 04:00,1,0,1,0,0,0
2019-08-20 04:15,0,0,0,0,0,0
2019-08-20 04:30,1,1,0,0,0,0
2019-08-20 04:45,1,1,0,0,0,0
2019-08-20 05:00,3,1,2,0,0,0
2019-08-20 05:15,3,3,0,0,0,0
2019-08-20 05:30,13,11,2,0,0,0
2019-08-20 05:45,18,8,10,0,0,0
2019-08-20 06:00,14,8,6,0,0,0
2019-08-20 06:15,25,16,9,0,0,0
2019-08-20 06:30,44,30,14,0,0,0
2019-08-20 06:45,73,42,31,0,0,0
2019-08-20 07:00,103,72,31,0,0,0
2019-08-20 07:15,111,65,46,0,0,0
2019-08-20 07:30,124,80,44,0,0,0
2019-08-20 07:45,159,100,59,0,0,0
2019-08-20 08:00,129,90,39,0,0,0
2019-08-20 08:15,128,90,38,0,0,0
2019-08-20 08:30,135,99,36,0,0,0
2019-08-20 08:45,119,90,29,0,0,0
2019-08-20 09:00,100,75,25,0,0,0
2019-08-20 09:15,123,93,30,0,0,0
2019-08-20 09:30,96,71,25,0,0,0
2019-08-20 09:45,136,96,40,0,0,0
2019-08-20 10:00,110,81,29,0,0,0
2019-08-20 10:15,100,79,21,0,0,0
2019-08-20 10:30,104,66,38,0,0,0
2019-08-20 10:45,126,80,46,0,0,0
2019-08-20 11:00,90,68,22,0,0,0
2019-08-20 11:15,108,54,54,0,0,0
2019-08-20 11:30,108,68,40,0,0,0
2019-08-20 11:45,117,65,52,0,0,0
2019-08-20 12:00,103,57,46,0,0,0
2019-08-20 12:15,110,73,37,0,0,0
2019-08-20 12:30,136,78,58,0,0,0
2019-08-20 12:45,151,78,73,0,0,0
2019-08-20 13:00,135,83,52,0,0,0
2019-08-20 13:15,98,47,51,0,0,0
2019-08-20 13:30,128,79,49,0,0,0
2019-08-20 13:45,163,84,79,0,0,0
2019-08-20 14:00,112,60,52,0,0,0
2019-08-20 14:15,112,55,57,0,0,0
2019-08-20 14:30,141,83,58,0,0,0
2019-08-20 14:45,152,90,62,0,0,0
2019-08-20 15:00,145,68,77,0,0,0
2019-08-20 15:15,125,70,55,0,0,0
2019-08-20 15:30,145,61,84,0,0,0
2019-08-20 15:45,177,97,80,0,0,0
2019-08-20 16:00,194,95,99,0,0,0
2019-08-20 16:15,162,85,77,0,0,0
2019-08-20 16:30,197,99,98,0,0,0
2019-08-20 16:45,195,104,91,0,0,0
2019-08-20 17:00,184,82,102,0,0,0
2019-08-20 17:15,182,87,95,0,0,0
2019-08-20 17:30,229,124,105,0,0,0
2019-08-20 17:45,201,94,107,0,0,0
2019-08-20 18:00,178,74,104,0,0,0
2019-08-20 18:15,153,64,89,0,0,0
2019-08-20 18:30,118,48,70,0,0,0
2019-08-20 18:45,156,78,78,0,0,0
2019-08-20 19:00,138,70,68,0,0,0
2019-08-20 19:15,113,49,64,0,0,0
2019-08-20 19:30,97,43,54,0,0,0
2019-08-20 19:45,93,43,50,0,0,0
2019-08-20 20:00,88,30,58,0,0,0
2019-08-20 20:15,55,25,30,0,0,0
2019-08-20 20:30,47,16,31,0,0,0
2019-08-20 20:45,47,16,31,0,0,0
2019-08-20 21:00,56,28,28,0,0,0
2019-08-20 21:15,41,19,22,0,0,0
2019-08-20 21:30,42,23,19,0,0,0
2019-08-20 21:45,35,19,16,0,0,0
2019-08-20 22:00,48,17,31,0,0,0
2019-08-20 22:15,49,29,20,0,0,0
2019-08-20 22:30,35,17,18,0,0,0
2019-08-20 22:45,37,21,16,0,0,0
2019-08-20 23:00,23,7,16,0,0,0
2019-08-20 23:15,20,9,11,0,0,0
2019-08-20 23:30,13,2,11,0,0,0
2019-08-20 23:45,26,12,14,0,0,0
2019-08-21 00:00,16,9,7,0,0,0
2019-08-21 00:15,13,8,5,0,0,0
2019-08-21 00:30,5,2,3,0,0,0
2019-08-21 00:45,6,2,4,0,0,0
2019-08-21 01:00,4,3,1,0,0,0
2019-08-21 01:15,0,0,0,0,0,0
2019-08-21 01:30,8,4,4,0,0,0
2019-08-21 01:45,7,3,4,0,0,0
2019-08-21 02:00,2,1,1,0,0,0
2019-08-21 02:15,0,0,0,0,0,0
2019-08-21 02:30,1,1,0,0,0,0
2019-08-21 02:45,4,2,2,0,0,0
2019-08-21 03:00,2,2,0,0,0,0
2019-08-21 03:15,1,1,0,0,0,0
2019-08-21 03:30,0,0,0,0,0,0
2019-08-21 03:45,1,1,0,0,0,0
2019-08-21 04:00,0,0,0,0,0,0
2019-08-21 04:15,0,0,0,0,0,0
2019-08-21 04:30,0,0,0,0,0,0
2019-08-21 04:45,1,1,0,0,0,0
2019-08-21 05:00,2,1,1,0,0,0
2019-08-21 05:15,5,3,2,0,0,0
2019-08-21 05:30,12,8,4,0,0,0
2019-08-21 05:45,26,12,14,0,0,0
2019-08-21 06:00,18,13,5,0,0,0
2019-08-21 06:15,24,16,8,0,0,0
2019-08-21 06:30,44,30,14,0,0,0
2019-08-21 06:45,71,41,30,0,0,0
2019-08-21 07:00,98,65,33,0,0,0
2019-08-21 07:15,109,77,32,0,0,0
2019-08-21 07:30,120,79,41,0,0,0
2019-08-21 07:45,171,98,73,0,0,0
2019-08-21 08:00,126,97,29,0,0,0
2019-08-21 08:15,149,105,44,0,0,0
2019-08-21 08:30,137,109,28,0,0,0
2019-08-21 08:45,170,134,36,0,0,0
2019-08-21 09:00,130,99,31,0,0,0
2019-08-21 09:15,140,108,32,0,0,0
2019-08-21 09:30,120,99,21,0,0,0
2019-08-21 09:45,160,121,39,0,0,0
2019-08-21 10:00,108,77,31,0,0,0
2019-08-21 10:15,121,93,28,0,0,0
2019-08-21 10:30,159,99,60,0,0,0
2019-08-21 10:45,164,103,61,0,0,0
2019-08-21 11:00,130,92,38,0,0,0
2019-08-21 11:15,157,110,47,0,0,0
2019-08-21 11:30,142,87,55,0,0,0
2019-08-21 11:45,171,114,57,0,0,0
2019-08-21 12:00,151,94,57,0,0,0
2019-08-21 12:15,153,100,53,0,0,0
2019-08-21 12:30,159,76,83,0,0,0
2019-08-21 12:45,148,87,61,0,0,0
2019-08-21 13:00,155,76,79,0,0,0
2019-08-21 13:15,154,71,83,0,0,0
2019-08-21 13:30,170,81,89,0,0,0
2019-08-21 13:45,151,75,76,0,0,0
2019-08-21 14:00,152,68,84,0,0,0
2019-08-21 14:15,132,64,68,0,0,0
2019-08-21 14:30,155,67,88,0,0,0
2019-08-21 14:45,192,100,92,0,0,0
2019-08-21 15:00,141,68,73,0,0,0
2019-08-21 15:15,134,73,61,0,0,0
2019-08-21 15:30,157,73,84,0,0,0
2019-08-21 15:45,171,85,86,0,0,0
2019-08-21 16:00,175,74,101,0,0,0
2019-08-21 16:15,175,79,96,0,0,0
2019-08-21 16:30,198,117,81,0,0,0
2019-08-21 16:45,205,113,92,0,0,0
2019-08-21 17:00,187,107,80,0,0,0
2019-08-21 17:15,199,99,100,0,0,0
2019-08-21 17:30,187,95,92,0,0,0
2019-08-21 17:45,217,111,106,0,0,0
2019-08-21 18:00,161,71,90,0,0,0
2019-08-21 18:15,158,75,83,0,0,0
2019-08-21 18:30,164,85,79,0,0,0
2019-08-21 18:45,161,73,88,0,0,0
2019-08-21 19:00,136,58,78,0,0,0
2019-08-21 19:15,135,58,77,0,0,0
2019-08-21 19:30,103,43,60,0,0,0
2019-08-21 19:45,115,46,69,0,0,0
2019-08-21 20:00,110,45,65,0,0,0
2019-08-21 20:15,70,33,37,0,0,0
2019-08-21 20:30,64,27,37,0,0,0
2019-08-21 20:45,66,38,28,0,0,0
2019-08-21 21:00,61,32,29,0,0,0
2019-08-21 21:15,45,22,23,0,0,0
2019-08-21 21:30,43,22,21,0,0,0
2019-08-21 21:45,43,21,22,0,0,0
2019-08-21 22:00,64,25,39,0,0,0
2019-08-21 22:15,49,31,18,0,0,0
2019-08-21 22:30,57,35,22,0,0,0
2019-08-21 22:45,33,15,18,0,0,0
2019-08-21 23:00,41,25,16,0,0,0
2019-08-21 23:15,37,18,19,0,0,0
2019-08-21 23:30,27,19,8,0,0,0
2019-08-21 23:45,43,12,31,0,0,0
2019-08-22 00:00,25,5,20,0,0,0
2019-08-22 00:15,10,4,6,0,0,0
2019-08-22 00:30,13,3,10,0,0,0
2019-08-22 00:45,15,9,6,0,0,0
2019-08-22 01:00,13,6,7,0,0,0
2019-08-22 01:15,5,4,1,0,0,0
2019-08-22 01:30,12,6,6,0,0,0
2019-08-22 01:45,8,5,3,0,0,0
2019-08-22 02:00,3,1,2,0,0,0
2019-08-22 02:15,4,0,4,0,0,0
2019-08-22 02:30,5,1,4,0,0,0
2019-08-22 02:45,6,2,4,0,0,0
2019-08-22 03:00,13,0,13,0,0,0
2019-08-22 03:15,5,0,5,0,0,0
2019-08-22 03:30,9,1,8,0,0,0
2019-08-22 03:45,2,0,2,0,0,0
2019-08-22 04:00,2,1,1,0,0,0
2019-08-22 04:15,1,1,0,0,0,0
2019-08-22 04:30,2,1,1,0,0,0
2019-08-22 04:45,0,0,0,0,0,0
2019-08-22 05:00,4,0,4,0,0,0
2019-08-22 05:15,1,1,0,0,0,0
2019-08-22 05:30,16,12,4,0,0,0
2019-08-22 05:45,27,10,17,0,0,0
2019-08-22 06:00,20,13,7,0,0,0
2019-08-22 06:15,27,13,14,0,0,0
2019-08-22 06:30,47,29,18,0,0,0
2019-08-22 06:45,68,39,29,0,0,0
2019-08-22 07:00,86,61,25,0,0,0
2019-08-22 07:15,115,79,36,0,0,0
2019-08-22 07:30,95,61,34,0,0,0
2019-08-22 07:45,158,111,47,0,0,0
2019-08-22 08:00,120,81,39,0,0,0
2019-08-22 08:15,128,93,35,0,0,0
2019-08-22 08:30,144,104,40,0,0,0
2019-08-22 08:45,152,123,29,0,0,0
2019-08-22 09:00,111,94,17,0,0,0
2019-08-22 09:15,111,83,28,0,0,0
2019-08-22 09:30,119,94,25,0,0,0
2019-08-22 09:45,123,86,37,0,0,0
2019-08-22 10:00,95,67,28,0,0,0
2019-08-22 10:15,105,75,30,0,0,0
2019-08-22 10:30,88,60,28,0,0,0
2019-08-22 10:45,130,99,31,0,0,0
2019-08-22 11:00,114,78,36,0,0,0
2019-08-22 11:15,99,63,36,0,0,0
2019-08-22 11:30,118,79,39,0,0,0
2019-08-22 11:45,125,80,45,0,0,0
2019-08-22 12:00,96,64,32,0,0,0
2019-08-22 12:15,112,61,51,0,0,0
2019-08-22 12:30,141,77,64,0,0,0
2019-08-22 12:45,126,70,56,0,0,0
2019-08-22 13:00,124,71,53,0,0,0
2019-08-22 13:15,123,55,68,0,0,0
2019-08-22 13:30,120,68,52,0,0,0
2019-08-22 13:45,145,80,65,0,0,0
2019-08-22 14:00,123,66,57,0,0,0
2019-08-22 14:15,129,62,67,0,0,0
2019-08-22 14:30,135,62,73,0,0,0
2019-08-22 14:45,159,85,74,0,0,0
2019-08-22 15:00,142,71,71,0,0,0
2019-08-22 15:15,159,83,76,0,0,0
2019-08-22 15:30,154,74,80,0,0,0
2019-08-22 15:45,176,101,75,0,0,0
2019-08-22 16:00,190,100,90,0,0,0
2019-08-22 16:15,173,87,86,0,0,0
2019-08-22 16:30,182,91,91,0,0,0
2019-08-22 16:45,185,93,92,0,0,0
2019-08-22 17:00,196,92,104,0,0,0
2019-08-22 17:15,227,106,121,0,0,0
2019-08-22 17:30,202,106,96,0,0,0
2019-08-22 17:45,174,92,82,0,0,0
2019-08-22 18:00,197,96,101,0,0,0
2019-08-22 18:15,175,98,77,0,0,0
2019-08-22 18:30,168,90,78,0,0,0
2019-08-22 18:45,170,107,63,0,0,0
2019-08-22 19:00,148,60,88,0,0,0
2019-08-22 19:15,124,70,54,0,0,0
2019-08-22 19:30,119,60,59,0,0,0
2019-08-22 19:45,102,55,47,0,0,0
2019-08-22 20:00,98,51,47,0,0,0
2019-08-22 20:15,76,42,34,0,0,0
2019-08-22 20:30,87,31,56,0,0,0
2019-08-22 20:45,89,43,46,0,0,0
2019-08-22 21:00,53,31,22,0,0,0
2019-08-22 21:15,47,24,23,0,0,0
2019-08-22 21:30,64,27,37,0,0,0
2019-08-22 21:45,59,21,38,0,0,0
2019-08-22 22:00,57,19,38,0,0,0
2019-08-22 22:15,41,17,24,0,0,0
2019-08-22 22:30,66,26,40,0,0,0
2019-08-22 22:45,36,16,20,0,0,0
2019-08-22 23:00,28,12,16,0,0,0
2019-08-22 23:15,26,7,19,0,0,0
2019-08-22 23:30,39,8,31,0,0,0
2019-08-22 23:45,25,8,17,0,0,0
2019-08-23 00:00,26,17,9,0,0,0
2019-08-23 00:15,13,7,6,0,0,0
2019-08-23 00:30,5,1,4,0,0,0
2019-08-23 00:45,5,0,5,0,0,0
2019-08-23 01:00,6,3,3,0,0,0
2019-08-23 01:15,5,0,5,0,0,0
2019-08-23 01:30,1,0,1,0,0,0
2019-08-23 01:45,8,5,3,0,0,0
2019-08-23 02:00,4,0,4,0,0,0
2019-08-23 02:15,5,0,5,0,0,0
2019-08-23 02:30,3,1,2,0,0,0
2019-08-23 02:45,1,0,1,0,0,0
2019-08-23 03:00,3,0,3,0,0,0
2019-08-23 03:15,2,1,1,0,0,0
2019-08-23 03:30,0,0,0,0,0,0
2019-08-23 03:45,1,1,0,0,0,0
2019-08-23 04:00,2,2,0,0,0,0
2019-08-23 04:15,1,0,1,0,0,0
2019-08-23 04:30,0,0,0,0,0,0
2019-08-23 04:45,5,3,2,0,0,0
2019-08-23 05:00,0,0,0,0,0,0
2019-08-23 05:15,2,1,1,0,0,0
2019-08-23 05:30,10,6,4,0,0,0
2019-08-23 05:45,15,12,3,0,0,0
2019-08-23 06:00,21,12,9,0,0,0
2019-08-23 06:15,23,16,7,0,0,0
2019-08-23 06:30,59,35,24,0,0,0
2019-08-23 06:45,76,49,27,0,0,0
2019-08-23 07:00,80,53,27,0,0,0
2019-08-23 07:15,93,60,33,0,0,0
2019-08-23 07:30,116,82,34,0,0,0
2019-08-23 07:45,159,110,49,0,0,0
2019-08-23 08:00,107,81,26,0,0,0
2019-08-23 08:15,119,82,37,0,0,0
2019-08-23 08:30,123,102,21,0,0,0
2019-08-23 08:45,136,100,36,0,0,0
2019-08-23 09:00,109,84,25,0,0,0
2019-08-23 09:15,103,82,21,0,0,0
2019-08-23 09:30,92,69,23,0,0,0
2019-08-23 09:45,132,106,26,0,0,0
2019-08-23 10:00,96,75,21,0,0,0
2019-08-23 10:15,89,61,28,0,0,0
2019-08-23 10:30,109,76,33,0,0,0
2019-08-23 10:45,154,100,54,0,0,0
2019-08-23 11:00,106,59,47,0,0,0
2019-08-23 11:15,113,72,41,0,0,0
2019-08-23 11:30,118,79,39,0,0,0
2019-08-23 11:45,142,88,54,0,0,0
2019-08-23 12:00,115,61,54,0,0,0
2019-08-23 12:15,142,81,61,0,0,0
2019-08-23 12:30,130,79,51,0,0,0
2019-08-23 12:45,157,74,83,0,0,0
2019-08-23 13:00,159,90,69,0,0,0
2019-08-23 13:15,140,59,81,0,0,0
2019-08-23 13:30,137,75,62,0,0,0
2019-08-23 13:45,167,83,84,0,0,0
2019-08-23 14:00,137,87,50,0,0,0
2019-08-23 14:15,133,62,71,0,0,0
2019-08-23 14:30,151,78,73,0,0,0
2019-08-23 14:45,144,69,75,0,0,0
2019-08-23 15:00,142,76,66,0,0,0
2019-08-23 15:15,177,93,84,0,0,0
2019-08-23 15:30,164,88,76,0,0,0
2019-08-23 15:45,149,71,78,0,0,0
2019-08-23 16:00,145,80,65,0,0,0
2019-08-23 16:15,144,78,66,0,0,0
2019-08-23 16:30,148,80,68,0,0,0
2019-08-23 16:45,153,84,69,0,0,0
2019-08-23 17:00,147,73,74,0,0,0
2019-08-23 17:15,155,93,62,0,0,0
2019-08-23 17:30,150,82,68,0,0,0
2019-08-23 17:45,183,96,87,0,0,0
2019-08-23 18:00,185,114,71,0,0,0
2019-08-23 18:15,193,125,68,0,0,0
2019-08-23 18:30,109,62,47,0,0,0
2019-08-23 18:45,160,93,67,0,0,0
2019-08-23 19:00,158,90,68,0,0,0
2019-08-23 19:15,133,73,60,0,0,0
2019-08-23 19:30,93,50,43,0,0,0
2019-08-23 19:45,128,73,55,0,0,0
2019-08-23 20:00,99,60,39,0,0,0
2019-08-23 20:15,83,45,38,0,0,0
2019-08-23 20:30,73,42,31,0,0,0
2019-08-23 20:45,76,45,31,0,0,0
2019-08-23 21:00,65,34,31,0,0,0
2019-08-23 21:15,65,29,36,0,0,0
2019-08-23 21:30,60,35,25,0,0,0
2019-08-23 21:45,57,29,28,0,0,0
2019-08-23 22:00,61,32,29,0,0,0
2019-08-23 22:15,51,18,33,0,0,0
2019-08-23 22:30,48,16,32,0,0,0
2019-08-23 22:45,63,24,39,0,0,0
2019-08-23 23:00,40,16,24,0,0,0
2019-08-23 23:15,39,12,27,0,0,0
2019-08-23 23:30,37,19,18,0,0,0
2019-08-23 23:45,44,27,17,0,0,0
2019-08-24 00:00,54,10,44,0,0,0
2019-08-24 00:15,33,8,25,0,0,0
2019-08-24 00:30,27,11,16,0,0,0
2019-08-24 00:45,16,1,15,0,0,0
2019-08-24 01:00,12,7,5,0,0,0
2019-08-24 01:15,21,11,10,0,0,0
2019-08-24 01:30,18,9,9,0,0,0
2019-08-24 01:45,18,3,15,0,0,0
2019-08-24 02:00,13,4,9,0,0,0
2019-08-24 02:15,17,7,10,0,0,0
2019-08-24 02:30,10,2,8,0,0,0
2019-08-24 02:45,11,6,5,0,0,0
2019-08-24 03:00,16,7,9,0,0,0
2019-08-24 03:15,8,0,8,0,0,0
2019-08-24 03:30,5,1,4,0,0,0
2019-08-24 03:45,5,1,4,0,0,0
2019-08-24 04:00,7,0,7,0,0,0
2019-08-24 04:15,3,0,3,0,0,0
2019-08-24 04:30,5,2,3,0,0,0
2019-08-24 04:45,6,3,3,0,0,0
2019-08-24 05:00,4,3,1,0,0,0
2019-08-24 05:15,4,2,2,0,0,0
2019-08-24 05:30,10,5,5,0,0,0
2019-08-24 05:45,7,3,4,0,0,0
2019-08-24 06:00,3,,3,0,,0
2019-08-24 06:15,0,,0,0,,0
2019-08-24 06:30,2,,2,0,,0
2019-08-24 06:45,1,,1,0,,0
2019-08-24 07:00,4,,4,0,,0
2019-08-24 07:15,9,,9,0,,0
2019-08-24 07:30,12,,12,0,,0
2019-08-24 07:45,9,,9,0,,0
2019-08-24 08:00,29,17,12,0,0,0
2019-08-24 08:15,39,28,11,0,0,0
2019-08-24 08:30,65,48,17,0,0,0
2019-08-24 08:45,56,44,12,0,0,0
2019-08-24 09:00,56,38,18,0,0,0
2019-08-24 09:15,89,65,24,0,0,0
2019-08-24 09:30,73,52,21,0,0,0
2019-08-24 09:45,135,102,33,0,0,0
2019-08-24 10:00,142,102,40,0,0,0
2019-08-24 10:15,158,116,42,0,0,0
2019-08-24 10:30,123,90,33,0,0,0
2019-08-24 10:45,134,97,37,0,0,0
2019-08-24 11:00,160,98,62,0,0,0
2019-08-24 11:15,175,115,60,0,0,0
2019-08-24 11:30,183,130,53,0,0,0
2019-08-24 11:45,184,120,64,0,0,0
2019-08-24 12:00,166,103,63,0,0,0
2019-08-24 12:15,158,97,61,0,0,0
2019-08-24 12:30,162,91,71,0,0,0
2019-08-24 12:45,212,124,88,0,0,0
2019-08-24 13:00,181,108,73,0,0,0
2019-08-24 13:15,204,109,95,0,0,0
2019-08-24 13:30,171,101,70,0,0,0
2019-08-24 13:45,187,100,87,0,0,0
2019-08-24 14:00,198,106,92,0,0,0
2019-08-24 14:15,192,94,98,0,0,0
2019-08-24 14:30,151,58,93,0,0,0
2019-08-24 14:45,152,68,84,0,0,0
2019-08-24 15:00,146,64,82,0,0,0
2019-08-24 15:15,150,70,80,0,0,0
2019-08-24 15:30,147,81,66,0,0,0
2019-08-24 15:45,132,70,62,0,0,0
2019-08-24 16:00,148,88,60,0,0,0
2019-08-24 16:15,157,79,78,0,0,0
2019-08-24 16:30,114,60,54,0,0,0
2019-08-24 16:45,153,98,55,0,0,0
2019-08-24 17:00,139,51,88,0,0,0
2019-08-24 17:15,111,64,47,0,0,0
2019-08-24 17:30,130,64,66,0,0,0
2019-08-24 17:45,140,101,39,0,0,0
2019-08-24 18:00,152,104,48,0,0,0
2019-08-24 18:15,109,64,45,0,0,0
2019-08-24 18:30,150,87,63,0,0,0
2019-08-24 18:45,117,80,37,0,0,0
2019-08-24 19:00,138,94,44,0,0,0
2019-08-24 19:15,147,97,50,0,0,0
2019-08-24 19:30,100,78,22,0,0,0
2019-08-24 19:45,130,83,47,0,0,0
2019-08-24 20:00,135,87,48,0,0,0
2019-08-24 20:15,92,49,43,0,0,0
2019-08-24 20:30,103,71,32,0,0,0
2019-08-24 20:45,114,89,25,0,0,0
2019-08-24 21:00,90,58,32,0,0,0
2019-08-24 21:15,73,50,23,0,0,0
2019-08-24 21:30,46,26,20,0,0,0
2019-08-24 21:45,56,30,26,0,0,0
2019-08-24 22:00,50,17,33,0,0,0
2019-08-24 22:15,48,13,35,0,0,0
2019-08-24 22:30,62,11,51,0,0,0
2019-08-24 22:45,87,26,61,0,0,0
2019-08-24 23:00,55,18,37,0,0,0
2019-08-24 23:15,73,15,58,0,0,0
2019-08-24 23:30,73,12,61,0,0,0
2019-08-24 23:45,45,15,30,0,0,0
2019-08-25 00:00,40,14,26,0,0,0
2019-08-25 00:15,39,15,24,0,0,0
2019-08-25 00:30,34,6,28,0,0,0
2019-08-25 00:45,31,8,23,0,0,0
2019-08-25 01:00,31,12,19,0,0,0
2019-08-25 01:15,20,7,13,0,0,0
2019-08-25 01:30,21,15,6,0,0,0
2019-08-25 01:45,24,15,9,0,0,0
2019-08-25 02:00,27,3,24,0,0,0
2019-08-25 02:15,14,3,11,0,0,0
2019-08-25 02:30,9,2,7,0,0,0
2019-08-25 02:45,15,5,10,0,0,0
2019-08-25 03:00,9,5,4,0,0,0
2019-08-25 03:15,4,1,3,0,0,0
2019-08-25 03:30,3,3,0,0,0,0
2019-08-25 03:45,7,0,7,0,0,0
2019-08-25 04:00,7,3,4,0,0,0
2019-08-25 04:15,5,1,4,0,0,0
2019-08-25 04:30,3,0,3,0,0,0
2019-08-25 04:45,6,2,4,0,0,0
2019-08-25 05:00,0,0,0,0,0,0
2019-08-25 05:15,3,1,2,0,0,0
2019-08-25 05:30,6,4,2,0,0,0
2019-08-25 05:45,11,7,4,0,0,0
2019-08-25 06:00,3,1,2,0,0,0
2019-08-25 06:15,11,8,3,0,0,0
2019-08-25 06:30,5,4,1,0,0,0
2019-08-25 06:45,5,4,1,0,0,0
2019-08-25 07:00,6,2,4,0,0,0
2019-08-25 07:15,12,5,7,0,0,0
2019-08-25 07:30,20,13,7,0,0,0
2019-08-25 07:45,12,4,8,0,0,0
2019-08-25 08:00,14,6,8,0,0,0
2019-08-25 08:15,14,10,4,0,0,0
2019-08-25 08:30,13,13,0,0,0,0
2019-08-25 08:45,25,11,14,0,0,0
2019-08-25 09:00,26,15,11,0,0,0
2019-08-25 09:15,29,19,10,0,0,0
2019-08-25 09:30,34,19,15,0,0,0
2019-08-25 09:45,73,48,25,0,0,0
2019-08-25 10:00,49,35,14,0,0,0
2019-08-25 10:15,50,32,18,0,0,0
2019-08-25 10:30,53,30,23,0,0,0
2019-08-25 10:45,70,46,24,0,0,0
2019-08-25 11:00,62,35,27,0,0,0
2019-08-25 11:15,64,41,23,0,0,0
2019-08-25 11:30,64,41,23,0,0,0
2019-08-25 11:45,77,55,22,0,0,0
2019-08-25 12:00,66,32,34,0,0,0
2019-08-25 12:15,65,37,28,0,0,0
2019-08-25 12:30,80,39,41,0,0,0
2019-08-25 12:45,74,45,29,0,0,0
2019-08-25 13:00,77,44,33,0,0,0
2019-08-25 13:15,78,52,26,0,0,0
2019-08-25 13:30,86,45,41,0,0,0
2019-08-25 13:45,80,48,32,0,0,0
2019-08-25 14:00,92,55,37,0,0,0
2019-08-25 14:15,78,35,43,0,0,0
2019-08-25 14:30,100,51,49,0,0,0
2019-08-25 14:45,85,49,36,0,0,0
2019-08-25 15:00,78,39,39,0,0,0
2019-08-25 15:15,90,46,44,0,0,0
2019-08-25 15:30,93,55,38,0,0,0
2019-08-25 15:45,83,52,31,0,0,0
2019-08-25 16:00,99,60,39,0,0,0
2019-08-25 16:15,90,65,25,0,0,0
2019-08-25 16:30,113,76,37,0,0,0
2019-08-25 16:45,89,54,35,0,0,0
2019-08-25 17:00,84,55,29,0,0,0
2019-08-25 17:15,102,62,40,0,0,0
2019-08-25 17:30,109,79,30,0,0,0
2019-08-25 17:45,98,62,36,0,0,0
2019-08-25 18:00,110,66,44,0,0,0
2019-08-25 18:15,112,84,28,0,0,0
2019-08-25 18:30,115,83,32,0,0,0
2019-08-25 18:45,107,68,39,0,0,0
2019-08-25 19:00,74,47,27,0,0,0
2019-08-25 19:15,72,46,26,0,0,0
2019-08-25 19:30,79,48,31,0,0,0
2019-08-25 19:45,57,38,19,0,0,0
2019-08-25 20:00,49,23,26,0,0,0
2019-08-25 20:15,57,21,36,0,0,0
2019-08-25 20:30,64,35,29,0,0,0
2019-08-25 20:45,48,23,25,0,0,0
2019-08-25 21:00,44,17,27,0,0,0
2019-08-25 21:15,58,38,20,0,0,0
2019-08-25 21:30,47,34,13,0,0,0
2019-08-25 21:45,34,24,10,0,0,0
2019-08-25 22:00,34,19,15,0,0,0
2019-08-25 22:15,33,11,22,0,0,0
2019-08-25 22:30,21,9,12,0,0,0
2019-08-25 22:45,13,3,10,0,0,0
2019-08-25 23:00,23,12,11,0,0,0
2019-08-25 23:15,21,4,17,0,0,0
2019-08-25 23:30,13,5,8,0,0,0
2019-08-25 23:45,8,1,7,0,0,0
2019-08-26 00:00,5,4,1,0,0,0
2019-08-26 00:15,6,4,2,0,0,0
2019-08-26 00:30,5,0,5,0,0,0
2019-08-26 00:45,4,3,1,0,0,0
2019-08-26 01:00,5,3,2,0,0,0
2019-08-26 01:15,4,0,4,0,0,0
2019-08-26 01:30,4,1,3,0,0,0
2019-08-26 01:45,2,2,0,0,0,0
2019-08-26 02:00,1,1,0,0,0,0
2019-08-26 02:15,2,0,2,0,0,0
2019-08-26 02:30,1,1,0,0,0,0
2019-08-26 02:45,1,0,1,0,0,0
2019-08-26 03:00,0,0,0,0,0,0
2019-08-26 03:15,0,0,0,0,0,0
2019-08-26 03:30,0,0,0,0,0,0
2019-08-26 03:45,2,1,1,0,0,0
2019-08-26 04:00,0,0,0,0,0,0
2019-08-26 04:15,1,1,0,0,0,0
2019-08-26 04:30,1,1,0,0,0,0
2019-08-26 04:45,2,2,0,0,0,0
2019-08-26 05:00,1,0,1,0,0,0
2019-08-26 05:15,5,3,2,0,0,0
2019-08-26 05:30,16,11,5,0,0,0
2019-08-26 05:45,17,9,8,0,0,0
2019-08-26 06:00,13,10,3,0,0,0
2019-08-26 06:15,28,19,9,0,0,0
2019-08-26 06:30,60,37,23,0,0,0
2019-08-26 06:45,72,47,25,0,0,0
2019-08-26 07:00,99,65,34,0,0,0
2019-08-26 07:15,108,71,37,0,0,0
2019-08-26 07:30,134,84,50,0,0,0
2019-08-26 07:45,176,108,68,0,0,0
2019-08-26 08:00,118,78,40,0,0,0
2019-08-26 08:15,154,108,46,0,0,0
2019-08-26 08:30,165,115,50,0,0,0
2019-08-26 08:45,185,144,41,0,0,0
2019-08-26 09:00,114,91,23,0,0,0
2019-08-26 09:15,129,97,32,0,0,0
2019-08-26 09:30,102,74,28,0,0,0
2019-08-26 09:45,135,106,29,0,0,0
2019-08-26 10:00,90,57,33,0,0,0
2019-08-26 10:15,104,67,37,0,0,0
2019-08-26 10:30,105,69,36,0,0,0
2019-08-26 10:45,110,75,35,0,0,0
2019-08-26 11:00,122,81,41,0,0,0
2019-08-26 11:15,119,72,47,0,0,0
2019-08-26 11:30,103,67,36,0,0,0
2019-08-26 11:45,118,57,61,0,0,0
2019-08-26 12:00,110,58,52,0,0,0
2019-08-26 12:15,95,54,41,0,0,0
2019-08-26 12:30,122,70,52,0,0,0
2019-08-26 12:45,122,55,67,0,0,0
2019-08-26 13:00,134,64,70,0,0,0
2019-08-26 13:15,135,61,74,0,0,0
2019-08-26 13:30,112,57,55,0,0,0
2019-08-26 13:45,125,63,62,0,0,0
2019-08-26 14:00,127,63,64,0,0,0
2019-08-26 14:15,120,63,57,0,0,0
2019-08-26 14:30,148,81,67,0,0,0
2019-08-26 14:45,143,76,67,0,0,0
2019-08-26 15:00,137,68,69,0,0,0
2019-08-26 15:15,146,89,57,0,0,0
2019-08-26 15:30,134,78,56,0,0,0
2019-08-26 15:45,176,88,88,0,0,0
2019-08-26 16:00,186,98,88,0,0,0
2019-08-26 16:15,187,90,97,0,0,0
2019-08-26 16:30,164,73,91,0,0,0
2019-08-26 16:45,169,84,85,0,0,0
2019-08-26 17:00,168,89,79,0,0,0
2019-08-26 17:15,180,95,85,0,0,0
2019-08-26 17:30,184,90,94,0,0,0
2019-08-26 17:45,160,85,75,0,0,0
2019-08-26 18:00,166,74,92,0,0,0
2019-08-26 18:15,150,66,84,0,0,0
2019-08-26 18:30,145,70,75,0,0,0
2019-08-26 18:45,169,98,71,0,0,0
2019-08-26 19:00,155,80,75,0,0,0
2019-08-26 19:15,101,46,55,0,0,0
2019-08-26 19:30,115,73,42,0,0,0
2019-08-26 19:45,85,44,41,0,0,0
2019-08-26 20:00,100,50,50,0,0,0
2019-08-26 20:15,82,46,36,0,0,0
2019-08-26 20:30,74,40,34,0,0,0
2019-08-26 20:45,49,23,26,0,0,0
2019-08-26 21:00,28,,28,0,,0
2019-08-26 21:15,24,,24,0,,0
2019-08-26 21:30,19,,19,0,,0
2019-08-26 21:45,25,,25,0,,0
2019-08-26 22:00,48,25,23,0,0,0
2019-08-26 22:15,39,25,14,0,0,0
2019-08-26 22:30,42,22,20,0,0,0
2019-08-26 22:45,24,7,17,0,0,0
2019-08-26 23:00,29,10,19,0,0,0
2019-08-26 23:15,12,10,2,0,0,0
2019-08-26 23:30,46,10,36,0,0,0
2019-08-26 23:45,8,2,6,0,0,0
2019-08-27 00:00,6,,6,0,,0
2019-08-27 00:15,5,,5,0,,0
2019-08-27 00:30,7,,7,0,,0
2019-08-27 00:45,7,,7,0,,0
2019-08-27 01:00,4,1,3,0,0,0
2019-08-27 01:15,5,2,3,0,0,0
2019-08-27 01:30,7,5,2,0,0,0
2019-08-27 01:45,3,2,1,0,0,0
2019-08-27 02:00,4,0,4,0,0,0
2019-08-27 02:15,2,2,0,0,0,0
2019-08-27 02:30,1,0,1,0,0,0
2019-08-27 02:45,1,1,0,0,0,0
2019-08-27 03:00,1,0,1,0,0,0
2019-08-27 03:15,2,1,1,0,0,0
2019-08-27 03:30,2,1,1,0,0,0
2019-08-27 03:45,1,1,0,0,0,0
2019-08-27 04:00,0,0,0,0,0,0
2019-08-27 04:15,0,0,0,0,0,0
2019-08-27 04:30,4,1,3,0,0,0
2019-08-27 04:45,1,1,0,0,0,0
2019-08-27 05:00,1,0,1,0,0,0
2019-08-27 05:15,8,4,4,0,0,0
2019-08-27 05:30,19,16,3,0,0,0
2019-08-27 05:45,24,11,13,0,0,0
2019-08-27 06:00,14,9,5,0,0,0
2019-08-27 06:15,39,26,13,0,0,0
2019-08-27 06:30,58,30,28,0,0,0
2019-08-27 06:45,99,60,39,0,0,0
2019-08-27 07:00,98,66,32,0,0,0
2019-08-27 07:15,114,70,44,0,0,0
2019-08-27 07:30,140,91,49,0,0,0
2019-08-27 07:45,181,119,62,0,0,0
2019-08-27 08:00,128,89,39,0,0,0
2019-08-27 08:15,159,114,45,0,0,0
2019-08-27 08:30,176,135,41,0,0,0
2019-08-27 08:45,194,148,46,0,0,0
2019-08-27 09:00,105,79,26,0,0,0
2019-08-27 09:15,98,65,33,0,0,0
2019-08-27 09:30,126,96,30,0,0,0
2019-08-27 09:45,139,113,26,0,0,0
2019-08-27 10:00,105,79,26,0,0,0
2019-08-27 10:15,121,74,47,0,0,0
2019-08-27 10:30,119,89,30,0,0,0
2019-08-27 10:45,134,86,48,0,0,0
2019-08-27 11:00,135,90,45,0,0,0
2019-08-27 11:15,112,59,53,0,0,0
2019-08-27 11:30,119,58,61,0,0,0
2019-08-27 11:45,125,74,51,0,0,0
2019-08-27 12:00,133,64,69,0,0,0
2019-08-27 12:15,130,79,51,0,0,0
2019-08-27 12:30,126,77,49,0,0,0
2019-08-27 12:45,147,67,80,0,0,0
2019-08-27 13:00,123,66,57,0,0,0
2019-08-27 13:15,129,53,76,0,0,0
2019-08-27 13:30,132,83,49,0,0,0
2019-08-27 13:45,123,61,62,0,0,0
2019-08-27 14:00,125,68,57,0,0,0
2019-08-27 14:15,106,52,54,0,0,0
2019-08-27 14:30,128,67,61,0,0,0
2019-08-27 14:45,153,69,84,0,0,0
2019-08-27 15:00,143,60,83,0,0,0
2019-08-27 15:15,133,69,64,0,0,0
2019-08-27 15:30,155,88,67,0,0,0
2019-08-27 15:45,164,86,78,0,0,0
2019-08-27 16:00,212,97,115,0,0,0
2019-08-27 16:15,171,72,99,0,0,0
2019-08-27 16:30,167,90,77,0,0,0
2019-08-27 16:45,180,92,88,0,0,0
2019-08-27 17:00,179,86,93,0,0,0
2019-08-27 17:15,170,69,101,0,0,0
2019-08-27 17:30,187,89,98,0,0,0
2019-08-27 17:45,195,110,85,0,0,0
2019-08-27 18:00,182,86,96,0,0,0
2019-08-27 18:15,177,80,97,0,0,0
2019-08-27 18:30,97,58,39,0,0,0
2019-08-27 18:45,83,32,51,0,0,0
2019-08-27 19:00,101,48,53,0,0,0
2019-08-27 19:15,126,71,55,0,0,0
2019-08-27 19:30,103,56,47,0,0,0
2019-08-27 19:45,89,52,37,0,0,0
2019-08-27 20:00,118,61,57,0,0,0
2019-08-27 20:15,70,31,39,0,0,0
2019-08-27 20:30,47,17,30,0,0,0
2019-08-27 20:45,45,24,21,0,0,0
2019-08-27 21:00,49,25,24,0,0,0
2019-08-27 21:15,47,24,23,0,0,0
2019-08-27 21:30,47,22,25,0,0,0
2019-08-27 21:45,38,21,17,0,0,0
2019-08-27 22:00,38,16,22,0,0,0
2019-08-27 22:15,46,20,26,0,0,0
2019-08-27 22:30,25,13,12,0,0,0
2019-08-27 22:45,23,13,10,0,0,0
2019-08-27 23:00,30,17,13,0,0,0
2019-08-27 23:15,16,4,12,0,0,0
2019-08-27 23:30,30,11,19,0,0,0
2019-08-27 23:45,18,13,5,0,0,0
2019-08-28 00:00,10,8,2,4,4,0
2019-08-28 00:15,11,5,6,4,4,0
2019-08-28 00:30,11,6,5,4,4,0
2019-08-28 00:45,5,2,3,4,4,0
2019-08-28 01:00,8,5,3,4,4,0
2019-08-28 01:15,3,1,2,4,4,0
2019-08-28 01:30,3,2,1,4,4,0
2019-08-28 01:45,3,2,1,4,4,0
2019-08-28 02:00,2,2,0,4,4,0
2019-08-28 02:15,4,2,2,4,4,0
2019-08-28 02:30,3,2,1,4,4,0
2019-08-28 02:45,2,2,0,4,4,0
2019-08-28 03:00,4,2,2,4,4,0
2019-08-28 03:15,2,2,0,4,4,0
2019-08-28 03:30,1,1,0,4,4,0
2019-08-28 03:45,1,1,0,4,4,0
2019-08-28 04:00,1,1,0,4,4,0
2019-08-28 04:15,1,1,0,4,4,0
2019-08-28 04:30,2,0,2,4,4,0
2019-08-28 04:45,3,2,1,4,4,0
2019-08-28 05:00,2,2,0,4,4,0
2019-08-28 05:15,5,3,2,4,4,0
2019-08-28 05:30,8,7,1,4,4,0
2019-08-28 05:45,18,9,9,4,4,0
2019-08-28 06:00,16,12,4,4,4,0
2019-08-28 06:15,23,13,10,4,4,0
2019-08-28 06:30,55,32,23,4,4,0
2019-08-28 06:45,70,43,27,4,4,0
2019-08-28 07:00,92,59,33,4,4,0
2019-08-28 07:15,125,66,59,4,4,0
2019-08-28 07:30,147,70,77,4,4,0
2019-08-28 07:45,158,91,67,4,4,0
2019-08-28 08:00,126,85,41,4,4,0
2019-08-28 08:15,142,97,45,4,4,0
2019-08-28 08:30,123,88,35,4,4,0
2019-08-28 08:45,156,115,41,4,4,0
2019-08-28 09:00,102,77,25,4,4,0
2019-08-28 09:15,113,86,27,4,4,0
2019-08-28 09:30,125,95,30,4,4,0
2019-08-28 09:45,136,103,33,4,4,0
2019-08-28 10:00,103,78,25,4,4,0
2019-08-28 10:15,104,83,21,4,4,0
2019-08-28 10:30,133,89,44,4,4,0
2019-08-28 10:45,140,95,45,4,4,0
2019-08-28 11:00,127,82,45,4,4,0
2019-08-28 11:15,173,103,70,4,4,0
2019-08-28 11:30,144,92,52,4,4,0
2019-08-28 11:45,148,106,42,4,4,0
2019-08-28 12:00,147,88,59,4,4,0
2019-08-28 12:15,155,87,68,4,4,0
2019-08-28 12:30,160,76,84,4,4,0
2019-08-28 12:45,161,81,80,4,4,0
2019-08-28 13:00,203,85,118,4,4,0
2019-08-28 13:15,191,70,121,4,4,0
2019-08-28 13:30,159,69,90,4,4,0
2019-08-28 13:45,173,71,102,4,4,0
2019-08-28 14:00,159,62,97,4,4,0
2019-08-28 14:15,123,63,60,4,4,0
2019-08-28 14:30,151,62,89,4,4,0
2019-08-28 14:45,150,73,77,4,4,0
2019-08-28 15:00,122,57,65,4,4,0
2019-08-28 15:15,125,62,63,4,4,0
2019-08-28 15:30,146,71,75,4,4,0
2019-08-28 15:45,172,87,85,4,4,0
2019-08-28 16:00,188,82,106,4,4,0
2019-08-28 16:15,167,68,99,4,4,0
2019-08-28 16:30,164,85,79,4,4,0
2019-08-28 16:45,159,78,81,4,4,0
2019-08-28 17:00,167,78,89,4,4,0
2019-08-28 17:15,156,76,80,4,4,0
2019-08-28 17:30,165,87,78,4,4,0
2019-08-28 17:45,203,96,107,4,4,0
2019-08-28 18:00,169,75,94,4,4,0
2019-08-28 18:15,183,78,105,4,4,0
2019-08-28 18:30,145,59,86,4,4,0
2019-08-28 18:45,143,68,75,4,4,0
2019-08-28 19:00,125,58,67,4,4,0
2019-08-28 19:15,129,46,83,4,4,0
2019-08-28 19:30,103,50,53,4,4,0
2019-08-28 19:45,91,46,45,4,4,0
2019-08-28 20:00,99,38,61,4,4,0
2019-08-28 20:15,73,27,46,4,4,0
2019-08-28 20:30,65,27,38,4,4,0
2019-08-28 20:45,69,28,41,4,4,0
2019-08-28 21:00,65,28,37,4,4,0
2019-08-28 21:15,55,22,33,4,4,0
2019-08-28 21:30,48,19,29,4,4,0
2019-08-28 21:45,62,34,28,4,4,0
2019-08-28 22:00,52,31,21,4,4,0
2019-08-28 22:15,58,30,28,4,4,0
2019-08-28 22:30,53,24,29,4,4,0
2019-08-28 22:45,33,17,16,4,4,0
2019-08-28 23:00,45,18,27,4,4,0
2019-08-28 23:15,30,14,16,4,4,0
2019-08-28 23:30,34,14,20,4,4,0
2019-08-28 23:45,29,9,20,4,4,0
2019-08-29 00:00,14,,14,0,,0
2019-08-29 00:15,4,,4,0,,0
2019-08-29 00:30,5,,5,0,,0
2019-08-29 00:45,4,,4,0,,0
2019-08-29 01:00,1,,1,0,,0
2019-08-29 01:15,5,,5,0,,0
2019-08-29 01:30,2,,2,0,,0
2019-08-29 01:45,0,,0,0,,0
2019-08-29 02:00,4,,4,0,,0
2019-08-29 02:15,2,,2,0,,0
2019-08-29 02:30,3,,3,0,,0
2019-08-29 02:45,5,,5,0,,0
2019-08-29 03:00,3,,3,0,,0
2019-08-29 03:15,9,,9,0,,0
2019-08-29 03:30,4,,4,0,,0
2019-08-29 03:45,1,,1,0,,0
2019-08-29 04:00,0,,0,0,,0
2019-08-29 04:15,2,,2,0,,0
2019-08-29 04:30,0,,0,0,,0
2019-08-29 04:45,3,,3,0,,0
2019-08-29 05:00,0,,0,0,,0
2019-08-29 05:15,2,,2,0,,0
2019-08-29 05:30,4,,4,0,,0
2019-08-29 05:45,3,,3,0,,0
2019-08-29 06:00,4,,4,0,,0
2019-08-29 06:15,4,,4,0,,0
2019-08-29 06:30,17,,17,0,,0
2019-08-29 06:45,21,,21,0,,0
2019-08-29 07:00,11,,11,0,,0
2019-08-29 07:15,22,,22,0,,0
2019-08-29 07:30,46,,46,0,,0
2019-08-29 07:45,59,,59,0,,0
2019-08-29 08:00,26,,26,0,,0
2019-08-29 08:15,28,,28,0,,0
2019-08-29 08:30,26,,26,0,,0
2019-08-29 08:45,25,,25,0,,0
2019-08-29 09:00,24,,24,0,,0
2019-08-29 09:15,24,,24,0,,0
2019-08-29 09:30,27,,27,0,,0
2019-08-29 09:45,40,,40,0,,0
2019-08-29 10:00,22,,22,0,,0
2019-08-29 10:15,23,,23,0,,0
2019-08-29 10:30,25,,25,0,,0
2019-08-29 10:45,30,,30,0,,0
2019-08-29 11:00,37,,37,0,,0
2019-08-29 11:15,21,,21,0,,0
2019-08-29 11:30,37,,37,0,,0
2019-08-29 11:45,45,,45,0,,0
2019-08-29 12:00,36,,36,0,,0
2019-08-29 12:15,45,,45,0,,0
2019-08-29 12:30,65,,65,0,,0
2019-08-29 12:45,68,,68,0,,0
2019-08-29 13:00,85,,85,0,,0
2019-08-29 13:15,54,,54,0,,0
2019-08-29 13:30,48,,48,0,,0
2019-08-29 13:45,56,,56,0,,0
2019-08-29 14:00,58,,58,0,,0
2019-08-29 14:15,59,,59,0,,0
2019-08-29 14:30,46,,46,0,,0
2019-08-29 14:45,57,,57,0,,0
2019-08-29 15:00,56,,56,0,,0
2019-08-29 15:15,62,,62,0,,0
2019-08-29 15:30,76,,76,0,,0
2019-08-29 15:45,59,,59,0,,0
2019-08-29 16:00,63,,63,0,,0
2019-08-29 16:15,56,,56,0,,0
2019-08-29 16:30,85,,85,0,,0
2019-08-29 16:45,74,,74,0,,0
2019-08-29 17:00,150,80,70,0,0,0
2019-08-29 17:15,157,87,70,0,0,0
2019-08-29 17:30,172,86,86,0,0,0
2019-08-29 17:45,165,94,71,0,0,0
2019-08-29 18:00,142,70,72,0,0,0
2019-08-29 18:15,118,67,51,0,0,0
2019-08-29 18:30,151,86,65,0,0,0
2019-08-29 18:45,159,91,68,0,0,0
2019-08-29 19:00,132,70,62,0,0,0
2019-08-29 19:15,141,73,68,0,0,0
2019-08-29 19:30,109,69,40,0,0,0
2019-08-29 19:45,107,55,52,0,0,0
2019-08-29 20:00,79,39,40,0,0,0
2019-08-29 20:15,70,37,33,0,0,0
2019-08-29 20:30,64,30,34,0,0,0
2019-08-29 20:45,64,39,25,0,0,0
2019-08-29 21:00,50,25,25,0,0,0
2019-08-29 21:15,50,28,22,0,0,0
2019-08-29 21:30,53,28,25,0,0,0
2019-08-29 21:45,56,22,34,0,0,0
2019-08-29 22:00,45,25,20,0,0,0
2019-08-29 22:15,63,26,37,0,0,0
2019-08-29 22:30,38,21,17,0,0,0
2019-08-29 22:45,32,11,21,0,0,0
2019-08-29 23:00,34,15,19,0,0,0
2019-08-29 23:15,51,13,38,0,0,0
2019-08-29 23:30,20,10,10,0,0,0
2019-08-29 23:45,15,8,7,0,0,0
2019-08-30 00:00,9,3,6,0,0,0
2019-08-30 00:15,8,2,6,0,0,0
2019-08-30 00:30,8,2,6,0,0,0
2019-08-30 00:45,13,3,10,0,0,0
2019-08-30 01:00,1,0,1,0,0,0
2019-08-30 01:15,9,6,3,0,0,0
2019-08-30 01:30,2,0,2,0,0,0
2019-08-30 01:45,6,3,3,0,0,0
2019-08-30 02:00,2,1,1,0,0,0
2019-08-30 02:15,2,0,2,0,0,0
2019-08-30 02:30,1,1,0,0,0,0
2019-08-30 02:45,2,1,1,0,0,0
2019-08-30 03:00,1,0,1,0,0,0
2019-08-30 03:15,1,0,1,0,0,0
2019-08-30 03:30,0,0,0,0,0,0
2019-08-30 03:45,3,3,0,0,0,0
2019-08-30 04:00,0,0,0,0,0,0
2019-08-30 04:15,1,0,1,0,0,0
2019-08-30 04:30,0,0,0,0,0,0
2019-08-30 04:45,0,0,0,0,0,0
2019-08-30 05:00,2,2,0,0,0,0
2019-08-30 05:15,4,1,3,0,0,0
2019-08-30 05:30,7,3,4,0,0,0
2019-08-30 05:45,21,14,7,0,0,0
2019-08-30 06:00,23,20,3,0,0,0
2019-08-30 06:15,32,16,16,0,0,0
2019-08-30 06:30,47,28,19,0,0,0
2019-08-30 06:45,78,50,28,0,0,0
2019-08-30 07:00,95,65,30,0,0,0
2019-08-30 07:15,234,177,57,0,0,0
2019-08-30 07:30,336,282,54,0,0,0
2019-08-30 07:45,208,139,69,0,0,0
2019-08-30 08:00,143,117,26,0,0,0
2019-08-30 08:15,150,112,38,0,0,0
2019-08-30 08:30,135,100,35,0,0,0
2019-08-30 08:45,156,114,42,0,0,0
2019-08-30 09:00,117,92,25,0,0,0
2019-08-30 09:15,119,72,47,0,0,0
2019-08-30 09:30,110,71,39,0,0,0
2019-08-30 09:45,142,110,32,0,0,0
2019-08-30 10:00,101,66,35,0,0,0
2019-08-30 10:15,103,62,41,0,0,0
2019-08-30 10:30,96,69,27,0,0,0
2019-08-30 10:45,129,90,39,0,0,0
2019-08-30 11:00,117,69,48,0,0,0
2019-08-30 11:15,110,75,35,0,0,0
2019-08-30 11:30,117,73,44,0,0,0
2019-08-30 11:45,115,81,34,0,0,0
2019-08-30 12:00,126,75,51,0,0,0
2019-08-30 12:15,147,77,70,0,0,0
2019-08-30 12:30,201,92,109,0,0,0
2019-08-30 12:45,178,84,94,0,0,0
2019-08-30 13:00,184,72,112,0,0,0
2019-08-30 13:15,190,75,115,0,0,0
2019-08-30 13:30,172,80,92,0,0,0
2019-08-30 13:45,147,72,75,0,0,0
2019-08-30 14:00,215,84,131,0,0,0
2019-08-30 14:15,179,74,105,0,0,0
2019-08-30 14:30,163,80,83,0,0,0
2019-08-30 14:45,188,94,94,0,0,0
2019-08-30 15:00,183,81,102,0,0,0
2019-08-30 15:15,162,84,78,0,0,0
2019-08-30 15:30,181,94,87,0,0,0
2019-08-30 15:45,187,106,81,0,0,0
2019-08-30 16:00,159,88,71,0,0,0
2019-08-30 16:15,155,80,75,0,0,0
2019-08-30 16:30,171,91,80,0,0,0
2019-08-30 16:45,174,83,91,0,0,0
2019-08-30 17:00,153,90,63,0,0,0
2019-08-30 17:15,166,91,75,0,0,0
2019-08-30 17:30,171,91,80,0,0,0
2019-08-30 17:45,164,76,88,0,0,0
2019-08-30 18:00,180,103,77,0,0,0
2019-08-30 18:15,183,107,76,0,0,0
2019-08-30 18:30,157,72,85,0,0,0
2019-08-30 18:45,140,84,56,0,0,0
2019-08-30 19:00,148,73,75,0,0,0
2019-08-30 19:15,149,92,57,0,0,0
2019-08-30 19:30,113,65,48,0,0,0
2019-08-30 19:45,136,71,65,0,0,0
2019-08-30 20:00,109,62,47,0,0,0
2019-08-30 20:15,106,47,59,0,0,0
2019-08-30 20:30,63,34,29,0,0,0
2019-08-30 20:45,73,34,39,0,0,0
2019-08-30 21:00,68,41,27,0,0,0
2019-08-30 21:15,55,33,22,0,0,0
2019-08-30 21:30,67,33,34,0,0,0
2019-08-30 21:45,59,26,33,0,0,0
2019-08-30 22:00,47,21,26,0,0,0
2019-08-30 22:15,45,16,29,0,0,0
2019-08-30 22:30,49,23,26,0,0,0
2019-08-30 22:45,48,24,24,0,0,0
2019-08-30 23:00,47,21,26,0,0,0
2019-08-30 23:15,63,29,34,0,0,0
2019-08-30 23:30,45,24,21,0,0,0
2019-08-30 23:45,48,24,24,0,0,0
2019-08-31 00:00,34,16,18,0,0,0
2019-08-31 00:15,26,13,13,0,0,0
2019-08-31 00:30,48,9,39,0,0,0
2019-08-31 00:45,60,25,35,0,0,0
2019-08-31 01:00,25,9,16,0,0,0
2019-08-31 01:15,23,13,10,0,0,0
2019-08-31 01:30,18,7,11,0,0,0
2019-08-31 01:45,25,14,11,0,0,0
2019-08-31 02:00,12,3,9,0,0,0
2019-08-31 02:15,7,3,4,0,0,0
2019-08-31 02:30,10,2,8,0,0,0
2019-08-31 02:45,20,9,11,0,0,0
2019-08-31 03:00,10,0,10,0,0,0
2019-08-31 03:15,7,3,4,0,0,0
2019-08-31 03:30,6,1,5,0,0,0
2019-08-31 03:45,5,3,2,0,0,0
2019-08-31 04:00,9,4,5,0,0,0
2019-08-31 04:15,3,0,3,0,0,0
2019-08-31 04:30,9,3,6,0,0,0
2019-08-31 04:45,4,2,2,0,0,0
2019-08-31 05:00,0,0,0,0,0,0
2019-08-31 05:15,2,1,1,0,0,0
2019-08-31 05:30,8,5,3,0,0,0
2019-08-31 05:45,12,6,6,0,0,0
2019-08-31 06:00,4,3,1,0,0,0
2019-08-31 06:15,6,3,3,0,0,0
2019-08-31 06:30,6,3,3,0,0,0
2019-08-31 06:45,16,14,2,0,0,0
2019-08-31 07:00,7,5,2,0,0,0
2019-08-31 07:15,14,8,6,0,0,0
2019-08-31 07:30,27,20,7,0,0,0
2019-08-31 07:45,15,6,9,0,0,0
2019-08-31 08:00,32,26,6,0,0,0
2019-08-31 08:15,48,34,14,0,0,0
2019-08-31 08:30,43,35,8,0,0,0
2019-08-31 08:45,86,66,20,0,0,0
2019-08-31 09:00,61,41,20,0,0,0
2019-08-31 09:15,100,75,25,0,0,0
2019-08-31 09:30,114,92,22,0,0,0
2019-08-31 09:45,126,96,30,0,0,0
2019-08-31 10:00,125,99,26,0,0,0
2019-08-31 10:15,154,96,58,0,0,0
2019-08-31 10:30,152,115,37,0,0,0
2019-08-31 10:45,181,133,48,0,0,0
2019-08-31 11:00,154,107,47,0,0,0
2019-08-31 11:15,192,139,53,0,0,0
2019-08-31 11:30,200,142,58,0,0,0
2019-08-31 11:45,175,117,58,0,0,0
2019-08-31 12:00,174,109,65,0,0,0
2019-08-31 12:15,200,115,85,0,0,0
2019-08-31 12:30,172,96,76,0,0,0
2019-08-31 12:45,219,118,101,0,0,0
2019-08-31 13:00,182,99,83,0,0,0
2019-08-31 13:15,177,104,73,0,0,0
2019-08-31 13:30,165,74,91,0,0,0
2019-08-31 13:45,188,92,96,0,0,0
2019-08-31 14:00,172,90,82,0,0,0
2019-08-31 14:15,178,53,125,0,0,0
2019-08-31 14:30,156,58,98,0,0,0
2019-08-31 14:45,172,74,98,0,0,0
2019-08-31 15:00,133,59,74,0,0,0
2019-08-31 15:15,111,49,62,0,0,0
2019-08-31 15:30,110,57,53,0,0,0
2019-08-31 15:45,125,67,58,0,0,0
2019-08-31 16:00,118,47,71,0,0,0
2019-08-31 16:15,103,47,56,0,0,0
2019-08-31 16:30,111,69,42,0,0,0
2019-08-31 16:45,91,57,34,0,0,0
2019-08-31 17:00,109,63,46,0,0,0
2019-08-31 17:15,145,68,77,0,0,0
2019-08-31 17:30,125,68,57,0,0,0
2019-08-31 17:45,149,90,59,0,0,0
2019-08-31 18:00,133,84,49,0,0,0
2019-08-31 18:15,97,59,38,0,0,0
2019-08-31 18:30,88,47,41,0,0,0
2019-08-31 18:45,130,89,41,0,0,0
2019-08-31 19:00,96,56,40,0,0,0
2019-08-31 19:15,99,50,49,0,0,0
2019-08-31 19:30,78,42,36,0,0,0
2019-08-31 19:45,110,66,44,0,0,0
2019-08-31 20:00,100,63,37,0,0,0
2019-08-31 20:15,115,71,44,0,0,0
2019-08-31 20:30,76,48,28,0,0,0
2019-08-31 20:45,75,46,29,0,0,0
2019-08-31 21:00,55,28,27,0,0,0
2019-08-31 21:15,55,27,28,0,0,0
2019-08-31 21:30,51,24,27,0,0,0
2019-08-31 21:45,45,24,21,0,0,0
2019-08-31 22:00,50,14,36,0,0,0
2019-08-31 22:15,62,19,43,0,0,0
2019-08-31 22:30,14,6,8,0,0,0
2019-08-31 22:45,16,10,6,0,0,0
2019-08-31 23:00,25,7,18,0,0,0
2019-08-31 23:15,46,23,23,0,0,0
2019-08-31 23:30,32,17,15,0,0,0
2019-08-31 23:45,21,8,13,0,0,0
