Datetime,100034983 (Warendorfer Straße),101034983 (Warendorfer Straße stadteinwärts),102034983 (Warendorfer Straße stadtauswärts),100034983-status,101034983-status,102034983-status
2019-10-01 00:00,17,5,12,4,4,0
2019-10-01 00:15,13,4,9,4,4,0
2019-10-01 00:30,12,4,8,4,4,0
2019-10-01 00:45,8,3,5,4,4,0
2019-10-01 01:00,6,1,5,4,4,0
2019-10-01 01:15,7,2,5,4,4,0
2019-10-01 01:30,11,1,10,4,4,0
2019-10-01 01:45,7,1,6,4,4,0
2019-10-01 02:00,6,1,5,4,4,0
2019-10-01 02:15,1,1,0,4,4,0
2019-10-01 02:30,3,0,3,4,4,0
2019-10-01 02:45,3,1,2,4,4,0
2019-10-01 03:00,4,1,3,4,4,0
2019-10-01 03:15,1,0,1,4,4,0
2019-10-01 03:30,1,1,0,4,4,0
2019-10-01 03:45,5,1,4,4,4,0
2019-10-01 04:00,0,0,0,4,4,0
2019-10-01 04:15,1,0,1,4,4,0
2019-10-01 04:30,2,1,1,4,4,0
2019-10-01 04:45,1,1,0,4,4,0
2019-10-01 05:00,1,1,0,4,4,0
2019-10-01 05:15,5,3,2,4,4,0
2019-10-01 05:30,16,11,5,4,4,0
2019-10-01 05:45,16,10,6,4,4,0
2019-10-01 06:00,15,11,4,4,4,0
2019-10-01 06:15,29,20,9,4,4,0
2019-10-01 06:30,45,29,16,4,4,0
2019-10-01 06:45,68,50,18,4,4,0
2019-10-01 07:00,85,68,17,4,4,0
2019-10-01 07:15,180,147,33,4,4,0
2019-10-01 07:30,294,246,48,4,4,0
2019-10-01 07:45,207,136,71,4,4,0
2019-10-01 08:00,138,109,29,4,4,0
2019-10-01 08:15,152,120,32,4,4,0
2019-10-01 08:30,133,113,20,4,4,0
2019-10-01 08:45,169,132,37,4,4,0
2019-10-01 09:00,99,84,15,4,4,0
2019-10-01 09:15,101,85,16,4,4,0
2019-10-01 09:30,108,85,23,4,4,0
2019-10-01 09:45,129,104,25,4,4,0
2019-10-01 10:00,72,62,10,4,4,0
2019-10-01 10:15,84,63,21,4,4,0
2019-10-01 10:30,97,76,21,4,4,0
2019-10-01 10:45,93,78,15,4,4,0
2019-10-01 11:00,86,70,16,4,4,0
2019-10-01 11:15,86,53,33,4,4,0
2019-10-01 11:30,79,55,24,4,4,0
2019-10-01 11:45,91,63,28,4,4,0
2019-10-01 12:00,90,65,25,4,4,0
2019-10-01 12:15,110,65,45,4,4,0
2019-10-01 12:30,132,74,58,4,4,0
2019-10-01 12:45,134,73,61,4,4,0
2019-10-01 13:00,128,64,64,4,4,0
2019-10-01 13:15,135,77,58,4,4,0
2019-10-01 13:30,111,67,44,4,4,0
2019-10-01 13:45,123,75,48,4,4,0
2019-10-01 14:00,139,65,74,4,4,0
2019-10-01 14:15,114,62,52,4,4,0
2019-10-01 14:30,126,72,54,4,4,0
2019-10-01 14:45,139,81,58,4,4,0
2019-10-01 15:00,136,70,66,4,4,0
2019-10-01 15:15,149,76,73,4,4,0
2019-10-01 15:30,155,88,67,4,4,0
2019-10-01 15:45,165,93,72,4,4,0
2019-10-01 16:00,168,93,75,4,4,0
2019-10-01 16:15,196,92,104,4,4,0
2019-10-01 16:30,167,95,72,4,4,0
2019-10-01 16:45,189,106,83,4,4,0
2019-10-01 17:00,190,99,91,4,4,0
2019-10-01 17:15,192,90,102,4,4,0
2019-10-01 17:30,191,94,97,4,4,0
2019-10-01 17:45,204,101,103,4,4,0
2019-10-01 18:00,191,91,100,4,4,0
2019-10-01 18:15,170,77,93,4,4,0
2019-10-01 18:30,127,54,73,4,4,0
2019-10-01 18:45,142,66,76,4,4,0
2019-10-01 19:00,107,53,54,4,4,0
2019-10-01 19:15,113,59,54,4,4,0
2019-10-01 19:30,101,56,45,4,4,0
2019-10-01 19:45,103,48,55,4,4,0
2019-10-01 20:00,77,37,40,4,4,0
2019-10-01 20:15,65,32,33,4,4,0
2019-10-01 20:30,49,21,28,4,4,0
2019-10-01 20:45,58,25,33,4,4,0
2019-10-01 21:00,53,28,25,4,4,0
2019-10-01 21:15,45,26,19,4,4,0
2019-10-01 21:30,60,25,35,4,4,0
2019-10-01 21:45,52,29,23,4,4,0
2019-10-01 22:00,47,21,26,4,4,0
2019-10-01 22:15,37,19,18,4,4,0
2019-10-01 22:30,43,17,26,4,4,0
2019-10-01 22:45,36,17,19,4,4,0
2019-10-01 23:00,32,12,20,4,4,0
2019-10-01 23:15,26,8,18,4,4,0
2019-10-01 23:30,22,10,12,4,4,0
2019-10-01 23:45,26,10,16,4,4,0
2019-10-02 00:00,8,4,4,4,4,0
2019-10-02 00:15,13,5,8,4,4,0
2019-10-02 00:30,9,4,5,4,4,0
2019-10-02 00:45,10,2,8,4,4,0
2019-10-02 01:00,11,3,8,4,4,0
2019-10-02 01:15,6,1,5,4,4,0
2019-10-02 01:30,13,4,9,4,4,0
2019-10-02 01:45,14,3,11,4,4,0
2019-10-02 02:00,15,1,14,4,4,0
2019-10-02 02:15,7,1,6,4,4,0
2019-10-02 02:30,8,1,7,4,4,0
2019-10-02 02:45,13,2,11,4,4,0
2019-10-02 03:00,10,1,9,4,4,0
2019-10-02 03:15,1,1,0,4,4,0
2019-10-02 03:30,7,1,6,4,4,0
2019-10-02 03:45,7,1,6,4,4,0
2019-10-02 04:00,4,0,4,4,4,0
2019-10-02 04:15,2,1,1,4,4,0
2019-10-02 04:30,6,1,5,4,4,0
2019-10-02 04:45,2,2,0,4,4,0
2019-10-02 05:00,1,1,0,4,4,0
2019-10-02 05:15,6,3,3,4,4,0
2019-10-02 05:30,12,8,4,4,4,0
2019-10-02 05:45,20,12,8,4,4,0
2019-10-02 06:00,15,11,4,4,4,0
2019-10-02 06:15,29,17,12,4,4,0
2019-10-02 06:30,48,29,19,4,4,0
2019-10-02 06:45,56,38,18,4,4,0
2019-10-02 07:00,96,72,24,4,4,0
2019-10-02 07:15,190,150,40,4,4,0
2019-10-02 07:30,312,241,71,4,4,0
2019-10-02 07:45,198,136,62,4,4,0
2019-10-02 08:00,161,125,36,4,4,0
2019-10-02 08:15,168,119,49,4,4,0
2019-10-02 08:30,145,105,40,4,4,0
2019-10-02 08:45,177,133,44,4,4,0
2019-10-02 09:00,108,85,23,4,4,0
2019-10-02 09:15,144,115,29,4,4,0
2019-10-02 09:30,123,92,31,4,4,0
2019-10-02 09:45,129,110,19,4,4,0
2019-10-02 10:00,129,98,31,4,4,0
2019-10-02 10:15,125,93,32,4,4,0
2019-10-02 10:30,127,92,35,4,4,0
2019-10-02 10:45,147,91,56,4,4,0
2019-10-02 11:00,142,90,52,4,4,0
2019-10-02 11:15,153,88,65,4,4,0
2019-10-02 11:30,142,91,51,4,4,0
2019-10-02 11:45,144,87,57,4,4,0
2019-10-02 12:00,130,87,43,4,4,0
2019-10-02 12:15,157,90,67,4,4,0
2019-10-02 12:30,165,75,90,4,4,0
2019-10-02 12:45,162,83,79,4,4,0
2019-10-02 13:00,188,86,102,4,4,0
2019-10-02 13:15,142,70,72,4,4,0
2019-10-02 13:30,137,68,69,4,4,0
2019-10-02 13:45,155,70,85,4,4,0
2019-10-02 14:00,162,65,97,4,4,0
2019-10-02 14:15,114,61,53,4,4,0
2019-10-02 14:30,118,56,62,4,4,0
2019-10-02 14:45,167,78,89,4,4,0
2019-10-02 15:00,157,76,81,4,4,0
2019-10-02 15:15,143,60,83,4,4,0
2019-10-02 15:30,162,62,100,4,4,0
2019-10-02 15:45,163,84,79,4,4,0
2019-10-02 16:00,189,86,103,4,4,0
2019-10-02 16:15,177,73,104,4,4,0
2019-10-02 16:30,185,86,99,4,4,0
2019-10-02 16:45,182,88,94,4,4,0
2019-10-02 17:00,151,78,73,4,4,0
2019-10-02 17:15,148,76,72,4,4,0
2019-10-02 17:30,157,71,86,4,4,0
2019-10-02 17:45,199,85,114,4,4,0
2019-10-02 18:00,158,56,102,4,4,0
2019-10-02 18:15,141,61,80,4,4,0
2019-10-02 18:30,129,46,83,4,4,0
2019-10-02 18:45,148,57,91,4,4,0
2019-10-02 19:00,109,45,64,4,4,0
2019-10-02 19:15,128,51,77,4,4,0
2019-10-02 19:30,84,42,42,4,4,0
2019-10-02 19:45,89,38,51,4,4,0
2019-10-02 20:00,94,37,57,4,4,0
2019-10-02 20:15,48,22,26,4,4,0
2019-10-02 20:30,63,21,42,4,4,0
2019-10-02 20:45,52,25,27,4,4,0
2019-10-02 21:00,54,20,34,4,4,0
2019-10-02 21:15,60,29,31,4,4,0
2019-10-02 21:30,41,13,28,4,4,0
2019-10-02 21:45,51,16,35,4,4,0
2019-10-02 22:00,60,18,42,4,4,0
2019-10-02 22:15,52,25,27,4,4,0
2019-10-02 22:30,39,16,23,4,4,0
2019-10-02 22:45,48,16,32,4,4,0
2019-10-02 23:00,34,13,21,4,4,0
2019-10-02 23:15,27,8,19,4,4,0
2019-10-02 23:30,26,13,13,4,4,0
2019-10-02 23:45,24,9,15,4,4,0
2019-10-03 00:00,27,8,19,4,4,0
2019-10-03 00:15,21,4,17,4,4,0
2019-10-03 00:30,14,6,8,4,4,0
2019-10-03 00:45,39,7,32,4,4,0
2019-10-03 01:00,31,3,28,4,4,0
2019-10-03 01:15,19,3,16,4,4,0
2019-10-03 01:30,23,4,19,4,4,0
2019-10-03 01:45,17,2,15,4,4,0
2019-10-03 02:00,11,1,10,4,4,0
2019-10-03 02:15,14,1,13,4,4,0
2019-10-03 02:30,16,0,16,4,4,0
2019-10-03 02:45,12,1,11,4,4,0
2019-10-03 03:00,17,1,16,4,4,0
2019-10-03 03:15,13,0,13,4,4,0
2019-10-03 03:30,8,0,8,4,4,0
2019-10-03 03:45,7,1,6,4,4,0
2019-10-03 04:00,17,1,16,4,4,0
2019-10-03 04:15,1,0,1,4,4,0
2019-10-03 04:30,3,0,3,4,4,0
2019-10-03 04:45,11,1,10,4,4,0
2019-10-03 05:00,0,0,0,4,4,0
2019-10-03 05:15,2,1,1,4,4,0
2019-10-03 05:30,14,8,6,4,4,0
2019-10-03 05:45,16,10,6,4,4,0
2019-10-03 06:00,21,13,8,4,4,0
2019-10-03 06:15,18,17,1,4,4,0
2019-10-03 06:30,30,30,0,4,4,0
2019-10-03 06:45,52,50,2,4,4,0
2019-10-03 07:00,58,55,3,4,4,0
2019-10-03 07:15,146,142,4,4,4,0
2019-10-03 07:30,251,246,5,4,4,0
2019-10-03 07:45,133,132,1,4,4,0
2019-10-03 08:00,112,108,4,4,4,0
2019-10-03 08:15,115,112,3,4,4,0
2019-10-03 08:30,127,122,5,4,4,0
2019-10-03 08:45,143,138,5,4,4,0
2019-10-03 09:00,81,75,6,4,4,0
2019-10-03 09:15,93,80,13,4,4,0
2019-10-03 09:30,84,75,9,4,4,0
2019-10-03 09:45,108,96,12,4,4,0
2019-10-03 10:00,70,66,4,4,4,0
2019-10-03 10:15,75,66,9,4,4,0
2019-10-03 10:30,70,58,12,4,4,0
2019-10-03 10:45,88,71,17,4,4,0
2019-10-03 11:00,66,55,11,4,4,0
2019-10-03 11:15,74,60,14,4,4,0
2019-10-03 11:30,73,59,14,4,4,0
2019-10-03 11:45,96,67,29,4,4,0
2019-10-03 12:00,99,70,29,4,4,0
2019-10-03 12:15,87,68,19,4,4,0
2019-10-03 12:30,89,60,29,4,4,0
2019-10-03 12:45,104,66,38,4,4,0
2019-10-03 13:00,85,61,24,4,4,0
2019-10-03 13:15,72,52,20,4,4,0
2019-10-03 13:30,83,58,25,4,4,0
2019-10-03 13:45,96,73,23,4,4,0
2019-10-03 14:00,87,61,26,4,4,0
2019-10-03 14:15,94,65,29,4,4,0
2019-10-03 14:30,90,58,32,4,4,0
2019-10-03 14:45,102,81,21,4,4,0
2019-10-03 15:00,88,67,21,4,4,0
2019-10-03 15:15,101,79,22,4,4,0
2019-10-03 15:30,104,78,26,4,4,0
2019-10-03 15:45,142,97,45,4,4,0
2019-10-03 16:00,120,95,25,4,4,0
2019-10-03 16:15,88,78,10,4,4,0
2019-10-03 16:30,119,92,27,4,4,0
2019-10-03 16:45,152,101,51,4,4,0
2019-10-03 17:00,116,77,39,4,4,0
2019-10-03 17:15,118,81,37,4,4,0
2019-10-03 17:30,126,94,32,4,4,0
2019-10-03 17:45,139,101,38,4,4,0
2019-10-03 18:00,140,84,56,4,4,0
2019-10-03 18:15,104,72,32,4,4,0
2019-10-03 18:30,90,59,31,4,4,0
2019-10-03 18:45,128,89,39,4,4,0
2019-10-03 19:00,100,74,26,4,4,0
2019-10-03 19:15,88,66,22,4,4,0
2019-10-03 19:30,75,52,23,4,4,0
2019-10-03 19:45,69,42,27,4,4,0
2019-10-03 20:00,56,37,19,4,4,0
2019-10-03 20:15,53,36,17,4,4,0
2019-10-03 20:30,46,32,14,4,4,0
2019-10-03 20:45,54,39,15,4,4,0
2019-10-03 21:00,50,28,22,4,4,0
2019-10-03 21:15,34,27,7,4,4,0
2019-10-03 21:30,39,28,11,4,4,0
2019-10-03 21:45,44,27,17,4,4,0
2019-10-03 22:00,43,30,13,4,4,0
2019-10-03 22:15,32,18,14,4,4,0
2019-10-03 22:30,35,18,17,4,4,0
2019-10-03 22:45,34,14,20,4,4,0
2019-10-03 23:00,20,10,10,4,4,0
2019-10-03 23:15,23,12,11,4,4,0
2019-10-03 23:30,20,12,8,4,4,0
2019-10-03 23:45,19,8,11,4,4,0
2019-10-04 00:00,19,9,10,4,4,0
2019-10-04 00:15,16,2,14,4,4,0
2019-10-04 00:30,9,2,7,4,4,0
2019-10-04 00:45,10,6,4,4,4,0
2019-10-04 01:00,9,1,8,4,4,0
2019-10-04 01:15,12,3,9,4,4,0
2019-10-04 01:30,12,2,10,4,4,0
2019-10-04 01:45,9,3,6,4,4,0
2019-10-04 02:00,8,1,7,4,4,0
2019-10-04 02:15,8,0,8,4,4,0
2019-10-04 02:30,4,1,3,4,4,0
2019-10-04 02:45,3,0,3,4,4,0
2019-10-04 03:00,6,0,6,4,4,0
2019-10-04 03:15,5,1,4,4,4,0
2019-10-04 03:30,4,0,4,4,4,0
2019-10-04 03:45,4,1,3,4,4,0
2019-10-04 04:00,0,0,0,4,4,0
2019-10-04 04:15,2,0,2,4,4,0
2019-10-04 04:30,1,0,1,4,4,0
2019-10-04 04:45,3,2,1,4,4,0
2019-10-04 05:00,2,1,1,4,4,0
2019-10-04 05:15,1,1,0,4,4,0
2019-10-04 05:30,11,4,7,4,4,0
2019-10-04 05:45,20,13,7,4,4,0
2019-10-04 06:00,17,11,6,4,4,0
2019-10-04 06:15,21,16,5,4,4,0
2019-10-04 06:30,40,31,9,4,4,0
2019-10-04 06:45,55,45,10,4,4,0
2019-10-04 07:00,64,51,13,4,4,0
2019-10-04 07:15,163,138,25,4,4,0
2019-10-04 07:30,299,255,44,4,4,0
2019-10-04 07:45,184,137,47,4,4,0
2019-10-04 08:00,111,97,14,4,4,0
2019-10-04 08:15,114,87,27,4,4,0
2019-10-04 08:30,120,100,20,4,4,0
2019-10-04 08:45,151,117,34,4,4,0
2019-10-04 09:00,93,79,14,4,4,0
2019-10-04 09:15,88,73,15,4,4,0
2019-10-04 09:30,104,84,20,4,4,0
2019-10-04 09:45,137,103,34,4,4,0
2019-10-04 10:00,84,59,25,4,4,0
2019-10-04 10:15,76,48,28,4,4,0
2019-10-04 10:30,76,50,26,4,4,0
2019-10-04 10:45,99,74,25,4,4,0
2019-10-04 11:00,92,68,24,4,4,0
2019-10-04 11:15,105,62,43,4,4,0
2019-10-04 11:30,98,59,39,4,4,0
2019-10-04 11:45,113,73,40,4,4,0
2019-10-04 12:00,117,75,42,4,4,0
2019-10-04 12:15,116,76,40,4,4,0
2019-10-04 12:30,164,86,78,4,4,0
2019-10-04 12:45,127,78,49,4,4,0
2019-10-04 13:00,133,71,62,4,4,0
2019-10-04 13:15,126,68,58,4,4,0
2019-10-04 13:30,112,77,35,4,4,0
2019-10-04 13:45,137,81,56,4,4,0
2019-10-04 14:00,153,83,70,4,4,0
2019-10-04 14:15,120,74,46,4,4,0
2019-10-04 14:30,135,87,48,4,4,0
2019-10-04 14:45,125,74,51,4,4,0
2019-10-04 15:00,146,92,54,4,4,0
2019-10-04 15:15,168,106,62,4,4,0
2019-10-04 15:30,133,94,39,4,4,0
2019-10-04 15:45,128,79,49,4,4,0
2019-10-04 16:00,139,103,36,4,4,0
2019-10-04 16:15,108,80,28,4,4,0
2019-10-04 16:30,138,88,50,4,4,0
2019-10-04 16:45,135,93,42,4,4,0
2019-10-04 17:00,138,86,52,4,4,0
2019-10-04 17:15,123,83,40,4,4,0
2019-10-04 17:30,117,82,35,4,4,0
2019-10-04 17:45,114,74,40,4,4,0
2019-10-04 18:00,131,77,54,4,4,0
2019-10-04 18:15,141,85,56,4,4,0
2019-10-04 18:30,112,66,46,4,4,0
2019-10-04 18:45,123,79,44,4,4,0
2019-10-04 19:00,110,65,45,4,4,0
2019-10-04 19:15,96,63,33,4,4,0
2019-10-04 19:30,69,50,19,4,4,0
2019-10-04 19:45,85,65,20,4,4,0
2019-10-04 20:00,92,56,36,4,4,0
2019-10-04 20:15,68,47,21,4,4,0
2019-10-04 20:30,57,44,13,4,4,0
2019-10-04 20:45,64,43,21,4,4,0
2019-10-04 21:00,67,36,31,4,4,0
2019-10-04 21:15,47,33,14,4,4,0
2019-10-04 21:30,39,31,8,4,4,0
2019-10-04 21:45,28,22,6,4,4,0
2019-10-04 22:00,33,25,8,4,4,0
2019-10-04 22:15,33,25,8,4,4,0
2019-10-04 22:30,33,20,13,4,4,0
2019-10-04 22:45,28,17,11,4,4,0
2019-10-04 23:00,49,23,26,4,4,0
2019-10-04 23:15,27,13,14,4,4,0
2019-10-04 23:30,26,18,8,4,4,0
2019-10-04 23:45,30,18,12,4,4,0
2019-10-05 00:00,25,17,8,4,4,0
2019-10-05 00:15,34,13,21,4,4,0
2019-10-05 00:30,21,17,4,4,4,0
2019-10-05 00:45,25,12,13,4,4,0
2019-10-05 01:00,20,9,11,4,4,0
2019-10-05 01:15,13,10,3,4,4,0
2019-10-05 01:30,14,8,6,4,4,0
2019-10-05 01:45,13,6,7,4,4,0
2019-10-05 02:00,12,4,8,4,4,0
2019-10-05 02:15,7,2,5,4,4,0
2019-10-05 02:30,6,2,4,4,4,0
2019-10-05 02:45,6,4,2,4,4,0
2019-10-05 03:00,14,4,10,4,4,0
2019-10-05 03:15,4,1,3,4,4,0
2019-10-05 03:30,2,1,1,4,4,0
2019-10-05 03:45,8,2,6,4,4,0
2019-10-05 04:00,6,2,4,4,4,0
2019-10-05 04:15,3,1,2,4,4,0
2019-10-05 04:30,5,2,3,4,4,0
2019-10-05 04:45,3,3,0,4,4,0
2019-10-05 05:00,1,0,1,4,4,0
2019-10-05 05:15,4,2,2,4,4,0
2019-10-05 05:30,9,5,4,4,4,0
2019-10-05 05:45,11,5,6,4,4,0
2019-10-05 06:00,9,4,5,4,4,0
2019-10-05 06:15,9,7,2,4,4,0
2019-10-05 06:30,4,3,1,4,4,0
2019-10-05 06:45,13,8,5,4,4,0
2019-10-05 07:00,11,10,1,4,4,0
2019-10-05 07:15,13,10,3,4,4,0
2019-10-05 07:30,22,13,9,4,4,0
2019-10-05 07:45,27,22,5,4,4,0
2019-10-05 08:00,29,21,8,4,4,0
2019-10-05 08:15,33,25,8,4,4,0
2019-10-05 08:30,45,37,8,4,4,0
2019-10-05 08:45,55,45,10,4,4,0
2019-10-05 09:00,59,41,18,4,4,0
2019-10-05 09:15,81,60,21,4,4,0
2019-10-05 09:30,103,75,28,4,4,0
2019-10-05 09:45,127,97,30,4,4,0
2019-10-05 10:00,96,78,18,4,4,0
2019-10-05 10:15,115,96,19,4,4,0
2019-10-05 10:30,146,111,35,4,4,0
2019-10-05 10:45,165,130,35,4,4,0
2019-10-05 11:00,144,101,43,4,4,0
2019-10-05 11:15,152,110,42,4,4,0
2019-10-05 11:30,182,121,61,4,4,0
2019-10-05 11:45,183,131,52,4,4,0
2019-10-05 12:00,164,119,45,4,4,0
2019-10-05 12:15,196,134,62,4,4,0
2019-10-05 12:30,177,116,61,4,4,0
2019-10-05 12:45,172,118,54,4,4,0
2019-10-05 13:00,172,108,64,4,4,0
2019-10-05 13:15,180,101,79,4,4,0
2019-10-05 13:30,162,93,69,4,4,0
2019-10-05 13:45,179,93,86,4,4,0
2019-10-05 14:00,146,80,66,4,4,0
2019-10-05 14:15,148,78,70,4,4,0
2019-10-05 14:30,141,52,89,4,4,0
2019-10-05 14:45,144,65,79,4,4,0
2019-10-05 15:00,141,67,74,4,4,0
2019-10-05 15:15,138,68,70,4,4,0
2019-10-05 15:30,138,76,62,4,4,0
2019-10-05 15:45,148,71,77,4,4,0
2019-10-05 16:00,109,61,48,4,4,0
2019-10-05 16:15,116,52,64,4,4,0
2019-10-05 16:30,96,60,36,4,4,0
2019-10-05 16:45,142,66,76,4,4,0
2019-10-05 17:00,119,75,44,4,4,0
2019-10-05 17:15,98,61,37,4,4,0
2019-10-05 17:30,122,66,56,4,4,0
2019-10-05 17:45,137,69,68,4,4,0
2019-10-05 18:00,122,73,49,4,4,0
2019-10-05 18:15,131,62,69,4,4,0
2019-10-05 18:30,109,64,45,4,4,0
2019-10-05 18:45,118,75,43,4,4,0
2019-10-05 19:00,134,71,63,4,4,0
2019-10-05 19:15,104,59,45,4,4,0
2019-10-05 19:30,89,51,38,4,4,0
2019-10-05 19:45,98,58,40,4,4,0
2019-10-05 20:00,85,53,32,4,4,0
2019-10-05 20:15,84,60,24,4,4,0
2019-10-05 20:30,67,42,25,4,4,0
2019-10-05 20:45,66,43,23,4,4,0
2019-10-05 21:00,56,31,25,4,4,0
2019-10-05 21:15,54,40,14,4,4,0
2019-10-05 21:30,34,25,9,4,4,0
2019-10-05 21:45,43,23,20,4,4,0
2019-10-05 22:00,33,18,15,4,4,0
2019-10-05 22:15,31,22,9,4,4,0
2019-10-05 22:30,20,12,8,4,4,0
2019-10-05 22:45,37,13,24,4,4,0
2019-10-05 23:00,29,17,12,4,4,0
2019-10-05 23:15,27,18,9,4,4,0
2019-10-05 23:30,41,22,19,4,4,0
2019-10-05 23:45,27,12,15,4,4,0
2019-10-06 00:00,28,14,14,4,4,0
2019-10-06 00:15,29,14,15,4,4,0
2019-10-06 00:30,26,20,6,4,4,0
2019-10-06 00:45,31,12,19,4,4,0
2019-10-06 01:00,31,17,14,4,4,0
2019-10-06 01:15,12,9,3,4,4,0
2019-10-06 01:30,20,12,8,4,4,0
2019-10-06 01:45,19,6,13,4,4,0
2019-10-06 02:00,11,7,4,4,4,0
2019-10-06 02:15,14,8,6,4,4,0
2019-10-06 02:30,16,9,7,4,4,0
2019-10-06 02:45,8,3,5,4,4,0
2019-10-06 03:00,11,4,7,4,4,0
2019-10-06 03:15,6,4,2,4,4,0
2019-10-06 03:30,8,3,5,4,4,0
2019-10-06 03:45,6,2,4,4,4,0
2019-10-06 04:00,3,3,0,4,4,0
2019-10-06 04:15,7,1,6,4,4,0
2019-10-06 04:30,2,2,0,4,4,0
2019-10-06 04:45,2,1,1,4,4,0
2019-10-06 05:00,0,0,0,4,4,0
2019-10-06 05:15,2,1,1,4,4,0
2019-10-06 05:30,7,3,4,4,4,0
2019-10-06 05:45,7,3,4,4,4,0
2019-10-06 06:00,4,1,3,4,4,0
2019-10-06 06:15,7,4,3,4,4,0
2019-10-06 06:30,3,3,0,4,4,0
2019-10-06 06:45,10,6,4,4,4,0
2019-10-06 07:00,1,1,0,4,4,0
2019-10-06 07:15,6,4,2,4,4,0
2019-10-06 07:30,13,9,4,4,4,0
2019-10-06 07:45,14,12,2,4,4,0
2019-10-06 08:00,23,21,2,4,4,0
2019-10-06 08:15,37,35,2,4,4,0
2019-10-06 08:30,35,34,1,4,4,0
2019-10-06 08:45,31,26,5,4,4,0
2019-10-06 09:00,19,17,2,4,4,0
2019-10-06 09:15,39,34,5,4,4,0
2019-10-06 09:30,51,27,24,4,4,0
2019-10-06 09:45,55,48,7,4,4,0
2019-10-06 10:00,46,37,9,4,4,0
2019-10-06 10:15,48,34,14,4,4,0
2019-10-06 10:30,53,40,13,4,4,0
2019-10-06 10:45,64,50,14,4,4,0
2019-10-06 11:00,51,41,10,4,4,0
2019-10-06 11:15,55,43,12,4,4,0
2019-10-06 11:30,62,47,15,4,4,0
2019-10-06 11:45,59,40,19,4,4,0
2019-10-06 12:00,62,43,19,4,4,0
2019-10-06 12:15,64,50,14,4,4,0
2019-10-06 12:30,74,44,30,4,4,0
2019-10-06 12:45,62,48,14,4,4,0
2019-10-06 13:00,59,41,18,4,4,0
2019-10-06 13:15,68,39,29,4,4,0
2019-10-06 13:30,70,49,21,4,4,0
2019-10-06 13:45,68,51,17,4,4,0
2019-10-06 14:00,83,51,32,4,4,0
2019-10-06 14:15,71,51,20,4,4,0
2019-10-06 14:30,91,61,30,4,4,0
2019-10-06 14:45,80,65,15,4,4,0
2019-10-06 15:00,75,51,24,4,4,0
2019-10-06 15:15,78,45,33,4,4,0
2019-10-06 15:30,67,52,15,4,4,0
2019-10-06 15:45,85,62,23,4,4,0
2019-10-06 16:00,78,52,26,4,4,0
2019-10-06 16:15,73,50,23,4,4,0
2019-10-06 16:30,62,43,19,4,4,0
2019-10-06 16:45,84,54,30,4,4,0
2019-10-06 17:00,69,48,21,4,4,0
2019-10-06 17:15,89,57,32,4,4,0
2019-10-06 17:30,86,64,22,4,4,0
2019-10-06 17:45,83,57,26,4,4,0
2019-10-06 18:00,64,37,27,4,4,0
2019-10-06 18:15,58,43,15,4,4,0
2019-10-06 18:30,57,36,21,4,4,0
2019-10-06 18:45,57,40,17,4,4,0
2019-10-06 19:00,48,29,19,4,4,0
2019-10-06 19:15,48,30,18,4,4,0
2019-10-06 19:30,44,27,17,4,4,0
2019-10-06 19:45,47,32,15,4,4,0
2019-10-06 20:00,51,23,28,4,4,0
2019-10-06 20:15,39,23,16,4,4,0
2019-10-06 20:30,25,16,9,4,4,0
2019-10-06 20:45,22,16,6,4,4,0
2019-10-06 21:00,17,11,6,4,4,0
2019-10-06 21:15,23,15,8,4,4,0
2019-10-06 21:30,21,15,6,4,4,0
2019-10-06 21:45,22,11,11,4,4,0
2019-10-06 22:00,24,9,15,4,4,0
2019-10-06 22:15,20,12,8,4,4,0
2019-10-06 22:30,16,11,5,4,4,0
2019-10-06 22:45,14,6,8,4,4,0
2019-10-06 23:00,10,8,2,4,4,0
2019-10-06 23:15,11,6,5,4,4,0
2019-10-06 23:30,8,5,3,4,4,0
2019-10-06 23:45,11,4,7,4,4,0
2019-10-07 00:00,6,5,1,4,4,0
2019-10-07 00:15,6,2,4,4,4,0
2019-10-07 00:30,0,0,0,4,4,0
2019-10-07 00:45,3,2,1,4,4,0
2019-10-07 01:00,3,1,2,4,4,0
2019-10-07 01:15,2,2,0,4,4,0
2019-10-07 01:30,4,2,2,4,4,0
2019-10-07 01:45,4,4,0,4,4,0
2019-10-07 02:00,0,0,0,4,4,0
2019-10-07 02:15,0,0,0,4,4,0
2019-10-07 02:30,2,1,1,4,4,0
2019-10-07 02:45,0,0,0,4,4,0
2019-10-07 03:00,0,0,0,4,4,0
2019-10-07 03:15,1,1,0,4,4,0
2019-10-07 03:30,0,0,0,4,4,0
2019-10-07 03:45,1,1,0,4,4,0
2019-10-07 04:00,0,0,0,4,4,0
2019-10-07 04:15,0,0,0,4,4,0
2019-10-07 04:30,2,1,1,4,4,0
2019-10-07 04:45,2,2,0,4,4,0
2019-10-07 05:00,1,0,1,4,4,0
2019-10-07 05:15,6,3,3,4,4,0
2019-10-07 05:30,10,10,0,4,4,0
2019-10-07 05:45,20,11,9,4,4,0
2019-10-07 06:00,14,11,3,4,4,0
2019-10-07 06:15,27,16,11,4,4,0
2019-10-07 06:30,52,35,17,4,4,0
2019-10-07 06:45,59,46,13,4,4,0
2019-10-07 07:00,90,68,22,4,4,0
2019-10-07 07:15,161,133,28,4,4,0
2019-10-07 07:30,284,230,54,4,4,0
2019-10-07 07:45,206,135,71,4,4,0
2019-10-07 08:00,134,102,32,4,4,0
2019-10-07 08:15,136,105,31,4,4,0
2019-10-07 08:30,142,110,32,4,4,0
2019-10-07 08:45,161,131,30,4,4,0
2019-10-07 09:00,109,84,25,4,4,0
2019-10-07 09:15,111,83,28,4,4,0
2019-10-07 09:30,105,82,23,4,4,0
2019-10-07 09:45,132,98,34,4,4,0
2019-10-07 10:00,87,61,26,4,4,0
2019-10-07 10:15,91,66,25,4,4,0
2019-10-07 10:30,99,66,33,4,4,0
2019-10-07 10:45,105,67,38,4,4,0
2019-10-07 11:00,93,61,32,4,4,0
2019-10-07 11:15,97,58,39,4,4,0
2019-10-07 11:30,115,67,48,4,4,0
2019-10-07 11:45,86,53,33,4,4,0
2019-10-07 12:00,118,68,50,4,4,0
2019-10-07 12:15,130,65,65,4,4,0
2019-10-07 12:30,147,65,82,4,4,0
2019-10-07 12:45,132,68,64,4,4,0
2019-10-07 13:00,149,73,76,4,4,0
2019-10-07 13:15,144,57,87,4,4,0
2019-10-07 13:30,108,70,38,4,4,0
2019-10-07 13:45,127,66,61,4,4,0
2019-10-07 14:00,129,62,67,4,4,0
2019-10-07 14:15,151,73,78,4,4,0
2019-10-07 14:30,120,72,48,4,4,0
2019-10-07 14:45,152,75,77,4,4,0
2019-10-07 15:00,155,74,81,4,4,0
2019-10-07 15:15,171,89,82,4,4,0
2019-10-07 15:30,170,76,94,4,4,0
2019-10-07 15:45,194,87,107,4,4,0
2019-10-07 16:00,202,89,113,4,4,0
2019-10-07 16:15,197,90,107,4,4,0
2019-10-07 16:30,181,86,95,4,4,0
2019-10-07 16:45,205,102,103,4,4,0
2019-10-07 17:00,185,88,97,4,4,0
2019-10-07 17:15,193,95,98,4,4,0
2019-10-07 17:30,180,87,93,4,4,0
2019-10-07 17:45,188,88,100,4,4,0
2019-10-07 18:00,162,82,80,4,4,0
2019-10-07 18:15,154,70,84,4,4,0
2019-10-07 18:30,146,66,80,4,4,0
2019-10-07 18:45,160,69,91,4,4,0
2019-10-07 19:00,120,50,70,4,4,0
2019-10-07 19:15,114,55,59,4,4,0
2019-10-07 19:30,84,41,43,4,4,0
2019-10-07 19:45,115,42,73,4,4,0
2019-10-07 20:00,119,41,78,4,4,0
2019-10-07 20:15,66,36,30,4,4,0
2019-10-07 20:30,53,23,30,4,4,0
2019-10-07 20:45,53,20,33,4,4,0
2019-10-07 21:00,50,27,23,4,4,0
2019-10-07 21:15,53,27,26,4,4,0
2019-10-07 21:30,43,18,25,4,4,0
2019-10-07 21:45,52,18,34,4,4,0
2019-10-07 22:00,49,18,31,4,4,0
2019-10-07 22:15,47,18,29,4,4,0
2019-10-07 22:30,38,14,24,4,4,0
2019-10-07 22:45,34,12,22,4,4,0
2019-10-07 23:00,20,9,11,4,4,0
2019-10-07 23:15,19,10,9,4,4,0
2019-10-07 23:30,27,13,14,4,4,0
2019-10-07 23:45,14,2,12,4,4,0
2019-10-08 00:00,9,5,4,4,4,0
2019-10-08 00:15,5,3,2,4,4,0
2019-10-08 00:30,9,4,5,4,4,0
2019-10-08 00:45,6,3,3,4,4,0
2019-10-08 01:00,10,1,9,4,4,0
2019-10-08 01:15,6,2,4,4,4,0
2019-10-08 01:30,4,2,2,4,4,0
2019-10-08 01:45,3,1,2,4,4,0
2019-10-08 02:00,3,1,2,4,4,0
2019-10-08 02:15,2,1,1,4,4,0
2019-10-08 02:30,1,0,1,4,4,0
2019-10-08 02:45,2,1,1,4,4,0
2019-10-08 03:00,2,1,1,4,4,0
2019-10-08 03:15,1,0,1,4,4,0
2019-10-08 03:30,1,1,0,4,4,0
2019-10-08 03:45,1,1,0,4,4,0
2019-10-08 04:00,0,0,0,4,4,0
2019-10-08 04:15,2,0,2,4,4,0
2019-10-08 04:30,1,1,0,4,4,0
2019-10-08 04:45,2,1,1,4,4,0
2019-10-08 05:00,1,1,0,4,4,0
2019-10-08 05:15,5,3,2,4,4,0
2019-10-08 05:30,13,11,2,4,4,0
2019-10-08 05:45,18,10,8,4,4,0
2019-10-08 06:00,17,11,6,4,4,0
2019-10-08 06:15,29,19,10,4,4,0
2019-10-08 06:30,43,28,15,4,4,0
2019-10-08 06:45,69,52,17,4,4,0
2019-10-08 07:00,88,64,24,4,4,0
2019-10-08 07:15,175,140,35,4,4,0
2019-10-08 07:30,280,236,44,4,4,0
2019-10-08 07:45,196,132,64,4,4,0
2019-10-08 08:00,133,108,25,4,4,0
2019-10-08 08:15,155,122,33,4,4,0
2019-10-08 08:30,149,114,35,4,4,0
2019-10-08 08:45,156,131,25,4,4,0
2019-10-08 09:00,109,83,26,4,4,0
2019-10-08 09:15,99,86,13,4,4,0
2019-10-08 09:30,110,85,25,4,4,0
2019-10-08 09:45,130,105,25,4,4,0
2019-10-08 10:00,80,61,19,4,4,0
2019-10-08 10:15,85,64,21,4,4,0
2019-10-08 10:30,97,77,20,4,4,0
2019-10-08 10:45,101,80,21,4,4,0
2019-10-08 11:00,86,70,16,4,4,0
2019-10-08 11:15,80,54,26,4,4,0
2019-10-08 11:30,93,55,38,4,4,0
2019-10-08 11:45,98,63,35,4,4,0
2019-10-08 12:00,115,64,51,4,4,0
2019-10-08 12:15,113,64,49,4,4,0
2019-10-08 12:30,140,73,67,4,4,0
2019-10-08 12:45,131,74,57,4,4,0
2019-10-08 13:00,126,62,64,4,4,0
2019-10-08 13:15,158,73,85,4,4,0
2019-10-08 13:30,113,70,43,4,4,0
2019-10-08 13:45,135,76,59,4,4,0
2019-10-08 14:00,151,67,84,4,4,0
2019-10-08 14:15,111,60,51,4,4,0
2019-10-08 14:30,124,71,53,4,4,0
2019-10-08 14:45,129,83,46,4,4,0
2019-10-08 15:00,133,71,62,4,4,0
2019-10-08 15:15,124,75,49,4,4,0
2019-10-08 15:30,162,90,72,4,4,0
2019-10-08 15:45,186,95,91,4,4,0
2019-10-08 16:00,181,91,90,4,4,0
2019-10-08 16:15,194,91,103,4,4,0
2019-10-08 16:30,188,97,91,4,4,0
2019-10-08 16:45,198,104,94,4,4,0
2019-10-08 17:00,180,99,81,4,4,0
2019-10-08 17:15,185,89,96,4,4,0
2019-10-08 17:30,196,96,100,4,4,0
2019-10-08 17:45,204,101,103,4,4,0
2019-10-08 18:00,196,93,103,4,4,0
2019-10-08 18:15,174,78,96,4,4,0
2019-10-08 18:30,131,57,74,4,4,0
2019-10-08 18:45,147,67,80,4,4,0
2019-10-08 19:00,119,56,63,4,4,0
2019-10-08 19:15,129,63,66,4,4,0
2019-10-08 19:30,112,57,55,4,4,0
2019-10-08 19:45,127,51,76,4,4,0
2019-10-08 20:00,89,41,48,4,4,0
2019-10-08 20:15,71,34,37,4,4,0
2019-10-08 20:30,46,20,26,4,4,0
2019-10-08 20:45,58,24,34,4,4,0
2019-10-08 21:00,49,28,21,4,4,0
2019-10-08 21:15,54,25,29,4,4,0
2019-10-08 21:30,70,25,45,4,4,0
2019-10-08 21:45,59,28,31,4,4,0
2019-10-08 22:00,44,22,22,4,4,0
2019-10-08 22:15,54,21,33,4,4,0
2019-10-08 22:30,41,17,24,4,4,0
2019-10-08 22:45,43,17,26,4,4,0
2019-10-08 23:00,33,12,21,4,4,0
2019-10-08 23:15,16,8,8,4,4,0
2019-10-08 23:30,20,9,11,4,4,0
2019-10-08 23:45,19,10,9,4,4,0
2019-10-09 00:00,14,4,10,4,4,0
2019-10-09 00:15,18,5,13,4,4,0
2019-10-09 00:30,11,4,7,4,4,0
2019-10-09 00:45,7,2,5,4,4,0
2019-10-09 01:00,5,3,2,4,4,0
2019-10-09 01:15,3,1,2,4,4,0
2019-10-09 01:30,5,4,1,4,4,0
2019-10-09 01:45,7,3,4,4,4,0
2019-10-09 02:00,2,1,1,4,4,0
2019-10-09 02:15,2,1,1,4,4,0
2019-10-09 02:30,2,1,1,4,4,0
2019-10-09 02:45,4,2,2,4,4,0
2019-10-09 03:00,2,1,1,4,4,0
2019-10-09 03:15,4,1,3,4,4,0
2019-10-09 03:30,1,1,0,4,4,0
2019-10-09 03:45,1,1,0,4,4,0
2019-10-09 04:00,0,0,0,4,4,0
2019-10-09 04:15,2,1,1,4,4,0
2019-10-09 04:30,1,1,0,4,4,0
2019-10-09 04:45,3,2,1,4,4,0
2019-10-09 05:00,1,1,0,4,4,0
2019-10-09 05:15,3,3,0,4,4,0
2019-10-09 05:30,11,8,3,4,4,0
2019-10-09 05:45,18,12,6,4,4,0
2019-10-09 06:00,16,10,6,4,4,0
2019-10-09 06:15,28,17,11,4,4,0
2019-10-09 06:30,49,30,19,4,4,0
2019-10-09 06:45,59,38,21,4,4,0
2019-10-09 07:00,93,70,23,4,4,0
2019-10-09 07:15,185,142,43,4,4,0
2019-10-09 07:30,285,231,54,4,4,0
2019-10-09 07:45,207,133,74,4,4,0
2019-10-09 08:00,161,120,41,4,4,0
2019-10-09 08:15,158,120,38,4,4,0
2019-10-09 08:30,145,106,39,4,4,0
2019-10-09 08:45,172,131,41,4,4,0
2019-10-09 09:00,114,89,25,4,4,0
2019-10-09 09:15,138,112,26,4,4,0
2019-10-09 09:30,120,93,27,4,4,0
2019-10-09 09:45,148,110,38,4,4,0
2019-10-09 10:00,140,97,43,4,4,0
2019-10-09 10:15,118,90,28,4,4,0
2019-10-09 10:30,122,92,30,4,4,0
2019-10-09 10:45,135,89,46,4,4,0
2019-10-09 11:00,125,90,35,4,4,0
2019-10-09 11:15,123,86,37,4,4,0
2019-10-09 11:30,140,94,46,4,4,0
2019-10-09 11:45,147,87,60,4,4,0
2019-10-09 12:00,142,86,56,4,4,0
2019-10-09 12:15,153,93,60,4,4,0
2019-10-09 12:30,153,75,78,4,4,0
2019-10-09 12:45,169,82,87,4,4,0
2019-10-09 13:00,174,88,86,4,4,0
2019-10-09 13:15,142,68,74,4,4,0
2019-10-09 13:30,151,69,82,4,4,0
2019-10-09 13:45,136,69,67,4,4,0
2019-10-09 14:00,154,66,88,4,4,0
2019-10-09 14:15,139,62,77,4,4,0
2019-10-09 14:30,111,55,56,4,4,0
2019-10-09 14:45,137,76,61,4,4,0
2019-10-09 15:00,138,73,65,4,4,0
2019-10-09 15:15,89,59,30,4,4,0
2019-10-09 15:30,123,62,61,4,4,0
2019-10-09 15:45,173,83,90,4,4,0
2019-10-09 16:00,196,80,116,4,4,0
2019-10-09 16:15,147,72,75,4,4,0
2019-10-09 16:30,157,84,73,4,4,0
2019-10-09 16:45,177,84,93,4,4,0
2019-10-09 17:00,156,77,79,4,4,0
2019-10-09 17:15,181,77,104,4,4,0
2019-10-09 17:30,158,72,86,4,4,0
2019-10-09 17:45,183,87,96,4,4,0
2019-10-09 18:00,169,56,113,4,4,0
2019-10-09 18:15,146,62,84,4,4,0
2019-10-09 18:30,130,49,81,4,4,0
2019-10-09 18:45,145,57,88,4,4,0
2019-10-09 19:00,125,44,81,4,4,0
2019-10-09 19:15,118,53,65,4,4,0
2019-10-09 19:30,76,43,33,4,4,0
2019-10-09 19:45,91,41,50,4,4,0
2019-10-09 20:00,87,39,48,4,4,0
2019-10-09 20:15,64,23,41,4,4,0
2019-10-09 20:30,53,21,32,4,4,0
2019-10-09 20:45,56,24,32,4,4,0
2019-10-09 21:00,60,20,40,4,4,0
2019-10-09 21:15,53,26,27,4,4,0
2019-10-09 21:30,59,13,46,4,4,0
2019-10-09 21:45,46,18,28,4,4,0
2019-10-09 22:00,40,19,21,4,4,0
2019-10-09 22:15,64,27,37,4,4,0
2019-10-09 22:30,50,16,34,4,4,0
2019-10-09 22:45,38,16,22,4,4,0
2019-10-09 23:00,28,14,14,4,4,0
2019-10-09 23:15,24,8,16,4,4,0
2019-10-09 23:30,21,12,9,4,4,0
2019-10-09 23:45,19,10,9,4,4,0
2019-10-10 00:00,19,11,8,0,0,0
2019-10-10 00:15,11,4,7,0,0,0
2019-10-10 00:30,9,2,7,0,0,0
2019-10-10 00:45,20,14,6,0,0,0
2019-10-10 01:00,9,3,6,0,0,0
2019-10-10 01:15,7,3,4,0,0,0
2019-10-10 01:30,5,2,3,0,0,0
2019-10-10 01:45,17,1,16,0,0,0
2019-10-10 02:00,5,0,5,0,0,0
2019-10-10 02:15,10,2,8,0,0,0
2019-10-10 02:30,3,0,3,0,0,0
2019-10-10 02:45,5,1,4,0,0,0
2019-10-10 03:00,4,1,3,0,0,0
2019-10-10 03:15,4,0,4,0,0,0
2019-10-10 03:30,4,2,2,0,0,0
2019-10-10 03:45,0,0,0,0,0,0
2019-10-10 04:00,0,0,0,0,0,0
2019-10-10 04:15,6,1,5,0,0,0
2019-10-10 04:30,2,1,1,0,0,0
2019-10-10 04:45,5,4,1,0,0,0
2019-10-10 05:00,1,0,1,0,0,0
2019-10-10 05:15,4,2,2,0,0,0
2019-10-10 05:30,12,8,4,0,0,0
2019-10-10 05:45,15,9,6,0,0,0
2019-10-10 06:00,21,16,5,0,0,0
2019-10-10 06:15,12,7,5,0,0,0
2019-10-10 06:30,46,32,14,0,0,0
2019-10-10 06:45,55,37,18,0,0,0
2019-10-10 07:00,79,40,39,0,0,0
2019-10-10 07:15,153,118,35,0,0,0
2019-10-10 07:30,291,234,57,0,0,0
2019-10-10 07:45,275,203,72,0,0,0
2019-10-10 08:00,164,134,30,0,0,0
2019-10-10 08:15,165,121,44,0,0,0
2019-10-10 08:30,147,118,29,0,0,0
2019-10-10 08:45,176,139,37,0,0,0
2019-10-10 09:00,109,81,28,0,0,0
2019-10-10 09:15,110,82,28,0,0,0
2019-10-10 09:30,129,103,26,0,0,0
2019-10-10 09:45,142,120,22,0,0,0
2019-10-10 10:00,125,81,44,0,0,0
2019-10-10 10:15,84,62,22,0,0,0
2019-10-10 10:30,85,62,23,0,0,0
2019-10-10 10:45,93,64,29,0,0,0
2019-10-10 11:00,78,48,30,0,0,0
2019-10-10 11:15,101,60,41,0,0,0
2019-10-10 11:30,127,76,51,0,0,0
2019-10-10 11:45,152,97,55,0,0,0
2019-10-10 12:00,130,66,64,0,0,0
2019-10-10 12:15,118,54,64,0,0,0
2019-10-10 12:30,133,61,72,0,0,0
2019-10-10 12:45,123,65,58,0,0,0
2019-10-10 13:00,146,74,72,0,0,0
2019-10-10 13:15,129,60,69,0,0,0
2019-10-10 13:30,129,56,73,0,0,0
2019-10-10 13:45,156,93,63,0,0,0
2019-10-10 14:00,121,39,82,0,0,0
2019-10-10 14:15,137,73,64,0,0,0
2019-10-10 14:30,128,78,50,0,0,0
2019-10-10 14:45,115,59,56,0,0,0
2019-10-10 15:00,135,58,77,0,0,0
2019-10-10 15:15,117,61,56,0,0,0
2019-10-10 15:30,157,87,70,0,0,0
2019-10-10 15:45,210,116,94,0,0,0
2019-10-10 16:00,209,103,106,0,0,0
2019-10-10 16:15,222,106,116,0,0,0
2019-10-10 16:30,163,87,76,0,0,0
2019-10-10 16:45,184,80,104,0,0,0
2019-10-10 17:00,215,111,104,0,0,0
2019-10-10 17:15,176,87,89,0,0,0
2019-10-10 17:30,205,100,105,0,0,0
2019-10-10 17:45,196,95,101,0,0,0
2019-10-10 18:00,156,69,87,0,0,0
2019-10-10 18:15,155,60,95,0,0,0
2019-10-10 18:30,145,56,89,0,0,0
2019-10-10 18:45,163,88,75,0,0,0
2019-10-10 19:00,130,65,65,0,0,0
2019-10-10 19:15,112,60,52,0,0,0
2019-10-10 19:30,98,48,50,0,0,0
2019-10-10 19:45,129,59,70,0,0,0
2019-10-10 20:00,106,52,54,0,0,0
2019-10-10 20:15,70,33,37,0,0,0
2019-10-10 20:30,47,27,20,0,0,0
2019-10-10 20:45,53,20,33,0,0,0
2019-10-10 21:00,54,20,34,0,0,0
2019-10-10 21:15,51,31,20,0,0,0
2019-10-10 21:30,60,30,30,0,0,0
2019-10-10 21:45,44,15,29,0,0,0
2019-10-10 22:00,67,28,39,0,0,0
2019-10-10 22:15,36,13,23,0,0,0
2019-10-10 22:30,45,24,21,0,0,0
2019-10-10 22:45,55,30,25,0,0,0
2019-10-10 23:00,45,23,22,0,0,0
2019-10-10 23:15,24,7,17,0,0,0
2019-10-10 23:30,18,6,12,0,0,0
2019-10-10 23:45,21,5,16,0,0,0
2019-10-11 00:00,21,12,9,0,0,0
2019-10-11 00:15,11,4,7,0,0,0
2019-10-11 00:30,9,6,3,0,0,0
2019-10-11 00:45,23,12,11,0,0,0
2019-10-11 01:00,13,7,6,0,0,0
2019-10-11 01:15,7,2,5,0,0,0
2019-10-11 01:30,9,3,6,0,0,0
2019-10-11 01:45,14,6,8,0,0,0
2019-10-11 02:00,8,2,6,0,0,0
2019-10-11 02:15,8,1,7,0,0,0
2019-10-11 02:30,1,0,1,0,0,0
2019-10-11 02:45,3,0,3,0,0,0
2019-10-11 03:00,4,0,4,0,0,0
2019-10-11 03:15,2,0,2,0,0,0
2019-10-11 03:30,0,0,0,0,0,0
2019-10-11 03:45,3,1,2,0,0,0
2019-10-11 04:00,1,0,1,0,0,0
2019-10-11 04:15,5,2,3,0,0,0
2019-10-11 04:30,2,1,1,0,0,0
2019-10-11 04:45,4,2,2,0,0,0
2019-10-11 05:00,1,0,1,0,0,0
2019-10-11 05:15,1,1,0,0,0,0
2019-10-11 05:30,17,13,4,0,0,0
2019-10-11 05:45,15,8,7,0,0,0
2019-10-11 06:00,13,9,4,0,0,0
2019-10-11 06:15,17,12,5,0,0,0
2019-10-11 06:30,50,31,19,0,0,0
2019-10-11 06:45,50,38,12,0,0,0
2019-10-11 07:00,67,46,21,0,0,0
2019-10-11 07:15,159,122,37,0,0,0
2019-10-11 07:30,290,242,48,0,0,0
2019-10-11 07:45,176,127,49,0,0,0
2019-10-11 08:00,142,109,33,0,0,0
2019-10-11 08:15,120,94,26,0,0,0
2019-10-11 08:30,129,94,35,0,0,0
2019-10-11 08:45,150,109,41,0,0,0
2019-10-11 09:00,84,68,16,0,0,0
2019-10-11 09:15,85,61,24,0,0,0
2019-10-11 09:30,97,77,20,0,0,0
2019-10-11 09:45,148,113,35,0,0,0
2019-10-11 10:00,73,51,22,0,0,0
2019-10-11 10:15,77,56,21,0,0,0
2019-10-11 10:30,83,58,25,0,0,0
2019-10-11 10:45,86,57,29,0,0,0
2019-10-11 11:00,99,65,34,0,0,0
2019-10-11 11:15,110,65,45,0,0,0
2019-10-11 11:30,115,68,47,0,0,0
2019-10-11 11:45,135,79,56,0,0,0
2019-10-11 12:00,141,75,66,0,0,0
2019-10-11 12:15,112,50,62,0,0,0
2019-10-11 12:30,156,77,79,0,0,0
2019-10-11 12:45,126,72,54,0,0,0
2019-10-11 13:00,142,61,81,0,0,0
2019-10-11 13:15,141,60,81,0,0,0
2019-10-11 13:30,113,53,60,0,0,0
2019-10-11 13:45,140,75,65,0,0,0
2019-10-11 14:00,155,59,96,0,0,0
2019-10-11 14:15,126,65,61,0,0,0
2019-10-11 14:30,136,77,59,0,0,0
2019-10-11 14:45,125,62,63,0,0,0
2019-10-11 15:00,146,85,61,0,0,0
2019-10-11 15:15,153,93,60,0,0,0
2019-10-11 15:30,146,72,74,0,0,0
2019-10-11 15:45,147,83,64,0,0,0
2019-10-11 16:00,95,50,45,0,0,0
2019-10-11 16:15,151,59,92,0,0,0
2019-10-11 16:30,128,65,63,0,0,0
2019-10-11 16:45,135,74,61,0,0,0
2019-10-11 17:00,139,53,86,0,0,0
2019-10-11 17:15,101,44,57,0,0,0
2019-10-11 17:30,110,56,54,0,0,0
2019-10-11 17:45,120,58,62,0,0,0
2019-10-11 18:00,106,51,55,0,0,0
2019-10-11 18:15,121,52,69,0,0,0
2019-10-11 18:30,102,57,45,0,0,0
2019-10-11 18:45,127,73,54,0,0,0
2019-10-11 19:00,92,48,44,0,0,0
2019-10-11 19:15,108,58,50,0,0,0
2019-10-11 19:30,99,45,54,0,0,0
2019-10-11 19:45,111,61,50,0,0,0
2019-10-11 20:00,80,46,34,0,0,0
2019-10-11 20:15,67,37,30,0,0,0
2019-10-11 20:30,49,25,24,0,0,0
2019-10-11 20:45,56,33,23,0,0,0
2019-10-11 21:00,60,31,29,0,0,0
2019-10-11 21:15,43,21,22,0,0,0
2019-10-11 21:30,42,12,30,0,0,0
2019-10-11 21:45,40,13,27,0,0,0
2019-10-11 22:00,53,30,23,0,0,0
2019-10-11 22:15,34,15,19,0,0,0
2019-10-11 22:30,39,18,21,0,0,0
2019-10-11 22:45,37,19,18,0,0,0
2019-10-11 23:00,46,19,27,0,0,0
2019-10-11 23:15,39,19,20,0,0,0
2019-10-11 23:30,36,21,15,0,0,0
2019-10-11 23:45,38,21,17,0,0,0
2019-10-12 00:00,46,13,33,0,0,0
2019-10-12 00:15,19,9,10,0,0,0
2019-10-12 00:30,31,21,10,0,0,0
2019-10-12 00:45,28,14,14,0,0,0
2019-10-12 01:00,22,5,17,0,0,0
2019-10-12 01:15,27,11,16,0,0,0
2019-10-12 01:30,14,6,8,0,0,0
2019-10-12 01:45,20,10,10,0,0,0
2019-10-12 02:00,11,2,9,0,0,0
2019-10-12 02:15,11,2,9,0,0,0
2019-10-12 02:30,17,4,13,0,0,0
2019-10-12 02:45,5,2,3,0,0,0
2019-10-12 03:00,8,3,5,0,0,0
2019-10-12 03:15,13,3,10,0,0,0
2019-10-12 03:30,5,1,4,0,0,0
2019-10-12 03:45,7,3,4,0,0,0
2019-10-12 04:00,4,1,3,0,0,0
2019-10-12 04:15,4,3,1,0,0,0
2019-10-12 04:30,4,1,3,0,0,0
2019-10-12 04:45,5,1,4,0,0,0
2019-10-12 05:00,1,0,1,0,0,0
2019-10-12 05:15,1,1,0,0,0,0
2019-10-12 05:30,8,4,4,0,0,0
2019-10-12 05:45,12,3,9,0,0,0
2019-10-12 06:00,1,0,1,0,0,0
2019-10-12 06:15,9,7,2,0,0,0
2019-10-12 06:30,3,3,0,0,0,0
2019-10-12 06:45,9,6,3,0,0,0
2019-10-12 07:00,7,5,2,0,0,0
2019-10-12 07:15,14,6,8,0,0,0
2019-10-12 07:30,11,3,8,0,0,0
2019-10-12 07:45,30,23,7,0,0,0
2019-10-12 08:00,26,20,6,0,0,0
2019-10-12 08:15,28,24,4,0,0,0
2019-10-12 08:30,58,45,13,0,0,0
2019-10-12 08:45,82,59,23,0,0,0
2019-10-12 09:00,66,48,18,0,0,0
2019-10-12 09:15,59,52,7,0,0,0
2019-10-12 09:30,83,64,19,0,0,0
2019-10-12 09:45,122,102,20,0,0,0
2019-10-12 10:00,116,91,25,0,0,0
2019-10-12 10:15,121,99,22,0,0,0
2019-10-12 10:30,121,96,25,0,0,0
2019-10-12 10:45,142,111,31,0,0,0
2019-10-12 11:00,136,94,42,0,0,0
2019-10-12 11:15,128,85,43,0,0,0
2019-10-12 11:30,163,123,40,0,0,0
2019-10-12 11:45,137,96,41,0,0,0
2019-10-12 12:00,152,104,48,0,0,0
2019-10-12 12:15,184,121,63,0,0,0
2019-10-12 12:30,171,97,74,0,0,0
2019-10-12 12:45,186,110,76,0,0,0
2019-10-12 13:00,156,91,65,0,0,0
2019-10-12 13:15,166,91,75,0,0,0
2019-10-12 13:30,150,77,73,0,0,0
2019-10-12 13:45,169,94,75,0,0,0
2019-10-12 14:00,138,59,79,0,0,0
2019-10-12 14:15,130,63,67,0,0,0
2019-10-12 14:30,136,61,75,0,0,0
2019-10-12 14:45,142,75,67,0,0,0
2019-10-12 15:00,151,62,89,0,0,0
2019-10-12 15:15,134,60,74,0,0,0
2019-10-12 15:30,132,76,56,0,0,0
2019-10-12 15:45,115,60,55,0,0,0
2019-10-12 16:00,100,47,53,0,0,0
2019-10-12 16:15,103,60,43,0,0,0
2019-10-12 16:30,99,47,52,0,0,0
2019-10-12 16:45,125,57,68,0,0,0
2019-10-12 17:00,122,71,51,0,0,0
2019-10-12 17:15,103,52,51,0,0,0
2019-10-12 17:30,122,57,65,0,0,0
2019-10-12 17:45,135,47,88,0,0,0
2019-10-12 18:00,101,37,64,0,0,0
2019-10-12 18:15,86,35,51,0,0,0
2019-10-12 18:30,93,34,59,0,0,0
2019-10-12 18:45,83,36,47,0,0,0
2019-10-12 19:00,70,33,37,0,0,0
2019-10-12 19:15,70,33,37,0,0,0
2019-10-12 19:30,98,51,47,0,0,0
2019-10-12 19:45,61,33,28,0,0,0
2019-10-12 20:00,79,47,32,0,0,0
2019-10-12 20:15,53,33,20,0,0,0
2019-10-12 20:30,47,26,21,0,0,0
2019-10-12 20:45,43,15,28,0,0,0
2019-10-12 21:00,57,37,20,0,0,0
2019-10-12 21:15,49,23,26,0,0,0
2019-10-12 21:30,40,19,21,0,0,0
2019-10-12 21:45,36,16,20,0,0,0
2019-10-12 22:00,31,17,14,0,0,0
2019-10-12 22:15,30,18,12,0,0,0
2019-10-12 22:30,33,20,13,0,0,0
2019-10-12 22:45,43,22,21,0,0,0
2019-10-12 23:00,47,23,24,0,0,0
2019-10-12 23:15,41,20,21,0,0,0
2019-10-12 23:30,32,15,17,0,0,0
2019-10-12 23:45,38,24,14,0,0,0
2019-10-13 00:00,38,17,21,0,0,0
2019-10-13 00:15,26,9,17,0,0,0
2019-10-13 00:30,24,13,11,0,0,0
2019-10-13 00:45,27,12,15,0,0,0
2019-10-13 01:00,32,19,13,0,0,0
2019-10-13 01:15,31,16,15,0,0,0
2019-10-13 01:30,30,11,19,0,0,0
2019-10-13 01:45,20,11,9,0,0,0
2019-10-13 02:00,23,7,16,0,0,0
2019-10-13 02:15,19,8,11,0,0,0
2019-10-13 02:30,12,3,9,0,0,0
2019-10-13 02:45,14,3,11,0,0,0
2019-10-13 03:00,19,12,7,0,0,0
2019-10-13 03:15,5,0,5,0,0,0
2019-10-13 03:30,5,0,5,0,0,0
2019-10-13 03:45,11,2,9,0,0,0
2019-10-13 04:00,7,0,7,0,0,0
2019-10-13 04:15,12,7,5,0,0,0
2019-10-13 04:30,4,3,1,0,0,0
2019-10-13 04:45,2,0,2,0,0,0
2019-10-13 05:00,3,0,3,0,0,0
2019-10-13 05:15,4,1,3,0,0,0
2019-10-13 05:30,6,4,2,0,0,0
2019-10-13 05:45,11,7,4,0,0,0
2019-10-13 06:00,6,4,2,0,0,0
2019-10-13 06:15,6,5,1,0,0,0
2019-10-13 06:30,4,2,2,0,0,0
2019-10-13 06:45,9,6,3,0,0,0
2019-10-13 07:00,3,2,1,0,0,0
2019-10-13 07:15,4,1,3,0,0,0
2019-10-13 07:30,13,9,4,0,0,0
2019-10-13 07:45,12,9,3,0,0,0
2019-10-13 08:00,8,4,4,0,0,0
2019-10-13 08:15,12,7,5,0,0,0
2019-10-13 08:30,13,10,3,0,0,0
2019-10-13 08:45,28,23,5,0,0,0
2019-10-13 09:00,34,23,11,0,0,0
2019-10-13 09:15,22,16,6,0,0,0
2019-10-13 09:30,44,35,9,0,0,0
2019-10-13 09:45,59,44,15,0,0,0
2019-10-13 10:00,26,22,4,0,0,0
2019-10-13 10:15,34,23,11,0,0,0
2019-10-13 10:30,34,19,15,0,0,0
2019-10-13 10:45,40,27,13,0,0,0
2019-10-13 11:00,46,30,16,0,0,0
2019-10-13 11:15,48,35,13,0,0,0
2019-10-13 11:30,40,23,17,0,0,0
2019-10-13 11:45,55,39,16,0,0,0
2019-10-13 12:00,37,28,9,0,0,0
2019-10-13 12:15,76,48,28,0,0,0
2019-10-13 12:30,55,39,16,0,0,0
2019-10-13 12:45,58,28,30,0,0,0
2019-10-13 13:00,54,25,29,0,0,0
2019-10-13 13:15,47,28,19,0,0,0
2019-10-13 13:30,56,29,27,0,0,0
2019-10-13 13:45,61,34,27,0,0,0
2019-10-13 14:00,81,43,38,0,0,0
2019-10-13 14:15,70,43,27,0,0,0
2019-10-13 14:30,93,54,39,0,0,0
2019-10-13 14:45,92,59,33,0,0,0
2019-10-13 15:00,76,32,44,0,0,0
2019-10-13 15:15,82,50,32,0,0,0
2019-10-13 15:30,80,45,35,0,0,0
2019-10-13 15:45,85,52,33,0,0,0
2019-10-13 16:00,81,37,44,0,0,0
2019-10-13 16:15,88,53,35,0,0,0
2019-10-13 16:30,104,68,36,0,0,0
2019-10-13 16:45,116,46,70,0,0,0
2019-10-13 17:00,108,64,44,0,0,0
2019-10-13 17:15,89,50,39,0,0,0
2019-10-13 17:30,146,62,84,0,0,0
2019-10-13 17:45,103,64,39,0,0,0
2019-10-13 18:00,60,27,33,0,0,0
2019-10-13 18:15,72,37,35,0,0,0
2019-10-13 18:30,67,33,34,0,0,0
2019-10-13 18:45,77,47,30,0,0,0
2019-10-13 19:00,52,23,29,0,0,0
2019-10-13 19:15,64,33,31,0,0,0
2019-10-13 19:30,73,26,47,0,0,0
2019-10-13 19:45,61,37,24,0,0,0
2019-10-13 20:00,58,28,30,0,0,0
2019-10-13 20:15,62,25,37,0,0,0
2019-10-13 20:30,33,18,15,0,0,0
2019-10-13 20:45,41,20,21,0,0,0
2019-10-13 21:00,22,9,13,0,0,0
2019-10-13 21:15,25,8,17,0,0,0
2019-10-13 21:30,25,16,9,0,0,0
2019-10-13 21:45,30,17,13,0,0,0
2019-10-13 22:00,26,10,16,0,0,0
2019-10-13 22:15,16,10,6,0,0,0
2019-10-13 22:30,39,24,15,0,0,0
2019-10-13 22:45,24,7,17,0,0,0
2019-10-13 23:00,13,7,6,0,0,0
2019-10-13 23:15,9,6,3,0,0,0
2019-10-13 23:30,3,1,2,0,0,0
2019-10-13 23:45,9,5,4,0,0,0
2019-10-14 00:00,7,4,3,0,0,0
2019-10-14 00:15,3,1,2,0,0,0
2019-10-14 00:30,1,1,0,0,0,0
2019-10-14 00:45,5,3,2,0,0,0
2019-10-14 01:00,4,0,4,0,0,0
2019-10-14 01:15,2,0,2,0,0,0
2019-10-14 01:30,4,2,2,0,0,0
2019-10-14 01:45,2,1,1,0,0,0
2019-10-14 02:00,0,0,0,0,0,0
2019-10-14 02:15,1,1,0,0,0,0
2019-10-14 02:30,0,0,0,0,0,0
2019-10-14 02:45,3,1,2,0,0,0
2019-10-14 03:00,0,0,0,0,0,0
2019-10-14 03:15,1,0,1,0,0,0
2019-10-14 03:30,1,1,0,0,0,0
2019-10-14 03:45,0,0,0,0,0,0
2019-10-14 04:00,0,0,0,0,0,0
2019-10-14 04:15,1,0,1,0,0,0
2019-10-14 04:30,0,0,0,0,0,0
2019-10-14 04:45,2,1,1,0,0,0
2019-10-14 05:00,1,1,0,0,0,0
2019-10-14 05:15,3,3,0,0,0,0
2019-10-14 05:30,7,7,0,0,0,0
2019-10-14 05:45,12,4,8,0,0,0
2019-10-14 06:00,15,7,8,0,0,0
2019-10-14 06:15,29,17,12,0,0,0
2019-10-14 06:30,48,31,17,0,0,0
2019-10-14 06:45,69,44,25,0,0,0
2019-10-14 07:00,88,59,29,0,0,0
2019-10-14 07:15,95,65,30,0,0,0
2019-10-14 07:30,134,100,34,0,0,0
2019-10-14 07:45,235,174,61,0,0,0
2019-10-14 08:00,178,145,33,0,0,0
2019-10-14 08:15,143,103,40,0,0,0
2019-10-14 08:30,118,85,33,0,0,0
2019-10-14 08:45,146,108,38,0,0,0
2019-10-14 09:00,106,80,26,0,0,0
2019-10-14 09:15,93,75,18,0,0,0
2019-10-14 09:30,141,115,26,0,0,0
2019-10-14 09:45,174,153,21,0,0,0
2019-10-14 10:00,101,79,22,0,0,0
2019-10-14 10:15,104,75,29,0,0,0
2019-10-14 10:30,102,67,35,0,0,0
2019-10-14 10:45,103,65,38,0,0,0
2019-10-14 11:00,70,45,25,0,0,0
2019-10-14 11:15,96,65,31,0,0,0
2019-10-14 11:30,122,83,39,0,0,0
2019-10-14 11:45,196,144,52,0,0,0
2019-10-14 12:00,160,114,46,0,0,0
2019-10-14 12:15,138,78,60,0,0,0
2019-10-14 12:30,148,67,81,0,0,0
2019-10-14 12:45,123,64,59,0,0,0
2019-10-14 13:00,127,77,50,0,0,0
2019-10-14 13:15,138,50,88,0,0,0
2019-10-14 13:30,125,73,52,0,0,0
2019-10-14 13:45,150,80,70,0,0,0
2019-10-14 14:00,149,64,85,0,0,0
2019-10-14 14:15,117,58,59,0,0,0
2019-10-14 14:30,137,80,57,0,0,0
2019-10-14 14:45,158,88,70,0,0,0
2019-10-14 15:00,129,69,60,0,0,0
2019-10-14 15:15,155,79,76,0,0,0
2019-10-14 15:30,178,102,76,0,0,0
2019-10-14 15:45,201,110,91,0,0,0
2019-10-14 16:00,204,101,103,0,0,0
2019-10-14 16:15,194,80,114,0,0,0
2019-10-14 16:30,170,78,92,0,0,0
2019-10-14 16:45,194,94,100,0,0,0
2019-10-14 17:00,155,70,85,0,0,0
2019-10-14 17:15,180,76,104,0,0,0
2019-10-14 17:30,251,109,142,0,0,0
2019-10-14 17:45,229,98,131,0,0,0
2019-10-14 18:00,192,75,117,0,0,0
2019-10-14 18:15,150,53,97,0,0,0
2019-10-14 18:30,116,46,70,0,0,0
2019-10-14 18:45,135,68,67,0,0,0
2019-10-14 19:00,105,38,67,0,0,0
2019-10-14 19:15,104,47,57,0,0,0
2019-10-14 19:30,116,46,70,0,0,0
2019-10-14 19:45,105,47,58,0,0,0
2019-10-14 20:00,98,32,66,0,0,0
2019-10-14 20:15,89,31,58,0,0,0
2019-10-14 20:30,71,28,43,0,0,0
2019-10-14 20:45,48,27,21,0,0,0
2019-10-14 21:00,50,29,21,0,0,0
2019-10-14 21:15,35,21,14,0,0,0
2019-10-14 21:30,40,19,21,0,0,0
2019-10-14 21:45,50,25,25,0,0,0
2019-10-14 22:00,52,17,35,0,0,0
2019-10-14 22:15,50,23,27,0,0,0
2019-10-14 22:30,45,27,18,0,0,0
2019-10-14 22:45,33,15,18,0,0,0
2019-10-14 23:00,49,41,8,0,0,0
2019-10-14 23:15,25,10,15,0,0,0
2019-10-14 23:30,15,9,6,0,0,0
2019-10-14 23:45,21,8,13,0,0,0
2019-10-15 00:00,9,6,3,0,0,0
2019-10-15 00:15,12,9,3,0,0,0
2019-10-15 00:30,7,3,4,0,0,0
2019-10-15 00:45,8,2,6,0,0,0
2019-10-15 01:00,3,1,2,0,0,0
2019-10-15 01:15,7,5,2,0,0,0
2019-10-15 01:30,3,0,3,0,0,0
2019-10-15 01:45,5,4,1,0,0,0
2019-10-15 02:00,2,0,2,0,0,0
2019-10-15 02:15,2,0,2,0,0,0
2019-10-15 02:30,0,0,0,0,0,0
2019-10-15 02:45,2,0,2,0,0,0
2019-10-15 03:00,3,0,3,0,0,0
2019-10-15 03:15,0,0,0,0,0,0
2019-10-15 03:30,2,2,0,0,0,0
2019-10-15 03:45,1,0,1,0,0,0
2019-10-15 04:00,0,0,0,0,0,0
2019-10-15 04:15,0,0,0,0,0,0
2019-10-15 04:30,0,0,0,0,0,0
2019-10-15 04:45,4,2,2,0,0,0
2019-10-15 05:00,0,0,0,0,0,0
2019-10-15 05:15,10,10,0,0,0,0
2019-10-15 05:30,10,7,3,0,0,0
2019-10-15 05:45,22,12,10,0,0,0
2019-10-15 06:00,12,8,4,0,0,0
2019-10-15 06:15,36,22,14,0,0,0
2019-10-15 06:30,54,35,19,0,0,0
2019-10-15 06:45,75,51,24,0,0,0
2019-10-15 07:00,68,43,25,0,0,0
2019-10-15 07:15,107,64,43,0,0,0
2019-10-15 07:30,117,88,29,0,0,0
2019-10-15 07:45,234,190,44,0,0,0
2019-10-15 08:00,188,160,28,0,0,0
2019-10-15 08:15,135,100,35,0,0,0
2019-10-15 08:30,152,113,39,0,0,0
2019-10-15 08:45,176,137,39,0,0,0
2019-10-15 09:00,81,60,21,0,0,0
2019-10-15 09:15,93,77,16,0,0,0
2019-10-15 09:30,115,97,18,0,0,0
2019-10-15 09:45,213,171,42,0,0,0
2019-10-15 10:00,141,103,38,0,0,0
2019-10-15 10:15,93,64,29,0,0,0
2019-10-15 10:30,96,73,23,0,0,0
2019-10-15 10:45,103,63,40,0,0,0
2019-10-15 11:00,126,84,42,0,0,0
2019-10-15 11:15,109,73,36,0,0,0
2019-10-15 11:30,122,72,50,0,0,0
2019-10-15 11:45,149,91,58,0,0,0
2019-10-15 12:00,163,97,66,0,0,0
2019-10-15 12:15,133,75,58,0,0,0
2019-10-15 12:30,128,71,57,0,0,0
2019-10-15 12:45,128,63,65,0,0,0
2019-10-15 13:00,146,81,65,0,0,0
2019-10-15 13:15,132,78,54,0,0,0
2019-10-15 13:30,120,65,55,0,0,0
2019-10-15 13:45,161,87,74,0,0,0
2019-10-15 14:00,139,65,74,0,0,0
2019-10-15 14:15,119,60,59,0,0,0
2019-10-15 14:30,114,62,52,0,0,0
2019-10-15 14:45,145,83,62,0,0,0
2019-10-15 15:00,133,76,57,0,0,0
2019-10-15 15:15,142,77,65,0,0,0
2019-10-15 15:30,141,76,65,0,0,0
2019-10-15 15:45,232,127,105,0,0,0
2019-10-15 16:00,222,98,124,0,0,0
2019-10-15 16:15,142,66,76,0,0,0
2019-10-15 16:30,188,91,97,0,0,0
2019-10-15 16:45,166,70,96,0,0,0
2019-10-15 17:00,160,79,81,0,0,0
2019-10-15 17:15,175,64,111,0,0,0
2019-10-15 17:30,163,78,85,0,0,0
2019-10-15 17:45,187,66,121,0,0,0
2019-10-15 18:00,167,56,111,0,0,0
2019-10-15 18:15,139,59,80,0,0,0
2019-10-15 18:30,136,57,79,0,0,0
2019-10-15 18:45,103,44,59,0,0,0
2019-10-15 19:00,94,45,49,0,0,0
2019-10-15 19:15,93,45,48,0,0,0
2019-10-15 19:30,82,33,49,0,0,0
2019-10-15 19:45,103,32,71,0,0,0
2019-10-15 20:00,61,25,36,0,0,0
2019-10-15 20:15,75,27,48,0,0,0
2019-10-15 20:30,58,27,31,0,0,0
2019-10-15 20:45,41,18,23,0,0,0
2019-10-15 21:00,42,15,27,0,0,0
2019-10-15 21:15,55,19,36,0,0,0
2019-10-15 21:30,28,10,18,0,0,0
2019-10-15 21:45,38,22,16,0,0,0
2019-10-15 22:00,31,19,12,0,0,0
2019-10-15 22:15,35,13,22,0,0,0
2019-10-15 22:30,35,12,23,0,0,0
2019-10-15 22:45,42,19,23,0,0,0
2019-10-15 23:00,46,29,17,0,0,0
2019-10-15 23:15,22,15,7,0,0,0
2019-10-15 23:30,20,14,6,0,0,0
2019-10-15 23:45,12,5,7,0,0,0
2019-10-16 00:00,6,3,3,0,0,0
2019-10-16 00:15,10,2,8,0,0,0
2019-10-16 00:30,2,1,1,0,0,0
2019-10-16 00:45,12,1,11,0,0,0
2019-10-16 01:00,4,0,4,0,0,0
2019-10-16 01:15,3,1,2,0,0,0
2019-10-16 01:30,6,2,4,0,0,0
2019-10-16 01:45,5,0,5,0,0,0
2019-10-16 02:00,1,0,1,0,0,0
2019-10-16 02:15,0,0,0,0,0,0
2019-10-16 02:30,0,0,0,0,0,0
2019-10-16 02:45,2,2,0,0,0,0
2019-10-16 03:00,2,0,2,0,0,0
2019-10-16 03:15,0,0,0,0,0,0
2019-10-16 03:30,2,2,0,0,0,0
2019-10-16 03:45,0,0,0,0,0,0
2019-10-16 04:00,3,2,1,0,0,0
2019-10-16 04:15,1,1,0,0,0,0
2019-10-16 04:30,1,1,0,0,0,0
2019-10-16 04:45,2,1,1,0,0,0
2019-10-16 05:00,0,0,0,0,0,0
2019-10-16 05:15,1,1,0,0,0,0
2019-10-16 05:30,10,8,2,0,0,0
2019-10-16 05:45,16,8,8,0,0,0
2019-10-16 06:00,15,6,9,0,0,0
2019-10-16 06:15,16,11,5,0,0,0
2019-10-16 06:30,42,27,15,0,0,0
2019-10-16 06:45,53,35,18,0,0,0
2019-10-16 07:00,70,46,24,0,0,0
2019-10-16 07:15,95,62,33,0,0,0
2019-10-16 07:30,112,88,24,0,0,0
2019-10-16 07:45,233,174,59,0,0,0
2019-10-16 08:00,177,149,28,0,0,0
2019-10-16 08:15,138,97,41,0,0,0
2019-10-16 08:30,117,90,27,0,0,0
2019-10-16 08:45,139,107,32,0,0,0
2019-10-16 09:00,116,85,31,0,0,0
2019-10-16 09:15,103,76,27,0,0,0
2019-10-16 09:30,101,79,22,0,0,0
2019-10-16 09:45,213,171,42,0,0,0
2019-10-16 10:00,144,106,38,0,0,0
2019-10-16 10:15,108,78,30,0,0,0
2019-10-16 10:30,79,55,24,0,0,0
2019-10-16 10:45,126,84,42,0,0,0
2019-10-16 11:00,112,69,43,0,0,0
2019-10-16 11:15,112,68,44,0,0,0
2019-10-16 11:30,121,78,43,0,0,0
2019-10-16 11:45,166,113,53,0,0,0
2019-10-16 12:00,153,94,59,0,0,0
2019-10-16 12:15,133,81,52,0,0,0
2019-10-16 12:30,133,73,60,0,0,0
2019-10-16 12:45,150,72,78,0,0,0
2019-10-16 13:00,136,67,69,0,0,0
2019-10-16 13:15,115,50,65,0,0,0
2019-10-16 13:30,131,68,63,0,0,0
2019-10-16 13:45,156,85,71,0,0,0
2019-10-16 14:00,125,57,68,0,0,0
2019-10-16 14:15,142,66,76,0,0,0
2019-10-16 14:30,113,49,64,0,0,0
2019-10-16 14:45,139,62,77,0,0,0
2019-10-16 15:00,116,63,53,0,0,0
2019-10-16 15:15,126,55,71,0,0,0
2019-10-16 15:30,142,73,69,0,0,0
2019-10-16 15:45,221,97,124,0,0,0
2019-10-16 16:00,170,64,106,0,0,0
2019-10-16 16:15,150,77,73,0,0,0
2019-10-16 16:30,183,86,97,0,0,0
2019-10-16 16:45,164,89,75,0,0,0
2019-10-16 17:00,161,64,97,0,0,0
2019-10-16 17:15,148,80,68,0,0,0
2019-10-16 17:30,166,83,83,0,0,0
2019-10-16 17:45,153,66,87,0,0,0
2019-10-16 18:00,146,53,93,0,0,0
2019-10-16 18:15,163,78,85,0,0,0
2019-10-16 18:30,120,53,67,0,0,0
2019-10-16 18:45,123,59,64,0,0,0
2019-10-16 19:00,103,44,59,0,0,0
2019-10-16 19:15,103,45,58,0,0,0
2019-10-16 19:30,77,33,44,0,0,0
2019-10-16 19:45,100,44,56,0,0,0
2019-10-16 20:00,86,46,40,0,0,0
2019-10-16 20:15,68,33,35,0,0,0
2019-10-16 20:30,46,22,24,0,0,0
2019-10-16 20:45,62,35,27,0,0,0
2019-10-16 21:00,64,38,26,0,0,0
2019-10-16 21:15,56,30,26,0,0,0
2019-10-16 21:30,41,27,14,0,0,0
2019-10-16 21:45,57,28,29,0,0,0
2019-10-16 22:00,81,46,35,0,0,0
2019-10-16 22:15,64,25,39,0,0,0
2019-10-16 22:30,54,26,28,0,0,0
2019-10-16 22:45,22,9,13,0,0,0
2019-10-16 23:00,44,24,20,0,0,0
2019-10-16 23:15,39,20,19,0,0,0
2019-10-16 23:30,25,10,15,0,0,0
2019-10-16 23:45,22,6,16,0,0,0
2019-10-17 00:00,37,22,15,0,0,0
2019-10-17 00:15,36,27,9,0,0,0
2019-10-17 00:30,19,4,15,0,0,0
2019-10-17 00:45,13,4,9,0,0,0
2019-10-17 01:00,9,0,9,0,0,0
2019-10-17 01:15,7,1,6,0,0,0
2019-10-17 01:30,4,0,4,0,0,0
2019-10-17 01:45,10,2,8,0,0,0
2019-10-17 02:00,11,1,10,0,0,0
2019-10-17 02:15,1,0,1,0,0,0
2019-10-17 02:30,3,1,2,0,0,0
2019-10-17 02:45,10,1,9,0,0,0
2019-10-17 03:00,8,2,6,0,0,0
2019-10-17 03:15,6,2,4,0,0,0
2019-10-17 03:30,6,3,3,0,0,0
2019-10-17 03:45,7,2,5,0,0,0
2019-10-17 04:00,7,0,7,0,0,0
2019-10-17 04:15,4,1,3,0,0,0
2019-10-17 04:30,2,2,0,0,0,0
2019-10-17 04:45,2,0,2,0,0,0
2019-10-17 05:00,0,0,0,0,0,0
2019-10-17 05:15,6,5,1,0,0,0
2019-10-17 05:30,9,5,4,0,0,0
2019-10-17 05:45,15,8,7,0,0,0
2019-10-17 06:00,15,8,7,0,0,0
2019-10-17 06:15,26,17,9,0,0,0
2019-10-17 06:30,40,25,15,0,0,0
2019-10-17 06:45,65,49,16,0,0,0
2019-10-17 07:00,73,49,24,0,0,0
2019-10-17 07:15,91,60,31,0,0,0
2019-10-17 07:30,99,68,31,0,0,0
2019-10-17 07:45,207,166,41,0,0,0
2019-10-17 08:00,168,114,54,0,0,0
2019-10-17 08:15,124,96,28,0,0,0
2019-10-17 08:30,103,80,23,0,0,0
2019-10-17 08:45,132,105,27,0,0,0
2019-10-17 09:00,86,67,19,0,0,0
2019-10-17 09:15,87,66,21,0,0,0
2019-10-17 09:30,98,87,11,0,0,0
2019-10-17 09:45,189,160,29,0,0,0
2019-10-17 10:00,128,98,30,0,0,0
2019-10-17 10:15,71,42,29,0,0,0
2019-10-17 10:30,53,39,14,0,0,0
2019-10-17 10:45,97,69,28,0,0,0
2019-10-17 11:00,78,46,32,0,0,0
2019-10-17 11:15,70,38,32,0,0,0
2019-10-17 11:30,77,47,30,0,0,0
2019-10-17 11:45,129,83,46,0,0,0
2019-10-17 12:00,95,53,42,0,0,0
2019-10-17 12:15,94,50,44,0,0,0
2019-10-17 12:30,86,49,37,0,0,0
2019-10-17 12:45,99,47,52,0,0,0
2019-10-17 13:00,78,39,39,0,0,0
2019-10-17 13:15,84,24,60,0,0,0
2019-10-17 13:30,96,50,46,0,0,0
2019-10-17 13:45,131,84,47,0,0,0
2019-10-17 14:00,113,44,69,0,0,0
2019-10-17 14:15,107,53,54,0,0,0
2019-10-17 14:30,97,59,38,0,0,0
2019-10-17 14:45,111,62,49,0,0,0
2019-10-17 15:00,95,50,45,0,0,0
2019-10-17 15:15,96,49,47,0,0,0
2019-10-17 15:30,150,77,73,0,0,0
2019-10-17 15:45,198,116,82,0,0,0
2019-10-17 16:00,161,91,70,0,0,0
2019-10-17 16:15,173,88,85,0,0,0
2019-10-17 16:30,168,83,85,0,0,0
2019-10-17 16:45,146,64,82,0,0,0
2019-10-17 17:00,155,60,95,0,0,0
2019-10-17 17:15,156,78,78,0,0,0
2019-10-17 17:30,167,76,91,0,0,0
2019-10-17 17:45,178,83,95,0,0,0
2019-10-17 18:00,162,70,92,0,0,0
2019-10-17 18:15,146,57,89,0,0,0
2019-10-17 18:30,146,63,83,0,0,0
2019-10-17 18:45,127,65,62,0,0,0
2019-10-17 19:00,84,29,55,0,0,0
2019-10-17 19:15,97,49,48,0,0,0
2019-10-17 19:30,96,49,47,0,0,0
2019-10-17 19:45,103,63,40,0,0,0
2019-10-17 20:00,80,28,52,0,0,0
2019-10-17 20:15,77,28,49,0,0,0
2019-10-17 20:30,53,26,27,0,0,0
2019-10-17 20:45,44,24,20,0,0,0
2019-10-17 21:00,54,19,35,0,0,0
2019-10-17 21:15,50,23,27,0,0,0
2019-10-17 21:30,48,26,22,0,0,0
2019-10-17 21:45,63,24,39,0,0,0
2019-10-17 22:00,55,33,22,0,0,0
2019-10-17 22:15,35,21,14,0,0,0
2019-10-17 22:30,26,7,19,0,0,0
2019-10-17 22:45,30,16,14,0,0,0
2019-10-17 23:00,28,7,21,0,0,0
2019-10-17 23:15,28,10,18,0,0,0
2019-10-17 23:30,27,8,19,0,0,0
2019-10-17 23:45,27,15,12,0,0,0
2019-10-18 00:00,17,5,12,0,0,0
2019-10-18 00:15,26,21,5,0,0,0
2019-10-18 00:30,10,7,3,0,0,0
2019-10-18 00:45,8,5,3,0,0,0
2019-10-18 01:00,11,4,7,0,0,0
2019-10-18 01:15,10,3,7,0,0,0
2019-10-18 01:30,17,11,6,0,0,0
2019-10-18 01:45,4,3,1,0,0,0
2019-10-18 02:00,3,1,2,0,0,0
2019-10-18 02:15,9,0,9,0,0,0
2019-10-18 02:30,3,1,2,0,0,0
2019-10-18 02:45,4,1,3,0,0,0
2019-10-18 03:00,2,1,1,0,0,0
2019-10-18 03:15,2,0,2,0,0,0
2019-10-18 03:30,1,1,0,0,0,0
2019-10-18 03:45,1,1,0,0,0,0
2019-10-18 04:00,1,0,1,0,0,0
2019-10-18 04:15,4,1,3,0,0,0
2019-10-18 04:30,0,0,0,0,0,0
2019-10-18 04:45,2,2,0,0,0,0
2019-10-18 05:00,1,1,0,0,0,0
2019-10-18 05:15,6,3,3,0,0,0
2019-10-18 05:30,17,14,3,0,0,0
2019-10-18 05:45,14,9,5,0,0,0
2019-10-18 06:00,13,4,9,0,0,0
2019-10-18 06:15,21,12,9,0,0,0
2019-10-18 06:30,37,25,12,0,0,0
2019-10-18 06:45,74,45,29,0,0,0
2019-10-18 07:00,70,45,25,0,0,0
2019-10-18 07:15,73,40,33,0,0,0
2019-10-18 07:30,121,81,40,0,0,0
2019-10-18 07:45,186,148,38,0,0,0
2019-10-18 08:00,118,102,16,0,0,0
2019-10-18 08:15,112,91,21,0,0,0
2019-10-18 08:30,101,73,28,0,0,0
2019-10-18 08:45,139,100,39,0,0,0
2019-10-18 09:00,81,56,25,0,0,0
2019-10-18 09:15,67,46,21,0,0,0
2019-10-18 09:30,94,74,20,0,0,0
2019-10-18 09:45,151,129,22,0,0,0
2019-10-18 10:00,120,94,26,0,0,0
2019-10-18 10:15,101,68,33,0,0,0
2019-10-18 10:30,71,51,20,0,0,0
2019-10-18 10:45,106,77,29,0,0,0
2019-10-18 11:00,82,60,22,0,0,0
2019-10-18 11:15,127,84,43,0,0,0
2019-10-18 11:30,119,77,42,0,0,0
2019-10-18 11:45,142,90,52,0,0,0
2019-10-18 12:00,161,93,68,0,0,0
2019-10-18 12:15,123,53,70,0,0,0
2019-10-18 12:30,120,80,40,0,0,0
2019-10-18 12:45,148,89,59,0,0,0
2019-10-18 13:00,77,35,42,0,0,0
2019-10-18 13:15,108,41,67,0,0,0
2019-10-18 13:30,133,66,67,0,0,0
2019-10-18 13:45,130,70,60,0,0,0
2019-10-18 14:00,149,69,80,0,0,0
2019-10-18 14:15,124,53,71,0,0,0
2019-10-18 14:30,101,50,51,0,0,0
2019-10-18 14:45,111,57,54,0,0,0
2019-10-18 15:00,132,77,55,0,0,0
2019-10-18 15:15,122,57,65,0,0,0
2019-10-18 15:30,111,51,60,0,0,0
2019-10-18 15:45,147,72,75,0,0,0
2019-10-18 16:00,124,62,62,0,0,0
2019-10-18 16:15,106,54,52,0,0,0
2019-10-18 16:30,115,57,58,0,0,0
2019-10-18 16:45,124,68,56,0,0,0
2019-10-18 17:00,133,63,70,0,0,0
2019-10-18 17:15,128,63,65,0,0,0
2019-10-18 17:30,137,67,70,0,0,0
2019-10-18 17:45,135,73,62,0,0,0
2019-10-18 18:00,127,58,69,0,0,0
2019-10-18 18:15,106,45,61,0,0,0
2019-10-18 18:30,118,48,70,0,0,0
2019-10-18 18:45,113,57,56,0,0,0
2019-10-18 19:00,133,69,64,0,0,0
2019-10-18 19:15,124,75,49,0,0,0
2019-10-18 19:30,90,52,38,0,0,0
2019-10-18 19:45,113,66,47,0,0,0
2019-10-18 20:00,69,40,29,0,0,0
2019-10-18 20:15,37,20,17,0,0,0
2019-10-18 20:30,54,34,20,0,0,0
2019-10-18 20:45,51,26,25,0,0,0
2019-10-18 21:00,57,34,23,0,0,0
2019-10-18 21:15,54,36,18,0,0,0
2019-10-18 21:30,49,20,29,0,0,0
2019-10-18 21:45,45,30,15,0,0,0
2019-10-18 22:00,69,36,33,0,0,0
2019-10-18 22:15,50,27,23,0,0,0
2019-10-18 22:30,43,27,16,0,0,0
2019-10-18 22:45,48,18,30,0,0,0
2019-10-18 23:00,33,15,18,0,0,0
2019-10-18 23:15,25,9,16,0,0,0
2019-10-18 23:30,27,9,18,0,0,0
2019-10-18 23:45,21,9,12,0,0,0
2019-10-19 00:00,27,11,16,0,0,0
2019-10-19 00:15,31,18,13,0,0,0
2019-10-19 00:30,15,2,13,0,0,0
2019-10-19 00:45,22,13,9,0,0,0
2019-10-19 01:00,32,16,16,0,0,0
2019-10-19 01:15,34,9,25,0,0,0
2019-10-19 01:30,29,14,15,0,0,0
2019-10-19 01:45,7,0,7,0,0,0
2019-10-19 02:00,22,8,14,0,0,0
2019-10-19 02:15,7,3,4,0,0,0
2019-10-19 02:30,11,7,4,0,0,0
2019-10-19 02:45,11,2,9,0,0,0
2019-10-19 03:00,14,3,11,0,0,0
2019-10-19 03:15,11,2,9,0,0,0
2019-10-19 03:30,10,2,8,0,0,0
2019-10-19 03:45,7,0,7,0,0,0
2019-10-19 04:00,6,1,5,0,0,0
2019-10-19 04:15,7,2,5,0,0,0
2019-10-19 04:30,4,2,2,0,0,0
2019-10-19 04:45,5,4,1,0,0,0
2019-10-19 05:00,0,0,0,0,0,0
2019-10-19 05:15,2,1,1,0,0,0
2019-10-19 05:30,13,7,6,0,0,0
2019-10-19 05:45,14,5,9,0,0,0
2019-10-19 06:00,9,2,7,0,0,0
2019-10-19 06:15,12,9,3,0,0,0
2019-10-19 06:30,10,8,2,0,0,0
2019-10-19 06:45,12,11,1,0,0,0
2019-10-19 07:00,12,8,4,0,0,0
2019-10-19 07:15,8,5,3,0,0,0
2019-10-19 07:30,24,14,10,0,0,0
2019-10-19 07:45,18,14,4,0,0,0
2019-10-19 08:00,21,16,5,0,0,0
2019-10-19 08:15,26,17,9,0,0,0
2019-10-19 08:30,39,32,7,0,0,0
2019-10-19 08:45,62,46,16,0,0,0
2019-10-19 09:00,40,29,11,0,0,0
2019-10-19 09:15,50,38,12,0,0,0
2019-10-19 09:30,74,64,10,0,0,0
2019-10-19 09:45,83,72,11,0,0,0
2019-10-19 10:00,66,48,18,0,0,0
2019-10-19 10:15,82,49,33,0,0,0
2019-10-19 10:30,97,78,19,0,0,0
2019-10-19 10:45,82,56,26,0,0,0
2019-10-19 11:00,81,53,28,0,0,0
2019-10-19 11:15,91,75,16,0,0,0
2019-10-19 11:30,113,83,30,0,0,0
2019-10-19 11:45,103,65,38,0,0,0
2019-10-19 12:00,106,64,42,0,0,0
2019-10-19 12:15,117,79,38,0,0,0
2019-10-19 12:30,100,59,41,0,0,0
2019-10-19 12:45,147,99,48,0,0,0
2019-10-19 13:00,129,79,50,0,0,0
2019-10-19 13:15,135,97,38,0,0,0
2019-10-19 13:30,108,65,43,0,0,0
2019-10-19 13:45,119,68,51,0,0,0
2019-10-19 14:00,99,58,41,0,0,0
2019-10-19 14:15,120,50,70,0,0,0
2019-10-19 14:30,99,48,51,0,0,0
2019-10-19 14:45,106,50,56,0,0,0
2019-10-19 15:00,103,36,67,0,0,0
2019-10-19 15:15,65,17,48,0,0,0
2019-10-19 15:30,55,27,28,0,0,0
2019-10-19 15:45,86,29,57,0,0,0
2019-10-19 16:00,63,20,43,0,0,0
2019-10-19 16:15,61,18,43,0,0,0
2019-10-19 16:30,78,33,45,0,0,0
2019-10-19 16:45,55,25,30,0,0,0
2019-10-19 17:00,67,31,36,0,0,0
2019-10-19 17:15,53,20,33,0,0,0
2019-10-19 17:30,62,36,26,0,0,0
2019-10-19 17:45,71,32,39,0,0,0
2019-10-19 18:00,68,34,34,0,0,0
2019-10-19 18:15,60,35,25,0,0,0
2019-10-19 18:30,55,27,28,0,0,0
2019-10-19 18:45,69,34,35,0,0,0
2019-10-19 19:00,67,36,31,0,0,0
2019-10-19 19:15,40,23,17,0,0,0
2019-10-19 19:30,47,23,24,0,0,0
2019-10-19 19:45,58,36,22,0,0,0
2019-10-19 20:00,48,26,22,0,0,0
2019-10-19 20:15,35,19,16,0,0,0
2019-10-19 20:30,54,20,34,0,0,0
2019-10-19 20:45,40,26,14,0,0,0
2019-10-19 21:00,44,29,15,0,0,0
2019-10-19 21:15,30,19,11,0,0,0
2019-10-19 21:30,48,36,12,0,0,0
2019-10-19 21:45,40,27,13,0,0,0
2019-10-19 22:00,33,17,16,0,0,0
2019-10-19 22:15,28,11,17,0,0,0
2019-10-19 22:30,26,13,13,0,0,0
2019-10-19 22:45,29,13,16,0,0,0
2019-10-19 23:00,21,14,7,0,0,0
2019-10-19 23:15,24,15,9,0,0,0
2019-10-19 23:30,21,8,13,0,0,0
2019-10-19 23:45,29,22,7,0,0,0
2019-10-20 00:00,25,16,9,0,0,0
2019-10-20 00:15,29,19,10,0,0,0
2019-10-20 00:30,25,9,16,0,0,0
2019-10-20 00:45,31,23,8,0,0,0
2019-10-20 01:00,18,10,8,0,0,0
2019-10-20 01:15,30,18,12,0,0,0
2019-10-20 01:30,20,9,11,0,0,0
2019-10-20 01:45,13,4,9,0,0,0
2019-10-20 02:00,10,3,7,0,0,0
2019-10-20 02:15,14,9,5,0,0,0
2019-10-20 02:30,11,3,8,0,0,0
2019-10-20 02:45,9,5,4,0,0,0
2019-10-20 03:00,6,1,5,0,0,0
2019-10-20 03:15,6,3,3,0,0,0
2019-10-20 03:30,4,1,3,0,0,0
2019-10-20 03:45,8,2,6,0,0,0
2019-10-20 04:00,12,4,8,0,0,0
2019-10-20 04:15,3,1,2,0,0,0
2019-10-20 04:30,5,4,1,0,0,0
2019-10-20 04:45,3,0,3,0,0,0
2019-10-20 05:00,0,0,0,0,0,0
2019-10-20 05:15,4,0,4,0,0,0
2019-10-20 05:30,10,6,4,0,0,0
2019-10-20 05:45,6,3,3,0,0,0
2019-10-20 06:00,3,3,0,0,0,0
2019-10-20 06:15,4,3,1,0,0,0
2019-10-20 06:30,3,1,2,0,0,0
2019-10-20 06:45,2,0,2,0,0,0
2019-10-20 07:00,2,0,2,0,0,0
2019-10-20 07:15,3,0,3,0,0,0
2019-10-20 07:30,9,6,3,0,0,0
2019-10-20 07:45,12,6,6,0,0,0
2019-10-20 08:00,4,2,2,0,0,0
2019-10-20 08:15,13,10,3,0,0,0
2019-10-20 08:30,9,7,2,0,0,0
2019-10-20 08:45,9,7,2,0,0,0
2019-10-20 09:00,12,7,5,0,0,0
2019-10-20 09:15,22,20,2,0,0,0
2019-10-20 09:30,31,25,6,0,0,0
2019-10-20 09:45,40,29,11,0,0,0
2019-10-20 10:00,25,16,9,0,0,0
2019-10-20 10:15,29,23,6,0,0,0
2019-10-20 10:30,38,24,14,0,0,0
2019-10-20 10:45,46,29,17,0,0,0
2019-10-20 11:00,28,18,10,0,0,0
2019-10-20 11:15,36,27,9,0,0,0
2019-10-20 11:30,35,26,9,0,0,0
2019-10-20 11:45,47,33,14,0,0,0
2019-10-20 12:00,25,11,14,0,0,0
2019-10-20 12:15,50,33,17,0,0,0
2019-10-20 12:30,45,21,24,0,0,0
2019-10-20 12:45,43,23,20,0,0,0
2019-10-20 13:00,18,6,12,0,0,0
2019-10-20 13:15,22,10,12,0,0,0
2019-10-20 13:30,22,9,13,0,0,0
2019-10-20 13:45,41,28,13,0,0,0
2019-10-20 14:00,29,12,17,0,0,0
2019-10-20 14:15,29,15,14,0,0,0
2019-10-20 14:30,25,16,9,0,0,0
2019-10-20 14:45,54,35,19,0,0,0
2019-10-20 15:00,23,10,13,0,0,0
2019-10-20 15:15,23,9,14,0,0,0
2019-10-20 15:30,21,12,9,0,0,0
2019-10-20 15:45,25,13,12,0,0,0
2019-10-20 16:00,15,6,9,0,0,0
2019-10-20 16:15,29,6,23,0,0,0
2019-10-20 16:30,24,12,12,0,0,0
2019-10-20 16:45,35,24,11,0,0,0
2019-10-20 17:00,26,11,15,0,0,0
2019-10-20 17:15,24,19,5,0,0,0
2019-10-20 17:30,35,17,18,0,0,0
2019-10-20 17:45,42,19,23,0,0,0
2019-10-20 18:00,42,17,25,0,0,0
2019-10-20 18:15,27,12,15,0,0,0
2019-10-20 18:30,34,25,9,0,0,0
2019-10-20 18:45,35,25,10,0,0,0
2019-10-20 19:00,27,10,17,0,0,0
2019-10-20 19:15,19,8,11,0,0,0
2019-10-20 19:30,12,3,9,0,0,0
2019-10-20 19:45,36,17,19,0,0,0
2019-10-20 20:00,37,15,22,0,0,0
2019-10-20 20:15,27,11,16,0,0,0
2019-10-20 20:30,25,17,8,0,0,0
2019-10-20 20:45,20,8,12,0,0,0
2019-10-20 21:00,21,10,11,0,0,0
2019-10-20 21:15,16,12,4,0,0,0
2019-10-20 21:30,15,10,5,0,0,0
2019-10-20 21:45,10,3,7,0,0,0
2019-10-20 22:00,23,14,9,0,0,0
2019-10-20 22:15,18,10,8,0,0,0
2019-10-20 22:30,12,6,6,0,0,0
2019-10-20 22:45,16,6,10,0,0,0
2019-10-20 23:00,27,25,2,0,0,0
2019-10-20 23:15,13,10,3,0,0,0
2019-10-20 23:30,15,11,4,0,0,0
2019-10-20 23:45,2,1,1,0,0,0
2019-10-21 00:00,3,1,2,0,0,0
2019-10-21 00:15,1,0,1,0,0,0
2019-10-21 00:30,2,1,1,0,0,0
2019-10-21 00:45,7,5,2,0,0,0
2019-10-21 01:00,4,2,2,0,0,0
2019-10-21 01:15,1,0,1,0,0,0
2019-10-21 01:30,3,2,1,0,0,0
2019-10-21 01:45,2,1,1,0,0,0
2019-10-21 02:00,0,0,0,0,0,0
2019-10-21 02:15,1,1,0,0,0,0
2019-10-21 02:30,0,0,0,0,0,0
2019-10-21 02:45,0,0,0,0,0,0
2019-10-21 03:00,0,0,0,0,0,0
2019-10-21 03:15,0,0,0,0,0,0
2019-10-21 03:30,1,0,1,0,0,0
2019-10-21 03:45,1,0,1,0,0,0
2019-10-21 04:00,1,0,1,0,0,0
2019-10-21 04:15,1,1,0,0,0,0
2019-10-21 04:30,0,0,0,0,0,0
2019-10-21 04:45,2,1,1,0,0,0
2019-10-21 05:00,0,0,0,0,0,0
2019-10-21 05:15,5,4,1,0,0,0
2019-10-21 05:30,11,8,3,0,0,0
2019-10-21 05:45,15,12,3,0,0,0
2019-10-21 06:00,12,5,7,0,0,0
2019-10-21 06:15,26,18,8,0,0,0
2019-10-21 06:30,42,27,15,0,0,0
2019-10-21 06:45,61,39,22,0,0,0
2019-10-21 07:00,67,47,20,0,0,0
2019-10-21 07:15,87,55,32,0,0,0
2019-10-21 07:30,109,76,33,0,0,0
2019-10-21 07:45,185,143,42,0,0,0
2019-10-21 08:00,153,121,32,0,0,0
2019-10-21 08:15,130,90,40,0,0,0
2019-10-21 08:30,92,72,20,0,0,0
2019-10-21 08:45,127,98,29,0,0,0
2019-10-21 09:00,91,70,21,0,0,0
2019-10-21 09:15,79,59,20,0,0,0
2019-10-21 09:30,104,87,17,0,0,0
2019-10-21 09:45,144,125,19,0,0,0
2019-10-21 10:00,109,89,20,0,0,0
2019-10-21 10:15,76,56,20,0,0,0
2019-10-21 10:30,83,57,26,0,0,0
2019-10-21 10:45,92,59,33,0,0,0
2019-10-21 11:00,79,48,31,0,0,0
2019-10-21 11:15,84,52,32,0,0,0
2019-10-21 11:30,90,54,36,0,0,0
2019-10-21 11:45,123,87,36,0,0,0
2019-10-21 12:00,112,64,48,0,0,0
2019-10-21 12:15,119,75,44,0,0,0
2019-10-21 12:30,115,68,47,0,0,0
2019-10-21 12:45,115,61,54,0,0,0
2019-10-21 13:00,92,47,45,0,0,0
2019-10-21 13:15,123,67,56,0,0,0
2019-10-21 13:30,106,62,44,0,0,0
2019-10-21 13:45,133,64,69,0,0,0
2019-10-21 14:00,127,70,57,0,0,0
2019-10-21 14:15,140,76,64,0,0,0
2019-10-21 14:30,126,73,53,0,0,0
2019-10-21 14:45,135,74,61,0,0,0
2019-10-21 15:00,135,73,62,0,0,0
2019-10-21 15:15,138,68,70,0,0,0
2019-10-21 15:30,154,65,89,0,0,0
2019-10-21 15:45,199,99,100,0,0,0
2019-10-21 16:00,170,75,95,0,0,0
2019-10-21 16:15,187,95,92,0,0,0
2019-10-21 16:30,161,71,90,0,0,0
2019-10-21 16:45,154,80,74,0,0,0
2019-10-21 17:00,170,81,89,0,0,0
2019-10-21 17:15,169,86,83,0,0,0
2019-10-21 17:30,199,99,100,0,0,0
2019-10-21 17:45,231,118,113,0,0,0
2019-10-21 18:00,174,67,107,0,0,0
2019-10-21 18:15,155,67,88,0,0,0
2019-10-21 18:30,136,61,75,0,0,0
2019-10-21 18:45,158,91,67,0,0,0
2019-10-21 19:00,130,61,69,0,0,0
2019-10-21 19:15,95,44,51,0,0,0
2019-10-21 19:30,90,46,44,0,0,0
2019-10-21 19:45,108,61,47,0,0,0
2019-10-21 20:00,77,30,47,0,0,0
2019-10-21 20:15,72,25,47,0,0,0
2019-10-21 20:30,58,24,34,0,0,0
2019-10-21 20:45,29,18,11,0,0,0
2019-10-21 21:00,58,28,30,0,0,0
2019-10-21 21:15,42,18,24,0,0,0
2019-10-21 21:30,49,21,28,0,0,0
2019-10-21 21:45,40,17,23,0,0,0
2019-10-21 22:00,37,17,20,0,0,0
2019-10-21 22:15,49,15,34,0,0,0
2019-10-21 22:30,39,21,18,0,0,0
2019-10-21 22:45,29,17,12,0,0,0
2019-10-21 23:00,29,11,18,0,0,0
2019-10-21 23:15,30,15,15,0,0,0
2019-10-21 23:30,14,7,7,0,0,0
2019-10-21 23:45,38,30,8,0,0,0
2019-10-22 00:00,15,5,10,0,0,0
2019-10-22 00:15,13,2,11,0,0,0
2019-10-22 00:30,9,2,7,0,0,0
2019-10-22 00:45,15,3,12,0,0,0
2019-10-22 01:00,11,1,10,0,0,0
2019-10-22 01:15,6,2,4,0,0,0
2019-10-22 01:30,11,0,11,0,0,0
2019-10-22 01:45,13,2,11,0,0,0
2019-10-22 02:00,5,0,5,0,0,0
2019-10-22 02:15,4,1,3,0,0,0
2019-10-22 02:30,3,0,3,0,0,0
2019-10-22 02:45,4,0,4,0,0,0
2019-10-22 03:00,4,0,4,0,0,0
2019-10-22 03:15,2,0,2,0,0,0
2019-10-22 03:30,8,3,5,0,0,0
2019-10-22 03:45,0,0,0,0,0,0
2019-10-22 04:00,1,0,1,0,0,0
2019-10-22 04:15,1,1,0,0,0,0
2019-10-22 04:30,0,0,0,0,0,0
2019-10-22 04:45,4,2,2,0,0,0
2019-10-22 05:00,0,0,0,0,0,0
2019-10-22 05:15,5,2,3,0,0,0
2019-10-22 05:30,16,8,8,0,0,0
2019-10-22 05:45,25,15,10,0,0,0
2019-10-22 06:00,18,15,3,0,0,0
2019-10-22 06:15,20,14,6,0,0,0
2019-10-22 06:30,55,36,19,0,0,0
2019-10-22 06:45,72,46,26,0,0,0
2019-10-22 07:00,80,64,16,0,0,0
2019-10-22 07:15,88,66,22,0,0,0
2019-10-22 07:30,118,86,32,0,0,0
2019-10-22 07:45,230,171,59,0,0,0
2019-10-22 08:00,164,134,30,0,0,0
2019-10-22 08:15,166,123,43,0,0,0
2019-10-22 08:30,127,96,31,0,0,0
2019-10-22 08:45,172,134,38,0,0,0
2019-10-22 09:00,102,76,26,0,0,0
2019-10-22 09:15,88,67,21,0,0,0
2019-10-22 09:30,127,103,24,0,0,0
2019-10-22 09:45,189,151,38,0,0,0
2019-10-22 10:00,127,91,36,0,0,0
2019-10-22 10:15,95,71,24,0,0,0
2019-10-22 10:30,91,63,28,0,0,0
2019-10-22 10:45,105,71,34,0,0,0
2019-10-22 11:00,80,51,29,0,0,0
2019-10-22 11:15,94,61,33,0,0,0
2019-10-22 11:30,102,67,35,0,0,0
2019-10-22 11:45,137,96,41,0,0,0
2019-10-22 12:00,138,77,61,0,0,0
2019-10-22 12:15,123,70,53,0,0,0
2019-10-22 12:30,117,61,56,0,0,0
2019-10-22 12:45,146,76,70,0,0,0
2019-10-22 13:00,147,78,69,0,0,0
2019-10-22 13:15,123,57,66,0,0,0
2019-10-22 13:30,121,76,45,0,0,0
2019-10-22 13:45,181,108,73,0,0,0
2019-10-22 14:00,155,81,74,0,0,0
2019-10-22 14:15,128,57,71,0,0,0
2019-10-22 14:30,138,69,69,0,0,0
2019-10-22 14:45,151,82,69,0,0,0
2019-10-22 15:00,124,58,66,0,0,0
2019-10-22 15:15,125,64,61,0,0,0
2019-10-22 15:30,143,82,61,0,0,0
2019-10-22 15:45,218,109,109,0,0,0
2019-10-22 16:00,188,72,116,0,0,0
2019-10-22 16:15,163,84,79,0,0,0
2019-10-22 16:30,187,87,100,0,0,0
2019-10-22 16:45,211,104,107,0,0,0
2019-10-22 17:00,168,61,107,0,0,0
2019-10-22 17:15,220,87,133,0,0,0
2019-10-22 17:30,211,90,121,0,0,0
2019-10-22 17:45,234,100,134,0,0,0
2019-10-22 18:00,167,64,103,0,0,0
2019-10-22 18:15,156,62,94,0,0,0
2019-10-22 18:30,146,79,67,0,0,0
2019-10-22 18:45,146,76,70,0,0,0
2019-10-22 19:00,110,42,68,0,0,0
2019-10-22 19:15,97,51,46,0,0,0
2019-10-22 19:30,101,48,53,0,0,0
2019-10-22 19:45,88,32,56,0,0,0
2019-10-22 20:00,114,52,62,0,0,0
2019-10-22 20:15,73,25,48,0,0,0
2019-10-22 20:30,57,26,31,0,0,0
2019-10-22 20:45,61,24,37,0,0,0
2019-10-22 21:00,94,51,43,0,0,0
2019-10-22 21:15,51,27,24,0,0,0
2019-10-22 21:30,58,28,30,0,0,0
2019-10-22 21:45,52,28,24,0,0,0
2019-10-22 22:00,59,26,33,0,0,0
2019-10-22 22:15,47,19,28,0,0,0
2019-10-22 22:30,31,13,18,0,0,0
2019-10-22 22:45,32,6,26,0,0,0
2019-10-22 23:00,43,24,19,0,0,0
2019-10-22 23:15,22,7,15,0,0,0
2019-10-22 23:30,22,7,15,0,0,0
2019-10-22 23:45,40,34,6,0,0,0
2019-10-23 00:00,20,15,5,0,0,0
2019-10-23 00:15,15,10,5,0,0,0
2019-10-23 00:30,9,5,4,0,0,0
2019-10-23 00:45,13,7,6,0,0,0
2019-10-23 01:00,6,0,6,0,0,0
2019-10-23 01:15,4,1,3,0,0,0
2019-10-23 01:30,7,2,5,0,0,0
2019-10-23 01:45,2,1,1,0,0,0
2019-10-23 02:00,4,1,3,0,0,0
2019-10-23 02:15,3,1,2,0,0,0
2019-10-23 02:30,0,0,0,0,0,0
2019-10-23 02:45,3,2,1,0,0,0
2019-10-23 03:00,2,0,2,0,0,0
2019-10-23 03:15,2,1,1,0,0,0
2019-10-23 03:30,0,0,0,0,0,0
2019-10-23 03:45,2,1,1,0,0,0
2019-10-23 04:00,2,2,0,0,0,0
2019-10-23 04:15,1,1,0,0,0,0
2019-10-23 04:30,0,0,0,0,0,0
2019-10-23 04:45,1,1,0,0,0,0
2019-10-23 05:00,1,1,0,0,0,0
2019-10-23 05:15,2,1,1,0,0,0
2019-10-23 05:30,13,7,6,0,0,0
2019-10-23 05:45,24,13,11,0,0,0
2019-10-23 06:00,19,14,5,0,0,0
2019-10-23 06:15,27,16,11,0,0,0
2019-10-23 06:30,45,29,16,0,0,0
2019-10-23 06:45,60,35,25,0,0,0
2019-10-23 07:00,85,59,26,0,0,0
2019-10-23 07:15,106,73,33,0,0,0
2019-10-23 07:30,120,75,45,0,0,0
2019-10-23 07:45,207,154,53,0,0,0
2019-10-23 08:00,180,153,27,0,0,0
2019-10-23 08:15,160,128,32,0,0,0
2019-10-23 08:30,131,107,24,0,0,0
2019-10-23 08:45,184,140,44,0,0,0
2019-10-23 09:00,112,90,22,0,0,0
2019-10-23 09:15,112,86,26,0,0,0
2019-10-23 09:30,115,102,13,0,0,0
2019-10-23 09:45,216,172,44,0,0,0
2019-10-23 10:00,177,138,39,0,0,0
2019-10-23 10:15,114,85,29,0,0,0
2019-10-23 10:30,114,86,28,0,0,0
2019-10-23 10:45,129,97,32,0,0,0
2019-10-23 11:00,126,86,40,0,0,0
2019-10-23 11:15,145,107,38,0,0,0
2019-10-23 11:30,141,94,47,0,0,0
2019-10-23 11:45,156,90,66,0,0,0
2019-10-23 12:00,161,91,70,0,0,0
2019-10-23 12:15,153,78,75,0,0,0
2019-10-23 12:30,172,92,80,0,0,0
2019-10-23 12:45,146,70,76,0,0,0
2019-10-23 13:00,147,71,76,0,0,0
2019-10-23 13:15,142,76,66,0,0,0
2019-10-23 13:30,138,77,61,0,0,0
2019-10-23 13:45,149,82,67,0,0,0
2019-10-23 14:00,167,78,89,0,0,0
2019-10-23 14:15,139,60,79,0,0,0
2019-10-23 14:30,130,63,67,0,0,0
2019-10-23 14:45,149,76,73,0,0,0
2019-10-23 15:00,125,66,59,0,0,0
2019-10-23 15:15,153,65,88,0,0,0
2019-10-23 15:30,172,87,85,0,0,0
2019-10-23 15:45,195,119,76,0,0,0
2019-10-23 16:00,196,87,109,0,0,0
2019-10-23 16:15,183,97,86,0,0,0
2019-10-23 16:30,173,98,75,0,0,0
2019-10-23 16:45,187,110,77,0,0,0
2019-10-23 17:00,202,92,110,0,0,0
2019-10-23 17:15,192,100,92,0,0,0
2019-10-23 17:30,185,79,106,0,0,0
2019-10-23 17:45,221,101,120,0,0,0
2019-10-23 18:00,207,77,130,0,0,0
2019-10-23 18:15,179,72,107,0,0,0
2019-10-23 18:30,136,62,74,0,0,0
2019-10-23 18:45,154,63,91,0,0,0
2019-10-23 19:00,133,53,80,0,0,0
2019-10-23 19:15,114,43,71,0,0,0
2019-10-23 19:30,112,48,64,0,0,0
2019-10-23 19:45,138,73,65,0,0,0
2019-10-23 20:00,99,53,46,0,0,0
2019-10-23 20:15,83,34,49,0,0,0
2019-10-23 20:30,77,36,41,0,0,0
2019-10-23 20:45,76,31,45,0,0,0
2019-10-23 21:00,60,26,34,0,0,0
2019-10-23 21:15,75,31,44,0,0,0
2019-10-23 21:30,45,25,20,0,0,0
2019-10-23 21:45,68,42,26,0,0,0
2019-10-23 22:00,83,53,30,0,0,0
2019-10-23 22:15,58,33,25,0,0,0
2019-10-23 22:30,53,23,30,0,0,0
2019-10-23 22:45,48,22,26,0,0,0
2019-10-23 23:00,54,29,25,0,0,0
2019-10-23 23:15,46,23,23,0,0,0
2019-10-23 23:30,44,30,14,0,0,0
2019-10-23 23:45,24,13,11,0,0,0
2019-10-24 00:00,32,19,13,0,0,0
2019-10-24 00:15,41,24,17,0,0,0
2019-10-24 00:30,24,15,9,0,0,0
2019-10-24 00:45,16,8,8,0,0,0
2019-10-24 01:00,13,6,7,0,0,0
2019-10-24 01:15,7,2,5,0,0,0
2019-10-24 01:30,11,5,6,0,0,0
2019-10-24 01:45,9,3,6,0,0,0
2019-10-24 02:00,10,6,4,0,0,0
2019-10-24 02:15,4,0,4,0,0,0
2019-10-24 02:30,6,4,2,0,0,0
2019-10-24 02:45,5,0,5,0,0,0
2019-10-24 03:00,3,0,3,0,0,0
2019-10-24 03:15,7,2,5,0,0,0
2019-10-24 03:30,5,1,4,0,0,0
2019-10-24 03:45,4,1,3,0,0,0
2019-10-24 04:00,4,1,3,0,0,0
2019-10-24 04:15,1,0,1,0,0,0
2019-10-24 04:30,4,0,4,0,0,0
2019-10-24 04:45,3,2,1,0,0,0
2019-10-24 05:00,0,0,0,0,0,0
2019-10-24 05:15,5,3,2,0,0,0
2019-10-24 05:30,15,10,5,0,0,0
2019-10-24 05:45,21,10,11,0,0,0
2019-10-24 06:00,10,5,5,0,0,0
2019-10-24 06:15,28,19,9,0,0,0
2019-10-24 06:30,46,30,16,0,0,0
2019-10-24 06:45,63,41,22,0,0,0
2019-10-24 07:00,92,60,32,0,0,0
2019-10-24 07:15,80,52,28,0,0,0
2019-10-24 07:30,106,76,30,0,0,0
2019-10-24 07:45,232,179,53,0,0,0
2019-10-24 08:00,159,127,32,0,0,0
2019-10-24 08:15,149,114,35,0,0,0
2019-10-24 08:30,137,107,30,0,0,0
2019-10-24 08:45,144,105,39,0,0,0
2019-10-24 09:00,127,94,33,0,0,0
2019-10-24 09:15,96,71,25,0,0,0
2019-10-24 09:30,107,92,15,0,0,0
2019-10-24 09:45,198,179,19,0,0,0
2019-10-24 10:00,135,93,42,0,0,0
2019-10-24 10:15,88,59,29,0,0,0
2019-10-24 10:30,95,61,34,0,0,0
2019-10-24 10:45,115,77,38,0,0,0
2019-10-24 11:00,77,52,25,0,0,0
2019-10-24 11:15,100,64,36,0,0,0
2019-10-24 11:30,126,73,53,0,0,0
2019-10-24 11:45,177,130,47,0,0,0
2019-10-24 12:00,134,80,54,0,0,0
2019-10-24 12:15,127,74,53,0,0,0
2019-10-24 12:30,121,59,62,0,0,0
2019-10-24 12:45,133,76,57,0,0,0
2019-10-24 13:00,111,60,51,0,0,0
2019-10-24 13:15,132,72,60,0,0,0
2019-10-24 13:30,129,69,60,0,0,0
2019-10-24 13:45,169,96,73,0,0,0
2019-10-24 14:00,146,75,71,0,0,0
2019-10-24 14:15,132,66,66,0,0,0
2019-10-24 14:30,163,93,70,0,0,0
2019-10-24 14:45,160,91,69,0,0,0
2019-10-24 15:00,144,71,73,0,0,0
2019-10-24 15:15,153,79,74,0,0,0
2019-10-24 15:30,163,95,68,0,0,0
2019-10-24 15:45,202,117,85,0,0,0
2019-10-24 16:00,225,116,109,0,0,0
2019-10-24 16:15,178,101,77,0,0,0
2019-10-24 16:30,160,86,74,0,0,0
2019-10-24 16:45,184,81,103,0,0,0
2019-10-24 17:00,179,91,88,0,0,0
2019-10-24 17:15,177,103,74,0,0,0
2019-10-24 17:30,162,80,82,0,0,0
2019-10-24 17:45,236,113,123,0,0,0
2019-10-24 18:00,173,74,99,0,0,0
2019-10-24 18:15,169,74,95,0,0,0
2019-10-24 18:30,155,80,75,0,0,0
2019-10-24 18:45,134,61,73,0,0,0
2019-10-24 19:00,125,55,70,0,0,0
2019-10-24 19:15,119,54,65,0,0,0
2019-10-24 19:30,127,75,52,0,0,0
2019-10-24 19:45,124,61,63,0,0,0
2019-10-24 20:00,92,34,58,0,0,0
2019-10-24 20:15,87,43,44,0,0,0
2019-10-24 20:30,53,20,33,0,0,0
2019-10-24 20:45,50,30,20,0,0,0
2019-10-24 21:00,56,34,22,0,0,0
2019-10-24 21:15,57,27,30,0,0,0
2019-10-24 21:30,59,25,34,0,0,0
2019-10-24 21:45,40,18,22,0,0,0
2019-10-24 22:00,75,51,24,0,0,0
2019-10-24 22:15,66,29,37,0,0,0
2019-10-24 22:30,53,20,33,0,0,0
2019-10-24 22:45,50,24,26,0,0,0
2019-10-24 23:00,33,15,18,0,0,0
2019-10-24 23:15,32,15,17,0,0,0
2019-10-24 23:30,12,4,8,0,0,0
2019-10-24 23:45,17,8,9,0,0,0
2019-10-25 00:00,25,17,8,0,0,0
2019-10-25 00:15,11,2,9,0,0,0
2019-10-25 00:30,21,9,12,0,0,0
2019-10-25 00:45,11,3,8,0,0,0
2019-10-25 01:00,8,3,5,0,0,0
2019-10-25 01:15,16,6,10,0,0,0
2019-10-25 01:30,6,1,5,0,0,0
2019-10-25 01:45,7,1,6,0,0,0
2019-10-25 02:00,3,0,3,0,0,0
2019-10-25 02:15,6,4,2,0,0,0
2019-10-25 02:30,6,1,5,0,0,0
2019-10-25 02:45,5,0,5,0,0,0
2019-10-25 03:00,2,2,0,0,0,0
2019-10-25 03:15,2,1,1,0,0,0
2019-10-25 03:30,2,2,0,0,0,0
2019-10-25 03:45,1,1,0,0,0,0
2019-10-25 04:00,4,1,3,0,0,0
2019-10-25 04:15,3,0,3,0,0,0
2019-10-25 04:30,3,2,1,0,0,0
2019-10-25 04:45,2,1,1,0,0,0
2019-10-25 05:00,0,0,0,0,0,0
2019-10-25 05:15,8,7,1,0,0,0
2019-10-25 05:30,15,11,4,0,0,0
2019-10-25 05:45,17,11,6,0,0,0
2019-10-25 06:00,14,10,4,0,0,0
2019-10-25 06:15,26,19,7,0,0,0
2019-10-25 06:30,53,40,13,0,0,0
2019-10-25 06:45,60,40,20,0,0,0
2019-10-25 07:00,74,49,25,0,0,0
2019-10-25 07:15,83,56,27,0,0,0
2019-10-25 07:30,103,69,34,0,0,0
2019-10-25 07:45,171,126,45,0,0,0
2019-10-25 08:00,138,109,29,0,0,0
2019-10-25 08:15,122,92,30,0,0,0
2019-10-25 08:30,116,94,22,0,0,0
2019-10-25 08:45,124,92,32,0,0,0
2019-10-25 09:00,108,86,22,0,0,0
2019-10-25 09:15,102,72,30,0,0,0
2019-10-25 09:30,131,108,23,0,0,0
2019-10-25 09:45,186,157,29,0,0,0
2019-10-25 10:00,118,79,39,0,0,0
2019-10-25 10:15,102,72,30,0,0,0
2019-10-25 10:30,94,71,23,0,0,0
2019-10-25 10:45,116,89,27,0,0,0
2019-10-25 11:00,100,69,31,0,0,0
2019-10-25 11:15,108,66,42,0,0,0
2019-10-25 11:30,115,82,33,0,0,0
2019-10-25 11:45,146,95,51,0,0,0
2019-10-25 12:00,148,80,68,0,0,0
2019-10-25 12:15,137,66,71,0,0,0
2019-10-25 12:30,136,83,53,0,0,0
2019-10-25 12:45,157,95,62,0,0,0
2019-10-25 13:00,126,64,62,0,0,0
2019-10-25 13:15,140,70,70,0,0,0
2019-10-25 13:30,142,70,72,0,0,0
2019-10-25 13:45,148,91,57,0,0,0
2019-10-25 14:00,158,95,63,0,0,0
2019-10-25 14:15,148,79,69,0,0,0
2019-10-25 14:30,120,68,52,0,0,0
2019-10-25 14:45,186,105,81,0,0,0
2019-10-25 15:00,127,77,50,0,0,0
2019-10-25 15:15,127,73,54,0,0,0
2019-10-25 15:30,161,84,77,0,0,0
2019-10-25 15:45,181,90,91,0,0,0
2019-10-25 16:00,160,76,84,0,0,0
2019-10-25 16:15,172,81,91,0,0,0
2019-10-25 16:30,145,72,73,0,0,0
2019-10-25 16:45,166,74,92,0,0,0
2019-10-25 17:00,149,85,64,0,0,0
2019-10-25 17:15,145,67,78,0,0,0
2019-10-25 17:30,160,86,74,0,0,0
2019-10-25 17:45,158,83,75,0,0,0
2019-10-25 18:00,140,61,79,0,0,0
2019-10-25 18:15,154,75,79,0,0,0
2019-10-25 18:30,118,60,58,0,0,0
2019-10-25 18:45,136,71,65,0,0,0
2019-10-25 19:00,118,59,59,0,0,0
2019-10-25 19:15,112,63,49,0,0,0
2019-10-25 19:30,93,45,48,0,0,0
2019-10-25 19:45,139,78,61,0,0,0
2019-10-25 20:00,108,67,41,0,0,0
2019-10-25 20:15,69,35,34,0,0,0
2019-10-25 20:30,68,33,35,0,0,0
2019-10-25 20:45,54,24,30,0,0,0
2019-10-25 21:00,49,26,23,0,0,0
2019-10-25 21:15,57,29,28,0,0,0
2019-10-25 21:30,61,29,32,0,0,0
2019-10-25 21:45,54,34,20,0,0,0
2019-10-25 22:00,33,18,15,0,0,0
2019-10-25 22:15,55,36,19,0,0,0
2019-10-25 22:30,60,24,36,0,0,0
2019-10-25 22:45,25,11,14,0,0,0
2019-10-25 23:00,45,21,24,0,0,0
2019-10-25 23:15,82,41,41,0,0,0
2019-10-25 23:30,37,16,21,0,0,0
2019-10-25 23:45,42,19,23,0,0,0
2019-10-26 00:00,45,28,17,0,0,0
2019-10-26 00:15,40,18,22,0,0,0
2019-10-26 00:30,28,17,11,0,0,0
2019-10-26 00:45,35,16,19,0,0,0
2019-10-26 01:00,31,9,22,0,0,0
2019-10-26 01:15,28,9,19,0,0,0
2019-10-26 01:30,26,5,21,0,0,0
2019-10-26 01:45,16,3,13,0,0,0
2019-10-26 02:00,34,18,16,0,0,0
2019-10-26 02:15,18,9,9,0,0,0
2019-10-26 02:30,5,1,4,0,0,0
2019-10-26 02:45,12,3,9,0,0,0
2019-10-26 03:00,13,5,8,0,0,0
2019-10-26 03:15,11,8,3,0,0,0
2019-10-26 03:30,6,1,5,0,0,0
2019-10-26 03:45,11,1,10,0,0,0
2019-10-26 04:00,5,2,3,0,0,0
2019-10-26 04:15,9,4,5,0,0,0
2019-10-26 04:30,4,0,4,0,0,0
2019-10-26 04:45,5,0,5,0,0,0
2019-10-26 05:00,0,0,0,0,0,0
2019-10-26 05:15,5,3,2,0,0,0
2019-10-26 05:30,8,3,5,0,0,0
2019-10-26 05:45,7,2,5,0,0,0
2019-10-26 06:00,7,4,3,0,0,0
2019-10-26 06:15,6,5,1,0,0,0
2019-10-26 06:30,11,5,6,0,0,0
2019-10-26 06:45,9,8,1,0,0,0
2019-10-26 07:00,7,6,1,0,0,0
2019-10-26 07:15,12,8,4,0,0,0
2019-10-26 07:30,24,18,6,0,0,0
2019-10-26 07:45,32,25,7,0,0,0
2019-10-26 08:00,27,21,6,0,0,0
2019-10-26 08:15,42,34,8,0,0,0
2019-10-26 08:30,48,35,13,0,0,0
2019-10-26 08:45,74,44,30,0,0,0
2019-10-26 09:00,62,47,15,0,0,0
2019-10-26 09:15,52,41,11,0,0,0
2019-10-26 09:30,105,91,14,0,0,0
2019-10-26 09:45,124,107,17,0,0,0
2019-10-26 10:00,91,72,19,0,0,0
2019-10-26 10:15,116,98,18,0,0,0
2019-10-26 10:30,102,76,26,0,0,0
2019-10-26 10:45,148,114,34,0,0,0
2019-10-26 11:00,161,112,49,0,0,0
2019-10-26 11:15,161,118,43,0,0,0
2019-10-26 11:30,177,124,53,0,0,0
2019-10-26 11:45,194,133,61,0,0,0
2019-10-26 12:00,145,101,44,0,0,0
2019-10-26 12:15,167,100,67,0,0,0
2019-10-26 12:30,192,130,62,0,0,0
2019-10-26 12:45,161,115,46,0,0,0
2019-10-26 13:00,159,86,73,0,0,0
2019-10-26 13:15,157,97,60,0,0,0
2019-10-26 13:30,169,95,74,0,0,0
2019-10-26 13:45,190,106,84,0,0,0
2019-10-26 14:00,156,88,68,0,0,0
2019-10-26 14:15,166,82,84,0,0,0
2019-10-26 14:30,140,73,67,0,0,0
2019-10-26 14:45,171,92,79,0,0,0
2019-10-26 15:00,161,90,71,0,0,0
2019-10-26 15:15,138,69,69,0,0,0
2019-10-26 15:30,161,87,74,0,0,0
2019-10-26 15:45,129,61,68,0,0,0
2019-10-26 16:00,119,70,49,0,0,0
2019-10-26 16:15,120,53,67,0,0,0
2019-10-26 16:30,124,59,65,0,0,0
2019-10-26 16:45,111,54,57,0,0,0
2019-10-26 17:00,101,50,51,0,0,0
2019-10-26 17:15,120,54,66,0,0,0
2019-10-26 17:30,147,64,83,0,0,0
2019-10-26 17:45,161,84,77,0,0,0
2019-10-26 18:00,111,51,60,0,0,0
2019-10-26 18:15,133,63,70,0,0,0
2019-10-26 18:30,117,69,48,0,0,0
2019-10-26 18:45,133,87,46,0,0,0
2019-10-26 19:00,98,51,47,0,0,0
2019-10-26 19:15,109,64,45,0,0,0
2019-10-26 19:30,91,49,42,0,0,0
2019-10-26 19:45,69,36,33,0,0,0
2019-10-26 20:00,74,44,30,0,0,0
2019-10-26 20:15,70,34,36,0,0,0
2019-10-26 20:30,66,39,27,0,0,0
2019-10-26 20:45,63,34,29,0,0,0
2019-10-26 21:00,65,34,31,0,0,0
2019-10-26 21:15,55,32,23,0,0,0
2019-10-26 21:30,46,28,18,0,0,0
2019-10-26 21:45,38,13,25,0,0,0
2019-10-26 22:00,56,32,24,0,0,0
2019-10-26 22:15,47,21,26,0,0,0
2019-10-26 22:30,27,9,18,0,0,0
2019-10-26 22:45,39,23,16,0,0,0
2019-10-26 23:00,39,18,21,0,0,0
2019-10-26 23:15,40,24,16,0,0,0
2019-10-26 23:30,30,14,16,0,0,0
2019-10-26 23:45,26,9,17,0,0,0
2019-10-27 00:00,38,22,16,0,0,0
2019-10-27 00:15,39,19,20,0,0,0
2019-10-27 00:30,32,17,15,0,0,0
2019-10-27 00:45,24,13,11,0,0,0
2019-10-27 01:00,14,6,8,0,0,0
2019-10-27 01:15,40,16,24,0,0,0
2019-10-27 01:30,26,7,19,0,0,0
2019-10-27 01:45,9,4,5,0,0,0
2019-10-27 02:00,31,16,15,0,0,0
2019-10-27 02:15,36,10,26,0,0,0
2019-10-27 02:30,19,3,16,0,0,0
2019-10-27 02:45,24,5,19,0,0,0
2019-10-27 03:00,1,0,1,0,0,0
2019-10-27 03:15,3,0,3,0,0,0
2019-10-27 03:30,2,0,2,0,0,0
2019-10-27 03:45,0,0,0,0,0,0
2019-10-27 04:00,4,2,2,0,0,0
2019-10-27 04:15,0,0,0,0,0,0
2019-10-27 04:30,4,0,4,0,0,0
2019-10-27 04:45,1,0,1,0,0,0
2019-10-27 05:00,0,0,0,0,0,0
2019-10-27 05:15,4,2,2,0,0,0
2019-10-27 05:30,2,1,1,0,0,0
2019-10-27 05:45,5,1,4,0,0,0
2019-10-27 06:00,2,2,0,0,0,0
2019-10-27 06:15,5,4,1,0,0,0
2019-10-27 06:30,7,5,2,0,0,0
2019-10-27 06:45,6,3,3,0,0,0
2019-10-27 07:00,4,3,1,0,0,0
2019-10-27 07:15,3,3,0,0,0,0
2019-10-27 07:30,7,5,2,0,0,0
2019-10-27 07:45,9,8,1,0,0,0
2019-10-27 08:00,4,2,2,0,0,0
2019-10-27 08:15,7,5,2,0,0,0
2019-10-27 08:30,9,6,3,0,0,0
2019-10-27 08:45,19,16,3,0,0,0
2019-10-27 09:00,16,11,5,0,0,0
2019-10-27 09:15,30,25,5,0,0,0
2019-10-27 09:30,31,23,8,0,0,0
2019-10-27 09:45,64,53,11,0,0,0
2019-10-27 10:00,30,25,5,0,0,0
2019-10-27 10:15,42,33,9,0,0,0
2019-10-27 10:30,42,29,13,0,0,0
2019-10-27 10:45,42,30,12,0,0,0
2019-10-27 11:00,39,23,16,0,0,0
2019-10-27 11:15,44,33,11,0,0,0
2019-10-27 11:30,55,40,15,0,0,0
2019-10-27 11:45,50,31,19,0,0,0
2019-10-27 12:00,37,24,13,0,0,0
2019-10-27 12:15,52,32,20,0,0,0
2019-10-27 12:30,67,37,30,0,0,0
2019-10-27 12:45,48,29,19,0,0,0
2019-10-27 13:00,61,33,28,0,0,0
2019-10-27 13:15,53,33,20,0,0,0
2019-10-27 13:30,67,46,21,0,0,0
2019-10-27 13:45,57,32,25,0,0,0
2019-10-27 14:00,65,40,25,0,0,0
2019-10-27 14:15,90,47,43,0,0,0
2019-10-27 14:30,86,49,37,0,0,0
2019-10-27 14:45,102,60,42,0,0,0
2019-10-27 15:00,92,56,36,0,0,0
2019-10-27 15:15,86,48,38,0,0,0
2019-10-27 15:30,65,35,30,0,0,0
2019-10-27 15:45,98,60,38,0,0,0
2019-10-27 16:00,81,45,36,0,0,0
2019-10-27 16:15,94,52,42,0,0,0
2019-10-27 16:30,104,57,47,0,0,0
2019-10-27 16:45,78,38,40,0,0,0
2019-10-27 17:00,81,53,28,0,0,0
2019-10-27 17:15,65,36,29,0,0,0
2019-10-27 17:30,81,49,32,0,0,0
2019-10-27 17:45,75,40,35,0,0,0
2019-10-27 18:00,55,26,29,0,0,0
2019-10-27 18:15,79,38,41,0,0,0
2019-10-27 18:30,69,45,24,0,0,0
2019-10-27 18:45,71,36,35,0,0,0
2019-10-27 19:00,50,27,23,0,0,0
2019-10-27 19:15,62,37,25,0,0,0
2019-10-27 19:30,55,21,34,0,0,0
2019-10-27 19:45,48,20,28,0,0,0
2019-10-27 20:00,40,15,25,0,0,0
2019-10-27 20:15,34,15,19,0,0,0
2019-10-27 20:30,20,5,15,0,0,0
2019-10-27 20:45,41,28,13,0,0,0
2019-10-27 21:00,24,8,16,0,0,0
2019-10-27 21:15,35,14,21,0,0,0
2019-10-27 21:30,46,20,26,0,0,0
2019-10-27 21:45,22,9,13,0,0,0
2019-10-27 22:00,23,11,12,0,0,0
2019-10-27 22:15,34,24,10,0,0,0
2019-10-27 22:30,17,6,11,0,0,0
2019-10-27 22:45,16,4,12,0,0,0
2019-10-27 23:00,12,7,5,0,0,0
2019-10-27 23:15,12,5,7,0,0,0
2019-10-27 23:30,11,2,9,0,0,0
2019-10-27 23:45,11,6,5,0,0,0
2019-10-28 00:00,8,1,7,0,0,0
2019-10-28 00:15,6,3,3,0,0,0
2019-10-28 00:30,1,1,0,0,0,0
2019-10-28 00:45,2,1,1,0,0,0
2019-10-28 01:00,3,0,3,0,0,0
2019-10-28 01:15,1,0,1,0,0,0
2019-10-28 01:30,0,0,0,0,0,0
2019-10-28 01:45,3,3,0,0,0,0
2019-10-28 02:00,0,0,0,0,0,0
2019-10-28 02:15,1,0,1,0,0,0
2019-10-28 02:30,1,0,1,0,0,0
2019-10-28 02:45,0,0,0,0,0,0
2019-10-28 03:00,0,0,0,0,0,0
2019-10-28 03:15,0,0,0,0,0,0
2019-10-28 03:30,1,1,0,0,0,0
2019-10-28 03:45,0,0,0,0,0,0
2019-10-28 04:00,0,0,0,0,0,0
2019-10-28 04:15,0,0,0,0,0,0
2019-10-28 04:30,0,0,0,0,0,0
2019-10-28 04:45,0,0,0,0,0,0
2019-10-28 05:00,2,0,2,0,0,0
2019-10-28 05:15,6,6,0,0,0,0
2019-10-28 05:30,13,10,3,0,0,0
2019-10-28 05:45,15,6,9,0,0,0
2019-10-28 06:00,15,8,7,0,0,0
2019-10-28 06:15,25,15,10,0,0,0
2019-10-28 06:30,54,39,15,0,0,0
2019-10-28 06:45,83,55,28,0,0,0
2019-10-28 07:00,103,73,30,0,0,0
2019-10-28 07:15,215,170,45,0,0,0
2019-10-28 07:30,367,303,64,0,0,0
2019-10-28 07:45,273,189,84,0,0,0
2019-10-28 08:00,191,152,39,0,0,0
2019-10-28 08:15,166,127,39,0,0,0
2019-10-28 08:30,134,98,36,0,0,0
2019-10-28 08:45,178,133,45,0,0,0
2019-10-28 09:00,109,91,18,0,0,0
2019-10-28 09:15,120,88,32,0,0,0
2019-10-28 09:30,121,96,25,0,0,0
2019-10-28 09:45,191,164,27,0,0,0
2019-10-28 10:00,131,98,33,0,0,0
2019-10-28 10:15,92,66,26,0,0,0
2019-10-28 10:30,89,52,37,0,0,0
2019-10-28 10:45,101,70,31,0,0,0
2019-10-28 11:00,91,60,31,0,0,0
2019-10-28 11:15,91,60,31,0,0,0
2019-10-28 11:30,116,80,36,0,0,0
2019-10-28 11:45,144,96,48,0,0,0
2019-10-28 12:00,122,71,51,0,0,0
2019-10-28 12:15,127,66,61,0,0,0
2019-10-28 12:30,161,74,87,0,0,0
2019-10-28 12:45,132,76,56,0,0,0
2019-10-28 13:00,124,53,71,0,0,0
2019-10-28 13:15,128,61,67,0,0,0
2019-10-28 13:30,118,62,56,0,0,0
2019-10-28 13:45,171,102,69,0,0,0
2019-10-28 14:00,173,80,93,0,0,0
2019-10-28 14:15,131,56,75,0,0,0
2019-10-28 14:30,120,54,66,0,0,0
2019-10-28 14:45,122,60,62,0,0,0
2019-10-28 15:00,132,62,70,0,0,0
2019-10-28 15:15,121,58,63,0,0,0
2019-10-28 15:30,155,77,78,0,0,0
2019-10-28 15:45,214,104,110,0,0,0
2019-10-28 16:00,196,111,85,0,0,0
2019-10-28 16:15,164,67,97,0,0,0
2019-10-28 16:30,194,79,115,0,0,0
2019-10-28 16:45,177,94,83,0,0,0
2019-10-28 17:00,154,71,83,0,0,0
2019-10-28 17:15,193,76,117,0,0,0
2019-10-28 17:30,187,93,94,0,0,0
2019-10-28 17:45,193,90,103,0,0,0
2019-10-28 18:00,182,74,108,0,0,0
2019-10-28 18:15,158,71,87,0,0,0
2019-10-28 18:30,131,64,67,0,0,0
2019-10-28 18:45,124,72,52,0,0,0
2019-10-28 19:00,114,37,77,0,0,0
2019-10-28 19:15,103,47,56,0,0,0
2019-10-28 19:30,106,50,56,0,0,0
2019-10-28 19:45,110,39,71,0,0,0
2019-10-28 20:00,101,36,65,0,0,0
2019-10-28 20:15,67,24,43,0,0,0
2019-10-28 20:30,70,30,40,0,0,0
2019-10-28 20:45,54,26,28,0,0,0
2019-10-28 21:00,63,38,25,0,0,0
2019-10-28 21:15,52,21,31,0,0,0
2019-10-28 21:30,55,29,26,0,0,0
2019-10-28 21:45,47,21,26,0,0,0
2019-10-28 22:00,61,29,32,0,0,0
2019-10-28 22:15,41,11,30,0,0,0
2019-10-28 22:30,29,8,21,0,0,0
2019-10-28 22:45,24,8,16,0,0,0
2019-10-28 23:00,22,5,17,0,0,0
2019-10-28 23:15,13,8,5,0,0,0
2019-10-28 23:30,25,13,12,0,0,0
2019-10-28 23:45,13,5,8,0,0,0
2019-10-29 00:00,11,6,5,0,0,0
2019-10-29 00:15,5,3,2,0,0,0
2019-10-29 00:30,4,3,1,0,0,0
2019-10-29 00:45,3,0,3,0,0,0
2019-10-29 01:00,4,0,4,0,0,0
2019-10-29 01:15,0,0,0,0,0,0
2019-10-29 01:30,1,1,0,0,0,0
2019-10-29 01:45,6,2,4,0,0,0
2019-10-29 02:00,1,1,0,0,0,0
2019-10-29 02:15,4,1,3,0,0,0
2019-10-29 02:30,1,1,0,0,0,0
2019-10-29 02:45,2,0,2,0,0,0
2019-10-29 03:00,2,0,2,0,0,0
2019-10-29 03:15,2,0,2,0,0,0
2019-10-29 03:30,1,1,0,0,0,0
2019-10-29 03:45,1,0,1,0,0,0
2019-10-29 04:00,0,0,0,0,0,0
2019-10-29 04:15,1,1,0,0,0,0
2019-10-29 04:30,0,0,0,0,0,0
2019-10-29 04:45,0,0,0,0,0,0
2019-10-29 05:00,1,1,0,0,0,0
2019-10-29 05:15,6,5,1,0,0,0
2019-10-29 05:30,12,8,4,0,0,0
2019-10-29 05:45,22,9,13,0,0,0
2019-10-29 06:00,11,8,3,0,0,0
2019-10-29 06:15,20,9,11,0,0,0
2019-10-29 06:30,43,25,18,0,0,0
2019-10-29 06:45,92,57,35,0,0,0
2019-10-29 07:00,107,80,27,0,0,0
2019-10-29 07:15,192,149,43,0,0,0
2019-10-29 07:30,346,293,53,0,0,0
2019-10-29 07:45,284,220,64,0,0,0
2019-10-29 08:00,197,166,31,0,0,0
2019-10-29 08:15,161,122,39,0,0,0
2019-10-29 08:30,162,121,41,0,0,0
2019-10-29 08:45,207,160,47,0,0,0
2019-10-29 09:00,123,92,31,0,0,0
2019-10-29 09:15,102,76,26,0,0,0
2019-10-29 09:30,127,102,25,0,0,0
2019-10-29 09:45,202,166,36,0,0,0
2019-10-29 10:00,122,94,28,0,0,0
2019-10-29 10:15,92,69,23,0,0,0
2019-10-29 10:30,92,58,34,0,0,0
2019-10-29 10:45,103,75,28,0,0,0
2019-10-29 11:00,99,66,33,0,0,0
2019-10-29 11:15,90,47,43,0,0,0
2019-10-29 11:30,99,70,29,0,0,0
2019-10-29 11:45,167,97,70,0,0,0
2019-10-29 12:00,124,82,42,0,0,0
2019-10-29 12:15,124,70,54,0,0,0
2019-10-29 12:30,140,80,60,0,0,0
2019-10-29 12:45,121,69,52,0,0,0
2019-10-29 13:00,134,66,68,0,0,0
2019-10-29 13:15,167,74,93,0,0,0
2019-10-29 13:30,121,72,49,0,0,0
2019-10-29 13:45,161,91,70,0,0,0
2019-10-29 14:00,174,81,93,0,0,0
2019-10-29 14:15,134,63,71,0,0,0
2019-10-29 14:30,124,66,58,0,0,0
2019-10-29 14:45,151,81,70,0,0,0
2019-10-29 15:00,134,71,63,0,0,0
2019-10-29 15:15,176,92,84,0,0,0
2019-10-29 15:30,155,79,76,0,0,0
2019-10-29 15:45,224,118,106,0,0,0
2019-10-29 16:00,199,104,95,0,0,0
2019-10-29 16:15,192,89,103,0,0,0
2019-10-29 16:30,179,92,87,0,0,0
2019-10-29 16:45,217,114,103,0,0,0
2019-10-29 17:00,203,83,120,0,0,0
2019-10-29 17:15,202,95,107,0,0,0
2019-10-29 17:30,205,105,100,0,0,0
2019-10-29 17:45,234,109,125,0,0,0
2019-10-29 18:00,210,81,129,0,0,0
2019-10-29 18:15,182,90,92,0,0,0
2019-10-29 18:30,145,76,69,0,0,0
2019-10-29 18:45,145,74,71,0,0,0
2019-10-29 19:00,111,64,47,0,0,0
2019-10-29 19:15,98,48,50,0,0,0
2019-10-29 19:30,112,59,53,0,0,0
2019-10-29 19:45,134,72,62,0,0,0
2019-10-29 20:00,95,35,60,0,0,0
2019-10-29 20:15,75,27,48,0,0,0
2019-10-29 20:30,60,19,41,0,0,0
2019-10-29 20:45,56,19,37,0,0,0
2019-10-29 21:00,79,51,28,0,0,0
2019-10-29 21:15,77,39,38,0,0,0
2019-10-29 21:30,62,35,27,0,0,0
2019-10-29 21:45,80,44,36,0,0,0
2019-10-29 22:00,71,24,47,0,0,0
2019-10-29 22:15,53,29,24,0,0,0
2019-10-29 22:30,54,21,33,0,0,0
2019-10-29 22:45,49,26,23,0,0,0
2019-10-29 23:00,39,17,22,0,0,0
2019-10-29 23:15,35,21,14,0,0,0
2019-10-29 23:30,42,29,13,0,0,0
2019-10-29 23:45,34,24,10,0,0,0
2019-10-30 00:00,13,4,9,0,0,0
2019-10-30 00:15,10,2,8,0,0,0
2019-10-30 00:30,4,2,2,0,0,0
2019-10-30 00:45,6,1,5,0,0,0
2019-10-30 01:00,5,2,3,0,0,0
2019-10-30 01:15,4,2,2,0,0,0
2019-10-30 01:30,0,0,0,0,0,0
2019-10-30 01:45,4,3,1,0,0,0
2019-10-30 02:00,0,0,0,0,0,0
2019-10-30 02:15,1,0,1,0,0,0
2019-10-30 02:30,3,1,2,0,0,0
2019-10-30 02:45,6,0,6,0,0,0
2019-10-30 03:00,3,0,3,0,0,0
2019-10-30 03:15,2,2,0,0,0,0
2019-10-30 03:30,0,0,0,0,0,0
2019-10-30 03:45,0,0,0,0,0,0
2019-10-30 04:00,1,1,0,0,0,0
2019-10-30 04:15,1,1,0,0,0,0
2019-10-30 04:30,0,0,0,0,0,0
2019-10-30 04:45,2,2,0,0,0,0
2019-10-30 05:00,1,1,0,0,0,0
2019-10-30 05:15,5,4,1,0,0,0
2019-10-30 05:30,19,16,3,0,0,0
2019-10-30 05:45,15,6,9,0,0,0
2019-10-30 06:00,16,9,7,0,0,0
2019-10-30 06:15,22,12,10,0,0,0
2019-10-30 06:30,42,21,21,0,0,0
2019-10-30 06:45,66,45,21,0,0,0
2019-10-30 07:00,90,63,27,0,0,0
2019-10-30 07:15,179,136,43,0,0,0
2019-10-30 07:30,343,288,55,0,0,0
2019-10-30 07:45,297,228,69,0,0,0
2019-10-30 08:00,201,172,29,0,0,0
2019-10-30 08:15,199,165,34,0,0,0
2019-10-30 08:30,143,107,36,0,0,0
2019-10-30 08:45,198,149,49,0,0,0
2019-10-30 09:00,111,89,22,0,0,0
2019-10-30 09:15,118,89,29,0,0,0
2019-10-30 09:30,155,126,29,0,0,0
2019-10-30 09:45,166,136,30,0,0,0
2019-10-30 10:00,147,115,32,0,0,0
2019-10-30 10:15,119,87,32,0,0,0
2019-10-30 10:30,130,96,34,0,0,0
2019-10-30 10:45,132,86,46,0,0,0
2019-10-30 11:00,131,93,38,0,0,0
2019-10-30 11:15,133,92,41,0,0,0
2019-10-30 11:30,134,77,57,0,0,0
2019-10-30 11:45,186,124,62,0,0,0
2019-10-30 12:00,137,72,65,0,0,0
2019-10-30 12:15,142,80,62,0,0,0
2019-10-30 12:30,143,71,72,0,0,0
2019-10-30 12:45,157,89,68,0,0,0
2019-10-30 13:00,167,84,83,0,0,0
2019-10-30 13:15,157,76,81,0,0,0
2019-10-30 13:30,152,83,69,0,0,0
2019-10-30 13:45,159,99,60,0,0,0
2019-10-30 14:00,171,58,113,0,0,0
2019-10-30 14:15,140,62,78,0,0,0
2019-10-30 14:30,147,79,68,0,0,0
2019-10-30 14:45,151,67,84,0,0,0
2019-10-30 15:00,167,84,83,0,0,0
2019-10-30 15:15,150,80,70,0,0,0
2019-10-30 15:30,160,70,90,0,0,0
2019-10-30 15:45,238,126,112,0,0,0
2019-10-30 16:00,207,101,106,0,0,0
2019-10-30 16:15,203,106,97,0,0,0
2019-10-30 16:30,163,77,86,0,0,0
2019-10-30 16:45,184,85,99,0,0,0
2019-10-30 17:00,212,104,108,0,0,0
2019-10-30 17:15,153,67,86,0,0,0
2019-10-30 17:30,151,86,65,0,0,0
2019-10-30 17:45,196,109,87,0,0,0
2019-10-30 18:00,158,82,76,0,0,0
2019-10-30 18:15,183,78,105,0,0,0
2019-10-30 18:30,134,63,71,0,0,0
2019-10-30 18:45,164,81,83,0,0,0
2019-10-30 19:00,108,50,58,0,0,0
2019-10-30 19:15,132,76,56,0,0,0
2019-10-30 19:30,82,54,28,0,0,0
2019-10-30 19:45,106,53,53,0,0,0
2019-10-30 20:00,79,44,35,0,0,0
2019-10-30 20:15,103,55,48,0,0,0
2019-10-30 20:30,65,30,35,0,0,0
2019-10-30 20:45,53,28,25,0,0,0
2019-10-30 21:00,58,21,37,0,0,0
2019-10-30 21:15,61,30,31,0,0,0
2019-10-30 21:30,67,37,30,0,0,0
2019-10-30 21:45,71,37,34,0,0,0
2019-10-30 22:00,45,18,27,0,0,0
2019-10-30 22:15,50,14,36,0,0,0
2019-10-30 22:30,48,17,31,0,0,0
2019-10-30 22:45,44,28,16,0,0,0
2019-10-30 23:00,45,27,18,0,0,0
2019-10-30 23:15,31,11,20,0,0,0
2019-10-30 23:30,13,4,9,0,0,0
2019-10-30 23:45,21,10,11,0,0,0
2019-10-31 00:00,15,6,9,0,0,0
2019-10-31 00:15,8,2,6,0,0,0
2019-10-31 00:30,5,1,4,0,0,0
2019-10-31 00:45,8,1,7,0,0,0
2019-10-31 01:00,12,1,11,0,0,0
2019-10-31 01:15,8,2,6,0,0,0
2019-10-31 01:30,8,0,8,0,0,0
2019-10-31 01:45,4,2,2,0,0,0
2019-10-31 02:00,4,2,2,0,0,0
2019-10-31 02:15,2,2,0,0,0,0
2019-10-31 02:30,4,2,2,0,0,0
2019-10-31 02:45,5,1,4,0,0,0
2019-10-31 03:00,0,0,0,0,0,0
2019-10-31 03:15,7,1,6,0,0,0
2019-10-31 03:30,1,0,1,0,0,0
2019-10-31 03:45,0,0,0,0,0,0
2019-10-31 04:00,5,2,3,0,0,0
2019-10-31 04:15,3,1,2,0,0,0
2019-10-31 04:30,1,0,1,0,0,0
2019-10-31 04:45,2,2,0,0,0,0
2019-10-31 05:00,0,0,0,0,0,0
2019-10-31 05:15,3,1,2,0,0,0
2019-10-31 05:30,14,11,3,0,0,0
2019-10-31 05:45,19,7,12,0,0,0
2019-10-31 06:00,13,9,4,0,0,0
2019-10-31 06:15,22,14,8,0,0,0
2019-10-31 06:30,39,27,12,0,0,0
2019-10-31 06:45,66,45,21,0,0,0
2019-10-31 07:00,89,59,30,0,0,0
2019-10-31 07:15,145,110,35,0,0,0
2019-10-31 07:30,314,261,53,0,0,0
2019-10-31 07:45,270,217,53,0,0,0
2019-10-31 08:00,166,141,25,0,0,0
2019-10-31 08:15,147,108,39,0,0,0
2019-10-31 08:30,142,113,29,0,0,0
2019-10-31 08:45,148,126,22,0,0,0
2019-10-31 09:00,122,90,32,0,0,0
2019-10-31 09:15,117,100,17,0,0,0
2019-10-31 09:30,119,92,27,0,0,0
2019-10-31 09:45,191,163,28,0,0,0
2019-10-31 10:00,131,103,28,0,0,0
2019-10-31 10:15,79,56,23,0,0,0
2019-10-31 10:30,89,65,24,0,0,0
2019-10-31 10:45,101,74,27,0,0,0
2019-10-31 11:00,93,68,25,0,0,0
2019-10-31 11:15,109,68,41,0,0,0
2019-10-31 11:30,121,81,40,0,0,0
2019-10-31 11:45,194,132,62,0,0,0
2019-10-31 12:00,138,80,58,0,0,0
2019-10-31 12:15,109,60,49,0,0,0
2019-10-31 12:30,135,69,66,0,0,0
2019-10-31 12:45,103,60,43,0,0,0
2019-10-31 13:00,139,58,81,0,0,0
2019-10-31 13:15,139,88,51,0,0,0
2019-10-31 13:30,122,73,49,0,0,0
2019-10-31 13:45,158,92,66,0,0,0
2019-10-31 14:00,182,78,104,0,0,0
2019-10-31 14:15,125,63,62,0,0,0
2019-10-31 14:30,120,68,52,0,0,0
2019-10-31 14:45,154,85,69,0,0,0
2019-10-31 15:00,143,69,74,0,0,0
2019-10-31 15:15,157,82,75,0,0,0
2019-10-31 15:30,163,106,57,0,0,0
2019-10-31 15:45,220,122,98,0,0,0
2019-10-31 16:00,205,97,108,0,0,0
2019-10-31 16:15,171,88,83,0,0,0
2019-10-31 16:30,158,91,67,0,0,0
2019-10-31 16:45,191,86,105,0,0,0
2019-10-31 17:00,180,87,93,0,0,0
2019-10-31 17:15,148,67,81,0,0,0
2019-10-31 17:30,165,80,85,0,0,0
2019-10-31 17:45,156,72,84,0,0,0
2019-10-31 18:00,136,66,70,0,0,0
2019-10-31 18:15,140,66,74,0,0,0
2019-10-31 18:30,144,69,75,0,0,0
2019-10-31 18:45,125,69,56,0,0,0
2019-10-31 19:00,127,71,56,0,0,0
2019-10-31 19:15,105,52,53,0,0,0
2019-10-31 19:30,112,58,54,0,0,0
2019-10-31 19:45,154,82,72,0,0,0
2019-10-31 20:00,93,42,51,0,0,0
2019-10-31 20:15,108,58,50,0,0,0
2019-10-31 20:30,85,48,37,0,0,0
2019-10-31 20:45,74,42,32,0,0,0
2019-10-31 21:00,94,50,44,0,0,0
2019-10-31 21:15,74,43,31,0,0,0
2019-10-31 21:30,65,40,25,0,0,0
2019-10-31 21:45,67,41,26,0,0,0
2019-10-31 22:00,47,21,26,0,0,0
2019-10-31 22:15,47,26,21,0,0,0
2019-10-31 22:30,43,18,25,0,0,0
2019-10-31 22:45,44,17,27,0,0,0
2019-10-31 23:00,45,29,16,0,0,0
2019-10-31 23:15,40,25,15,0,0,0
2019-10-31 23:30,46,23,23,0,0,0
2019-10-31 23:45,47,27,20,0,0,0
