Datetime,100034983 (Warendorfer Straße),101034983 (Warendorfer Straße stadteinwärts),102034983 (Warendorfer Straße stadtauswärts),100034983-status,101034983-status,102034983-status
2019-12-01 00:00,30,15,15,0,0,0
2019-12-01 00:15,36,17,19,0,0,0
2019-12-01 00:30,29,11,18,0,0,0
2019-12-01 00:45,29,16,13,0,0,0
2019-12-01 01:00,23,13,10,0,0,0
2019-12-01 01:15,21,9,12,0,0,0
2019-12-01 01:30,26,13,13,0,0,0
2019-12-01 01:45,15,6,9,0,0,0
2019-12-01 02:00,15,3,12,0,0,0
2019-12-01 02:15,11,5,6,0,0,0
2019-12-01 02:30,15,7,8,0,0,0
2019-12-01 02:45,10,3,7,0,0,0
2019-12-01 03:00,16,5,11,0,0,0
2019-12-01 03:15,4,2,2,0,0,0
2019-12-01 03:30,5,2,3,0,0,0
2019-12-01 03:45,6,3,3,0,0,0
2019-12-01 04:00,7,2,5,0,0,0
2019-12-01 04:15,4,0,4,0,0,0
2019-12-01 04:30,4,0,4,0,0,0
2019-12-01 04:45,4,1,3,0,0,0
2019-12-01 05:00,0,0,0,0,0,0
2019-12-01 05:15,1,0,1,0,0,0
2019-12-01 05:30,2,1,1,0,0,0
2019-12-01 05:45,7,3,4,0,0,0
2019-12-01 06:00,4,2,2,0,0,0
2019-12-01 06:15,7,4,3,0,0,0
2019-12-01 06:30,2,0,2,0,0,0
2019-12-01 06:45,5,3,2,0,0,0
2019-12-01 07:00,4,3,1,0,0,0
2019-12-01 07:15,4,3,1,0,0,0
2019-12-01 07:30,8,5,3,0,0,0
2019-12-01 07:45,8,4,4,0,0,0
2019-12-01 08:00,4,2,2,0,0,0
2019-12-01 08:15,11,6,5,0,0,0
2019-12-01 08:30,15,10,5,0,0,0
2019-12-01 08:45,20,12,8,0,0,0
2019-12-01 09:00,15,14,1,0,0,0
2019-12-01 09:15,21,13,8,0,0,0
2019-12-01 09:30,28,17,11,0,0,0
2019-12-01 09:45,40,33,7,0,0,0
2019-12-01 10:00,43,36,7,0,0,0
2019-12-01 10:15,40,31,9,0,0,0
2019-12-01 10:30,38,31,7,0,0,0
2019-12-01 10:45,40,31,9,0,0,0
2019-12-01 11:00,29,26,3,0,0,0
2019-12-01 11:15,52,42,10,0,0,0
2019-12-01 11:30,37,26,11,0,0,0
2019-12-01 11:45,67,49,18,0,0,0
2019-12-01 12:00,45,31,14,0,0,0
2019-12-01 12:15,39,18,21,0,0,0
2019-12-01 12:30,49,20,29,0,0,0
2019-12-01 12:45,50,27,23,0,0,0
2019-12-01 13:00,55,27,28,0,0,0
2019-12-01 13:15,61,45,16,0,0,0
2019-12-01 13:30,49,29,20,0,0,0
2019-12-01 13:45,78,59,19,0,0,0
2019-12-01 14:00,51,39,12,0,0,0
2019-12-01 14:15,61,36,25,0,0,0
2019-12-01 14:30,54,31,23,0,0,0
2019-12-01 14:45,73,46,27,0,0,0
2019-12-01 15:00,60,38,22,0,0,0
2019-12-01 15:15,74,44,30,0,0,0
2019-12-01 15:30,86,54,32,0,0,0
2019-12-01 15:45,71,51,20,0,0,0
2019-12-01 16:00,66,45,21,0,0,0
2019-12-01 16:15,62,40,22,0,0,0
2019-12-01 16:30,64,31,33,0,0,0
2019-12-01 16:45,80,50,30,0,0,0
2019-12-01 17:00,66,39,27,0,0,0
2019-12-01 17:15,48,28,20,0,0,0
2019-12-01 17:30,85,58,27,0,0,0
2019-12-01 17:45,91,60,31,0,0,0
2019-12-01 18:00,45,22,23,0,0,0
2019-12-01 18:15,53,33,20,0,0,0
2019-12-01 18:30,57,29,28,0,0,0
2019-12-01 18:45,58,28,30,0,0,0
2019-12-01 19:00,53,21,32,0,0,0
2019-12-01 19:15,63,19,44,0,0,0
2019-12-01 19:30,39,12,27,0,0,0
2019-12-01 19:45,40,18,22,0,0,0
2019-12-01 20:00,30,10,20,0,0,0
2019-12-01 20:15,36,13,23,0,0,0
2019-12-01 20:30,33,10,23,0,0,0
2019-12-01 20:45,28,9,19,0,0,0
2019-12-01 21:00,32,15,17,0,0,0
2019-12-01 21:15,22,9,13,0,0,0
2019-12-01 21:30,22,7,15,0,0,0
2019-12-01 21:45,22,11,11,0,0,0
2019-12-01 22:00,27,19,8,0,0,0
2019-12-01 22:15,9,4,5,0,0,0
2019-12-01 22:30,10,6,4,0,0,0
2019-12-01 22:45,7,3,4,0,0,0
2019-12-01 23:00,13,10,3,0,0,0
2019-12-01 23:15,7,4,3,0,0,0
2019-12-01 23:30,7,5,2,0,0,0
2019-12-01 23:45,2,0,2,0,0,0
2019-12-02 00:00,3,2,1,0,0,0
2019-12-02 00:15,0,0,0,0,0,0
2019-12-02 00:30,2,0,2,0,0,0
2019-12-02 00:45,2,1,1,0,0,0
2019-12-02 01:00,1,1,0,0,0,0
2019-12-02 01:15,1,0,1,0,0,0
2019-12-02 01:30,0,0,0,0,0,0
2019-12-02 01:45,4,2,2,0,0,0
2019-12-02 02:00,1,0,1,0,0,0
2019-12-02 02:15,0,0,0,0,0,0
2019-12-02 02:30,0,0,0,0,0,0
2019-12-02 02:45,1,1,0,0,0,0
2019-12-02 03:00,0,0,0,0,0,0
2019-12-02 03:15,0,0,0,0,0,0
2019-12-02 03:30,1,1,0,0,0,0
2019-12-02 03:45,0,0,0,0,0,0
2019-12-02 04:00,0,0,0,0,0,0
2019-12-02 04:15,0,0,0,0,0,0
2019-12-02 04:30,2,1,1,0,0,0
2019-12-02 04:45,0,0,0,0,0,0
2019-12-02 05:00,0,0,0,0,0,0
2019-12-02 05:15,3,3,0,0,0,0
2019-12-02 05:30,12,10,2,0,0,0
2019-12-02 05:45,15,8,7,0,0,0
2019-12-02 06:00,9,9,0,0,0,0
2019-12-02 06:15,31,19,12,0,0,0
2019-12-02 06:30,43,29,14,0,0,0
2019-12-02 06:45,60,47,13,0,0,0
2019-12-02 07:00,81,58,23,0,0,0
2019-12-02 07:15,152,118,34,0,0,0
2019-12-02 07:30,320,283,37,0,0,0
2019-12-02 07:45,258,192,66,0,0,0
2019-12-02 08:00,177,141,36,0,0,0
2019-12-02 08:15,152,109,43,0,0,0
2019-12-02 08:30,141,116,25,0,0,0
2019-12-02 08:45,155,128,27,0,0,0
2019-12-02 09:00,100,73,27,0,0,0
2019-12-02 09:15,104,80,24,0,0,0
2019-12-02 09:30,132,106,26,0,0,0
2019-12-02 09:45,124,113,11,0,0,0
2019-12-02 10:00,128,113,15,0,0,0
2019-12-02 10:15,75,58,17,0,0,0
2019-12-02 10:30,81,63,18,0,0,0
2019-12-02 10:45,108,85,23,0,0,0
2019-12-02 11:00,73,49,24,0,0,0
2019-12-02 11:15,71,46,25,0,0,0
2019-12-02 11:30,102,64,38,0,0,0
2019-12-02 11:45,115,78,37,0,0,0
2019-12-02 12:00,109,76,33,0,0,0
2019-12-02 12:15,115,65,50,0,0,0
2019-12-02 12:30,130,58,72,0,0,0
2019-12-02 12:45,96,51,45,0,0,0
2019-12-02 13:00,134,64,70,0,0,0
2019-12-02 13:15,126,59,67,0,0,0
2019-12-02 13:30,126,78,48,0,0,0
2019-12-02 13:45,153,86,67,0,0,0
2019-12-02 14:00,153,77,76,0,0,0
2019-12-02 14:15,102,62,40,0,0,0
2019-12-02 14:30,109,53,56,0,0,0
2019-12-02 14:45,145,81,64,0,0,0
2019-12-02 15:00,154,82,72,0,0,0
2019-12-02 15:15,158,102,56,0,0,0
2019-12-02 15:30,159,76,83,0,0,0
2019-12-02 15:45,179,113,66,0,0,0
2019-12-02 16:00,219,118,101,0,0,0
2019-12-02 16:15,197,97,100,0,0,0
2019-12-02 16:30,182,101,81,0,0,0
2019-12-02 16:45,176,101,75,0,0,0
2019-12-02 17:00,157,92,65,0,0,0
2019-12-02 17:15,188,105,83,0,0,0
2019-12-02 17:30,181,107,74,0,0,0
2019-12-02 17:45,167,95,72,0,0,0
2019-12-02 18:00,173,97,76,0,0,0
2019-12-02 18:15,146,80,66,0,0,0
2019-12-02 18:30,120,57,63,0,0,0
2019-12-02 18:45,119,57,62,0,0,0
2019-12-02 19:00,102,39,63,0,0,0
2019-12-02 19:15,75,33,42,0,0,0
2019-12-02 19:30,92,45,47,0,0,0
2019-12-02 19:45,97,41,56,0,0,0
2019-12-02 20:00,102,28,74,0,0,0
2019-12-02 20:15,61,11,50,0,0,0
2019-12-02 20:30,50,28,22,0,0,0
2019-12-02 20:45,39,18,21,0,0,0
2019-12-02 21:00,39,14,25,0,0,0
2019-12-02 21:15,38,15,23,0,0,0
2019-12-02 21:30,31,8,23,0,0,0
2019-12-02 21:45,41,22,19,0,0,0
2019-12-02 22:00,44,18,26,0,0,0
2019-12-02 22:15,33,14,19,0,0,0
2019-12-02 22:30,39,17,22,0,0,0
2019-12-02 22:45,24,10,14,0,0,0
2019-12-02 23:00,36,17,19,0,0,0
2019-12-02 23:15,27,12,15,0,0,0
2019-12-02 23:30,25,18,7,0,0,0
2019-12-02 23:45,15,6,9,0,0,0
2019-12-03 00:00,1,1,0,0,0,0
2019-12-03 00:15,6,2,4,0,0,0
2019-12-03 00:30,3,1,2,0,0,0
2019-12-03 00:45,6,2,4,0,0,0
2019-12-03 01:00,0,0,0,0,0,0
2019-12-03 01:15,0,0,0,0,0,0
2019-12-03 01:30,1,0,1,0,0,0
2019-12-03 01:45,5,2,3,0,0,0
2019-12-03 02:00,2,2,0,0,0,0
2019-12-03 02:15,2,2,0,0,0,0
2019-12-03 02:30,0,0,0,0,0,0
2019-12-03 02:45,2,0,2,0,0,0
2019-12-03 03:00,0,0,0,0,0,0
2019-12-03 03:15,0,0,0,0,0,0
2019-12-03 03:30,1,1,0,0,0,0
2019-12-03 03:45,0,0,0,0,0,0
2019-12-03 04:00,1,1,0,0,0,0
2019-12-03 04:15,2,0,2,0,0,0
2019-12-03 04:30,1,1,0,0,0,0
2019-12-03 04:45,0,0,0,0,0,0
2019-12-03 05:00,0,0,0,0,0,0
2019-12-03 05:15,4,1,3,0,0,0
2019-12-03 05:30,14,8,6,0,0,0
2019-12-03 05:45,17,13,4,0,0,0
2019-12-03 06:00,11,9,2,0,0,0
2019-12-03 06:15,23,14,9,0,0,0
2019-12-03 06:30,34,19,15,0,0,0
2019-12-03 06:45,67,48,19,0,0,0
2019-12-03 07:00,86,68,18,0,0,0
2019-12-03 07:15,148,115,33,0,0,0
2019-12-03 07:30,331,295,36,0,0,0
2019-12-03 07:45,239,189,50,0,0,0
2019-12-03 08:00,184,159,25,0,0,0
2019-12-03 08:15,161,123,38,0,0,0
2019-12-03 08:30,115,93,22,0,0,0
2019-12-03 08:45,162,122,40,0,0,0
2019-12-03 09:00,117,94,23,0,0,0
2019-12-03 09:15,108,75,33,0,0,0
2019-12-03 09:30,121,97,24,0,0,0
2019-12-03 09:45,145,119,26,0,0,0
2019-12-03 10:00,111,98,13,0,0,0
2019-12-03 10:15,83,63,20,0,0,0
2019-12-03 10:30,86,64,22,0,0,0
2019-12-03 10:45,106,79,27,0,0,0
2019-12-03 11:00,84,59,25,0,0,0
2019-12-03 11:15,85,55,30,0,0,0
2019-12-03 11:30,87,52,35,0,0,0
2019-12-03 11:45,138,79,59,0,0,0
2019-12-03 12:00,94,67,27,0,0,0
2019-12-03 12:15,110,65,45,0,0,0
2019-12-03 12:30,121,78,43,0,0,0
2019-12-03 12:45,120,63,57,0,0,0
2019-12-03 13:00,141,77,64,0,0,0
2019-12-03 13:15,136,66,70,0,0,0
2019-12-03 13:30,108,57,51,0,0,0
2019-12-03 13:45,128,68,60,0,0,0
2019-12-03 14:00,164,65,99,0,0,0
2019-12-03 14:15,134,58,76,0,0,0
2019-12-03 14:30,108,56,52,0,0,0
2019-12-03 14:45,121,66,55,0,0,0
2019-12-03 15:00,120,67,53,0,0,0
2019-12-03 15:15,142,88,54,0,0,0
2019-12-03 15:30,165,99,66,0,0,0
2019-12-03 15:45,224,127,97,0,0,0
2019-12-03 16:00,216,118,98,0,0,0
2019-12-03 16:15,202,103,99,0,0,0
2019-12-03 16:30,153,77,76,0,0,0
2019-12-03 16:45,213,106,107,0,0,0
2019-12-03 17:00,184,105,79,0,0,0
2019-12-03 17:15,165,73,92,0,0,0
2019-12-03 17:30,187,92,95,0,0,0
2019-12-03 17:45,209,116,93,0,0,0
2019-12-03 18:00,186,94,92,0,0,0
2019-12-03 18:15,178,91,87,0,0,0
2019-12-03 18:30,131,63,68,0,0,0
2019-12-03 18:45,142,80,62,0,0,0
2019-12-03 19:00,121,47,74,0,0,0
2019-12-03 19:15,100,56,44,0,0,0
2019-12-03 19:30,103,46,57,0,0,0
2019-12-03 19:45,116,57,59,0,0,0
2019-12-03 20:00,106,49,57,0,0,0
2019-12-03 20:15,70,25,45,0,0,0
2019-12-03 20:30,55,23,32,0,0,0
2019-12-03 20:45,52,20,32,0,0,0
2019-12-03 21:00,56,23,33,0,0,0
2019-12-03 21:15,49,21,28,0,0,0
2019-12-03 21:30,83,22,61,0,0,0
2019-12-03 21:45,61,18,43,0,0,0
2019-12-03 22:00,49,16,33,0,0,0
2019-12-03 22:15,65,33,32,0,0,0
2019-12-03 22:30,49,14,35,0,0,0
2019-12-03 22:45,46,15,31,0,0,0
2019-12-03 23:00,33,12,21,0,0,0
2019-12-03 23:15,20,5,15,0,0,0
2019-12-03 23:30,29,10,19,0,0,0
2019-12-03 23:45,16,7,9,0,0,0
2019-12-04 00:00,14,9,5,0,0,0
2019-12-04 00:15,13,7,6,0,0,0
2019-12-04 00:30,7,2,5,0,0,0
2019-12-04 00:45,5,4,1,0,0,0
2019-12-04 01:00,1,0,1,0,0,0
2019-12-04 01:15,5,0,5,0,0,0
2019-12-04 01:30,2,1,1,0,0,0
2019-12-04 01:45,7,5,2,0,0,0
2019-12-04 02:00,2,1,1,0,0,0
2019-12-04 02:15,0,0,0,0,0,0
2019-12-04 02:30,1,0,1,0,0,0
2019-12-04 02:45,2,0,2,0,0,0
2019-12-04 03:00,2,0,2,0,0,0
2019-12-04 03:15,0,0,0,0,0,0
2019-12-04 03:30,0,0,0,0,0,0
2019-12-04 03:45,0,0,0,0,0,0
2019-12-04 04:00,0,0,0,0,0,0
2019-12-04 04:15,1,0,1,0,0,0
2019-12-04 04:30,3,2,1,0,0,0
2019-12-04 04:45,0,0,0,0,0,0
2019-12-04 05:00,2,1,1,0,0,0
2019-12-04 05:15,4,2,2,0,0,0
2019-12-04 05:30,14,13,1,0,0,0
2019-12-04 05:45,14,9,5,0,0,0
2019-12-04 06:00,11,6,5,0,0,0
2019-12-04 06:15,21,15,6,0,0,0
2019-12-04 06:30,46,22,24,0,0,0
2019-12-04 06:45,69,52,17,0,0,0
2019-12-04 07:00,95,72,23,0,0,0
2019-12-04 07:15,146,104,42,0,0,0
2019-12-04 07:30,317,281,36,0,0,0
2019-12-04 07:45,244,191,53,0,0,0
2019-12-04 08:00,204,163,41,0,0,0
2019-12-04 08:15,171,133,38,0,0,0
2019-12-04 08:30,178,135,43,0,0,0
2019-12-04 08:45,160,120,40,0,0,0
2019-12-04 09:00,110,87,23,0,0,0
2019-12-04 09:15,129,104,25,0,0,0
2019-12-04 09:30,114,94,20,0,0,0
2019-12-04 09:45,180,155,25,0,0,0
2019-12-04 10:00,148,125,23,0,0,0
2019-12-04 10:15,134,110,24,0,0,0
2019-12-04 10:30,103,77,26,0,0,0
2019-12-04 10:45,106,74,32,0,0,0
2019-12-04 11:00,96,60,36,0,0,0
2019-12-04 11:15,120,83,37,0,0,0
2019-12-04 11:30,156,107,49,0,0,0
2019-12-04 11:45,128,93,35,0,0,0
2019-12-04 12:00,147,92,55,0,0,0
2019-12-04 12:15,134,73,61,0,0,0
2019-12-04 12:30,153,90,63,0,0,0
2019-12-04 12:45,122,73,49,0,0,0
2019-12-04 13:00,161,89,72,0,0,0
2019-12-04 13:15,167,79,88,0,0,0
2019-12-04 13:30,156,79,77,0,0,0
2019-12-04 13:45,167,85,82,0,0,0
2019-12-04 14:00,165,77,88,0,0,0
2019-12-04 14:15,133,56,77,0,0,0
2019-12-04 14:30,134,68,66,0,0,0
2019-12-04 14:45,129,74,55,0,0,0
2019-12-04 15:00,139,76,63,0,0,0
2019-12-04 15:15,150,93,57,0,0,0
2019-12-04 15:30,154,74,80,0,0,0
2019-12-04 15:45,202,98,104,0,0,0
2019-12-04 16:00,212,123,89,0,0,0
2019-12-04 16:15,176,101,75,0,0,0
2019-12-04 16:30,191,98,93,0,0,0
2019-12-04 16:45,190,123,67,0,0,0
2019-12-04 17:00,160,100,60,0,0,0
2019-12-04 17:15,160,90,70,0,0,0
2019-12-04 17:30,148,83,65,0,0,0
2019-12-04 17:45,191,114,77,0,0,0
2019-12-04 18:00,167,74,93,0,0,0
2019-12-04 18:15,162,87,75,0,0,0
2019-12-04 18:30,118,67,51,0,0,0
2019-12-04 18:45,142,83,59,0,0,0
2019-12-04 19:00,97,52,45,0,0,0
2019-12-04 19:15,127,63,64,0,0,0
2019-12-04 19:30,92,42,50,0,0,0
2019-12-04 19:45,109,45,64,0,0,0
2019-12-04 20:00,102,34,68,0,0,0
2019-12-04 20:15,74,27,47,0,0,0
2019-12-04 20:30,58,19,39,0,0,0
2019-12-04 20:45,46,22,24,0,0,0
2019-12-04 21:00,49,13,36,0,0,0
2019-12-04 21:15,47,14,33,0,0,0
2019-12-04 21:30,73,29,44,0,0,0
2019-12-04 21:45,58,25,33,0,0,0
2019-12-04 22:00,71,24,47,0,0,0
2019-12-04 22:15,55,21,34,0,0,0
2019-12-04 22:30,44,15,29,0,0,0
2019-12-04 22:45,47,22,25,0,0,0
2019-12-04 23:00,31,8,23,0,0,0
2019-12-04 23:15,23,8,15,0,0,0
2019-12-04 23:30,21,8,13,0,0,0
2019-12-04 23:45,46,30,16,0,0,0
2019-12-05 00:00,20,11,9,0,0,0
2019-12-05 00:15,17,13,4,0,0,0
2019-12-05 00:30,28,23,5,0,0,0
2019-12-05 00:45,7,2,5,0,0,0
2019-12-05 01:00,9,2,7,0,0,0
2019-12-05 01:15,5,1,4,0,0,0
2019-12-05 01:30,6,0,6,0,0,0
2019-12-05 01:45,7,3,4,0,0,0
2019-12-05 02:00,3,0,3,0,0,0
2019-12-05 02:15,1,0,1,0,0,0
2019-12-05 02:30,4,0,4,0,0,0
2019-12-05 02:45,2,0,2,0,0,0
2019-12-05 03:00,1,0,1,0,0,0
2019-12-05 03:15,2,0,2,0,0,0
2019-12-05 03:30,3,0,3,0,0,0
2019-12-05 03:45,2,0,2,0,0,0
2019-12-05 04:00,1,0,1,0,0,0
2019-12-05 04:15,2,1,1,0,0,0
2019-12-05 04:30,3,1,2,0,0,0
2019-12-05 04:45,2,1,1,0,0,0
2019-12-05 05:00,1,1,0,0,0,0
2019-12-05 05:15,1,1,0,0,0,0
2019-12-05 05:30,9,7,2,0,0,0
2019-12-05 05:45,14,6,8,0,0,0
2019-12-05 06:00,13,7,6,0,0,0
2019-12-05 06:15,27,18,9,0,0,0
2019-12-05 06:30,44,28,16,0,0,0
2019-12-05 06:45,65,50,15,0,0,0
2019-12-05 07:00,83,65,18,0,0,0
2019-12-05 07:15,151,108,43,0,0,0
2019-12-05 07:30,308,272,36,0,0,0
2019-12-05 07:45,216,169,47,0,0,0
2019-12-05 08:00,187,152,35,0,0,0
2019-12-05 08:15,162,140,22,0,0,0
2019-12-05 08:30,134,110,24,0,0,0
2019-12-05 08:45,184,142,42,0,0,0
2019-12-05 09:00,113,84,29,0,0,0
2019-12-05 09:15,102,77,25,0,0,0
2019-12-05 09:30,117,93,24,0,0,0
2019-12-05 09:45,166,148,18,0,0,0
2019-12-05 10:00,135,115,20,0,0,0
2019-12-05 10:15,86,72,14,0,0,0
2019-12-05 10:30,88,59,29,0,0,0
2019-12-05 10:45,78,55,23,0,0,0
2019-12-05 11:00,80,56,24,0,0,0
2019-12-05 11:15,83,57,26,0,0,0
2019-12-05 11:30,110,76,34,0,0,0
2019-12-05 11:45,146,98,48,0,0,0
2019-12-05 12:00,134,81,53,0,0,0
2019-12-05 12:15,118,64,54,0,0,0
2019-12-05 12:30,113,72,41,0,0,0
2019-12-05 12:45,125,72,53,0,0,0
2019-12-05 13:00,97,48,49,0,0,0
2019-12-05 13:15,126,47,79,0,0,0
2019-12-05 13:30,98,53,45,0,0,0
2019-12-05 13:45,143,78,65,0,0,0
2019-12-05 14:00,132,56,76,0,0,0
2019-12-05 14:15,125,66,59,0,0,0
2019-12-05 14:30,121,70,51,0,0,0
2019-12-05 14:45,149,72,77,0,0,0
2019-12-05 15:00,121,73,48,0,0,0
2019-12-05 15:15,145,84,61,0,0,0
2019-12-05 15:30,136,73,63,0,0,0
2019-12-05 15:45,168,104,64,0,0,0
2019-12-05 16:00,206,116,90,0,0,0
2019-12-05 16:15,184,107,77,0,0,0
2019-12-05 16:30,179,90,89,0,0,0
2019-12-05 16:45,180,102,78,0,0,0
2019-12-05 17:00,163,90,73,0,0,0
2019-12-05 17:15,162,91,71,0,0,0
2019-12-05 17:30,194,108,86,0,0,0
2019-12-05 17:45,240,139,101,0,0,0
2019-12-05 18:00,169,87,82,0,0,0
2019-12-05 18:15,169,88,81,0,0,0
2019-12-05 18:30,109,55,54,0,0,0
2019-12-05 18:45,153,95,58,0,0,0
2019-12-05 19:00,98,45,53,0,0,0
2019-12-05 19:15,132,62,70,0,0,0
2019-12-05 19:30,88,42,46,0,0,0
2019-12-05 19:45,130,62,68,0,0,0
2019-12-05 20:00,85,28,57,0,0,0
2019-12-05 20:15,83,21,62,0,0,0
2019-12-05 20:30,65,22,43,0,0,0
2019-12-05 20:45,56,31,25,0,0,0
2019-12-05 21:00,64,25,39,0,0,0
2019-12-05 21:15,57,18,39,0,0,0
2019-12-05 21:30,50,24,26,0,0,0
2019-12-05 21:45,43,15,28,0,0,0
2019-12-05 22:00,43,22,21,0,0,0
2019-12-05 22:15,52,24,28,0,0,0
2019-12-05 22:30,50,22,28,0,0,0
2019-12-05 22:45,32,8,24,0,0,0
2019-12-05 23:00,35,14,21,0,0,0
2019-12-05 23:15,37,12,25,0,0,0
2019-12-05 23:30,18,9,9,0,0,0
2019-12-05 23:45,17,6,11,0,0,0
2019-12-06 00:00,18,2,16,0,0,0
2019-12-06 00:15,19,8,11,0,0,0
2019-12-06 00:30,11,3,8,0,0,0
2019-12-06 00:45,16,10,6,0,0,0
2019-12-06 01:00,8,5,3,0,0,0
2019-12-06 01:15,1,0,1,0,0,0
2019-12-06 01:30,6,4,2,0,0,0
2019-12-06 01:45,10,3,7,0,0,0
2019-12-06 02:00,9,1,8,0,0,0
2019-12-06 02:15,3,1,2,0,0,0
2019-12-06 02:30,5,3,2,0,0,0
2019-12-06 02:45,4,0,4,0,0,0
2019-12-06 03:00,0,0,0,0,0,0
2019-12-06 03:15,3,0,3,0,0,0
2019-12-06 03:30,3,1,2,0,0,0
2019-12-06 03:45,2,0,2,0,0,0
2019-12-06 04:00,6,5,1,0,0,0
2019-12-06 04:15,7,2,5,0,0,0
2019-12-06 04:30,6,1,5,0,0,0
2019-12-06 04:45,1,0,1,0,0,0
2019-12-06 05:00,0,0,0,0,0,0
2019-12-06 05:15,6,4,2,0,0,0
2019-12-06 05:30,9,7,2,0,0,0
2019-12-06 05:45,16,9,7,0,0,0
2019-12-06 06:00,12,8,4,0,0,0
2019-12-06 06:15,22,13,9,0,0,0
2019-12-06 06:30,39,23,16,0,0,0
2019-12-06 06:45,62,47,15,0,0,0
2019-12-06 07:00,63,48,15,0,0,0
2019-12-06 07:15,129,92,37,0,0,0
2019-12-06 07:30,304,262,42,0,0,0
2019-12-06 07:45,198,144,54,0,0,0
2019-12-06 08:00,127,108,19,0,0,0
2019-12-06 08:15,121,95,26,0,0,0
2019-12-06 08:30,104,86,18,0,0,0
2019-12-06 08:45,108,84,24,0,0,0
2019-12-06 09:00,91,74,17,0,0,0
2019-12-06 09:15,82,65,17,0,0,0
2019-12-06 09:30,77,58,19,0,0,0
2019-12-06 09:45,122,95,27,0,0,0
2019-12-06 10:00,66,48,18,0,0,0
2019-12-06 10:15,67,51,16,0,0,0
2019-12-06 10:30,59,43,16,0,0,0
2019-12-06 10:45,66,49,17,0,0,0
2019-12-06 11:00,52,34,18,0,0,0
2019-12-06 11:15,73,53,20,0,0,0
2019-12-06 11:30,64,48,16,0,0,0
2019-12-06 11:45,90,56,34,0,0,0
2019-12-06 12:00,90,56,34,0,0,0
2019-12-06 12:15,80,40,40,0,0,0
2019-12-06 12:30,100,55,45,0,0,0
2019-12-06 12:45,123,63,60,0,0,0
2019-12-06 13:00,124,58,66,0,0,0
2019-12-06 13:15,118,57,61,0,0,0
2019-12-06 13:30,99,51,48,0,0,0
2019-12-06 13:45,107,54,53,0,0,0
2019-12-06 14:00,130,56,74,0,0,0
2019-12-06 14:15,114,65,49,0,0,0
2019-12-06 14:30,117,54,63,0,0,0
2019-12-06 14:45,123,60,63,0,0,0
2019-12-06 15:00,117,60,57,0,0,0
2019-12-06 15:15,124,70,54,0,0,0
2019-12-06 15:30,104,58,46,0,0,0
2019-12-06 15:45,110,59,51,0,0,0
2019-12-06 16:00,115,57,58,0,0,0
2019-12-06 16:15,118,57,61,0,0,0
2019-12-06 16:30,118,67,51,0,0,0
2019-12-06 16:45,94,49,45,0,0,0
2019-12-06 17:00,101,55,46,0,0,0
2019-12-06 17:15,102,52,50,0,0,0
2019-12-06 17:30,118,65,53,0,0,0
2019-12-06 17:45,120,73,47,0,0,0
2019-12-06 18:00,74,52,22,0,0,0
2019-12-06 18:15,112,71,41,0,0,0
2019-12-06 18:30,99,59,40,0,0,0
2019-12-06 18:45,84,51,33,0,0,0
2019-12-06 19:00,126,71,55,0,0,0
2019-12-06 19:15,92,47,45,0,0,0
2019-12-06 19:30,49,23,26,0,0,0
2019-12-06 19:45,58,27,31,0,0,0
2019-12-06 20:00,55,22,33,0,0,0
2019-12-06 20:15,55,30,25,0,0,0
2019-12-06 20:30,50,17,33,0,0,0
2019-12-06 20:45,40,22,18,0,0,0
2019-12-06 21:00,55,26,29,0,0,0
2019-12-06 21:15,53,18,35,0,0,0
2019-12-06 21:30,34,10,24,0,0,0
2019-12-06 21:45,27,11,16,0,0,0
2019-12-06 22:00,34,15,19,0,0,0
2019-12-06 22:15,43,19,24,0,0,0
2019-12-06 22:30,50,19,31,0,0,0
2019-12-06 22:45,37,16,21,0,0,0
2019-12-06 23:00,24,16,8,0,0,0
2019-12-06 23:15,31,12,19,0,0,0
2019-12-06 23:30,64,26,38,0,0,0
2019-12-06 23:45,23,11,12,0,0,0
2019-12-07 00:00,28,12,16,0,0,0
2019-12-07 00:15,38,18,20,0,0,0
2019-12-07 00:30,32,14,18,0,0,0
2019-12-07 00:45,19,4,15,0,0,0
2019-12-07 01:00,28,12,16,0,0,0
2019-12-07 01:15,21,9,12,0,0,0
2019-12-07 01:30,16,6,10,0,0,0
2019-12-07 01:45,18,8,10,0,0,0
2019-12-07 02:00,11,3,8,0,0,0
2019-12-07 02:15,11,4,7,0,0,0
2019-12-07 02:30,18,9,9,0,0,0
2019-12-07 02:45,6,2,4,0,0,0
2019-12-07 03:00,16,5,11,0,0,0
2019-12-07 03:15,9,1,8,0,0,0
2019-12-07 03:30,10,3,7,0,0,0
2019-12-07 03:45,13,10,3,0,0,0
2019-12-07 04:00,17,5,12,0,0,0
2019-12-07 04:15,3,1,2,0,0,0
2019-12-07 04:30,13,6,7,0,0,0
2019-12-07 04:45,5,1,4,0,0,0
2019-12-07 05:00,4,1,3,0,0,0
2019-12-07 05:15,3,2,1,0,0,0
2019-12-07 05:30,10,4,6,0,0,0
2019-12-07 05:45,7,5,2,0,0,0
2019-12-07 06:00,4,1,3,0,0,0
2019-12-07 06:15,4,2,2,0,0,0
2019-12-07 06:30,8,6,2,0,0,0
2019-12-07 06:45,10,9,1,0,0,0
2019-12-07 07:00,7,4,3,0,0,0
2019-12-07 07:15,13,6,7,0,0,0
2019-12-07 07:30,21,16,5,0,0,0
2019-12-07 07:45,36,32,4,0,0,0
2019-12-07 08:00,35,29,6,0,0,0
2019-12-07 08:15,29,18,11,0,0,0
2019-12-07 08:30,28,20,8,0,0,0
2019-12-07 08:45,61,51,10,0,0,0
2019-12-07 09:00,47,37,10,0,0,0
2019-12-07 09:15,64,49,15,0,0,0
2019-12-07 09:30,73,58,15,0,0,0
2019-12-07 09:45,116,98,18,0,0,0
2019-12-07 10:00,92,75,17,0,0,0
2019-12-07 10:15,95,72,23,0,0,0
2019-12-07 10:30,97,74,23,0,0,0
2019-12-07 10:45,130,97,33,0,0,0
2019-12-07 11:00,108,81,27,0,0,0
2019-12-07 11:15,105,69,36,0,0,0
2019-12-07 11:30,124,90,34,0,0,0
2019-12-07 11:45,125,87,38,0,0,0
2019-12-07 12:00,100,60,40,0,0,0
2019-12-07 12:15,132,84,48,0,0,0
2019-12-07 12:30,102,53,49,0,0,0
2019-12-07 12:45,128,81,47,0,0,0
2019-12-07 13:00,91,55,36,0,0,0
2019-12-07 13:15,135,76,59,0,0,0
2019-12-07 13:30,129,82,47,0,0,0
2019-12-07 13:45,112,71,41,0,0,0
2019-12-07 14:00,89,43,46,0,0,0
2019-12-07 14:15,101,54,47,0,0,0
2019-12-07 14:30,98,45,53,0,0,0
2019-12-07 14:45,130,65,65,0,0,0
2019-12-07 15:00,121,69,52,0,0,0
2019-12-07 15:15,97,50,47,0,0,0
2019-12-07 15:30,84,45,39,0,0,0
2019-12-07 15:45,95,52,43,0,0,0
2019-12-07 16:00,81,44,37,0,0,0
2019-12-07 16:15,105,57,48,0,0,0
2019-12-07 16:30,66,28,38,0,0,0
2019-12-07 16:45,109,74,35,0,0,0
2019-12-07 17:00,86,49,37,0,0,0
2019-12-07 17:15,83,50,33,0,0,0
2019-12-07 17:30,78,42,36,0,0,0
2019-12-07 17:45,99,68,31,0,0,0
2019-12-07 18:00,84,44,40,0,0,0
2019-12-07 18:15,100,58,42,0,0,0
2019-12-07 18:30,72,42,30,0,0,0
2019-12-07 18:45,90,56,34,0,0,0
2019-12-07 19:00,65,38,27,0,0,0
2019-12-07 19:15,78,33,45,0,0,0
2019-12-07 19:30,74,47,27,0,0,0
2019-12-07 19:45,72,45,27,0,0,0
2019-12-07 20:00,69,33,36,0,0,0
2019-12-07 20:15,52,28,24,0,0,0
2019-12-07 20:30,48,31,17,0,0,0
2019-12-07 20:45,50,23,27,0,0,0
2019-12-07 21:00,53,27,26,0,0,0
2019-12-07 21:15,53,17,36,0,0,0
2019-12-07 21:30,38,11,27,0,0,0
2019-12-07 21:45,39,11,28,0,0,0
2019-12-07 22:00,38,15,23,0,0,0
2019-12-07 22:15,54,28,26,0,0,0
2019-12-07 22:30,34,18,16,0,0,0
2019-12-07 22:45,35,13,22,0,0,0
2019-12-07 23:00,26,10,16,0,0,0
2019-12-07 23:15,47,28,19,0,0,0
2019-12-07 23:30,32,10,22,0,0,0
2019-12-07 23:45,20,5,15,0,0,0
2019-12-08 00:00,31,12,19,0,0,0
2019-12-08 00:15,33,16,17,0,0,0
2019-12-08 00:30,25,8,17,0,0,0
2019-12-08 00:45,32,12,20,0,0,0
2019-12-08 01:00,31,9,22,0,0,0
2019-12-08 01:15,23,12,11,0,0,0
2019-12-08 01:30,11,7,4,0,0,0
2019-12-08 01:45,29,16,13,0,0,0
2019-12-08 02:00,25,7,18,0,0,0
2019-12-08 02:15,28,12,16,0,0,0
2019-12-08 02:30,15,11,4,0,0,0
2019-12-08 02:45,20,12,8,0,0,0
2019-12-08 03:00,9,4,5,0,0,0
2019-12-08 03:15,11,5,6,0,0,0
2019-12-08 03:30,14,8,6,0,0,0
2019-12-08 03:45,10,1,9,0,0,0
2019-12-08 04:00,9,5,4,0,0,0
2019-12-08 04:15,6,2,4,0,0,0
2019-12-08 04:30,5,3,2,0,0,0
2019-12-08 04:45,7,4,3,0,0,0
2019-12-08 05:00,4,1,3,0,0,0
2019-12-08 05:15,9,6,3,0,0,0
2019-12-08 05:30,14,9,5,0,0,0
2019-12-08 05:45,5,0,5,0,0,0
2019-12-08 06:00,5,2,3,0,0,0
2019-12-08 06:15,2,1,1,0,0,0
2019-12-08 06:30,2,2,0,0,0,0
2019-12-08 06:45,4,2,2,0,0,0
2019-12-08 07:00,3,1,2,0,0,0
2019-12-08 07:15,4,2,2,0,0,0
2019-12-08 07:30,11,9,2,0,0,0
2019-12-08 07:45,11,8,3,0,0,0
2019-12-08 08:00,2,2,0,0,0,0
2019-12-08 08:15,8,5,3,0,0,0
2019-12-08 08:30,11,8,3,0,0,0
2019-12-08 08:45,8,6,2,0,0,0
2019-12-08 09:00,8,6,2,0,0,0
2019-12-08 09:15,8,7,1,0,0,0
2019-12-08 09:30,9,3,6,0,0,0
2019-12-08 09:45,38,32,6,0,0,0
2019-12-08 10:00,28,25,3,0,0,0
2019-12-08 10:15,20,13,7,0,0,0
2019-12-08 10:30,38,26,12,0,0,0
2019-12-08 10:45,28,25,3,0,0,0
2019-12-08 11:00,18,9,9,0,0,0
2019-12-08 11:15,14,7,7,0,0,0
2019-12-08 11:30,19,10,9,0,0,0
2019-12-08 11:45,22,15,7,0,0,0
2019-12-08 12:00,25,20,5,0,0,0
2019-12-08 12:15,23,14,9,0,0,0
2019-12-08 12:30,33,17,16,0,0,0
2019-12-08 12:45,40,28,12,0,0,0
2019-12-08 13:00,19,7,12,0,0,0
2019-12-08 13:15,19,14,5,0,0,0
2019-12-08 13:30,50,25,25,0,0,0
2019-12-08 13:45,37,22,15,0,0,0
2019-12-08 14:00,44,24,20,0,0,0
2019-12-08 14:15,54,35,19,0,0,0
2019-12-08 14:30,52,29,23,0,0,0
2019-12-08 14:45,48,35,13,0,0,0
2019-12-08 15:00,38,17,21,0,0,0
2019-12-08 15:15,58,33,25,0,0,0
2019-12-08 15:30,43,28,15,0,0,0
2019-12-08 15:45,95,74,21,0,0,0
2019-12-08 16:00,112,88,24,0,0,0
2019-12-08 16:15,96,79,17,0,0,0
2019-12-08 16:30,95,68,27,0,0,0
2019-12-08 16:45,75,47,28,0,0,0
2019-12-08 17:00,58,40,18,0,0,0
2019-12-08 17:15,59,28,31,0,0,0
2019-12-08 17:30,69,37,32,0,0,0
2019-12-08 17:45,97,51,46,0,0,0
2019-12-08 18:00,45,18,27,0,0,0
2019-12-08 18:15,55,25,30,0,0,0
2019-12-08 18:30,61,32,29,0,0,0
2019-12-08 18:45,61,39,22,0,0,0
2019-12-08 19:00,36,17,19,0,0,0
2019-12-08 19:15,52,27,25,0,0,0
2019-12-08 19:30,43,20,23,0,0,0
2019-12-08 19:45,31,14,17,0,0,0
2019-12-08 20:00,43,7,36,0,0,0
2019-12-08 20:15,39,12,27,0,0,0
2019-12-08 20:30,23,6,17,0,0,0
2019-12-08 20:45,16,6,10,0,0,0
2019-12-08 21:00,25,7,18,0,0,0
2019-12-08 21:15,11,4,7,0,0,0
2019-12-08 21:30,12,6,6,0,0,0
2019-12-08 21:45,17,8,9,0,0,0
2019-12-08 22:00,17,7,10,0,0,0
2019-12-08 22:15,18,4,14,0,0,0
2019-12-08 22:30,22,11,11,0,0,0
2019-12-08 22:45,23,13,10,0,0,0
2019-12-08 23:00,18,13,5,0,0,0
2019-12-08 23:15,15,6,9,0,0,0
2019-12-08 23:30,6,1,5,0,0,0
2019-12-08 23:45,8,6,2,0,0,0
2019-12-09 00:00,3,1,2,0,0,0
2019-12-09 00:15,7,3,4,0,0,0
2019-12-09 00:30,9,4,5,0,0,0
2019-12-09 00:45,3,3,0,0,0,0
2019-12-09 01:00,3,2,1,0,0,0
2019-12-09 01:15,2,1,1,0,0,0
2019-12-09 01:30,1,1,0,0,0,0
2019-12-09 01:45,2,1,1,0,0,0
2019-12-09 02:00,1,0,1,0,0,0
2019-12-09 02:15,2,1,1,0,0,0
2019-12-09 02:30,2,0,2,0,0,0
2019-12-09 02:45,0,0,0,0,0,0
2019-12-09 03:00,0,0,0,0,0,0
2019-12-09 03:15,0,0,0,0,0,0
2019-12-09 03:30,3,3,0,0,0,0
2019-12-09 03:45,0,0,0,0,0,0
2019-12-09 04:00,2,1,1,0,0,0
2019-12-09 04:15,0,0,0,0,0,0
2019-12-09 04:30,3,2,1,0,0,0
2019-12-09 04:45,0,0,0,0,0,0
2019-12-09 05:00,0,0,0,0,0,0
2019-12-09 05:15,5,4,1,0,0,0
2019-12-09 05:30,12,10,2,0,0,0
2019-12-09 05:45,18,10,8,0,0,0
2019-12-09 06:00,12,10,2,0,0,0
2019-12-09 06:15,23,14,9,0,0,0
2019-12-09 06:30,33,24,9,0,0,0
2019-12-09 06:45,59,35,24,0,0,0
2019-12-09 07:00,72,52,20,0,0,0
2019-12-09 07:15,124,91,33,0,0,0
2019-12-09 07:30,274,242,32,0,0,0
2019-12-09 07:45,177,142,35,0,0,0
2019-12-09 08:00,160,129,31,0,0,0
2019-12-09 08:15,146,111,35,0,0,0
2019-12-09 08:30,95,70,25,0,0,0
2019-12-09 08:45,129,104,25,0,0,0
2019-12-09 09:00,68,57,11,0,0,0
2019-12-09 09:15,70,56,14,0,0,0
2019-12-09 09:30,89,69,20,0,0,0
2019-12-09 09:45,113,92,21,0,0,0
2019-12-09 10:00,80,66,14,0,0,0
2019-12-09 10:15,52,35,17,0,0,0
2019-12-09 10:30,53,41,12,0,0,0
2019-12-09 10:45,60,44,16,0,0,0
2019-12-09 11:00,46,32,14,0,0,0
2019-12-09 11:15,61,42,19,0,0,0
2019-12-09 11:30,86,57,29,0,0,0
2019-12-09 11:45,91,64,27,0,0,0
2019-12-09 12:00,106,67,39,0,0,0
2019-12-09 12:15,80,53,27,0,0,0
2019-12-09 12:30,84,47,37,0,0,0
2019-12-09 12:45,102,55,47,0,0,0
2019-12-09 13:00,107,61,46,0,0,0
2019-12-09 13:15,117,48,69,0,0,0
2019-12-09 13:30,103,54,49,0,0,0
2019-12-09 13:45,129,77,52,0,0,0
2019-12-09 14:00,110,58,52,0,0,0
2019-12-09 14:15,102,54,48,0,0,0
2019-12-09 14:30,99,56,43,0,0,0
2019-12-09 14:45,113,55,58,0,0,0
2019-12-09 15:00,141,83,58,0,0,0
2019-12-09 15:15,127,68,59,0,0,0
2019-12-09 15:30,144,79,65,0,0,0
2019-12-09 15:45,201,115,86,0,0,0
2019-12-09 16:00,157,77,80,0,0,0
2019-12-09 16:15,140,76,64,0,0,0
2019-12-09 16:30,145,65,80,0,0,0
2019-12-09 16:45,131,63,68,0,0,0
2019-12-09 17:00,130,66,64,0,0,0
2019-12-09 17:15,129,65,64,0,0,0
2019-12-09 17:30,138,65,73,0,0,0
2019-12-09 17:45,147,82,65,0,0,0
2019-12-09 18:00,151,62,89,0,0,0
2019-12-09 18:15,99,52,47,0,0,0
2019-12-09 18:30,88,48,40,0,0,0
2019-12-09 18:45,110,50,60,0,0,0
2019-12-09 19:00,94,43,51,0,0,0
2019-12-09 19:15,87,30,57,0,0,0
2019-12-09 19:30,88,50,38,0,0,0
2019-12-09 19:45,86,25,61,0,0,0
2019-12-09 20:00,92,38,54,0,0,0
2019-12-09 20:15,68,28,40,0,0,0
2019-12-09 20:30,37,16,21,0,0,0
2019-12-09 20:45,46,21,25,0,0,0
2019-12-09 21:00,30,9,21,0,0,0
2019-12-09 21:15,41,11,30,0,0,0
2019-12-09 21:30,42,18,24,0,0,0
2019-12-09 21:45,43,23,20,0,0,0
2019-12-09 22:00,34,18,16,0,0,0
2019-12-09 22:15,38,8,30,0,0,0
2019-12-09 22:30,39,14,25,0,0,0
2019-12-09 22:45,40,25,15,0,0,0
2019-12-09 23:00,19,10,9,0,0,0
2019-12-09 23:15,14,6,8,0,0,0
2019-12-09 23:30,14,3,11,0,0,0
2019-12-09 23:45,9,5,4,0,0,0
2019-12-10 00:00,8,4,4,0,0,0
2019-12-10 00:15,6,1,5,0,0,0
2019-12-10 00:30,7,2,5,0,0,0
2019-12-10 00:45,4,1,3,0,0,0
2019-12-10 01:00,4,1,3,0,0,0
2019-12-10 01:15,1,0,1,0,0,0
2019-12-10 01:30,3,0,3,0,0,0
2019-12-10 01:45,1,0,1,0,0,0
2019-12-10 02:00,6,4,2,0,0,0
2019-12-10 02:15,2,2,0,0,0,0
2019-12-10 02:30,0,0,0,0,0,0
2019-12-10 02:45,2,2,0,0,0,0
2019-12-10 03:00,0,0,0,0,0,0
2019-12-10 03:15,2,0,2,0,0,0
2019-12-10 03:30,0,0,0,0,0,0
2019-12-10 03:45,2,1,1,0,0,0
2019-12-10 04:00,1,0,1,0,0,0
2019-12-10 04:15,0,0,0,0,0,0
2019-12-10 04:30,0,0,0,0,0,0
2019-12-10 04:45,4,4,0,0,0,0
2019-12-10 05:00,3,2,1,0,0,0
2019-12-10 05:15,3,3,0,0,0,0
2019-12-10 05:30,12,10,2,0,0,0
2019-12-10 05:45,17,11,6,0,0,0
2019-12-10 06:00,14,9,5,0,0,0
2019-12-10 06:15,26,15,11,0,0,0
2019-12-10 06:30,44,25,19,0,0,0
2019-12-10 06:45,65,43,22,0,0,0
2019-12-10 07:00,89,62,27,0,0,0
2019-12-10 07:15,137,101,36,0,0,0
2019-12-10 07:30,311,268,43,0,0,0
2019-12-10 07:45,222,175,47,0,0,0
2019-12-10 08:00,175,138,37,0,0,0
2019-12-10 08:15,146,115,31,0,0,0
2019-12-10 08:30,138,106,32,0,0,0
2019-12-10 08:45,176,140,36,0,0,0
2019-12-10 09:00,133,104,29,0,0,0
2019-12-10 09:15,122,101,21,0,0,0
2019-12-10 09:30,129,107,22,0,0,0
2019-12-10 09:45,148,126,22,0,0,0
2019-12-10 10:00,146,109,37,0,0,0
2019-12-10 10:15,93,67,26,0,0,0
2019-12-10 10:30,85,63,22,0,0,0
2019-12-10 10:45,105,76,29,0,0,0
2019-12-10 11:00,77,49,28,0,0,0
2019-12-10 11:15,90,55,35,0,0,0
2019-12-10 11:30,127,87,40,0,0,0
2019-12-10 11:45,154,78,76,0,0,0
2019-12-10 12:00,135,82,53,0,0,0
2019-12-10 12:15,100,57,43,0,0,0
2019-12-10 12:30,148,95,53,0,0,0
2019-12-10 12:45,132,72,60,0,0,0
2019-12-10 13:00,141,63,78,0,0,0
2019-12-10 13:15,147,72,75,0,0,0
2019-12-10 13:30,126,80,46,0,0,0
2019-12-10 13:45,168,92,76,0,0,0
2019-12-10 14:00,159,73,86,0,0,0
2019-12-10 14:15,133,62,71,0,0,0
2019-12-10 14:30,140,74,66,0,0,0
2019-12-10 14:45,135,77,58,0,0,0
2019-12-10 15:00,132,66,66,0,0,0
2019-12-10 15:15,149,83,66,0,0,0
2019-12-10 15:30,159,96,63,0,0,0
2019-12-10 15:45,208,111,97,0,0,0
2019-12-10 16:00,204,113,91,0,0,0
2019-12-10 16:15,170,87,83,0,0,0
2019-12-10 16:30,210,109,101,0,0,0
2019-12-10 16:45,182,107,75,0,0,0
2019-12-10 17:00,187,110,77,0,0,0
2019-12-10 17:15,156,78,78,0,0,0
2019-12-10 17:30,191,93,98,0,0,0
2019-12-10 17:45,229,130,99,0,0,0
2019-12-10 18:00,202,97,105,0,0,0
2019-12-10 18:15,147,70,77,0,0,0
2019-12-10 18:30,143,72,71,0,0,0
2019-12-10 18:45,157,80,77,0,0,0
2019-12-10 19:00,103,50,53,0,0,0
2019-12-10 19:15,78,32,46,0,0,0
2019-12-10 19:30,80,39,41,0,0,0
2019-12-10 19:45,107,45,62,0,0,0
2019-12-10 20:00,96,40,56,0,0,0
2019-12-10 20:15,109,47,62,0,0,0
2019-12-10 20:30,66,23,43,0,0,0
2019-12-10 20:45,57,18,39,0,0,0
2019-12-10 21:00,43,14,29,0,0,0
2019-12-10 21:15,37,12,25,0,0,0
2019-12-10 21:30,43,13,30,0,0,0
2019-12-10 21:45,58,25,33,0,0,0
2019-12-10 22:00,37,15,22,0,0,0
2019-12-10 22:15,47,19,28,0,0,0
2019-12-10 22:30,46,26,20,0,0,0
2019-12-10 22:45,28,15,13,0,0,0
2019-12-10 23:00,46,15,31,0,0,0
2019-12-10 23:15,30,12,18,0,0,0
2019-12-10 23:30,35,20,15,0,0,0
2019-12-10 23:45,13,3,10,0,0,0
2019-12-11 00:00,29,18,11,0,0,0
2019-12-11 00:15,8,5,3,0,0,0
2019-12-11 00:30,8,5,3,0,0,0
2019-12-11 00:45,9,2,7,0,0,0
2019-12-11 01:00,4,1,3,0,0,0
2019-12-11 01:15,1,0,1,0,0,0
2019-12-11 01:30,2,0,2,0,0,0
2019-12-11 01:45,7,5,2,0,0,0
2019-12-11 02:00,2,0,2,0,0,0
2019-12-11 02:15,0,0,0,0,0,0
2019-12-11 02:30,1,0,1,0,0,0
2019-12-11 02:45,3,2,1,0,0,0
2019-12-11 03:00,0,0,0,0,0,0
2019-12-11 03:15,0,0,0,0,0,0
2019-12-11 03:30,0,0,0,0,0,0
2019-12-11 03:45,1,1,0,0,0,0
2019-12-11 04:00,0,0,0,0,0,0
2019-12-11 04:15,1,0,1,0,0,0
2019-12-11 04:30,1,1,0,0,0,0
2019-12-11 04:45,1,1,0,0,0,0
2019-12-11 05:00,1,0,1,0,0,0
2019-12-11 05:15,5,3,2,0,0,0
2019-12-11 05:30,16,14,2,0,0,0
2019-12-11 05:45,22,14,8,0,0,0
2019-12-11 06:00,13,8,5,0,0,0
2019-12-11 06:15,23,12,11,0,0,0
2019-12-11 06:30,34,16,18,0,0,0
2019-12-11 06:45,53,36,17,0,0,0
2019-12-11 07:00,73,54,19,0,0,0
2019-12-11 07:15,157,117,40,0,0,0
2019-12-11 07:30,281,238,43,0,0,0
2019-12-11 07:45,196,148,48,0,0,0
2019-12-11 08:00,176,139,37,0,0,0
2019-12-11 08:15,122,102,20,0,0,0
2019-12-11 08:30,106,84,22,0,0,0
2019-12-11 08:45,131,94,37,0,0,0
2019-12-11 09:00,76,62,14,0,0,0
2019-12-11 09:15,118,93,25,0,0,0
2019-12-11 09:30,103,84,19,0,0,0
2019-12-11 09:45,134,114,20,0,0,0
2019-12-11 10:00,105,86,19,0,0,0
2019-12-11 10:15,73,57,16,0,0,0
2019-12-11 10:30,76,62,14,0,0,0
2019-12-11 10:45,68,44,24,0,0,0
2019-12-11 11:00,51,30,21,0,0,0
2019-12-11 11:15,58,39,19,0,0,0
2019-12-11 11:30,74,46,28,0,0,0
2019-12-11 11:45,116,70,46,0,0,0
2019-12-11 12:00,76,48,28,0,0,0
2019-12-11 12:15,82,42,40,0,0,0
2019-12-11 12:30,90,47,43,0,0,0
2019-12-11 12:45,95,43,52,0,0,0
2019-12-11 13:00,94,39,55,0,0,0
2019-12-11 13:15,89,37,52,0,0,0
2019-12-11 13:30,103,56,47,0,0,0
2019-12-11 13:45,96,59,37,0,0,0
2019-12-11 14:00,106,36,70,0,0,0
2019-12-11 14:15,97,40,57,0,0,0
2019-12-11 14:30,87,43,44,0,0,0
2019-12-11 14:45,94,49,45,0,0,0
2019-12-11 15:00,93,56,37,0,0,0
2019-12-11 15:15,131,70,61,0,0,0
2019-12-11 15:30,123,64,59,0,0,0
2019-12-11 15:45,141,75,66,0,0,0
2019-12-11 16:00,146,55,91,0,0,0
2019-12-11 16:15,125,61,64,0,0,0
2019-12-11 16:30,102,49,53,0,0,0
2019-12-11 16:45,162,97,65,0,0,0
2019-12-11 17:00,137,68,69,0,0,0
2019-12-11 17:15,144,86,58,0,0,0
2019-12-11 17:30,126,65,61,0,0,0
2019-12-11 17:45,156,93,63,0,0,0
2019-12-11 18:00,128,80,48,0,0,0
2019-12-11 18:15,147,74,73,0,0,0
2019-12-11 18:30,112,64,48,0,0,0
2019-12-11 18:45,150,76,74,0,0,0
2019-12-11 19:00,111,52,59,0,0,0
2019-12-11 19:15,119,63,56,0,0,0
2019-12-11 19:30,85,50,35,0,0,0
2019-12-11 19:45,110,54,56,0,0,0
2019-12-11 20:00,106,43,63,0,0,0
2019-12-11 20:15,80,31,49,0,0,0
2019-12-11 20:30,55,23,32,0,0,0
2019-12-11 20:45,71,28,43,0,0,0
2019-12-11 21:00,51,17,34,0,0,0
2019-12-11 21:15,72,32,40,0,0,0
2019-12-11 21:30,62,37,25,0,0,0
2019-12-11 21:45,64,33,31,0,0,0
2019-12-11 22:00,69,38,31,0,0,0
2019-12-11 22:15,65,28,37,0,0,0
2019-12-11 22:30,43,10,33,0,0,0
2019-12-11 22:45,35,24,11,0,0,0
2019-12-11 23:00,42,20,22,0,0,0
2019-12-11 23:15,29,13,16,0,0,0
2019-12-11 23:30,26,9,17,0,0,0
2019-12-11 23:45,33,15,18,0,0,0
2019-12-12 00:00,26,11,15,0,0,0
2019-12-12 00:15,24,9,15,0,0,0
2019-12-12 00:30,8,1,7,0,0,0
2019-12-12 00:45,25,14,11,0,0,0
2019-12-12 01:00,17,4,13,0,0,0
2019-12-12 01:15,18,12,6,0,0,0
2019-12-12 01:30,6,0,6,0,0,0
2019-12-12 01:45,6,2,4,0,0,0
2019-12-12 02:00,11,7,4,0,0,0
2019-12-12 02:15,6,2,4,0,0,0
2019-12-12 02:30,6,0,6,0,0,0
2019-12-12 02:45,5,1,4,0,0,0
2019-12-12 03:00,6,2,4,0,0,0
2019-12-12 03:15,5,2,3,0,0,0
2019-12-12 03:30,3,3,0,0,0,0
2019-12-12 03:45,2,0,2,0,0,0
2019-12-12 04:00,5,0,5,0,0,0
2019-12-12 04:15,3,1,2,0,0,0
2019-12-12 04:30,4,1,3,0,0,0
2019-12-12 04:45,0,0,0,0,0,0
2019-12-12 05:00,1,1,0,0,0,0
2019-12-12 05:15,5,4,1,0,0,0
2019-12-12 05:30,15,12,3,0,0,0
2019-12-12 05:45,16,8,8,0,0,0
2019-12-12 06:00,14,9,5,0,0,0
2019-12-12 06:15,24,15,9,0,0,0
2019-12-12 06:30,42,24,18,0,0,0
2019-12-12 06:45,74,49,25,0,0,0
2019-12-12 07:00,75,55,20,0,0,0
2019-12-12 07:15,145,106,39,0,0,0
2019-12-12 07:30,302,261,41,0,0,0
2019-12-12 07:45,190,147,43,0,0,0
2019-12-12 08:00,160,133,27,0,0,0
2019-12-12 08:15,150,116,34,0,0,0
2019-12-12 08:30,153,126,27,0,0,0
2019-12-12 08:45,146,119,27,0,0,0
2019-12-12 09:00,110,90,20,0,0,0
2019-12-12 09:15,104,78,26,0,0,0
2019-12-12 09:30,108,87,21,0,0,0
2019-12-12 09:45,166,139,27,0,0,0
2019-12-12 10:00,136,100,36,0,0,0
2019-12-12 10:15,69,45,24,0,0,0
2019-12-12 10:30,90,63,27,0,0,0
2019-12-12 10:45,100,77,23,0,0,0
2019-12-12 11:00,105,65,40,0,0,0
2019-12-12 11:15,112,71,41,0,0,0
2019-12-12 11:30,121,85,36,0,0,0
2019-12-12 11:45,131,87,44,0,0,0
2019-12-12 12:00,128,74,54,0,0,0
2019-12-12 12:15,115,58,57,0,0,0
2019-12-12 12:30,120,62,58,0,0,0
2019-12-12 12:45,111,59,52,0,0,0
2019-12-12 13:00,124,52,72,0,0,0
2019-12-12 13:15,148,73,75,0,0,0
2019-12-12 13:30,104,54,50,0,0,0
2019-12-12 13:45,166,104,62,0,0,0
2019-12-12 14:00,150,70,80,0,0,0
2019-12-12 14:15,112,52,60,0,0,0
2019-12-12 14:30,138,86,52,0,0,0
2019-12-12 14:45,124,64,60,0,0,0
2019-12-12 15:00,142,84,58,0,0,0
2019-12-12 15:15,144,84,60,0,0,0
2019-12-12 15:30,154,87,67,0,0,0
2019-12-12 15:45,241,140,101,0,0,0
2019-12-12 16:00,213,122,91,0,0,0
2019-12-12 16:15,184,94,90,0,0,0
2019-12-12 16:30,169,83,86,0,0,0
2019-12-12 16:45,200,120,80,0,0,0
2019-12-12 17:00,176,100,76,0,0,0
2019-12-12 17:15,177,101,76,0,0,0
2019-12-12 17:30,161,101,60,0,0,0
2019-12-12 17:45,225,149,76,0,0,0
2019-12-12 18:00,188,104,84,0,0,0
2019-12-12 18:15,191,99,92,0,0,0
2019-12-12 18:30,118,60,58,0,0,0
2019-12-12 18:45,140,74,66,0,0,0
2019-12-12 19:00,98,52,46,0,0,0
2019-12-12 19:15,93,46,47,0,0,0
2019-12-12 19:30,107,45,62,0,0,0
2019-12-12 19:45,106,40,66,0,0,0
2019-12-12 20:00,95,25,70,0,0,0
2019-12-12 20:15,102,20,82,0,0,0
2019-12-12 20:30,63,23,40,0,0,0
2019-12-12 20:45,72,26,46,0,0,0
2019-12-12 21:00,80,24,56,0,0,0
2019-12-12 21:15,53,15,38,0,0,0
2019-12-12 21:30,46,9,37,0,0,0
2019-12-12 21:45,52,20,32,0,0,0
2019-12-12 22:00,56,25,31,0,0,0
2019-12-12 22:15,51,23,28,0,0,0
2019-12-12 22:30,69,27,42,0,0,0
2019-12-12 22:45,27,14,13,0,0,0
2019-12-12 23:00,22,9,13,0,0,0
2019-12-12 23:15,36,13,23,0,0,0
2019-12-12 23:30,26,10,16,0,0,0
2019-12-12 23:45,22,5,17,0,0,0
2019-12-13 00:00,20,6,14,0,0,0
2019-12-13 00:15,27,16,11,0,0,0
2019-12-13 00:30,7,4,3,0,0,0
2019-12-13 00:45,4,0,4,0,0,0
2019-12-13 01:00,12,5,7,0,0,0
2019-12-13 01:15,5,2,3,0,0,0
2019-12-13 01:30,16,9,7,0,0,0
2019-12-13 01:45,5,3,2,0,0,0
2019-12-13 02:00,4,0,4,0,0,0
2019-12-13 02:15,2,2,0,0,0,0
2019-12-13 02:30,5,0,5,0,0,0
2019-12-13 02:45,3,0,3,0,0,0
2019-12-13 03:00,1,0,1,0,0,0
2019-12-13 03:15,3,2,1,0,0,0
2019-12-13 03:30,6,3,3,0,0,0
2019-12-13 03:45,3,1,2,0,0,0
2019-12-13 04:00,3,0,3,0,0,0
2019-12-13 04:15,1,0,1,0,0,0
2019-12-13 04:30,3,2,1,0,0,0
2019-12-13 04:45,4,1,3,0,0,0
2019-12-13 05:00,2,0,2,0,0,0
2019-12-13 05:15,6,4,2,0,0,0
2019-12-13 05:30,10,6,4,0,0,0
2019-12-13 05:45,20,16,4,0,0,0
2019-12-13 06:00,16,11,5,0,0,0
2019-12-13 06:15,24,16,8,0,0,0
2019-12-13 06:30,36,19,17,0,0,0
2019-12-13 06:45,51,36,15,0,0,0
2019-12-13 07:00,76,58,18,0,0,0
2019-12-13 07:15,130,97,33,0,0,0
2019-12-13 07:30,310,276,34,0,0,0
2019-12-13 07:45,170,129,41,0,0,0
2019-12-13 08:00,123,103,20,0,0,0
2019-12-13 08:15,120,94,26,0,0,0
2019-12-13 08:30,124,104,20,0,0,0
2019-12-13 08:45,138,102,36,0,0,0
2019-12-13 09:00,114,98,16,0,0,0
2019-12-13 09:15,88,69,19,0,0,0
2019-12-13 09:30,102,79,23,0,0,0
2019-12-13 09:45,145,122,23,0,0,0
2019-12-13 10:00,124,98,26,0,0,0
2019-12-13 10:15,90,64,26,0,0,0
2019-12-13 10:30,81,61,20,0,0,0
2019-12-13 10:45,101,79,22,0,0,0
2019-12-13 11:00,72,45,27,0,0,0
2019-12-13 11:15,111,73,38,0,0,0
2019-12-13 11:30,91,67,24,0,0,0
2019-12-13 11:45,103,59,44,0,0,0
2019-12-13 12:00,91,55,36,0,0,0
2019-12-13 12:15,88,52,36,0,0,0
2019-12-13 12:30,125,66,59,0,0,0
2019-12-13 12:45,121,62,59,0,0,0
2019-12-13 13:00,130,63,67,0,0,0
2019-12-13 13:15,146,59,87,0,0,0
2019-12-13 13:30,123,71,52,0,0,0
2019-12-13 13:45,128,69,59,0,0,0
2019-12-13 14:00,151,65,86,0,0,0
2019-12-13 14:15,124,58,66,0,0,0
2019-12-13 14:30,118,65,53,0,0,0
2019-12-13 14:45,135,82,53,0,0,0
2019-12-13 15:00,145,66,79,0,0,0
2019-12-13 15:15,138,80,58,0,0,0
2019-12-13 15:30,113,68,45,0,0,0
2019-12-13 15:45,129,64,65,0,0,0
2019-12-13 16:00,130,59,71,0,0,0
2019-12-13 16:15,121,68,53,0,0,0
2019-12-13 16:30,133,70,63,0,0,0
2019-12-13 16:45,114,74,40,0,0,0
2019-12-13 17:00,122,69,53,0,0,0
2019-12-13 17:15,126,71,55,0,0,0
2019-12-13 17:30,119,67,52,0,0,0
2019-12-13 17:45,136,82,54,0,0,0
2019-12-13 18:00,106,58,48,0,0,0
2019-12-13 18:15,106,56,50,0,0,0
2019-12-13 18:30,94,48,46,0,0,0
2019-12-13 18:45,138,85,53,0,0,0
2019-12-13 19:00,106,66,40,0,0,0
2019-12-13 19:15,68,36,32,0,0,0
2019-12-13 19:30,58,24,34,0,0,0
2019-12-13 19:45,97,48,49,0,0,0
2019-12-13 20:00,71,23,48,0,0,0
2019-12-13 20:15,74,36,38,0,0,0
2019-12-13 20:30,46,19,27,0,0,0
2019-12-13 20:45,41,25,16,0,0,0
2019-12-13 21:00,51,29,22,0,0,0
2019-12-13 21:15,41,22,19,0,0,0
2019-12-13 21:30,30,15,15,0,0,0
2019-12-13 21:45,49,24,25,0,0,0
2019-12-13 22:00,31,12,19,0,0,0
2019-12-13 22:15,44,20,24,0,0,0
2019-12-13 22:30,34,14,20,0,0,0
2019-12-13 22:45,37,17,20,0,0,0
2019-12-13 23:00,41,9,32,0,0,0
2019-12-13 23:15,42,16,26,0,0,0
2019-12-13 23:30,30,8,22,0,0,0
2019-12-13 23:45,31,12,19,0,0,0
2019-12-14 00:00,34,13,21,0,0,0
2019-12-14 00:15,28,13,15,0,0,0
2019-12-14 00:30,36,17,19,0,0,0
2019-12-14 00:45,40,25,15,0,0,0
2019-12-14 01:00,20,7,13,0,0,0
2019-12-14 01:15,32,9,23,0,0,0
2019-12-14 01:30,10,4,6,0,0,0
2019-12-14 01:45,13,5,8,0,0,0
2019-12-14 02:00,14,4,10,0,0,0
2019-12-14 02:15,15,4,11,0,0,0
2019-12-14 02:30,15,8,7,0,0,0
2019-12-14 02:45,15,4,11,0,0,0
2019-12-14 03:00,4,1,3,0,0,0
2019-12-14 03:15,13,3,10,0,0,0
2019-12-14 03:30,11,4,7,0,0,0
2019-12-14 03:45,14,4,10,0,0,0
2019-12-14 04:00,10,1,9,0,0,0
2019-12-14 04:15,9,3,6,0,0,0
2019-12-14 04:30,3,1,2,0,0,0
2019-12-14 04:45,7,0,7,0,0,0
2019-12-14 05:00,1,0,1,0,0,0
2019-12-14 05:15,2,0,2,0,0,0
2019-12-14 05:30,4,2,2,0,0,0
2019-12-14 05:45,7,1,6,0,0,0
2019-12-14 06:00,7,5,2,0,0,0
2019-12-14 06:15,1,1,0,0,0,0
2019-12-14 06:30,10,6,4,0,0,0
2019-12-14 06:45,10,4,6,0,0,0
2019-12-14 07:00,6,5,1,0,0,0
2019-12-14 07:15,10,5,5,0,0,0
2019-12-14 07:30,20,14,6,0,0,0
2019-12-14 07:45,24,22,2,0,0,0
2019-12-14 08:00,13,8,5,0,0,0
2019-12-14 08:15,35,28,7,0,0,0
2019-12-14 08:30,34,26,8,0,0,0
2019-12-14 08:45,41,34,7,0,0,0
2019-12-14 09:00,55,44,11,0,0,0
2019-12-14 09:15,59,43,16,0,0,0
2019-12-14 09:30,68,58,10,0,0,0
2019-12-14 09:45,98,81,17,0,0,0
2019-12-14 10:00,78,62,16,0,0,0
2019-12-14 10:15,94,75,19,0,0,0
2019-12-14 10:30,117,91,26,0,0,0
2019-12-14 10:45,107,90,17,0,0,0
2019-12-14 11:00,119,97,22,0,0,0
2019-12-14 11:15,117,77,40,0,0,0
2019-12-14 11:30,104,72,32,0,0,0
2019-12-14 11:45,133,99,34,0,0,0
2019-12-14 12:00,117,76,41,0,0,0
2019-12-14 12:15,124,75,49,0,0,0
2019-12-14 12:30,157,109,48,0,0,0
2019-12-14 12:45,114,71,43,0,0,0
2019-12-14 13:00,117,72,45,0,0,0
2019-12-14 13:15,122,75,47,0,0,0
2019-12-14 13:30,130,77,53,0,0,0
2019-12-14 13:45,121,73,48,0,0,0
2019-12-14 14:00,125,64,61,0,0,0
2019-12-14 14:15,138,81,57,0,0,0
2019-12-14 14:30,130,77,53,0,0,0
2019-12-14 14:45,101,45,56,0,0,0
2019-12-14 15:00,95,48,47,0,0,0
2019-12-14 15:15,83,48,35,0,0,0
2019-12-14 15:30,110,47,63,0,0,0
2019-12-14 15:45,98,54,44,0,0,0
2019-12-14 16:00,64,27,37,0,0,0
2019-12-14 16:15,61,24,37,0,0,0
2019-12-14 16:30,72,40,32,0,0,0
2019-12-14 16:45,81,45,36,0,0,0
2019-12-14 17:00,86,55,31,0,0,0
2019-12-14 17:15,59,30,29,0,0,0
2019-12-14 17:30,67,37,30,0,0,0
2019-12-14 17:45,92,55,37,0,0,0
2019-12-14 18:00,63,25,38,0,0,0
2019-12-14 18:15,71,40,31,0,0,0
2019-12-14 18:30,66,30,36,0,0,0
2019-12-14 18:45,61,35,26,0,0,0
2019-12-14 19:00,83,36,47,0,0,0
2019-12-14 19:15,62,33,29,0,0,0
2019-12-14 19:30,52,26,26,0,0,0
2019-12-14 19:45,57,21,36,0,0,0
2019-12-14 20:00,48,22,26,0,0,0
2019-12-14 20:15,44,27,17,0,0,0
2019-12-14 20:30,36,14,22,0,0,0
2019-12-14 20:45,26,11,15,0,0,0
2019-12-14 21:00,39,22,17,0,0,0
2019-12-14 21:15,44,19,25,0,0,0
2019-12-14 21:30,24,12,12,0,0,0
2019-12-14 21:45,35,19,16,0,0,0
2019-12-14 22:00,19,7,12,0,0,0
2019-12-14 22:15,25,16,9,0,0,0
2019-12-14 22:30,24,13,11,0,0,0
2019-12-14 22:45,23,11,12,0,0,0
2019-12-14 23:00,23,13,10,0,0,0
2019-12-14 23:15,25,13,12,0,0,0
2019-12-14 23:30,33,19,14,0,0,0
2019-12-14 23:45,25,11,14,0,0,0
2019-12-15 00:00,21,7,14,0,0,0
2019-12-15 00:15,22,10,12,0,0,0
2019-12-15 00:30,29,16,13,0,0,0
2019-12-15 00:45,22,9,13,0,0,0
2019-12-15 01:00,13,5,8,0,0,0
2019-12-15 01:15,8,3,5,0,0,0
2019-12-15 01:30,14,7,7,0,0,0
2019-12-15 01:45,9,2,7,0,0,0
2019-12-15 02:00,14,7,7,0,0,0
2019-12-15 02:15,14,4,10,0,0,0
2019-12-15 02:30,9,6,3,0,0,0
2019-12-15 02:45,12,4,8,0,0,0
2019-12-15 03:00,13,3,10,0,0,0
2019-12-15 03:15,12,9,3,0,0,0
2019-12-15 03:30,9,5,4,0,0,0
2019-12-15 03:45,9,3,6,0,0,0
2019-12-15 04:00,20,15,5,0,0,0
2019-12-15 04:15,3,1,2,0,0,0
2019-12-15 04:30,10,2,8,0,0,0
2019-12-15 04:45,6,4,2,0,0,0
2019-12-15 05:00,2,1,1,0,0,0
2019-12-15 05:15,6,4,2,0,0,0
2019-12-15 05:30,8,4,4,0,0,0
2019-12-15 05:45,6,3,3,0,0,0
2019-12-15 06:00,3,1,2,0,0,0
2019-12-15 06:15,1,1,0,0,0,0
2019-12-15 06:30,3,2,1,0,0,0
2019-12-15 06:45,1,1,0,0,0,0
2019-12-15 07:00,3,1,2,0,0,0
2019-12-15 07:15,4,2,2,0,0,0
2019-12-15 07:30,4,3,1,0,0,0
2019-12-15 07:45,3,2,1,0,0,0
2019-12-15 08:00,3,3,0,0,0,0
2019-12-15 08:15,5,4,1,0,0,0
2019-12-15 08:30,3,2,1,0,0,0
2019-12-15 08:45,15,7,8,0,0,0
2019-12-15 09:00,12,10,2,0,0,0
2019-12-15 09:15,16,13,3,0,0,0
2019-12-15 09:30,25,24,1,0,0,0
2019-12-15 09:45,51,44,7,0,0,0
2019-12-15 10:00,42,37,5,0,0,0
2019-12-15 10:15,34,22,12,0,0,0
2019-12-15 10:30,35,28,7,0,0,0
2019-12-15 10:45,32,29,3,0,0,0
2019-12-15 11:00,33,25,8,0,0,0
2019-12-15 11:15,42,26,16,0,0,0
2019-12-15 11:30,36,27,9,0,0,0
2019-12-15 11:45,33,19,14,0,0,0
2019-12-15 12:00,38,26,12,0,0,0
2019-12-15 12:15,36,27,9,0,0,0
2019-12-15 12:30,53,38,15,0,0,0
2019-12-15 12:45,71,55,16,0,0,0
2019-12-15 13:00,69,42,27,0,0,0
2019-12-15 13:15,44,25,19,0,0,0
2019-12-15 13:30,49,35,14,0,0,0
2019-12-15 13:45,71,40,31,0,0,0
2019-12-15 14:00,66,43,23,0,0,0
2019-12-15 14:15,50,26,24,0,0,0
2019-12-15 14:30,78,45,33,0,0,0
2019-12-15 14:45,75,46,29,0,0,0
2019-12-15 15:00,52,30,22,0,0,0
2019-12-15 15:15,75,41,34,0,0,0
2019-12-15 15:30,86,53,33,0,0,0
2019-12-15 15:45,87,54,33,0,0,0
2019-12-15 16:00,78,51,27,0,0,0
2019-12-15 16:15,55,35,20,0,0,0
2019-12-15 16:30,60,42,18,0,0,0
2019-12-15 16:45,61,40,21,0,0,0
2019-12-15 17:00,30,19,11,0,0,0
2019-12-15 17:15,45,27,18,0,0,0
2019-12-15 17:30,88,54,34,0,0,0
2019-12-15 17:45,96,59,37,0,0,0
2019-12-15 18:00,63,27,36,0,0,0
2019-12-15 18:15,49,27,22,0,0,0
2019-12-15 18:30,43,21,22,0,0,0
2019-12-15 18:45,65,41,24,0,0,0
2019-12-15 19:00,51,26,25,0,0,0
2019-12-15 19:15,39,24,15,0,0,0
2019-12-15 19:30,52,21,31,0,0,0
2019-12-15 19:45,45,24,21,0,0,0
2019-12-15 20:00,55,15,40,0,0,0
2019-12-15 20:15,50,26,24,0,0,0
2019-12-15 20:30,35,21,14,0,0,0
2019-12-15 20:45,25,11,14,0,0,0
2019-12-15 21:00,21,11,10,0,0,0
2019-12-15 21:15,20,6,14,0,0,0
2019-12-15 21:30,28,8,20,0,0,0
2019-12-15 21:45,18,11,7,0,0,0
2019-12-15 22:00,24,11,13,0,0,0
2019-12-15 22:15,22,17,5,0,0,0
2019-12-15 22:30,19,10,9,0,0,0
2019-12-15 22:45,33,11,22,0,0,0
2019-12-15 23:00,17,10,7,0,0,0
2019-12-15 23:15,7,2,5,0,0,0
2019-12-15 23:30,9,2,7,0,0,0
2019-12-15 23:45,7,5,2,0,0,0
2019-12-16 00:00,7,3,4,0,0,0
2019-12-16 00:15,6,3,3,0,0,0
2019-12-16 00:30,7,4,3,0,0,0
2019-12-16 00:45,1,1,0,0,0,0
2019-12-16 01:00,7,0,7,0,0,0
2019-12-16 01:15,0,0,0,0,0,0
2019-12-16 01:30,4,3,1,0,0,0
2019-12-16 01:45,3,3,0,0,0,0
2019-12-16 02:00,2,0,2,0,0,0
2019-12-16 02:15,0,0,0,0,0,0
2019-12-16 02:30,0,0,0,0,0,0
2019-12-16 02:45,0,0,0,0,0,0
2019-12-16 03:00,1,0,1,0,0,0
2019-12-16 03:15,2,2,0,0,0,0
2019-12-16 03:30,0,0,0,0,0,0
2019-12-16 03:45,1,0,1,0,0,0
2019-12-16 04:00,1,1,0,0,0,0
2019-12-16 04:15,0,0,0,0,0,0
2019-12-16 04:30,0,0,0,0,0,0
2019-12-16 04:45,2,2,0,0,0,0
2019-12-16 05:00,0,0,0,0,0,0
2019-12-16 05:15,10,5,5,0,0,0
2019-12-16 05:30,12,12,0,0,0,0
2019-12-16 05:45,15,9,6,0,0,0
2019-12-16 06:00,11,10,1,0,0,0
2019-12-16 06:15,20,14,6,0,0,0
2019-12-16 06:30,41,27,14,0,0,0
2019-12-16 06:45,52,40,12,0,0,0
2019-12-16 07:00,78,56,22,0,0,0
2019-12-16 07:15,127,96,31,0,0,0
2019-12-16 07:30,307,264,43,0,0,0
2019-12-16 07:45,220,151,69,0,0,0
2019-12-16 08:00,150,121,29,0,0,0
2019-12-16 08:15,153,112,41,0,0,0
2019-12-16 08:30,137,113,24,0,0,0
2019-12-16 08:45,154,119,35,0,0,0
2019-12-16 09:00,125,102,23,0,0,0
2019-12-16 09:15,100,78,22,0,0,0
2019-12-16 09:30,139,113,26,0,0,0
2019-12-16 09:45,164,136,28,0,0,0
2019-12-16 10:00,153,129,24,0,0,0
2019-12-16 10:15,102,70,32,0,0,0
2019-12-16 10:30,115,78,37,0,0,0
2019-12-16 10:45,111,81,30,0,0,0
2019-12-16 11:00,96,61,35,0,0,0
2019-12-16 11:15,108,75,33,0,0,0
2019-12-16 11:30,112,79,33,0,0,0
2019-12-16 11:45,162,93,69,0,0,0
2019-12-16 12:00,111,71,40,0,0,0
2019-12-16 12:15,103,52,51,0,0,0
2019-12-16 12:30,135,63,72,0,0,0
2019-12-16 12:45,135,66,69,0,0,0
2019-12-16 13:00,128,73,55,0,0,0
2019-12-16 13:15,122,59,63,0,0,0
2019-12-16 13:30,124,72,52,0,0,0
2019-12-16 13:45,186,96,90,0,0,0
2019-12-16 14:00,150,66,84,0,0,0
2019-12-16 14:15,130,66,64,0,0,0
2019-12-16 14:30,138,80,58,0,0,0
2019-12-16 14:45,134,72,62,0,0,0
2019-12-16 15:00,148,82,66,0,0,0
2019-12-16 15:15,141,86,55,0,0,0
2019-12-16 15:30,165,92,73,0,0,0
2019-12-16 15:45,187,109,78,0,0,0
2019-12-16 16:00,174,99,75,0,0,0
2019-12-16 16:15,206,121,85,0,0,0
2019-12-16 16:30,178,95,83,0,0,0
2019-12-16 16:45,172,106,66,0,0,0
2019-12-16 17:00,152,66,86,0,0,0
2019-12-16 17:15,136,77,59,0,0,0
2019-12-16 17:30,201,116,85,0,0,0
2019-12-16 17:45,203,111,92,0,0,0
2019-12-16 18:00,173,93,80,0,0,0
2019-12-16 18:15,132,67,65,0,0,0
2019-12-16 18:30,123,77,46,0,0,0
2019-12-16 18:45,143,80,63,0,0,0
2019-12-16 19:00,113,53,60,0,0,0
2019-12-16 19:15,106,42,64,0,0,0
2019-12-16 19:30,102,43,59,0,0,0
2019-12-16 19:45,114,40,74,0,0,0
2019-12-16 20:00,116,37,79,0,0,0
2019-12-16 20:15,61,14,47,0,0,0
2019-12-16 20:30,47,17,30,0,0,0
2019-12-16 20:45,44,21,23,0,0,0
2019-12-16 21:00,62,27,35,0,0,0
2019-12-16 21:15,48,13,35,0,0,0
2019-12-16 21:30,39,19,20,0,0,0
2019-12-16 21:45,53,22,31,0,0,0
2019-12-16 22:00,51,17,34,0,0,0
2019-12-16 22:15,30,10,20,0,0,0
2019-12-16 22:30,34,10,24,0,0,0
2019-12-16 22:45,31,17,14,0,0,0
2019-12-16 23:00,38,18,20,0,0,0
2019-12-16 23:15,16,6,10,0,0,0
2019-12-16 23:30,20,6,14,0,0,0
2019-12-16 23:45,17,4,13,0,0,0
2019-12-17 00:00,13,4,9,0,0,0
2019-12-17 00:15,11,6,5,0,0,0
2019-12-17 00:30,5,3,2,0,0,0
2019-12-17 00:45,9,3,6,0,0,0
2019-12-17 01:00,2,0,2,0,0,0
2019-12-17 01:15,3,3,0,0,0,0
2019-12-17 01:30,4,2,2,0,0,0
2019-12-17 01:45,4,2,2,0,0,0
2019-12-17 02:00,1,0,1,0,0,0
2019-12-17 02:15,3,0,3,0,0,0
2019-12-17 02:30,1,0,1,0,0,0
2019-12-17 02:45,1,0,1,0,0,0
2019-12-17 03:00,0,0,0,0,0,0
2019-12-17 03:15,3,2,1,0,0,0
2019-12-17 03:30,1,1,0,0,0,0
2019-12-17 03:45,0,0,0,0,0,0
2019-12-17 04:00,0,0,0,0,0,0
2019-12-17 04:15,0,0,0,0,0,0
2019-12-17 04:30,2,1,1,0,0,0
2019-12-17 04:45,3,1,2,0,0,0
2019-12-17 05:00,0,0,0,0,0,0
2019-12-17 05:15,3,3,0,0,0,0
2019-12-17 05:30,13,11,2,0,0,0
2019-12-17 05:45,10,5,5,0,0,0
2019-12-17 06:00,13,6,7,0,0,0
2019-12-17 06:15,22,17,5,0,0,0
2019-12-17 06:30,34,24,10,0,0,0
2019-12-17 06:45,67,51,16,0,0,0
2019-12-17 07:00,77,51,26,0,0,0
2019-12-17 07:15,142,105,37,0,0,0
2019-12-17 07:30,330,289,41,0,0,0
2019-12-17 07:45,238,191,47,0,0,0
2019-12-17 08:00,180,144,36,0,0,0
2019-12-17 08:15,136,107,29,0,0,0
2019-12-17 08:30,130,101,29,0,0,0
2019-12-17 08:45,150,112,38,0,0,0
2019-12-17 09:00,142,112,30,0,0,0
2019-12-17 09:15,102,82,20,0,0,0
2019-12-17 09:30,143,119,24,0,0,0
2019-12-17 09:45,180,154,26,0,0,0
2019-12-17 10:00,143,125,18,0,0,0
2019-12-17 10:15,110,83,27,0,0,0
2019-12-17 10:30,117,77,40,0,0,0
2019-12-17 10:45,132,89,43,0,0,0
2019-12-17 11:00,114,85,29,0,0,0
2019-12-17 11:15,129,84,45,0,0,0
2019-12-17 11:30,140,95,45,0,0,0
2019-12-17 11:45,151,90,61,0,0,0
2019-12-17 12:00,159,77,82,0,0,0
2019-12-17 12:15,103,58,45,0,0,0
2019-12-17 12:30,154,76,78,0,0,0
2019-12-17 12:45,135,75,60,0,0,0
2019-12-17 13:00,139,80,59,0,0,0
2019-12-17 13:15,149,80,69,0,0,0
2019-12-17 13:30,172,101,71,0,0,0
2019-12-17 13:45,152,86,66,0,0,0
2019-12-17 14:00,180,77,103,0,0,0
2019-12-17 14:15,148,91,57,0,0,0
2019-12-17 14:30,155,82,73,0,0,0
2019-12-17 14:45,150,86,64,0,0,0
2019-12-17 15:00,183,106,77,0,0,0
2019-12-17 15:15,151,72,79,0,0,0
2019-12-17 15:30,182,84,98,0,0,0
2019-12-17 15:45,221,121,100,0,0,0
2019-12-17 16:00,226,118,108,0,0,0
2019-12-17 16:15,190,101,89,0,0,0
2019-12-17 16:30,172,100,72,0,0,0
2019-12-17 16:45,203,126,77,0,0,0
2019-12-17 17:00,202,98,104,0,0,0
2019-12-17 17:15,196,107,89,0,0,0
2019-12-17 17:30,204,113,91,0,0,0
2019-12-17 17:45,242,141,101,0,0,0
2019-12-17 18:00,192,105,87,0,0,0
2019-12-17 18:15,210,127,83,0,0,0
2019-12-17 18:30,168,81,87,0,0,0
2019-12-17 18:45,176,87,89,0,0,0
2019-12-17 19:00,131,60,71,0,0,0
2019-12-17 19:15,117,59,58,0,0,0
2019-12-17 19:30,124,64,60,0,0,0
2019-12-17 19:45,106,53,53,0,0,0
2019-12-17 20:00,109,37,72,0,0,0
2019-12-17 20:15,87,22,65,0,0,0
2019-12-17 20:30,59,18,41,0,0,0
2019-12-17 20:45,76,28,48,0,0,0
2019-12-17 21:00,55,20,35,0,0,0
2019-12-17 21:15,46,13,33,0,0,0
2019-12-17 21:30,52,14,38,0,0,0
2019-12-17 21:45,44,10,34,0,0,0
2019-12-17 22:00,37,13,24,0,0,0
2019-12-17 22:15,68,27,41,0,0,0
2019-12-17 22:30,36,12,24,0,0,0
2019-12-17 22:45,52,19,33,0,0,0
2019-12-17 23:00,27,10,17,0,0,0
2019-12-17 23:15,35,11,24,0,0,0
2019-12-17 23:30,19,5,14,0,0,0
2019-12-17 23:45,27,12,15,0,0,0
2019-12-18 00:00,13,6,7,0,0,0
2019-12-18 00:15,9,4,5,0,0,0
2019-12-18 00:30,9,3,6,0,0,0
2019-12-18 00:45,13,6,7,0,0,0
2019-12-18 01:00,11,5,6,0,0,0
2019-12-18 01:15,13,7,6,0,0,0
2019-12-18 01:30,4,2,2,0,0,0
2019-12-18 01:45,3,2,1,0,0,0
2019-12-18 02:00,6,4,2,0,0,0
2019-12-18 02:15,3,0,3,0,0,0
2019-12-18 02:30,1,1,0,0,0,0
2019-12-18 02:45,1,0,1,0,0,0
2019-12-18 03:00,3,0,3,0,0,0
2019-12-18 03:15,1,1,0,0,0,0
2019-12-18 03:30,0,0,0,0,0,0
2019-12-18 03:45,0,0,0,0,0,0
2019-12-18 04:00,0,0,0,0,0,0
2019-12-18 04:15,2,0,2,0,0,0
2019-12-18 04:30,1,1,0,0,0,0
2019-12-18 04:45,0,0,0,0,0,0
2019-12-18 05:00,1,1,0,0,0,0
2019-12-18 05:15,3,2,1,0,0,0
2019-12-18 05:30,12,10,2,0,0,0
2019-12-18 05:45,20,10,10,0,0,0
2019-12-18 06:00,12,11,1,0,0,0
2019-12-18 06:15,20,10,10,0,0,0
2019-12-18 06:30,45,35,10,0,0,0
2019-12-18 06:45,60,45,15,0,0,0
2019-12-18 07:00,80,63,17,0,0,0
2019-12-18 07:15,141,109,32,0,0,0
2019-12-18 07:30,324,284,40,0,0,0
2019-12-18 07:45,201,154,47,0,0,0
2019-12-18 08:00,161,130,31,0,0,0
2019-12-18 08:15,168,126,42,0,0,0
2019-12-18 08:30,139,106,33,0,0,0
2019-12-18 08:45,176,137,39,0,0,0
2019-12-18 09:00,134,106,28,0,0,0
2019-12-18 09:15,119,86,33,0,0,0
2019-12-18 09:30,120,94,26,0,0,0
2019-12-18 09:45,182,154,28,0,0,0
2019-12-18 10:00,167,137,30,0,0,0
2019-12-18 10:15,135,103,32,0,0,0
2019-12-18 10:30,129,92,37,0,0,0
2019-12-18 10:45,138,108,30,0,0,0
2019-12-18 11:00,133,82,51,0,0,0
2019-12-18 11:15,118,80,38,0,0,0
2019-12-18 11:30,134,82,52,0,0,0
2019-12-18 11:45,180,106,74,0,0,0
2019-12-18 12:00,151,89,62,0,0,0
2019-12-18 12:15,140,86,54,0,0,0
2019-12-18 12:30,154,84,70,0,0,0
2019-12-18 12:45,150,79,71,0,0,0
2019-12-18 13:00,168,88,80,0,0,0
2019-12-18 13:15,175,81,94,0,0,0
2019-12-18 13:30,143,63,80,0,0,0
2019-12-18 13:45,183,92,91,0,0,0
2019-12-18 14:00,170,67,103,0,0,0
2019-12-18 14:15,157,83,74,0,0,0
2019-12-18 14:30,157,94,63,0,0,0
2019-12-18 14:45,153,69,84,0,0,0
2019-12-18 15:00,156,90,66,0,0,0
2019-12-18 15:15,168,87,81,0,0,0
2019-12-18 15:30,204,94,110,0,0,0
2019-12-18 15:45,176,86,90,0,0,0
2019-12-18 16:00,193,112,81,0,0,0
2019-12-18 16:15,192,97,95,0,0,0
2019-12-18 16:30,192,106,86,0,0,0
2019-12-18 16:45,190,117,73,0,0,0
2019-12-18 17:00,190,108,82,0,0,0
2019-12-18 17:15,181,105,76,0,0,0
2019-12-18 17:30,223,129,94,0,0,0
2019-12-18 17:45,222,148,74,0,0,0
2019-12-18 18:00,180,100,80,0,0,0
2019-12-18 18:15,168,94,74,0,0,0
2019-12-18 18:30,162,100,62,0,0,0
2019-12-18 18:45,141,83,58,0,0,0
2019-12-18 19:00,120,60,60,0,0,0
2019-12-18 19:15,119,58,61,0,0,0
2019-12-18 19:30,119,61,58,0,0,0
2019-12-18 19:45,111,40,71,0,0,0
2019-12-18 20:00,122,42,80,0,0,0
2019-12-18 20:15,133,42,91,0,0,0
2019-12-18 20:30,90,17,73,0,0,0
2019-12-18 20:45,66,27,39,0,0,0
2019-12-18 21:00,56,24,32,0,0,0
2019-12-18 21:15,61,20,41,0,0,0
2019-12-18 21:30,59,19,40,0,0,0
2019-12-18 21:45,61,21,40,0,0,0
2019-12-18 22:00,48,21,27,0,0,0
2019-12-18 22:15,51,20,31,0,0,0
2019-12-18 22:30,46,17,29,0,0,0
2019-12-18 22:45,50,18,32,0,0,0
2019-12-18 23:00,39,20,19,0,0,0
2019-12-18 23:15,33,15,18,0,0,0
2019-12-18 23:30,28,10,18,0,0,0
2019-12-18 23:45,35,22,13,0,0,0
2019-12-19 00:00,32,13,19,0,0,0
2019-12-19 00:15,26,13,13,0,0,0
2019-12-19 00:30,30,22,8,0,0,0
2019-12-19 00:45,18,8,10,0,0,0
2019-12-19 01:00,14,8,6,0,0,0
2019-12-19 01:15,14,10,4,0,0,0
2019-12-19 01:30,15,2,13,0,0,0
2019-12-19 01:45,8,1,7,0,0,0
2019-12-19 02:00,5,1,4,0,0,0
2019-12-19 02:15,7,0,7,0,0,0
2019-12-19 02:30,4,0,4,0,0,0
2019-12-19 02:45,4,0,4,0,0,0
2019-12-19 03:00,2,0,2,0,0,0
2019-12-19 03:15,2,0,2,0,0,0
2019-12-19 03:30,3,1,2,0,0,0
2019-12-19 03:45,6,0,6,0,0,0
2019-12-19 04:00,3,2,1,0,0,0
2019-12-19 04:15,7,5,2,0,0,0
2019-12-19 04:30,4,2,2,0,0,0
2019-12-19 04:45,0,0,0,0,0,0
2019-12-19 05:00,0,0,0,0,0,0
2019-12-19 05:15,8,5,3,0,0,0
2019-12-19 05:30,15,10,5,0,0,0
2019-12-19 05:45,17,10,7,0,0,0
2019-12-19 06:00,16,12,4,0,0,0
2019-12-19 06:15,20,14,6,0,0,0
2019-12-19 06:30,41,22,19,0,0,0
2019-12-19 06:45,56,37,19,0,0,0
2019-12-19 07:00,77,51,26,0,0,0
2019-12-19 07:15,126,106,20,0,0,0
2019-12-19 07:30,307,271,36,0,0,0
2019-12-19 07:45,210,163,47,0,0,0
2019-12-19 08:00,157,128,29,0,0,0
2019-12-19 08:15,157,118,39,0,0,0
2019-12-19 08:30,149,118,31,0,0,0
2019-12-19 08:45,163,125,38,0,0,0
2019-12-19 09:00,99,73,26,0,0,0
2019-12-19 09:15,115,101,14,0,0,0
2019-12-19 09:30,131,108,23,0,0,0
2019-12-19 09:45,188,156,32,0,0,0
2019-12-19 10:00,137,110,27,0,0,0
2019-12-19 10:15,97,73,24,0,0,0
2019-12-19 10:30,90,67,23,0,0,0
2019-12-19 10:45,119,77,42,0,0,0
2019-12-19 11:00,125,80,45,0,0,0
2019-12-19 11:15,143,88,55,0,0,0
2019-12-19 11:30,142,90,52,0,0,0
2019-12-19 11:45,164,108,56,0,0,0
2019-12-19 12:00,125,78,47,0,0,0
2019-12-19 12:15,136,87,49,0,0,0
2019-12-19 12:30,148,74,74,0,0,0
2019-12-19 12:45,141,86,55,0,0,0
2019-12-19 13:00,177,87,90,0,0,0
2019-12-19 13:15,152,82,70,0,0,0
2019-12-19 13:30,133,77,56,0,0,0
2019-12-19 13:45,206,116,90,0,0,0
2019-12-19 14:00,202,94,108,0,0,0
2019-12-19 14:15,187,93,94,0,0,0
2019-12-19 14:30,168,76,92,0,0,0
2019-12-19 14:45,177,89,88,0,0,0
2019-12-19 15:00,186,105,81,0,0,0
2019-12-19 15:15,160,101,59,0,0,0
2019-12-19 15:30,216,115,101,0,0,0
2019-12-19 15:45,227,128,99,0,0,0
2019-12-19 16:00,217,120,97,0,0,0
2019-12-19 16:15,194,106,88,0,0,0
2019-12-19 16:30,189,107,82,0,0,0
2019-12-19 16:45,220,145,75,0,0,0
2019-12-19 17:00,188,107,81,0,0,0
2019-12-19 17:15,199,110,89,0,0,0
2019-12-19 17:30,220,125,95,0,0,0
2019-12-19 17:45,220,132,88,0,0,0
2019-12-19 18:00,220,116,104,0,0,0
2019-12-19 18:15,172,98,74,0,0,0
2019-12-19 18:30,167,105,62,0,0,0
2019-12-19 18:45,165,83,82,0,0,0
2019-12-19 19:00,120,53,67,0,0,0
2019-12-19 19:15,141,79,62,0,0,0
2019-12-19 19:30,104,53,51,0,0,0
2019-12-19 19:45,125,59,66,0,0,0
2019-12-19 20:00,88,27,61,0,0,0
2019-12-19 20:15,98,26,72,0,0,0
2019-12-19 20:30,64,22,42,0,0,0
2019-12-19 20:45,60,22,38,0,0,0
2019-12-19 21:00,64,36,28,0,0,0
2019-12-19 21:15,41,13,28,0,0,0
2019-12-19 21:30,53,22,31,0,0,0
2019-12-19 21:45,37,10,27,0,0,0
2019-12-19 22:00,49,19,30,0,0,0
2019-12-19 22:15,53,27,26,0,0,0
2019-12-19 22:30,53,17,36,0,0,0
2019-12-19 22:45,50,20,30,0,0,0
2019-12-19 23:00,39,15,24,0,0,0
2019-12-19 23:15,29,10,19,0,0,0
2019-12-19 23:30,38,22,16,0,0,0
2019-12-19 23:45,26,11,15,0,0,0
2019-12-20 00:00,15,7,8,0,0,0
2019-12-20 00:15,26,13,13,0,0,0
2019-12-20 00:30,36,22,14,0,0,0
2019-12-20 00:45,18,9,9,0,0,0
2019-12-20 01:00,20,2,18,0,0,0
2019-12-20 01:15,28,16,12,0,0,0
2019-12-20 01:30,10,3,7,0,0,0
2019-12-20 01:45,13,6,7,0,0,0
2019-12-20 02:00,16,5,11,0,0,0
2019-12-20 02:15,8,4,4,0,0,0
2019-12-20 02:30,4,3,1,0,0,0
2019-12-20 02:45,2,0,2,0,0,0
2019-12-20 03:00,4,2,2,0,0,0
2019-12-20 03:15,6,5,1,0,0,0
2019-12-20 03:30,5,2,3,0,0,0
2019-12-20 03:45,2,1,1,0,0,0
2019-12-20 04:00,5,1,4,0,0,0
2019-12-20 04:15,5,2,3,0,0,0
2019-12-20 04:30,3,1,2,0,0,0
2019-12-20 04:45,1,0,1,0,0,0
2019-12-20 05:00,2,2,0,0,0,0
2019-12-20 05:15,2,1,1,0,0,0
2019-12-20 05:30,11,5,6,0,0,0
2019-12-20 05:45,17,12,5,0,0,0
2019-12-20 06:00,16,11,5,0,0,0
2019-12-20 06:15,16,12,4,0,0,0
2019-12-20 06:30,29,18,11,0,0,0
2019-12-20 06:45,37,30,7,0,0,0
2019-12-20 07:00,66,49,17,0,0,0
2019-12-20 07:15,121,93,28,0,0,0
2019-12-20 07:30,213,181,32,0,0,0
2019-12-20 07:45,183,132,51,0,0,0
2019-12-20 08:00,105,83,22,0,0,0
2019-12-20 08:15,122,91,31,0,0,0
2019-12-20 08:30,164,139,25,0,0,0
2019-12-20 08:45,137,112,25,0,0,0
2019-12-20 09:00,112,87,25,0,0,0
2019-12-20 09:15,131,102,29,0,0,0
2019-12-20 09:30,127,96,31,0,0,0
2019-12-20 09:45,165,138,27,0,0,0
2019-12-20 10:00,119,89,30,0,0,0
2019-12-20 10:15,97,71,26,0,0,0
2019-12-20 10:30,141,91,50,0,0,0
2019-12-20 10:45,130,96,34,0,0,0
2019-12-20 11:00,123,92,31,0,0,0
2019-12-20 11:15,150,81,69,0,0,0
2019-12-20 11:30,186,104,82,0,0,0
2019-12-20 11:45,153,95,58,0,0,0
2019-12-20 12:00,150,79,71,0,0,0
2019-12-20 12:15,139,64,75,0,0,0
2019-12-20 12:30,134,70,64,0,0,0
2019-12-20 12:45,133,69,64,0,0,0
2019-12-20 13:00,163,76,87,0,0,0
2019-12-20 13:15,137,55,82,0,0,0
2019-12-20 13:30,106,51,55,0,0,0
2019-12-20 13:45,144,68,76,0,0,0
2019-12-20 14:00,176,93,83,0,0,0
2019-12-20 14:15,147,66,81,0,0,0
2019-12-20 14:30,129,53,76,0,0,0
2019-12-20 14:45,182,102,80,0,0,0
2019-12-20 15:00,135,76,59,0,0,0
2019-12-20 15:15,131,64,67,0,0,0
2019-12-20 15:30,149,93,56,0,0,0
2019-12-20 15:45,149,89,60,0,0,0
2019-12-20 16:00,154,64,90,0,0,0
2019-12-20 16:15,151,75,76,0,0,0
2019-12-20 16:30,146,87,59,0,0,0
2019-12-20 16:45,146,84,62,0,0,0
2019-12-20 17:00,142,88,54,0,0,0
2019-12-20 17:15,162,87,75,0,0,0
2019-12-20 17:30,150,92,58,0,0,0
2019-12-20 17:45,165,106,59,0,0,0
2019-12-20 18:00,137,68,69,0,0,0
2019-12-20 18:15,113,65,48,0,0,0
2019-12-20 18:30,114,57,57,0,0,0
2019-12-20 18:45,124,86,38,0,0,0
2019-12-20 19:00,122,62,60,0,0,0
2019-12-20 19:15,109,52,57,0,0,0
2019-12-20 19:30,84,46,38,0,0,0
2019-12-20 19:45,88,50,38,0,0,0
2019-12-20 20:00,84,43,41,0,0,0
2019-12-20 20:15,86,38,48,0,0,0
2019-12-20 20:30,53,21,32,0,0,0
2019-12-20 20:45,52,25,27,0,0,0
2019-12-20 21:00,55,26,29,0,0,0
2019-12-20 21:15,50,16,34,0,0,0
2019-12-20 21:30,58,27,31,0,0,0
2019-12-20 21:45,33,19,14,0,0,0
2019-12-20 22:00,38,16,22,0,0,0
2019-12-20 22:15,50,25,25,0,0,0
2019-12-20 22:30,59,26,33,0,0,0
2019-12-20 22:45,32,19,13,0,0,0
2019-12-20 23:00,34,19,15,0,0,0
2019-12-20 23:15,27,17,10,0,0,0
2019-12-20 23:30,37,13,24,0,0,0
2019-12-20 23:45,32,17,15,0,0,0
2019-12-21 00:00,38,24,14,0,0,0
2019-12-21 00:15,41,18,23,0,0,0
2019-12-21 00:30,56,38,18,0,0,0
2019-12-21 00:45,26,9,17,0,0,0
2019-12-21 01:00,33,17,16,0,0,0
2019-12-21 01:15,20,7,13,0,0,0
2019-12-21 01:30,32,14,18,0,0,0
2019-12-21 01:45,25,6,19,0,0,0
2019-12-21 02:00,19,7,12,0,0,0
2019-12-21 02:15,12,4,8,0,0,0
2019-12-21 02:30,27,12,15,0,0,0
2019-12-21 02:45,11,2,9,0,0,0
2019-12-21 03:00,5,0,5,0,0,0
2019-12-21 03:15,14,3,11,0,0,0
2019-12-21 03:30,9,3,6,0,0,0
2019-12-21 03:45,12,2,10,0,0,0
2019-12-21 04:00,8,3,5,0,0,0
2019-12-21 04:15,9,2,7,0,0,0
2019-12-21 04:30,6,4,2,0,0,0
2019-12-21 04:45,12,6,6,0,0,0
2019-12-21 05:00,1,0,1,0,0,0
2019-12-21 05:15,3,0,3,0,0,0
2019-12-21 05:30,3,3,0,0,0,0
2019-12-21 05:45,8,5,3,0,0,0
2019-12-21 06:00,7,5,2,0,0,0
2019-12-21 06:15,5,4,1,0,0,0
2019-12-21 06:30,2,2,0,0,0,0
2019-12-21 06:45,15,10,5,0,0,0
2019-12-21 07:00,9,6,3,0,0,0
2019-12-21 07:15,20,16,4,0,0,0
2019-12-21 07:30,21,14,7,0,0,0
2019-12-21 07:45,29,22,7,0,0,0
2019-12-21 08:00,39,34,5,0,0,0
2019-12-21 08:15,44,35,9,0,0,0
2019-12-21 08:30,32,16,16,0,0,0
2019-12-21 08:45,63,45,18,0,0,0
2019-12-21 09:00,69,57,12,0,0,0
2019-12-21 09:15,79,64,15,0,0,0
2019-12-21 09:30,95,78,17,0,0,0
2019-12-21 09:45,123,103,20,0,0,0
2019-12-21 10:00,136,114,22,0,0,0
2019-12-21 10:15,168,133,35,0,0,0
2019-12-21 10:30,147,115,32,0,0,0
2019-12-21 10:45,166,127,39,0,0,0
2019-12-21 11:00,134,96,38,0,0,0
2019-12-21 11:15,162,124,38,0,0,0
2019-12-21 11:30,184,128,56,0,0,0
2019-12-21 11:45,201,149,52,0,0,0
2019-12-21 12:00,213,143,70,0,0,0
2019-12-21 12:15,159,91,68,0,0,0
2019-12-21 12:30,222,145,77,0,0,0
2019-12-21 12:45,182,118,64,0,0,0
2019-12-21 13:00,178,107,71,0,0,0
2019-12-21 13:15,181,123,58,0,0,0
2019-12-21 13:30,178,98,80,0,0,0
2019-12-21 13:45,162,101,61,0,0,0
2019-12-21 14:00,137,83,54,0,0,0
2019-12-21 14:15,167,66,101,0,0,0
2019-12-21 14:30,142,63,79,0,0,0
2019-12-21 14:45,138,82,56,0,0,0
2019-12-21 15:00,132,66,66,0,0,0
2019-12-21 15:15,132,66,66,0,0,0
2019-12-21 15:30,121,76,45,0,0,0
2019-12-21 15:45,178,104,74,0,0,0
2019-12-21 16:00,127,80,47,0,0,0
2019-12-21 16:15,159,92,67,0,0,0
2019-12-21 16:30,135,75,60,0,0,0
2019-12-21 16:45,132,72,60,0,0,0
2019-12-21 17:00,99,50,49,0,0,0
2019-12-21 17:15,98,46,52,0,0,0
2019-12-21 17:30,109,60,49,0,0,0
2019-12-21 17:45,154,100,54,0,0,0
2019-12-21 18:00,117,51,66,0,0,0
2019-12-21 18:15,96,49,47,0,0,0
2019-12-21 18:30,116,73,43,0,0,0
2019-12-21 18:45,107,62,45,0,0,0
2019-12-21 19:00,92,47,45,0,0,0
2019-12-21 19:15,85,49,36,0,0,0
2019-12-21 19:30,66,28,38,0,0,0
2019-12-21 19:45,78,50,28,0,0,0
2019-12-21 20:00,60,23,37,0,0,0
2019-12-21 20:15,52,20,32,0,0,0
2019-12-21 20:30,32,17,15,0,0,0
2019-12-21 20:45,36,24,12,0,0,0
2019-12-21 21:00,44,19,25,0,0,0
2019-12-21 21:15,40,19,21,0,0,0
2019-12-21 21:30,50,20,30,0,0,0
2019-12-21 21:45,28,9,19,0,0,0
2019-12-21 22:00,38,23,15,0,0,0
2019-12-21 22:15,26,13,13,0,0,0
2019-12-21 22:30,33,18,15,0,0,0
2019-12-21 22:45,28,8,20,0,0,0
2019-12-21 23:00,36,21,15,0,0,0
2019-12-21 23:15,25,10,15,0,0,0
2019-12-21 23:30,28,12,16,0,0,0
2019-12-21 23:45,30,13,17,0,0,0
2019-12-22 00:00,32,11,21,0,0,0
2019-12-22 00:15,37,20,17,0,0,0
2019-12-22 00:30,26,14,12,0,0,0
2019-12-22 00:45,16,6,10,0,0,0
2019-12-22 01:00,31,16,15,0,0,0
2019-12-22 01:15,6,2,4,0,0,0
2019-12-22 01:30,11,4,7,0,0,0
2019-12-22 01:45,15,4,11,0,0,0
2019-12-22 02:00,16,8,8,0,0,0
2019-12-22 02:15,13,2,11,0,0,0
2019-12-22 02:30,7,0,7,0,0,0
2019-12-22 02:45,19,7,12,0,0,0
2019-12-22 03:00,9,3,6,0,0,0
2019-12-22 03:15,7,4,3,0,0,0
2019-12-22 03:30,6,2,4,0,0,0
2019-12-22 03:45,5,1,4,0,0,0
2019-12-22 04:00,6,1,5,0,0,0
2019-12-22 04:15,7,3,4,0,0,0
2019-12-22 04:30,3,0,3,0,0,0
2019-12-22 04:45,4,2,2,0,0,0
2019-12-22 05:00,2,2,0,0,0,0
2019-12-22 05:15,1,0,1,0,0,0
2019-12-22 05:30,6,5,1,0,0,0
2019-12-22 05:45,5,4,1,0,0,0
2019-12-22 06:00,2,1,1,0,0,0
2019-12-22 06:15,3,3,0,0,0,0
2019-12-22 06:30,5,3,2,0,0,0
2019-12-22 06:45,6,5,1,0,0,0
2019-12-22 07:00,3,3,0,0,0,0
2019-12-22 07:15,2,1,1,0,0,0
2019-12-22 07:30,5,5,0,0,0,0
2019-12-22 07:45,9,5,4,0,0,0
2019-12-22 08:00,6,4,2,0,0,0
2019-12-22 08:15,7,5,2,0,0,0
2019-12-22 08:30,8,8,0,0,0,0
2019-12-22 08:45,14,11,3,0,0,0
2019-12-22 09:00,9,7,2,0,0,0
2019-12-22 09:15,20,14,6,0,0,0
2019-12-22 09:30,22,21,1,0,0,0
2019-12-22 09:45,55,48,7,0,0,0
2019-12-22 10:00,39,29,10,0,0,0
2019-12-22 10:15,28,19,9,0,0,0
2019-12-22 10:30,26,18,8,0,0,0
2019-12-22 10:45,41,39,2,0,0,0
2019-12-22 11:00,38,32,6,0,0,0
2019-12-22 11:15,43,24,19,0,0,0
2019-12-22 11:30,34,23,11,0,0,0
2019-12-22 11:45,34,22,12,0,0,0
2019-12-22 12:00,49,34,15,0,0,0
2019-12-22 12:15,36,27,9,0,0,0
2019-12-22 12:30,40,28,12,0,0,0
2019-12-22 12:45,61,43,18,0,0,0
2019-12-22 13:00,42,23,19,0,0,0
2019-12-22 13:15,35,20,15,0,0,0
2019-12-22 13:30,47,19,28,0,0,0
2019-12-22 13:45,35,21,14,0,0,0
2019-12-22 14:00,34,20,14,0,0,0
2019-12-22 14:15,48,39,9,0,0,0
2019-12-22 14:30,61,43,18,0,0,0
2019-12-22 14:45,53,35,18,0,0,0
2019-12-22 15:00,52,35,17,0,0,0
2019-12-22 15:15,48,27,21,0,0,0
2019-12-22 15:30,38,21,17,0,0,0
2019-12-22 15:45,50,32,18,0,0,0
2019-12-22 16:00,47,31,16,0,0,0
2019-12-22 16:15,54,27,27,0,0,0
2019-12-22 16:30,47,23,24,0,0,0
2019-12-22 16:45,81,54,27,0,0,0
2019-12-22 17:00,65,56,9,0,0,0
2019-12-22 17:15,42,29,13,0,0,0
2019-12-22 17:30,51,28,23,0,0,0
2019-12-22 17:45,60,36,24,0,0,0
2019-12-22 18:00,37,16,21,0,0,0
2019-12-22 18:15,45,21,24,0,0,0
2019-12-22 18:30,39,19,20,0,0,0
2019-12-22 18:45,47,23,24,0,0,0
2019-12-22 19:00,43,17,26,0,0,0
2019-12-22 19:15,30,12,18,0,0,0
2019-12-22 19:30,20,8,12,0,0,0
2019-12-22 19:45,32,13,19,0,0,0
2019-12-22 20:00,32,10,22,0,0,0
2019-12-22 20:15,17,6,11,0,0,0
2019-12-22 20:30,18,10,8,0,0,0
2019-12-22 20:45,18,11,7,0,0,0
2019-12-22 21:00,28,17,11,0,0,0
2019-12-22 21:15,16,11,5,0,0,0
2019-12-22 21:30,10,2,8,0,0,0
2019-12-22 21:45,19,7,12,0,0,0
2019-12-22 22:00,13,3,10,0,0,0
2019-12-22 22:15,19,11,8,0,0,0
2019-12-22 22:30,20,9,11,0,0,0
2019-12-22 22:45,6,2,4,0,0,0
2019-12-22 23:00,14,3,11,0,0,0
2019-12-22 23:15,11,6,5,0,0,0
2019-12-22 23:30,8,2,6,0,0,0
2019-12-22 23:45,12,2,10,0,0,0
2019-12-23 00:00,7,2,5,0,0,0
2019-12-23 00:15,5,1,4,0,0,0
2019-12-23 00:30,9,5,4,0,0,0
2019-12-23 00:45,2,1,1,0,0,0
2019-12-23 01:00,6,4,2,0,0,0
2019-12-23 01:15,3,1,2,0,0,0
2019-12-23 01:30,5,2,3,0,0,0
2019-12-23 01:45,7,4,3,0,0,0
2019-12-23 02:00,3,2,1,0,0,0
2019-12-23 02:15,2,1,1,0,0,0
2019-12-23 02:30,2,0,2,0,0,0
2019-12-23 02:45,2,1,1,0,0,0
2019-12-23 03:00,0,0,0,0,0,0
2019-12-23 03:15,3,1,2,0,0,0
2019-12-23 03:30,3,3,0,0,0,0
2019-12-23 03:45,2,1,1,0,0,0
2019-12-23 04:00,0,0,0,0,0,0
2019-12-23 04:15,1,0,1,0,0,0
2019-12-23 04:30,1,1,0,0,0,0
2019-12-23 04:45,1,1,0,0,0,0
2019-12-23 05:00,0,0,0,0,0,0
2019-12-23 05:15,3,2,1,0,0,0
2019-12-23 05:30,13,11,2,0,0,0
2019-12-23 05:45,14,10,4,0,0,0
2019-12-23 06:00,5,4,1,0,0,0
2019-12-23 06:15,10,7,3,0,0,0
2019-12-23 06:30,18,16,2,0,0,0
2019-12-23 06:45,21,13,8,0,0,0
2019-12-23 07:00,21,17,4,0,0,0
2019-12-23 07:15,31,19,12,0,0,0
2019-12-23 07:30,37,30,7,0,0,0
2019-12-23 07:45,54,35,19,0,0,0
2019-12-23 08:00,46,40,6,0,0,0
2019-12-23 08:15,42,31,11,0,0,0
2019-12-23 08:30,38,31,7,0,0,0
2019-12-23 08:45,53,36,17,0,0,0
2019-12-23 09:00,39,30,9,0,0,0
2019-12-23 09:15,66,54,12,0,0,0
2019-12-23 09:30,72,59,13,0,0,0
2019-12-23 09:45,110,89,21,0,0,0
2019-12-23 10:00,118,94,24,0,0,0
2019-12-23 10:15,121,88,33,0,0,0
2019-12-23 10:30,115,82,33,0,0,0
2019-12-23 10:45,139,101,38,0,0,0
2019-12-23 11:00,137,93,44,0,0,0
2019-12-23 11:15,143,90,53,0,0,0
2019-12-23 11:30,155,103,52,0,0,0
2019-12-23 11:45,135,90,45,0,0,0
2019-12-23 12:00,114,69,45,0,0,0
2019-12-23 12:15,160,98,62,0,0,0
2019-12-23 12:30,143,74,69,0,0,0
2019-12-23 12:45,161,93,68,0,0,0
2019-12-23 13:00,163,102,61,0,0,0
2019-12-23 13:15,146,78,68,0,0,0
2019-12-23 13:30,132,71,61,0,0,0
2019-12-23 13:45,131,75,56,0,0,0
2019-12-23 14:00,110,65,45,0,0,0
2019-12-23 14:15,128,70,58,0,0,0
2019-12-23 14:30,116,56,60,0,0,0
2019-12-23 14:45,157,109,48,0,0,0
2019-12-23 15:00,135,82,53,0,0,0
2019-12-23 15:15,134,86,48,0,0,0
2019-12-23 15:30,137,65,72,0,0,0
2019-12-23 15:45,115,72,43,0,0,0
2019-12-23 16:00,126,74,52,0,0,0
2019-12-23 16:15,119,64,55,0,0,0
2019-12-23 16:30,99,50,49,0,0,0
2019-12-23 16:45,113,69,44,0,0,0
2019-12-23 17:00,142,79,63,0,0,0
2019-12-23 17:15,98,54,44,0,0,0
2019-12-23 17:30,111,60,51,0,0,0
2019-12-23 17:45,98,44,54,0,0,0
2019-12-23 18:00,111,60,51,0,0,0
2019-12-23 18:15,97,57,40,0,0,0
2019-12-23 18:30,83,45,38,0,0,0
2019-12-23 18:45,78,50,28,0,0,0
2019-12-23 19:00,71,39,32,0,0,0
2019-12-23 19:15,88,46,42,0,0,0
2019-12-23 19:30,50,29,21,0,0,0
2019-12-23 19:45,53,22,31,0,0,0
2019-12-23 20:00,66,28,38,0,0,0
2019-12-23 20:15,45,19,26,0,0,0
2019-12-23 20:30,34,19,15,0,0,0
2019-12-23 20:45,26,16,10,0,0,0
2019-12-23 21:00,35,23,12,0,0,0
2019-12-23 21:15,34,19,15,0,0,0
2019-12-23 21:30,31,19,12,0,0,0
2019-12-23 21:45,12,6,6,0,0,0
2019-12-23 22:00,18,9,9,0,0,0
2019-12-23 22:15,25,13,12,0,0,0
2019-12-23 22:30,17,5,12,0,0,0
2019-12-23 22:45,27,6,21,0,0,0
2019-12-23 23:00,18,11,7,0,0,0
2019-12-23 23:15,21,7,14,0,0,0
2019-12-23 23:30,17,5,12,0,0,0
2019-12-23 23:45,22,12,10,0,0,0
2019-12-24 00:00,14,1,13,0,0,0
2019-12-24 00:15,15,3,12,0,0,0
2019-12-24 00:30,19,6,13,0,0,0
2019-12-24 00:45,17,3,14,0,0,0
2019-12-24 01:00,12,3,9,0,0,0
2019-12-24 01:15,24,14,10,0,0,0
2019-12-24 01:30,11,3,8,0,0,0
2019-12-24 01:45,15,3,12,0,0,0
2019-12-24 02:00,9,4,5,0,0,0
2019-12-24 02:15,3,0,3,0,0,0
2019-12-24 02:30,11,2,9,0,0,0
2019-12-24 02:45,10,1,9,0,0,0
2019-12-24 03:00,9,2,7,0,0,0
2019-12-24 03:15,12,1,11,0,0,0
2019-12-24 03:30,3,1,2,0,0,0
2019-12-24 03:45,10,3,7,0,0,0
2019-12-24 04:00,2,0,2,0,0,0
2019-12-24 04:15,3,0,3,0,0,0
2019-12-24 04:30,3,1,2,0,0,0
2019-12-24 04:45,2,2,0,0,0,0
2019-12-24 05:00,1,0,1,0,0,0
2019-12-24 05:15,1,0,1,0,0,0
2019-12-24 05:30,12,7,5,0,0,0
2019-12-24 05:45,9,3,6,0,0,0
2019-12-24 06:00,6,3,3,0,0,0
2019-12-24 06:15,7,4,3,0,0,0
2019-12-24 06:30,12,10,2,0,0,0
2019-12-24 06:45,17,15,2,0,0,0
2019-12-24 07:00,27,22,5,0,0,0
2019-12-24 07:15,26,19,7,0,0,0
2019-12-24 07:30,42,31,11,0,0,0
2019-12-24 07:45,52,40,12,0,0,0
2019-12-24 08:00,48,34,14,0,0,0
2019-12-24 08:15,49,27,22,0,0,0
2019-12-24 08:30,43,30,13,0,0,0
2019-12-24 08:45,68,46,22,0,0,0
2019-12-24 09:00,64,40,24,0,0,0
2019-12-24 09:15,84,62,22,0,0,0
2019-12-24 09:30,66,50,16,0,0,0
2019-12-24 09:45,93,58,35,0,0,0
2019-12-24 10:00,66,41,25,0,0,0
2019-12-24 10:15,69,52,17,0,0,0
2019-12-24 10:30,68,46,22,0,0,0
2019-12-24 10:45,67,43,24,0,0,0
2019-12-24 11:00,92,59,33,0,0,0
2019-12-24 11:15,58,33,25,0,0,0
2019-12-24 11:30,52,22,30,0,0,0
2019-12-24 11:45,53,34,19,0,0,0
2019-12-24 12:00,41,21,20,0,0,0
2019-12-24 12:15,44,20,24,0,0,0
2019-12-24 12:30,54,22,32,0,0,0
2019-12-24 12:45,41,16,25,0,0,0
2019-12-24 13:00,32,7,25,0,0,0
2019-12-24 13:15,32,9,23,0,0,0
2019-12-24 13:30,25,11,14,0,0,0
2019-12-24 13:45,20,9,11,0,0,0
2019-12-24 14:00,24,8,16,0,0,0
2019-12-24 14:15,19,6,13,0,0,0
2019-12-24 14:30,22,10,12,0,0,0
2019-12-24 14:45,17,13,4,0,0,0
2019-12-24 15:00,12,3,9,0,0,0
2019-12-24 15:15,14,9,5,0,0,0
2019-12-24 15:30,19,13,6,0,0,0
2019-12-24 15:45,17,8,9,0,0,0
2019-12-24 16:00,22,11,11,0,0,0
2019-12-24 16:15,21,13,8,0,0,0
2019-12-24 16:30,9,7,2,0,0,0
2019-12-24 16:45,13,10,3,0,0,0
2019-12-24 17:00,15,7,8,0,0,0
2019-12-24 17:15,7,5,2,0,0,0
2019-12-24 17:30,13,10,3,0,0,0
2019-12-24 17:45,4,4,0,0,0,0
2019-12-24 18:00,11,7,4,0,0,0
2019-12-24 18:15,5,2,3,0,0,0
2019-12-24 18:30,3,2,1,0,0,0
2019-12-24 18:45,6,3,3,0,0,0
2019-12-24 19:00,7,4,3,0,0,0
2019-12-24 19:15,1,0,1,0,0,0
2019-12-24 19:30,4,2,2,0,0,0
2019-12-24 19:45,2,1,1,0,0,0
2019-12-24 20:00,1,0,1,0,0,0
2019-12-24 20:15,1,1,0,0,0,0
2019-12-24 20:30,7,3,4,0,0,0
2019-12-24 20:45,7,4,3,0,0,0
2019-12-24 21:00,4,2,2,0,0,0
2019-12-24 21:15,8,6,2,0,0,0
2019-12-24 21:30,5,3,2,0,0,0
2019-12-24 21:45,7,4,3,0,0,0
2019-12-24 22:00,11,8,3,0,0,0
2019-12-24 22:15,7,4,3,0,0,0
2019-12-24 22:30,10,4,6,0,0,0
2019-12-24 22:45,10,8,2,0,0,0
2019-12-24 23:00,5,4,1,0,0,0
2019-12-24 23:15,11,7,4,0,0,0
2019-12-24 23:30,9,2,7,0,0,0
2019-12-24 23:45,2,1,1,0,0,0
2019-12-25 00:00,6,1,5,0,0,0
2019-12-25 00:15,10,7,3,0,0,0
2019-12-25 00:30,3,2,1,0,0,0
2019-12-25 00:45,9,2,7,0,0,0
2019-12-25 01:00,6,2,4,0,0,0
2019-12-25 01:15,3,0,3,0,0,0
2019-12-25 01:30,7,1,6,0,0,0
2019-12-25 01:45,2,2,0,0,0,0
2019-12-25 02:00,1,0,1,0,0,0
2019-12-25 02:15,1,0,1,0,0,0
2019-12-25 02:30,1,0,1,0,0,0
2019-12-25 02:45,0,0,0,0,0,0
2019-12-25 03:00,3,0,3,0,0,0
2019-12-25 03:15,2,2,0,0,0,0
2019-12-25 03:30,2,2,0,0,0,0
2019-12-25 03:45,0,0,0,0,0,0
2019-12-25 04:00,3,3,0,0,0,0
2019-12-25 04:15,0,0,0,0,0,0
2019-12-25 04:30,0,0,0,0,0,0
2019-12-25 04:45,3,0,3,0,0,0
2019-12-25 05:00,0,0,0,0,0,0
2019-12-25 05:15,1,0,1,0,0,0
2019-12-25 05:30,4,1,3,0,0,0
2019-12-25 05:45,5,4,1,0,0,0
2019-12-25 06:00,4,2,2,0,0,0
2019-12-25 06:15,1,0,1,0,0,0
2019-12-25 06:30,0,0,0,0,0,0
2019-12-25 06:45,1,1,0,0,0,0
2019-12-25 07:00,1,0,1,0,0,0
2019-12-25 07:15,2,1,1,0,0,0
2019-12-25 07:30,1,1,0,0,0,0
2019-12-25 07:45,4,3,1,0,0,0
2019-12-25 08:00,1,0,1,0,0,0
2019-12-25 08:15,0,0,0,0,0,0
2019-12-25 08:30,4,3,1,0,0,0
2019-12-25 08:45,2,1,1,0,0,0
2019-12-25 09:00,4,3,1,0,0,0
2019-12-25 09:15,5,5,0,0,0,0
2019-12-25 09:30,8,5,3,0,0,0
2019-12-25 09:45,8,6,2,0,0,0
2019-12-25 10:00,10,10,0,0,0,0
2019-12-25 10:15,11,9,2,0,0,0
2019-12-25 10:30,10,7,3,0,0,0
2019-12-25 10:45,9,6,3,0,0,0
2019-12-25 11:00,10,7,3,0,0,0
2019-12-25 11:15,8,5,3,0,0,0
2019-12-25 11:30,16,7,9,0,0,0
2019-12-25 11:45,7,7,0,0,0,0
2019-12-25 12:00,10,5,5,0,0,0
2019-12-25 12:15,15,8,7,0,0,0
2019-12-25 12:30,12,6,6,0,0,0
2019-12-25 12:45,9,5,4,0,0,0
2019-12-25 13:00,10,5,5,0,0,0
2019-12-25 13:15,30,18,12,0,0,0
2019-12-25 13:30,19,11,8,0,0,0
2019-12-25 13:45,17,15,2,0,0,0
2019-12-25 14:00,13,11,2,0,0,0
2019-12-25 14:15,22,12,10,0,0,0
2019-12-25 14:30,24,12,12,0,0,0
2019-12-25 14:45,10,10,0,0,0,0
2019-12-25 15:00,12,8,4,0,0,0
2019-12-25 15:15,26,19,7,0,0,0
2019-12-25 15:30,13,5,8,0,0,0
2019-12-25 15:45,19,10,9,0,0,0
2019-12-25 16:00,15,6,9,0,0,0
2019-12-25 16:15,17,5,12,0,0,0
2019-12-25 16:30,24,11,13,0,0,0
2019-12-25 16:45,12,5,7,0,0,0
2019-12-25 17:00,8,8,0,0,0,0
2019-12-25 17:15,11,5,6,0,0,0
2019-12-25 17:30,19,12,7,0,0,0
2019-12-25 17:45,16,10,6,0,0,0
2019-12-25 18:00,15,11,4,0,0,0
2019-12-25 18:15,17,10,7,0,0,0
2019-12-25 18:30,19,12,7,0,0,0
2019-12-25 18:45,9,5,4,0,0,0
2019-12-25 19:00,22,13,9,0,0,0
2019-12-25 19:15,9,4,5,0,0,0
2019-12-25 19:30,10,6,4,0,0,0
2019-12-25 19:45,7,3,4,0,0,0
2019-12-25 20:00,13,5,8,0,0,0
2019-12-25 20:15,7,7,0,0,0,0
2019-12-25 20:30,15,12,3,0,0,0
2019-12-25 20:45,18,10,8,0,0,0
2019-12-25 21:00,7,5,2,0,0,0
2019-12-25 21:15,10,7,3,0,0,0
2019-12-25 21:30,11,10,1,0,0,0
2019-12-25 21:45,13,9,4,0,0,0
2019-12-25 22:00,9,5,4,0,0,0
2019-12-25 22:15,8,5,3,0,0,0
2019-12-25 22:30,3,2,1,0,0,0
2019-12-25 22:45,5,3,2,0,0,0
2019-12-25 23:00,14,9,5,0,0,0
2019-12-25 23:15,12,11,1,0,0,0
2019-12-25 23:30,3,2,1,0,0,0
2019-12-25 23:45,1,1,0,0,0,0
2019-12-26 00:00,5,2,3,0,0,0
2019-12-26 00:15,3,1,2,0,0,0
2019-12-26 00:30,7,2,5,0,0,0
2019-12-26 00:45,7,1,6,0,0,0
2019-12-26 01:00,4,2,2,0,0,0
2019-12-26 01:15,3,2,1,0,0,0
2019-12-26 01:30,2,0,2,0,0,0
2019-12-26 01:45,7,2,5,0,0,0
2019-12-26 02:00,4,0,4,0,0,0
2019-12-26 02:15,1,0,1,0,0,0
2019-12-26 02:30,0,0,0,0,0,0
2019-12-26 02:45,1,0,1,0,0,0
2019-12-26 03:00,0,0,0,0,0,0
2019-12-26 03:15,1,0,1,0,0,0
2019-12-26 03:30,0,0,0,0,0,0
2019-12-26 03:45,0,0,0,0,0,0
2019-12-26 04:00,2,2,0,0,0,0
2019-12-26 04:15,0,0,0,0,0,0
2019-12-26 04:30,1,0,1,0,0,0
2019-12-26 04:45,0,0,0,0,0,0
2019-12-26 05:00,0,0,0,0,0,0
2019-12-26 05:15,2,2,0,0,0,0
2019-12-26 05:30,6,4,2,0,0,0
2019-12-26 05:45,2,1,1,0,0,0
2019-12-26 06:00,1,1,0,0,0,0
2019-12-26 06:15,4,2,2,0,0,0
2019-12-26 06:30,4,3,1,0,0,0
2019-12-26 06:45,2,1,1,0,0,0
2019-12-26 07:00,2,0,2,0,0,0
2019-12-26 07:15,1,0,1,0,0,0
2019-12-26 07:30,8,4,4,0,0,0
2019-12-26 07:45,7,5,2,0,0,0
2019-12-26 08:00,4,3,1,0,0,0
2019-12-26 08:15,7,5,2,0,0,0
2019-12-26 08:30,8,6,2,0,0,0
2019-12-26 08:45,14,10,4,0,0,0
2019-12-26 09:00,9,6,3,0,0,0
2019-12-26 09:15,13,10,3,0,0,0
2019-12-26 09:30,16,14,2,0,0,0
2019-12-26 09:45,19,15,4,0,0,0
2019-12-26 10:00,10,10,0,0,0,0
2019-12-26 10:15,7,7,0,0,0,0
2019-12-26 10:30,17,11,6,0,0,0
2019-12-26 10:45,18,14,4,0,0,0
2019-12-26 11:00,13,7,6,0,0,0
2019-12-26 11:15,27,19,8,0,0,0
2019-12-26 11:30,22,10,12,0,0,0
2019-12-26 11:45,22,14,8,0,0,0
2019-12-26 12:00,21,14,7,0,0,0
2019-12-26 12:15,20,11,9,0,0,0
2019-12-26 12:30,24,17,7,0,0,0
2019-12-26 12:45,35,20,15,0,0,0
2019-12-26 13:00,16,7,9,0,0,0
2019-12-26 13:15,23,18,5,0,0,0
2019-12-26 13:30,40,29,11,0,0,0
2019-12-26 13:45,26,17,9,0,0,0
2019-12-26 14:00,15,11,4,0,0,0
2019-12-26 14:15,27,18,9,0,0,0
2019-12-26 14:30,22,11,11,0,0,0
2019-12-26 14:45,22,10,12,0,0,0
2019-12-26 15:00,25,18,7,0,0,0
2019-12-26 15:15,32,21,11,0,0,0
2019-12-26 15:30,37,26,11,0,0,0
2019-12-26 15:45,29,23,6,0,0,0
2019-12-26 16:00,31,18,13,0,0,0
2019-12-26 16:15,29,18,11,0,0,0
2019-12-26 16:30,24,15,9,0,0,0
2019-12-26 16:45,34,21,13,0,0,0
2019-12-26 17:00,28,13,15,0,0,0
2019-12-26 17:15,30,19,11,0,0,0
2019-12-26 17:30,37,17,20,0,0,0
2019-12-26 17:45,33,18,15,0,0,0
2019-12-26 18:00,21,12,9,0,0,0
2019-12-26 18:15,29,22,7,0,0,0
2019-12-26 18:30,21,8,13,0,0,0
2019-12-26 18:45,29,15,14,0,0,0
2019-12-26 19:00,11,8,3,0,0,0
2019-12-26 19:15,13,7,6,0,0,0
2019-12-26 19:30,13,8,5,0,0,0
2019-12-26 19:45,33,17,16,0,0,0
2019-12-26 20:00,14,9,5,0,0,0
2019-12-26 20:15,15,13,2,0,0,0
2019-12-26 20:30,13,5,8,0,0,0
2019-12-26 20:45,30,18,12,0,0,0
2019-12-26 21:00,22,12,10,0,0,0
2019-12-26 21:15,24,12,12,0,0,0
2019-12-26 21:30,18,14,4,0,0,0
2019-12-26 21:45,10,8,2,0,0,0
2019-12-26 22:00,26,13,13,0,0,0
2019-12-26 22:15,6,3,3,0,0,0
2019-12-26 22:30,15,13,2,0,0,0
2019-12-26 22:45,5,4,1,0,0,0
2019-12-26 23:00,5,4,1,0,0,0
2019-12-26 23:15,10,7,3,0,0,0
2019-12-26 23:30,5,1,4,0,0,0
2019-12-26 23:45,9,4,5,0,0,0
2019-12-27 00:00,10,4,6,0,0,0
2019-12-27 00:15,13,9,4,0,0,0
2019-12-27 00:30,4,0,4,0,0,0
2019-12-27 00:45,10,5,5,0,0,0
2019-12-27 01:00,3,2,1,0,0,0
2019-12-27 01:15,6,1,5,0,0,0
2019-12-27 01:30,5,1,4,0,0,0
2019-12-27 01:45,0,0,0,0,0,0
2019-12-27 02:00,2,0,2,0,0,0
2019-12-27 02:15,0,0,0,0,0,0
2019-12-27 02:30,4,0,4,0,0,0
2019-12-27 02:45,3,1,2,0,0,0
2019-12-27 03:00,8,7,1,0,0,0
2019-12-27 03:15,1,0,1,0,0,0
2019-12-27 03:30,2,1,1,0,0,0
2019-12-27 03:45,1,0,1,0,0,0
2019-12-27 04:00,1,0,1,0,0,0
2019-12-27 04:15,5,0,5,0,0,0
2019-12-27 04:30,0,0,0,0,0,0
2019-12-27 04:45,2,0,2,0,0,0
2019-12-27 05:00,0,0,0,0,0,0
2019-12-27 05:15,1,1,0,0,0,0
2019-12-27 05:30,7,3,4,0,0,0
2019-12-27 05:45,7,4,3,0,0,0
2019-12-27 06:00,4,3,1,0,0,0
2019-12-27 06:15,7,4,3,0,0,0
2019-12-27 06:30,11,8,3,0,0,0
2019-12-27 06:45,20,14,6,0,0,0
2019-12-27 07:00,23,16,7,0,0,0
2019-12-27 07:15,23,13,10,0,0,0
2019-12-27 07:30,26,16,10,0,0,0
2019-12-27 07:45,44,30,14,0,0,0
2019-12-27 08:00,32,21,11,0,0,0
2019-12-27 08:15,33,28,5,0,0,0
2019-12-27 08:30,30,24,6,0,0,0
2019-12-27 08:45,53,42,11,0,0,0
2019-12-27 09:00,44,36,8,0,0,0
2019-12-27 09:15,47,38,9,0,0,0
2019-12-27 09:30,48,40,8,0,0,0
2019-12-27 09:45,75,56,19,0,0,0
2019-12-27 10:00,73,63,10,0,0,0
2019-12-27 10:15,97,78,19,0,0,0
2019-12-27 10:30,76,56,20,0,0,0
2019-12-27 10:45,87,67,20,0,0,0
2019-12-27 11:00,93,66,27,0,0,0
2019-12-27 11:15,92,64,28,0,0,0
2019-12-27 11:30,102,78,24,0,0,0
2019-12-27 11:45,129,96,33,0,0,0
2019-12-27 12:00,113,82,31,0,0,0
2019-12-27 12:15,89,60,29,0,0,0
2019-12-27 12:30,113,76,37,0,0,0
2019-12-27 12:45,121,76,45,0,0,0
2019-12-27 13:00,92,54,38,0,0,0
2019-12-27 13:15,114,60,54,0,0,0
2019-12-27 13:30,106,75,31,0,0,0
2019-12-27 13:45,106,65,41,0,0,0
2019-12-27 14:00,116,68,48,0,0,0
2019-12-27 14:15,107,61,46,0,0,0
2019-12-27 14:30,111,60,51,0,0,0
2019-12-27 14:45,117,76,41,0,0,0
2019-12-27 15:00,108,60,48,0,0,0
2019-12-27 15:15,107,76,31,0,0,0
2019-12-27 15:30,123,73,50,0,0,0
2019-12-27 15:45,127,72,55,0,0,0
2019-12-27 16:00,109,54,55,0,0,0
2019-12-27 16:15,107,50,57,0,0,0
2019-12-27 16:30,79,41,38,0,0,0
2019-12-27 16:45,109,51,58,0,0,0
2019-12-27 17:00,73,37,36,0,0,0
2019-12-27 17:15,80,35,45,0,0,0
2019-12-27 17:30,52,22,30,0,0,0
2019-12-27 17:45,75,36,39,0,0,0
2019-12-27 18:00,65,33,32,0,0,0
2019-12-27 18:15,57,24,33,0,0,0
2019-12-27 18:30,61,33,28,0,0,0
2019-12-27 18:45,61,29,32,0,0,0
2019-12-27 19:00,74,42,32,0,0,0
2019-12-27 19:15,51,28,23,0,0,0
2019-12-27 19:30,45,28,17,0,0,0
2019-12-27 19:45,44,20,24,0,0,0
2019-12-27 20:00,39,21,18,0,0,0
2019-12-27 20:15,37,14,23,0,0,0
2019-12-27 20:30,27,20,7,0,0,0
2019-12-27 20:45,29,19,10,0,0,0
2019-12-27 21:00,36,28,8,0,0,0
2019-12-27 21:15,22,9,13,0,0,0
2019-12-27 21:30,36,17,19,0,0,0
2019-12-27 21:45,19,9,10,0,0,0
2019-12-27 22:00,33,18,15,0,0,0
2019-12-27 22:15,13,5,8,0,0,0
2019-12-27 22:30,14,12,2,0,0,0
2019-12-27 22:45,20,8,12,0,0,0
2019-12-27 23:00,21,7,14,0,0,0
2019-12-27 23:15,14,10,4,0,0,0
2019-12-27 23:30,21,9,12,0,0,0
2019-12-27 23:45,21,15,6,0,0,0
2019-12-28 00:00,18,10,8,0,0,0
2019-12-28 00:15,15,6,9,0,0,0
2019-12-28 00:30,9,6,3,0,0,0
2019-12-28 00:45,6,2,4,0,0,0
2019-12-28 01:00,11,3,8,0,0,0
2019-12-28 01:15,19,14,5,0,0,0
2019-12-28 01:30,15,5,10,0,0,0
2019-12-28 01:45,3,3,0,0,0,0
2019-12-28 02:00,11,5,6,0,0,0
2019-12-28 02:15,2,2,0,0,0,0
2019-12-28 02:30,4,2,2,0,0,0
2019-12-28 02:45,10,4,6,0,0,0
2019-12-28 03:00,7,0,7,0,0,0
2019-12-28 03:15,4,3,1,0,0,0
2019-12-28 03:30,4,2,2,0,0,0
2019-12-28 03:45,3,1,2,0,0,0
2019-12-28 04:00,0,0,0,0,0,0
2019-12-28 04:15,2,0,2,0,0,0
2019-12-28 04:30,3,0,3,0,0,0
2019-12-28 04:45,2,0,2,0,0,0
2019-12-28 05:00,3,1,2,0,0,0
2019-12-28 05:15,4,1,3,0,0,0
2019-12-28 05:30,11,7,4,0,0,0
2019-12-28 05:45,4,3,1,0,0,0
2019-12-28 06:00,5,3,2,0,0,0
2019-12-28 06:15,5,4,1,0,0,0
2019-12-28 06:30,8,7,1,0,0,0
2019-12-28 06:45,11,9,2,0,0,0
2019-12-28 07:00,1,0,1,0,0,0
2019-12-28 07:15,9,5,4,0,0,0
2019-12-28 07:30,8,8,0,0,0,0
2019-12-28 07:45,20,13,7,0,0,0
2019-12-28 08:00,20,17,3,0,0,0
2019-12-28 08:15,13,10,3,0,0,0
2019-12-28 08:30,20,13,7,0,0,0
2019-12-28 08:45,38,31,7,0,0,0
2019-12-28 09:00,19,17,2,0,0,0
2019-12-28 09:15,36,32,4,0,0,0
2019-12-28 09:30,50,41,9,0,0,0
2019-12-28 09:45,69,61,8,0,0,0
2019-12-28 10:00,80,69,11,0,0,0
2019-12-28 10:15,80,63,17,0,0,0
2019-12-28 10:30,80,66,14,0,0,0
2019-12-28 10:45,90,72,18,0,0,0
2019-12-28 11:00,96,74,22,0,0,0
2019-12-28 11:15,105,77,28,0,0,0
2019-12-28 11:30,90,70,20,0,0,0
2019-12-28 11:45,91,58,33,0,0,0
2019-12-28 12:00,121,90,31,0,0,0
2019-12-28 12:15,125,92,33,0,0,0
2019-12-28 12:30,102,60,42,0,0,0
2019-12-28 12:45,152,101,51,0,0,0
2019-12-28 13:00,111,78,33,0,0,0
2019-12-28 13:15,124,76,48,0,0,0
2019-12-28 13:30,121,77,44,0,0,0
2019-12-28 13:45,117,76,41,0,0,0
2019-12-28 14:00,107,56,51,0,0,0
2019-12-28 14:15,101,58,43,0,0,0
2019-12-28 14:30,98,45,53,0,0,0
2019-12-28 14:45,101,54,47,0,0,0
2019-12-28 15:00,113,53,60,0,0,0
2019-12-28 15:15,90,45,45,0,0,0
2019-12-28 15:30,72,40,32,0,0,0
2019-12-28 15:45,90,43,47,0,0,0
2019-12-28 16:00,71,32,39,0,0,0
2019-12-28 16:15,58,32,26,0,0,0
2019-12-28 16:30,46,23,23,0,0,0
2019-12-28 16:45,68,37,31,0,0,0
2019-12-28 17:00,60,26,34,0,0,0
2019-12-28 17:15,57,24,33,0,0,0
2019-12-28 17:30,55,30,25,0,0,0
2019-12-28 17:45,61,23,38,0,0,0
2019-12-28 18:00,61,28,33,0,0,0
2019-12-28 18:15,44,27,17,0,0,0
2019-12-28 18:30,42,32,10,0,0,0
2019-12-28 18:45,65,44,21,0,0,0
2019-12-28 19:00,59,33,26,0,0,0
2019-12-28 19:15,52,30,22,0,0,0
2019-12-28 19:30,59,41,18,0,0,0
2019-12-28 19:45,35,19,16,0,0,0
2019-12-28 20:00,41,26,15,0,0,0
2019-12-28 20:15,42,23,19,0,0,0
2019-12-28 20:30,35,21,14,0,0,0
2019-12-28 20:45,19,15,4,0,0,0
2019-12-28 21:00,32,18,14,0,0,0
2019-12-28 21:15,21,11,10,0,0,0
2019-12-28 21:30,15,6,9,0,0,0
2019-12-28 21:45,23,11,12,0,0,0
2019-12-28 22:00,36,24,12,0,0,0
2019-12-28 22:15,18,10,8,0,0,0
2019-12-28 22:30,13,8,5,0,0,0
2019-12-28 22:45,24,5,19,0,0,0
2019-12-28 23:00,16,10,6,0,0,0
2019-12-28 23:15,15,5,10,0,0,0
2019-12-28 23:30,22,11,11,0,0,0
2019-12-28 23:45,21,14,7,0,0,0
2019-12-29 00:00,16,9,7,0,0,0
2019-12-29 00:15,10,7,3,0,0,0
2019-12-29 00:30,6,4,2,0,0,0
2019-12-29 00:45,14,3,11,0,0,0
2019-12-29 01:00,16,6,10,0,0,0
2019-12-29 01:15,14,5,9,0,0,0
2019-12-29 01:30,10,5,5,0,0,0
2019-12-29 01:45,12,6,6,0,0,0
2019-12-29 02:00,12,3,9,0,0,0
2019-12-29 02:15,0,0,0,0,0,0
2019-12-29 02:30,3,1,2,0,0,0
2019-12-29 02:45,12,4,8,0,0,0
2019-12-29 03:00,7,1,6,0,0,0
2019-12-29 03:15,4,1,3,0,0,0
2019-12-29 03:30,3,0,3,0,0,0
2019-12-29 03:45,2,0,2,0,0,0
2019-12-29 04:00,3,1,2,0,0,0
2019-12-29 04:15,1,1,0,0,0,0
2019-12-29 04:30,0,0,0,0,0,0
2019-12-29 04:45,2,1,1,0,0,0
2019-12-29 05:00,1,1,0,0,0,0
2019-12-29 05:15,2,2,0,0,0,0
2019-12-29 05:30,9,7,2,0,0,0
2019-12-29 05:45,3,1,2,0,0,0
2019-12-29 06:00,3,2,1,0,0,0
2019-12-29 06:15,6,3,3,0,0,0
2019-12-29 06:30,8,5,3,0,0,0
2019-12-29 06:45,3,3,0,0,0,0
2019-12-29 07:00,6,3,3,0,0,0
2019-12-29 07:15,2,1,1,0,0,0
2019-12-29 07:30,6,4,2,0,0,0
2019-12-29 07:45,5,3,2,0,0,0
2019-12-29 08:00,2,0,2,0,0,0
2019-12-29 08:15,4,3,1,0,0,0
2019-12-29 08:30,6,6,0,0,0,0
2019-12-29 08:45,13,7,6,0,0,0
2019-12-29 09:00,6,6,0,0,0,0
2019-12-29 09:15,9,5,4,0,0,0
2019-12-29 09:30,18,15,3,0,0,0
2019-12-29 09:45,15,10,5,0,0,0
2019-12-29 10:00,22,19,3,0,0,0
2019-12-29 10:15,12,7,5,0,0,0
2019-12-29 10:30,21,16,5,0,0,0
2019-12-29 10:45,24,22,2,0,0,0
2019-12-29 11:00,29,23,6,0,0,0
2019-12-29 11:15,22,16,6,0,0,0
2019-12-29 11:30,29,20,9,0,0,0
2019-12-29 11:45,24,16,8,0,0,0
2019-12-29 12:00,24,17,7,0,0,0
2019-12-29 12:15,27,22,5,0,0,0
2019-12-29 12:30,29,17,12,0,0,0
2019-12-29 12:45,38,23,15,0,0,0
2019-12-29 13:00,21,8,13,0,0,0
2019-12-29 13:15,33,20,13,0,0,0
2019-12-29 13:30,23,13,10,0,0,0
2019-12-29 13:45,36,23,13,0,0,0
2019-12-29 14:00,38,26,12,0,0,0
2019-12-29 14:15,59,45,14,0,0,0
2019-12-29 14:30,49,37,12,0,0,0
2019-12-29 14:45,53,37,16,0,0,0
2019-12-29 15:00,49,33,16,0,0,0
2019-12-29 15:15,50,37,13,0,0,0
2019-12-29 15:30,32,19,13,0,0,0
2019-12-29 15:45,40,26,14,0,0,0
2019-12-29 16:00,39,23,16,0,0,0
2019-12-29 16:15,38,18,20,0,0,0
2019-12-29 16:30,45,29,16,0,0,0
2019-12-29 16:45,41,22,19,0,0,0
2019-12-29 17:00,42,16,26,0,0,0
2019-12-29 17:15,31,18,13,0,0,0
2019-12-29 17:30,35,19,16,0,0,0
2019-12-29 17:45,55,34,21,0,0,0
2019-12-29 18:00,32,22,10,0,0,0
2019-12-29 18:15,31,23,8,0,0,0
2019-12-29 18:30,24,17,7,0,0,0
2019-12-29 18:45,41,29,12,0,0,0
2019-12-29 19:00,30,12,18,0,0,0
2019-12-29 19:15,36,22,14,0,0,0
2019-12-29 19:30,30,14,16,0,0,0
2019-12-29 19:45,46,24,22,0,0,0
2019-12-29 20:00,25,19,6,0,0,0
2019-12-29 20:15,14,8,6,0,0,0
2019-12-29 20:30,31,19,12,0,0,0
2019-12-29 20:45,17,8,9,0,0,0
2019-12-29 21:00,15,7,8,0,0,0
2019-12-29 21:15,8,3,5,0,0,0
2019-12-29 21:30,8,5,3,0,0,0
2019-12-29 21:45,9,5,4,0,0,0
2019-12-29 22:00,21,18,3,0,0,0
2019-12-29 22:15,20,10,10,0,0,0
2019-12-29 22:30,30,22,8,0,0,0
2019-12-29 22:45,14,3,11,0,0,0
2019-12-29 23:00,10,6,4,0,0,0
2019-12-29 23:15,4,2,2,0,0,0
2019-12-29 23:30,19,11,8,0,0,0
2019-12-29 23:45,6,3,3,0,0,0
2019-12-30 00:00,5,1,4,0,0,0
2019-12-30 00:15,14,11,3,0,0,0
2019-12-30 00:30,1,0,1,0,0,0
2019-12-30 00:45,4,0,4,0,0,0
2019-12-30 01:00,2,0,2,0,0,0
2019-12-30 01:15,4,2,2,0,0,0
2019-12-30 01:30,1,0,1,0,0,0
2019-12-30 01:45,2,0,2,0,0,0
2019-12-30 02:00,7,3,4,0,0,0
2019-12-30 02:15,1,1,0,0,0,0
2019-12-30 02:30,7,5,2,0,0,0
2019-12-30 02:45,2,2,0,0,0,0
2019-12-30 03:00,0,0,0,0,0,0
2019-12-30 03:15,0,0,0,0,0,0
2019-12-30 03:30,1,0,1,0,0,0
2019-12-30 03:45,4,4,0,0,0,0
2019-12-30 04:00,1,0,1,0,0,0
2019-12-30 04:15,0,0,0,0,0,0
2019-12-30 04:30,1,0,1,0,0,0
2019-12-30 04:45,1,1,0,0,0,0
2019-12-30 05:00,2,1,1,0,0,0
2019-12-30 05:15,0,0,0,0,0,0
2019-12-30 05:30,5,5,0,0,0,0
2019-12-30 05:45,15,11,4,0,0,0
2019-12-30 06:00,8,6,2,0,0,0
2019-12-30 06:15,10,8,2,0,0,0
2019-12-30 06:30,13,12,1,0,0,0
2019-12-30 06:45,23,16,7,0,0,0
2019-12-30 07:00,25,18,7,0,0,0
2019-12-30 07:15,26,19,7,0,0,0
2019-12-30 07:30,36,20,16,0,0,0
2019-12-30 07:45,44,30,14,0,0,0
2019-12-30 08:00,28,24,4,0,0,0
2019-12-30 08:15,34,25,9,0,0,0
2019-12-30 08:30,37,30,7,0,0,0
2019-12-30 08:45,46,39,7,0,0,0
2019-12-30 09:00,32,20,12,0,0,0
2019-12-30 09:15,54,40,14,0,0,0
2019-12-30 09:30,65,51,14,0,0,0
2019-12-30 09:45,67,55,12,0,0,0
2019-12-30 10:00,69,61,8,0,0,0
2019-12-30 10:15,79,65,14,0,0,0
2019-12-30 10:30,91,70,21,0,0,0
2019-12-30 10:45,92,66,26,0,0,0
2019-12-30 11:00,85,59,26,0,0,0
2019-12-30 11:15,81,60,21,0,0,0
2019-12-30 11:30,102,70,32,0,0,0
2019-12-30 11:45,108,82,26,0,0,0
2019-12-30 12:00,86,60,26,0,0,0
2019-12-30 12:15,122,87,35,0,0,0
2019-12-30 12:30,113,73,40,0,0,0
2019-12-30 12:45,106,73,33,0,0,0
2019-12-30 13:00,97,59,38,0,0,0
2019-12-30 13:15,127,78,49,0,0,0
2019-12-30 13:30,106,59,47,0,0,0
2019-12-30 13:45,123,85,38,0,0,0
2019-12-30 14:00,112,74,38,0,0,0
2019-12-30 14:15,105,58,47,0,0,0
2019-12-30 14:30,113,72,41,0,0,0
2019-12-30 14:45,141,90,51,0,0,0
2019-12-30 15:00,103,61,42,0,0,0
2019-12-30 15:15,117,70,47,0,0,0
2019-12-30 15:30,126,84,42,0,0,0
2019-12-30 15:45,111,74,37,0,0,0
2019-12-30 16:00,121,61,60,0,0,0
2019-12-30 16:15,119,74,45,0,0,0
2019-12-30 16:30,127,63,64,0,0,0
2019-12-30 16:45,120,65,55,0,0,0
2019-12-30 17:00,106,61,45,0,0,0
2019-12-30 17:15,82,44,38,0,0,0
2019-12-30 17:30,81,37,44,0,0,0
2019-12-30 17:45,92,43,49,0,0,0
2019-12-30 18:00,78,38,40,0,0,0
2019-12-30 18:15,71,37,34,0,0,0
2019-12-30 18:30,65,33,32,0,0,0
2019-12-30 18:45,89,46,43,0,0,0
2019-12-30 19:00,50,22,28,0,0,0
2019-12-30 19:15,47,22,25,0,0,0
2019-12-30 19:30,44,24,20,0,0,0
2019-12-30 19:45,45,16,29,0,0,0
2019-12-30 20:00,40,17,23,0,0,0
2019-12-30 20:15,39,15,24,0,0,0
2019-12-30 20:30,25,13,12,0,0,0
2019-12-30 20:45,19,9,10,0,0,0
2019-12-30 21:00,33,21,12,0,0,0
2019-12-30 21:15,19,12,7,0,0,0
2019-12-30 21:30,13,6,7,0,0,0
2019-12-30 21:45,19,7,12,0,0,0
2019-12-30 22:00,25,12,13,0,0,0
2019-12-30 22:15,21,15,6,0,0,0
2019-12-30 22:30,9,4,5,0,0,0
2019-12-30 22:45,11,3,8,0,0,0
2019-12-30 23:00,10,4,6,0,0,0
2019-12-30 23:15,10,3,7,0,0,0
2019-12-30 23:30,15,6,9,0,0,0
2019-12-30 23:45,15,13,2,0,0,0
2019-12-31 00:00,15,7,8,0,0,0
2019-12-31 00:15,4,3,1,0,0,0
2019-12-31 00:30,11,5,6,0,0,0
2019-12-31 00:45,3,1,2,0,0,0
2019-12-31 01:00,5,1,4,0,0,0
2019-12-31 01:15,3,1,2,0,0,0
2019-12-31 01:30,4,4,0,0,0,0
2019-12-31 01:45,8,5,3,0,0,0
2019-12-31 02:00,3,1,2,0,0,0
2019-12-31 02:15,1,0,1,0,0,0
2019-12-31 02:30,2,1,1,0,0,0
2019-12-31 02:45,2,0,2,0,0,0
2019-12-31 03:00,1,0,1,0,0,0
2019-12-31 03:15,0,0,0,0,0,0
2019-12-31 03:30,1,1,0,0,0,0
2019-12-31 03:45,3,0,3,0,0,0
2019-12-31 04:00,1,0,1,0,0,0
2019-12-31 04:15,0,0,0,0,0,0
2019-12-31 04:30,1,1,0,0,0,0
2019-12-31 04:45,0,0,0,0,0,0
2019-12-31 05:00,1,1,0,0,0,0
2019-12-31 05:15,2,2,0,0,0,0
2019-12-31 05:30,11,10,1,0,0,0
2019-12-31 05:45,5,2,3,0,0,0
2019-12-31 06:00,2,2,0,0,0,0
2019-12-31 06:15,2,2,0,0,0,0
2019-12-31 06:30,5,5,0,0,0,0
2019-12-31 06:45,14,8,6,0,0,0
2019-12-31 07:00,14,8,6,0,0,0
2019-12-31 07:15,14,10,4,0,0,0
2019-12-31 07:30,20,11,9,0,0,0
2019-12-31 07:45,16,11,5,0,0,0
2019-12-31 08:00,15,10,5,0,0,0
2019-12-31 08:15,17,13,4,0,0,0
2019-12-31 08:30,26,19,7,0,0,0
2019-12-31 08:45,39,29,10,0,0,0
2019-12-31 09:00,40,28,12,0,0,0
2019-12-31 09:15,54,39,15,0,0,0
2019-12-31 09:30,57,45,12,0,0,0
2019-12-31 09:45,82,66,16,0,0,0
2019-12-31 10:00,63,47,16,0,0,0
2019-12-31 10:15,96,76,20,0,0,0
2019-12-31 10:30,80,67,13,0,0,0
2019-12-31 10:45,109,84,25,0,0,0
2019-12-31 11:00,109,79,30,0,0,0
2019-12-31 11:15,91,64,27,0,0,0
2019-12-31 11:30,120,85,35,0,0,0
2019-12-31 11:45,117,75,42,0,0,0
2019-12-31 12:00,109,78,31,0,0,0
2019-12-31 12:15,108,58,50,0,0,0
2019-12-31 12:30,100,53,47,0,0,0
2019-12-31 12:45,112,54,58,0,0,0
2019-12-31 13:00,95,43,52,0,0,0
2019-12-31 13:15,64,32,32,0,0,0
2019-12-31 13:30,64,22,42,0,0,0
2019-12-31 13:45,87,33,54,0,0,0
2019-12-31 14:00,80,35,45,0,0,0
2019-12-31 14:15,67,36,31,0,0,0
2019-12-31 14:30,53,31,22,0,0,0
2019-12-31 14:45,52,36,16,0,0,0
2019-12-31 15:00,36,20,16,0,0,0
2019-12-31 15:15,27,15,12,0,0,0
2019-12-31 15:30,47,23,24,0,0,0
2019-12-31 15:45,33,21,12,0,0,0
2019-12-31 16:00,39,15,24,0,0,0
2019-12-31 16:15,45,29,16,0,0,0
2019-12-31 16:30,45,25,20,0,0,0
2019-12-31 16:45,25,13,12,0,0,0
2019-12-31 17:00,36,22,14,0,0,0
2019-12-31 17:15,40,19,21,0,0,0
2019-12-31 17:30,42,28,14,0,0,0
2019-12-31 17:45,56,39,17,0,0,0
2019-12-31 18:00,50,31,19,0,0,0
2019-12-31 18:15,60,36,24,0,0,0
2019-12-31 18:30,47,38,9,0,0,0
2019-12-31 18:45,86,62,24,0,0,0
2019-12-31 19:00,60,38,22,0,0,0
2019-12-31 19:15,51,29,22,0,0,0
2019-12-31 19:30,46,28,18,0,0,0
2019-12-31 19:45,58,33,25,0,0,0
2019-12-31 20:00,58,29,29,0,0,0
2019-12-31 20:15,39,25,14,0,0,0
2019-12-31 20:30,24,13,11,0,0,0
2019-12-31 20:45,19,13,6,0,0,0
2019-12-31 21:00,28,17,11,0,0,0
2019-12-31 21:15,31,21,10,0,0,0
2019-12-31 21:30,24,20,4,0,0,0
2019-12-31 21:45,40,29,11,0,0,0
2019-12-31 22:00,24,22,2,0,0,0
2019-12-31 22:15,28,23,5,0,0,0
2019-12-31 22:30,18,18,0,0,0,0
2019-12-31 22:45,24,19,5,0,0,0
2019-12-31 23:00,34,24,10,0,0,0
2019-12-31 23:15,17,8,9,0,0,0
2019-12-31 23:30,30,22,8,0,0,0
2019-12-31 23:45,31,26,5,0,0,0
