Datetime,100034983 (Warendorfer Straße),101034983 (Warendorfer Straße stadteinwärts),102034983 (Warendorfer Straße stadtauswärts),100034983-status,101034983-status,102034983-status
2019-07-01 00:00,11,4,7,0,0,0
2019-07-01 00:15,5,4,1,0,0,0
2019-07-01 00:30,3,1,2,0,0,0
2019-07-01 00:45,6,0,6,0,0,0
2019-07-01 01:00,9,4,5,0,0,0
2019-07-01 01:15,3,2,1,0,0,0
2019-07-01 01:30,5,2,3,0,0,0
2019-07-01 01:45,4,4,0,0,0,0
2019-07-01 02:00,2,2,0,0,0,0
2019-07-01 02:15,2,0,2,0,0,0
2019-07-01 02:30,2,2,0,0,0,0
2019-07-01 02:45,0,0,0,0,0,0
2019-07-01 03:00,0,0,0,0,0,0
2019-07-01 03:15,1,1,0,0,0,0
2019-07-01 03:30,3,3,0,0,0,0
2019-07-01 03:45,2,1,1,0,0,0
2019-07-01 04:00,0,0,0,0,0,0
2019-07-01 04:15,0,0,0,0,0,0
2019-07-01 04:30,0,0,0,0,0,0
2019-07-01 04:45,2,1,1,0,0,0
2019-07-01 05:00,1,0,1,0,0,0
2019-07-01 05:15,6,3,3,0,0,0
2019-07-01 05:30,15,10,5,0,0,0
2019-07-01 05:45,21,9,12,0,0,0
2019-07-01 06:00,23,15,8,0,0,0
2019-07-01 06:15,38,22,16,0,0,0
2019-07-01 06:30,74,40,34,0,0,0
2019-07-01 06:45,96,63,33,0,0,0
2019-07-01 07:00,99,70,29,0,0,0
2019-07-01 07:15,180,127,53,0,0,0
2019-07-01 07:30,243,194,49,0,0,0
2019-07-01 07:45,256,182,74,0,0,0
2019-07-01 08:00,204,158,46,0,0,0
2019-07-01 08:15,117,74,43,0,0,0
2019-07-01 08:30,152,119,33,0,0,0
2019-07-01 08:45,178,134,44,0,0,0
2019-07-01 09:00,178,136,42,0,0,0
2019-07-01 09:15,129,100,29,0,0,0
2019-07-01 09:30,134,107,27,0,0,0
2019-07-01 09:45,175,131,44,0,0,0
2019-07-01 10:00,155,107,48,0,0,0
2019-07-01 10:15,130,93,37,0,0,0
2019-07-01 10:30,93,63,30,0,0,0
2019-07-01 10:45,130,86,44,0,0,0
2019-07-01 11:00,88,50,38,0,0,0
2019-07-01 11:15,111,69,42,0,0,0
2019-07-01 11:30,128,75,53,0,0,0
2019-07-01 11:45,139,82,57,0,0,0
2019-07-01 12:00,140,81,59,0,0,0
2019-07-01 12:15,135,82,53,0,0,0
2019-07-01 12:30,134,65,69,0,0,0
2019-07-01 12:45,138,89,49,0,0,0
2019-07-01 13:00,142,61,81,0,0,0
2019-07-01 13:15,145,57,88,0,0,0
2019-07-01 13:30,128,64,64,0,0,0
2019-07-01 13:45,137,71,66,0,0,0
2019-07-01 14:00,135,52,83,0,0,0
2019-07-01 14:15,126,61,65,0,0,0
2019-07-01 14:30,148,76,72,0,0,0
2019-07-01 14:45,147,78,69,0,0,0
2019-07-01 15:00,156,86,70,0,0,0
2019-07-01 15:15,169,102,67,0,0,0
2019-07-01 15:30,179,83,96,0,0,0
2019-07-01 15:45,237,137,100,0,0,0
2019-07-01 16:00,118,,118,0,,0
2019-07-01 16:15,119,,119,0,,0
2019-07-01 16:30,95,,95,0,,0
2019-07-01 16:45,108,,108,0,,0
2019-07-01 17:00,115,,115,0,,0
2019-07-01 17:15,122,,122,0,,0
2019-07-01 17:30,122,,122,0,,0
2019-07-01 17:45,117,,117,0,,0
2019-07-01 18:00,95,,95,0,,0
2019-07-01 18:15,100,,100,0,,0
2019-07-01 18:30,89,,89,0,,0
2019-07-01 18:45,92,,92,0,,0
2019-07-01 19:00,96,0,96,0,0,0
2019-07-01 19:15,103,14,89,0,0,0
2019-07-01 19:30,84,31,53,0,0,0
2019-07-01 19:45,88,5,83,0,0,0
2019-07-01 20:00,86,4,82,0,0,0
2019-07-01 20:15,77,27,50,0,0,0
2019-07-01 20:30,53,11,42,0,0,0
2019-07-01 20:45,66,22,44,0,0,0
2019-07-01 21:00,61,31,30,0,0,0
2019-07-01 21:15,53,24,29,0,0,0
2019-07-01 21:30,45,2,43,0,0,0
2019-07-01 21:45,41,7,34,0,0,0
2019-07-01 22:00,62,23,39,0,0,0
2019-07-01 22:15,53,26,27,0,0,0
2019-07-01 22:30,35,17,18,0,0,0
2019-07-01 22:45,27,1,26,0,0,0
2019-07-01 23:00,12,,12,0,,0
2019-07-01 23:15,12,,12,0,,0
2019-07-01 23:30,5,,5,0,,0
2019-07-01 23:45,11,,11,0,,0
2019-07-02 00:00,6,2,4,0,0,0
2019-07-02 00:15,2,2,0,0,0,0
2019-07-02 00:30,2,0,2,0,0,0
2019-07-02 00:45,6,0,6,0,0,0
2019-07-02 01:00,3,0,3,0,0,0
2019-07-02 01:15,4,0,4,0,0,0
2019-07-02 01:30,4,2,2,0,0,0
2019-07-02 01:45,7,4,3,0,0,0
2019-07-02 02:00,1,0,1,0,0,0
2019-07-02 02:15,3,1,2,0,0,0
2019-07-02 02:30,0,0,0,0,0,0
2019-07-02 02:45,1,0,1,0,0,0
2019-07-02 03:00,0,0,0,0,0,0
2019-07-02 03:15,0,0,0,0,0,0
2019-07-02 03:30,5,4,1,0,0,0
2019-07-02 03:45,1,1,0,0,0,0
2019-07-02 04:00,1,0,1,0,0,0
2019-07-02 04:15,1,0,1,0,0,0
2019-07-02 04:30,0,0,0,0,0,0
2019-07-02 04:45,3,2,1,0,0,0
2019-07-02 05:00,2,2,0,0,0,0
2019-07-02 05:15,4,2,2,0,0,0
2019-07-02 05:30,12,7,5,0,0,0
2019-07-02 05:45,23,11,12,0,0,0
2019-07-02 06:00,23,13,10,0,0,0
2019-07-02 06:15,38,27,11,0,0,0
2019-07-02 06:30,58,38,20,0,0,0
2019-07-02 06:45,84,53,31,0,0,0
2019-07-02 07:00,114,69,45,0,0,0
2019-07-02 07:15,195,140,55,0,0,0
2019-07-02 07:30,265,211,54,0,0,0
2019-07-02 07:45,270,192,78,0,0,0
2019-07-02 08:00,210,169,41,0,0,0
2019-07-02 08:15,169,117,52,0,0,0
2019-07-02 08:30,146,114,32,0,0,0
2019-07-02 08:45,201,162,39,0,0,0
2019-07-02 09:00,110,79,31,0,0,0
2019-07-02 09:15,114,76,38,0,0,0
2019-07-02 09:30,33,4,29,0,0,0
2019-07-02 09:45,228,180,48,0,0,0
2019-07-02 10:00,145,117,28,0,0,0
2019-07-02 10:15,82,44,38,0,0,0
2019-07-02 10:30,92,56,36,0,0,0
2019-07-02 10:45,145,103,42,0,0,0
2019-07-02 11:00,96,51,45,0,0,0
2019-07-02 11:15,110,66,44,0,0,0
2019-07-02 11:30,70,22,48,0,0,0
2019-07-02 11:45,62,7,55,0,0,0
2019-07-02 12:00,109,28,81,0,0,0
2019-07-02 12:15,97,28,69,0,0,0
2019-07-02 12:30,92,24,68,0,0,0
2019-07-02 12:45,173,107,66,0,0,0
2019-07-02 13:00,162,70,92,0,0,0
2019-07-02 13:15,152,61,91,0,0,0
2019-07-02 13:30,125,68,57,0,0,0
2019-07-02 13:45,178,92,86,0,0,0
2019-07-02 14:00,162,79,83,0,0,0
2019-07-02 14:15,158,73,85,0,0,0
2019-07-02 14:30,153,78,75,0,0,0
2019-07-02 14:45,159,83,76,0,0,0
2019-07-02 15:00,128,58,70,0,0,0
2019-07-02 15:15,181,95,86,0,0,0
2019-07-02 15:30,164,79,85,0,0,0
2019-07-02 15:45,194,108,86,0,0,0
2019-07-02 16:00,132,25,107,0,0,0
2019-07-02 16:15,215,113,102,0,0,0
2019-07-02 16:30,161,70,91,0,0,0
2019-07-02 16:45,230,133,97,0,0,0
2019-07-02 17:00,206,92,114,0,0,0
2019-07-02 17:15,203,84,119,0,0,0
2019-07-02 17:30,222,100,122,0,0,0
2019-07-02 17:45,245,114,131,0,0,0
2019-07-02 18:00,210,86,124,0,0,0
2019-07-02 18:15,196,89,107,0,0,0
2019-07-02 18:30,191,93,98,0,0,0
2019-07-02 18:45,105,23,82,0,0,0
2019-07-02 19:00,111,14,97,0,0,0
2019-07-02 19:15,124,46,78,0,0,0
2019-07-02 19:30,134,62,72,0,0,0
2019-07-02 19:45,145,64,81,0,0,0
2019-07-02 20:00,122,52,70,0,0,0
2019-07-02 20:15,79,28,51,0,0,0
2019-07-02 20:30,67,29,38,0,0,0
2019-07-02 20:45,74,41,33,0,0,0
2019-07-02 21:00,70,31,39,0,0,0
2019-07-02 21:15,75,33,42,0,0,0
2019-07-02 21:30,77,25,52,0,0,0
2019-07-02 21:45,59,25,34,0,0,0
2019-07-02 22:00,69,24,45,0,0,0
2019-07-02 22:15,49,19,30,0,0,0
2019-07-02 22:30,52,20,32,0,0,0
2019-07-02 22:45,47,27,20,0,0,0
2019-07-02 23:00,57,29,28,0,0,0
2019-07-02 23:15,23,8,15,0,0,0
2019-07-02 23:30,18,7,11,0,0,0
2019-07-02 23:45,16,7,9,0,0,0
2019-07-03 00:00,20,8,12,0,0,0
2019-07-03 00:15,20,4,16,0,0,0
2019-07-03 00:30,7,2,5,0,0,0
2019-07-03 00:45,11,2,9,0,0,0
2019-07-03 01:00,13,5,8,0,0,0
2019-07-03 01:15,7,4,3,0,0,0
2019-07-03 01:30,8,1,7,0,0,0
2019-07-03 01:45,5,3,2,0,0,0
2019-07-03 02:00,4,2,2,0,0,0
2019-07-03 02:15,3,1,2,0,0,0
2019-07-03 02:30,0,0,0,0,0,0
2019-07-03 02:45,2,0,2,0,0,0
2019-07-03 03:00,3,2,1,0,0,0
2019-07-03 03:15,0,0,0,0,0,0
2019-07-03 03:30,3,3,0,0,0,0
2019-07-03 03:45,0,0,0,0,0,0
2019-07-03 04:00,0,0,0,0,0,0
2019-07-03 04:15,1,0,1,0,0,0
2019-07-03 04:30,3,2,1,0,0,0
2019-07-03 04:45,3,3,0,0,0,0
2019-07-03 05:00,0,0,0,0,0,0
2019-07-03 05:15,4,4,0,0,0,0
2019-07-03 05:30,10,5,5,0,0,0
2019-07-03 05:45,23,14,9,0,0,0
2019-07-03 06:00,32,17,15,0,0,0
2019-07-03 06:15,30,18,12,0,0,0
2019-07-03 06:30,60,33,27,0,0,0
2019-07-03 06:45,101,61,40,0,0,0
2019-07-03 07:00,98,71,27,0,0,0
2019-07-03 07:15,177,131,46,0,0,0
2019-07-03 07:30,304,251,53,0,0,0
2019-07-03 07:45,271,201,70,0,0,0
2019-07-03 08:00,226,185,41,0,0,0
2019-07-03 08:15,182,133,49,0,0,0
2019-07-03 08:30,175,138,37,0,0,0
2019-07-03 08:45,206,155,51,0,0,0
2019-07-03 09:00,167,130,37,0,0,0
2019-07-03 09:15,132,90,42,0,0,0
2019-07-03 09:30,73,41,32,0,0,0
2019-07-03 09:45,202,168,34,0,0,0
2019-07-03 10:00,60,3,57,0,0,0
2019-07-03 10:15,64,11,53,0,0,0
2019-07-03 10:30,41,5,36,0,0,0
2019-07-03 10:45,62,0,62,0,0,0
2019-07-03 11:00,74,18,56,0,0,0
2019-07-03 11:15,121,50,71,0,0,0
2019-07-03 11:30,144,74,70,0,0,0
2019-07-03 11:45,71,4,67,0,0,0
2019-07-03 12:00,90,4,86,0,0,0
2019-07-03 12:15,80,10,70,0,0,0
2019-07-03 12:30,94,0,94,0,0,0
2019-07-03 12:45,100,14,86,0,0,0
2019-07-03 13:00,101,11,90,0,0,0
2019-07-03 13:15,75,0,75,0,0,0
2019-07-03 13:30,158,70,88,0,0,0
2019-07-03 13:45,92,1,91,0,0,0
2019-07-03 14:00,101,31,70,0,0,0
2019-07-03 14:15,142,44,98,0,0,0
2019-07-03 14:30,155,67,88,0,0,0
2019-07-03 14:45,98,13,85,0,0,0
2019-07-03 15:00,85,3,82,0,0,0
2019-07-03 15:15,116,38,78,0,0,0
2019-07-03 15:30,166,76,90,0,0,0
2019-07-03 15:45,120,17,103,0,0,0
2019-07-03 16:00,119,2,117,0,0,0
2019-07-03 16:15,184,93,91,0,0,0
2019-07-03 16:30,186,86,100,0,0,0
2019-07-03 16:45,205,99,106,0,0,0
2019-07-03 17:00,105,6,99,0,0,0
2019-07-03 17:15,210,92,118,0,0,0
2019-07-03 17:30,175,63,112,0,0,0
2019-07-03 17:45,186,47,139,0,0,0
2019-07-03 18:00,110,4,106,0,0,0
2019-07-03 18:15,129,18,111,0,0,0
2019-07-03 18:30,177,84,93,0,0,0
2019-07-03 18:45,133,37,96,0,0,0
2019-07-03 19:00,85,,85,0,,0
2019-07-03 19:15,71,,71,0,,0
2019-07-03 19:30,68,,68,0,,0
2019-07-03 19:45,74,,74,0,,0
2019-07-03 20:00,113,54,59,0,0,0
2019-07-03 20:15,99,14,85,0,0,0
2019-07-03 20:30,45,3,42,0,0,0
2019-07-03 20:45,75,23,52,0,0,0
2019-07-03 21:00,47,0,47,0,0,0
2019-07-03 21:15,55,5,50,0,0,0
2019-07-03 21:30,34,0,34,0,0,0
2019-07-03 21:45,51,2,49,0,0,0
2019-07-03 22:00,55,3,52,0,0,0
2019-07-03 22:15,80,40,40,0,0,0
2019-07-03 22:30,50,23,27,0,0,0
2019-07-03 22:45,56,21,35,0,0,0
2019-07-03 23:00,21,1,20,0,0,0
2019-07-03 23:15,38,18,20,0,0,0
2019-07-03 23:30,26,7,19,0,0,0
2019-07-03 23:45,31,14,17,0,0,0
2019-07-04 00:00,19,13,6,0,0,0
2019-07-04 00:15,12,2,10,0,0,0
2019-07-04 00:30,27,22,5,0,0,0
2019-07-04 00:45,29,19,10,0,0,0
2019-07-04 01:00,8,2,6,0,0,0
2019-07-04 01:15,11,4,7,0,0,0
2019-07-04 01:30,6,2,4,0,0,0
2019-07-04 01:45,10,4,6,0,0,0
2019-07-04 02:00,2,0,2,0,0,0
2019-07-04 02:15,4,0,4,0,0,0
2019-07-04 02:30,7,4,3,0,0,0
2019-07-04 02:45,3,0,3,0,0,0
2019-07-04 03:00,2,0,2,0,0,0
2019-07-04 03:15,5,0,5,0,0,0
2019-07-04 03:30,0,0,0,0,0,0
2019-07-04 03:45,2,0,2,0,0,0
2019-07-04 04:00,4,3,1,0,0,0
2019-07-04 04:15,1,0,1,0,0,0
2019-07-04 04:30,1,0,1,0,0,0
2019-07-04 04:45,3,1,2,0,0,0
2019-07-04 05:00,2,0,2,0,0,0
2019-07-04 05:15,6,5,1,0,0,0
2019-07-04 05:30,4,0,4,0,0,0
2019-07-04 05:45,27,13,14,0,0,0
2019-07-04 06:00,21,10,11,0,0,0
2019-07-04 06:15,36,19,17,0,0,0
2019-07-04 06:30,50,31,19,0,0,0
2019-07-04 06:45,79,55,24,0,0,0
2019-07-04 07:00,96,65,31,0,0,0
2019-07-04 07:15,54,2,52,0,0,0
2019-07-04 07:30,83,33,50,0,0,0
2019-07-04 07:45,178,119,59,0,0,0
2019-07-04 08:00,145,109,36,0,0,0
2019-07-04 08:15,52,1,51,0,0,0
2019-07-04 08:30,89,49,40,0,0,0
2019-07-04 08:45,193,138,55,0,0,0
2019-07-04 09:00,46,,46,0,,0
2019-07-04 09:15,35,,35,0,,0
2019-07-04 09:30,29,,29,0,,0
2019-07-04 09:45,40,,40,0,,0
2019-07-04 10:00,29,,29,0,,0
2019-07-04 10:15,37,,37,0,,0
2019-07-04 10:30,28,,28,0,,0
2019-07-04 10:45,48,,48,0,,0
2019-07-04 11:00,44,,44,0,,0
2019-07-04 11:15,62,,62,0,,0
2019-07-04 11:30,42,,42,0,,0
2019-07-04 11:45,62,,62,0,,0
2019-07-04 12:00,66,,66,0,,0
2019-07-04 12:15,55,,55,0,,0
2019-07-04 12:30,69,,69,0,,0
2019-07-04 12:45,63,,63,0,,0
2019-07-04 13:00,68,,68,0,,0
2019-07-04 13:15,77,,77,0,,0
2019-07-04 13:30,75,,75,0,,0
2019-07-04 13:45,73,,73,0,,0
2019-07-04 14:00,80,,80,0,,0
2019-07-04 14:15,68,,68,0,,0
2019-07-04 14:30,83,,83,0,,0
2019-07-04 14:45,83,,83,0,,0
2019-07-04 15:00,84,,84,0,,0
2019-07-04 15:15,92,,92,0,,0
2019-07-04 15:30,91,,91,0,,0
2019-07-04 15:45,97,,97,0,,0
2019-07-04 16:00,87,,87,0,,0
2019-07-04 16:15,115,,115,0,,0
2019-07-04 16:30,84,,84,0,,0
2019-07-04 16:45,88,,88,0,,0
2019-07-04 17:00,92,,92,0,,0
2019-07-04 17:15,137,,137,0,,0
2019-07-04 17:30,102,,102,0,,0
2019-07-04 17:45,103,,103,0,,0
2019-07-04 18:00,174,45,129,0,0,0
2019-07-04 18:15,125,3,122,0,0,0
2019-07-04 18:30,89,3,86,0,0,0
2019-07-04 18:45,98,0,98,0,0,0
2019-07-04 19:00,88,,88,0,,0
2019-07-04 19:15,90,,90,0,,0
2019-07-04 19:30,65,,65,0,,0
2019-07-04 19:45,73,,73,0,,0
2019-07-04 20:00,79,14,65,0,0,0
2019-07-04 20:15,54,19,35,0,0,0
2019-07-04 20:30,108,58,50,0,0,0
2019-07-04 20:45,43,2,41,0,0,0
2019-07-04 21:00,42,0,42,0,0,0
2019-07-04 21:15,68,24,44,0,0,0
2019-07-04 21:30,55,11,44,0,0,0
2019-07-04 21:45,41,1,40,0,0,0
2019-07-04 22:00,36,2,34,0,0,0
2019-07-04 22:15,68,29,39,0,0,0
2019-07-04 22:30,69,21,48,0,0,0
2019-07-04 22:45,31,0,31,0,0,0
2019-07-04 23:00,43,12,31,0,0,0
2019-07-04 23:15,27,1,26,0,0,0
2019-07-04 23:30,22,18,4,0,0,0
2019-07-04 23:45,22,8,14,0,0,0
2019-07-05 00:00,20,8,12,0,0,0
2019-07-05 00:15,11,4,7,0,0,0
2019-07-05 00:30,13,5,8,0,0,0
2019-07-05 00:45,12,3,9,0,0,0
2019-07-05 01:00,10,6,4,0,0,0
2019-07-05 01:15,9,1,8,0,0,0
2019-07-05 01:30,9,6,3,0,0,0
2019-07-05 01:45,5,1,4,0,0,0
2019-07-05 02:00,3,0,3,0,0,0
2019-07-05 02:15,1,0,1,0,0,0
2019-07-05 02:30,2,1,1,0,0,0
2019-07-05 02:45,1,1,0,0,0,0
2019-07-05 03:00,3,2,1,0,0,0
2019-07-05 03:15,0,0,0,0,0,0
2019-07-05 03:30,1,1,0,0,0,0
2019-07-05 03:45,3,3,0,0,0,0
2019-07-05 04:00,3,0,3,0,0,0
2019-07-05 04:15,2,0,2,0,0,0
2019-07-05 04:30,2,0,2,0,0,0
2019-07-05 04:45,2,0,2,0,0,0
2019-07-05 05:00,1,1,0,0,0,0
2019-07-05 05:15,5,4,1,0,0,0
2019-07-05 05:30,13,11,2,0,0,0
2019-07-05 05:45,21,11,10,0,0,0
2019-07-05 06:00,18,11,7,0,0,0
2019-07-05 06:15,22,13,9,0,0,0
2019-07-05 06:30,55,34,21,0,0,0
2019-07-05 06:45,65,42,23,0,0,0
2019-07-05 07:00,85,60,25,0,0,0
2019-07-05 07:15,152,98,54,0,0,0
2019-07-05 07:30,291,224,67,0,0,0
2019-07-05 07:45,219,143,76,0,0,0
2019-07-05 08:00,160,131,29,0,0,0
2019-07-05 08:15,139,109,30,0,0,0
2019-07-05 08:30,155,118,37,0,0,0
2019-07-05 08:45,179,126,53,0,0,0
2019-07-05 09:00,123,85,38,0,0,0
2019-07-05 09:15,130,96,34,0,0,0
2019-07-05 09:30,153,111,42,0,0,0
2019-07-05 09:45,145,114,31,0,0,0
2019-07-05 10:00,143,99,44,0,0,0
2019-07-05 10:15,114,89,25,0,0,0
2019-07-05 10:30,117,71,46,0,0,0
2019-07-05 10:45,113,76,37,0,0,0
2019-07-05 11:00,116,75,41,0,0,0
2019-07-05 11:15,121,63,58,0,0,0
2019-07-05 11:30,128,79,49,0,0,0
2019-07-05 11:45,154,94,60,0,0,0
2019-07-05 12:00,118,77,41,0,0,0
2019-07-05 12:15,145,83,62,0,0,0
2019-07-05 12:30,174,86,88,0,0,0
2019-07-05 12:45,148,71,77,0,0,0
2019-07-05 13:00,183,84,99,0,0,0
2019-07-05 13:15,126,60,66,0,0,0
2019-07-05 13:30,188,92,96,0,0,0
2019-07-05 13:45,162,78,84,0,0,0
2019-07-05 14:00,168,91,77,0,0,0
2019-07-05 14:15,152,74,78,0,0,0
2019-07-05 14:30,155,81,74,0,0,0
2019-07-05 14:45,219,110,109,0,0,0
2019-07-05 15:00,189,114,75,0,0,0
2019-07-05 15:15,183,99,84,0,0,0
2019-07-05 15:30,185,96,89,0,0,0
2019-07-05 15:45,175,108,67,0,0,0
2019-07-05 16:00,179,98,81,0,0,0
2019-07-05 16:15,190,98,92,0,0,0
2019-07-05 16:30,191,112,79,0,0,0
2019-07-05 16:45,198,116,82,0,0,0
2019-07-05 17:00,173,82,91,0,0,0
2019-07-05 17:15,206,92,114,0,0,0
2019-07-05 17:30,184,110,74,0,0,0
2019-07-05 17:45,243,116,127,0,0,0
2019-07-05 18:00,160,71,89,0,0,0
2019-07-05 18:15,187,110,77,0,0,0
2019-07-05 18:30,180,97,83,0,0,0
2019-07-05 18:45,215,133,82,0,0,0
2019-07-05 19:00,174,95,79,0,0,0
2019-07-05 19:15,164,100,64,0,0,0
2019-07-05 19:30,137,81,56,0,0,0
2019-07-05 19:45,157,88,69,0,0,0
2019-07-05 20:00,125,60,65,0,0,0
2019-07-05 20:15,102,54,48,0,0,0
2019-07-05 20:30,89,51,38,0,0,0
2019-07-05 20:45,73,36,37,0,0,0
2019-07-05 21:00,72,48,24,0,0,0
2019-07-05 21:15,82,37,45,0,0,0
2019-07-05 21:30,68,29,39,0,0,0
2019-07-05 21:45,77,37,40,0,0,0
2019-07-05 22:00,67,33,34,0,0,0
2019-07-05 22:15,81,34,47,0,0,0
2019-07-05 22:30,87,20,67,0,0,0
2019-07-05 22:45,73,23,50,0,0,0
2019-07-05 23:00,82,32,50,0,0,0
2019-07-05 23:15,62,29,33,0,0,0
2019-07-05 23:30,63,22,41,0,0,0
2019-07-05 23:45,60,23,37,0,0,0
2019-07-06 00:00,44,7,37,0,0,0
2019-07-06 00:15,54,28,26,0,0,0
2019-07-06 00:30,46,12,34,0,0,0
2019-07-06 00:45,36,11,25,0,0,0
2019-07-06 01:00,36,12,24,0,0,0
2019-07-06 01:15,28,11,17,0,0,0
2019-07-06 01:30,18,11,7,0,0,0
2019-07-06 01:45,20,6,14,0,0,0
2019-07-06 02:00,31,18,13,0,0,0
2019-07-06 02:15,15,8,7,0,0,0
2019-07-06 02:30,19,2,17,0,0,0
2019-07-06 02:45,11,1,10,0,0,0
2019-07-06 03:00,13,1,12,0,0,0
2019-07-06 03:15,10,3,7,0,0,0
2019-07-06 03:30,16,1,15,0,0,0
2019-07-06 03:45,2,0,2,0,0,0
2019-07-06 04:00,7,4,3,0,0,0
2019-07-06 04:15,6,1,5,0,0,0
2019-07-06 04:30,2,1,1,0,0,0
2019-07-06 04:45,2,1,1,0,0,0
2019-07-06 05:00,2,2,0,0,0,0
2019-07-06 05:15,3,2,1,0,0,0
2019-07-06 05:30,10,5,5,0,0,0
2019-07-06 05:45,12,3,9,0,0,0
2019-07-06 06:00,10,6,4,0,0,0
2019-07-06 06:15,8,2,6,0,0,0
2019-07-06 06:30,10,7,3,0,0,0
2019-07-06 06:45,13,8,5,0,0,0
2019-07-06 07:00,15,13,2,0,0,0
2019-07-06 07:15,25,18,7,0,0,0
2019-07-06 07:30,31,18,13,0,0,0
2019-07-06 07:45,64,51,13,0,0,0
2019-07-06 08:00,40,30,10,0,0,0
2019-07-06 08:15,52,38,14,0,0,0
2019-07-06 08:30,68,45,23,0,0,0
2019-07-06 08:45,79,61,18,0,0,0
2019-07-06 09:00,68,47,21,0,0,0
2019-07-06 09:15,97,74,23,0,0,0
2019-07-06 09:30,112,87,25,0,0,0
2019-07-06 09:45,158,117,41,0,0,0
2019-07-06 10:00,145,112,33,0,0,0
2019-07-06 10:15,164,113,51,0,0,0
2019-07-06 10:30,148,106,42,0,0,0
2019-07-06 10:45,195,142,53,0,0,0
2019-07-06 11:00,201,134,67,0,0,0
2019-07-06 11:15,177,108,69,0,0,0
2019-07-06 11:30,172,117,55,0,0,0
2019-07-06 11:45,185,102,83,0,0,0
2019-07-06 12:00,176,101,75,0,0,0
2019-07-06 12:15,183,109,74,0,0,0
2019-07-06 12:30,159,105,54,0,0,0
2019-07-06 12:45,220,131,89,0,0,0
2019-07-06 13:00,135,71,64,0,0,0
2019-07-06 13:15,188,106,82,0,0,0
2019-07-06 13:30,181,98,83,0,0,0
2019-07-06 13:45,155,77,78,0,0,0
2019-07-06 14:00,173,84,89,0,0,0
2019-07-06 14:15,178,93,85,0,0,0
2019-07-06 14:30,229,124,105,0,0,0
2019-07-06 14:45,228,128,100,0,0,0
2019-07-06 15:00,191,119,72,0,0,0
2019-07-06 15:15,163,103,60,0,0,0
2019-07-06 15:30,156,84,72,0,0,0
2019-07-06 15:45,147,78,69,0,0,0
2019-07-06 16:00,107,59,48,0,0,0
2019-07-06 16:15,108,60,48,0,0,0
2019-07-06 16:30,94,52,42,0,0,0
2019-07-06 16:45,124,61,63,0,0,0
2019-07-06 17:00,128,54,74,0,0,0
2019-07-06 17:15,140,67,73,0,0,0
2019-07-06 17:30,123,61,62,0,0,0
2019-07-06 17:45,123,38,85,0,0,0
2019-07-06 18:00,138,50,88,0,0,0
2019-07-06 18:15,92,30,62,0,0,0
2019-07-06 18:30,95,38,57,0,0,0
2019-07-06 18:45,81,32,49,0,0,0
2019-07-06 19:00,53,21,32,0,0,0
2019-07-06 19:15,68,28,40,0,0,0
2019-07-06 19:30,43,23,20,0,0,0
2019-07-06 19:45,64,39,25,0,0,0
2019-07-06 20:00,58,25,33,0,0,0
2019-07-06 20:15,67,28,39,0,0,0
2019-07-06 20:30,48,30,18,0,0,0
2019-07-06 20:45,48,18,30,0,0,0
2019-07-06 21:00,63,23,40,0,0,0
2019-07-06 21:15,30,13,17,0,0,0
2019-07-06 21:30,31,22,9,0,0,0
2019-07-06 21:45,47,30,17,0,0,0
2019-07-06 22:00,37,15,22,0,0,0
2019-07-06 22:15,18,9,9,0,0,0
2019-07-06 22:30,24,14,10,0,0,0
2019-07-06 22:45,48,21,27,0,0,0
2019-07-06 23:00,47,17,30,0,0,0
2019-07-06 23:15,26,10,16,0,0,0
2019-07-06 23:30,34,16,18,0,0,0
2019-07-06 23:45,34,14,20,0,0,0
2019-07-07 00:00,31,14,17,0,0,0
2019-07-07 00:15,26,6,20,0,0,0
2019-07-07 00:30,28,14,14,0,0,0
2019-07-07 00:45,30,11,19,0,0,0
2019-07-07 01:00,12,5,7,0,0,0
2019-07-07 01:15,10,3,7,0,0,0
2019-07-07 01:30,23,5,18,0,0,0
2019-07-07 01:45,13,6,7,0,0,0
2019-07-07 02:00,19,9,10,0,0,0
2019-07-07 02:15,11,4,7,0,0,0
2019-07-07 02:30,10,2,8,0,0,0
2019-07-07 02:45,10,2,8,0,0,0
2019-07-07 03:00,8,2,6,0,0,0
2019-07-07 03:15,2,0,2,0,0,0
2019-07-07 03:30,12,4,8,0,0,0
2019-07-07 03:45,12,0,12,0,0,0
2019-07-07 04:00,3,3,0,0,0,0
2019-07-07 04:15,4,2,2,0,0,0
2019-07-07 04:30,1,0,1,0,0,0
2019-07-07 04:45,4,1,3,0,0,0
2019-07-07 05:00,0,0,0,0,0,0
2019-07-07 05:15,8,1,7,0,0,0
2019-07-07 05:30,5,2,3,0,0,0
2019-07-07 05:45,5,1,4,0,0,0
2019-07-07 06:00,7,2,5,0,0,0
2019-07-07 06:15,4,3,1,0,0,0
2019-07-07 06:30,6,1,5,0,0,0
2019-07-07 06:45,6,2,4,0,0,0
2019-07-07 07:00,8,5,3,0,0,0
2019-07-07 07:15,6,3,3,0,0,0
2019-07-07 07:30,14,9,5,0,0,0
2019-07-07 07:45,29,21,8,0,0,0
2019-07-07 08:00,25,21,4,0,0,0
2019-07-07 08:15,14,5,9,0,0,0
2019-07-07 08:30,16,14,2,0,0,0
2019-07-07 08:45,34,29,5,0,0,0
2019-07-07 09:00,21,8,13,0,0,0
2019-07-07 09:15,33,26,7,0,0,0
2019-07-07 09:30,34,27,7,0,0,0
2019-07-07 09:45,68,44,24,0,0,0
2019-07-07 10:00,51,38,13,0,0,0
2019-07-07 10:15,38,24,14,0,0,0
2019-07-07 10:30,69,29,40,0,0,0
2019-07-07 10:45,65,50,15,0,0,0
2019-07-07 11:00,54,35,19,0,0,0
2019-07-07 11:15,76,50,26,0,0,0
2019-07-07 11:30,59,34,25,0,0,0
2019-07-07 11:45,47,22,25,0,0,0
2019-07-07 12:00,57,25,32,0,0,0
2019-07-07 12:15,61,27,34,0,0,0
2019-07-07 12:30,62,29,33,0,0,0
2019-07-07 12:45,80,44,36,0,0,0
2019-07-07 13:00,79,35,44,0,0,0
2019-07-07 13:15,81,40,41,0,0,0
2019-07-07 13:30,68,34,34,0,0,0
2019-07-07 13:45,66,44,22,0,0,0
2019-07-07 14:00,69,33,36,0,0,0
2019-07-07 14:15,83,45,38,0,0,0
2019-07-07 14:30,103,62,41,0,0,0
2019-07-07 14:45,92,57,35,0,0,0
2019-07-07 15:00,99,52,47,0,0,0
2019-07-07 15:15,93,62,31,0,0,0
2019-07-07 15:30,108,69,39,0,0,0
2019-07-07 15:45,90,52,38,0,0,0
2019-07-07 16:00,106,62,44,0,0,0
2019-07-07 16:15,120,81,39,0,0,0
2019-07-07 16:30,83,62,21,0,0,0
2019-07-07 16:45,106,65,41,0,0,0
2019-07-07 17:00,93,53,40,0,0,0
2019-07-07 17:15,108,53,55,0,0,0
2019-07-07 17:30,121,49,72,0,0,0
2019-07-07 17:45,101,56,45,0,0,0
2019-07-07 18:00,107,49,58,0,0,0
2019-07-07 18:15,80,51,29,0,0,0
2019-07-07 18:30,92,48,44,0,0,0
2019-07-07 18:45,111,63,48,0,0,0
2019-07-07 19:00,82,40,42,0,0,0
2019-07-07 19:15,79,40,39,0,0,0
2019-07-07 19:30,81,40,41,0,0,0
2019-07-07 19:45,66,32,34,0,0,0
2019-07-07 20:00,70,36,34,0,0,0
2019-07-07 20:15,49,21,28,0,0,0
2019-07-07 20:30,64,24,40,0,0,0
2019-07-07 20:45,83,36,47,0,0,0
2019-07-07 21:00,56,14,42,0,0,0
2019-07-07 21:15,61,22,39,0,0,0
2019-07-07 21:30,38,18,20,0,0,0
2019-07-07 21:45,68,30,38,0,0,0
2019-07-07 22:00,41,12,29,0,0,0
2019-07-07 22:15,30,10,20,0,0,0
2019-07-07 22:30,23,7,16,0,0,0
2019-07-07 22:45,25,10,15,0,0,0
2019-07-07 23:00,12,7,5,0,0,0
2019-07-07 23:15,11,7,4,0,0,0
2019-07-07 23:30,14,6,8,0,0,0
2019-07-07 23:45,7,5,2,0,0,0
2019-07-08 00:00,7,5,2,0,0,0
2019-07-08 00:15,4,1,3,0,0,0
2019-07-08 00:30,4,0,4,0,0,0
2019-07-08 00:45,4,3,1,0,0,0
2019-07-08 01:00,3,0,3,0,0,0
2019-07-08 01:15,0,0,0,0,0,0
2019-07-08 01:30,1,1,0,0,0,0
2019-07-08 01:45,4,1,3,0,0,0
2019-07-08 02:00,2,2,0,0,0,0
2019-07-08 02:15,2,1,1,0,0,0
2019-07-08 02:30,0,0,0,0,0,0
2019-07-08 02:45,1,1,0,0,0,0
2019-07-08 03:00,1,0,1,0,0,0
2019-07-08 03:15,0,0,0,0,0,0
2019-07-08 03:30,0,0,0,0,0,0
2019-07-08 03:45,2,2,0,0,0,0
2019-07-08 04:00,0,0,0,0,0,0
2019-07-08 04:15,3,1,2,0,0,0
2019-07-08 04:30,1,0,1,0,0,0
2019-07-08 04:45,3,0,3,0,0,0
2019-07-08 05:00,2,2,0,0,0,0
2019-07-08 05:15,5,3,2,0,0,0
2019-07-08 05:30,18,8,10,0,0,0
2019-07-08 05:45,27,7,20,0,0,0
2019-07-08 06:00,21,15,6,0,0,0
2019-07-08 06:15,32,21,11,0,0,0
2019-07-08 06:30,64,33,31,0,0,0
2019-07-08 06:45,72,41,31,0,0,0
2019-07-08 07:00,103,65,38,0,0,0
2019-07-08 07:15,182,134,48,0,0,0
2019-07-08 07:30,306,254,52,0,0,0
2019-07-08 07:45,261,174,87,0,0,0
2019-07-08 08:00,170,129,41,0,0,0
2019-07-08 08:15,161,125,36,0,0,0
2019-07-08 08:30,164,123,41,0,0,0
2019-07-08 08:45,191,153,38,0,0,0
2019-07-08 09:00,149,109,40,0,0,0
2019-07-08 09:15,123,83,40,0,0,0
2019-07-08 09:30,111,75,36,0,0,0
2019-07-08 09:45,145,107,38,0,0,0
2019-07-08 10:00,115,79,36,0,0,0
2019-07-08 10:15,128,77,51,0,0,0
2019-07-08 10:30,111,77,34,0,0,0
2019-07-08 10:45,113,69,44,0,0,0
2019-07-08 11:00,90,54,36,0,0,0
2019-07-08 11:15,117,66,51,0,0,0
2019-07-08 11:30,128,79,49,0,0,0
2019-07-08 11:45,161,96,65,0,0,0
2019-07-08 12:00,132,67,65,0,0,0
2019-07-08 12:15,145,73,72,0,0,0
2019-07-08 12:30,176,76,100,0,0,0
2019-07-08 12:45,153,88,65,0,0,0
2019-07-08 13:00,173,76,97,0,0,0
2019-07-08 13:15,147,61,86,0,0,0
2019-07-08 13:30,143,62,81,0,0,0
2019-07-08 13:45,171,70,101,0,0,0
2019-07-08 14:00,171,54,117,0,0,0
2019-07-08 14:15,167,62,105,0,0,0
2019-07-08 14:30,146,78,68,0,0,0
2019-07-08 14:45,161,75,86,0,0,0
2019-07-08 15:00,152,83,69,0,0,0
2019-07-08 15:15,145,82,63,0,0,0
2019-07-08 15:30,179,87,92,0,0,0
2019-07-08 15:45,189,90,99,0,0,0
2019-07-08 16:00,185,109,76,0,0,0
2019-07-08 16:15,178,79,99,0,0,0
2019-07-08 16:30,200,85,115,0,0,0
2019-07-08 16:45,209,108,101,0,0,0
2019-07-08 17:00,193,74,119,0,0,0
2019-07-08 17:15,175,75,100,0,0,0
2019-07-08 17:30,207,95,112,0,0,0
2019-07-08 17:45,212,83,129,0,0,0
2019-07-08 18:00,212,64,148,0,0,0
2019-07-08 18:15,209,78,131,0,0,0
2019-07-08 18:30,142,64,78,0,0,0
2019-07-08 18:45,147,63,84,0,0,0
2019-07-08 19:00,138,52,86,0,0,0
2019-07-08 19:15,148,55,93,0,0,0
2019-07-08 19:30,110,51,59,0,0,0
2019-07-08 19:45,136,51,85,0,0,0
2019-07-08 20:00,107,46,61,0,0,0
2019-07-08 20:15,81,28,53,0,0,0
2019-07-08 20:30,46,16,30,0,0,0
2019-07-08 20:45,65,27,38,0,0,0
2019-07-08 21:00,74,40,34,0,0,0
2019-07-08 21:15,72,44,28,0,0,0
2019-07-08 21:30,56,24,32,0,0,0
2019-07-08 21:45,35,17,18,0,0,0
2019-07-08 22:00,55,28,27,0,0,0
2019-07-08 22:15,41,20,21,0,0,0
2019-07-08 22:30,41,19,22,0,0,0
2019-07-08 22:45,38,22,16,0,0,0
2019-07-08 23:00,51,33,18,0,0,0
2019-07-08 23:15,25,16,9,0,0,0
2019-07-08 23:30,17,8,9,0,0,0
2019-07-08 23:45,13,3,10,0,0,0
2019-07-09 00:00,8,6,2,0,0,0
2019-07-09 00:15,9,1,8,0,0,0
2019-07-09 00:30,4,1,3,0,0,0
2019-07-09 00:45,7,1,6,0,0,0
2019-07-09 01:00,3,1,2,0,0,0
2019-07-09 01:15,5,2,3,0,0,0
2019-07-09 01:30,3,2,1,0,0,0
2019-07-09 01:45,2,2,0,0,0,0
2019-07-09 02:00,4,0,4,0,0,0
2019-07-09 02:15,2,2,0,0,0,0
2019-07-09 02:30,4,2,2,0,0,0
2019-07-09 02:45,1,0,1,0,0,0
2019-07-09 03:00,1,0,1,0,0,0
2019-07-09 03:15,0,0,0,0,0,0
2019-07-09 03:30,2,1,1,0,0,0
2019-07-09 03:45,1,1,0,0,0,0
2019-07-09 04:00,0,0,0,0,0,0
2019-07-09 04:15,0,0,0,0,0,0
2019-07-09 04:30,0,0,0,0,0,0
2019-07-09 04:45,1,0,1,0,0,0
2019-07-09 05:00,2,2,0,0,0,0
2019-07-09 05:15,9,6,3,0,0,0
2019-07-09 05:30,21,11,10,0,0,0
2019-07-09 05:45,25,8,17,0,0,0
2019-07-09 06:00,13,8,5,0,0,0
2019-07-09 06:15,31,19,12,0,0,0
2019-07-09 06:30,56,31,25,0,0,0
2019-07-09 06:45,92,56,36,0,0,0
2019-07-09 07:00,92,63,29,0,0,0
2019-07-09 07:15,175,117,58,0,0,0
2019-07-09 07:30,309,253,56,0,0,0
2019-07-09 07:45,269,195,74,0,0,0
2019-07-09 08:00,222,174,48,0,0,0
2019-07-09 08:15,166,112,54,0,0,0
2019-07-09 08:30,168,123,45,0,0,0
2019-07-09 08:45,177,139,38,0,0,0
2019-07-09 09:00,139,93,46,0,0,0
2019-07-09 09:15,123,88,35,0,0,0
2019-07-09 09:30,136,102,34,0,0,0
2019-07-09 09:45,171,110,61,0,0,0
2019-07-09 10:00,131,90,41,0,0,0
2019-07-09 10:15,111,75,36,0,0,0
2019-07-09 10:30,114,72,42,0,0,0
2019-07-09 10:45,125,83,42,0,0,0
2019-07-09 11:00,127,71,56,0,0,0
2019-07-09 11:15,143,88,55,0,0,0
2019-07-09 11:30,132,80,52,0,0,0
2019-07-09 11:45,185,119,66,0,0,0
2019-07-09 12:00,130,65,65,0,0,0
2019-07-09 12:15,152,64,88,0,0,0
2019-07-09 12:30,149,78,71,0,0,0
2019-07-09 12:45,152,66,86,0,0,0
2019-07-09 13:00,179,63,116,0,0,0
2019-07-09 13:15,182,71,111,0,0,0
2019-07-09 13:30,162,82,80,0,0,0
2019-07-09 13:45,172,75,97,0,0,0
2019-07-09 14:00,151,70,81,0,0,0
2019-07-09 14:15,133,73,60,0,0,0
2019-07-09 14:30,147,70,77,0,0,0
2019-07-09 14:45,192,107,85,0,0,0
2019-07-09 15:00,165,86,79,0,0,0
2019-07-09 15:15,200,91,109,0,0,0
2019-07-09 15:30,218,110,108,0,0,0
2019-07-09 15:45,219,112,107,0,0,0
2019-07-09 16:00,218,106,112,0,0,0
2019-07-09 16:15,265,112,153,0,0,0
2019-07-09 16:30,191,91,100,0,0,0
2019-07-09 16:45,221,105,116,0,0,0
2019-07-09 17:00,235,104,131,0,0,0
2019-07-09 17:15,230,113,117,0,0,0
2019-07-09 17:30,247,129,118,0,0,0
2019-07-09 17:45,252,120,132,0,0,0
2019-07-09 18:00,209,84,125,0,0,0
2019-07-09 18:15,197,80,117,0,0,0
2019-07-09 18:30,180,77,103,0,0,0
2019-07-09 18:45,207,95,112,0,0,0
2019-07-09 19:00,161,80,81,0,0,0
2019-07-09 19:15,158,75,83,0,0,0
2019-07-09 19:30,145,60,85,0,0,0
2019-07-09 19:45,162,61,101,0,0,0
2019-07-09 20:00,123,46,77,0,0,0
2019-07-09 20:15,81,31,50,0,0,0
2019-07-09 20:30,62,32,30,0,0,0
2019-07-09 20:45,93,41,52,0,0,0
2019-07-09 21:00,88,32,56,0,0,0
2019-07-09 21:15,72,35,37,0,0,0
2019-07-09 21:30,67,22,45,0,0,0
2019-07-09 21:45,82,30,52,0,0,0
2019-07-09 22:00,89,34,55,0,0,0
2019-07-09 22:15,76,26,50,0,0,0
2019-07-09 22:30,57,17,40,0,0,0
2019-07-09 22:45,63,31,32,0,0,0
2019-07-09 23:00,56,21,35,0,0,0
2019-07-09 23:15,32,13,19,0,0,0
2019-07-09 23:30,32,5,27,0,0,0
2019-07-09 23:45,15,6,9,0,0,0
2019-07-10 00:00,9,2,7,0,0,0
2019-07-10 00:15,14,9,5,0,0,0
2019-07-10 00:30,9,5,4,0,0,0
2019-07-10 00:45,16,4,12,0,0,0
2019-07-10 01:00,5,0,5,0,0,0
2019-07-10 01:15,17,5,12,0,0,0
2019-07-10 01:30,5,0,5,0,0,0
2019-07-10 01:45,4,1,3,0,0,0
2019-07-10 02:00,7,2,5,0,0,0
2019-07-10 02:15,1,0,1,0,0,0
2019-07-10 02:30,3,2,1,0,0,0
2019-07-10 02:45,0,0,0,0,0,0
2019-07-10 03:00,1,0,1,0,0,0
2019-07-10 03:15,0,0,0,0,0,0
2019-07-10 03:30,0,0,0,0,0,0
2019-07-10 03:45,2,1,1,0,0,0
2019-07-10 04:00,2,0,2,0,0,0
2019-07-10 04:15,1,0,1,0,0,0
2019-07-10 04:30,0,0,0,0,0,0
2019-07-10 04:45,1,0,1,0,0,0
2019-07-10 05:00,1,0,1,0,0,0
2019-07-10 05:15,7,5,2,0,0,0
2019-07-10 05:30,15,10,5,0,0,0
2019-07-10 05:45,25,9,16,0,0,0
2019-07-10 06:00,21,12,9,0,0,0
2019-07-10 06:15,34,14,20,0,0,0
2019-07-10 06:30,57,29,28,0,0,0
2019-07-10 06:45,82,52,30,0,0,0
2019-07-10 07:00,107,73,34,0,0,0
2019-07-10 07:15,191,135,56,0,0,0
2019-07-10 07:30,319,262,57,0,0,0
2019-07-10 07:45,251,184,67,0,0,0
2019-07-10 08:00,175,137,38,0,0,0
2019-07-10 08:15,208,150,58,0,0,0
2019-07-10 08:30,179,132,47,0,0,0
2019-07-10 08:45,190,147,43,0,0,0
2019-07-10 09:00,143,106,37,0,0,0
2019-07-10 09:15,137,99,38,0,0,0
2019-07-10 09:30,143,115,28,0,0,0
2019-07-10 09:45,173,134,39,0,0,0
2019-07-10 10:00,155,111,44,0,0,0
2019-07-10 10:15,124,84,40,0,0,0
2019-07-10 10:30,140,94,46,0,0,0
2019-07-10 10:45,137,80,57,0,0,0
2019-07-10 11:00,171,103,68,0,0,0
2019-07-10 11:15,191,127,64,0,0,0
2019-07-10 11:30,147,93,54,0,0,0
2019-07-10 11:45,207,117,90,0,0,0
2019-07-10 12:00,162,93,69,0,0,0
2019-07-10 12:15,161,78,83,0,0,0
2019-07-10 12:30,210,101,109,0,0,0
2019-07-10 12:45,197,91,106,0,0,0
2019-07-10 13:00,222,78,144,0,0,0
2019-07-10 13:15,203,90,113,0,0,0
2019-07-10 13:30,147,57,90,0,0,0
2019-07-10 13:45,213,101,112,0,0,0
2019-07-10 14:00,191,65,126,0,0,0
2019-07-10 14:15,168,65,103,0,0,0
2019-07-10 14:30,194,86,108,0,0,0
2019-07-10 14:45,196,92,104,0,0,0
2019-07-10 15:00,192,97,95,0,0,0
2019-07-10 15:15,166,76,90,0,0,0
2019-07-10 15:30,197,87,110,0,0,0
2019-07-10 15:45,219,120,99,0,0,0
2019-07-10 16:00,191,88,103,0,0,0
2019-07-10 16:15,211,97,114,0,0,0
2019-07-10 16:30,197,97,100,0,0,0
2019-07-10 16:45,240,115,125,0,0,0
2019-07-10 17:00,210,76,134,0,0,0
2019-07-10 17:15,231,93,138,0,0,0
2019-07-10 17:30,247,110,137,0,0,0
2019-07-10 17:45,259,117,142,0,0,0
2019-07-10 18:00,199,80,119,0,0,0
2019-07-10 18:15,222,79,143,0,0,0
2019-07-10 18:30,162,67,95,0,0,0
2019-07-10 18:45,188,86,102,0,0,0
2019-07-10 19:00,182,77,105,0,0,0
2019-07-10 19:15,160,73,87,0,0,0
2019-07-10 19:30,137,66,71,0,0,0
2019-07-10 19:45,154,68,86,0,0,0
2019-07-10 20:00,90,36,54,0,0,0
2019-07-10 20:15,91,37,54,0,0,0
2019-07-10 20:30,88,45,43,0,0,0
2019-07-10 20:45,74,29,45,0,0,0
2019-07-10 21:00,79,29,50,0,0,0
2019-07-10 21:15,86,35,51,0,0,0
2019-07-10 21:30,79,25,54,0,0,0
2019-07-10 21:45,56,21,35,0,0,0
2019-07-10 22:00,64,20,44,0,0,0
2019-07-10 22:15,62,21,41,0,0,0
2019-07-10 22:30,67,31,36,0,0,0
2019-07-10 22:45,40,13,27,0,0,0
2019-07-10 23:00,39,10,29,0,0,0
2019-07-10 23:15,41,23,18,0,0,0
2019-07-10 23:30,38,15,23,0,0,0
2019-07-10 23:45,26,16,10,0,0,0
2019-07-11 00:00,25,9,16,0,0,0
2019-07-11 00:15,15,6,9,0,0,0
2019-07-11 00:30,15,7,8,0,0,0
2019-07-11 00:45,11,6,5,0,0,0
2019-07-11 01:00,17,6,11,0,0,0
2019-07-11 01:15,9,4,5,0,0,0
2019-07-11 01:30,15,5,10,0,0,0
2019-07-11 01:45,8,2,6,0,0,0
2019-07-11 02:00,3,3,0,0,0,0
2019-07-11 02:15,7,0,7,0,0,0
2019-07-11 02:30,3,1,2,0,0,0
2019-07-11 02:45,7,0,7,0,0,0
2019-07-11 03:00,7,0,7,0,0,0
2019-07-11 03:15,1,0,1,0,0,0
2019-07-11 03:30,3,0,3,0,0,0
2019-07-11 03:45,4,1,3,0,0,0
2019-07-11 04:00,5,0,5,0,0,0
2019-07-11 04:15,1,1,0,0,0,0
2019-07-11 04:30,2,0,2,0,0,0
2019-07-11 04:45,1,0,1,0,0,0
2019-07-11 05:00,1,0,1,0,0,0
2019-07-11 05:15,7,5,2,0,0,0
2019-07-11 05:30,14,7,7,0,0,0
2019-07-11 05:45,24,8,16,0,0,0
2019-07-11 06:00,23,11,12,0,0,0
2019-07-11 06:15,23,12,11,0,0,0
2019-07-11 06:30,56,27,29,0,0,0
2019-07-11 06:45,55,30,25,0,0,0
2019-07-11 07:00,85,54,31,0,0,0
2019-07-11 07:15,119,79,40,0,0,0
2019-07-11 07:30,163,122,41,0,0,0
2019-07-11 07:45,188,124,64,0,0,0
2019-07-11 08:00,151,126,25,0,0,0
2019-07-11 08:15,185,150,35,0,0,0
2019-07-11 08:30,145,114,31,0,0,0
2019-07-11 08:45,209,149,60,0,0,0
2019-07-11 09:00,106,80,26,0,0,0
2019-07-11 09:15,111,63,48,0,0,0
2019-07-11 09:30,115,80,35,0,0,0
2019-07-11 09:45,128,106,22,0,0,0
2019-07-11 10:00,97,61,36,0,0,0
2019-07-11 10:15,76,38,38,0,0,0
2019-07-11 10:30,73,48,25,0,0,0
2019-07-11 10:45,75,37,38,0,0,0
2019-07-11 11:00,59,25,34,0,0,0
2019-07-11 11:15,68,36,32,0,0,0
2019-07-11 11:30,73,42,31,0,0,0
2019-07-11 11:45,100,51,49,0,0,0
2019-07-11 12:00,87,40,47,0,0,0
2019-07-11 12:15,81,41,40,0,0,0
2019-07-11 12:30,131,73,58,0,0,0
2019-07-11 12:45,133,70,63,0,0,0
2019-07-11 13:00,156,44,112,0,0,0
2019-07-11 13:15,108,43,65,0,0,0
2019-07-11 13:30,101,54,47,0,0,0
2019-07-11 13:45,116,60,56,0,0,0
2019-07-11 14:00,132,59,73,0,0,0
2019-07-11 14:15,130,70,60,0,0,0
2019-07-11 14:30,119,64,55,0,0,0
2019-07-11 14:45,158,66,92,0,0,0
2019-07-11 15:00,133,82,51,0,0,0
2019-07-11 15:15,127,69,58,0,0,0
2019-07-11 15:30,133,67,66,0,0,0
2019-07-11 15:45,200,110,90,0,0,0
2019-07-11 16:00,169,82,87,0,0,0
2019-07-11 16:15,182,95,87,0,0,0
2019-07-11 16:30,157,74,83,0,0,0
2019-07-11 16:45,187,90,97,0,0,0
2019-07-11 17:00,189,80,109,0,0,0
2019-07-11 17:15,162,77,85,0,0,0
2019-07-11 17:30,196,86,110,0,0,0
2019-07-11 17:45,166,61,105,0,0,0
2019-07-11 18:00,38,19,19,0,0,0
2019-07-11 18:15,99,32,67,0,0,0
2019-07-11 18:30,86,40,46,0,0,0
2019-07-11 18:45,98,40,58,0,0,0
2019-07-11 19:00,143,59,84,0,0,0
2019-07-11 19:15,141,72,69,0,0,0
2019-07-11 19:30,98,53,45,0,0,0
2019-07-11 19:45,112,41,71,0,0,0
2019-07-11 20:00,100,48,52,0,0,0
2019-07-11 20:15,66,26,40,0,0,0
2019-07-11 20:30,42,19,23,0,0,0
2019-07-11 20:45,55,23,32,0,0,0
2019-07-11 21:00,50,25,25,0,0,0
2019-07-11 21:15,53,20,33,0,0,0
2019-07-11 21:30,41,16,25,0,0,0
2019-07-11 21:45,50,19,31,0,0,0
2019-07-11 22:00,52,28,24,0,0,0
2019-07-11 22:15,34,19,15,0,0,0
2019-07-11 22:30,36,15,21,0,0,0
2019-07-11 22:45,40,12,28,0,0,0
2019-07-11 23:00,20,11,9,0,0,0
2019-07-11 23:15,26,12,14,0,0,0
2019-07-11 23:30,36,13,23,0,0,0
2019-07-11 23:45,26,10,16,0,0,0
2019-07-12 00:00,33,13,20,0,0,0
2019-07-12 00:15,17,8,9,0,0,0
2019-07-12 00:30,9,4,5,0,0,0
2019-07-12 00:45,11,6,5,0,0,0
2019-07-12 01:00,11,7,4,0,0,0
2019-07-12 01:15,15,3,12,0,0,0
2019-07-12 01:30,11,7,4,0,0,0
2019-07-12 01:45,10,6,4,0,0,0
2019-07-12 02:00,9,5,4,0,0,0
2019-07-12 02:15,3,2,1,0,0,0
2019-07-12 02:30,2,1,1,0,0,0
2019-07-12 02:45,6,0,6,0,0,0
2019-07-12 03:00,1,0,1,0,0,0
2019-07-12 03:15,1,1,0,0,0,0
2019-07-12 03:30,0,0,0,0,0,0
2019-07-12 03:45,2,2,0,0,0,0
2019-07-12 04:00,3,0,3,0,0,0
2019-07-12 04:15,1,0,1,0,0,0
2019-07-12 04:30,3,1,2,0,0,0
2019-07-12 04:45,2,0,2,0,0,0
2019-07-12 05:00,1,1,0,0,0,0
2019-07-12 05:15,0,0,0,0,0,0
2019-07-12 05:30,12,5,7,0,0,0
2019-07-12 05:45,19,12,7,0,0,0
2019-07-12 06:00,16,7,9,0,0,0
2019-07-12 06:15,23,16,7,0,0,0
2019-07-12 06:30,37,23,14,0,0,0
2019-07-12 06:45,77,52,25,0,0,0
2019-07-12 07:00,90,57,33,0,0,0
2019-07-12 07:15,124,85,39,0,0,0
2019-07-12 07:30,226,191,35,0,0,0
2019-07-12 07:45,210,154,56,0,0,0
2019-07-12 08:00,151,118,33,0,0,0
2019-07-12 08:15,148,111,37,0,0,0
2019-07-12 08:30,172,129,43,0,0,0
2019-07-12 08:45,138,111,27,0,0,0
2019-07-12 09:00,108,79,29,0,0,0
2019-07-12 09:15,116,76,40,0,0,0
2019-07-12 09:30,53,41,12,0,0,0
2019-07-12 09:45,86,55,31,0,0,0
2019-07-12 10:00,96,58,38,0,0,0
2019-07-12 10:15,133,63,70,0,0,0
2019-07-12 10:30,126,38,88,0,0,0
2019-07-12 10:45,102,39,63,0,0,0
2019-07-12 11:00,115,71,44,0,0,0
2019-07-12 11:15,124,81,43,0,0,0
2019-07-12 11:30,124,72,52,0,0,0
2019-07-12 11:45,133,82,51,0,0,0
2019-07-12 12:00,129,71,58,0,0,0
2019-07-12 12:15,121,58,63,0,0,0
2019-07-12 12:30,117,64,53,0,0,0
2019-07-12 12:45,135,79,56,0,0,0
2019-07-12 13:00,137,75,62,0,0,0
2019-07-12 13:15,149,79,70,0,0,0
2019-07-12 13:30,127,60,67,0,0,0
2019-07-12 13:45,170,87,83,0,0,0
2019-07-12 14:00,138,74,64,0,0,0
2019-07-12 14:15,136,54,82,0,0,0
2019-07-12 14:30,155,66,89,0,0,0
2019-07-12 14:45,152,80,72,0,0,0
2019-07-12 15:00,143,68,75,0,0,0
2019-07-12 15:15,123,56,67,0,0,0
2019-07-12 15:30,140,75,65,0,0,0
2019-07-12 15:45,95,45,50,0,0,0
2019-07-12 16:00,59,22,37,0,0,0
2019-07-12 16:15,71,30,41,0,0,0
2019-07-12 16:30,129,71,58,0,0,0
2019-07-12 16:45,113,57,56,0,0,0
2019-07-12 17:00,136,81,55,0,0,0
2019-07-12 17:15,104,55,49,0,0,0
2019-07-12 17:30,96,56,40,0,0,0
2019-07-12 17:45,149,72,77,0,0,0
2019-07-12 18:00,109,51,58,0,0,0
2019-07-12 18:15,99,43,56,0,0,0
2019-07-12 18:30,108,46,62,0,0,0
2019-07-12 18:45,102,61,41,0,0,0
2019-07-12 19:00,110,57,53,0,0,0
2019-07-12 19:15,116,51,65,0,0,0
2019-07-12 19:30,83,47,36,0,0,0
2019-07-12 19:45,114,64,50,0,0,0
2019-07-12 20:00,82,51,31,0,0,0
2019-07-12 20:15,83,56,27,0,0,0
2019-07-12 20:30,65,41,24,0,0,0
2019-07-12 20:45,71,42,29,0,0,0
2019-07-12 21:00,79,40,39,0,0,0
2019-07-12 21:15,47,22,25,0,0,0
2019-07-12 21:30,58,24,34,0,0,0
2019-07-12 21:45,52,30,22,0,0,0
2019-07-12 22:00,46,19,27,0,0,0
2019-07-12 22:15,38,16,22,0,0,0
2019-07-12 22:30,53,10,43,0,0,0
2019-07-12 22:45,61,22,39,0,0,0
2019-07-12 23:00,49,19,30,0,0,0
2019-07-12 23:15,56,25,31,0,0,0
2019-07-12 23:30,45,16,29,0,0,0
2019-07-12 23:45,50,23,27,0,0,0
2019-07-13 00:00,52,19,33,0,0,0
2019-07-13 00:15,40,19,21,0,0,0
2019-07-13 00:30,36,10,26,0,0,0
2019-07-13 00:45,31,12,19,0,0,0
2019-07-13 01:00,28,17,11,0,0,0
2019-07-13 01:15,32,12,20,0,0,0
2019-07-13 01:30,12,7,5,0,0,0
2019-07-13 01:45,25,10,15,0,0,0
2019-07-13 02:00,34,12,22,0,0,0
2019-07-13 02:15,19,6,13,0,0,0
2019-07-13 02:30,19,10,9,0,0,0
2019-07-13 02:45,9,0,9,0,0,0
2019-07-13 03:00,10,1,9,0,0,0
2019-07-13 03:15,14,4,10,0,0,0
2019-07-13 03:30,7,4,3,0,0,0
2019-07-13 03:45,7,5,2,0,0,0
2019-07-13 04:00,3,3,0,0,0,0
2019-07-13 04:15,2,1,1,0,0,0
2019-07-13 04:30,4,1,3,0,0,0
2019-07-13 04:45,4,2,2,0,0,0
2019-07-13 05:00,2,2,0,0,0,0
2019-07-13 05:15,3,1,2,0,0,0
2019-07-13 05:30,7,6,1,0,0,0
2019-07-13 05:45,7,5,2,0,0,0
2019-07-13 06:00,7,3,4,0,0,0
2019-07-13 06:15,9,8,1,0,0,0
2019-07-13 06:30,15,9,6,0,0,0
2019-07-13 06:45,11,8,3,0,0,0
2019-07-13 07:00,10,8,2,0,0,0
2019-07-13 07:15,25,22,3,0,0,0
2019-07-13 07:30,50,41,9,0,0,0
2019-07-13 07:45,33,28,5,0,0,0
2019-07-13 08:00,40,27,13,0,0,0
2019-07-13 08:15,36,26,10,0,0,0
2019-07-13 08:30,43,30,13,0,0,0
2019-07-13 08:45,83,60,23,0,0,0
2019-07-13 09:00,58,47,11,0,0,0
2019-07-13 09:15,49,35,14,0,0,0
2019-07-13 09:30,78,63,15,0,0,0
2019-07-13 09:45,141,111,30,0,0,0
2019-07-13 10:00,113,83,30,0,0,0
2019-07-13 10:15,129,88,41,0,0,0
2019-07-13 10:30,143,104,39,0,0,0
2019-07-13 10:45,128,96,32,0,0,0
2019-07-13 11:00,155,106,49,0,0,0
2019-07-13 11:15,138,88,50,0,0,0
2019-07-13 11:30,157,97,60,0,0,0
2019-07-13 11:45,153,86,67,0,0,0
2019-07-13 12:00,159,112,47,0,0,0
2019-07-13 12:15,155,101,54,0,0,0
2019-07-13 12:30,150,93,57,0,0,0
2019-07-13 12:45,188,113,75,0,0,0
2019-07-13 13:00,172,96,76,0,0,0
2019-07-13 13:15,128,73,55,0,0,0
2019-07-13 13:30,173,94,79,0,0,0
2019-07-13 13:45,151,74,77,0,0,0
2019-07-13 14:00,143,80,63,0,0,0
2019-07-13 14:15,134,58,76,0,0,0
2019-07-13 14:30,139,62,77,0,0,0
2019-07-13 14:45,135,58,77,0,0,0
2019-07-13 15:00,141,52,89,0,0,0
2019-07-13 15:15,137,56,81,0,0,0
2019-07-13 15:30,130,75,55,0,0,0
2019-07-13 15:45,122,66,56,0,0,0
2019-07-13 16:00,104,59,45,0,0,0
2019-07-13 16:15,104,49,55,0,0,0
2019-07-13 16:30,122,67,55,0,0,0
2019-07-13 16:45,122,65,57,0,0,0
2019-07-13 17:00,100,45,55,0,0,0
2019-07-13 17:15,109,61,48,0,0,0
2019-07-13 17:30,122,75,47,0,0,0
2019-07-13 17:45,129,72,57,0,0,0
2019-07-13 18:00,125,52,73,0,0,0
2019-07-13 18:15,103,41,62,0,0,0
2019-07-13 18:30,95,37,58,0,0,0
2019-07-13 18:45,131,74,57,0,0,0
2019-07-13 19:00,92,58,34,0,0,0
2019-07-13 19:15,94,44,50,0,0,0
2019-07-13 19:30,74,45,29,0,0,0
2019-07-13 19:45,89,42,47,0,0,0
2019-07-13 20:00,98,44,54,0,0,0
2019-07-13 20:15,83,36,47,0,0,0
2019-07-13 20:30,54,17,37,0,0,0
2019-07-13 20:45,60,35,25,0,0,0
2019-07-13 21:00,59,17,42,0,0,0
2019-07-13 21:15,60,32,28,0,0,0
2019-07-13 21:30,61,37,24,0,0,0
2019-07-13 21:45,54,30,24,0,0,0
2019-07-13 22:00,45,23,22,0,0,0
2019-07-13 22:15,44,21,23,0,0,0
2019-07-13 22:30,44,21,23,0,0,0
2019-07-13 22:45,39,19,20,0,0,0
2019-07-13 23:00,50,21,29,0,0,0
2019-07-13 23:15,36,14,22,0,0,0
2019-07-13 23:30,57,20,37,0,0,0
2019-07-13 23:45,67,40,27,0,0,0
2019-07-14 00:00,38,18,20,0,0,0
2019-07-14 00:15,37,19,18,0,0,0
2019-07-14 00:30,24,14,10,0,0,0
2019-07-14 00:45,33,15,18,0,0,0
2019-07-14 01:00,33,13,20,0,0,0
2019-07-14 01:15,20,7,13,0,0,0
2019-07-14 01:30,18,6,12,0,0,0
2019-07-14 01:45,14,3,11,0,0,0
2019-07-14 02:00,18,5,13,0,0,0
2019-07-14 02:15,14,3,11,0,0,0
2019-07-14 02:30,14,3,11,0,0,0
2019-07-14 02:45,14,8,6,0,0,0
2019-07-14 03:00,8,4,4,0,0,0
2019-07-14 03:15,12,3,9,0,0,0
2019-07-14 03:30,9,3,6,0,0,0
2019-07-14 03:45,24,9,15,0,0,0
2019-07-14 04:00,5,2,3,0,0,0
2019-07-14 04:15,9,3,6,0,0,0
2019-07-14 04:30,4,2,2,0,0,0
2019-07-14 04:45,9,3,6,0,0,0
2019-07-14 05:00,4,3,1,0,0,0
2019-07-14 05:15,1,0,1,0,0,0
2019-07-14 05:30,15,8,7,0,0,0
2019-07-14 05:45,12,4,8,0,0,0
2019-07-14 06:00,12,8,4,0,0,0
2019-07-14 06:15,5,2,3,0,0,0
2019-07-14 06:30,7,5,2,0,0,0
2019-07-14 06:45,4,3,1,0,0,0
2019-07-14 07:00,3,2,1,0,0,0
2019-07-14 07:15,10,6,4,0,0,0
2019-07-14 07:30,10,7,3,0,0,0
2019-07-14 07:45,27,23,4,0,0,0
2019-07-14 08:00,17,11,6,0,0,0
2019-07-14 08:15,23,19,4,0,0,0
2019-07-14 08:30,28,18,10,0,0,0
2019-07-14 08:45,16,9,7,0,0,0
2019-07-14 09:00,26,12,14,0,0,0
2019-07-14 09:15,33,22,11,0,0,0
2019-07-14 09:30,31,19,12,0,0,0
2019-07-14 09:45,51,36,15,0,0,0
2019-07-14 10:00,38,26,12,0,0,0
2019-07-14 10:15,36,30,6,0,0,0
2019-07-14 10:30,32,10,22,0,0,0
2019-07-14 10:45,58,41,17,0,0,0
2019-07-14 11:00,30,19,11,0,0,0
2019-07-14 11:15,55,33,22,0,0,0
2019-07-14 11:30,55,29,26,0,0,0
2019-07-14 11:45,47,33,14,0,0,0
2019-07-14 12:00,43,24,19,0,0,0
2019-07-14 12:15,37,21,16,0,0,0
2019-07-14 12:30,63,28,35,0,0,0
2019-07-14 12:45,57,28,29,0,0,0
2019-07-14 13:00,53,26,27,0,0,0
2019-07-14 13:15,58,34,24,0,0,0
2019-07-14 13:30,73,44,29,0,0,0
2019-07-14 13:45,77,50,27,0,0,0
2019-07-14 14:00,57,30,27,0,0,0
2019-07-14 14:15,73,41,32,0,0,0
2019-07-14 14:30,82,43,39,0,0,0
2019-07-14 14:45,89,51,38,0,0,0
2019-07-14 15:00,81,51,30,0,0,0
2019-07-14 15:15,94,45,49,0,0,0
2019-07-14 15:30,84,50,34,0,0,0
2019-07-14 15:45,87,54,33,0,0,0
2019-07-14 16:00,73,34,39,0,0,0
2019-07-14 16:15,50,30,20,0,0,0
2019-07-14 16:30,74,49,25,0,0,0
2019-07-14 16:45,94,61,33,0,0,0
2019-07-14 17:00,81,47,34,0,0,0
2019-07-14 17:15,64,37,27,0,0,0
2019-07-14 17:30,103,65,38,0,0,0
2019-07-14 17:45,109,71,38,0,0,0
2019-07-14 18:00,76,45,31,0,0,0
2019-07-14 18:15,56,35,21,0,0,0
2019-07-14 18:30,63,30,33,0,0,0
2019-07-14 18:45,66,35,31,0,0,0
2019-07-14 19:00,68,31,37,0,0,0
2019-07-14 19:15,58,41,17,0,0,0
2019-07-14 19:30,63,30,33,0,0,0
2019-07-14 19:45,58,25,33,0,0,0
2019-07-14 20:00,69,34,35,0,0,0
2019-07-14 20:15,55,20,35,0,0,0
2019-07-14 20:30,70,26,44,0,0,0
2019-07-14 20:45,50,15,35,0,0,0
2019-07-14 21:00,34,10,24,0,0,0
2019-07-14 21:15,36,9,27,0,0,0
2019-07-14 21:30,42,18,24,0,0,0
2019-07-14 21:45,33,17,16,0,0,0
2019-07-14 22:00,34,29,5,0,0,0
2019-07-14 22:15,36,21,15,0,0,0
2019-07-14 22:30,28,9,19,0,0,0
2019-07-14 22:45,23,9,14,0,0,0
2019-07-14 23:00,14,3,11,0,0,0
2019-07-14 23:15,10,2,8,0,0,0
2019-07-14 23:30,11,7,4,0,0,0
2019-07-14 23:45,5,3,2,0,0,0
2019-07-15 00:00,7,3,4,0,0,0
2019-07-15 00:15,5,2,3,0,0,0
2019-07-15 00:30,4,0,4,0,0,0
2019-07-15 00:45,1,0,1,0,0,0
2019-07-15 01:00,8,2,6,0,0,0
2019-07-15 01:15,3,2,1,0,0,0
2019-07-15 01:30,2,1,1,0,0,0
2019-07-15 01:45,5,2,3,0,0,0
2019-07-15 02:00,2,2,0,0,0,0
2019-07-15 02:15,0,0,0,0,0,0
2019-07-15 02:30,4,4,0,0,0,0
2019-07-15 02:45,0,0,0,0,0,0
2019-07-15 03:00,2,2,0,0,0,0
2019-07-15 03:15,3,3,0,0,0,0
2019-07-15 03:30,2,0,2,0,0,0
2019-07-15 03:45,1,1,0,0,0,0
2019-07-15 04:00,0,0,0,0,0,0
2019-07-15 04:15,0,0,0,0,0,0
2019-07-15 04:30,1,1,0,0,0,0
2019-07-15 04:45,3,1,2,0,0,0
2019-07-15 05:00,1,1,0,0,0,0
2019-07-15 05:15,4,2,2,0,0,0
2019-07-15 05:30,17,11,6,0,0,0
2019-07-15 05:45,28,14,14,0,0,0
2019-07-15 06:00,13,8,5,0,0,0
2019-07-15 06:15,31,19,12,0,0,0
2019-07-15 06:30,74,39,35,0,0,0
2019-07-15 06:45,72,49,23,0,0,0
2019-07-15 07:00,97,61,36,0,0,0
2019-07-15 07:15,103,60,43,0,0,0
2019-07-15 07:30,131,89,42,0,0,0
2019-07-15 07:45,174,128,46,0,0,0
2019-07-15 08:00,129,94,35,0,0,0
2019-07-15 08:15,144,111,33,0,0,0
2019-07-15 08:30,140,96,44,0,0,0
2019-07-15 08:45,137,99,38,0,0,0
2019-07-15 09:00,125,87,38,0,0,0
2019-07-15 09:15,101,83,18,0,0,0
2019-07-15 09:30,95,70,25,0,0,0
2019-07-15 09:45,139,100,39,0,0,0
2019-07-15 10:00,94,70,24,0,0,0
2019-07-15 10:15,123,92,31,0,0,0
2019-07-15 10:30,88,57,31,0,0,0
2019-07-15 10:45,118,71,47,0,0,0
2019-07-15 11:00,142,89,53,0,0,0
2019-07-15 11:15,108,68,40,0,0,0
2019-07-15 11:30,118,75,43,0,0,0
2019-07-15 11:45,105,64,41,0,0,0
2019-07-15 12:00,99,46,53,0,0,0
2019-07-15 12:15,116,63,53,0,0,0
2019-07-15 12:30,99,61,38,0,0,0
2019-07-15 12:45,160,78,82,0,0,0
2019-07-15 13:00,103,59,44,0,0,0
2019-07-15 13:15,106,69,37,0,0,0
2019-07-15 13:30,148,69,79,0,0,0
2019-07-15 13:45,121,69,52,0,0,0
2019-07-15 14:00,122,60,62,0,0,0
2019-07-15 14:15,155,82,73,0,0,0
2019-07-15 14:30,155,85,70,0,0,0
2019-07-15 14:45,133,81,52,0,0,0
2019-07-15 15:00,119,66,53,0,0,0
2019-07-15 15:15,144,77,67,0,0,0
2019-07-15 15:30,167,69,98,0,0,0
2019-07-15 15:45,186,89,97,0,0,0
2019-07-15 16:00,196,106,90,0,0,0
2019-07-15 16:15,169,79,90,0,0,0
2019-07-15 16:30,184,96,88,0,0,0
2019-07-15 16:45,195,91,104,0,0,0
2019-07-15 17:00,164,83,81,0,0,0
2019-07-15 17:15,200,80,120,0,0,0
2019-07-15 17:30,200,94,106,0,0,0
2019-07-15 17:45,196,64,132,0,0,0
2019-07-15 18:00,189,80,109,0,0,0
2019-07-15 18:15,143,54,89,0,0,0
2019-07-15 18:30,157,59,98,0,0,0
2019-07-15 18:45,163,83,80,0,0,0
2019-07-15 19:00,144,61,83,0,0,0
2019-07-15 19:15,112,46,66,0,0,0
2019-07-15 19:30,93,43,50,0,0,0
2019-07-15 19:45,115,62,53,0,0,0
2019-07-15 20:00,101,32,69,0,0,0
2019-07-15 20:15,63,27,36,0,0,0
2019-07-15 20:30,56,20,36,0,0,0
2019-07-15 20:45,38,13,25,0,0,0
2019-07-15 21:00,78,48,30,0,0,0
2019-07-15 21:15,51,30,21,0,0,0
2019-07-15 21:30,56,26,30,0,0,0
2019-07-15 21:45,49,22,27,0,0,0
2019-07-15 22:00,49,17,32,0,0,0
2019-07-15 22:15,42,19,23,0,0,0
2019-07-15 22:30,37,18,19,0,0,0
2019-07-15 22:45,35,18,17,0,0,0
2019-07-15 23:00,35,16,19,0,0,0
2019-07-15 23:15,20,13,7,0,0,0
2019-07-15 23:30,19,8,11,0,0,0
2019-07-15 23:45,21,10,11,0,0,0
2019-07-16 00:00,15,10,5,0,0,0
2019-07-16 00:15,9,4,5,0,0,0
2019-07-16 00:30,10,4,6,0,0,0
2019-07-16 00:45,8,2,6,0,0,0
2019-07-16 01:00,10,2,8,0,0,0
2019-07-16 01:15,8,6,2,0,0,0
2019-07-16 01:30,14,6,8,0,0,0
2019-07-16 01:45,9,7,2,0,0,0
2019-07-16 02:00,2,0,2,0,0,0
2019-07-16 02:15,2,0,2,0,0,0
2019-07-16 02:30,6,3,3,0,0,0
2019-07-16 02:45,4,0,4,0,0,0
2019-07-16 03:00,4,0,4,0,0,0
2019-07-16 03:15,2,0,2,0,0,0
2019-07-16 03:30,2,1,1,0,0,0
2019-07-16 03:45,2,1,1,0,0,0
2019-07-16 04:00,0,0,0,0,0,0
2019-07-16 04:15,1,0,1,0,0,0
2019-07-16 04:30,0,0,0,0,0,0
2019-07-16 04:45,0,0,0,0,0,0
2019-07-16 05:00,0,0,0,0,0,0
2019-07-16 05:15,4,2,2,0,0,0
2019-07-16 05:30,15,7,8,0,0,0
2019-07-16 05:45,18,7,11,0,0,0
2019-07-16 06:00,21,12,9,0,0,0
2019-07-16 06:15,16,9,7,0,0,0
2019-07-16 06:30,59,36,23,0,0,0
2019-07-16 06:45,86,52,34,0,0,0
2019-07-16 07:00,90,64,26,0,0,0
2019-07-16 07:15,109,57,52,0,0,0
2019-07-16 07:30,113,79,34,0,0,0
2019-07-16 07:45,195,137,58,0,0,0
2019-07-16 08:00,133,102,31,0,0,0
2019-07-16 08:15,130,105,25,0,0,0
2019-07-16 08:30,145,109,36,0,0,0
2019-07-16 08:45,173,136,37,0,0,0
2019-07-16 09:00,112,83,29,0,0,0
2019-07-16 09:15,83,59,24,0,0,0
2019-07-16 09:30,99,67,32,0,0,0
2019-07-16 09:45,122,89,33,0,0,0
2019-07-16 10:00,105,79,26,0,0,0
2019-07-16 10:15,98,71,27,0,0,0
2019-07-16 10:30,107,75,32,0,0,0
2019-07-16 10:45,117,85,32,0,0,0
2019-07-16 11:00,110,71,39,0,0,0
2019-07-16 11:15,110,79,31,0,0,0
2019-07-16 11:30,91,62,29,0,0,0
2019-07-16 11:45,128,76,52,0,0,0
2019-07-16 12:00,109,63,46,0,0,0
2019-07-16 12:15,148,74,74,0,0,0
2019-07-16 12:30,147,83,64,0,0,0
2019-07-16 12:45,161,71,90,0,0,0
2019-07-16 13:00,126,70,56,0,0,0
2019-07-16 13:15,157,93,64,0,0,0
2019-07-16 13:30,122,60,62,0,0,0
2019-07-16 13:45,137,70,67,0,0,0
2019-07-16 14:00,111,56,55,0,0,0
2019-07-16 14:15,135,69,66,0,0,0
2019-07-16 14:30,159,80,79,0,0,0
2019-07-16 14:45,142,70,72,0,0,0
2019-07-16 15:00,139,73,66,0,0,0
2019-07-16 15:15,133,57,76,0,0,0
2019-07-16 15:30,155,85,70,0,0,0
2019-07-16 15:45,162,85,77,0,0,0
2019-07-16 16:00,191,87,104,0,0,0
2019-07-16 16:15,194,91,103,0,0,0
2019-07-16 16:30,165,81,84,0,0,0
2019-07-16 16:45,179,85,94,0,0,0
2019-07-16 17:00,189,86,103,0,0,0
2019-07-16 17:15,167,63,104,0,0,0
2019-07-16 17:30,201,100,101,0,0,0
2019-07-16 17:45,221,102,119,0,0,0
2019-07-16 18:00,201,84,117,0,0,0
2019-07-16 18:15,183,82,101,0,0,0
2019-07-16 18:30,160,58,102,0,0,0
2019-07-16 18:45,178,88,90,0,0,0
2019-07-16 19:00,119,47,72,0,0,0
2019-07-16 19:15,101,45,56,0,0,0
2019-07-16 19:30,101,53,48,0,0,0
2019-07-16 19:45,105,42,63,0,0,0
2019-07-16 20:00,104,34,70,0,0,0
2019-07-16 20:15,97,45,52,0,0,0
2019-07-16 20:30,69,36,33,0,0,0
2019-07-16 20:45,51,24,27,0,0,0
2019-07-16 21:00,82,49,33,0,0,0
2019-07-16 21:15,80,41,39,0,0,0
2019-07-16 21:30,43,14,29,0,0,0
2019-07-16 21:45,54,39,15,0,0,0
2019-07-16 22:00,57,21,36,0,0,0
2019-07-16 22:15,43,10,33,0,0,0
2019-07-16 22:30,55,26,29,0,0,0
2019-07-16 22:45,35,20,15,0,0,0
2019-07-16 23:00,37,22,15,0,0,0
2019-07-16 23:15,32,20,12,0,0,0
2019-07-16 23:30,23,11,12,0,0,0
2019-07-16 23:45,14,8,6,0,0,0
2019-07-17 00:00,25,8,17,0,0,0
2019-07-17 00:15,12,7,5,0,0,0
2019-07-17 00:30,7,1,6,0,0,0
2019-07-17 00:45,14,4,10,0,0,0
2019-07-17 01:00,8,1,7,0,0,0
2019-07-17 01:15,13,1,12,0,0,0
2019-07-17 01:30,5,2,3,0,0,0
2019-07-17 01:45,8,1,7,0,0,0
2019-07-17 02:00,2,0,2,0,0,0
2019-07-17 02:15,3,0,3,0,0,0
2019-07-17 02:30,4,2,2,0,0,0
2019-07-17 02:45,1,0,1,0,0,0
2019-07-17 03:00,1,0,1,0,0,0
2019-07-17 03:15,2,0,2,0,0,0
2019-07-17 03:30,5,2,3,0,0,0
2019-07-17 03:45,2,1,1,0,0,0
2019-07-17 04:00,1,0,1,0,0,0
2019-07-17 04:15,1,0,1,0,0,0
2019-07-17 04:30,0,0,0,0,0,0
2019-07-17 04:45,1,1,0,0,0,0
2019-07-17 05:00,2,2,0,0,0,0
2019-07-17 05:15,2,1,1,0,0,0
2019-07-17 05:30,9,6,3,0,0,0
2019-07-17 05:45,20,8,12,0,0,0
2019-07-17 06:00,23,13,10,0,0,0
2019-07-17 06:15,29,15,14,0,0,0
2019-07-17 06:30,61,38,23,0,0,0
2019-07-17 06:45,83,49,34,0,0,0
2019-07-17 07:00,94,58,36,0,0,0
2019-07-17 07:15,101,59,42,0,0,0
2019-07-17 07:30,116,82,34,0,0,0
2019-07-17 07:45,168,112,56,0,0,0
2019-07-17 08:00,140,112,28,0,0,0
2019-07-17 08:15,172,125,47,0,0,0
2019-07-17 08:30,136,103,33,0,0,0
2019-07-17 08:45,162,131,31,0,0,0
2019-07-17 09:00,134,108,26,0,0,0
2019-07-17 09:15,91,61,30,0,0,0
2019-07-17 09:30,140,101,39,0,0,0
2019-07-17 09:45,130,98,32,0,0,0
2019-07-17 10:00,120,87,33,0,0,0
2019-07-17 10:15,149,111,38,0,0,0
2019-07-17 10:30,137,99,38,0,0,0
2019-07-17 10:45,144,97,47,0,0,0
2019-07-17 11:00,154,94,60,0,0,0
2019-07-17 11:15,165,110,55,0,0,0
2019-07-17 11:30,150,87,63,0,0,0
2019-07-17 11:45,158,92,66,0,0,0
2019-07-17 12:00,143,86,57,0,0,0
2019-07-17 12:15,133,69,64,0,0,0
2019-07-17 12:30,153,84,69,0,0,0
2019-07-17 12:45,185,100,85,0,0,0
2019-07-17 13:00,171,97,74,0,0,0
2019-07-17 13:15,166,74,92,0,0,0
2019-07-17 13:30,143,81,62,0,0,0
2019-07-17 13:45,171,82,89,0,0,0
2019-07-17 14:00,119,60,59,0,0,0
2019-07-17 14:15,163,58,105,0,0,0
2019-07-17 14:30,168,76,92,0,0,0
2019-07-17 14:45,146,68,78,0,0,0
2019-07-17 15:00,138,70,68,0,0,0
2019-07-17 15:15,167,96,71,0,0,0
2019-07-17 15:30,168,98,70,0,0,0
2019-07-17 15:45,184,94,90,0,0,0
2019-07-17 16:00,180,85,95,0,0,0
2019-07-17 16:15,177,89,88,0,0,0
2019-07-17 16:30,186,92,94,0,0,0
2019-07-17 16:45,177,85,92,0,0,0
2019-07-17 17:00,199,92,107,0,0,0
2019-07-17 17:15,171,90,81,0,0,0
2019-07-17 17:30,170,71,99,0,0,0
2019-07-17 17:45,205,107,98,0,0,0
2019-07-17 18:00,191,83,108,0,0,0
2019-07-17 18:15,162,77,85,0,0,0
2019-07-17 18:30,128,57,71,0,0,0
2019-07-17 18:45,145,66,79,0,0,0
2019-07-17 19:00,122,29,93,0,0,0
2019-07-17 19:15,141,67,74,0,0,0
2019-07-17 19:30,133,67,66,0,0,0
2019-07-17 19:45,98,47,51,0,0,0
2019-07-17 20:00,113,53,60,0,0,0
2019-07-17 20:15,82,33,49,0,0,0
2019-07-17 20:30,70,27,43,0,0,0
2019-07-17 20:45,59,26,33,0,0,0
2019-07-17 21:00,53,22,31,0,0,0
2019-07-17 21:15,78,43,35,0,0,0
2019-07-17 21:30,68,30,38,0,0,0
2019-07-17 21:45,46,21,25,0,0,0
2019-07-17 22:00,62,27,35,0,0,0
2019-07-17 22:15,66,40,26,0,0,0
2019-07-17 22:30,68,45,23,0,0,0
2019-07-17 22:45,49,26,23,0,0,0
2019-07-17 23:00,52,25,27,0,0,0
2019-07-17 23:15,37,15,22,0,0,0
2019-07-17 23:30,25,15,10,0,0,0
2019-07-17 23:45,42,26,16,0,0,0
2019-07-18 00:00,26,12,14,0,0,0
2019-07-18 00:15,19,10,9,0,0,0
2019-07-18 00:30,29,18,11,0,0,0
2019-07-18 00:45,24,20,4,0,0,0
2019-07-18 01:00,17,11,6,0,0,0
2019-07-18 01:15,22,8,14,0,0,0
2019-07-18 01:30,7,0,7,0,0,0
2019-07-18 01:45,9,6,3,0,0,0
2019-07-18 02:00,7,1,6,0,0,0
2019-07-18 02:15,6,0,6,0,0,0
2019-07-18 02:30,7,2,5,0,0,0
2019-07-18 02:45,5,0,5,0,0,0
2019-07-18 03:00,2,0,2,0,0,0
2019-07-18 03:15,5,2,3,0,0,0
2019-07-18 03:30,14,0,14,0,0,0
2019-07-18 03:45,3,2,1,0,0,0
2019-07-18 04:00,2,0,2,0,0,0
2019-07-18 04:15,6,6,0,0,0,0
2019-07-18 04:30,1,1,0,0,0,0
2019-07-18 04:45,4,0,4,0,0,0
2019-07-18 05:00,0,0,0,0,0,0
2019-07-18 05:15,8,3,5,0,0,0
2019-07-18 05:30,13,6,7,0,0,0
2019-07-18 05:45,21,8,13,0,0,0
2019-07-18 06:00,19,13,6,0,0,0
2019-07-18 06:15,28,18,10,0,0,0
2019-07-18 06:30,54,32,22,0,0,0
2019-07-18 06:45,94,59,35,0,0,0
2019-07-18 07:00,103,70,33,0,0,0
2019-07-18 07:15,112,63,49,0,0,0
2019-07-18 07:30,126,94,32,0,0,0
2019-07-18 07:45,160,108,52,0,0,0
2019-07-18 08:00,136,98,38,0,0,0
2019-07-18 08:15,136,94,42,0,0,0
2019-07-18 08:30,141,104,37,0,0,0
2019-07-18 08:45,175,142,33,0,0,0
2019-07-18 09:00,113,92,21,0,0,0
2019-07-18 09:15,112,82,30,0,0,0
2019-07-18 09:30,122,87,35,0,0,0
2019-07-18 09:45,127,92,35,0,0,0
2019-07-18 10:00,83,56,27,0,0,0
2019-07-18 10:15,88,59,29,0,0,0
2019-07-18 10:30,98,64,34,0,0,0
2019-07-18 10:45,133,81,52,0,0,0
2019-07-18 11:00,121,72,49,0,0,0
2019-07-18 11:15,103,61,42,0,0,0
2019-07-18 11:30,132,88,44,0,0,0
2019-07-18 11:45,117,59,58,0,0,0
2019-07-18 12:00,122,60,62,0,0,0
2019-07-18 12:15,115,71,44,0,0,0
2019-07-18 12:30,128,69,59,0,0,0
2019-07-18 12:45,144,90,54,0,0,0
2019-07-18 13:00,149,78,71,0,0,0
2019-07-18 13:15,155,90,65,0,0,0
2019-07-18 13:30,125,68,57,0,0,0
2019-07-18 13:45,166,89,77,0,0,0
2019-07-18 14:00,116,62,54,0,0,0
2019-07-18 14:15,132,80,52,0,0,0
2019-07-18 14:30,157,81,76,0,0,0
2019-07-18 14:45,150,84,66,0,0,0
2019-07-18 15:00,136,76,60,0,0,0
2019-07-18 15:15,151,75,76,0,0,0
2019-07-18 15:30,187,105,82,0,0,0
2019-07-18 15:45,190,93,97,0,0,0
2019-07-18 16:00,170,90,80,0,0,0
2019-07-18 16:15,203,91,112,0,0,0
2019-07-18 16:30,218,109,109,0,0,0
2019-07-18 16:45,188,95,93,0,0,0
2019-07-18 17:00,190,106,84,0,0,0
2019-07-18 17:15,168,78,90,0,0,0
2019-07-18 17:30,162,86,76,0,0,0
2019-07-18 17:45,193,110,83,0,0,0
2019-07-18 18:00,203,87,116,0,0,0
2019-07-18 18:15,162,78,84,0,0,0
2019-07-18 18:30,126,54,72,0,0,0
2019-07-18 18:45,151,68,83,0,0,0
2019-07-18 19:00,145,67,78,0,0,0
2019-07-18 19:15,136,58,78,0,0,0
2019-07-18 19:30,120,52,68,0,0,0
2019-07-18 19:45,130,66,64,0,0,0
2019-07-18 20:00,95,47,48,0,0,0
2019-07-18 20:15,74,31,43,0,0,0
2019-07-18 20:30,73,30,43,0,0,0
2019-07-18 20:45,62,21,41,0,0,0
2019-07-18 21:00,65,38,27,0,0,0
2019-07-18 21:15,62,30,32,0,0,0
2019-07-18 21:30,48,18,30,0,0,0
2019-07-18 21:45,57,25,32,0,0,0
2019-07-18 22:00,58,22,36,0,0,0
2019-07-18 22:15,43,16,27,0,0,0
2019-07-18 22:30,36,18,18,0,0,0
2019-07-18 22:45,38,19,19,0,0,0
2019-07-18 23:00,45,15,30,0,0,0
2019-07-18 23:15,23,10,13,0,0,0
2019-07-18 23:30,45,20,25,0,0,0
2019-07-18 23:45,32,18,14,0,0,0
2019-07-19 00:00,26,12,14,0,0,0
2019-07-19 00:15,12,7,5,0,0,0
2019-07-19 00:30,7,2,5,0,0,0
2019-07-19 00:45,13,7,6,0,0,0
2019-07-19 01:00,7,3,4,0,0,0
2019-07-19 01:15,8,4,4,0,0,0
2019-07-19 01:30,6,1,5,0,0,0
2019-07-19 01:45,9,5,4,0,0,0
2019-07-19 02:00,7,3,4,0,0,0
2019-07-19 02:15,1,1,0,0,0,0
2019-07-19 02:30,3,3,0,0,0,0
2019-07-19 02:45,2,0,2,0,0,0
2019-07-19 03:00,2,0,2,0,0,0
2019-07-19 03:15,2,0,2,0,0,0
2019-07-19 03:30,1,0,1,0,0,0
2019-07-19 03:45,2,2,0,0,0,0
2019-07-19 04:00,1,0,1,0,0,0
2019-07-19 04:15,0,0,0,0,0,0
2019-07-19 04:30,0,0,0,0,0,0
2019-07-19 04:45,1,0,1,0,0,0
2019-07-19 05:00,0,0,0,0,0,0
2019-07-19 05:15,3,3,0,0,0,0
2019-07-19 05:30,13,6,7,0,0,0
2019-07-19 05:45,16,7,9,0,0,0
2019-07-19 06:00,16,8,8,0,0,0
2019-07-19 06:15,26,16,10,0,0,0
2019-07-19 06:30,62,33,29,0,0,0
2019-07-19 06:45,67,38,29,0,0,0
2019-07-19 07:00,74,48,26,0,0,0
2019-07-19 07:15,105,62,43,0,0,0
2019-07-19 07:30,110,79,31,0,0,0
2019-07-19 07:45,154,107,47,0,0,0
2019-07-19 08:00,110,83,27,0,0,0
2019-07-19 08:15,122,86,36,0,0,0
2019-07-19 08:30,118,90,28,0,0,0
2019-07-19 08:45,137,97,40,0,0,0
2019-07-19 09:00,119,92,27,0,0,0
2019-07-19 09:15,80,57,23,0,0,0
2019-07-19 09:30,113,81,32,0,0,0
2019-07-19 09:45,124,87,37,0,0,0
2019-07-19 10:00,102,70,32,0,0,0
2019-07-19 10:15,109,78,31,0,0,0
2019-07-19 10:30,109,75,34,0,0,0
2019-07-19 10:45,134,87,47,0,0,0
2019-07-19 11:00,125,72,53,0,0,0
2019-07-19 11:15,128,74,54,0,0,0
2019-07-19 11:30,139,92,47,0,0,0
2019-07-19 11:45,130,84,46,0,0,0
2019-07-19 12:00,130,66,64,0,0,0
2019-07-19 12:15,122,69,53,0,0,0
2019-07-19 12:30,145,80,65,0,0,0
2019-07-19 12:45,163,83,80,0,0,0
2019-07-19 13:00,145,77,68,0,0,0
2019-07-19 13:15,143,70,73,0,0,0
2019-07-19 13:30,135,75,60,0,0,0
2019-07-19 13:45,168,102,66,0,0,0
2019-07-19 14:00,142,75,67,0,0,0
2019-07-19 14:15,148,78,70,0,0,0
2019-07-19 14:30,134,58,76,0,0,0
2019-07-19 14:45,151,93,58,0,0,0
2019-07-19 15:00,131,70,61,0,0,0
2019-07-19 15:15,141,63,78,0,0,0
2019-07-19 15:30,148,83,65,0,0,0
2019-07-19 15:45,160,78,82,0,0,0
2019-07-19 16:00,167,81,86,0,0,0
2019-07-19 16:15,159,82,77,0,0,0
2019-07-19 16:30,147,64,83,0,0,0
2019-07-19 16:45,119,60,59,0,0,0
2019-07-19 17:00,136,63,73,0,0,0
2019-07-19 17:15,162,64,98,0,0,0
2019-07-19 17:30,145,76,69,0,0,0
2019-07-19 17:45,141,73,68,0,0,0
2019-07-19 18:00,130,58,72,0,0,0
2019-07-19 18:15,114,51,63,0,0,0
2019-07-19 18:30,134,71,63,0,0,0
2019-07-19 18:45,152,79,73,0,0,0
2019-07-19 19:00,121,44,77,0,0,0
2019-07-19 19:15,120,65,55,0,0,0
2019-07-19 19:30,90,41,49,0,0,0
2019-07-19 19:45,108,53,55,0,0,0
2019-07-19 20:00,97,51,46,0,0,0
2019-07-19 20:15,101,53,48,0,0,0
2019-07-19 20:30,78,45,33,0,0,0
2019-07-19 20:45,76,43,33,0,0,0
2019-07-19 21:00,51,32,19,0,0,0
2019-07-19 21:15,44,29,15,0,0,0
2019-07-19 21:30,46,20,26,0,0,0
2019-07-19 21:45,71,35,36,0,0,0
2019-07-19 22:00,48,23,25,0,0,0
2019-07-19 22:15,50,29,21,0,0,0
2019-07-19 22:30,38,20,18,0,0,0
2019-07-19 22:45,35,16,19,0,0,0
2019-07-19 23:00,54,26,28,0,0,0
2019-07-19 23:15,33,18,15,0,0,0
2019-07-19 23:30,38,15,23,0,0,0
2019-07-19 23:45,43,15,28,0,0,0
2019-07-20 00:00,38,20,18,0,0,0
2019-07-20 00:15,31,17,14,0,0,0
2019-07-20 00:30,31,14,17,0,0,0
2019-07-20 00:45,22,8,14,0,0,0
2019-07-20 01:00,24,7,17,0,0,0
2019-07-20 01:15,23,12,11,0,0,0
2019-07-20 01:30,11,6,5,0,0,0
2019-07-20 01:45,6,2,4,0,0,0
2019-07-20 02:00,24,9,15,0,0,0
2019-07-20 02:15,9,6,3,0,0,0
2019-07-20 02:30,12,3,9,0,0,0
2019-07-20 02:45,14,2,12,0,0,0
2019-07-20 03:00,12,1,11,0,0,0
2019-07-20 03:15,6,2,4,0,0,0
2019-07-20 03:30,3,1,2,0,0,0
2019-07-20 03:45,7,0,7,0,0,0
2019-07-20 04:00,7,0,7,0,0,0
2019-07-20 04:15,7,2,5,0,0,0
2019-07-20 04:30,5,1,4,0,0,0
2019-07-20 04:45,9,4,5,0,0,0
2019-07-20 05:00,3,2,1,0,0,0
2019-07-20 05:15,9,2,7,0,0,0
2019-07-20 05:30,12,3,9,0,0,0
2019-07-20 05:45,8,3,5,0,0,0
2019-07-20 06:00,7,6,1,0,0,0
2019-07-20 06:15,11,8,3,0,0,0
2019-07-20 06:30,6,4,2,0,0,0
2019-07-20 06:45,14,8,6,0,0,0
2019-07-20 07:00,17,11,6,0,0,0
2019-07-20 07:15,16,10,6,0,0,0
2019-07-20 07:30,32,23,9,0,0,0
2019-07-20 07:45,33,27,6,0,0,0
2019-07-20 08:00,44,32,12,0,0,0
2019-07-20 08:15,51,34,17,0,0,0
2019-07-20 08:30,54,33,21,0,0,0
2019-07-20 08:45,77,58,19,0,0,0
2019-07-20 09:00,48,38,10,0,0,0
2019-07-20 09:15,75,52,23,0,0,0
2019-07-20 09:30,102,82,20,0,0,0
2019-07-20 09:45,120,96,24,0,0,0
2019-07-20 10:00,128,105,23,0,0,0
2019-07-20 10:15,121,82,39,0,0,0
2019-07-20 10:30,141,106,35,0,0,0
2019-07-20 10:45,179,135,44,0,0,0
2019-07-20 11:00,178,107,71,0,0,0
2019-07-20 11:15,154,101,53,0,0,0
2019-07-20 11:30,151,98,53,0,0,0
2019-07-20 11:45,146,98,48,0,0,0
2019-07-20 12:00,162,102,60,0,0,0
2019-07-20 12:15,159,90,69,0,0,0
2019-07-20 12:30,138,61,77,0,0,0
2019-07-20 12:45,186,103,83,0,0,0
2019-07-20 13:00,162,86,76,0,0,0
2019-07-20 13:15,134,61,73,0,0,0
2019-07-20 13:30,132,68,64,0,0,0
2019-07-20 13:45,115,38,77,0,0,0
2019-07-20 14:00,22,12,10,0,0,0
2019-07-20 14:15,101,35,66,0,0,0
2019-07-20 14:30,125,49,76,0,0,0
2019-07-20 14:45,100,37,63,0,0,0
2019-07-20 15:00,72,29,43,0,0,0
2019-07-20 15:15,98,47,51,0,0,0
2019-07-20 15:30,67,32,35,0,0,0
2019-07-20 15:45,95,50,45,0,0,0
2019-07-20 16:00,103,46,57,0,0,0
2019-07-20 16:15,107,46,61,0,0,0
2019-07-20 16:30,87,28,59,0,0,0
2019-07-20 16:45,83,34,49,0,0,0
2019-07-20 17:00,85,43,42,0,0,0
2019-07-20 17:15,49,22,27,0,0,0
2019-07-20 17:30,76,25,51,0,0,0
2019-07-20 17:45,58,28,30,0,0,0
2019-07-20 18:00,16,4,12,0,0,0
2019-07-20 18:15,66,31,35,0,0,0
2019-07-20 18:30,60,37,23,0,0,0
2019-07-20 18:45,61,35,26,0,0,0
2019-07-20 19:00,68,39,29,0,0,0
2019-07-20 19:15,62,37,25,0,0,0
2019-07-20 19:30,52,20,32,0,0,0
2019-07-20 19:45,52,21,31,0,0,0
2019-07-20 20:00,66,24,42,0,0,0
2019-07-20 20:15,69,37,32,0,0,0
2019-07-20 20:30,40,33,7,0,0,0
2019-07-20 20:45,64,37,27,0,0,0
2019-07-20 21:00,41,22,19,0,0,0
2019-07-20 21:15,31,14,17,0,0,0
2019-07-20 21:30,28,14,14,0,0,0
2019-07-20 21:45,32,9,23,0,0,0
2019-07-20 22:00,41,17,24,0,0,0
2019-07-20 22:15,22,9,13,0,0,0
2019-07-20 22:30,32,10,22,0,0,0
2019-07-20 22:45,20,9,11,0,0,0
2019-07-20 23:00,24,5,19,0,0,0
2019-07-20 23:15,37,15,22,0,0,0
2019-07-20 23:30,25,7,18,0,0,0
2019-07-20 23:45,27,10,17,0,0,0
2019-07-21 00:00,24,10,14,0,0,0
2019-07-21 00:15,16,5,11,0,0,0
2019-07-21 00:30,15,12,3,0,0,0
2019-07-21 00:45,30,11,19,0,0,0
2019-07-21 01:00,13,8,5,0,0,0
2019-07-21 01:15,23,14,9,0,0,0
2019-07-21 01:30,11,4,7,0,0,0
2019-07-21 01:45,14,2,12,0,0,0
2019-07-21 02:00,9,3,6,0,0,0
2019-07-21 02:15,11,6,5,0,0,0
2019-07-21 02:30,9,4,5,0,0,0
2019-07-21 02:45,8,1,7,0,0,0
2019-07-21 03:00,5,1,4,0,0,0
2019-07-21 03:15,4,0,4,0,0,0
2019-07-21 03:30,12,4,8,0,0,0
2019-07-21 03:45,7,4,3,0,0,0
2019-07-21 04:00,12,8,4,0,0,0
2019-07-21 04:15,4,1,3,0,0,0
2019-07-21 04:30,3,1,2,0,0,0
2019-07-21 04:45,1,1,0,0,0,0
2019-07-21 05:00,3,3,0,0,0,0
2019-07-21 05:15,3,0,3,0,0,0
2019-07-21 05:30,6,2,4,0,0,0
2019-07-21 05:45,7,0,7,0,0,0
2019-07-21 06:00,7,3,4,0,0,0
2019-07-21 06:15,10,5,5,0,0,0
2019-07-21 06:30,3,1,2,0,0,0
2019-07-21 06:45,5,4,1,0,0,0
2019-07-21 07:00,4,2,2,0,0,0
2019-07-21 07:15,6,4,2,0,0,0
2019-07-21 07:30,4,2,2,0,0,0
2019-07-21 07:45,12,8,4,0,0,0
2019-07-21 08:00,14,11,3,0,0,0
2019-07-21 08:15,14,10,4,0,0,0
2019-07-21 08:30,14,11,3,0,0,0
2019-07-21 08:45,17,10,7,0,0,0
2019-07-21 09:00,28,16,12,0,0,0
2019-07-21 09:15,37,31,6,0,0,0
2019-07-21 09:30,30,17,13,0,0,0
2019-07-21 09:45,64,56,8,0,0,0
2019-07-21 10:00,43,36,7,0,0,0
2019-07-21 10:15,51,28,23,0,0,0
2019-07-21 10:30,50,30,20,0,0,0
2019-07-21 10:45,56,40,16,0,0,0
2019-07-21 11:00,47,29,18,0,0,0
2019-07-21 11:15,50,32,18,0,0,0
2019-07-21 11:30,71,45,26,0,0,0
2019-07-21 11:45,65,47,18,0,0,0
2019-07-21 12:00,64,36,28,0,0,0
2019-07-21 12:15,77,52,25,0,0,0
2019-07-21 12:30,93,54,39,0,0,0
2019-07-21 12:45,86,45,41,0,0,0
2019-07-21 13:00,70,35,35,0,0,0
2019-07-21 13:15,88,38,50,0,0,0
2019-07-21 13:30,92,49,43,0,0,0
2019-07-21 13:45,85,50,35,0,0,0
2019-07-21 14:00,95,57,38,0,0,0
2019-07-21 14:15,97,61,36,0,0,0
2019-07-21 14:30,87,51,36,0,0,0
2019-07-21 14:45,113,69,44,0,0,0
2019-07-21 15:00,101,54,47,0,0,0
2019-07-21 15:15,131,91,40,0,0,0
2019-07-21 15:30,96,66,30,0,0,0
2019-07-21 15:45,97,76,21,0,0,0
2019-07-21 16:00,125,74,51,0,0,0
2019-07-21 16:15,84,55,29,0,0,0
2019-07-21 16:30,76,44,32,0,0,0
2019-07-21 16:45,101,64,37,0,0,0
2019-07-21 17:00,100,65,35,0,0,0
2019-07-21 17:15,81,35,46,0,0,0
2019-07-21 17:30,94,60,34,0,0,0
2019-07-21 17:45,116,59,57,0,0,0
2019-07-21 18:00,84,47,37,0,0,0
2019-07-21 18:15,87,34,53,0,0,0
2019-07-21 18:30,91,38,53,0,0,0
2019-07-21 18:45,104,56,48,0,0,0
2019-07-21 19:00,72,39,33,0,0,0
2019-07-21 19:15,86,52,34,0,0,0
2019-07-21 19:30,70,39,31,0,0,0
2019-07-21 19:45,59,26,33,0,0,0
2019-07-21 20:00,61,40,21,0,0,0
2019-07-21 20:15,67,25,42,0,0,0
2019-07-21 20:30,68,34,34,0,0,0
2019-07-21 20:45,35,16,19,0,0,0
2019-07-21 21:00,48,33,15,0,0,0
2019-07-21 21:15,62,30,32,0,0,0
2019-07-21 21:30,52,31,21,0,0,0
2019-07-21 21:45,47,31,16,0,0,0
2019-07-21 22:00,30,16,14,0,0,0
2019-07-21 22:15,28,11,17,0,0,0
2019-07-21 22:30,14,9,5,0,0,0
2019-07-21 22:45,23,11,12,0,0,0
2019-07-21 23:00,21,5,16,0,0,0
2019-07-21 23:15,14,2,12,0,0,0
2019-07-21 23:30,10,1,9,0,0,0
2019-07-21 23:45,17,6,11,0,0,0
2019-07-22 00:00,9,2,7,0,0,0
2019-07-22 00:15,8,1,7,0,0,0
2019-07-22 00:30,13,4,9,0,0,0
2019-07-22 00:45,4,0,4,0,0,0
2019-07-22 01:00,3,2,1,0,0,0
2019-07-22 01:15,6,1,5,0,0,0
2019-07-22 01:30,2,1,1,0,0,0
2019-07-22 01:45,2,2,0,0,0,0
2019-07-22 02:00,1,1,0,0,0,0
2019-07-22 02:15,0,0,0,0,0,0
2019-07-22 02:30,1,0,1,0,0,0
2019-07-22 02:45,2,0,2,0,0,0
2019-07-22 03:00,0,0,0,0,0,0
2019-07-22 03:15,1,1,0,0,0,0
2019-07-22 03:30,2,1,1,0,0,0
2019-07-22 03:45,1,0,1,0,0,0
2019-07-22 04:00,1,0,1,0,0,0
2019-07-22 04:15,1,0,1,0,0,0
2019-07-22 04:30,1,1,0,0,0,0
2019-07-22 04:45,0,0,0,0,0,0
2019-07-22 05:00,1,0,1,0,0,0
2019-07-22 05:15,2,1,1,0,0,0
2019-07-22 05:30,12,4,8,0,0,0
2019-07-22 05:45,18,8,10,0,0,0
2019-07-22 06:00,18,15,3,0,0,0
2019-07-22 06:15,32,18,14,0,0,0
2019-07-22 06:30,50,28,22,0,0,0
2019-07-22 06:45,76,56,20,0,0,0
2019-07-22 07:00,98,59,39,0,0,0
2019-07-22 07:15,91,52,39,0,0,0
2019-07-22 07:30,102,67,35,0,0,0
2019-07-22 07:45,136,91,45,0,0,0
2019-07-22 08:00,132,98,34,0,0,0
2019-07-22 08:15,135,95,40,0,0,0
2019-07-22 08:30,124,92,32,0,0,0
2019-07-22 08:45,148,117,31,0,0,0
2019-07-22 09:00,90,55,35,0,0,0
2019-07-22 09:15,113,77,36,0,0,0
2019-07-22 09:30,123,83,40,0,0,0
2019-07-22 09:45,126,95,31,0,0,0
2019-07-22 10:00,99,67,32,0,0,0
2019-07-22 10:15,112,78,34,0,0,0
2019-07-22 10:30,97,71,26,0,0,0
2019-07-22 10:45,108,59,49,0,0,0
2019-07-22 11:00,111,70,41,0,0,0
2019-07-22 11:15,117,73,44,0,0,0
2019-07-22 11:30,107,66,41,0,0,0
2019-07-22 11:45,134,71,63,0,0,0
2019-07-22 12:00,112,65,47,0,0,0
2019-07-22 12:15,109,57,52,0,0,0
2019-07-22 12:30,116,47,69,0,0,0
2019-07-22 12:45,134,70,64,0,0,0
2019-07-22 13:00,132,62,70,0,0,0
2019-07-22 13:15,125,74,51,0,0,0
2019-07-22 13:30,98,43,55,0,0,0
2019-07-22 13:45,108,60,48,0,0,0
2019-07-22 14:00,115,66,49,0,0,0
2019-07-22 14:15,146,64,82,0,0,0
2019-07-22 14:30,116,66,50,0,0,0
2019-07-22 14:45,168,98,70,0,0,0
2019-07-22 15:00,154,87,67,0,0,0
2019-07-22 15:15,161,87,74,0,0,0
2019-07-22 15:30,157,80,77,0,0,0
2019-07-22 15:45,168,92,76,0,0,0
2019-07-22 16:00,173,102,71,0,0,0
2019-07-22 16:15,164,94,70,0,0,0
2019-07-22 16:30,189,92,97,0,0,0
2019-07-22 16:45,198,91,107,0,0,0
2019-07-22 17:00,186,74,112,0,0,0
2019-07-22 17:15,168,89,79,0,0,0
2019-07-22 17:30,187,95,92,0,0,0
2019-07-22 17:45,188,91,97,0,0,0
2019-07-22 18:00,170,75,95,0,0,0
2019-07-22 18:15,133,44,89,0,0,0
2019-07-22 18:30,168,76,92,0,0,0
2019-07-22 18:45,138,53,85,0,0,0
2019-07-22 19:00,114,51,63,0,0,0
2019-07-22 19:15,126,58,68,0,0,0
2019-07-22 19:30,96,45,51,0,0,0
2019-07-22 19:45,126,56,70,0,0,0
2019-07-22 20:00,87,37,50,0,0,0
2019-07-22 20:15,81,33,48,0,0,0
2019-07-22 20:30,54,31,23,0,0,0
2019-07-22 20:45,68,21,47,0,0,0
2019-07-22 21:00,52,28,24,0,0,0
2019-07-22 21:15,66,27,39,0,0,0
2019-07-22 21:30,63,25,38,0,0,0
2019-07-22 21:45,57,26,31,0,0,0
2019-07-22 22:00,45,13,32,0,0,0
2019-07-22 22:15,37,16,21,0,0,0
2019-07-22 22:30,34,14,20,0,0,0
2019-07-22 22:45,23,11,12,0,0,0
2019-07-22 23:00,30,19,11,0,0,0
2019-07-22 23:15,11,4,7,0,0,0
2019-07-22 23:30,21,9,12,0,0,0
2019-07-22 23:45,27,20,7,0,0,0
2019-07-23 00:00,11,6,5,0,0,0
2019-07-23 00:15,11,2,9,0,0,0
2019-07-23 00:30,8,2,6,0,0,0
2019-07-23 00:45,6,2,4,0,0,0
2019-07-23 01:00,4,1,3,0,0,0
2019-07-23 01:15,4,1,3,0,0,0
2019-07-23 01:30,4,1,3,0,0,0
2019-07-23 01:45,5,2,3,0,0,0
2019-07-23 02:00,4,0,4,0,0,0
2019-07-23 02:15,0,0,0,0,0,0
2019-07-23 02:30,2,0,2,0,0,0
2019-07-23 02:45,1,0,1,0,0,0
2019-07-23 03:00,1,0,1,0,0,0
2019-07-23 03:15,1,1,0,0,0,0
2019-07-23 03:30,1,0,1,0,0,0
2019-07-23 03:45,1,1,0,0,0,0
2019-07-23 04:00,4,3,1,0,0,0
2019-07-23 04:15,3,2,1,0,0,0
2019-07-23 04:30,0,0,0,0,0,0
2019-07-23 04:45,2,0,2,0,0,0
2019-07-23 05:00,0,0,0,0,0,0
2019-07-23 05:15,3,1,2,0,0,0
2019-07-23 05:30,20,12,8,0,0,0
2019-07-23 05:45,17,8,9,0,0,0
2019-07-23 06:00,25,14,11,0,0,0
2019-07-23 06:15,40,30,10,0,0,0
2019-07-23 06:30,60,39,21,0,0,0
2019-07-23 06:45,83,51,32,0,0,0
2019-07-23 07:00,97,70,27,0,0,0
2019-07-23 07:15,99,58,41,0,0,0
2019-07-23 07:30,132,89,43,0,0,0
2019-07-23 07:45,169,103,66,0,0,0
2019-07-23 08:00,115,87,28,0,0,0
2019-07-23 08:15,132,96,36,0,0,0
2019-07-23 08:30,144,104,40,0,0,0
2019-07-23 08:45,159,121,38,0,0,0
2019-07-23 09:00,97,68,29,0,0,0
2019-07-23 09:15,112,80,32,0,0,0
2019-07-23 09:30,106,80,26,0,0,0
2019-07-23 09:45,143,114,29,0,0,0
2019-07-23 10:00,90,63,27,0,0,0
2019-07-23 10:15,116,72,44,0,0,0
2019-07-23 10:30,96,65,31,0,0,0
2019-07-23 10:45,101,61,40,0,0,0
2019-07-23 11:00,92,65,27,0,0,0
2019-07-23 11:15,113,60,53,0,0,0
2019-07-23 11:30,111,65,46,0,0,0
2019-07-23 11:45,122,71,51,0,0,0
2019-07-23 12:00,125,74,51,0,0,0
2019-07-23 12:15,122,66,56,0,0,0
2019-07-23 12:30,107,52,55,0,0,0
2019-07-23 12:45,142,79,63,0,0,0
2019-07-23 13:00,135,76,59,0,0,0
2019-07-23 13:15,109,48,61,0,0,0
2019-07-23 13:30,126,54,72,0,0,0
2019-07-23 13:45,130,51,79,0,0,0
2019-07-23 14:00,101,47,54,0,0,0
2019-07-23 14:15,104,49,55,0,0,0
2019-07-23 14:30,128,55,73,0,0,0
2019-07-23 14:45,146,77,69,0,0,0
2019-07-23 15:00,137,67,70,0,0,0
2019-07-23 15:15,150,66,84,0,0,0
2019-07-23 15:30,158,78,80,0,0,0
2019-07-23 15:45,163,82,81,0,0,0
2019-07-23 16:00,185,88,97,0,0,0
2019-07-23 16:15,171,69,102,0,0,0
2019-07-23 16:30,178,76,102,0,0,0
2019-07-23 16:45,165,75,90,0,0,0
2019-07-23 17:00,173,65,108,0,0,0
2019-07-23 17:15,176,81,95,0,0,0
2019-07-23 17:30,183,87,96,0,0,0
2019-07-23 17:45,199,82,117,0,0,0
2019-07-23 18:00,177,68,109,0,0,0
2019-07-23 18:15,162,71,91,0,0,0
2019-07-23 18:30,149,77,72,0,0,0
2019-07-23 18:45,177,83,94,0,0,0
2019-07-23 19:00,148,61,87,0,0,0
2019-07-23 19:15,113,56,57,0,0,0
2019-07-23 19:30,100,61,39,0,0,0
2019-07-23 19:45,105,61,44,0,0,0
2019-07-23 20:00,99,49,50,0,0,0
2019-07-23 20:15,80,37,43,0,0,0
2019-07-23 20:30,77,39,38,0,0,0
2019-07-23 20:45,84,38,46,0,0,0
2019-07-23 21:00,66,35,31,0,0,0
2019-07-23 21:15,85,50,35,0,0,0
2019-07-23 21:30,75,43,32,0,0,0
2019-07-23 21:45,82,38,44,0,0,0
2019-07-23 22:00,59,28,31,0,0,0
2019-07-23 22:15,62,31,31,0,0,0
2019-07-23 22:30,50,21,29,0,0,0
2019-07-23 22:45,54,22,32,0,0,0
2019-07-23 23:00,33,18,15,0,0,0
2019-07-23 23:15,30,17,13,0,0,0
2019-07-23 23:30,23,8,15,0,0,0
2019-07-23 23:45,27,10,17,0,0,0
2019-07-24 00:00,11,5,6,0,0,0
2019-07-24 00:15,12,7,5,0,0,0
2019-07-24 00:30,12,4,8,0,0,0
2019-07-24 00:45,10,7,3,0,0,0
2019-07-24 01:00,10,4,6,0,0,0
2019-07-24 01:15,4,0,4,0,0,0
2019-07-24 01:30,7,3,4,0,0,0
2019-07-24 01:45,4,1,3,0,0,0
2019-07-24 02:00,4,0,4,0,0,0
2019-07-24 02:15,3,1,2,0,0,0
2019-07-24 02:30,3,3,0,0,0,0
2019-07-24 02:45,0,0,0,0,0,0
2019-07-24 03:00,1,,1,0,,0
2019-07-24 03:15,0,,0,0,,0
2019-07-24 03:30,0,,0,0,,0
2019-07-24 03:45,1,,1,0,,0
2019-07-24 04:00,1,,1,0,,0
2019-07-24 04:15,0,,0,0,,0
2019-07-24 04:30,0,,0,0,,0
2019-07-24 04:45,1,,1,0,,0
2019-07-24 05:00,0,,0,0,,0
2019-07-24 05:15,1,,1,0,,0
2019-07-24 05:30,8,,8,0,,0
2019-07-24 05:45,13,,13,0,,0
2019-07-24 06:00,16,,16,0,,0
2019-07-24 06:15,11,,11,0,,0
2019-07-24 06:30,19,,19,0,,0
2019-07-24 06:45,26,,26,0,,0
2019-07-24 07:00,42,,42,0,,0
2019-07-24 07:15,44,,44,0,,0
2019-07-24 07:30,46,,46,0,,0
2019-07-24 07:45,57,,57,0,,0
2019-07-24 08:00,43,,43,0,,0
2019-07-24 08:15,30,,30,0,,0
2019-07-24 08:30,46,,46,0,,0
2019-07-24 08:45,35,,35,0,,0
2019-07-24 09:00,32,,32,0,,0
2019-07-24 09:15,24,,24,0,,0
2019-07-24 09:30,29,,29,0,,0
2019-07-24 09:45,40,,40,0,,0
2019-07-24 10:00,43,,43,0,,0
2019-07-24 10:15,42,,42,0,,0
2019-07-24 10:30,41,,41,0,,0
2019-07-24 10:45,52,,52,0,,0
2019-07-24 11:00,67,,67,0,,0
2019-07-24 11:15,50,,50,0,,0
2019-07-24 11:30,68,,68,0,,0
2019-07-24 11:45,55,,55,0,,0
2019-07-24 12:00,64,,64,0,,0
2019-07-24 12:15,70,,70,0,,0
2019-07-24 12:30,55,,55,0,,0
2019-07-24 12:45,67,,67,0,,0
2019-07-24 13:00,86,,86,0,,0
2019-07-24 13:15,49,,49,0,,0
2019-07-24 13:30,59,,59,0,,0
2019-07-24 13:45,77,,77,0,,0
2019-07-24 14:00,81,,81,0,,0
2019-07-24 14:15,83,,83,0,,0
2019-07-24 14:30,64,,64,0,,0
2019-07-24 14:45,72,,72,0,,0
2019-07-24 15:00,91,,91,0,,0
2019-07-24 15:15,81,,81,0,,0
2019-07-24 15:30,72,,72,0,,0
2019-07-24 15:45,82,,82,0,,0
2019-07-24 16:00,104,,104,0,,0
2019-07-24 16:15,111,,111,0,,0
2019-07-24 16:30,109,,109,0,,0
2019-07-24 16:45,92,,92,0,,0
2019-07-24 17:00,104,,104,0,,0
2019-07-24 17:15,88,,88,0,,0
2019-07-24 17:30,94,,94,0,,0
2019-07-24 17:45,91,,91,0,,0
2019-07-24 18:00,94,,94,0,,0
2019-07-24 18:15,100,,100,0,,0
2019-07-24 18:30,80,,80,0,,0
2019-07-24 18:45,62,,62,0,,0
2019-07-24 19:00,74,,74,0,,0
2019-07-24 19:15,54,,54,0,,0
2019-07-24 19:30,53,,53,0,,0
2019-07-24 19:45,41,,41,0,,0
2019-07-24 20:00,46,,46,0,,0
2019-07-24 20:15,23,,23,0,,0
2019-07-24 20:30,33,,33,0,,0
2019-07-24 20:45,26,,26,0,,0
2019-07-24 21:00,30,,30,0,,0
2019-07-24 21:15,28,,28,0,,0
2019-07-24 21:30,26,,26,0,,0
2019-07-24 21:45,23,,23,0,,0
2019-07-24 22:00,28,0,28,0,0,0
2019-07-24 22:15,24,0,24,0,0,0
2019-07-24 22:30,20,0,20,0,0,0
2019-07-24 22:45,24,0,24,0,0,0
2019-07-24 23:00,30,15,15,0,0,0
2019-07-24 23:15,30,19,11,0,0,0
2019-07-24 23:30,10,0,10,0,0,0
2019-07-24 23:45,7,0,7,0,0,0
2019-07-25 00:00,12,2,10,0,0,0
2019-07-25 00:15,6,0,6,0,0,0
2019-07-25 00:30,7,0,7,0,0,0
2019-07-25 00:45,6,0,6,0,0,0
2019-07-25 01:00,5,0,5,0,0,0
2019-07-25 01:15,5,0,5,0,0,0
2019-07-25 01:30,6,1,5,0,0,0
2019-07-25 01:45,9,4,5,0,0,0
2019-07-25 02:00,7,4,3,0,0,0
2019-07-25 02:15,6,0,6,0,0,0
2019-07-25 02:30,3,0,3,0,0,0
2019-07-25 02:45,2,0,2,0,0,0
2019-07-25 03:00,8,5,3,0,0,0
2019-07-25 03:15,7,0,7,0,0,0
2019-07-25 03:30,4,3,1,0,0,0
2019-07-25 03:45,4,2,2,0,0,0
2019-07-25 04:00,4,3,1,0,0,0
2019-07-25 04:15,4,3,1,0,0,0
2019-07-25 04:30,2,1,1,0,0,0
2019-07-25 04:45,3,0,3,0,0,0
2019-07-25 05:00,4,2,2,0,0,0
2019-07-25 05:15,1,0,1,0,0,0
2019-07-25 05:30,18,14,4,0,0,0
2019-07-25 05:45,24,13,11,0,0,0
2019-07-25 06:00,29,17,12,0,0,0
2019-07-25 06:15,45,24,21,0,0,0
2019-07-25 06:30,65,45,20,0,0,0
2019-07-25 06:45,71,43,28,0,0,0
2019-07-25 07:00,33,,33,0,,0
2019-07-25 07:15,49,,49,0,,0
2019-07-25 07:30,39,,39,0,,0
2019-07-25 07:45,56,,56,0,,0
2019-07-25 08:00,27,0,27,0,0,0
2019-07-25 08:15,31,1,30,0,0,0
2019-07-25 08:30,138,98,40,0,0,0
2019-07-25 08:45,37,5,32,0,0,0
2019-07-25 09:00,63,37,26,0,0,0
2019-07-25 09:15,31,6,25,0,0,0
2019-07-25 09:30,53,18,35,0,0,0
2019-07-25 09:45,68,41,27,0,0,0
2019-07-25 10:00,28,3,25,0,0,0
2019-07-25 10:15,106,57,49,0,0,0
2019-07-25 10:30,40,9,31,0,0,0
2019-07-25 10:45,42,8,34,0,0,0
2019-07-25 11:00,70,18,52,0,0,0
2019-07-25 11:15,90,47,43,0,0,0
2019-07-25 11:30,88,57,31,0,0,0
2019-07-25 11:45,73,29,44,0,0,0
2019-07-25 12:00,96,47,49,0,0,0
2019-07-25 12:15,99,47,52,0,0,0
2019-07-25 12:30,109,58,51,0,0,0
2019-07-25 12:45,86,41,45,0,0,0
2019-07-25 13:00,86,46,40,0,0,0
2019-07-25 13:15,82,47,35,0,0,0
2019-07-25 13:30,93,42,51,0,0,0
2019-07-25 13:45,70,35,35,0,0,0
2019-07-25 14:00,49,10,39,0,0,0
2019-07-25 14:15,91,44,47,0,0,0
2019-07-25 14:30,87,40,47,0,0,0
2019-07-25 14:45,91,45,46,0,0,0
2019-07-25 15:00,91,39,52,0,0,0
2019-07-25 15:15,111,56,55,0,0,0
2019-07-25 15:30,97,37,60,0,0,0
2019-07-25 15:45,144,73,71,0,0,0
2019-07-25 16:00,137,79,58,0,0,0
2019-07-25 16:15,133,48,85,0,0,0
2019-07-25 16:30,118,63,55,0,0,0
2019-07-25 16:45,106,56,50,0,0,0
2019-07-25 17:00,123,61,62,0,0,0
2019-07-25 17:15,66,10,56,0,0,0
2019-07-25 17:30,124,60,64,0,0,0
2019-07-25 17:45,59,10,49,0,0,0
2019-07-25 18:00,64,,64,0,,0
2019-07-25 18:15,65,,65,0,,0
2019-07-25 18:30,49,,49,0,,0
2019-07-25 18:45,63,,63,0,,0
2019-07-25 19:00,60,,60,0,,0
2019-07-25 19:15,52,,52,0,,0
2019-07-25 19:30,37,,37,0,,0
2019-07-25 19:45,47,,47,0,,0
2019-07-25 20:00,43,0,43,0,0,0
2019-07-25 20:15,27,0,27,0,0,0
2019-07-25 20:30,32,0,32,0,0,0
2019-07-25 20:45,33,3,30,0,0,0
2019-07-25 21:00,25,,25,0,,0
2019-07-25 21:15,18,,18,0,,0
2019-07-25 21:30,28,,28,0,,0
2019-07-25 21:45,26,,26,0,,0
2019-07-25 22:00,23,,23,0,,0
2019-07-25 22:15,16,,16,0,,0
2019-07-25 22:30,21,,21,0,,0
2019-07-25 22:45,19,,19,0,,0
2019-07-25 23:00,12,,12,0,,0
2019-07-25 23:15,12,,12,0,,0
2019-07-25 23:30,12,,12,0,,0
2019-07-25 23:45,8,,8,0,,0
2019-07-26 00:00,9,,9,0,,0
2019-07-26 00:15,15,,15,0,,0
2019-07-26 00:30,7,,7,0,,0
2019-07-26 00:45,2,,2,0,,0
2019-07-26 01:00,3,,3,0,,0
2019-07-26 01:15,4,,4,0,,0
2019-07-26 01:30,4,,4,0,,0
2019-07-26 01:45,4,,4,0,,0
2019-07-26 02:00,1,,1,0,,0
2019-07-26 02:15,1,,1,0,,0
2019-07-26 02:30,2,,2,0,,0
2019-07-26 02:45,0,,0,0,,0
2019-07-26 03:00,0,,0,0,,0
2019-07-26 03:15,1,,1,0,,0
2019-07-26 03:30,2,,2,0,,0
2019-07-26 03:45,1,,1,0,,0
2019-07-26 04:00,1,,1,0,,0
2019-07-26 04:15,0,,0,0,,0
2019-07-26 04:30,3,,3,0,,0
2019-07-26 04:45,3,,3,0,,0
2019-07-26 05:00,0,,0,0,,0
2019-07-26 05:15,2,,2,0,,0
2019-07-26 05:30,6,,6,0,,0
2019-07-26 05:45,10,,10,0,,0
2019-07-26 06:00,13,,13,0,,0
2019-07-26 06:15,10,,10,0,,0
2019-07-26 06:30,31,,31,0,,0
2019-07-26 06:45,26,,26,0,,0
2019-07-26 07:00,26,0,26,0,0,0
2019-07-26 07:15,57,27,30,0,0,0
2019-07-26 07:30,41,2,39,0,0,0
2019-07-26 07:45,63,16,47,0,0,0
2019-07-26 08:00,97,61,36,0,0,0
2019-07-26 08:15,51,19,32,0,0,0
2019-07-26 08:30,39,11,28,0,0,0
2019-07-26 08:45,85,61,24,0,0,0
2019-07-26 09:00,46,20,26,0,0,0
2019-07-26 09:15,72,37,35,0,0,0
2019-07-26 09:30,87,69,18,0,0,0
2019-07-26 09:45,57,29,28,0,0,0
2019-07-26 10:00,32,1,31,0,0,0
2019-07-26 10:15,64,38,26,0,0,0
2019-07-26 10:30,45,12,33,0,0,0
2019-07-26 10:45,85,50,35,0,0,0
2019-07-26 11:00,96,56,40,0,0,0
2019-07-26 11:15,116,66,50,0,0,0
2019-07-26 11:30,106,67,39,0,0,0
2019-07-26 11:45,97,58,39,0,0,0
2019-07-26 12:00,63,,63,0,,0
2019-07-26 12:15,40,,40,0,,0
2019-07-26 12:30,50,,50,0,,0
2019-07-26 12:45,46,,46,0,,0
2019-07-26 13:00,53,,53,0,,0
2019-07-26 13:15,39,,39,0,,0
2019-07-26 13:30,57,,57,0,,0
2019-07-26 13:45,43,,43,0,,0
2019-07-26 14:00,54,2,52,0,0,0
2019-07-26 14:15,94,38,56,0,0,0
2019-07-26 14:30,64,14,50,0,0,0
2019-07-26 14:45,128,61,67,0,0,0
2019-07-26 15:00,127,65,62,0,0,0
2019-07-26 15:15,92,41,51,0,0,0
2019-07-26 15:30,101,59,42,0,0,0
2019-07-26 15:45,90,35,55,0,0,0
2019-07-26 16:00,97,29,68,0,0,0
2019-07-26 16:15,112,64,48,0,0,0
2019-07-26 16:30,116,52,64,0,0,0
2019-07-26 16:45,62,17,45,0,0,0
2019-07-26 17:00,102,52,50,0,0,0
2019-07-26 17:15,94,63,31,0,0,0
2019-07-26 17:30,54,4,50,0,0,0
2019-07-26 17:45,95,54,41,0,0,0
2019-07-26 18:00,76,32,44,0,0,0
2019-07-26 18:15,102,49,53,0,0,0
2019-07-26 18:30,91,21,70,0,0,0
2019-07-26 18:45,113,56,57,0,0,0
2019-07-26 19:00,59,11,48,0,0,0
2019-07-26 19:15,110,55,55,0,0,0
2019-07-26 19:30,56,9,47,0,0,0
2019-07-26 19:45,94,61,33,0,0,0
2019-07-26 20:00,83,43,40,0,0,0
2019-07-26 20:15,73,42,31,0,0,0
2019-07-26 20:30,76,41,35,0,0,0
2019-07-26 20:45,68,44,24,0,0,0
2019-07-26 21:00,54,35,19,0,0,0
2019-07-26 21:15,60,37,23,0,0,0
2019-07-26 21:30,62,29,33,0,0,0
2019-07-26 21:45,49,35,14,0,0,0
2019-07-26 22:00,47,33,14,0,0,0
2019-07-26 22:15,50,21,29,0,0,0
2019-07-26 22:30,41,32,9,0,0,0
2019-07-26 22:45,21,0,21,0,0,0
2019-07-26 23:00,27,2,25,0,0,0
2019-07-26 23:15,20,6,14,0,0,0
2019-07-26 23:30,17,5,12,0,0,0
2019-07-26 23:45,21,4,17,0,0,0
2019-07-27 00:00,30,15,15,0,0,0
2019-07-27 00:15,36,22,14,0,0,0
2019-07-27 00:30,18,10,8,0,0,0
2019-07-27 00:45,23,15,8,0,0,0
2019-07-27 01:00,15,8,7,0,0,0
2019-07-27 01:15,19,7,12,0,0,0
2019-07-27 01:30,14,6,8,0,0,0
2019-07-27 01:45,15,6,9,0,0,0
2019-07-27 02:00,10,3,7,0,0,0
2019-07-27 02:15,6,2,4,0,0,0
2019-07-27 02:30,5,1,4,0,0,0
2019-07-27 02:45,9,3,6,0,0,0
2019-07-27 03:00,16,8,8,0,0,0
2019-07-27 03:15,11,4,7,0,0,0
2019-07-27 03:30,10,3,7,0,0,0
2019-07-27 03:45,7,4,3,0,0,0
2019-07-27 04:00,2,0,2,0,0,0
2019-07-27 04:15,3,0,3,0,0,0
2019-07-27 04:30,3,1,2,0,0,0
2019-07-27 04:45,2,0,2,0,0,0
2019-07-27 05:00,1,1,0,0,0,0
2019-07-27 05:15,3,1,2,0,0,0
2019-07-27 05:30,3,3,0,0,0,0
2019-07-27 05:45,8,4,4,0,0,0
2019-07-27 06:00,5,2,3,0,0,0
2019-07-27 06:15,7,4,3,0,0,0
2019-07-27 06:30,7,4,3,0,0,0
2019-07-27 06:45,12,9,3,0,0,0
2019-07-27 07:00,14,7,7,0,0,0
2019-07-27 07:15,29,18,11,0,0,0
2019-07-27 07:30,27,15,12,0,0,0
2019-07-27 07:45,44,30,14,0,0,0
2019-07-27 08:00,37,23,14,0,0,0
2019-07-27 08:15,49,36,13,0,0,0
2019-07-27 08:30,53,38,15,0,0,0
2019-07-27 08:45,71,47,24,0,0,0
2019-07-27 09:00,65,42,23,0,0,0
2019-07-27 09:15,83,60,23,0,0,0
2019-07-27 09:30,114,76,38,0,0,0
2019-07-27 09:45,120,97,23,0,0,0
2019-07-27 10:00,118,88,30,0,0,0
2019-07-27 10:15,125,79,46,0,0,0
2019-07-27 10:30,149,106,43,0,0,0
2019-07-27 10:45,129,77,52,0,0,0
2019-07-27 11:00,117,77,40,0,0,0
2019-07-27 11:15,155,103,52,0,0,0
2019-07-27 11:30,133,85,48,0,0,0
2019-07-27 11:45,179,117,62,0,0,0
2019-07-27 12:00,156,95,61,0,0,0
2019-07-27 12:15,152,74,78,0,0,0
2019-07-27 12:30,149,86,63,0,0,0
2019-07-27 12:45,153,91,62,0,0,0
2019-07-27 13:00,122,56,66,0,0,0
2019-07-27 13:15,145,77,68,0,0,0
2019-07-27 13:30,121,62,59,0,0,0
2019-07-27 13:45,126,60,66,0,0,0
2019-07-27 14:00,142,65,77,0,0,0
2019-07-27 14:15,115,40,75,0,0,0
2019-07-27 14:30,78,29,49,0,0,0
2019-07-27 14:45,123,58,65,0,0,0
2019-07-27 15:00,80,32,48,0,0,0
2019-07-27 15:15,89,42,47,0,0,0
2019-07-27 15:30,103,39,64,0,0,0
2019-07-27 15:45,121,63,58,0,0,0
2019-07-27 16:00,102,39,63,0,0,0
2019-07-27 16:15,93,38,55,0,0,0
2019-07-27 16:30,103,54,49,0,0,0
2019-07-27 16:45,94,42,52,0,0,0
2019-07-27 17:00,102,54,48,0,0,0
2019-07-27 17:15,101,59,42,0,0,0
2019-07-27 17:30,92,47,45,0,0,0
2019-07-27 17:45,98,52,46,0,0,0
2019-07-27 18:00,105,53,52,0,0,0
2019-07-27 18:15,90,42,48,0,0,0
2019-07-27 18:30,91,54,37,0,0,0
2019-07-27 18:45,100,53,47,0,0,0
2019-07-27 19:00,118,60,58,0,0,0
2019-07-27 19:15,73,37,36,0,0,0
2019-07-27 19:30,70,36,34,0,0,0
2019-07-27 19:45,86,61,25,0,0,0
2019-07-27 20:00,72,45,27,0,0,0
2019-07-27 20:15,87,54,33,0,0,0
2019-07-27 20:30,70,43,27,0,0,0
2019-07-27 20:45,73,40,33,0,0,0
2019-07-27 21:00,50,29,21,0,0,0
2019-07-27 21:15,32,17,15,0,0,0
2019-07-27 21:30,48,27,21,0,0,0
2019-07-27 21:45,52,23,29,0,0,0
2019-07-27 22:00,41,27,14,0,0,0
2019-07-27 22:15,43,26,17,0,0,0
2019-07-27 22:30,26,12,14,0,0,0
2019-07-27 22:45,45,21,24,0,0,0
2019-07-27 23:00,29,15,14,0,0,0
2019-07-27 23:15,24,17,7,0,0,0
2019-07-27 23:30,24,9,15,0,0,0
2019-07-27 23:45,26,18,8,0,0,0
2019-07-28 00:00,35,18,17,0,0,0
2019-07-28 00:15,25,7,18,0,0,0
2019-07-28 00:30,39,28,11,0,0,0
2019-07-28 00:45,26,16,10,0,0,0
2019-07-28 01:00,24,10,14,0,0,0
2019-07-28 01:15,15,6,9,0,0,0
2019-07-28 01:30,10,6,4,0,0,0
2019-07-28 01:45,12,3,9,0,0,0
2019-07-28 02:00,11,1,10,0,0,0
2019-07-28 02:15,16,7,9,0,0,0
2019-07-28 02:30,13,2,11,0,0,0
2019-07-28 02:45,18,3,15,0,0,0
2019-07-28 03:00,12,3,9,0,0,0
2019-07-28 03:15,6,1,5,0,0,0
2019-07-28 03:30,8,5,3,0,0,0
2019-07-28 03:45,2,1,1,0,0,0
2019-07-28 04:00,14,7,7,0,0,0
2019-07-28 04:15,4,2,2,0,0,0
2019-07-28 04:30,4,0,4,0,0,0
2019-07-28 04:45,9,2,7,0,0,0
2019-07-28 05:00,1,0,1,0,0,0
2019-07-28 05:15,0,0,0,0,0,0
2019-07-28 05:30,7,3,4,0,0,0
2019-07-28 05:45,11,4,7,0,0,0
2019-07-28 06:00,5,4,1,0,0,0
2019-07-28 06:15,5,2,3,0,0,0
2019-07-28 06:30,5,1,4,0,0,0
2019-07-28 06:45,6,3,3,0,0,0
2019-07-28 07:00,8,,8,0,,0
2019-07-28 07:15,1,,1,0,,0
2019-07-28 07:30,7,,7,0,,0
2019-07-28 07:45,4,,4,0,,0
2019-07-28 08:00,7,,7,0,,0
2019-07-28 08:15,1,,1,0,,0
2019-07-28 08:30,5,,5,0,,0
2019-07-28 08:45,4,,4,0,,0
2019-07-28 09:00,13,,13,0,,0
2019-07-28 09:15,8,,8,0,,0
2019-07-28 09:30,7,,7,0,,0
2019-07-28 09:45,16,,16,0,,0
2019-07-28 10:00,7,,7,0,,0
2019-07-28 10:15,14,,14,0,,0
2019-07-28 10:30,25,,25,0,,0
2019-07-28 10:45,19,,19,0,,0
2019-07-28 11:00,23,0,23,0,0,0
2019-07-28 11:15,64,27,37,0,0,0
2019-07-28 11:30,39,12,27,0,0,0
2019-07-28 11:45,43,8,35,0,0,0
2019-07-28 12:00,38,,38,0,,0
2019-07-28 12:15,43,,43,0,,0
2019-07-28 12:30,37,,37,0,,0
2019-07-28 12:45,37,,37,0,,0
2019-07-28 13:00,34,1,33,0,0,0
2019-07-28 13:15,42,8,34,0,0,0
2019-07-28 13:30,38,3,35,0,0,0
2019-07-28 13:45,34,3,31,0,0,0
2019-07-28 14:00,60,15,45,0,0,0
2019-07-28 14:15,54,16,38,0,0,0
2019-07-28 14:30,46,7,39,0,0,0
2019-07-28 14:45,53,18,35,0,0,0
2019-07-28 15:00,35,0,35,0,0,0
2019-07-28 15:15,50,21,29,0,0,0
2019-07-28 15:30,87,54,33,0,0,0
2019-07-28 15:45,35,3,32,0,0,0
2019-07-28 16:00,53,28,25,0,0,0
2019-07-28 16:15,67,50,17,0,0,0
2019-07-28 16:30,56,31,25,0,0,0
2019-07-28 16:45,43,9,34,0,0,0
2019-07-28 17:00,43,14,29,0,0,0
2019-07-28 17:15,67,38,29,0,0,0
2019-07-28 17:30,91,59,32,0,0,0
2019-07-28 17:45,95,52,43,0,0,0
2019-07-28 18:00,73,40,33,0,0,0
2019-07-28 18:15,92,42,50,0,0,0
2019-07-28 18:30,29,6,23,0,0,0
2019-07-28 18:45,40,0,40,0,0,0
2019-07-28 19:00,64,29,35,0,0,0
2019-07-28 19:15,76,53,23,0,0,0
2019-07-28 19:30,62,36,26,0,0,0
2019-07-28 19:45,64,44,20,0,0,0
2019-07-28 20:00,41,23,18,0,0,0
2019-07-28 20:15,37,18,19,0,0,0
2019-07-28 20:30,27,13,14,0,0,0
2019-07-28 20:45,36,21,15,0,0,0
2019-07-28 21:00,31,10,21,0,0,0
2019-07-28 21:15,46,24,22,0,0,0
2019-07-28 21:30,24,14,10,0,0,0
2019-07-28 21:45,16,5,11,0,0,0
2019-07-28 22:00,18,9,9,0,0,0
2019-07-28 22:15,26,16,10,0,0,0
2019-07-28 22:30,23,15,8,0,0,0
2019-07-28 22:45,16,6,10,0,0,0
2019-07-28 23:00,11,0,11,0,0,0
2019-07-28 23:15,8,2,6,0,0,0
2019-07-28 23:30,3,2,1,0,0,0
2019-07-28 23:45,9,3,6,0,0,0
2019-07-29 00:00,7,3,4,0,0,0
2019-07-29 00:15,5,2,3,0,0,0
2019-07-29 00:30,6,2,4,0,0,0
2019-07-29 00:45,1,0,1,0,0,0
2019-07-29 01:00,3,1,2,0,0,0
2019-07-29 01:15,1,1,0,0,0,0
2019-07-29 01:30,2,0,2,0,0,0
2019-07-29 01:45,6,4,2,0,0,0
2019-07-29 02:00,0,0,0,0,0,0
2019-07-29 02:15,0,0,0,0,0,0
2019-07-29 02:30,0,0,0,0,0,0
2019-07-29 02:45,0,0,0,0,0,0
2019-07-29 03:00,1,0,1,0,0,0
2019-07-29 03:15,1,1,0,0,0,0
2019-07-29 03:30,0,0,0,0,0,0
2019-07-29 03:45,0,0,0,0,0,0
2019-07-29 04:00,0,0,0,0,0,0
2019-07-29 04:15,2,1,1,0,0,0
2019-07-29 04:30,1,1,0,0,0,0
2019-07-29 04:45,6,2,4,0,0,0
2019-07-29 05:00,2,2,0,0,0,0
2019-07-29 05:15,4,2,2,0,0,0
2019-07-29 05:30,8,6,2,0,0,0
2019-07-29 05:45,19,8,11,0,0,0
2019-07-29 06:00,23,18,5,0,0,0
2019-07-29 06:15,38,20,18,0,0,0
2019-07-29 06:30,54,33,21,0,0,0
2019-07-29 06:45,64,45,19,0,0,0
2019-07-29 07:00,87,54,33,0,0,0
2019-07-29 07:15,90,51,39,0,0,0
2019-07-29 07:30,93,55,38,0,0,0
2019-07-29 07:45,131,89,42,0,0,0
2019-07-29 08:00,112,82,30,0,0,0
2019-07-29 08:15,117,89,28,0,0,0
2019-07-29 08:30,118,85,33,0,0,0
2019-07-29 08:45,130,108,22,0,0,0
2019-07-29 09:00,89,62,27,0,0,0
2019-07-29 09:15,89,71,18,0,0,0
2019-07-29 09:30,77,46,31,0,0,0
2019-07-29 09:45,72,40,32,0,0,0
2019-07-29 10:00,37,24,13,0,0,0
2019-07-29 10:15,91,67,24,0,0,0
2019-07-29 10:30,103,62,41,0,0,0
2019-07-29 10:45,99,65,34,0,0,0
2019-07-29 11:00,93,62,31,0,0,0
2019-07-29 11:15,97,56,41,0,0,0
2019-07-29 11:30,105,67,38,0,0,0
2019-07-29 11:45,103,59,44,0,0,0
2019-07-29 12:00,104,63,41,0,0,0
2019-07-29 12:15,100,49,51,0,0,0
2019-07-29 12:30,113,66,47,0,0,0
2019-07-29 12:45,104,56,48,0,0,0
2019-07-29 13:00,101,55,46,0,0,0
2019-07-29 13:15,96,56,40,0,0,0
2019-07-29 13:30,94,60,34,0,0,0
2019-07-29 13:45,100,58,42,0,0,0
2019-07-29 14:00,125,61,64,0,0,0
2019-07-29 14:15,112,62,50,0,0,0
2019-07-29 14:30,124,70,54,0,0,0
2019-07-29 14:45,112,61,51,0,0,0
2019-07-29 15:00,131,58,73,0,0,0
2019-07-29 15:15,132,71,61,0,0,0
2019-07-29 15:30,109,41,68,0,0,0
2019-07-29 15:45,155,83,72,0,0,0
2019-07-29 16:00,159,75,84,0,0,0
2019-07-29 16:15,174,92,82,0,0,0
2019-07-29 16:30,163,78,85,0,0,0
2019-07-29 16:45,154,78,76,0,0,0
2019-07-29 17:00,160,69,91,0,0,0
2019-07-29 17:15,180,75,105,0,0,0
2019-07-29 17:30,179,78,101,0,0,0
2019-07-29 17:45,188,82,106,0,0,0
2019-07-29 18:00,159,62,97,0,0,0
2019-07-29 18:15,162,60,102,0,0,0
2019-07-29 18:30,129,68,61,0,0,0
2019-07-29 18:45,120,49,71,0,0,0
2019-07-29 19:00,129,57,72,0,0,0
2019-07-29 19:15,96,52,44,0,0,0
2019-07-29 19:30,95,46,49,0,0,0
2019-07-29 19:45,76,26,50,0,0,0
2019-07-29 20:00,120,48,72,0,0,0
2019-07-29 20:15,84,42,42,0,0,0
2019-07-29 20:30,59,34,25,0,0,0
2019-07-29 20:45,51,28,23,0,0,0
2019-07-29 21:00,50,26,24,0,0,0
2019-07-29 21:15,49,30,19,0,0,0
2019-07-29 21:30,33,18,15,0,0,0
2019-07-29 21:45,39,15,24,0,0,0
2019-07-29 22:00,33,14,19,0,0,0
2019-07-29 22:15,31,12,19,0,0,0
2019-07-29 22:30,34,13,21,0,0,0
2019-07-29 22:45,34,13,21,0,0,0
2019-07-29 23:00,33,14,19,0,0,0
2019-07-29 23:15,23,11,12,0,0,0
2019-07-29 23:30,9,0,9,0,0,0
2019-07-29 23:45,7,2,5,0,0,0
2019-07-30 00:00,5,0,5,0,0,0
2019-07-30 00:15,6,0,6,0,0,0
2019-07-30 00:30,1,1,0,0,0,0
2019-07-30 00:45,4,1,3,0,0,0
2019-07-30 01:00,4,0,4,0,0,0
2019-07-30 01:15,1,0,1,0,0,0
2019-07-30 01:30,3,0,3,0,0,0
2019-07-30 01:45,11,9,2,0,0,0
2019-07-30 02:00,4,2,2,0,0,0
2019-07-30 02:15,2,2,0,0,0,0
2019-07-30 02:30,4,2,2,0,0,0
2019-07-30 02:45,4,0,4,0,0,0
2019-07-30 03:00,7,0,7,0,0,0
2019-07-30 03:15,1,0,1,0,0,0
2019-07-30 03:30,1,1,0,0,0,0
2019-07-30 03:45,0,0,0,0,0,0
2019-07-30 04:00,1,1,0,0,0,0
2019-07-30 04:15,4,4,0,0,0,0
2019-07-30 04:30,0,0,0,0,0,0
2019-07-30 04:45,1,1,0,0,0,0
2019-07-30 05:00,0,0,0,0,0,0
2019-07-30 05:15,5,3,2,0,0,0
2019-07-30 05:30,11,6,5,0,0,0
2019-07-30 05:45,17,1,16,0,0,0
2019-07-30 06:00,24,20,4,0,0,0
2019-07-30 06:15,35,21,14,0,0,0
2019-07-30 06:30,53,34,19,0,0,0
2019-07-30 06:45,77,54,23,0,0,0
2019-07-30 07:00,85,56,29,0,0,0
2019-07-30 07:15,90,44,46,0,0,0
2019-07-30 07:30,102,74,28,0,0,0
2019-07-30 07:45,156,100,56,0,0,0
2019-07-30 08:00,117,82,35,0,0,0
2019-07-30 08:15,115,83,32,0,0,0
2019-07-30 08:30,125,104,21,0,0,0
2019-07-30 08:45,153,111,42,0,0,0
2019-07-30 09:00,85,67,18,0,0,0
2019-07-30 09:15,84,63,21,0,0,0
2019-07-30 09:30,109,79,30,0,0,0
2019-07-30 09:45,141,102,39,0,0,0
2019-07-30 10:00,84,59,25,0,0,0
2019-07-30 10:15,101,67,34,0,0,0
2019-07-30 10:30,121,78,43,0,0,0
2019-07-30 10:45,120,81,39,0,0,0
2019-07-30 11:00,119,64,55,0,0,0
2019-07-30 11:15,112,69,43,0,0,0
2019-07-30 11:30,114,63,51,0,0,0
2019-07-30 11:45,131,68,63,0,0,0
2019-07-30 12:00,97,57,40,0,0,0
2019-07-30 12:15,113,57,56,0,0,0
2019-07-30 12:30,99,52,47,0,0,0
2019-07-30 12:45,150,84,66,0,0,0
2019-07-30 13:00,127,64,63,0,0,0
2019-07-30 13:15,107,50,57,0,0,0
2019-07-30 13:30,118,62,56,0,0,0
2019-07-30 13:45,134,80,54,0,0,0
2019-07-30 14:00,112,44,68,0,0,0
2019-07-30 14:15,129,56,73,0,0,0
2019-07-30 14:30,112,54,58,0,0,0
2019-07-30 14:45,133,74,59,0,0,0
2019-07-30 15:00,122,55,67,0,0,0
2019-07-30 15:15,140,57,83,0,0,0
2019-07-30 15:30,154,84,70,0,0,0
2019-07-30 15:45,168,73,95,0,0,0
2019-07-30 16:00,167,77,90,0,0,0
2019-07-30 16:15,156,71,85,0,0,0
2019-07-30 16:30,154,69,85,0,0,0
2019-07-30 16:45,175,86,89,0,0,0
2019-07-30 17:00,170,87,83,0,0,0
2019-07-30 17:15,178,74,104,0,0,0
2019-07-30 17:30,196,100,96,0,0,0
2019-07-30 17:45,185,85,100,0,0,0
2019-07-30 18:00,215,97,118,0,0,0
2019-07-30 18:15,187,88,99,0,0,0
2019-07-30 18:30,155,79,76,0,0,0
2019-07-30 18:45,178,95,83,0,0,0
2019-07-30 19:00,148,60,88,0,0,0
2019-07-30 19:15,111,49,62,0,0,0
2019-07-30 19:30,99,45,54,0,0,0
2019-07-30 19:45,119,65,54,0,0,0
2019-07-30 20:00,107,45,62,0,0,0
2019-07-30 20:15,100,41,59,0,0,0
2019-07-30 20:30,82,40,42,0,0,0
2019-07-30 20:45,61,30,31,0,0,0
2019-07-30 21:00,61,32,29,0,0,0
2019-07-30 21:15,64,32,32,0,0,0
2019-07-30 21:30,45,32,13,0,0,0
2019-07-30 21:45,64,33,31,0,0,0
2019-07-30 22:00,54,18,36,0,0,0
2019-07-30 22:15,49,23,26,0,0,0
2019-07-30 22:30,39,16,23,0,0,0
2019-07-30 22:45,41,23,18,0,0,0
2019-07-30 23:00,35,18,17,0,0,0
2019-07-30 23:15,23,12,11,0,0,0
2019-07-30 23:30,25,13,12,0,0,0
2019-07-30 23:45,23,11,12,0,0,0
2019-07-31 00:00,25,16,9,0,0,0
2019-07-31 00:15,9,6,3,0,0,0
2019-07-31 00:30,10,7,3,0,0,0
2019-07-31 00:45,8,2,6,0,0,0
2019-07-31 01:00,16,7,9,0,0,0
2019-07-31 01:15,4,1,3,0,0,0
2019-07-31 01:30,6,1,5,0,0,0
2019-07-31 01:45,7,1,6,0,0,0
2019-07-31 02:00,7,3,4,0,0,0
2019-07-31 02:15,6,4,2,0,0,0
2019-07-31 02:30,5,2,3,0,0,0
2019-07-31 02:45,5,3,2,0,0,0
2019-07-31 03:00,4,2,2,0,0,0
2019-07-31 03:15,6,4,2,0,0,0
2019-07-31 03:30,1,1,0,0,0,0
2019-07-31 03:45,3,1,2,0,0,0
2019-07-31 04:00,4,3,1,0,0,0
2019-07-31 04:15,4,2,2,0,0,0
2019-07-31 04:30,2,1,1,0,0,0
2019-07-31 04:45,2,2,0,0,0,0
2019-07-31 05:00,4,4,0,0,0,0
2019-07-31 05:15,5,3,2,0,0,0
2019-07-31 05:30,14,10,4,0,0,0
2019-07-31 05:45,26,9,17,0,0,0
2019-07-31 06:00,20,12,8,0,0,0
2019-07-31 06:15,23,9,14,0,0,0
2019-07-31 06:30,53,33,20,0,0,0
2019-07-31 06:45,77,57,20,0,0,0
2019-07-31 07:00,91,57,34,0,0,0
2019-07-31 07:15,113,71,42,0,0,0
2019-07-31 07:30,103,64,39,0,0,0
2019-07-31 07:45,136,77,59,0,0,0
2019-07-31 08:00,116,93,23,0,0,0
2019-07-31 08:15,130,95,35,0,0,0
2019-07-31 08:30,114,75,39,0,0,0
2019-07-31 08:45,135,104,31,0,0,0
2019-07-31 09:00,110,82,28,0,0,0
2019-07-31 09:15,113,79,34,0,0,0
2019-07-31 09:30,116,91,25,0,0,0
2019-07-31 09:45,122,87,35,0,0,0
2019-07-31 10:00,108,78,30,0,0,0
2019-07-31 10:15,119,93,26,0,0,0
2019-07-31 10:30,127,90,37,0,0,0
2019-07-31 10:45,143,95,48,0,0,0
2019-07-31 11:00,162,101,61,0,0,0
2019-07-31 11:15,154,111,43,0,0,0
2019-07-31 11:30,162,107,55,0,0,0
2019-07-31 11:45,135,90,45,0,0,0
2019-07-31 12:00,144,77,67,0,0,0
2019-07-31 12:15,114,65,49,0,0,0
2019-07-31 12:30,137,80,57,0,0,0
2019-07-31 12:45,132,67,65,0,0,0
2019-07-31 13:00,182,106,76,0,0,0
2019-07-31 13:15,128,61,67,0,0,0
2019-07-31 13:30,125,66,59,0,0,0
2019-07-31 13:45,157,72,85,0,0,0
2019-07-31 14:00,141,61,80,0,0,0
2019-07-31 14:15,161,71,90,0,0,0
2019-07-31 14:30,144,68,76,0,0,0
2019-07-31 14:45,140,72,68,0,0,0
2019-07-31 15:00,111,52,59,0,0,0
2019-07-31 15:15,107,44,63,0,0,0
2019-07-31 15:30,104,48,56,0,0,0
2019-07-31 15:45,161,76,85,0,0,0
2019-07-31 16:00,167,78,89,0,0,0
2019-07-31 16:15,153,57,96,0,0,0
2019-07-31 16:30,102,39,63,0,0,0
2019-07-31 16:45,72,27,45,0,0,0
2019-07-31 17:00,137,54,83,0,0,0
2019-07-31 17:15,138,51,87,0,0,0
2019-07-31 17:30,149,74,75,0,0,0
2019-07-31 17:45,173,88,85,0,0,0
2019-07-31 18:00,143,69,74,0,0,0
2019-07-31 18:15,134,70,64,0,0,0
2019-07-31 18:30,115,57,58,0,0,0
2019-07-31 18:45,126,56,70,0,0,0
2019-07-31 19:00,118,45,73,0,0,0
2019-07-31 19:15,87,45,42,0,0,0
2019-07-31 19:30,85,45,40,0,0,0
2019-07-31 19:45,74,34,40,0,0,0
2019-07-31 20:00,91,31,60,0,0,0
2019-07-31 20:15,43,19,24,0,0,0
2019-07-31 20:30,31,13,18,0,0,0
2019-07-31 20:45,51,25,26,0,0,0
2019-07-31 21:00,51,19,32,0,0,0
2019-07-31 21:15,63,31,32,0,0,0
2019-07-31 21:30,45,18,27,0,0,0
2019-07-31 21:45,70,37,33,0,0,0
2019-07-31 22:00,49,25,24,0,0,0
2019-07-31 22:15,35,21,14,0,0,0
2019-07-31 22:30,33,22,11,0,0,0
2019-07-31 22:45,28,14,14,0,0,0
2019-07-31 23:00,43,23,20,0,0,0
2019-07-31 23:15,26,9,17,0,0,0
2019-07-31 23:30,22,12,10,0,0,0
2019-07-31 23:45,18,9,9,0,0,0
