Datetime,100034983 (Warendorfer Straße),101034983 (Warendorfer Straße stadteinwärts),102034983 (Warendorfer Straße stadtauswärts),100034983-status,101034983-status,102034983-status
2020-10-01 00:00,23,13,10,0,0,0
2020-10-01 00:15,7,2,5,0,0,0
2020-10-01 00:30,5,0,5,0,0,0
2020-10-01 00:45,10,6,4,0,0,0
2020-10-01 01:00,7,3,4,0,0,0
2020-10-01 01:15,10,5,5,0,0,0
2020-10-01 01:30,3,1,2,0,0,0
2020-10-01 01:45,5,3,2,0,0,0
2020-10-01 02:00,7,2,5,0,0,0
2020-10-01 02:15,7,4,3,0,0,0
2020-10-01 02:30,2,1,1,0,0,0
2020-10-01 02:45,2,0,2,0,0,0
2020-10-01 03:00,10,10,0,0,0,0
2020-10-01 03:15,2,2,0,0,0,0
2020-10-01 03:30,3,3,0,0,0,0
2020-10-01 03:45,0,0,0,0,0,0
2020-10-01 04:00,4,3,1,0,0,0
2020-10-01 04:15,3,2,1,0,0,0
2020-10-01 04:30,3,1,2,0,0,0
2020-10-01 04:45,2,0,2,0,0,0
2020-10-01 05:00,3,2,1,0,0,0
2020-10-01 05:15,4,4,0,0,0,0
2020-10-01 05:30,16,11,5,0,0,0
2020-10-01 05:45,26,15,11,0,0,0
2020-10-01 06:00,18,9,9,0,0,0
2020-10-01 06:15,22,12,10,0,0,0
2020-10-01 06:30,45,24,21,0,0,0
2020-10-01 06:45,65,48,17,0,0,0
2020-10-01 07:00,68,51,17,0,0,0
2020-10-01 07:15,174,136,38,0,0,0
2020-10-01 07:30,277,224,53,0,0,0
2020-10-01 07:45,204,144,60,0,0,0
2020-10-01 08:00,135,105,30,0,0,0
2020-10-01 08:15,137,86,51,0,0,0
2020-10-01 08:30,129,93,36,0,0,0
2020-10-01 08:45,165,119,46,0,0,0
2020-10-01 09:00,105,75,30,0,0,0
2020-10-01 09:15,103,71,32,0,0,0
2020-10-01 09:30,100,72,28,0,0,0
2020-10-01 09:45,105,72,33,0,0,0
2020-10-01 10:00,85,53,32,0,0,0
2020-10-01 10:15,86,61,25,0,0,0
2020-10-01 10:30,96,66,30,0,0,0
2020-10-01 10:45,94,65,29,0,0,0
2020-10-01 11:00,88,62,26,0,0,0
2020-10-01 11:15,105,61,44,0,0,0
2020-10-01 11:30,106,66,40,0,0,0
2020-10-01 11:45,112,73,39,0,0,0
2020-10-01 12:00,102,54,48,0,0,0
2020-10-01 12:15,112,64,48,0,0,0
2020-10-01 12:30,106,59,47,0,0,0
2020-10-01 12:45,129,76,53,0,0,0
2020-10-01 13:00,148,69,79,0,0,0
2020-10-01 13:15,140,62,78,0,0,0
2020-10-01 13:30,113,61,52,0,0,0
2020-10-01 13:45,143,65,78,0,0,0
2020-10-01 14:00,158,64,94,0,0,0
2020-10-01 14:15,121,55,66,0,0,0
2020-10-01 14:30,118,64,54,0,0,0
2020-10-01 14:45,158,81,77,0,0,0
2020-10-01 15:00,164,87,77,0,0,0
2020-10-01 15:15,145,77,68,0,0,0
2020-10-01 15:30,157,78,79,0,0,0
2020-10-01 15:45,197,100,97,0,0,0
2020-10-01 16:00,201,92,109,0,0,0
2020-10-01 16:15,176,86,90,0,0,0
2020-10-01 16:30,165,83,82,0,0,0
2020-10-01 16:45,148,81,67,0,0,0
2020-10-01 17:00,144,55,89,0,0,0
2020-10-01 17:15,138,57,81,0,0,0
2020-10-01 17:30,114,48,66,0,0,0
2020-10-01 17:45,146,66,80,0,0,0
2020-10-01 18:00,100,33,67,0,0,0
2020-10-01 18:15,103,41,62,0,0,0
2020-10-01 18:30,95,33,62,0,0,0
2020-10-01 18:45,118,61,57,0,0,0
2020-10-01 19:00,114,42,72,0,0,0
2020-10-01 19:15,92,44,48,0,0,0
2020-10-01 19:30,88,35,53,0,0,0
2020-10-01 19:45,99,55,44,0,0,0
2020-10-01 20:00,63,28,35,0,0,0
2020-10-01 20:15,33,17,16,0,0,0
2020-10-01 20:30,34,14,20,0,0,0
2020-10-01 20:45,43,15,28,0,0,0
2020-10-01 21:00,41,12,29,0,0,0
2020-10-01 21:15,35,9,26,0,0,0
2020-10-01 21:30,32,14,18,0,0,0
2020-10-01 21:45,42,21,21,0,0,0
2020-10-01 22:00,34,18,16,0,0,0
2020-10-01 22:15,31,13,18,0,0,0
2020-10-01 22:30,27,15,12,0,0,0
2020-10-01 22:45,27,16,11,0,0,0
2020-10-01 23:00,36,17,19,0,0,0
2020-10-01 23:15,11,4,7,0,0,0
2020-10-01 23:30,15,7,8,0,0,0
2020-10-01 23:45,11,2,9,0,0,0
2020-10-02 00:00,12,4,8,0,0,0
2020-10-02 00:15,14,10,4,0,0,0
2020-10-02 00:30,14,11,3,0,0,0
2020-10-02 00:45,6,3,3,0,0,0
2020-10-02 01:00,8,4,4,0,0,0
2020-10-02 01:15,8,4,4,0,0,0
2020-10-02 01:30,6,3,3,0,0,0
2020-10-02 01:45,6,3,3,0,0,0
2020-10-02 02:00,0,0,0,0,0,0
2020-10-02 02:15,5,2,3,0,0,0
2020-10-02 02:30,2,0,2,0,0,0
2020-10-02 02:45,1,0,1,0,0,0
2020-10-02 03:00,0,0,0,0,0,0
2020-10-02 03:15,2,1,1,0,0,0
2020-10-02 03:30,3,3,0,0,0,0
2020-10-02 03:45,3,2,1,0,0,0
2020-10-02 04:00,2,1,1,0,0,0
2020-10-02 04:15,0,0,0,0,0,0
2020-10-02 04:30,4,1,3,0,0,0
2020-10-02 04:45,0,0,0,0,0,0
2020-10-02 05:00,1,1,0,0,0,0
2020-10-02 05:15,5,4,1,0,0,0
2020-10-02 05:30,8,5,3,0,0,0
2020-10-02 05:45,16,11,5,0,0,0
2020-10-02 06:00,13,4,9,0,0,0
2020-10-02 06:15,26,17,9,0,0,0
2020-10-02 06:30,34,16,18,0,0,0
2020-10-02 06:45,61,46,15,0,0,0
2020-10-02 07:00,75,55,20,0,0,0
2020-10-02 07:15,170,130,40,0,0,0
2020-10-02 07:30,248,204,44,0,0,0
2020-10-02 07:45,202,137,65,0,0,0
2020-10-02 08:00,125,101,24,0,0,0
2020-10-02 08:15,119,96,23,0,0,0
2020-10-02 08:30,161,118,43,0,0,0
2020-10-02 08:45,143,98,45,0,0,0
2020-10-02 09:00,103,82,21,0,0,0
2020-10-02 09:15,130,88,42,0,0,0
2020-10-02 09:30,103,74,29,0,0,0
2020-10-02 09:45,121,90,31,0,0,0
2020-10-02 10:00,108,74,34,0,0,0
2020-10-02 10:15,103,73,30,0,0,0
2020-10-02 10:30,117,85,32,0,0,0
2020-10-02 10:45,127,82,45,0,0,0
2020-10-02 11:00,123,85,38,0,0,0
2020-10-02 11:15,127,82,45,0,0,0
2020-10-02 11:30,128,78,50,0,0,0
2020-10-02 11:45,156,89,67,0,0,0
2020-10-02 12:00,136,76,60,0,0,0
2020-10-02 12:15,158,100,58,0,0,0
2020-10-02 12:30,188,100,88,0,0,0
2020-10-02 12:45,166,82,84,0,0,0
2020-10-02 13:00,185,80,105,0,0,0
2020-10-02 13:15,177,85,92,0,0,0
2020-10-02 13:30,141,69,72,0,0,0
2020-10-02 13:45,181,85,96,0,0,0
2020-10-02 14:00,169,85,84,0,0,0
2020-10-02 14:15,174,84,90,0,0,0
2020-10-02 14:30,168,87,81,0,0,0
2020-10-02 14:45,153,76,77,0,0,0
2020-10-02 15:00,184,97,87,0,0,0
2020-10-02 15:15,166,99,67,0,0,0
2020-10-02 15:30,154,86,68,0,0,0
2020-10-02 15:45,176,93,83,0,0,0
2020-10-02 16:00,177,94,83,0,0,0
2020-10-02 16:15,166,104,62,0,0,0
2020-10-02 16:30,178,100,78,0,0,0
2020-10-02 16:45,165,81,84,0,0,0
2020-10-02 17:00,155,83,72,0,0,0
2020-10-02 17:15,163,90,73,0,0,0
2020-10-02 17:30,149,66,83,0,0,0
2020-10-02 17:45,185,101,84,0,0,0
2020-10-02 18:00,154,83,71,0,0,0
2020-10-02 18:15,159,82,77,0,0,0
2020-10-02 18:30,121,52,69,0,0,0
2020-10-02 18:45,132,60,72,0,0,0
2020-10-02 19:00,119,64,55,0,0,0
2020-10-02 19:15,122,59,63,0,0,0
2020-10-02 19:30,92,48,44,0,0,0
2020-10-02 19:45,98,52,46,0,0,0
2020-10-02 20:00,105,51,54,0,0,0
2020-10-02 20:15,64,36,28,0,0,0
2020-10-02 20:30,53,25,28,0,0,0
2020-10-02 20:45,49,23,26,0,0,0
2020-10-02 21:00,60,36,24,0,0,0
2020-10-02 21:15,40,22,18,0,0,0
2020-10-02 21:30,39,22,17,0,0,0
2020-10-02 21:45,37,16,21,0,0,0
2020-10-02 22:00,39,21,18,0,0,0
2020-10-02 22:15,40,21,19,0,0,0
2020-10-02 22:30,44,30,14,0,0,0
2020-10-02 22:45,30,10,20,0,0,0
2020-10-02 23:00,31,13,18,0,0,0
2020-10-02 23:15,39,27,12,0,0,0
2020-10-02 23:30,40,24,16,0,0,0
2020-10-02 23:45,33,12,21,0,0,0
2020-10-03 00:00,31,12,19,0,0,0
2020-10-03 00:15,41,16,25,0,0,0
2020-10-03 00:30,19,11,8,0,0,0
2020-10-03 00:45,29,18,11,0,0,0
2020-10-03 01:00,27,12,15,0,0,0
2020-10-03 01:15,23,6,17,0,0,0
2020-10-03 01:30,19,7,12,0,0,0
2020-10-03 01:45,5,1,4,0,0,0
2020-10-03 02:00,17,4,13,0,0,0
2020-10-03 02:15,15,6,9,0,0,0
2020-10-03 02:30,13,3,10,0,0,0
2020-10-03 02:45,7,2,5,0,0,0
2020-10-03 03:00,2,0,2,0,0,0
2020-10-03 03:15,16,7,9,0,0,0
2020-10-03 03:30,8,0,8,0,0,0
2020-10-03 03:45,2,0,2,0,0,0
2020-10-03 04:00,12,3,9,0,0,0
2020-10-03 04:15,9,6,3,0,0,0
2020-10-03 04:30,0,0,0,0,0,0
2020-10-03 04:45,1,0,1,0,0,0
2020-10-03 05:00,1,0,1,0,0,0
2020-10-03 05:15,4,2,2,0,0,0
2020-10-03 05:30,7,2,5,0,0,0
2020-10-03 05:45,6,3,3,0,0,0
2020-10-03 06:00,6,3,3,0,0,0
2020-10-03 06:15,3,1,2,0,0,0
2020-10-03 06:30,5,4,1,0,0,0
2020-10-03 06:45,4,2,2,0,0,0
2020-10-03 07:00,1,1,0,0,0,0
2020-10-03 07:15,5,4,1,0,0,0
2020-10-03 07:30,2,1,1,0,0,0
2020-10-03 07:45,2,1,1,0,0,0
2020-10-03 08:00,11,5,6,0,0,0
2020-10-03 08:15,8,5,3,0,0,0
2020-10-03 08:30,11,9,2,0,0,0
2020-10-03 08:45,21,18,3,0,0,0
2020-10-03 09:00,29,13,16,0,0,0
2020-10-03 09:15,24,18,6,0,0,0
2020-10-03 09:30,33,13,20,0,0,0
2020-10-03 09:45,57,25,32,0,0,0
2020-10-03 10:00,48,33,15,0,0,0
2020-10-03 10:15,38,26,12,0,0,0
2020-10-03 10:30,33,17,16,0,0,0
2020-10-03 10:45,40,23,17,0,0,0
2020-10-03 11:00,38,24,14,0,0,0
2020-10-03 11:15,45,30,15,0,0,0
2020-10-03 11:30,41,22,19,0,0,0
2020-10-03 11:45,59,37,22,0,0,0
2020-10-03 12:00,42,19,23,0,0,0
2020-10-03 12:15,65,46,19,0,0,0
2020-10-03 12:30,49,36,13,0,0,0
2020-10-03 12:45,63,41,22,0,0,0
2020-10-03 13:00,83,55,28,0,0,0
2020-10-03 13:15,63,43,20,0,0,0
2020-10-03 13:30,65,46,19,0,0,0
2020-10-03 13:45,80,44,36,0,0,0
2020-10-03 14:00,74,41,33,0,0,0
2020-10-03 14:15,52,27,25,0,0,0
2020-10-03 14:30,69,49,20,0,0,0
2020-10-03 14:45,81,46,35,0,0,0
2020-10-03 15:00,64,27,37,0,0,0
2020-10-03 15:15,85,49,36,0,0,0
2020-10-03 15:30,53,30,23,0,0,0
2020-10-03 15:45,46,20,26,0,0,0
2020-10-03 16:00,50,32,18,0,0,0
2020-10-03 16:15,34,14,20,0,0,0
2020-10-03 16:30,33,21,12,0,0,0
2020-10-03 16:45,29,14,15,0,0,0
2020-10-03 17:00,18,9,9,0,0,0
2020-10-03 17:15,34,15,19,0,0,0
2020-10-03 17:30,39,21,18,0,0,0
2020-10-03 17:45,51,35,16,0,0,0
2020-10-03 18:00,57,35,22,0,0,0
2020-10-03 18:15,59,37,22,0,0,0
2020-10-03 18:30,28,14,14,0,0,0
2020-10-03 18:45,54,35,19,0,0,0
2020-10-03 19:00,37,21,16,0,0,0
2020-10-03 19:15,46,27,19,0,0,0
2020-10-03 19:30,56,32,24,0,0,0
2020-10-03 19:45,43,32,11,0,0,0
2020-10-03 20:00,35,25,10,0,0,0
2020-10-03 20:15,21,13,8,0,0,0
2020-10-03 20:30,51,32,19,0,0,0
2020-10-03 20:45,31,16,15,0,0,0
2020-10-03 21:00,27,9,18,0,0,0
2020-10-03 21:15,16,7,9,0,0,0
2020-10-03 21:30,23,12,11,0,0,0
2020-10-03 21:45,30,19,11,0,0,0
2020-10-03 22:00,22,12,10,0,0,0
2020-10-03 22:15,22,10,12,0,0,0
2020-10-03 22:30,32,26,6,0,0,0
2020-10-03 22:45,14,8,6,0,0,0
2020-10-03 23:00,13,5,8,0,0,0
2020-10-03 23:15,18,11,7,0,0,0
2020-10-03 23:30,17,9,8,0,0,0
2020-10-03 23:45,22,16,6,0,0,0
2020-10-04 00:00,26,13,13,0,0,0
2020-10-04 00:15,29,16,13,0,0,0
2020-10-04 00:30,14,3,11,0,0,0
2020-10-04 00:45,17,10,7,0,0,0
2020-10-04 01:00,15,5,10,0,0,0
2020-10-04 01:15,21,15,6,0,0,0
2020-10-04 01:30,10,3,7,0,0,0
2020-10-04 01:45,10,3,7,0,0,0
2020-10-04 02:00,8,4,4,0,0,0
2020-10-04 02:15,15,5,10,0,0,0
2020-10-04 02:30,6,4,2,0,0,0
2020-10-04 02:45,16,2,14,0,0,0
2020-10-04 03:00,12,7,5,0,0,0
2020-10-04 03:15,4,0,4,0,0,0
2020-10-04 03:30,7,1,6,0,0,0
2020-10-04 03:45,5,0,5,0,0,0
2020-10-04 04:00,3,1,2,0,0,0
2020-10-04 04:15,4,2,2,0,0,0
2020-10-04 04:30,1,0,1,0,0,0
2020-10-04 04:45,1,0,1,0,0,0
2020-10-04 05:00,1,0,1,0,0,0
2020-10-04 05:15,1,1,0,0,0,0
2020-10-04 05:30,7,4,3,0,0,0
2020-10-04 05:45,8,3,5,0,0,0
2020-10-04 06:00,8,3,5,0,0,0
2020-10-04 06:15,3,2,1,0,0,0
2020-10-04 06:30,4,3,1,0,0,0
2020-10-04 06:45,5,3,2,0,0,0
2020-10-04 07:00,1,1,0,0,0,0
2020-10-04 07:15,4,3,1,0,0,0
2020-10-04 07:30,7,5,2,0,0,0
2020-10-04 07:45,12,8,4,0,0,0
2020-10-04 08:00,3,2,1,0,0,0
2020-10-04 08:15,8,5,3,0,0,0
2020-10-04 08:30,11,8,3,0,0,0
2020-10-04 08:45,14,11,3,0,0,0
2020-10-04 09:00,17,11,6,0,0,0
2020-10-04 09:15,21,13,8,0,0,0
2020-10-04 09:30,25,17,8,0,0,0
2020-10-04 09:45,26,22,4,0,0,0
2020-10-04 10:00,30,17,13,0,0,0
2020-10-04 10:15,20,11,9,0,0,0
2020-10-04 10:30,27,17,10,0,0,0
2020-10-04 10:45,55,39,16,0,0,0
2020-10-04 11:00,32,21,11,0,0,0
2020-10-04 11:15,27,14,13,0,0,0
2020-10-04 11:30,28,13,15,0,0,0
2020-10-04 11:45,34,18,16,0,0,0
2020-10-04 12:00,43,27,16,0,0,0
2020-10-04 12:15,30,17,13,0,0,0
2020-10-04 12:30,57,36,21,0,0,0
2020-10-04 12:45,35,19,16,0,0,0
2020-10-04 13:00,54,33,21,0,0,0
2020-10-04 13:15,37,17,20,0,0,0
2020-10-04 13:30,51,30,21,0,0,0
2020-10-04 13:45,39,23,16,0,0,0
2020-10-04 14:00,34,23,11,0,0,0
2020-10-04 14:15,50,33,17,0,0,0
2020-10-04 14:30,58,41,17,0,0,0
2020-10-04 14:45,71,44,27,0,0,0
2020-10-04 15:00,71,43,28,0,0,0
2020-10-04 15:15,74,52,22,0,0,0
2020-10-04 15:30,60,41,19,0,0,0
2020-10-04 15:45,61,33,28,0,0,0
2020-10-04 16:00,53,34,19,0,0,0
2020-10-04 16:15,62,32,30,0,0,0
2020-10-04 16:30,68,29,39,0,0,0
2020-10-04 16:45,58,35,23,0,0,0
2020-10-04 17:00,70,50,20,0,0,0
2020-10-04 17:15,68,36,32,0,0,0
2020-10-04 17:30,67,33,34,0,0,0
2020-10-04 17:45,68,39,29,0,0,0
2020-10-04 18:00,57,31,26,0,0,0
2020-10-04 18:15,49,27,22,0,0,0
2020-10-04 18:30,45,26,19,0,0,0
2020-10-04 18:45,58,33,25,0,0,0
2020-10-04 19:00,32,12,20,0,0,0
2020-10-04 19:15,56,18,38,0,0,0
2020-10-04 19:30,46,23,23,0,0,0
2020-10-04 19:45,46,22,24,0,0,0
2020-10-04 20:00,32,22,10,0,0,0
2020-10-04 20:15,28,13,15,0,0,0
2020-10-04 20:30,25,14,11,0,0,0
2020-10-04 20:45,29,15,14,0,0,0
2020-10-04 21:00,23,11,12,0,0,0
2020-10-04 21:15,32,16,16,0,0,0
2020-10-04 21:30,17,7,10,0,0,0
2020-10-04 21:45,21,10,11,0,0,0
2020-10-04 22:00,19,13,6,0,0,0
2020-10-04 22:15,14,8,6,0,0,0
2020-10-04 22:30,16,6,10,0,0,0
2020-10-04 22:45,15,4,11,0,0,0
2020-10-04 23:00,11,6,5,0,0,0
2020-10-04 23:15,15,5,10,0,0,0
2020-10-04 23:30,9,6,3,0,0,0
2020-10-04 23:45,0,0,0,0,0,0
2020-10-05 00:00,5,5,0,0,0,0
2020-10-05 00:15,9,7,2,0,0,0
2020-10-05 00:30,2,0,2,0,0,0
2020-10-05 00:45,3,1,2,0,0,0
2020-10-05 01:00,4,3,1,0,0,0
2020-10-05 01:15,3,0,3,0,0,0
2020-10-05 01:30,4,2,2,0,0,0
2020-10-05 01:45,2,2,0,0,0,0
2020-10-05 02:00,2,0,2,0,0,0
2020-10-05 02:15,0,0,0,0,0,0
2020-10-05 02:30,0,0,0,0,0,0
2020-10-05 02:45,2,2,0,0,0,0
2020-10-05 03:00,0,0,0,0,0,0
2020-10-05 03:15,1,1,0,0,0,0
2020-10-05 03:30,2,1,1,0,0,0
2020-10-05 03:45,1,0,1,0,0,0
2020-10-05 04:00,1,0,1,0,0,0
2020-10-05 04:15,3,2,1,0,0,0
2020-10-05 04:30,4,2,2,0,0,0
2020-10-05 04:45,0,0,0,0,0,0
2020-10-05 05:00,2,2,0,0,0,0
2020-10-05 05:15,6,3,3,0,0,0
2020-10-05 05:30,13,8,5,0,0,0
2020-10-05 05:45,16,9,7,0,0,0
2020-10-05 06:00,21,13,8,0,0,0
2020-10-05 06:15,28,16,12,0,0,0
2020-10-05 06:30,32,21,11,0,0,0
2020-10-05 06:45,69,48,21,0,0,0
2020-10-05 07:00,71,49,22,0,0,0
2020-10-05 07:15,154,121,33,0,0,0
2020-10-05 07:30,302,239,63,0,0,0
2020-10-05 07:45,231,159,72,0,0,0
2020-10-05 08:00,123,90,33,0,0,0
2020-10-05 08:15,122,80,42,0,0,0
2020-10-05 08:30,111,82,29,0,0,0
2020-10-05 08:45,124,90,34,0,0,0
2020-10-05 09:00,100,70,30,0,0,0
2020-10-05 09:15,112,78,34,0,0,0
2020-10-05 09:30,88,64,24,0,0,0
2020-10-05 09:45,83,59,24,0,0,0
2020-10-05 10:00,90,65,25,0,0,0
2020-10-05 10:15,84,57,27,0,0,0
2020-10-05 10:30,85,52,33,0,0,0
2020-10-05 10:45,95,65,30,0,0,0
2020-10-05 11:00,95,60,35,0,0,0
2020-10-05 11:15,99,56,43,0,0,0
2020-10-05 11:30,83,46,37,0,0,0
2020-10-05 11:45,91,50,41,0,0,0
2020-10-05 12:00,119,70,49,0,0,0
2020-10-05 12:15,109,68,41,0,0,0
2020-10-05 12:30,115,58,57,0,0,0
2020-10-05 12:45,156,67,89,0,0,0
2020-10-05 13:00,136,63,73,0,0,0
2020-10-05 13:15,115,56,59,0,0,0
2020-10-05 13:30,99,58,41,0,0,0
2020-10-05 13:45,144,72,72,0,0,0
2020-10-05 14:00,116,52,64,0,0,0
2020-10-05 14:15,102,60,42,0,0,0
2020-10-05 14:30,122,73,49,0,0,0
2020-10-05 14:45,124,68,56,0,0,0
2020-10-05 15:00,143,87,56,0,0,0
2020-10-05 15:15,144,82,62,0,0,0
2020-10-05 15:30,167,85,82,0,0,0
2020-10-05 15:45,158,74,84,0,0,0
2020-10-05 16:00,140,84,56,0,0,0
2020-10-05 16:15,176,82,94,0,0,0
2020-10-05 16:30,180,99,81,0,0,0
2020-10-05 16:45,193,111,82,0,0,0
2020-10-05 17:00,179,100,79,0,0,0
2020-10-05 17:15,144,67,77,0,0,0
2020-10-05 17:30,169,87,82,0,0,0
2020-10-05 17:45,168,75,93,0,0,0
2020-10-05 18:00,152,80,72,0,0,0
2020-10-05 18:15,144,78,66,0,0,0
2020-10-05 18:30,104,40,64,0,0,0
2020-10-05 18:45,120,56,64,0,0,0
2020-10-05 19:00,103,35,68,0,0,0
2020-10-05 19:15,80,38,42,0,0,0
2020-10-05 19:30,70,28,42,0,0,0
2020-10-05 19:45,80,34,46,0,0,0
2020-10-05 20:00,75,29,46,0,0,0
2020-10-05 20:15,56,23,33,0,0,0
2020-10-05 20:30,39,23,16,0,0,0
2020-10-05 20:45,34,13,21,0,0,0
2020-10-05 21:00,40,17,23,0,0,0
2020-10-05 21:15,47,20,27,0,0,0
2020-10-05 21:30,43,21,22,0,0,0
2020-10-05 21:45,28,13,15,0,0,0
2020-10-05 22:00,29,15,14,0,0,0
2020-10-05 22:15,37,19,18,0,0,0
2020-10-05 22:30,20,8,12,0,0,0
2020-10-05 22:45,17,5,12,0,0,0
2020-10-05 23:00,17,9,8,0,0,0
2020-10-05 23:15,21,8,13,0,0,0
2020-10-05 23:30,9,4,5,0,0,0
2020-10-05 23:45,12,5,7,0,0,0
2020-10-06 00:00,11,2,9,0,0,0
2020-10-06 00:15,6,1,5,0,0,0
2020-10-06 00:30,4,2,2,0,0,0
2020-10-06 00:45,3,0,3,0,0,0
2020-10-06 01:00,3,1,2,0,0,0
2020-10-06 01:15,1,0,1,0,0,0
2020-10-06 01:30,0,0,0,0,0,0
2020-10-06 01:45,4,2,2,0,0,0
2020-10-06 02:00,4,2,2,0,0,0
2020-10-06 02:15,9,7,2,0,0,0
2020-10-06 02:30,2,1,1,0,0,0
2020-10-06 02:45,1,0,1,0,0,0
2020-10-06 03:00,0,0,0,0,0,0
2020-10-06 03:15,4,2,2,0,0,0
2020-10-06 03:30,2,2,0,0,0,0
2020-10-06 03:45,0,0,0,0,0,0
2020-10-06 04:00,2,2,0,0,0,0
2020-10-06 04:15,3,2,1,0,0,0
2020-10-06 04:30,1,0,1,0,0,0
2020-10-06 04:45,0,0,0,0,0,0
2020-10-06 05:00,3,3,0,0,0,0
2020-10-06 05:15,5,2,3,0,0,0
2020-10-06 05:30,12,5,7,0,0,0
2020-10-06 05:45,19,14,5,0,0,0
2020-10-06 06:00,15,8,7,0,0,0
2020-10-06 06:15,25,11,14,0,0,0
2020-10-06 06:30,57,35,22,0,0,0
2020-10-06 06:45,61,46,15,0,0,0
2020-10-06 07:00,89,64,25,0,0,0
2020-10-06 07:15,154,115,39,0,0,0
2020-10-06 07:30,300,241,59,0,0,0
2020-10-06 07:45,230,158,72,0,0,0
2020-10-06 08:00,153,111,42,0,0,0
2020-10-06 08:15,121,88,33,0,0,0
2020-10-06 08:30,144,113,31,0,0,0
2020-10-06 08:45,148,102,46,0,0,0
2020-10-06 09:00,78,60,18,0,0,0
2020-10-06 09:15,92,77,15,0,0,0
2020-10-06 09:30,87,66,21,0,0,0
2020-10-06 09:45,96,71,25,0,0,0
2020-10-06 10:00,91,64,27,0,0,0
2020-10-06 10:15,70,40,30,0,0,0
2020-10-06 10:30,91,56,35,0,0,0
2020-10-06 10:45,107,74,33,0,0,0
2020-10-06 11:00,97,72,25,0,0,0
2020-10-06 11:15,97,54,43,0,0,0
2020-10-06 11:30,101,52,49,0,0,0
2020-10-06 11:45,93,47,46,0,0,0
2020-10-06 12:00,82,49,33,0,0,0
2020-10-06 12:15,88,54,34,0,0,0
2020-10-06 12:30,119,51,68,0,0,0
2020-10-06 12:45,125,61,64,0,0,0
2020-10-06 13:00,130,71,59,0,0,0
2020-10-06 13:15,134,55,79,0,0,0
2020-10-06 13:30,107,49,58,0,0,0
2020-10-06 13:45,167,91,76,0,0,0
2020-10-06 14:00,114,55,59,0,0,0
2020-10-06 14:15,90,45,45,0,0,0
2020-10-06 14:30,122,58,64,0,0,0
2020-10-06 14:45,147,90,57,0,0,0
2020-10-06 15:00,135,62,73,0,0,0
2020-10-06 15:15,112,55,57,0,0,0
2020-10-06 15:30,151,77,74,0,0,0
2020-10-06 15:45,145,77,68,0,0,0
2020-10-06 16:00,188,101,87,0,0,0
2020-10-06 16:15,161,88,73,0,0,0
2020-10-06 16:30,139,67,72,0,0,0
2020-10-06 16:45,153,85,68,0,0,0
2020-10-06 17:00,178,92,86,0,0,0
2020-10-06 17:15,161,86,75,0,0,0
2020-10-06 17:30,150,67,83,0,0,0
2020-10-06 17:45,152,71,81,0,0,0
2020-10-06 18:00,142,62,80,0,0,0
2020-10-06 18:15,136,62,74,0,0,0
2020-10-06 18:30,145,66,79,0,0,0
2020-10-06 18:45,112,48,64,0,0,0
2020-10-06 19:00,100,49,51,0,0,0
2020-10-06 19:15,81,39,42,0,0,0
2020-10-06 19:30,82,35,47,0,0,0
2020-10-06 19:45,85,37,48,0,0,0
2020-10-06 20:00,80,38,42,0,0,0
2020-10-06 20:15,73,27,46,0,0,0
2020-10-06 20:30,31,12,19,0,0,0
2020-10-06 20:45,59,41,18,0,0,0
2020-10-06 21:00,52,32,20,0,0,0
2020-10-06 21:15,37,18,19,0,0,0
2020-10-06 21:30,43,23,20,0,0,0
2020-10-06 21:45,42,21,21,0,0,0
2020-10-06 22:00,40,22,18,0,0,0
2020-10-06 22:15,34,14,20,0,0,0
2020-10-06 22:30,39,16,23,0,0,0
2020-10-06 22:45,23,8,15,0,0,0
2020-10-06 23:00,18,8,10,0,0,0
2020-10-06 23:15,30,17,13,0,0,0
2020-10-06 23:30,17,6,11,0,0,0
2020-10-06 23:45,6,3,3,0,0,0
2020-10-07 00:00,8,4,4,0,0,0
2020-10-07 00:15,14,12,2,0,0,0
2020-10-07 00:30,5,0,5,0,0,0
2020-10-07 00:45,7,2,5,0,0,0
2020-10-07 01:00,7,6,1,0,0,0
2020-10-07 01:15,6,3,3,0,0,0
2020-10-07 01:30,5,3,2,0,0,0
2020-10-07 01:45,1,0,1,0,0,0
2020-10-07 02:00,1,0,1,0,0,0
2020-10-07 02:15,1,0,1,0,0,0
2020-10-07 02:30,2,0,2,0,0,0
2020-10-07 02:45,5,4,1,0,0,0
2020-10-07 03:00,0,0,0,0,0,0
2020-10-07 03:15,1,0,1,0,0,0
2020-10-07 03:30,1,1,0,0,0,0
2020-10-07 03:45,1,0,1,0,0,0
2020-10-07 04:00,0,0,0,0,0,0
2020-10-07 04:15,2,0,2,0,0,0
2020-10-07 04:30,1,0,1,0,0,0
2020-10-07 04:45,1,1,0,0,0,0
2020-10-07 05:00,0,0,0,0,0,0
2020-10-07 05:15,2,0,2,0,0,0
2020-10-07 05:30,11,9,2,0,0,0
2020-10-07 05:45,21,9,12,0,0,0
2020-10-07 06:00,14,8,6,0,0,0
2020-10-07 06:15,26,16,10,0,0,0
2020-10-07 06:30,32,18,14,0,0,0
2020-10-07 06:45,52,42,10,0,0,0
2020-10-07 07:00,96,63,33,0,0,0
2020-10-07 07:15,167,131,36,0,0,0
2020-10-07 07:30,286,237,49,0,0,0
2020-10-07 07:45,228,155,73,0,0,0
2020-10-07 08:00,159,121,38,0,0,0
2020-10-07 08:15,126,96,30,0,0,0
2020-10-07 08:30,107,74,33,0,0,0
2020-10-07 08:45,136,100,36,0,0,0
2020-10-07 09:00,103,72,31,0,0,0
2020-10-07 09:15,106,69,37,0,0,0
2020-10-07 09:30,101,79,22,0,0,0
2020-10-07 09:45,135,94,41,0,0,0
2020-10-07 10:00,108,80,28,0,0,0
2020-10-07 10:15,117,88,29,0,0,0
2020-10-07 10:30,102,62,40,0,0,0
2020-10-07 10:45,108,78,30,0,0,0
2020-10-07 11:00,110,73,37,0,0,0
2020-10-07 11:15,109,58,51,0,0,0
2020-10-07 11:30,123,78,45,0,0,0
2020-10-07 11:45,128,73,55,0,0,0
2020-10-07 12:00,133,76,57,0,0,0
2020-10-07 12:15,144,74,70,0,0,0
2020-10-07 12:30,142,63,79,0,0,0
2020-10-07 12:45,159,87,72,0,0,0
2020-10-07 13:00,111,39,72,0,0,0
2020-10-07 13:15,137,50,87,0,0,0
2020-10-07 13:30,126,56,70,0,0,0
2020-10-07 13:45,118,50,68,0,0,0
2020-10-07 14:00,93,38,55,0,0,0
2020-10-07 14:15,107,46,61,0,0,0
2020-10-07 14:30,88,40,48,0,0,0
2020-10-07 14:45,113,58,55,0,0,0
2020-10-07 15:00,90,37,53,0,0,0
2020-10-07 15:15,99,43,56,0,0,0
2020-10-07 15:30,115,51,64,0,0,0
2020-10-07 15:45,137,65,72,0,0,0
2020-10-07 16:00,128,63,65,0,0,0
2020-10-07 16:15,149,80,69,0,0,0
2020-10-07 16:30,109,54,55,0,0,0
2020-10-07 16:45,168,81,87,0,0,0
2020-10-07 17:00,129,67,62,0,0,0
2020-10-07 17:15,164,87,77,0,0,0
2020-10-07 17:30,155,80,75,0,0,0
2020-10-07 17:45,157,77,80,0,0,0
2020-10-07 18:00,141,50,91,0,0,0
2020-10-07 18:15,146,71,75,0,0,0
2020-10-07 18:30,117,37,80,0,0,0
2020-10-07 18:45,111,51,60,0,0,0
2020-10-07 19:00,110,41,69,0,0,0
2020-10-07 19:15,110,48,62,0,0,0
2020-10-07 19:30,93,45,48,0,0,0
2020-10-07 19:45,87,45,42,0,0,0
2020-10-07 20:00,71,30,41,0,0,0
2020-10-07 20:15,71,27,44,0,0,0
2020-10-07 20:30,55,29,26,0,0,0
2020-10-07 20:45,34,16,18,0,0,0
2020-10-07 21:00,64,24,40,0,0,0
2020-10-07 21:15,43,20,23,0,0,0
2020-10-07 21:30,62,32,30,0,0,0
2020-10-07 21:45,49,26,23,0,0,0
2020-10-07 22:00,52,19,33,0,0,0
2020-10-07 22:15,34,15,19,0,0,0
2020-10-07 22:30,29,9,20,0,0,0
2020-10-07 22:45,18,9,9,0,0,0
2020-10-07 23:00,22,8,14,0,0,0
2020-10-07 23:15,29,16,13,0,0,0
2020-10-07 23:30,11,3,8,0,0,0
2020-10-07 23:45,19,14,5,0,0,0
2020-10-08 00:00,13,7,6,0,0,0
2020-10-08 00:15,19,11,8,0,0,0
2020-10-08 00:30,26,23,3,0,0,0
2020-10-08 00:45,11,4,7,0,0,0
2020-10-08 01:00,5,1,4,0,0,0
2020-10-08 01:15,9,4,5,0,0,0
2020-10-08 01:30,4,1,3,0,0,0
2020-10-08 01:45,16,12,4,0,0,0
2020-10-08 02:00,5,2,3,0,0,0
2020-10-08 02:15,7,4,3,0,0,0
2020-10-08 02:30,5,1,4,0,0,0
2020-10-08 02:45,2,0,2,0,0,0
2020-10-08 03:00,2,2,0,0,0,0
2020-10-08 03:15,7,5,2,0,0,0
2020-10-08 03:30,0,0,0,0,0,0
2020-10-08 03:45,3,2,1,0,0,0
2020-10-08 04:00,1,0,1,0,0,0
2020-10-08 04:15,6,1,5,0,0,0
2020-10-08 04:30,1,1,0,0,0,0
2020-10-08 04:45,2,0,2,0,0,0
2020-10-08 05:00,1,1,0,0,0,0
2020-10-08 05:15,4,4,0,0,0,0
2020-10-08 05:30,7,3,4,0,0,0
2020-10-08 05:45,19,12,7,0,0,0
2020-10-08 06:00,20,10,10,0,0,0
2020-10-08 06:15,24,17,7,0,0,0
2020-10-08 06:30,32,21,11,0,0,0
2020-10-08 06:45,61,41,20,0,0,0
2020-10-08 07:00,81,57,24,0,0,0
2020-10-08 07:15,155,112,43,0,0,0
2020-10-08 07:30,280,228,52,0,0,0
2020-10-08 07:45,225,149,76,0,0,0
2020-10-08 08:00,121,89,32,0,0,0
2020-10-08 08:15,135,100,35,0,0,0
2020-10-08 08:30,78,59,19,0,0,0
2020-10-08 08:45,126,95,31,0,0,0
2020-10-08 09:00,74,52,22,0,0,0
2020-10-08 09:15,85,61,24,0,0,0
2020-10-08 09:30,84,64,20,0,0,0
2020-10-08 09:45,91,65,26,0,0,0
2020-10-08 10:00,67,53,14,0,0,0
2020-10-08 10:15,67,48,19,0,0,0
2020-10-08 10:30,44,28,16,0,0,0
2020-10-08 10:45,72,50,22,0,0,0
2020-10-08 11:00,55,35,20,0,0,0
2020-10-08 11:15,72,46,26,0,0,0
2020-10-08 11:30,54,26,28,0,0,0
2020-10-08 11:45,56,25,31,0,0,0
2020-10-08 12:00,82,40,42,0,0,0
2020-10-08 12:15,77,43,34,0,0,0
2020-10-08 12:30,89,39,50,0,0,0
2020-10-08 12:45,109,54,55,0,0,0
2020-10-08 13:00,116,54,62,0,0,0
2020-10-08 13:15,108,50,58,0,0,0
2020-10-08 13:30,98,38,60,0,0,0
2020-10-08 13:45,129,61,68,0,0,0
2020-10-08 14:00,113,45,68,0,0,0
2020-10-08 14:15,109,65,44,0,0,0
2020-10-08 14:30,96,54,42,0,0,0
2020-10-08 14:45,144,77,67,0,0,0
2020-10-08 15:00,135,76,59,0,0,0
2020-10-08 15:15,131,76,55,0,0,0
2020-10-08 15:30,115,49,66,0,0,0
2020-10-08 15:45,135,82,53,0,0,0
2020-10-08 16:00,119,62,57,0,0,0
2020-10-08 16:15,148,86,62,0,0,0
2020-10-08 16:30,124,69,55,0,0,0
2020-10-08 16:45,154,81,73,0,0,0
2020-10-08 17:00,131,66,65,0,0,0
2020-10-08 17:15,130,59,71,0,0,0
2020-10-08 17:30,109,33,76,0,0,0
2020-10-08 17:45,137,68,69,0,0,0
2020-10-08 18:00,104,44,60,0,0,0
2020-10-08 18:15,120,57,63,0,0,0
2020-10-08 18:30,79,30,49,0,0,0
2020-10-08 18:45,114,45,69,0,0,0
2020-10-08 19:00,65,26,39,0,0,0
2020-10-08 19:15,85,42,43,0,0,0
2020-10-08 19:30,59,22,37,0,0,0
2020-10-08 19:45,77,34,43,0,0,0
2020-10-08 20:00,50,27,23,0,0,0
2020-10-08 20:15,34,14,20,0,0,0
2020-10-08 20:30,30,13,17,0,0,0
2020-10-08 20:45,37,14,23,0,0,0
2020-10-08 21:00,23,9,14,0,0,0
2020-10-08 21:15,32,9,23,0,0,0
2020-10-08 21:30,37,19,18,0,0,0
2020-10-08 21:45,29,8,21,0,0,0
2020-10-08 22:00,31,11,20,0,0,0
2020-10-08 22:15,24,12,12,0,0,0
2020-10-08 22:30,19,9,10,0,0,0
2020-10-08 22:45,27,17,10,0,0,0
2020-10-08 23:00,24,10,14,0,0,0
2020-10-08 23:15,14,5,9,0,0,0
2020-10-08 23:30,18,5,13,0,0,0
2020-10-08 23:45,15,7,8,0,0,0
2020-10-09 00:00,14,7,7,0,0,0
2020-10-09 00:15,10,7,3,0,0,0
2020-10-09 00:30,5,3,2,0,0,0
2020-10-09 00:45,3,1,2,0,0,0
2020-10-09 01:00,1,1,0,0,0,0
2020-10-09 01:15,4,1,3,0,0,0
2020-10-09 01:30,5,2,3,0,0,0
2020-10-09 01:45,6,2,4,0,0,0
2020-10-09 02:00,0,0,0,0,0,0
2020-10-09 02:15,2,0,2,0,0,0
2020-10-09 02:30,2,0,2,0,0,0
2020-10-09 02:45,1,0,1,0,0,0
2020-10-09 03:00,1,1,0,0,0,0
2020-10-09 03:15,0,0,0,0,0,0
2020-10-09 03:30,1,0,1,0,0,0
2020-10-09 03:45,3,0,3,0,0,0
2020-10-09 04:00,2,1,1,0,0,0
2020-10-09 04:15,2,1,1,0,0,0
2020-10-09 04:30,2,1,1,0,0,0
2020-10-09 04:45,0,0,0,0,0,0
2020-10-09 05:00,2,0,2,0,0,0
2020-10-09 05:15,6,4,2,0,0,0
2020-10-09 05:30,8,4,4,0,0,0
2020-10-09 05:45,18,8,10,0,0,0
2020-10-09 06:00,16,7,9,0,0,0
2020-10-09 06:15,29,17,12,0,0,0
2020-10-09 06:30,38,20,18,0,0,0
2020-10-09 06:45,50,37,13,0,0,0
2020-10-09 07:00,60,39,21,0,0,0
2020-10-09 07:15,141,112,29,0,0,0
2020-10-09 07:30,261,209,52,0,0,0
2020-10-09 07:45,211,147,64,0,0,0
2020-10-09 08:00,127,92,35,0,0,0
2020-10-09 08:15,130,98,32,0,0,0
2020-10-09 08:30,92,58,34,0,0,0
2020-10-09 08:45,157,119,38,0,0,0
2020-10-09 09:00,107,70,37,0,0,0
2020-10-09 09:15,125,85,40,0,0,0
2020-10-09 09:30,97,66,31,0,0,0
2020-10-09 09:45,105,79,26,0,0,0
2020-10-09 10:00,83,63,20,0,0,0
2020-10-09 10:15,97,66,31,0,0,0
2020-10-09 10:30,81,56,25,0,0,0
2020-10-09 10:45,118,77,41,0,0,0
2020-10-09 11:00,94,58,36,0,0,0
2020-10-09 11:15,139,81,58,0,0,0
2020-10-09 11:30,110,68,42,0,0,0
2020-10-09 11:45,117,71,46,0,0,0
2020-10-09 12:00,121,74,47,0,0,0
2020-10-09 12:15,128,69,59,0,0,0
2020-10-09 12:30,159,78,81,0,0,0
2020-10-09 12:45,152,67,85,0,0,0
2020-10-09 13:00,155,69,86,0,0,0
2020-10-09 13:15,166,63,103,0,0,0
2020-10-09 13:30,133,55,78,0,0,0
2020-10-09 13:45,186,101,85,0,0,0
2020-10-09 14:00,148,76,72,0,0,0
2020-10-09 14:15,174,96,78,0,0,0
2020-10-09 14:30,170,99,71,0,0,0
2020-10-09 14:45,179,101,78,0,0,0
2020-10-09 15:00,158,82,76,0,0,0
2020-10-09 15:15,147,86,61,0,0,0
2020-10-09 15:30,108,78,30,0,0,0
2020-10-09 15:45,137,81,56,0,0,0
2020-10-09 16:00,159,82,77,0,0,0
2020-10-09 16:15,160,89,71,0,0,0
2020-10-09 16:30,169,98,71,0,0,0
2020-10-09 16:45,150,81,69,0,0,0
2020-10-09 17:00,145,67,78,0,0,0
2020-10-09 17:15,151,73,78,0,0,0
2020-10-09 17:30,126,61,65,0,0,0
2020-10-09 17:45,151,74,77,0,0,0
2020-10-09 18:00,123,61,62,0,0,0
2020-10-09 18:15,127,59,68,0,0,0
2020-10-09 18:30,116,46,70,0,0,0
2020-10-09 18:45,161,82,79,0,0,0
2020-10-09 19:00,91,44,47,0,0,0
2020-10-09 19:15,94,44,50,0,0,0
2020-10-09 19:30,84,39,45,0,0,0
2020-10-09 19:45,105,55,50,0,0,0
2020-10-09 20:00,87,36,51,0,0,0
2020-10-09 20:15,66,35,31,0,0,0
2020-10-09 20:30,59,30,29,0,0,0
2020-10-09 20:45,59,32,27,0,0,0
2020-10-09 21:00,51,24,27,0,0,0
2020-10-09 21:15,41,28,13,0,0,0
2020-10-09 21:30,38,21,17,0,0,0
2020-10-09 21:45,29,18,11,0,0,0
2020-10-09 22:00,30,10,20,0,0,0
2020-10-09 22:15,69,41,28,0,0,0
2020-10-09 22:30,45,24,21,0,0,0
2020-10-09 22:45,31,12,19,0,0,0
2020-10-09 23:00,44,16,28,0,0,0
2020-10-09 23:15,31,17,14,0,0,0
2020-10-09 23:30,24,9,15,0,0,0
2020-10-09 23:45,29,11,18,0,0,0
2020-10-10 00:00,23,14,9,0,0,0
2020-10-10 00:15,31,15,16,0,0,0
2020-10-10 00:30,19,7,12,0,0,0
2020-10-10 00:45,25,14,11,0,0,0
2020-10-10 01:00,24,5,19,0,0,0
2020-10-10 01:15,25,9,16,0,0,0
2020-10-10 01:30,17,8,9,0,0,0
2020-10-10 01:45,16,6,10,0,0,0
2020-10-10 02:00,15,9,6,0,0,0
2020-10-10 02:15,9,6,3,0,0,0
2020-10-10 02:30,13,3,10,0,0,0
2020-10-10 02:45,6,0,6,0,0,0
2020-10-10 03:00,15,7,8,0,0,0
2020-10-10 03:15,8,4,4,0,0,0
2020-10-10 03:30,7,4,3,0,0,0
2020-10-10 03:45,4,0,4,0,0,0
2020-10-10 04:00,2,0,2,0,0,0
2020-10-10 04:15,1,1,0,0,0,0
2020-10-10 04:30,3,0,3,0,0,0
2020-10-10 04:45,3,1,2,0,0,0
2020-10-10 05:00,1,1,0,0,0,0
2020-10-10 05:15,0,0,0,0,0,0
2020-10-10 05:30,9,6,3,0,0,0
2020-10-10 05:45,13,3,10,0,0,0
2020-10-10 06:00,7,3,4,0,0,0
2020-10-10 06:15,11,8,3,0,0,0
2020-10-10 06:30,3,3,0,0,0,0
2020-10-10 06:45,15,9,6,0,0,0
2020-10-10 07:00,16,13,3,0,0,0
2020-10-10 07:15,13,8,5,0,0,0
2020-10-10 07:30,21,12,9,0,0,0
2020-10-10 07:45,38,23,15,0,0,0
2020-10-10 08:00,33,26,7,0,0,0
2020-10-10 08:15,30,19,11,0,0,0
2020-10-10 08:30,38,30,8,0,0,0
2020-10-10 08:45,74,49,25,0,0,0
2020-10-10 09:00,62,47,15,0,0,0
2020-10-10 09:15,72,59,13,0,0,0
2020-10-10 09:30,76,58,18,0,0,0
2020-10-10 09:45,126,101,25,0,0,0
2020-10-10 10:00,104,87,17,0,0,0
2020-10-10 10:15,109,90,19,0,0,0
2020-10-10 10:30,127,94,33,0,0,0
2020-10-10 10:45,161,122,39,0,0,0
2020-10-10 11:00,159,123,36,0,0,0
2020-10-10 11:15,157,107,50,0,0,0
2020-10-10 11:30,158,102,56,0,0,0
2020-10-10 11:45,139,95,44,0,0,0
2020-10-10 12:00,148,90,58,0,0,0
2020-10-10 12:15,173,94,79,0,0,0
2020-10-10 12:30,172,111,61,0,0,0
2020-10-10 12:45,167,101,66,0,0,0
2020-10-10 13:00,134,78,56,0,0,0
2020-10-10 13:15,156,79,77,0,0,0
2020-10-10 13:30,130,75,55,0,0,0
2020-10-10 13:45,146,81,65,0,0,0
2020-10-10 14:00,137,74,63,0,0,0
2020-10-10 14:15,136,72,64,0,0,0
2020-10-10 14:30,143,51,92,0,0,0
2020-10-10 14:45,122,58,64,0,0,0
2020-10-10 15:00,120,57,63,0,0,0
2020-10-10 15:15,97,44,53,0,0,0
2020-10-10 15:30,101,41,60,0,0,0
2020-10-10 15:45,83,56,27,0,0,0
2020-10-10 16:00,97,33,64,0,0,0
2020-10-10 16:15,85,33,52,0,0,0
2020-10-10 16:30,96,47,49,0,0,0
2020-10-10 16:45,65,29,36,0,0,0
2020-10-10 17:00,86,25,61,0,0,0
2020-10-10 17:15,88,46,42,0,0,0
2020-10-10 17:30,67,24,43,0,0,0
2020-10-10 17:45,86,44,42,0,0,0
2020-10-10 18:00,83,44,39,0,0,0
2020-10-10 18:15,73,24,49,0,0,0
2020-10-10 18:30,77,32,45,0,0,0
2020-10-10 18:45,68,33,35,0,0,0
2020-10-10 19:00,70,38,32,0,0,0
2020-10-10 19:15,36,20,16,0,0,0
2020-10-10 19:30,40,25,15,0,0,0
2020-10-10 19:45,51,31,20,0,0,0
2020-10-10 20:00,54,27,27,0,0,0
2020-10-10 20:15,32,21,11,0,0,0
2020-10-10 20:30,41,23,18,0,0,0
2020-10-10 20:45,24,8,16,0,0,0
2020-10-10 21:00,18,4,14,0,0,0
2020-10-10 21:15,30,11,19,0,0,0
2020-10-10 21:30,20,15,5,0,0,0
2020-10-10 21:45,20,7,13,0,0,0
2020-10-10 22:00,16,6,10,0,0,0
2020-10-10 22:15,18,7,11,0,0,0
2020-10-10 22:30,21,12,9,0,0,0
2020-10-10 22:45,20,15,5,0,0,0
2020-10-10 23:00,30,13,17,0,0,0
2020-10-10 23:15,23,13,10,0,0,0
2020-10-10 23:30,23,9,14,0,0,0
2020-10-10 23:45,24,14,10,0,0,0
2020-10-11 00:00,21,10,11,0,0,0
2020-10-11 00:15,8,3,5,0,0,0
2020-10-11 00:30,13,8,5,0,0,0
2020-10-11 00:45,13,5,8,0,0,0
2020-10-11 01:00,14,4,10,0,0,0
2020-10-11 01:15,22,12,10,0,0,0
2020-10-11 01:30,11,5,6,0,0,0
2020-10-11 01:45,13,7,6,0,0,0
2020-10-11 02:00,4,3,1,0,0,0
2020-10-11 02:15,15,9,6,0,0,0
2020-10-11 02:30,4,2,2,0,0,0
2020-10-11 02:45,8,4,4,0,0,0
2020-10-11 03:00,7,4,3,0,0,0
2020-10-11 03:15,3,0,3,0,0,0
2020-10-11 03:30,10,3,7,0,0,0
2020-10-11 03:45,4,1,3,0,0,0
2020-10-11 04:00,4,2,2,0,0,0
2020-10-11 04:15,5,3,2,0,0,0
2020-10-11 04:30,2,0,2,0,0,0
2020-10-11 04:45,2,0,2,0,0,0
2020-10-11 05:00,0,0,0,0,0,0
2020-10-11 05:15,0,0,0,0,0,0
2020-10-11 05:30,11,3,8,0,0,0
2020-10-11 05:45,8,2,6,0,0,0
2020-10-11 06:00,6,4,2,0,0,0
2020-10-11 06:15,5,3,2,0,0,0
2020-10-11 06:30,2,2,0,0,0,0
2020-10-11 06:45,9,7,2,0,0,0
2020-10-11 07:00,4,1,3,0,0,0
2020-10-11 07:15,5,3,2,0,0,0
2020-10-11 07:30,4,2,2,0,0,0
2020-10-11 07:45,1,1,0,0,0,0
2020-10-11 08:00,6,4,2,0,0,0
2020-10-11 08:15,9,9,0,0,0,0
2020-10-11 08:30,14,8,6,0,0,0
2020-10-11 08:45,22,14,8,0,0,0
2020-10-11 09:00,16,11,5,0,0,0
2020-10-11 09:15,12,9,3,0,0,0
2020-10-11 09:30,21,14,7,0,0,0
2020-10-11 09:45,42,34,8,0,0,0
2020-10-11 10:00,40,31,9,0,0,0
2020-10-11 10:15,31,23,8,0,0,0
2020-10-11 10:30,29,18,11,0,0,0
2020-10-11 10:45,31,19,12,0,0,0
2020-10-11 11:00,34,17,17,0,0,0
2020-10-11 11:15,40,27,13,0,0,0
2020-10-11 11:30,46,38,8,0,0,0
2020-10-11 11:45,38,30,8,0,0,0
2020-10-11 12:00,34,21,13,0,0,0
2020-10-11 12:15,48,31,17,0,0,0
2020-10-11 12:30,53,29,24,0,0,0
2020-10-11 12:45,68,42,26,0,0,0
2020-10-11 13:00,49,27,22,0,0,0
2020-10-11 13:15,37,23,14,0,0,0
2020-10-11 13:30,54,33,21,0,0,0
2020-10-11 13:45,57,31,26,0,0,0
2020-10-11 14:00,61,32,29,0,0,0
2020-10-11 14:15,54,29,25,0,0,0
2020-10-11 14:30,63,40,23,0,0,0
2020-10-11 14:45,71,40,31,0,0,0
2020-10-11 15:00,74,48,26,0,0,0
2020-10-11 15:15,66,41,25,0,0,0
2020-10-11 15:30,35,14,21,0,0,0
2020-10-11 15:45,57,33,24,0,0,0
2020-10-11 16:00,46,24,22,0,0,0
2020-10-11 16:15,46,25,21,0,0,0
2020-10-11 16:30,45,28,17,0,0,0
2020-10-11 16:45,55,25,30,0,0,0
2020-10-11 17:00,52,30,22,0,0,0
2020-10-11 17:15,36,20,16,0,0,0
2020-10-11 17:30,40,25,15,0,0,0
2020-10-11 17:45,47,30,17,0,0,0
2020-10-11 18:00,51,30,21,0,0,0
2020-10-11 18:15,49,32,17,0,0,0
2020-10-11 18:30,37,20,17,0,0,0
2020-10-11 18:45,52,35,17,0,0,0
2020-10-11 19:00,33,13,20,0,0,0
2020-10-11 19:15,38,22,16,0,0,0
2020-10-11 19:30,34,19,15,0,0,0
2020-10-11 19:45,28,11,17,0,0,0
2020-10-11 20:00,29,14,15,0,0,0
2020-10-11 20:15,41,24,17,0,0,0
2020-10-11 20:30,28,14,14,0,0,0
2020-10-11 20:45,20,11,9,0,0,0
2020-10-11 21:00,26,16,10,0,0,0
2020-10-11 21:15,16,5,11,0,0,0
2020-10-11 21:30,15,6,9,0,0,0
2020-10-11 21:45,22,6,16,0,0,0
2020-10-11 22:00,10,2,8,0,0,0
2020-10-11 22:15,12,7,5,0,0,0
2020-10-11 22:30,7,5,2,0,0,0
2020-10-11 22:45,11,6,5,0,0,0
2020-10-11 23:00,6,1,5,0,0,0
2020-10-11 23:15,16,5,11,0,0,0
2020-10-11 23:30,6,5,1,0,0,0
2020-10-11 23:45,7,4,3,0,0,0
2020-10-12 00:00,13,12,1,0,0,0
2020-10-12 00:15,1,1,0,0,0,0
2020-10-12 00:30,2,1,1,0,0,0
2020-10-12 00:45,4,3,1,0,0,0
2020-10-12 01:00,5,3,2,0,0,0
2020-10-12 01:15,6,5,1,0,0,0
2020-10-12 01:30,2,1,1,0,0,0
2020-10-12 01:45,1,1,0,0,0,0
2020-10-12 02:00,5,2,3,0,0,0
2020-10-12 02:15,6,2,4,0,0,0
2020-10-12 02:30,1,0,1,0,0,0
2020-10-12 02:45,0,0,0,0,0,0
2020-10-12 03:00,0,0,0,0,0,0
2020-10-12 03:15,0,0,0,0,0,0
2020-10-12 03:30,1,1,0,0,0,0
2020-10-12 03:45,0,0,0,0,0,0
2020-10-12 04:00,0,0,0,0,0,0
2020-10-12 04:15,1,1,0,0,0,0
2020-10-12 04:30,0,0,0,0,0,0
2020-10-12 04:45,0,0,0,0,0,0
2020-10-12 05:00,2,1,1,0,0,0
2020-10-12 05:15,6,5,1,0,0,0
2020-10-12 05:30,6,6,0,0,0,0
2020-10-12 05:45,18,9,9,0,0,0
2020-10-12 06:00,13,6,7,0,0,0
2020-10-12 06:15,20,14,6,0,0,0
2020-10-12 06:30,43,26,17,0,0,0
2020-10-12 06:45,48,30,18,0,0,0
2020-10-12 07:00,69,45,24,0,0,0
2020-10-12 07:15,77,56,21,0,0,0
2020-10-12 07:30,117,83,34,0,0,0
2020-10-12 07:45,130,91,39,0,0,0
2020-10-12 08:00,98,73,25,0,0,0
2020-10-12 08:15,113,86,27,0,0,0
2020-10-12 08:30,93,65,28,0,0,0
2020-10-12 08:45,118,92,26,0,0,0
2020-10-12 09:00,63,48,15,0,0,0
2020-10-12 09:15,83,66,17,0,0,0
2020-10-12 09:30,67,45,22,0,0,0
2020-10-12 09:45,107,77,30,0,0,0
2020-10-12 10:00,74,49,25,0,0,0
2020-10-12 10:15,70,48,22,0,0,0
2020-10-12 10:30,81,61,20,0,0,0
2020-10-12 10:45,81,62,19,0,0,0
2020-10-12 11:00,72,54,18,0,0,0
2020-10-12 11:15,74,41,33,0,0,0
2020-10-12 11:30,81,46,35,0,0,0
2020-10-12 11:45,88,56,32,0,0,0
2020-10-12 12:00,103,64,39,0,0,0
2020-10-12 12:15,110,68,42,0,0,0
2020-10-12 12:30,120,72,48,0,0,0
2020-10-12 12:45,106,55,51,0,0,0
2020-10-12 13:00,97,57,40,0,0,0
2020-10-12 13:15,116,67,49,0,0,0
2020-10-12 13:30,111,58,53,0,0,0
2020-10-12 13:45,107,57,50,0,0,0
2020-10-12 14:00,100,48,52,0,0,0
2020-10-12 14:15,108,51,57,0,0,0
2020-10-12 14:30,136,83,53,0,0,0
2020-10-12 14:45,138,75,63,0,0,0
2020-10-12 15:00,144,81,63,0,0,0
2020-10-12 15:15,116,72,44,0,0,0
2020-10-12 15:30,138,91,47,0,0,0
2020-10-12 15:45,144,85,59,0,0,0
2020-10-12 16:00,169,97,72,0,0,0
2020-10-12 16:15,132,64,68,0,0,0
2020-10-12 16:30,125,76,49,0,0,0
2020-10-12 16:45,175,84,91,0,0,0
2020-10-12 17:00,176,99,77,0,0,0
2020-10-12 17:15,165,72,93,0,0,0
2020-10-12 17:30,131,59,72,0,0,0
2020-10-12 17:45,141,83,58,0,0,0
2020-10-12 18:00,133,60,73,0,0,0
2020-10-12 18:15,135,60,75,0,0,0
2020-10-12 18:30,109,44,65,0,0,0
2020-10-12 18:45,99,50,49,0,0,0
2020-10-12 19:00,95,33,62,0,0,0
2020-10-12 19:15,86,43,43,0,0,0
2020-10-12 19:30,82,32,50,0,0,0
2020-10-12 19:45,76,32,44,0,0,0
2020-10-12 20:00,42,15,27,0,0,0
2020-10-12 20:15,41,18,23,0,0,0
2020-10-12 20:30,45,21,24,0,0,0
2020-10-12 20:45,32,19,13,0,0,0
2020-10-12 21:00,41,27,14,0,0,0
2020-10-12 21:15,30,17,13,0,0,0
2020-10-12 21:30,27,14,13,0,0,0
2020-10-12 21:45,35,15,20,0,0,0
2020-10-12 22:00,40,18,22,0,0,0
2020-10-12 22:15,29,15,14,0,0,0
2020-10-12 22:30,25,10,15,0,0,0
2020-10-12 22:45,24,14,10,0,0,0
2020-10-12 23:00,20,10,10,0,0,0
2020-10-12 23:15,26,9,17,0,0,0
2020-10-12 23:30,9,3,6,0,0,0
2020-10-12 23:45,14,3,11,0,0,0
2020-10-13 00:00,9,2,7,0,0,0
2020-10-13 00:15,10,1,9,0,0,0
2020-10-13 00:30,10,5,5,0,0,0
2020-10-13 00:45,14,8,6,0,0,0
2020-10-13 01:00,7,3,4,0,0,0
2020-10-13 01:15,5,1,4,0,0,0
2020-10-13 01:30,2,1,1,0,0,0
2020-10-13 01:45,2,2,0,0,0,0
2020-10-13 02:00,5,5,0,0,0,0
2020-10-13 02:15,0,0,0,0,0,0
2020-10-13 02:30,6,2,4,0,0,0
2020-10-13 02:45,7,2,5,0,0,0
2020-10-13 03:00,0,0,0,0,0,0
2020-10-13 03:15,1,1,0,0,0,0
2020-10-13 03:30,0,0,0,0,0,0
2020-10-13 03:45,0,0,0,0,0,0
2020-10-13 04:00,0,0,0,0,0,0
2020-10-13 04:15,1,1,0,0,0,0
2020-10-13 04:30,2,0,2,0,0,0
2020-10-13 04:45,1,0,1,0,0,0
2020-10-13 05:00,1,1,0,0,0,0
2020-10-13 05:15,5,4,1,0,0,0
2020-10-13 05:30,14,9,5,0,0,0
2020-10-13 05:45,18,8,10,0,0,0
2020-10-13 06:00,17,10,7,0,0,0
2020-10-13 06:15,26,18,8,0,0,0
2020-10-13 06:30,43,28,15,0,0,0
2020-10-13 06:45,62,39,23,0,0,0
2020-10-13 07:00,80,56,24,0,0,0
2020-10-13 07:15,81,52,29,0,0,0
2020-10-13 07:30,117,82,35,0,0,0
2020-10-13 07:45,174,120,54,0,0,0
2020-10-13 08:00,119,87,32,0,0,0
2020-10-13 08:15,121,87,34,0,0,0
2020-10-13 08:30,101,80,21,0,0,0
2020-10-13 08:45,159,130,29,0,0,0
2020-10-13 09:00,87,64,23,0,0,0
2020-10-13 09:15,80,60,20,0,0,0
2020-10-13 09:30,79,60,19,0,0,0
2020-10-13 09:45,111,89,22,0,0,0
2020-10-13 10:00,73,49,24,0,0,0
2020-10-13 10:15,74,54,20,0,0,0
2020-10-13 10:30,97,69,28,0,0,0
2020-10-13 10:45,108,74,34,0,0,0
2020-10-13 11:00,87,58,29,0,0,0
2020-10-13 11:15,92,61,31,0,0,0
2020-10-13 11:30,122,80,42,0,0,0
2020-10-13 11:45,119,79,40,0,0,0
2020-10-13 12:00,107,59,48,0,0,0
2020-10-13 12:15,110,67,43,0,0,0
2020-10-13 12:30,125,74,51,0,0,0
2020-10-13 12:45,125,72,53,0,0,0
2020-10-13 13:00,110,63,47,0,0,0
2020-10-13 13:15,92,55,37,0,0,0
2020-10-13 13:30,108,56,52,0,0,0
2020-10-13 13:45,118,68,50,0,0,0
2020-10-13 14:00,120,78,42,0,0,0
2020-10-13 14:15,124,77,47,0,0,0
2020-10-13 14:30,118,69,49,0,0,0
2020-10-13 14:45,162,99,63,0,0,0
2020-10-13 15:00,134,85,49,0,0,0
2020-10-13 15:15,122,80,42,0,0,0
2020-10-13 15:30,166,98,68,0,0,0
2020-10-13 15:45,164,94,70,0,0,0
2020-10-13 16:00,148,73,75,0,0,0
2020-10-13 16:15,141,70,71,0,0,0
2020-10-13 16:30,155,74,81,0,0,0
2020-10-13 16:45,169,85,84,0,0,0
2020-10-13 17:00,169,72,97,0,0,0
2020-10-13 17:15,165,71,94,0,0,0
2020-10-13 17:30,162,75,87,0,0,0
2020-10-13 17:45,175,92,83,0,0,0
2020-10-13 18:00,150,62,88,0,0,0
2020-10-13 18:15,157,69,88,0,0,0
2020-10-13 18:30,124,56,68,0,0,0
2020-10-13 18:45,157,70,87,0,0,0
2020-10-13 19:00,113,51,62,0,0,0
2020-10-13 19:15,99,48,51,0,0,0
2020-10-13 19:30,86,47,39,0,0,0
2020-10-13 19:45,65,37,28,0,0,0
2020-10-13 20:00,87,39,48,0,0,0
2020-10-13 20:15,57,26,31,0,0,0
2020-10-13 20:30,49,19,30,0,0,0
2020-10-13 20:45,44,22,22,0,0,0
2020-10-13 21:00,47,29,18,0,0,0
2020-10-13 21:15,40,20,20,0,0,0
2020-10-13 21:30,48,24,24,0,0,0
2020-10-13 21:45,36,18,18,0,0,0
2020-10-13 22:00,24,10,14,0,0,0
2020-10-13 22:15,37,12,25,0,0,0
2020-10-13 22:30,42,26,16,0,0,0
2020-10-13 22:45,28,14,14,0,0,0
2020-10-13 23:00,31,18,13,0,0,0
2020-10-13 23:15,27,13,14,0,0,0
2020-10-13 23:30,16,6,10,0,0,0
2020-10-13 23:45,17,9,8,0,0,0
2020-10-14 00:00,8,2,6,0,0,0
2020-10-14 00:15,4,0,4,0,0,0
2020-10-14 00:30,7,1,6,0,0,0
2020-10-14 00:45,7,2,5,0,0,0
2020-10-14 01:00,9,5,4,0,0,0
2020-10-14 01:15,4,1,3,0,0,0
2020-10-14 01:30,3,0,3,0,0,0
2020-10-14 01:45,3,1,2,0,0,0
2020-10-14 02:00,3,2,1,0,0,0
2020-10-14 02:15,3,3,0,0,0,0
2020-10-14 02:30,6,4,2,0,0,0
2020-10-14 02:45,2,1,1,0,0,0
2020-10-14 03:00,0,0,0,0,0,0
2020-10-14 03:15,2,1,1,0,0,0
2020-10-14 03:30,2,1,1,0,0,0
2020-10-14 03:45,0,0,0,0,0,0
2020-10-14 04:00,0,0,0,0,0,0
2020-10-14 04:15,0,0,0,0,0,0
2020-10-14 04:30,1,1,0,0,0,0
2020-10-14 04:45,3,1,2,0,0,0
2020-10-14 05:00,1,0,1,0,0,0
2020-10-14 05:15,2,1,1,0,0,0
2020-10-14 05:30,12,9,3,0,0,0
2020-10-14 05:45,20,13,7,0,0,0
2020-10-14 06:00,21,13,8,0,0,0
2020-10-14 06:15,27,17,10,0,0,0
2020-10-14 06:30,31,21,10,0,0,0
2020-10-14 06:45,70,43,27,0,0,0
2020-10-14 07:00,78,54,24,0,0,0
2020-10-14 07:15,83,47,36,0,0,0
2020-10-14 07:30,95,72,23,0,0,0
2020-10-14 07:45,169,119,50,0,0,0
2020-10-14 08:00,107,80,27,0,0,0
2020-10-14 08:15,121,93,28,0,0,0
2020-10-14 08:30,106,82,24,0,0,0
2020-10-14 08:45,138,111,27,0,0,0
2020-10-14 09:00,88,65,23,0,0,0
2020-10-14 09:15,84,68,16,0,0,0
2020-10-14 09:30,86,67,19,0,0,0
2020-10-14 09:45,115,87,28,0,0,0
2020-10-14 10:00,97,78,19,0,0,0
2020-10-14 10:15,82,59,23,0,0,0
2020-10-14 10:30,91,66,25,0,0,0
2020-10-14 10:45,110,75,35,0,0,0
2020-10-14 11:00,105,72,33,0,0,0
2020-10-14 11:15,125,85,40,0,0,0
2020-10-14 11:30,120,69,51,0,0,0
2020-10-14 11:45,147,98,49,0,0,0
2020-10-14 12:00,127,84,43,0,0,0
2020-10-14 12:15,108,69,39,0,0,0
2020-10-14 12:30,118,69,49,0,0,0
2020-10-14 12:45,134,77,57,0,0,0
2020-10-14 13:00,147,67,80,0,0,0
2020-10-14 13:15,122,72,50,0,0,0
2020-10-14 13:30,116,63,53,0,0,0
2020-10-14 13:45,101,46,55,0,0,0
2020-10-14 14:00,119,60,59,0,0,0
2020-10-14 14:15,139,71,68,0,0,0
2020-10-14 14:30,95,36,59,0,0,0
2020-10-14 14:45,155,92,63,0,0,0
2020-10-14 15:00,108,62,46,0,0,0
2020-10-14 15:15,106,58,48,0,0,0
2020-10-14 15:30,105,58,47,0,0,0
2020-10-14 15:45,130,73,57,0,0,0
2020-10-14 16:00,127,69,58,0,0,0
2020-10-14 16:15,131,55,76,0,0,0
2020-10-14 16:30,145,72,73,0,0,0
2020-10-14 16:45,175,87,88,0,0,0
2020-10-14 17:00,146,77,69,0,0,0
2020-10-14 17:15,133,79,54,0,0,0
2020-10-14 17:30,128,53,75,0,0,0
2020-10-14 17:45,155,71,84,0,0,0
2020-10-14 18:00,117,58,59,0,0,0
2020-10-14 18:15,102,52,50,0,0,0
2020-10-14 18:30,117,60,57,0,0,0
2020-10-14 18:45,117,59,58,0,0,0
2020-10-14 19:00,102,54,48,0,0,0
2020-10-14 19:15,98,43,55,0,0,0
2020-10-14 19:30,79,36,43,0,0,0
2020-10-14 19:45,70,34,36,0,0,0
2020-10-14 20:00,69,38,31,0,0,0
2020-10-14 20:15,49,28,21,0,0,0
2020-10-14 20:30,47,21,26,0,0,0
2020-10-14 20:45,35,11,24,0,0,0
2020-10-14 21:00,34,16,18,0,0,0
2020-10-14 21:15,50,30,20,0,0,0
2020-10-14 21:30,51,33,18,0,0,0
2020-10-14 21:45,36,17,19,0,0,0
2020-10-14 22:00,44,18,26,0,0,0
2020-10-14 22:15,29,17,12,0,0,0
2020-10-14 22:30,33,17,16,0,0,0
2020-10-14 22:45,24,10,14,0,0,0
2020-10-14 23:00,29,12,17,0,0,0
2020-10-14 23:15,30,14,16,0,0,0
2020-10-14 23:30,23,15,8,0,0,0
2020-10-14 23:45,17,7,10,0,0,0
2020-10-15 00:00,16,8,8,0,0,0
2020-10-15 00:15,11,7,4,0,0,0
2020-10-15 00:30,14,9,5,0,0,0
2020-10-15 00:45,11,10,1,0,0,0
2020-10-15 01:00,8,4,4,0,0,0
2020-10-15 01:15,11,2,9,0,0,0
2020-10-15 01:30,3,1,2,0,0,0
2020-10-15 01:45,8,3,5,0,0,0
2020-10-15 02:00,9,6,3,0,0,0
2020-10-15 02:15,6,2,4,0,0,0
2020-10-15 02:30,9,4,5,0,0,0
2020-10-15 02:45,2,0,2,0,0,0
2020-10-15 03:00,5,0,5,0,0,0
2020-10-15 03:15,3,0,3,0,0,0
2020-10-15 03:30,2,1,1,0,0,0
2020-10-15 03:45,0,0,0,0,0,0
2020-10-15 04:00,0,0,0,0,0,0
2020-10-15 04:15,1,1,0,0,0,0
2020-10-15 04:30,2,1,1,0,0,0
2020-10-15 04:45,5,3,2,0,0,0
2020-10-15 05:00,1,1,0,0,0,0
2020-10-15 05:15,5,3,2,0,0,0
2020-10-15 05:30,7,5,2,0,0,0
2020-10-15 05:45,16,9,7,0,0,0
2020-10-15 06:00,19,12,7,0,0,0
2020-10-15 06:15,24,17,7,0,0,0
2020-10-15 06:30,26,14,12,0,0,0
2020-10-15 06:45,64,43,21,0,0,0
2020-10-15 07:00,68,51,17,0,0,0
2020-10-15 07:15,87,50,37,0,0,0
2020-10-15 07:30,124,87,37,0,0,0
2020-10-15 07:45,142,97,45,0,0,0
2020-10-15 08:00,92,66,26,0,0,0
2020-10-15 08:15,97,68,29,0,0,0
2020-10-15 08:30,120,94,26,0,0,0
2020-10-15 08:45,137,110,27,0,0,0
2020-10-15 09:00,87,63,24,0,0,0
2020-10-15 09:15,85,61,24,0,0,0
2020-10-15 09:30,64,51,13,0,0,0
2020-10-15 09:45,122,89,33,0,0,0
2020-10-15 10:00,73,49,24,0,0,0
2020-10-15 10:15,77,58,19,0,0,0
2020-10-15 10:30,94,66,28,0,0,0
2020-10-15 10:45,94,71,23,0,0,0
2020-10-15 11:00,71,41,30,0,0,0
2020-10-15 11:15,98,63,35,0,0,0
2020-10-15 11:30,109,66,43,0,0,0
2020-10-15 11:45,110,65,45,0,0,0
2020-10-15 12:00,81,41,40,0,0,0
2020-10-15 12:15,96,45,51,0,0,0
2020-10-15 12:30,90,47,43,0,0,0
2020-10-15 12:45,116,76,40,0,0,0
2020-10-15 13:00,103,59,44,0,0,0
2020-10-15 13:15,94,62,32,0,0,0
2020-10-15 13:30,79,49,30,0,0,0
2020-10-15 13:45,88,49,39,0,0,0
2020-10-15 14:00,94,53,41,0,0,0
2020-10-15 14:15,94,55,39,0,0,0
2020-10-15 14:30,84,40,44,0,0,0
2020-10-15 14:45,137,82,55,0,0,0
2020-10-15 15:00,109,62,47,0,0,0
2020-10-15 15:15,116,70,46,0,0,0
2020-10-15 15:30,132,78,54,0,0,0
2020-10-15 15:45,153,93,60,0,0,0
2020-10-15 16:00,142,87,55,0,0,0
2020-10-15 16:15,144,83,61,0,0,0
2020-10-15 16:30,157,77,80,0,0,0
2020-10-15 16:45,165,85,80,0,0,0
2020-10-15 17:00,206,103,103,0,0,0
2020-10-15 17:15,181,86,95,0,0,0
2020-10-15 17:30,146,72,74,0,0,0
2020-10-15 17:45,193,91,102,0,0,0
2020-10-15 18:00,160,64,96,0,0,0
2020-10-15 18:15,130,72,58,0,0,0
2020-10-15 18:30,109,42,67,0,0,0
2020-10-15 18:45,127,73,54,0,0,0
2020-10-15 19:00,103,39,64,0,0,0
2020-10-15 19:15,106,70,36,0,0,0
2020-10-15 19:30,86,38,48,0,0,0
2020-10-15 19:45,68,32,36,0,0,0
2020-10-15 20:00,55,28,27,0,0,0
2020-10-15 20:15,60,31,29,0,0,0
2020-10-15 20:30,46,21,25,0,0,0
2020-10-15 20:45,56,27,29,0,0,0
2020-10-15 21:00,46,31,15,0,0,0
2020-10-15 21:15,30,15,15,0,0,0
2020-10-15 21:30,42,16,26,0,0,0
2020-10-15 21:45,26,12,14,0,0,0
2020-10-15 22:00,34,15,19,0,0,0
2020-10-15 22:15,48,19,29,0,0,0
2020-10-15 22:30,27,12,15,0,0,0
2020-10-15 22:45,30,22,8,0,0,0
2020-10-15 23:00,27,19,8,0,0,0
2020-10-15 23:15,26,16,10,0,0,0
2020-10-15 23:30,23,13,10,0,0,0
2020-10-15 23:45,18,6,12,0,0,0
2020-10-16 00:00,14,7,7,0,0,0
2020-10-16 00:15,8,5,3,0,0,0
2020-10-16 00:30,14,6,8,0,0,0
2020-10-16 00:45,6,0,6,0,0,0
2020-10-16 01:00,7,3,4,0,0,0
2020-10-16 01:15,6,1,5,0,0,0
2020-10-16 01:30,4,0,4,0,0,0
2020-10-16 01:45,6,3,3,0,0,0
2020-10-16 02:00,1,0,1,0,0,0
2020-10-16 02:15,1,0,1,0,0,0
2020-10-16 02:30,6,1,5,0,0,0
2020-10-16 02:45,5,1,4,0,0,0
2020-10-16 03:00,0,0,0,0,0,0
2020-10-16 03:15,3,3,0,0,0,0
2020-10-16 03:30,3,3,0,0,0,0
2020-10-16 03:45,0,0,0,0,0,0
2020-10-16 04:00,2,0,2,0,0,0
2020-10-16 04:15,0,0,0,0,0,0
2020-10-16 04:30,0,0,0,0,0,0
2020-10-16 04:45,6,6,0,0,0,0
2020-10-16 05:00,0,0,0,0,0,0
2020-10-16 05:15,4,2,2,0,0,0
2020-10-16 05:30,11,8,3,0,0,0
2020-10-16 05:45,12,7,5,0,0,0
2020-10-16 06:00,12,9,3,0,0,0
2020-10-16 06:15,21,13,8,0,0,0
2020-10-16 06:30,32,21,11,0,0,0
2020-10-16 06:45,45,30,15,0,0,0
2020-10-16 07:00,69,48,21,0,0,0
2020-10-16 07:15,72,46,26,0,0,0
2020-10-16 07:30,84,60,24,0,0,0
2020-10-16 07:45,127,77,50,0,0,0
2020-10-16 08:00,93,71,22,0,0,0
2020-10-16 08:15,104,80,24,0,0,0
2020-10-16 08:30,99,69,30,0,0,0
2020-10-16 08:45,128,105,23,0,0,0
2020-10-16 09:00,76,62,14,0,0,0
2020-10-16 09:15,97,74,23,0,0,0
2020-10-16 09:30,91,67,24,0,0,0
2020-10-16 09:45,107,92,15,0,0,0
2020-10-16 10:00,83,65,18,0,0,0
2020-10-16 10:15,87,56,31,0,0,0
2020-10-16 10:30,93,58,35,0,0,0
2020-10-16 10:45,101,77,24,0,0,0
2020-10-16 11:00,90,59,31,0,0,0
2020-10-16 11:15,94,57,37,0,0,0
2020-10-16 11:30,91,55,36,0,0,0
2020-10-16 11:45,121,80,41,0,0,0
2020-10-16 12:00,107,64,43,0,0,0
2020-10-16 12:15,106,72,34,0,0,0
2020-10-16 12:30,122,69,53,0,0,0
2020-10-16 12:45,116,64,52,0,0,0
2020-10-16 13:00,123,74,49,0,0,0
2020-10-16 13:15,130,81,49,0,0,0
2020-10-16 13:30,108,55,53,0,0,0
2020-10-16 13:45,116,69,47,0,0,0
2020-10-16 14:00,133,76,57,0,0,0
2020-10-16 14:15,135,72,63,0,0,0
2020-10-16 14:30,114,65,49,0,0,0
2020-10-16 14:45,137,70,67,0,0,0
2020-10-16 15:00,150,87,63,0,0,0
2020-10-16 15:15,137,84,53,0,0,0
2020-10-16 15:30,107,61,46,0,0,0
2020-10-16 15:45,146,91,55,0,0,0
2020-10-16 16:00,113,68,45,0,0,0
2020-10-16 16:15,131,77,54,0,0,0
2020-10-16 16:30,117,62,55,0,0,0
2020-10-16 16:45,139,74,65,0,0,0
2020-10-16 17:00,158,85,73,0,0,0
2020-10-16 17:15,107,43,64,0,0,0
2020-10-16 17:30,110,58,52,0,0,0
2020-10-16 17:45,137,79,58,0,0,0
2020-10-16 18:00,144,68,76,0,0,0
2020-10-16 18:15,115,47,68,0,0,0
2020-10-16 18:30,96,46,50,0,0,0
2020-10-16 18:45,123,78,45,0,0,0
2020-10-16 19:00,103,52,51,0,0,0
2020-10-16 19:15,93,40,53,0,0,0
2020-10-16 19:30,82,46,36,0,0,0
2020-10-16 19:45,74,47,27,0,0,0
2020-10-16 20:00,75,34,41,0,0,0
2020-10-16 20:15,53,33,20,0,0,0
2020-10-16 20:30,60,37,23,0,0,0
2020-10-16 20:45,45,29,16,0,0,0
2020-10-16 21:00,31,17,14,0,0,0
2020-10-16 21:15,44,15,29,0,0,0
2020-10-16 21:30,36,24,12,0,0,0
2020-10-16 21:45,32,14,18,0,0,0
2020-10-16 22:00,26,11,15,0,0,0
2020-10-16 22:15,24,13,11,0,0,0
2020-10-16 22:30,31,20,11,0,0,0
2020-10-16 22:45,27,13,14,0,0,0
2020-10-16 23:00,32,18,14,0,0,0
2020-10-16 23:15,29,20,9,0,0,0
2020-10-16 23:30,35,14,21,0,0,0
2020-10-16 23:45,33,20,13,0,0,0
2020-10-17 00:00,38,20,18,0,0,0
2020-10-17 00:15,37,16,21,0,0,0
2020-10-17 00:30,16,8,8,0,0,0
2020-10-17 00:45,27,14,13,0,0,0
2020-10-17 01:00,19,4,15,0,0,0
2020-10-17 01:15,32,22,10,0,0,0
2020-10-17 01:30,13,3,10,0,0,0
2020-10-17 01:45,9,6,3,0,0,0
2020-10-17 02:00,8,4,4,0,0,0
2020-10-17 02:15,5,2,3,0,0,0
2020-10-17 02:30,10,9,1,0,0,0
2020-10-17 02:45,9,2,7,0,0,0
2020-10-17 03:00,10,6,4,0,0,0
2020-10-17 03:15,10,5,5,0,0,0
2020-10-17 03:30,4,1,3,0,0,0
2020-10-17 03:45,8,3,5,0,0,0
2020-10-17 04:00,3,0,3,0,0,0
2020-10-17 04:15,7,6,1,0,0,0
2020-10-17 04:30,2,0,2,0,0,0
2020-10-17 04:45,6,6,0,0,0,0
2020-10-17 05:00,1,0,1,0,0,0
2020-10-17 05:15,3,1,2,0,0,0
2020-10-17 05:30,3,1,2,0,0,0
2020-10-17 05:45,7,4,3,0,0,0
2020-10-17 06:00,7,5,2,0,0,0
2020-10-17 06:15,3,2,1,0,0,0
2020-10-17 06:30,10,6,4,0,0,0
2020-10-17 06:45,14,12,2,0,0,0
2020-10-17 07:00,10,8,2,0,0,0
2020-10-17 07:15,10,6,4,0,0,0
2020-10-17 07:30,17,11,6,0,0,0
2020-10-17 07:45,30,19,11,0,0,0
2020-10-17 08:00,26,17,9,0,0,0
2020-10-17 08:15,40,32,8,0,0,0
2020-10-17 08:30,36,31,5,0,0,0
2020-10-17 08:45,38,24,14,0,0,0
2020-10-17 09:00,60,41,19,0,0,0
2020-10-17 09:15,63,45,18,0,0,0
2020-10-17 09:30,83,59,24,0,0,0
2020-10-17 09:45,103,90,13,0,0,0
2020-10-17 10:00,111,82,29,0,0,0
2020-10-17 10:15,116,85,31,0,0,0
2020-10-17 10:30,99,73,26,0,0,0
2020-10-17 10:45,116,86,30,0,0,0
2020-10-17 11:00,114,73,41,0,0,0
2020-10-17 11:15,118,87,31,0,0,0
2020-10-17 11:30,133,87,46,0,0,0
2020-10-17 11:45,159,101,58,0,0,0
2020-10-17 12:00,165,98,67,0,0,0
2020-10-17 12:15,143,98,45,0,0,0
2020-10-17 12:30,157,100,57,0,0,0
2020-10-17 12:45,150,101,49,0,0,0
2020-10-17 13:00,166,110,56,0,0,0
2020-10-17 13:15,132,74,58,0,0,0
2020-10-17 13:30,172,106,66,0,0,0
2020-10-17 13:45,152,75,77,0,0,0
2020-10-17 14:00,149,74,75,0,0,0
2020-10-17 14:15,117,65,52,0,0,0
2020-10-17 14:30,117,51,66,0,0,0
2020-10-17 14:45,132,68,64,0,0,0
2020-10-17 15:00,133,57,76,0,0,0
2020-10-17 15:15,114,65,49,0,0,0
2020-10-17 15:30,91,42,49,0,0,0
2020-10-17 15:45,117,63,54,0,0,0
2020-10-17 16:00,86,45,41,0,0,0
2020-10-17 16:15,100,64,36,0,0,0
2020-10-17 16:30,90,45,45,0,0,0
2020-10-17 16:45,89,43,46,0,0,0
2020-10-17 17:00,94,48,46,0,0,0
2020-10-17 17:15,88,34,54,0,0,0
2020-10-17 17:30,95,55,40,0,0,0
2020-10-17 17:45,103,51,52,0,0,0
2020-10-17 18:00,68,26,42,0,0,0
2020-10-17 18:15,87,41,46,0,0,0
2020-10-17 18:30,73,35,38,0,0,0
2020-10-17 18:45,99,61,38,0,0,0
2020-10-17 19:00,91,48,43,0,0,0
2020-10-17 19:15,67,33,34,0,0,0
2020-10-17 19:30,69,42,27,0,0,0
2020-10-17 19:45,74,37,37,0,0,0
2020-10-17 20:00,49,25,24,0,0,0
2020-10-17 20:15,55,28,27,0,0,0
2020-10-17 20:30,35,22,13,0,0,0
2020-10-17 20:45,33,20,13,0,0,0
2020-10-17 21:00,29,16,13,0,0,0
2020-10-17 21:15,27,11,16,0,0,0
2020-10-17 21:30,21,5,16,0,0,0
2020-10-17 21:45,30,19,11,0,0,0
2020-10-17 22:00,17,5,12,0,0,0
2020-10-17 22:15,14,3,11,0,0,0
2020-10-17 22:30,27,11,16,0,0,0
2020-10-17 22:45,33,22,11,0,0,0
2020-10-17 23:00,28,8,20,0,0,0
2020-10-17 23:15,28,11,17,0,0,0
2020-10-17 23:30,21,9,12,0,0,0
2020-10-17 23:45,14,4,10,0,0,0
2020-10-18 00:00,26,10,16,0,0,0
2020-10-18 00:15,30,9,21,0,0,0
2020-10-18 00:30,12,7,5,0,0,0
2020-10-18 00:45,14,4,10,0,0,0
2020-10-18 01:00,16,10,6,0,0,0
2020-10-18 01:15,22,10,12,0,0,0
2020-10-18 01:30,5,3,2,0,0,0
2020-10-18 01:45,21,11,10,0,0,0
2020-10-18 02:00,10,5,5,0,0,0
2020-10-18 02:15,6,1,5,0,0,0
2020-10-18 02:30,9,6,3,0,0,0
2020-10-18 02:45,16,10,6,0,0,0
2020-10-18 03:00,9,4,5,0,0,0
2020-10-18 03:15,3,1,2,0,0,0
2020-10-18 03:30,4,0,4,0,0,0
2020-10-18 03:45,3,1,2,0,0,0
2020-10-18 04:00,7,4,3,0,0,0
2020-10-18 04:15,4,2,2,0,0,0
2020-10-18 04:30,0,0,0,0,0,0
2020-10-18 04:45,2,2,0,0,0,0
2020-10-18 05:00,4,1,3,0,0,0
2020-10-18 05:15,4,2,2,0,0,0
2020-10-18 05:30,4,1,3,0,0,0
2020-10-18 05:45,5,1,4,0,0,0
2020-10-18 06:00,4,1,3,0,0,0
2020-10-18 06:15,3,3,0,0,0,0
2020-10-18 06:30,1,1,0,0,0,0
2020-10-18 06:45,2,1,1,0,0,0
2020-10-18 07:00,1,1,0,0,0,0
2020-10-18 07:15,0,0,0,0,0,0
2020-10-18 07:30,8,4,4,0,0,0
2020-10-18 07:45,7,4,3,0,0,0
2020-10-18 08:00,4,4,0,0,0,0
2020-10-18 08:15,13,8,5,0,0,0
2020-10-18 08:30,6,4,2,0,0,0
2020-10-18 08:45,17,14,3,0,0,0
2020-10-18 09:00,16,7,9,0,0,0
2020-10-18 09:15,13,12,1,0,0,0
2020-10-18 09:30,25,18,7,0,0,0
2020-10-18 09:45,29,22,7,0,0,0
2020-10-18 10:00,34,24,10,0,0,0
2020-10-18 10:15,24,17,7,0,0,0
2020-10-18 10:30,23,8,15,0,0,0
2020-10-18 10:45,45,35,10,0,0,0
2020-10-18 11:00,37,21,16,0,0,0
2020-10-18 11:15,36,24,12,0,0,0
2020-10-18 11:30,39,27,12,0,0,0
2020-10-18 11:45,37,24,13,0,0,0
2020-10-18 12:00,37,28,9,0,0,0
2020-10-18 12:15,44,27,17,0,0,0
2020-10-18 12:30,36,21,15,0,0,0
2020-10-18 12:45,44,26,18,0,0,0
2020-10-18 13:00,48,32,16,0,0,0
2020-10-18 13:15,46,33,13,0,0,0
2020-10-18 13:30,69,48,21,0,0,0
2020-10-18 13:45,59,37,22,0,0,0
2020-10-18 14:00,54,28,26,0,0,0
2020-10-18 14:15,68,45,23,0,0,0
2020-10-18 14:30,59,37,22,0,0,0
2020-10-18 14:45,72,44,28,0,0,0
2020-10-18 15:00,50,30,20,0,0,0
2020-10-18 15:15,63,41,22,0,0,0
2020-10-18 15:30,71,45,26,0,0,0
2020-10-18 15:45,53,34,19,0,0,0
2020-10-18 16:00,71,40,31,0,0,0
2020-10-18 16:15,56,22,34,0,0,0
2020-10-18 16:30,50,22,28,0,0,0
2020-10-18 16:45,69,41,28,0,0,0
2020-10-18 17:00,67,45,22,0,0,0
2020-10-18 17:15,83,47,36,0,0,0
2020-10-18 17:30,41,21,20,0,0,0
2020-10-18 17:45,69,41,28,0,0,0
2020-10-18 18:00,63,36,27,0,0,0
2020-10-18 18:15,69,39,30,0,0,0
2020-10-18 18:30,43,24,19,0,0,0
2020-10-18 18:45,52,40,12,0,0,0
2020-10-18 19:00,35,21,14,0,0,0
2020-10-18 19:15,38,25,13,0,0,0
2020-10-18 19:30,35,25,10,0,0,0
2020-10-18 19:45,32,14,18,0,0,0
2020-10-18 20:00,30,9,21,0,0,0
2020-10-18 20:15,31,21,10,0,0,0
2020-10-18 20:30,18,9,9,0,0,0
2020-10-18 20:45,30,11,19,0,0,0
2020-10-18 21:00,36,17,19,0,0,0
2020-10-18 21:15,24,9,15,0,0,0
2020-10-18 21:30,21,12,9,0,0,0
2020-10-18 21:45,10,1,9,0,0,0
2020-10-18 22:00,13,5,8,0,0,0
2020-10-18 22:15,22,12,10,0,0,0
2020-10-18 22:30,9,3,6,0,0,0
2020-10-18 22:45,13,3,10,0,0,0
2020-10-18 23:00,10,9,1,0,0,0
2020-10-18 23:15,5,3,2,0,0,0
2020-10-18 23:30,6,1,5,0,0,0
2020-10-18 23:45,8,3,5,0,0,0
2020-10-19 00:00,13,11,2,0,0,0
2020-10-19 00:15,4,1,3,0,0,0
2020-10-19 00:30,1,0,1,0,0,0
2020-10-19 00:45,6,4,2,0,0,0
2020-10-19 01:00,2,1,1,0,0,0
2020-10-19 01:15,5,0,5,0,0,0
2020-10-19 01:30,2,1,1,0,0,0
2020-10-19 01:45,4,3,1,0,0,0
2020-10-19 02:00,2,2,0,0,0,0
2020-10-19 02:15,1,0,1,0,0,0
2020-10-19 02:30,1,1,0,0,0,0
2020-10-19 02:45,1,0,1,0,0,0
2020-10-19 03:00,1,1,0,0,0,0
2020-10-19 03:15,1,1,0,0,0,0
2020-10-19 03:30,1,1,0,0,0,0
2020-10-19 03:45,0,0,0,0,0,0
2020-10-19 04:00,0,0,0,0,0,0
2020-10-19 04:15,1,1,0,0,0,0
2020-10-19 04:30,1,0,1,0,0,0
2020-10-19 04:45,1,1,0,0,0,0
2020-10-19 05:00,0,0,0,0,0,0
2020-10-19 05:15,1,1,0,0,0,0
2020-10-19 05:30,11,5,6,0,0,0
2020-10-19 05:45,18,6,12,0,0,0
2020-10-19 06:00,21,15,6,0,0,0
2020-10-19 06:15,21,15,6,0,0,0
2020-10-19 06:30,37,27,10,0,0,0
2020-10-19 06:45,48,37,11,0,0,0
2020-10-19 07:00,63,43,20,0,0,0
2020-10-19 07:15,80,51,29,0,0,0
2020-10-19 07:30,108,78,30,0,0,0
2020-10-19 07:45,152,110,42,0,0,0
2020-10-19 08:00,123,94,29,0,0,0
2020-10-19 08:15,116,84,32,0,0,0
2020-10-19 08:30,99,75,24,0,0,0
2020-10-19 08:45,125,102,23,0,0,0
2020-10-19 09:00,100,73,27,0,0,0
2020-10-19 09:15,84,63,21,0,0,0
2020-10-19 09:30,85,61,24,0,0,0
2020-10-19 09:45,117,89,28,0,0,0
2020-10-19 10:00,81,60,21,0,0,0
2020-10-19 10:15,85,62,23,0,0,0
2020-10-19 10:30,92,62,30,0,0,0
2020-10-19 10:45,107,73,34,0,0,0
2020-10-19 11:00,101,72,29,0,0,0
2020-10-19 11:15,105,65,40,0,0,0
2020-10-19 11:30,106,58,48,0,0,0
2020-10-19 11:45,126,84,42,0,0,0
2020-10-19 12:00,133,82,51,0,0,0
2020-10-19 12:15,95,44,51,0,0,0
2020-10-19 12:30,107,71,36,0,0,0
2020-10-19 12:45,110,51,59,0,0,0
2020-10-19 13:00,113,69,44,0,0,0
2020-10-19 13:15,92,58,34,0,0,0
2020-10-19 13:30,90,54,36,0,0,0
2020-10-19 13:45,109,71,38,0,0,0
2020-10-19 14:00,127,74,53,0,0,0
2020-10-19 14:15,155,98,57,0,0,0
2020-10-19 14:30,111,64,47,0,0,0
2020-10-19 14:45,146,91,55,0,0,0
2020-10-19 15:00,143,89,54,0,0,0
2020-10-19 15:15,125,80,45,0,0,0
2020-10-19 15:30,142,87,55,0,0,0
2020-10-19 15:45,155,86,69,0,0,0
2020-10-19 16:00,148,68,80,0,0,0
2020-10-19 16:15,168,79,89,0,0,0
2020-10-19 16:30,170,91,79,0,0,0
2020-10-19 16:45,170,91,79,0,0,0
2020-10-19 17:00,171,94,77,0,0,0
2020-10-19 17:15,143,59,84,0,0,0
2020-10-19 17:30,151,71,80,0,0,0
2020-10-19 17:45,164,76,88,0,0,0
2020-10-19 18:00,139,70,69,0,0,0
2020-10-19 18:15,107,35,72,0,0,0
2020-10-19 18:30,99,48,51,0,0,0
2020-10-19 18:45,114,62,52,0,0,0
2020-10-19 19:00,71,40,31,0,0,0
2020-10-19 19:15,80,34,46,0,0,0
2020-10-19 19:30,79,37,42,0,0,0
2020-10-19 19:45,58,24,34,0,0,0
2020-10-19 20:00,72,25,47,0,0,0
2020-10-19 20:15,62,28,34,0,0,0
2020-10-19 20:30,33,15,18,0,0,0
2020-10-19 20:45,40,22,18,0,0,0
2020-10-19 21:00,42,20,22,0,0,0
2020-10-19 21:15,32,13,19,0,0,0
2020-10-19 21:30,29,8,21,0,0,0
2020-10-19 21:45,35,15,20,0,0,0
2020-10-19 22:00,27,6,21,0,0,0
2020-10-19 22:15,25,16,9,0,0,0
2020-10-19 22:30,21,10,11,0,0,0
2020-10-19 22:45,29,15,14,0,0,0
2020-10-19 23:00,23,7,16,0,0,0
2020-10-19 23:15,19,11,8,0,0,0
2020-10-19 23:30,16,8,8,0,0,0
2020-10-19 23:45,12,6,6,0,0,0
2020-10-20 00:00,14,9,5,0,0,0
2020-10-20 00:15,6,2,4,0,0,0
2020-10-20 00:30,6,5,1,0,0,0
2020-10-20 00:45,4,3,1,0,0,0
2020-10-20 01:00,8,1,7,0,0,0
2020-10-20 01:15,5,2,3,0,0,0
2020-10-20 01:30,2,0,2,0,0,0
2020-10-20 01:45,2,0,2,0,0,0
2020-10-20 02:00,3,2,1,0,0,0
2020-10-20 02:15,3,1,2,0,0,0
2020-10-20 02:30,5,3,2,0,0,0
2020-10-20 02:45,5,1,4,0,0,0
2020-10-20 03:00,0,0,0,0,0,0
2020-10-20 03:15,0,0,0,0,0,0
2020-10-20 03:30,1,1,0,0,0,0
2020-10-20 03:45,0,0,0,0,0,0
2020-10-20 04:00,0,0,0,0,0,0
2020-10-20 04:15,0,0,0,0,0,0
2020-10-20 04:30,3,2,1,0,0,0
2020-10-20 04:45,1,1,0,0,0,0
2020-10-20 05:00,0,0,0,0,0,0
2020-10-20 05:15,5,4,1,0,0,0
2020-10-20 05:30,10,6,4,0,0,0
2020-10-20 05:45,18,14,4,0,0,0
2020-10-20 06:00,17,13,4,0,0,0
2020-10-20 06:15,18,14,4,0,0,0
2020-10-20 06:30,36,29,7,0,0,0
2020-10-20 06:45,59,41,18,0,0,0
2020-10-20 07:00,68,50,18,0,0,0
2020-10-20 07:15,83,49,34,0,0,0
2020-10-20 07:30,80,56,24,0,0,0
2020-10-20 07:45,156,105,51,0,0,0
2020-10-20 08:00,108,84,24,0,0,0
2020-10-20 08:15,129,89,40,0,0,0
2020-10-20 08:30,106,81,25,0,0,0
2020-10-20 08:45,149,111,38,0,0,0
2020-10-20 09:00,127,89,38,0,0,0
2020-10-20 09:15,97,78,19,0,0,0
2020-10-20 09:30,80,59,21,0,0,0
2020-10-20 09:45,93,70,23,0,0,0
2020-10-20 10:00,87,67,20,0,0,0
2020-10-20 10:15,87,62,25,0,0,0
2020-10-20 10:30,76,53,23,0,0,0
2020-10-20 10:45,104,67,37,0,0,0
2020-10-20 11:00,90,52,38,0,0,0
2020-10-20 11:15,96,58,38,0,0,0
2020-10-20 11:30,80,51,29,0,0,0
2020-10-20 11:45,98,66,32,0,0,0
2020-10-20 12:00,109,66,43,0,0,0
2020-10-20 12:15,108,73,35,0,0,0
2020-10-20 12:30,118,66,52,0,0,0
2020-10-20 12:45,99,49,50,0,0,0
2020-10-20 13:00,125,69,56,0,0,0
2020-10-20 13:15,98,49,49,0,0,0
2020-10-20 13:30,118,64,54,0,0,0
2020-10-20 13:45,99,56,43,0,0,0
2020-10-20 14:00,95,44,51,0,0,0
2020-10-20 14:15,101,66,35,0,0,0
2020-10-20 14:30,122,72,50,0,0,0
2020-10-20 14:45,115,67,48,0,0,0
2020-10-20 15:00,104,59,45,0,0,0
2020-10-20 15:15,102,57,45,0,0,0
2020-10-20 15:30,118,71,47,0,0,0
2020-10-20 15:45,141,84,57,0,0,0
2020-10-20 16:00,161,72,89,0,0,0
2020-10-20 16:15,141,68,73,0,0,0
2020-10-20 16:30,141,81,60,0,0,0
2020-10-20 16:45,129,65,64,0,0,0
2020-10-20 17:00,149,70,79,0,0,0
2020-10-20 17:15,135,72,63,0,0,0
2020-10-20 17:30,137,64,73,0,0,0
2020-10-20 17:45,135,53,82,0,0,0
2020-10-20 18:00,131,63,68,0,0,0
2020-10-20 18:15,133,66,67,0,0,0
2020-10-20 18:30,96,45,51,0,0,0
2020-10-20 18:45,110,49,61,0,0,0
2020-10-20 19:00,89,35,54,0,0,0
2020-10-20 19:15,62,29,33,0,0,0
2020-10-20 19:30,64,33,31,0,0,0
2020-10-20 19:45,66,44,22,0,0,0
2020-10-20 20:00,53,23,30,0,0,0
2020-10-20 20:15,50,22,28,0,0,0
2020-10-20 20:30,44,23,21,0,0,0
2020-10-20 20:45,45,20,25,0,0,0
2020-10-20 21:00,38,16,22,0,0,0
2020-10-20 21:15,29,16,13,0,0,0
2020-10-20 21:30,27,11,16,0,0,0
2020-10-20 21:45,28,18,10,0,0,0
2020-10-20 22:00,54,33,21,0,0,0
2020-10-20 22:15,26,13,13,0,0,0
2020-10-20 22:30,26,12,14,0,0,0
2020-10-20 22:45,18,6,12,0,0,0
2020-10-20 23:00,21,10,11,0,0,0
2020-10-20 23:15,14,4,10,0,0,0
2020-10-20 23:30,13,4,9,0,0,0
2020-10-20 23:45,11,6,5,0,0,0
2020-10-21 00:00,8,2,6,0,0,0
2020-10-21 00:15,5,2,3,0,0,0
2020-10-21 00:30,4,2,2,0,0,0
2020-10-21 00:45,9,7,2,0,0,0
2020-10-21 01:00,2,1,1,0,0,0
2020-10-21 01:15,5,2,3,0,0,0
2020-10-21 01:30,8,2,6,0,0,0
2020-10-21 01:45,7,0,7,0,0,0
2020-10-21 02:00,6,4,2,0,0,0
2020-10-21 02:15,3,1,2,0,0,0
2020-10-21 02:30,0,0,0,0,0,0
2020-10-21 02:45,2,0,2,0,0,0
2020-10-21 03:00,0,0,0,0,0,0
2020-10-21 03:15,1,1,0,0,0,0
2020-10-21 03:30,1,1,0,0,0,0
2020-10-21 03:45,1,1,0,0,0,0
2020-10-21 04:00,0,0,0,0,0,0
2020-10-21 04:15,2,1,1,0,0,0
2020-10-21 04:30,1,0,1,0,0,0
2020-10-21 04:45,3,3,0,0,0,0
2020-10-21 05:00,0,0,0,0,0,0
2020-10-21 05:15,7,6,1,0,0,0
2020-10-21 05:30,13,12,1,0,0,0
2020-10-21 05:45,15,7,8,0,0,0
2020-10-21 06:00,17,11,6,0,0,0
2020-10-21 06:15,10,5,5,0,0,0
2020-10-21 06:30,25,21,4,0,0,0
2020-10-21 06:45,52,40,12,0,0,0
2020-10-21 07:00,67,54,13,0,0,0
2020-10-21 07:15,85,57,28,0,0,0
2020-10-21 07:30,84,57,27,0,0,0
2020-10-21 07:45,123,84,39,0,0,0
2020-10-21 08:00,95,73,22,0,0,0
2020-10-21 08:15,93,67,26,0,0,0
2020-10-21 08:30,110,77,33,0,0,0
2020-10-21 08:45,130,107,23,0,0,0
2020-10-21 09:00,106,71,35,0,0,0
2020-10-21 09:15,97,71,26,0,0,0
2020-10-21 09:30,85,67,18,0,0,0
2020-10-21 09:45,87,69,18,0,0,0
2020-10-21 10:00,75,54,21,0,0,0
2020-10-21 10:15,62,39,23,0,0,0
2020-10-21 10:30,58,39,19,0,0,0
2020-10-21 10:45,66,43,23,0,0,0
2020-10-21 11:00,51,33,18,0,0,0
2020-10-21 11:15,62,37,25,0,0,0
2020-10-21 11:30,64,36,28,0,0,0
2020-10-21 11:45,80,51,29,0,0,0
2020-10-21 12:00,85,51,34,0,0,0
2020-10-21 12:15,88,56,32,0,0,0
2020-10-21 12:30,93,45,48,0,0,0
2020-10-21 12:45,94,56,38,0,0,0
2020-10-21 13:00,83,46,37,0,0,0
2020-10-21 13:15,106,61,45,0,0,0
2020-10-21 13:30,121,77,44,0,0,0
2020-10-21 13:45,120,65,55,0,0,0
2020-10-21 14:00,87,46,41,0,0,0
2020-10-21 14:15,98,59,39,0,0,0
2020-10-21 14:30,99,56,43,0,0,0
2020-10-21 14:45,101,53,48,0,0,0
2020-10-21 15:00,99,57,42,0,0,0
2020-10-21 15:15,129,68,61,0,0,0
2020-10-21 15:30,124,79,45,0,0,0
2020-10-21 15:45,136,88,48,0,0,0
2020-10-21 16:00,154,72,82,0,0,0
2020-10-21 16:15,141,85,56,0,0,0
2020-10-21 16:30,180,87,93,0,0,0
2020-10-21 16:45,154,79,75,0,0,0
2020-10-21 17:00,167,87,80,0,0,0
2020-10-21 17:15,154,77,77,0,0,0
2020-10-21 17:30,150,77,73,0,0,0
2020-10-21 17:45,152,68,84,0,0,0
2020-10-21 18:00,127,54,73,0,0,0
2020-10-21 18:15,149,69,80,0,0,0
2020-10-21 18:30,107,49,58,0,0,0
2020-10-21 18:45,106,54,52,0,0,0
2020-10-21 19:00,97,32,65,0,0,0
2020-10-21 19:15,100,51,49,0,0,0
2020-10-21 19:30,80,41,39,0,0,0
2020-10-21 19:45,73,44,29,0,0,0
2020-10-21 20:00,74,36,38,0,0,0
2020-10-21 20:15,51,29,22,0,0,0
2020-10-21 20:30,52,20,32,0,0,0
2020-10-21 20:45,46,21,25,0,0,0
2020-10-21 21:00,57,25,32,0,0,0
2020-10-21 21:15,37,14,23,0,0,0
2020-10-21 21:30,37,10,27,0,0,0
2020-10-21 21:45,39,9,30,0,0,0
2020-10-21 22:00,42,16,26,0,0,0
2020-10-21 22:15,27,7,20,0,0,0
2020-10-21 22:30,41,20,21,0,0,0
2020-10-21 22:45,27,11,16,0,0,0
2020-10-21 23:00,41,24,17,0,0,0
2020-10-21 23:15,26,12,14,0,0,0
2020-10-21 23:30,22,6,16,0,0,0
2020-10-21 23:45,10,5,5,0,0,0
2020-10-22 00:00,13,2,11,0,0,0
2020-10-22 00:15,16,7,9,0,0,0
2020-10-22 00:30,38,33,5,0,0,0
2020-10-22 00:45,11,8,3,0,0,0
2020-10-22 01:00,8,1,7,0,0,0
2020-10-22 01:15,15,5,10,0,0,0
2020-10-22 01:30,4,3,1,0,0,0
2020-10-22 01:45,5,2,3,0,0,0
2020-10-22 02:00,1,1,0,0,0,0
2020-10-22 02:15,3,0,3,0,0,0
2020-10-22 02:30,1,0,1,0,0,0
2020-10-22 02:45,5,3,2,0,0,0
2020-10-22 03:00,3,2,1,0,0,0
2020-10-22 03:15,6,6,0,0,0,0
2020-10-22 03:30,2,2,0,0,0,0
2020-10-22 03:45,1,0,1,0,0,0
2020-10-22 04:00,1,0,1,0,0,0
2020-10-22 04:15,0,0,0,0,0,0
2020-10-22 04:30,4,1,3,0,0,0
2020-10-22 04:45,3,3,0,0,0,0
2020-10-22 05:00,2,1,1,0,0,0
2020-10-22 05:15,6,4,2,0,0,0
2020-10-22 05:30,10,6,4,0,0,0
2020-10-22 05:45,21,9,12,0,0,0
2020-10-22 06:00,22,14,8,0,0,0
2020-10-22 06:15,16,8,8,0,0,0
2020-10-22 06:30,42,29,13,0,0,0
2020-10-22 06:45,58,42,16,0,0,0
2020-10-22 07:00,57,40,17,0,0,0
2020-10-22 07:15,102,62,40,0,0,0
2020-10-22 07:30,93,55,38,0,0,0
2020-10-22 07:45,152,107,45,0,0,0
2020-10-22 08:00,112,84,28,0,0,0
2020-10-22 08:15,96,71,25,0,0,0
2020-10-22 08:30,113,86,27,0,0,0
2020-10-22 08:45,135,107,28,0,0,0
2020-10-22 09:00,96,72,24,0,0,0
2020-10-22 09:15,91,69,22,0,0,0
2020-10-22 09:30,92,72,20,0,0,0
2020-10-22 09:45,119,88,31,0,0,0
2020-10-22 10:00,75,45,30,0,0,0
2020-10-22 10:15,102,62,40,0,0,0
2020-10-22 10:30,76,52,24,0,0,0
2020-10-22 10:45,108,74,34,0,0,0
2020-10-22 11:00,83,60,23,0,0,0
2020-10-22 11:15,107,64,43,0,0,0
2020-10-22 11:30,90,56,34,0,0,0
2020-10-22 11:45,106,62,44,0,0,0
2020-10-22 12:00,107,67,40,0,0,0
2020-10-22 12:15,132,81,51,0,0,0
2020-10-22 12:30,123,81,42,0,0,0
2020-10-22 12:45,126,64,62,0,0,0
2020-10-22 13:00,114,61,53,0,0,0
2020-10-22 13:15,104,58,46,0,0,0
2020-10-22 13:30,96,48,48,0,0,0
2020-10-22 13:45,134,75,59,0,0,0
2020-10-22 14:00,115,66,49,0,0,0
2020-10-22 14:15,138,80,58,0,0,0
2020-10-22 14:30,128,66,62,0,0,0
2020-10-22 14:45,140,85,55,0,0,0
2020-10-22 15:00,116,59,57,0,0,0
2020-10-22 15:15,130,69,61,0,0,0
2020-10-22 15:30,116,60,56,0,0,0
2020-10-22 15:45,153,92,61,0,0,0
2020-10-22 16:00,152,82,70,0,0,0
2020-10-22 16:15,167,97,70,0,0,0
2020-10-22 16:30,146,74,72,0,0,0
2020-10-22 16:45,160,83,77,0,0,0
2020-10-22 17:00,180,81,99,0,0,0
2020-10-22 17:15,128,51,77,0,0,0
2020-10-22 17:30,131,64,67,0,0,0
2020-10-22 17:45,136,60,76,0,0,0
2020-10-22 18:00,130,57,73,0,0,0
2020-10-22 18:15,95,44,51,0,0,0
2020-10-22 18:30,102,50,52,0,0,0
2020-10-22 18:45,132,68,64,0,0,0
2020-10-22 19:00,99,49,50,0,0,0
2020-10-22 19:15,115,60,55,0,0,0
2020-10-22 19:30,75,27,48,0,0,0
2020-10-22 19:45,75,38,37,0,0,0
2020-10-22 20:00,63,19,44,0,0,0
2020-10-22 20:15,60,29,31,0,0,0
2020-10-22 20:30,46,12,34,0,0,0
2020-10-22 20:45,33,14,19,0,0,0
2020-10-22 21:00,47,16,31,0,0,0
2020-10-22 21:15,31,11,20,0,0,0
2020-10-22 21:30,39,15,24,0,0,0
2020-10-22 21:45,22,11,11,0,0,0
2020-10-22 22:00,28,11,17,0,0,0
2020-10-22 22:15,42,19,23,0,0,0
2020-10-22 22:30,28,11,17,0,0,0
2020-10-22 22:45,24,12,12,0,0,0
2020-10-22 23:00,18,12,6,0,0,0
2020-10-22 23:15,21,10,11,0,0,0
2020-10-22 23:30,24,14,10,0,0,0
2020-10-22 23:45,16,11,5,0,0,0
2020-10-23 00:00,9,5,4,0,0,0
2020-10-23 00:15,9,5,4,0,0,0
2020-10-23 00:30,12,3,9,0,0,0
2020-10-23 00:45,4,3,1,0,0,0
2020-10-23 01:00,11,6,5,0,0,0
2020-10-23 01:15,7,1,6,0,0,0
2020-10-23 01:30,6,1,5,0,0,0
2020-10-23 01:45,3,1,2,0,0,0
2020-10-23 02:00,4,1,3,0,0,0
2020-10-23 02:15,2,1,1,0,0,0
2020-10-23 02:30,3,0,3,0,0,0
2020-10-23 02:45,0,0,0,0,0,0
2020-10-23 03:00,3,0,3,0,0,0
2020-10-23 03:15,3,1,2,0,0,0
2020-10-23 03:30,4,3,1,0,0,0
2020-10-23 03:45,0,0,0,0,0,0
2020-10-23 04:00,0,0,0,0,0,0
2020-10-23 04:15,2,0,2,0,0,0
2020-10-23 04:30,2,2,0,0,0,0
2020-10-23 04:45,2,1,1,0,0,0
2020-10-23 05:00,2,1,1,0,0,0
2020-10-23 05:15,9,8,1,0,0,0
2020-10-23 05:30,13,7,6,0,0,0
2020-10-23 05:45,12,4,8,0,0,0
2020-10-23 06:00,23,16,7,0,0,0
2020-10-23 06:15,11,7,4,0,0,0
2020-10-23 06:30,33,23,10,0,0,0
2020-10-23 06:45,47,35,12,0,0,0
2020-10-23 07:00,61,48,13,0,0,0
2020-10-23 07:15,78,46,32,0,0,0
2020-10-23 07:30,80,52,28,0,0,0
2020-10-23 07:45,139,101,38,0,0,0
2020-10-23 08:00,101,65,36,0,0,0
2020-10-23 08:15,86,68,18,0,0,0
2020-10-23 08:30,92,62,30,0,0,0
2020-10-23 08:45,124,102,22,0,0,0
2020-10-23 09:00,78,56,22,0,0,0
2020-10-23 09:15,88,71,17,0,0,0
2020-10-23 09:30,88,69,19,0,0,0
2020-10-23 09:45,114,82,32,0,0,0
2020-10-23 10:00,89,72,17,0,0,0
2020-10-23 10:15,85,57,28,0,0,0
2020-10-23 10:30,89,67,22,0,0,0
2020-10-23 10:45,101,67,34,0,0,0
2020-10-23 11:00,86,57,29,0,0,0
2020-10-23 11:15,89,56,33,0,0,0
2020-10-23 11:30,77,42,35,0,0,0
2020-10-23 11:45,93,56,37,0,0,0
2020-10-23 12:00,90,48,42,0,0,0
2020-10-23 12:15,85,44,41,0,0,0
2020-10-23 12:30,104,53,51,0,0,0
2020-10-23 12:45,101,58,43,0,0,0
2020-10-23 13:00,96,47,49,0,0,0
2020-10-23 13:15,94,46,48,0,0,0
2020-10-23 13:30,92,49,43,0,0,0
2020-10-23 13:45,85,43,42,0,0,0
2020-10-23 14:00,95,59,36,0,0,0
2020-10-23 14:15,92,45,47,0,0,0
2020-10-23 14:30,117,62,55,0,0,0
2020-10-23 14:45,124,63,61,0,0,0
2020-10-23 15:00,108,55,53,0,0,0
2020-10-23 15:15,124,64,60,0,0,0
2020-10-23 15:30,124,71,53,0,0,0
2020-10-23 15:45,130,69,61,0,0,0
2020-10-23 16:00,108,61,47,0,0,0
2020-10-23 16:15,132,83,49,0,0,0
2020-10-23 16:30,131,78,53,0,0,0
2020-10-23 16:45,125,72,53,0,0,0
2020-10-23 17:00,117,77,40,0,0,0
2020-10-23 17:15,132,63,69,0,0,0
2020-10-23 17:30,138,79,59,0,0,0
2020-10-23 17:45,157,85,72,0,0,0
2020-10-23 18:00,92,31,61,0,0,0
2020-10-23 18:15,105,42,63,0,0,0
2020-10-23 18:30,94,46,48,0,0,0
2020-10-23 18:45,129,60,69,0,0,0
2020-10-23 19:00,113,54,59,0,0,0
2020-10-23 19:15,87,42,45,0,0,0
2020-10-23 19:30,98,62,36,0,0,0
2020-10-23 19:45,83,56,27,0,0,0
2020-10-23 20:00,86,49,37,0,0,0
2020-10-23 20:15,45,24,21,0,0,0
2020-10-23 20:30,56,32,24,0,0,0
2020-10-23 20:45,56,34,22,0,0,0
2020-10-23 21:00,26,16,10,0,0,0
2020-10-23 21:15,34,21,13,0,0,0
2020-10-23 21:30,26,15,11,0,0,0
2020-10-23 21:45,21,9,12,0,0,0
2020-10-23 22:00,24,12,12,0,0,0
2020-10-23 22:15,38,22,16,0,0,0
2020-10-23 22:30,21,9,12,0,0,0
2020-10-23 22:45,28,14,14,0,0,0
2020-10-23 23:00,38,16,22,0,0,0
2020-10-23 23:15,18,12,6,0,0,0
2020-10-23 23:30,22,9,13,0,0,0
2020-10-23 23:45,25,7,18,0,0,0
2020-10-24 00:00,26,11,15,0,0,0
2020-10-24 00:15,24,12,12,0,0,0
2020-10-24 00:30,19,6,13,0,0,0
2020-10-24 00:45,29,14,15,0,0,0
2020-10-24 01:00,25,14,11,0,0,0
2020-10-24 01:15,16,11,5,0,0,0
2020-10-24 01:30,17,9,8,0,0,0
2020-10-24 01:45,26,13,13,0,0,0
2020-10-24 02:00,13,8,5,0,0,0
2020-10-24 02:15,13,5,8,0,0,0
2020-10-24 02:30,14,9,5,0,0,0
2020-10-24 02:45,8,4,4,0,0,0
2020-10-24 03:00,6,4,2,0,0,0
2020-10-24 03:15,5,4,1,0,0,0
2020-10-24 03:30,9,4,5,0,0,0
2020-10-24 03:45,4,2,2,0,0,0
2020-10-24 04:00,4,2,2,0,0,0
2020-10-24 04:15,3,1,2,0,0,0
2020-10-24 04:30,1,1,0,0,0,0
2020-10-24 04:45,6,3,3,0,0,0
2020-10-24 05:00,2,1,1,0,0,0
2020-10-24 05:15,4,2,2,0,0,0
2020-10-24 05:30,8,5,3,0,0,0
2020-10-24 05:45,9,4,5,0,0,0
2020-10-24 06:00,14,12,2,0,0,0
2020-10-24 06:15,6,4,2,0,0,0
2020-10-24 06:30,8,6,2,0,0,0
2020-10-24 06:45,19,14,5,0,0,0
2020-10-24 07:00,8,6,2,0,0,0
2020-10-24 07:15,15,7,8,0,0,0
2020-10-24 07:30,17,13,4,0,0,0
2020-10-24 07:45,18,10,8,0,0,0
2020-10-24 08:00,31,26,5,0,0,0
2020-10-24 08:15,33,24,9,0,0,0
2020-10-24 08:30,48,32,16,0,0,0
2020-10-24 08:45,58,39,19,0,0,0
2020-10-24 09:00,55,39,16,0,0,0
2020-10-24 09:15,66,46,20,0,0,0
2020-10-24 09:30,82,60,22,0,0,0
2020-10-24 09:45,95,77,18,0,0,0
2020-10-24 10:00,82,65,17,0,0,0
2020-10-24 10:15,99,75,24,0,0,0
2020-10-24 10:30,115,86,29,0,0,0
2020-10-24 10:45,151,107,44,0,0,0
2020-10-24 11:00,105,66,39,0,0,0
2020-10-24 11:15,148,109,39,0,0,0
2020-10-24 11:30,118,75,43,0,0,0
2020-10-24 11:45,148,103,45,0,0,0
2020-10-24 12:00,136,79,57,0,0,0
2020-10-24 12:15,137,87,50,0,0,0
2020-10-24 12:30,129,78,51,0,0,0
2020-10-24 12:45,123,76,47,0,0,0
2020-10-24 13:00,114,57,57,0,0,0
2020-10-24 13:15,134,64,70,0,0,0
2020-10-24 13:30,130,83,47,0,0,0
2020-10-24 13:45,108,66,42,0,0,0
2020-10-24 14:00,117,50,67,0,0,0
2020-10-24 14:15,110,61,49,0,0,0
2020-10-24 14:30,132,67,65,0,0,0
2020-10-24 14:45,128,57,71,0,0,0
2020-10-24 15:00,103,47,56,0,0,0
2020-10-24 15:15,96,52,44,0,0,0
2020-10-24 15:30,106,54,52,0,0,0
2020-10-24 15:45,95,48,47,0,0,0
2020-10-24 16:00,90,47,43,0,0,0
2020-10-24 16:15,80,44,36,0,0,0
2020-10-24 16:30,119,68,51,0,0,0
2020-10-24 16:45,86,46,40,0,0,0
2020-10-24 17:00,82,49,33,0,0,0
2020-10-24 17:15,105,46,59,0,0,0
2020-10-24 17:30,91,43,48,0,0,0
2020-10-24 17:45,118,76,42,0,0,0
2020-10-24 18:00,95,37,58,0,0,0
2020-10-24 18:15,101,51,50,0,0,0
2020-10-24 18:30,69,32,37,0,0,0
2020-10-24 18:45,82,53,29,0,0,0
2020-10-24 19:00,70,34,36,0,0,0
2020-10-24 19:15,64,35,29,0,0,0
2020-10-24 19:30,61,26,35,0,0,0
2020-10-24 19:45,73,32,41,0,0,0
2020-10-24 20:00,68,46,22,0,0,0
2020-10-24 20:15,54,31,23,0,0,0
2020-10-24 20:30,34,18,16,0,0,0
2020-10-24 20:45,48,17,31,0,0,0
2020-10-24 21:00,38,13,25,0,0,0
2020-10-24 21:15,33,24,9,0,0,0
2020-10-24 21:30,27,10,17,0,0,0
2020-10-24 21:45,20,11,9,0,0,0
2020-10-24 22:00,26,15,11,0,0,0
2020-10-24 22:15,27,14,13,0,0,0
2020-10-24 22:30,36,18,18,0,0,0
2020-10-24 22:45,40,15,25,0,0,0
2020-10-24 23:00,40,18,22,0,0,0
2020-10-24 23:15,28,9,19,0,0,0
2020-10-24 23:30,17,10,7,0,0,0
2020-10-24 23:45,33,16,17,0,0,0
2020-10-25 00:00,17,2,15,0,0,0
2020-10-25 00:15,32,20,12,0,0,0
2020-10-25 00:30,26,11,15,0,0,0
2020-10-25 00:45,19,7,12,0,0,0
2020-10-25 01:00,27,13,14,0,0,0
2020-10-25 01:15,19,10,9,0,0,0
2020-10-25 01:30,24,13,11,0,0,0
2020-10-25 01:45,13,8,5,0,0,0
2020-10-25 02:00,31,16,15,0,0,0
2020-10-25 02:15,26,12,14,0,0,0
2020-10-25 02:30,17,8,9,0,0,0
2020-10-25 02:45,14,5,9,0,0,0
2020-10-25 03:00,4,1,3,0,0,0
2020-10-25 03:15,8,3,5,0,0,0
2020-10-25 03:30,5,3,2,0,0,0
2020-10-25 03:45,0,0,0,0,0,0
2020-10-25 04:00,1,0,1,0,0,0
2020-10-25 04:15,2,1,1,0,0,0
2020-10-25 04:30,2,0,2,0,0,0
2020-10-25 04:45,0,0,0,0,0,0
2020-10-25 05:00,4,3,1,0,0,0
2020-10-25 05:15,1,0,1,0,0,0
2020-10-25 05:30,4,4,0,0,0,0
2020-10-25 05:45,5,1,4,0,0,0
2020-10-25 06:00,8,4,4,0,0,0
2020-10-25 06:15,2,2,0,0,0,0
2020-10-25 06:30,10,8,2,0,0,0
2020-10-25 06:45,4,2,2,0,0,0
2020-10-25 07:00,3,0,3,0,0,0
2020-10-25 07:15,8,5,3,0,0,0
2020-10-25 07:30,6,5,1,0,0,0
2020-10-25 07:45,16,9,7,0,0,0
2020-10-25 08:00,12,10,2,0,0,0
2020-10-25 08:15,10,8,2,0,0,0
2020-10-25 08:30,12,9,3,0,0,0
2020-10-25 08:45,22,15,7,0,0,0
2020-10-25 09:00,22,14,8,0,0,0
2020-10-25 09:15,18,12,6,0,0,0
2020-10-25 09:30,23,17,6,0,0,0
2020-10-25 09:45,32,20,12,0,0,0
2020-10-25 10:00,23,18,5,0,0,0
2020-10-25 10:15,17,12,5,0,0,0
2020-10-25 10:30,14,8,6,0,0,0
2020-10-25 10:45,39,26,13,0,0,0
2020-10-25 11:00,29,12,17,0,0,0
2020-10-25 11:15,16,10,6,0,0,0
2020-10-25 11:30,23,14,9,0,0,0
2020-10-25 11:45,35,15,20,0,0,0
2020-10-25 12:00,22,16,6,0,0,0
2020-10-25 12:15,25,14,11,0,0,0
2020-10-25 12:30,30,20,10,0,0,0
2020-10-25 12:45,27,13,14,0,0,0
2020-10-25 13:00,36,23,13,0,0,0
2020-10-25 13:15,23,11,12,0,0,0
2020-10-25 13:30,32,16,16,0,0,0
2020-10-25 13:45,36,26,10,0,0,0
2020-10-25 14:00,43,24,19,0,0,0
2020-10-25 14:15,24,13,11,0,0,0
2020-10-25 14:30,22,11,11,0,0,0
2020-10-25 14:45,46,24,22,0,0,0
2020-10-25 15:00,41,20,21,0,0,0
2020-10-25 15:15,24,15,9,0,0,0
2020-10-25 15:30,27,15,12,0,0,0
2020-10-25 15:45,25,15,10,0,0,0
2020-10-25 16:00,37,22,15,0,0,0
2020-10-25 16:15,40,25,15,0,0,0
2020-10-25 16:30,50,22,28,0,0,0
2020-10-25 16:45,42,24,18,0,0,0
2020-10-25 17:00,34,21,13,0,0,0
2020-10-25 17:15,47,29,18,0,0,0
2020-10-25 17:30,43,31,12,0,0,0
2020-10-25 17:45,51,16,35,0,0,0
2020-10-25 18:00,42,15,27,0,0,0
2020-10-25 18:15,35,23,12,0,0,0
2020-10-25 18:30,24,9,15,0,0,0
2020-10-25 18:45,27,16,11,0,0,0
2020-10-25 19:00,34,13,21,0,0,0
2020-10-25 19:15,28,15,13,0,0,0
2020-10-25 19:30,19,11,8,0,0,0
2020-10-25 19:45,20,14,6,0,0,0
2020-10-25 20:00,39,20,19,0,0,0
2020-10-25 20:15,23,21,2,0,0,0
2020-10-25 20:30,17,7,10,0,0,0
2020-10-25 20:45,12,8,4,0,0,0
2020-10-25 21:00,24,15,9,0,0,0
2020-10-25 21:15,19,12,7,0,0,0
2020-10-25 21:30,13,6,7,0,0,0
2020-10-25 21:45,18,13,5,0,0,0
2020-10-25 22:00,23,17,6,0,0,0
2020-10-25 22:15,15,11,4,0,0,0
2020-10-25 22:30,9,3,6,0,0,0
2020-10-25 22:45,9,6,3,0,0,0
2020-10-25 23:00,12,6,6,0,0,0
2020-10-25 23:15,8,6,2,0,0,0
2020-10-25 23:30,11,6,5,0,0,0
2020-10-25 23:45,8,5,3,0,0,0
2020-10-26 00:00,6,2,4,0,0,0
2020-10-26 00:15,8,1,7,0,0,0
2020-10-26 00:30,4,1,3,0,0,0
2020-10-26 00:45,2,2,0,0,0,0
2020-10-26 01:00,6,3,3,0,0,0
2020-10-26 01:15,3,2,1,0,0,0
2020-10-26 01:30,0,0,0,0,0,0
2020-10-26 01:45,5,2,3,0,0,0
2020-10-26 02:00,0,0,0,0,0,0
2020-10-26 02:15,1,1,0,0,0,0
2020-10-26 02:30,1,0,1,0,0,0
2020-10-26 02:45,2,2,0,0,0,0
2020-10-26 03:00,0,0,0,0,0,0
2020-10-26 03:15,2,1,1,0,0,0
2020-10-26 03:30,0,0,0,0,0,0
2020-10-26 03:45,0,0,0,0,0,0
2020-10-26 04:00,0,0,0,0,0,0
2020-10-26 04:15,0,0,0,0,0,0
2020-10-26 04:30,0,0,0,0,0,0
2020-10-26 04:45,0,0,0,0,0,0
2020-10-26 05:00,0,0,0,0,0,0
2020-10-26 05:15,5,5,0,0,0,0
2020-10-26 05:30,6,3,3,0,0,0
2020-10-26 05:45,21,13,8,0,0,0
2020-10-26 06:00,16,9,7,0,0,0
2020-10-26 06:15,35,20,15,0,0,0
2020-10-26 06:30,36,24,12,0,0,0
2020-10-26 06:45,66,49,17,0,0,0
2020-10-26 07:00,92,62,30,0,0,0
2020-10-26 07:15,172,134,38,0,0,0
2020-10-26 07:30,298,235,63,0,0,0
2020-10-26 07:45,212,151,61,0,0,0
2020-10-26 08:00,142,112,30,0,0,0
2020-10-26 08:15,139,99,40,0,0,0
2020-10-26 08:30,101,80,21,0,0,0
2020-10-26 08:45,154,116,38,0,0,0
2020-10-26 09:00,91,66,25,0,0,0
2020-10-26 09:15,87,66,21,0,0,0
2020-10-26 09:30,115,81,34,0,0,0
2020-10-26 09:45,132,100,32,0,0,0
2020-10-26 10:00,98,71,27,0,0,0
2020-10-26 10:15,109,72,37,0,0,0
2020-10-26 10:30,81,48,33,0,0,0
2020-10-26 10:45,104,75,29,0,0,0
2020-10-26 11:00,101,54,47,0,0,0
2020-10-26 11:15,103,66,37,0,0,0
2020-10-26 11:30,89,56,33,0,0,0
2020-10-26 11:45,102,59,43,0,0,0
2020-10-26 12:00,109,66,43,0,0,0
2020-10-26 12:15,96,50,46,0,0,0
2020-10-26 12:30,126,76,50,0,0,0
2020-10-26 12:45,124,56,68,0,0,0
2020-10-26 13:00,115,50,65,0,0,0
2020-10-26 13:15,117,59,58,0,0,0
2020-10-26 13:30,110,59,51,0,0,0
2020-10-26 13:45,140,74,66,0,0,0
2020-10-26 14:00,133,65,68,0,0,0
2020-10-26 14:15,120,61,59,0,0,0
2020-10-26 14:30,117,56,61,0,0,0
2020-10-26 14:45,117,62,55,0,0,0
2020-10-26 15:00,135,74,61,0,0,0
2020-10-26 15:15,128,67,61,0,0,0
2020-10-26 15:30,185,94,91,0,0,0
2020-10-26 15:45,177,93,84,0,0,0
2020-10-26 16:00,137,67,70,0,0,0
2020-10-26 16:15,159,85,74,0,0,0
2020-10-26 16:30,172,86,86,0,0,0
2020-10-26 16:45,198,98,100,0,0,0
2020-10-26 17:00,173,81,92,0,0,0
2020-10-26 17:15,174,87,87,0,0,0
2020-10-26 17:30,168,78,90,0,0,0
2020-10-26 17:45,163,79,84,0,0,0
2020-10-26 18:00,133,52,81,0,0,0
2020-10-26 18:15,126,61,65,0,0,0
2020-10-26 18:30,96,44,52,0,0,0
2020-10-26 18:45,82,36,46,0,0,0
2020-10-26 19:00,90,44,46,0,0,0
2020-10-26 19:15,71,31,40,0,0,0
2020-10-26 19:30,58,27,31,0,0,0
2020-10-26 19:45,80,34,46,0,0,0
2020-10-26 20:00,62,25,37,0,0,0
2020-10-26 20:15,48,17,31,0,0,0
2020-10-26 20:30,32,14,18,0,0,0
2020-10-26 20:45,33,15,18,0,0,0
2020-10-26 21:00,34,17,17,0,0,0
2020-10-26 21:15,36,23,13,0,0,0
2020-10-26 21:30,36,16,20,0,0,0
2020-10-26 21:45,41,22,19,0,0,0
2020-10-26 22:00,27,11,16,0,0,0
2020-10-26 22:15,20,7,13,0,0,0
2020-10-26 22:30,14,6,8,0,0,0
2020-10-26 22:45,17,8,9,0,0,0
2020-10-26 23:00,13,6,7,0,0,0
2020-10-26 23:15,13,4,9,0,0,0
2020-10-26 23:30,8,2,6,0,0,0
2020-10-26 23:45,12,8,4,0,0,0
2020-10-27 00:00,3,0,3,0,0,0
2020-10-27 00:15,7,4,3,0,0,0
2020-10-27 00:30,2,0,2,0,0,0
2020-10-27 00:45,2,0,2,0,0,0
2020-10-27 01:00,3,1,2,0,0,0
2020-10-27 01:15,1,0,1,0,0,0
2020-10-27 01:30,7,5,2,0,0,0
2020-10-27 01:45,2,1,1,0,0,0
2020-10-27 02:00,2,0,2,0,0,0
2020-10-27 02:15,3,3,0,0,0,0
2020-10-27 02:30,4,0,4,0,0,0
2020-10-27 02:45,1,1,0,0,0,0
2020-10-27 03:00,0,0,0,0,0,0
2020-10-27 03:15,3,1,2,0,0,0
2020-10-27 03:30,0,0,0,0,0,0
2020-10-27 03:45,0,0,0,0,0,0
2020-10-27 04:00,1,0,1,0,0,0
2020-10-27 04:15,2,2,0,0,0,0
2020-10-27 04:30,4,2,2,0,0,0
2020-10-27 04:45,2,2,0,0,0,0
2020-10-27 05:00,2,0,2,0,0,0
2020-10-27 05:15,1,1,0,0,0,0
2020-10-27 05:30,11,7,4,0,0,0
2020-10-27 05:45,16,10,6,0,0,0
2020-10-27 06:00,15,12,3,0,0,0
2020-10-27 06:15,30,17,13,0,0,0
2020-10-27 06:30,46,28,18,0,0,0
2020-10-27 06:45,64,47,17,0,0,0
2020-10-27 07:00,81,63,18,0,0,0
2020-10-27 07:15,182,145,37,0,0,0
2020-10-27 07:30,305,244,61,0,0,0
2020-10-27 07:45,205,149,56,0,0,0
2020-10-27 08:00,142,115,27,0,0,0
2020-10-27 08:15,122,92,30,0,0,0
2020-10-27 08:30,122,94,28,0,0,0
2020-10-27 08:45,145,107,38,0,0,0
2020-10-27 09:00,110,88,22,0,0,0
2020-10-27 09:15,92,71,21,0,0,0
2020-10-27 09:30,109,83,26,0,0,0
2020-10-27 09:45,126,108,18,0,0,0
2020-10-27 10:00,80,58,22,0,0,0
2020-10-27 10:15,99,69,30,0,0,0
2020-10-27 10:30,74,47,27,0,0,0
2020-10-27 10:45,106,70,36,0,0,0
2020-10-27 11:00,91,62,29,0,0,0
2020-10-27 11:15,100,60,40,0,0,0
2020-10-27 11:30,93,52,41,0,0,0
2020-10-27 11:45,138,92,46,0,0,0
2020-10-27 12:00,90,47,43,0,0,0
2020-10-27 12:15,92,52,40,0,0,0
2020-10-27 12:30,105,47,58,0,0,0
2020-10-27 12:45,131,65,66,0,0,0
2020-10-27 13:00,160,64,96,0,0,0
2020-10-27 13:15,128,57,71,0,0,0
2020-10-27 13:30,118,70,48,0,0,0
2020-10-27 13:45,148,72,76,0,0,0
2020-10-27 14:00,142,56,86,0,0,0
2020-10-27 14:15,140,75,65,0,0,0
2020-10-27 14:30,109,64,45,0,0,0
2020-10-27 14:45,151,86,65,0,0,0
2020-10-27 15:00,137,70,67,0,0,0
2020-10-27 15:15,129,72,57,0,0,0
2020-10-27 15:30,122,58,64,0,0,0
2020-10-27 15:45,157,88,69,0,0,0
2020-10-27 16:00,156,71,85,0,0,0
2020-10-27 16:15,172,106,66,0,0,0
2020-10-27 16:30,172,78,94,0,0,0
2020-10-27 16:45,180,88,92,0,0,0
2020-10-27 17:00,187,94,93,0,0,0
2020-10-27 17:15,166,74,92,0,0,0
2020-10-27 17:30,163,73,90,0,0,0
2020-10-27 17:45,155,85,70,0,0,0
2020-10-27 18:00,122,53,69,0,0,0
2020-10-27 18:15,143,69,74,0,0,0
2020-10-27 18:30,98,42,56,0,0,0
2020-10-27 18:45,131,74,57,0,0,0
2020-10-27 19:00,64,22,42,0,0,0
2020-10-27 19:15,90,48,42,0,0,0
2020-10-27 19:30,66,22,44,0,0,0
2020-10-27 19:45,67,35,32,0,0,0
2020-10-27 20:00,51,22,29,0,0,0
2020-10-27 20:15,65,27,38,0,0,0
2020-10-27 20:30,50,25,25,0,0,0
2020-10-27 20:45,36,26,10,0,0,0
2020-10-27 21:00,47,24,23,0,0,0
2020-10-27 21:15,34,13,21,0,0,0
2020-10-27 21:30,40,24,16,0,0,0
2020-10-27 21:45,35,15,20,0,0,0
2020-10-27 22:00,36,16,20,0,0,0
2020-10-27 22:15,27,13,14,0,0,0
2020-10-27 22:30,26,12,14,0,0,0
2020-10-27 22:45,32,17,15,0,0,0
2020-10-27 23:00,45,17,28,0,0,0
2020-10-27 23:15,23,11,12,0,0,0
2020-10-27 23:30,9,3,6,0,0,0
2020-10-27 23:45,8,2,6,0,0,0
2020-10-28 00:00,6,2,4,0,0,0
2020-10-28 00:15,10,6,4,0,0,0
2020-10-28 00:30,12,5,7,0,0,0
2020-10-28 00:45,7,1,6,0,0,0
2020-10-28 01:00,7,1,6,0,0,0
2020-10-28 01:15,7,5,2,0,0,0
2020-10-28 01:30,4,4,0,0,0,0
2020-10-28 01:45,7,2,5,0,0,0
2020-10-28 02:00,8,5,3,0,0,0
2020-10-28 02:15,1,0,1,0,0,0
2020-10-28 02:30,2,1,1,0,0,0
2020-10-28 02:45,2,2,0,0,0,0
2020-10-28 03:00,5,2,3,0,0,0
2020-10-28 03:15,2,0,2,0,0,0
2020-10-28 03:30,1,0,1,0,0,0
2020-10-28 03:45,2,1,1,0,0,0
2020-10-28 04:00,1,0,1,0,0,0
2020-10-28 04:15,3,0,3,0,0,0
2020-10-28 04:30,1,1,0,0,0,0
2020-10-28 04:45,3,3,0,0,0,0
2020-10-28 05:00,2,1,1,0,0,0
2020-10-28 05:15,1,1,0,0,0,0
2020-10-28 05:30,15,12,3,0,0,0
2020-10-28 05:45,16,10,6,0,0,0
2020-10-28 06:00,15,10,5,0,0,0
2020-10-28 06:15,22,15,7,0,0,0
2020-10-28 06:30,47,26,21,0,0,0
2020-10-28 06:45,67,56,11,0,0,0
2020-10-28 07:00,84,61,23,0,0,0
2020-10-28 07:15,178,133,45,0,0,0
2020-10-28 07:30,321,263,58,0,0,0
2020-10-28 07:45,249,170,79,0,0,0
2020-10-28 08:00,163,135,28,0,0,0
2020-10-28 08:15,159,117,42,0,0,0
2020-10-28 08:30,126,94,32,0,0,0
2020-10-28 08:45,143,112,31,0,0,0
2020-10-28 09:00,111,85,26,0,0,0
2020-10-28 09:15,125,88,37,0,0,0
2020-10-28 09:30,134,98,36,0,0,0
2020-10-28 09:45,137,106,31,0,0,0
2020-10-28 10:00,108,79,29,0,0,0
2020-10-28 10:15,116,73,43,0,0,0
2020-10-28 10:30,118,84,34,0,0,0
2020-10-28 10:45,112,76,36,0,0,0
2020-10-28 11:00,140,103,37,0,0,0
2020-10-28 11:15,130,77,53,0,0,0
2020-10-28 11:30,142,87,55,0,0,0
2020-10-28 11:45,118,70,48,0,0,0
2020-10-28 12:00,131,77,54,0,0,0
2020-10-28 12:15,133,65,68,0,0,0
2020-10-28 12:30,146,71,75,0,0,0
2020-10-28 12:45,149,92,57,0,0,0
2020-10-28 13:00,154,81,73,0,0,0
2020-10-28 13:15,132,48,84,0,0,0
2020-10-28 13:30,98,48,50,0,0,0
2020-10-28 13:45,160,79,81,0,0,0
2020-10-28 14:00,159,69,90,0,0,0
2020-10-28 14:15,123,65,58,0,0,0
2020-10-28 14:30,122,58,64,0,0,0
2020-10-28 14:45,123,71,52,0,0,0
2020-10-28 15:00,130,65,65,0,0,0
2020-10-28 15:15,165,94,71,0,0,0
2020-10-28 15:30,144,72,72,0,0,0
2020-10-28 15:45,191,96,95,0,0,0
2020-10-28 16:00,147,87,60,0,0,0
2020-10-28 16:15,144,75,69,0,0,0
2020-10-28 16:30,169,86,83,0,0,0
2020-10-28 16:45,175,94,81,0,0,0
2020-10-28 17:00,188,100,88,0,0,0
2020-10-28 17:15,157,76,81,0,0,0
2020-10-28 17:30,141,57,84,0,0,0
2020-10-28 17:45,170,82,88,0,0,0
2020-10-28 18:00,123,55,68,0,0,0
2020-10-28 18:15,122,51,71,0,0,0
2020-10-28 18:30,93,38,55,0,0,0
2020-10-28 18:45,102,41,61,0,0,0
2020-10-28 19:00,79,31,48,0,0,0
2020-10-28 19:15,70,35,35,0,0,0
2020-10-28 19:30,75,29,46,0,0,0
2020-10-28 19:45,69,39,30,0,0,0
2020-10-28 20:00,60,24,36,0,0,0
2020-10-28 20:15,55,23,32,0,0,0
2020-10-28 20:30,28,12,16,0,0,0
2020-10-28 20:45,46,19,27,0,0,0
2020-10-28 21:00,36,17,19,0,0,0
2020-10-28 21:15,42,25,17,0,0,0
2020-10-28 21:30,31,11,20,0,0,0
2020-10-28 21:45,26,12,14,0,0,0
2020-10-28 22:00,18,12,6,0,0,0
2020-10-28 22:15,20,9,11,0,0,0
2020-10-28 22:30,22,13,9,0,0,0
2020-10-28 22:45,27,10,17,0,0,0
2020-10-28 23:00,37,14,23,0,0,0
2020-10-28 23:15,18,10,8,0,0,0
2020-10-28 23:30,12,7,5,0,0,0
2020-10-28 23:45,14,6,8,0,0,0
2020-10-29 00:00,18,8,10,0,0,0
2020-10-29 00:15,10,4,6,0,0,0
2020-10-29 00:30,5,2,3,0,0,0
2020-10-29 00:45,2,0,2,0,0,0
2020-10-29 01:00,2,1,1,0,0,0
2020-10-29 01:15,12,7,5,0,0,0
2020-10-29 01:30,2,1,1,0,0,0
2020-10-29 01:45,4,0,4,0,0,0
2020-10-29 02:00,9,7,2,0,0,0
2020-10-29 02:15,2,1,1,0,0,0
2020-10-29 02:30,0,0,0,0,0,0
2020-10-29 02:45,2,1,1,0,0,0
2020-10-29 03:00,0,0,0,0,0,0
2020-10-29 03:15,3,1,2,0,0,0
2020-10-29 03:30,0,0,0,0,0,0
2020-10-29 03:45,2,2,0,0,0,0
2020-10-29 04:00,3,0,3,0,0,0
2020-10-29 04:15,1,0,1,0,0,0
2020-10-29 04:30,0,0,0,0,0,0
2020-10-29 04:45,1,1,0,0,0,0
2020-10-29 05:00,1,0,1,0,0,0
2020-10-29 05:15,7,7,0,0,0,0
2020-10-29 05:30,14,11,3,0,0,0
2020-10-29 05:45,11,8,3,0,0,0
2020-10-29 06:00,12,5,7,0,0,0
2020-10-29 06:15,23,15,8,0,0,0
2020-10-29 06:30,35,25,10,0,0,0
2020-10-29 06:45,67,49,18,0,0,0
2020-10-29 07:00,73,52,21,0,0,0
2020-10-29 07:15,189,157,32,0,0,0
2020-10-29 07:30,277,225,52,0,0,0
2020-10-29 07:45,230,159,71,0,0,0
2020-10-29 08:00,143,111,32,0,0,0
2020-10-29 08:15,130,97,33,0,0,0
2020-10-29 08:30,109,88,21,0,0,0
2020-10-29 08:45,136,102,34,0,0,0
2020-10-29 09:00,97,66,31,0,0,0
2020-10-29 09:15,100,74,26,0,0,0
2020-10-29 09:30,94,66,28,0,0,0
2020-10-29 09:45,129,98,31,0,0,0
2020-10-29 10:00,97,69,28,0,0,0
2020-10-29 10:15,91,59,32,0,0,0
2020-10-29 10:30,99,75,24,0,0,0
2020-10-29 10:45,102,65,37,0,0,0
2020-10-29 11:00,77,44,33,0,0,0
2020-10-29 11:15,119,64,55,0,0,0
2020-10-29 11:30,111,74,37,0,0,0
2020-10-29 11:45,98,59,39,0,0,0
2020-10-29 12:00,100,51,49,0,0,0
2020-10-29 12:15,108,49,59,0,0,0
2020-10-29 12:30,116,67,49,0,0,0
2020-10-29 12:45,125,71,54,0,0,0
2020-10-29 13:00,157,70,87,0,0,0
2020-10-29 13:15,151,64,87,0,0,0
2020-10-29 13:30,92,53,39,0,0,0
2020-10-29 13:45,148,71,77,0,0,0
2020-10-29 14:00,160,67,93,0,0,0
2020-10-29 14:15,126,58,68,0,0,0
2020-10-29 14:30,122,65,57,0,0,0
2020-10-29 14:45,134,68,66,0,0,0
2020-10-29 15:00,150,90,60,0,0,0
2020-10-29 15:15,130,83,47,0,0,0
2020-10-29 15:30,160,74,86,0,0,0
2020-10-29 15:45,135,84,51,0,0,0
2020-10-29 16:00,158,87,71,0,0,0
2020-10-29 16:15,184,101,83,0,0,0
2020-10-29 16:30,147,81,66,0,0,0
2020-10-29 16:45,167,84,83,0,0,0
2020-10-29 17:00,148,58,90,0,0,0
2020-10-29 17:15,159,81,78,0,0,0
2020-10-29 17:30,119,47,72,0,0,0
2020-10-29 17:45,122,55,67,0,0,0
2020-10-29 18:00,112,42,70,0,0,0
2020-10-29 18:15,111,55,56,0,0,0
2020-10-29 18:30,98,44,54,0,0,0
2020-10-29 18:45,85,43,42,0,0,0
2020-10-29 19:00,66,30,36,0,0,0
2020-10-29 19:15,65,32,33,0,0,0
2020-10-29 19:30,62,28,34,0,0,0
2020-10-29 19:45,79,39,40,0,0,0
2020-10-29 20:00,58,20,38,0,0,0
2020-10-29 20:15,26,15,11,0,0,0
2020-10-29 20:30,33,14,19,0,0,0
2020-10-29 20:45,29,8,21,0,0,0
2020-10-29 21:00,22,13,9,0,0,0
2020-10-29 21:15,18,10,8,0,0,0
2020-10-29 21:30,25,10,15,0,0,0
2020-10-29 21:45,26,12,14,0,0,0
2020-10-29 22:00,26,13,13,0,0,0
2020-10-29 22:15,16,7,9,0,0,0
2020-10-29 22:30,17,8,9,0,0,0
2020-10-29 22:45,28,8,20,0,0,0
2020-10-29 23:00,31,14,17,0,0,0
2020-10-29 23:15,12,5,7,0,0,0
2020-10-29 23:30,15,9,6,0,0,0
2020-10-29 23:45,12,7,5,0,0,0
2020-10-30 00:00,11,3,8,0,0,0
2020-10-30 00:15,3,1,2,0,0,0
2020-10-30 00:30,5,2,3,0,0,0
2020-10-30 00:45,3,1,2,0,0,0
2020-10-30 01:00,6,3,3,0,0,0
2020-10-30 01:15,9,7,2,0,0,0
2020-10-30 01:30,4,0,4,0,0,0
2020-10-30 01:45,7,3,4,0,0,0
2020-10-30 02:00,6,0,6,0,0,0
2020-10-30 02:15,3,2,1,0,0,0
2020-10-30 02:30,7,6,1,0,0,0
2020-10-30 02:45,3,2,1,0,0,0
2020-10-30 03:00,1,0,1,0,0,0
2020-10-30 03:15,2,1,1,0,0,0
2020-10-30 03:30,0,0,0,0,0,0
2020-10-30 03:45,0,0,0,0,0,0
2020-10-30 04:00,1,0,1,0,0,0
2020-10-30 04:15,1,0,1,0,0,0
2020-10-30 04:30,1,1,0,0,0,0
2020-10-30 04:45,2,2,0,0,0,0
2020-10-30 05:00,2,1,1,0,0,0
2020-10-30 05:15,3,3,0,0,0,0
2020-10-30 05:30,6,5,1,0,0,0
2020-10-30 05:45,15,7,8,0,0,0
2020-10-30 06:00,13,6,7,0,0,0
2020-10-30 06:15,21,15,6,0,0,0
2020-10-30 06:30,26,19,7,0,0,0
2020-10-30 06:45,48,32,16,0,0,0
2020-10-30 07:00,59,47,12,0,0,0
2020-10-30 07:15,133,104,29,0,0,0
2020-10-30 07:30,259,222,37,0,0,0
2020-10-30 07:45,189,123,66,0,0,0
2020-10-30 08:00,110,82,28,0,0,0
2020-10-30 08:15,103,76,27,0,0,0
2020-10-30 08:30,92,68,24,0,0,0
2020-10-30 08:45,104,71,33,0,0,0
2020-10-30 09:00,82,58,24,0,0,0
2020-10-30 09:15,87,64,23,0,0,0
2020-10-30 09:30,78,60,18,0,0,0
2020-10-30 09:45,86,58,28,0,0,0
2020-10-30 10:00,65,47,18,0,0,0
2020-10-30 10:15,81,51,30,0,0,0
2020-10-30 10:30,64,49,15,0,0,0
2020-10-30 10:45,95,67,28,0,0,0
2020-10-30 11:00,81,45,36,0,0,0
2020-10-30 11:15,67,40,27,0,0,0
2020-10-30 11:30,113,64,49,0,0,0
2020-10-30 11:45,96,53,43,0,0,0
2020-10-30 12:00,100,68,32,0,0,0
2020-10-30 12:15,109,59,50,0,0,0
2020-10-30 12:30,118,63,55,0,0,0
2020-10-30 12:45,112,55,57,0,0,0
2020-10-30 13:00,162,68,94,0,0,0
2020-10-30 13:15,130,50,80,0,0,0
2020-10-30 13:30,115,58,57,0,0,0
2020-10-30 13:45,111,52,59,0,0,0
2020-10-30 14:00,152,80,72,0,0,0
2020-10-30 14:15,127,58,69,0,0,0
2020-10-30 14:30,109,50,59,0,0,0
2020-10-30 14:45,144,71,73,0,0,0
2020-10-30 15:00,138,70,68,0,0,0
2020-10-30 15:15,118,73,45,0,0,0
2020-10-30 15:30,123,59,64,0,0,0
2020-10-30 15:45,125,72,53,0,0,0
2020-10-30 16:00,141,78,63,0,0,0
2020-10-30 16:15,141,79,62,0,0,0
2020-10-30 16:30,143,81,62,0,0,0
2020-10-30 16:45,124,66,58,0,0,0
2020-10-30 17:00,134,61,73,0,0,0
2020-10-30 17:15,148,73,75,0,0,0
2020-10-30 17:30,118,52,66,0,0,0
2020-10-30 17:45,139,63,76,0,0,0
2020-10-30 18:00,96,42,54,0,0,0
2020-10-30 18:15,98,47,51,0,0,0
2020-10-30 18:30,74,31,43,0,0,0
2020-10-30 18:45,117,73,44,0,0,0
2020-10-30 19:00,78,32,46,0,0,0
2020-10-30 19:15,75,30,45,0,0,0
2020-10-30 19:30,57,39,18,0,0,0
2020-10-30 19:45,84,54,30,0,0,0
2020-10-30 20:00,62,34,28,0,0,0
2020-10-30 20:15,49,29,20,0,0,0
2020-10-30 20:30,27,10,17,0,0,0
2020-10-30 20:45,29,14,15,0,0,0
2020-10-30 21:00,22,14,8,0,0,0
2020-10-30 21:15,25,16,9,0,0,0
2020-10-30 21:30,24,10,14,0,0,0
2020-10-30 21:45,30,16,14,0,0,0
2020-10-30 22:00,26,14,12,0,0,0
2020-10-30 22:15,24,10,14,0,0,0
2020-10-30 22:30,39,20,19,0,0,0
2020-10-30 22:45,35,18,17,0,0,0
2020-10-30 23:00,28,7,21,0,0,0
2020-10-30 23:15,29,8,21,0,0,0
2020-10-30 23:30,13,5,8,0,0,0
2020-10-30 23:45,16,6,10,0,0,0
2020-10-31 00:00,18,9,9,0,0,0
2020-10-31 00:15,16,4,12,0,0,0
2020-10-31 00:30,26,18,8,0,0,0
2020-10-31 00:45,7,7,0,0,0,0
2020-10-31 01:00,12,6,6,0,0,0
2020-10-31 01:15,13,6,7,0,0,0
2020-10-31 01:30,5,0,5,0,0,0
2020-10-31 01:45,9,5,4,0,0,0
2020-10-31 02:00,7,3,4,0,0,0
2020-10-31 02:15,10,5,5,0,0,0
2020-10-31 02:30,10,2,8,0,0,0
2020-10-31 02:45,1,1,0,0,0,0
2020-10-31 03:00,5,4,1,0,0,0
2020-10-31 03:15,8,6,2,0,0,0
2020-10-31 03:30,1,1,0,0,0,0
2020-10-31 03:45,0,0,0,0,0,0
2020-10-31 04:00,4,3,1,0,0,0
2020-10-31 04:15,5,2,3,0,0,0
2020-10-31 04:30,0,0,0,0,0,0
2020-10-31 04:45,0,0,0,0,0,0
2020-10-31 05:00,0,0,0,0,0,0
2020-10-31 05:15,5,4,1,0,0,0
2020-10-31 05:30,8,7,1,0,0,0
2020-10-31 05:45,7,4,3,0,0,0
2020-10-31 06:00,1,0,1,0,0,0
2020-10-31 06:15,6,5,1,0,0,0
2020-10-31 06:30,12,7,5,0,0,0
2020-10-31 06:45,19,14,5,0,0,0
2020-10-31 07:00,13,11,2,0,0,0
2020-10-31 07:15,18,13,5,0,0,0
2020-10-31 07:30,28,22,6,0,0,0
2020-10-31 07:45,26,16,10,0,0,0
2020-10-31 08:00,32,21,11,0,0,0
2020-10-31 08:15,39,33,6,0,0,0
2020-10-31 08:30,43,30,13,0,0,0
2020-10-31 08:45,60,35,25,0,0,0
2020-10-31 09:00,61,40,21,0,0,0
2020-10-31 09:15,68,51,17,0,0,0
2020-10-31 09:30,85,51,34,0,0,0
2020-10-31 09:45,126,100,26,0,0,0
2020-10-31 10:00,120,90,30,0,0,0
2020-10-31 10:15,139,101,38,0,0,0
2020-10-31 10:30,107,81,26,0,0,0
2020-10-31 10:45,143,96,47,0,0,0
2020-10-31 11:00,133,81,52,0,0,0
2020-10-31 11:15,139,93,46,0,0,0
2020-10-31 11:30,170,119,51,0,0,0
2020-10-31 11:45,163,111,52,0,0,0
2020-10-31 12:00,149,94,55,0,0,0
2020-10-31 12:15,147,92,55,0,0,0
2020-10-31 12:30,128,73,55,0,0,0
2020-10-31 12:45,166,88,78,0,0,0
2020-10-31 13:00,167,81,86,0,0,0
2020-10-31 13:15,181,94,87,0,0,0
2020-10-31 13:30,136,69,67,0,0,0
2020-10-31 13:45,142,83,59,0,0,0
2020-10-31 14:00,142,74,68,0,0,0
2020-10-31 14:15,158,83,75,0,0,0
2020-10-31 14:30,128,72,56,0,0,0
2020-10-31 14:45,147,73,74,0,0,0
2020-10-31 15:00,154,77,77,0,0,0
2020-10-31 15:15,133,78,55,0,0,0
2020-10-31 15:30,143,80,63,0,0,0
2020-10-31 15:45,115,70,45,0,0,0
2020-10-31 16:00,135,86,49,0,0,0
2020-10-31 16:15,110,60,50,0,0,0
2020-10-31 16:30,131,65,66,0,0,0
2020-10-31 16:45,128,73,55,0,0,0
2020-10-31 17:00,120,64,56,0,0,0
2020-10-31 17:15,93,41,52,0,0,0
2020-10-31 17:30,106,47,59,0,0,0
2020-10-31 17:45,121,74,47,0,0,0
2020-10-31 18:00,90,46,44,0,0,0
2020-10-31 18:15,72,41,31,0,0,0
2020-10-31 18:30,77,36,41,0,0,0
2020-10-31 18:45,79,53,26,0,0,0
2020-10-31 19:00,68,37,31,0,0,0
2020-10-31 19:15,65,31,34,0,0,0
2020-10-31 19:30,56,27,29,0,0,0
2020-10-31 19:45,64,40,24,0,0,0
2020-10-31 20:00,56,26,30,0,0,0
2020-10-31 20:15,39,24,15,0,0,0
2020-10-31 20:30,44,28,16,0,0,0
2020-10-31 20:45,25,13,12,0,0,0
2020-10-31 21:00,41,17,24,0,0,0
2020-10-31 21:15,30,22,8,0,0,0
2020-10-31 21:30,25,10,15,0,0,0
2020-10-31 21:45,33,22,11,0,0,0
2020-10-31 22:00,23,7,16,0,0,0
2020-10-31 22:15,25,14,11,0,0,0
2020-10-31 22:30,23,8,15,0,0,0
2020-10-31 22:45,25,8,17,0,0,0
2020-10-31 23:00,51,11,40,0,0,0
2020-10-31 23:15,39,18,21,0,0,0
2020-10-31 23:30,15,6,9,0,0,0
2020-10-31 23:45,20,9,11,0,0,0
