Datetime,100034983 (Warendorfer Straße),101034983 (Warendorfer Straße stadteinwärts),102034983 (Warendorfer Straße stadtauswärts),100034983-status,101034983-status,102034983-status
2020-01-01 00:00,7,4,3,0,0,0
2020-01-01 00:15,7,0,7,0,0,0
2020-01-01 00:30,30,15,15,0,0,0
2020-01-01 00:45,18,10,8,0,0,0
2020-01-01 01:00,22,9,13,0,0,0
2020-01-01 01:15,22,16,6,0,0,0
2020-01-01 01:30,36,22,14,0,0,0
2020-01-01 01:45,24,11,13,0,0,0
2020-01-01 02:00,42,30,12,0,0,0
2020-01-01 02:15,38,27,11,0,0,0
2020-01-01 02:30,50,30,20,0,0,0
2020-01-01 02:45,52,32,20,0,0,0
2020-01-01 03:00,35,21,14,0,0,0
2020-01-01 03:15,46,27,19,0,0,0
2020-01-01 03:30,32,12,20,0,0,0
2020-01-01 03:45,43,29,14,0,0,0
2020-01-01 04:00,22,9,13,0,0,0
2020-01-01 04:15,14,8,6,0,0,0
2020-01-01 04:30,23,18,5,0,0,0
2020-01-01 04:45,22,6,16,0,0,0
2020-01-01 05:00,6,0,6,0,0,0
2020-01-01 05:15,8,5,3,0,0,0
2020-01-01 05:30,13,10,3,0,0,0
2020-01-01 05:45,11,6,5,0,0,0
2020-01-01 06:00,6,3,3,0,0,0
2020-01-01 06:15,2,0,2,0,0,0
2020-01-01 06:30,4,4,0,0,0,0
2020-01-01 06:45,9,9,0,0,0,0
2020-01-01 07:00,5,2,3,0,0,0
2020-01-01 07:15,2,1,1,0,0,0
2020-01-01 07:30,5,5,0,0,0,0
2020-01-01 07:45,3,1,2,0,0,0
2020-01-01 08:00,0,0,0,0,0,0
2020-01-01 08:15,4,1,3,0,0,0
2020-01-01 08:30,1,1,0,0,0,0
2020-01-01 08:45,4,2,2,0,0,0
2020-01-01 09:00,5,1,4,0,0,0
2020-01-01 09:15,5,2,3,0,0,0
2020-01-01 09:30,8,4,4,0,0,0
2020-01-01 09:45,5,4,1,0,0,0
2020-01-01 10:00,12,8,4,0,0,0
2020-01-01 10:15,7,1,6,0,0,0
2020-01-01 10:30,9,9,0,0,0,0
2020-01-01 10:45,21,14,7,0,0,0
2020-01-01 11:00,19,12,7,0,0,0
2020-01-01 11:15,9,7,2,0,0,0
2020-01-01 11:30,13,8,5,0,0,0
2020-01-01 11:45,11,8,3,0,0,0
2020-01-01 12:00,19,9,10,0,0,0
2020-01-01 12:15,13,10,3,0,0,0
2020-01-01 12:30,8,7,1,0,0,0
2020-01-01 12:45,19,9,10,0,0,0
2020-01-01 13:00,14,9,5,0,0,0
2020-01-01 13:15,17,12,5,0,0,0
2020-01-01 13:30,12,9,3,0,0,0
2020-01-01 13:45,25,17,8,0,0,0
2020-01-01 14:00,37,24,13,0,0,0
2020-01-01 14:15,20,11,9,0,0,0
2020-01-01 14:30,37,23,14,0,0,0
2020-01-01 14:45,31,22,9,0,0,0
2020-01-01 15:00,45,31,14,0,0,0
2020-01-01 15:15,31,19,12,0,0,0
2020-01-01 15:30,27,15,12,0,0,0
2020-01-01 15:45,21,13,8,0,0,0
2020-01-01 16:00,36,18,18,0,0,0
2020-01-01 16:15,25,14,11,0,0,0
2020-01-01 16:30,23,16,7,0,0,0
2020-01-01 16:45,35,25,10,0,0,0
2020-01-01 17:00,26,19,7,0,0,0
2020-01-01 17:15,13,5,8,0,0,0
2020-01-01 17:30,17,9,8,0,0,0
2020-01-01 17:45,19,13,6,0,0,0
2020-01-01 18:00,27,16,11,0,0,0
2020-01-01 18:15,21,15,6,0,0,0
2020-01-01 18:30,21,10,11,0,0,0
2020-01-01 18:45,34,17,17,0,0,0
2020-01-01 19:00,21,15,6,0,0,0
2020-01-01 19:15,19,12,7,0,0,0
2020-01-01 19:30,17,8,9,0,0,0
2020-01-01 19:45,18,10,8,0,0,0
2020-01-01 20:00,19,11,8,0,0,0
2020-01-01 20:15,13,7,6,0,0,0
2020-01-01 20:30,15,8,7,0,0,0
2020-01-01 20:45,9,4,5,0,0,0
2020-01-01 21:00,20,14,6,0,0,0
2020-01-01 21:15,13,8,5,0,0,0
2020-01-01 21:30,8,4,4,0,0,0
2020-01-01 21:45,3,1,2,0,0,0
2020-01-01 22:00,10,7,3,0,0,0
2020-01-01 22:15,8,2,6,0,0,0
2020-01-01 22:30,12,7,5,0,0,0
2020-01-01 22:45,7,2,5,0,0,0
2020-01-01 23:00,6,2,4,0,0,0
2020-01-01 23:15,5,3,2,0,0,0
2020-01-01 23:30,7,2,5,0,0,0
2020-01-01 23:45,2,1,1,0,0,0
2020-01-02 00:00,2,0,2,0,0,0
2020-01-02 00:15,3,3,0,0,0,0
2020-01-02 00:30,0,0,0,0,0,0
2020-01-02 00:45,2,1,1,0,0,0
2020-01-02 01:00,0,0,0,0,0,0
2020-01-02 01:15,5,3,2,0,0,0
2020-01-02 01:30,1,0,1,0,0,0
2020-01-02 01:45,0,0,0,0,0,0
2020-01-02 02:00,1,0,1,0,0,0
2020-01-02 02:15,0,0,0,0,0,0
2020-01-02 02:30,0,0,0,0,0,0
2020-01-02 02:45,0,0,0,0,0,0
2020-01-02 03:00,0,0,0,0,0,0
2020-01-02 03:15,0,0,0,0,0,0
2020-01-02 03:30,0,0,0,0,0,0
2020-01-02 03:45,0,0,0,0,0,0
2020-01-02 04:00,1,1,0,0,0,0
2020-01-02 04:15,0,0,0,0,0,0
2020-01-02 04:30,0,0,0,0,0,0
2020-01-02 04:45,1,1,0,0,0,0
2020-01-02 05:00,1,0,1,0,0,0
2020-01-02 05:15,2,1,1,0,0,0
2020-01-02 05:30,9,6,3,0,0,0
2020-01-02 05:45,15,9,6,0,0,0
2020-01-02 06:00,7,4,3,0,0,0
2020-01-02 06:15,9,6,3,0,0,0
2020-01-02 06:30,35,27,8,0,0,0
2020-01-02 06:45,34,23,11,0,0,0
2020-01-02 07:00,41,29,12,0,0,0
2020-01-02 07:15,41,25,16,0,0,0
2020-01-02 07:30,50,33,17,0,0,0
2020-01-02 07:45,74,49,25,0,0,0
2020-01-02 08:00,65,50,15,0,0,0
2020-01-02 08:15,61,38,23,0,0,0
2020-01-02 08:30,52,39,13,0,0,0
2020-01-02 08:45,67,52,15,0,0,0
2020-01-02 09:00,49,37,12,0,0,0
2020-01-02 09:15,51,39,12,0,0,0
2020-01-02 09:30,46,33,13,0,0,0
2020-01-02 09:45,82,69,13,0,0,0
2020-01-02 10:00,72,55,17,0,0,0
2020-01-02 10:15,54,40,14,0,0,0
2020-01-02 10:30,56,47,9,0,0,0
2020-01-02 10:45,74,46,28,0,0,0
2020-01-02 11:00,68,54,14,0,0,0
2020-01-02 11:15,58,39,19,0,0,0
2020-01-02 11:30,74,54,20,0,0,0
2020-01-02 11:45,64,42,22,0,0,0
2020-01-02 12:00,71,38,33,0,0,0
2020-01-02 12:15,106,71,35,0,0,0
2020-01-02 12:30,94,62,32,0,0,0
2020-01-02 12:45,70,42,28,0,0,0
2020-01-02 13:00,92,63,29,0,0,0
2020-01-02 13:15,63,47,16,0,0,0
2020-01-02 13:30,67,39,28,0,0,0
2020-01-02 13:45,91,55,36,0,0,0
2020-01-02 14:00,76,46,30,0,0,0
2020-01-02 14:15,71,44,27,0,0,0
2020-01-02 14:30,82,58,24,0,0,0
2020-01-02 14:45,105,64,41,0,0,0
2020-01-02 15:00,90,61,29,0,0,0
2020-01-02 15:15,126,72,54,0,0,0
2020-01-02 15:30,94,64,30,0,0,0
2020-01-02 15:45,122,66,56,0,0,0
2020-01-02 16:00,90,55,35,0,0,0
2020-01-02 16:15,112,58,54,0,0,0
2020-01-02 16:30,129,63,66,0,0,0
2020-01-02 16:45,103,56,47,0,0,0
2020-01-02 17:00,105,61,44,0,0,0
2020-01-02 17:15,102,46,56,0,0,0
2020-01-02 17:30,85,44,41,0,0,0
2020-01-02 17:45,96,49,47,0,0,0
2020-01-02 18:00,78,37,41,0,0,0
2020-01-02 18:15,59,28,31,0,0,0
2020-01-02 18:30,56,25,31,0,0,0
2020-01-02 18:45,72,38,34,0,0,0
2020-01-02 19:00,75,27,48,0,0,0
2020-01-02 19:15,63,28,35,0,0,0
2020-01-02 19:30,44,21,23,0,0,0
2020-01-02 19:45,48,21,27,0,0,0
2020-01-02 20:00,46,17,29,0,0,0
2020-01-02 20:15,33,15,18,0,0,0
2020-01-02 20:30,20,11,9,0,0,0
2020-01-02 20:45,27,19,8,0,0,0
2020-01-02 21:00,18,9,9,0,0,0
2020-01-02 21:15,22,8,14,0,0,0
2020-01-02 21:30,9,4,5,0,0,0
2020-01-02 21:45,22,8,14,0,0,0
2020-01-02 22:00,36,22,14,0,0,0
2020-01-02 22:15,14,4,10,0,0,0
2020-01-02 22:30,6,2,4,0,0,0
2020-01-02 22:45,9,6,3,0,0,0
2020-01-02 23:00,19,13,6,0,0,0
2020-01-02 23:15,8,3,5,0,0,0
2020-01-02 23:30,10,6,4,0,0,0
2020-01-02 23:45,16,13,3,0,0,0
2020-01-03 00:00,15,6,9,0,0,0
2020-01-03 00:15,12,7,5,0,0,0
2020-01-03 00:30,10,10,0,0,0,0
2020-01-03 00:45,2,0,2,0,0,0
2020-01-03 01:00,3,0,3,0,0,0
2020-01-03 01:15,4,0,4,0,0,0
2020-01-03 01:30,4,0,4,0,0,0
2020-01-03 01:45,1,0,1,0,0,0
2020-01-03 02:00,1,0,1,0,0,0
2020-01-03 02:15,3,0,3,0,0,0
2020-01-03 02:30,0,0,0,0,0,0
2020-01-03 02:45,0,0,0,0,0,0
2020-01-03 03:00,1,0,1,0,0,0
2020-01-03 03:15,1,0,1,0,0,0
2020-01-03 03:30,0,0,0,0,0,0
2020-01-03 03:45,0,0,0,0,0,0
2020-01-03 04:00,1,1,0,0,0,0
2020-01-03 04:15,1,1,0,0,0,0
2020-01-03 04:30,1,1,0,0,0,0
2020-01-03 04:45,1,1,0,0,0,0
2020-01-03 05:00,0,0,0,0,0,0
2020-01-03 05:15,4,4,0,0,0,0
2020-01-03 05:30,13,11,2,0,0,0
2020-01-03 05:45,8,5,3,0,0,0
2020-01-03 06:00,10,6,4,0,0,0
2020-01-03 06:15,9,5,4,0,0,0
2020-01-03 06:30,32,23,9,0,0,0
2020-01-03 06:45,29,18,11,0,0,0
2020-01-03 07:00,41,25,16,0,0,0
2020-01-03 07:15,46,33,13,0,0,0
2020-01-03 07:30,62,41,21,0,0,0
2020-01-03 07:45,84,54,30,0,0,0
2020-01-03 08:00,66,54,12,0,0,0
2020-01-03 08:15,61,47,14,0,0,0
2020-01-03 08:30,41,32,9,0,0,0
2020-01-03 08:45,77,67,10,0,0,0
2020-01-03 09:00,58,43,15,0,0,0
2020-01-03 09:15,58,39,19,0,0,0
2020-01-03 09:30,70,51,19,0,0,0
2020-01-03 09:45,95,78,17,0,0,0
2020-01-03 10:00,58,42,16,0,0,0
2020-01-03 10:15,81,63,18,0,0,0
2020-01-03 10:30,69,56,13,0,0,0
2020-01-03 10:45,81,59,22,0,0,0
2020-01-03 11:00,69,48,21,0,0,0
2020-01-03 11:15,73,45,28,0,0,0
2020-01-03 11:30,78,52,26,0,0,0
2020-01-03 11:45,98,69,29,0,0,0
2020-01-03 12:00,67,40,27,0,0,0
2020-01-03 12:15,54,35,19,0,0,0
2020-01-03 12:30,76,50,26,0,0,0
2020-01-03 12:45,80,48,32,0,0,0
2020-01-03 13:00,77,41,36,0,0,0
2020-01-03 13:15,71,41,30,0,0,0
2020-01-03 13:30,82,52,30,0,0,0
2020-01-03 13:45,71,40,31,0,0,0
2020-01-03 14:00,81,55,26,0,0,0
2020-01-03 14:15,93,54,39,0,0,0
2020-01-03 14:30,84,43,41,0,0,0
2020-01-03 14:45,105,60,45,0,0,0
2020-01-03 15:00,66,33,33,0,0,0
2020-01-03 15:15,88,43,45,0,0,0
2020-01-03 15:30,76,44,32,0,0,0
2020-01-03 15:45,48,27,21,0,0,0
2020-01-03 16:00,60,30,30,0,0,0
2020-01-03 16:15,59,27,32,0,0,0
2020-01-03 16:30,64,28,36,0,0,0
2020-01-03 16:45,48,32,16,0,0,0
2020-01-03 17:00,63,28,35,0,0,0
2020-01-03 17:15,44,24,20,0,0,0
2020-01-03 17:30,45,23,22,0,0,0
2020-01-03 17:45,50,30,20,0,0,0
2020-01-03 18:00,52,21,31,0,0,0
2020-01-03 18:15,51,34,17,0,0,0
2020-01-03 18:30,54,27,27,0,0,0
2020-01-03 18:45,50,25,25,0,0,0
2020-01-03 19:00,56,26,30,0,0,0
2020-01-03 19:15,60,30,30,0,0,0
2020-01-03 19:30,45,15,30,0,0,0
2020-01-03 19:45,56,25,31,0,0,0
2020-01-03 20:00,44,28,16,0,0,0
2020-01-03 20:15,50,18,32,0,0,0
2020-01-03 20:30,19,10,9,0,0,0
2020-01-03 20:45,21,12,9,0,0,0
2020-01-03 21:00,32,19,13,0,0,0
2020-01-03 21:15,29,22,7,0,0,0
2020-01-03 21:30,7,4,3,0,0,0
2020-01-03 21:45,29,17,12,0,0,0
2020-01-03 22:00,25,14,11,0,0,0
2020-01-03 22:15,13,6,7,0,0,0
2020-01-03 22:30,19,9,10,0,0,0
2020-01-03 22:45,21,13,8,0,0,0
2020-01-03 23:00,16,5,11,0,0,0
2020-01-03 23:15,13,7,6,0,0,0
2020-01-03 23:30,9,4,5,0,0,0
2020-01-03 23:45,23,16,7,0,0,0
2020-01-04 00:00,16,11,5,0,0,0
2020-01-04 00:15,17,6,11,0,0,0
2020-01-04 00:30,11,7,4,0,0,0
2020-01-04 00:45,17,14,3,0,0,0
2020-01-04 01:00,17,11,6,0,0,0
2020-01-04 01:15,15,7,8,0,0,0
2020-01-04 01:30,7,4,3,0,0,0
2020-01-04 01:45,6,2,4,0,0,0
2020-01-04 02:00,8,3,5,0,0,0
2020-01-04 02:15,4,1,3,0,0,0
2020-01-04 02:30,8,3,5,0,0,0
2020-01-04 02:45,4,0,4,0,0,0
2020-01-04 03:00,2,0,2,0,0,0
2020-01-04 03:15,6,2,4,0,0,0
2020-01-04 03:30,2,2,0,0,0,0
2020-01-04 03:45,4,0,4,0,0,0
2020-01-04 04:00,0,0,0,0,0,0
2020-01-04 04:15,1,0,1,0,0,0
2020-01-04 04:30,2,2,0,0,0,0
2020-01-04 04:45,1,0,1,0,0,0
2020-01-04 05:00,2,1,1,0,0,0
2020-01-04 05:15,1,1,0,0,0,0
2020-01-04 05:30,6,5,1,0,0,0
2020-01-04 05:45,15,12,3,0,0,0
2020-01-04 06:00,2,2,0,0,0,0
2020-01-04 06:15,5,3,2,0,0,0
2020-01-04 06:30,2,2,0,0,0,0
2020-01-04 06:45,5,2,3,0,0,0
2020-01-04 07:00,10,7,3,0,0,0
2020-01-04 07:15,9,9,0,0,0,0
2020-01-04 07:30,16,10,6,0,0,0
2020-01-04 07:45,15,12,3,0,0,0
2020-01-04 08:00,16,12,4,0,0,0
2020-01-04 08:15,23,15,8,0,0,0
2020-01-04 08:30,24,16,8,0,0,0
2020-01-04 08:45,41,35,6,0,0,0
2020-01-04 09:00,37,28,9,0,0,0
2020-01-04 09:15,48,42,6,0,0,0
2020-01-04 09:30,51,43,8,0,0,0
2020-01-04 09:45,118,96,22,0,0,0
2020-01-04 10:00,76,50,26,0,0,0
2020-01-04 10:15,74,57,17,0,0,0
2020-01-04 10:30,81,61,20,0,0,0
2020-01-04 10:45,87,54,33,0,0,0
2020-01-04 11:00,87,61,26,0,0,0
2020-01-04 11:15,117,94,23,0,0,0
2020-01-04 11:30,114,87,27,0,0,0
2020-01-04 11:45,122,95,27,0,0,0
2020-01-04 12:00,117,75,42,0,0,0
2020-01-04 12:15,108,65,43,0,0,0
2020-01-04 12:30,120,78,42,0,0,0
2020-01-04 12:45,104,64,40,0,0,0
2020-01-04 13:00,120,83,37,0,0,0
2020-01-04 13:15,91,60,31,0,0,0
2020-01-04 13:30,111,55,56,0,0,0
2020-01-04 13:45,110,53,57,0,0,0
2020-01-04 14:00,109,52,57,0,0,0
2020-01-04 14:15,88,44,44,0,0,0
2020-01-04 14:30,76,36,40,0,0,0
2020-01-04 14:45,76,46,30,0,0,0
2020-01-04 15:00,70,29,41,0,0,0
2020-01-04 15:15,53,27,26,0,0,0
2020-01-04 15:30,63,32,31,0,0,0
2020-01-04 15:45,57,26,31,0,0,0
2020-01-04 16:00,62,26,36,0,0,0
2020-01-04 16:15,67,36,31,0,0,0
2020-01-04 16:30,55,22,33,0,0,0
2020-01-04 16:45,45,28,17,0,0,0
2020-01-04 17:00,45,26,19,0,0,0
2020-01-04 17:15,49,22,27,0,0,0
2020-01-04 17:30,50,26,24,0,0,0
2020-01-04 17:45,50,22,28,0,0,0
2020-01-04 18:00,48,18,30,0,0,0
2020-01-04 18:15,50,25,25,0,0,0
2020-01-04 18:30,55,27,28,0,0,0
2020-01-04 18:45,57,31,26,0,0,0
2020-01-04 19:00,71,43,28,0,0,0
2020-01-04 19:15,28,13,15,0,0,0
2020-01-04 19:30,31,16,15,0,0,0
2020-01-04 19:45,36,20,16,0,0,0
2020-01-04 20:00,40,31,9,0,0,0
2020-01-04 20:15,42,22,20,0,0,0
2020-01-04 20:30,28,18,10,0,0,0
2020-01-04 20:45,43,29,14,0,0,0
2020-01-04 21:00,31,20,11,0,0,0
2020-01-04 21:15,26,14,12,0,0,0
2020-01-04 21:30,15,8,7,0,0,0
2020-01-04 21:45,16,10,6,0,0,0
2020-01-04 22:00,28,13,15,0,0,0
2020-01-04 22:15,27,16,11,0,0,0
2020-01-04 22:30,36,18,18,0,0,0
2020-01-04 22:45,12,6,6,0,0,0
2020-01-04 23:00,9,4,5,0,0,0
2020-01-04 23:15,14,4,10,0,0,0
2020-01-04 23:30,21,8,13,0,0,0
2020-01-04 23:45,19,7,12,0,0,0
2020-01-05 00:00,23,13,10,0,0,0
2020-01-05 00:15,11,7,4,0,0,0
2020-01-05 00:30,19,10,9,0,0,0
2020-01-05 00:45,21,10,11,0,0,0
2020-01-05 01:00,17,7,10,0,0,0
2020-01-05 01:15,18,9,9,0,0,0
2020-01-05 01:30,7,6,1,0,0,0
2020-01-05 01:45,15,4,11,0,0,0
2020-01-05 02:00,11,1,10,0,0,0
2020-01-05 02:15,11,6,5,0,0,0
2020-01-05 02:30,14,5,9,0,0,0
2020-01-05 02:45,10,5,5,0,0,0
2020-01-05 03:00,3,0,3,0,0,0
2020-01-05 03:15,4,0,4,0,0,0
2020-01-05 03:30,1,1,0,0,0,0
2020-01-05 03:45,7,1,6,0,0,0
2020-01-05 04:00,2,1,1,0,0,0
2020-01-05 04:15,3,2,1,0,0,0
2020-01-05 04:30,4,3,1,0,0,0
2020-01-05 04:45,1,0,1,0,0,0
2020-01-05 05:00,4,0,4,0,0,0
2020-01-05 05:15,0,0,0,0,0,0
2020-01-05 05:30,7,3,4,0,0,0
2020-01-05 05:45,8,4,4,0,0,0
2020-01-05 06:00,5,2,3,0,0,0
2020-01-05 06:15,6,5,1,0,0,0
2020-01-05 06:30,4,2,2,0,0,0
2020-01-05 06:45,2,1,1,0,0,0
2020-01-05 07:00,3,2,1,0,0,0
2020-01-05 07:15,1,1,0,0,0,0
2020-01-05 07:30,6,5,1,0,0,0
2020-01-05 07:45,6,4,2,0,0,0
2020-01-05 08:00,3,2,1,0,0,0
2020-01-05 08:15,6,3,3,0,0,0
2020-01-05 08:30,4,2,2,0,0,0
2020-01-05 08:45,10,7,3,0,0,0
2020-01-05 09:00,10,5,5,0,0,0
2020-01-05 09:15,18,13,5,0,0,0
2020-01-05 09:30,25,19,6,0,0,0
2020-01-05 09:45,42,33,9,0,0,0
2020-01-05 10:00,33,28,5,0,0,0
2020-01-05 10:15,21,13,8,0,0,0
2020-01-05 10:30,36,23,13,0,0,0
2020-01-05 10:45,37,26,11,0,0,0
2020-01-05 11:00,36,24,12,0,0,0
2020-01-05 11:15,26,20,6,0,0,0
2020-01-05 11:30,23,14,9,0,0,0
2020-01-05 11:45,32,25,7,0,0,0
2020-01-05 12:00,23,12,11,0,0,0
2020-01-05 12:15,32,19,13,0,0,0
2020-01-05 12:30,32,11,21,0,0,0
2020-01-05 12:45,46,22,24,0,0,0
2020-01-05 13:00,38,17,21,0,0,0
2020-01-05 13:15,49,29,20,0,0,0
2020-01-05 13:30,43,26,17,0,0,0
2020-01-05 13:45,55,36,19,0,0,0
2020-01-05 14:00,30,18,12,0,0,0
2020-01-05 14:15,45,30,15,0,0,0
2020-01-05 14:30,45,31,14,0,0,0
2020-01-05 14:45,61,39,22,0,0,0
2020-01-05 15:00,58,37,21,0,0,0
2020-01-05 15:15,51,33,18,0,0,0
2020-01-05 15:30,59,34,25,0,0,0
2020-01-05 15:45,43,28,15,0,0,0
2020-01-05 16:00,43,24,19,0,0,0
2020-01-05 16:15,52,27,25,0,0,0
2020-01-05 16:30,40,16,24,0,0,0
2020-01-05 16:45,46,28,18,0,0,0
2020-01-05 17:00,35,23,12,0,0,0
2020-01-05 17:15,74,54,20,0,0,0
2020-01-05 17:30,65,51,14,0,0,0
2020-01-05 17:45,77,45,32,0,0,0
2020-01-05 18:00,60,26,34,0,0,0
2020-01-05 18:15,44,29,15,0,0,0
2020-01-05 18:30,23,10,13,0,0,0
2020-01-05 18:45,41,25,16,0,0,0
2020-01-05 19:00,54,35,19,0,0,0
2020-01-05 19:15,26,10,16,0,0,0
2020-01-05 19:30,21,14,7,0,0,0
2020-01-05 19:45,29,19,10,0,0,0
2020-01-05 20:00,23,11,12,0,0,0
2020-01-05 20:15,28,20,8,0,0,0
2020-01-05 20:30,30,17,13,0,0,0
2020-01-05 20:45,22,12,10,0,0,0
2020-01-05 21:00,19,9,10,0,0,0
2020-01-05 21:15,22,8,14,0,0,0
2020-01-05 21:30,13,3,10,0,0,0
2020-01-05 21:45,16,12,4,0,0,0
2020-01-05 22:00,17,10,7,0,0,0
2020-01-05 22:15,18,12,6,0,0,0
2020-01-05 22:30,18,12,6,0,0,0
2020-01-05 22:45,14,11,3,0,0,0
2020-01-05 23:00,20,8,12,0,0,0
2020-01-05 23:15,33,9,24,0,0,0
2020-01-05 23:30,9,2,7,0,0,0
2020-01-05 23:45,8,5,3,0,0,0
2020-01-06 00:00,4,1,3,0,0,0
2020-01-06 00:15,4,0,4,0,0,0
2020-01-06 00:30,3,1,2,0,0,0
2020-01-06 00:45,2,1,1,0,0,0
2020-01-06 01:00,4,3,1,0,0,0
2020-01-06 01:15,1,0,1,0,0,0
2020-01-06 01:30,4,0,4,0,0,0
2020-01-06 01:45,3,3,0,0,0,0
2020-01-06 02:00,1,0,1,0,0,0
2020-01-06 02:15,0,0,0,0,0,0
2020-01-06 02:30,1,1,0,0,0,0
2020-01-06 02:45,0,0,0,0,0,0
2020-01-06 03:00,2,2,0,0,0,0
2020-01-06 03:15,1,1,0,0,0,0
2020-01-06 03:30,0,0,0,0,0,0
2020-01-06 03:45,1,0,1,0,0,0
2020-01-06 04:00,1,1,0,0,0,0
2020-01-06 04:15,1,0,1,0,0,0
2020-01-06 04:30,1,1,0,0,0,0
2020-01-06 04:45,0,0,0,0,0,0
2020-01-06 05:00,1,1,0,0,0,0
2020-01-06 05:15,6,5,1,0,0,0
2020-01-06 05:30,8,6,2,0,0,0
2020-01-06 05:45,15,7,8,0,0,0
2020-01-06 06:00,17,14,3,0,0,0
2020-01-06 06:15,20,11,9,0,0,0
2020-01-06 06:30,44,27,17,0,0,0
2020-01-06 06:45,54,39,15,0,0,0
2020-01-06 07:00,78,60,18,0,0,0
2020-01-06 07:15,101,71,30,0,0,0
2020-01-06 07:30,106,75,31,0,0,0
2020-01-06 07:45,141,114,27,0,0,0
2020-01-06 08:00,121,88,33,0,0,0
2020-01-06 08:15,142,100,42,0,0,0
2020-01-06 08:30,98,73,25,0,0,0
2020-01-06 08:45,115,93,22,0,0,0
2020-01-06 09:00,69,57,12,0,0,0
2020-01-06 09:15,80,63,17,0,0,0
2020-01-06 09:30,88,73,15,0,0,0
2020-01-06 09:45,132,104,28,0,0,0
2020-01-06 10:00,88,69,19,0,0,0
2020-01-06 10:15,95,73,22,0,0,0
2020-01-06 10:30,81,63,18,0,0,0
2020-01-06 10:45,95,69,26,0,0,0
2020-01-06 11:00,108,69,39,0,0,0
2020-01-06 11:15,90,49,41,0,0,0
2020-01-06 11:30,97,64,33,0,0,0
2020-01-06 11:45,116,79,37,0,0,0
2020-01-06 12:00,101,63,38,0,0,0
2020-01-06 12:15,99,64,35,0,0,0
2020-01-06 12:30,114,67,47,0,0,0
2020-01-06 12:45,113,63,50,0,0,0
2020-01-06 13:00,127,68,59,0,0,0
2020-01-06 13:15,98,49,49,0,0,0
2020-01-06 13:30,92,50,42,0,0,0
2020-01-06 13:45,120,75,45,0,0,0
2020-01-06 14:00,101,56,45,0,0,0
2020-01-06 14:15,107,53,54,0,0,0
2020-01-06 14:30,112,64,48,0,0,0
2020-01-06 14:45,121,71,50,0,0,0
2020-01-06 15:00,123,70,53,0,0,0
2020-01-06 15:15,165,101,64,0,0,0
2020-01-06 15:30,152,87,65,0,0,0
2020-01-06 15:45,184,98,86,0,0,0
2020-01-06 16:00,165,90,75,0,0,0
2020-01-06 16:15,173,92,81,0,0,0
2020-01-06 16:30,175,89,86,0,0,0
2020-01-06 16:45,159,84,75,0,0,0
2020-01-06 17:00,164,87,77,0,0,0
2020-01-06 17:15,142,71,71,0,0,0
2020-01-06 17:30,152,66,86,0,0,0
2020-01-06 17:45,122,52,70,0,0,0
2020-01-06 18:00,152,73,79,0,0,0
2020-01-06 18:15,124,47,77,0,0,0
2020-01-06 18:30,85,37,48,0,0,0
2020-01-06 18:45,109,52,57,0,0,0
2020-01-06 19:00,76,33,43,0,0,0
2020-01-06 19:15,90,48,42,0,0,0
2020-01-06 19:30,75,38,37,0,0,0
2020-01-06 19:45,90,41,49,0,0,0
2020-01-06 20:00,62,27,35,0,0,0
2020-01-06 20:15,40,18,22,0,0,0
2020-01-06 20:30,38,22,16,0,0,0
2020-01-06 20:45,38,20,18,0,0,0
2020-01-06 21:00,42,28,14,0,0,0
2020-01-06 21:15,30,17,13,0,0,0
2020-01-06 21:30,42,25,17,0,0,0
2020-01-06 21:45,29,14,15,0,0,0
2020-01-06 22:00,37,14,23,0,0,0
2020-01-06 22:15,23,4,19,0,0,0
2020-01-06 22:30,27,16,11,0,0,0
2020-01-06 22:45,21,13,8,0,0,0
2020-01-06 23:00,17,12,5,0,0,0
2020-01-06 23:15,16,12,4,0,0,0
2020-01-06 23:30,12,6,6,0,0,0
2020-01-06 23:45,9,4,5,0,0,0
2020-01-07 00:00,9,9,0,0,0,0
2020-01-07 00:15,9,5,4,0,0,0
2020-01-07 00:30,3,0,3,0,0,0
2020-01-07 00:45,3,2,1,0,0,0
2020-01-07 01:00,6,1,5,0,0,0
2020-01-07 01:15,6,2,4,0,0,0
2020-01-07 01:30,1,1,0,0,0,0
2020-01-07 01:45,5,5,0,0,0,0
2020-01-07 02:00,0,0,0,0,0,0
2020-01-07 02:15,1,0,1,0,0,0
2020-01-07 02:30,1,1,0,0,0,0
2020-01-07 02:45,0,0,0,0,0,0
2020-01-07 03:00,1,1,0,0,0,0
2020-01-07 03:15,1,1,0,0,0,0
2020-01-07 03:30,0,0,0,0,0,0
2020-01-07 03:45,0,0,0,0,0,0
2020-01-07 04:00,1,1,0,0,0,0
2020-01-07 04:15,0,0,0,0,0,0
2020-01-07 04:30,3,3,0,0,0,0
2020-01-07 04:45,0,0,0,0,0,0
2020-01-07 05:00,4,2,2,0,0,0
2020-01-07 05:15,3,3,0,0,0,0
2020-01-07 05:30,9,6,3,0,0,0
2020-01-07 05:45,19,10,9,0,0,0
2020-01-07 06:00,15,11,4,0,0,0
2020-01-07 06:15,21,14,7,0,0,0
2020-01-07 06:30,45,27,18,0,0,0
2020-01-07 06:45,62,46,16,0,0,0
2020-01-07 07:00,95,75,20,0,0,0
2020-01-07 07:15,156,118,38,0,0,0
2020-01-07 07:30,341,303,38,0,0,0
2020-01-07 07:45,243,187,56,0,0,0
2020-01-07 08:00,183,160,23,0,0,0
2020-01-07 08:15,120,89,31,0,0,0
2020-01-07 08:30,128,108,20,0,0,0
2020-01-07 08:45,133,110,23,0,0,0
2020-01-07 09:00,120,99,21,0,0,0
2020-01-07 09:15,89,62,27,0,0,0
2020-01-07 09:30,102,88,14,0,0,0
2020-01-07 09:45,144,118,26,0,0,0
2020-01-07 10:00,133,105,28,0,0,0
2020-01-07 10:15,87,57,30,0,0,0
2020-01-07 10:30,79,54,25,0,0,0
2020-01-07 10:45,96,69,27,0,0,0
2020-01-07 11:00,95,66,29,0,0,0
2020-01-07 11:15,88,57,31,0,0,0
2020-01-07 11:30,84,50,34,0,0,0
2020-01-07 11:45,120,71,49,0,0,0
2020-01-07 12:00,132,79,53,0,0,0
2020-01-07 12:15,113,71,42,0,0,0
2020-01-07 12:30,120,53,67,0,0,0
2020-01-07 12:45,115,58,57,0,0,0
2020-01-07 13:00,126,63,63,0,0,0
2020-01-07 13:15,128,53,75,0,0,0
2020-01-07 13:30,107,58,49,0,0,0
2020-01-07 13:45,125,73,52,0,0,0
2020-01-07 14:00,158,73,85,0,0,0
2020-01-07 14:15,123,68,55,0,0,0
2020-01-07 14:30,124,62,62,0,0,0
2020-01-07 14:45,137,74,63,0,0,0
2020-01-07 15:00,101,51,50,0,0,0
2020-01-07 15:15,116,57,59,0,0,0
2020-01-07 15:30,129,50,79,0,0,0
2020-01-07 15:45,189,81,108,0,0,0
2020-01-07 16:00,210,108,102,0,0,0
2020-01-07 16:15,171,83,88,0,0,0
2020-01-07 16:30,170,101,69,0,0,0
2020-01-07 16:45,157,88,69,0,0,0
2020-01-07 17:00,137,76,61,0,0,0
2020-01-07 17:15,157,74,83,0,0,0
2020-01-07 17:30,144,69,75,0,0,0
2020-01-07 17:45,219,87,132,0,0,0
2020-01-07 18:00,176,73,103,0,0,0
2020-01-07 18:15,147,74,73,0,0,0
2020-01-07 18:30,139,62,77,0,0,0
2020-01-07 18:45,119,53,66,0,0,0
2020-01-07 19:00,104,48,56,0,0,0
2020-01-07 19:15,92,49,43,0,0,0
2020-01-07 19:30,93,44,49,0,0,0
2020-01-07 19:45,84,40,44,0,0,0
2020-01-07 20:00,81,29,52,0,0,0
2020-01-07 20:15,59,32,27,0,0,0
2020-01-07 20:30,57,30,27,0,0,0
2020-01-07 20:45,51,31,20,0,0,0
2020-01-07 21:00,46,21,25,0,0,0
2020-01-07 21:15,45,17,28,0,0,0
2020-01-07 21:30,46,15,31,0,0,0
2020-01-07 21:45,36,17,19,0,0,0
2020-01-07 22:00,43,18,25,0,0,0
2020-01-07 22:15,49,22,27,0,0,0
2020-01-07 22:30,13,7,6,0,0,0
2020-01-07 22:45,34,18,16,0,0,0
2020-01-07 23:00,21,9,12,0,0,0
2020-01-07 23:15,10,8,2,0,0,0
2020-01-07 23:30,18,10,8,0,0,0
2020-01-07 23:45,8,4,4,0,0,0
2020-01-08 00:00,11,5,6,0,0,0
2020-01-08 00:15,1,1,0,0,0,0
2020-01-08 00:30,3,0,3,0,0,0
2020-01-08 00:45,3,1,2,0,0,0
2020-01-08 01:00,4,3,1,0,0,0
2020-01-08 01:15,2,0,2,0,0,0
2020-01-08 01:30,4,1,3,0,0,0
2020-01-08 01:45,1,1,0,0,0,0
2020-01-08 02:00,2,1,1,0,0,0
2020-01-08 02:15,1,0,1,0,0,0
2020-01-08 02:30,3,1,2,0,0,0
2020-01-08 02:45,1,0,1,0,0,0
2020-01-08 03:00,0,0,0,0,0,0
2020-01-08 03:15,1,0,1,0,0,0
2020-01-08 03:30,0,0,0,0,0,0
2020-01-08 03:45,2,1,1,0,0,0
2020-01-08 04:00,1,1,0,0,0,0
2020-01-08 04:15,0,0,0,0,0,0
2020-01-08 04:30,1,1,0,0,0,0
2020-01-08 04:45,1,1,0,0,0,0
2020-01-08 05:00,2,1,1,0,0,0
2020-01-08 05:15,5,4,1,0,0,0
2020-01-08 05:30,12,9,3,0,0,0
2020-01-08 05:45,15,10,5,0,0,0
2020-01-08 06:00,15,9,6,0,0,0
2020-01-08 06:15,19,13,6,0,0,0
2020-01-08 06:30,38,22,16,0,0,0
2020-01-08 06:45,72,49,23,0,0,0
2020-01-08 07:00,79,63,16,0,0,0
2020-01-08 07:15,145,118,27,0,0,0
2020-01-08 07:30,345,297,48,0,0,0
2020-01-08 07:45,229,165,64,0,0,0
2020-01-08 08:00,173,143,30,0,0,0
2020-01-08 08:15,160,122,38,0,0,0
2020-01-08 08:30,122,100,22,0,0,0
2020-01-08 08:45,154,127,27,0,0,0
2020-01-08 09:00,117,95,22,0,0,0
2020-01-08 09:15,83,60,23,0,0,0
2020-01-08 09:30,104,80,24,0,0,0
2020-01-08 09:45,165,137,28,0,0,0
2020-01-08 10:00,122,98,24,0,0,0
2020-01-08 10:15,94,76,18,0,0,0
2020-01-08 10:30,76,48,28,0,0,0
2020-01-08 10:45,110,74,36,0,0,0
2020-01-08 11:00,82,55,27,0,0,0
2020-01-08 11:15,90,53,37,0,0,0
2020-01-08 11:30,93,56,37,0,0,0
2020-01-08 11:45,95,47,48,0,0,0
2020-01-08 12:00,90,42,48,0,0,0
2020-01-08 12:15,89,52,37,0,0,0
2020-01-08 12:30,124,82,42,0,0,0
2020-01-08 12:45,123,64,59,0,0,0
2020-01-08 13:00,128,61,67,0,0,0
2020-01-08 13:15,102,45,57,0,0,0
2020-01-08 13:30,109,52,57,0,0,0
2020-01-08 13:45,138,73,65,0,0,0
2020-01-08 14:00,147,45,102,0,0,0
2020-01-08 14:15,103,52,51,0,0,0
2020-01-08 14:30,103,51,52,0,0,0
2020-01-08 14:45,113,55,58,0,0,0
2020-01-08 15:00,107,50,57,0,0,0
2020-01-08 15:15,94,48,46,0,0,0
2020-01-08 15:30,137,51,86,0,0,0
2020-01-08 15:45,136,69,67,0,0,0
2020-01-08 16:00,140,78,62,0,0,0
2020-01-08 16:15,145,75,70,0,0,0
2020-01-08 16:30,126,46,80,0,0,0
2020-01-08 16:45,149,69,80,0,0,0
2020-01-08 17:00,161,82,79,0,0,0
2020-01-08 17:15,138,69,69,0,0,0
2020-01-08 17:30,133,58,75,0,0,0
2020-01-08 17:45,159,82,77,0,0,0
2020-01-08 18:00,132,56,76,0,0,0
2020-01-08 18:15,96,45,51,0,0,0
2020-01-08 18:30,99,50,49,0,0,0
2020-01-08 18:45,128,63,65,0,0,0
2020-01-08 19:00,101,54,47,0,0,0
2020-01-08 19:15,87,48,39,0,0,0
2020-01-08 19:30,77,39,38,0,0,0
2020-01-08 19:45,112,44,68,0,0,0
2020-01-08 20:00,58,26,32,0,0,0
2020-01-08 20:15,58,18,40,0,0,0
2020-01-08 20:30,39,13,26,0,0,0
2020-01-08 20:45,50,17,33,0,0,0
2020-01-08 21:00,55,23,32,0,0,0
2020-01-08 21:15,32,10,22,0,0,0
2020-01-08 21:30,50,20,30,0,0,0
2020-01-08 21:45,31,12,19,0,0,0
2020-01-08 22:00,44,21,23,0,0,0
2020-01-08 22:15,49,20,29,0,0,0
2020-01-08 22:30,59,32,27,0,0,0
2020-01-08 22:45,26,6,20,0,0,0
2020-01-08 23:00,23,10,13,0,0,0
2020-01-08 23:15,21,10,11,0,0,0
2020-01-08 23:30,24,17,7,0,0,0
2020-01-08 23:45,24,15,9,0,0,0
2020-01-09 00:00,10,5,5,0,0,0
2020-01-09 00:15,12,8,4,0,0,0
2020-01-09 00:30,12,6,6,0,0,0
2020-01-09 00:45,7,4,3,0,0,0
2020-01-09 01:00,5,0,5,0,0,0
2020-01-09 01:15,4,0,4,0,0,0
2020-01-09 01:30,3,0,3,0,0,0
2020-01-09 01:45,2,1,1,0,0,0
2020-01-09 02:00,5,2,3,0,0,0
2020-01-09 02:15,1,0,1,0,0,0
2020-01-09 02:30,1,0,1,0,0,0
2020-01-09 02:45,4,0,4,0,0,0
2020-01-09 03:00,2,2,0,0,0,0
2020-01-09 03:15,0,0,0,0,0,0
2020-01-09 03:30,1,1,0,0,0,0
2020-01-09 03:45,2,1,1,0,0,0
2020-01-09 04:00,4,1,3,0,0,0
2020-01-09 04:15,0,0,0,0,0,0
2020-01-09 04:30,3,3,0,0,0,0
2020-01-09 04:45,1,1,0,0,0,0
2020-01-09 05:00,0,0,0,0,0,0
2020-01-09 05:15,6,6,0,0,0,0
2020-01-09 05:30,11,6,5,0,0,0
2020-01-09 05:45,11,8,3,0,0,0
2020-01-09 06:00,11,7,4,0,0,0
2020-01-09 06:15,23,17,6,0,0,0
2020-01-09 06:30,49,26,23,0,0,0
2020-01-09 06:45,66,43,23,0,0,0
2020-01-09 07:00,91,67,24,0,0,0
2020-01-09 07:15,157,123,34,0,0,0
2020-01-09 07:30,321,280,41,0,0,0
2020-01-09 07:45,205,149,56,0,0,0
2020-01-09 08:00,179,156,23,0,0,0
2020-01-09 08:15,157,124,33,0,0,0
2020-01-09 08:30,156,133,23,0,0,0
2020-01-09 08:45,164,137,27,0,0,0
2020-01-09 09:00,106,85,21,0,0,0
2020-01-09 09:15,83,64,19,0,0,0
2020-01-09 09:30,122,98,24,0,0,0
2020-01-09 09:45,135,115,20,0,0,0
2020-01-09 10:00,115,86,29,0,0,0
2020-01-09 10:15,82,56,26,0,0,0
2020-01-09 10:30,65,45,20,0,0,0
2020-01-09 10:45,82,59,23,0,0,0
2020-01-09 11:00,82,59,23,0,0,0
2020-01-09 11:15,78,46,32,0,0,0
2020-01-09 11:30,81,46,35,0,0,0
2020-01-09 11:45,121,82,39,0,0,0
2020-01-09 12:00,119,65,54,0,0,0
2020-01-09 12:15,79,39,40,0,0,0
2020-01-09 12:30,110,51,59,0,0,0
2020-01-09 12:45,102,65,37,0,0,0
2020-01-09 13:00,101,53,48,0,0,0
2020-01-09 13:15,103,50,53,0,0,0
2020-01-09 13:30,107,54,53,0,0,0
2020-01-09 13:45,139,73,66,0,0,0
2020-01-09 14:00,141,57,84,0,0,0
2020-01-09 14:15,87,39,48,0,0,0
2020-01-09 14:30,111,54,57,0,0,0
2020-01-09 14:45,113,57,56,0,0,0
2020-01-09 15:00,108,44,64,0,0,0
2020-01-09 15:15,112,54,58,0,0,0
2020-01-09 15:30,139,67,72,0,0,0
2020-01-09 15:45,163,86,77,0,0,0
2020-01-09 16:00,185,86,99,0,0,0
2020-01-09 16:15,172,95,77,0,0,0
2020-01-09 16:30,176,74,102,0,0,0
2020-01-09 16:45,174,88,86,0,0,0
2020-01-09 17:00,147,68,79,0,0,0
2020-01-09 17:15,153,68,85,0,0,0
2020-01-09 17:30,172,77,95,0,0,0
2020-01-09 17:45,200,88,112,0,0,0
2020-01-09 18:00,165,66,99,0,0,0
2020-01-09 18:15,158,68,90,0,0,0
2020-01-09 18:30,115,65,50,0,0,0
2020-01-09 18:45,130,76,54,0,0,0
2020-01-09 19:00,100,51,49,0,0,0
2020-01-09 19:15,105,57,48,0,0,0
2020-01-09 19:30,90,41,49,0,0,0
2020-01-09 19:45,98,45,53,0,0,0
2020-01-09 20:00,81,29,52,0,0,0
2020-01-09 20:15,62,24,38,0,0,0
2020-01-09 20:30,42,14,28,0,0,0
2020-01-09 20:45,52,29,23,0,0,0
2020-01-09 21:00,51,24,27,0,0,0
2020-01-09 21:15,58,31,27,0,0,0
2020-01-09 21:30,35,21,14,0,0,0
2020-01-09 21:45,38,16,22,0,0,0
2020-01-09 22:00,53,17,36,0,0,0
2020-01-09 22:15,52,20,32,0,0,0
2020-01-09 22:30,39,19,20,0,0,0
2020-01-09 22:45,26,11,15,0,0,0
2020-01-09 23:00,18,9,9,0,0,0
2020-01-09 23:15,24,12,12,0,0,0
2020-01-09 23:30,24,10,14,0,0,0
2020-01-09 23:45,17,11,6,0,0,0
2020-01-10 00:00,20,17,3,0,0,0
2020-01-10 00:15,6,3,3,0,0,0
2020-01-10 00:30,5,3,2,0,0,0
2020-01-10 00:45,8,4,4,0,0,0
2020-01-10 01:00,3,1,2,0,0,0
2020-01-10 01:15,1,0,1,0,0,0
2020-01-10 01:30,1,0,1,0,0,0
2020-01-10 01:45,4,1,3,0,0,0
2020-01-10 02:00,1,1,0,0,0,0
2020-01-10 02:15,1,0,1,0,0,0
2020-01-10 02:30,1,0,1,0,0,0
2020-01-10 02:45,3,0,3,0,0,0
2020-01-10 03:00,1,0,1,0,0,0
2020-01-10 03:15,1,0,1,0,0,0
2020-01-10 03:30,0,0,0,0,0,0
2020-01-10 03:45,1,1,0,0,0,0
2020-01-10 04:00,2,1,1,0,0,0
2020-01-10 04:15,0,0,0,0,0,0
2020-01-10 04:30,1,1,0,0,0,0
2020-01-10 04:45,1,1,0,0,0,0
2020-01-10 05:00,2,1,1,0,0,0
2020-01-10 05:15,5,4,1,0,0,0
2020-01-10 05:30,8,6,2,0,0,0
2020-01-10 05:45,12,5,7,0,0,0
2020-01-10 06:00,14,8,6,0,0,0
2020-01-10 06:15,21,8,13,0,0,0
2020-01-10 06:30,35,22,13,0,0,0
2020-01-10 06:45,58,42,16,0,0,0
2020-01-10 07:00,76,58,18,0,0,0
2020-01-10 07:15,146,118,28,0,0,0
2020-01-10 07:30,316,263,53,0,0,0
2020-01-10 07:45,201,154,47,0,0,0
2020-01-10 08:00,163,140,23,0,0,0
2020-01-10 08:15,120,90,30,0,0,0
2020-01-10 08:30,151,114,37,0,0,0
2020-01-10 08:45,156,124,32,0,0,0
2020-01-10 09:00,96,79,17,0,0,0
2020-01-10 09:15,106,93,13,0,0,0
2020-01-10 09:30,99,77,22,0,0,0
2020-01-10 09:45,141,113,28,0,0,0
2020-01-10 10:00,102,75,27,0,0,0
2020-01-10 10:15,95,70,25,0,0,0
2020-01-10 10:30,87,62,25,0,0,0
2020-01-10 10:45,117,77,40,0,0,0
2020-01-10 11:00,66,37,29,0,0,0
2020-01-10 11:15,91,53,38,0,0,0
2020-01-10 11:30,85,50,35,0,0,0
2020-01-10 11:45,141,82,59,0,0,0
2020-01-10 12:00,134,74,60,0,0,0
2020-01-10 12:15,118,60,58,0,0,0
2020-01-10 12:30,148,65,83,0,0,0
2020-01-10 12:45,171,89,82,0,0,0
2020-01-10 13:00,147,58,89,0,0,0
2020-01-10 13:15,151,54,97,0,0,0
2020-01-10 13:30,136,59,77,0,0,0
2020-01-10 13:45,147,65,82,0,0,0
2020-01-10 14:00,190,71,119,0,0,0
2020-01-10 14:15,143,72,71,0,0,0
2020-01-10 14:30,138,62,76,0,0,0
2020-01-10 14:45,163,76,87,0,0,0
2020-01-10 15:00,138,54,84,0,0,0
2020-01-10 15:15,130,71,59,0,0,0
2020-01-10 15:30,123,59,64,0,0,0
2020-01-10 15:45,130,72,58,0,0,0
2020-01-10 16:00,154,73,81,0,0,0
2020-01-10 16:15,144,71,73,0,0,0
2020-01-10 16:30,127,62,65,0,0,0
2020-01-10 16:45,131,71,60,0,0,0
2020-01-10 17:00,100,52,48,0,0,0
2020-01-10 17:15,108,54,54,0,0,0
2020-01-10 17:30,150,85,65,0,0,0
2020-01-10 17:45,136,71,65,0,0,0
2020-01-10 18:00,119,51,68,0,0,0
2020-01-10 18:15,140,68,72,0,0,0
2020-01-10 18:30,90,52,38,0,0,0
2020-01-10 18:45,162,99,63,0,0,0
2020-01-10 19:00,122,71,51,0,0,0
2020-01-10 19:15,122,72,50,0,0,0
2020-01-10 19:30,79,45,34,0,0,0
2020-01-10 19:45,85,50,35,0,0,0
2020-01-10 20:00,83,42,41,0,0,0
2020-01-10 20:15,82,50,32,0,0,0
2020-01-10 20:30,83,48,35,0,0,0
2020-01-10 20:45,69,35,34,0,0,0
2020-01-10 21:00,43,23,20,0,0,0
2020-01-10 21:15,53,24,29,0,0,0
2020-01-10 21:30,40,14,26,0,0,0
2020-01-10 21:45,54,24,30,0,0,0
2020-01-10 22:00,54,33,21,0,0,0
2020-01-10 22:15,54,31,23,0,0,0
2020-01-10 22:30,51,29,22,0,0,0
2020-01-10 22:45,29,14,15,0,0,0
2020-01-10 23:00,50,28,22,0,0,0
2020-01-10 23:15,44,10,34,0,0,0
2020-01-10 23:30,35,12,23,0,0,0
2020-01-10 23:45,48,21,27,0,0,0
2020-01-11 00:00,52,28,24,0,0,0
2020-01-11 00:15,41,25,16,0,0,0
2020-01-11 00:30,34,19,15,0,0,0
2020-01-11 00:45,28,18,10,0,0,0
2020-01-11 01:00,23,17,6,0,0,0
2020-01-11 01:15,24,7,17,0,0,0
2020-01-11 01:30,14,1,13,0,0,0
2020-01-11 01:45,15,8,7,0,0,0
2020-01-11 02:00,13,5,8,0,0,0
2020-01-11 02:15,16,5,11,0,0,0
2020-01-11 02:30,19,5,14,0,0,0
2020-01-11 02:45,14,8,6,0,0,0
2020-01-11 03:00,2,0,2,0,0,0
2020-01-11 03:15,13,5,8,0,0,0
2020-01-11 03:30,8,1,7,0,0,0
2020-01-11 03:45,8,3,5,0,0,0
2020-01-11 04:00,9,1,8,0,0,0
2020-01-11 04:15,6,4,2,0,0,0
2020-01-11 04:30,3,0,3,0,0,0
2020-01-11 04:45,5,2,3,0,0,0
2020-01-11 05:00,3,0,3,0,0,0
2020-01-11 05:15,0,0,0,0,0,0
2020-01-11 05:30,12,6,6,0,0,0
2020-01-11 05:45,10,5,5,0,0,0
2020-01-11 06:00,3,1,2,0,0,0
2020-01-11 06:15,5,2,3,0,0,0
2020-01-11 06:30,4,3,1,0,0,0
2020-01-11 06:45,9,8,1,0,0,0
2020-01-11 07:00,6,5,1,0,0,0
2020-01-11 07:15,6,5,1,0,0,0
2020-01-11 07:30,23,18,5,0,0,0
2020-01-11 07:45,39,31,8,0,0,0
2020-01-11 08:00,30,27,3,0,0,0
2020-01-11 08:15,28,21,7,0,0,0
2020-01-11 08:30,38,34,4,0,0,0
2020-01-11 08:45,75,57,18,0,0,0
2020-01-11 09:00,63,48,15,0,0,0
2020-01-11 09:15,74,51,23,0,0,0
2020-01-11 09:30,96,78,18,0,0,0
2020-01-11 09:45,127,111,16,0,0,0
2020-01-11 10:00,133,112,21,0,0,0
2020-01-11 10:15,118,100,18,0,0,0
2020-01-11 10:30,122,89,33,0,0,0
2020-01-11 10:45,120,91,29,0,0,0
2020-01-11 11:00,123,100,23,0,0,0
2020-01-11 11:15,143,112,31,0,0,0
2020-01-11 11:30,148,107,41,0,0,0
2020-01-11 11:45,185,130,55,0,0,0
2020-01-11 12:00,134,90,44,0,0,0
2020-01-11 12:15,171,119,52,0,0,0
2020-01-11 12:30,153,90,63,0,0,0
2020-01-11 12:45,135,81,54,0,0,0
2020-01-11 13:00,152,91,61,0,0,0
2020-01-11 13:15,159,86,73,0,0,0
2020-01-11 13:30,153,83,70,0,0,0
2020-01-11 13:45,148,89,59,0,0,0
2020-01-11 14:00,138,73,65,0,0,0
2020-01-11 14:15,113,46,67,0,0,0
2020-01-11 14:30,141,68,73,0,0,0
2020-01-11 14:45,152,75,77,0,0,0
2020-01-11 15:00,102,40,62,0,0,0
2020-01-11 15:15,141,64,77,0,0,0
2020-01-11 15:30,106,52,54,0,0,0
2020-01-11 15:45,104,58,46,0,0,0
2020-01-11 16:00,111,60,51,0,0,0
2020-01-11 16:15,99,53,46,0,0,0
2020-01-11 16:30,111,51,60,0,0,0
2020-01-11 16:45,106,49,57,0,0,0
2020-01-11 17:00,88,39,49,0,0,0
2020-01-11 17:15,78,37,41,0,0,0
2020-01-11 17:30,72,39,33,0,0,0
2020-01-11 17:45,88,44,44,0,0,0
2020-01-11 18:00,103,50,53,0,0,0
2020-01-11 18:15,67,31,36,0,0,0
2020-01-11 18:30,75,35,40,0,0,0
2020-01-11 18:45,92,57,35,0,0,0
2020-01-11 19:00,84,51,33,0,0,0
2020-01-11 19:15,73,37,36,0,0,0
2020-01-11 19:30,56,33,23,0,0,0
2020-01-11 19:45,68,47,21,0,0,0
2020-01-11 20:00,65,35,30,0,0,0
2020-01-11 20:15,48,24,24,0,0,0
2020-01-11 20:30,55,32,23,0,0,0
2020-01-11 20:45,60,35,25,0,0,0
2020-01-11 21:00,45,16,29,0,0,0
2020-01-11 21:15,34,17,17,0,0,0
2020-01-11 21:30,34,21,13,0,0,0
2020-01-11 21:45,27,17,10,0,0,0
2020-01-11 22:00,55,37,18,0,0,0
2020-01-11 22:15,23,9,14,0,0,0
2020-01-11 22:30,27,9,18,0,0,0
2020-01-11 22:45,25,10,15,0,0,0
2020-01-11 23:00,27,13,14,0,0,0
2020-01-11 23:15,37,18,19,0,0,0
2020-01-11 23:30,35,19,16,0,0,0
2020-01-11 23:45,33,18,15,0,0,0
2020-01-12 00:00,39,22,17,0,0,0
2020-01-12 00:15,37,21,16,0,0,0
2020-01-12 00:30,26,12,14,0,0,0
2020-01-12 00:45,12,5,7,0,0,0
2020-01-12 01:00,27,14,13,0,0,0
2020-01-12 01:15,25,18,7,0,0,0
2020-01-12 01:30,27,14,13,0,0,0
2020-01-12 01:45,23,14,9,0,0,0
2020-01-12 02:00,19,5,14,0,0,0
2020-01-12 02:15,20,10,10,0,0,0
2020-01-12 02:30,18,7,11,0,0,0
2020-01-12 02:45,19,7,12,0,0,0
2020-01-12 03:00,13,3,10,0,0,0
2020-01-12 03:15,7,2,5,0,0,0
2020-01-12 03:30,3,0,3,0,0,0
2020-01-12 03:45,2,0,2,0,0,0
2020-01-12 04:00,3,0,3,0,0,0
2020-01-12 04:15,4,3,1,0,0,0
2020-01-12 04:30,0,0,0,0,0,0
2020-01-12 04:45,4,3,1,0,0,0
2020-01-12 05:00,1,1,0,0,0,0
2020-01-12 05:15,4,2,2,0,0,0
2020-01-12 05:30,5,2,3,0,0,0
2020-01-12 05:45,6,0,6,0,0,0
2020-01-12 06:00,5,2,3,0,0,0
2020-01-12 06:15,5,3,2,0,0,0
2020-01-12 06:30,5,2,3,0,0,0
2020-01-12 06:45,1,1,0,0,0,0
2020-01-12 07:00,2,1,1,0,0,0
2020-01-12 07:15,6,5,1,0,0,0
2020-01-12 07:30,3,2,1,0,0,0
2020-01-12 07:45,22,19,3,0,0,0
2020-01-12 08:00,5,5,0,0,0,0
2020-01-12 08:15,13,13,0,0,0,0
2020-01-12 08:30,9,7,2,0,0,0
2020-01-12 08:45,19,12,7,0,0,0
2020-01-12 09:00,13,9,4,0,0,0
2020-01-12 09:15,14,10,4,0,0,0
2020-01-12 09:30,24,22,2,0,0,0
2020-01-12 09:45,51,41,10,0,0,0
2020-01-12 10:00,47,39,8,0,0,0
2020-01-12 10:15,36,32,4,0,0,0
2020-01-12 10:30,42,33,9,0,0,0
2020-01-12 10:45,70,48,22,0,0,0
2020-01-12 11:00,43,31,12,0,0,0
2020-01-12 11:15,37,27,10,0,0,0
2020-01-12 11:30,40,34,6,0,0,0
2020-01-12 11:45,48,33,15,0,0,0
2020-01-12 12:00,38,25,13,0,0,0
2020-01-12 12:15,41,25,16,0,0,0
2020-01-12 12:30,41,20,21,0,0,0
2020-01-12 12:45,46,26,20,0,0,0
2020-01-12 13:00,39,17,22,0,0,0
2020-01-12 13:15,41,15,26,0,0,0
2020-01-12 13:30,53,29,24,0,0,0
2020-01-12 13:45,52,29,23,0,0,0
2020-01-12 14:00,51,34,17,0,0,0
2020-01-12 14:15,35,25,10,0,0,0
2020-01-12 14:30,42,24,18,0,0,0
2020-01-12 14:45,38,22,16,0,0,0
2020-01-12 15:00,45,19,26,0,0,0
2020-01-12 15:15,45,29,16,0,0,0
2020-01-12 15:30,33,18,15,0,0,0
2020-01-12 15:45,43,32,11,0,0,0
2020-01-12 16:00,41,25,16,0,0,0
2020-01-12 16:15,48,29,19,0,0,0
2020-01-12 16:30,35,13,22,0,0,0
2020-01-12 16:45,53,27,26,0,0,0
2020-01-12 17:00,31,21,10,0,0,0
2020-01-12 17:15,43,27,16,0,0,0
2020-01-12 17:30,45,30,15,0,0,0
2020-01-12 17:45,54,36,18,0,0,0
2020-01-12 18:00,52,31,21,0,0,0
2020-01-12 18:15,51,30,21,0,0,0
2020-01-12 18:30,42,18,24,0,0,0
2020-01-12 18:45,37,19,18,0,0,0
2020-01-12 19:00,31,12,19,0,0,0
2020-01-12 19:15,34,16,18,0,0,0
2020-01-12 19:30,33,16,17,0,0,0
2020-01-12 19:45,34,16,18,0,0,0
2020-01-12 20:00,32,17,15,0,0,0
2020-01-12 20:15,44,21,23,0,0,0
2020-01-12 20:30,28,17,11,0,0,0
2020-01-12 20:45,22,11,11,0,0,0
2020-01-12 21:00,19,12,7,0,0,0
2020-01-12 21:15,25,12,13,0,0,0
2020-01-12 21:30,16,8,8,0,0,0
2020-01-12 21:45,17,10,7,0,0,0
2020-01-12 22:00,19,7,12,0,0,0
2020-01-12 22:15,23,15,8,0,0,0
2020-01-12 22:30,5,3,2,0,0,0
2020-01-12 22:45,10,4,6,0,0,0
2020-01-12 23:00,8,4,4,0,0,0
2020-01-12 23:15,7,2,5,0,0,0
2020-01-12 23:30,3,3,0,0,0,0
2020-01-12 23:45,4,2,2,0,0,0
2020-01-13 00:00,12,8,4,0,0,0
2020-01-13 00:15,5,4,1,0,0,0
2020-01-13 00:30,5,3,2,0,0,0
2020-01-13 00:45,5,2,3,0,0,0
2020-01-13 01:00,1,1,0,0,0,0
2020-01-13 01:15,1,0,1,0,0,0
2020-01-13 01:30,0,0,0,0,0,0
2020-01-13 01:45,1,1,0,0,0,0
2020-01-13 02:00,0,0,0,0,0,0
2020-01-13 02:15,0,0,0,0,0,0
2020-01-13 02:30,3,2,1,0,0,0
2020-01-13 02:45,0,0,0,0,0,0
2020-01-13 03:00,0,0,0,0,0,0
2020-01-13 03:15,1,1,0,0,0,0
2020-01-13 03:30,0,0,0,0,0,0
2020-01-13 03:45,1,1,0,0,0,0
2020-01-13 04:00,0,0,0,0,0,0
2020-01-13 04:15,2,2,0,0,0,0
2020-01-13 04:30,1,1,0,0,0,0
2020-01-13 04:45,1,1,0,0,0,0
2020-01-13 05:00,1,1,0,0,0,0
2020-01-13 05:15,4,4,0,0,0,0
2020-01-13 05:30,9,7,2,0,0,0
2020-01-13 05:45,11,8,3,0,0,0
2020-01-13 06:00,19,15,4,0,0,0
2020-01-13 06:15,32,19,13,0,0,0
2020-01-13 06:30,45,24,21,0,0,0
2020-01-13 06:45,68,48,20,0,0,0
2020-01-13 07:00,84,68,16,0,0,0
2020-01-13 07:15,160,126,34,0,0,0
2020-01-13 07:30,319,267,52,0,0,0
2020-01-13 07:45,235,178,57,0,0,0
2020-01-13 08:00,176,149,27,0,0,0
2020-01-13 08:15,154,115,39,0,0,0
2020-01-13 08:30,115,90,25,0,0,0
2020-01-13 08:45,147,114,33,0,0,0
2020-01-13 09:00,102,82,20,0,0,0
2020-01-13 09:15,112,94,18,0,0,0
2020-01-13 09:30,116,92,24,0,0,0
2020-01-13 09:45,146,123,23,0,0,0
2020-01-13 10:00,152,115,37,0,0,0
2020-01-13 10:15,70,41,29,0,0,0
2020-01-13 10:30,76,49,27,0,0,0
2020-01-13 10:45,107,69,38,0,0,0
2020-01-13 11:00,92,63,29,0,0,0
2020-01-13 11:15,91,45,46,0,0,0
2020-01-13 11:30,103,71,32,0,0,0
2020-01-13 11:45,123,78,45,0,0,0
2020-01-13 12:00,127,77,50,0,0,0
2020-01-13 12:15,110,58,52,0,0,0
2020-01-13 12:30,141,57,84,0,0,0
2020-01-13 12:45,96,48,48,0,0,0
2020-01-13 13:00,133,62,71,0,0,0
2020-01-13 13:15,108,43,65,0,0,0
2020-01-13 13:30,126,75,51,0,0,0
2020-01-13 13:45,135,69,66,0,0,0
2020-01-13 14:00,159,70,89,0,0,0
2020-01-13 14:15,121,59,62,0,0,0
2020-01-13 14:30,110,58,52,0,0,0
2020-01-13 14:45,125,52,73,0,0,0
2020-01-13 15:00,139,78,61,0,0,0
2020-01-13 15:15,159,70,89,0,0,0
2020-01-13 15:30,136,61,75,0,0,0
2020-01-13 15:45,202,89,113,0,0,0
2020-01-13 16:00,194,93,101,0,0,0
2020-01-13 16:15,180,71,109,0,0,0
2020-01-13 16:30,216,97,119,0,0,0
2020-01-13 16:45,201,104,97,0,0,0
2020-01-13 17:00,199,98,101,0,0,0
2020-01-13 17:15,195,95,100,0,0,0
2020-01-13 17:30,170,83,87,0,0,0
2020-01-13 17:45,233,104,129,0,0,0
2020-01-13 18:00,154,62,92,0,0,0
2020-01-13 18:15,171,71,100,0,0,0
2020-01-13 18:30,121,56,65,0,0,0
2020-01-13 18:45,139,62,77,0,0,0
2020-01-13 19:00,110,44,66,0,0,0
2020-01-13 19:15,87,38,49,0,0,0
2020-01-13 19:30,80,43,37,0,0,0
2020-01-13 19:45,104,45,59,0,0,0
2020-01-13 20:00,81,26,55,0,0,0
2020-01-13 20:15,45,15,30,0,0,0
2020-01-13 20:30,63,25,38,0,0,0
2020-01-13 20:45,75,26,49,0,0,0
2020-01-13 21:00,46,26,20,0,0,0
2020-01-13 21:15,48,16,32,0,0,0
2020-01-13 21:30,52,22,30,0,0,0
2020-01-13 21:45,66,23,43,0,0,0
2020-01-13 22:00,30,9,21,0,0,0
2020-01-13 22:15,54,27,27,0,0,0
2020-01-13 22:30,33,16,17,0,0,0
2020-01-13 22:45,22,13,9,0,0,0
2020-01-13 23:00,22,15,7,0,0,0
2020-01-13 23:15,19,9,10,0,0,0
2020-01-13 23:30,15,8,7,0,0,0
2020-01-13 23:45,3,3,0,0,0,0
2020-01-14 00:00,7,0,7,0,0,0
2020-01-14 00:15,13,5,8,0,0,0
2020-01-14 00:30,6,3,3,0,0,0
2020-01-14 00:45,2,1,1,0,0,0
2020-01-14 01:00,3,1,2,0,0,0
2020-01-14 01:15,0,0,0,0,0,0
2020-01-14 01:30,2,1,1,0,0,0
2020-01-14 01:45,2,1,1,0,0,0
2020-01-14 02:00,1,0,1,0,0,0
2020-01-14 02:15,0,0,0,0,0,0
2020-01-14 02:30,0,0,0,0,0,0
2020-01-14 02:45,1,0,1,0,0,0
2020-01-14 03:00,4,3,1,0,0,0
2020-01-14 03:15,0,0,0,0,0,0
2020-01-14 03:30,2,2,0,0,0,0
2020-01-14 03:45,1,1,0,0,0,0
2020-01-14 04:00,0,0,0,0,0,0
2020-01-14 04:15,2,2,0,0,0,0
2020-01-14 04:30,1,1,0,0,0,0
2020-01-14 04:45,2,2,0,0,0,0
2020-01-14 05:00,3,2,1,0,0,0
2020-01-14 05:15,4,3,1,0,0,0
2020-01-14 05:30,10,7,3,0,0,0
2020-01-14 05:45,18,12,6,0,0,0
2020-01-14 06:00,13,7,6,0,0,0
2020-01-14 06:15,26,16,10,0,0,0
2020-01-14 06:30,40,24,16,0,0,0
2020-01-14 06:45,61,42,19,0,0,0
2020-01-14 07:00,83,56,27,0,0,0
2020-01-14 07:15,161,118,43,0,0,0
2020-01-14 07:30,327,276,51,0,0,0
2020-01-14 07:45,235,173,62,0,0,0
2020-01-14 08:00,169,137,32,0,0,0
2020-01-14 08:15,124,86,38,0,0,0
2020-01-14 08:30,131,96,35,0,0,0
2020-01-14 08:45,155,119,36,0,0,0
2020-01-14 09:00,120,98,22,0,0,0
2020-01-14 09:15,100,75,25,0,0,0
2020-01-14 09:30,92,69,23,0,0,0
2020-01-14 09:45,165,132,33,0,0,0
2020-01-14 10:00,115,83,32,0,0,0
2020-01-14 10:15,82,53,29,0,0,0
2020-01-14 10:30,75,52,23,0,0,0
2020-01-14 10:45,58,41,17,0,0,0
2020-01-14 11:00,65,40,25,0,0,0
2020-01-14 11:15,90,52,38,0,0,0
2020-01-14 11:30,74,42,32,0,0,0
2020-01-14 11:45,95,56,39,0,0,0
2020-01-14 12:00,104,57,47,0,0,0
2020-01-14 12:15,111,50,61,0,0,0
2020-01-14 12:30,107,48,59,0,0,0
2020-01-14 12:45,122,65,57,0,0,0
2020-01-14 13:00,111,48,63,0,0,0
2020-01-14 13:15,118,49,69,0,0,0
2020-01-14 13:30,81,40,41,0,0,0
2020-01-14 13:45,122,62,60,0,0,0
2020-01-14 14:00,177,62,115,0,0,0
2020-01-14 14:15,95,47,48,0,0,0
2020-01-14 14:30,98,49,49,0,0,0
2020-01-14 14:45,102,47,55,0,0,0
2020-01-14 15:00,87,36,51,0,0,0
2020-01-14 15:15,96,50,46,0,0,0
2020-01-14 15:30,130,66,64,0,0,0
2020-01-14 15:45,153,80,73,0,0,0
2020-01-14 16:00,167,77,90,0,0,0
2020-01-14 16:15,157,66,91,0,0,0
2020-01-14 16:30,158,73,85,0,0,0
2020-01-14 16:45,152,80,72,0,0,0
2020-01-14 17:00,172,76,96,0,0,0
2020-01-14 17:15,168,68,100,0,0,0
2020-01-14 17:30,179,76,103,0,0,0
2020-01-14 17:45,197,94,103,0,0,0
2020-01-14 18:00,182,72,110,0,0,0
2020-01-14 18:15,124,56,68,0,0,0
2020-01-14 18:30,127,65,62,0,0,0
2020-01-14 18:45,131,71,60,0,0,0
2020-01-14 19:00,119,50,69,0,0,0
2020-01-14 19:15,100,50,50,0,0,0
2020-01-14 19:30,95,47,48,0,0,0
2020-01-14 19:45,109,56,53,0,0,0
2020-01-14 20:00,85,34,51,0,0,0
2020-01-14 20:15,66,20,46,0,0,0
2020-01-14 20:30,60,20,40,0,0,0
2020-01-14 20:45,82,31,51,0,0,0
2020-01-14 21:00,48,25,23,0,0,0
2020-01-14 21:15,42,21,21,0,0,0
2020-01-14 21:30,62,22,40,0,0,0
2020-01-14 21:45,63,24,39,0,0,0
2020-01-14 22:00,56,19,37,0,0,0
2020-01-14 22:15,53,21,32,0,0,0
2020-01-14 22:30,56,22,34,0,0,0
2020-01-14 22:45,27,13,14,0,0,0
2020-01-14 23:00,48,29,19,0,0,0
2020-01-14 23:15,33,23,10,0,0,0
2020-01-14 23:30,33,23,10,0,0,0
2020-01-14 23:45,23,10,13,0,0,0
2020-01-15 00:00,16,5,11,0,0,0
2020-01-15 00:15,4,1,3,0,0,0
2020-01-15 00:30,5,1,4,0,0,0
2020-01-15 00:45,5,3,2,0,0,0
2020-01-15 01:00,1,1,0,0,0,0
2020-01-15 01:15,3,2,1,0,0,0
2020-01-15 01:30,5,2,3,0,0,0
2020-01-15 01:45,4,4,0,0,0,0
2020-01-15 02:00,0,0,0,0,0,0
2020-01-15 02:15,0,0,0,0,0,0
2020-01-15 02:30,2,0,2,0,0,0
2020-01-15 02:45,3,0,3,0,0,0
2020-01-15 03:00,2,2,0,0,0,0
2020-01-15 03:15,1,1,0,0,0,0
2020-01-15 03:30,0,0,0,0,0,0
2020-01-15 03:45,0,0,0,0,0,0
2020-01-15 04:00,1,0,1,0,0,0
2020-01-15 04:15,1,1,0,0,0,0
2020-01-15 04:30,2,1,1,0,0,0
2020-01-15 04:45,1,1,0,0,0,0
2020-01-15 05:00,0,0,0,0,0,0
2020-01-15 05:15,6,5,1,0,0,0
2020-01-15 05:30,9,5,4,0,0,0
2020-01-15 05:45,17,9,8,0,0,0
2020-01-15 06:00,14,11,3,0,0,0
2020-01-15 06:15,25,15,10,0,0,0
2020-01-15 06:30,48,23,25,0,0,0
2020-01-15 06:45,68,49,19,0,0,0
2020-01-15 07:00,99,77,22,0,0,0
2020-01-15 07:15,180,132,48,0,0,0
2020-01-15 07:30,334,288,46,0,0,0
2020-01-15 07:45,266,184,82,0,0,0
2020-01-15 08:00,204,170,34,0,0,0
2020-01-15 08:15,187,149,38,0,0,0
2020-01-15 08:30,140,117,23,0,0,0
2020-01-15 08:45,180,135,45,0,0,0
2020-01-15 09:00,121,90,31,0,0,0
2020-01-15 09:15,139,100,39,0,0,0
2020-01-15 09:30,129,97,32,0,0,0
2020-01-15 09:45,186,151,35,0,0,0
2020-01-15 10:00,137,107,30,0,0,0
2020-01-15 10:15,121,82,39,0,0,0
2020-01-15 10:30,129,91,38,0,0,0
2020-01-15 10:45,128,89,39,0,0,0
2020-01-15 11:00,131,82,49,0,0,0
2020-01-15 11:15,118,69,49,0,0,0
2020-01-15 11:30,143,87,56,0,0,0
2020-01-15 11:45,165,100,65,0,0,0
2020-01-15 12:00,163,103,60,0,0,0
2020-01-15 12:15,143,85,58,0,0,0
2020-01-15 12:30,170,101,69,0,0,0
2020-01-15 12:45,152,76,76,0,0,0
2020-01-15 13:00,163,79,84,0,0,0
2020-01-15 13:15,167,72,95,0,0,0
2020-01-15 13:30,146,70,76,0,0,0
2020-01-15 13:45,161,78,83,0,0,0
2020-01-15 14:00,152,56,96,0,0,0
2020-01-15 14:15,123,56,67,0,0,0
2020-01-15 14:30,109,48,61,0,0,0
2020-01-15 14:45,132,57,75,0,0,0
2020-01-15 15:00,128,60,68,0,0,0
2020-01-15 15:15,136,63,73,0,0,0
2020-01-15 15:30,155,71,84,0,0,0
2020-01-15 15:45,168,71,97,0,0,0
2020-01-15 16:00,173,96,77,0,0,0
2020-01-15 16:15,169,73,96,0,0,0
2020-01-15 16:30,183,83,100,0,0,0
2020-01-15 16:45,175,96,79,0,0,0
2020-01-15 17:00,176,92,84,0,0,0
2020-01-15 17:15,133,72,61,0,0,0
2020-01-15 17:30,151,71,80,0,0,0
2020-01-15 17:45,171,106,65,0,0,0
2020-01-15 18:00,165,68,97,0,0,0
2020-01-15 18:15,111,43,68,0,0,0
2020-01-15 18:30,126,60,66,0,0,0
2020-01-15 18:45,110,58,52,0,0,0
2020-01-15 19:00,81,44,37,0,0,0
2020-01-15 19:15,106,53,53,0,0,0
2020-01-15 19:30,86,41,45,0,0,0
2020-01-15 19:45,121,58,63,0,0,0
2020-01-15 20:00,65,31,34,0,0,0
2020-01-15 20:15,53,19,34,0,0,0
2020-01-15 20:30,45,21,24,0,0,0
2020-01-15 20:45,51,22,29,0,0,0
2020-01-15 21:00,36,13,23,0,0,0
2020-01-15 21:15,33,9,24,0,0,0
2020-01-15 21:30,47,24,23,0,0,0
2020-01-15 21:45,57,23,34,0,0,0
2020-01-15 22:00,69,23,46,0,0,0
2020-01-15 22:15,51,27,24,0,0,0
2020-01-15 22:30,51,14,37,0,0,0
2020-01-15 22:45,37,22,15,0,0,0
2020-01-15 23:00,32,9,23,0,0,0
2020-01-15 23:15,23,13,10,0,0,0
2020-01-15 23:30,13,4,9,0,0,0
2020-01-15 23:45,22,13,9,0,0,0
2020-01-16 00:00,15,7,8,0,0,0
2020-01-16 00:15,16,14,2,0,0,0
2020-01-16 00:30,26,25,1,0,0,0
2020-01-16 00:45,10,7,3,0,0,0
2020-01-16 01:00,5,1,4,0,0,0
2020-01-16 01:15,3,1,2,0,0,0
2020-01-16 01:30,1,0,1,0,0,0
2020-01-16 01:45,3,2,1,0,0,0
2020-01-16 02:00,7,7,0,0,0,0
2020-01-16 02:15,2,0,2,0,0,0
2020-01-16 02:30,3,0,3,0,0,0
2020-01-16 02:45,2,0,2,0,0,0
2020-01-16 03:00,2,0,2,0,0,0
2020-01-16 03:15,0,0,0,0,0,0
2020-01-16 03:30,1,1,0,0,0,0
2020-01-16 03:45,2,1,1,0,0,0
2020-01-16 04:00,3,3,0,0,0,0
2020-01-16 04:15,1,0,1,0,0,0
2020-01-16 04:30,1,1,0,0,0,0
2020-01-16 04:45,4,3,1,0,0,0
2020-01-16 05:00,1,0,1,0,0,0
2020-01-16 05:15,5,5,0,0,0,0
2020-01-16 05:30,13,9,4,0,0,0
2020-01-16 05:45,21,13,8,0,0,0
2020-01-16 06:00,13,9,4,0,0,0
2020-01-16 06:15,24,16,8,0,0,0
2020-01-16 06:30,46,28,18,0,0,0
2020-01-16 06:45,61,51,10,0,0,0
2020-01-16 07:00,89,62,27,0,0,0
2020-01-16 07:15,155,126,29,0,0,0
2020-01-16 07:30,331,288,43,0,0,0
2020-01-16 07:45,260,192,68,0,0,0
2020-01-16 08:00,174,144,30,0,0,0
2020-01-16 08:15,158,121,37,0,0,0
2020-01-16 08:30,136,109,27,0,0,0
2020-01-16 08:45,161,128,33,0,0,0
2020-01-16 09:00,106,87,19,0,0,0
2020-01-16 09:15,121,94,27,0,0,0
2020-01-16 09:30,119,100,19,0,0,0
2020-01-16 09:45,183,147,36,0,0,0
2020-01-16 10:00,118,93,25,0,0,0
2020-01-16 10:15,94,72,22,0,0,0
2020-01-16 10:30,84,52,32,0,0,0
2020-01-16 10:45,139,101,38,0,0,0
2020-01-16 11:00,83,57,26,0,0,0
2020-01-16 11:15,103,69,34,0,0,0
2020-01-16 11:30,123,78,45,0,0,0
2020-01-16 11:45,160,98,62,0,0,0
2020-01-16 12:00,125,70,55,0,0,0
2020-01-16 12:15,106,60,46,0,0,0
2020-01-16 12:30,137,74,63,0,0,0
2020-01-16 12:45,108,68,40,0,0,0
2020-01-16 13:00,135,75,60,0,0,0
2020-01-16 13:15,144,66,78,0,0,0
2020-01-16 13:30,115,61,54,0,0,0
2020-01-16 13:45,159,97,62,0,0,0
2020-01-16 14:00,149,49,100,0,0,0
2020-01-16 14:15,131,67,64,0,0,0
2020-01-16 14:30,131,64,67,0,0,0
2020-01-16 14:45,164,87,77,0,0,0
2020-01-16 15:00,129,62,67,0,0,0
2020-01-16 15:15,132,75,57,0,0,0
2020-01-16 15:30,180,91,89,0,0,0
2020-01-16 15:45,204,106,98,0,0,0
2020-01-16 16:00,192,99,93,0,0,0
2020-01-16 16:15,204,100,104,0,0,0
2020-01-16 16:30,183,106,77,0,0,0
2020-01-16 16:45,197,100,97,0,0,0
2020-01-16 17:00,154,71,83,0,0,0
2020-01-16 17:15,163,83,80,0,0,0
2020-01-16 17:30,157,84,73,0,0,0
2020-01-16 17:45,193,100,93,0,0,0
2020-01-16 18:00,183,82,101,0,0,0
2020-01-16 18:15,134,62,72,0,0,0
2020-01-16 18:30,151,86,65,0,0,0
2020-01-16 18:45,139,82,57,0,0,0
2020-01-16 19:00,119,58,61,0,0,0
2020-01-16 19:15,117,57,60,0,0,0
2020-01-16 19:30,111,70,41,0,0,0
2020-01-16 19:45,92,56,36,0,0,0
2020-01-16 20:00,77,28,49,0,0,0
2020-01-16 20:15,73,23,50,0,0,0
2020-01-16 20:30,56,28,28,0,0,0
2020-01-16 20:45,56,21,35,0,0,0
2020-01-16 21:00,48,21,27,0,0,0
2020-01-16 21:15,49,22,27,0,0,0
2020-01-16 21:30,52,31,21,0,0,0
2020-01-16 21:45,47,19,28,0,0,0
2020-01-16 22:00,62,26,36,0,0,0
2020-01-16 22:15,60,21,39,0,0,0
2020-01-16 22:30,46,22,24,0,0,0
2020-01-16 22:45,24,10,14,0,0,0
2020-01-16 23:00,43,14,29,0,0,0
2020-01-16 23:15,21,9,12,0,0,0
2020-01-16 23:30,23,18,5,0,0,0
2020-01-16 23:45,16,8,8,0,0,0
2020-01-17 00:00,19,8,11,0,0,0
2020-01-17 00:15,12,5,7,0,0,0
2020-01-17 00:30,12,6,6,0,0,0
2020-01-17 00:45,3,2,1,0,0,0
2020-01-17 01:00,8,2,6,0,0,0
2020-01-17 01:15,6,0,6,0,0,0
2020-01-17 01:30,3,1,2,0,0,0
2020-01-17 01:45,3,2,1,0,0,0
2020-01-17 02:00,2,1,1,0,0,0
2020-01-17 02:15,4,1,3,0,0,0
2020-01-17 02:30,3,1,2,0,0,0
2020-01-17 02:45,4,0,4,0,0,0
2020-01-17 03:00,0,0,0,0,0,0
2020-01-17 03:15,1,0,1,0,0,0
2020-01-17 03:30,3,2,1,0,0,0
2020-01-17 03:45,0,0,0,0,0,0
2020-01-17 04:00,0,0,0,0,0,0
2020-01-17 04:15,1,0,1,0,0,0
2020-01-17 04:30,2,2,0,0,0,0
2020-01-17 04:45,0,0,0,0,0,0
2020-01-17 05:00,4,3,1,0,0,0
2020-01-17 05:15,5,4,1,0,0,0
2020-01-17 05:30,10,7,3,0,0,0
2020-01-17 05:45,15,9,6,0,0,0
2020-01-17 06:00,17,10,7,0,0,0
2020-01-17 06:15,14,10,4,0,0,0
2020-01-17 06:30,43,25,18,0,0,0
2020-01-17 06:45,60,49,11,0,0,0
2020-01-17 07:00,79,56,23,0,0,0
2020-01-17 07:15,143,116,27,0,0,0
2020-01-17 07:30,314,278,36,0,0,0
2020-01-17 07:45,198,150,48,0,0,0
2020-01-17 08:00,154,134,20,0,0,0
2020-01-17 08:15,115,88,27,0,0,0
2020-01-17 08:30,136,110,26,0,0,0
2020-01-17 08:45,156,124,32,0,0,0
2020-01-17 09:00,112,85,27,0,0,0
2020-01-17 09:15,97,79,18,0,0,0
2020-01-17 09:30,126,101,25,0,0,0
2020-01-17 09:45,135,116,19,0,0,0
2020-01-17 10:00,88,62,26,0,0,0
2020-01-17 10:15,105,78,27,0,0,0
2020-01-17 10:30,87,58,29,0,0,0
2020-01-17 10:45,100,64,36,0,0,0
2020-01-17 11:00,100,67,33,0,0,0
2020-01-17 11:15,108,72,36,0,0,0
2020-01-17 11:30,94,66,28,0,0,0
2020-01-17 11:45,108,67,41,0,0,0
2020-01-17 12:00,108,65,43,0,0,0
2020-01-17 12:15,132,69,63,0,0,0
2020-01-17 12:30,143,78,65,0,0,0
2020-01-17 12:45,135,72,63,0,0,0
2020-01-17 13:00,167,76,91,0,0,0
2020-01-17 13:15,143,77,66,0,0,0
2020-01-17 13:30,143,67,76,0,0,0
2020-01-17 13:45,172,93,79,0,0,0
2020-01-17 14:00,171,79,92,0,0,0
2020-01-17 14:15,125,63,62,0,0,0
2020-01-17 14:30,125,54,71,0,0,0
2020-01-17 14:45,137,72,65,0,0,0
2020-01-17 15:00,99,56,43,0,0,0
2020-01-17 15:15,117,57,60,0,0,0
2020-01-17 15:30,125,64,61,0,0,0
2020-01-17 15:45,129,70,59,0,0,0
2020-01-17 16:00,120,61,59,0,0,0
2020-01-17 16:15,112,47,65,0,0,0
2020-01-17 16:30,112,44,68,0,0,0
2020-01-17 16:45,94,52,42,0,0,0
2020-01-17 17:00,109,60,49,0,0,0
2020-01-17 17:15,114,62,52,0,0,0
2020-01-17 17:30,112,72,40,0,0,0
2020-01-17 17:45,109,50,59,0,0,0
2020-01-17 18:00,90,42,48,0,0,0
2020-01-17 18:15,87,40,47,0,0,0
2020-01-17 18:30,94,54,40,0,0,0
2020-01-17 18:45,136,77,59,0,0,0
2020-01-17 19:00,91,51,40,0,0,0
2020-01-17 19:15,92,42,50,0,0,0
2020-01-17 19:30,65,34,31,0,0,0
2020-01-17 19:45,104,61,43,0,0,0
2020-01-17 20:00,89,47,42,0,0,0
2020-01-17 20:15,67,36,31,0,0,0
2020-01-17 20:30,47,26,21,0,0,0
2020-01-17 20:45,50,23,27,0,0,0
2020-01-17 21:00,53,28,25,0,0,0
2020-01-17 21:15,42,20,22,0,0,0
2020-01-17 21:30,31,12,19,0,0,0
2020-01-17 21:45,32,17,15,0,0,0
2020-01-17 22:00,61,29,32,0,0,0
2020-01-17 22:15,32,12,20,0,0,0
2020-01-17 22:30,38,16,22,0,0,0
2020-01-17 22:45,34,17,17,0,0,0
2020-01-17 23:00,26,9,17,0,0,0
2020-01-17 23:15,29,16,13,0,0,0
2020-01-17 23:30,32,16,16,0,0,0
2020-01-17 23:45,38,21,17,0,0,0
2020-01-18 00:00,40,23,17,0,0,0
2020-01-18 00:15,24,7,17,0,0,0
2020-01-18 00:30,34,19,15,0,0,0
2020-01-18 00:45,22,9,13,0,0,0
2020-01-18 01:00,20,8,12,0,0,0
2020-01-18 01:15,21,5,16,0,0,0
2020-01-18 01:30,20,6,14,0,0,0
2020-01-18 01:45,14,5,9,0,0,0
2020-01-18 02:00,13,5,8,0,0,0
2020-01-18 02:15,16,2,14,0,0,0
2020-01-18 02:30,6,1,5,0,0,0
2020-01-18 02:45,12,3,9,0,0,0
2020-01-18 03:00,12,4,8,0,0,0
2020-01-18 03:15,11,2,9,0,0,0
2020-01-18 03:30,5,1,4,0,0,0
2020-01-18 03:45,6,0,6,0,0,0
2020-01-18 04:00,5,2,3,0,0,0
2020-01-18 04:15,3,1,2,0,0,0
2020-01-18 04:30,0,0,0,0,0,0
2020-01-18 04:45,1,0,1,0,0,0
2020-01-18 05:00,3,2,1,0,0,0
2020-01-18 05:15,2,1,1,0,0,0
2020-01-18 05:30,10,6,4,0,0,0
2020-01-18 05:45,13,7,6,0,0,0
2020-01-18 06:00,4,4,0,0,0,0
2020-01-18 06:15,8,4,4,0,0,0
2020-01-18 06:30,4,2,2,0,0,0
2020-01-18 06:45,9,7,2,0,0,0
2020-01-18 07:00,9,5,4,0,0,0
2020-01-18 07:15,17,11,6,0,0,0
2020-01-18 07:30,19,15,4,0,0,0
2020-01-18 07:45,45,41,4,0,0,0
2020-01-18 08:00,25,20,5,0,0,0
2020-01-18 08:15,34,25,9,0,0,0
2020-01-18 08:30,47,40,7,0,0,0
2020-01-18 08:45,71,58,13,0,0,0
2020-01-18 09:00,62,46,16,0,0,0
2020-01-18 09:15,69,56,13,0,0,0
2020-01-18 09:30,83,60,23,0,0,0
2020-01-18 09:45,111,89,22,0,0,0
2020-01-18 10:00,85,63,22,0,0,0
2020-01-18 10:15,104,84,20,0,0,0
2020-01-18 10:30,114,89,25,0,0,0
2020-01-18 10:45,159,126,33,0,0,0
2020-01-18 11:00,127,90,37,0,0,0
2020-01-18 11:15,135,104,31,0,0,0
2020-01-18 11:30,135,79,56,0,0,0
2020-01-18 11:45,120,74,46,0,0,0
2020-01-18 12:00,122,82,40,0,0,0
2020-01-18 12:15,148,97,51,0,0,0
2020-01-18 12:30,110,73,37,0,0,0
2020-01-18 12:45,130,72,58,0,0,0
2020-01-18 13:00,138,77,61,0,0,0
2020-01-18 13:15,148,89,59,0,0,0
2020-01-18 13:30,120,67,53,0,0,0
2020-01-18 13:45,109,62,47,0,0,0
2020-01-18 14:00,113,62,51,0,0,0
2020-01-18 14:15,94,49,45,0,0,0
2020-01-18 14:30,103,42,61,0,0,0
2020-01-18 14:45,115,65,50,0,0,0
2020-01-18 15:00,117,58,59,0,0,0
2020-01-18 15:15,91,51,40,0,0,0
2020-01-18 15:30,92,55,37,0,0,0
2020-01-18 15:45,96,60,36,0,0,0
2020-01-18 16:00,82,41,41,0,0,0
2020-01-18 16:15,73,32,41,0,0,0
2020-01-18 16:30,57,20,37,0,0,0
2020-01-18 16:45,62,21,41,0,0,0
2020-01-18 17:00,80,31,49,0,0,0
2020-01-18 17:15,61,31,30,0,0,0
2020-01-18 17:30,77,37,40,0,0,0
2020-01-18 17:45,77,38,39,0,0,0
2020-01-18 18:00,67,28,39,0,0,0
2020-01-18 18:15,69,33,36,0,0,0
2020-01-18 18:30,77,31,46,0,0,0
2020-01-18 18:45,96,59,37,0,0,0
2020-01-18 19:00,57,25,32,0,0,0
2020-01-18 19:15,74,46,28,0,0,0
2020-01-18 19:30,67,38,29,0,0,0
2020-01-18 19:45,74,46,28,0,0,0
2020-01-18 20:00,72,41,31,0,0,0
2020-01-18 20:15,42,18,24,0,0,0
2020-01-18 20:30,42,24,18,0,0,0
2020-01-18 20:45,37,25,12,0,0,0
2020-01-18 21:00,43,21,22,0,0,0
2020-01-18 21:15,24,13,11,0,0,0
2020-01-18 21:30,35,18,17,0,0,0
2020-01-18 21:45,24,13,11,0,0,0
2020-01-18 22:00,30,12,18,0,0,0
2020-01-18 22:15,28,16,12,0,0,0
2020-01-18 22:30,32,23,9,0,0,0
2020-01-18 22:45,37,22,15,0,0,0
2020-01-18 23:00,30,11,19,0,0,0
2020-01-18 23:15,38,22,16,0,0,0
2020-01-18 23:30,34,16,18,0,0,0
2020-01-18 23:45,38,21,17,0,0,0
2020-01-19 00:00,29,16,13,0,0,0
2020-01-19 00:15,24,13,11,0,0,0
2020-01-19 00:30,21,7,14,0,0,0
2020-01-19 00:45,26,13,13,0,0,0
2020-01-19 01:00,9,3,6,0,0,0
2020-01-19 01:15,13,5,8,0,0,0
2020-01-19 01:30,22,13,9,0,0,0
2020-01-19 01:45,14,10,4,0,0,0
2020-01-19 02:00,15,3,12,0,0,0
2020-01-19 02:15,21,5,16,0,0,0
2020-01-19 02:30,5,0,5,0,0,0
2020-01-19 02:45,11,5,6,0,0,0
2020-01-19 03:00,8,1,7,0,0,0
2020-01-19 03:15,6,3,3,0,0,0
2020-01-19 03:30,1,0,1,0,0,0
2020-01-19 03:45,4,0,4,0,0,0
2020-01-19 04:00,4,2,2,0,0,0
2020-01-19 04:15,7,6,1,0,0,0
2020-01-19 04:30,4,4,0,0,0,0
2020-01-19 04:45,4,2,2,0,0,0
2020-01-19 05:00,1,1,0,0,0,0
2020-01-19 05:15,3,2,1,0,0,0
2020-01-19 05:30,5,1,4,0,0,0
2020-01-19 05:45,8,3,5,0,0,0
2020-01-19 06:00,6,5,1,0,0,0
2020-01-19 06:15,4,2,2,0,0,0
2020-01-19 06:30,4,3,1,0,0,0
2020-01-19 06:45,7,6,1,0,0,0
2020-01-19 07:00,2,0,2,0,0,0
2020-01-19 07:15,5,3,2,0,0,0
2020-01-19 07:30,14,11,3,0,0,0
2020-01-19 07:45,23,17,6,0,0,0
2020-01-19 08:00,17,13,4,0,0,0
2020-01-19 08:15,10,9,1,0,0,0
2020-01-19 08:30,14,10,4,0,0,0
2020-01-19 08:45,22,16,6,0,0,0
2020-01-19 09:00,24,22,2,0,0,0
2020-01-19 09:15,18,14,4,0,0,0
2020-01-19 09:30,31,26,5,0,0,0
2020-01-19 09:45,69,60,9,0,0,0
2020-01-19 10:00,38,32,6,0,0,0
2020-01-19 10:15,33,24,9,0,0,0
2020-01-19 10:30,37,20,17,0,0,0
2020-01-19 10:45,55,41,14,0,0,0
2020-01-19 11:00,27,19,8,0,0,0
2020-01-19 11:15,37,21,16,0,0,0
2020-01-19 11:30,39,31,8,0,0,0
2020-01-19 11:45,57,37,20,0,0,0
2020-01-19 12:00,51,35,16,0,0,0
2020-01-19 12:15,38,22,16,0,0,0
2020-01-19 12:30,44,26,18,0,0,0
2020-01-19 12:45,54,26,28,0,0,0
2020-01-19 13:00,68,42,26,0,0,0
2020-01-19 13:15,55,37,18,0,0,0
2020-01-19 13:30,50,27,23,0,0,0
2020-01-19 13:45,60,29,31,0,0,0
2020-01-19 14:00,60,33,27,0,0,0
2020-01-19 14:15,54,29,25,0,0,0
2020-01-19 14:30,62,42,20,0,0,0
2020-01-19 14:45,74,50,24,0,0,0
2020-01-19 15:00,72,37,35,0,0,0
2020-01-19 15:15,71,36,35,0,0,0
2020-01-19 15:30,80,50,30,0,0,0
2020-01-19 15:45,56,37,19,0,0,0
2020-01-19 16:00,56,30,26,0,0,0
2020-01-19 16:15,69,42,27,0,0,0
2020-01-19 16:30,54,26,28,0,0,0
2020-01-19 16:45,86,43,43,0,0,0
2020-01-19 17:00,62,38,24,0,0,0
2020-01-19 17:15,78,40,38,0,0,0
2020-01-19 17:30,61,30,31,0,0,0
2020-01-19 17:45,79,41,38,0,0,0
2020-01-19 18:00,68,41,27,0,0,0
2020-01-19 18:15,50,32,18,0,0,0
2020-01-19 18:30,47,23,24,0,0,0
2020-01-19 18:45,55,35,20,0,0,0
2020-01-19 19:00,42,24,18,0,0,0
2020-01-19 19:15,38,22,16,0,0,0
2020-01-19 19:30,40,24,16,0,0,0
2020-01-19 19:45,42,16,26,0,0,0
2020-01-19 20:00,40,13,27,0,0,0
2020-01-19 20:15,38,19,19,0,0,0
2020-01-19 20:30,27,15,12,0,0,0
2020-01-19 20:45,21,14,7,0,0,0
2020-01-19 21:00,18,9,9,0,0,0
2020-01-19 21:15,16,6,10,0,0,0
2020-01-19 21:30,18,12,6,0,0,0
2020-01-19 21:45,13,4,9,0,0,0
2020-01-19 22:00,16,6,10,0,0,0
2020-01-19 22:15,17,9,8,0,0,0
2020-01-19 22:30,16,8,8,0,0,0
2020-01-19 22:45,22,8,14,0,0,0
2020-01-19 23:00,18,2,16,0,0,0
2020-01-19 23:15,7,4,3,0,0,0
2020-01-19 23:30,6,2,4,0,0,0
2020-01-19 23:45,8,6,2,0,0,0
2020-01-20 00:00,9,6,3,0,0,0
2020-01-20 00:15,1,0,1,0,0,0
2020-01-20 00:30,6,4,2,0,0,0
2020-01-20 00:45,6,2,4,0,0,0
2020-01-20 01:00,3,2,1,0,0,0
2020-01-20 01:15,0,0,0,0,0,0
2020-01-20 01:30,0,0,0,0,0,0
2020-01-20 01:45,2,2,0,0,0,0
2020-01-20 02:00,4,3,1,0,0,0
2020-01-20 02:15,1,0,1,0,0,0
2020-01-20 02:30,0,0,0,0,0,0
2020-01-20 02:45,0,0,0,0,0,0
2020-01-20 03:00,3,2,1,0,0,0
2020-01-20 03:15,0,0,0,0,0,0
2020-01-20 03:30,1,1,0,0,0,0
2020-01-20 03:45,0,0,0,0,0,0
2020-01-20 04:00,0,0,0,0,0,0
2020-01-20 04:15,0,0,0,0,0,0
2020-01-20 04:30,1,1,0,0,0,0
2020-01-20 04:45,1,1,0,0,0,0
2020-01-20 05:00,0,0,0,0,0,0
2020-01-20 05:15,5,5,0,0,0,0
2020-01-20 05:30,6,4,2,0,0,0
2020-01-20 05:45,14,8,6,0,0,0
2020-01-20 06:00,18,15,3,0,0,0
2020-01-20 06:15,32,22,10,0,0,0
2020-01-20 06:30,35,22,13,0,0,0
2020-01-20 06:45,66,48,18,0,0,0
2020-01-20 07:00,91,68,23,0,0,0
2020-01-20 07:15,138,112,26,0,0,0
2020-01-20 07:30,337,287,50,0,0,0
2020-01-20 07:45,212,156,56,0,0,0
2020-01-20 08:00,174,145,29,0,0,0
2020-01-20 08:15,172,131,41,0,0,0
2020-01-20 08:30,131,103,28,0,0,0
2020-01-20 08:45,163,132,31,0,0,0
2020-01-20 09:00,105,86,19,0,0,0
2020-01-20 09:15,109,91,18,0,0,0
2020-01-20 09:30,123,102,21,0,0,0
2020-01-20 09:45,147,127,20,0,0,0
2020-01-20 10:00,134,104,30,0,0,0
2020-01-20 10:15,87,67,20,0,0,0
2020-01-20 10:30,75,50,25,0,0,0
2020-01-20 10:45,95,58,37,0,0,0
2020-01-20 11:00,88,60,28,0,0,0
2020-01-20 11:15,82,41,41,0,0,0
2020-01-20 11:30,91,67,24,0,0,0
2020-01-20 11:45,126,80,46,0,0,0
2020-01-20 12:00,108,69,39,0,0,0
2020-01-20 12:15,94,53,41,0,0,0
2020-01-20 12:30,107,56,51,0,0,0
2020-01-20 12:45,103,48,55,0,0,0
2020-01-20 13:00,114,58,56,0,0,0
2020-01-20 13:15,102,50,52,0,0,0
2020-01-20 13:30,86,56,30,0,0,0
2020-01-20 13:45,141,72,69,0,0,0
2020-01-20 14:00,136,68,68,0,0,0
2020-01-20 14:15,140,75,65,0,0,0
2020-01-20 14:30,100,49,51,0,0,0
2020-01-20 14:45,104,52,52,0,0,0
2020-01-20 15:00,122,56,66,0,0,0
2020-01-20 15:15,126,73,53,0,0,0
2020-01-20 15:30,145,80,65,0,0,0
2020-01-20 15:45,198,99,99,0,0,0
2020-01-20 16:00,179,94,85,0,0,0
2020-01-20 16:15,195,102,93,0,0,0
2020-01-20 16:30,165,86,79,0,0,0
2020-01-20 16:45,157,88,69,0,0,0
2020-01-20 17:00,188,98,90,0,0,0
2020-01-20 17:15,172,86,86,0,0,0
2020-01-20 17:30,150,70,80,0,0,0
2020-01-20 17:45,178,99,79,0,0,0
2020-01-20 18:00,169,72,97,0,0,0
2020-01-20 18:15,101,43,58,0,0,0
2020-01-20 18:30,95,44,51,0,0,0
2020-01-20 18:45,107,62,45,0,0,0
2020-01-20 19:00,96,44,52,0,0,0
2020-01-20 19:15,85,35,50,0,0,0
2020-01-20 19:30,80,47,33,0,0,0
2020-01-20 19:45,88,43,45,0,0,0
2020-01-20 20:00,72,21,51,0,0,0
2020-01-20 20:15,51,15,36,0,0,0
2020-01-20 20:30,64,34,30,0,0,0
2020-01-20 20:45,39,12,27,0,0,0
2020-01-20 21:00,37,15,22,0,0,0
2020-01-20 21:15,54,32,22,0,0,0
2020-01-20 21:30,37,21,16,0,0,0
2020-01-20 21:45,45,23,22,0,0,0
2020-01-20 22:00,31,11,20,0,0,0
2020-01-20 22:15,37,13,24,0,0,0
2020-01-20 22:30,18,8,10,0,0,0
2020-01-20 22:45,19,10,9,0,0,0
2020-01-20 23:00,33,15,18,0,0,0
2020-01-20 23:15,22,14,8,0,0,0
2020-01-20 23:30,20,12,8,0,0,0
2020-01-20 23:45,9,6,3,0,0,0
2020-01-21 00:00,12,8,4,0,0,0
2020-01-21 00:15,6,4,2,0,0,0
2020-01-21 00:30,4,1,3,0,0,0
2020-01-21 00:45,3,2,1,0,0,0
2020-01-21 01:00,0,0,0,0,0,0
2020-01-21 01:15,2,0,2,0,0,0
2020-01-21 01:30,0,0,0,0,0,0
2020-01-21 01:45,2,1,1,0,0,0
2020-01-21 02:00,2,1,1,0,0,0
2020-01-21 02:15,3,2,1,0,0,0
2020-01-21 02:30,3,3,0,0,0,0
2020-01-21 02:45,3,2,1,0,0,0
2020-01-21 03:00,0,0,0,0,0,0
2020-01-21 03:15,0,0,0,0,0,0
2020-01-21 03:30,0,0,0,0,0,0
2020-01-21 03:45,1,1,0,0,0,0
2020-01-21 04:00,0,0,0,0,0,0
2020-01-21 04:15,0,0,0,0,0,0
2020-01-21 04:30,1,1,0,0,0,0
2020-01-21 04:45,1,1,0,0,0,0
2020-01-21 05:00,0,0,0,0,0,0
2020-01-21 05:15,4,3,1,0,0,0
2020-01-21 05:30,14,11,3,0,0,0
2020-01-21 05:45,14,11,3,0,0,0
2020-01-21 06:00,12,10,2,0,0,0
2020-01-21 06:15,35,21,14,0,0,0
2020-01-21 06:30,36,18,18,0,0,0
2020-01-21 06:45,70,52,18,0,0,0
2020-01-21 07:00,98,77,21,0,0,0
2020-01-21 07:15,136,105,31,0,0,0
2020-01-21 07:30,345,306,39,0,0,0
2020-01-21 07:45,251,203,48,0,0,0
2020-01-21 08:00,187,158,29,0,0,0
2020-01-21 08:15,173,137,36,0,0,0
2020-01-21 08:30,146,119,27,0,0,0
2020-01-21 08:45,152,126,26,0,0,0
2020-01-21 09:00,134,108,26,0,0,0
2020-01-21 09:15,101,74,27,0,0,0
2020-01-21 09:30,120,91,29,0,0,0
2020-01-21 09:45,126,109,17,0,0,0
2020-01-21 10:00,110,83,27,0,0,0
2020-01-21 10:15,82,63,19,0,0,0
2020-01-21 10:30,96,79,17,0,0,0
2020-01-21 10:45,78,52,26,0,0,0
2020-01-21 11:00,67,54,13,0,0,0
2020-01-21 11:15,102,71,31,0,0,0
2020-01-21 11:30,95,62,33,0,0,0
2020-01-21 11:45,127,82,45,0,0,0
2020-01-21 12:00,101,60,41,0,0,0
2020-01-21 12:15,113,59,54,0,0,0
2020-01-21 12:30,109,51,58,0,0,0
2020-01-21 12:45,102,62,40,0,0,0
2020-01-21 13:00,133,58,75,0,0,0
2020-01-21 13:15,142,69,73,0,0,0
2020-01-21 13:30,108,60,48,0,0,0
2020-01-21 13:45,146,92,54,0,0,0
2020-01-21 14:00,105,54,51,0,0,0
2020-01-21 14:15,122,58,64,0,0,0
2020-01-21 14:30,97,52,45,0,0,0
2020-01-21 14:45,123,77,46,0,0,0
2020-01-21 15:00,146,93,53,0,0,0
2020-01-21 15:15,147,89,58,0,0,0
2020-01-21 15:30,169,101,68,0,0,0
2020-01-21 15:45,196,115,81,0,0,0
2020-01-21 16:00,198,109,89,0,0,0
2020-01-21 16:15,167,81,86,0,0,0
2020-01-21 16:30,155,92,63,0,0,0
2020-01-21 16:45,171,105,66,0,0,0
2020-01-21 17:00,177,90,87,0,0,0
2020-01-21 17:15,160,81,79,0,0,0
2020-01-21 17:30,181,83,98,0,0,0
2020-01-21 17:45,188,93,95,0,0,0
2020-01-21 18:00,169,64,105,0,0,0
2020-01-21 18:15,138,64,74,0,0,0
2020-01-21 18:30,129,70,59,0,0,0
2020-01-21 18:45,122,62,60,0,0,0
2020-01-21 19:00,95,52,43,0,0,0
2020-01-21 19:15,117,56,61,0,0,0
2020-01-21 19:30,81,38,43,0,0,0
2020-01-21 19:45,78,35,43,0,0,0
2020-01-21 20:00,88,46,42,0,0,0
2020-01-21 20:15,67,26,41,0,0,0
2020-01-21 20:30,56,30,26,0,0,0
2020-01-21 20:45,50,29,21,0,0,0
2020-01-21 21:00,51,28,23,0,0,0
2020-01-21 21:15,51,20,31,0,0,0
2020-01-21 21:30,39,14,25,0,0,0
2020-01-21 21:45,37,17,20,0,0,0
2020-01-21 22:00,69,33,36,0,0,0
2020-01-21 22:15,31,18,13,0,0,0
2020-01-21 22:30,40,15,25,0,0,0
2020-01-21 22:45,16,7,9,0,0,0
2020-01-21 23:00,22,10,12,0,0,0
2020-01-21 23:15,20,9,11,0,0,0
2020-01-21 23:30,21,13,8,0,0,0
2020-01-21 23:45,15,9,6,0,0,0
2020-01-22 00:00,13,10,3,0,0,0
2020-01-22 00:15,9,4,5,0,0,0
2020-01-22 00:30,4,3,1,0,0,0
2020-01-22 00:45,2,0,2,0,0,0
2020-01-22 01:00,6,3,3,0,0,0
2020-01-22 01:15,3,1,2,0,0,0
2020-01-22 01:30,2,1,1,0,0,0
2020-01-22 01:45,3,2,1,0,0,0
2020-01-22 02:00,0,0,0,0,0,0
2020-01-22 02:15,3,2,1,0,0,0
2020-01-22 02:30,1,0,1,0,0,0
2020-01-22 02:45,1,0,1,0,0,0
2020-01-22 03:00,0,0,0,0,0,0
2020-01-22 03:15,0,0,0,0,0,0
2020-01-22 03:30,4,2,2,0,0,0
2020-01-22 03:45,0,0,0,0,0,0
2020-01-22 04:00,0,0,0,0,0,0
2020-01-22 04:15,0,0,0,0,0,0
2020-01-22 04:30,2,2,0,0,0,0
2020-01-22 04:45,1,1,0,0,0,0
2020-01-22 05:00,0,0,0,0,0,0
2020-01-22 05:15,6,6,0,0,0,0
2020-01-22 05:30,14,9,5,0,0,0
2020-01-22 05:45,14,8,6,0,0,0
2020-01-22 06:00,12,8,4,0,0,0
2020-01-22 06:15,24,17,7,0,0,0
2020-01-22 06:30,48,30,18,0,0,0
2020-01-22 06:45,64,41,23,0,0,0
2020-01-22 07:00,91,69,22,0,0,0
2020-01-22 07:15,121,91,30,0,0,0
2020-01-22 07:30,317,264,53,0,0,0
2020-01-22 07:45,222,170,52,0,0,0
2020-01-22 08:00,186,144,42,0,0,0
2020-01-22 08:15,198,157,41,0,0,0
2020-01-22 08:30,132,103,29,0,0,0
2020-01-22 08:45,177,148,29,0,0,0
2020-01-22 09:00,114,85,29,0,0,0
2020-01-22 09:15,127,98,29,0,0,0
2020-01-22 09:30,100,80,20,0,0,0
2020-01-22 09:45,170,143,27,0,0,0
2020-01-22 10:00,111,90,21,0,0,0
2020-01-22 10:15,70,57,13,0,0,0
2020-01-22 10:30,84,59,25,0,0,0
2020-01-22 10:45,91,69,22,0,0,0
2020-01-22 11:00,80,53,27,0,0,0
2020-01-22 11:15,99,66,33,0,0,0
2020-01-22 11:30,84,52,32,0,0,0
2020-01-22 11:45,103,64,39,0,0,0
2020-01-22 12:00,95,64,31,0,0,0
2020-01-22 12:15,98,56,42,0,0,0
2020-01-22 12:30,123,59,64,0,0,0
2020-01-22 12:45,100,58,42,0,0,0
2020-01-22 13:00,111,54,57,0,0,0
2020-01-22 13:15,117,59,58,0,0,0
2020-01-22 13:30,116,61,55,0,0,0
2020-01-22 13:45,130,72,58,0,0,0
2020-01-22 14:00,147,66,81,0,0,0
2020-01-22 14:15,81,41,40,0,0,0
2020-01-22 14:30,109,55,54,0,0,0
2020-01-22 14:45,90,41,49,0,0,0
2020-01-22 15:00,98,49,49,0,0,0
2020-01-22 15:15,118,67,51,0,0,0
2020-01-22 15:30,120,61,59,0,0,0
2020-01-22 15:45,182,90,92,0,0,0
2020-01-22 16:00,167,97,70,0,0,0
2020-01-22 16:15,130,57,73,0,0,0
2020-01-22 16:30,138,67,71,0,0,0
2020-01-22 16:45,141,71,70,0,0,0
2020-01-22 17:00,122,59,63,0,0,0
2020-01-22 17:15,129,64,65,0,0,0
2020-01-22 17:30,143,74,69,0,0,0
2020-01-22 17:45,155,78,77,0,0,0
2020-01-22 18:00,145,68,77,0,0,0
2020-01-22 18:15,129,62,67,0,0,0
2020-01-22 18:30,123,56,67,0,0,0
2020-01-22 18:45,133,64,69,0,0,0
2020-01-22 19:00,105,57,48,0,0,0
2020-01-22 19:15,104,56,48,0,0,0
2020-01-22 19:30,98,50,48,0,0,0
2020-01-22 19:45,115,53,62,0,0,0
2020-01-22 20:00,77,28,49,0,0,0
2020-01-22 20:15,60,19,41,0,0,0
2020-01-22 20:30,46,18,28,0,0,0
2020-01-22 20:45,41,17,24,0,0,0
2020-01-22 21:00,50,25,25,0,0,0
2020-01-22 21:15,58,22,36,0,0,0
2020-01-22 21:30,52,27,25,0,0,0
2020-01-22 21:45,52,27,25,0,0,0
2020-01-22 22:00,39,24,15,0,0,0
2020-01-22 22:15,44,19,25,0,0,0
2020-01-22 22:30,56,23,33,0,0,0
2020-01-22 22:45,42,24,18,0,0,0
2020-01-22 23:00,38,24,14,0,0,0
2020-01-22 23:15,30,21,9,0,0,0
2020-01-22 23:30,22,13,9,0,0,0
2020-01-22 23:45,11,6,5,0,0,0
2020-01-23 00:00,22,11,11,0,0,0
2020-01-23 00:15,9,9,0,0,0,0
2020-01-23 00:30,4,2,2,0,0,0
2020-01-23 00:45,11,7,4,0,0,0
2020-01-23 01:00,3,1,2,0,0,0
2020-01-23 01:15,7,1,6,0,0,0
2020-01-23 01:30,3,1,2,0,0,0
2020-01-23 01:45,7,6,1,0,0,0
2020-01-23 02:00,13,13,0,0,0,0
2020-01-23 02:15,1,0,1,0,0,0
2020-01-23 02:30,3,0,3,0,0,0
2020-01-23 02:45,1,0,1,0,0,0
2020-01-23 03:00,4,0,4,0,0,0
2020-01-23 03:15,0,0,0,0,0,0
2020-01-23 03:30,4,3,1,0,0,0
2020-01-23 03:45,1,0,1,0,0,0
2020-01-23 04:00,5,3,2,0,0,0
2020-01-23 04:15,0,0,0,0,0,0
2020-01-23 04:30,1,1,0,0,0,0
2020-01-23 04:45,0,0,0,0,0,0
2020-01-23 05:00,1,0,1,0,0,0
2020-01-23 05:15,4,4,0,0,0,0
2020-01-23 05:30,15,8,7,0,0,0
2020-01-23 05:45,18,11,7,0,0,0
2020-01-23 06:00,11,6,5,0,0,0
2020-01-23 06:15,25,15,10,0,0,0
2020-01-23 06:30,44,29,15,0,0,0
2020-01-23 06:45,67,47,20,0,0,0
2020-01-23 07:00,93,77,16,0,0,0
2020-01-23 07:15,150,122,28,0,0,0
2020-01-23 07:30,315,269,46,0,0,0
2020-01-23 07:45,237,180,57,0,0,0
2020-01-23 08:00,178,156,22,0,0,0
2020-01-23 08:15,175,137,38,0,0,0
2020-01-23 08:30,159,135,24,0,0,0
2020-01-23 08:45,163,138,25,0,0,0
2020-01-23 09:00,103,83,20,0,0,0
2020-01-23 09:15,96,76,20,0,0,0
2020-01-23 09:30,116,89,27,0,0,0
2020-01-23 09:45,180,148,32,0,0,0
2020-01-23 10:00,106,88,18,0,0,0
2020-01-23 10:15,78,58,20,0,0,0
2020-01-23 10:30,84,56,28,0,0,0
2020-01-23 10:45,83,60,23,0,0,0
2020-01-23 11:00,80,54,26,0,0,0
2020-01-23 11:15,92,65,27,0,0,0
2020-01-23 11:30,96,59,37,0,0,0
2020-01-23 11:45,132,93,39,0,0,0
2020-01-23 12:00,118,67,51,0,0,0
2020-01-23 12:15,90,56,34,0,0,0
2020-01-23 12:30,129,65,64,0,0,0
2020-01-23 12:45,128,67,61,0,0,0
2020-01-23 13:00,115,54,61,0,0,0
2020-01-23 13:15,110,50,60,0,0,0
2020-01-23 13:30,97,57,40,0,0,0
2020-01-23 13:45,150,83,67,0,0,0
2020-01-23 14:00,129,57,72,0,0,0
2020-01-23 14:15,108,48,60,0,0,0
2020-01-23 14:30,109,64,45,0,0,0
2020-01-23 14:45,142,81,61,0,0,0
2020-01-23 15:00,111,64,47,0,0,0
2020-01-23 15:15,131,83,48,0,0,0
2020-01-23 15:30,137,77,60,0,0,0
2020-01-23 15:45,166,95,71,0,0,0
2020-01-23 16:00,178,105,73,0,0,0
2020-01-23 16:15,170,90,80,0,0,0
2020-01-23 16:30,161,73,88,0,0,0
2020-01-23 16:45,171,94,77,0,0,0
2020-01-23 17:00,164,81,83,0,0,0
2020-01-23 17:15,168,91,77,0,0,0
2020-01-23 17:30,151,79,72,0,0,0
2020-01-23 17:45,172,109,63,0,0,0
2020-01-23 18:00,164,74,90,0,0,0
2020-01-23 18:15,140,76,64,0,0,0
2020-01-23 18:30,134,68,66,0,0,0
2020-01-23 18:45,132,74,58,0,0,0
2020-01-23 19:00,107,51,56,0,0,0
2020-01-23 19:15,107,53,54,0,0,0
2020-01-23 19:30,104,56,48,0,0,0
2020-01-23 19:45,89,43,46,0,0,0
2020-01-23 20:00,83,37,46,0,0,0
2020-01-23 20:15,60,16,44,0,0,0
2020-01-23 20:30,49,25,24,0,0,0
2020-01-23 20:45,63,37,26,0,0,0
2020-01-23 21:00,44,22,22,0,0,0
2020-01-23 21:15,55,19,36,0,0,0
2020-01-23 21:30,38,21,17,0,0,0
2020-01-23 21:45,53,23,30,0,0,0
2020-01-23 22:00,55,30,25,0,0,0
2020-01-23 22:15,47,14,33,0,0,0
2020-01-23 22:30,32,15,17,0,0,0
2020-01-23 22:45,24,9,15,0,0,0
2020-01-23 23:00,31,14,17,0,0,0
2020-01-23 23:15,24,13,11,0,0,0
2020-01-23 23:30,21,12,9,0,0,0
2020-01-23 23:45,13,6,7,0,0,0
2020-01-24 00:00,28,16,12,0,0,0
2020-01-24 00:15,16,9,7,0,0,0
2020-01-24 00:30,8,5,3,0,0,0
2020-01-24 00:45,3,2,1,0,0,0
2020-01-24 01:00,4,1,3,0,0,0
2020-01-24 01:15,3,1,2,0,0,0
2020-01-24 01:30,2,1,1,0,0,0
2020-01-24 01:45,5,2,3,0,0,0
2020-01-24 02:00,2,2,0,0,0,0
2020-01-24 02:15,1,0,1,0,0,0
2020-01-24 02:30,3,0,3,0,0,0
2020-01-24 02:45,1,0,1,0,0,0
2020-01-24 03:00,1,0,1,0,0,0
2020-01-24 03:15,1,1,0,0,0,0
2020-01-24 03:30,0,0,0,0,0,0
2020-01-24 03:45,0,0,0,0,0,0
2020-01-24 04:00,1,1,0,0,0,0
2020-01-24 04:15,0,0,0,0,0,0
2020-01-24 04:30,2,1,1,0,0,0
2020-01-24 04:45,1,1,0,0,0,0
2020-01-24 05:00,1,0,1,0,0,0
2020-01-24 05:15,5,4,1,0,0,0
2020-01-24 05:30,11,6,5,0,0,0
2020-01-24 05:45,19,12,7,0,0,0
2020-01-24 06:00,15,11,4,0,0,0
2020-01-24 06:15,19,12,7,0,0,0
2020-01-24 06:30,33,22,11,0,0,0
2020-01-24 06:45,66,54,12,0,0,0
2020-01-24 07:00,80,59,21,0,0,0
2020-01-24 07:15,121,91,30,0,0,0
2020-01-24 07:30,300,270,30,0,0,0
2020-01-24 07:45,209,154,55,0,0,0
2020-01-24 08:00,136,103,33,0,0,0
2020-01-24 08:15,142,112,30,0,0,0
2020-01-24 08:30,135,109,26,0,0,0
2020-01-24 08:45,166,135,31,0,0,0
2020-01-24 09:00,123,94,29,0,0,0
2020-01-24 09:15,97,77,20,0,0,0
2020-01-24 09:30,107,83,24,0,0,0
2020-01-24 09:45,143,122,21,0,0,0
2020-01-24 10:00,117,95,22,0,0,0
2020-01-24 10:15,87,57,30,0,0,0
2020-01-24 10:30,94,70,24,0,0,0
2020-01-24 10:45,95,60,35,0,0,0
2020-01-24 11:00,79,60,19,0,0,0
2020-01-24 11:15,108,63,45,0,0,0
2020-01-24 11:30,102,60,42,0,0,0
2020-01-24 11:45,130,81,49,0,0,0
2020-01-24 12:00,109,66,43,0,0,0
2020-01-24 12:15,112,65,47,0,0,0
2020-01-24 12:30,145,66,79,0,0,0
2020-01-24 12:45,109,63,46,0,0,0
2020-01-24 13:00,144,69,75,0,0,0
2020-01-24 13:15,166,90,76,0,0,0
2020-01-24 13:30,115,56,59,0,0,0
2020-01-24 13:45,140,76,64,0,0,0
2020-01-24 14:00,158,76,82,0,0,0
2020-01-24 14:15,117,72,45,0,0,0
2020-01-24 14:30,131,79,52,0,0,0
2020-01-24 14:45,126,63,63,0,0,0
2020-01-24 15:00,119,59,60,0,0,0
2020-01-24 15:15,149,79,70,0,0,0
2020-01-24 15:30,129,67,62,0,0,0
2020-01-24 15:45,124,67,57,0,0,0
2020-01-24 16:00,146,84,62,0,0,0
2020-01-24 16:15,134,70,64,0,0,0
2020-01-24 16:30,124,69,55,0,0,0
2020-01-24 16:45,120,64,56,0,0,0
2020-01-24 17:00,120,55,65,0,0,0
2020-01-24 17:15,125,57,68,0,0,0
2020-01-24 17:30,98,47,51,0,0,0
2020-01-24 17:45,101,54,47,0,0,0
2020-01-24 18:00,90,42,48,0,0,0
2020-01-24 18:15,109,53,56,0,0,0
2020-01-24 18:30,77,45,32,0,0,0
2020-01-24 18:45,93,46,47,0,0,0
2020-01-24 19:00,99,48,51,0,0,0
2020-01-24 19:15,77,45,32,0,0,0
2020-01-24 19:30,79,43,36,0,0,0
2020-01-24 19:45,72,44,28,0,0,0
2020-01-24 20:00,58,37,21,0,0,0
2020-01-24 20:15,64,39,25,0,0,0
2020-01-24 20:30,59,35,24,0,0,0
2020-01-24 20:45,47,25,22,0,0,0
2020-01-24 21:00,50,29,21,0,0,0
2020-01-24 21:15,42,18,24,0,0,0
2020-01-24 21:30,35,20,15,0,0,0
2020-01-24 21:45,28,8,20,0,0,0
2020-01-24 22:00,48,26,22,0,0,0
2020-01-24 22:15,54,26,28,0,0,0
2020-01-24 22:30,41,16,25,0,0,0
2020-01-24 22:45,32,20,12,0,0,0
2020-01-24 23:00,46,21,25,0,0,0
2020-01-24 23:15,32,11,21,0,0,0
2020-01-24 23:30,28,7,21,0,0,0
2020-01-24 23:45,54,36,18,0,0,0
2020-01-25 00:00,26,12,14,0,0,0
2020-01-25 00:15,21,9,12,0,0,0
2020-01-25 00:30,29,16,13,0,0,0
2020-01-25 00:45,20,11,9,0,0,0
2020-01-25 01:00,14,8,6,0,0,0
2020-01-25 01:15,24,12,12,0,0,0
2020-01-25 01:30,9,1,8,0,0,0
2020-01-25 01:45,8,5,3,0,0,0
2020-01-25 02:00,13,2,11,0,0,0
2020-01-25 02:15,10,3,7,0,0,0
2020-01-25 02:30,7,4,3,0,0,0
2020-01-25 02:45,12,1,11,0,0,0
2020-01-25 03:00,8,2,6,0,0,0
2020-01-25 03:15,4,2,2,0,0,0
2020-01-25 03:30,7,1,6,0,0,0
2020-01-25 03:45,8,2,6,0,0,0
2020-01-25 04:00,3,0,3,0,0,0
2020-01-25 04:15,0,0,0,0,0,0
2020-01-25 04:30,3,0,3,0,0,0
2020-01-25 04:45,2,2,0,0,0,0
2020-01-25 05:00,1,0,1,0,0,0
2020-01-25 05:15,9,4,5,0,0,0
2020-01-25 05:30,8,5,3,0,0,0
2020-01-25 05:45,8,2,6,0,0,0
2020-01-25 06:00,2,1,1,0,0,0
2020-01-25 06:15,3,2,1,0,0,0
2020-01-25 06:30,2,2,0,0,0,0
2020-01-25 06:45,12,10,2,0,0,0
2020-01-25 07:00,12,10,2,0,0,0
2020-01-25 07:15,17,15,2,0,0,0
2020-01-25 07:30,20,18,2,0,0,0
2020-01-25 07:45,52,44,8,0,0,0
2020-01-25 08:00,31,27,4,0,0,0
2020-01-25 08:15,25,22,3,0,0,0
2020-01-25 08:30,37,31,6,0,0,0
2020-01-25 08:45,56,37,19,0,0,0
2020-01-25 09:00,51,43,8,0,0,0
2020-01-25 09:15,67,54,13,0,0,0
2020-01-25 09:30,79,58,21,0,0,0
2020-01-25 09:45,116,92,24,0,0,0
2020-01-25 10:00,107,86,21,0,0,0
2020-01-25 10:15,84,61,23,0,0,0
2020-01-25 10:30,87,64,23,0,0,0
2020-01-25 10:45,126,93,33,0,0,0
2020-01-25 11:00,132,96,36,0,0,0
2020-01-25 11:15,104,74,30,0,0,0
2020-01-25 11:30,123,95,28,0,0,0
2020-01-25 11:45,148,103,45,0,0,0
2020-01-25 12:00,135,91,44,0,0,0
2020-01-25 12:15,117,78,39,0,0,0
2020-01-25 12:30,143,104,39,0,0,0
2020-01-25 12:45,150,103,47,0,0,0
2020-01-25 13:00,138,79,59,0,0,0
2020-01-25 13:15,140,83,57,0,0,0
2020-01-25 13:30,123,61,62,0,0,0
2020-01-25 13:45,123,79,44,0,0,0
2020-01-25 14:00,121,59,62,0,0,0
2020-01-25 14:15,120,55,65,0,0,0
2020-01-25 14:30,114,61,53,0,0,0
2020-01-25 14:45,128,53,75,0,0,0
2020-01-25 15:00,112,59,53,0,0,0
2020-01-25 15:15,101,54,47,0,0,0
2020-01-25 15:30,78,34,44,0,0,0
2020-01-25 15:45,88,45,43,0,0,0
2020-01-25 16:00,78,39,39,0,0,0
2020-01-25 16:15,83,37,46,0,0,0
2020-01-25 16:30,89,55,34,0,0,0
2020-01-25 16:45,86,45,41,0,0,0
2020-01-25 17:00,74,27,47,0,0,0
2020-01-25 17:15,85,59,26,0,0,0
2020-01-25 17:30,101,66,35,0,0,0
2020-01-25 17:45,96,52,44,0,0,0
2020-01-25 18:00,80,39,41,0,0,0
2020-01-25 18:15,66,31,35,0,0,0
2020-01-25 18:30,72,36,36,0,0,0
2020-01-25 18:45,84,54,30,0,0,0
2020-01-25 19:00,61,27,34,0,0,0
2020-01-25 19:15,73,41,32,0,0,0
2020-01-25 19:30,58,31,27,0,0,0
2020-01-25 19:45,66,38,28,0,0,0
2020-01-25 20:00,55,24,31,0,0,0
2020-01-25 20:15,70,42,28,0,0,0
2020-01-25 20:30,58,36,22,0,0,0
2020-01-25 20:45,53,31,22,0,0,0
2020-01-25 21:00,65,39,26,0,0,0
2020-01-25 21:15,40,24,16,0,0,0
2020-01-25 21:30,34,18,16,0,0,0
2020-01-25 21:45,40,19,21,0,0,0
2020-01-25 22:00,38,23,15,0,0,0
2020-01-25 22:15,41,23,18,0,0,0
2020-01-25 22:30,29,10,19,0,0,0
2020-01-25 22:45,22,11,11,0,0,0
2020-01-25 23:00,20,8,12,0,0,0
2020-01-25 23:15,28,20,8,0,0,0
2020-01-25 23:30,31,16,15,0,0,0
2020-01-25 23:45,28,24,4,0,0,0
2020-01-26 00:00,40,22,18,0,0,0
2020-01-26 00:15,25,10,15,0,0,0
2020-01-26 00:30,29,19,10,0,0,0
2020-01-26 00:45,28,15,13,0,0,0
2020-01-26 01:00,18,13,5,0,0,0
2020-01-26 01:15,7,2,5,0,0,0
2020-01-26 01:30,18,7,11,0,0,0
2020-01-26 01:45,20,11,9,0,0,0
2020-01-26 02:00,17,10,7,0,0,0
2020-01-26 02:15,12,4,8,0,0,0
2020-01-26 02:30,6,1,5,0,0,0
2020-01-26 02:45,7,3,4,0,0,0
2020-01-26 03:00,10,2,8,0,0,0
2020-01-26 03:15,6,0,6,0,0,0
2020-01-26 03:30,11,4,7,0,0,0
2020-01-26 03:45,3,1,2,0,0,0
2020-01-26 04:00,6,2,4,0,0,0
2020-01-26 04:15,4,0,4,0,0,0
2020-01-26 04:30,3,2,1,0,0,0
2020-01-26 04:45,3,2,1,0,0,0
2020-01-26 05:00,2,0,2,0,0,0
2020-01-26 05:15,4,2,2,0,0,0
2020-01-26 05:30,7,4,3,0,0,0
2020-01-26 05:45,6,1,5,0,0,0
2020-01-26 06:00,4,2,2,0,0,0
2020-01-26 06:15,3,2,1,0,0,0
2020-01-26 06:30,4,3,1,0,0,0
2020-01-26 06:45,5,5,0,0,0,0
2020-01-26 07:00,6,2,4,0,0,0
2020-01-26 07:15,3,2,1,0,0,0
2020-01-26 07:30,12,8,4,0,0,0
2020-01-26 07:45,26,23,3,0,0,0
2020-01-26 08:00,8,5,3,0,0,0
2020-01-26 08:15,11,7,4,0,0,0
2020-01-26 08:30,7,7,0,0,0,0
2020-01-26 08:45,13,9,4,0,0,0
2020-01-26 09:00,11,10,1,0,0,0
2020-01-26 09:15,22,16,6,0,0,0
2020-01-26 09:30,27,25,2,0,0,0
2020-01-26 09:45,74,61,13,0,0,0
2020-01-26 10:00,27,22,5,0,0,0
2020-01-26 10:15,33,25,8,0,0,0
2020-01-26 10:30,29,20,9,0,0,0
2020-01-26 10:45,66,47,19,0,0,0
2020-01-26 11:00,31,23,8,0,0,0
2020-01-26 11:15,31,17,14,0,0,0
2020-01-26 11:30,35,25,10,0,0,0
2020-01-26 11:45,43,27,16,0,0,0
2020-01-26 12:00,51,31,20,0,0,0
2020-01-26 12:15,69,36,33,0,0,0
2020-01-26 12:30,60,34,26,0,0,0
2020-01-26 12:45,58,32,26,0,0,0
2020-01-26 13:00,53,27,26,0,0,0
2020-01-26 13:15,45,29,16,0,0,0
2020-01-26 13:30,40,28,12,0,0,0
2020-01-26 13:45,57,39,18,0,0,0
2020-01-26 14:00,71,41,30,0,0,0
2020-01-26 14:15,62,37,25,0,0,0
2020-01-26 14:30,83,65,18,0,0,0
2020-01-26 14:45,87,66,21,0,0,0
2020-01-26 15:00,75,52,23,0,0,0
2020-01-26 15:15,89,55,34,0,0,0
2020-01-26 15:30,46,29,17,0,0,0
2020-01-26 15:45,69,39,30,0,0,0
2020-01-26 16:00,59,26,33,0,0,0
2020-01-26 16:15,66,39,27,0,0,0
2020-01-26 16:30,60,29,31,0,0,0
2020-01-26 16:45,69,35,34,0,0,0
2020-01-26 17:00,59,25,34,0,0,0
2020-01-26 17:15,66,43,23,0,0,0
2020-01-26 17:30,44,27,17,0,0,0
2020-01-26 17:45,81,43,38,0,0,0
2020-01-26 18:00,72,34,38,0,0,0
2020-01-26 18:15,47,23,24,0,0,0
2020-01-26 18:30,40,20,20,0,0,0
2020-01-26 18:45,38,21,17,0,0,0
2020-01-26 19:00,49,24,25,0,0,0
2020-01-26 19:15,55,26,29,0,0,0
2020-01-26 19:30,36,21,15,0,0,0
2020-01-26 19:45,46,29,17,0,0,0
2020-01-26 20:00,33,14,19,0,0,0
2020-01-26 20:15,32,17,15,0,0,0
2020-01-26 20:30,32,19,13,0,0,0
2020-01-26 20:45,19,9,10,0,0,0
2020-01-26 21:00,21,9,12,0,0,0
2020-01-26 21:15,15,7,8,0,0,0
2020-01-26 21:30,31,21,10,0,0,0
2020-01-26 21:45,43,24,19,0,0,0
2020-01-26 22:00,34,17,17,0,0,0
2020-01-26 22:15,25,17,8,0,0,0
2020-01-26 22:30,10,6,4,0,0,0
2020-01-26 22:45,16,11,5,0,0,0
2020-01-26 23:00,14,7,7,0,0,0
2020-01-26 23:15,6,3,3,0,0,0
2020-01-26 23:30,6,2,4,0,0,0
2020-01-26 23:45,9,5,4,0,0,0
2020-01-27 00:00,1,0,1,0,0,0
2020-01-27 00:15,2,0,2,0,0,0
2020-01-27 00:30,3,1,2,0,0,0
2020-01-27 00:45,2,1,1,0,0,0
2020-01-27 01:00,2,2,0,0,0,0
2020-01-27 01:15,2,0,2,0,0,0
2020-01-27 01:30,1,0,1,0,0,0
2020-01-27 01:45,1,1,0,0,0,0
2020-01-27 02:00,1,1,0,0,0,0
2020-01-27 02:15,1,1,0,0,0,0
2020-01-27 02:30,0,0,0,0,0,0
2020-01-27 02:45,0,0,0,0,0,0
2020-01-27 03:00,0,0,0,0,0,0
2020-01-27 03:15,0,0,0,0,0,0
2020-01-27 03:30,1,1,0,0,0,0
2020-01-27 03:45,1,1,0,0,0,0
2020-01-27 04:00,0,0,0,0,0,0
2020-01-27 04:15,1,0,1,0,0,0
2020-01-27 04:30,2,2,0,0,0,0
2020-01-27 04:45,0,0,0,0,0,0
2020-01-27 05:00,2,2,0,0,0,0
2020-01-27 05:15,3,3,0,0,0,0
2020-01-27 05:30,7,5,2,0,0,0
2020-01-27 05:45,18,9,9,0,0,0
2020-01-27 06:00,9,8,1,0,0,0
2020-01-27 06:15,19,12,7,0,0,0
2020-01-27 06:30,40,26,14,0,0,0
2020-01-27 06:45,58,42,16,0,0,0
2020-01-27 07:00,72,54,18,0,0,0
2020-01-27 07:15,115,88,27,0,0,0
2020-01-27 07:30,272,239,33,0,0,0
2020-01-27 07:45,205,154,51,0,0,0
2020-01-27 08:00,146,115,31,0,0,0
2020-01-27 08:15,136,105,31,0,0,0
2020-01-27 08:30,120,100,20,0,0,0
2020-01-27 08:45,165,138,27,0,0,0
2020-01-27 09:00,83,57,26,0,0,0
2020-01-27 09:15,115,92,23,0,0,0
2020-01-27 09:30,116,98,18,0,0,0
2020-01-27 09:45,94,76,18,0,0,0
2020-01-27 10:00,78,65,13,0,0,0
2020-01-27 10:15,86,65,21,0,0,0
2020-01-27 10:30,71,50,21,0,0,0
2020-01-27 10:45,93,60,33,0,0,0
2020-01-27 11:00,86,53,33,0,0,0
2020-01-27 11:15,78,54,24,0,0,0
2020-01-27 11:30,89,67,22,0,0,0
2020-01-27 11:45,94,61,33,0,0,0
2020-01-27 12:00,81,40,41,0,0,0
2020-01-27 12:15,104,56,48,0,0,0
2020-01-27 12:30,108,49,59,0,0,0
2020-01-27 12:45,102,47,55,0,0,0
2020-01-27 13:00,92,53,39,0,0,0
2020-01-27 13:15,102,46,56,0,0,0
2020-01-27 13:30,109,66,43,0,0,0
2020-01-27 13:45,140,80,60,0,0,0
2020-01-27 14:00,123,58,65,0,0,0
2020-01-27 14:15,93,49,44,0,0,0
2020-01-27 14:30,90,48,42,0,0,0
2020-01-27 14:45,95,39,56,0,0,0
2020-01-27 15:00,107,63,44,0,0,0
2020-01-27 15:15,118,65,53,0,0,0
2020-01-27 15:30,112,59,53,0,0,0
2020-01-27 15:45,150,87,63,0,0,0
2020-01-27 16:00,161,83,78,0,0,0
2020-01-27 16:15,143,76,67,0,0,0
2020-01-27 16:30,133,69,64,0,0,0
2020-01-27 16:45,143,72,71,0,0,0
2020-01-27 17:00,133,61,72,0,0,0
2020-01-27 17:15,126,72,54,0,0,0
2020-01-27 17:30,127,61,66,0,0,0
2020-01-27 17:45,164,89,75,0,0,0
2020-01-27 18:00,143,67,76,0,0,0
2020-01-27 18:15,111,49,62,0,0,0
2020-01-27 18:30,82,37,45,0,0,0
2020-01-27 18:45,92,33,59,0,0,0
2020-01-27 19:00,85,34,51,0,0,0
2020-01-27 19:15,93,50,43,0,0,0
2020-01-27 19:30,90,41,49,0,0,0
2020-01-27 19:45,82,43,39,0,0,0
2020-01-27 20:00,64,18,46,0,0,0
2020-01-27 20:15,49,23,26,0,0,0
2020-01-27 20:30,48,24,24,0,0,0
2020-01-27 20:45,32,14,18,0,0,0
2020-01-27 21:00,34,20,14,0,0,0
2020-01-27 21:15,42,17,25,0,0,0
2020-01-27 21:30,49,31,18,0,0,0
2020-01-27 21:45,37,14,23,0,0,0
2020-01-27 22:00,29,11,18,0,0,0
2020-01-27 22:15,22,8,14,0,0,0
2020-01-27 22:30,22,9,13,0,0,0
2020-01-27 22:45,22,13,9,0,0,0
2020-01-27 23:00,21,11,10,0,0,0
2020-01-27 23:15,12,10,2,0,0,0
2020-01-27 23:30,17,4,13,0,0,0
2020-01-27 23:45,6,4,2,0,0,0
2020-01-28 00:00,6,3,3,0,0,0
2020-01-28 00:15,0,0,0,0,0,0
2020-01-28 00:30,3,2,1,0,0,0
2020-01-28 00:45,3,1,2,0,0,0
2020-01-28 01:00,1,0,1,0,0,0
2020-01-28 01:15,1,0,1,0,0,0
2020-01-28 01:30,1,0,1,0,0,0
2020-01-28 01:45,1,1,0,0,0,0
2020-01-28 02:00,3,2,1,0,0,0
2020-01-28 02:15,1,1,0,0,0,0
2020-01-28 02:30,0,0,0,0,0,0
2020-01-28 02:45,2,1,1,0,0,0
2020-01-28 03:00,0,0,0,0,0,0
2020-01-28 03:15,1,0,1,0,0,0
2020-01-28 03:30,0,0,0,0,0,0
2020-01-28 03:45,1,1,0,0,0,0
2020-01-28 04:00,0,0,0,0,0,0
2020-01-28 04:15,0,0,0,0,0,0
2020-01-28 04:30,1,1,0,0,0,0
2020-01-28 04:45,0,0,0,0,0,0
2020-01-28 05:00,0,0,0,0,0,0
2020-01-28 05:15,4,4,0,0,0,0
2020-01-28 05:30,10,7,3,0,0,0
2020-01-28 05:45,15,10,5,0,0,0
2020-01-28 06:00,18,10,8,0,0,0
2020-01-28 06:15,24,19,5,0,0,0
2020-01-28 06:30,37,28,9,0,0,0
2020-01-28 06:45,60,44,16,0,0,0
2020-01-28 07:00,69,54,15,0,0,0
2020-01-28 07:15,109,79,30,0,0,0
2020-01-28 07:30,279,240,39,0,0,0
2020-01-28 07:45,217,174,43,0,0,0
2020-01-28 08:00,130,105,25,0,0,0
2020-01-28 08:15,137,107,30,0,0,0
2020-01-28 08:30,112,88,24,0,0,0
2020-01-28 08:45,136,106,30,0,0,0
2020-01-28 09:00,77,66,11,0,0,0
2020-01-28 09:15,91,65,26,0,0,0
2020-01-28 09:30,83,68,15,0,0,0
2020-01-28 09:45,109,87,22,0,0,0
2020-01-28 10:00,75,53,22,0,0,0
2020-01-28 10:15,62,44,18,0,0,0
2020-01-28 10:30,46,33,13,0,0,0
2020-01-28 10:45,61,37,24,0,0,0
2020-01-28 11:00,69,51,18,0,0,0
2020-01-28 11:15,67,49,18,0,0,0
2020-01-28 11:30,79,54,25,0,0,0
2020-01-28 11:45,90,49,41,0,0,0
2020-01-28 12:00,82,43,39,0,0,0
2020-01-28 12:15,83,35,48,0,0,0
2020-01-28 12:30,84,40,44,0,0,0
2020-01-28 12:45,86,53,33,0,0,0
2020-01-28 13:00,101,45,56,0,0,0
2020-01-28 13:15,98,52,46,0,0,0
2020-01-28 13:30,91,48,43,0,0,0
2020-01-28 13:45,101,45,56,0,0,0
2020-01-28 14:00,104,46,58,0,0,0
2020-01-28 14:15,78,43,35,0,0,0
2020-01-28 14:30,78,34,44,0,0,0
2020-01-28 14:45,91,46,45,0,0,0
2020-01-28 15:00,73,42,31,0,0,0
2020-01-28 15:15,117,61,56,0,0,0
2020-01-28 15:30,101,54,47,0,0,0
2020-01-28 15:45,135,77,58,0,0,0
2020-01-28 16:00,126,68,58,0,0,0
2020-01-28 16:15,137,70,67,0,0,0
2020-01-28 16:30,148,72,76,0,0,0
2020-01-28 16:45,136,71,65,0,0,0
2020-01-28 17:00,133,62,71,0,0,0
2020-01-28 17:15,151,77,74,0,0,0
2020-01-28 17:30,120,55,65,0,0,0
2020-01-28 17:45,123,64,59,0,0,0
2020-01-28 18:00,117,50,67,0,0,0
2020-01-28 18:15,110,60,50,0,0,0
2020-01-28 18:30,97,48,49,0,0,0
2020-01-28 18:45,119,53,66,0,0,0
2020-01-28 19:00,72,33,39,0,0,0
2020-01-28 19:15,68,32,36,0,0,0
2020-01-28 19:30,84,38,46,0,0,0
2020-01-28 19:45,66,29,37,0,0,0
2020-01-28 20:00,65,27,38,0,0,0
2020-01-28 20:15,53,21,32,0,0,0
2020-01-28 20:30,61,32,29,0,0,0
2020-01-28 20:45,49,16,33,0,0,0
2020-01-28 21:00,45,22,23,0,0,0
2020-01-28 21:15,42,22,20,0,0,0
2020-01-28 21:30,49,26,23,0,0,0
2020-01-28 21:45,41,20,21,0,0,0
2020-01-28 22:00,37,17,20,0,0,0
2020-01-28 22:15,36,16,20,0,0,0
2020-01-28 22:30,34,17,17,0,0,0
2020-01-28 22:45,17,4,13,0,0,0
2020-01-28 23:00,16,9,7,0,0,0
2020-01-28 23:15,13,4,9,0,0,0
2020-01-28 23:30,11,7,4,0,0,0
2020-01-28 23:45,9,4,5,0,0,0
2020-01-29 00:00,6,3,3,0,0,0
2020-01-29 00:15,6,3,3,0,0,0
2020-01-29 00:30,4,3,1,0,0,0
2020-01-29 00:45,3,1,2,0,0,0
2020-01-29 01:00,2,0,2,0,0,0
2020-01-29 01:15,1,0,1,0,0,0
2020-01-29 01:30,5,1,4,0,0,0
2020-01-29 01:45,2,1,1,0,0,0
2020-01-29 02:00,0,0,0,0,0,0
2020-01-29 02:15,2,0,2,0,0,0
2020-01-29 02:30,0,0,0,0,0,0
2020-01-29 02:45,2,0,2,0,0,0
2020-01-29 03:00,0,0,0,0,0,0
2020-01-29 03:15,2,2,0,0,0,0
2020-01-29 03:30,0,0,0,0,0,0
2020-01-29 03:45,1,1,0,0,0,0
2020-01-29 04:00,2,2,0,0,0,0
2020-01-29 04:15,0,0,0,0,0,0
2020-01-29 04:30,1,1,0,0,0,0
2020-01-29 04:45,0,0,0,0,0,0
2020-01-29 05:00,0,0,0,0,0,0
2020-01-29 05:15,1,1,0,0,0,0
2020-01-29 05:30,14,9,5,0,0,0
2020-01-29 05:45,16,10,6,0,0,0
2020-01-29 06:00,16,10,6,0,0,0
2020-01-29 06:15,23,17,6,0,0,0
2020-01-29 06:30,38,19,19,0,0,0
2020-01-29 06:45,65,46,19,0,0,0
2020-01-29 07:00,94,69,25,0,0,0
2020-01-29 07:15,129,94,35,0,0,0
2020-01-29 07:30,284,237,47,0,0,0
2020-01-29 07:45,239,165,74,0,0,0
2020-01-29 08:00,165,139,26,0,0,0
2020-01-29 08:15,149,108,41,0,0,0
2020-01-29 08:30,134,100,34,0,0,0
2020-01-29 08:45,171,145,26,0,0,0
2020-01-29 09:00,104,87,17,0,0,0
2020-01-29 09:15,101,82,19,0,0,0
2020-01-29 09:30,114,92,22,0,0,0
2020-01-29 09:45,124,91,33,0,0,0
2020-01-29 10:00,123,103,20,0,0,0
2020-01-29 10:15,95,68,27,0,0,0
2020-01-29 10:30,108,75,33,0,0,0
2020-01-29 10:45,105,71,34,0,0,0
2020-01-29 11:00,86,58,28,0,0,0
2020-01-29 11:15,104,70,34,0,0,0
2020-01-29 11:30,99,63,36,0,0,0
2020-01-29 11:45,82,46,36,0,0,0
2020-01-29 12:00,92,49,43,0,0,0
2020-01-29 12:15,106,46,60,0,0,0
2020-01-29 12:30,105,46,59,0,0,0
2020-01-29 12:45,109,44,65,0,0,0
2020-01-29 13:00,113,56,57,0,0,0
2020-01-29 13:15,118,56,62,0,0,0
2020-01-29 13:30,124,78,46,0,0,0
2020-01-29 13:45,92,45,47,0,0,0
2020-01-29 14:00,133,57,76,0,0,0
2020-01-29 14:15,102,65,37,0,0,0
2020-01-29 14:30,105,54,51,0,0,0
2020-01-29 14:45,110,56,54,0,0,0
2020-01-29 15:00,105,50,55,0,0,0
2020-01-29 15:15,99,40,59,0,0,0
2020-01-29 15:30,114,56,58,0,0,0
2020-01-29 15:45,148,78,70,0,0,0
2020-01-29 16:00,144,75,69,0,0,0
2020-01-29 16:15,138,68,70,0,0,0
2020-01-29 16:30,114,59,55,0,0,0
2020-01-29 16:45,127,59,68,0,0,0
2020-01-29 17:00,152,75,77,0,0,0
2020-01-29 17:15,144,68,76,0,0,0
2020-01-29 17:30,142,72,70,0,0,0
2020-01-29 17:45,152,66,86,0,0,0
2020-01-29 18:00,138,57,81,0,0,0
2020-01-29 18:15,139,63,76,0,0,0
2020-01-29 18:30,139,76,63,0,0,0
2020-01-29 18:45,116,61,55,0,0,0
2020-01-29 19:00,114,45,69,0,0,0
2020-01-29 19:15,91,40,51,0,0,0
2020-01-29 19:30,83,41,42,0,0,0
2020-01-29 19:45,100,42,58,0,0,0
2020-01-29 20:00,68,28,40,0,0,0
2020-01-29 20:15,59,28,31,0,0,0
2020-01-29 20:30,55,30,25,0,0,0
2020-01-29 20:45,44,15,29,0,0,0
2020-01-29 21:00,48,16,32,0,0,0
2020-01-29 21:15,45,21,24,0,0,0
2020-01-29 21:30,49,23,26,0,0,0
2020-01-29 21:45,47,23,24,0,0,0
2020-01-29 22:00,50,26,24,0,0,0
2020-01-29 22:15,44,23,21,0,0,0
2020-01-29 22:30,41,21,20,0,0,0
2020-01-29 22:45,47,24,23,0,0,0
2020-01-29 23:00,45,24,21,0,0,0
2020-01-29 23:15,20,13,7,0,0,0
2020-01-29 23:30,21,13,8,0,0,0
2020-01-29 23:45,13,7,6,0,0,0
2020-01-30 00:00,14,5,9,0,0,0
2020-01-30 00:15,9,5,4,0,0,0
2020-01-30 00:30,12,6,6,0,0,0
2020-01-30 00:45,5,5,0,0,0,0
2020-01-30 01:00,6,3,3,0,0,0
2020-01-30 01:15,1,0,1,0,0,0
2020-01-30 01:30,5,0,5,0,0,0
2020-01-30 01:45,3,1,2,0,0,0
2020-01-30 02:00,3,1,2,0,0,0
2020-01-30 02:15,4,1,3,0,0,0
2020-01-30 02:30,1,0,1,0,0,0
2020-01-30 02:45,3,0,3,0,0,0
2020-01-30 03:00,7,0,7,0,0,0
2020-01-30 03:15,2,1,1,0,0,0
2020-01-30 03:30,4,1,3,0,0,0
2020-01-30 03:45,3,0,3,0,0,0
2020-01-30 04:00,1,0,1,0,0,0
2020-01-30 04:15,2,0,2,0,0,0
2020-01-30 04:30,2,1,1,0,0,0
2020-01-30 04:45,2,0,2,0,0,0
2020-01-30 05:00,2,1,1,0,0,0
2020-01-30 05:15,7,4,3,0,0,0
2020-01-30 05:30,9,5,4,0,0,0
2020-01-30 05:45,20,10,10,0,0,0
2020-01-30 06:00,8,8,0,0,0,0
2020-01-30 06:15,26,19,7,0,0,0
2020-01-30 06:30,41,29,12,0,0,0
2020-01-30 06:45,73,53,20,0,0,0
2020-01-30 07:00,80,66,14,0,0,0
2020-01-30 07:15,136,103,33,0,0,0
2020-01-30 07:30,253,216,37,0,0,0
2020-01-30 07:45,204,155,49,0,0,0
2020-01-30 08:00,159,135,24,0,0,0
2020-01-30 08:15,176,139,37,0,0,0
2020-01-30 08:30,154,126,28,0,0,0
2020-01-30 08:45,157,121,36,0,0,0
2020-01-30 09:00,113,85,28,0,0,0
2020-01-30 09:15,125,102,23,0,0,0
2020-01-30 09:30,114,93,21,0,0,0
2020-01-30 09:45,119,104,15,0,0,0
2020-01-30 10:00,89,74,15,0,0,0
2020-01-30 10:15,82,56,26,0,0,0
2020-01-30 10:30,74,45,29,0,0,0
2020-01-30 10:45,78,58,20,0,0,0
2020-01-30 11:00,87,51,36,0,0,0
2020-01-30 11:15,112,69,43,0,0,0
2020-01-30 11:30,96,60,36,0,0,0
2020-01-30 11:45,95,64,31,0,0,0
2020-01-30 12:00,99,55,44,0,0,0
2020-01-30 12:15,107,58,49,0,0,0
2020-01-30 12:30,123,70,53,0,0,0
2020-01-30 12:45,115,73,42,0,0,0
2020-01-30 13:00,110,49,61,0,0,0
2020-01-30 13:15,110,61,49,0,0,0
2020-01-30 13:30,109,53,56,0,0,0
2020-01-30 13:45,113,69,44,0,0,0
2020-01-30 14:00,121,59,62,0,0,0
2020-01-30 14:15,121,69,52,0,0,0
2020-01-30 14:30,107,57,50,0,0,0
2020-01-30 14:45,143,61,82,0,0,0
2020-01-30 15:00,109,45,64,0,0,0
2020-01-30 15:15,138,76,62,0,0,0
2020-01-30 15:30,173,94,79,0,0,0
2020-01-30 15:45,199,113,86,0,0,0
2020-01-30 16:00,171,86,85,0,0,0
2020-01-30 16:15,125,61,64,0,0,0
2020-01-30 16:30,176,94,82,0,0,0
2020-01-30 16:45,153,82,71,0,0,0
2020-01-30 17:00,164,72,92,0,0,0
2020-01-30 17:15,180,78,102,0,0,0
2020-01-30 17:30,187,112,75,0,0,0
2020-01-30 17:45,195,107,88,0,0,0
2020-01-30 18:00,143,56,87,0,0,0
2020-01-30 18:15,142,60,82,0,0,0
2020-01-30 18:30,117,63,54,0,0,0
2020-01-30 18:45,120,58,62,0,0,0
2020-01-30 19:00,125,60,65,0,0,0
2020-01-30 19:15,102,46,56,0,0,0
2020-01-30 19:30,83,43,40,0,0,0
2020-01-30 19:45,118,51,67,0,0,0
2020-01-30 20:00,101,42,59,0,0,0
2020-01-30 20:15,61,23,38,0,0,0
2020-01-30 20:30,34,16,18,0,0,0
2020-01-30 20:45,40,28,12,0,0,0
2020-01-30 21:00,45,25,20,0,0,0
2020-01-30 21:15,39,11,28,0,0,0
2020-01-30 21:30,45,27,18,0,0,0
2020-01-30 21:45,40,19,21,0,0,0
2020-01-30 22:00,48,18,30,0,0,0
2020-01-30 22:15,45,20,25,0,0,0
2020-01-30 22:30,37,17,20,0,0,0
2020-01-30 22:45,34,14,20,0,0,0
2020-01-30 23:00,19,10,9,0,0,0
2020-01-30 23:15,22,9,13,0,0,0
2020-01-30 23:30,17,5,12,0,0,0
2020-01-30 23:45,13,4,9,0,0,0
2020-01-31 00:00,18,9,9,0,0,0
2020-01-31 00:15,18,12,6,0,0,0
2020-01-31 00:30,7,4,3,0,0,0
2020-01-31 00:45,12,4,8,0,0,0
2020-01-31 01:00,6,3,3,0,0,0
2020-01-31 01:15,11,5,6,0,0,0
2020-01-31 01:30,1,0,1,0,0,0
2020-01-31 01:45,6,2,4,0,0,0
2020-01-31 02:00,0,0,0,0,0,0
2020-01-31 02:15,1,0,1,0,0,0
2020-01-31 02:30,1,0,1,0,0,0
2020-01-31 02:45,4,1,3,0,0,0
2020-01-31 03:00,3,0,3,0,0,0
2020-01-31 03:15,0,0,0,0,0,0
2020-01-31 03:30,2,2,0,0,0,0
2020-01-31 03:45,2,0,2,0,0,0
2020-01-31 04:00,0,0,0,0,0,0
2020-01-31 04:15,1,0,1,0,0,0
2020-01-31 04:30,1,1,0,0,0,0
2020-01-31 04:45,1,1,0,0,0,0
2020-01-31 05:00,0,0,0,0,0,0
2020-01-31 05:15,2,2,0,0,0,0
2020-01-31 05:30,11,7,4,0,0,0
2020-01-31 05:45,14,8,6,0,0,0
2020-01-31 06:00,12,11,1,0,0,0
2020-01-31 06:15,22,12,10,0,0,0
2020-01-31 06:30,36,23,13,0,0,0
2020-01-31 06:45,53,36,17,0,0,0
2020-01-31 07:00,75,54,21,0,0,0
2020-01-31 07:15,129,94,35,0,0,0
2020-01-31 07:30,234,195,39,0,0,0
2020-01-31 07:45,195,144,51,0,0,0
2020-01-31 08:00,159,134,25,0,0,0
2020-01-31 08:15,156,113,43,0,0,0
2020-01-31 08:30,149,125,24,0,0,0
2020-01-31 08:45,152,121,31,0,0,0
2020-01-31 09:00,98,76,22,0,0,0
2020-01-31 09:15,95,74,21,0,0,0
2020-01-31 09:30,119,95,24,0,0,0
2020-01-31 09:45,125,94,31,0,0,0
2020-01-31 10:00,94,70,24,0,0,0
2020-01-31 10:15,118,79,39,0,0,0
2020-01-31 10:30,141,70,71,0,0,0
2020-01-31 10:45,130,75,55,0,0,0
2020-01-31 11:00,131,81,50,0,0,0
2020-01-31 11:15,107,66,41,0,0,0
2020-01-31 11:30,95,54,41,0,0,0
2020-01-31 11:45,134,85,49,0,0,0
2020-01-31 12:00,110,58,52,0,0,0
2020-01-31 12:15,123,66,57,0,0,0
2020-01-31 12:30,128,67,61,0,0,0
2020-01-31 12:45,167,104,63,0,0,0
2020-01-31 13:00,148,77,71,0,0,0
2020-01-31 13:15,160,95,65,0,0,0
2020-01-31 13:30,129,68,61,0,0,0
2020-01-31 13:45,145,78,67,0,0,0
2020-01-31 14:00,145,78,67,0,0,0
2020-01-31 14:15,116,62,54,0,0,0
2020-01-31 14:30,119,59,60,0,0,0
2020-01-31 14:45,150,72,78,0,0,0
2020-01-31 15:00,145,74,71,0,0,0
2020-01-31 15:15,157,74,83,0,0,0
2020-01-31 15:30,162,92,70,0,0,0
2020-01-31 15:45,152,81,71,0,0,0
2020-01-31 16:00,158,79,79,0,0,0
2020-01-31 16:15,137,69,68,0,0,0
2020-01-31 16:30,150,65,85,0,0,0
2020-01-31 16:45,153,67,86,0,0,0
2020-01-31 17:00,126,58,68,0,0,0
2020-01-31 17:15,115,47,68,0,0,0
2020-01-31 17:30,122,70,52,0,0,0
2020-01-31 17:45,116,67,49,0,0,0
2020-01-31 18:00,91,44,47,0,0,0
2020-01-31 18:15,130,84,46,0,0,0
2020-01-31 18:30,113,62,51,0,0,0
2020-01-31 18:45,138,85,53,0,0,0
2020-01-31 19:00,140,81,59,0,0,0
2020-01-31 19:15,87,47,40,0,0,0
2020-01-31 19:30,91,50,41,0,0,0
2020-01-31 19:45,96,43,53,0,0,0
2020-01-31 20:00,72,41,31,0,0,0
2020-01-31 20:15,55,29,26,0,0,0
2020-01-31 20:30,62,27,35,0,0,0
2020-01-31 20:45,57,32,25,0,0,0
2020-01-31 21:00,44,24,20,0,0,0
2020-01-31 21:15,50,29,21,0,0,0
2020-01-31 21:30,41,16,25,0,0,0
2020-01-31 21:45,27,16,11,0,0,0
2020-01-31 22:00,50,31,19,0,0,0
2020-01-31 22:15,48,27,21,0,0,0
2020-01-31 22:30,38,20,18,0,0,0
2020-01-31 22:45,41,19,22,0,0,0
2020-01-31 23:00,69,41,28,0,0,0
2020-01-31 23:15,52,30,22,0,0,0
2020-01-31 23:30,42,13,29,0,0,0
2020-01-31 23:45,32,10,22,0,0,0
