Datetime,100034983 (Warendorfer Straße),101034983 (Warendorfer Straße stadteinwärts),102034983 (Warendorfer Straße stadtauswärts),100034983-status,101034983-status,102034983-status
2020-02-01 00:00,30,18,12,0,0,0
2020-02-01 00:15,30,13,17,0,0,0
2020-02-01 00:30,30,11,19,0,0,0
2020-02-01 00:45,31,13,18,0,0,0
2020-02-01 01:00,29,8,21,0,0,0
2020-02-01 01:15,12,4,8,0,0,0
2020-02-01 01:30,20,6,14,0,0,0
2020-02-01 01:45,20,12,8,0,0,0
2020-02-01 02:00,16,10,6,0,0,0
2020-02-01 02:15,9,3,6,0,0,0
2020-02-01 02:30,10,0,10,0,0,0
2020-02-01 02:45,11,1,10,0,0,0
2020-02-01 03:00,5,1,4,0,0,0
2020-02-01 03:15,10,2,8,0,0,0
2020-02-01 03:30,7,5,2,0,0,0
2020-02-01 03:45,7,0,7,0,0,0
2020-02-01 04:00,9,3,6,0,0,0
2020-02-01 04:15,6,0,6,0,0,0
2020-02-01 04:30,1,0,1,0,0,0
2020-02-01 04:45,1,0,1,0,0,0
2020-02-01 05:00,2,0,2,0,0,0
2020-02-01 05:15,3,2,1,0,0,0
2020-02-01 05:30,2,2,0,0,0,0
2020-02-01 05:45,5,4,1,0,0,0
2020-02-01 06:00,4,2,2,0,0,0
2020-02-01 06:15,8,4,4,0,0,0
2020-02-01 06:30,4,3,1,0,0,0
2020-02-01 06:45,8,5,3,0,0,0
2020-02-01 07:00,7,7,0,0,0,0
2020-02-01 07:15,8,7,1,0,0,0
2020-02-01 07:30,20,18,2,0,0,0
2020-02-01 07:45,35,29,6,0,0,0
2020-02-01 08:00,35,24,11,0,0,0
2020-02-01 08:15,29,24,5,0,0,0
2020-02-01 08:30,37,28,9,0,0,0
2020-02-01 08:45,47,33,14,0,0,0
2020-02-01 09:00,33,30,3,0,0,0
2020-02-01 09:15,41,30,11,0,0,0
2020-02-01 09:30,65,57,8,0,0,0
2020-02-01 09:45,88,69,19,0,0,0
2020-02-01 10:00,56,42,14,0,0,0
2020-02-01 10:15,57,41,16,0,0,0
2020-02-01 10:30,69,52,17,0,0,0
2020-02-01 10:45,76,54,22,0,0,0
2020-02-01 11:00,80,52,28,0,0,0
2020-02-01 11:15,102,75,27,0,0,0
2020-02-01 11:30,98,75,23,0,0,0
2020-02-01 11:45,110,72,38,0,0,0
2020-02-01 12:00,109,67,42,0,0,0
2020-02-01 12:15,115,78,37,0,0,0
2020-02-01 12:30,112,69,43,0,0,0
2020-02-01 12:45,127,87,40,0,0,0
2020-02-01 13:00,137,87,50,0,0,0
2020-02-01 13:15,119,66,53,0,0,0
2020-02-01 13:30,133,75,58,0,0,0
2020-02-01 13:45,105,51,54,0,0,0
2020-02-01 14:00,103,51,52,0,0,0
2020-02-01 14:15,109,55,54,0,0,0
2020-02-01 14:30,95,40,55,0,0,0
2020-02-01 14:45,111,54,57,0,0,0
2020-02-01 15:00,96,45,51,0,0,0
2020-02-01 15:15,87,44,43,0,0,0
2020-02-01 15:30,83,40,43,0,0,0
2020-02-01 15:45,110,61,49,0,0,0
2020-02-01 16:00,99,42,57,0,0,0
2020-02-01 16:15,93,43,50,0,0,0
2020-02-01 16:30,107,64,43,0,0,0
2020-02-01 16:45,67,32,35,0,0,0
2020-02-01 17:00,81,34,47,0,0,0
2020-02-01 17:15,114,49,65,0,0,0
2020-02-01 17:30,88,50,38,0,0,0
2020-02-01 17:45,98,51,47,0,0,0
2020-02-01 18:00,86,38,48,0,0,0
2020-02-01 18:15,73,35,38,0,0,0
2020-02-01 18:30,85,47,38,0,0,0
2020-02-01 18:45,94,58,36,0,0,0
2020-02-01 19:00,94,55,39,0,0,0
2020-02-01 19:15,98,73,25,0,0,0
2020-02-01 19:30,52,31,21,0,0,0
2020-02-01 19:45,58,30,28,0,0,0
2020-02-01 20:00,58,25,33,0,0,0
2020-02-01 20:15,60,36,24,0,0,0
2020-02-01 20:30,57,31,26,0,0,0
2020-02-01 20:45,61,32,29,0,0,0
2020-02-01 21:00,39,21,18,0,0,0
2020-02-01 21:15,42,18,24,0,0,0
2020-02-01 21:30,28,15,13,0,0,0
2020-02-01 21:45,29,17,12,0,0,0
2020-02-01 22:00,35,19,16,0,0,0
2020-02-01 22:15,23,16,7,0,0,0
2020-02-01 22:30,34,14,20,0,0,0
2020-02-01 22:45,21,12,9,0,0,0
2020-02-01 23:00,45,27,18,0,0,0
2020-02-01 23:15,33,21,12,0,0,0
2020-02-01 23:30,34,18,16,0,0,0
2020-02-01 23:45,27,19,8,0,0,0
2020-02-02 00:00,26,12,14,0,0,0
2020-02-02 00:15,23,12,11,0,0,0
2020-02-02 00:30,20,8,12,0,0,0
2020-02-02 00:45,43,16,27,0,0,0
2020-02-02 01:00,25,9,16,0,0,0
2020-02-02 01:15,20,5,15,0,0,0
2020-02-02 01:30,25,10,15,0,0,0
2020-02-02 01:45,21,8,13,0,0,0
2020-02-02 02:00,12,8,4,0,0,0
2020-02-02 02:15,9,0,9,0,0,0
2020-02-02 02:30,11,3,8,0,0,0
2020-02-02 02:45,6,3,3,0,0,0
2020-02-02 03:00,1,0,1,0,0,0
2020-02-02 03:15,6,0,6,0,0,0
2020-02-02 03:30,2,0,2,0,0,0
2020-02-02 03:45,7,4,3,0,0,0
2020-02-02 04:00,4,1,3,0,0,0
2020-02-02 04:15,3,2,1,0,0,0
2020-02-02 04:30,4,1,3,0,0,0
2020-02-02 04:45,2,0,2,0,0,0
2020-02-02 05:00,3,2,1,0,0,0
2020-02-02 05:15,0,0,0,0,0,0
2020-02-02 05:30,6,4,2,0,0,0
2020-02-02 05:45,3,1,2,0,0,0
2020-02-02 06:00,6,5,1,0,0,0
2020-02-02 06:15,2,2,0,0,0,0
2020-02-02 06:30,4,2,2,0,0,0
2020-02-02 06:45,7,4,3,0,0,0
2020-02-02 07:00,3,3,0,0,0,0
2020-02-02 07:15,4,2,2,0,0,0
2020-02-02 07:30,10,8,2,0,0,0
2020-02-02 07:45,17,16,1,0,0,0
2020-02-02 08:00,9,8,1,0,0,0
2020-02-02 08:15,12,10,2,0,0,0
2020-02-02 08:30,6,4,2,0,0,0
2020-02-02 08:45,17,10,7,0,0,0
2020-02-02 09:00,18,12,6,0,0,0
2020-02-02 09:15,19,16,3,0,0,0
2020-02-02 09:30,19,17,2,0,0,0
2020-02-02 09:45,23,18,5,0,0,0
2020-02-02 10:00,38,29,9,0,0,0
2020-02-02 10:15,19,14,5,0,0,0
2020-02-02 10:30,15,6,9,0,0,0
2020-02-02 10:45,27,19,8,0,0,0
2020-02-02 11:00,28,24,4,0,0,0
2020-02-02 11:15,18,10,8,0,0,0
2020-02-02 11:30,24,19,5,0,0,0
2020-02-02 11:45,24,15,9,0,0,0
2020-02-02 12:00,16,8,8,0,0,0
2020-02-02 12:15,19,12,7,0,0,0
2020-02-02 12:30,19,9,10,0,0,0
2020-02-02 12:45,34,24,10,0,0,0
2020-02-02 13:00,23,13,10,0,0,0
2020-02-02 13:15,27,16,11,0,0,0
2020-02-02 13:30,27,18,9,0,0,0
2020-02-02 13:45,44,22,22,0,0,0
2020-02-02 14:00,21,6,15,0,0,0
2020-02-02 14:15,29,21,8,0,0,0
2020-02-02 14:30,25,16,9,0,0,0
2020-02-02 14:45,38,24,14,0,0,0
2020-02-02 15:00,41,25,16,0,0,0
2020-02-02 15:15,40,25,15,0,0,0
2020-02-02 15:30,36,16,20,0,0,0
2020-02-02 15:45,28,16,12,0,0,0
2020-02-02 16:00,28,15,13,0,0,0
2020-02-02 16:15,36,19,17,0,0,0
2020-02-02 16:30,36,20,16,0,0,0
2020-02-02 16:45,49,26,23,0,0,0
2020-02-02 17:00,39,16,23,0,0,0
2020-02-02 17:15,38,19,19,0,0,0
2020-02-02 17:30,35,27,8,0,0,0
2020-02-02 17:45,48,29,19,0,0,0
2020-02-02 18:00,53,26,27,0,0,0
2020-02-02 18:15,38,21,17,0,0,0
2020-02-02 18:30,22,14,8,0,0,0
2020-02-02 18:45,39,25,14,0,0,0
2020-02-02 19:00,39,16,23,0,0,0
2020-02-02 19:15,43,23,20,0,0,0
2020-02-02 19:30,32,17,15,0,0,0
2020-02-02 19:45,36,14,22,0,0,0
2020-02-02 20:00,21,17,4,0,0,0
2020-02-02 20:15,28,18,10,0,0,0
2020-02-02 20:30,14,9,5,0,0,0
2020-02-02 20:45,16,3,13,0,0,0
2020-02-02 21:00,19,7,12,0,0,0
2020-02-02 21:15,20,9,11,0,0,0
2020-02-02 21:30,18,14,4,0,0,0
2020-02-02 21:45,15,8,7,0,0,0
2020-02-02 22:00,12,8,4,0,0,0
2020-02-02 22:15,22,11,11,0,0,0
2020-02-02 22:30,18,8,10,0,0,0
2020-02-02 22:45,17,8,9,0,0,0
2020-02-02 23:00,15,7,8,0,0,0
2020-02-02 23:15,10,8,2,0,0,0
2020-02-02 23:30,4,2,2,0,0,0
2020-02-02 23:45,3,2,1,0,0,0
2020-02-03 00:00,4,3,1,0,0,0
2020-02-03 00:15,4,2,2,0,0,0
2020-02-03 00:30,1,0,1,0,0,0
2020-02-03 00:45,0,0,0,0,0,0
2020-02-03 01:00,5,2,3,0,0,0
2020-02-03 01:15,2,1,1,0,0,0
2020-02-03 01:30,0,0,0,0,0,0
2020-02-03 01:45,1,1,0,0,0,0
2020-02-03 02:00,0,0,0,0,0,0
2020-02-03 02:15,0,0,0,0,0,0
2020-02-03 02:30,3,1,2,0,0,0
2020-02-03 02:45,2,2,0,0,0,0
2020-02-03 03:00,0,0,0,0,0,0
2020-02-03 03:15,1,1,0,0,0,0
2020-02-03 03:30,1,1,0,0,0,0
2020-02-03 03:45,0,0,0,0,0,0
2020-02-03 04:00,0,0,0,0,0,0
2020-02-03 04:15,10,4,6,0,0,0
2020-02-03 04:30,9,6,3,0,0,0
2020-02-03 04:45,2,1,1,0,0,0
2020-02-03 05:00,1,0,1,0,0,0
2020-02-03 05:15,3,3,0,0,0,0
2020-02-03 05:30,12,10,2,0,0,0
2020-02-03 05:45,12,7,5,0,0,0
2020-02-03 06:00,15,12,3,0,0,0
2020-02-03 06:15,25,17,8,0,0,0
2020-02-03 06:30,44,23,21,0,0,0
2020-02-03 06:45,77,48,29,0,0,0
2020-02-03 07:00,81,65,16,0,0,0
2020-02-03 07:15,100,70,30,0,0,0
2020-02-03 07:30,202,175,27,0,0,0
2020-02-03 07:45,202,144,58,0,0,0
2020-02-03 08:00,132,100,32,0,0,0
2020-02-03 08:15,156,119,37,0,0,0
2020-02-03 08:30,125,95,30,0,0,0
2020-02-03 08:45,127,101,26,0,0,0
2020-02-03 09:00,101,77,24,0,0,0
2020-02-03 09:15,83,63,20,0,0,0
2020-02-03 09:30,99,79,20,0,0,0
2020-02-03 09:45,94,67,27,0,0,0
2020-02-03 10:00,92,61,31,0,0,0
2020-02-03 10:15,58,43,15,0,0,0
2020-02-03 10:30,63,40,23,0,0,0
2020-02-03 10:45,63,43,20,0,0,0
2020-02-03 11:00,73,47,26,0,0,0
2020-02-03 11:15,82,46,36,0,0,0
2020-02-03 11:30,100,59,41,0,0,0
2020-02-03 11:45,85,53,32,0,0,0
2020-02-03 12:00,78,43,35,0,0,0
2020-02-03 12:15,90,45,45,0,0,0
2020-02-03 12:30,87,41,46,0,0,0
2020-02-03 12:45,101,47,54,0,0,0
2020-02-03 13:00,102,50,52,0,0,0
2020-02-03 13:15,97,43,54,0,0,0
2020-02-03 13:30,82,47,35,0,0,0
2020-02-03 13:45,116,76,40,0,0,0
2020-02-03 14:00,96,51,45,0,0,0
2020-02-03 14:15,93,43,50,0,0,0
2020-02-03 14:30,99,50,49,0,0,0
2020-02-03 14:45,102,48,54,0,0,0
2020-02-03 15:00,127,80,47,0,0,0
2020-02-03 15:15,111,58,53,0,0,0
2020-02-03 15:30,144,72,72,0,0,0
2020-02-03 15:45,154,92,62,0,0,0
2020-02-03 16:00,148,84,64,0,0,0
2020-02-03 16:15,143,70,73,0,0,0
2020-02-03 16:30,160,86,74,0,0,0
2020-02-03 16:45,161,86,75,0,0,0
2020-02-03 17:00,179,83,96,0,0,0
2020-02-03 17:15,166,87,79,0,0,0
2020-02-03 17:30,167,86,81,0,0,0
2020-02-03 17:45,161,80,81,0,0,0
2020-02-03 18:00,140,64,76,0,0,0
2020-02-03 18:15,140,70,70,0,0,0
2020-02-03 18:30,91,41,50,0,0,0
2020-02-03 18:45,123,57,66,0,0,0
2020-02-03 19:00,80,36,44,0,0,0
2020-02-03 19:15,73,41,32,0,0,0
2020-02-03 19:30,69,39,30,0,0,0
2020-02-03 19:45,81,38,43,0,0,0
2020-02-03 20:00,72,31,41,0,0,0
2020-02-03 20:15,47,15,32,0,0,0
2020-02-03 20:30,35,12,23,0,0,0
2020-02-03 20:45,46,12,34,0,0,0
2020-02-03 21:00,34,15,19,0,0,0
2020-02-03 21:15,37,15,22,0,0,0
2020-02-03 21:30,34,18,16,0,0,0
2020-02-03 21:45,45,25,20,0,0,0
2020-02-03 22:00,31,10,21,0,0,0
2020-02-03 22:15,35,13,22,0,0,0
2020-02-03 22:30,25,9,16,0,0,0
2020-02-03 22:45,38,25,13,0,0,0
2020-02-03 23:00,17,11,6,0,0,0
2020-02-03 23:15,19,15,4,0,0,0
2020-02-03 23:30,14,7,7,0,0,0
2020-02-03 23:45,16,9,7,0,0,0
2020-02-04 00:00,4,4,0,0,0,0
2020-02-04 00:15,4,1,3,0,0,0
2020-02-04 00:30,5,1,4,0,0,0
2020-02-04 00:45,1,0,1,0,0,0
2020-02-04 01:00,5,2,3,0,0,0
2020-02-04 01:15,3,1,2,0,0,0
2020-02-04 01:30,4,3,1,0,0,0
2020-02-04 01:45,3,0,3,0,0,0
2020-02-04 02:00,1,1,0,0,0,0
2020-02-04 02:15,2,0,2,0,0,0
2020-02-04 02:30,3,1,2,0,0,0
2020-02-04 02:45,1,1,0,0,0,0
2020-02-04 03:00,3,2,1,0,0,0
2020-02-04 03:15,0,0,0,0,0,0
2020-02-04 03:30,2,2,0,0,0,0
2020-02-04 03:45,0,0,0,0,0,0
2020-02-04 04:00,1,1,0,0,0,0
2020-02-04 04:15,0,0,0,0,0,0
2020-02-04 04:30,0,0,0,0,0,0
2020-02-04 04:45,3,3,0,0,0,0
2020-02-04 05:00,0,0,0,0,0,0
2020-02-04 05:15,5,3,2,0,0,0
2020-02-04 05:30,9,8,1,0,0,0
2020-02-04 05:45,11,6,5,0,0,0
2020-02-04 06:00,15,10,5,0,0,0
2020-02-04 06:15,17,11,6,0,0,0
2020-02-04 06:30,47,24,23,0,0,0
2020-02-04 06:45,63,43,20,0,0,0
2020-02-04 07:00,98,75,23,0,0,0
2020-02-04 07:15,180,141,39,0,0,0
2020-02-04 07:30,294,253,41,0,0,0
2020-02-04 07:45,231,167,64,0,0,0
2020-02-04 08:00,148,122,26,0,0,0
2020-02-04 08:15,132,90,42,0,0,0
2020-02-04 08:30,129,99,30,0,0,0
2020-02-04 08:45,166,127,39,0,0,0
2020-02-04 09:00,90,66,24,0,0,0
2020-02-04 09:15,91,70,21,0,0,0
2020-02-04 09:30,108,86,22,0,0,0
2020-02-04 09:45,118,91,27,0,0,0
2020-02-04 10:00,73,55,18,0,0,0
2020-02-04 10:15,49,30,19,0,0,0
2020-02-04 10:30,57,32,25,0,0,0
2020-02-04 10:45,73,52,21,0,0,0
2020-02-04 11:00,56,31,25,0,0,0
2020-02-04 11:15,78,52,26,0,0,0
2020-02-04 11:30,61,33,28,0,0,0
2020-02-04 11:45,86,52,34,0,0,0
2020-02-04 12:00,75,47,28,0,0,0
2020-02-04 12:15,91,53,38,0,0,0
2020-02-04 12:30,113,59,54,0,0,0
2020-02-04 12:45,116,61,55,0,0,0
2020-02-04 13:00,118,54,64,0,0,0
2020-02-04 13:15,119,54,65,0,0,0
2020-02-04 13:30,98,64,34,0,0,0
2020-02-04 13:45,117,65,52,0,0,0
2020-02-04 14:00,124,56,68,0,0,0
2020-02-04 14:15,104,53,51,0,0,0
2020-02-04 14:30,105,57,48,0,0,0
2020-02-04 14:45,99,52,47,0,0,0
2020-02-04 15:00,118,51,67,0,0,0
2020-02-04 15:15,97,43,54,0,0,0
2020-02-04 15:30,117,62,55,0,0,0
2020-02-04 15:45,141,66,75,0,0,0
2020-02-04 16:00,153,75,78,0,0,0
2020-02-04 16:15,152,72,80,0,0,0
2020-02-04 16:30,150,71,79,0,0,0
2020-02-04 16:45,173,93,80,0,0,0
2020-02-04 17:00,170,75,95,0,0,0
2020-02-04 17:15,135,57,78,0,0,0
2020-02-04 17:30,125,65,60,0,0,0
2020-02-04 17:45,187,89,98,0,0,0
2020-02-04 18:00,152,66,86,0,0,0
2020-02-04 18:15,109,51,58,0,0,0
2020-02-04 18:30,113,50,63,0,0,0
2020-02-04 18:45,110,54,56,0,0,0
2020-02-04 19:00,116,65,51,0,0,0
2020-02-04 19:15,95,59,36,0,0,0
2020-02-04 19:30,81,47,34,0,0,0
2020-02-04 19:45,76,37,39,0,0,0
2020-02-04 20:00,64,30,34,0,0,0
2020-02-04 20:15,49,18,31,0,0,0
2020-02-04 20:30,41,20,21,0,0,0
2020-02-04 20:45,43,18,25,0,0,0
2020-02-04 21:00,61,34,27,0,0,0
2020-02-04 21:15,37,13,24,0,0,0
2020-02-04 21:30,58,31,27,0,0,0
2020-02-04 21:45,33,15,18,0,0,0
2020-02-04 22:00,55,27,28,0,0,0
2020-02-04 22:15,40,16,24,0,0,0
2020-02-04 22:30,32,14,18,0,0,0
2020-02-04 22:45,21,12,9,0,0,0
2020-02-04 23:00,14,6,8,0,0,0
2020-02-04 23:15,34,23,11,0,0,0
2020-02-04 23:30,26,18,8,0,0,0
2020-02-04 23:45,11,6,5,0,0,0
2020-02-05 00:00,7,4,3,0,0,0
2020-02-05 00:15,5,2,3,0,0,0
2020-02-05 00:30,6,5,1,0,0,0
2020-02-05 00:45,2,0,2,0,0,0
2020-02-05 01:00,2,0,2,0,0,0
2020-02-05 01:15,5,1,4,0,0,0
2020-02-05 01:30,6,5,1,0,0,0
2020-02-05 01:45,4,3,1,0,0,0
2020-02-05 02:00,2,0,2,0,0,0
2020-02-05 02:15,0,0,0,0,0,0
2020-02-05 02:30,1,0,1,0,0,0
2020-02-05 02:45,3,1,2,0,0,0
2020-02-05 03:00,2,1,1,0,0,0
2020-02-05 03:15,1,1,0,0,0,0
2020-02-05 03:30,0,0,0,0,0,0
2020-02-05 03:45,0,0,0,0,0,0
2020-02-05 04:00,0,0,0,0,0,0
2020-02-05 04:15,0,0,0,0,0,0
2020-02-05 04:30,1,1,0,0,0,0
2020-02-05 04:45,1,1,0,0,0,0
2020-02-05 05:00,2,2,0,0,0,0
2020-02-05 05:15,8,6,2,0,0,0
2020-02-05 05:30,16,10,6,0,0,0
2020-02-05 05:45,11,4,7,0,0,0
2020-02-05 06:00,15,9,6,0,0,0
2020-02-05 06:15,26,17,9,0,0,0
2020-02-05 06:30,29,15,14,0,0,0
2020-02-05 06:45,82,52,30,0,0,0
2020-02-05 07:00,94,70,24,0,0,0
2020-02-05 07:15,151,114,37,0,0,0
2020-02-05 07:30,337,295,42,0,0,0
2020-02-05 07:45,212,148,64,0,0,0
2020-02-05 08:00,159,124,35,0,0,0
2020-02-05 08:15,167,128,39,0,0,0
2020-02-05 08:30,127,101,26,0,0,0
2020-02-05 08:45,160,128,32,0,0,0
2020-02-05 09:00,120,100,20,0,0,0
2020-02-05 09:15,100,83,17,0,0,0
2020-02-05 09:30,118,90,28,0,0,0
2020-02-05 09:45,149,119,30,0,0,0
2020-02-05 10:00,95,71,24,0,0,0
2020-02-05 10:15,83,57,26,0,0,0
2020-02-05 10:30,106,73,33,0,0,0
2020-02-05 10:45,123,97,26,0,0,0
2020-02-05 11:00,113,78,35,0,0,0
2020-02-05 11:15,118,83,35,0,0,0
2020-02-05 11:30,110,72,38,0,0,0
2020-02-05 11:45,143,96,47,0,0,0
2020-02-05 12:00,117,75,42,0,0,0
2020-02-05 12:15,131,75,56,0,0,0
2020-02-05 12:30,141,72,69,0,0,0
2020-02-05 12:45,142,67,75,0,0,0
2020-02-05 13:00,146,82,64,0,0,0
2020-02-05 13:15,148,72,76,0,0,0
2020-02-05 13:30,136,69,67,0,0,0
2020-02-05 13:45,147,78,69,0,0,0
2020-02-05 14:00,137,60,77,0,0,0
2020-02-05 14:15,137,75,62,0,0,0
2020-02-05 14:30,113,56,57,0,0,0
2020-02-05 14:45,150,85,65,0,0,0
2020-02-05 15:00,118,52,66,0,0,0
2020-02-05 15:15,147,65,82,0,0,0
2020-02-05 15:30,160,81,79,0,0,0
2020-02-05 15:45,175,94,81,0,0,0
2020-02-05 16:00,177,101,76,0,0,0
2020-02-05 16:15,144,76,68,0,0,0
2020-02-05 16:30,147,84,63,0,0,0
2020-02-05 16:45,174,83,91,0,0,0
2020-02-05 17:00,171,80,91,0,0,0
2020-02-05 17:15,171,91,80,0,0,0
2020-02-05 17:30,174,83,91,0,0,0
2020-02-05 17:45,202,108,94,0,0,0
2020-02-05 18:00,136,64,72,0,0,0
2020-02-05 18:15,125,59,66,0,0,0
2020-02-05 18:30,119,59,60,0,0,0
2020-02-05 18:45,129,59,70,0,0,0
2020-02-05 19:00,116,40,76,0,0,0
2020-02-05 19:15,127,63,64,0,0,0
2020-02-05 19:30,88,36,52,0,0,0
2020-02-05 19:45,86,45,41,0,0,0
2020-02-05 20:00,82,34,48,0,0,0
2020-02-05 20:15,60,30,30,0,0,0
2020-02-05 20:30,53,17,36,0,0,0
2020-02-05 20:45,49,21,28,0,0,0
2020-02-05 21:00,56,34,22,0,0,0
2020-02-05 21:15,79,40,39,0,0,0
2020-02-05 21:30,43,21,22,0,0,0
2020-02-05 21:45,65,32,33,0,0,0
2020-02-05 22:00,45,24,21,0,0,0
2020-02-05 22:15,68,39,29,0,0,0
2020-02-05 22:30,56,36,20,0,0,0
2020-02-05 22:45,94,74,20,0,0,0
2020-02-05 23:00,73,58,15,0,0,0
2020-02-05 23:15,34,23,11,0,0,0
2020-02-05 23:30,18,12,6,0,0,0
2020-02-05 23:45,29,17,12,0,0,0
2020-02-06 00:00,10,4,6,0,0,0
2020-02-06 00:15,11,4,7,0,0,0
2020-02-06 00:30,16,14,2,0,0,0
2020-02-06 00:45,40,35,5,0,0,0
2020-02-06 01:00,5,2,3,0,0,0
2020-02-06 01:15,6,3,3,0,0,0
2020-02-06 01:30,10,5,5,0,0,0
2020-02-06 01:45,5,0,5,0,0,0
2020-02-06 02:00,3,0,3,0,0,0
2020-02-06 02:15,5,2,3,0,0,0
2020-02-06 02:30,7,0,7,0,0,0
2020-02-06 02:45,1,0,1,0,0,0
2020-02-06 03:00,3,0,3,0,0,0
2020-02-06 03:15,4,0,4,0,0,0
2020-02-06 03:30,4,1,3,0,0,0
2020-02-06 03:45,1,0,1,0,0,0
2020-02-06 04:00,3,0,3,0,0,0
2020-02-06 04:15,1,0,1,0,0,0
2020-02-06 04:30,2,2,0,0,0,0
2020-02-06 04:45,4,0,4,0,0,0
2020-02-06 05:00,0,0,0,0,0,0
2020-02-06 05:15,6,3,3,0,0,0
2020-02-06 05:30,13,8,5,0,0,0
2020-02-06 05:45,6,4,2,0,0,0
2020-02-06 06:00,14,10,4,0,0,0
2020-02-06 06:15,29,23,6,0,0,0
2020-02-06 06:30,44,26,18,0,0,0
2020-02-06 06:45,67,47,20,0,0,0
2020-02-06 07:00,104,85,19,0,0,0
2020-02-06 07:15,112,87,25,0,0,0
2020-02-06 07:30,290,255,35,0,0,0
2020-02-06 07:45,220,156,64,0,0,0
2020-02-06 08:00,154,127,27,0,0,0
2020-02-06 08:15,143,113,30,0,0,0
2020-02-06 08:30,140,114,26,0,0,0
2020-02-06 08:45,156,126,30,0,0,0
2020-02-06 09:00,121,96,25,0,0,0
2020-02-06 09:15,118,96,22,0,0,0
2020-02-06 09:30,89,65,24,0,0,0
2020-02-06 09:45,124,104,20,0,0,0
2020-02-06 10:00,103,72,31,0,0,0
2020-02-06 10:15,75,53,22,0,0,0
2020-02-06 10:30,85,50,35,0,0,0
2020-02-06 10:45,99,62,37,0,0,0
2020-02-06 11:00,78,53,25,0,0,0
2020-02-06 11:15,95,65,30,0,0,0
2020-02-06 11:30,78,42,36,0,0,0
2020-02-06 11:45,110,69,41,0,0,0
2020-02-06 12:00,105,62,43,0,0,0
2020-02-06 12:15,87,48,39,0,0,0
2020-02-06 12:30,95,54,41,0,0,0
2020-02-06 12:45,104,54,50,0,0,0
2020-02-06 13:00,111,56,55,0,0,0
2020-02-06 13:15,125,70,55,0,0,0
2020-02-06 13:30,101,49,52,0,0,0
2020-02-06 13:45,113,61,52,0,0,0
2020-02-06 14:00,107,51,56,0,0,0
2020-02-06 14:15,102,48,54,0,0,0
2020-02-06 14:30,136,87,49,0,0,0
2020-02-06 14:45,137,67,70,0,0,0
2020-02-06 15:00,112,58,54,0,0,0
2020-02-06 15:15,125,58,67,0,0,0
2020-02-06 15:30,147,82,65,0,0,0
2020-02-06 15:45,184,95,89,0,0,0
2020-02-06 16:00,142,71,71,0,0,0
2020-02-06 16:15,137,63,74,0,0,0
2020-02-06 16:30,157,86,71,0,0,0
2020-02-06 16:45,162,84,78,0,0,0
2020-02-06 17:00,172,71,101,0,0,0
2020-02-06 17:15,153,71,82,0,0,0
2020-02-06 17:30,164,86,78,0,0,0
2020-02-06 17:45,141,72,69,0,0,0
2020-02-06 18:00,129,65,64,0,0,0
2020-02-06 18:15,126,73,53,0,0,0
2020-02-06 18:30,132,68,64,0,0,0
2020-02-06 18:45,110,66,44,0,0,0
2020-02-06 19:00,111,55,56,0,0,0
2020-02-06 19:15,108,71,37,0,0,0
2020-02-06 19:30,75,45,30,0,0,0
2020-02-06 19:45,88,46,42,0,0,0
2020-02-06 20:00,74,24,50,0,0,0
2020-02-06 20:15,41,22,19,0,0,0
2020-02-06 20:30,57,28,29,0,0,0
2020-02-06 20:45,42,25,17,0,0,0
2020-02-06 21:00,54,26,28,0,0,0
2020-02-06 21:15,34,16,18,0,0,0
2020-02-06 21:30,46,21,25,0,0,0
2020-02-06 21:45,36,16,20,0,0,0
2020-02-06 22:00,31,12,19,0,0,0
2020-02-06 22:15,46,26,20,0,0,0
2020-02-06 22:30,24,13,11,0,0,0
2020-02-06 22:45,35,13,22,0,0,0
2020-02-06 23:00,27,12,15,0,0,0
2020-02-06 23:15,24,10,14,0,0,0
2020-02-06 23:30,29,21,8,0,0,0
2020-02-06 23:45,16,9,7,0,0,0
2020-02-07 00:00,12,6,6,0,0,0
2020-02-07 00:15,7,4,3,0,0,0
2020-02-07 00:30,10,5,5,0,0,0
2020-02-07 00:45,3,3,0,0,0,0
2020-02-07 01:00,5,3,2,0,0,0
2020-02-07 01:15,3,0,3,0,0,0
2020-02-07 01:30,3,1,2,0,0,0
2020-02-07 01:45,2,0,2,0,0,0
2020-02-07 02:00,0,0,0,0,0,0
2020-02-07 02:15,3,2,1,0,0,0
2020-02-07 02:30,3,0,3,0,0,0
2020-02-07 02:45,7,4,3,0,0,0
2020-02-07 03:00,2,0,2,0,0,0
2020-02-07 03:15,1,1,0,0,0,0
2020-02-07 03:30,0,0,0,0,0,0
2020-02-07 03:45,1,1,0,0,0,0
2020-02-07 04:00,2,0,2,0,0,0
2020-02-07 04:15,0,0,0,0,0,0
2020-02-07 04:30,1,1,0,0,0,0
2020-02-07 04:45,1,0,1,0,0,0
2020-02-07 05:00,1,0,1,0,0,0
2020-02-07 05:15,4,3,1,0,0,0
2020-02-07 05:30,15,6,9,0,0,0
2020-02-07 05:45,14,9,5,0,0,0
2020-02-07 06:00,13,11,2,0,0,0
2020-02-07 06:15,18,10,8,0,0,0
2020-02-07 06:30,50,31,19,0,0,0
2020-02-07 06:45,60,40,20,0,0,0
2020-02-07 07:00,97,77,20,0,0,0
2020-02-07 07:15,125,101,24,0,0,0
2020-02-07 07:30,300,250,50,0,0,0
2020-02-07 07:45,219,153,66,0,0,0
2020-02-07 08:00,133,111,22,0,0,0
2020-02-07 08:15,120,86,34,0,0,0
2020-02-07 08:30,126,96,30,0,0,0
2020-02-07 08:45,156,127,29,0,0,0
2020-02-07 09:00,86,65,21,0,0,0
2020-02-07 09:15,96,84,12,0,0,0
2020-02-07 09:30,115,92,23,0,0,0
2020-02-07 09:45,113,88,25,0,0,0
2020-02-07 10:00,91,71,20,0,0,0
2020-02-07 10:15,69,55,14,0,0,0
2020-02-07 10:30,89,63,26,0,0,0
2020-02-07 10:45,110,77,33,0,0,0
2020-02-07 11:00,88,56,32,0,0,0
2020-02-07 11:15,99,61,38,0,0,0
2020-02-07 11:30,89,58,31,0,0,0
2020-02-07 11:45,104,65,39,0,0,0
2020-02-07 12:00,104,63,41,0,0,0
2020-02-07 12:15,128,70,58,0,0,0
2020-02-07 12:30,150,86,64,0,0,0
2020-02-07 12:45,140,93,47,0,0,0
2020-02-07 13:00,141,61,80,0,0,0
2020-02-07 13:15,140,61,79,0,0,0
2020-02-07 13:30,128,71,57,0,0,0
2020-02-07 13:45,144,78,66,0,0,0
2020-02-07 14:00,158,68,90,0,0,0
2020-02-07 14:15,125,78,47,0,0,0
2020-02-07 14:30,156,91,65,0,0,0
2020-02-07 14:45,184,106,78,0,0,0
2020-02-07 15:00,141,80,61,0,0,0
2020-02-07 15:15,175,92,83,0,0,0
2020-02-07 15:30,147,90,57,0,0,0
2020-02-07 15:45,148,78,70,0,0,0
2020-02-07 16:00,161,105,56,0,0,0
2020-02-07 16:15,163,108,55,0,0,0
2020-02-07 16:30,174,117,57,0,0,0
2020-02-07 16:45,215,139,76,0,0,0
2020-02-07 17:00,167,115,52,0,0,0
2020-02-07 17:15,198,124,74,0,0,0
2020-02-07 17:30,141,88,53,0,0,0
2020-02-07 17:45,147,83,64,0,0,0
2020-02-07 18:00,125,58,67,0,0,0
2020-02-07 18:15,140,62,78,0,0,0
2020-02-07 18:30,107,46,61,0,0,0
2020-02-07 18:45,127,63,64,0,0,0
2020-02-07 19:00,140,63,77,0,0,0
2020-02-07 19:15,155,52,103,0,0,0
2020-02-07 19:30,120,41,79,0,0,0
2020-02-07 19:45,114,44,70,0,0,0
2020-02-07 20:00,86,37,49,0,0,0
2020-02-07 20:15,69,24,45,0,0,0
2020-02-07 20:30,60,28,32,0,0,0
2020-02-07 20:45,52,31,21,0,0,0
2020-02-07 21:00,65,41,24,0,0,0
2020-02-07 21:15,57,30,27,0,0,0
2020-02-07 21:30,42,13,29,0,0,0
2020-02-07 21:45,42,25,17,0,0,0
2020-02-07 22:00,46,31,15,0,0,0
2020-02-07 22:15,51,32,19,0,0,0
2020-02-07 22:30,50,31,19,0,0,0
2020-02-07 22:45,84,58,26,0,0,0
2020-02-07 23:00,58,40,18,0,0,0
2020-02-07 23:15,55,41,14,0,0,0
2020-02-07 23:30,43,30,13,0,0,0
2020-02-07 23:45,58,38,20,0,0,0
2020-02-08 00:00,27,9,18,0,0,0
2020-02-08 00:15,33,22,11,0,0,0
2020-02-08 00:30,31,19,12,0,0,0
2020-02-08 00:45,25,10,15,0,0,0
2020-02-08 01:00,16,8,8,0,0,0
2020-02-08 01:15,10,2,8,0,0,0
2020-02-08 01:30,8,2,6,0,0,0
2020-02-08 01:45,13,4,9,0,0,0
2020-02-08 02:00,11,5,6,0,0,0
2020-02-08 02:15,16,3,13,0,0,0
2020-02-08 02:30,22,9,13,0,0,0
2020-02-08 02:45,9,2,7,0,0,0
2020-02-08 03:00,14,8,6,0,0,0
2020-02-08 03:15,11,3,8,0,0,0
2020-02-08 03:30,13,4,9,0,0,0
2020-02-08 03:45,3,0,3,0,0,0
2020-02-08 04:00,6,2,4,0,0,0
2020-02-08 04:15,5,1,4,0,0,0
2020-02-08 04:30,2,0,2,0,0,0
2020-02-08 04:45,2,0,2,0,0,0
2020-02-08 05:00,5,1,4,0,0,0
2020-02-08 05:15,2,0,2,0,0,0
2020-02-08 05:30,11,7,4,0,0,0
2020-02-08 05:45,7,1,6,0,0,0
2020-02-08 06:00,4,1,3,0,0,0
2020-02-08 06:15,7,3,4,0,0,0
2020-02-08 06:30,2,1,1,0,0,0
2020-02-08 06:45,12,12,0,0,0,0
2020-02-08 07:00,9,7,2,0,0,0
2020-02-08 07:15,19,13,6,0,0,0
2020-02-08 07:30,17,14,3,0,0,0
2020-02-08 07:45,35,21,14,0,0,0
2020-02-08 08:00,29,22,7,0,0,0
2020-02-08 08:15,31,25,6,0,0,0
2020-02-08 08:30,56,47,9,0,0,0
2020-02-08 08:45,52,41,11,0,0,0
2020-02-08 09:00,46,33,13,0,0,0
2020-02-08 09:15,71,58,13,0,0,0
2020-02-08 09:30,81,70,11,0,0,0
2020-02-08 09:45,113,84,29,0,0,0
2020-02-08 10:00,89,74,15,0,0,0
2020-02-08 10:15,96,80,16,0,0,0
2020-02-08 10:30,97,75,22,0,0,0
2020-02-08 10:45,141,107,34,0,0,0
2020-02-08 11:00,111,78,33,0,0,0
2020-02-08 11:15,120,80,40,0,0,0
2020-02-08 11:30,140,98,42,0,0,0
2020-02-08 11:45,132,93,39,0,0,0
2020-02-08 12:00,148,111,37,0,0,0
2020-02-08 12:15,164,110,54,0,0,0
2020-02-08 12:30,135,86,49,0,0,0
2020-02-08 12:45,145,90,55,0,0,0
2020-02-08 13:00,142,80,62,0,0,0
2020-02-08 13:15,136,80,56,0,0,0
2020-02-08 13:30,124,88,36,0,0,0
2020-02-08 13:45,134,77,57,0,0,0
2020-02-08 14:00,112,64,48,0,0,0
2020-02-08 14:15,126,66,60,0,0,0
2020-02-08 14:30,117,63,54,0,0,0
2020-02-08 14:45,143,74,69,0,0,0
2020-02-08 15:00,125,78,47,0,0,0
2020-02-08 15:15,95,53,42,0,0,0
2020-02-08 15:30,118,51,67,0,0,0
2020-02-08 15:45,112,59,53,0,0,0
2020-02-08 16:00,104,56,48,0,0,0
2020-02-08 16:15,92,45,47,0,0,0
2020-02-08 16:30,109,59,50,0,0,0
2020-02-08 16:45,95,40,55,0,0,0
2020-02-08 17:00,80,33,47,0,0,0
2020-02-08 17:15,76,30,46,0,0,0
2020-02-08 17:30,75,38,37,0,0,0
2020-02-08 17:45,84,48,36,0,0,0
2020-02-08 18:00,79,31,48,0,0,0
2020-02-08 18:15,69,41,28,0,0,0
2020-02-08 18:30,66,40,26,0,0,0
2020-02-08 18:45,92,57,35,0,0,0
2020-02-08 19:00,76,41,35,0,0,0
2020-02-08 19:15,81,44,37,0,0,0
2020-02-08 19:30,67,50,17,0,0,0
2020-02-08 19:45,67,45,22,0,0,0
2020-02-08 20:00,49,17,32,0,0,0
2020-02-08 20:15,59,35,24,0,0,0
2020-02-08 20:30,46,29,17,0,0,0
2020-02-08 20:45,50,31,19,0,0,0
2020-02-08 21:00,42,24,18,0,0,0
2020-02-08 21:15,44,27,17,0,0,0
2020-02-08 21:30,29,11,18,0,0,0
2020-02-08 21:45,42,26,16,0,0,0
2020-02-08 22:00,25,8,17,0,0,0
2020-02-08 22:15,29,8,21,0,0,0
2020-02-08 22:30,26,10,16,0,0,0
2020-02-08 22:45,40,17,23,0,0,0
2020-02-08 23:00,30,17,13,0,0,0
2020-02-08 23:15,34,15,19,0,0,0
2020-02-08 23:30,35,17,18,0,0,0
2020-02-08 23:45,24,14,10,0,0,0
2020-02-09 00:00,29,21,8,0,0,0
2020-02-09 00:15,23,16,7,0,0,0
2020-02-09 00:30,25,11,14,0,0,0
2020-02-09 00:45,21,4,17,0,0,0
2020-02-09 01:00,27,11,16,0,0,0
2020-02-09 01:15,38,30,8,0,0,0
2020-02-09 01:30,22,11,11,0,0,0
2020-02-09 01:45,18,9,9,0,0,0
2020-02-09 02:00,13,9,4,0,0,0
2020-02-09 02:15,17,10,7,0,0,0
2020-02-09 02:30,7,2,5,0,0,0
2020-02-09 02:45,9,2,7,0,0,0
2020-02-09 03:00,8,1,7,0,0,0
2020-02-09 03:15,5,5,0,0,0,0
2020-02-09 03:30,10,2,8,0,0,0
2020-02-09 03:45,7,1,6,0,0,0
2020-02-09 04:00,11,3,8,0,0,0
2020-02-09 04:15,4,2,2,0,0,0
2020-02-09 04:30,1,0,1,0,0,0
2020-02-09 04:45,0,0,0,0,0,0
2020-02-09 05:00,2,2,0,0,0,0
2020-02-09 05:15,2,2,0,0,0,0
2020-02-09 05:30,9,4,5,0,0,0
2020-02-09 05:45,6,0,6,0,0,0
2020-02-09 06:00,3,2,1,0,0,0
2020-02-09 06:15,5,2,3,0,0,0
2020-02-09 06:30,2,1,1,0,0,0
2020-02-09 06:45,5,2,3,0,0,0
2020-02-09 07:00,4,1,3,0,0,0
2020-02-09 07:15,6,4,2,0,0,0
2020-02-09 07:30,8,6,2,0,0,0
2020-02-09 07:45,14,14,0,0,0,0
2020-02-09 08:00,11,10,1,0,0,0
2020-02-09 08:15,5,5,0,0,0,0
2020-02-09 08:30,10,7,3,0,0,0
2020-02-09 08:45,14,10,4,0,0,0
2020-02-09 09:00,20,16,4,0,0,0
2020-02-09 09:15,20,17,3,0,0,0
2020-02-09 09:30,12,9,3,0,0,0
2020-02-09 09:45,42,33,9,0,0,0
2020-02-09 10:00,33,22,11,0,0,0
2020-02-09 10:15,24,18,6,0,0,0
2020-02-09 10:30,24,13,11,0,0,0
2020-02-09 10:45,45,29,16,0,0,0
2020-02-09 11:00,31,12,19,0,0,0
2020-02-09 11:15,32,19,13,0,0,0
2020-02-09 11:30,40,32,8,0,0,0
2020-02-09 11:45,36,20,16,0,0,0
2020-02-09 12:00,33,19,14,0,0,0
2020-02-09 12:15,29,16,13,0,0,0
2020-02-09 12:30,41,17,24,0,0,0
2020-02-09 12:45,37,26,11,0,0,0
2020-02-09 13:00,37,28,9,0,0,0
2020-02-09 13:15,20,11,9,0,0,0
2020-02-09 13:30,26,13,13,0,0,0
2020-02-09 13:45,38,21,17,0,0,0
2020-02-09 14:00,29,18,11,0,0,0
2020-02-09 14:15,30,17,13,0,0,0
2020-02-09 14:30,44,27,17,0,0,0
2020-02-09 14:45,27,19,8,0,0,0
2020-02-09 15:00,24,16,8,0,0,0
2020-02-09 15:15,24,8,16,0,0,0
2020-02-09 15:30,20,9,11,0,0,0
2020-02-09 15:45,24,8,16,0,0,0
2020-02-09 16:00,14,8,6,0,0,0
2020-02-09 16:15,22,6,16,0,0,0
2020-02-09 16:30,13,3,10,0,0,0
2020-02-09 16:45,25,12,13,0,0,0
2020-02-09 17:00,18,6,12,0,0,0
2020-02-09 17:15,18,9,9,0,0,0
2020-02-09 17:30,21,12,9,0,0,0
2020-02-09 17:45,21,12,9,0,0,0
2020-02-09 18:00,18,7,11,0,0,0
2020-02-09 18:15,5,1,4,0,0,0
2020-02-09 18:30,13,5,8,0,0,0
2020-02-09 18:45,10,7,3,0,0,0
2020-02-09 19:00,13,6,7,0,0,0
2020-02-09 19:15,7,5,2,0,0,0
2020-02-09 19:30,13,7,6,0,0,0
2020-02-09 19:45,11,7,4,0,0,0
2020-02-09 20:00,11,9,2,0,0,0
2020-02-09 20:15,8,3,5,0,0,0
2020-02-09 20:30,9,7,2,0,0,0
2020-02-09 20:45,9,7,2,0,0,0
2020-02-09 21:00,9,2,7,0,0,0
2020-02-09 21:15,6,2,4,0,0,0
2020-02-09 21:30,3,1,2,0,0,0
2020-02-09 21:45,1,0,1,0,0,0
2020-02-09 22:00,4,2,2,0,0,0
2020-02-09 22:15,5,3,2,0,0,0
2020-02-09 22:30,3,3,0,0,0,0
2020-02-09 22:45,1,1,0,0,0,0
2020-02-09 23:00,1,1,0,0,0,0
2020-02-09 23:15,1,0,1,0,0,0
2020-02-09 23:30,1,0,1,0,0,0
2020-02-09 23:45,1,1,0,0,0,0
2020-02-10 00:00,1,1,0,0,0,0
2020-02-10 00:15,2,2,0,0,0,0
2020-02-10 00:30,0,0,0,0,0,0
2020-02-10 00:45,0,0,0,0,0,0
2020-02-10 01:00,0,0,0,0,0,0
2020-02-10 01:15,0,0,0,0,0,0
2020-02-10 01:30,1,1,0,0,0,0
2020-02-10 01:45,3,1,2,0,0,0
2020-02-10 02:00,1,1,0,0,0,0
2020-02-10 02:15,0,0,0,0,0,0
2020-02-10 02:30,1,1,0,0,0,0
2020-02-10 02:45,0,0,0,0,0,0
2020-02-10 03:00,0,0,0,0,0,0
2020-02-10 03:15,0,0,0,0,0,0
2020-02-10 03:30,0,0,0,0,0,0
2020-02-10 03:45,0,0,0,0,0,0
2020-02-10 04:00,0,0,0,0,0,0
2020-02-10 04:15,1,1,0,0,0,0
2020-02-10 04:30,2,2,0,0,0,0
2020-02-10 04:45,0,0,0,0,0,0
2020-02-10 05:00,0,0,0,0,0,0
2020-02-10 05:15,0,0,0,0,0,0
2020-02-10 05:30,6,5,1,0,0,0
2020-02-10 05:45,9,4,5,0,0,0
2020-02-10 06:00,7,4,3,0,0,0
2020-02-10 06:15,12,5,7,0,0,0
2020-02-10 06:30,25,17,8,0,0,0
2020-02-10 06:45,46,34,12,0,0,0
2020-02-10 07:00,41,27,14,0,0,0
2020-02-10 07:15,45,25,20,0,0,0
2020-02-10 07:30,81,55,26,0,0,0
2020-02-10 07:45,78,51,27,0,0,0
2020-02-10 08:00,67,50,17,0,0,0
2020-02-10 08:15,65,48,17,0,0,0
2020-02-10 08:30,50,32,18,0,0,0
2020-02-10 08:45,66,51,15,0,0,0
2020-02-10 09:00,59,46,13,0,0,0
2020-02-10 09:15,57,46,11,0,0,0
2020-02-10 09:30,48,39,9,0,0,0
2020-02-10 09:45,60,50,10,0,0,0
2020-02-10 10:00,43,32,11,0,0,0
2020-02-10 10:15,32,24,8,0,0,0
2020-02-10 10:30,35,21,14,0,0,0
2020-02-10 10:45,41,30,11,0,0,0
2020-02-10 11:00,41,21,20,0,0,0
2020-02-10 11:15,39,28,11,0,0,0
2020-02-10 11:30,40,28,12,0,0,0
2020-02-10 11:45,67,47,20,0,0,0
2020-02-10 12:00,62,36,26,0,0,0
2020-02-10 12:15,57,35,22,0,0,0
2020-02-10 12:30,52,23,29,0,0,0
2020-02-10 12:45,72,42,30,0,0,0
2020-02-10 13:00,70,48,22,0,0,0
2020-02-10 13:15,65,35,30,0,0,0
2020-02-10 13:30,49,29,20,0,0,0
2020-02-10 13:45,46,27,19,0,0,0
2020-02-10 14:00,48,26,22,0,0,0
2020-02-10 14:15,42,23,19,0,0,0
2020-02-10 14:30,62,30,32,0,0,0
2020-02-10 14:45,71,34,37,0,0,0
2020-02-10 15:00,58,35,23,0,0,0
2020-02-10 15:15,60,28,32,0,0,0
2020-02-10 15:30,72,35,37,0,0,0
2020-02-10 15:45,87,48,39,0,0,0
2020-02-10 16:00,92,49,43,0,0,0
2020-02-10 16:15,93,52,41,0,0,0
2020-02-10 16:30,96,54,42,0,0,0
2020-02-10 16:45,80,45,35,0,0,0
2020-02-10 17:00,100,52,48,0,0,0
2020-02-10 17:15,81,37,44,0,0,0
2020-02-10 17:30,100,61,39,0,0,0
2020-02-10 17:45,102,65,37,0,0,0
2020-02-10 18:00,87,50,37,0,0,0
2020-02-10 18:15,68,38,30,0,0,0
2020-02-10 18:30,69,36,33,0,0,0
2020-02-10 18:45,65,34,31,0,0,0
2020-02-10 19:00,48,21,27,0,0,0
2020-02-10 19:15,38,17,21,0,0,0
2020-02-10 19:30,56,25,31,0,0,0
2020-02-10 19:45,54,32,22,0,0,0
2020-02-10 20:00,53,22,31,0,0,0
2020-02-10 20:15,37,6,31,0,0,0
2020-02-10 20:30,19,12,7,0,0,0
2020-02-10 20:45,33,13,20,0,0,0
2020-02-10 21:00,24,11,13,0,0,0
2020-02-10 21:15,28,10,18,0,0,0
2020-02-10 21:30,26,11,15,0,0,0
2020-02-10 21:45,23,8,15,0,0,0
2020-02-10 22:00,27,9,18,0,0,0
2020-02-10 22:15,32,19,13,0,0,0
2020-02-10 22:30,21,8,13,0,0,0
2020-02-10 22:45,13,4,9,0,0,0
2020-02-10 23:00,22,15,7,0,0,0
2020-02-10 23:15,8,4,4,0,0,0
2020-02-10 23:30,4,2,2,0,0,0
2020-02-10 23:45,7,2,5,0,0,0
2020-02-11 00:00,7,4,3,0,0,0
2020-02-11 00:15,4,1,3,0,0,0
2020-02-11 00:30,2,1,1,0,0,0
2020-02-11 00:45,7,3,4,0,0,0
2020-02-11 01:00,3,0,3,0,0,0
2020-02-11 01:15,1,1,0,0,0,0
2020-02-11 01:30,1,0,1,0,0,0
2020-02-11 01:45,2,0,2,0,0,0
2020-02-11 02:00,0,0,0,0,0,0
2020-02-11 02:15,2,2,0,0,0,0
2020-02-11 02:30,1,0,1,0,0,0
2020-02-11 02:45,1,0,1,0,0,0
2020-02-11 03:00,1,0,1,0,0,0
2020-02-11 03:15,1,1,0,0,0,0
2020-02-11 03:30,1,1,0,0,0,0
2020-02-11 03:45,0,0,0,0,0,0
2020-02-11 04:00,0,0,0,0,0,0
2020-02-11 04:15,0,0,0,0,0,0
2020-02-11 04:30,1,1,0,0,0,0
2020-02-11 04:45,0,0,0,0,0,0
2020-02-11 05:00,0,0,0,0,0,0
2020-02-11 05:15,2,1,1,0,0,0
2020-02-11 05:30,8,5,3,0,0,0
2020-02-11 05:45,10,4,6,0,0,0
2020-02-11 06:00,12,10,2,0,0,0
2020-02-11 06:15,14,6,8,0,0,0
2020-02-11 06:30,30,21,9,0,0,0
2020-02-11 06:45,57,43,14,0,0,0
2020-02-11 07:00,77,53,24,0,0,0
2020-02-11 07:15,129,99,30,0,0,0
2020-02-11 07:30,266,234,32,0,0,0
2020-02-11 07:45,169,120,49,0,0,0
2020-02-11 08:00,120,97,23,0,0,0
2020-02-11 08:15,134,107,27,0,0,0
2020-02-11 08:30,97,70,27,0,0,0
2020-02-11 08:45,131,102,29,0,0,0
2020-02-11 09:00,92,78,14,0,0,0
2020-02-11 09:15,71,53,18,0,0,0
2020-02-11 09:30,93,73,20,0,0,0
2020-02-11 09:45,91,70,21,0,0,0
2020-02-11 10:00,76,53,23,0,0,0
2020-02-11 10:15,76,53,23,0,0,0
2020-02-11 10:30,74,51,23,0,0,0
2020-02-11 10:45,72,46,26,0,0,0
2020-02-11 11:00,62,44,18,0,0,0
2020-02-11 11:15,73,46,27,0,0,0
2020-02-11 11:30,64,34,30,0,0,0
2020-02-11 11:45,72,39,33,0,0,0
2020-02-11 12:00,61,29,32,0,0,0
2020-02-11 12:15,81,42,39,0,0,0
2020-02-11 12:30,98,47,51,0,0,0
2020-02-11 12:45,94,41,53,0,0,0
2020-02-11 13:00,117,55,62,0,0,0
2020-02-11 13:15,89,55,34,0,0,0
2020-02-11 13:30,89,47,42,0,0,0
2020-02-11 13:45,74,42,32,0,0,0
2020-02-11 14:00,93,43,50,0,0,0
2020-02-11 14:15,81,37,44,0,0,0
2020-02-11 14:30,77,31,46,0,0,0
2020-02-11 14:45,102,51,51,0,0,0
2020-02-11 15:00,102,51,51,0,0,0
2020-02-11 15:15,88,45,43,0,0,0
2020-02-11 15:30,95,44,51,0,0,0
2020-02-11 15:45,101,46,55,0,0,0
2020-02-11 16:00,109,52,57,0,0,0
2020-02-11 16:15,121,57,64,0,0,0
2020-02-11 16:30,106,52,54,0,0,0
2020-02-11 16:45,148,82,66,0,0,0
2020-02-11 17:00,129,63,66,0,0,0
2020-02-11 17:15,118,43,75,0,0,0
2020-02-11 17:30,125,61,64,0,0,0
2020-02-11 17:45,126,69,57,0,0,0
2020-02-11 18:00,93,37,56,0,0,0
2020-02-11 18:15,109,53,56,0,0,0
2020-02-11 18:30,106,54,52,0,0,0
2020-02-11 18:45,94,56,38,0,0,0
2020-02-11 19:00,75,39,36,0,0,0
2020-02-11 19:15,63,41,22,0,0,0
2020-02-11 19:30,62,26,36,0,0,0
2020-02-11 19:45,56,27,29,0,0,0
2020-02-11 20:00,53,26,27,0,0,0
2020-02-11 20:15,48,27,21,0,0,0
2020-02-11 20:30,29,19,10,0,0,0
2020-02-11 20:45,50,26,24,0,0,0
2020-02-11 21:00,39,15,24,0,0,0
2020-02-11 21:15,26,6,20,0,0,0
2020-02-11 21:30,26,15,11,0,0,0
2020-02-11 21:45,53,15,38,0,0,0
2020-02-11 22:00,41,13,28,0,0,0
2020-02-11 22:15,26,15,11,0,0,0
2020-02-11 22:30,31,22,9,0,0,0
2020-02-11 22:45,28,12,16,0,0,0
2020-02-11 23:00,20,11,9,0,0,0
2020-02-11 23:15,15,9,6,0,0,0
2020-02-11 23:30,11,4,7,0,0,0
2020-02-11 23:45,9,2,7,0,0,0
2020-02-12 00:00,11,8,3,0,0,0
2020-02-12 00:15,5,3,2,0,0,0
2020-02-12 00:30,5,2,3,0,0,0
2020-02-12 00:45,3,1,2,0,0,0
2020-02-12 01:00,2,0,2,0,0,0
2020-02-12 01:15,1,1,0,0,0,0
2020-02-12 01:30,2,1,1,0,0,0
2020-02-12 01:45,1,1,0,0,0,0
2020-02-12 02:00,7,5,2,0,0,0
2020-02-12 02:15,1,0,1,0,0,0
2020-02-12 02:30,2,0,2,0,0,0
2020-02-12 02:45,0,0,0,0,0,0
2020-02-12 03:00,2,1,1,0,0,0
2020-02-12 03:15,0,0,0,0,0,0
2020-02-12 03:30,0,0,0,0,0,0
2020-02-12 03:45,0,0,0,0,0,0
2020-02-12 04:00,0,0,0,0,0,0
2020-02-12 04:15,1,1,0,0,0,0
2020-02-12 04:30,1,1,0,0,0,0
2020-02-12 04:45,0,0,0,0,0,0
2020-02-12 05:00,0,0,0,0,0,0
2020-02-12 05:15,4,3,1,0,0,0
2020-02-12 05:30,5,2,3,0,0,0
2020-02-12 05:45,17,7,10,0,0,0
2020-02-12 06:00,16,12,4,0,0,0
2020-02-12 06:15,19,10,9,0,0,0
2020-02-12 06:30,27,18,9,0,0,0
2020-02-12 06:45,61,38,23,0,0,0
2020-02-12 07:00,83,56,27,0,0,0
2020-02-12 07:15,154,121,33,0,0,0
2020-02-12 07:30,300,247,53,0,0,0
2020-02-12 07:45,190,131,59,0,0,0
2020-02-12 08:00,127,96,31,0,0,0
2020-02-12 08:15,126,103,23,0,0,0
2020-02-12 08:30,116,93,23,0,0,0
2020-02-12 08:45,131,101,30,0,0,0
2020-02-12 09:00,104,77,27,0,0,0
2020-02-12 09:15,109,92,17,0,0,0
2020-02-12 09:30,100,83,17,0,0,0
2020-02-12 09:45,109,91,18,0,0,0
2020-02-12 10:00,89,76,13,0,0,0
2020-02-12 10:15,103,77,26,0,0,0
2020-02-12 10:30,79,57,22,0,0,0
2020-02-12 10:45,108,71,37,0,0,0
2020-02-12 11:00,92,67,25,0,0,0
2020-02-12 11:15,97,68,29,0,0,0
2020-02-12 11:30,92,67,25,0,0,0
2020-02-12 11:45,87,51,36,0,0,0
2020-02-12 12:00,108,68,40,0,0,0
2020-02-12 12:15,119,67,52,0,0,0
2020-02-12 12:30,117,57,60,0,0,0
2020-02-12 12:45,113,59,54,0,0,0
2020-02-12 13:00,133,71,62,0,0,0
2020-02-12 13:15,107,41,66,0,0,0
2020-02-12 13:30,114,59,55,0,0,0
2020-02-12 13:45,113,46,67,0,0,0
2020-02-12 14:00,125,51,74,0,0,0
2020-02-12 14:15,109,46,63,0,0,0
2020-02-12 14:30,100,54,46,0,0,0
2020-02-12 14:45,97,45,52,0,0,0
2020-02-12 15:00,105,57,48,0,0,0
2020-02-12 15:15,103,58,45,0,0,0
2020-02-12 15:30,117,56,61,0,0,0
2020-02-12 15:45,141,69,72,0,0,0
2020-02-12 16:00,160,96,64,0,0,0
2020-02-12 16:15,144,72,72,0,0,0
2020-02-12 16:30,128,68,60,0,0,0
2020-02-12 16:45,148,73,75,0,0,0
2020-02-12 17:00,132,65,67,0,0,0
2020-02-12 17:15,167,84,83,0,0,0
2020-02-12 17:30,143,79,64,0,0,0
2020-02-12 17:45,146,71,75,0,0,0
2020-02-12 18:00,108,51,57,0,0,0
2020-02-12 18:15,113,51,62,0,0,0
2020-02-12 18:30,85,44,41,0,0,0
2020-02-12 18:45,99,61,38,0,0,0
2020-02-12 19:00,94,55,39,0,0,0
2020-02-12 19:15,89,55,34,0,0,0
2020-02-12 19:30,64,29,35,0,0,0
2020-02-12 19:45,100,68,32,0,0,0
2020-02-12 20:00,47,23,24,0,0,0
2020-02-12 20:15,61,36,25,0,0,0
2020-02-12 20:30,37,22,15,0,0,0
2020-02-12 20:45,42,18,24,0,0,0
2020-02-12 21:00,41,17,24,0,0,0
2020-02-12 21:15,33,14,19,0,0,0
2020-02-12 21:30,34,16,18,0,0,0
2020-02-12 21:45,31,15,16,0,0,0
2020-02-12 22:00,42,17,25,0,0,0
2020-02-12 22:15,53,27,26,0,0,0
2020-02-12 22:30,38,22,16,0,0,0
2020-02-12 22:45,28,13,15,0,0,0
2020-02-12 23:00,20,14,6,0,0,0
2020-02-12 23:15,19,8,11,0,0,0
2020-02-12 23:30,19,13,6,0,0,0
2020-02-12 23:45,20,9,11,0,0,0
2020-02-13 00:00,16,7,9,0,0,0
2020-02-13 00:15,13,11,2,0,0,0
2020-02-13 00:30,3,2,1,0,0,0
2020-02-13 00:45,4,3,1,0,0,0
2020-02-13 01:00,2,2,0,0,0,0
2020-02-13 01:15,7,4,3,0,0,0
2020-02-13 01:30,6,1,5,0,0,0
2020-02-13 01:45,12,8,4,0,0,0
2020-02-13 02:00,10,2,8,0,0,0
2020-02-13 02:15,4,2,2,0,0,0
2020-02-13 02:30,4,1,3,0,0,0
2020-02-13 02:45,5,0,5,0,0,0
2020-02-13 03:00,2,0,2,0,0,0
2020-02-13 03:15,2,0,2,0,0,0
2020-02-13 03:30,3,0,3,0,0,0
2020-02-13 03:45,5,2,3,0,0,0
2020-02-13 04:00,1,0,1,0,0,0
2020-02-13 04:15,5,0,5,0,0,0
2020-02-13 04:30,4,1,3,0,0,0
2020-02-13 04:45,5,1,4,0,0,0
2020-02-13 05:00,3,1,2,0,0,0
2020-02-13 05:15,5,4,1,0,0,0
2020-02-13 05:30,9,4,5,0,0,0
2020-02-13 05:45,12,3,9,0,0,0
2020-02-13 06:00,11,9,2,0,0,0
2020-02-13 06:15,22,12,10,0,0,0
2020-02-13 06:30,36,23,13,0,0,0
2020-02-13 06:45,66,42,24,0,0,0
2020-02-13 07:00,82,61,21,0,0,0
2020-02-13 07:15,158,134,24,0,0,0
2020-02-13 07:30,283,237,46,0,0,0
2020-02-13 07:45,201,141,60,0,0,0
2020-02-13 08:00,122,96,26,0,0,0
2020-02-13 08:15,121,86,35,0,0,0
2020-02-13 08:30,141,117,24,0,0,0
2020-02-13 08:45,148,120,28,0,0,0
2020-02-13 09:00,93,67,26,0,0,0
2020-02-13 09:15,101,82,19,0,0,0
2020-02-13 09:30,82,64,18,0,0,0
2020-02-13 09:45,116,93,23,0,0,0
2020-02-13 10:00,76,58,18,0,0,0
2020-02-13 10:15,62,43,19,0,0,0
2020-02-13 10:30,53,31,22,0,0,0
2020-02-13 10:45,55,34,21,0,0,0
2020-02-13 11:00,40,28,12,0,0,0
2020-02-13 11:15,50,27,23,0,0,0
2020-02-13 11:30,47,25,22,0,0,0
2020-02-13 11:45,51,28,23,0,0,0
2020-02-13 12:00,63,31,32,0,0,0
2020-02-13 12:15,63,36,27,0,0,0
2020-02-13 12:30,87,40,47,0,0,0
2020-02-13 12:45,64,33,31,0,0,0
2020-02-13 13:00,79,41,38,0,0,0
2020-02-13 13:15,77,32,45,0,0,0
2020-02-13 13:30,59,25,34,0,0,0
2020-02-13 13:45,80,41,39,0,0,0
2020-02-13 14:00,81,30,51,0,0,0
2020-02-13 14:15,69,35,34,0,0,0
2020-02-13 14:30,71,37,34,0,0,0
2020-02-13 14:45,77,46,31,0,0,0
2020-02-13 15:00,103,57,46,0,0,0
2020-02-13 15:15,92,53,39,0,0,0
2020-02-13 15:30,118,65,53,0,0,0
2020-02-13 15:45,120,65,55,0,0,0
2020-02-13 16:00,131,63,68,0,0,0
2020-02-13 16:15,137,80,57,0,0,0
2020-02-13 16:30,131,67,64,0,0,0
2020-02-13 16:45,137,77,60,0,0,0
2020-02-13 17:00,140,72,68,0,0,0
2020-02-13 17:15,134,64,70,0,0,0
2020-02-13 17:30,156,84,72,0,0,0
2020-02-13 17:45,139,77,62,0,0,0
2020-02-13 18:00,137,68,69,0,0,0
2020-02-13 18:15,118,62,56,0,0,0
2020-02-13 18:30,113,59,54,0,0,0
2020-02-13 18:45,99,50,49,0,0,0
2020-02-13 19:00,97,49,48,0,0,0
2020-02-13 19:15,105,58,47,0,0,0
2020-02-13 19:30,81,46,35,0,0,0
2020-02-13 19:45,86,36,50,0,0,0
2020-02-13 20:00,74,37,37,0,0,0
2020-02-13 20:15,43,20,23,0,0,0
2020-02-13 20:30,47,20,27,0,0,0
2020-02-13 20:45,52,30,22,0,0,0
2020-02-13 21:00,47,22,25,0,0,0
2020-02-13 21:15,39,18,21,0,0,0
2020-02-13 21:30,41,18,23,0,0,0
2020-02-13 21:45,44,25,19,0,0,0
2020-02-13 22:00,50,26,24,0,0,0
2020-02-13 22:15,51,22,29,0,0,0
2020-02-13 22:30,37,17,20,0,0,0
2020-02-13 22:45,40,15,25,0,0,0
2020-02-13 23:00,35,22,13,0,0,0
2020-02-13 23:15,31,20,11,0,0,0
2020-02-13 23:30,19,11,8,0,0,0
2020-02-13 23:45,17,7,10,0,0,0
2020-02-14 00:00,15,8,7,0,0,0
2020-02-14 00:15,9,6,3,0,0,0
2020-02-14 00:30,9,3,6,0,0,0
2020-02-14 00:45,4,1,3,0,0,0
2020-02-14 01:00,1,1,0,0,0,0
2020-02-14 01:15,5,1,4,0,0,0
2020-02-14 01:30,5,4,1,0,0,0
2020-02-14 01:45,6,4,2,0,0,0
2020-02-14 02:00,1,0,1,0,0,0
2020-02-14 02:15,0,0,0,0,0,0
2020-02-14 02:30,2,0,2,0,0,0
2020-02-14 02:45,6,3,3,0,0,0
2020-02-14 03:00,2,0,2,0,0,0
2020-02-14 03:15,1,0,1,0,0,0
2020-02-14 03:30,2,1,1,0,0,0
2020-02-14 03:45,2,0,2,0,0,0
2020-02-14 04:00,2,0,2,0,0,0
2020-02-14 04:15,1,1,0,0,0,0
2020-02-14 04:30,2,2,0,0,0,0
2020-02-14 04:45,1,1,0,0,0,0
2020-02-14 05:00,0,0,0,0,0,0
2020-02-14 05:15,1,0,1,0,0,0
2020-02-14 05:30,8,5,3,0,0,0
2020-02-14 05:45,13,8,5,0,0,0
2020-02-14 06:00,16,13,3,0,0,0
2020-02-14 06:15,13,9,4,0,0,0
2020-02-14 06:30,42,19,23,0,0,0
2020-02-14 06:45,54,41,13,0,0,0
2020-02-14 07:00,66,49,17,0,0,0
2020-02-14 07:15,144,117,27,0,0,0
2020-02-14 07:30,298,246,52,0,0,0
2020-02-14 07:45,168,117,51,0,0,0
2020-02-14 08:00,110,74,36,0,0,0
2020-02-14 08:15,107,86,21,0,0,0
2020-02-14 08:30,115,93,22,0,0,0
2020-02-14 08:45,144,114,30,0,0,0
2020-02-14 09:00,91,63,28,0,0,0
2020-02-14 09:15,99,80,19,0,0,0
2020-02-14 09:30,73,55,18,0,0,0
2020-02-14 09:45,119,88,31,0,0,0
2020-02-14 10:00,84,64,20,0,0,0
2020-02-14 10:15,94,69,25,0,0,0
2020-02-14 10:30,89,58,31,0,0,0
2020-02-14 10:45,87,57,30,0,0,0
2020-02-14 11:00,93,67,26,0,0,0
2020-02-14 11:15,92,56,36,0,0,0
2020-02-14 11:30,89,51,38,0,0,0
2020-02-14 11:45,101,62,39,0,0,0
2020-02-14 12:00,112,67,45,0,0,0
2020-02-14 12:15,109,62,47,0,0,0
2020-02-14 12:30,104,48,56,0,0,0
2020-02-14 12:45,132,71,61,0,0,0
2020-02-14 13:00,160,85,75,0,0,0
2020-02-14 13:15,135,62,73,0,0,0
2020-02-14 13:30,114,61,53,0,0,0
2020-02-14 13:45,145,66,79,0,0,0
2020-02-14 14:00,140,53,87,0,0,0
2020-02-14 14:15,134,77,57,0,0,0
2020-02-14 14:30,132,61,71,0,0,0
2020-02-14 14:45,133,66,67,0,0,0
2020-02-14 15:00,127,66,61,0,0,0
2020-02-14 15:15,141,70,71,0,0,0
2020-02-14 15:30,108,59,49,0,0,0
2020-02-14 15:45,161,83,78,0,0,0
2020-02-14 16:00,137,68,69,0,0,0
2020-02-14 16:15,120,69,51,0,0,0
2020-02-14 16:30,122,57,65,0,0,0
2020-02-14 16:45,129,81,48,0,0,0
2020-02-14 17:00,101,45,56,0,0,0
2020-02-14 17:15,119,68,51,0,0,0
2020-02-14 17:30,122,57,65,0,0,0
2020-02-14 17:45,134,82,52,0,0,0
2020-02-14 18:00,97,44,53,0,0,0
2020-02-14 18:15,117,67,50,0,0,0
2020-02-14 18:30,111,68,43,0,0,0
2020-02-14 18:45,120,77,43,0,0,0
2020-02-14 19:00,93,49,44,0,0,0
2020-02-14 19:15,87,57,30,0,0,0
2020-02-14 19:30,88,52,36,0,0,0
2020-02-14 19:45,105,62,43,0,0,0
2020-02-14 20:00,67,34,33,0,0,0
2020-02-14 20:15,58,31,27,0,0,0
2020-02-14 20:30,63,34,29,0,0,0
2020-02-14 20:45,57,32,25,0,0,0
2020-02-14 21:00,57,31,26,0,0,0
2020-02-14 21:15,48,18,30,0,0,0
2020-02-14 21:30,52,24,28,0,0,0
2020-02-14 21:45,48,20,28,0,0,0
2020-02-14 22:00,43,28,15,0,0,0
2020-02-14 22:15,44,18,26,0,0,0
2020-02-14 22:30,41,14,27,0,0,0
2020-02-14 22:45,44,22,22,0,0,0
2020-02-14 23:00,36,16,20,0,0,0
2020-02-14 23:15,38,21,17,0,0,0
2020-02-14 23:30,43,21,22,0,0,0
2020-02-14 23:45,39,23,16,0,0,0
2020-02-15 00:00,44,23,21,0,0,0
2020-02-15 00:15,26,13,13,0,0,0
2020-02-15 00:30,25,14,11,0,0,0
2020-02-15 00:45,34,21,13,0,0,0
2020-02-15 01:00,16,11,5,0,0,0
2020-02-15 01:15,20,3,17,0,0,0
2020-02-15 01:30,25,9,16,0,0,0
2020-02-15 01:45,20,9,11,0,0,0
2020-02-15 02:00,3,1,2,0,0,0
2020-02-15 02:15,15,2,13,0,0,0
2020-02-15 02:30,17,3,14,0,0,0
2020-02-15 02:45,10,1,9,0,0,0
2020-02-15 03:00,13,10,3,0,0,0
2020-02-15 03:15,8,1,7,0,0,0
2020-02-15 03:30,10,4,6,0,0,0
2020-02-15 03:45,8,4,4,0,0,0
2020-02-15 04:00,5,0,5,0,0,0
2020-02-15 04:15,4,1,3,0,0,0
2020-02-15 04:30,4,2,2,0,0,0
2020-02-15 04:45,2,1,1,0,0,0
2020-02-15 05:00,2,1,1,0,0,0
2020-02-15 05:15,0,0,0,0,0,0
2020-02-15 05:30,5,2,3,0,0,0
2020-02-15 05:45,7,1,6,0,0,0
2020-02-15 06:00,4,2,2,0,0,0
2020-02-15 06:15,5,2,3,0,0,0
2020-02-15 06:30,4,4,0,0,0,0
2020-02-15 06:45,11,7,4,0,0,0
2020-02-15 07:00,15,11,4,0,0,0
2020-02-15 07:15,16,9,7,0,0,0
2020-02-15 07:30,15,13,2,0,0,0
2020-02-15 07:45,26,16,10,0,0,0
2020-02-15 08:00,27,19,8,0,0,0
2020-02-15 08:15,28,20,8,0,0,0
2020-02-15 08:30,42,33,9,0,0,0
2020-02-15 08:45,84,65,19,0,0,0
2020-02-15 09:00,48,37,11,0,0,0
2020-02-15 09:15,56,49,7,0,0,0
2020-02-15 09:30,75,62,13,0,0,0
2020-02-15 09:45,116,93,23,0,0,0
2020-02-15 10:00,101,82,19,0,0,0
2020-02-15 10:15,112,89,23,0,0,0
2020-02-15 10:30,119,84,35,0,0,0
2020-02-15 10:45,152,109,43,0,0,0
2020-02-15 11:00,149,110,39,0,0,0
2020-02-15 11:15,149,113,36,0,0,0
2020-02-15 11:30,183,128,55,0,0,0
2020-02-15 11:45,149,106,43,0,0,0
2020-02-15 12:00,154,107,47,0,0,0
2020-02-15 12:15,185,124,61,0,0,0
2020-02-15 12:30,190,118,72,0,0,0
2020-02-15 12:45,190,129,61,0,0,0
2020-02-15 13:00,171,104,67,0,0,0
2020-02-15 13:15,155,94,61,0,0,0
2020-02-15 13:30,133,77,56,0,0,0
2020-02-15 13:45,160,83,77,0,0,0
2020-02-15 14:00,169,75,94,0,0,0
2020-02-15 14:15,147,58,89,0,0,0
2020-02-15 14:30,151,78,73,0,0,0
2020-02-15 14:45,149,78,71,0,0,0
2020-02-15 15:00,123,58,65,0,0,0
2020-02-15 15:15,134,56,78,0,0,0
2020-02-15 15:30,108,50,58,0,0,0
2020-02-15 15:45,111,65,46,0,0,0
2020-02-15 16:00,106,43,63,0,0,0
2020-02-15 16:15,112,66,46,0,0,0
2020-02-15 16:30,113,61,52,0,0,0
2020-02-15 16:45,95,53,42,0,0,0
2020-02-15 17:00,94,40,54,0,0,0
2020-02-15 17:15,87,30,57,0,0,0
2020-02-15 17:30,112,61,51,0,0,0
2020-02-15 17:45,125,63,62,0,0,0
2020-02-15 18:00,95,50,45,0,0,0
2020-02-15 18:15,96,46,50,0,0,0
2020-02-15 18:30,74,40,34,0,0,0
2020-02-15 18:45,100,65,35,0,0,0
2020-02-15 19:00,78,47,31,0,0,0
2020-02-15 19:15,62,40,22,0,0,0
2020-02-15 19:30,62,35,27,0,0,0
2020-02-15 19:45,80,39,41,0,0,0
2020-02-15 20:00,71,41,30,0,0,0
2020-02-15 20:15,42,25,17,0,0,0
2020-02-15 20:30,40,20,20,0,0,0
2020-02-15 20:45,55,32,23,0,0,0
2020-02-15 21:00,34,17,17,0,0,0
2020-02-15 21:15,48,17,31,0,0,0
2020-02-15 21:30,36,16,20,0,0,0
2020-02-15 21:45,34,16,18,0,0,0
2020-02-15 22:00,29,14,15,0,0,0
2020-02-15 22:15,53,32,21,0,0,0
2020-02-15 22:30,37,20,17,0,0,0
2020-02-15 22:45,39,17,22,0,0,0
2020-02-15 23:00,29,10,19,0,0,0
2020-02-15 23:15,31,20,11,0,0,0
2020-02-15 23:30,43,26,17,0,0,0
2020-02-15 23:45,22,5,17,0,0,0
2020-02-16 00:00,26,12,14,0,0,0
2020-02-16 00:15,20,10,10,0,0,0
2020-02-16 00:30,43,27,16,0,0,0
2020-02-16 00:45,22,9,13,0,0,0
2020-02-16 01:00,19,10,9,0,0,0
2020-02-16 01:15,30,14,16,0,0,0
2020-02-16 01:30,17,7,10,0,0,0
2020-02-16 01:45,12,7,5,0,0,0
2020-02-16 02:00,15,5,10,0,0,0
2020-02-16 02:15,16,7,9,0,0,0
2020-02-16 02:30,22,15,7,0,0,0
2020-02-16 02:45,13,7,6,0,0,0
2020-02-16 03:00,7,4,3,0,0,0
2020-02-16 03:15,7,1,6,0,0,0
2020-02-16 03:30,3,1,2,0,0,0
2020-02-16 03:45,6,3,3,0,0,0
2020-02-16 04:00,7,0,7,0,0,0
2020-02-16 04:15,4,1,3,0,0,0
2020-02-16 04:30,5,0,5,0,0,0
2020-02-16 04:45,2,0,2,0,0,0
2020-02-16 05:00,1,0,1,0,0,0
2020-02-16 05:15,4,4,0,0,0,0
2020-02-16 05:30,4,1,3,0,0,0
2020-02-16 05:45,9,2,7,0,0,0
2020-02-16 06:00,1,0,1,0,0,0
2020-02-16 06:15,3,1,2,0,0,0
2020-02-16 06:30,3,1,2,0,0,0
2020-02-16 06:45,9,4,5,0,0,0
2020-02-16 07:00,6,3,3,0,0,0
2020-02-16 07:15,7,7,0,0,0,0
2020-02-16 07:30,3,2,1,0,0,0
2020-02-16 07:45,9,5,4,0,0,0
2020-02-16 08:00,6,5,1,0,0,0
2020-02-16 08:15,6,5,1,0,0,0
2020-02-16 08:30,8,7,1,0,0,0
2020-02-16 08:45,13,9,4,0,0,0
2020-02-16 09:00,9,8,1,0,0,0
2020-02-16 09:15,12,7,5,0,0,0
2020-02-16 09:30,21,16,5,0,0,0
2020-02-16 09:45,41,29,12,0,0,0
2020-02-16 10:00,33,30,3,0,0,0
2020-02-16 10:15,35,27,8,0,0,0
2020-02-16 10:30,26,16,10,0,0,0
2020-02-16 10:45,33,20,13,0,0,0
2020-02-16 11:00,21,15,6,0,0,0
2020-02-16 11:15,23,18,5,0,0,0
2020-02-16 11:30,15,10,5,0,0,0
2020-02-16 11:45,25,10,15,0,0,0
2020-02-16 12:00,22,11,11,0,0,0
2020-02-16 12:15,26,13,13,0,0,0
2020-02-16 12:30,31,21,10,0,0,0
2020-02-16 12:45,38,17,21,0,0,0
2020-02-16 13:00,24,14,10,0,0,0
2020-02-16 13:15,40,19,21,0,0,0
2020-02-16 13:30,28,22,6,0,0,0
2020-02-16 13:45,28,17,11,0,0,0
2020-02-16 14:00,30,24,6,0,0,0
2020-02-16 14:15,43,25,18,0,0,0
2020-02-16 14:30,58,32,26,0,0,0
2020-02-16 14:45,54,42,12,0,0,0
2020-02-16 15:00,44,29,15,0,0,0
2020-02-16 15:15,51,27,24,0,0,0
2020-02-16 15:30,36,14,22,0,0,0
2020-02-16 15:45,42,23,19,0,0,0
2020-02-16 16:00,38,19,19,0,0,0
2020-02-16 16:15,41,18,23,0,0,0
2020-02-16 16:30,47,24,23,0,0,0
2020-02-16 16:45,45,23,22,0,0,0
2020-02-16 17:00,22,12,10,0,0,0
2020-02-16 17:15,37,20,17,0,0,0
2020-02-16 17:30,49,26,23,0,0,0
2020-02-16 17:45,58,31,27,0,0,0
2020-02-16 18:00,51,18,33,0,0,0
2020-02-16 18:15,58,38,20,0,0,0
2020-02-16 18:30,25,12,13,0,0,0
2020-02-16 18:45,34,14,20,0,0,0
2020-02-16 19:00,39,21,18,0,0,0
2020-02-16 19:15,34,19,15,0,0,0
2020-02-16 19:30,23,11,12,0,0,0
2020-02-16 19:45,29,14,15,0,0,0
2020-02-16 20:00,20,5,15,0,0,0
2020-02-16 20:15,20,7,13,0,0,0
2020-02-16 20:30,24,6,18,0,0,0
2020-02-16 20:45,12,4,8,0,0,0
2020-02-16 21:00,14,5,9,0,0,0
2020-02-16 21:15,8,0,8,0,0,0
2020-02-16 21:30,18,16,2,0,0,0
2020-02-16 21:45,14,11,3,0,0,0
2020-02-16 22:00,18,12,6,0,0,0
2020-02-16 22:15,11,7,4,0,0,0
2020-02-16 22:30,7,3,4,0,0,0
2020-02-16 22:45,14,5,9,0,0,0
2020-02-16 23:00,11,5,6,0,0,0
2020-02-16 23:15,2,1,1,0,0,0
2020-02-16 23:30,5,3,2,0,0,0
2020-02-16 23:45,1,1,0,0,0,0
2020-02-17 00:00,1,0,1,0,0,0
2020-02-17 00:15,5,4,1,0,0,0
2020-02-17 00:30,0,0,0,0,0,0
2020-02-17 00:45,0,0,0,0,0,0
2020-02-17 01:00,4,3,1,0,0,0
2020-02-17 01:15,0,0,0,0,0,0
2020-02-17 01:30,1,0,1,0,0,0
2020-02-17 01:45,4,1,3,0,0,0
2020-02-17 02:00,5,2,3,0,0,0
2020-02-17 02:15,0,0,0,0,0,0
2020-02-17 02:30,0,0,0,0,0,0
2020-02-17 02:45,0,0,0,0,0,0
2020-02-17 03:00,0,0,0,0,0,0
2020-02-17 03:15,0,0,0,0,0,0
2020-02-17 03:30,1,1,0,0,0,0
2020-02-17 03:45,0,0,0,0,0,0
2020-02-17 04:00,0,0,0,0,0,0
2020-02-17 04:15,0,0,0,0,0,0
2020-02-17 04:30,2,1,1,0,0,0
2020-02-17 04:45,0,0,0,0,0,0
2020-02-17 05:00,0,0,0,0,0,0
2020-02-17 05:15,2,1,1,0,0,0
2020-02-17 05:30,4,3,1,0,0,0
2020-02-17 05:45,13,9,4,0,0,0
2020-02-17 06:00,15,9,6,0,0,0
2020-02-17 06:15,27,9,18,0,0,0
2020-02-17 06:30,38,23,15,0,0,0
2020-02-17 06:45,57,37,20,0,0,0
2020-02-17 07:00,77,58,19,0,0,0
2020-02-17 07:15,160,127,33,0,0,0
2020-02-17 07:30,299,255,44,0,0,0
2020-02-17 07:45,213,150,63,0,0,0
2020-02-17 08:00,127,99,28,0,0,0
2020-02-17 08:15,141,94,47,0,0,0
2020-02-17 08:30,131,96,35,0,0,0
2020-02-17 08:45,133,99,34,0,0,0
2020-02-17 09:00,98,75,23,0,0,0
2020-02-17 09:15,107,81,26,0,0,0
2020-02-17 09:30,106,84,22,0,0,0
2020-02-17 09:45,116,90,26,0,0,0
2020-02-17 10:00,90,66,24,0,0,0
2020-02-17 10:15,71,50,21,0,0,0
2020-02-17 10:30,69,43,26,0,0,0
2020-02-17 10:45,83,55,28,0,0,0
2020-02-17 11:00,78,50,28,0,0,0
2020-02-17 11:15,87,45,42,0,0,0
2020-02-17 11:30,90,53,37,0,0,0
2020-02-17 11:45,99,58,41,0,0,0
2020-02-17 12:00,81,54,27,0,0,0
2020-02-17 12:15,103,57,46,0,0,0
2020-02-17 12:30,111,55,56,0,0,0
2020-02-17 12:45,116,60,56,0,0,0
2020-02-17 13:00,116,51,65,0,0,0
2020-02-17 13:15,106,48,58,0,0,0
2020-02-17 13:30,115,64,51,0,0,0
2020-02-17 13:45,108,55,53,0,0,0
2020-02-17 14:00,113,58,55,0,0,0
2020-02-17 14:15,98,60,38,0,0,0
2020-02-17 14:30,105,53,52,0,0,0
2020-02-17 14:45,103,60,43,0,0,0
2020-02-17 15:00,111,60,51,0,0,0
2020-02-17 15:15,125,56,69,0,0,0
2020-02-17 15:30,125,56,69,0,0,0
2020-02-17 15:45,82,40,42,0,0,0
2020-02-17 16:00,166,92,74,0,0,0
2020-02-17 16:15,125,69,56,0,0,0
2020-02-17 16:30,137,62,75,0,0,0
2020-02-17 16:45,128,69,59,0,0,0
2020-02-17 17:00,173,92,81,0,0,0
2020-02-17 17:15,162,88,74,0,0,0
2020-02-17 17:30,148,80,68,0,0,0
2020-02-17 17:45,157,71,86,0,0,0
2020-02-17 18:00,137,65,72,0,0,0
2020-02-17 18:15,130,54,76,0,0,0
2020-02-17 18:30,129,59,70,0,0,0
2020-02-17 18:45,101,48,53,0,0,0
2020-02-17 19:00,73,33,40,0,0,0
2020-02-17 19:15,78,32,46,0,0,0
2020-02-17 19:30,62,34,28,0,0,0
2020-02-17 19:45,70,30,40,0,0,0
2020-02-17 20:00,53,22,31,0,0,0
2020-02-17 20:15,57,29,28,0,0,0
2020-02-17 20:30,44,18,26,0,0,0
2020-02-17 20:45,44,21,23,0,0,0
2020-02-17 21:00,47,18,29,0,0,0
2020-02-17 21:15,33,10,23,0,0,0
2020-02-17 21:30,34,20,14,0,0,0
2020-02-17 21:45,36,19,17,0,0,0
2020-02-17 22:00,37,16,21,0,0,0
2020-02-17 22:15,28,15,13,0,0,0
2020-02-17 22:30,28,14,14,0,0,0
2020-02-17 22:45,33,13,20,0,0,0
2020-02-17 23:00,8,1,7,0,0,0
2020-02-17 23:15,15,12,3,0,0,0
2020-02-17 23:30,7,5,2,0,0,0
2020-02-17 23:45,5,0,5,0,0,0
2020-02-18 00:00,3,0,3,0,0,0
2020-02-18 00:15,3,0,3,0,0,0
2020-02-18 00:30,1,1,0,0,0,0
2020-02-18 00:45,5,1,4,0,0,0
2020-02-18 01:00,2,0,2,0,0,0
2020-02-18 01:15,1,1,0,0,0,0
2020-02-18 01:30,3,1,2,0,0,0
2020-02-18 01:45,0,0,0,0,0,0
2020-02-18 02:00,1,0,1,0,0,0
2020-02-18 02:15,0,0,0,0,0,0
2020-02-18 02:30,0,0,0,0,0,0
2020-02-18 02:45,1,0,1,0,0,0
2020-02-18 03:00,1,0,1,0,0,0
2020-02-18 03:15,1,0,1,0,0,0
2020-02-18 03:30,1,1,0,0,0,0
2020-02-18 03:45,0,0,0,0,0,0
2020-02-18 04:00,0,0,0,0,0,0
2020-02-18 04:15,0,0,0,0,0,0
2020-02-18 04:30,1,1,0,0,0,0
2020-02-18 04:45,0,0,0,0,0,0
2020-02-18 05:00,1,1,0,0,0,0
2020-02-18 05:15,2,2,0,0,0,0
2020-02-18 05:30,6,4,2,0,0,0
2020-02-18 05:45,14,7,7,0,0,0
2020-02-18 06:00,11,7,4,0,0,0
2020-02-18 06:15,21,12,9,0,0,0
2020-02-18 06:30,37,27,10,0,0,0
2020-02-18 06:45,61,37,24,0,0,0
2020-02-18 07:00,79,54,25,0,0,0
2020-02-18 07:15,166,134,32,0,0,0
2020-02-18 07:30,273,228,45,0,0,0
2020-02-18 07:45,226,158,68,0,0,0
2020-02-18 08:00,142,114,28,0,0,0
2020-02-18 08:15,147,102,45,0,0,0
2020-02-18 08:30,130,107,23,0,0,0
2020-02-18 08:45,154,122,32,0,0,0
2020-02-18 09:00,102,76,26,0,0,0
2020-02-18 09:15,112,82,30,0,0,0
2020-02-18 09:30,99,85,14,0,0,0
2020-02-18 09:45,109,83,26,0,0,0
2020-02-18 10:00,78,57,21,0,0,0
2020-02-18 10:15,81,61,20,0,0,0
2020-02-18 10:30,90,53,37,0,0,0
2020-02-18 10:45,91,60,31,0,0,0
2020-02-18 11:00,66,48,18,0,0,0
2020-02-18 11:15,90,57,33,0,0,0
2020-02-18 11:30,82,47,35,0,0,0
2020-02-18 11:45,79,44,35,0,0,0
2020-02-18 12:00,93,55,38,0,0,0
2020-02-18 12:15,82,50,32,0,0,0
2020-02-18 12:30,107,54,53,0,0,0
2020-02-18 12:45,128,68,60,0,0,0
2020-02-18 13:00,141,59,82,0,0,0
2020-02-18 13:15,110,44,66,0,0,0
2020-02-18 13:30,87,49,38,0,0,0
2020-02-18 13:45,108,56,52,0,0,0
2020-02-18 14:00,118,53,65,0,0,0
2020-02-18 14:15,105,55,50,0,0,0
2020-02-18 14:30,74,41,33,0,0,0
2020-02-18 14:45,106,51,55,0,0,0
2020-02-18 15:00,102,51,51,0,0,0
2020-02-18 15:15,133,73,60,0,0,0
2020-02-18 15:30,122,67,55,0,0,0
2020-02-18 15:45,124,70,54,0,0,0
2020-02-18 16:00,148,88,60,0,0,0
2020-02-18 16:15,147,74,73,0,0,0
2020-02-18 16:30,151,67,84,0,0,0
2020-02-18 16:45,169,85,84,0,0,0
2020-02-18 17:00,145,65,80,0,0,0
2020-02-18 17:15,164,83,81,0,0,0
2020-02-18 17:30,167,79,88,0,0,0
2020-02-18 17:45,176,86,90,0,0,0
2020-02-18 18:00,121,69,52,0,0,0
2020-02-18 18:15,117,54,63,0,0,0
2020-02-18 18:30,115,55,60,0,0,0
2020-02-18 18:45,106,63,43,0,0,0
2020-02-18 19:00,106,49,57,0,0,0
2020-02-18 19:15,80,44,36,0,0,0
2020-02-18 19:30,85,40,45,0,0,0
2020-02-18 19:45,98,55,43,0,0,0
2020-02-18 20:00,74,34,40,0,0,0
2020-02-18 20:15,68,27,41,0,0,0
2020-02-18 20:30,79,54,25,0,0,0
2020-02-18 20:45,71,40,31,0,0,0
2020-02-18 21:00,38,21,17,0,0,0
2020-02-18 21:15,40,22,18,0,0,0
2020-02-18 21:30,44,21,23,0,0,0
2020-02-18 21:45,35,11,24,0,0,0
2020-02-18 22:00,41,25,16,0,0,0
2020-02-18 22:15,39,23,16,0,0,0
2020-02-18 22:30,31,11,20,0,0,0
2020-02-18 22:45,32,11,21,0,0,0
2020-02-18 23:00,60,32,28,0,0,0
2020-02-18 23:15,24,13,11,0,0,0
2020-02-18 23:30,10,7,3,0,0,0
2020-02-18 23:45,10,3,7,0,0,0
2020-02-19 00:00,13,10,3,0,0,0
2020-02-19 00:15,9,2,7,0,0,0
2020-02-19 00:30,6,2,4,0,0,0
2020-02-19 00:45,5,1,4,0,0,0
2020-02-19 01:00,1,1,0,0,0,0
2020-02-19 01:15,1,0,1,0,0,0
2020-02-19 01:30,2,1,1,0,0,0
2020-02-19 01:45,4,3,1,0,0,0
2020-02-19 02:00,4,1,3,0,0,0
2020-02-19 02:15,1,0,1,0,0,0
2020-02-19 02:30,2,0,2,0,0,0
2020-02-19 02:45,2,0,2,0,0,0
2020-02-19 03:00,1,0,1,0,0,0
2020-02-19 03:15,1,1,0,0,0,0
2020-02-19 03:30,1,0,1,0,0,0
2020-02-19 03:45,0,0,0,0,0,0
2020-02-19 04:00,2,1,1,0,0,0
2020-02-19 04:15,0,0,0,0,0,0
2020-02-19 04:30,1,1,0,0,0,0
2020-02-19 04:45,0,0,0,0,0,0
2020-02-19 05:00,0,0,0,0,0,0
2020-02-19 05:15,2,1,1,0,0,0
2020-02-19 05:30,10,7,3,0,0,0
2020-02-19 05:45,9,7,2,0,0,0
2020-02-19 06:00,13,8,5,0,0,0
2020-02-19 06:15,16,8,8,0,0,0
2020-02-19 06:30,39,23,16,0,0,0
2020-02-19 06:45,67,38,29,0,0,0
2020-02-19 07:00,74,52,22,0,0,0
2020-02-19 07:15,187,146,41,0,0,0
2020-02-19 07:30,300,244,56,0,0,0
2020-02-19 07:45,216,141,75,0,0,0
2020-02-19 08:00,149,101,48,0,0,0
2020-02-19 08:15,140,112,28,0,0,0
2020-02-19 08:30,126,106,20,0,0,0
2020-02-19 08:45,155,125,30,0,0,0
2020-02-19 09:00,100,78,22,0,0,0
2020-02-19 09:15,99,79,20,0,0,0
2020-02-19 09:30,103,79,24,0,0,0
2020-02-19 09:45,109,90,19,0,0,0
2020-02-19 10:00,95,76,19,0,0,0
2020-02-19 10:15,101,76,25,0,0,0
2020-02-19 10:30,112,80,32,0,0,0
2020-02-19 10:45,114,85,29,0,0,0
2020-02-19 11:00,83,54,29,0,0,0
2020-02-19 11:15,130,89,41,0,0,0
2020-02-19 11:30,107,65,42,0,0,0
2020-02-19 11:45,107,61,46,0,0,0
2020-02-19 12:00,113,76,37,0,0,0
2020-02-19 12:15,110,64,46,0,0,0
2020-02-19 12:30,133,70,63,0,0,0
2020-02-19 12:45,106,52,54,0,0,0
2020-02-19 13:00,123,63,60,0,0,0
2020-02-19 13:15,140,56,84,0,0,0
2020-02-19 13:30,109,56,53,0,0,0
2020-02-19 13:45,120,65,55,0,0,0
2020-02-19 14:00,157,59,98,0,0,0
2020-02-19 14:15,119,59,60,0,0,0
2020-02-19 14:30,100,55,45,0,0,0
2020-02-19 14:45,143,78,65,0,0,0
2020-02-19 15:00,120,59,61,0,0,0
2020-02-19 15:15,61,9,52,0,0,0
2020-02-19 15:30,137,61,76,0,0,0
2020-02-19 15:45,170,79,91,0,0,0
2020-02-19 16:00,165,82,83,0,0,0
2020-02-19 16:15,142,73,69,0,0,0
2020-02-19 16:30,136,76,60,0,0,0
2020-02-19 16:45,161,80,81,0,0,0
2020-02-19 17:00,145,69,76,0,0,0
2020-02-19 17:15,158,80,78,0,0,0
2020-02-19 17:30,143,76,67,0,0,0
2020-02-19 17:45,169,95,74,0,0,0
2020-02-19 18:00,144,73,71,0,0,0
2020-02-19 18:15,125,52,73,0,0,0
2020-02-19 18:30,74,37,37,0,0,0
2020-02-19 18:45,115,63,52,0,0,0
2020-02-19 19:00,77,42,35,0,0,0
2020-02-19 19:15,97,52,45,0,0,0
2020-02-19 19:30,83,43,40,0,0,0
2020-02-19 19:45,94,60,34,0,0,0
2020-02-19 20:00,59,28,31,0,0,0
2020-02-19 20:15,61,24,37,0,0,0
2020-02-19 20:30,32,15,17,0,0,0
2020-02-19 20:45,33,13,20,0,0,0
2020-02-19 21:00,46,26,20,0,0,0
2020-02-19 21:15,26,10,16,0,0,0
2020-02-19 21:30,44,21,23,0,0,0
2020-02-19 21:45,44,22,22,0,0,0
2020-02-19 22:00,49,27,22,0,0,0
2020-02-19 22:15,43,21,22,0,0,0
2020-02-19 22:30,35,17,18,0,0,0
2020-02-19 22:45,26,13,13,0,0,0
2020-02-19 23:00,27,11,16,0,0,0
2020-02-19 23:15,21,15,6,0,0,0
2020-02-19 23:30,18,7,11,0,0,0
2020-02-19 23:45,12,8,4,0,0,0
2020-02-20 00:00,11,5,6,0,0,0
2020-02-20 00:15,28,21,7,0,0,0
2020-02-20 00:30,16,10,6,0,0,0
2020-02-20 00:45,5,2,3,0,0,0
2020-02-20 01:00,6,5,1,0,0,0
2020-02-20 01:15,1,0,1,0,0,0
2020-02-20 01:30,4,0,4,0,0,0
2020-02-20 01:45,5,0,5,0,0,0
2020-02-20 02:00,3,2,1,0,0,0
2020-02-20 02:15,8,1,7,0,0,0
2020-02-20 02:30,4,1,3,0,0,0
2020-02-20 02:45,2,0,2,0,0,0
2020-02-20 03:00,5,1,4,0,0,0
2020-02-20 03:15,5,1,4,0,0,0
2020-02-20 03:30,1,1,0,0,0,0
2020-02-20 03:45,1,0,1,0,0,0
2020-02-20 04:00,0,0,0,0,0,0
2020-02-20 04:15,4,0,4,0,0,0
2020-02-20 04:30,2,0,2,0,0,0
2020-02-20 04:45,3,1,2,0,0,0
2020-02-20 05:00,2,0,2,0,0,0
2020-02-20 05:15,1,1,0,0,0,0
2020-02-20 05:30,10,5,5,0,0,0
2020-02-20 05:45,16,7,9,0,0,0
2020-02-20 06:00,15,7,8,0,0,0
2020-02-20 06:15,12,11,1,0,0,0
2020-02-20 06:30,39,20,19,0,0,0
2020-02-20 06:45,67,48,19,0,0,0
2020-02-20 07:00,91,71,20,0,0,0
2020-02-20 07:15,153,117,36,0,0,0
2020-02-20 07:30,282,243,39,0,0,0
2020-02-20 07:45,201,123,78,0,0,0
2020-02-20 08:00,129,104,25,0,0,0
2020-02-20 08:15,131,104,27,0,0,0
2020-02-20 08:30,112,88,24,0,0,0
2020-02-20 08:45,165,131,34,0,0,0
2020-02-20 09:00,112,84,28,0,0,0
2020-02-20 09:15,76,60,16,0,0,0
2020-02-20 09:30,86,69,17,0,0,0
2020-02-20 09:45,95,75,20,0,0,0
2020-02-20 10:00,94,68,26,0,0,0
2020-02-20 10:15,68,50,18,0,0,0
2020-02-20 10:30,78,61,17,0,0,0
2020-02-20 10:45,86,60,26,0,0,0
2020-02-20 11:00,60,43,17,0,0,0
2020-02-20 11:15,92,52,40,0,0,0
2020-02-20 11:30,62,38,24,0,0,0
2020-02-20 11:45,84,42,42,0,0,0
2020-02-20 12:00,89,49,40,0,0,0
2020-02-20 12:15,85,46,39,0,0,0
2020-02-20 12:30,107,50,57,0,0,0
2020-02-20 12:45,102,63,39,0,0,0
2020-02-20 13:00,105,49,56,0,0,0
2020-02-20 13:15,102,43,59,0,0,0
2020-02-20 13:30,89,48,41,0,0,0
2020-02-20 13:45,121,53,68,0,0,0
2020-02-20 14:00,124,55,69,0,0,0
2020-02-20 14:15,103,48,55,0,0,0
2020-02-20 14:30,106,59,47,0,0,0
2020-02-20 14:45,86,42,44,0,0,0
2020-02-20 15:00,98,58,40,0,0,0
2020-02-20 15:15,104,61,43,0,0,0
2020-02-20 15:30,152,85,67,0,0,0
2020-02-20 15:45,146,72,74,0,0,0
2020-02-20 16:00,138,74,64,0,0,0
2020-02-20 16:15,130,80,50,0,0,0
2020-02-20 16:30,142,80,62,0,0,0
2020-02-20 16:45,140,76,64,0,0,0
2020-02-20 17:00,138,80,58,0,0,0
2020-02-20 17:15,148,60,88,0,0,0
2020-02-20 17:30,162,74,88,0,0,0
2020-02-20 17:45,141,81,60,0,0,0
2020-02-20 18:00,138,73,65,0,0,0
2020-02-20 18:15,111,58,53,0,0,0
2020-02-20 18:30,100,49,51,0,0,0
2020-02-20 18:45,107,55,52,0,0,0
2020-02-20 19:00,71,28,43,0,0,0
2020-02-20 19:15,85,42,43,0,0,0
2020-02-20 19:30,59,25,34,0,0,0
2020-02-20 19:45,106,61,45,0,0,0
2020-02-20 20:00,70,36,34,0,0,0
2020-02-20 20:15,47,15,32,0,0,0
2020-02-20 20:30,47,21,26,0,0,0
2020-02-20 20:45,35,12,23,0,0,0
2020-02-20 21:00,40,14,26,0,0,0
2020-02-20 21:15,23,13,10,0,0,0
2020-02-20 21:30,38,22,16,0,0,0
2020-02-20 21:45,43,12,31,0,0,0
2020-02-20 22:00,37,16,21,0,0,0
2020-02-20 22:15,42,14,28,0,0,0
2020-02-20 22:30,41,25,16,0,0,0
2020-02-20 22:45,20,5,15,0,0,0
2020-02-20 23:00,25,7,18,0,0,0
2020-02-20 23:15,33,18,15,0,0,0
2020-02-20 23:30,23,10,13,0,0,0
2020-02-20 23:45,28,20,8,0,0,0
2020-02-21 00:00,20,13,7,0,0,0
2020-02-21 00:15,11,3,8,0,0,0
2020-02-21 00:30,15,8,7,0,0,0
2020-02-21 00:45,13,4,9,0,0,0
2020-02-21 01:00,6,1,5,0,0,0
2020-02-21 01:15,9,0,9,0,0,0
2020-02-21 01:30,7,1,6,0,0,0
2020-02-21 01:45,4,1,3,0,0,0
2020-02-21 02:00,12,3,9,0,0,0
2020-02-21 02:15,1,0,1,0,0,0
2020-02-21 02:30,2,0,2,0,0,0
2020-02-21 02:45,2,0,2,0,0,0
2020-02-21 03:00,2,0,2,0,0,0
2020-02-21 03:15,4,2,2,0,0,0
2020-02-21 03:30,3,2,1,0,0,0
2020-02-21 03:45,1,0,1,0,0,0
2020-02-21 04:00,2,0,2,0,0,0
2020-02-21 04:15,0,0,0,0,0,0
2020-02-21 04:30,1,0,1,0,0,0
2020-02-21 04:45,1,1,0,0,0,0
2020-02-21 05:00,0,0,0,0,0,0
2020-02-21 05:15,5,1,4,0,0,0
2020-02-21 05:30,7,5,2,0,0,0
2020-02-21 05:45,10,5,5,0,0,0
2020-02-21 06:00,9,7,2,0,0,0
2020-02-21 06:15,22,16,6,0,0,0
2020-02-21 06:30,32,22,10,0,0,0
2020-02-21 06:45,56,38,18,0,0,0
2020-02-21 07:00,57,36,21,0,0,0
2020-02-21 07:15,101,72,29,0,0,0
2020-02-21 07:30,131,92,39,0,0,0
2020-02-21 07:45,132,99,33,0,0,0
2020-02-21 08:00,105,76,29,0,0,0
2020-02-21 08:15,110,84,26,0,0,0
2020-02-21 08:30,138,111,27,0,0,0
2020-02-21 08:45,142,103,39,0,0,0
2020-02-21 09:00,95,72,23,0,0,0
2020-02-21 09:15,97,78,19,0,0,0
2020-02-21 09:30,99,77,22,0,0,0
2020-02-21 09:45,102,82,20,0,0,0
2020-02-21 10:00,91,71,20,0,0,0
2020-02-21 10:15,87,60,27,0,0,0
2020-02-21 10:30,74,60,14,0,0,0
2020-02-21 10:45,111,83,28,0,0,0
2020-02-21 11:00,95,57,38,0,0,0
2020-02-21 11:15,84,53,31,0,0,0
2020-02-21 11:30,105,70,35,0,0,0
2020-02-21 11:45,97,53,44,0,0,0
2020-02-21 12:00,97,66,31,0,0,0
2020-02-21 12:15,94,56,38,0,0,0
2020-02-21 12:30,110,56,54,0,0,0
2020-02-21 12:45,119,69,50,0,0,0
2020-02-21 13:00,114,61,53,0,0,0
2020-02-21 13:15,124,51,73,0,0,0
2020-02-21 13:30,117,60,57,0,0,0
2020-02-21 13:45,104,57,47,0,0,0
2020-02-21 14:00,115,60,55,0,0,0
2020-02-21 14:15,105,63,42,0,0,0
2020-02-21 14:30,119,58,61,0,0,0
2020-02-21 14:45,134,73,61,0,0,0
2020-02-21 15:00,113,64,49,0,0,0
2020-02-21 15:15,129,66,63,0,0,0
2020-02-21 15:30,138,73,65,0,0,0
2020-02-21 15:45,117,74,43,0,0,0
2020-02-21 16:00,115,60,55,0,0,0
2020-02-21 16:15,91,46,45,0,0,0
2020-02-21 16:30,106,52,54,0,0,0
2020-02-21 16:45,124,61,63,0,0,0
2020-02-21 17:00,117,64,53,0,0,0
2020-02-21 17:15,111,61,50,0,0,0
2020-02-21 17:30,100,51,49,0,0,0
2020-02-21 17:45,130,70,60,0,0,0
2020-02-21 18:00,72,35,37,0,0,0
2020-02-21 18:15,83,39,44,0,0,0
2020-02-21 18:30,103,49,54,0,0,0
2020-02-21 18:45,111,55,56,0,0,0
2020-02-21 19:00,105,60,45,0,0,0
2020-02-21 19:15,76,34,42,0,0,0
2020-02-21 19:30,52,22,30,0,0,0
2020-02-21 19:45,76,43,33,0,0,0
2020-02-21 20:00,61,25,36,0,0,0
2020-02-21 20:15,70,42,28,0,0,0
2020-02-21 20:30,42,22,20,0,0,0
2020-02-21 20:45,46,23,23,0,0,0
2020-02-21 21:00,52,30,22,0,0,0
2020-02-21 21:15,27,10,17,0,0,0
2020-02-21 21:30,38,19,19,0,0,0
2020-02-21 21:45,25,21,4,0,0,0
2020-02-21 22:00,30,18,12,0,0,0
2020-02-21 22:15,45,26,19,0,0,0
2020-02-21 22:30,39,8,31,0,0,0
2020-02-21 22:45,26,9,17,0,0,0
2020-02-21 23:00,23,9,14,0,0,0
2020-02-21 23:15,20,13,7,0,0,0
2020-02-21 23:30,19,8,11,0,0,0
2020-02-21 23:45,51,33,18,0,0,0
2020-02-22 00:00,14,8,6,0,0,0
2020-02-22 00:15,22,11,11,0,0,0
2020-02-22 00:30,35,24,11,0,0,0
2020-02-22 00:45,19,14,5,0,0,0
2020-02-22 01:00,14,5,9,0,0,0
2020-02-22 01:15,13,0,13,0,0,0
2020-02-22 01:30,6,2,4,0,0,0
2020-02-22 01:45,9,7,2,0,0,0
2020-02-22 02:00,5,2,3,0,0,0
2020-02-22 02:15,5,3,2,0,0,0
2020-02-22 02:30,6,5,1,0,0,0
2020-02-22 02:45,7,1,6,0,0,0
2020-02-22 03:00,15,5,10,0,0,0
2020-02-22 03:15,3,0,3,0,0,0
2020-02-22 03:30,2,1,1,0,0,0
2020-02-22 03:45,0,0,0,0,0,0
2020-02-22 04:00,7,4,3,0,0,0
2020-02-22 04:15,0,0,0,0,0,0
2020-02-22 04:30,0,0,0,0,0,0
2020-02-22 04:45,3,1,2,0,0,0
2020-02-22 05:00,0,0,0,0,0,0
2020-02-22 05:15,0,0,0,0,0,0
2020-02-22 05:30,9,6,3,0,0,0
2020-02-22 05:45,5,4,1,0,0,0
2020-02-22 06:00,3,2,1,0,0,0
2020-02-22 06:15,8,2,6,0,0,0
2020-02-22 06:30,5,5,0,0,0,0
2020-02-22 06:45,9,6,3,0,0,0
2020-02-22 07:00,9,9,0,0,0,0
2020-02-22 07:15,17,12,5,0,0,0
2020-02-22 07:30,17,12,5,0,0,0
2020-02-22 07:45,20,14,6,0,0,0
2020-02-22 08:00,25,19,6,0,0,0
2020-02-22 08:15,28,20,8,0,0,0
2020-02-22 08:30,24,17,7,0,0,0
2020-02-22 08:45,60,48,12,0,0,0
2020-02-22 09:00,42,30,12,0,0,0
2020-02-22 09:15,44,37,7,0,0,0
2020-02-22 09:30,77,64,13,0,0,0
2020-02-22 09:45,66,54,12,0,0,0
2020-02-22 10:00,68,51,17,0,0,0
2020-02-22 10:15,65,47,18,0,0,0
2020-02-22 10:30,74,56,18,0,0,0
2020-02-22 10:45,108,81,27,0,0,0
2020-02-22 11:00,95,68,27,0,0,0
2020-02-22 11:15,90,69,21,0,0,0
2020-02-22 11:30,101,65,36,0,0,0
2020-02-22 11:45,109,74,35,0,0,0
2020-02-22 12:00,85,47,38,0,0,0
2020-02-22 12:15,102,61,41,0,0,0
2020-02-22 12:30,87,53,34,0,0,0
2020-02-22 12:45,110,61,49,0,0,0
2020-02-22 13:00,99,59,40,0,0,0
2020-02-22 13:15,88,47,41,0,0,0
2020-02-22 13:30,86,53,33,0,0,0
2020-02-22 13:45,83,42,41,0,0,0
2020-02-22 14:00,80,38,42,0,0,0
2020-02-22 14:15,75,39,36,0,0,0
2020-02-22 14:30,86,35,51,0,0,0
2020-02-22 14:45,90,47,43,0,0,0
2020-02-22 15:00,59,38,21,0,0,0
2020-02-22 15:15,92,42,50,0,0,0
2020-02-22 15:30,68,29,39,0,0,0
2020-02-22 15:45,79,46,33,0,0,0
2020-02-22 16:00,54,25,29,0,0,0
2020-02-22 16:15,56,23,33,0,0,0
2020-02-22 16:30,57,23,34,0,0,0
2020-02-22 16:45,54,28,26,0,0,0
2020-02-22 17:00,55,21,34,0,0,0
2020-02-22 17:15,57,26,31,0,0,0
2020-02-22 17:30,60,27,33,0,0,0
2020-02-22 17:45,55,34,21,0,0,0
2020-02-22 18:00,59,25,34,0,0,0
2020-02-22 18:15,62,32,30,0,0,0
2020-02-22 18:30,54,31,23,0,0,0
2020-02-22 18:45,61,33,28,0,0,0
2020-02-22 19:00,72,37,35,0,0,0
2020-02-22 19:15,35,24,11,0,0,0
2020-02-22 19:30,37,12,25,0,0,0
2020-02-22 19:45,56,30,26,0,0,0
2020-02-22 20:00,41,14,27,0,0,0
2020-02-22 20:15,34,15,19,0,0,0
2020-02-22 20:30,38,17,21,0,0,0
2020-02-22 20:45,38,29,9,0,0,0
2020-02-22 21:00,19,10,9,0,0,0
2020-02-22 21:15,26,15,11,0,0,0
2020-02-22 21:30,14,5,9,0,0,0
2020-02-22 21:45,24,14,10,0,0,0
2020-02-22 22:00,7,3,4,0,0,0
2020-02-22 22:15,19,14,5,0,0,0
2020-02-22 22:30,34,14,20,0,0,0
2020-02-22 22:45,20,10,10,0,0,0
2020-02-22 23:00,23,14,9,0,0,0
2020-02-22 23:15,21,15,6,0,0,0
2020-02-22 23:30,22,14,8,0,0,0
2020-02-22 23:45,34,25,9,0,0,0
2020-02-23 00:00,17,15,2,0,0,0
2020-02-23 00:15,13,10,3,0,0,0
2020-02-23 00:30,8,3,5,0,0,0
2020-02-23 00:45,18,8,10,0,0,0
2020-02-23 01:00,20,10,10,0,0,0
2020-02-23 01:15,10,3,7,0,0,0
2020-02-23 01:30,9,2,7,0,0,0
2020-02-23 01:45,6,3,3,0,0,0
2020-02-23 02:00,6,4,2,0,0,0
2020-02-23 02:15,3,1,2,0,0,0
2020-02-23 02:30,3,0,3,0,0,0
2020-02-23 02:45,3,0,3,0,0,0
2020-02-23 03:00,5,0,5,0,0,0
2020-02-23 03:15,7,0,7,0,0,0
2020-02-23 03:30,5,2,3,0,0,0
2020-02-23 03:45,2,2,0,0,0,0
2020-02-23 04:00,6,0,6,0,0,0
2020-02-23 04:15,1,1,0,0,0,0
2020-02-23 04:30,2,0,2,0,0,0
2020-02-23 04:45,3,1,2,0,0,0
2020-02-23 05:00,2,0,2,0,0,0
2020-02-23 05:15,3,3,0,0,0,0
2020-02-23 05:30,3,2,1,0,0,0
2020-02-23 05:45,6,2,4,0,0,0
2020-02-23 06:00,6,2,4,0,0,0
2020-02-23 06:15,7,5,2,0,0,0
2020-02-23 06:30,2,2,0,0,0,0
2020-02-23 06:45,2,0,2,0,0,0
2020-02-23 07:00,2,2,0,0,0,0
2020-02-23 07:15,3,3,0,0,0,0
2020-02-23 07:30,11,5,6,0,0,0
2020-02-23 07:45,4,4,0,0,0,0
2020-02-23 08:00,1,1,0,0,0,0
2020-02-23 08:15,6,6,0,0,0,0
2020-02-23 08:30,9,7,2,0,0,0
2020-02-23 08:45,4,2,2,0,0,0
2020-02-23 09:00,8,7,1,0,0,0
2020-02-23 09:15,11,7,4,0,0,0
2020-02-23 09:30,9,7,2,0,0,0
2020-02-23 09:45,22,15,7,0,0,0
2020-02-23 10:00,18,16,2,0,0,0
2020-02-23 10:15,16,8,8,0,0,0
2020-02-23 10:30,12,7,5,0,0,0
2020-02-23 10:45,9,5,4,0,0,0
2020-02-23 11:00,5,2,3,0,0,0
2020-02-23 11:15,11,4,7,0,0,0
2020-02-23 11:30,11,3,8,0,0,0
2020-02-23 11:45,13,4,9,0,0,0
2020-02-23 12:00,10,5,5,0,0,0
2020-02-23 12:15,6,2,4,0,0,0
2020-02-23 12:30,15,11,4,0,0,0
2020-02-23 12:45,20,12,8,0,0,0
2020-02-23 13:00,13,5,8,0,0,0
2020-02-23 13:15,15,8,7,0,0,0
2020-02-23 13:30,19,16,3,0,0,0
2020-02-23 13:45,22,14,8,0,0,0
2020-02-23 14:00,23,16,7,0,0,0
2020-02-23 14:15,21,13,8,0,0,0
2020-02-23 14:30,24,9,15,0,0,0
2020-02-23 14:45,35,19,16,0,0,0
2020-02-23 15:00,11,8,3,0,0,0
2020-02-23 15:15,12,8,4,0,0,0
2020-02-23 15:30,17,9,8,0,0,0
2020-02-23 15:45,15,8,7,0,0,0
2020-02-23 16:00,10,5,5,0,0,0
2020-02-23 16:15,10,6,4,0,0,0
2020-02-23 16:30,18,8,10,0,0,0
2020-02-23 16:45,8,3,5,0,0,0
2020-02-23 17:00,16,9,7,0,0,0
2020-02-23 17:15,28,14,14,0,0,0
2020-02-23 17:30,33,24,9,0,0,0
2020-02-23 17:45,30,16,14,0,0,0
2020-02-23 18:00,24,15,9,0,0,0
2020-02-23 18:15,19,12,7,0,0,0
2020-02-23 18:30,18,6,12,0,0,0
2020-02-23 18:45,34,22,12,0,0,0
2020-02-23 19:00,34,24,10,0,0,0
2020-02-23 19:15,22,11,11,0,0,0
2020-02-23 19:30,18,10,8,0,0,0
2020-02-23 19:45,28,11,17,0,0,0
2020-02-23 20:00,24,13,11,0,0,0
2020-02-23 20:15,15,8,7,0,0,0
2020-02-23 20:30,15,8,7,0,0,0
2020-02-23 20:45,5,3,2,0,0,0
2020-02-23 21:00,7,2,5,0,0,0
2020-02-23 21:15,10,7,3,0,0,0
2020-02-23 21:30,7,5,2,0,0,0
2020-02-23 21:45,11,6,5,0,0,0
2020-02-23 22:00,16,8,8,0,0,0
2020-02-23 22:15,23,11,12,0,0,0
2020-02-23 22:30,21,19,2,0,0,0
2020-02-23 22:45,6,3,3,0,0,0
2020-02-23 23:00,17,12,5,0,0,0
2020-02-23 23:15,7,4,3,0,0,0
2020-02-23 23:30,5,3,2,0,0,0
2020-02-23 23:45,7,4,3,0,0,0
2020-02-24 00:00,3,0,3,0,0,0
2020-02-24 00:15,5,2,3,0,0,0
2020-02-24 00:30,6,5,1,0,0,0
2020-02-24 00:45,2,1,1,0,0,0
2020-02-24 01:00,1,0,1,0,0,0
2020-02-24 01:15,2,0,2,0,0,0
2020-02-24 01:30,8,4,4,0,0,0
2020-02-24 01:45,3,1,2,0,0,0
2020-02-24 02:00,4,3,1,0,0,0
2020-02-24 02:15,1,0,1,0,0,0
2020-02-24 02:30,1,1,0,0,0,0
2020-02-24 02:45,4,0,4,0,0,0
2020-02-24 03:00,0,0,0,0,0,0
2020-02-24 03:15,1,0,1,0,0,0
2020-02-24 03:30,1,1,0,0,0,0
2020-02-24 03:45,0,0,0,0,0,0
2020-02-24 04:00,0,0,0,0,0,0
2020-02-24 04:15,1,0,1,0,0,0
2020-02-24 04:30,1,1,0,0,0,0
2020-02-24 04:45,2,0,2,0,0,0
2020-02-24 05:00,0,0,0,0,0,0
2020-02-24 05:15,2,0,2,0,0,0
2020-02-24 05:30,7,1,6,0,0,0
2020-02-24 05:45,5,2,3,0,0,0
2020-02-24 06:00,10,5,5,0,0,0
2020-02-24 06:15,14,8,6,0,0,0
2020-02-24 06:30,22,11,11,0,0,0
2020-02-24 06:45,32,20,12,0,0,0
2020-02-24 07:00,32,20,12,0,0,0
2020-02-24 07:15,45,20,25,0,0,0
2020-02-24 07:30,53,21,32,0,0,0
2020-02-24 07:45,67,46,21,0,0,0
2020-02-24 08:00,49,36,13,0,0,0
2020-02-24 08:15,52,32,20,0,0,0
2020-02-24 08:30,32,22,10,0,0,0
2020-02-24 08:45,39,26,13,0,0,0
2020-02-24 09:00,47,32,15,0,0,0
2020-02-24 09:15,34,22,12,0,0,0
2020-02-24 09:30,37,27,10,0,0,0
2020-02-24 09:45,67,43,24,0,0,0
2020-02-24 10:00,44,29,15,0,0,0
2020-02-24 10:15,50,33,17,0,0,0
2020-02-24 10:30,57,30,27,0,0,0
2020-02-24 10:45,41,28,13,0,0,0
2020-02-24 11:00,50,27,23,0,0,0
2020-02-24 11:15,55,34,21,0,0,0
2020-02-24 11:30,49,30,19,0,0,0
2020-02-24 11:45,58,42,16,0,0,0
2020-02-24 12:00,60,37,23,0,0,0
2020-02-24 12:15,54,37,17,0,0,0
2020-02-24 12:30,57,40,17,0,0,0
2020-02-24 12:45,79,60,19,0,0,0
2020-02-24 13:00,75,58,17,0,0,0
2020-02-24 13:15,86,73,13,0,0,0
2020-02-24 13:30,101,82,19,0,0,0
2020-02-24 13:45,105,99,6,0,0,0
2020-02-24 14:00,113,92,21,0,0,0
2020-02-24 14:15,71,48,23,0,0,0
2020-02-24 14:30,70,50,20,0,0,0
2020-02-24 14:45,46,31,15,0,0,0
2020-02-24 15:00,55,22,33,0,0,0
2020-02-24 15:15,50,12,38,0,0,0
2020-02-24 15:30,114,43,71,0,0,0
2020-02-24 15:45,66,31,35,0,0,0
2020-02-24 16:00,53,28,25,0,0,0
2020-02-24 16:15,41,20,21,0,0,0
2020-02-24 16:30,50,25,25,0,0,0
2020-02-24 16:45,73,36,37,0,0,0
2020-02-24 17:00,50,13,37,0,0,0
2020-02-24 17:15,41,16,25,0,0,0
2020-02-24 17:30,39,18,21,0,0,0
2020-02-24 17:45,64,23,41,0,0,0
2020-02-24 18:00,35,14,21,0,0,0
2020-02-24 18:15,24,13,11,0,0,0
2020-02-24 18:30,32,10,22,0,0,0
2020-02-24 18:45,33,17,16,0,0,0
2020-02-24 19:00,23,12,11,0,0,0
2020-02-24 19:15,22,11,11,0,0,0
2020-02-24 19:30,21,10,11,0,0,0
2020-02-24 19:45,26,11,15,0,0,0
2020-02-24 20:00,33,18,15,0,0,0
2020-02-24 20:15,20,12,8,0,0,0
2020-02-24 20:30,26,8,18,0,0,0
2020-02-24 20:45,14,5,9,0,0,0
2020-02-24 21:00,21,11,10,0,0,0
2020-02-24 21:15,12,4,8,0,0,0
2020-02-24 21:30,11,5,6,0,0,0
2020-02-24 21:45,20,13,7,0,0,0
2020-02-24 22:00,8,3,5,0,0,0
2020-02-24 22:15,12,4,8,0,0,0
2020-02-24 22:30,11,7,4,0,0,0
2020-02-24 22:45,15,11,4,0,0,0
2020-02-24 23:00,8,3,5,0,0,0
2020-02-24 23:15,5,2,3,0,0,0
2020-02-24 23:30,10,5,5,0,0,0
2020-02-24 23:45,4,0,4,0,0,0
2020-02-25 00:00,8,2,6,0,0,0
2020-02-25 00:15,4,3,1,0,0,0
2020-02-25 00:30,5,2,3,0,0,0
2020-02-25 00:45,0,0,0,0,0,0
2020-02-25 01:00,1,0,1,0,0,0
2020-02-25 01:15,1,0,1,0,0,0
2020-02-25 01:30,1,0,1,0,0,0
2020-02-25 01:45,0,0,0,0,0,0
2020-02-25 02:00,0,0,0,0,0,0
2020-02-25 02:15,0,0,0,0,0,0
2020-02-25 02:30,0,0,0,0,0,0
2020-02-25 02:45,1,0,1,0,0,0
2020-02-25 03:00,1,0,1,0,0,0
2020-02-25 03:15,3,2,1,0,0,0
2020-02-25 03:30,2,2,0,0,0,0
2020-02-25 03:45,2,1,1,0,0,0
2020-02-25 04:00,1,0,1,0,0,0
2020-02-25 04:15,0,0,0,0,0,0
2020-02-25 04:30,2,1,1,0,0,0
2020-02-25 04:45,0,0,0,0,0,0
2020-02-25 05:00,0,0,0,0,0,0
2020-02-25 05:15,4,4,0,0,0,0
2020-02-25 05:30,7,3,4,0,0,0
2020-02-25 05:45,13,5,8,0,0,0
2020-02-25 06:00,12,6,6,0,0,0
2020-02-25 06:15,20,10,10,0,0,0
2020-02-25 06:30,38,25,13,0,0,0
2020-02-25 06:45,52,33,19,0,0,0
2020-02-25 07:00,72,49,23,0,0,0
2020-02-25 07:15,84,47,37,0,0,0
2020-02-25 07:30,86,55,31,0,0,0
2020-02-25 07:45,156,111,45,0,0,0
2020-02-25 08:00,109,83,26,0,0,0
2020-02-25 08:15,113,84,29,0,0,0
2020-02-25 08:30,115,94,21,0,0,0
2020-02-25 08:45,139,96,43,0,0,0
2020-02-25 09:00,85,65,20,0,0,0
2020-02-25 09:15,86,67,19,0,0,0
2020-02-25 09:30,90,71,19,0,0,0
2020-02-25 09:45,89,66,23,0,0,0
2020-02-25 10:00,80,58,22,0,0,0
2020-02-25 10:15,78,61,17,0,0,0
2020-02-25 10:30,43,28,15,0,0,0
2020-02-25 10:45,76,48,28,0,0,0
2020-02-25 11:00,62,36,26,0,0,0
2020-02-25 11:15,66,36,30,0,0,0
2020-02-25 11:30,73,48,25,0,0,0
2020-02-25 11:45,98,59,39,0,0,0
2020-02-25 12:00,84,55,29,0,0,0
2020-02-25 12:15,94,51,43,0,0,0
2020-02-25 12:30,82,48,34,0,0,0
2020-02-25 12:45,114,64,50,0,0,0
2020-02-25 13:00,86,53,33,0,0,0
2020-02-25 13:15,83,56,27,0,0,0
2020-02-25 13:30,72,37,35,0,0,0
2020-02-25 13:45,93,57,36,0,0,0
2020-02-25 14:00,78,49,29,0,0,0
2020-02-25 14:15,109,74,35,0,0,0
2020-02-25 14:30,81,47,34,0,0,0
2020-02-25 14:45,118,67,51,0,0,0
2020-02-25 15:00,86,49,37,0,0,0
2020-02-25 15:15,106,63,43,0,0,0
2020-02-25 15:30,109,54,55,0,0,0
2020-02-25 15:45,105,55,50,0,0,0
2020-02-25 16:00,139,78,61,0,0,0
2020-02-25 16:15,132,66,66,0,0,0
2020-02-25 16:30,140,77,63,0,0,0
2020-02-25 16:45,162,76,86,0,0,0
2020-02-25 17:00,134,51,83,0,0,0
2020-02-25 17:15,118,58,60,0,0,0
2020-02-25 17:30,134,59,75,0,0,0
2020-02-25 17:45,162,79,83,0,0,0
2020-02-25 18:00,112,50,62,0,0,0
2020-02-25 18:15,111,55,56,0,0,0
2020-02-25 18:30,84,33,51,0,0,0
2020-02-25 18:45,92,44,48,0,0,0
2020-02-25 19:00,66,32,34,0,0,0
2020-02-25 19:15,76,34,42,0,0,0
2020-02-25 19:30,63,27,36,0,0,0
2020-02-25 19:45,74,40,34,0,0,0
2020-02-25 20:00,61,35,26,0,0,0
2020-02-25 20:15,58,29,29,0,0,0
2020-02-25 20:30,50,23,27,0,0,0
2020-02-25 20:45,49,33,16,0,0,0
2020-02-25 21:00,41,18,23,0,0,0
2020-02-25 21:15,27,10,17,0,0,0
2020-02-25 21:30,31,19,12,0,0,0
2020-02-25 21:45,46,19,27,0,0,0
2020-02-25 22:00,25,12,13,0,0,0
2020-02-25 22:15,30,17,13,0,0,0
2020-02-25 22:30,17,9,8,0,0,0
2020-02-25 22:45,28,14,14,0,0,0
2020-02-25 23:00,39,25,14,0,0,0
2020-02-25 23:15,20,7,13,0,0,0
2020-02-25 23:30,14,9,5,0,0,0
2020-02-25 23:45,10,5,5,0,0,0
2020-02-26 00:00,8,5,3,0,0,0
2020-02-26 00:15,7,3,4,0,0,0
2020-02-26 00:30,3,2,1,0,0,0
2020-02-26 00:45,3,0,3,0,0,0
2020-02-26 01:00,1,0,1,0,0,0
2020-02-26 01:15,5,2,3,0,0,0
2020-02-26 01:30,2,0,2,0,0,0
2020-02-26 01:45,4,2,2,0,0,0
2020-02-26 02:00,0,0,0,0,0,0
2020-02-26 02:15,0,0,0,0,0,0
2020-02-26 02:30,0,0,0,0,0,0
2020-02-26 02:45,1,0,1,0,0,0
2020-02-26 03:00,0,0,0,0,0,0
2020-02-26 03:15,0,0,0,0,0,0
2020-02-26 03:30,0,0,0,0,0,0
2020-02-26 03:45,0,0,0,0,0,0
2020-02-26 04:00,0,0,0,0,0,0
2020-02-26 04:15,2,2,0,0,0,0
2020-02-26 04:30,1,1,0,0,0,0
2020-02-26 04:45,0,0,0,0,0,0
2020-02-26 05:00,0,0,0,0,0,0
2020-02-26 05:15,3,2,1,0,0,0
2020-02-26 05:30,4,3,1,0,0,0
2020-02-26 05:45,11,6,5,0,0,0
2020-02-26 06:00,11,8,3,0,0,0
2020-02-26 06:15,22,17,5,0,0,0
2020-02-26 06:30,37,24,13,0,0,0
2020-02-26 06:45,50,34,16,0,0,0
2020-02-26 07:00,70,46,24,0,0,0
2020-02-26 07:15,119,85,34,0,0,0
2020-02-26 07:30,192,150,42,0,0,0
2020-02-26 07:45,183,133,50,0,0,0
2020-02-26 08:00,125,85,40,0,0,0
2020-02-26 08:15,127,99,28,0,0,0
2020-02-26 08:30,97,86,11,0,0,0
2020-02-26 08:45,121,86,35,0,0,0
2020-02-26 09:00,89,65,24,0,0,0
2020-02-26 09:15,77,57,20,0,0,0
2020-02-26 09:30,89,72,17,0,0,0
2020-02-26 09:45,74,60,14,0,0,0
2020-02-26 10:00,62,49,13,0,0,0
2020-02-26 10:15,61,47,14,0,0,0
2020-02-26 10:30,74,56,18,0,0,0
2020-02-26 10:45,90,59,31,0,0,0
2020-02-26 11:00,69,51,18,0,0,0
2020-02-26 11:15,65,44,21,0,0,0
2020-02-26 11:30,70,42,28,0,0,0
2020-02-26 11:45,80,50,30,0,0,0
2020-02-26 12:00,77,51,26,0,0,0
2020-02-26 12:15,93,54,39,0,0,0
2020-02-26 12:30,95,42,53,0,0,0
2020-02-26 12:45,110,59,51,0,0,0
2020-02-26 13:00,91,53,38,0,0,0
2020-02-26 13:15,93,41,52,0,0,0
2020-02-26 13:30,94,59,35,0,0,0
2020-02-26 13:45,105,54,51,0,0,0
2020-02-26 14:00,80,37,43,0,0,0
2020-02-26 14:15,90,47,43,0,0,0
2020-02-26 14:30,110,64,46,0,0,0
2020-02-26 14:45,99,51,48,0,0,0
2020-02-26 15:00,100,56,44,0,0,0
2020-02-26 15:15,92,50,42,0,0,0
2020-02-26 15:30,108,58,50,0,0,0
2020-02-26 15:45,101,53,48,0,0,0
2020-02-26 16:00,119,56,63,0,0,0
2020-02-26 16:15,108,48,60,0,0,0
2020-02-26 16:30,120,46,74,0,0,0
2020-02-26 16:45,127,68,59,0,0,0
2020-02-26 17:00,117,69,48,0,0,0
2020-02-26 17:15,116,51,65,0,0,0
2020-02-26 17:30,103,46,57,0,0,0
2020-02-26 17:45,124,56,68,0,0,0
2020-02-26 18:00,140,65,75,0,0,0
2020-02-26 18:15,106,51,55,0,0,0
2020-02-26 18:30,85,49,36,0,0,0
2020-02-26 18:45,91,45,46,0,0,0
2020-02-26 19:00,118,62,56,0,0,0
2020-02-26 19:15,99,40,59,0,0,0
2020-02-26 19:30,76,46,30,0,0,0
2020-02-26 19:45,72,29,43,0,0,0
2020-02-26 20:00,64,23,41,0,0,0
2020-02-26 20:15,61,31,30,0,0,0
2020-02-26 20:30,50,25,25,0,0,0
2020-02-26 20:45,56,26,30,0,0,0
2020-02-26 21:00,48,21,27,0,0,0
2020-02-26 21:15,42,22,20,0,0,0
2020-02-26 21:30,27,10,17,0,0,0
2020-02-26 21:45,38,20,18,0,0,0
2020-02-26 22:00,28,14,14,0,0,0
2020-02-26 22:15,41,15,26,0,0,0
2020-02-26 22:30,26,10,16,0,0,0
2020-02-26 22:45,42,22,20,0,0,0
2020-02-26 23:00,34,21,13,0,0,0
2020-02-26 23:15,15,8,7,0,0,0
2020-02-26 23:30,14,8,6,0,0,0
2020-02-26 23:45,5,3,2,0,0,0
2020-02-27 00:00,21,9,12,0,0,0
2020-02-27 00:15,8,5,3,0,0,0
2020-02-27 00:30,8,4,4,0,0,0
2020-02-27 00:45,5,1,4,0,0,0
2020-02-27 01:00,3,3,0,0,0,0
2020-02-27 01:15,1,0,1,0,0,0
2020-02-27 01:30,5,5,0,0,0,0
2020-02-27 01:45,5,2,3,0,0,0
2020-02-27 02:00,2,1,1,0,0,0
2020-02-27 02:15,0,0,0,0,0,0
2020-02-27 02:30,2,0,2,0,0,0
2020-02-27 02:45,5,2,3,0,0,0
2020-02-27 03:00,1,0,1,0,0,0
2020-02-27 03:15,1,1,0,0,0,0
2020-02-27 03:30,0,0,0,0,0,0
2020-02-27 03:45,0,0,0,0,0,0
2020-02-27 04:00,1,0,1,0,0,0
2020-02-27 04:15,0,0,0,0,0,0
2020-02-27 04:30,1,1,0,0,0,0
2020-02-27 04:45,0,0,0,0,0,0
2020-02-27 05:00,0,0,0,0,0,0
2020-02-27 05:15,0,0,0,0,0,0
2020-02-27 05:30,8,5,3,0,0,0
2020-02-27 05:45,13,5,8,0,0,0
2020-02-27 06:00,13,8,5,0,0,0
2020-02-27 06:15,18,14,4,0,0,0
2020-02-27 06:30,39,20,19,0,0,0
2020-02-27 06:45,51,34,17,0,0,0
2020-02-27 07:00,84,63,21,0,0,0
2020-02-27 07:15,155,126,29,0,0,0
2020-02-27 07:30,315,270,45,0,0,0
2020-02-27 07:45,212,142,70,0,0,0
2020-02-27 08:00,125,95,30,0,0,0
2020-02-27 08:15,131,104,27,0,0,0
2020-02-27 08:30,116,97,19,0,0,0
2020-02-27 08:45,138,105,33,0,0,0
2020-02-27 09:00,79,65,14,0,0,0
2020-02-27 09:15,85,68,17,0,0,0
2020-02-27 09:30,87,72,15,0,0,0
2020-02-27 09:45,107,90,17,0,0,0
2020-02-27 10:00,77,65,12,0,0,0
2020-02-27 10:15,86,62,24,0,0,0
2020-02-27 10:30,85,55,30,0,0,0
2020-02-27 10:45,79,54,25,0,0,0
2020-02-27 11:00,87,53,34,0,0,0
2020-02-27 11:15,76,46,30,0,0,0
2020-02-27 11:30,82,52,30,0,0,0
2020-02-27 11:45,90,62,28,0,0,0
2020-02-27 12:00,97,65,32,0,0,0
2020-02-27 12:15,93,52,41,0,0,0
2020-02-27 12:30,125,72,53,0,0,0
2020-02-27 12:45,97,52,45,0,0,0
2020-02-27 13:00,118,67,51,0,0,0
2020-02-27 13:15,77,28,49,0,0,0
2020-02-27 13:30,94,56,38,0,0,0
2020-02-27 13:45,105,60,45,0,0,0
2020-02-27 14:00,103,39,64,0,0,0
2020-02-27 14:15,99,49,50,0,0,0
2020-02-27 14:30,90,46,44,0,0,0
2020-02-27 14:45,96,52,44,0,0,0
2020-02-27 15:00,84,42,42,0,0,0
2020-02-27 15:15,103,60,43,0,0,0
2020-02-27 15:30,129,58,71,0,0,0
2020-02-27 15:45,153,76,77,0,0,0
2020-02-27 16:00,133,75,58,0,0,0
2020-02-27 16:15,128,62,66,0,0,0
2020-02-27 16:30,134,69,65,0,0,0
2020-02-27 16:45,130,66,64,0,0,0
2020-02-27 17:00,110,60,50,0,0,0
2020-02-27 17:15,130,61,69,0,0,0
2020-02-27 17:30,110,48,62,0,0,0
2020-02-27 17:45,126,69,57,0,0,0
2020-02-27 18:00,123,51,72,0,0,0
2020-02-27 18:15,116,56,60,0,0,0
2020-02-27 18:30,82,33,49,0,0,0
2020-02-27 18:45,86,52,34,0,0,0
2020-02-27 19:00,104,50,54,0,0,0
2020-02-27 19:15,87,48,39,0,0,0
2020-02-27 19:30,62,37,25,0,0,0
2020-02-27 19:45,48,27,21,0,0,0
2020-02-27 20:00,54,18,36,0,0,0
2020-02-27 20:15,49,19,30,0,0,0
2020-02-27 20:30,39,14,25,0,0,0
2020-02-27 20:45,41,23,18,0,0,0
2020-02-27 21:00,39,19,20,0,0,0
2020-02-27 21:15,36,13,23,0,0,0
2020-02-27 21:30,32,19,13,0,0,0
2020-02-27 21:45,30,7,23,0,0,0
2020-02-27 22:00,22,10,12,0,0,0
2020-02-27 22:15,40,20,20,0,0,0
2020-02-27 22:30,52,22,30,0,0,0
2020-02-27 22:45,18,7,11,0,0,0
2020-02-27 23:00,24,13,11,0,0,0
2020-02-27 23:15,18,13,5,0,0,0
2020-02-27 23:30,40,34,6,0,0,0
2020-02-27 23:45,8,6,2,0,0,0
2020-02-28 00:00,5,2,3,0,0,0
2020-02-28 00:15,6,2,4,0,0,0
2020-02-28 00:30,7,4,3,0,0,0
2020-02-28 00:45,1,1,0,0,0,0
2020-02-28 01:00,3,0,3,0,0,0
2020-02-28 01:15,2,0,2,0,0,0
2020-02-28 01:30,2,0,2,0,0,0
2020-02-28 01:45,8,4,4,0,0,0
2020-02-28 02:00,2,1,1,0,0,0
2020-02-28 02:15,1,0,1,0,0,0
2020-02-28 02:30,0,0,0,0,0,0
2020-02-28 02:45,0,0,0,0,0,0
2020-02-28 03:00,0,0,0,0,0,0
2020-02-28 03:15,1,0,1,0,0,0
2020-02-28 03:30,1,1,0,0,0,0
2020-02-28 03:45,0,0,0,0,0,0
2020-02-28 04:00,0,0,0,0,0,0
2020-02-28 04:15,1,0,1,0,0,0
2020-02-28 04:30,2,1,1,0,0,0
2020-02-28 04:45,0,0,0,0,0,0
2020-02-28 05:00,1,1,0,0,0,0
2020-02-28 05:15,2,2,0,0,0,0
2020-02-28 05:30,8,4,4,0,0,0
2020-02-28 05:45,17,10,7,0,0,0
2020-02-28 06:00,14,8,6,0,0,0
2020-02-28 06:15,20,12,8,0,0,0
2020-02-28 06:30,31,21,10,0,0,0
2020-02-28 06:45,36,23,13,0,0,0
2020-02-28 07:00,90,58,32,0,0,0
2020-02-28 07:15,141,111,30,0,0,0
2020-02-28 07:30,303,258,45,0,0,0
2020-02-28 07:45,171,120,51,0,0,0
2020-02-28 08:00,94,66,28,0,0,0
2020-02-28 08:15,107,72,35,0,0,0
2020-02-28 08:30,100,80,20,0,0,0
2020-02-28 08:45,126,100,26,0,0,0
2020-02-28 09:00,81,53,28,0,0,0
2020-02-28 09:15,80,62,18,0,0,0
2020-02-28 09:30,65,47,18,0,0,0
2020-02-28 09:45,112,90,22,0,0,0
2020-02-28 10:00,72,56,16,0,0,0
2020-02-28 10:15,75,57,18,0,0,0
2020-02-28 10:30,87,56,31,0,0,0
2020-02-28 10:45,85,55,30,0,0,0
2020-02-28 11:00,87,55,32,0,0,0
2020-02-28 11:15,100,74,26,0,0,0
2020-02-28 11:30,85,56,29,0,0,0
2020-02-28 11:45,105,73,32,0,0,0
2020-02-28 12:00,93,58,35,0,0,0
2020-02-28 12:15,121,71,50,0,0,0
2020-02-28 12:30,122,66,56,0,0,0
2020-02-28 12:45,116,61,55,0,0,0
2020-02-28 13:00,107,58,49,0,0,0
2020-02-28 13:15,135,64,71,0,0,0
2020-02-28 13:30,105,49,56,0,0,0
2020-02-28 13:45,138,74,64,0,0,0
2020-02-28 14:00,132,63,69,0,0,0
2020-02-28 14:15,137,72,65,0,0,0
2020-02-28 14:30,116,63,53,0,0,0
2020-02-28 14:45,110,54,56,0,0,0
2020-02-28 15:00,121,72,49,0,0,0
2020-02-28 15:15,120,66,54,0,0,0
2020-02-28 15:30,118,71,47,0,0,0
2020-02-28 15:45,109,65,44,0,0,0
2020-02-28 16:00,117,69,48,0,0,0
2020-02-28 16:15,122,66,56,0,0,0
2020-02-28 16:30,95,47,48,0,0,0
2020-02-28 16:45,115,59,56,0,0,0
2020-02-28 17:00,118,66,52,0,0,0
2020-02-28 17:15,101,46,55,0,0,0
2020-02-28 17:30,120,65,55,0,0,0
2020-02-28 17:45,108,49,59,0,0,0
2020-02-28 18:00,115,62,53,0,0,0
2020-02-28 18:15,103,54,49,0,0,0
2020-02-28 18:30,95,46,49,0,0,0
2020-02-28 18:45,97,56,41,0,0,0
2020-02-28 19:00,87,42,45,0,0,0
2020-02-28 19:15,82,43,39,0,0,0
2020-02-28 19:30,64,40,24,0,0,0
2020-02-28 19:45,64,43,21,0,0,0
2020-02-28 20:00,53,21,32,0,0,0
2020-02-28 20:15,64,29,35,0,0,0
2020-02-28 20:30,36,15,21,0,0,0
2020-02-28 20:45,39,11,28,0,0,0
2020-02-28 21:00,31,21,10,0,0,0
2020-02-28 21:15,28,15,13,0,0,0
2020-02-28 21:30,17,8,9,0,0,0
2020-02-28 21:45,27,11,16,0,0,0
2020-02-28 22:00,30,15,15,0,0,0
2020-02-28 22:15,44,27,17,0,0,0
2020-02-28 22:30,31,10,21,0,0,0
2020-02-28 22:45,20,11,9,0,0,0
2020-02-28 23:00,33,13,20,0,0,0
2020-02-28 23:15,26,15,11,0,0,0
2020-02-28 23:30,52,39,13,0,0,0
2020-02-28 23:45,18,7,11,0,0,0
2020-02-29 00:00,21,12,9,0,0,0
2020-02-29 00:15,11,5,6,0,0,0
2020-02-29 00:30,20,11,9,0,0,0
2020-02-29 00:45,26,12,14,0,0,0
2020-02-29 01:00,20,8,12,0,0,0
2020-02-29 01:15,21,6,15,0,0,0
2020-02-29 01:30,20,13,7,0,0,0
2020-02-29 01:45,11,4,7,0,0,0
2020-02-29 02:00,12,8,4,0,0,0
2020-02-29 02:15,7,2,5,0,0,0
2020-02-29 02:30,1,0,1,0,0,0
2020-02-29 02:45,8,2,6,0,0,0
2020-02-29 03:00,7,1,6,0,0,0
2020-02-29 03:15,8,4,4,0,0,0
2020-02-29 03:30,5,4,1,0,0,0
2020-02-29 03:45,2,0,2,0,0,0
2020-02-29 04:00,2,2,0,0,0,0
2020-02-29 04:15,2,0,2,0,0,0
2020-02-29 04:30,3,3,0,0,0,0
2020-02-29 04:45,1,1,0,0,0,0
2020-02-29 05:00,3,3,0,0,0,0
2020-02-29 05:15,4,3,1,0,0,0
2020-02-29 05:30,6,3,3,0,0,0
2020-02-29 05:45,8,4,4,0,0,0
2020-02-29 06:00,2,1,1,0,0,0
2020-02-29 06:15,6,4,2,0,0,0
2020-02-29 06:30,5,4,1,0,0,0
2020-02-29 06:45,3,3,0,0,0,0
2020-02-29 07:00,9,7,2,0,0,0
2020-02-29 07:15,13,9,4,0,0,0
2020-02-29 07:30,14,9,5,0,0,0
2020-02-29 07:45,35,25,10,0,0,0
2020-02-29 08:00,19,16,3,0,0,0
2020-02-29 08:15,37,31,6,0,0,0
2020-02-29 08:30,27,21,6,0,0,0
2020-02-29 08:45,74,59,15,0,0,0
2020-02-29 09:00,72,60,12,0,0,0
2020-02-29 09:15,65,52,13,0,0,0
2020-02-29 09:30,94,74,20,0,0,0
2020-02-29 09:45,138,118,20,0,0,0
2020-02-29 10:00,108,84,24,0,0,0
2020-02-29 10:15,116,93,23,0,0,0
2020-02-29 10:30,116,82,34,0,0,0
2020-02-29 10:45,114,85,29,0,0,0
2020-02-29 11:00,132,104,28,0,0,0
2020-02-29 11:15,145,96,49,0,0,0
2020-02-29 11:30,160,118,42,0,0,0
2020-02-29 11:45,141,94,47,0,0,0
2020-02-29 12:00,142,84,58,0,0,0
2020-02-29 12:15,142,92,50,0,0,0
2020-02-29 12:30,140,94,46,0,0,0
2020-02-29 12:45,156,87,69,0,0,0
2020-02-29 13:00,141,80,61,0,0,0
2020-02-29 13:15,147,96,51,0,0,0
2020-02-29 13:30,119,64,55,0,0,0
2020-02-29 13:45,116,52,64,0,0,0
2020-02-29 14:00,128,53,75,0,0,0
2020-02-29 14:15,126,51,75,0,0,0
2020-02-29 14:30,113,42,71,0,0,0
2020-02-29 14:45,121,61,60,0,0,0
2020-02-29 15:00,107,49,58,0,0,0
2020-02-29 15:15,91,46,45,0,0,0
2020-02-29 15:30,69,30,39,0,0,0
2020-02-29 15:45,64,23,41,0,0,0
2020-02-29 16:00,75,29,46,0,0,0
2020-02-29 16:15,42,10,32,0,0,0
2020-02-29 16:30,60,28,32,0,0,0
2020-02-29 16:45,64,26,38,0,0,0
2020-02-29 17:00,43,20,23,0,0,0
2020-02-29 17:15,65,28,37,0,0,0
2020-02-29 17:30,84,39,45,0,0,0
2020-02-29 17:45,61,40,21,0,0,0
2020-02-29 18:00,63,24,39,0,0,0
2020-02-29 18:15,79,50,29,0,0,0
2020-02-29 18:30,46,28,18,0,0,0
2020-02-29 18:45,68,37,31,0,0,0
2020-02-29 19:00,77,55,22,0,0,0
2020-02-29 19:15,67,41,26,0,0,0
2020-02-29 19:30,73,51,22,0,0,0
2020-02-29 19:45,64,40,24,0,0,0
2020-02-29 20:00,49,29,20,0,0,0
2020-02-29 20:15,53,23,30,0,0,0
2020-02-29 20:30,41,20,21,0,0,0
2020-02-29 20:45,34,22,12,0,0,0
2020-02-29 21:00,26,23,3,0,0,0
2020-02-29 21:15,29,14,15,0,0,0
2020-02-29 21:30,19,7,12,0,0,0
2020-02-29 21:45,18,10,8,0,0,0
2020-02-29 22:00,34,16,18,0,0,0
2020-02-29 22:15,30,13,17,0,0,0
2020-02-29 22:30,36,17,19,0,0,0
2020-02-29 22:45,22,17,5,0,0,0
2020-02-29 23:00,26,8,18,0,0,0
2020-02-29 23:15,25,17,8,0,0,0
2020-02-29 23:30,23,17,6,0,0,0
2020-02-29 23:45,17,9,8,0,0,0
