Datetime,100034983 (Warendorfer Straße),101034983 (Warendorfer Straße stadteinwärts),102034983 (Warendorfer Straße stadtauswärts),100034983-status,101034983-status,102034983-status
2020-05-01 00:00,8,7,1,0,0,0
2020-05-01 00:15,12,8,4,0,0,0
2020-05-01 00:30,7,5,2,0,0,0
2020-05-01 00:45,10,6,4,0,0,0
2020-05-01 01:00,8,2,6,0,0,0
2020-05-01 01:15,1,0,1,0,0,0
2020-05-01 01:30,5,0,5,0,0,0
2020-05-01 01:45,1,1,0,0,0,0
2020-05-01 02:00,8,7,1,0,0,0
2020-05-01 02:15,4,3,1,0,0,0
2020-05-01 02:30,2,2,0,0,0,0
2020-05-01 02:45,4,0,4,0,0,0
2020-05-01 03:00,3,3,0,0,0,0
2020-05-01 03:15,2,1,1,0,0,0
2020-05-01 03:30,3,2,1,0,0,0
2020-05-01 03:45,5,4,1,0,0,0
2020-05-01 04:00,0,0,0,0,0,0
2020-05-01 04:15,1,0,1,0,0,0
2020-05-01 04:30,0,0,0,0,0,0
2020-05-01 04:45,0,0,0,0,0,0
2020-05-01 05:00,0,0,0,0,0,0
2020-05-01 05:15,2,2,0,0,0,0
2020-05-01 05:30,6,4,2,0,0,0
2020-05-01 05:45,2,1,1,0,0,0
2020-05-01 06:00,4,2,2,0,0,0
2020-05-01 06:15,3,2,1,0,0,0
2020-05-01 06:30,4,3,1,0,0,0
2020-05-01 06:45,5,3,2,0,0,0
2020-05-01 07:00,5,4,1,0,0,0
2020-05-01 07:15,5,3,2,0,0,0
2020-05-01 07:30,10,4,6,0,0,0
2020-05-01 07:45,10,4,6,0,0,0
2020-05-01 08:00,4,2,2,0,0,0
2020-05-01 08:15,5,4,1,0,0,0
2020-05-01 08:30,15,9,6,0,0,0
2020-05-01 08:45,17,11,6,0,0,0
2020-05-01 09:00,9,4,5,0,0,0
2020-05-01 09:15,12,6,6,0,0,0
2020-05-01 09:30,14,10,4,0,0,0
2020-05-01 09:45,27,20,7,0,0,0
2020-05-01 10:00,17,12,5,0,0,0
2020-05-01 10:15,27,19,8,0,0,0
2020-05-01 10:30,19,9,10,0,0,0
2020-05-01 10:45,27,15,12,0,0,0
2020-05-01 11:00,30,22,8,0,0,0
2020-05-01 11:15,26,16,10,0,0,0
2020-05-01 11:30,41,27,14,0,0,0
2020-05-01 11:45,45,28,17,0,0,0
2020-05-01 12:00,26,11,15,0,0,0
2020-05-01 12:15,38,24,14,0,0,0
2020-05-01 12:30,39,24,15,0,0,0
2020-05-01 12:45,39,24,15,0,0,0
2020-05-01 13:00,30,16,14,0,0,0
2020-05-01 13:15,35,22,13,0,0,0
2020-05-01 13:30,54,33,21,0,0,0
2020-05-01 13:45,54,27,27,0,0,0
2020-05-01 14:00,47,22,25,0,0,0
2020-05-01 14:15,36,19,17,0,0,0
2020-05-01 14:30,53,31,22,0,0,0
2020-05-01 14:45,51,22,29,0,0,0
2020-05-01 15:00,44,24,20,0,0,0
2020-05-01 15:15,46,22,24,0,0,0
2020-05-01 15:30,42,27,15,0,0,0
2020-05-01 15:45,35,20,15,0,0,0
2020-05-01 16:00,52,33,19,0,0,0
2020-05-01 16:15,28,16,12,0,0,0
2020-05-01 16:30,67,39,28,0,0,0
2020-05-01 16:45,58,29,29,0,0,0
2020-05-01 17:00,46,22,24,0,0,0
2020-05-01 17:15,24,13,11,0,0,0
2020-05-01 17:30,26,15,11,0,0,0
2020-05-01 17:45,33,19,14,0,0,0
2020-05-01 18:00,27,14,13,0,0,0
2020-05-01 18:15,38,22,16,0,0,0
2020-05-01 18:30,20,10,10,0,0,0
2020-05-01 18:45,39,17,22,0,0,0
2020-05-01 19:00,27,15,12,0,0,0
2020-05-01 19:15,28,15,13,0,0,0
2020-05-01 19:30,22,12,10,0,0,0
2020-05-01 19:45,38,21,17,0,0,0
2020-05-01 20:00,22,11,11,0,0,0
2020-05-01 20:15,17,12,5,0,0,0
2020-05-01 20:30,15,9,6,0,0,0
2020-05-01 20:45,22,12,10,0,0,0
2020-05-01 21:00,20,11,9,0,0,0
2020-05-01 21:15,15,12,3,0,0,0
2020-05-01 21:30,12,5,7,0,0,0
2020-05-01 21:45,12,6,6,0,0,0
2020-05-01 22:00,15,12,3,0,0,0
2020-05-01 22:15,10,3,7,0,0,0
2020-05-01 22:30,5,4,1,0,0,0
2020-05-01 22:45,9,5,4,0,0,0
2020-05-01 23:00,5,3,2,0,0,0
2020-05-01 23:15,16,9,7,0,0,0
2020-05-01 23:30,9,6,3,0,0,0
2020-05-01 23:45,10,7,3,0,0,0
2020-05-02 00:00,7,5,2,0,0,0
2020-05-02 00:15,11,8,3,0,0,0
2020-05-02 00:30,9,4,5,0,0,0
2020-05-02 00:45,6,6,0,0,0,0
2020-05-02 01:00,1,1,0,0,0,0
2020-05-02 01:15,6,2,4,0,0,0
2020-05-02 01:30,1,0,1,0,0,0
2020-05-02 01:45,1,0,1,0,0,0
2020-05-02 02:00,0,0,0,0,0,0
2020-05-02 02:15,4,3,1,0,0,0
2020-05-02 02:30,5,1,4,0,0,0
2020-05-02 02:45,1,1,0,0,0,0
2020-05-02 03:00,1,1,0,0,0,0
2020-05-02 03:15,1,0,1,0,0,0
2020-05-02 03:30,2,1,1,0,0,0
2020-05-02 03:45,2,1,1,0,0,0
2020-05-02 04:00,0,0,0,0,0,0
2020-05-02 04:15,0,0,0,0,0,0
2020-05-02 04:30,1,1,0,0,0,0
2020-05-02 04:45,0,0,0,0,0,0
2020-05-02 05:00,0,0,0,0,0,0
2020-05-02 05:15,3,1,2,0,0,0
2020-05-02 05:30,6,3,3,0,0,0
2020-05-02 05:45,6,3,3,0,0,0
2020-05-02 06:00,6,6,0,0,0,0
2020-05-02 06:15,7,5,2,0,0,0
2020-05-02 06:30,10,7,3,0,0,0
2020-05-02 06:45,13,8,5,0,0,0
2020-05-02 07:00,12,10,2,0,0,0
2020-05-02 07:15,22,13,9,0,0,0
2020-05-02 07:30,22,17,5,0,0,0
2020-05-02 07:45,26,18,8,0,0,0
2020-05-02 08:00,31,19,12,0,0,0
2020-05-02 08:15,29,20,9,0,0,0
2020-05-02 08:30,17,5,12,0,0,0
2020-05-02 08:45,42,28,14,0,0,0
2020-05-02 09:00,28,15,13,0,0,0
2020-05-02 09:15,26,14,12,0,0,0
2020-05-02 09:30,27,15,12,0,0,0
2020-05-02 09:45,17,12,5,0,0,0
2020-05-02 10:00,40,30,10,0,0,0
2020-05-02 10:15,54,46,8,0,0,0
2020-05-02 10:30,65,49,16,0,0,0
2020-05-02 10:45,69,45,24,0,0,0
2020-05-02 11:00,82,56,26,0,0,0
2020-05-02 11:15,102,73,29,0,0,0
2020-05-02 11:30,131,96,35,0,0,0
2020-05-02 11:45,127,90,37,0,0,0
2020-05-02 12:00,118,76,42,0,0,0
2020-05-02 12:15,97,53,44,0,0,0
2020-05-02 12:30,71,32,39,0,0,0
2020-05-02 12:45,112,42,70,0,0,0
2020-05-02 13:00,77,38,39,0,0,0
2020-05-02 13:15,70,30,40,0,0,0
2020-05-02 13:30,44,24,20,0,0,0
2020-05-02 13:45,57,24,33,0,0,0
2020-05-02 14:00,54,35,19,0,0,0
2020-05-02 14:15,52,31,21,0,0,0
2020-05-02 14:30,45,22,23,0,0,0
2020-05-02 14:45,75,44,31,0,0,0
2020-05-02 15:00,75,49,26,0,0,0
2020-05-02 15:15,72,47,25,0,0,0
2020-05-02 15:30,65,44,21,0,0,0
2020-05-02 15:45,57,35,22,0,0,0
2020-05-02 16:00,61,38,23,0,0,0
2020-05-02 16:15,81,49,32,0,0,0
2020-05-02 16:30,68,41,27,0,0,0
2020-05-02 16:45,70,39,31,0,0,0
2020-05-02 17:00,48,26,22,0,0,0
2020-05-02 17:15,45,23,22,0,0,0
2020-05-02 17:30,42,20,22,0,0,0
2020-05-02 17:45,51,30,21,0,0,0
2020-05-02 18:00,62,35,27,0,0,0
2020-05-02 18:15,50,28,22,0,0,0
2020-05-02 18:30,31,16,15,0,0,0
2020-05-02 18:45,39,20,19,0,0,0
2020-05-02 19:00,38,17,21,0,0,0
2020-05-02 19:15,33,15,18,0,0,0
2020-05-02 19:30,29,10,19,0,0,0
2020-05-02 19:45,38,24,14,0,0,0
2020-05-02 20:00,34,16,18,0,0,0
2020-05-02 20:15,26,17,9,0,0,0
2020-05-02 20:30,28,13,15,0,0,0
2020-05-02 20:45,24,13,11,0,0,0
2020-05-02 21:00,22,14,8,0,0,0
2020-05-02 21:15,15,4,11,0,0,0
2020-05-02 21:30,17,12,5,0,0,0
2020-05-02 21:45,7,2,5,0,0,0
2020-05-02 22:00,9,7,2,0,0,0
2020-05-02 22:15,8,5,3,0,0,0
2020-05-02 22:30,7,4,3,0,0,0
2020-05-02 22:45,12,2,10,0,0,0
2020-05-02 23:00,7,3,4,0,0,0
2020-05-02 23:15,7,5,2,0,0,0
2020-05-02 23:30,7,3,4,0,0,0
2020-05-02 23:45,7,4,3,0,0,0
2020-05-03 00:00,9,2,7,0,0,0
2020-05-03 00:15,8,1,7,0,0,0
2020-05-03 00:30,5,1,4,0,0,0
2020-05-03 00:45,3,2,1,0,0,0
2020-05-03 01:00,5,4,1,0,0,0
2020-05-03 01:15,5,2,3,0,0,0
2020-05-03 01:30,5,3,2,0,0,0
2020-05-03 01:45,6,6,0,0,0,0
2020-05-03 02:00,8,3,5,0,0,0
2020-05-03 02:15,4,3,1,0,0,0
2020-05-03 02:30,2,0,2,0,0,0
2020-05-03 02:45,0,0,0,0,0,0
2020-05-03 03:00,1,0,1,0,0,0
2020-05-03 03:15,0,0,0,0,0,0
2020-05-03 03:30,0,0,0,0,0,0
2020-05-03 03:45,2,1,1,0,0,0
2020-05-03 04:00,3,3,0,0,0,0
2020-05-03 04:15,0,0,0,0,0,0
2020-05-03 04:30,2,2,0,0,0,0
2020-05-03 04:45,3,0,3,0,0,0
2020-05-03 05:00,0,0,0,0,0,0
2020-05-03 05:15,0,0,0,0,0,0
2020-05-03 05:30,3,1,2,0,0,0
2020-05-03 05:45,5,2,3,0,0,0
2020-05-03 06:00,4,3,1,0,0,0
2020-05-03 06:15,5,3,2,0,0,0
2020-05-03 06:30,6,3,3,0,0,0
2020-05-03 06:45,5,2,3,0,0,0
2020-05-03 07:00,2,1,1,0,0,0
2020-05-03 07:15,6,4,2,0,0,0
2020-05-03 07:30,5,2,3,0,0,0
2020-05-03 07:45,9,6,3,0,0,0
2020-05-03 08:00,8,5,3,0,0,0
2020-05-03 08:15,10,6,4,0,0,0
2020-05-03 08:30,8,2,6,0,0,0
2020-05-03 08:45,8,6,2,0,0,0
2020-05-03 09:00,13,11,2,0,0,0
2020-05-03 09:15,20,10,10,0,0,0
2020-05-03 09:30,21,13,8,0,0,0
2020-05-03 09:45,27,18,9,0,0,0
2020-05-03 10:00,20,16,4,0,0,0
2020-05-03 10:15,22,11,11,0,0,0
2020-05-03 10:30,37,18,19,0,0,0
2020-05-03 10:45,27,15,12,0,0,0
2020-05-03 11:00,35,21,14,0,0,0
2020-05-03 11:15,42,27,15,0,0,0
2020-05-03 11:30,54,34,20,0,0,0
2020-05-03 11:45,62,35,27,0,0,0
2020-05-03 12:00,45,22,23,0,0,0
2020-05-03 12:15,75,42,33,0,0,0
2020-05-03 12:30,45,25,20,0,0,0
2020-05-03 12:45,59,29,30,0,0,0
2020-05-03 13:00,65,39,26,0,0,0
2020-05-03 13:15,59,32,27,0,0,0
2020-05-03 13:30,62,32,30,0,0,0
2020-05-03 13:45,54,23,31,0,0,0
2020-05-03 14:00,80,53,27,0,0,0
2020-05-03 14:15,62,34,28,0,0,0
2020-05-03 14:30,50,29,21,0,0,0
2020-05-03 14:45,64,48,16,0,0,0
2020-05-03 15:00,78,36,42,0,0,0
2020-05-03 15:15,64,41,23,0,0,0
2020-05-03 15:30,69,47,22,0,0,0
2020-05-03 15:45,84,55,29,0,0,0
2020-05-03 16:00,54,27,27,0,0,0
2020-05-03 16:15,68,43,25,0,0,0
2020-05-03 16:30,67,44,23,0,0,0
2020-05-03 16:45,96,64,32,0,0,0
2020-05-03 17:00,65,42,23,0,0,0
2020-05-03 17:15,54,26,28,0,0,0
2020-05-03 17:30,53,32,21,0,0,0
2020-05-03 17:45,39,27,12,0,0,0
2020-05-03 18:00,52,21,31,0,0,0
2020-05-03 18:15,51,38,13,0,0,0
2020-05-03 18:30,47,27,20,0,0,0
2020-05-03 18:45,48,31,17,0,0,0
2020-05-03 19:00,36,15,21,0,0,0
2020-05-03 19:15,29,12,17,0,0,0
2020-05-03 19:30,34,22,12,0,0,0
2020-05-03 19:45,21,10,11,0,0,0
2020-05-03 20:00,36,19,17,0,0,0
2020-05-03 20:15,14,8,6,0,0,0
2020-05-03 20:30,8,4,4,0,0,0
2020-05-03 20:45,17,10,7,0,0,0
2020-05-03 21:00,28,16,12,0,0,0
2020-05-03 21:15,13,9,4,0,0,0
2020-05-03 21:30,7,2,5,0,0,0
2020-05-03 21:45,15,10,5,0,0,0
2020-05-03 22:00,9,3,6,0,0,0
2020-05-03 22:15,13,5,8,0,0,0
2020-05-03 22:30,9,5,4,0,0,0
2020-05-03 22:45,16,10,6,0,0,0
2020-05-03 23:00,11,7,4,0,0,0
2020-05-03 23:15,3,2,1,0,0,0
2020-05-03 23:30,4,1,3,0,0,0
2020-05-03 23:45,2,1,1,0,0,0
2020-05-04 00:00,2,1,1,0,0,0
2020-05-04 00:15,4,1,3,0,0,0
2020-05-04 00:30,4,3,1,0,0,0
2020-05-04 00:45,2,1,1,0,0,0
2020-05-04 01:00,5,5,0,0,0,0
2020-05-04 01:15,2,2,0,0,0,0
2020-05-04 01:30,0,0,0,0,0,0
2020-05-04 01:45,3,1,2,0,0,0
2020-05-04 02:00,1,1,0,0,0,0
2020-05-04 02:15,1,0,1,0,0,0
2020-05-04 02:30,0,0,0,0,0,0
2020-05-04 02:45,0,0,0,0,0,0
2020-05-04 03:00,0,0,0,0,0,0
2020-05-04 03:15,2,2,0,0,0,0
2020-05-04 03:30,1,1,0,0,0,0
2020-05-04 03:45,0,0,0,0,0,0
2020-05-04 04:00,1,1,0,0,0,0
2020-05-04 04:15,1,0,1,0,0,0
2020-05-04 04:30,1,1,0,0,0,0
2020-05-04 04:45,0,0,0,0,0,0
2020-05-04 05:00,4,3,1,0,0,0
2020-05-04 05:15,1,0,1,0,0,0
2020-05-04 05:30,10,1,9,0,0,0
2020-05-04 05:45,15,7,8,0,0,0
2020-05-04 06:00,11,11,0,0,0,0
2020-05-04 06:15,28,17,11,0,0,0
2020-05-04 06:30,34,24,10,0,0,0
2020-05-04 06:45,44,28,16,0,0,0
2020-05-04 07:00,53,31,22,0,0,0
2020-05-04 07:15,72,37,35,0,0,0
2020-05-04 07:30,93,51,42,0,0,0
2020-05-04 07:45,99,63,36,0,0,0
2020-05-04 08:00,72,43,29,0,0,0
2020-05-04 08:15,96,63,33,0,0,0
2020-05-04 08:30,69,56,13,0,0,0
2020-05-04 08:45,83,52,31,0,0,0
2020-05-04 09:00,64,42,22,0,0,0
2020-05-04 09:15,67,52,15,0,0,0
2020-05-04 09:30,60,41,19,0,0,0
2020-05-04 09:45,89,69,20,0,0,0
2020-05-04 10:00,72,40,32,0,0,0
2020-05-04 10:15,74,49,25,0,0,0
2020-05-04 10:30,76,51,25,0,0,0
2020-05-04 10:45,97,61,36,0,0,0
2020-05-04 11:00,79,52,27,0,0,0
2020-05-04 11:15,74,42,32,0,0,0
2020-05-04 11:30,88,49,39,0,0,0
2020-05-04 11:45,75,39,36,0,0,0
2020-05-04 12:00,64,41,23,0,0,0
2020-05-04 12:15,70,42,28,0,0,0
2020-05-04 12:30,104,49,55,0,0,0
2020-05-04 12:45,109,63,46,0,0,0
2020-05-04 13:00,78,44,34,0,0,0
2020-05-04 13:15,103,64,39,0,0,0
2020-05-04 13:30,91,63,28,0,0,0
2020-05-04 13:45,105,55,50,0,0,0
2020-05-04 14:00,89,61,28,0,0,0
2020-05-04 14:15,78,50,28,0,0,0
2020-05-04 14:30,124,85,39,0,0,0
2020-05-04 14:45,132,84,48,0,0,0
2020-05-04 15:00,97,49,48,0,0,0
2020-05-04 15:15,100,59,41,0,0,0
2020-05-04 15:30,114,68,46,0,0,0
2020-05-04 15:45,141,79,62,0,0,0
2020-05-04 16:00,149,79,70,0,0,0
2020-05-04 16:15,143,77,66,0,0,0
2020-05-04 16:30,158,83,75,0,0,0
2020-05-04 16:45,178,95,83,0,0,0
2020-05-04 17:00,160,98,62,0,0,0
2020-05-04 17:15,121,65,56,0,0,0
2020-05-04 17:30,123,61,62,0,0,0
2020-05-04 17:45,121,57,64,0,0,0
2020-05-04 18:00,115,52,63,0,0,0
2020-05-04 18:15,98,41,57,0,0,0
2020-05-04 18:30,83,47,36,0,0,0
2020-05-04 18:45,68,32,36,0,0,0
2020-05-04 19:00,70,36,34,0,0,0
2020-05-04 19:15,52,22,30,0,0,0
2020-05-04 19:30,49,26,23,0,0,0
2020-05-04 19:45,52,22,30,0,0,0
2020-05-04 20:00,50,24,26,0,0,0
2020-05-04 20:15,38,18,20,0,0,0
2020-05-04 20:30,30,11,19,0,0,0
2020-05-04 20:45,25,16,9,0,0,0
2020-05-04 21:00,22,10,12,0,0,0
2020-05-04 21:15,10,5,5,0,0,0
2020-05-04 21:30,9,5,4,0,0,0
2020-05-04 21:45,17,8,9,0,0,0
2020-05-04 22:00,11,6,5,0,0,0
2020-05-04 22:15,18,8,10,0,0,0
2020-05-04 22:30,9,5,4,0,0,0
2020-05-04 22:45,14,8,6,0,0,0
2020-05-04 23:00,9,4,5,0,0,0
2020-05-04 23:15,12,7,5,0,0,0
2020-05-04 23:30,2,0,2,0,0,0
2020-05-04 23:45,6,4,2,0,0,0
2020-05-05 00:00,4,1,3,0,0,0
2020-05-05 00:15,5,4,1,0,0,0
2020-05-05 00:30,7,3,4,0,0,0
2020-05-05 00:45,3,0,3,0,0,0
2020-05-05 01:00,3,0,3,0,0,0
2020-05-05 01:15,1,0,1,0,0,0
2020-05-05 01:30,0,0,0,0,0,0
2020-05-05 01:45,3,2,1,0,0,0
2020-05-05 02:00,0,0,0,0,0,0
2020-05-05 02:15,2,2,0,0,0,0
2020-05-05 02:30,0,0,0,0,0,0
2020-05-05 02:45,0,0,0,0,0,0
2020-05-05 03:00,1,1,0,0,0,0
2020-05-05 03:15,1,0,1,0,0,0
2020-05-05 03:30,0,0,0,0,0,0
2020-05-05 03:45,0,0,0,0,0,0
2020-05-05 04:00,2,1,1,0,0,0
2020-05-05 04:15,0,0,0,0,0,0
2020-05-05 04:30,0,0,0,0,0,0
2020-05-05 04:45,1,1,0,0,0,0
2020-05-05 05:00,1,1,0,0,0,0
2020-05-05 05:15,2,0,2,0,0,0
2020-05-05 05:30,13,8,5,0,0,0
2020-05-05 05:45,18,10,8,0,0,0
2020-05-05 06:00,13,8,5,0,0,0
2020-05-05 06:15,28,16,12,0,0,0
2020-05-05 06:30,50,32,18,0,0,0
2020-05-05 06:45,64,35,29,0,0,0
2020-05-05 07:00,86,51,35,0,0,0
2020-05-05 07:15,88,55,33,0,0,0
2020-05-05 07:30,136,88,48,0,0,0
2020-05-05 07:45,150,96,54,0,0,0
2020-05-05 08:00,109,79,30,0,0,0
2020-05-05 08:15,98,65,33,0,0,0
2020-05-05 08:30,105,79,26,0,0,0
2020-05-05 08:45,101,74,27,0,0,0
2020-05-05 09:00,87,66,21,0,0,0
2020-05-05 09:15,72,51,21,0,0,0
2020-05-05 09:30,68,43,25,0,0,0
2020-05-05 09:45,96,62,34,0,0,0
2020-05-05 10:00,60,44,16,0,0,0
2020-05-05 10:15,93,63,30,0,0,0
2020-05-05 10:30,71,42,29,0,0,0
2020-05-05 10:45,106,65,41,0,0,0
2020-05-05 11:00,95,60,35,0,0,0
2020-05-05 11:15,100,59,41,0,0,0
2020-05-05 11:30,95,56,39,0,0,0
2020-05-05 11:45,95,53,42,0,0,0
2020-05-05 12:00,97,53,44,0,0,0
2020-05-05 12:15,102,58,44,0,0,0
2020-05-05 12:30,108,57,51,0,0,0
2020-05-05 12:45,103,68,35,0,0,0
2020-05-05 13:00,100,54,46,0,0,0
2020-05-05 13:15,99,55,44,0,0,0
2020-05-05 13:30,107,61,46,0,0,0
2020-05-05 13:45,96,61,35,0,0,0
2020-05-05 14:00,107,62,45,0,0,0
2020-05-05 14:15,112,67,45,0,0,0
2020-05-05 14:30,126,81,45,0,0,0
2020-05-05 14:45,150,93,57,0,0,0
2020-05-05 15:00,122,77,45,0,0,0
2020-05-05 15:15,128,89,39,0,0,0
2020-05-05 15:30,171,108,63,0,0,0
2020-05-05 15:45,139,90,49,0,0,0
2020-05-05 16:00,166,91,75,0,0,0
2020-05-05 16:15,155,85,70,0,0,0
2020-05-05 16:30,160,96,64,0,0,0
2020-05-05 16:45,174,101,73,0,0,0
2020-05-05 17:00,177,95,82,0,0,0
2020-05-05 17:15,147,71,76,0,0,0
2020-05-05 17:30,150,76,74,0,0,0
2020-05-05 17:45,164,86,78,0,0,0
2020-05-05 18:00,129,60,69,0,0,0
2020-05-05 18:15,121,61,60,0,0,0
2020-05-05 18:30,97,39,58,0,0,0
2020-05-05 18:45,86,40,46,0,0,0
2020-05-05 19:00,93,39,54,0,0,0
2020-05-05 19:15,67,33,34,0,0,0
2020-05-05 19:30,80,41,39,0,0,0
2020-05-05 19:45,48,27,21,0,0,0
2020-05-05 20:00,53,26,27,0,0,0
2020-05-05 20:15,42,24,18,0,0,0
2020-05-05 20:30,30,11,19,0,0,0
2020-05-05 20:45,39,19,20,0,0,0
2020-05-05 21:00,25,16,9,0,0,0
2020-05-05 21:15,30,18,12,0,0,0
2020-05-05 21:30,31,20,11,0,0,0
2020-05-05 21:45,12,7,5,0,0,0
2020-05-05 22:00,21,14,7,0,0,0
2020-05-05 22:15,10,6,4,0,0,0
2020-05-05 22:30,17,6,11,0,0,0
2020-05-05 22:45,2,1,1,0,0,0
2020-05-05 23:00,7,1,6,0,0,0
2020-05-05 23:15,8,3,5,0,0,0
2020-05-05 23:30,7,2,5,0,0,0
2020-05-05 23:45,6,3,3,0,0,0
2020-05-06 00:00,5,1,4,0,0,0
2020-05-06 00:15,5,2,3,0,0,0
2020-05-06 00:30,6,2,4,0,0,0
2020-05-06 00:45,3,2,1,0,0,0
2020-05-06 01:00,2,0,2,0,0,0
2020-05-06 01:15,5,4,1,0,0,0
2020-05-06 01:30,5,0,5,0,0,0
2020-05-06 01:45,3,2,1,0,0,0
2020-05-06 02:00,0,0,0,0,0,0
2020-05-06 02:15,2,0,2,0,0,0
2020-05-06 02:30,1,1,0,0,0,0
2020-05-06 02:45,1,0,1,0,0,0
2020-05-06 03:00,0,0,0,0,0,0
2020-05-06 03:15,0,0,0,0,0,0
2020-05-06 03:30,1,1,0,0,0,0
2020-05-06 03:45,0,0,0,0,0,0
2020-05-06 04:00,0,0,0,0,0,0
2020-05-06 04:15,1,1,0,0,0,0
2020-05-06 04:30,2,2,0,0,0,0
2020-05-06 04:45,2,1,1,0,0,0
2020-05-06 05:00,2,2,0,0,0,0
2020-05-06 05:15,1,0,1,0,0,0
2020-05-06 05:30,14,7,7,0,0,0
2020-05-06 05:45,19,11,8,0,0,0
2020-05-06 06:00,14,9,5,0,0,0
2020-05-06 06:15,23,13,10,0,0,0
2020-05-06 06:30,52,28,24,0,0,0
2020-05-06 06:45,64,45,19,0,0,0
2020-05-06 07:00,76,52,24,0,0,0
2020-05-06 07:15,101,58,43,0,0,0
2020-05-06 07:30,139,101,38,0,0,0
2020-05-06 07:45,160,110,50,0,0,0
2020-05-06 08:00,106,70,36,0,0,0
2020-05-06 08:15,118,91,27,0,0,0
2020-05-06 08:30,113,87,26,0,0,0
2020-05-06 08:45,143,102,41,0,0,0
2020-05-06 09:00,95,68,27,0,0,0
2020-05-06 09:15,92,64,28,0,0,0
2020-05-06 09:30,101,78,23,0,0,0
2020-05-06 09:45,124,99,25,0,0,0
2020-05-06 10:00,114,83,31,0,0,0
2020-05-06 10:15,117,78,39,0,0,0
2020-05-06 10:30,132,88,44,0,0,0
2020-05-06 10:45,155,105,50,0,0,0
2020-05-06 11:00,123,79,44,0,0,0
2020-05-06 11:15,118,81,37,0,0,0
2020-05-06 11:30,119,72,47,0,0,0
2020-05-06 11:45,144,88,56,0,0,0
2020-05-06 12:00,128,79,49,0,0,0
2020-05-06 12:15,163,97,66,0,0,0
2020-05-06 12:30,148,69,79,0,0,0
2020-05-06 12:45,148,86,62,0,0,0
2020-05-06 13:00,139,77,62,0,0,0
2020-05-06 13:15,122,62,60,0,0,0
2020-05-06 13:30,138,70,68,0,0,0
2020-05-06 13:45,124,67,57,0,0,0
2020-05-06 14:00,120,58,62,0,0,0
2020-05-06 14:15,122,58,64,0,0,0
2020-05-06 14:30,130,63,67,0,0,0
2020-05-06 14:45,127,68,59,0,0,0
2020-05-06 15:00,136,57,79,0,0,0
2020-05-06 15:15,123,70,53,0,0,0
2020-05-06 15:30,131,75,56,0,0,0
2020-05-06 15:45,133,81,52,0,0,0
2020-05-06 16:00,155,78,77,0,0,0
2020-05-06 16:15,143,76,67,0,0,0
2020-05-06 16:30,151,74,77,0,0,0
2020-05-06 16:45,194,100,94,0,0,0
2020-05-06 17:00,164,93,71,0,0,0
2020-05-06 17:15,165,84,81,0,0,0
2020-05-06 17:30,173,92,81,0,0,0
2020-05-06 17:45,158,72,86,0,0,0
2020-05-06 18:00,127,63,64,0,0,0
2020-05-06 18:15,98,49,49,0,0,0
2020-05-06 18:30,87,42,45,0,0,0
2020-05-06 18:45,91,54,37,0,0,0
2020-05-06 19:00,105,54,51,0,0,0
2020-05-06 19:15,91,43,48,0,0,0
2020-05-06 19:30,65,27,38,0,0,0
2020-05-06 19:45,60,35,25,0,0,0
2020-05-06 20:00,53,27,26,0,0,0
2020-05-06 20:15,49,22,27,0,0,0
2020-05-06 20:30,49,24,25,0,0,0
2020-05-06 20:45,33,15,18,0,0,0
2020-05-06 21:00,47,25,22,0,0,0
2020-05-06 21:15,29,13,16,0,0,0
2020-05-06 21:30,32,17,15,0,0,0
2020-05-06 21:45,28,18,10,0,0,0
2020-05-06 22:00,21,15,6,0,0,0
2020-05-06 22:15,23,18,5,0,0,0
2020-05-06 22:30,18,9,9,0,0,0
2020-05-06 22:45,12,5,7,0,0,0
2020-05-06 23:00,22,8,14,0,0,0
2020-05-06 23:15,13,7,6,0,0,0
2020-05-06 23:30,4,2,2,0,0,0
2020-05-06 23:45,7,4,3,0,0,0
2020-05-07 00:00,5,2,3,0,0,0
2020-05-07 00:15,2,0,2,0,0,0
2020-05-07 00:30,2,0,2,0,0,0
2020-05-07 00:45,4,1,3,0,0,0
2020-05-07 01:00,2,1,1,0,0,0
2020-05-07 01:15,2,0,2,0,0,0
2020-05-07 01:30,3,0,3,0,0,0
2020-05-07 01:45,1,1,0,0,0,0
2020-05-07 02:00,1,0,1,0,0,0
2020-05-07 02:15,3,0,3,0,0,0
2020-05-07 02:30,3,1,2,0,0,0
2020-05-07 02:45,2,2,0,0,0,0
2020-05-07 03:00,2,1,1,0,0,0
2020-05-07 03:15,0,0,0,0,0,0
2020-05-07 03:30,1,1,0,0,0,0
2020-05-07 03:45,1,1,0,0,0,0
2020-05-07 04:00,1,0,1,0,0,0
2020-05-07 04:15,0,0,0,0,0,0
2020-05-07 04:30,0,0,0,0,0,0
2020-05-07 04:45,1,1,0,0,0,0
2020-05-07 05:00,1,1,0,0,0,0
2020-05-07 05:15,3,1,2,0,0,0
2020-05-07 05:30,12,6,6,0,0,0
2020-05-07 05:45,16,11,5,0,0,0
2020-05-07 06:00,9,7,2,0,0,0
2020-05-07 06:15,27,22,5,0,0,0
2020-05-07 06:30,40,26,14,0,0,0
2020-05-07 06:45,73,50,23,0,0,0
2020-05-07 07:00,88,58,30,0,0,0
2020-05-07 07:15,98,56,42,0,0,0
2020-05-07 07:30,111,73,38,0,0,0
2020-05-07 07:45,120,86,34,0,0,0
2020-05-07 08:00,107,77,30,0,0,0
2020-05-07 08:15,91,62,29,0,0,0
2020-05-07 08:30,104,79,25,0,0,0
2020-05-07 08:45,107,82,25,0,0,0
2020-05-07 09:00,87,63,24,0,0,0
2020-05-07 09:15,74,50,24,0,0,0
2020-05-07 09:30,100,70,30,0,0,0
2020-05-07 09:45,104,77,27,0,0,0
2020-05-07 10:00,97,71,26,0,0,0
2020-05-07 10:15,94,58,36,0,0,0
2020-05-07 10:30,94,58,36,0,0,0
2020-05-07 10:45,101,66,35,0,0,0
2020-05-07 11:00,70,41,29,0,0,0
2020-05-07 11:15,96,58,38,0,0,0
2020-05-07 11:30,105,62,43,0,0,0
2020-05-07 11:45,122,87,35,0,0,0
2020-05-07 12:00,93,57,36,0,0,0
2020-05-07 12:15,92,51,41,0,0,0
2020-05-07 12:30,128,69,59,0,0,0
2020-05-07 12:45,133,76,57,0,0,0
2020-05-07 13:00,115,60,55,0,0,0
2020-05-07 13:15,118,69,49,0,0,0
2020-05-07 13:30,129,81,48,0,0,0
2020-05-07 13:45,115,73,42,0,0,0
2020-05-07 14:00,146,68,78,0,0,0
2020-05-07 14:15,130,76,54,0,0,0
2020-05-07 14:30,131,82,49,0,0,0
2020-05-07 14:45,144,77,67,0,0,0
2020-05-07 15:00,142,84,58,0,0,0
2020-05-07 15:15,138,86,52,0,0,0
2020-05-07 15:30,130,69,61,0,0,0
2020-05-07 15:45,182,103,79,0,0,0
2020-05-07 16:00,153,90,63,0,0,0
2020-05-07 16:15,199,115,84,0,0,0
2020-05-07 16:30,162,101,61,0,0,0
2020-05-07 16:45,168,91,77,0,0,0
2020-05-07 17:00,183,95,88,0,0,0
2020-05-07 17:15,156,77,79,0,0,0
2020-05-07 17:30,139,78,61,0,0,0
2020-05-07 17:45,138,65,73,0,0,0
2020-05-07 18:00,154,65,89,0,0,0
2020-05-07 18:15,133,70,63,0,0,0
2020-05-07 18:30,128,61,67,0,0,0
2020-05-07 18:45,99,48,51,0,0,0
2020-05-07 19:00,79,38,41,0,0,0
2020-05-07 19:15,65,25,40,0,0,0
2020-05-07 19:30,77,27,50,0,0,0
2020-05-07 19:45,75,41,34,0,0,0
2020-05-07 20:00,59,25,34,0,0,0
2020-05-07 20:15,57,29,28,0,0,0
2020-05-07 20:30,37,14,23,0,0,0
2020-05-07 20:45,35,19,16,0,0,0
2020-05-07 21:00,30,19,11,0,0,0
2020-05-07 21:15,20,7,13,0,0,0
2020-05-07 21:30,20,7,13,0,0,0
2020-05-07 21:45,27,16,11,0,0,0
2020-05-07 22:00,21,7,14,0,0,0
2020-05-07 22:15,19,7,12,0,0,0
2020-05-07 22:30,15,7,8,0,0,0
2020-05-07 22:45,17,6,11,0,0,0
2020-05-07 23:00,14,9,5,0,0,0
2020-05-07 23:15,17,9,8,0,0,0
2020-05-07 23:30,13,4,9,0,0,0
2020-05-07 23:45,9,6,3,0,0,0
2020-05-08 00:00,4,1,3,0,0,0
2020-05-08 00:15,6,3,3,0,0,0
2020-05-08 00:30,4,3,1,0,0,0
2020-05-08 00:45,4,2,2,0,0,0
2020-05-08 01:00,1,0,1,0,0,0
2020-05-08 01:15,2,1,1,0,0,0
2020-05-08 01:30,6,2,4,0,0,0
2020-05-08 01:45,3,1,2,0,0,0
2020-05-08 02:00,2,0,2,0,0,0
2020-05-08 02:15,1,1,0,0,0,0
2020-05-08 02:30,4,1,3,0,0,0
2020-05-08 02:45,1,0,1,0,0,0
2020-05-08 03:00,1,1,0,0,0,0
2020-05-08 03:15,1,1,0,0,0,0
2020-05-08 03:30,1,1,0,0,0,0
2020-05-08 03:45,1,1,0,0,0,0
2020-05-08 04:00,0,0,0,0,0,0
2020-05-08 04:15,1,1,0,0,0,0
2020-05-08 04:30,0,0,0,0,0,0
2020-05-08 04:45,1,1,0,0,0,0
2020-05-08 05:00,3,3,0,0,0,0
2020-05-08 05:15,5,4,1,0,0,0
2020-05-08 05:30,9,6,3,0,0,0
2020-05-08 05:45,14,7,7,0,0,0
2020-05-08 06:00,14,11,3,0,0,0
2020-05-08 06:15,29,17,12,0,0,0
2020-05-08 06:30,40,28,12,0,0,0
2020-05-08 06:45,51,29,22,0,0,0
2020-05-08 07:00,69,46,23,0,0,0
2020-05-08 07:15,87,47,40,0,0,0
2020-05-08 07:30,121,93,28,0,0,0
2020-05-08 07:45,122,86,36,0,0,0
2020-05-08 08:00,90,63,27,0,0,0
2020-05-08 08:15,99,73,26,0,0,0
2020-05-08 08:30,109,89,20,0,0,0
2020-05-08 08:45,91,67,24,0,0,0
2020-05-08 09:00,71,48,23,0,0,0
2020-05-08 09:15,83,61,22,0,0,0
2020-05-08 09:30,105,73,32,0,0,0
2020-05-08 09:45,101,71,30,0,0,0
2020-05-08 10:00,101,66,35,0,0,0
2020-05-08 10:15,101,68,33,0,0,0
2020-05-08 10:30,71,53,18,0,0,0
2020-05-08 10:45,113,73,40,0,0,0
2020-05-08 11:00,86,51,35,0,0,0
2020-05-08 11:15,107,70,37,0,0,0
2020-05-08 11:30,115,72,43,0,0,0
2020-05-08 11:45,122,79,43,0,0,0
2020-05-08 12:00,97,55,42,0,0,0
2020-05-08 12:15,112,58,54,0,0,0
2020-05-08 12:30,128,66,62,0,0,0
2020-05-08 12:45,150,77,73,0,0,0
2020-05-08 13:00,121,63,58,0,0,0
2020-05-08 13:15,113,50,63,0,0,0
2020-05-08 13:30,137,75,62,0,0,0
2020-05-08 13:45,152,74,78,0,0,0
2020-05-08 14:00,124,67,57,0,0,0
2020-05-08 14:15,148,84,64,0,0,0
2020-05-08 14:30,146,64,82,0,0,0
2020-05-08 14:45,148,92,56,0,0,0
2020-05-08 15:00,154,83,71,0,0,0
2020-05-08 15:15,136,67,69,0,0,0
2020-05-08 15:30,148,79,69,0,0,0
2020-05-08 15:45,144,75,69,0,0,0
2020-05-08 16:00,158,83,75,0,0,0
2020-05-08 16:15,152,77,75,0,0,0
2020-05-08 16:30,131,78,53,0,0,0
2020-05-08 16:45,150,81,69,0,0,0
2020-05-08 17:00,119,68,51,0,0,0
2020-05-08 17:15,140,76,64,0,0,0
2020-05-08 17:30,136,64,72,0,0,0
2020-05-08 17:45,126,77,49,0,0,0
2020-05-08 18:00,146,64,82,0,0,0
2020-05-08 18:15,98,41,57,0,0,0
2020-05-08 18:30,92,52,40,0,0,0
2020-05-08 18:45,94,50,44,0,0,0
2020-05-08 19:00,79,32,47,0,0,0
2020-05-08 19:15,90,49,41,0,0,0
2020-05-08 19:30,62,23,39,0,0,0
2020-05-08 19:45,41,19,22,0,0,0
2020-05-08 20:00,54,31,23,0,0,0
2020-05-08 20:15,48,29,19,0,0,0
2020-05-08 20:30,36,12,24,0,0,0
2020-05-08 20:45,35,19,16,0,0,0
2020-05-08 21:00,44,37,7,0,0,0
2020-05-08 21:15,25,9,16,0,0,0
2020-05-08 21:30,31,18,13,0,0,0
2020-05-08 21:45,34,26,8,0,0,0
2020-05-08 22:00,24,14,10,0,0,0
2020-05-08 22:15,21,14,7,0,0,0
2020-05-08 22:30,18,8,10,0,0,0
2020-05-08 22:45,21,15,6,0,0,0
2020-05-08 23:00,17,6,11,0,0,0
2020-05-08 23:15,19,10,9,0,0,0
2020-05-08 23:30,7,1,6,0,0,0
2020-05-08 23:45,18,10,8,0,0,0
2020-05-09 00:00,13,10,3,0,0,0
2020-05-09 00:15,9,5,4,0,0,0
2020-05-09 00:30,5,3,2,0,0,0
2020-05-09 00:45,11,3,8,0,0,0
2020-05-09 01:00,9,7,2,0,0,0
2020-05-09 01:15,9,4,5,0,0,0
2020-05-09 01:30,8,4,4,0,0,0
2020-05-09 01:45,7,4,3,0,0,0
2020-05-09 02:00,7,7,0,0,0,0
2020-05-09 02:15,6,3,3,0,0,0
2020-05-09 02:30,4,2,2,0,0,0
2020-05-09 02:45,6,5,1,0,0,0
2020-05-09 03:00,3,2,1,0,0,0
2020-05-09 03:15,4,2,2,0,0,0
2020-05-09 03:30,6,2,4,0,0,0
2020-05-09 03:45,0,0,0,0,0,0
2020-05-09 04:00,0,0,0,0,0,0
2020-05-09 04:15,1,0,1,0,0,0
2020-05-09 04:30,2,2,0,0,0,0
2020-05-09 04:45,0,0,0,0,0,0
2020-05-09 05:00,3,1,2,0,0,0
2020-05-09 05:15,4,3,1,0,0,0
2020-05-09 05:30,7,4,3,0,0,0
2020-05-09 05:45,12,6,6,0,0,0
2020-05-09 06:00,9,8,1,0,0,0
2020-05-09 06:15,9,7,2,0,0,0
2020-05-09 06:30,15,12,3,0,0,0
2020-05-09 06:45,15,9,6,0,0,0
2020-05-09 07:00,32,30,2,0,0,0
2020-05-09 07:15,39,29,10,0,0,0
2020-05-09 07:30,35,24,11,0,0,0
2020-05-09 07:45,46,26,20,0,0,0
2020-05-09 08:00,47,33,14,0,0,0
2020-05-09 08:15,58,39,19,0,0,0
2020-05-09 08:30,37,28,9,0,0,0
2020-05-09 08:45,62,28,34,0,0,0
2020-05-09 09:00,60,44,16,0,0,0
2020-05-09 09:15,87,65,22,0,0,0
2020-05-09 09:30,96,71,25,0,0,0
2020-05-09 09:45,119,78,41,0,0,0
2020-05-09 10:00,131,86,45,0,0,0
2020-05-09 10:15,133,91,42,0,0,0
2020-05-09 10:30,158,124,34,0,0,0
2020-05-09 10:45,165,122,43,0,0,0
2020-05-09 11:00,190,122,68,0,0,0
2020-05-09 11:15,153,109,44,0,0,0
2020-05-09 11:30,164,108,56,0,0,0
2020-05-09 11:45,196,107,89,0,0,0
2020-05-09 12:00,144,73,71,0,0,0
2020-05-09 12:15,179,103,76,0,0,0
2020-05-09 12:30,200,125,75,0,0,0
2020-05-09 12:45,204,112,92,0,0,0
2020-05-09 13:00,175,87,88,0,0,0
2020-05-09 13:15,156,80,76,0,0,0
2020-05-09 13:30,169,91,78,0,0,0
2020-05-09 13:45,198,113,85,0,0,0
2020-05-09 14:00,180,87,93,0,0,0
2020-05-09 14:15,182,90,92,0,0,0
2020-05-09 14:30,180,88,92,0,0,0
2020-05-09 14:45,134,60,74,0,0,0
2020-05-09 15:00,126,67,59,0,0,0
2020-05-09 15:15,139,66,73,0,0,0
2020-05-09 15:30,126,65,61,0,0,0
2020-05-09 15:45,126,67,59,0,0,0
2020-05-09 16:00,129,59,70,0,0,0
2020-05-09 16:15,110,56,54,0,0,0
2020-05-09 16:30,151,86,65,0,0,0
2020-05-09 16:45,147,85,62,0,0,0
2020-05-09 17:00,132,70,62,0,0,0
2020-05-09 17:15,117,75,42,0,0,0
2020-05-09 17:30,106,60,46,0,0,0
2020-05-09 17:45,119,84,35,0,0,0
2020-05-09 18:00,115,49,66,0,0,0
2020-05-09 18:15,119,63,56,0,0,0
2020-05-09 18:30,97,45,52,0,0,0
2020-05-09 18:45,76,45,31,0,0,0
2020-05-09 19:00,89,46,43,0,0,0
2020-05-09 19:15,79,43,36,0,0,0
2020-05-09 19:30,74,45,29,0,0,0
2020-05-09 19:45,58,35,23,0,0,0
2020-05-09 20:00,53,30,23,0,0,0
2020-05-09 20:15,59,27,32,0,0,0
2020-05-09 20:30,57,43,14,0,0,0
2020-05-09 20:45,46,20,26,0,0,0
2020-05-09 21:00,37,25,12,0,0,0
2020-05-09 21:15,41,28,13,0,0,0
2020-05-09 21:30,27,15,12,0,0,0
2020-05-09 21:45,23,14,9,0,0,0
2020-05-09 22:00,18,7,11,0,0,0
2020-05-09 22:15,23,16,7,0,0,0
2020-05-09 22:30,16,5,11,0,0,0
2020-05-09 22:45,26,14,12,0,0,0
2020-05-09 23:00,24,16,8,0,0,0
2020-05-09 23:15,25,13,12,0,0,0
2020-05-09 23:30,24,16,8,0,0,0
2020-05-09 23:45,26,14,12,0,0,0
2020-05-10 00:00,17,8,9,0,0,0
2020-05-10 00:15,17,7,10,0,0,0
2020-05-10 00:30,11,9,2,0,0,0
2020-05-10 00:45,13,7,6,0,0,0
2020-05-10 01:00,11,10,1,0,0,0
2020-05-10 01:15,7,1,6,0,0,0
2020-05-10 01:30,10,4,6,0,0,0
2020-05-10 01:45,12,6,6,0,0,0
2020-05-10 02:00,2,1,1,0,0,0
2020-05-10 02:15,3,2,1,0,0,0
2020-05-10 02:30,8,6,2,0,0,0
2020-05-10 02:45,6,4,2,0,0,0
2020-05-10 03:00,6,4,2,0,0,0
2020-05-10 03:15,2,0,2,0,0,0
2020-05-10 03:30,2,1,1,0,0,0
2020-05-10 03:45,4,3,1,0,0,0
2020-05-10 04:00,2,2,0,0,0,0
2020-05-10 04:15,2,2,0,0,0,0
2020-05-10 04:30,0,0,0,0,0,0
2020-05-10 04:45,0,0,0,0,0,0
2020-05-10 05:00,0,0,0,0,0,0
2020-05-10 05:15,2,1,1,0,0,0
2020-05-10 05:30,7,4,3,0,0,0
2020-05-10 05:45,4,2,2,0,0,0
2020-05-10 06:00,3,3,0,0,0,0
2020-05-10 06:15,10,7,3,0,0,0
2020-05-10 06:30,4,4,0,0,0,0
2020-05-10 06:45,10,8,2,0,0,0
2020-05-10 07:00,8,4,4,0,0,0
2020-05-10 07:15,8,5,3,0,0,0
2020-05-10 07:30,6,6,0,0,0,0
2020-05-10 07:45,17,8,9,0,0,0
2020-05-10 08:00,15,8,7,0,0,0
2020-05-10 08:15,17,12,5,0,0,0
2020-05-10 08:30,10,7,3,0,0,0
2020-05-10 08:45,24,12,12,0,0,0
2020-05-10 09:00,16,9,7,0,0,0
2020-05-10 09:15,20,12,8,0,0,0
2020-05-10 09:30,33,20,13,0,0,0
2020-05-10 09:45,38,22,16,0,0,0
2020-05-10 10:00,33,24,9,0,0,0
2020-05-10 10:15,49,35,14,0,0,0
2020-05-10 10:30,46,25,21,0,0,0
2020-05-10 10:45,42,29,13,0,0,0
2020-05-10 11:00,39,22,17,0,0,0
2020-05-10 11:15,39,23,16,0,0,0
2020-05-10 11:30,47,32,15,0,0,0
2020-05-10 11:45,56,37,19,0,0,0
2020-05-10 12:00,42,20,22,0,0,0
2020-05-10 12:15,62,35,27,0,0,0
2020-05-10 12:30,44,21,23,0,0,0
2020-05-10 12:45,47,21,26,0,0,0
2020-05-10 13:00,47,24,23,0,0,0
2020-05-10 13:15,58,28,30,0,0,0
2020-05-10 13:30,48,30,18,0,0,0
2020-05-10 13:45,69,50,19,0,0,0
2020-05-10 14:00,55,40,15,0,0,0
2020-05-10 14:15,69,50,19,0,0,0
2020-05-10 14:30,43,26,17,0,0,0
2020-05-10 14:45,78,45,33,0,0,0
2020-05-10 15:00,56,36,20,0,0,0
2020-05-10 15:15,56,27,29,0,0,0
2020-05-10 15:30,55,29,26,0,0,0
2020-05-10 15:45,52,39,13,0,0,0
2020-05-10 16:00,53,38,15,0,0,0
2020-05-10 16:15,50,34,16,0,0,0
2020-05-10 16:30,61,37,24,0,0,0
2020-05-10 16:45,47,27,20,0,0,0
2020-05-10 17:00,50,33,17,0,0,0
2020-05-10 17:15,52,36,16,0,0,0
2020-05-10 17:30,47,28,19,0,0,0
2020-05-10 17:45,65,42,23,0,0,0
2020-05-10 18:00,58,23,35,0,0,0
2020-05-10 18:15,47,25,22,0,0,0
2020-05-10 18:30,45,24,21,0,0,0
2020-05-10 18:45,49,35,14,0,0,0
2020-05-10 19:00,35,19,16,0,0,0
2020-05-10 19:15,31,21,10,0,0,0
2020-05-10 19:30,22,9,13,0,0,0
2020-05-10 19:45,29,17,12,0,0,0
2020-05-10 20:00,29,15,14,0,0,0
2020-05-10 20:15,21,11,10,0,0,0
2020-05-10 20:30,18,7,11,0,0,0
2020-05-10 20:45,16,10,6,0,0,0
2020-05-10 21:00,9,4,5,0,0,0
2020-05-10 21:15,15,11,4,0,0,0
2020-05-10 21:30,10,7,3,0,0,0
2020-05-10 21:45,12,9,3,0,0,0
2020-05-10 22:00,12,5,7,0,0,0
2020-05-10 22:15,7,4,3,0,0,0
2020-05-10 22:30,8,2,6,0,0,0
2020-05-10 22:45,5,4,1,0,0,0
2020-05-10 23:00,7,4,3,0,0,0
2020-05-10 23:15,7,0,7,0,0,0
2020-05-10 23:30,5,4,1,0,0,0
2020-05-10 23:45,1,1,0,0,0,0
2020-05-11 00:00,2,2,0,0,0,0
2020-05-11 00:15,3,2,1,0,0,0
2020-05-11 00:30,1,0,1,0,0,0
2020-05-11 00:45,2,1,1,0,0,0
2020-05-11 01:00,3,1,2,0,0,0
2020-05-11 01:15,0,0,0,0,0,0
2020-05-11 01:30,3,2,1,0,0,0
2020-05-11 01:45,2,1,1,0,0,0
2020-05-11 02:00,0,0,0,0,0,0
2020-05-11 02:15,0,0,0,0,0,0
2020-05-11 02:30,0,0,0,0,0,0
2020-05-11 02:45,0,0,0,0,0,0
2020-05-11 03:00,0,0,0,0,0,0
2020-05-11 03:15,0,0,0,0,0,0
2020-05-11 03:30,1,1,0,0,0,0
2020-05-11 03:45,0,0,0,0,0,0
2020-05-11 04:00,0,0,0,0,0,0
2020-05-11 04:15,0,0,0,0,0,0
2020-05-11 04:30,0,0,0,0,0,0
2020-05-11 04:45,1,1,0,0,0,0
2020-05-11 05:00,0,0,0,0,0,0
2020-05-11 05:15,5,3,2,0,0,0
2020-05-11 05:30,15,11,4,0,0,0
2020-05-11 05:45,16,11,5,0,0,0
2020-05-11 06:00,13,8,5,0,0,0
2020-05-11 06:15,24,11,13,0,0,0
2020-05-11 06:30,36,21,15,0,0,0
2020-05-11 06:45,66,47,19,0,0,0
2020-05-11 07:00,70,49,21,0,0,0
2020-05-11 07:15,97,61,36,0,0,0
2020-05-11 07:30,121,99,22,0,0,0
2020-05-11 07:45,135,92,43,0,0,0
2020-05-11 08:00,73,59,14,0,0,0
2020-05-11 08:15,92,70,22,0,0,0
2020-05-11 08:30,103,80,23,0,0,0
2020-05-11 08:45,102,68,34,0,0,0
2020-05-11 09:00,70,54,16,0,0,0
2020-05-11 09:15,63,43,20,0,0,0
2020-05-11 09:30,78,51,27,0,0,0
2020-05-11 09:45,76,56,20,0,0,0
2020-05-11 10:00,65,42,23,0,0,0
2020-05-11 10:15,83,60,23,0,0,0
2020-05-11 10:30,91,74,17,0,0,0
2020-05-11 10:45,81,59,22,0,0,0
2020-05-11 11:00,68,38,30,0,0,0
2020-05-11 11:15,86,53,33,0,0,0
2020-05-11 11:30,80,46,34,0,0,0
2020-05-11 11:45,87,55,32,0,0,0
2020-05-11 12:00,83,48,35,0,0,0
2020-05-11 12:15,81,47,34,0,0,0
2020-05-11 12:30,73,45,28,0,0,0
2020-05-11 12:45,108,49,59,0,0,0
2020-05-11 13:00,82,45,37,0,0,0
2020-05-11 13:15,103,55,48,0,0,0
2020-05-11 13:30,87,47,40,0,0,0
2020-05-11 13:45,108,63,45,0,0,0
2020-05-11 14:00,92,57,35,0,0,0
2020-05-11 14:15,94,49,45,0,0,0
2020-05-11 14:30,97,56,41,0,0,0
2020-05-11 14:45,100,62,38,0,0,0
2020-05-11 15:00,90,52,38,0,0,0
2020-05-11 15:15,95,50,45,0,0,0
2020-05-11 15:30,127,64,63,0,0,0
2020-05-11 15:45,121,79,42,0,0,0
2020-05-11 16:00,121,67,54,0,0,0
2020-05-11 16:15,141,81,60,0,0,0
2020-05-11 16:30,136,82,54,0,0,0
2020-05-11 16:45,146,71,75,0,0,0
2020-05-11 17:00,149,64,85,0,0,0
2020-05-11 17:15,142,80,62,0,0,0
2020-05-11 17:30,120,65,55,0,0,0
2020-05-11 17:45,144,65,79,0,0,0
2020-05-11 18:00,104,46,58,0,0,0
2020-05-11 18:15,90,36,54,0,0,0
2020-05-11 18:30,81,38,43,0,0,0
2020-05-11 18:45,87,40,47,0,0,0
2020-05-11 19:00,74,31,43,0,0,0
2020-05-11 19:15,49,21,28,0,0,0
2020-05-11 19:30,53,21,32,0,0,0
2020-05-11 19:45,51,19,32,0,0,0
2020-05-11 20:00,48,18,30,0,0,0
2020-05-11 20:15,36,22,14,0,0,0
2020-05-11 20:30,18,7,11,0,0,0
2020-05-11 20:45,26,12,14,0,0,0
2020-05-11 21:00,36,21,15,0,0,0
2020-05-11 21:15,22,14,8,0,0,0
2020-05-11 21:30,16,9,7,0,0,0
2020-05-11 21:45,19,13,6,0,0,0
2020-05-11 22:00,9,3,6,0,0,0
2020-05-11 22:15,22,13,9,0,0,0
2020-05-11 22:30,15,10,5,0,0,0
2020-05-11 22:45,17,6,11,0,0,0
2020-05-11 23:00,12,7,5,0,0,0
2020-05-11 23:15,6,3,3,0,0,0
2020-05-11 23:30,4,2,2,0,0,0
2020-05-11 23:45,5,3,2,0,0,0
2020-05-12 00:00,9,6,3,0,0,0
2020-05-12 00:15,4,2,2,0,0,0
2020-05-12 00:30,8,2,6,0,0,0
2020-05-12 00:45,5,3,2,0,0,0
2020-05-12 01:00,5,1,4,0,0,0
2020-05-12 01:15,5,3,2,0,0,0
2020-05-12 01:30,1,0,1,0,0,0
2020-05-12 01:45,3,2,1,0,0,0
2020-05-12 02:00,0,0,0,0,0,0
2020-05-12 02:15,2,0,2,0,0,0
2020-05-12 02:30,1,1,0,0,0,0
2020-05-12 02:45,0,0,0,0,0,0
2020-05-12 03:00,0,0,0,0,0,0
2020-05-12 03:15,0,0,0,0,0,0
2020-05-12 03:30,1,0,1,0,0,0
2020-05-12 03:45,0,0,0,0,0,0
2020-05-12 04:00,0,0,0,0,0,0
2020-05-12 04:15,1,0,1,0,0,0
2020-05-12 04:30,0,0,0,0,0,0
2020-05-12 04:45,2,2,0,0,0,0
2020-05-12 05:00,1,0,1,0,0,0
2020-05-12 05:15,4,2,2,0,0,0
2020-05-12 05:30,12,7,5,0,0,0
2020-05-12 05:45,17,8,9,0,0,0
2020-05-12 06:00,15,10,5,0,0,0
2020-05-12 06:15,29,20,9,0,0,0
2020-05-12 06:30,34,21,13,0,0,0
2020-05-12 06:45,52,33,19,0,0,0
2020-05-12 07:00,77,52,25,0,0,0
2020-05-12 07:15,100,60,40,0,0,0
2020-05-12 07:30,132,106,26,0,0,0
2020-05-12 07:45,130,89,41,0,0,0
2020-05-12 08:00,101,74,27,0,0,0
2020-05-12 08:15,113,90,23,0,0,0
2020-05-12 08:30,91,69,22,0,0,0
2020-05-12 08:45,132,93,39,0,0,0
2020-05-12 09:00,78,54,24,0,0,0
2020-05-12 09:15,88,62,26,0,0,0
2020-05-12 09:30,76,51,25,0,0,0
2020-05-12 09:45,94,65,29,0,0,0
2020-05-12 10:00,64,38,26,0,0,0
2020-05-12 10:15,83,52,31,0,0,0
2020-05-12 10:30,88,49,39,0,0,0
2020-05-12 10:45,100,65,35,0,0,0
2020-05-12 11:00,78,54,24,0,0,0
2020-05-12 11:15,76,44,32,0,0,0
2020-05-12 11:30,85,54,31,0,0,0
2020-05-12 11:45,104,58,46,0,0,0
2020-05-12 12:00,90,48,42,0,0,0
2020-05-12 12:15,111,65,46,0,0,0
2020-05-12 12:30,116,61,55,0,0,0
2020-05-12 12:45,109,59,50,0,0,0
2020-05-12 13:00,112,55,57,0,0,0
2020-05-12 13:15,108,63,45,0,0,0
2020-05-12 13:30,89,53,36,0,0,0
2020-05-12 13:45,121,75,46,0,0,0
2020-05-12 14:00,100,59,41,0,0,0
2020-05-12 14:15,96,58,38,0,0,0
2020-05-12 14:30,136,79,57,0,0,0
2020-05-12 14:45,128,86,42,0,0,0
2020-05-12 15:00,105,61,44,0,0,0
2020-05-12 15:15,129,73,56,0,0,0
2020-05-12 15:30,135,75,60,0,0,0
2020-05-12 15:45,126,81,45,0,0,0
2020-05-12 16:00,153,86,67,0,0,0
2020-05-12 16:15,176,89,87,0,0,0
2020-05-12 16:30,159,91,68,0,0,0
2020-05-12 16:45,146,75,71,0,0,0
2020-05-12 17:00,135,67,68,0,0,0
2020-05-12 17:15,131,58,73,0,0,0
2020-05-12 17:30,137,83,54,0,0,0
2020-05-12 17:45,122,56,66,0,0,0
2020-05-12 18:00,129,53,76,0,0,0
2020-05-12 18:15,116,56,60,0,0,0
2020-05-12 18:30,93,37,56,0,0,0
2020-05-12 18:45,68,29,39,0,0,0
2020-05-12 19:00,68,32,36,0,0,0
2020-05-12 19:15,50,32,18,0,0,0
2020-05-12 19:30,53,25,28,0,0,0
2020-05-12 19:45,47,27,20,0,0,0
2020-05-12 20:00,47,22,25,0,0,0
2020-05-12 20:15,22,12,10,0,0,0
2020-05-12 20:30,31,13,18,0,0,0
2020-05-12 20:45,27,15,12,0,0,0
2020-05-12 21:00,21,9,12,0,0,0
2020-05-12 21:15,22,9,13,0,0,0
2020-05-12 21:30,27,14,13,0,0,0
2020-05-12 21:45,20,7,13,0,0,0
2020-05-12 22:00,24,14,10,0,0,0
2020-05-12 22:15,12,4,8,0,0,0
2020-05-12 22:30,15,8,7,0,0,0
2020-05-12 22:45,16,7,9,0,0,0
2020-05-12 23:00,5,0,5,0,0,0
2020-05-12 23:15,16,7,9,0,0,0
2020-05-12 23:30,8,4,4,0,0,0
2020-05-12 23:45,10,7,3,0,0,0
2020-05-13 00:00,2,0,2,0,0,0
2020-05-13 00:15,7,5,2,0,0,0
2020-05-13 00:30,2,1,1,0,0,0
2020-05-13 00:45,2,1,1,0,0,0
2020-05-13 01:00,3,1,2,0,0,0
2020-05-13 01:15,2,0,2,0,0,0
2020-05-13 01:30,1,1,0,0,0,0
2020-05-13 01:45,5,2,3,0,0,0
2020-05-13 02:00,3,3,0,0,0,0
2020-05-13 02:15,1,0,1,0,0,0
2020-05-13 02:30,0,0,0,0,0,0
2020-05-13 02:45,0,0,0,0,0,0
2020-05-13 03:00,0,0,0,0,0,0
2020-05-13 03:15,2,1,1,0,0,0
2020-05-13 03:30,0,0,0,0,0,0
2020-05-13 03:45,1,0,1,0,0,0
2020-05-13 04:00,0,0,0,0,0,0
2020-05-13 04:15,1,0,1,0,0,0
2020-05-13 04:30,0,0,0,0,0,0
2020-05-13 04:45,2,2,0,0,0,0
2020-05-13 05:00,0,0,0,0,0,0
2020-05-13 05:15,4,3,1,0,0,0
2020-05-13 05:30,14,8,6,0,0,0
2020-05-13 05:45,20,13,7,0,0,0
2020-05-13 06:00,19,13,6,0,0,0
2020-05-13 06:15,26,15,11,0,0,0
2020-05-13 06:30,56,35,21,0,0,0
2020-05-13 06:45,43,30,13,0,0,0
2020-05-13 07:00,79,59,20,0,0,0
2020-05-13 07:15,95,55,40,0,0,0
2020-05-13 07:30,147,104,43,0,0,0
2020-05-13 07:45,147,98,49,0,0,0
2020-05-13 08:00,120,88,32,0,0,0
2020-05-13 08:15,131,98,33,0,0,0
2020-05-13 08:30,124,97,27,0,0,0
2020-05-13 08:45,119,80,39,0,0,0
2020-05-13 09:00,96,72,24,0,0,0
2020-05-13 09:15,116,87,29,0,0,0
2020-05-13 09:30,111,78,33,0,0,0
2020-05-13 09:45,110,83,27,0,0,0
2020-05-13 10:00,105,76,29,0,0,0
2020-05-13 10:15,121,80,41,0,0,0
2020-05-13 10:30,125,83,42,0,0,0
2020-05-13 10:45,125,82,43,0,0,0
2020-05-13 11:00,119,78,41,0,0,0
2020-05-13 11:15,122,82,40,0,0,0
2020-05-13 11:30,119,72,47,0,0,0
2020-05-13 11:45,132,69,63,0,0,0
2020-05-13 12:00,144,80,64,0,0,0
2020-05-13 12:15,162,110,52,0,0,0
2020-05-13 12:30,178,85,93,0,0,0
2020-05-13 12:45,159,77,82,0,0,0
2020-05-13 13:00,125,59,66,0,0,0
2020-05-13 13:15,134,70,64,0,0,0
2020-05-13 13:30,128,71,57,0,0,0
2020-05-13 13:45,137,77,60,0,0,0
2020-05-13 14:00,132,67,65,0,0,0
2020-05-13 14:15,115,60,55,0,0,0
2020-05-13 14:30,151,88,63,0,0,0
2020-05-13 14:45,134,70,64,0,0,0
2020-05-13 15:00,99,55,44,0,0,0
2020-05-13 15:15,101,52,49,0,0,0
2020-05-13 15:30,132,69,63,0,0,0
2020-05-13 15:45,118,73,45,0,0,0
2020-05-13 16:00,145,83,62,0,0,0
2020-05-13 16:15,161,94,67,0,0,0
2020-05-13 16:30,129,79,50,0,0,0
2020-05-13 16:45,162,78,84,0,0,0
2020-05-13 17:00,123,60,63,0,0,0
2020-05-13 17:15,145,70,75,0,0,0
2020-05-13 17:30,122,54,68,0,0,0
2020-05-13 17:45,108,59,49,0,0,0
2020-05-13 18:00,129,52,77,0,0,0
2020-05-13 18:15,100,49,51,0,0,0
2020-05-13 18:30,78,27,51,0,0,0
2020-05-13 18:45,84,48,36,0,0,0
2020-05-13 19:00,71,24,47,0,0,0
2020-05-13 19:15,61,26,35,0,0,0
2020-05-13 19:30,59,21,38,0,0,0
2020-05-13 19:45,42,21,21,0,0,0
2020-05-13 20:00,68,31,37,0,0,0
2020-05-13 20:15,27,8,19,0,0,0
2020-05-13 20:30,19,11,8,0,0,0
2020-05-13 20:45,27,19,8,0,0,0
2020-05-13 21:00,19,13,6,0,0,0
2020-05-13 21:15,24,11,13,0,0,0
2020-05-13 21:30,21,15,6,0,0,0
2020-05-13 21:45,17,11,6,0,0,0
2020-05-13 22:00,27,17,10,0,0,0
2020-05-13 22:15,15,6,9,0,0,0
2020-05-13 22:30,19,8,11,0,0,0
2020-05-13 22:45,16,8,8,0,0,0
2020-05-13 23:00,8,5,3,0,0,0
2020-05-13 23:15,7,1,6,0,0,0
2020-05-13 23:30,14,11,3,0,0,0
2020-05-13 23:45,14,9,5,0,0,0
2020-05-14 00:00,3,2,1,0,0,0
2020-05-14 00:15,3,1,2,0,0,0
2020-05-14 00:30,3,3,0,0,0,0
2020-05-14 00:45,8,6,2,0,0,0
2020-05-14 01:00,6,3,3,0,0,0
2020-05-14 01:15,1,0,1,0,0,0
2020-05-14 01:30,1,1,0,0,0,0
2020-05-14 01:45,5,2,3,0,0,0
2020-05-14 02:00,4,1,3,0,0,0
2020-05-14 02:15,0,0,0,0,0,0
2020-05-14 02:30,1,1,0,0,0,0
2020-05-14 02:45,0,0,0,0,0,0
2020-05-14 03:00,3,2,1,0,0,0
2020-05-14 03:15,1,1,0,0,0,0
2020-05-14 03:30,1,1,0,0,0,0
2020-05-14 03:45,0,0,0,0,0,0
2020-05-14 04:00,0,0,0,0,0,0
2020-05-14 04:15,2,0,2,0,0,0
2020-05-14 04:30,1,0,1,0,0,0
2020-05-14 04:45,1,1,0,0,0,0
2020-05-14 05:00,0,0,0,0,0,0
2020-05-14 05:15,3,2,1,0,0,0
2020-05-14 05:30,7,4,3,0,0,0
2020-05-14 05:45,18,10,8,0,0,0
2020-05-14 06:00,8,5,3,0,0,0
2020-05-14 06:15,24,13,11,0,0,0
2020-05-14 06:30,40,32,8,0,0,0
2020-05-14 06:45,60,38,22,0,0,0
2020-05-14 07:00,75,61,14,0,0,0
2020-05-14 07:15,90,59,31,0,0,0
2020-05-14 07:30,118,82,36,0,0,0
2020-05-14 07:45,133,96,37,0,0,0
2020-05-14 08:00,88,71,17,0,0,0
2020-05-14 08:15,106,82,24,0,0,0
2020-05-14 08:30,113,90,23,0,0,0
2020-05-14 08:45,112,91,21,0,0,0
2020-05-14 09:00,89,69,20,0,0,0
2020-05-14 09:15,107,75,32,0,0,0
2020-05-14 09:30,74,57,17,0,0,0
2020-05-14 09:45,100,68,32,0,0,0
2020-05-14 10:00,79,47,32,0,0,0
2020-05-14 10:15,99,60,39,0,0,0
2020-05-14 10:30,95,68,27,0,0,0
2020-05-14 10:45,102,72,30,0,0,0
2020-05-14 11:00,93,63,30,0,0,0
2020-05-14 11:15,97,60,37,0,0,0
2020-05-14 11:30,112,66,46,0,0,0
2020-05-14 11:45,101,63,38,0,0,0
2020-05-14 12:00,90,60,30,0,0,0
2020-05-14 12:15,95,60,35,0,0,0
2020-05-14 12:30,111,72,39,0,0,0
2020-05-14 12:45,103,59,44,0,0,0
2020-05-14 13:00,101,43,58,0,0,0
2020-05-14 13:15,119,69,50,0,0,0
2020-05-14 13:30,128,88,40,0,0,0
2020-05-14 13:45,145,83,62,0,0,0
2020-05-14 14:00,112,62,50,0,0,0
2020-05-14 14:15,110,61,49,0,0,0
2020-05-14 14:30,113,67,46,0,0,0
2020-05-14 14:45,133,87,46,0,0,0
2020-05-14 15:00,118,68,50,0,0,0
2020-05-14 15:15,144,81,63,0,0,0
2020-05-14 15:30,141,86,55,0,0,0
2020-05-14 15:45,168,103,65,0,0,0
2020-05-14 16:00,157,89,68,0,0,0
2020-05-14 16:15,179,120,59,0,0,0
2020-05-14 16:30,149,84,65,0,0,0
2020-05-14 16:45,162,92,70,0,0,0
2020-05-14 17:00,168,93,75,0,0,0
2020-05-14 17:15,148,70,78,0,0,0
2020-05-14 17:30,159,81,78,0,0,0
2020-05-14 17:45,169,89,80,0,0,0
2020-05-14 18:00,126,46,80,0,0,0
2020-05-14 18:15,122,55,67,0,0,0
2020-05-14 18:30,113,43,70,0,0,0
2020-05-14 18:45,113,47,66,0,0,0
2020-05-14 19:00,88,28,60,0,0,0
2020-05-14 19:15,78,33,45,0,0,0
2020-05-14 19:30,79,29,50,0,0,0
2020-05-14 19:45,64,35,29,0,0,0
2020-05-14 20:00,78,34,44,0,0,0
2020-05-14 20:15,38,13,25,0,0,0
2020-05-14 20:30,30,17,13,0,0,0
2020-05-14 20:45,37,17,20,0,0,0
2020-05-14 21:00,48,27,21,0,0,0
2020-05-14 21:15,31,10,21,0,0,0
2020-05-14 21:30,26,16,10,0,0,0
2020-05-14 21:45,17,9,8,0,0,0
2020-05-14 22:00,19,8,11,0,0,0
2020-05-14 22:15,11,6,5,0,0,0
2020-05-14 22:30,25,12,13,0,0,0
2020-05-14 22:45,28,14,14,0,0,0
2020-05-14 23:00,19,13,6,0,0,0
2020-05-14 23:15,14,9,5,0,0,0
2020-05-14 23:30,19,9,10,0,0,0
2020-05-14 23:45,13,5,8,0,0,0
2020-05-15 00:00,10,4,6,0,0,0
2020-05-15 00:15,11,10,1,0,0,0
2020-05-15 00:30,5,1,4,0,0,0
2020-05-15 00:45,4,2,2,0,0,0
2020-05-15 01:00,9,7,2,0,0,0
2020-05-15 01:15,1,1,0,0,0,0
2020-05-15 01:30,4,1,3,0,0,0
2020-05-15 01:45,4,3,1,0,0,0
2020-05-15 02:00,1,1,0,0,0,0
2020-05-15 02:15,0,0,0,0,0,0
2020-05-15 02:30,4,3,1,0,0,0
2020-05-15 02:45,2,0,2,0,0,0
2020-05-15 03:00,0,0,0,0,0,0
2020-05-15 03:15,0,0,0,0,0,0
2020-05-15 03:30,0,0,0,0,0,0
2020-05-15 03:45,1,0,1,0,0,0
2020-05-15 04:00,1,0,1,0,0,0
2020-05-15 04:15,0,0,0,0,0,0
2020-05-15 04:30,0,0,0,0,0,0
2020-05-15 04:45,3,2,1,0,0,0
2020-05-15 05:00,0,0,0,0,0,0
2020-05-15 05:15,3,2,1,0,0,0
2020-05-15 05:30,7,5,2,0,0,0
2020-05-15 05:45,17,10,7,0,0,0
2020-05-15 06:00,15,10,5,0,0,0
2020-05-15 06:15,24,16,8,0,0,0
2020-05-15 06:30,38,23,15,0,0,0
2020-05-15 06:45,57,44,13,0,0,0
2020-05-15 07:00,79,59,20,0,0,0
2020-05-15 07:15,103,60,43,0,0,0
2020-05-15 07:30,136,100,36,0,0,0
2020-05-15 07:45,135,87,48,0,0,0
2020-05-15 08:00,103,80,23,0,0,0
2020-05-15 08:15,95,70,25,0,0,0
2020-05-15 08:30,105,74,31,0,0,0
2020-05-15 08:45,92,68,24,0,0,0
2020-05-15 09:00,85,59,26,0,0,0
2020-05-15 09:15,79,62,17,0,0,0
2020-05-15 09:30,95,72,23,0,0,0
2020-05-15 09:45,107,82,25,0,0,0
2020-05-15 10:00,89,65,24,0,0,0
2020-05-15 10:15,93,66,27,0,0,0
2020-05-15 10:30,83,59,24,0,0,0
2020-05-15 10:45,106,73,33,0,0,0
2020-05-15 11:00,98,65,33,0,0,0
2020-05-15 11:15,102,61,41,0,0,0
2020-05-15 11:30,114,67,47,0,0,0
2020-05-15 11:45,124,75,49,0,0,0
2020-05-15 12:00,114,77,37,0,0,0
2020-05-15 12:15,101,51,50,0,0,0
2020-05-15 12:30,118,62,56,0,0,0
2020-05-15 12:45,141,81,60,0,0,0
2020-05-15 13:00,122,71,51,0,0,0
2020-05-15 13:15,142,83,59,0,0,0
2020-05-15 13:30,112,61,51,0,0,0
2020-05-15 13:45,153,94,59,0,0,0
2020-05-15 14:00,137,79,58,0,0,0
2020-05-15 14:15,136,80,56,0,0,0
2020-05-15 14:30,146,77,69,0,0,0
2020-05-15 14:45,147,81,66,0,0,0
2020-05-15 15:00,129,67,62,0,0,0
2020-05-15 15:15,121,59,62,0,0,0
2020-05-15 15:30,151,82,69,0,0,0
2020-05-15 15:45,142,74,68,0,0,0
2020-05-15 16:00,142,79,63,0,0,0
2020-05-15 16:15,138,84,54,0,0,0
2020-05-15 16:30,127,73,54,0,0,0
2020-05-15 16:45,140,78,62,0,0,0
2020-05-15 17:00,103,56,47,0,0,0
2020-05-15 17:15,119,67,52,0,0,0
2020-05-15 17:30,128,81,47,0,0,0
2020-05-15 17:45,145,69,76,0,0,0
2020-05-15 18:00,106,54,52,0,0,0
2020-05-15 18:15,110,43,67,0,0,0
2020-05-15 18:30,96,41,55,0,0,0
2020-05-15 18:45,109,49,60,0,0,0
2020-05-15 19:00,85,27,58,0,0,0
2020-05-15 19:15,88,34,54,0,0,0
2020-05-15 19:30,69,32,37,0,0,0
2020-05-15 19:45,75,41,34,0,0,0
2020-05-15 20:00,50,22,28,0,0,0
2020-05-15 20:15,58,25,33,0,0,0
2020-05-15 20:30,21,10,11,0,0,0
2020-05-15 20:45,28,16,12,0,0,0
2020-05-15 21:00,32,19,13,0,0,0
2020-05-15 21:15,24,13,11,0,0,0
2020-05-15 21:30,26,14,12,0,0,0
2020-05-15 21:45,23,12,11,0,0,0
2020-05-15 22:00,22,15,7,0,0,0
2020-05-15 22:15,32,16,16,0,0,0
2020-05-15 22:30,23,14,9,0,0,0
2020-05-15 22:45,26,14,12,0,0,0
2020-05-15 23:00,23,14,9,0,0,0
2020-05-15 23:15,22,13,9,0,0,0
2020-05-15 23:30,14,10,4,0,0,0
2020-05-15 23:45,21,14,7,0,0,0
2020-05-16 00:00,21,13,8,0,0,0
2020-05-16 00:15,13,9,4,0,0,0
2020-05-16 00:30,11,5,6,0,0,0
2020-05-16 00:45,12,6,6,0,0,0
2020-05-16 01:00,17,9,8,0,0,0
2020-05-16 01:15,16,11,5,0,0,0
2020-05-16 01:30,4,2,2,0,0,0
2020-05-16 01:45,2,1,1,0,0,0
2020-05-16 02:00,6,3,3,0,0,0
2020-05-16 02:15,2,2,0,0,0,0
2020-05-16 02:30,9,4,5,0,0,0
2020-05-16 02:45,5,3,2,0,0,0
2020-05-16 03:00,2,0,2,0,0,0
2020-05-16 03:15,5,2,3,0,0,0
2020-05-16 03:30,3,2,1,0,0,0
2020-05-16 03:45,3,2,1,0,0,0
2020-05-16 04:00,2,0,2,0,0,0
2020-05-16 04:15,1,0,1,0,0,0
2020-05-16 04:30,1,1,0,0,0,0
2020-05-16 04:45,2,1,1,0,0,0
2020-05-16 05:00,2,1,1,0,0,0
2020-05-16 05:15,1,0,1,0,0,0
2020-05-16 05:30,1,1,0,0,0,0
2020-05-16 05:45,8,6,2,0,0,0
2020-05-16 06:00,6,6,0,0,0,0
2020-05-16 06:15,5,4,1,0,0,0
2020-05-16 06:30,12,9,3,0,0,0
2020-05-16 06:45,18,15,3,0,0,0
2020-05-16 07:00,19,15,4,0,0,0
2020-05-16 07:15,26,18,8,0,0,0
2020-05-16 07:30,41,29,12,0,0,0
2020-05-16 07:45,37,22,15,0,0,0
2020-05-16 08:00,44,31,13,0,0,0
2020-05-16 08:15,46,34,12,0,0,0
2020-05-16 08:30,56,44,12,0,0,0
2020-05-16 08:45,75,48,27,0,0,0
2020-05-16 09:00,66,45,21,0,0,0
2020-05-16 09:15,89,57,32,0,0,0
2020-05-16 09:30,110,78,32,0,0,0
2020-05-16 09:45,113,85,28,0,0,0
2020-05-16 10:00,130,95,35,0,0,0
2020-05-16 10:15,130,96,34,0,0,0
2020-05-16 10:30,143,100,43,0,0,0
2020-05-16 10:45,131,83,48,0,0,0
2020-05-16 11:00,166,113,53,0,0,0
2020-05-16 11:15,140,100,40,0,0,0
2020-05-16 11:30,149,91,58,0,0,0
2020-05-16 11:45,170,111,59,0,0,0
2020-05-16 12:00,193,123,70,0,0,0
2020-05-16 12:15,174,109,65,0,0,0
2020-05-16 12:30,196,119,77,0,0,0
2020-05-16 12:45,150,78,72,0,0,0
2020-05-16 13:00,169,82,87,0,0,0
2020-05-16 13:15,149,65,84,0,0,0
2020-05-16 13:30,186,99,87,0,0,0
2020-05-16 13:45,174,75,99,0,0,0
2020-05-16 14:00,159,87,72,0,0,0
2020-05-16 14:15,165,86,79,0,0,0
2020-05-16 14:30,143,69,74,0,0,0
2020-05-16 14:45,175,82,93,0,0,0
2020-05-16 15:00,137,66,71,0,0,0
2020-05-16 15:15,143,68,75,0,0,0
2020-05-16 15:30,122,59,63,0,0,0
2020-05-16 15:45,135,81,54,0,0,0
2020-05-16 16:00,106,48,58,0,0,0
2020-05-16 16:15,99,53,46,0,0,0
2020-05-16 16:30,98,61,37,0,0,0
2020-05-16 16:45,104,60,44,0,0,0
2020-05-16 17:00,91,56,35,0,0,0
2020-05-16 17:15,79,46,33,0,0,0
2020-05-16 17:30,101,57,44,0,0,0
2020-05-16 17:45,108,57,51,0,0,0
2020-05-16 18:00,126,56,70,0,0,0
2020-05-16 18:15,100,50,50,0,0,0
2020-05-16 18:30,72,29,43,0,0,0
2020-05-16 18:45,111,58,53,0,0,0
2020-05-16 19:00,75,24,51,0,0,0
2020-05-16 19:15,72,38,34,0,0,0
2020-05-16 19:30,73,37,36,0,0,0
2020-05-16 19:45,72,47,25,0,0,0
2020-05-16 20:00,66,41,25,0,0,0
2020-05-16 20:15,42,22,20,0,0,0
2020-05-16 20:30,42,21,21,0,0,0
2020-05-16 20:45,35,22,13,0,0,0
2020-05-16 21:00,43,24,19,0,0,0
2020-05-16 21:15,25,13,12,0,0,0
2020-05-16 21:30,35,17,18,0,0,0
2020-05-16 21:45,10,5,5,0,0,0
2020-05-16 22:00,15,6,9,0,0,0
2020-05-16 22:15,23,15,8,0,0,0
2020-05-16 22:30,22,13,9,0,0,0
2020-05-16 22:45,34,24,10,0,0,0
2020-05-16 23:00,23,7,16,0,0,0
2020-05-16 23:15,29,17,12,0,0,0
2020-05-16 23:30,29,14,15,0,0,0
2020-05-16 23:45,24,11,13,0,0,0
2020-05-17 00:00,25,11,14,0,0,0
2020-05-17 00:15,31,20,11,0,0,0
2020-05-17 00:30,18,10,8,0,0,0
2020-05-17 00:45,23,15,8,0,0,0
2020-05-17 01:00,21,12,9,0,0,0
2020-05-17 01:15,11,7,4,0,0,0
2020-05-17 01:30,8,2,6,0,0,0
2020-05-17 01:45,20,15,5,0,0,0
2020-05-17 02:00,14,5,9,0,0,0
2020-05-17 02:15,12,6,6,0,0,0
2020-05-17 02:30,8,5,3,0,0,0
2020-05-17 02:45,4,2,2,0,0,0
2020-05-17 03:00,8,7,1,0,0,0
2020-05-17 03:15,4,1,3,0,0,0
2020-05-17 03:30,3,3,0,0,0,0
2020-05-17 03:45,1,0,1,0,0,0
2020-05-17 04:00,2,0,2,0,0,0
2020-05-17 04:15,3,1,2,0,0,0
2020-05-17 04:30,1,1,0,0,0,0
2020-05-17 04:45,0,0,0,0,0,0
2020-05-17 05:00,2,0,2,0,0,0
2020-05-17 05:15,1,1,0,0,0,0
2020-05-17 05:30,2,0,2,0,0,0
2020-05-17 05:45,2,1,1,0,0,0
2020-05-17 06:00,4,3,1,0,0,0
2020-05-17 06:15,4,4,0,0,0,0
2020-05-17 06:30,7,5,2,0,0,0
2020-05-17 06:45,2,1,1,0,0,0
2020-05-17 07:00,7,6,1,0,0,0
2020-05-17 07:15,4,3,1,0,0,0
2020-05-17 07:30,3,0,3,0,0,0
2020-05-17 07:45,11,8,3,0,0,0
2020-05-17 08:00,13,8,5,0,0,0
2020-05-17 08:15,13,11,2,0,0,0
2020-05-17 08:30,16,14,2,0,0,0
2020-05-17 08:45,19,14,5,0,0,0
2020-05-17 09:00,25,20,5,0,0,0
2020-05-17 09:15,28,19,9,0,0,0
2020-05-17 09:30,30,23,7,0,0,0
2020-05-17 09:45,41,32,9,0,0,0
2020-05-17 10:00,40,26,14,0,0,0
2020-05-17 10:15,43,23,20,0,0,0
2020-05-17 10:30,45,24,21,0,0,0
2020-05-17 10:45,58,36,22,0,0,0
2020-05-17 11:00,65,38,27,0,0,0
2020-05-17 11:15,66,38,28,0,0,0
2020-05-17 11:30,63,46,17,0,0,0
2020-05-17 11:45,54,33,21,0,0,0
2020-05-17 12:00,43,21,22,0,0,0
2020-05-17 12:15,75,49,26,0,0,0
2020-05-17 12:30,57,29,28,0,0,0
2020-05-17 12:45,81,42,39,0,0,0
2020-05-17 13:00,81,41,40,0,0,0
2020-05-17 13:15,64,39,25,0,0,0
2020-05-17 13:30,83,55,28,0,0,0
2020-05-17 13:45,117,67,50,0,0,0
2020-05-17 14:00,96,54,42,0,0,0
2020-05-17 14:15,105,53,52,0,0,0
2020-05-17 14:30,95,65,30,0,0,0
2020-05-17 14:45,116,61,55,0,0,0
2020-05-17 15:00,107,69,38,0,0,0
2020-05-17 15:15,97,67,30,0,0,0
2020-05-17 15:30,137,87,50,0,0,0
2020-05-17 15:45,95,63,32,0,0,0
2020-05-17 16:00,89,52,37,0,0,0
2020-05-17 16:15,89,50,39,0,0,0
2020-05-17 16:30,87,63,24,0,0,0
2020-05-17 16:45,76,46,30,0,0,0
2020-05-17 17:00,79,42,37,0,0,0
2020-05-17 17:15,96,63,33,0,0,0
2020-05-17 17:30,86,45,41,0,0,0
2020-05-17 17:45,87,50,37,0,0,0
2020-05-17 18:00,71,45,26,0,0,0
2020-05-17 18:15,60,38,22,0,0,0
2020-05-17 18:30,65,31,34,0,0,0
2020-05-17 18:45,64,32,32,0,0,0
2020-05-17 19:00,65,38,27,0,0,0
2020-05-17 19:15,39,25,14,0,0,0
2020-05-17 19:30,58,33,25,0,0,0
2020-05-17 19:45,60,34,26,0,0,0
2020-05-17 20:00,27,12,15,0,0,0
2020-05-17 20:15,34,20,14,0,0,0
2020-05-17 20:30,29,21,8,0,0,0
2020-05-17 20:45,25,16,9,0,0,0
2020-05-17 21:00,28,16,12,0,0,0
2020-05-17 21:15,21,11,10,0,0,0
2020-05-17 21:30,25,13,12,0,0,0
2020-05-17 21:45,23,16,7,0,0,0
2020-05-17 22:00,25,14,11,0,0,0
2020-05-17 22:15,12,8,4,0,0,0
2020-05-17 22:30,13,11,2,0,0,0
2020-05-17 22:45,10,6,4,0,0,0
2020-05-17 23:00,17,14,3,0,0,0
2020-05-17 23:15,9,6,3,0,0,0
2020-05-17 23:30,7,0,7,0,0,0
2020-05-17 23:45,3,2,1,0,0,0
2020-05-18 00:00,9,6,3,0,0,0
2020-05-18 00:15,3,2,1,0,0,0
2020-05-18 00:30,0,0,0,0,0,0
2020-05-18 00:45,0,0,0,0,0,0
2020-05-18 01:00,4,3,1,0,0,0
2020-05-18 01:15,2,1,1,0,0,0
2020-05-18 01:30,4,2,2,0,0,0
2020-05-18 01:45,1,1,0,0,0,0
2020-05-18 02:00,1,1,0,0,0,0
2020-05-18 02:15,0,0,0,0,0,0
2020-05-18 02:30,0,0,0,0,0,0
2020-05-18 02:45,2,1,1,0,0,0
2020-05-18 03:00,0,0,0,0,0,0
2020-05-18 03:15,0,0,0,0,0,0
2020-05-18 03:30,3,3,0,0,0,0
2020-05-18 03:45,0,0,0,0,0,0
2020-05-18 04:00,1,1,0,0,0,0
2020-05-18 04:15,1,0,1,0,0,0
2020-05-18 04:30,0,0,0,0,0,0
2020-05-18 04:45,3,3,0,0,0,0
2020-05-18 05:00,4,3,1,0,0,0
2020-05-18 05:15,3,2,1,0,0,0
2020-05-18 05:30,14,9,5,0,0,0
2020-05-18 05:45,15,4,11,0,0,0
2020-05-18 06:00,16,12,4,0,0,0
2020-05-18 06:15,27,16,11,0,0,0
2020-05-18 06:30,44,27,17,0,0,0
2020-05-18 06:45,70,46,24,0,0,0
2020-05-18 07:00,85,56,29,0,0,0
2020-05-18 07:15,103,67,36,0,0,0
2020-05-18 07:30,141,104,37,0,0,0
2020-05-18 07:45,146,105,41,0,0,0
2020-05-18 08:00,111,84,27,0,0,0
2020-05-18 08:15,104,82,22,0,0,0
2020-05-18 08:30,106,82,24,0,0,0
2020-05-18 08:45,115,79,36,0,0,0
2020-05-18 09:00,82,57,25,0,0,0
2020-05-18 09:15,81,55,26,0,0,0
2020-05-18 09:30,74,55,19,0,0,0
2020-05-18 09:45,98,67,31,0,0,0
2020-05-18 10:00,83,51,32,0,0,0
2020-05-18 10:15,81,56,25,0,0,0
2020-05-18 10:30,113,84,29,0,0,0
2020-05-18 10:45,123,92,31,0,0,0
2020-05-18 11:00,107,64,43,0,0,0
2020-05-18 11:15,106,62,44,0,0,0
2020-05-18 11:30,104,52,52,0,0,0
2020-05-18 11:45,113,64,49,0,0,0
2020-05-18 12:00,122,71,51,0,0,0
2020-05-18 12:15,94,46,48,0,0,0
2020-05-18 12:30,111,64,47,0,0,0
2020-05-18 12:45,112,62,50,0,0,0
2020-05-18 13:00,129,73,56,0,0,0
2020-05-18 13:15,119,63,56,0,0,0
2020-05-18 13:30,95,56,39,0,0,0
2020-05-18 13:45,134,77,57,0,0,0
2020-05-18 14:00,116,69,47,0,0,0
2020-05-18 14:15,122,80,42,0,0,0
2020-05-18 14:30,127,67,60,0,0,0
2020-05-18 14:45,146,90,56,0,0,0
2020-05-18 15:00,139,92,47,0,0,0
2020-05-18 15:15,129,75,54,0,0,0
2020-05-18 15:30,171,84,87,0,0,0
2020-05-18 15:45,194,97,97,0,0,0
2020-05-18 16:00,167,85,82,0,0,0
2020-05-18 16:15,176,83,93,0,0,0
2020-05-18 16:30,182,105,77,0,0,0
2020-05-18 16:45,180,97,83,0,0,0
2020-05-18 17:00,203,98,105,0,0,0
2020-05-18 17:15,171,83,88,0,0,0
2020-05-18 17:30,151,72,79,0,0,0
2020-05-18 17:45,185,96,89,0,0,0
2020-05-18 18:00,154,67,87,0,0,0
2020-05-18 18:15,167,78,89,0,0,0
2020-05-18 18:30,106,45,61,0,0,0
2020-05-18 18:45,122,54,68,0,0,0
2020-05-18 19:00,101,43,58,0,0,0
2020-05-18 19:15,95,39,56,0,0,0
2020-05-18 19:30,56,20,36,0,0,0
2020-05-18 19:45,61,19,42,0,0,0
2020-05-18 20:00,64,27,37,0,0,0
2020-05-18 20:15,51,14,37,0,0,0
2020-05-18 20:30,43,21,22,0,0,0
2020-05-18 20:45,28,14,14,0,0,0
2020-05-18 21:00,41,25,16,0,0,0
2020-05-18 21:15,34,17,17,0,0,0
2020-05-18 21:30,36,19,17,0,0,0
2020-05-18 21:45,20,6,14,0,0,0
2020-05-18 22:00,17,6,11,0,0,0
2020-05-18 22:15,26,17,9,0,0,0
2020-05-18 22:30,32,19,13,0,0,0
2020-05-18 22:45,21,12,9,0,0,0
2020-05-18 23:00,13,4,9,0,0,0
2020-05-18 23:15,7,4,3,0,0,0
2020-05-18 23:30,11,4,7,0,0,0
2020-05-18 23:45,5,4,1,0,0,0
2020-05-19 00:00,3,1,2,0,0,0
2020-05-19 00:15,4,2,2,0,0,0
2020-05-19 00:30,9,5,4,0,0,0
2020-05-19 00:45,3,0,3,0,0,0
2020-05-19 01:00,2,0,2,0,0,0
2020-05-19 01:15,3,1,2,0,0,0
2020-05-19 01:30,4,2,2,0,0,0
2020-05-19 01:45,3,2,1,0,0,0
2020-05-19 02:00,0,0,0,0,0,0
2020-05-19 02:15,2,1,1,0,0,0
2020-05-19 02:30,0,0,0,0,0,0
2020-05-19 02:45,0,0,0,0,0,0
2020-05-19 03:00,0,0,0,0,0,0
2020-05-19 03:15,0,0,0,0,0,0
2020-05-19 03:30,2,0,2,0,0,0
2020-05-19 03:45,3,1,2,0,0,0
2020-05-19 04:00,0,0,0,0,0,0
2020-05-19 04:15,5,1,4,0,0,0
2020-05-19 04:30,0,0,0,0,0,0
2020-05-19 04:45,2,2,0,0,0,0
2020-05-19 05:00,1,1,0,0,0,0
2020-05-19 05:15,5,2,3,0,0,0
2020-05-19 05:30,11,8,3,0,0,0
2020-05-19 05:45,19,10,9,0,0,0
2020-05-19 06:00,18,10,8,0,0,0
2020-05-19 06:15,19,8,11,0,0,0
2020-05-19 06:30,39,30,9,0,0,0
2020-05-19 06:45,79,53,26,0,0,0
2020-05-19 07:00,82,49,33,0,0,0
2020-05-19 07:15,90,52,38,0,0,0
2020-05-19 07:30,152,103,49,0,0,0
2020-05-19 07:45,156,109,47,0,0,0
2020-05-19 08:00,129,98,31,0,0,0
2020-05-19 08:15,128,98,30,0,0,0
2020-05-19 08:30,111,87,24,0,0,0
2020-05-19 08:45,130,93,37,0,0,0
2020-05-19 09:00,84,64,20,0,0,0
2020-05-19 09:15,88,63,25,0,0,0
2020-05-19 09:30,86,56,30,0,0,0
2020-05-19 09:45,122,89,33,0,0,0
2020-05-19 10:00,83,52,31,0,0,0
2020-05-19 10:15,115,84,31,0,0,0
2020-05-19 10:30,77,60,17,0,0,0
2020-05-19 10:45,115,85,30,0,0,0
2020-05-19 11:00,100,66,34,0,0,0
2020-05-19 11:15,85,50,35,0,0,0
2020-05-19 11:30,104,68,36,0,0,0
2020-05-19 11:45,96,47,49,0,0,0
2020-05-19 12:00,107,59,48,0,0,0
2020-05-19 12:15,85,55,30,0,0,0
2020-05-19 12:30,138,79,59,0,0,0
2020-05-19 12:45,122,63,59,0,0,0
2020-05-19 13:00,114,61,53,0,0,0
2020-05-19 13:15,111,58,53,0,0,0
2020-05-19 13:30,116,68,48,0,0,0
2020-05-19 13:45,136,73,63,0,0,0
2020-05-19 14:00,125,66,59,0,0,0
2020-05-19 14:15,112,64,48,0,0,0
2020-05-19 14:30,140,73,67,0,0,0
2020-05-19 14:45,140,79,61,0,0,0
2020-05-19 15:00,120,59,61,0,0,0
2020-05-19 15:15,138,91,47,0,0,0
2020-05-19 15:30,150,82,68,0,0,0
2020-05-19 15:45,171,99,72,0,0,0
2020-05-19 16:00,174,97,77,0,0,0
2020-05-19 16:15,209,127,82,0,0,0
2020-05-19 16:30,183,99,84,0,0,0
2020-05-19 16:45,187,113,74,0,0,0
2020-05-19 17:00,166,76,90,0,0,0
2020-05-19 17:15,163,78,85,0,0,0
2020-05-19 17:30,176,88,88,0,0,0
2020-05-19 17:45,173,89,84,0,0,0
2020-05-19 18:00,138,50,88,0,0,0
2020-05-19 18:15,134,56,78,0,0,0
2020-05-19 18:30,128,51,77,0,0,0
2020-05-19 18:45,106,40,66,0,0,0
2020-05-19 19:00,104,46,58,0,0,0
2020-05-19 19:15,86,33,53,0,0,0
2020-05-19 19:30,68,31,37,0,0,0
2020-05-19 19:45,64,29,35,0,0,0
2020-05-19 20:00,58,22,36,0,0,0
2020-05-19 20:15,52,21,31,0,0,0
2020-05-19 20:30,41,20,21,0,0,0
2020-05-19 20:45,39,15,24,0,0,0
2020-05-19 21:00,49,21,28,0,0,0
2020-05-19 21:15,33,18,15,0,0,0
2020-05-19 21:30,45,20,25,0,0,0
2020-05-19 21:45,33,20,13,0,0,0
2020-05-19 22:00,31,16,15,0,0,0
2020-05-19 22:15,25,19,6,0,0,0
2020-05-19 22:30,19,10,9,0,0,0
2020-05-19 22:45,21,10,11,0,0,0
2020-05-19 23:00,18,8,10,0,0,0
2020-05-19 23:15,16,8,8,0,0,0
2020-05-19 23:30,10,7,3,0,0,0
2020-05-19 23:45,9,3,6,0,0,0
2020-05-20 00:00,7,2,5,0,0,0
2020-05-20 00:15,5,2,3,0,0,0
2020-05-20 00:30,6,4,2,0,0,0
2020-05-20 00:45,5,3,2,0,0,0
2020-05-20 01:00,8,7,1,0,0,0
2020-05-20 01:15,2,1,1,0,0,0
2020-05-20 01:30,2,2,0,0,0,0
2020-05-20 01:45,4,4,0,0,0,0
2020-05-20 02:00,5,2,3,0,0,0
2020-05-20 02:15,0,0,0,0,0,0
2020-05-20 02:30,3,1,2,0,0,0
2020-05-20 02:45,1,0,1,0,0,0
2020-05-20 03:00,0,0,0,0,0,0
2020-05-20 03:15,0,0,0,0,0,0
2020-05-20 03:30,2,1,1,0,0,0
2020-05-20 03:45,1,1,0,0,0,0
2020-05-20 04:00,1,0,1,0,0,0
2020-05-20 04:15,1,0,1,0,0,0
2020-05-20 04:30,2,2,0,0,0,0
2020-05-20 04:45,2,2,0,0,0,0
2020-05-20 05:00,2,2,0,0,0,0
2020-05-20 05:15,5,2,3,0,0,0
2020-05-20 05:30,14,9,5,0,0,0
2020-05-20 05:45,18,8,10,0,0,0
2020-05-20 06:00,13,11,2,0,0,0
2020-05-20 06:15,23,11,12,0,0,0
2020-05-20 06:30,48,27,21,0,0,0
2020-05-20 06:45,58,38,20,0,0,0
2020-05-20 07:00,83,59,24,0,0,0
2020-05-20 07:15,110,71,39,0,0,0
2020-05-20 07:30,153,112,41,0,0,0
2020-05-20 07:45,178,121,57,0,0,0
2020-05-20 08:00,133,96,37,0,0,0
2020-05-20 08:15,149,107,42,0,0,0
2020-05-20 08:30,138,104,34,0,0,0
2020-05-20 08:45,139,96,43,0,0,0
2020-05-20 09:00,107,86,21,0,0,0
2020-05-20 09:15,118,85,33,0,0,0
2020-05-20 09:30,137,109,28,0,0,0
2020-05-20 09:45,149,104,45,0,0,0
2020-05-20 10:00,127,94,33,0,0,0
2020-05-20 10:15,126,86,40,0,0,0
2020-05-20 10:30,127,85,42,0,0,0
2020-05-20 10:45,125,85,40,0,0,0
2020-05-20 11:00,110,67,43,0,0,0
2020-05-20 11:15,160,101,59,0,0,0
2020-05-20 11:30,142,80,62,0,0,0
2020-05-20 11:45,152,92,60,0,0,0
2020-05-20 12:00,166,98,68,0,0,0
2020-05-20 12:15,147,89,58,0,0,0
2020-05-20 12:30,140,79,61,0,0,0
2020-05-20 12:45,170,81,89,0,0,0
2020-05-20 13:00,169,84,85,0,0,0
2020-05-20 13:15,171,75,96,0,0,0
2020-05-20 13:30,139,82,57,0,0,0
2020-05-20 13:45,172,94,78,0,0,0
2020-05-20 14:00,136,71,65,0,0,0
2020-05-20 14:15,112,51,61,0,0,0
2020-05-20 14:30,126,67,59,0,0,0
2020-05-20 14:45,164,85,79,0,0,0
2020-05-20 15:00,126,75,51,0,0,0
2020-05-20 15:15,120,53,67,0,0,0
2020-05-20 15:30,147,65,82,0,0,0
2020-05-20 15:45,133,72,61,0,0,0
2020-05-20 16:00,149,68,81,0,0,0
2020-05-20 16:15,185,98,87,0,0,0
2020-05-20 16:30,140,69,71,0,0,0
2020-05-20 16:45,179,94,85,0,0,0
2020-05-20 17:00,167,93,74,0,0,0
2020-05-20 17:15,167,99,68,0,0,0
2020-05-20 17:30,144,73,71,0,0,0
2020-05-20 17:45,157,72,85,0,0,0
2020-05-20 18:00,121,51,70,0,0,0
2020-05-20 18:15,147,68,79,0,0,0
2020-05-20 18:30,124,54,70,0,0,0
2020-05-20 18:45,116,63,53,0,0,0
2020-05-20 19:00,90,48,42,0,0,0
2020-05-20 19:15,99,42,57,0,0,0
2020-05-20 19:30,94,37,57,0,0,0
2020-05-20 19:45,72,38,34,0,0,0
2020-05-20 20:00,62,30,32,0,0,0
2020-05-20 20:15,62,37,25,0,0,0
2020-05-20 20:30,54,29,25,0,0,0
2020-05-20 20:45,59,28,31,0,0,0
2020-05-20 21:00,42,24,18,0,0,0
2020-05-20 21:15,35,17,18,0,0,0
2020-05-20 21:30,42,26,16,0,0,0
2020-05-20 21:45,28,17,11,0,0,0
2020-05-20 22:00,36,22,14,0,0,0
2020-05-20 22:15,37,22,15,0,0,0
2020-05-20 22:30,33,12,21,0,0,0
2020-05-20 22:45,31,21,10,0,0,0
2020-05-20 23:00,14,7,7,0,0,0
2020-05-20 23:15,22,14,8,0,0,0
2020-05-20 23:30,17,7,10,0,0,0
2020-05-20 23:45,34,22,12,0,0,0
2020-05-21 00:00,20,9,11,0,0,0
2020-05-21 00:15,17,9,8,0,0,0
2020-05-21 00:30,15,6,9,0,0,0
2020-05-21 00:45,13,5,8,0,0,0
2020-05-21 01:00,9,6,3,0,0,0
2020-05-21 01:15,8,4,4,0,0,0
2020-05-21 01:30,9,5,4,0,0,0
2020-05-21 01:45,7,0,7,0,0,0
2020-05-21 02:00,4,2,2,0,0,0
2020-05-21 02:15,9,6,3,0,0,0
2020-05-21 02:30,10,9,1,0,0,0
2020-05-21 02:45,2,0,2,0,0,0
2020-05-21 03:00,2,0,2,0,0,0
2020-05-21 03:15,4,1,3,0,0,0
2020-05-21 03:30,2,0,2,0,0,0
2020-05-21 03:45,0,0,0,0,0,0
2020-05-21 04:00,3,1,2,0,0,0
2020-05-21 04:15,1,0,1,0,0,0
2020-05-21 04:30,2,1,1,0,0,0
2020-05-21 04:45,1,0,1,0,0,0
2020-05-21 05:00,1,1,0,0,0,0
2020-05-21 05:15,2,1,1,0,0,0
2020-05-21 05:30,9,5,4,0,0,0
2020-05-21 05:45,11,5,6,0,0,0
2020-05-21 06:00,3,1,2,0,0,0
2020-05-21 06:15,7,4,3,0,0,0
2020-05-21 06:30,6,4,2,0,0,0
2020-05-21 06:45,12,8,4,0,0,0
2020-05-21 07:00,3,3,0,0,0,0
2020-05-21 07:15,6,2,4,0,0,0
2020-05-21 07:30,17,7,10,0,0,0
2020-05-21 07:45,18,11,7,0,0,0
2020-05-21 08:00,6,5,1,0,0,0
2020-05-21 08:15,13,12,1,0,0,0
2020-05-21 08:30,23,18,5,0,0,0
2020-05-21 08:45,34,24,10,0,0,0
2020-05-21 09:00,24,9,15,0,0,0
2020-05-21 09:15,39,17,22,0,0,0
2020-05-21 09:30,44,23,21,0,0,0
2020-05-21 09:45,51,33,18,0,0,0
2020-05-21 10:00,47,32,15,0,0,0
2020-05-21 10:15,48,27,21,0,0,0
2020-05-21 10:30,61,41,20,0,0,0
2020-05-21 10:45,93,52,41,0,0,0
2020-05-21 11:00,68,35,33,0,0,0
2020-05-21 11:15,77,48,29,0,0,0
2020-05-21 11:30,57,28,29,0,0,0
2020-05-21 11:45,85,42,43,0,0,0
2020-05-21 12:00,64,30,34,0,0,0
2020-05-21 12:15,91,38,53,0,0,0
2020-05-21 12:30,87,38,49,0,0,0
2020-05-21 12:45,111,47,64,0,0,0
2020-05-21 13:00,83,47,36,0,0,0
2020-05-21 13:15,100,50,50,0,0,0
2020-05-21 13:30,98,59,39,0,0,0
2020-05-21 13:45,121,62,59,0,0,0
2020-05-21 14:00,115,56,59,0,0,0
2020-05-21 14:15,106,64,42,0,0,0
2020-05-21 14:30,119,78,41,0,0,0
2020-05-21 14:45,145,78,67,0,0,0
2020-05-21 15:00,118,68,50,0,0,0
2020-05-21 15:15,111,57,54,0,0,0
2020-05-21 15:30,110,76,34,0,0,0
2020-05-21 15:45,130,83,47,0,0,0
2020-05-21 16:00,133,82,51,0,0,0
2020-05-21 16:15,109,69,40,0,0,0
2020-05-21 16:30,104,53,51,0,0,0
2020-05-21 16:45,120,80,40,0,0,0
2020-05-21 17:00,128,91,37,0,0,0
2020-05-21 17:15,126,87,39,0,0,0
2020-05-21 17:30,123,73,50,0,0,0
2020-05-21 17:45,122,88,34,0,0,0
2020-05-21 18:00,107,69,38,0,0,0
2020-05-21 18:15,104,76,28,0,0,0
2020-05-21 18:30,116,76,40,0,0,0
2020-05-21 18:45,83,57,26,0,0,0
2020-05-21 19:00,97,69,28,0,0,0
2020-05-21 19:15,73,50,23,0,0,0
2020-05-21 19:30,78,51,27,0,0,0
2020-05-21 19:45,88,60,28,0,0,0
2020-05-21 20:00,74,46,28,0,0,0
2020-05-21 20:15,55,34,21,0,0,0
2020-05-21 20:30,59,40,19,0,0,0
2020-05-21 20:45,59,39,20,0,0,0
2020-05-21 21:00,52,31,21,0,0,0
2020-05-21 21:15,41,24,17,0,0,0
2020-05-21 21:30,47,25,22,0,0,0
2020-05-21 21:45,33,15,18,0,0,0
2020-05-21 22:00,33,21,12,0,0,0
2020-05-21 22:15,30,16,14,0,0,0
2020-05-21 22:30,22,10,12,0,0,0
2020-05-21 22:45,25,11,14,0,0,0
2020-05-21 23:00,25,15,10,0,0,0
2020-05-21 23:15,20,11,9,0,0,0
2020-05-21 23:30,18,10,8,0,0,0
2020-05-21 23:45,10,8,2,0,0,0
2020-05-22 00:00,18,9,9,0,0,0
2020-05-22 00:15,12,7,5,0,0,0
2020-05-22 00:30,12,10,2,0,0,0
2020-05-22 00:45,13,7,6,0,0,0
2020-05-22 01:00,3,0,3,0,0,0
2020-05-22 01:15,9,9,0,0,0,0
2020-05-22 01:30,9,4,5,0,0,0
2020-05-22 01:45,10,4,6,0,0,0
2020-05-22 02:00,3,3,0,0,0,0
2020-05-22 02:15,4,2,2,0,0,0
2020-05-22 02:30,6,4,2,0,0,0
2020-05-22 02:45,3,2,1,0,0,0
2020-05-22 03:00,1,0,1,0,0,0
2020-05-22 03:15,4,3,1,0,0,0
2020-05-22 03:30,1,1,0,0,0,0
2020-05-22 03:45,4,3,1,0,0,0
2020-05-22 04:00,1,0,1,0,0,0
2020-05-22 04:15,0,0,0,0,0,0
2020-05-22 04:30,0,0,0,0,0,0
2020-05-22 04:45,4,3,1,0,0,0
2020-05-22 05:00,1,1,0,0,0,0
2020-05-22 05:15,3,3,0,0,0,0
2020-05-22 05:30,10,8,2,0,0,0
2020-05-22 05:45,19,8,11,0,0,0
2020-05-22 06:00,13,8,5,0,0,0
2020-05-22 06:15,14,9,5,0,0,0
2020-05-22 06:30,25,18,7,0,0,0
2020-05-22 06:45,35,27,8,0,0,0
2020-05-22 07:00,41,24,17,0,0,0
2020-05-22 07:15,49,29,20,0,0,0
2020-05-22 07:30,67,45,22,0,0,0
2020-05-22 07:45,98,73,25,0,0,0
2020-05-22 08:00,76,63,13,0,0,0
2020-05-22 08:15,81,63,18,0,0,0
2020-05-22 08:30,78,55,23,0,0,0
2020-05-22 08:45,72,56,16,0,0,0
2020-05-22 09:00,81,60,21,0,0,0
2020-05-22 09:15,78,61,17,0,0,0
2020-05-22 09:30,76,61,15,0,0,0
2020-05-22 09:45,104,77,27,0,0,0
2020-05-22 10:00,95,62,33,0,0,0
2020-05-22 10:15,104,73,31,0,0,0
2020-05-22 10:30,112,77,35,0,0,0
2020-05-22 10:45,125,81,44,0,0,0
2020-05-22 11:00,115,79,36,0,0,0
2020-05-22 11:15,130,81,49,0,0,0
2020-05-22 11:30,115,64,51,0,0,0
2020-05-22 11:45,146,91,55,0,0,0
2020-05-22 12:00,118,71,47,0,0,0
2020-05-22 12:15,143,84,59,0,0,0
2020-05-22 12:30,140,81,59,0,0,0
2020-05-22 12:45,137,73,64,0,0,0
2020-05-22 13:00,144,81,63,0,0,0
2020-05-22 13:15,137,80,57,0,0,0
2020-05-22 13:30,138,64,74,0,0,0
2020-05-22 13:45,92,53,39,0,0,0
2020-05-22 14:00,126,69,57,0,0,0
2020-05-22 14:15,146,79,67,0,0,0
2020-05-22 14:30,128,60,68,0,0,0
2020-05-22 14:45,130,71,59,0,0,0
2020-05-22 15:00,111,55,56,0,0,0
2020-05-22 15:15,141,78,63,0,0,0
2020-05-22 15:30,144,82,62,0,0,0
2020-05-22 15:45,150,95,55,0,0,0
2020-05-22 16:00,136,77,59,0,0,0
2020-05-22 16:15,117,54,63,0,0,0
2020-05-22 16:30,66,31,35,0,0,0
2020-05-22 16:45,90,38,52,0,0,0
2020-05-22 17:00,113,59,54,0,0,0
2020-05-22 17:15,96,48,48,0,0,0
2020-05-22 17:30,100,44,56,0,0,0
2020-05-22 17:45,105,43,62,0,0,0
2020-05-22 18:00,61,35,26,0,0,0
2020-05-22 18:15,90,46,44,0,0,0
2020-05-22 18:30,88,45,43,0,0,0
2020-05-22 18:45,68,42,26,0,0,0
2020-05-22 19:00,56,25,31,0,0,0
2020-05-22 19:15,59,28,31,0,0,0
2020-05-22 19:30,45,25,20,0,0,0
2020-05-22 19:45,60,28,32,0,0,0
2020-05-22 20:00,49,21,28,0,0,0
2020-05-22 20:15,33,19,14,0,0,0
2020-05-22 20:30,40,24,16,0,0,0
2020-05-22 20:45,34,22,12,0,0,0
2020-05-22 21:00,36,18,18,0,0,0
2020-05-22 21:15,20,9,11,0,0,0
2020-05-22 21:30,27,11,16,0,0,0
2020-05-22 21:45,29,16,13,0,0,0
2020-05-22 22:00,21,14,7,0,0,0
2020-05-22 22:15,25,13,12,0,0,0
2020-05-22 22:30,35,22,13,0,0,0
2020-05-22 22:45,24,14,10,0,0,0
2020-05-22 23:00,18,7,11,0,0,0
2020-05-22 23:15,12,7,5,0,0,0
2020-05-22 23:30,19,10,9,0,0,0
2020-05-22 23:45,16,11,5,0,0,0
2020-05-23 00:00,15,8,7,0,0,0
2020-05-23 00:15,13,7,6,0,0,0
2020-05-23 00:30,15,4,11,0,0,0
2020-05-23 00:45,20,15,5,0,0,0
2020-05-23 01:00,4,0,4,0,0,0
2020-05-23 01:15,11,5,6,0,0,0
2020-05-23 01:30,9,5,4,0,0,0
2020-05-23 01:45,12,8,4,0,0,0
2020-05-23 02:00,13,8,5,0,0,0
2020-05-23 02:15,9,5,4,0,0,0
2020-05-23 02:30,5,4,1,0,0,0
2020-05-23 02:45,4,3,1,0,0,0
2020-05-23 03:00,1,0,1,0,0,0
2020-05-23 03:15,2,1,1,0,0,0
2020-05-23 03:30,4,2,2,0,0,0
2020-05-23 03:45,0,0,0,0,0,0
2020-05-23 04:00,0,0,0,0,0,0
2020-05-23 04:15,0,0,0,0,0,0
2020-05-23 04:30,2,2,0,0,0,0
2020-05-23 04:45,3,3,0,0,0,0
2020-05-23 05:00,1,1,0,0,0,0
2020-05-23 05:15,4,1,3,0,0,0
2020-05-23 05:30,8,5,3,0,0,0
2020-05-23 05:45,11,2,9,0,0,0
2020-05-23 06:00,6,5,1,0,0,0
2020-05-23 06:15,9,7,2,0,0,0
2020-05-23 06:30,9,6,3,0,0,0
2020-05-23 06:45,21,19,2,0,0,0
2020-05-23 07:00,14,11,3,0,0,0
2020-05-23 07:15,32,18,14,0,0,0
2020-05-23 07:30,25,19,6,0,0,0
2020-05-23 07:45,35,17,18,0,0,0
2020-05-23 08:00,33,20,13,0,0,0
2020-05-23 08:15,25,16,9,0,0,0
2020-05-23 08:30,60,44,16,0,0,0
2020-05-23 08:45,62,46,16,0,0,0
2020-05-23 09:00,73,51,22,0,0,0
2020-05-23 09:15,59,41,18,0,0,0
2020-05-23 09:30,77,45,32,0,0,0
2020-05-23 09:45,110,86,24,0,0,0
2020-05-23 10:00,91,63,28,0,0,0
2020-05-23 10:15,105,73,32,0,0,0
2020-05-23 10:30,158,124,34,0,0,0
2020-05-23 10:45,145,103,42,0,0,0
2020-05-23 11:00,146,107,39,0,0,0
2020-05-23 11:15,157,102,55,0,0,0
2020-05-23 11:30,149,98,51,0,0,0
2020-05-23 11:45,179,105,74,0,0,0
2020-05-23 12:00,172,113,59,0,0,0
2020-05-23 12:15,190,130,60,0,0,0
2020-05-23 12:30,161,104,57,0,0,0
2020-05-23 12:45,161,95,66,0,0,0
2020-05-23 13:00,154,90,64,0,0,0
2020-05-23 13:15,137,79,58,0,0,0
2020-05-23 13:30,178,101,77,0,0,0
2020-05-23 13:45,176,89,87,0,0,0
2020-05-23 14:00,148,71,77,0,0,0
2020-05-23 14:15,130,63,67,0,0,0
2020-05-23 14:30,158,64,94,0,0,0
2020-05-23 14:45,143,72,71,0,0,0
2020-05-23 15:00,125,65,60,0,0,0
2020-05-23 15:15,101,45,56,0,0,0
2020-05-23 15:30,100,58,42,0,0,0
2020-05-23 15:45,147,82,65,0,0,0
2020-05-23 16:00,114,56,58,0,0,0
2020-05-23 16:15,102,56,46,0,0,0
2020-05-23 16:30,130,67,63,0,0,0
2020-05-23 16:45,104,44,60,0,0,0
2020-05-23 17:00,98,57,41,0,0,0
2020-05-23 17:15,98,50,48,0,0,0
2020-05-23 17:30,115,61,54,0,0,0
2020-05-23 17:45,130,65,65,0,0,0
2020-05-23 18:00,133,47,86,0,0,0
2020-05-23 18:15,102,45,57,0,0,0
2020-05-23 18:30,104,50,54,0,0,0
2020-05-23 18:45,108,50,58,0,0,0
2020-05-23 19:00,67,34,33,0,0,0
2020-05-23 19:15,71,42,29,0,0,0
2020-05-23 19:30,43,22,21,0,0,0
2020-05-23 19:45,71,37,34,0,0,0
2020-05-23 20:00,66,40,26,0,0,0
2020-05-23 20:15,60,33,27,0,0,0
2020-05-23 20:30,46,22,24,0,0,0
2020-05-23 20:45,40,22,18,0,0,0
2020-05-23 21:00,36,22,14,0,0,0
2020-05-23 21:15,40,18,22,0,0,0
2020-05-23 21:30,26,11,15,0,0,0
2020-05-23 21:45,33,21,12,0,0,0
2020-05-23 22:00,22,17,5,0,0,0
2020-05-23 22:15,22,11,11,0,0,0
2020-05-23 22:30,17,7,10,0,0,0
2020-05-23 22:45,20,11,9,0,0,0
2020-05-23 23:00,21,14,7,0,0,0
2020-05-23 23:15,14,9,5,0,0,0
2020-05-23 23:30,21,14,7,0,0,0
2020-05-23 23:45,23,13,10,0,0,0
2020-05-24 00:00,26,19,7,0,0,0
2020-05-24 00:15,13,5,8,0,0,0
2020-05-24 00:30,21,14,7,0,0,0
2020-05-24 00:45,17,12,5,0,0,0
2020-05-24 01:00,14,9,5,0,0,0
2020-05-24 01:15,13,12,1,0,0,0
2020-05-24 01:30,10,5,5,0,0,0
2020-05-24 01:45,10,4,6,0,0,0
2020-05-24 02:00,22,14,8,0,0,0
2020-05-24 02:15,8,4,4,0,0,0
2020-05-24 02:30,10,7,3,0,0,0
2020-05-24 02:45,1,1,0,0,0,0
2020-05-24 03:00,7,4,3,0,0,0
2020-05-24 03:15,7,4,3,0,0,0
2020-05-24 03:30,7,4,3,0,0,0
2020-05-24 03:45,7,6,1,0,0,0
2020-05-24 04:00,3,1,2,0,0,0
2020-05-24 04:15,5,2,3,0,0,0
2020-05-24 04:30,2,1,1,0,0,0
2020-05-24 04:45,0,0,0,0,0,0
2020-05-24 05:00,0,0,0,0,0,0
2020-05-24 05:15,2,1,1,0,0,0
2020-05-24 05:30,6,5,1,0,0,0
2020-05-24 05:45,8,0,8,0,0,0
2020-05-24 06:00,3,3,0,0,0,0
2020-05-24 06:15,8,5,3,0,0,0
2020-05-24 06:30,7,3,4,0,0,0
2020-05-24 06:45,10,8,2,0,0,0
2020-05-24 07:00,0,0,0,0,0,0
2020-05-24 07:15,6,5,1,0,0,0
2020-05-24 07:30,7,3,4,0,0,0
2020-05-24 07:45,11,9,2,0,0,0
2020-05-24 08:00,5,3,2,0,0,0
2020-05-24 08:15,5,5,0,0,0,0
2020-05-24 08:30,14,10,4,0,0,0
2020-05-24 08:45,13,8,5,0,0,0
2020-05-24 09:00,17,11,6,0,0,0
2020-05-24 09:15,31,17,14,0,0,0
2020-05-24 09:30,29,20,9,0,0,0
2020-05-24 09:45,37,23,14,0,0,0
2020-05-24 10:00,33,22,11,0,0,0
2020-05-24 10:15,36,22,14,0,0,0
2020-05-24 10:30,33,22,11,0,0,0
2020-05-24 10:45,30,20,10,0,0,0
2020-05-24 11:00,43,26,17,0,0,0
2020-05-24 11:15,43,24,19,0,0,0
2020-05-24 11:30,33,22,11,0,0,0
2020-05-24 11:45,23,12,11,0,0,0
2020-05-24 12:00,31,16,15,0,0,0
2020-05-24 12:15,64,41,23,0,0,0
2020-05-24 12:30,42,24,18,0,0,0
2020-05-24 12:45,40,17,23,0,0,0
2020-05-24 13:00,32,20,12,0,0,0
2020-05-24 13:15,28,15,13,0,0,0
2020-05-24 13:30,25,14,11,0,0,0
2020-05-24 13:45,44,27,17,0,0,0
2020-05-24 14:00,50,34,16,0,0,0
2020-05-24 14:15,42,25,17,0,0,0
2020-05-24 14:30,24,11,13,0,0,0
2020-05-24 14:45,27,18,9,0,0,0
2020-05-24 15:00,37,24,13,0,0,0
2020-05-24 15:15,37,23,14,0,0,0
2020-05-24 15:30,29,17,12,0,0,0
2020-05-24 15:45,42,27,15,0,0,0
2020-05-24 16:00,33,20,13,0,0,0
2020-05-24 16:15,24,14,10,0,0,0
2020-05-24 16:30,25,15,10,0,0,0
2020-05-24 16:45,32,19,13,0,0,0
2020-05-24 17:00,30,15,15,0,0,0
2020-05-24 17:15,35,19,16,0,0,0
2020-05-24 17:30,34,14,20,0,0,0
2020-05-24 17:45,42,21,21,0,0,0
2020-05-24 18:00,31,15,16,0,0,0
2020-05-24 18:15,36,20,16,0,0,0
2020-05-24 18:30,24,17,7,0,0,0
2020-05-24 18:45,24,16,8,0,0,0
2020-05-24 19:00,16,10,6,0,0,0
2020-05-24 19:15,28,21,7,0,0,0
2020-05-24 19:30,20,12,8,0,0,0
2020-05-24 19:45,25,12,13,0,0,0
2020-05-24 20:00,20,14,6,0,0,0
2020-05-24 20:15,15,9,6,0,0,0
2020-05-24 20:30,14,9,5,0,0,0
2020-05-24 20:45,20,14,6,0,0,0
2020-05-24 21:00,23,15,8,0,0,0
2020-05-24 21:15,8,3,5,0,0,0
2020-05-24 21:30,16,9,7,0,0,0
2020-05-24 21:45,13,11,2,0,0,0
2020-05-24 22:00,16,8,8,0,0,0
2020-05-24 22:15,6,1,5,0,0,0
2020-05-24 22:30,4,4,0,0,0,0
2020-05-24 22:45,11,7,4,0,0,0
2020-05-24 23:00,9,6,3,0,0,0
2020-05-24 23:15,12,2,10,0,0,0
2020-05-24 23:30,5,0,5,0,0,0
2020-05-24 23:45,1,0,1,0,0,0
2020-05-25 00:00,7,1,6,0,0,0
2020-05-25 00:15,6,4,2,0,0,0
2020-05-25 00:30,5,1,4,0,0,0
2020-05-25 00:45,5,1,4,0,0,0
2020-05-25 01:00,3,1,2,0,0,0
2020-05-25 01:15,3,3,0,0,0,0
2020-05-25 01:30,5,4,1,0,0,0
2020-05-25 01:45,3,2,1,0,0,0
2020-05-25 02:00,2,0,2,0,0,0
2020-05-25 02:15,1,0,1,0,0,0
2020-05-25 02:30,0,0,0,0,0,0
2020-05-25 02:45,0,0,0,0,0,0
2020-05-25 03:00,0,0,0,0,0,0
2020-05-25 03:15,1,1,0,0,0,0
2020-05-25 03:30,1,1,0,0,0,0
2020-05-25 03:45,0,0,0,0,0,0
2020-05-25 04:00,0,0,0,0,0,0
2020-05-25 04:15,2,0,2,0,0,0
2020-05-25 04:30,0,0,0,0,0,0
2020-05-25 04:45,1,1,0,0,0,0
2020-05-25 05:00,0,0,0,0,0,0
2020-05-25 05:15,4,1,3,0,0,0
2020-05-25 05:30,14,12,2,0,0,0
2020-05-25 05:45,20,10,10,0,0,0
2020-05-25 06:00,15,12,3,0,0,0
2020-05-25 06:15,28,14,14,0,0,0
2020-05-25 06:30,35,20,15,0,0,0
2020-05-25 06:45,67,46,21,0,0,0
2020-05-25 07:00,71,41,30,0,0,0
2020-05-25 07:15,96,57,39,0,0,0
2020-05-25 07:30,151,116,35,0,0,0
2020-05-25 07:45,138,100,38,0,0,0
2020-05-25 08:00,134,105,29,0,0,0
2020-05-25 08:15,108,71,37,0,0,0
2020-05-25 08:30,103,81,22,0,0,0
2020-05-25 08:45,118,87,31,0,0,0
2020-05-25 09:00,88,63,25,0,0,0
2020-05-25 09:15,77,54,23,0,0,0
2020-05-25 09:30,93,62,31,0,0,0
2020-05-25 09:45,78,49,29,0,0,0
2020-05-25 10:00,65,46,19,0,0,0
2020-05-25 10:15,87,61,26,0,0,0
2020-05-25 10:30,85,51,34,0,0,0
2020-05-25 10:45,96,71,25,0,0,0
2020-05-25 11:00,72,50,22,0,0,0
2020-05-25 11:15,88,57,31,0,0,0
2020-05-25 11:30,99,62,37,0,0,0
2020-05-25 11:45,119,87,32,0,0,0
2020-05-25 12:00,91,52,39,0,0,0
2020-05-25 12:15,113,62,51,0,0,0
2020-05-25 12:30,102,53,49,0,0,0
2020-05-25 12:45,113,58,55,0,0,0
2020-05-25 13:00,105,58,47,0,0,0
2020-05-25 13:15,113,49,64,0,0,0
2020-05-25 13:30,122,74,48,0,0,0
2020-05-25 13:45,116,81,35,0,0,0
2020-05-25 14:00,113,66,47,0,0,0
2020-05-25 14:15,104,54,50,0,0,0
2020-05-25 14:30,106,51,55,0,0,0
2020-05-25 14:45,111,68,43,0,0,0
2020-05-25 15:00,122,72,50,0,0,0
2020-05-25 15:15,140,83,57,0,0,0
2020-05-25 15:30,159,97,62,0,0,0
2020-05-25 15:45,167,94,73,0,0,0
2020-05-25 16:00,181,107,74,0,0,0
2020-05-25 16:15,168,94,74,0,0,0
2020-05-25 16:30,187,100,87,0,0,0
2020-05-25 16:45,150,80,70,0,0,0
2020-05-25 17:00,189,104,85,0,0,0
2020-05-25 17:15,159,72,87,0,0,0
2020-05-25 17:30,135,62,73,0,0,0
2020-05-25 17:45,160,73,87,0,0,0
2020-05-25 18:00,170,77,93,0,0,0
2020-05-25 18:15,128,64,64,0,0,0
2020-05-25 18:30,115,43,72,0,0,0
2020-05-25 18:45,102,40,62,0,0,0
2020-05-25 19:00,81,33,48,0,0,0
2020-05-25 19:15,100,49,51,0,0,0
2020-05-25 19:30,70,35,35,0,0,0
2020-05-25 19:45,68,37,31,0,0,0
2020-05-25 20:00,66,31,35,0,0,0
2020-05-25 20:15,41,17,24,0,0,0
2020-05-25 20:30,56,33,23,0,0,0
2020-05-25 20:45,37,23,14,0,0,0
2020-05-25 21:00,46,27,19,0,0,0
2020-05-25 21:15,26,9,17,0,0,0
2020-05-25 21:30,34,16,18,0,0,0
2020-05-25 21:45,35,19,16,0,0,0
2020-05-25 22:00,28,17,11,0,0,0
2020-05-25 22:15,20,7,13,0,0,0
2020-05-25 22:30,21,12,9,0,0,0
2020-05-25 22:45,15,6,9,0,0,0
2020-05-25 23:00,13,7,6,0,0,0
2020-05-25 23:15,5,2,3,0,0,0
2020-05-25 23:30,12,4,8,0,0,0
2020-05-25 23:45,10,6,4,0,0,0
2020-05-26 00:00,10,5,5,0,0,0
2020-05-26 00:15,5,2,3,0,0,0
2020-05-26 00:30,7,4,3,0,0,0
2020-05-26 00:45,1,1,0,0,0,0
2020-05-26 01:00,1,0,1,0,0,0
2020-05-26 01:15,7,6,1,0,0,0
2020-05-26 01:30,3,2,1,0,0,0
2020-05-26 01:45,8,5,3,0,0,0
2020-05-26 02:00,1,0,1,0,0,0
2020-05-26 02:15,4,3,1,0,0,0
2020-05-26 02:30,1,1,0,0,0,0
2020-05-26 02:45,2,2,0,0,0,0
2020-05-26 03:00,0,0,0,0,0,0
2020-05-26 03:15,0,0,0,0,0,0
2020-05-26 03:30,0,0,0,0,0,0
2020-05-26 03:45,0,0,0,0,0,0
2020-05-26 04:00,0,0,0,0,0,0
2020-05-26 04:15,1,0,1,0,0,0
2020-05-26 04:30,1,0,1,0,0,0
2020-05-26 04:45,2,2,0,0,0,0
2020-05-26 05:00,0,0,0,0,0,0
2020-05-26 05:15,3,3,0,0,0,0
2020-05-26 05:30,12,7,5,0,0,0
2020-05-26 05:45,23,15,8,0,0,0
2020-05-26 06:00,15,10,5,0,0,0
2020-05-26 06:15,27,14,13,0,0,0
2020-05-26 06:30,44,27,17,0,0,0
2020-05-26 06:45,61,39,22,0,0,0
2020-05-26 07:00,76,48,28,0,0,0
2020-05-26 07:15,121,83,38,0,0,0
2020-05-26 07:30,167,120,47,0,0,0
2020-05-26 07:45,155,117,38,0,0,0
2020-05-26 08:00,126,90,36,0,0,0
2020-05-26 08:15,113,78,35,0,0,0
2020-05-26 08:30,119,80,39,0,0,0
2020-05-26 08:45,105,80,25,0,0,0
2020-05-26 09:00,86,68,18,0,0,0
2020-05-26 09:15,101,74,27,0,0,0
2020-05-26 09:30,96,73,23,0,0,0
2020-05-26 09:45,118,84,34,0,0,0
2020-05-26 10:00,80,59,21,0,0,0
2020-05-26 10:15,107,77,30,0,0,0
2020-05-26 10:30,113,69,44,0,0,0
2020-05-26 10:45,129,82,47,0,0,0
2020-05-26 11:00,90,55,35,0,0,0
2020-05-26 11:15,113,65,48,0,0,0
2020-05-26 11:30,115,64,51,0,0,0
2020-05-26 11:45,124,71,53,0,0,0
2020-05-26 12:00,103,60,43,0,0,0
2020-05-26 12:15,142,82,60,0,0,0
2020-05-26 12:30,113,57,56,0,0,0
2020-05-26 12:45,118,70,48,0,0,0
2020-05-26 13:00,124,71,53,0,0,0
2020-05-26 13:15,121,57,64,0,0,0
2020-05-26 13:30,120,70,50,0,0,0
2020-05-26 13:45,127,76,51,0,0,0
2020-05-26 14:00,105,53,52,0,0,0
2020-05-26 14:15,132,68,64,0,0,0
2020-05-26 14:30,156,83,73,0,0,0
2020-05-26 14:45,175,99,76,0,0,0
2020-05-26 15:00,130,81,49,0,0,0
2020-05-26 15:15,172,84,88,0,0,0
2020-05-26 15:30,160,84,76,0,0,0
2020-05-26 15:45,178,113,65,0,0,0
2020-05-26 16:00,194,107,87,0,0,0
2020-05-26 16:15,215,120,95,0,0,0
2020-05-26 16:30,204,109,95,0,0,0
2020-05-26 16:45,190,89,101,0,0,0
2020-05-26 17:00,188,106,82,0,0,0
2020-05-26 17:15,192,90,102,0,0,0
2020-05-26 17:30,194,104,90,0,0,0
2020-05-26 17:45,188,91,97,0,0,0
2020-05-26 18:00,147,73,74,0,0,0
2020-05-26 18:15,139,71,68,0,0,0
2020-05-26 18:30,127,61,66,0,0,0
2020-05-26 18:45,120,49,71,0,0,0
2020-05-26 19:00,114,55,59,0,0,0
2020-05-26 19:15,100,43,57,0,0,0
2020-05-26 19:30,64,31,33,0,0,0
2020-05-26 19:45,81,32,49,0,0,0
2020-05-26 20:00,78,36,42,0,0,0
2020-05-26 20:15,60,30,30,0,0,0
2020-05-26 20:30,56,29,27,0,0,0
2020-05-26 20:45,38,14,24,0,0,0
2020-05-26 21:00,43,22,21,0,0,0
2020-05-26 21:15,53,24,29,0,0,0
2020-05-26 21:30,45,27,18,0,0,0
2020-05-26 21:45,40,21,19,0,0,0
2020-05-26 22:00,25,18,7,0,0,0
2020-05-26 22:15,24,12,12,0,0,0
2020-05-26 22:30,37,21,16,0,0,0
2020-05-26 22:45,29,16,13,0,0,0
2020-05-26 23:00,23,9,14,0,0,0
2020-05-26 23:15,10,2,8,0,0,0
2020-05-26 23:30,7,5,2,0,0,0
2020-05-26 23:45,13,5,8,0,0,0
2020-05-27 00:00,5,3,2,0,0,0
2020-05-27 00:15,9,4,5,0,0,0
2020-05-27 00:30,4,1,3,0,0,0
2020-05-27 00:45,8,7,1,0,0,0
2020-05-27 01:00,3,1,2,0,0,0
2020-05-27 01:15,8,6,2,0,0,0
2020-05-27 01:30,1,1,0,0,0,0
2020-05-27 01:45,2,1,1,0,0,0
2020-05-27 02:00,0,0,0,0,0,0
2020-05-27 02:15,3,2,1,0,0,0
2020-05-27 02:30,0,0,0,0,0,0
2020-05-27 02:45,0,0,0,0,0,0
2020-05-27 03:00,0,0,0,0,0,0
2020-05-27 03:15,0,0,0,0,0,0
2020-05-27 03:30,0,0,0,0,0,0
2020-05-27 03:45,0,0,0,0,0,0
2020-05-27 04:00,0,0,0,0,0,0
2020-05-27 04:15,2,1,1,0,0,0
2020-05-27 04:30,1,0,1,0,0,0
2020-05-27 04:45,2,2,0,0,0,0
2020-05-27 05:00,2,0,2,0,0,0
2020-05-27 05:15,3,2,1,0,0,0
2020-05-27 05:30,13,9,4,0,0,0
2020-05-27 05:45,16,9,7,0,0,0
2020-05-27 06:00,19,10,9,0,0,0
2020-05-27 06:15,23,17,6,0,0,0
2020-05-27 06:30,59,37,22,0,0,0
2020-05-27 06:45,69,47,22,0,0,0
2020-05-27 07:00,78,51,27,0,0,0
2020-05-27 07:15,138,89,49,0,0,0
2020-05-27 07:30,169,125,44,0,0,0
2020-05-27 07:45,179,115,64,0,0,0
2020-05-27 08:00,151,111,40,0,0,0
2020-05-27 08:15,148,106,42,0,0,0
2020-05-27 08:30,143,109,34,0,0,0
2020-05-27 08:45,132,102,30,0,0,0
2020-05-27 09:00,118,86,32,0,0,0
2020-05-27 09:15,133,99,34,0,0,0
2020-05-27 09:30,119,80,39,0,0,0
2020-05-27 09:45,145,115,30,0,0,0
2020-05-27 10:00,104,75,29,0,0,0
2020-05-27 10:15,131,78,53,0,0,0
2020-05-27 10:30,129,90,39,0,0,0
2020-05-27 10:45,154,108,46,0,0,0
2020-05-27 11:00,152,102,50,0,0,0
2020-05-27 11:15,152,86,66,0,0,0
2020-05-27 11:30,155,84,71,0,0,0
2020-05-27 11:45,137,80,57,0,0,0
2020-05-27 12:00,164,92,72,0,0,0
2020-05-27 12:15,142,84,58,0,0,0
2020-05-27 12:30,138,72,66,0,0,0
2020-05-27 12:45,160,82,78,0,0,0
2020-05-27 13:00,168,83,85,0,0,0
2020-05-27 13:15,165,87,78,0,0,0
2020-05-27 13:30,156,90,66,0,0,0
2020-05-27 13:45,157,84,73,0,0,0
2020-05-27 14:00,138,74,64,0,0,0
2020-05-27 14:15,138,75,63,0,0,0
2020-05-27 14:30,137,65,72,0,0,0
2020-05-27 14:45,144,84,60,0,0,0
2020-05-27 15:00,149,80,69,0,0,0
2020-05-27 15:15,141,80,61,0,0,0
2020-05-27 15:30,139,79,60,0,0,0
2020-05-27 15:45,157,88,69,0,0,0
2020-05-27 16:00,165,77,88,0,0,0
2020-05-27 16:15,166,89,77,0,0,0
2020-05-27 16:30,176,91,85,0,0,0
2020-05-27 16:45,180,104,76,0,0,0
2020-05-27 17:00,187,98,89,0,0,0
2020-05-27 17:15,165,77,88,0,0,0
2020-05-27 17:30,167,88,79,0,0,0
2020-05-27 17:45,176,93,83,0,0,0
2020-05-27 18:00,158,78,80,0,0,0
2020-05-27 18:15,145,70,75,0,0,0
2020-05-27 18:30,118,55,63,0,0,0
2020-05-27 18:45,134,74,60,0,0,0
2020-05-27 19:00,99,47,52,0,0,0
2020-05-27 19:15,98,48,50,0,0,0
2020-05-27 19:30,91,42,49,0,0,0
2020-05-27 19:45,88,43,45,0,0,0
2020-05-27 20:00,78,48,30,0,0,0
2020-05-27 20:15,57,24,33,0,0,0
2020-05-27 20:30,47,22,25,0,0,0
2020-05-27 20:45,49,19,30,0,0,0
2020-05-27 21:00,38,22,16,0,0,0
2020-05-27 21:15,46,31,15,0,0,0
2020-05-27 21:30,43,24,19,0,0,0
2020-05-27 21:45,28,18,10,0,0,0
2020-05-27 22:00,40,25,15,0,0,0
2020-05-27 22:15,31,19,12,0,0,0
2020-05-27 22:30,32,17,15,0,0,0
2020-05-27 22:45,18,11,7,0,0,0
2020-05-27 23:00,28,18,10,0,0,0
2020-05-27 23:15,19,9,10,0,0,0
2020-05-27 23:30,17,10,7,0,0,0
2020-05-27 23:45,12,3,9,0,0,0
2020-05-28 00:00,16,9,7,0,0,0
2020-05-28 00:15,6,6,0,0,0,0
2020-05-28 00:30,12,9,3,0,0,0
2020-05-28 00:45,15,9,6,0,0,0
2020-05-28 01:00,8,5,3,0,0,0
2020-05-28 01:15,8,5,3,0,0,0
2020-05-28 01:30,6,1,5,0,0,0
2020-05-28 01:45,6,2,4,0,0,0
2020-05-28 02:00,0,0,0,0,0,0
2020-05-28 02:15,8,7,1,0,0,0
2020-05-28 02:30,3,2,1,0,0,0
2020-05-28 02:45,3,2,1,0,0,0
2020-05-28 03:00,3,2,1,0,0,0
2020-05-28 03:15,1,0,1,0,0,0
2020-05-28 03:30,1,1,0,0,0,0
2020-05-28 03:45,0,0,0,0,0,0
2020-05-28 04:00,1,1,0,0,0,0
2020-05-28 04:15,0,0,0,0,0,0
2020-05-28 04:30,1,0,1,0,0,0
2020-05-28 04:45,1,1,0,0,0,0
2020-05-28 05:00,2,0,2,0,0,0
2020-05-28 05:15,2,2,0,0,0,0
2020-05-28 05:30,13,7,6,0,0,0
2020-05-28 05:45,17,9,8,0,0,0
2020-05-28 06:00,12,5,7,0,0,0
2020-05-28 06:15,27,16,11,0,0,0
2020-05-28 06:30,54,35,19,0,0,0
2020-05-28 06:45,67,46,21,0,0,0
2020-05-28 07:00,86,60,26,0,0,0
2020-05-28 07:15,100,70,30,0,0,0
2020-05-28 07:30,170,126,44,0,0,0
2020-05-28 07:45,148,101,47,0,0,0
2020-05-28 08:00,120,86,34,0,0,0
2020-05-28 08:15,121,90,31,0,0,0
2020-05-28 08:30,105,81,24,0,0,0
2020-05-28 08:45,99,72,27,0,0,0
2020-05-28 09:00,94,60,34,0,0,0
2020-05-28 09:15,109,84,25,0,0,0
2020-05-28 09:30,95,74,21,0,0,0
2020-05-28 09:45,106,80,26,0,0,0
2020-05-28 10:00,92,62,30,0,0,0
2020-05-28 10:15,114,67,47,0,0,0
2020-05-28 10:30,113,81,32,0,0,0
2020-05-28 10:45,105,70,35,0,0,0
2020-05-28 11:00,122,83,39,0,0,0
2020-05-28 11:15,117,70,47,0,0,0
2020-05-28 11:30,131,86,45,0,0,0
2020-05-28 11:45,127,69,58,0,0,0
2020-05-28 12:00,141,81,60,0,0,0
2020-05-28 12:15,129,62,67,0,0,0
2020-05-28 12:30,122,67,55,0,0,0
2020-05-28 12:45,135,75,60,0,0,0
2020-05-28 13:00,136,66,70,0,0,0
2020-05-28 13:15,137,55,82,0,0,0
2020-05-28 13:30,131,73,58,0,0,0
2020-05-28 13:45,150,81,69,0,0,0
2020-05-28 14:00,118,62,56,0,0,0
2020-05-28 14:15,137,83,54,0,0,0
2020-05-28 14:30,150,77,73,0,0,0
2020-05-28 14:45,153,82,71,0,0,0
2020-05-28 15:00,148,79,69,0,0,0
2020-05-28 15:15,176,95,81,0,0,0
2020-05-28 15:30,176,100,76,0,0,0
2020-05-28 15:45,167,91,76,0,0,0
2020-05-28 16:00,198,112,86,0,0,0
2020-05-28 16:15,176,100,76,0,0,0
2020-05-28 16:30,191,113,78,0,0,0
2020-05-28 16:45,208,113,95,0,0,0
2020-05-28 17:00,161,73,88,0,0,0
2020-05-28 17:15,190,106,84,0,0,0
2020-05-28 17:30,180,74,106,0,0,0
2020-05-28 17:45,179,98,81,0,0,0
2020-05-28 18:00,192,86,106,0,0,0
2020-05-28 18:15,172,71,101,0,0,0
2020-05-28 18:30,130,55,75,0,0,0
2020-05-28 18:45,123,68,55,0,0,0
2020-05-28 19:00,102,56,46,0,0,0
2020-05-28 19:15,104,48,56,0,0,0
2020-05-28 19:30,151,78,73,0,0,0
2020-05-28 19:45,74,36,38,0,0,0
2020-05-28 20:00,89,45,44,0,0,0
2020-05-28 20:15,52,24,28,0,0,0
2020-05-28 20:30,56,28,28,0,0,0
2020-05-28 20:45,43,24,19,0,0,0
2020-05-28 21:00,59,29,30,0,0,0
2020-05-28 21:15,37,21,16,0,0,0
2020-05-28 21:30,49,22,27,0,0,0
2020-05-28 21:45,47,22,25,0,0,0
2020-05-28 22:00,26,10,16,0,0,0
2020-05-28 22:15,36,27,9,0,0,0
2020-05-28 22:30,23,12,11,0,0,0
2020-05-28 22:45,22,14,8,0,0,0
2020-05-28 23:00,18,9,9,0,0,0
2020-05-28 23:15,27,13,14,0,0,0
2020-05-28 23:30,10,4,6,0,0,0
2020-05-28 23:45,17,9,8,0,0,0
2020-05-29 00:00,14,7,7,0,0,0
2020-05-29 00:15,8,2,6,0,0,0
2020-05-29 00:30,6,3,3,0,0,0
2020-05-29 00:45,5,2,3,0,0,0
2020-05-29 01:00,2,1,1,0,0,0
2020-05-29 01:15,1,0,1,0,0,0
2020-05-29 01:30,4,0,4,0,0,0
2020-05-29 01:45,3,2,1,0,0,0
2020-05-29 02:00,2,0,2,0,0,0
2020-05-29 02:15,3,2,1,0,0,0
2020-05-29 02:30,3,3,0,0,0,0
2020-05-29 02:45,0,0,0,0,0,0
2020-05-29 03:00,0,0,0,0,0,0
2020-05-29 03:15,0,0,0,0,0,0
2020-05-29 03:30,0,0,0,0,0,0
2020-05-29 03:45,1,0,1,0,0,0
2020-05-29 04:00,1,0,1,0,0,0
2020-05-29 04:15,0,0,0,0,0,0
2020-05-29 04:30,3,1,2,0,0,0
2020-05-29 04:45,3,3,0,0,0,0
2020-05-29 05:00,5,2,3,0,0,0
2020-05-29 05:15,3,1,2,0,0,0
2020-05-29 05:30,13,9,4,0,0,0
2020-05-29 05:45,22,11,11,0,0,0
2020-05-29 06:00,15,12,3,0,0,0
2020-05-29 06:15,23,8,15,0,0,0
2020-05-29 06:30,37,22,15,0,0,0
2020-05-29 06:45,56,39,17,0,0,0
2020-05-29 07:00,81,53,28,0,0,0
2020-05-29 07:15,99,71,28,0,0,0
2020-05-29 07:30,156,118,38,0,0,0
2020-05-29 07:45,163,120,43,0,0,0
2020-05-29 08:00,97,73,24,0,0,0
2020-05-29 08:15,95,71,24,0,0,0
2020-05-29 08:30,117,89,28,0,0,0
2020-05-29 08:45,137,94,43,0,0,0
2020-05-29 09:00,92,62,30,0,0,0
2020-05-29 09:15,109,78,31,0,0,0
2020-05-29 09:30,93,72,21,0,0,0
2020-05-29 09:45,124,80,44,0,0,0
2020-05-29 10:00,108,75,33,0,0,0
2020-05-29 10:15,113,75,38,0,0,0
2020-05-29 10:30,116,64,52,0,0,0
2020-05-29 10:45,111,71,40,0,0,0
2020-05-29 11:00,147,105,42,0,0,0
2020-05-29 11:15,134,85,49,0,0,0
2020-05-29 11:30,115,63,52,0,0,0
2020-05-29 11:45,146,93,53,0,0,0
2020-05-29 12:00,115,73,42,0,0,0
2020-05-29 12:15,130,69,61,0,0,0
2020-05-29 12:30,138,63,75,0,0,0
2020-05-29 12:45,154,80,74,0,0,0
2020-05-29 13:00,152,85,67,0,0,0
2020-05-29 13:15,143,60,83,0,0,0
2020-05-29 13:30,149,77,72,0,0,0
2020-05-29 13:45,188,111,77,0,0,0
2020-05-29 14:00,150,88,62,0,0,0
2020-05-29 14:15,159,76,83,0,0,0
2020-05-29 14:30,155,85,70,0,0,0
2020-05-29 14:45,142,78,64,0,0,0
2020-05-29 15:00,145,75,70,0,0,0
2020-05-29 15:15,139,78,61,0,0,0
2020-05-29 15:30,140,89,51,0,0,0
2020-05-29 15:45,172,100,72,0,0,0
2020-05-29 16:00,189,110,79,0,0,0
2020-05-29 16:15,203,97,106,0,0,0
2020-05-29 16:30,150,86,64,0,0,0
2020-05-29 16:45,174,90,84,0,0,0
2020-05-29 17:00,144,89,55,0,0,0
2020-05-29 17:15,128,58,70,0,0,0
2020-05-29 17:30,123,67,56,0,0,0
2020-05-29 17:45,142,75,67,0,0,0
2020-05-29 18:00,134,61,73,0,0,0
2020-05-29 18:15,131,74,57,0,0,0
2020-05-29 18:30,117,45,72,0,0,0
2020-05-29 18:45,108,48,60,0,0,0
2020-05-29 19:00,107,44,63,0,0,0
2020-05-29 19:15,122,62,60,0,0,0
2020-05-29 19:30,83,50,33,0,0,0
2020-05-29 19:45,90,58,32,0,0,0
2020-05-29 20:00,81,48,33,0,0,0
2020-05-29 20:15,62,31,31,0,0,0
2020-05-29 20:30,47,22,25,0,0,0
2020-05-29 20:45,77,44,33,0,0,0
2020-05-29 21:00,43,27,16,0,0,0
2020-05-29 21:15,56,22,34,0,0,0
2020-05-29 21:30,46,20,26,0,0,0
2020-05-29 21:45,31,9,22,0,0,0
2020-05-29 22:00,44,20,24,0,0,0
2020-05-29 22:15,34,20,14,0,0,0
2020-05-29 22:30,19,10,9,0,0,0
2020-05-29 22:45,27,16,11,0,0,0
2020-05-29 23:00,23,8,15,0,0,0
2020-05-29 23:15,30,18,12,0,0,0
2020-05-29 23:30,31,12,19,0,0,0
2020-05-29 23:45,30,14,16,0,0,0
2020-05-30 00:00,18,9,9,0,0,0
2020-05-30 00:15,15,8,7,0,0,0
2020-05-30 00:30,24,13,11,0,0,0
2020-05-30 00:45,10,3,7,0,0,0
2020-05-30 01:00,13,7,6,0,0,0
2020-05-30 01:15,9,4,5,0,0,0
2020-05-30 01:30,8,3,5,0,0,0
2020-05-30 01:45,13,5,8,0,0,0
2020-05-30 02:00,10,5,5,0,0,0
2020-05-30 02:15,12,9,3,0,0,0
2020-05-30 02:30,5,3,2,0,0,0
2020-05-30 02:45,8,6,2,0,0,0
2020-05-30 03:00,1,0,1,0,0,0
2020-05-30 03:15,4,0,4,0,0,0
2020-05-30 03:30,3,3,0,0,0,0
2020-05-30 03:45,0,0,0,0,0,0
2020-05-30 04:00,5,4,1,0,0,0
2020-05-30 04:15,0,0,0,0,0,0
2020-05-30 04:30,3,2,1,0,0,0
2020-05-30 04:45,1,1,0,0,0,0
2020-05-30 05:00,4,4,0,0,0,0
2020-05-30 05:15,5,5,0,0,0,0
2020-05-30 05:30,12,7,5,0,0,0
2020-05-30 05:45,10,9,1,0,0,0
2020-05-30 06:00,5,3,2,0,0,0
2020-05-30 06:15,5,3,2,0,0,0
2020-05-30 06:30,13,12,1,0,0,0
2020-05-30 06:45,21,19,2,0,0,0
2020-05-30 07:00,24,23,1,0,0,0
2020-05-30 07:15,35,26,9,0,0,0
2020-05-30 07:30,50,27,23,0,0,0
2020-05-30 07:45,31,20,11,0,0,0
2020-05-30 08:00,32,17,15,0,0,0
2020-05-30 08:15,61,44,17,0,0,0
2020-05-30 08:30,66,37,29,0,0,0
2020-05-30 08:45,82,61,21,0,0,0
2020-05-30 09:00,80,54,26,0,0,0
2020-05-30 09:15,85,60,25,0,0,0
2020-05-30 09:30,105,66,39,0,0,0
2020-05-30 09:45,132,97,35,0,0,0
2020-05-30 10:00,126,90,36,0,0,0
2020-05-30 10:15,147,106,41,0,0,0
2020-05-30 10:30,150,107,43,0,0,0
2020-05-30 10:45,205,150,55,0,0,0
2020-05-30 11:00,149,105,44,0,0,0
2020-05-30 11:15,190,135,55,0,0,0
2020-05-30 11:30,153,101,52,0,0,0
2020-05-30 11:45,228,143,85,0,0,0
2020-05-30 12:00,185,118,67,0,0,0
2020-05-30 12:15,167,78,89,0,0,0
2020-05-30 12:30,182,94,88,0,0,0
2020-05-30 12:45,160,98,62,0,0,0
2020-05-30 13:00,162,97,65,0,0,0
2020-05-30 13:15,182,104,78,0,0,0
2020-05-30 13:30,192,126,66,0,0,0
2020-05-30 13:45,203,103,100,0,0,0
2020-05-30 14:00,139,66,73,0,0,0
2020-05-30 14:15,192,95,97,0,0,0
2020-05-30 14:30,151,72,79,0,0,0
2020-05-30 14:45,150,70,80,0,0,0
2020-05-30 15:00,160,69,91,0,0,0
2020-05-30 15:15,166,74,92,0,0,0
2020-05-30 15:30,148,76,72,0,0,0
2020-05-30 15:45,157,75,82,0,0,0
2020-05-30 16:00,133,77,56,0,0,0
2020-05-30 16:15,104,64,40,0,0,0
2020-05-30 16:30,123,64,59,0,0,0
2020-05-30 16:45,130,77,53,0,0,0
2020-05-30 17:00,111,59,52,0,0,0
2020-05-30 17:15,120,65,55,0,0,0
2020-05-30 17:30,113,66,47,0,0,0
2020-05-30 17:45,130,72,58,0,0,0
2020-05-30 18:00,131,68,63,0,0,0
2020-05-30 18:15,114,58,56,0,0,0
2020-05-30 18:30,96,55,41,0,0,0
2020-05-30 18:45,94,45,49,0,0,0
2020-05-30 19:00,101,59,42,0,0,0
2020-05-30 19:15,65,38,27,0,0,0
2020-05-30 19:30,58,34,24,0,0,0
2020-05-30 19:45,57,31,26,0,0,0
2020-05-30 20:00,49,19,30,0,0,0
2020-05-30 20:15,63,33,30,0,0,0
2020-05-30 20:30,22,12,10,0,0,0
2020-05-30 20:45,54,24,30,0,0,0
2020-05-30 21:00,43,16,27,0,0,0
2020-05-30 21:15,44,20,24,0,0,0
2020-05-30 21:30,26,16,10,0,0,0
2020-05-30 21:45,36,20,16,0,0,0
2020-05-30 22:00,33,14,19,0,0,0
2020-05-30 22:15,43,29,14,0,0,0
2020-05-30 22:30,30,21,9,0,0,0
2020-05-30 22:45,30,17,13,0,0,0
2020-05-30 23:00,26,10,16,0,0,0
2020-05-30 23:15,31,25,6,0,0,0
2020-05-30 23:30,12,6,6,0,0,0
2020-05-30 23:45,30,15,15,0,0,0
2020-05-31 00:00,22,14,8,0,0,0
2020-05-31 00:15,13,3,10,0,0,0
2020-05-31 00:30,35,19,16,0,0,0
2020-05-31 00:45,27,15,12,0,0,0
2020-05-31 01:00,8,5,3,0,0,0
2020-05-31 01:15,8,4,4,0,0,0
2020-05-31 01:30,9,2,7,0,0,0
2020-05-31 01:45,10,4,6,0,0,0
2020-05-31 02:00,7,5,2,0,0,0
2020-05-31 02:15,9,4,5,0,0,0
2020-05-31 02:30,15,7,8,0,0,0
2020-05-31 02:45,5,1,4,0,0,0
2020-05-31 03:00,7,2,5,0,0,0
2020-05-31 03:15,8,6,2,0,0,0
2020-05-31 03:30,3,0,3,0,0,0
2020-05-31 03:45,5,4,1,0,0,0
2020-05-31 04:00,1,0,1,0,0,0
2020-05-31 04:15,2,2,0,0,0,0
2020-05-31 04:30,3,1,2,0,0,0
2020-05-31 04:45,5,4,1,0,0,0
2020-05-31 05:00,5,3,2,0,0,0
2020-05-31 05:15,2,2,0,0,0,0
2020-05-31 05:30,3,2,1,0,0,0
2020-05-31 05:45,4,3,1,0,0,0
2020-05-31 06:00,1,1,0,0,0,0
2020-05-31 06:15,6,5,1,0,0,0
2020-05-31 06:30,3,2,1,0,0,0
2020-05-31 06:45,5,4,1,0,0,0
2020-05-31 07:00,7,6,1,0,0,0
2020-05-31 07:15,4,4,0,0,0,0
2020-05-31 07:30,9,5,4,0,0,0
2020-05-31 07:45,9,5,4,0,0,0
2020-05-31 08:00,3,3,0,0,0,0
2020-05-31 08:15,8,5,3,0,0,0
2020-05-31 08:30,21,12,9,0,0,0
2020-05-31 08:45,24,11,13,0,0,0
2020-05-31 09:00,18,7,11,0,0,0
2020-05-31 09:15,23,14,9,0,0,0
2020-05-31 09:30,29,19,10,0,0,0
2020-05-31 09:45,40,30,10,0,0,0
2020-05-31 10:00,35,18,17,0,0,0
2020-05-31 10:15,47,29,18,0,0,0
2020-05-31 10:30,55,31,24,0,0,0
2020-05-31 10:45,53,26,27,0,0,0
2020-05-31 11:00,64,31,33,0,0,0
2020-05-31 11:15,63,30,33,0,0,0
2020-05-31 11:30,42,28,14,0,0,0
2020-05-31 11:45,84,55,29,0,0,0
2020-05-31 12:00,60,25,35,0,0,0
2020-05-31 12:15,74,42,32,0,0,0
2020-05-31 12:30,60,36,24,0,0,0
2020-05-31 12:45,93,49,44,0,0,0
2020-05-31 13:00,64,37,27,0,0,0
2020-05-31 13:15,74,41,33,0,0,0
2020-05-31 13:30,92,41,51,0,0,0
2020-05-31 13:45,103,62,41,0,0,0
2020-05-31 14:00,61,38,23,0,0,0
2020-05-31 14:15,89,43,46,0,0,0
2020-05-31 14:30,83,54,29,0,0,0
2020-05-31 14:45,101,66,35,0,0,0
2020-05-31 15:00,58,47,11,0,0,0
2020-05-31 15:15,102,70,32,0,0,0
2020-05-31 15:30,79,36,43,0,0,0
2020-05-31 15:45,95,61,34,0,0,0
2020-05-31 16:00,102,57,45,0,0,0
2020-05-31 16:15,95,74,21,0,0,0
2020-05-31 16:30,73,48,25,0,0,0
2020-05-31 16:45,66,44,22,0,0,0
2020-05-31 17:00,81,37,44,0,0,0
2020-05-31 17:15,102,55,47,0,0,0
2020-05-31 17:30,109,69,40,0,0,0
2020-05-31 17:45,89,60,29,0,0,0
2020-05-31 18:00,97,54,43,0,0,0
2020-05-31 18:15,78,50,28,0,0,0
2020-05-31 18:30,81,50,31,0,0,0
2020-05-31 18:45,63,42,21,0,0,0
2020-05-31 19:00,69,40,29,0,0,0
2020-05-31 19:15,68,39,29,0,0,0
2020-05-31 19:30,68,45,23,0,0,0
2020-05-31 19:45,68,43,25,0,0,0
2020-05-31 20:00,34,13,21,0,0,0
2020-05-31 20:15,50,29,21,0,0,0
2020-05-31 20:30,27,13,14,0,0,0
2020-05-31 20:45,48,22,26,0,0,0
2020-05-31 21:00,34,20,14,0,0,0
2020-05-31 21:15,31,20,11,0,0,0
2020-05-31 21:30,32,14,18,0,0,0
2020-05-31 21:45,34,15,19,0,0,0
2020-05-31 22:00,24,12,12,0,0,0
2020-05-31 22:15,25,20,5,0,0,0
2020-05-31 22:30,16,10,6,0,0,0
2020-05-31 22:45,20,12,8,0,0,0
2020-05-31 23:00,16,12,4,0,0,0
2020-05-31 23:15,26,15,11,0,0,0
2020-05-31 23:30,16,10,6,0,0,0
2020-05-31 23:45,14,7,7,0,0,0
