Datetime,100034983 (Warendorfer Straße),101034983 (Warendorfer Straße stadteinwärts),102034983 (Warendorfer Straße stadtauswärts),100034983-status,101034983-status,102034983-status
2020-07-01 00:00,22,11,11,0,0,0
2020-07-01 00:15,16,9,7,0,0,0
2020-07-01 00:30,14,10,4,0,0,0
2020-07-01 00:45,8,6,2,0,0,0
2020-07-01 01:00,11,8,3,0,0,0
2020-07-01 01:15,6,3,3,0,0,0
2020-07-01 01:30,6,3,3,0,0,0
2020-07-01 01:45,8,6,2,0,0,0
2020-07-01 02:00,3,1,2,0,0,0
2020-07-01 02:15,2,2,0,0,0,0
2020-07-01 02:30,0,0,0,0,0,0
2020-07-01 02:45,5,3,2,0,0,0
2020-07-01 03:00,0,0,0,0,0,0
2020-07-01 03:15,1,0,1,0,0,0
2020-07-01 03:30,2,2,0,0,0,0
2020-07-01 03:45,0,0,0,0,0,0
2020-07-01 04:00,1,0,1,0,0,0
2020-07-01 04:15,0,0,0,0,0,0
2020-07-01 04:30,2,2,0,0,0,0
2020-07-01 04:45,1,1,0,0,0,0
2020-07-01 05:00,2,1,1,0,0,0
2020-07-01 05:15,2,2,0,0,0,0
2020-07-01 05:30,14,7,7,0,0,0
2020-07-01 05:45,21,9,12,0,0,0
2020-07-01 06:00,15,11,4,0,0,0
2020-07-01 06:15,23,16,7,0,0,0
2020-07-01 06:30,27,17,10,0,0,0
2020-07-01 06:45,50,33,17,0,0,0
2020-07-01 07:00,71,48,23,0,0,0
2020-07-01 07:15,69,36,33,0,0,0
2020-07-01 07:30,82,51,31,0,0,0
2020-07-01 07:45,97,72,25,0,0,0
2020-07-01 08:00,65,45,20,0,0,0
2020-07-01 08:15,101,78,23,0,0,0
2020-07-01 08:30,88,70,18,0,0,0
2020-07-01 08:45,100,73,27,0,0,0
2020-07-01 09:00,61,48,13,0,0,0
2020-07-01 09:15,94,76,18,0,0,0
2020-07-01 09:30,77,63,14,0,0,0
2020-07-01 09:45,92,63,29,0,0,0
2020-07-01 10:00,56,38,18,0,0,0
2020-07-01 10:15,50,36,14,0,0,0
2020-07-01 10:30,66,40,26,0,0,0
2020-07-01 10:45,63,49,14,0,0,0
2020-07-01 11:00,70,38,32,0,0,0
2020-07-01 11:15,78,51,27,0,0,0
2020-07-01 11:30,102,73,29,0,0,0
2020-07-01 11:45,84,61,23,0,0,0
2020-07-01 12:00,84,56,28,0,0,0
2020-07-01 12:15,72,48,24,0,0,0
2020-07-01 12:30,90,45,45,0,0,0
2020-07-01 12:45,68,27,41,0,0,0
2020-07-01 13:00,69,27,42,0,0,0
2020-07-01 13:15,75,26,49,0,0,0
2020-07-01 13:30,62,30,32,0,0,0
2020-07-01 13:45,66,38,28,0,0,0
2020-07-01 14:00,79,37,42,0,0,0
2020-07-01 14:15,55,29,26,0,0,0
2020-07-01 14:30,69,29,40,0,0,0
2020-07-01 14:45,52,23,29,0,0,0
2020-07-01 15:00,43,19,24,0,0,0
2020-07-01 15:15,55,35,20,0,0,0
2020-07-01 15:30,45,17,28,0,0,0
2020-07-01 15:45,71,43,28,0,0,0
2020-07-01 16:00,72,41,31,0,0,0
2020-07-01 16:15,69,31,38,0,0,0
2020-07-01 16:30,69,32,37,0,0,0
2020-07-01 16:45,91,48,43,0,0,0
2020-07-01 17:00,96,55,41,0,0,0
2020-07-01 17:15,110,53,57,0,0,0
2020-07-01 17:30,119,63,56,0,0,0
2020-07-01 17:45,126,71,55,0,0,0
2020-07-01 18:00,91,53,38,0,0,0
2020-07-01 18:15,105,56,49,0,0,0
2020-07-01 18:30,113,51,62,0,0,0
2020-07-01 18:45,111,50,61,0,0,0
2020-07-01 19:00,101,43,58,0,0,0
2020-07-01 19:15,76,39,37,0,0,0
2020-07-01 19:30,71,31,40,0,0,0
2020-07-01 19:45,84,42,42,0,0,0
2020-07-01 20:00,64,32,32,0,0,0
2020-07-01 20:15,49,14,35,0,0,0
2020-07-01 20:30,37,21,16,0,0,0
2020-07-01 20:45,34,20,14,0,0,0
2020-07-01 21:00,38,22,16,0,0,0
2020-07-01 21:15,45,21,24,0,0,0
2020-07-01 21:30,39,23,16,0,0,0
2020-07-01 21:45,34,13,21,0,0,0
2020-07-01 22:00,48,12,36,0,0,0
2020-07-01 22:15,30,16,14,0,0,0
2020-07-01 22:30,36,12,24,0,0,0
2020-07-01 22:45,21,11,10,0,0,0
2020-07-01 23:00,18,7,11,0,0,0
2020-07-01 23:15,41,24,17,0,0,0
2020-07-01 23:30,21,9,12,0,0,0
2020-07-01 23:45,13,4,9,0,0,0
2020-07-02 00:00,24,13,11,0,0,0
2020-07-02 00:15,10,6,4,0,0,0
2020-07-02 00:30,22,18,4,0,0,0
2020-07-02 00:45,14,11,3,0,0,0
2020-07-02 01:00,14,9,5,0,0,0
2020-07-02 01:15,5,0,5,0,0,0
2020-07-02 01:30,4,1,3,0,0,0
2020-07-02 01:45,6,4,2,0,0,0
2020-07-02 02:00,6,4,2,0,0,0
2020-07-02 02:15,4,3,1,0,0,0
2020-07-02 02:30,1,0,1,0,0,0
2020-07-02 02:45,3,0,3,0,0,0
2020-07-02 03:00,2,0,2,0,0,0
2020-07-02 03:15,2,0,2,0,0,0
2020-07-02 03:30,2,2,0,0,0,0
2020-07-02 03:45,1,1,0,0,0,0
2020-07-02 04:00,1,0,1,0,0,0
2020-07-02 04:15,3,1,2,0,0,0
2020-07-02 04:30,1,1,0,0,0,0
2020-07-02 04:45,3,2,1,0,0,0
2020-07-02 05:00,1,0,1,0,0,0
2020-07-02 05:15,1,0,1,0,0,0
2020-07-02 05:30,15,11,4,0,0,0
2020-07-02 05:45,20,11,9,0,0,0
2020-07-02 06:00,18,12,6,0,0,0
2020-07-02 06:15,22,14,8,0,0,0
2020-07-02 06:30,38,21,17,0,0,0
2020-07-02 06:45,60,42,18,0,0,0
2020-07-02 07:00,77,51,26,0,0,0
2020-07-02 07:15,104,63,41,0,0,0
2020-07-02 07:30,102,64,38,0,0,0
2020-07-02 07:45,143,92,51,0,0,0
2020-07-02 08:00,108,85,23,0,0,0
2020-07-02 08:15,126,90,36,0,0,0
2020-07-02 08:30,109,83,26,0,0,0
2020-07-02 08:45,138,108,30,0,0,0
2020-07-02 09:00,92,67,25,0,0,0
2020-07-02 09:15,116,81,35,0,0,0
2020-07-02 09:30,82,57,25,0,0,0
2020-07-02 09:45,108,79,29,0,0,0
2020-07-02 10:00,100,72,28,0,0,0
2020-07-02 10:15,113,64,49,0,0,0
2020-07-02 10:30,103,70,33,0,0,0
2020-07-02 10:45,115,80,35,0,0,0
2020-07-02 11:00,88,60,28,0,0,0
2020-07-02 11:15,113,79,34,0,0,0
2020-07-02 11:30,97,70,27,0,0,0
2020-07-02 11:45,128,74,54,0,0,0
2020-07-02 12:00,107,67,40,0,0,0
2020-07-02 12:15,124,72,52,0,0,0
2020-07-02 12:30,92,45,47,0,0,0
2020-07-02 12:45,134,75,59,0,0,0
2020-07-02 13:00,109,52,57,0,0,0
2020-07-02 13:15,109,57,52,0,0,0
2020-07-02 13:30,91,47,44,0,0,0
2020-07-02 13:45,136,93,43,0,0,0
2020-07-02 14:00,126,57,69,0,0,0
2020-07-02 14:15,138,75,63,0,0,0
2020-07-02 14:30,131,80,51,0,0,0
2020-07-02 14:45,134,79,55,0,0,0
2020-07-02 15:00,141,76,65,0,0,0
2020-07-02 15:15,122,62,60,0,0,0
2020-07-02 15:30,140,81,59,0,0,0
2020-07-02 15:45,173,89,84,0,0,0
2020-07-02 16:00,188,100,88,0,0,0
2020-07-02 16:15,193,90,103,0,0,0
2020-07-02 16:30,177,92,85,0,0,0
2020-07-02 16:45,164,97,67,0,0,0
2020-07-02 17:00,170,89,81,0,0,0
2020-07-02 17:15,155,65,90,0,0,0
2020-07-02 17:30,145,68,77,0,0,0
2020-07-02 17:45,169,82,87,0,0,0
2020-07-02 18:00,168,83,85,0,0,0
2020-07-02 18:15,128,59,69,0,0,0
2020-07-02 18:30,89,42,47,0,0,0
2020-07-02 18:45,122,59,63,0,0,0
2020-07-02 19:00,113,41,72,0,0,0
2020-07-02 19:15,99,35,64,0,0,0
2020-07-02 19:30,64,28,36,0,0,0
2020-07-02 19:45,80,46,34,0,0,0
2020-07-02 20:00,92,50,42,0,0,0
2020-07-02 20:15,55,26,29,0,0,0
2020-07-02 20:30,48,24,24,0,0,0
2020-07-02 20:45,25,12,13,0,0,0
2020-07-02 21:00,33,16,17,0,0,0
2020-07-02 21:15,36,17,19,0,0,0
2020-07-02 21:30,28,15,13,0,0,0
2020-07-02 21:45,28,22,6,0,0,0
2020-07-02 22:00,33,19,14,0,0,0
2020-07-02 22:15,31,12,19,0,0,0
2020-07-02 22:30,45,25,20,0,0,0
2020-07-02 22:45,33,16,17,0,0,0
2020-07-02 23:00,38,17,21,0,0,0
2020-07-02 23:15,15,9,6,0,0,0
2020-07-02 23:30,14,6,8,0,0,0
2020-07-02 23:45,17,11,6,0,0,0
2020-07-03 00:00,12,6,6,0,0,0
2020-07-03 00:15,13,6,7,0,0,0
2020-07-03 00:30,14,8,6,0,0,0
2020-07-03 00:45,7,2,5,0,0,0
2020-07-03 01:00,7,5,2,0,0,0
2020-07-03 01:15,4,0,4,0,0,0
2020-07-03 01:30,5,2,3,0,0,0
2020-07-03 01:45,3,1,2,0,0,0
2020-07-03 02:00,2,1,1,0,0,0
2020-07-03 02:15,1,1,0,0,0,0
2020-07-03 02:30,3,1,2,0,0,0
2020-07-03 02:45,6,2,4,0,0,0
2020-07-03 03:00,3,3,0,0,0,0
2020-07-03 03:15,1,1,0,0,0,0
2020-07-03 03:30,2,2,0,0,0,0
2020-07-03 03:45,2,0,2,0,0,0
2020-07-03 04:00,0,0,0,0,0,0
2020-07-03 04:15,3,0,3,0,0,0
2020-07-03 04:30,1,1,0,0,0,0
2020-07-03 04:45,3,2,1,0,0,0
2020-07-03 05:00,2,1,1,0,0,0
2020-07-03 05:15,3,2,1,0,0,0
2020-07-03 05:30,11,9,2,0,0,0
2020-07-03 05:45,14,8,6,0,0,0
2020-07-03 06:00,13,7,6,0,0,0
2020-07-03 06:15,25,18,7,0,0,0
2020-07-03 06:30,40,22,18,0,0,0
2020-07-03 06:45,51,32,19,0,0,0
2020-07-03 07:00,66,41,25,0,0,0
2020-07-03 07:15,80,49,31,0,0,0
2020-07-03 07:30,106,77,29,0,0,0
2020-07-03 07:45,100,69,31,0,0,0
2020-07-03 08:00,103,74,29,0,0,0
2020-07-03 08:15,111,79,32,0,0,0
2020-07-03 08:30,122,93,29,0,0,0
2020-07-03 08:45,133,89,44,0,0,0
2020-07-03 09:00,97,74,23,0,0,0
2020-07-03 09:15,98,74,24,0,0,0
2020-07-03 09:30,102,71,31,0,0,0
2020-07-03 09:45,143,110,33,0,0,0
2020-07-03 10:00,97,65,32,0,0,0
2020-07-03 10:15,105,71,34,0,0,0
2020-07-03 10:30,103,67,36,0,0,0
2020-07-03 10:45,123,79,44,0,0,0
2020-07-03 11:00,98,64,34,0,0,0
2020-07-03 11:15,118,65,53,0,0,0
2020-07-03 11:30,95,64,31,0,0,0
2020-07-03 11:45,119,74,45,0,0,0
2020-07-03 12:00,102,58,44,0,0,0
2020-07-03 12:15,116,65,51,0,0,0
2020-07-03 12:30,127,72,55,0,0,0
2020-07-03 12:45,134,84,50,0,0,0
2020-07-03 13:00,127,60,67,0,0,0
2020-07-03 13:15,147,76,71,0,0,0
2020-07-03 13:30,137,81,56,0,0,0
2020-07-03 13:45,157,85,72,0,0,0
2020-07-03 14:00,113,74,39,0,0,0
2020-07-03 14:15,156,72,84,0,0,0
2020-07-03 14:30,137,69,68,0,0,0
2020-07-03 14:45,117,65,52,0,0,0
2020-07-03 15:00,136,71,65,0,0,0
2020-07-03 15:15,136,78,58,0,0,0
2020-07-03 15:30,166,96,70,0,0,0
2020-07-03 15:45,177,90,87,0,0,0
2020-07-03 16:00,140,78,62,0,0,0
2020-07-03 16:15,146,90,56,0,0,0
2020-07-03 16:30,145,83,62,0,0,0
2020-07-03 16:45,160,81,79,0,0,0
2020-07-03 17:00,134,69,65,0,0,0
2020-07-03 17:15,160,95,65,0,0,0
2020-07-03 17:30,142,83,59,0,0,0
2020-07-03 17:45,174,105,69,0,0,0
2020-07-03 18:00,154,80,74,0,0,0
2020-07-03 18:15,128,63,65,0,0,0
2020-07-03 18:30,127,63,64,0,0,0
2020-07-03 18:45,140,75,65,0,0,0
2020-07-03 19:00,147,63,84,0,0,0
2020-07-03 19:15,122,69,53,0,0,0
2020-07-03 19:30,99,57,42,0,0,0
2020-07-03 19:45,105,57,48,0,0,0
2020-07-03 20:00,85,43,42,0,0,0
2020-07-03 20:15,67,38,29,0,0,0
2020-07-03 20:30,63,38,25,0,0,0
2020-07-03 20:45,61,37,24,0,0,0
2020-07-03 21:00,62,36,26,0,0,0
2020-07-03 21:15,44,18,26,0,0,0
2020-07-03 21:30,49,24,25,0,0,0
2020-07-03 21:45,31,12,19,0,0,0
2020-07-03 22:00,39,17,22,0,0,0
2020-07-03 22:15,38,25,13,0,0,0
2020-07-03 22:30,55,38,17,0,0,0
2020-07-03 22:45,31,14,17,0,0,0
2020-07-03 23:00,34,13,21,0,0,0
2020-07-03 23:15,28,13,15,0,0,0
2020-07-03 23:30,27,10,17,0,0,0
2020-07-03 23:45,40,17,23,0,0,0
2020-07-04 00:00,45,28,17,0,0,0
2020-07-04 00:15,38,29,9,0,0,0
2020-07-04 00:30,26,4,22,0,0,0
2020-07-04 00:45,47,27,20,0,0,0
2020-07-04 01:00,15,4,11,0,0,0
2020-07-04 01:15,14,5,9,0,0,0
2020-07-04 01:30,19,9,10,0,0,0
2020-07-04 01:45,12,8,4,0,0,0
2020-07-04 02:00,6,4,2,0,0,0
2020-07-04 02:15,15,6,9,0,0,0
2020-07-04 02:30,12,5,7,0,0,0
2020-07-04 02:45,10,5,5,0,0,0
2020-07-04 03:00,10,1,9,0,0,0
2020-07-04 03:15,8,4,4,0,0,0
2020-07-04 03:30,11,5,6,0,0,0
2020-07-04 03:45,3,2,1,0,0,0
2020-07-04 04:00,1,0,1,0,0,0
2020-07-04 04:15,11,6,5,0,0,0
2020-07-04 04:30,2,1,1,0,0,0
2020-07-04 04:45,0,0,0,0,0,0
2020-07-04 05:00,2,1,1,0,0,0
2020-07-04 05:15,0,0,0,0,0,0
2020-07-04 05:30,8,5,3,0,0,0
2020-07-04 05:45,7,3,4,0,0,0
2020-07-04 06:00,3,2,1,0,0,0
2020-07-04 06:15,5,1,4,0,0,0
2020-07-04 06:30,7,4,3,0,0,0
2020-07-04 06:45,18,14,4,0,0,0
2020-07-04 07:00,11,9,2,0,0,0
2020-07-04 07:15,22,14,8,0,0,0
2020-07-04 07:30,27,21,6,0,0,0
2020-07-04 07:45,41,20,21,0,0,0
2020-07-04 08:00,22,15,7,0,0,0
2020-07-04 08:15,33,22,11,0,0,0
2020-07-04 08:30,30,18,12,0,0,0
2020-07-04 08:45,65,49,16,0,0,0
2020-07-04 09:00,53,39,14,0,0,0
2020-07-04 09:15,70,49,21,0,0,0
2020-07-04 09:30,86,59,27,0,0,0
2020-07-04 09:45,101,74,27,0,0,0
2020-07-04 10:00,97,73,24,0,0,0
2020-07-04 10:15,100,73,27,0,0,0
2020-07-04 10:30,87,56,31,0,0,0
2020-07-04 10:45,150,112,38,0,0,0
2020-07-04 11:00,151,106,45,0,0,0
2020-07-04 11:15,143,99,44,0,0,0
2020-07-04 11:30,118,81,37,0,0,0
2020-07-04 11:45,165,118,47,0,0,0
2020-07-04 12:00,125,81,44,0,0,0
2020-07-04 12:15,152,122,30,0,0,0
2020-07-04 12:30,130,67,63,0,0,0
2020-07-04 12:45,166,92,74,0,0,0
2020-07-04 13:00,148,83,65,0,0,0
2020-07-04 13:15,127,78,49,0,0,0
2020-07-04 13:30,139,74,65,0,0,0
2020-07-04 13:45,146,83,63,0,0,0
2020-07-04 14:00,121,61,60,0,0,0
2020-07-04 14:15,111,51,60,0,0,0
2020-07-04 14:30,138,74,64,0,0,0
2020-07-04 14:45,117,63,54,0,0,0
2020-07-04 15:00,79,31,48,0,0,0
2020-07-04 15:15,119,60,59,0,0,0
2020-07-04 15:30,101,58,43,0,0,0
2020-07-04 15:45,111,60,51,0,0,0
2020-07-04 16:00,85,47,38,0,0,0
2020-07-04 16:15,80,44,36,0,0,0
2020-07-04 16:30,74,43,31,0,0,0
2020-07-04 16:45,105,62,43,0,0,0
2020-07-04 17:00,103,53,50,0,0,0
2020-07-04 17:15,72,39,33,0,0,0
2020-07-04 17:30,97,41,56,0,0,0
2020-07-04 17:45,103,48,55,0,0,0
2020-07-04 18:00,115,55,60,0,0,0
2020-07-04 18:15,87,38,49,0,0,0
2020-07-04 18:30,63,35,28,0,0,0
2020-07-04 18:45,97,54,43,0,0,0
2020-07-04 19:00,68,40,28,0,0,0
2020-07-04 19:15,79,47,32,0,0,0
2020-07-04 19:30,52,35,17,0,0,0
2020-07-04 19:45,67,34,33,0,0,0
2020-07-04 20:00,52,21,31,0,0,0
2020-07-04 20:15,56,28,28,0,0,0
2020-07-04 20:30,51,33,18,0,0,0
2020-07-04 20:45,29,19,10,0,0,0
2020-07-04 21:00,57,38,19,0,0,0
2020-07-04 21:15,37,18,19,0,0,0
2020-07-04 21:30,23,8,15,0,0,0
2020-07-04 21:45,29,18,11,0,0,0
2020-07-04 22:00,22,8,14,0,0,0
2020-07-04 22:15,41,25,16,0,0,0
2020-07-04 22:30,39,19,20,0,0,0
2020-07-04 22:45,27,19,8,0,0,0
2020-07-04 23:00,32,13,19,0,0,0
2020-07-04 23:15,26,8,18,0,0,0
2020-07-04 23:30,18,7,11,0,0,0
2020-07-04 23:45,28,15,13,0,0,0
2020-07-05 00:00,27,13,14,0,0,0
2020-07-05 00:15,30,17,13,0,0,0
2020-07-05 00:30,23,13,10,0,0,0
2020-07-05 00:45,14,2,12,0,0,0
2020-07-05 01:00,17,13,4,0,0,0
2020-07-05 01:15,17,10,7,0,0,0
2020-07-05 01:30,15,11,4,0,0,0
2020-07-05 01:45,9,2,7,0,0,0
2020-07-05 02:00,7,3,4,0,0,0
2020-07-05 02:15,13,7,6,0,0,0
2020-07-05 02:30,3,2,1,0,0,0
2020-07-05 02:45,3,1,2,0,0,0
2020-07-05 03:00,8,2,6,0,0,0
2020-07-05 03:15,6,4,2,0,0,0
2020-07-05 03:30,9,4,5,0,0,0
2020-07-05 03:45,6,1,5,0,0,0
2020-07-05 04:00,4,2,2,0,0,0
2020-07-05 04:15,3,0,3,0,0,0
2020-07-05 04:30,9,4,5,0,0,0
2020-07-05 04:45,2,1,1,0,0,0
2020-07-05 05:00,1,0,1,0,0,0
2020-07-05 05:15,2,1,1,0,0,0
2020-07-05 05:30,4,2,2,0,0,0
2020-07-05 05:45,8,4,4,0,0,0
2020-07-05 06:00,6,2,4,0,0,0
2020-07-05 06:15,3,1,2,0,0,0
2020-07-05 06:30,3,1,2,0,0,0
2020-07-05 06:45,3,1,2,0,0,0
2020-07-05 07:00,3,1,2,0,0,0
2020-07-05 07:15,2,2,0,0,0,0
2020-07-05 07:30,11,9,2,0,0,0
2020-07-05 07:45,13,9,4,0,0,0
2020-07-05 08:00,9,8,1,0,0,0
2020-07-05 08:15,11,10,1,0,0,0
2020-07-05 08:30,9,8,1,0,0,0
2020-07-05 08:45,12,6,6,0,0,0
2020-07-05 09:00,7,2,5,0,0,0
2020-07-05 09:15,20,11,9,0,0,0
2020-07-05 09:30,21,11,10,0,0,0
2020-07-05 09:45,30,23,7,0,0,0
2020-07-05 10:00,28,14,14,0,0,0
2020-07-05 10:15,24,15,9,0,0,0
2020-07-05 10:30,30,20,10,0,0,0
2020-07-05 10:45,28,19,9,0,0,0
2020-07-05 11:00,23,16,7,0,0,0
2020-07-05 11:15,31,22,9,0,0,0
2020-07-05 11:30,38,25,13,0,0,0
2020-07-05 11:45,35,20,15,0,0,0
2020-07-05 12:00,31,20,11,0,0,0
2020-07-05 12:15,27,14,13,0,0,0
2020-07-05 12:30,34,20,14,0,0,0
2020-07-05 12:45,37,22,15,0,0,0
2020-07-05 13:00,36,16,20,0,0,0
2020-07-05 13:15,26,10,16,0,0,0
2020-07-05 13:30,47,28,19,0,0,0
2020-07-05 13:45,39,23,16,0,0,0
2020-07-05 14:00,24,14,10,0,0,0
2020-07-05 14:15,33,17,16,0,0,0
2020-07-05 14:30,37,19,18,0,0,0
2020-07-05 14:45,28,13,15,0,0,0
2020-07-05 15:00,47,26,21,0,0,0
2020-07-05 15:15,43,29,14,0,0,0
2020-07-05 15:30,52,34,18,0,0,0
2020-07-05 15:45,44,27,17,0,0,0
2020-07-05 16:00,64,45,19,0,0,0
2020-07-05 16:15,49,30,19,0,0,0
2020-07-05 16:30,39,19,20,0,0,0
2020-07-05 16:45,37,18,19,0,0,0
2020-07-05 17:00,47,30,17,0,0,0
2020-07-05 17:15,52,33,19,0,0,0
2020-07-05 17:30,56,35,21,0,0,0
2020-07-05 17:45,69,43,26,0,0,0
2020-07-05 18:00,62,37,25,0,0,0
2020-07-05 18:15,63,35,28,0,0,0
2020-07-05 18:30,44,25,19,0,0,0
2020-07-05 18:45,60,43,17,0,0,0
2020-07-05 19:00,60,41,19,0,0,0
2020-07-05 19:15,51,24,27,0,0,0
2020-07-05 19:30,64,38,26,0,0,0
2020-07-05 19:45,46,22,24,0,0,0
2020-07-05 20:00,52,23,29,0,0,0
2020-07-05 20:15,32,20,12,0,0,0
2020-07-05 20:30,38,26,12,0,0,0
2020-07-05 20:45,36,17,19,0,0,0
2020-07-05 21:00,26,11,15,0,0,0
2020-07-05 21:15,33,14,19,0,0,0
2020-07-05 21:30,21,6,15,0,0,0
2020-07-05 21:45,28,13,15,0,0,0
2020-07-05 22:00,19,11,8,0,0,0
2020-07-05 22:15,21,13,8,0,0,0
2020-07-05 22:30,24,17,7,0,0,0
2020-07-05 22:45,10,6,4,0,0,0
2020-07-05 23:00,12,4,8,0,0,0
2020-07-05 23:15,14,6,8,0,0,0
2020-07-05 23:30,11,4,7,0,0,0
2020-07-05 23:45,5,3,2,0,0,0
2020-07-06 00:00,8,7,1,0,0,0
2020-07-06 00:15,4,3,1,0,0,0
2020-07-06 00:30,1,1,0,0,0,0
2020-07-06 00:45,8,7,1,0,0,0
2020-07-06 01:00,1,1,0,0,0,0
2020-07-06 01:15,3,2,1,0,0,0
2020-07-06 01:30,2,0,2,0,0,0
2020-07-06 01:45,1,0,1,0,0,0
2020-07-06 02:00,0,0,0,0,0,0
2020-07-06 02:15,0,0,0,0,0,0
2020-07-06 02:30,0,0,0,0,0,0
2020-07-06 02:45,2,1,1,0,0,0
2020-07-06 03:00,0,0,0,0,0,0
2020-07-06 03:15,0,0,0,0,0,0
2020-07-06 03:30,1,0,1,0,0,0
2020-07-06 03:45,0,0,0,0,0,0
2020-07-06 04:00,0,0,0,0,0,0
2020-07-06 04:15,1,0,1,0,0,0
2020-07-06 04:30,0,0,0,0,0,0
2020-07-06 04:45,1,0,1,0,0,0
2020-07-06 05:00,0,0,0,0,0,0
2020-07-06 05:15,4,2,2,0,0,0
2020-07-06 05:30,16,8,8,0,0,0
2020-07-06 05:45,22,13,9,0,0,0
2020-07-06 06:00,15,10,5,0,0,0
2020-07-06 06:15,33,24,9,0,0,0
2020-07-06 06:30,46,32,14,0,0,0
2020-07-06 06:45,66,41,25,0,0,0
2020-07-06 07:00,69,45,24,0,0,0
2020-07-06 07:15,89,53,36,0,0,0
2020-07-06 07:30,104,63,41,0,0,0
2020-07-06 07:45,141,91,50,0,0,0
2020-07-06 08:00,89,62,27,0,0,0
2020-07-06 08:15,102,70,32,0,0,0
2020-07-06 08:30,106,78,28,0,0,0
2020-07-06 08:45,126,94,32,0,0,0
2020-07-06 09:00,83,59,24,0,0,0
2020-07-06 09:15,76,59,17,0,0,0
2020-07-06 09:30,68,51,17,0,0,0
2020-07-06 09:45,113,82,31,0,0,0
2020-07-06 10:00,83,60,23,0,0,0
2020-07-06 10:15,123,88,35,0,0,0
2020-07-06 10:30,90,57,33,0,0,0
2020-07-06 10:45,110,77,33,0,0,0
2020-07-06 11:00,100,66,34,0,0,0
2020-07-06 11:15,83,51,32,0,0,0
2020-07-06 11:30,118,64,54,0,0,0
2020-07-06 11:45,111,68,43,0,0,0
2020-07-06 12:00,101,70,31,0,0,0
2020-07-06 12:15,98,60,38,0,0,0
2020-07-06 12:30,110,67,43,0,0,0
2020-07-06 12:45,115,52,63,0,0,0
2020-07-06 13:00,67,29,38,0,0,0
2020-07-06 13:15,73,38,35,0,0,0
2020-07-06 13:30,74,29,45,0,0,0
2020-07-06 13:45,95,53,42,0,0,0
2020-07-06 14:00,91,51,40,0,0,0
2020-07-06 14:15,89,56,33,0,0,0
2020-07-06 14:30,137,95,42,0,0,0
2020-07-06 14:45,89,56,33,0,0,0
2020-07-06 15:00,92,55,37,0,0,0
2020-07-06 15:15,102,60,42,0,0,0
2020-07-06 15:30,112,60,52,0,0,0
2020-07-06 15:45,112,58,54,0,0,0
2020-07-06 16:00,155,80,75,0,0,0
2020-07-06 16:15,141,81,60,0,0,0
2020-07-06 16:30,157,87,70,0,0,0
2020-07-06 16:45,125,56,69,0,0,0
2020-07-06 17:00,111,57,54,0,0,0
2020-07-06 17:15,126,61,65,0,0,0
2020-07-06 17:30,118,57,61,0,0,0
2020-07-06 17:45,147,67,80,0,0,0
2020-07-06 18:00,149,75,74,0,0,0
2020-07-06 18:15,128,60,68,0,0,0
2020-07-06 18:30,108,45,63,0,0,0
2020-07-06 18:45,86,45,41,0,0,0
2020-07-06 19:00,80,30,50,0,0,0
2020-07-06 19:15,83,36,47,0,0,0
2020-07-06 19:30,64,24,40,0,0,0
2020-07-06 19:45,66,28,38,0,0,0
2020-07-06 20:00,62,26,36,0,0,0
2020-07-06 20:15,57,27,30,0,0,0
2020-07-06 20:30,59,29,30,0,0,0
2020-07-06 20:45,39,18,21,0,0,0
2020-07-06 21:00,51,31,20,0,0,0
2020-07-06 21:15,38,17,21,0,0,0
2020-07-06 21:30,26,14,12,0,0,0
2020-07-06 21:45,30,12,18,0,0,0
2020-07-06 22:00,33,23,10,0,0,0
2020-07-06 22:15,31,11,20,0,0,0
2020-07-06 22:30,28,18,10,0,0,0
2020-07-06 22:45,20,10,10,0,0,0
2020-07-06 23:00,28,14,14,0,0,0
2020-07-06 23:15,16,12,4,0,0,0
2020-07-06 23:30,14,10,4,0,0,0
2020-07-06 23:45,8,4,4,0,0,0
2020-07-07 00:00,9,4,5,0,0,0
2020-07-07 00:15,12,4,8,0,0,0
2020-07-07 00:30,3,2,1,0,0,0
2020-07-07 00:45,9,6,3,0,0,0
2020-07-07 01:00,5,0,5,0,0,0
2020-07-07 01:15,2,0,2,0,0,0
2020-07-07 01:30,4,3,1,0,0,0
2020-07-07 01:45,3,1,2,0,0,0
2020-07-07 02:00,1,0,1,0,0,0
2020-07-07 02:15,4,2,2,0,0,0
2020-07-07 02:30,3,0,3,0,0,0
2020-07-07 02:45,2,1,1,0,0,0
2020-07-07 03:00,0,0,0,0,0,0
2020-07-07 03:15,0,0,0,0,0,0
2020-07-07 03:30,2,1,1,0,0,0
2020-07-07 03:45,3,1,2,0,0,0
2020-07-07 04:00,1,1,0,0,0,0
2020-07-07 04:15,0,0,0,0,0,0
2020-07-07 04:30,0,0,0,0,0,0
2020-07-07 04:45,1,0,1,0,0,0
2020-07-07 05:00,1,0,1,0,0,0
2020-07-07 05:15,6,2,4,0,0,0
2020-07-07 05:30,17,9,8,0,0,0
2020-07-07 05:45,19,10,9,0,0,0
2020-07-07 06:00,21,12,9,0,0,0
2020-07-07 06:15,25,18,7,0,0,0
2020-07-07 06:30,45,27,18,0,0,0
2020-07-07 06:45,67,53,14,0,0,0
2020-07-07 07:00,71,42,29,0,0,0
2020-07-07 07:15,95,58,37,0,0,0
2020-07-07 07:30,117,81,36,0,0,0
2020-07-07 07:45,155,107,48,0,0,0
2020-07-07 08:00,112,81,31,0,0,0
2020-07-07 08:15,112,79,33,0,0,0
2020-07-07 08:30,113,77,36,0,0,0
2020-07-07 08:45,138,96,42,0,0,0
2020-07-07 09:00,96,62,34,0,0,0
2020-07-07 09:15,99,81,18,0,0,0
2020-07-07 09:30,112,88,24,0,0,0
2020-07-07 09:45,110,79,31,0,0,0
2020-07-07 10:00,102,77,25,0,0,0
2020-07-07 10:15,113,84,29,0,0,0
2020-07-07 10:30,113,73,40,0,0,0
2020-07-07 10:45,127,75,52,0,0,0
2020-07-07 11:00,87,57,30,0,0,0
2020-07-07 11:15,111,75,36,0,0,0
2020-07-07 11:30,109,57,52,0,0,0
2020-07-07 11:45,123,76,47,0,0,0
2020-07-07 12:00,111,65,46,0,0,0
2020-07-07 12:15,117,68,49,0,0,0
2020-07-07 12:30,126,74,52,0,0,0
2020-07-07 12:45,119,67,52,0,0,0
2020-07-07 13:00,126,73,53,0,0,0
2020-07-07 13:15,110,69,41,0,0,0
2020-07-07 13:30,122,61,61,0,0,0
2020-07-07 13:45,135,76,59,0,0,0
2020-07-07 14:00,128,74,54,0,0,0
2020-07-07 14:15,120,63,57,0,0,0
2020-07-07 14:30,125,69,56,0,0,0
2020-07-07 14:45,86,57,29,0,0,0
2020-07-07 15:00,102,67,35,0,0,0
2020-07-07 15:15,121,58,63,0,0,0
2020-07-07 15:30,100,50,50,0,0,0
2020-07-07 15:45,157,90,67,0,0,0
2020-07-07 16:00,135,68,67,0,0,0
2020-07-07 16:15,178,81,97,0,0,0
2020-07-07 16:30,164,96,68,0,0,0
2020-07-07 16:45,166,87,79,0,0,0
2020-07-07 17:00,156,84,72,0,0,0
2020-07-07 17:15,184,91,93,0,0,0
2020-07-07 17:30,148,79,69,0,0,0
2020-07-07 17:45,152,74,78,0,0,0
2020-07-07 18:00,135,58,77,0,0,0
2020-07-07 18:15,143,56,87,0,0,0
2020-07-07 18:30,123,67,56,0,0,0
2020-07-07 18:45,109,59,50,0,0,0
2020-07-07 19:00,89,50,39,0,0,0
2020-07-07 19:15,64,35,29,0,0,0
2020-07-07 19:30,84,39,45,0,0,0
2020-07-07 19:45,64,24,40,0,0,0
2020-07-07 20:00,67,28,39,0,0,0
2020-07-07 20:15,47,22,25,0,0,0
2020-07-07 20:30,45,23,22,0,0,0
2020-07-07 20:45,52,28,24,0,0,0
2020-07-07 21:00,52,19,33,0,0,0
2020-07-07 21:15,51,24,27,0,0,0
2020-07-07 21:30,47,21,26,0,0,0
2020-07-07 21:45,40,23,17,0,0,0
2020-07-07 22:00,28,8,20,0,0,0
2020-07-07 22:15,45,25,20,0,0,0
2020-07-07 22:30,23,13,10,0,0,0
2020-07-07 22:45,26,17,9,0,0,0
2020-07-07 23:00,20,11,9,0,0,0
2020-07-07 23:15,23,15,8,0,0,0
2020-07-07 23:30,19,10,9,0,0,0
2020-07-07 23:45,12,6,6,0,0,0
2020-07-08 00:00,11,6,5,0,0,0
2020-07-08 00:15,13,10,3,0,0,0
2020-07-08 00:30,14,9,5,0,0,0
2020-07-08 00:45,6,2,4,0,0,0
2020-07-08 01:00,13,5,8,0,0,0
2020-07-08 01:15,14,6,8,0,0,0
2020-07-08 01:30,3,2,1,0,0,0
2020-07-08 01:45,3,3,0,0,0,0
2020-07-08 02:00,5,5,0,0,0,0
2020-07-08 02:15,3,2,1,0,0,0
2020-07-08 02:30,3,1,2,0,0,0
2020-07-08 02:45,4,0,4,0,0,0
2020-07-08 03:00,1,0,1,0,0,0
2020-07-08 03:15,0,0,0,0,0,0
2020-07-08 03:30,1,0,1,0,0,0
2020-07-08 03:45,1,0,1,0,0,0
2020-07-08 04:00,0,0,0,0,0,0
2020-07-08 04:15,0,0,0,0,0,0
2020-07-08 04:30,1,1,0,0,0,0
2020-07-08 04:45,0,0,0,0,0,0
2020-07-08 05:00,0,0,0,0,0,0
2020-07-08 05:15,5,1,4,0,0,0
2020-07-08 05:30,11,8,3,0,0,0
2020-07-08 05:45,28,16,12,0,0,0
2020-07-08 06:00,16,10,6,0,0,0
2020-07-08 06:15,18,15,3,0,0,0
2020-07-08 06:30,35,22,13,0,0,0
2020-07-08 06:45,48,29,19,0,0,0
2020-07-08 07:00,73,54,19,0,0,0
2020-07-08 07:15,78,47,31,0,0,0
2020-07-08 07:30,90,54,36,0,0,0
2020-07-08 07:45,106,75,31,0,0,0
2020-07-08 08:00,91,60,31,0,0,0
2020-07-08 08:15,102,71,31,0,0,0
2020-07-08 08:30,99,72,27,0,0,0
2020-07-08 08:45,127,98,29,0,0,0
2020-07-08 09:00,79,55,24,0,0,0
2020-07-08 09:15,88,67,21,0,0,0
2020-07-08 09:30,88,66,22,0,0,0
2020-07-08 09:45,118,84,34,0,0,0
2020-07-08 10:00,88,62,26,0,0,0
2020-07-08 10:15,78,66,12,0,0,0
2020-07-08 10:30,94,65,29,0,0,0
2020-07-08 10:45,110,76,34,0,0,0
2020-07-08 11:00,105,70,35,0,0,0
2020-07-08 11:15,97,64,33,0,0,0
2020-07-08 11:30,98,76,22,0,0,0
2020-07-08 11:45,123,65,58,0,0,0
2020-07-08 12:00,81,47,34,0,0,0
2020-07-08 12:15,134,77,57,0,0,0
2020-07-08 12:30,103,57,46,0,0,0
2020-07-08 12:45,128,81,47,0,0,0
2020-07-08 13:00,112,65,47,0,0,0
2020-07-08 13:15,124,68,56,0,0,0
2020-07-08 13:30,147,88,59,0,0,0
2020-07-08 13:45,139,82,57,0,0,0
2020-07-08 14:00,118,68,50,0,0,0
2020-07-08 14:15,113,58,55,0,0,0
2020-07-08 14:30,120,66,54,0,0,0
2020-07-08 14:45,125,71,54,0,0,0
2020-07-08 15:00,102,49,53,0,0,0
2020-07-08 15:15,123,68,55,0,0,0
2020-07-08 15:30,115,65,50,0,0,0
2020-07-08 15:45,135,89,46,0,0,0
2020-07-08 16:00,138,94,44,0,0,0
2020-07-08 16:15,128,66,62,0,0,0
2020-07-08 16:30,155,73,82,0,0,0
2020-07-08 16:45,147,87,60,0,0,0
2020-07-08 17:00,140,76,64,0,0,0
2020-07-08 17:15,119,60,59,0,0,0
2020-07-08 17:30,127,65,62,0,0,0
2020-07-08 17:45,138,63,75,0,0,0
2020-07-08 18:00,102,41,61,0,0,0
2020-07-08 18:15,119,58,61,0,0,0
2020-07-08 18:30,89,49,40,0,0,0
2020-07-08 18:45,112,58,54,0,0,0
2020-07-08 19:00,99,39,60,0,0,0
2020-07-08 19:15,87,47,40,0,0,0
2020-07-08 19:30,61,35,26,0,0,0
2020-07-08 19:45,78,42,36,0,0,0
2020-07-08 20:00,80,43,37,0,0,0
2020-07-08 20:15,62,29,33,0,0,0
2020-07-08 20:30,45,25,20,0,0,0
2020-07-08 20:45,48,19,29,0,0,0
2020-07-08 21:00,40,22,18,0,0,0
2020-07-08 21:15,46,24,22,0,0,0
2020-07-08 21:30,45,21,24,0,0,0
2020-07-08 21:45,42,22,20,0,0,0
2020-07-08 22:00,39,22,17,0,0,0
2020-07-08 22:15,28,13,15,0,0,0
2020-07-08 22:30,32,17,15,0,0,0
2020-07-08 22:45,27,14,13,0,0,0
2020-07-08 23:00,29,15,14,0,0,0
2020-07-08 23:15,29,17,12,0,0,0
2020-07-08 23:30,21,11,10,0,0,0
2020-07-08 23:45,15,9,6,0,0,0
2020-07-09 00:00,24,13,11,0,0,0
2020-07-09 00:15,10,2,8,0,0,0
2020-07-09 00:30,14,6,8,0,0,0
2020-07-09 00:45,21,6,15,0,0,0
2020-07-09 01:00,12,9,3,0,0,0
2020-07-09 01:15,1,1,0,0,0,0
2020-07-09 01:30,7,1,6,0,0,0
2020-07-09 01:45,6,5,1,0,0,0
2020-07-09 02:00,3,0,3,0,0,0
2020-07-09 02:15,5,2,3,0,0,0
2020-07-09 02:30,1,1,0,0,0,0
2020-07-09 02:45,0,0,0,0,0,0
2020-07-09 03:00,0,0,0,0,0,0
2020-07-09 03:15,5,5,0,0,0,0
2020-07-09 03:30,4,0,4,0,0,0
2020-07-09 03:45,0,0,0,0,0,0
2020-07-09 04:00,1,0,1,0,0,0
2020-07-09 04:15,0,0,0,0,0,0
2020-07-09 04:30,1,0,1,0,0,0
2020-07-09 04:45,1,0,1,0,0,0
2020-07-09 05:00,2,2,0,0,0,0
2020-07-09 05:15,6,1,5,0,0,0
2020-07-09 05:30,14,10,4,0,0,0
2020-07-09 05:45,25,14,11,0,0,0
2020-07-09 06:00,17,7,10,0,0,0
2020-07-09 06:15,19,13,6,0,0,0
2020-07-09 06:30,30,18,12,0,0,0
2020-07-09 06:45,46,31,15,0,0,0
2020-07-09 07:00,42,28,14,0,0,0
2020-07-09 07:15,82,46,36,0,0,0
2020-07-09 07:30,76,53,23,0,0,0
2020-07-09 07:45,106,74,32,0,0,0
2020-07-09 08:00,52,37,15,0,0,0
2020-07-09 08:15,100,81,19,0,0,0
2020-07-09 08:30,84,54,30,0,0,0
2020-07-09 08:45,118,84,34,0,0,0
2020-07-09 09:00,79,56,23,0,0,0
2020-07-09 09:15,78,51,27,0,0,0
2020-07-09 09:30,83,56,27,0,0,0
2020-07-09 09:45,78,53,25,0,0,0
2020-07-09 10:00,65,52,13,0,0,0
2020-07-09 10:15,62,39,23,0,0,0
2020-07-09 10:30,81,52,29,0,0,0
2020-07-09 10:45,102,79,23,0,0,0
2020-07-09 11:00,75,46,29,0,0,0
2020-07-09 11:15,71,43,28,0,0,0
2020-07-09 11:30,68,40,28,0,0,0
2020-07-09 11:45,87,53,34,0,0,0
2020-07-09 12:00,72,46,26,0,0,0
2020-07-09 12:15,70,46,24,0,0,0
2020-07-09 12:30,80,47,33,0,0,0
2020-07-09 12:45,82,48,34,0,0,0
2020-07-09 13:00,85,43,42,0,0,0
2020-07-09 13:15,76,52,24,0,0,0
2020-07-09 13:30,68,42,26,0,0,0
2020-07-09 13:45,102,64,38,0,0,0
2020-07-09 14:00,78,50,28,0,0,0
2020-07-09 14:15,113,64,49,0,0,0
2020-07-09 14:30,112,71,41,0,0,0
2020-07-09 14:45,114,71,43,0,0,0
2020-07-09 15:00,108,67,41,0,0,0
2020-07-09 15:15,94,51,43,0,0,0
2020-07-09 15:30,90,48,42,0,0,0
2020-07-09 15:45,115,69,46,0,0,0
2020-07-09 16:00,114,69,45,0,0,0
2020-07-09 16:15,131,73,58,0,0,0
2020-07-09 16:30,128,74,54,0,0,0
2020-07-09 16:45,150,84,66,0,0,0
2020-07-09 17:00,127,70,57,0,0,0
2020-07-09 17:15,132,59,73,0,0,0
2020-07-09 17:30,110,55,55,0,0,0
2020-07-09 17:45,141,63,78,0,0,0
2020-07-09 18:00,128,65,63,0,0,0
2020-07-09 18:15,119,58,61,0,0,0
2020-07-09 18:30,109,46,63,0,0,0
2020-07-09 18:45,113,57,56,0,0,0
2020-07-09 19:00,101,60,41,0,0,0
2020-07-09 19:15,82,43,39,0,0,0
2020-07-09 19:30,65,33,32,0,0,0
2020-07-09 19:45,65,33,32,0,0,0
2020-07-09 20:00,55,23,32,0,0,0
2020-07-09 20:15,59,24,35,0,0,0
2020-07-09 20:30,46,30,16,0,0,0
2020-07-09 20:45,40,25,15,0,0,0
2020-07-09 21:00,35,13,22,0,0,0
2020-07-09 21:15,39,16,23,0,0,0
2020-07-09 21:30,41,17,24,0,0,0
2020-07-09 21:45,26,16,10,0,0,0
2020-07-09 22:00,34,14,20,0,0,0
2020-07-09 22:15,37,15,22,0,0,0
2020-07-09 22:30,31,18,13,0,0,0
2020-07-09 22:45,27,17,10,0,0,0
2020-07-09 23:00,31,19,12,0,0,0
2020-07-09 23:15,17,9,8,0,0,0
2020-07-09 23:30,15,7,8,0,0,0
2020-07-09 23:45,17,9,8,0,0,0
2020-07-10 00:00,4,2,2,0,0,0
2020-07-10 00:15,6,4,2,0,0,0
2020-07-10 00:30,6,1,5,0,0,0
2020-07-10 00:45,12,5,7,0,0,0
2020-07-10 01:00,6,2,4,0,0,0
2020-07-10 01:15,2,1,1,0,0,0
2020-07-10 01:30,3,2,1,0,0,0
2020-07-10 01:45,4,2,2,0,0,0
2020-07-10 02:00,3,2,1,0,0,0
2020-07-10 02:15,0,0,0,0,0,0
2020-07-10 02:30,2,0,2,0,0,0
2020-07-10 02:45,2,0,2,0,0,0
2020-07-10 03:00,1,0,1,0,0,0
2020-07-10 03:15,0,0,0,0,0,0
2020-07-10 03:30,2,1,1,0,0,0
2020-07-10 03:45,0,0,0,0,0,0
2020-07-10 04:00,3,1,2,0,0,0
2020-07-10 04:15,1,1,0,0,0,0
2020-07-10 04:30,0,0,0,0,0,0
2020-07-10 04:45,1,0,1,0,0,0
2020-07-10 05:00,0,0,0,0,0,0
2020-07-10 05:15,2,0,2,0,0,0
2020-07-10 05:30,11,6,5,0,0,0
2020-07-10 05:45,21,8,13,0,0,0
2020-07-10 06:00,19,13,6,0,0,0
2020-07-10 06:15,13,7,6,0,0,0
2020-07-10 06:30,42,25,17,0,0,0
2020-07-10 06:45,50,34,16,0,0,0
2020-07-10 07:00,68,45,23,0,0,0
2020-07-10 07:15,67,37,30,0,0,0
2020-07-10 07:30,88,58,30,0,0,0
2020-07-10 07:45,118,88,30,0,0,0
2020-07-10 08:00,71,50,21,0,0,0
2020-07-10 08:15,84,61,23,0,0,0
2020-07-10 08:30,75,49,26,0,0,0
2020-07-10 08:45,112,72,40,0,0,0
2020-07-10 09:00,78,64,14,0,0,0
2020-07-10 09:15,93,65,28,0,0,0
2020-07-10 09:30,85,54,31,0,0,0
2020-07-10 09:45,119,93,26,0,0,0
2020-07-10 10:00,56,46,10,0,0,0
2020-07-10 10:15,82,54,28,0,0,0
2020-07-10 10:30,87,52,35,0,0,0
2020-07-10 10:45,96,67,29,0,0,0
2020-07-10 11:00,72,50,22,0,0,0
2020-07-10 11:15,85,57,28,0,0,0
2020-07-10 11:30,64,41,23,0,0,0
2020-07-10 11:45,95,63,32,0,0,0
2020-07-10 12:00,67,38,29,0,0,0
2020-07-10 12:15,80,47,33,0,0,0
2020-07-10 12:30,80,47,33,0,0,0
2020-07-10 12:45,110,62,48,0,0,0
2020-07-10 13:00,114,50,64,0,0,0
2020-07-10 13:15,107,61,46,0,0,0
2020-07-10 13:30,106,60,46,0,0,0
2020-07-10 13:45,98,54,44,0,0,0
2020-07-10 14:00,104,56,48,0,0,0
2020-07-10 14:15,96,56,40,0,0,0
2020-07-10 14:30,102,70,32,0,0,0
2020-07-10 14:45,94,54,40,0,0,0
2020-07-10 15:00,117,71,46,0,0,0
2020-07-10 15:15,112,56,56,0,0,0
2020-07-10 15:30,104,48,56,0,0,0
2020-07-10 15:45,122,80,42,0,0,0
2020-07-10 16:00,119,66,53,0,0,0
2020-07-10 16:15,110,69,41,0,0,0
2020-07-10 16:30,114,56,58,0,0,0
2020-07-10 16:45,106,57,49,0,0,0
2020-07-10 17:00,106,54,52,0,0,0
2020-07-10 17:15,111,60,51,0,0,0
2020-07-10 17:30,97,50,47,0,0,0
2020-07-10 17:45,106,57,49,0,0,0
2020-07-10 18:00,94,51,43,0,0,0
2020-07-10 18:15,69,31,38,0,0,0
2020-07-10 18:30,84,36,48,0,0,0
2020-07-10 18:45,93,56,37,0,0,0
2020-07-10 19:00,64,24,40,0,0,0
2020-07-10 19:15,87,49,38,0,0,0
2020-07-10 19:30,85,48,37,0,0,0
2020-07-10 19:45,79,43,36,0,0,0
2020-07-10 20:00,59,32,27,0,0,0
2020-07-10 20:15,48,21,27,0,0,0
2020-07-10 20:30,47,28,19,0,0,0
2020-07-10 20:45,21,12,9,0,0,0
2020-07-10 21:00,48,24,24,0,0,0
2020-07-10 21:15,39,26,13,0,0,0
2020-07-10 21:30,37,22,15,0,0,0
2020-07-10 21:45,37,17,20,0,0,0
2020-07-10 22:00,24,11,13,0,0,0
2020-07-10 22:15,41,27,14,0,0,0
2020-07-10 22:30,39,14,25,0,0,0
2020-07-10 22:45,37,22,15,0,0,0
2020-07-10 23:00,35,17,18,0,0,0
2020-07-10 23:15,36,15,21,0,0,0
2020-07-10 23:30,16,6,10,0,0,0
2020-07-10 23:45,25,14,11,0,0,0
2020-07-11 00:00,41,28,13,0,0,0
2020-07-11 00:15,20,13,7,0,0,0
2020-07-11 00:30,22,9,13,0,0,0
2020-07-11 00:45,16,9,7,0,0,0
2020-07-11 01:00,27,12,15,0,0,0
2020-07-11 01:15,20,6,14,0,0,0
2020-07-11 01:30,6,3,3,0,0,0
2020-07-11 01:45,12,7,5,0,0,0
2020-07-11 02:00,23,15,8,0,0,0
2020-07-11 02:15,12,9,3,0,0,0
2020-07-11 02:30,6,4,2,0,0,0
2020-07-11 02:45,9,5,4,0,0,0
2020-07-11 03:00,15,4,11,0,0,0
2020-07-11 03:15,5,1,4,0,0,0
2020-07-11 03:30,4,2,2,0,0,0
2020-07-11 03:45,4,3,1,0,0,0
2020-07-11 04:00,4,1,3,0,0,0
2020-07-11 04:15,1,0,1,0,0,0
2020-07-11 04:30,6,2,4,0,0,0
2020-07-11 04:45,1,0,1,0,0,0
2020-07-11 05:00,4,2,2,0,0,0
2020-07-11 05:15,0,0,0,0,0,0
2020-07-11 05:30,9,7,2,0,0,0
2020-07-11 05:45,8,4,4,0,0,0
2020-07-11 06:00,9,6,3,0,0,0
2020-07-11 06:15,1,1,0,0,0,0
2020-07-11 06:30,10,9,1,0,0,0
2020-07-11 06:45,13,12,1,0,0,0
2020-07-11 07:00,21,15,6,0,0,0
2020-07-11 07:15,22,16,6,0,0,0
2020-07-11 07:30,31,20,11,0,0,0
2020-07-11 07:45,33,23,10,0,0,0
2020-07-11 08:00,26,19,7,0,0,0
2020-07-11 08:15,35,27,8,0,0,0
2020-07-11 08:30,36,35,1,0,0,0
2020-07-11 08:45,63,45,18,0,0,0
2020-07-11 09:00,66,51,15,0,0,0
2020-07-11 09:15,71,59,12,0,0,0
2020-07-11 09:30,66,49,17,0,0,0
2020-07-11 09:45,112,79,33,0,0,0
2020-07-11 10:00,95,71,24,0,0,0
2020-07-11 10:15,114,80,34,0,0,0
2020-07-11 10:30,124,80,44,0,0,0
2020-07-11 10:45,130,80,50,0,0,0
2020-07-11 11:00,136,87,49,0,0,0
2020-07-11 11:15,142,99,43,0,0,0
2020-07-11 11:30,196,130,66,0,0,0
2020-07-11 11:45,137,95,42,0,0,0
2020-07-11 12:00,141,94,47,0,0,0
2020-07-11 12:15,173,108,65,0,0,0
2020-07-11 12:30,156,102,54,0,0,0
2020-07-11 12:45,199,130,69,0,0,0
2020-07-11 13:00,137,80,57,0,0,0
2020-07-11 13:15,128,78,50,0,0,0
2020-07-11 13:30,164,98,66,0,0,0
2020-07-11 13:45,119,69,50,0,0,0
2020-07-11 14:00,116,61,55,0,0,0
2020-07-11 14:15,133,55,78,0,0,0
2020-07-11 14:30,150,71,79,0,0,0
2020-07-11 14:45,141,83,58,0,0,0
2020-07-11 15:00,121,49,72,0,0,0
2020-07-11 15:15,97,51,46,0,0,0
2020-07-11 15:30,117,67,50,0,0,0
2020-07-11 15:45,126,68,58,0,0,0
2020-07-11 16:00,112,65,47,0,0,0
2020-07-11 16:15,118,49,69,0,0,0
2020-07-11 16:30,103,54,49,0,0,0
2020-07-11 16:45,120,72,48,0,0,0
2020-07-11 17:00,101,61,40,0,0,0
2020-07-11 17:15,101,60,41,0,0,0
2020-07-11 17:30,60,30,30,0,0,0
2020-07-11 17:45,96,50,46,0,0,0
2020-07-11 18:00,112,59,53,0,0,0
2020-07-11 18:15,99,39,60,0,0,0
2020-07-11 18:30,84,48,36,0,0,0
2020-07-11 18:45,104,64,40,0,0,0
2020-07-11 19:00,73,44,29,0,0,0
2020-07-11 19:15,86,57,29,0,0,0
2020-07-11 19:30,63,36,27,0,0,0
2020-07-11 19:45,62,33,29,0,0,0
2020-07-11 20:00,67,34,33,0,0,0
2020-07-11 20:15,54,36,18,0,0,0
2020-07-11 20:30,54,34,20,0,0,0
2020-07-11 20:45,44,25,19,0,0,0
2020-07-11 21:00,38,22,16,0,0,0
2020-07-11 21:15,38,26,12,0,0,0
2020-07-11 21:30,28,10,18,0,0,0
2020-07-11 21:45,21,10,11,0,0,0
2020-07-11 22:00,33,23,10,0,0,0
2020-07-11 22:15,38,21,17,0,0,0
2020-07-11 22:30,33,13,20,0,0,0
2020-07-11 22:45,17,12,5,0,0,0
2020-07-11 23:00,28,12,16,0,0,0
2020-07-11 23:15,22,11,11,0,0,0
2020-07-11 23:30,41,28,13,0,0,0
2020-07-11 23:45,39,17,22,0,0,0
2020-07-12 00:00,30,11,19,0,0,0
2020-07-12 00:15,25,15,10,0,0,0
2020-07-12 00:30,22,10,12,0,0,0
2020-07-12 00:45,21,9,12,0,0,0
2020-07-12 01:00,12,6,6,0,0,0
2020-07-12 01:15,21,12,9,0,0,0
2020-07-12 01:30,21,11,10,0,0,0
2020-07-12 01:45,17,3,14,0,0,0
2020-07-12 02:00,9,3,6,0,0,0
2020-07-12 02:15,12,4,8,0,0,0
2020-07-12 02:30,12,3,9,0,0,0
2020-07-12 02:45,9,5,4,0,0,0
2020-07-12 03:00,11,6,5,0,0,0
2020-07-12 03:15,6,4,2,0,0,0
2020-07-12 03:30,6,4,2,0,0,0
2020-07-12 03:45,17,14,3,0,0,0
2020-07-12 04:00,2,0,2,0,0,0
2020-07-12 04:15,7,1,6,0,0,0
2020-07-12 04:30,3,1,2,0,0,0
2020-07-12 04:45,1,0,1,0,0,0
2020-07-12 05:00,0,0,0,0,0,0
2020-07-12 05:15,2,0,2,0,0,0
2020-07-12 05:30,5,0,5,0,0,0
2020-07-12 05:45,9,2,7,0,0,0
2020-07-12 06:00,5,3,2,0,0,0
2020-07-12 06:15,6,6,0,0,0,0
2020-07-12 06:30,4,3,1,0,0,0
2020-07-12 06:45,7,3,4,0,0,0
2020-07-12 07:00,5,5,0,0,0,0
2020-07-12 07:15,5,5,0,0,0,0
2020-07-12 07:30,12,10,2,0,0,0
2020-07-12 07:45,9,3,6,0,0,0
2020-07-12 08:00,14,8,6,0,0,0
2020-07-12 08:15,11,8,3,0,0,0
2020-07-12 08:30,11,7,4,0,0,0
2020-07-12 08:45,18,12,6,0,0,0
2020-07-12 09:00,22,13,9,0,0,0
2020-07-12 09:15,19,15,4,0,0,0
2020-07-12 09:30,31,22,9,0,0,0
2020-07-12 09:45,38,17,21,0,0,0
2020-07-12 10:00,35,24,11,0,0,0
2020-07-12 10:15,52,37,15,0,0,0
2020-07-12 10:30,20,13,7,0,0,0
2020-07-12 10:45,38,20,18,0,0,0
2020-07-12 11:00,51,23,28,0,0,0
2020-07-12 11:15,48,27,21,0,0,0
2020-07-12 11:30,62,42,20,0,0,0
2020-07-12 11:45,58,44,14,0,0,0
2020-07-12 12:00,45,34,11,0,0,0
2020-07-12 12:15,53,32,21,0,0,0
2020-07-12 12:30,68,48,20,0,0,0
2020-07-12 12:45,71,43,28,0,0,0
2020-07-12 13:00,79,48,31,0,0,0
2020-07-12 13:15,72,35,37,0,0,0
2020-07-12 13:30,79,46,33,0,0,0
2020-07-12 13:45,73,47,26,0,0,0
2020-07-12 14:00,104,68,36,0,0,0
2020-07-12 14:15,87,66,21,0,0,0
2020-07-12 14:30,105,82,23,0,0,0
2020-07-12 14:45,80,43,37,0,0,0
2020-07-12 15:00,82,42,40,0,0,0
2020-07-12 15:15,103,68,35,0,0,0
2020-07-12 15:30,79,53,26,0,0,0
2020-07-12 15:45,101,65,36,0,0,0
2020-07-12 16:00,104,77,27,0,0,0
2020-07-12 16:15,83,59,24,0,0,0
2020-07-12 16:30,82,57,25,0,0,0
2020-07-12 16:45,122,87,35,0,0,0
2020-07-12 17:00,109,64,45,0,0,0
2020-07-12 17:15,89,50,39,0,0,0
2020-07-12 17:30,79,44,35,0,0,0
2020-07-12 17:45,84,57,27,0,0,0
2020-07-12 18:00,65,38,27,0,0,0
2020-07-12 18:15,95,46,49,0,0,0
2020-07-12 18:30,80,47,33,0,0,0
2020-07-12 18:45,78,50,28,0,0,0
2020-07-12 19:00,74,53,21,0,0,0
2020-07-12 19:15,56,30,26,0,0,0
2020-07-12 19:30,59,38,21,0,0,0
2020-07-12 19:45,64,34,30,0,0,0
2020-07-12 20:00,76,44,32,0,0,0
2020-07-12 20:15,55,37,18,0,0,0
2020-07-12 20:30,44,22,22,0,0,0
2020-07-12 20:45,36,24,12,0,0,0
2020-07-12 21:00,46,32,14,0,0,0
2020-07-12 21:15,34,18,16,0,0,0
2020-07-12 21:30,25,16,9,0,0,0
2020-07-12 21:45,36,20,16,0,0,0
2020-07-12 22:00,26,21,5,0,0,0
2020-07-12 22:15,20,14,6,0,0,0
2020-07-12 22:30,38,27,11,0,0,0
2020-07-12 22:45,17,9,8,0,0,0
2020-07-12 23:00,20,11,9,0,0,0
2020-07-12 23:15,20,13,7,0,0,0
2020-07-12 23:30,6,2,4,0,0,0
2020-07-12 23:45,13,11,2,0,0,0
2020-07-13 00:00,8,6,2,0,0,0
2020-07-13 00:15,11,6,5,0,0,0
2020-07-13 00:30,4,2,2,0,0,0
2020-07-13 00:45,6,3,3,0,0,0
2020-07-13 01:00,4,2,2,0,0,0
2020-07-13 01:15,2,2,0,0,0,0
2020-07-13 01:30,1,1,0,0,0,0
2020-07-13 01:45,2,1,1,0,0,0
2020-07-13 02:00,0,0,0,0,0,0
2020-07-13 02:15,0,0,0,0,0,0
2020-07-13 02:30,2,0,2,0,0,0
2020-07-13 02:45,0,0,0,0,0,0
2020-07-13 03:00,0,0,0,0,0,0
2020-07-13 03:15,0,0,0,0,0,0
2020-07-13 03:30,1,1,0,0,0,0
2020-07-13 03:45,0,0,0,0,0,0
2020-07-13 04:00,0,0,0,0,0,0
2020-07-13 04:15,3,1,2,0,0,0
2020-07-13 04:30,1,1,0,0,0,0
2020-07-13 04:45,2,0,2,0,0,0
2020-07-13 05:00,3,3,0,0,0,0
2020-07-13 05:15,3,2,1,0,0,0
2020-07-13 05:30,19,10,9,0,0,0
2020-07-13 05:45,24,11,13,0,0,0
2020-07-13 06:00,21,16,5,0,0,0
2020-07-13 06:15,30,24,6,0,0,0
2020-07-13 06:30,49,33,16,0,0,0
2020-07-13 06:45,61,43,18,0,0,0
2020-07-13 07:00,71,43,28,0,0,0
2020-07-13 07:15,88,52,36,0,0,0
2020-07-13 07:30,102,73,29,0,0,0
2020-07-13 07:45,115,79,36,0,0,0
2020-07-13 08:00,97,73,24,0,0,0
2020-07-13 08:15,95,71,24,0,0,0
2020-07-13 08:30,101,72,29,0,0,0
2020-07-13 08:45,131,95,36,0,0,0
2020-07-13 09:00,80,58,22,0,0,0
2020-07-13 09:15,74,58,16,0,0,0
2020-07-13 09:30,94,70,24,0,0,0
2020-07-13 09:45,99,69,30,0,0,0
2020-07-13 10:00,90,76,14,0,0,0
2020-07-13 10:15,102,79,23,0,0,0
2020-07-13 10:30,84,58,26,0,0,0
2020-07-13 10:45,96,59,37,0,0,0
2020-07-13 11:00,92,62,30,0,0,0
2020-07-13 11:15,103,70,33,0,0,0
2020-07-13 11:30,109,60,49,0,0,0
2020-07-13 11:45,107,66,41,0,0,0
2020-07-13 12:00,123,61,62,0,0,0
2020-07-13 12:15,113,59,54,0,0,0
2020-07-13 12:30,115,73,42,0,0,0
2020-07-13 12:45,141,94,47,0,0,0
2020-07-13 13:00,113,64,49,0,0,0
2020-07-13 13:15,113,60,53,0,0,0
2020-07-13 13:30,133,84,49,0,0,0
2020-07-13 13:45,130,72,58,0,0,0
2020-07-13 14:00,120,58,62,0,0,0
2020-07-13 14:15,133,80,53,0,0,0
2020-07-13 14:30,126,71,55,0,0,0
2020-07-13 14:45,126,65,61,0,0,0
2020-07-13 15:00,145,85,60,0,0,0
2020-07-13 15:15,134,80,54,0,0,0
2020-07-13 15:30,169,105,64,0,0,0
2020-07-13 15:45,155,93,62,0,0,0
2020-07-13 16:00,149,77,72,0,0,0
2020-07-13 16:15,151,81,70,0,0,0
2020-07-13 16:30,184,109,75,0,0,0
2020-07-13 16:45,162,94,68,0,0,0
2020-07-13 17:00,168,87,81,0,0,0
2020-07-13 17:15,166,94,72,0,0,0
2020-07-13 17:30,162,81,81,0,0,0
2020-07-13 17:45,184,94,90,0,0,0
2020-07-13 18:00,167,92,75,0,0,0
2020-07-13 18:15,166,91,75,0,0,0
2020-07-13 18:30,136,71,65,0,0,0
2020-07-13 18:45,132,58,74,0,0,0
2020-07-13 19:00,95,48,47,0,0,0
2020-07-13 19:15,109,46,63,0,0,0
2020-07-13 19:30,82,50,32,0,0,0
2020-07-13 19:45,96,53,43,0,0,0
2020-07-13 20:00,93,43,50,0,0,0
2020-07-13 20:15,72,39,33,0,0,0
2020-07-13 20:30,75,44,31,0,0,0
2020-07-13 20:45,58,39,19,0,0,0
2020-07-13 21:00,62,21,41,0,0,0
2020-07-13 21:15,53,26,27,0,0,0
2020-07-13 21:30,58,34,24,0,0,0
2020-07-13 21:45,51,32,19,0,0,0
2020-07-13 22:00,54,32,22,0,0,0
2020-07-13 22:15,35,16,19,0,0,0
2020-07-13 22:30,45,27,18,0,0,0
2020-07-13 22:45,29,16,13,0,0,0
2020-07-13 23:00,23,13,10,0,0,0
2020-07-13 23:15,32,21,11,0,0,0
2020-07-13 23:30,20,11,9,0,0,0
2020-07-13 23:45,17,12,5,0,0,0
2020-07-14 00:00,8,7,1,0,0,0
2020-07-14 00:15,12,8,4,0,0,0
2020-07-14 00:30,8,6,2,0,0,0
2020-07-14 00:45,9,7,2,0,0,0
2020-07-14 01:00,4,2,2,0,0,0
2020-07-14 01:15,7,2,5,0,0,0
2020-07-14 01:30,2,1,1,0,0,0
2020-07-14 01:45,5,2,3,0,0,0
2020-07-14 02:00,1,0,1,0,0,0
2020-07-14 02:15,1,0,1,0,0,0
2020-07-14 02:30,1,1,0,0,0,0
2020-07-14 02:45,3,2,1,0,0,0
2020-07-14 03:00,2,0,2,0,0,0
2020-07-14 03:15,0,0,0,0,0,0
2020-07-14 03:30,0,0,0,0,0,0
2020-07-14 03:45,1,1,0,0,0,0
2020-07-14 04:00,0,0,0,0,0,0
2020-07-14 04:15,2,1,1,0,0,0
2020-07-14 04:30,1,1,0,0,0,0
2020-07-14 04:45,0,0,0,0,0,0
2020-07-14 05:00,2,1,1,0,0,0
2020-07-14 05:15,4,4,0,0,0,0
2020-07-14 05:30,15,9,6,0,0,0
2020-07-14 05:45,16,8,8,0,0,0
2020-07-14 06:00,23,15,8,0,0,0
2020-07-14 06:15,21,12,9,0,0,0
2020-07-14 06:30,38,23,15,0,0,0
2020-07-14 06:45,64,39,25,0,0,0
2020-07-14 07:00,66,44,22,0,0,0
2020-07-14 07:15,85,50,35,0,0,0
2020-07-14 07:30,79,48,31,0,0,0
2020-07-14 07:45,90,48,42,0,0,0
2020-07-14 08:00,84,60,24,0,0,0
2020-07-14 08:15,106,67,39,0,0,0
2020-07-14 08:30,104,73,31,0,0,0
2020-07-14 08:45,133,102,31,0,0,0
2020-07-14 09:00,95,70,25,0,0,0
2020-07-14 09:15,77,50,27,0,0,0
2020-07-14 09:30,94,73,21,0,0,0
2020-07-14 09:45,119,88,31,0,0,0
2020-07-14 10:00,99,68,31,0,0,0
2020-07-14 10:15,89,62,27,0,0,0
2020-07-14 10:30,104,65,39,0,0,0
2020-07-14 10:45,99,66,33,0,0,0
2020-07-14 11:00,93,61,32,0,0,0
2020-07-14 11:15,87,51,36,0,0,0
2020-07-14 11:30,89,49,40,0,0,0
2020-07-14 11:45,129,93,36,0,0,0
2020-07-14 12:00,124,88,36,0,0,0
2020-07-14 12:15,94,58,36,0,0,0
2020-07-14 12:30,116,68,48,0,0,0
2020-07-14 12:45,103,54,49,0,0,0
2020-07-14 13:00,106,48,58,0,0,0
2020-07-14 13:15,92,51,41,0,0,0
2020-07-14 13:30,93,56,37,0,0,0
2020-07-14 13:45,106,64,42,0,0,0
2020-07-14 14:00,102,55,47,0,0,0
2020-07-14 14:15,118,56,62,0,0,0
2020-07-14 14:30,137,79,58,0,0,0
2020-07-14 14:45,117,65,52,0,0,0
2020-07-14 15:00,125,75,50,0,0,0
2020-07-14 15:15,113,63,50,0,0,0
2020-07-14 15:30,90,49,41,0,0,0
2020-07-14 15:45,128,68,60,0,0,0
2020-07-14 16:00,121,59,62,0,0,0
2020-07-14 16:15,133,75,58,0,0,0
2020-07-14 16:30,119,60,59,0,0,0
2020-07-14 16:45,100,53,47,0,0,0
2020-07-14 17:00,120,60,60,0,0,0
2020-07-14 17:15,99,47,52,0,0,0
2020-07-14 17:30,82,37,45,0,0,0
2020-07-14 17:45,112,57,55,0,0,0
2020-07-14 18:00,109,55,54,0,0,0
2020-07-14 18:15,98,37,61,0,0,0
2020-07-14 18:30,78,27,51,0,0,0
2020-07-14 18:45,84,38,46,0,0,0
2020-07-14 19:00,73,27,46,0,0,0
2020-07-14 19:15,58,23,35,0,0,0
2020-07-14 19:30,73,35,38,0,0,0
2020-07-14 19:45,70,33,37,0,0,0
2020-07-14 20:00,46,25,21,0,0,0
2020-07-14 20:15,52,25,27,0,0,0
2020-07-14 20:30,41,24,17,0,0,0
2020-07-14 20:45,43,24,19,0,0,0
2020-07-14 21:00,33,16,17,0,0,0
2020-07-14 21:15,39,26,13,0,0,0
2020-07-14 21:30,31,15,16,0,0,0
2020-07-14 21:45,26,16,10,0,0,0
2020-07-14 22:00,34,18,16,0,0,0
2020-07-14 22:15,26,15,11,0,0,0
2020-07-14 22:30,27,10,17,0,0,0
2020-07-14 22:45,32,16,16,0,0,0
2020-07-14 23:00,18,13,5,0,0,0
2020-07-14 23:15,17,13,4,0,0,0
2020-07-14 23:30,14,6,8,0,0,0
2020-07-14 23:45,19,9,10,0,0,0
2020-07-15 00:00,11,7,4,0,0,0
2020-07-15 00:15,10,8,2,0,0,0
2020-07-15 00:30,5,1,4,0,0,0
2020-07-15 00:45,4,3,1,0,0,0
2020-07-15 01:00,12,8,4,0,0,0
2020-07-15 01:15,6,3,3,0,0,0
2020-07-15 01:30,9,5,4,0,0,0
2020-07-15 01:45,2,2,0,0,0,0
2020-07-15 02:00,2,0,2,0,0,0
2020-07-15 02:15,1,0,1,0,0,0
2020-07-15 02:30,2,2,0,0,0,0
2020-07-15 02:45,0,0,0,0,0,0
2020-07-15 03:00,3,2,1,0,0,0
2020-07-15 03:15,3,3,0,0,0,0
2020-07-15 03:30,0,0,0,0,0,0
2020-07-15 03:45,2,1,1,0,0,0
2020-07-15 04:00,2,1,1,0,0,0
2020-07-15 04:15,2,1,1,0,0,0
2020-07-15 04:30,1,1,0,0,0,0
2020-07-15 04:45,0,0,0,0,0,0
2020-07-15 05:00,1,1,0,0,0,0
2020-07-15 05:15,4,2,2,0,0,0
2020-07-15 05:30,13,7,6,0,0,0
2020-07-15 05:45,15,6,9,0,0,0
2020-07-15 06:00,13,9,4,0,0,0
2020-07-15 06:15,12,7,5,0,0,0
2020-07-15 06:30,42,25,17,0,0,0
2020-07-15 06:45,45,28,17,0,0,0
2020-07-15 07:00,65,39,26,0,0,0
2020-07-15 07:15,69,42,27,0,0,0
2020-07-15 07:30,93,65,28,0,0,0
2020-07-15 07:45,119,81,38,0,0,0
2020-07-15 08:00,102,75,27,0,0,0
2020-07-15 08:15,98,67,31,0,0,0
2020-07-15 08:30,112,81,31,0,0,0
2020-07-15 08:45,122,81,41,0,0,0
2020-07-15 09:00,94,72,22,0,0,0
2020-07-15 09:15,100,72,28,0,0,0
2020-07-15 09:30,106,80,26,0,0,0
2020-07-15 09:45,131,93,38,0,0,0
2020-07-15 10:00,111,69,42,0,0,0
2020-07-15 10:15,114,93,21,0,0,0
2020-07-15 10:30,129,83,46,0,0,0
2020-07-15 10:45,151,100,51,0,0,0
2020-07-15 11:00,132,84,48,0,0,0
2020-07-15 11:15,105,78,27,0,0,0
2020-07-15 11:30,132,90,42,0,0,0
2020-07-15 11:45,147,82,65,0,0,0
2020-07-15 12:00,122,67,55,0,0,0
2020-07-15 12:15,163,98,65,0,0,0
2020-07-15 12:30,117,74,43,0,0,0
2020-07-15 12:45,142,79,63,0,0,0
2020-07-15 13:00,122,77,45,0,0,0
2020-07-15 13:15,111,54,57,0,0,0
2020-07-15 13:30,124,63,61,0,0,0
2020-07-15 13:45,120,66,54,0,0,0
2020-07-15 14:00,116,56,60,0,0,0
2020-07-15 14:15,125,56,69,0,0,0
2020-07-15 14:30,135,76,59,0,0,0
2020-07-15 14:45,114,66,48,0,0,0
2020-07-15 15:00,120,72,48,0,0,0
2020-07-15 15:15,128,78,50,0,0,0
2020-07-15 15:30,103,50,53,0,0,0
2020-07-15 15:45,136,91,45,0,0,0
2020-07-15 16:00,161,100,61,0,0,0
2020-07-15 16:15,158,93,65,0,0,0
2020-07-15 16:30,161,110,51,0,0,0
2020-07-15 16:45,156,76,80,0,0,0
2020-07-15 17:00,150,81,69,0,0,0
2020-07-15 17:15,145,69,76,0,0,0
2020-07-15 17:30,133,63,70,0,0,0
2020-07-15 17:45,155,69,86,0,0,0
2020-07-15 18:00,135,74,61,0,0,0
2020-07-15 18:15,124,68,56,0,0,0
2020-07-15 18:30,113,53,60,0,0,0
2020-07-15 18:45,125,70,55,0,0,0
2020-07-15 19:00,111,51,60,0,0,0
2020-07-15 19:15,97,47,50,0,0,0
2020-07-15 19:30,81,35,46,0,0,0
2020-07-15 19:45,66,33,33,0,0,0
2020-07-15 20:00,74,43,31,0,0,0
2020-07-15 20:15,63,28,35,0,0,0
2020-07-15 20:30,64,37,27,0,0,0
2020-07-15 20:45,48,24,24,0,0,0
2020-07-15 21:00,40,22,18,0,0,0
2020-07-15 21:15,47,23,24,0,0,0
2020-07-15 21:30,56,30,26,0,0,0
2020-07-15 21:45,40,19,21,0,0,0
2020-07-15 22:00,47,23,24,0,0,0
2020-07-15 22:15,40,17,23,0,0,0
2020-07-15 22:30,36,24,12,0,0,0
2020-07-15 22:45,31,18,13,0,0,0
2020-07-15 23:00,21,10,11,0,0,0
2020-07-15 23:15,46,25,21,0,0,0
2020-07-15 23:30,22,6,16,0,0,0
2020-07-15 23:45,29,8,21,0,0,0
2020-07-16 00:00,19,12,7,0,0,0
2020-07-16 00:15,27,20,7,0,0,0
2020-07-16 00:30,15,10,5,0,0,0
2020-07-16 00:45,17,9,8,0,0,0
2020-07-16 01:00,11,3,8,0,0,0
2020-07-16 01:15,10,8,2,0,0,0
2020-07-16 01:30,6,5,1,0,0,0
2020-07-16 01:45,11,4,7,0,0,0
2020-07-16 02:00,4,1,3,0,0,0
2020-07-16 02:15,5,4,1,0,0,0
2020-07-16 02:30,6,2,4,0,0,0
2020-07-16 02:45,4,1,3,0,0,0
2020-07-16 03:00,2,0,2,0,0,0
2020-07-16 03:15,7,3,4,0,0,0
2020-07-16 03:30,2,0,2,0,0,0
2020-07-16 03:45,1,1,0,0,0,0
2020-07-16 04:00,0,0,0,0,0,0
2020-07-16 04:15,6,1,5,0,0,0
2020-07-16 04:30,1,1,0,0,0,0
2020-07-16 04:45,1,1,0,0,0,0
2020-07-16 05:00,4,4,0,0,0,0
2020-07-16 05:15,7,5,2,0,0,0
2020-07-16 05:30,17,10,7,0,0,0
2020-07-16 05:45,18,9,9,0,0,0
2020-07-16 06:00,16,8,8,0,0,0
2020-07-16 06:15,21,16,5,0,0,0
2020-07-16 06:30,34,18,16,0,0,0
2020-07-16 06:45,56,40,16,0,0,0
2020-07-16 07:00,63,48,15,0,0,0
2020-07-16 07:15,85,48,37,0,0,0
2020-07-16 07:30,97,60,37,0,0,0
2020-07-16 07:45,122,83,39,0,0,0
2020-07-16 08:00,99,64,35,0,0,0
2020-07-16 08:15,80,54,26,0,0,0
2020-07-16 08:30,114,79,35,0,0,0
2020-07-16 08:45,133,102,31,0,0,0
2020-07-16 09:00,86,55,31,0,0,0
2020-07-16 09:15,69,50,19,0,0,0
2020-07-16 09:30,74,53,21,0,0,0
2020-07-16 09:45,89,60,29,0,0,0
2020-07-16 10:00,73,56,17,0,0,0
2020-07-16 10:15,94,67,27,0,0,0
2020-07-16 10:30,88,58,30,0,0,0
2020-07-16 10:45,102,63,39,0,0,0
2020-07-16 11:00,75,49,26,0,0,0
2020-07-16 11:15,78,55,23,0,0,0
2020-07-16 11:30,87,53,34,0,0,0
2020-07-16 11:45,100,66,34,0,0,0
2020-07-16 12:00,100,61,39,0,0,0
2020-07-16 12:15,87,56,31,0,0,0
2020-07-16 12:30,103,54,49,0,0,0
2020-07-16 12:45,94,58,36,0,0,0
2020-07-16 13:00,118,73,45,0,0,0
2020-07-16 13:15,86,40,46,0,0,0
2020-07-16 13:30,80,49,31,0,0,0
2020-07-16 13:45,134,77,57,0,0,0
2020-07-16 14:00,92,51,41,0,0,0
2020-07-16 14:15,107,61,46,0,0,0
2020-07-16 14:30,117,69,48,0,0,0
2020-07-16 14:45,141,82,59,0,0,0
2020-07-16 15:00,115,76,39,0,0,0
2020-07-16 15:15,134,78,56,0,0,0
2020-07-16 15:30,139,79,60,0,0,0
2020-07-16 15:45,145,88,57,0,0,0
2020-07-16 16:00,145,84,61,0,0,0
2020-07-16 16:15,139,62,77,0,0,0
2020-07-16 16:30,142,83,59,0,0,0
2020-07-16 16:45,149,92,57,0,0,0
2020-07-16 17:00,146,81,65,0,0,0
2020-07-16 17:15,150,77,73,0,0,0
2020-07-16 17:30,138,57,81,0,0,0
2020-07-16 17:45,162,95,67,0,0,0
2020-07-16 18:00,141,70,71,0,0,0
2020-07-16 18:15,121,58,63,0,0,0
2020-07-16 18:30,127,62,65,0,0,0
2020-07-16 18:45,110,53,57,0,0,0
2020-07-16 19:00,94,50,44,0,0,0
2020-07-16 19:15,86,46,40,0,0,0
2020-07-16 19:30,73,42,31,0,0,0
2020-07-16 19:45,77,28,49,0,0,0
2020-07-16 20:00,68,24,44,0,0,0
2020-07-16 20:15,63,27,36,0,0,0
2020-07-16 20:30,47,16,31,0,0,0
2020-07-16 20:45,20,9,11,0,0,0
2020-07-16 21:00,44,19,25,0,0,0
2020-07-16 21:15,44,13,31,0,0,0
2020-07-16 21:30,49,27,22,0,0,0
2020-07-16 21:45,47,23,24,0,0,0
2020-07-16 22:00,30,15,15,0,0,0
2020-07-16 22:15,28,11,17,0,0,0
2020-07-16 22:30,39,15,24,0,0,0
2020-07-16 22:45,39,19,20,0,0,0
2020-07-16 23:00,45,36,9,0,0,0
2020-07-16 23:15,20,8,12,0,0,0
2020-07-16 23:30,15,10,5,0,0,0
2020-07-16 23:45,15,9,6,0,0,0
2020-07-17 00:00,19,15,4,0,0,0
2020-07-17 00:15,17,14,3,0,0,0
2020-07-17 00:30,9,2,7,0,0,0
2020-07-17 00:45,7,4,3,0,0,0
2020-07-17 01:00,6,1,5,0,0,0
2020-07-17 01:15,4,2,2,0,0,0
2020-07-17 01:30,9,4,5,0,0,0
2020-07-17 01:45,8,2,6,0,0,0
2020-07-17 02:00,1,0,1,0,0,0
2020-07-17 02:15,3,0,3,0,0,0
2020-07-17 02:30,5,0,5,0,0,0
2020-07-17 02:45,5,5,0,0,0,0
2020-07-17 03:00,0,0,0,0,0,0
2020-07-17 03:15,2,2,0,0,0,0
2020-07-17 03:30,2,2,0,0,0,0
2020-07-17 03:45,0,0,0,0,0,0
2020-07-17 04:00,2,0,2,0,0,0
2020-07-17 04:15,2,0,2,0,0,0
2020-07-17 04:30,0,0,0,0,0,0
2020-07-17 04:45,2,2,0,0,0,0
2020-07-17 05:00,2,1,1,0,0,0
2020-07-17 05:15,5,3,2,0,0,0
2020-07-17 05:30,12,6,6,0,0,0
2020-07-17 05:45,15,10,5,0,0,0
2020-07-17 06:00,15,8,7,0,0,0
2020-07-17 06:15,11,6,5,0,0,0
2020-07-17 06:30,34,15,19,0,0,0
2020-07-17 06:45,51,34,17,0,0,0
2020-07-17 07:00,60,35,25,0,0,0
2020-07-17 07:15,70,45,25,0,0,0
2020-07-17 07:30,104,73,31,0,0,0
2020-07-17 07:45,118,87,31,0,0,0
2020-07-17 08:00,80,51,29,0,0,0
2020-07-17 08:15,90,63,27,0,0,0
2020-07-17 08:30,82,61,21,0,0,0
2020-07-17 08:45,120,93,27,0,0,0
2020-07-17 09:00,77,54,23,0,0,0
2020-07-17 09:15,81,60,21,0,0,0
2020-07-17 09:30,101,70,31,0,0,0
2020-07-17 09:45,102,75,27,0,0,0
2020-07-17 10:00,82,50,32,0,0,0
2020-07-17 10:15,105,73,32,0,0,0
2020-07-17 10:30,80,43,37,0,0,0
2020-07-17 10:45,115,65,50,0,0,0
2020-07-17 11:00,125,81,44,0,0,0
2020-07-17 11:15,102,74,28,0,0,0
2020-07-17 11:30,105,67,38,0,0,0
2020-07-17 11:45,93,57,36,0,0,0
2020-07-17 12:00,107,72,35,0,0,0
2020-07-17 12:15,121,72,49,0,0,0
2020-07-17 12:30,109,80,29,0,0,0
2020-07-17 12:45,116,56,60,0,0,0
2020-07-17 13:00,124,64,60,0,0,0
2020-07-17 13:15,111,64,47,0,0,0
2020-07-17 13:30,122,71,51,0,0,0
2020-07-17 13:45,138,72,66,0,0,0
2020-07-17 14:00,129,70,59,0,0,0
2020-07-17 14:15,141,73,68,0,0,0
2020-07-17 14:30,139,66,73,0,0,0
2020-07-17 14:45,128,75,53,0,0,0
2020-07-17 15:00,147,95,52,0,0,0
2020-07-17 15:15,147,78,69,0,0,0
2020-07-17 15:30,124,66,58,0,0,0
2020-07-17 15:45,166,95,71,0,0,0
2020-07-17 16:00,127,74,53,0,0,0
2020-07-17 16:15,127,90,37,0,0,0
2020-07-17 16:30,121,64,57,0,0,0
2020-07-17 16:45,150,85,65,0,0,0
2020-07-17 17:00,100,52,48,0,0,0
2020-07-17 17:15,139,80,59,0,0,0
2020-07-17 17:30,137,70,67,0,0,0
2020-07-17 17:45,143,77,66,0,0,0
2020-07-17 18:00,129,60,69,0,0,0
2020-07-17 18:15,113,68,45,0,0,0
2020-07-17 18:30,142,79,63,0,0,0
2020-07-17 18:45,107,51,56,0,0,0
2020-07-17 19:00,124,66,58,0,0,0
2020-07-17 19:15,102,47,55,0,0,0
2020-07-17 19:30,87,47,40,0,0,0
2020-07-17 19:45,115,54,61,0,0,0
2020-07-17 20:00,83,29,54,0,0,0
2020-07-17 20:15,73,39,34,0,0,0
2020-07-17 20:30,77,48,29,0,0,0
2020-07-17 20:45,51,31,20,0,0,0
2020-07-17 21:00,43,20,23,0,0,0
2020-07-17 21:15,40,25,15,0,0,0
2020-07-17 21:30,36,18,18,0,0,0
2020-07-17 21:45,33,22,11,0,0,0
2020-07-17 22:00,46,18,28,0,0,0
2020-07-17 22:15,51,28,23,0,0,0
2020-07-17 22:30,41,31,10,0,0,0
2020-07-17 22:45,44,18,26,0,0,0
2020-07-17 23:00,37,20,17,0,0,0
2020-07-17 23:15,40,22,18,0,0,0
2020-07-17 23:30,32,17,15,0,0,0
2020-07-17 23:45,51,28,23,0,0,0
2020-07-18 00:00,22,10,12,0,0,0
2020-07-18 00:15,35,13,22,0,0,0
2020-07-18 00:30,28,16,12,0,0,0
2020-07-18 00:45,23,13,10,0,0,0
2020-07-18 01:00,19,8,11,0,0,0
2020-07-18 01:15,15,2,13,0,0,0
2020-07-18 01:30,20,12,8,0,0,0
2020-07-18 01:45,8,4,4,0,0,0
2020-07-18 02:00,20,10,10,0,0,0
2020-07-18 02:15,14,7,7,0,0,0
2020-07-18 02:30,10,5,5,0,0,0
2020-07-18 02:45,6,1,5,0,0,0
2020-07-18 03:00,7,3,4,0,0,0
2020-07-18 03:15,9,0,9,0,0,0
2020-07-18 03:30,10,2,8,0,0,0
2020-07-18 03:45,5,0,5,0,0,0
2020-07-18 04:00,2,1,1,0,0,0
2020-07-18 04:15,5,3,2,0,0,0
2020-07-18 04:30,1,0,1,0,0,0
2020-07-18 04:45,4,1,3,0,0,0
2020-07-18 05:00,3,2,1,0,0,0
2020-07-18 05:15,4,3,1,0,0,0
2020-07-18 05:30,11,9,2,0,0,0
2020-07-18 05:45,6,3,3,0,0,0
2020-07-18 06:00,7,5,2,0,0,0
2020-07-18 06:15,4,3,1,0,0,0
2020-07-18 06:30,12,12,0,0,0,0
2020-07-18 06:45,18,14,4,0,0,0
2020-07-18 07:00,17,10,7,0,0,0
2020-07-18 07:15,21,16,5,0,0,0
2020-07-18 07:30,18,14,4,0,0,0
2020-07-18 07:45,30,14,16,0,0,0
2020-07-18 08:00,26,16,10,0,0,0
2020-07-18 08:15,27,16,11,0,0,0
2020-07-18 08:30,35,23,12,0,0,0
2020-07-18 08:45,58,42,16,0,0,0
2020-07-18 09:00,45,36,9,0,0,0
2020-07-18 09:15,89,72,17,0,0,0
2020-07-18 09:30,79,54,25,0,0,0
2020-07-18 09:45,131,92,39,0,0,0
2020-07-18 10:00,119,78,41,0,0,0
2020-07-18 10:15,91,60,31,0,0,0
2020-07-18 10:30,136,91,45,0,0,0
2020-07-18 10:45,163,120,43,0,0,0
2020-07-18 11:00,116,83,33,0,0,0
2020-07-18 11:15,128,84,44,0,0,0
2020-07-18 11:30,164,105,59,0,0,0
2020-07-18 11:45,164,109,55,0,0,0
2020-07-18 12:00,159,104,55,0,0,0
2020-07-18 12:15,159,102,57,0,0,0
2020-07-18 12:30,164,94,70,0,0,0
2020-07-18 12:45,167,103,64,0,0,0
2020-07-18 13:00,167,107,60,0,0,0
2020-07-18 13:15,142,79,63,0,0,0
2020-07-18 13:30,125,64,61,0,0,0
2020-07-18 13:45,159,87,72,0,0,0
2020-07-18 14:00,124,62,62,0,0,0
2020-07-18 14:15,116,50,66,0,0,0
2020-07-18 14:30,139,71,68,0,0,0
2020-07-18 14:45,137,50,87,0,0,0
2020-07-18 15:00,116,50,66,0,0,0
2020-07-18 15:15,111,46,65,0,0,0
2020-07-18 15:30,109,62,47,0,0,0
2020-07-18 15:45,90,62,28,0,0,0
2020-07-18 16:00,147,85,62,0,0,0
2020-07-18 16:15,102,61,41,0,0,0
2020-07-18 16:30,113,76,37,0,0,0
2020-07-18 16:45,107,69,38,0,0,0
2020-07-18 17:00,91,53,38,0,0,0
2020-07-18 17:15,85,47,38,0,0,0
2020-07-18 17:30,114,65,49,0,0,0
2020-07-18 17:45,116,74,42,0,0,0
2020-07-18 18:00,101,60,41,0,0,0
2020-07-18 18:15,114,68,46,0,0,0
2020-07-18 18:30,91,44,47,0,0,0
2020-07-18 18:45,97,57,40,0,0,0
2020-07-18 19:00,82,40,42,0,0,0
2020-07-18 19:15,82,42,40,0,0,0
2020-07-18 19:30,89,58,31,0,0,0
2020-07-18 19:45,88,49,39,0,0,0
2020-07-18 20:00,96,56,40,0,0,0
2020-07-18 20:15,77,43,34,0,0,0
2020-07-18 20:30,66,49,17,0,0,0
2020-07-18 20:45,57,36,21,0,0,0
2020-07-18 21:00,57,33,24,0,0,0
2020-07-18 21:15,58,27,31,0,0,0
2020-07-18 21:30,48,25,23,0,0,0
2020-07-18 21:45,29,20,9,0,0,0
2020-07-18 22:00,47,22,25,0,0,0
2020-07-18 22:15,25,7,18,0,0,0
2020-07-18 22:30,41,20,21,0,0,0
2020-07-18 22:45,35,23,12,0,0,0
2020-07-18 23:00,45,16,29,0,0,0
2020-07-18 23:15,35,17,18,0,0,0
2020-07-18 23:30,30,22,8,0,0,0
2020-07-18 23:45,28,14,14,0,0,0
2020-07-19 00:00,38,18,20,0,0,0
2020-07-19 00:15,23,7,16,0,0,0
2020-07-19 00:30,24,12,12,0,0,0
2020-07-19 00:45,27,19,8,0,0,0
2020-07-19 01:00,21,15,6,0,0,0
2020-07-19 01:15,8,5,3,0,0,0
2020-07-19 01:30,25,13,12,0,0,0
2020-07-19 01:45,21,9,12,0,0,0
2020-07-19 02:00,20,10,10,0,0,0
2020-07-19 02:15,22,14,8,0,0,0
2020-07-19 02:30,15,11,4,0,0,0
2020-07-19 02:45,9,5,4,0,0,0
2020-07-19 03:00,10,3,7,0,0,0
2020-07-19 03:15,3,0,3,0,0,0
2020-07-19 03:30,10,5,5,0,0,0
2020-07-19 03:45,7,3,4,0,0,0
2020-07-19 04:00,6,5,1,0,0,0
2020-07-19 04:15,2,1,1,0,0,0
2020-07-19 04:30,4,1,3,0,0,0
2020-07-19 04:45,4,3,1,0,0,0
2020-07-19 05:00,0,0,0,0,0,0
2020-07-19 05:15,4,4,0,0,0,0
2020-07-19 05:30,7,4,3,0,0,0
2020-07-19 05:45,8,5,3,0,0,0
2020-07-19 06:00,6,4,2,0,0,0
2020-07-19 06:15,4,3,1,0,0,0
2020-07-19 06:30,9,7,2,0,0,0
2020-07-19 06:45,5,4,1,0,0,0
2020-07-19 07:00,2,1,1,0,0,0
2020-07-19 07:15,3,0,3,0,0,0
2020-07-19 07:30,9,6,3,0,0,0
2020-07-19 07:45,6,3,3,0,0,0
2020-07-19 08:00,11,6,5,0,0,0
2020-07-19 08:15,12,10,2,0,0,0
2020-07-19 08:30,8,7,1,0,0,0
2020-07-19 08:45,14,6,8,0,0,0
2020-07-19 09:00,13,10,3,0,0,0
2020-07-19 09:15,30,23,7,0,0,0
2020-07-19 09:30,33,22,11,0,0,0
2020-07-19 09:45,48,27,21,0,0,0
2020-07-19 10:00,47,32,15,0,0,0
2020-07-19 10:15,41,29,12,0,0,0
2020-07-19 10:30,50,35,15,0,0,0
2020-07-19 10:45,63,43,20,0,0,0
2020-07-19 11:00,44,20,24,0,0,0
2020-07-19 11:15,61,37,24,0,0,0
2020-07-19 11:30,47,29,18,0,0,0
2020-07-19 11:45,63,39,24,0,0,0
2020-07-19 12:00,59,36,23,0,0,0
2020-07-19 12:15,61,32,29,0,0,0
2020-07-19 12:30,88,51,37,0,0,0
2020-07-19 12:45,59,24,35,0,0,0
2020-07-19 13:00,69,44,25,0,0,0
2020-07-19 13:15,45,27,18,0,0,0
2020-07-19 13:30,79,42,37,0,0,0
2020-07-19 13:45,89,46,43,0,0,0
2020-07-19 14:00,94,53,41,0,0,0
2020-07-19 14:15,86,48,38,0,0,0
2020-07-19 14:30,94,58,36,0,0,0
2020-07-19 14:45,85,48,37,0,0,0
2020-07-19 15:00,114,68,46,0,0,0
2020-07-19 15:15,94,57,37,0,0,0
2020-07-19 15:30,93,59,34,0,0,0
2020-07-19 15:45,82,50,32,0,0,0
2020-07-19 16:00,87,53,34,0,0,0
2020-07-19 16:15,88,52,36,0,0,0
2020-07-19 16:30,92,51,41,0,0,0
2020-07-19 16:45,94,62,32,0,0,0
2020-07-19 17:00,77,42,35,0,0,0
2020-07-19 17:15,89,61,28,0,0,0
2020-07-19 17:30,73,50,23,0,0,0
2020-07-19 17:45,92,56,36,0,0,0
2020-07-19 18:00,81,49,32,0,0,0
2020-07-19 18:15,85,51,34,0,0,0
2020-07-19 18:30,77,53,24,0,0,0
2020-07-19 18:45,82,58,24,0,0,0
2020-07-19 19:00,66,41,25,0,0,0
2020-07-19 19:15,62,46,16,0,0,0
2020-07-19 19:30,44,19,25,0,0,0
2020-07-19 19:45,41,20,21,0,0,0
2020-07-19 20:00,50,27,23,0,0,0
2020-07-19 20:15,54,37,17,0,0,0
2020-07-19 20:30,42,26,16,0,0,0
2020-07-19 20:45,45,34,11,0,0,0
2020-07-19 21:00,38,28,10,0,0,0
2020-07-19 21:15,35,23,12,0,0,0
2020-07-19 21:30,42,21,21,0,0,0
2020-07-19 21:45,39,26,13,0,0,0
2020-07-19 22:00,29,14,15,0,0,0
2020-07-19 22:15,18,5,13,0,0,0
2020-07-19 22:30,30,15,15,0,0,0
2020-07-19 22:45,18,8,10,0,0,0
2020-07-19 23:00,12,5,7,0,0,0
2020-07-19 23:15,26,12,14,0,0,0
2020-07-19 23:30,11,5,6,0,0,0
2020-07-19 23:45,6,5,1,0,0,0
2020-07-20 00:00,13,9,4,0,0,0
2020-07-20 00:15,5,4,1,0,0,0
2020-07-20 00:30,3,0,3,0,0,0
2020-07-20 00:45,4,3,1,0,0,0
2020-07-20 01:00,3,0,3,0,0,0
2020-07-20 01:15,4,3,1,0,0,0
2020-07-20 01:30,4,3,1,0,0,0
2020-07-20 01:45,2,1,1,0,0,0
2020-07-20 02:00,2,1,1,0,0,0
2020-07-20 02:15,3,1,2,0,0,0
2020-07-20 02:30,2,1,1,0,0,0
2020-07-20 02:45,0,0,0,0,0,0
2020-07-20 03:00,1,1,0,0,0,0
2020-07-20 03:15,2,2,0,0,0,0
2020-07-20 03:30,1,0,1,0,0,0
2020-07-20 03:45,0,0,0,0,0,0
2020-07-20 04:00,1,1,0,0,0,0
2020-07-20 04:15,1,0,1,0,0,0
2020-07-20 04:30,1,1,0,0,0,0
2020-07-20 04:45,1,1,0,0,0,0
2020-07-20 05:00,3,3,0,0,0,0
2020-07-20 05:15,3,3,0,0,0,0
2020-07-20 05:30,13,6,7,0,0,0
2020-07-20 05:45,19,7,12,0,0,0
2020-07-20 06:00,16,13,3,0,0,0
2020-07-20 06:15,23,19,4,0,0,0
2020-07-20 06:30,47,24,23,0,0,0
2020-07-20 06:45,60,41,19,0,0,0
2020-07-20 07:00,60,36,24,0,0,0
2020-07-20 07:15,74,51,23,0,0,0
2020-07-20 07:30,101,58,43,0,0,0
2020-07-20 07:45,116,73,43,0,0,0
2020-07-20 08:00,105,76,29,0,0,0
2020-07-20 08:15,84,61,23,0,0,0
2020-07-20 08:30,83,57,26,0,0,0
2020-07-20 08:45,106,80,26,0,0,0
2020-07-20 09:00,86,65,21,0,0,0
2020-07-20 09:15,62,42,20,0,0,0
2020-07-20 09:30,60,48,12,0,0,0
2020-07-20 09:45,77,54,23,0,0,0
2020-07-20 10:00,73,46,27,0,0,0
2020-07-20 10:15,95,59,36,0,0,0
2020-07-20 10:30,87,53,34,0,0,0
2020-07-20 10:45,108,75,33,0,0,0
2020-07-20 11:00,82,59,23,0,0,0
2020-07-20 11:15,100,67,33,0,0,0
2020-07-20 11:30,90,61,29,0,0,0
2020-07-20 11:45,99,54,45,0,0,0
2020-07-20 12:00,101,63,38,0,0,0
2020-07-20 12:15,104,63,41,0,0,0
2020-07-20 12:30,106,59,47,0,0,0
2020-07-20 12:45,98,46,52,0,0,0
2020-07-20 13:00,118,73,45,0,0,0
2020-07-20 13:15,107,66,41,0,0,0
2020-07-20 13:30,100,61,39,0,0,0
2020-07-20 13:45,105,65,40,0,0,0
2020-07-20 14:00,99,61,38,0,0,0
2020-07-20 14:15,121,66,55,0,0,0
2020-07-20 14:30,101,59,42,0,0,0
2020-07-20 14:45,135,76,59,0,0,0
2020-07-20 15:00,117,55,62,0,0,0
2020-07-20 15:15,117,69,48,0,0,0
2020-07-20 15:30,147,90,57,0,0,0
2020-07-20 15:45,123,76,47,0,0,0
2020-07-20 16:00,145,80,65,0,0,0
2020-07-20 16:15,141,84,57,0,0,0
2020-07-20 16:30,181,97,84,0,0,0
2020-07-20 16:45,163,111,52,0,0,0
2020-07-20 17:00,195,123,72,0,0,0
2020-07-20 17:15,159,84,75,0,0,0
2020-07-20 17:30,169,79,90,0,0,0
2020-07-20 17:45,164,76,88,0,0,0
2020-07-20 18:00,131,61,70,0,0,0
2020-07-20 18:15,142,65,77,0,0,0
2020-07-20 18:30,95,42,53,0,0,0
2020-07-20 18:45,105,50,55,0,0,0
2020-07-20 19:00,121,71,50,0,0,0
2020-07-20 19:15,91,51,40,0,0,0
2020-07-20 19:30,78,47,31,0,0,0
2020-07-20 19:45,64,29,35,0,0,0
2020-07-20 20:00,63,35,28,0,0,0
2020-07-20 20:15,65,38,27,0,0,0
2020-07-20 20:30,46,28,18,0,0,0
2020-07-20 20:45,43,24,19,0,0,0
2020-07-20 21:00,49,28,21,0,0,0
2020-07-20 21:15,45,27,18,0,0,0
2020-07-20 21:30,44,21,23,0,0,0
2020-07-20 21:45,43,19,24,0,0,0
2020-07-20 22:00,43,25,18,0,0,0
2020-07-20 22:15,39,20,19,0,0,0
2020-07-20 22:30,25,12,13,0,0,0
2020-07-20 22:45,28,14,14,0,0,0
2020-07-20 23:00,26,15,11,0,0,0
2020-07-20 23:15,23,14,9,0,0,0
2020-07-20 23:30,11,4,7,0,0,0
2020-07-20 23:45,11,6,5,0,0,0
2020-07-21 00:00,12,7,5,0,0,0
2020-07-21 00:15,8,2,6,0,0,0
2020-07-21 00:30,8,2,6,0,0,0
2020-07-21 00:45,5,3,2,0,0,0
2020-07-21 01:00,3,3,0,0,0,0
2020-07-21 01:15,1,0,1,0,0,0
2020-07-21 01:30,8,7,1,0,0,0
2020-07-21 01:45,9,7,2,0,0,0
2020-07-21 02:00,3,0,3,0,0,0
2020-07-21 02:15,5,5,0,0,0,0
2020-07-21 02:30,4,0,4,0,0,0
2020-07-21 02:45,2,1,1,0,0,0
2020-07-21 03:00,5,2,3,0,0,0
2020-07-21 03:15,1,0,1,0,0,0
2020-07-21 03:30,0,0,0,0,0,0
2020-07-21 03:45,0,0,0,0,0,0
2020-07-21 04:00,0,0,0,0,0,0
2020-07-21 04:15,0,0,0,0,0,0
2020-07-21 04:30,1,1,0,0,0,0
2020-07-21 04:45,1,0,1,0,0,0
2020-07-21 05:00,1,1,0,0,0,0
2020-07-21 05:15,6,5,1,0,0,0
2020-07-21 05:30,15,6,9,0,0,0
2020-07-21 05:45,24,7,17,0,0,0
2020-07-21 06:00,18,10,8,0,0,0
2020-07-21 06:15,26,13,13,0,0,0
2020-07-21 06:30,47,32,15,0,0,0
2020-07-21 06:45,65,41,24,0,0,0
2020-07-21 07:00,69,49,20,0,0,0
2020-07-21 07:15,95,60,35,0,0,0
2020-07-21 07:30,126,92,34,0,0,0
2020-07-21 07:45,125,85,40,0,0,0
2020-07-21 08:00,88,68,20,0,0,0
2020-07-21 08:15,122,92,30,0,0,0
2020-07-21 08:30,93,68,25,0,0,0
2020-07-21 08:45,115,79,36,0,0,0
2020-07-21 09:00,99,71,28,0,0,0
2020-07-21 09:15,81,48,33,0,0,0
2020-07-21 09:30,101,72,29,0,0,0
2020-07-21 09:45,97,71,26,0,0,0
2020-07-21 10:00,95,70,25,0,0,0
2020-07-21 10:15,83,55,28,0,0,0
2020-07-21 10:30,96,72,24,0,0,0
2020-07-21 10:45,91,62,29,0,0,0
2020-07-21 11:00,97,73,24,0,0,0
2020-07-21 11:15,90,59,31,0,0,0
2020-07-21 11:30,106,53,53,0,0,0
2020-07-21 11:45,123,74,49,0,0,0
2020-07-21 12:00,119,81,38,0,0,0
2020-07-21 12:15,126,77,49,0,0,0
2020-07-21 12:30,115,70,45,0,0,0
2020-07-21 12:45,89,46,43,0,0,0
2020-07-21 13:00,121,72,49,0,0,0
2020-07-21 13:15,105,50,55,0,0,0
2020-07-21 13:30,103,62,41,0,0,0
2020-07-21 13:45,134,81,53,0,0,0
2020-07-21 14:00,90,50,40,0,0,0
2020-07-21 14:15,117,67,50,0,0,0
2020-07-21 14:30,139,80,59,0,0,0
2020-07-21 14:45,127,68,59,0,0,0
2020-07-21 15:00,92,39,53,0,0,0
2020-07-21 15:15,131,75,56,0,0,0
2020-07-21 15:30,136,77,59,0,0,0
2020-07-21 15:45,150,86,64,0,0,0
2020-07-21 16:00,141,85,56,0,0,0
2020-07-21 16:15,148,86,62,0,0,0
2020-07-21 16:30,188,103,85,0,0,0
2020-07-21 16:45,155,89,66,0,0,0
2020-07-21 17:00,165,80,85,0,0,0
2020-07-21 17:15,174,82,92,0,0,0
2020-07-21 17:30,163,88,75,0,0,0
2020-07-21 17:45,169,82,87,0,0,0
2020-07-21 18:00,134,72,62,0,0,0
2020-07-21 18:15,155,75,80,0,0,0
2020-07-21 18:30,131,79,52,0,0,0
2020-07-21 18:45,161,84,77,0,0,0
2020-07-21 19:00,119,65,54,0,0,0
2020-07-21 19:15,100,45,55,0,0,0
2020-07-21 19:30,75,40,35,0,0,0
2020-07-21 19:45,78,38,40,0,0,0
2020-07-21 20:00,83,40,43,0,0,0
2020-07-21 20:15,60,22,38,0,0,0
2020-07-21 20:30,64,31,33,0,0,0
2020-07-21 20:45,56,27,29,0,0,0
2020-07-21 21:00,61,31,30,0,0,0
2020-07-21 21:15,54,31,23,0,0,0
2020-07-21 21:30,41,14,27,0,0,0
2020-07-21 21:45,44,20,24,0,0,0
2020-07-21 22:00,49,25,24,0,0,0
2020-07-21 22:15,47,24,23,0,0,0
2020-07-21 22:30,31,11,20,0,0,0
2020-07-21 22:45,38,27,11,0,0,0
2020-07-21 23:00,57,40,17,0,0,0
2020-07-21 23:15,24,10,14,0,0,0
2020-07-21 23:30,15,8,7,0,0,0
2020-07-21 23:45,18,7,11,0,0,0
2020-07-22 00:00,15,7,8,0,0,0
2020-07-22 00:15,13,10,3,0,0,0
2020-07-22 00:30,9,1,8,0,0,0
2020-07-22 00:45,12,6,6,0,0,0
2020-07-22 01:00,9,4,5,0,0,0
2020-07-22 01:15,6,5,1,0,0,0
2020-07-22 01:30,2,0,2,0,0,0
2020-07-22 01:45,8,6,2,0,0,0
2020-07-22 02:00,2,1,1,0,0,0
2020-07-22 02:15,5,2,3,0,0,0
2020-07-22 02:30,2,0,2,0,0,0
2020-07-22 02:45,1,0,1,0,0,0
2020-07-22 03:00,2,1,1,0,0,0
2020-07-22 03:15,1,0,1,0,0,0
2020-07-22 03:30,1,1,0,0,0,0
2020-07-22 03:45,0,0,0,0,0,0
2020-07-22 04:00,0,0,0,0,0,0
2020-07-22 04:15,0,0,0,0,0,0
2020-07-22 04:30,2,2,0,0,0,0
2020-07-22 04:45,0,0,0,0,0,0
2020-07-22 05:00,1,0,1,0,0,0
2020-07-22 05:15,3,1,2,0,0,0
2020-07-22 05:30,19,11,8,0,0,0
2020-07-22 05:45,21,9,12,0,0,0
2020-07-22 06:00,27,17,10,0,0,0
2020-07-22 06:15,26,13,13,0,0,0
2020-07-22 06:30,46,27,19,0,0,0
2020-07-22 06:45,73,50,23,0,0,0
2020-07-22 07:00,65,38,27,0,0,0
2020-07-22 07:15,88,54,34,0,0,0
2020-07-22 07:30,101,67,34,0,0,0
2020-07-22 07:45,157,106,51,0,0,0
2020-07-22 08:00,93,64,29,0,0,0
2020-07-22 08:15,114,80,34,0,0,0
2020-07-22 08:30,106,84,22,0,0,0
2020-07-22 08:45,117,89,28,0,0,0
2020-07-22 09:00,83,64,19,0,0,0
2020-07-22 09:15,120,86,34,0,0,0
2020-07-22 09:30,101,75,26,0,0,0
2020-07-22 09:45,142,116,26,0,0,0
2020-07-22 10:00,127,93,34,0,0,0
2020-07-22 10:15,140,93,47,0,0,0
2020-07-22 10:30,110,71,39,0,0,0
2020-07-22 10:45,151,102,49,0,0,0
2020-07-22 11:00,121,81,40,0,0,0
2020-07-22 11:15,136,96,40,0,0,0
2020-07-22 11:30,151,105,46,0,0,0
2020-07-22 11:45,134,72,62,0,0,0
2020-07-22 12:00,152,84,68,0,0,0
2020-07-22 12:15,158,101,57,0,0,0
2020-07-22 12:30,123,72,51,0,0,0
2020-07-22 12:45,154,94,60,0,0,0
2020-07-22 13:00,107,55,52,0,0,0
2020-07-22 13:15,126,74,52,0,0,0
2020-07-22 13:30,152,80,72,0,0,0
2020-07-22 13:45,147,77,70,0,0,0
2020-07-22 14:00,152,87,65,0,0,0
2020-07-22 14:15,134,71,63,0,0,0
2020-07-22 14:30,137,78,59,0,0,0
2020-07-22 14:45,140,59,81,0,0,0
2020-07-22 15:00,115,51,64,0,0,0
2020-07-22 15:15,99,54,45,0,0,0
2020-07-22 15:30,132,76,56,0,0,0
2020-07-22 15:45,146,86,60,0,0,0
2020-07-22 16:00,157,87,70,0,0,0
2020-07-22 16:15,150,80,70,0,0,0
2020-07-22 16:30,161,87,74,0,0,0
2020-07-22 16:45,178,91,87,0,0,0
2020-07-22 17:00,170,91,79,0,0,0
2020-07-22 17:15,156,78,78,0,0,0
2020-07-22 17:30,145,73,72,0,0,0
2020-07-22 17:45,165,77,88,0,0,0
2020-07-22 18:00,121,62,59,0,0,0
2020-07-22 18:15,117,69,48,0,0,0
2020-07-22 18:30,108,49,59,0,0,0
2020-07-22 18:45,109,58,51,0,0,0
2020-07-22 19:00,120,55,65,0,0,0
2020-07-22 19:15,102,45,57,0,0,0
2020-07-22 19:30,64,29,35,0,0,0
2020-07-22 19:45,73,40,33,0,0,0
2020-07-22 20:00,60,30,30,0,0,0
2020-07-22 20:15,47,27,20,0,0,0
2020-07-22 20:30,60,37,23,0,0,0
2020-07-22 20:45,51,29,22,0,0,0
2020-07-22 21:00,49,25,24,0,0,0
2020-07-22 21:15,52,29,23,0,0,0
2020-07-22 21:30,38,17,21,0,0,0
2020-07-22 21:45,34,9,25,0,0,0
2020-07-22 22:00,53,32,21,0,0,0
2020-07-22 22:15,30,16,14,0,0,0
2020-07-22 22:30,34,22,12,0,0,0
2020-07-22 22:45,22,10,12,0,0,0
2020-07-22 23:00,33,20,13,0,0,0
2020-07-22 23:15,29,16,13,0,0,0
2020-07-22 23:30,14,2,12,0,0,0
2020-07-22 23:45,23,11,12,0,0,0
2020-07-23 00:00,19,10,9,0,0,0
2020-07-23 00:15,14,10,4,0,0,0
2020-07-23 00:30,18,11,7,0,0,0
2020-07-23 00:45,11,5,6,0,0,0
2020-07-23 01:00,16,8,8,0,0,0
2020-07-23 01:15,5,1,4,0,0,0
2020-07-23 01:30,9,3,6,0,0,0
2020-07-23 01:45,8,5,3,0,0,0
2020-07-23 02:00,4,1,3,0,0,0
2020-07-23 02:15,2,1,1,0,0,0
2020-07-23 02:30,4,1,3,0,0,0
2020-07-23 02:45,4,2,2,0,0,0
2020-07-23 03:00,3,1,2,0,0,0
2020-07-23 03:15,3,0,3,0,0,0
2020-07-23 03:30,0,0,0,0,0,0
2020-07-23 03:45,4,1,3,0,0,0
2020-07-23 04:00,3,0,3,0,0,0
2020-07-23 04:15,2,1,1,0,0,0
2020-07-23 04:30,3,3,0,0,0,0
2020-07-23 04:45,0,0,0,0,0,0
2020-07-23 05:00,1,1,0,0,0,0
2020-07-23 05:15,4,3,1,0,0,0
2020-07-23 05:30,17,9,8,0,0,0
2020-07-23 05:45,19,5,14,0,0,0
2020-07-23 06:00,24,16,8,0,0,0
2020-07-23 06:15,33,18,15,0,0,0
2020-07-23 06:30,38,19,19,0,0,0
2020-07-23 06:45,59,37,22,0,0,0
2020-07-23 07:00,61,41,20,0,0,0
2020-07-23 07:15,94,57,37,0,0,0
2020-07-23 07:30,81,55,26,0,0,0
2020-07-23 07:45,112,77,35,0,0,0
2020-07-23 08:00,109,79,30,0,0,0
2020-07-23 08:15,92,64,28,0,0,0
2020-07-23 08:30,81,63,18,0,0,0
2020-07-23 08:45,126,90,36,0,0,0
2020-07-23 09:00,93,62,31,0,0,0
2020-07-23 09:15,70,55,15,0,0,0
2020-07-23 09:30,79,50,29,0,0,0
2020-07-23 09:45,123,96,27,0,0,0
2020-07-23 10:00,76,50,26,0,0,0
2020-07-23 10:15,101,65,36,0,0,0
2020-07-23 10:30,92,53,39,0,0,0
2020-07-23 10:45,106,59,47,0,0,0
2020-07-23 11:00,97,56,41,0,0,0
2020-07-23 11:15,82,52,30,0,0,0
2020-07-23 11:30,108,74,34,0,0,0
2020-07-23 11:45,134,82,52,0,0,0
2020-07-23 12:00,93,58,35,0,0,0
2020-07-23 12:15,119,74,45,0,0,0
2020-07-23 12:30,109,71,38,0,0,0
2020-07-23 12:45,114,64,50,0,0,0
2020-07-23 13:00,91,45,46,0,0,0
2020-07-23 13:15,119,63,56,0,0,0
2020-07-23 13:30,89,51,38,0,0,0
2020-07-23 13:45,110,69,41,0,0,0
2020-07-23 14:00,126,83,43,0,0,0
2020-07-23 14:15,133,68,65,0,0,0
2020-07-23 14:30,176,114,62,0,0,0
2020-07-23 14:45,139,89,50,0,0,0
2020-07-23 15:00,126,72,54,0,0,0
2020-07-23 15:15,121,66,55,0,0,0
2020-07-23 15:30,161,87,74,0,0,0
2020-07-23 15:45,156,78,78,0,0,0
2020-07-23 16:00,156,82,74,0,0,0
2020-07-23 16:15,190,119,71,0,0,0
2020-07-23 16:30,164,98,66,0,0,0
2020-07-23 16:45,168,86,82,0,0,0
2020-07-23 17:00,178,92,86,0,0,0
2020-07-23 17:15,177,87,90,0,0,0
2020-07-23 17:30,128,78,50,0,0,0
2020-07-23 17:45,157,86,71,0,0,0
2020-07-23 18:00,149,72,77,0,0,0
2020-07-23 18:15,172,83,89,0,0,0
2020-07-23 18:30,125,57,68,0,0,0
2020-07-23 18:45,124,56,68,0,0,0
2020-07-23 19:00,104,50,54,0,0,0
2020-07-23 19:15,103,56,47,0,0,0
2020-07-23 19:30,106,65,41,0,0,0
2020-07-23 19:45,108,48,60,0,0,0
2020-07-23 20:00,94,49,45,0,0,0
2020-07-23 20:15,74,32,42,0,0,0
2020-07-23 20:30,98,53,45,0,0,0
2020-07-23 20:45,53,26,27,0,0,0
2020-07-23 21:00,45,21,24,0,0,0
2020-07-23 21:15,55,33,22,0,0,0
2020-07-23 21:30,47,22,25,0,0,0
2020-07-23 21:45,43,22,21,0,0,0
2020-07-23 22:00,48,26,22,0,0,0
2020-07-23 22:15,46,30,16,0,0,0
2020-07-23 22:30,24,13,11,0,0,0
2020-07-23 22:45,38,17,21,0,0,0
2020-07-23 23:00,20,12,8,0,0,0
2020-07-23 23:15,29,16,13,0,0,0
2020-07-23 23:30,19,10,9,0,0,0
2020-07-23 23:45,29,10,19,0,0,0
2020-07-24 00:00,20,8,12,0,0,0
2020-07-24 00:15,16,6,10,0,0,0
2020-07-24 00:30,19,6,13,0,0,0
2020-07-24 00:45,9,1,8,0,0,0
2020-07-24 01:00,6,1,5,0,0,0
2020-07-24 01:15,12,10,2,0,0,0
2020-07-24 01:30,9,4,5,0,0,0
2020-07-24 01:45,3,0,3,0,0,0
2020-07-24 02:00,6,0,6,0,0,0
2020-07-24 02:15,7,4,3,0,0,0
2020-07-24 02:30,1,0,1,0,0,0
2020-07-24 02:45,3,1,2,0,0,0
2020-07-24 03:00,2,2,0,0,0,0
2020-07-24 03:15,3,1,2,0,0,0
2020-07-24 03:30,3,3,0,0,0,0
2020-07-24 03:45,1,0,1,0,0,0
2020-07-24 04:00,1,0,1,0,0,0
2020-07-24 04:15,2,1,1,0,0,0
2020-07-24 04:30,1,1,0,0,0,0
2020-07-24 04:45,0,0,0,0,0,0
2020-07-24 05:00,1,0,1,0,0,0
2020-07-24 05:15,4,2,2,0,0,0
2020-07-24 05:30,18,11,7,0,0,0
2020-07-24 05:45,25,9,16,0,0,0
2020-07-24 06:00,22,13,9,0,0,0
2020-07-24 06:15,21,12,9,0,0,0
2020-07-24 06:30,31,18,13,0,0,0
2020-07-24 06:45,47,29,18,0,0,0
2020-07-24 07:00,63,37,26,0,0,0
2020-07-24 07:15,62,31,31,0,0,0
2020-07-24 07:30,80,51,29,0,0,0
2020-07-24 07:45,129,98,31,0,0,0
2020-07-24 08:00,91,67,24,0,0,0
2020-07-24 08:15,102,65,37,0,0,0
2020-07-24 08:30,67,49,18,0,0,0
2020-07-24 08:45,112,84,28,0,0,0
2020-07-24 09:00,94,70,24,0,0,0
2020-07-24 09:15,79,57,22,0,0,0
2020-07-24 09:30,83,64,19,0,0,0
2020-07-24 09:45,120,85,35,0,0,0
2020-07-24 10:00,90,55,35,0,0,0
2020-07-24 10:15,78,49,29,0,0,0
2020-07-24 10:30,87,55,32,0,0,0
2020-07-24 10:45,116,75,41,0,0,0
2020-07-24 11:00,92,66,26,0,0,0
2020-07-24 11:15,94,52,42,0,0,0
2020-07-24 11:30,85,55,30,0,0,0
2020-07-24 11:45,124,81,43,0,0,0
2020-07-24 12:00,81,52,29,0,0,0
2020-07-24 12:15,96,51,45,0,0,0
2020-07-24 12:30,111,58,53,0,0,0
2020-07-24 12:45,125,78,47,0,0,0
2020-07-24 13:00,123,67,56,0,0,0
2020-07-24 13:15,123,68,55,0,0,0
2020-07-24 13:30,117,78,39,0,0,0
2020-07-24 13:45,91,50,41,0,0,0
2020-07-24 14:00,112,53,59,0,0,0
2020-07-24 14:15,116,56,60,0,0,0
2020-07-24 14:30,138,77,61,0,0,0
2020-07-24 14:45,121,77,44,0,0,0
2020-07-24 15:00,122,65,57,0,0,0
2020-07-24 15:15,130,67,63,0,0,0
2020-07-24 15:30,145,90,55,0,0,0
2020-07-24 15:45,98,53,45,0,0,0
2020-07-24 16:00,110,74,36,0,0,0
2020-07-24 16:15,142,84,58,0,0,0
2020-07-24 16:30,109,64,45,0,0,0
2020-07-24 16:45,129,61,68,0,0,0
2020-07-24 17:00,122,49,73,0,0,0
2020-07-24 17:15,142,66,76,0,0,0
2020-07-24 17:30,116,57,59,0,0,0
2020-07-24 17:45,124,62,62,0,0,0
2020-07-24 18:00,101,57,44,0,0,0
2020-07-24 18:15,91,48,43,0,0,0
2020-07-24 18:30,65,26,39,0,0,0
2020-07-24 18:45,82,46,36,0,0,0
2020-07-24 19:00,105,48,57,0,0,0
2020-07-24 19:15,63,40,23,0,0,0
2020-07-24 19:30,84,38,46,0,0,0
2020-07-24 19:45,70,41,29,0,0,0
2020-07-24 20:00,54,28,26,0,0,0
2020-07-24 20:15,59,36,23,0,0,0
2020-07-24 20:30,33,22,11,0,0,0
2020-07-24 20:45,38,21,17,0,0,0
2020-07-24 21:00,32,22,10,0,0,0
2020-07-24 21:15,33,18,15,0,0,0
2020-07-24 21:30,46,22,24,0,0,0
2020-07-24 21:45,32,13,19,0,0,0
2020-07-24 22:00,33,19,14,0,0,0
2020-07-24 22:15,32,19,13,0,0,0
2020-07-24 22:30,25,14,11,0,0,0
2020-07-24 22:45,31,10,21,0,0,0
2020-07-24 23:00,37,21,16,0,0,0
2020-07-24 23:15,22,14,8,0,0,0
2020-07-24 23:30,40,28,12,0,0,0
2020-07-24 23:45,29,18,11,0,0,0
2020-07-25 00:00,25,13,12,0,0,0
2020-07-25 00:15,22,10,12,0,0,0
2020-07-25 00:30,24,11,13,0,0,0
2020-07-25 00:45,28,14,14,0,0,0
2020-07-25 01:00,15,5,10,0,0,0
2020-07-25 01:15,14,5,9,0,0,0
2020-07-25 01:30,19,7,12,0,0,0
2020-07-25 01:45,19,11,8,0,0,0
2020-07-25 02:00,11,1,10,0,0,0
2020-07-25 02:15,12,6,6,0,0,0
2020-07-25 02:30,10,2,8,0,0,0
2020-07-25 02:45,10,2,8,0,0,0
2020-07-25 03:00,7,5,2,0,0,0
2020-07-25 03:15,4,0,4,0,0,0
2020-07-25 03:30,4,2,2,0,0,0
2020-07-25 03:45,6,2,4,0,0,0
2020-07-25 04:00,3,0,3,0,0,0
2020-07-25 04:15,2,1,1,0,0,0
2020-07-25 04:30,2,1,1,0,0,0
2020-07-25 04:45,0,0,0,0,0,0
2020-07-25 05:00,2,1,1,0,0,0
2020-07-25 05:15,1,0,1,0,0,0
2020-07-25 05:30,11,7,4,0,0,0
2020-07-25 05:45,6,2,4,0,0,0
2020-07-25 06:00,7,2,5,0,0,0
2020-07-25 06:15,8,5,3,0,0,0
2020-07-25 06:30,10,6,4,0,0,0
2020-07-25 06:45,17,12,5,0,0,0
2020-07-25 07:00,11,7,4,0,0,0
2020-07-25 07:15,10,2,8,0,0,0
2020-07-25 07:30,22,16,6,0,0,0
2020-07-25 07:45,29,22,7,0,0,0
2020-07-25 08:00,38,24,14,0,0,0
2020-07-25 08:15,37,25,12,0,0,0
2020-07-25 08:30,38,27,11,0,0,0
2020-07-25 08:45,66,49,17,0,0,0
2020-07-25 09:00,58,41,17,0,0,0
2020-07-25 09:15,72,52,20,0,0,0
2020-07-25 09:30,76,57,19,0,0,0
2020-07-25 09:45,96,69,27,0,0,0
2020-07-25 10:00,117,97,20,0,0,0
2020-07-25 10:15,99,73,26,0,0,0
2020-07-25 10:30,155,102,53,0,0,0
2020-07-25 10:45,121,80,41,0,0,0
2020-07-25 11:00,123,79,44,0,0,0
2020-07-25 11:15,149,104,45,0,0,0
2020-07-25 11:30,141,85,56,0,0,0
2020-07-25 11:45,141,99,42,0,0,0
2020-07-25 12:00,144,97,47,0,0,0
2020-07-25 12:15,146,86,60,0,0,0
2020-07-25 12:30,152,78,74,0,0,0
2020-07-25 12:45,128,77,51,0,0,0
2020-07-25 13:00,145,86,59,0,0,0
2020-07-25 13:15,141,85,56,0,0,0
2020-07-25 13:30,129,83,46,0,0,0
2020-07-25 13:45,144,71,73,0,0,0
2020-07-25 14:00,127,75,52,0,0,0
2020-07-25 14:15,119,61,58,0,0,0
2020-07-25 14:30,110,54,56,0,0,0
2020-07-25 14:45,90,50,40,0,0,0
2020-07-25 15:00,104,34,70,0,0,0
2020-07-25 15:15,97,48,49,0,0,0
2020-07-25 15:30,81,47,34,0,0,0
2020-07-25 15:45,124,63,61,0,0,0
2020-07-25 16:00,103,57,46,0,0,0
2020-07-25 16:15,104,55,49,0,0,0
2020-07-25 16:30,89,52,37,0,0,0
2020-07-25 16:45,77,42,35,0,0,0
2020-07-25 17:00,75,40,35,0,0,0
2020-07-25 17:15,89,42,47,0,0,0
2020-07-25 17:30,64,39,25,0,0,0
2020-07-25 17:45,84,40,44,0,0,0
2020-07-25 18:00,100,45,55,0,0,0
2020-07-25 18:15,103,56,47,0,0,0
2020-07-25 18:30,68,42,26,0,0,0
2020-07-25 18:45,78,46,32,0,0,0
2020-07-25 19:00,75,48,27,0,0,0
2020-07-25 19:15,72,45,27,0,0,0
2020-07-25 19:30,51,27,24,0,0,0
2020-07-25 19:45,65,33,32,0,0,0
2020-07-25 20:00,57,28,29,0,0,0
2020-07-25 20:15,53,38,15,0,0,0
2020-07-25 20:30,30,19,11,0,0,0
2020-07-25 20:45,24,13,11,0,0,0
2020-07-25 21:00,39,20,19,0,0,0
2020-07-25 21:15,29,11,18,0,0,0
2020-07-25 21:30,40,26,14,0,0,0
2020-07-25 21:45,29,13,16,0,0,0
2020-07-25 22:00,42,26,16,0,0,0
2020-07-25 22:15,32,20,12,0,0,0
2020-07-25 22:30,20,9,11,0,0,0
2020-07-25 22:45,37,15,22,0,0,0
2020-07-25 23:00,30,14,16,0,0,0
2020-07-25 23:15,49,28,21,0,0,0
2020-07-25 23:30,33,22,11,0,0,0
2020-07-25 23:45,30,11,19,0,0,0
2020-07-26 00:00,33,15,18,0,0,0
2020-07-26 00:15,18,14,4,0,0,0
2020-07-26 00:30,16,10,6,0,0,0
2020-07-26 00:45,21,10,11,0,0,0
2020-07-26 01:00,21,10,11,0,0,0
2020-07-26 01:15,18,9,9,0,0,0
2020-07-26 01:30,19,10,9,0,0,0
2020-07-26 01:45,14,7,7,0,0,0
2020-07-26 02:00,9,5,4,0,0,0
2020-07-26 02:15,8,5,3,0,0,0
2020-07-26 02:30,15,9,6,0,0,0
2020-07-26 02:45,8,4,4,0,0,0
2020-07-26 03:00,2,1,1,0,0,0
2020-07-26 03:15,14,6,8,0,0,0
2020-07-26 03:30,10,6,4,0,0,0
2020-07-26 03:45,3,1,2,0,0,0
2020-07-26 04:00,3,1,2,0,0,0
2020-07-26 04:15,3,2,1,0,0,0
2020-07-26 04:30,6,5,1,0,0,0
2020-07-26 04:45,0,0,0,0,0,0
2020-07-26 05:00,1,1,0,0,0,0
2020-07-26 05:15,10,7,3,0,0,0
2020-07-26 05:30,8,4,4,0,0,0
2020-07-26 05:45,3,0,3,0,0,0
2020-07-26 06:00,2,1,1,0,0,0
2020-07-26 06:15,5,4,1,0,0,0
2020-07-26 06:30,8,4,4,0,0,0
2020-07-26 06:45,4,1,3,0,0,0
2020-07-26 07:00,5,4,1,0,0,0
2020-07-26 07:15,5,3,2,0,0,0
2020-07-26 07:30,8,3,5,0,0,0
2020-07-26 07:45,9,6,3,0,0,0
2020-07-26 08:00,6,4,2,0,0,0
2020-07-26 08:15,7,6,1,0,0,0
2020-07-26 08:30,4,4,0,0,0,0
2020-07-26 08:45,14,11,3,0,0,0
2020-07-26 09:00,20,9,11,0,0,0
2020-07-26 09:15,26,12,14,0,0,0
2020-07-26 09:30,25,12,13,0,0,0
2020-07-26 09:45,29,17,12,0,0,0
2020-07-26 10:00,30,17,13,0,0,0
2020-07-26 10:15,19,13,6,0,0,0
2020-07-26 10:30,27,18,9,0,0,0
2020-07-26 10:45,36,26,10,0,0,0
2020-07-26 11:00,37,24,13,0,0,0
2020-07-26 11:15,46,24,22,0,0,0
2020-07-26 11:30,41,25,16,0,0,0
2020-07-26 11:45,36,27,9,0,0,0
2020-07-26 12:00,33,20,13,0,0,0
2020-07-26 12:15,33,22,11,0,0,0
2020-07-26 12:30,53,37,16,0,0,0
2020-07-26 12:45,50,36,14,0,0,0
2020-07-26 13:00,60,31,29,0,0,0
2020-07-26 13:15,55,34,21,0,0,0
2020-07-26 13:30,52,40,12,0,0,0
2020-07-26 13:45,68,40,28,0,0,0
2020-07-26 14:00,61,39,22,0,0,0
2020-07-26 14:15,56,38,18,0,0,0
2020-07-26 14:30,80,55,25,0,0,0
2020-07-26 14:45,78,41,37,0,0,0
2020-07-26 15:00,80,49,31,0,0,0
2020-07-26 15:15,68,44,24,0,0,0
2020-07-26 15:30,71,42,29,0,0,0
2020-07-26 15:45,79,53,26,0,0,0
2020-07-26 16:00,79,42,37,0,0,0
2020-07-26 16:15,43,29,14,0,0,0
2020-07-26 16:30,52,26,26,0,0,0
2020-07-26 16:45,72,44,28,0,0,0
2020-07-26 17:00,57,32,25,0,0,0
2020-07-26 17:15,68,39,29,0,0,0
2020-07-26 17:30,67,47,20,0,0,0
2020-07-26 17:45,78,50,28,0,0,0
2020-07-26 18:00,80,46,34,0,0,0
2020-07-26 18:15,68,43,25,0,0,0
2020-07-26 18:30,52,27,25,0,0,0
2020-07-26 18:45,67,41,26,0,0,0
2020-07-26 19:00,67,44,23,0,0,0
2020-07-26 19:15,56,40,16,0,0,0
2020-07-26 19:30,54,30,24,0,0,0
2020-07-26 19:45,47,29,18,0,0,0
2020-07-26 20:00,58,36,22,0,0,0
2020-07-26 20:15,39,16,23,0,0,0
2020-07-26 20:30,36,21,15,0,0,0
2020-07-26 20:45,47,22,25,0,0,0
2020-07-26 21:00,48,29,19,0,0,0
2020-07-26 21:15,32,12,20,0,0,0
2020-07-26 21:30,24,16,8,0,0,0
2020-07-26 21:45,25,20,5,0,0,0
2020-07-26 22:00,23,13,10,0,0,0
2020-07-26 22:15,19,12,7,0,0,0
2020-07-26 22:30,18,13,5,0,0,0
2020-07-26 22:45,13,11,2,0,0,0
2020-07-26 23:00,13,8,5,0,0,0
2020-07-26 23:15,9,7,2,0,0,0
2020-07-26 23:30,13,6,7,0,0,0
2020-07-26 23:45,11,3,8,0,0,0
2020-07-27 00:00,8,3,5,0,0,0
2020-07-27 00:15,12,5,7,0,0,0
2020-07-27 00:30,5,2,3,0,0,0
2020-07-27 00:45,0,0,0,0,0,0
2020-07-27 01:00,3,3,0,0,0,0
2020-07-27 01:15,1,1,0,0,0,0
2020-07-27 01:30,2,0,2,0,0,0
2020-07-27 01:45,3,2,1,0,0,0
2020-07-27 02:00,2,0,2,0,0,0
2020-07-27 02:15,1,0,1,0,0,0
2020-07-27 02:30,2,0,2,0,0,0
2020-07-27 02:45,0,0,0,0,0,0
2020-07-27 03:00,0,0,0,0,0,0
2020-07-27 03:15,1,1,0,0,0,0
2020-07-27 03:30,3,1,2,0,0,0
2020-07-27 03:45,0,0,0,0,0,0
2020-07-27 04:00,0,0,0,0,0,0
2020-07-27 04:15,2,2,0,0,0,0
2020-07-27 04:30,2,1,1,0,0,0
2020-07-27 04:45,1,1,0,0,0,0
2020-07-27 05:00,1,0,1,0,0,0
2020-07-27 05:15,2,1,1,0,0,0
2020-07-27 05:30,15,11,4,0,0,0
2020-07-27 05:45,12,3,9,0,0,0
2020-07-27 06:00,15,9,6,0,0,0
2020-07-27 06:15,26,16,10,0,0,0
2020-07-27 06:30,28,15,13,0,0,0
2020-07-27 06:45,60,44,16,0,0,0
2020-07-27 07:00,52,33,19,0,0,0
2020-07-27 07:15,77,45,32,0,0,0
2020-07-27 07:30,94,56,38,0,0,0
2020-07-27 07:45,123,78,45,0,0,0
2020-07-27 08:00,100,71,29,0,0,0
2020-07-27 08:15,114,73,41,0,0,0
2020-07-27 08:30,81,62,19,0,0,0
2020-07-27 08:45,116,90,26,0,0,0
2020-07-27 09:00,84,65,19,0,0,0
2020-07-27 09:15,84,59,25,0,0,0
2020-07-27 09:30,68,48,20,0,0,0
2020-07-27 09:45,104,66,38,0,0,0
2020-07-27 10:00,84,63,21,0,0,0
2020-07-27 10:15,84,64,20,0,0,0
2020-07-27 10:30,94,62,32,0,0,0
2020-07-27 10:45,123,78,45,0,0,0
2020-07-27 11:00,98,61,37,0,0,0
2020-07-27 11:15,90,56,34,0,0,0
2020-07-27 11:30,119,71,48,0,0,0
2020-07-27 11:45,91,45,46,0,0,0
2020-07-27 12:00,112,67,45,0,0,0
2020-07-27 12:15,111,79,32,0,0,0
2020-07-27 12:30,81,45,36,0,0,0
2020-07-27 12:45,68,34,34,0,0,0
2020-07-27 13:00,94,61,33,0,0,0
2020-07-27 13:15,96,53,43,0,0,0
2020-07-27 13:30,85,50,35,0,0,0
2020-07-27 13:45,97,54,43,0,0,0
2020-07-27 14:00,77,44,33,0,0,0
2020-07-27 14:15,110,69,41,0,0,0
2020-07-27 14:30,85,54,31,0,0,0
2020-07-27 14:45,76,35,41,0,0,0
2020-07-27 15:00,111,56,55,0,0,0
2020-07-27 15:15,110,63,47,0,0,0
2020-07-27 15:30,93,50,43,0,0,0
2020-07-27 15:45,109,65,44,0,0,0
2020-07-27 16:00,131,74,57,0,0,0
2020-07-27 16:15,141,76,65,0,0,0
2020-07-27 16:30,148,86,62,0,0,0
2020-07-27 16:45,146,84,62,0,0,0
2020-07-27 17:00,132,76,56,0,0,0
2020-07-27 17:15,154,64,90,0,0,0
2020-07-27 17:30,150,71,79,0,0,0
2020-07-27 17:45,155,86,69,0,0,0
2020-07-27 18:00,130,62,68,0,0,0
2020-07-27 18:15,95,48,47,0,0,0
2020-07-27 18:30,91,47,44,0,0,0
2020-07-27 18:45,98,50,48,0,0,0
2020-07-27 19:00,85,40,45,0,0,0
2020-07-27 19:15,96,43,53,0,0,0
2020-07-27 19:30,60,32,28,0,0,0
2020-07-27 19:45,69,38,31,0,0,0
2020-07-27 20:00,77,34,43,0,0,0
2020-07-27 20:15,53,22,31,0,0,0
2020-07-27 20:30,51,25,26,0,0,0
2020-07-27 20:45,30,14,16,0,0,0
2020-07-27 21:00,35,21,14,0,0,0
2020-07-27 21:15,39,24,15,0,0,0
2020-07-27 21:30,46,32,14,0,0,0
2020-07-27 21:45,43,20,23,0,0,0
2020-07-27 22:00,29,14,15,0,0,0
2020-07-27 22:15,31,12,19,0,0,0
2020-07-27 22:30,30,22,8,0,0,0
2020-07-27 22:45,13,4,9,0,0,0
2020-07-27 23:00,17,7,10,0,0,0
2020-07-27 23:15,22,9,13,0,0,0
2020-07-27 23:30,14,4,10,0,0,0
2020-07-27 23:45,17,7,10,0,0,0
2020-07-28 00:00,9,4,5,0,0,0
2020-07-28 00:15,8,6,2,0,0,0
2020-07-28 00:30,10,5,5,0,0,0
2020-07-28 00:45,16,6,10,0,0,0
2020-07-28 01:00,4,4,0,0,0,0
2020-07-28 01:15,5,1,4,0,0,0
2020-07-28 01:30,8,3,5,0,0,0
2020-07-28 01:45,1,1,0,0,0,0
2020-07-28 02:00,5,0,5,0,0,0
2020-07-28 02:15,5,0,5,0,0,0
2020-07-28 02:30,0,0,0,0,0,0
2020-07-28 02:45,1,0,1,0,0,0
2020-07-28 03:00,0,0,0,0,0,0
2020-07-28 03:15,1,0,1,0,0,0
2020-07-28 03:30,0,0,0,0,0,0
2020-07-28 03:45,1,1,0,0,0,0
2020-07-28 04:00,1,0,1,0,0,0
2020-07-28 04:15,1,1,0,0,0,0
2020-07-28 04:30,1,1,0,0,0,0
2020-07-28 04:45,1,0,1,0,0,0
2020-07-28 05:00,0,0,0,0,0,0
2020-07-28 05:15,4,2,2,0,0,0
2020-07-28 05:30,12,6,6,0,0,0
2020-07-28 05:45,15,5,10,0,0,0
2020-07-28 06:00,22,14,8,0,0,0
2020-07-28 06:15,27,17,10,0,0,0
2020-07-28 06:30,46,24,22,0,0,0
2020-07-28 06:45,53,36,17,0,0,0
2020-07-28 07:00,75,44,31,0,0,0
2020-07-28 07:15,69,39,30,0,0,0
2020-07-28 07:30,91,54,37,0,0,0
2020-07-28 07:45,127,85,42,0,0,0
2020-07-28 08:00,101,74,27,0,0,0
2020-07-28 08:15,96,57,39,0,0,0
2020-07-28 08:30,98,72,26,0,0,0
2020-07-28 08:45,117,81,36,0,0,0
2020-07-28 09:00,69,53,16,0,0,0
2020-07-28 09:15,74,52,22,0,0,0
2020-07-28 09:30,71,58,13,0,0,0
2020-07-28 09:45,86,61,25,0,0,0
2020-07-28 10:00,79,51,28,0,0,0
2020-07-28 10:15,77,49,28,0,0,0
2020-07-28 10:30,87,59,28,0,0,0
2020-07-28 10:45,88,63,25,0,0,0
2020-07-28 11:00,83,61,22,0,0,0
2020-07-28 11:15,97,65,32,0,0,0
2020-07-28 11:30,100,61,39,0,0,0
2020-07-28 11:45,101,66,35,0,0,0
2020-07-28 12:00,90,49,41,0,0,0
2020-07-28 12:15,89,56,33,0,0,0
2020-07-28 12:30,106,55,51,0,0,0
2020-07-28 12:45,114,71,43,0,0,0
2020-07-28 13:00,109,60,49,0,0,0
2020-07-28 13:15,102,56,46,0,0,0
2020-07-28 13:30,97,60,37,0,0,0
2020-07-28 13:45,125,73,52,0,0,0
2020-07-28 14:00,116,68,48,0,0,0
2020-07-28 14:15,83,45,38,0,0,0
2020-07-28 14:30,96,50,46,0,0,0
2020-07-28 14:45,110,67,43,0,0,0
2020-07-28 15:00,119,72,47,0,0,0
2020-07-28 15:15,120,66,54,0,0,0
2020-07-28 15:30,148,91,57,0,0,0
2020-07-28 15:45,132,79,53,0,0,0
2020-07-28 16:00,147,78,69,0,0,0
2020-07-28 16:15,118,56,62,0,0,0
2020-07-28 16:30,179,96,83,0,0,0
2020-07-28 16:45,184,113,71,0,0,0
2020-07-28 17:00,166,71,95,0,0,0
2020-07-28 17:15,157,89,68,0,0,0
2020-07-28 17:30,156,79,77,0,0,0
2020-07-28 17:45,138,65,73,0,0,0
2020-07-28 18:00,157,75,82,0,0,0
2020-07-28 18:15,119,55,64,0,0,0
2020-07-28 18:30,109,41,68,0,0,0
2020-07-28 18:45,121,66,55,0,0,0
2020-07-28 19:00,112,48,64,0,0,0
2020-07-28 19:15,97,44,53,0,0,0
2020-07-28 19:30,73,38,35,0,0,0
2020-07-28 19:45,83,37,46,0,0,0
2020-07-28 20:00,83,46,37,0,0,0
2020-07-28 20:15,84,47,37,0,0,0
2020-07-28 20:30,65,33,32,0,0,0
2020-07-28 20:45,45,23,22,0,0,0
2020-07-28 21:00,44,29,15,0,0,0
2020-07-28 21:15,38,20,18,0,0,0
2020-07-28 21:30,38,18,20,0,0,0
2020-07-28 21:45,42,25,17,0,0,0
2020-07-28 22:00,43,18,25,0,0,0
2020-07-28 22:15,30,15,15,0,0,0
2020-07-28 22:30,35,21,14,0,0,0
2020-07-28 22:45,23,14,9,0,0,0
2020-07-28 23:00,20,9,11,0,0,0
2020-07-28 23:15,21,14,7,0,0,0
2020-07-28 23:30,17,11,6,0,0,0
2020-07-28 23:45,9,5,4,0,0,0
2020-07-29 00:00,9,4,5,0,0,0
2020-07-29 00:15,12,2,10,0,0,0
2020-07-29 00:30,7,4,3,0,0,0
2020-07-29 00:45,4,1,3,0,0,0
2020-07-29 01:00,10,9,1,0,0,0
2020-07-29 01:15,8,5,3,0,0,0
2020-07-29 01:30,6,3,3,0,0,0
2020-07-29 01:45,7,6,1,0,0,0
2020-07-29 02:00,5,1,4,0,0,0
2020-07-29 02:15,3,2,1,0,0,0
2020-07-29 02:30,1,1,0,0,0,0
2020-07-29 02:45,2,1,1,0,0,0
2020-07-29 03:00,2,0,2,0,0,0
2020-07-29 03:15,2,1,1,0,0,0
2020-07-29 03:30,2,2,0,0,0,0
2020-07-29 03:45,0,0,0,0,0,0
2020-07-29 04:00,1,1,0,0,0,0
2020-07-29 04:15,5,3,2,0,0,0
2020-07-29 04:30,1,1,0,0,0,0
2020-07-29 04:45,1,0,1,0,0,0
2020-07-29 05:00,4,0,4,0,0,0
2020-07-29 05:15,4,3,1,0,0,0
2020-07-29 05:30,17,8,9,0,0,0
2020-07-29 05:45,13,7,6,0,0,0
2020-07-29 06:00,19,12,7,0,0,0
2020-07-29 06:15,25,12,13,0,0,0
2020-07-29 06:30,43,24,19,0,0,0
2020-07-29 06:45,54,38,16,0,0,0
2020-07-29 07:00,73,44,29,0,0,0
2020-07-29 07:15,88,51,37,0,0,0
2020-07-29 07:30,95,55,40,0,0,0
2020-07-29 07:45,142,97,45,0,0,0
2020-07-29 08:00,101,65,36,0,0,0
2020-07-29 08:15,118,85,33,0,0,0
2020-07-29 08:30,125,99,26,0,0,0
2020-07-29 08:45,143,106,37,0,0,0
2020-07-29 09:00,107,77,30,0,0,0
2020-07-29 09:15,96,69,27,0,0,0
2020-07-29 09:30,82,61,21,0,0,0
2020-07-29 09:45,145,115,30,0,0,0
2020-07-29 10:00,98,68,30,0,0,0
2020-07-29 10:15,132,93,39,0,0,0
2020-07-29 10:30,109,71,38,0,0,0
2020-07-29 10:45,137,93,44,0,0,0
2020-07-29 11:00,117,92,25,0,0,0
2020-07-29 11:15,128,86,42,0,0,0
2020-07-29 11:30,133,78,55,0,0,0
2020-07-29 11:45,135,87,48,0,0,0
2020-07-29 12:00,141,85,56,0,0,0
2020-07-29 12:15,142,69,73,0,0,0
2020-07-29 12:30,121,64,57,0,0,0
2020-07-29 12:45,140,76,64,0,0,0
2020-07-29 13:00,119,66,53,0,0,0
2020-07-29 13:15,135,67,68,0,0,0
2020-07-29 13:30,136,67,69,0,0,0
2020-07-29 13:45,124,70,54,0,0,0
2020-07-29 14:00,118,63,55,0,0,0
2020-07-29 14:15,105,60,45,0,0,0
2020-07-29 14:30,132,62,70,0,0,0
2020-07-29 14:45,161,84,77,0,0,0
2020-07-29 15:00,103,56,47,0,0,0
2020-07-29 15:15,99,55,44,0,0,0
2020-07-29 15:30,128,75,53,0,0,0
2020-07-29 15:45,147,87,60,0,0,0
2020-07-29 16:00,143,81,62,0,0,0
2020-07-29 16:15,150,68,82,0,0,0
2020-07-29 16:30,126,63,63,0,0,0
2020-07-29 16:45,155,88,67,0,0,0
2020-07-29 17:00,140,75,65,0,0,0
2020-07-29 17:15,164,75,89,0,0,0
2020-07-29 17:30,137,68,69,0,0,0
2020-07-29 17:45,144,67,77,0,0,0
2020-07-29 18:00,146,82,64,0,0,0
2020-07-29 18:15,126,67,59,0,0,0
2020-07-29 18:30,121,65,56,0,0,0
2020-07-29 18:45,145,83,62,0,0,0
2020-07-29 19:00,103,51,52,0,0,0
2020-07-29 19:15,93,52,41,0,0,0
2020-07-29 19:30,68,42,26,0,0,0
2020-07-29 19:45,70,29,41,0,0,0
2020-07-29 20:00,74,41,33,0,0,0
2020-07-29 20:15,63,29,34,0,0,0
2020-07-29 20:30,51,27,24,0,0,0
2020-07-29 20:45,59,32,27,0,0,0
2020-07-29 21:00,51,31,20,0,0,0
2020-07-29 21:15,45,20,25,0,0,0
2020-07-29 21:30,56,31,25,0,0,0
2020-07-29 21:45,50,17,33,0,0,0
2020-07-29 22:00,48,28,20,0,0,0
2020-07-29 22:15,45,21,24,0,0,0
2020-07-29 22:30,38,16,22,0,0,0
2020-07-29 22:45,30,15,15,0,0,0
2020-07-29 23:00,22,12,10,0,0,0
2020-07-29 23:15,25,12,13,0,0,0
2020-07-29 23:30,18,10,8,0,0,0
2020-07-29 23:45,19,10,9,0,0,0
2020-07-30 00:00,19,13,6,0,0,0
2020-07-30 00:15,9,8,1,0,0,0
2020-07-30 00:30,13,5,8,0,0,0
2020-07-30 00:45,6,2,4,0,0,0
2020-07-30 01:00,8,7,1,0,0,0
2020-07-30 01:15,6,4,2,0,0,0
2020-07-30 01:30,4,1,3,0,0,0
2020-07-30 01:45,5,4,1,0,0,0
2020-07-30 02:00,7,3,4,0,0,0
2020-07-30 02:15,5,2,3,0,0,0
2020-07-30 02:30,2,0,2,0,0,0
2020-07-30 02:45,1,0,1,0,0,0
2020-07-30 03:00,3,1,2,0,0,0
2020-07-30 03:15,3,1,2,0,0,0
2020-07-30 03:30,3,1,2,0,0,0
2020-07-30 03:45,4,4,0,0,0,0
2020-07-30 04:00,0,0,0,0,0,0
2020-07-30 04:15,4,1,3,0,0,0
2020-07-30 04:30,1,0,1,0,0,0
2020-07-30 04:45,4,3,1,0,0,0
2020-07-30 05:00,3,0,3,0,0,0
2020-07-30 05:15,4,1,3,0,0,0
2020-07-30 05:30,12,5,7,0,0,0
2020-07-30 05:45,16,6,10,0,0,0
2020-07-30 06:00,22,16,6,0,0,0
2020-07-30 06:15,29,13,16,0,0,0
2020-07-30 06:30,39,17,22,0,0,0
2020-07-30 06:45,51,34,17,0,0,0
2020-07-30 07:00,72,44,28,0,0,0
2020-07-30 07:15,67,43,24,0,0,0
2020-07-30 07:30,91,54,37,0,0,0
2020-07-30 07:45,131,79,52,0,0,0
2020-07-30 08:00,102,77,25,0,0,0
2020-07-30 08:15,96,71,25,0,0,0
2020-07-30 08:30,92,67,25,0,0,0
2020-07-30 08:45,108,83,25,0,0,0
2020-07-30 09:00,85,57,28,0,0,0
2020-07-30 09:15,89,61,28,0,0,0
2020-07-30 09:30,97,71,26,0,0,0
2020-07-30 09:45,133,86,47,0,0,0
2020-07-30 10:00,78,48,30,0,0,0
2020-07-30 10:15,111,77,34,0,0,0
2020-07-30 10:30,103,71,32,0,0,0
2020-07-30 10:45,87,64,23,0,0,0
2020-07-30 11:00,92,73,19,0,0,0
2020-07-30 11:15,90,50,40,0,0,0
2020-07-30 11:30,112,58,54,0,0,0
2020-07-30 11:45,122,76,46,0,0,0
2020-07-30 12:00,96,55,41,0,0,0
2020-07-30 12:15,109,67,42,0,0,0
2020-07-30 12:30,125,78,47,0,0,0
2020-07-30 12:45,119,62,57,0,0,0
2020-07-30 13:00,123,88,35,0,0,0
2020-07-30 13:15,129,72,57,0,0,0
2020-07-30 13:30,145,79,66,0,0,0
2020-07-30 13:45,124,67,57,0,0,0
2020-07-30 14:00,125,82,43,0,0,0
2020-07-30 14:15,131,84,47,0,0,0
2020-07-30 14:30,117,63,54,0,0,0
2020-07-30 14:45,141,80,61,0,0,0
2020-07-30 15:00,151,88,63,0,0,0
2020-07-30 15:15,131,78,53,0,0,0
2020-07-30 15:30,146,81,65,0,0,0
2020-07-30 15:45,158,88,70,0,0,0
2020-07-30 16:00,154,95,59,0,0,0
2020-07-30 16:15,158,97,61,0,0,0
2020-07-30 16:30,171,77,94,0,0,0
2020-07-30 16:45,191,100,91,0,0,0
2020-07-30 17:00,167,90,77,0,0,0
2020-07-30 17:15,172,86,86,0,0,0
2020-07-30 17:30,170,87,83,0,0,0
2020-07-30 17:45,153,86,67,0,0,0
2020-07-30 18:00,131,65,66,0,0,0
2020-07-30 18:15,166,93,73,0,0,0
2020-07-30 18:30,109,62,47,0,0,0
2020-07-30 18:45,121,63,58,0,0,0
2020-07-30 19:00,110,59,51,0,0,0
2020-07-30 19:15,114,70,44,0,0,0
2020-07-30 19:30,103,54,49,0,0,0
2020-07-30 19:45,97,50,47,0,0,0
2020-07-30 20:00,87,34,53,0,0,0
2020-07-30 20:15,66,26,40,0,0,0
2020-07-30 20:30,75,41,34,0,0,0
2020-07-30 20:45,62,32,30,0,0,0
2020-07-30 21:00,85,43,42,0,0,0
2020-07-30 21:15,41,23,18,0,0,0
2020-07-30 21:30,31,16,15,0,0,0
2020-07-30 21:45,58,33,25,0,0,0
2020-07-30 22:00,48,26,22,0,0,0
2020-07-30 22:15,37,19,18,0,0,0
2020-07-30 22:30,48,25,23,0,0,0
2020-07-30 22:45,43,26,17,0,0,0
2020-07-30 23:00,36,21,15,0,0,0
2020-07-30 23:15,22,10,12,0,0,0
2020-07-30 23:30,15,6,9,0,0,0
2020-07-30 23:45,26,15,11,0,0,0
2020-07-31 00:00,6,4,2,0,0,0
2020-07-31 00:15,27,16,11,0,0,0
2020-07-31 00:30,16,6,10,0,0,0
2020-07-31 00:45,11,7,4,0,0,0
2020-07-31 01:00,5,3,2,0,0,0
2020-07-31 01:15,7,2,5,0,0,0
2020-07-31 01:30,9,5,4,0,0,0
2020-07-31 01:45,7,5,2,0,0,0
2020-07-31 02:00,6,3,3,0,0,0
2020-07-31 02:15,3,2,1,0,0,0
2020-07-31 02:30,3,2,1,0,0,0
2020-07-31 02:45,3,2,1,0,0,0
2020-07-31 03:00,2,2,0,0,0,0
2020-07-31 03:15,2,2,0,0,0,0
2020-07-31 03:30,2,1,1,0,0,0
2020-07-31 03:45,2,2,0,0,0,0
2020-07-31 04:00,0,0,0,0,0,0
2020-07-31 04:15,2,1,1,0,0,0
2020-07-31 04:30,3,2,1,0,0,0
2020-07-31 04:45,1,1,0,0,0,0
2020-07-31 05:00,1,1,0,0,0,0
2020-07-31 05:15,2,2,0,0,0,0
2020-07-31 05:30,15,10,5,0,0,0
2020-07-31 05:45,11,3,8,0,0,0
2020-07-31 06:00,17,14,3,0,0,0
2020-07-31 06:15,25,11,14,0,0,0
2020-07-31 06:30,36,25,11,0,0,0
2020-07-31 06:45,55,41,14,0,0,0
2020-07-31 07:00,58,38,20,0,0,0
2020-07-31 07:15,61,35,26,0,0,0
2020-07-31 07:30,83,46,37,0,0,0
2020-07-31 07:45,127,87,40,0,0,0
2020-07-31 08:00,95,65,30,0,0,0
2020-07-31 08:15,107,72,35,0,0,0
2020-07-31 08:30,119,76,43,0,0,0
2020-07-31 08:45,126,97,29,0,0,0
2020-07-31 09:00,91,64,27,0,0,0
2020-07-31 09:15,98,68,30,0,0,0
2020-07-31 09:30,110,79,31,0,0,0
2020-07-31 09:45,104,73,31,0,0,0
2020-07-31 10:00,95,69,26,0,0,0
2020-07-31 10:15,115,78,37,0,0,0
2020-07-31 10:30,106,82,24,0,0,0
2020-07-31 10:45,119,65,54,0,0,0
2020-07-31 11:00,114,82,32,0,0,0
2020-07-31 11:15,120,69,51,0,0,0
2020-07-31 11:30,123,71,52,0,0,0
2020-07-31 11:45,108,63,45,0,0,0
2020-07-31 12:00,110,71,39,0,0,0
2020-07-31 12:15,127,79,48,0,0,0
2020-07-31 12:30,128,71,57,0,0,0
2020-07-31 12:45,139,66,73,0,0,0
2020-07-31 13:00,124,67,57,0,0,0
2020-07-31 13:15,172,99,73,0,0,0
2020-07-31 13:30,148,76,72,0,0,0
2020-07-31 13:45,128,62,66,0,0,0
2020-07-31 14:00,131,68,63,0,0,0
2020-07-31 14:15,151,70,81,0,0,0
2020-07-31 14:30,135,73,62,0,0,0
2020-07-31 14:45,152,74,78,0,0,0
2020-07-31 15:00,130,66,64,0,0,0
2020-07-31 15:15,128,74,54,0,0,0
2020-07-31 15:30,135,70,65,0,0,0
2020-07-31 15:45,134,62,72,0,0,0
2020-07-31 16:00,125,56,69,0,0,0
2020-07-31 16:15,143,79,64,0,0,0
2020-07-31 16:30,133,66,67,0,0,0
2020-07-31 16:45,143,74,69,0,0,0
2020-07-31 17:00,126,76,50,0,0,0
2020-07-31 17:15,138,88,50,0,0,0
2020-07-31 17:30,123,71,52,0,0,0
2020-07-31 17:45,158,88,70,0,0,0
2020-07-31 18:00,135,66,69,0,0,0
2020-07-31 18:15,127,63,64,0,0,0
2020-07-31 18:30,134,87,47,0,0,0
2020-07-31 18:45,116,64,52,0,0,0
2020-07-31 19:00,112,69,43,0,0,0
2020-07-31 19:15,104,59,45,0,0,0
2020-07-31 19:30,117,77,40,0,0,0
2020-07-31 19:45,106,74,32,0,0,0
2020-07-31 20:00,93,62,31,0,0,0
2020-07-31 20:15,83,56,27,0,0,0
2020-07-31 20:30,41,26,15,0,0,0
2020-07-31 20:45,60,44,16,0,0,0
2020-07-31 21:00,73,46,27,0,0,0
2020-07-31 21:15,74,39,35,0,0,0
2020-07-31 21:30,48,33,15,0,0,0
2020-07-31 21:45,48,28,20,0,0,0
2020-07-31 22:00,56,36,20,0,0,0
2020-07-31 22:15,50,40,10,0,0,0
2020-07-31 22:30,51,39,12,0,0,0
2020-07-31 22:45,48,27,21,0,0,0
2020-07-31 23:00,37,16,21,0,0,0
2020-07-31 23:15,42,20,22,0,0,0
2020-07-31 23:30,43,28,15,0,0,0
2020-07-31 23:45,31,11,20,0,0,0
