Datetime,100034983 (Warendorfer Straße),101034983 (Warendorfer Straße stadteinwärts),102034983 (Warendorfer Straße stadtauswärts),100034983-status,101034983-status,102034983-status
2021-08-01 00:00,25,16,9,0,0,0
2021-08-01 00:15,25,9,16,0,0,0
2021-08-01 00:30,23,7,16,0,0,0
2021-08-01 00:45,10,4,6,0,0,0
2021-08-01 01:00,20,8,12,0,0,0
2021-08-01 01:15,15,4,11,0,0,0
2021-08-01 01:30,12,2,10,0,0,0
2021-08-01 01:45,19,9,10,0,0,0
2021-08-01 02:00,8,3,5,0,0,0
2021-08-01 02:15,11,0,11,0,0,0
2021-08-01 02:30,22,3,19,0,0,0
2021-08-01 02:45,12,3,9,0,0,0
2021-08-01 03:00,4,2,2,0,0,0
2021-08-01 03:15,6,1,5,0,0,0
2021-08-01 03:30,11,2,9,0,0,0
2021-08-01 03:45,7,5,2,0,0,0
2021-08-01 04:00,3,1,2,0,0,0
2021-08-01 04:15,6,1,5,0,0,0
2021-08-01 04:30,4,2,2,0,0,0
2021-08-01 04:45,6,1,5,0,0,0
2021-08-01 05:00,5,2,3,0,0,0
2021-08-01 05:15,6,6,0,0,0,0
2021-08-01 05:30,7,1,6,0,0,0
2021-08-01 05:45,3,1,2,0,0,0
2021-08-01 06:00,5,4,1,0,0,0
2021-08-01 06:15,8,3,5,0,0,0
2021-08-01 06:30,7,5,2,0,0,0
2021-08-01 06:45,10,7,3,0,0,0
2021-08-01 07:00,4,3,1,0,0,0
2021-08-01 07:15,5,1,4,0,0,0
2021-08-01 07:30,7,4,3,0,0,0
2021-08-01 07:45,13,10,3,0,0,0
2021-08-01 08:00,12,8,4,0,0,0
2021-08-01 08:15,11,10,1,0,0,0
2021-08-01 08:30,13,11,2,0,0,0
2021-08-01 08:45,16,9,7,0,0,0
2021-08-01 09:00,18,14,4,0,0,0
2021-08-01 09:15,17,9,8,0,0,0
2021-08-01 09:30,32,20,12,0,0,0
2021-08-01 09:45,51,34,17,0,0,0
2021-08-01 10:00,32,20,12,0,0,0
2021-08-01 10:15,38,25,13,0,0,0
2021-08-01 10:30,38,19,19,0,0,0
2021-08-01 10:45,43,33,10,0,0,0
2021-08-01 11:00,42,26,16,0,0,0
2021-08-01 11:15,50,31,19,0,0,0
2021-08-01 11:30,52,38,14,0,0,0
2021-08-01 11:45,53,31,22,0,0,0
2021-08-01 12:00,50,33,17,0,0,0
2021-08-01 12:15,58,40,18,0,0,0
2021-08-01 12:30,44,22,22,0,0,0
2021-08-01 12:45,47,32,15,0,0,0
2021-08-01 13:00,62,46,16,0,0,0
2021-08-01 13:15,76,46,30,0,0,0
2021-08-01 13:30,64,32,32,0,0,0
2021-08-01 13:45,69,45,24,0,0,0
2021-08-01 14:00,80,58,22,0,0,0
2021-08-01 14:15,80,61,19,0,0,0
2021-08-01 14:30,67,37,30,0,0,0
2021-08-01 14:45,49,26,23,0,0,0
2021-08-01 15:00,92,62,30,0,0,0
2021-08-01 15:15,80,53,27,0,0,0
2021-08-01 15:30,60,38,22,0,0,0
2021-08-01 15:45,82,56,26,0,0,0
2021-08-01 16:00,47,30,17,0,0,0
2021-08-01 16:15,69,50,19,0,0,0
2021-08-01 16:30,93,60,33,0,0,0
2021-08-01 16:45,77,47,30,0,0,0
2021-08-01 17:00,38,20,18,0,0,0
2021-08-01 17:15,27,17,10,0,0,0
2021-08-01 17:30,78,46,32,0,0,0
2021-08-01 17:45,78,43,35,0,0,0
2021-08-01 18:00,57,25,32,0,0,0
2021-08-01 18:15,52,42,10,0,0,0
2021-08-01 18:30,33,13,20,0,0,0
2021-08-01 18:45,58,42,16,0,0,0
2021-08-01 19:00,58,44,14,0,0,0
2021-08-01 19:15,55,31,24,0,0,0
2021-08-01 19:30,27,18,9,0,0,0
2021-08-01 19:45,35,26,9,0,0,0
2021-08-01 20:00,36,27,9,0,0,0
2021-08-01 20:15,30,17,13,0,0,0
2021-08-01 20:30,24,11,13,0,0,0
2021-08-01 20:45,29,21,8,0,0,0
2021-08-01 21:00,24,10,14,0,0,0
2021-08-01 21:15,24,11,13,0,0,0
2021-08-01 21:30,28,13,15,0,0,0
2021-08-01 21:45,28,19,9,0,0,0
2021-08-01 22:00,12,8,4,0,0,0
2021-08-01 22:15,19,12,7,0,0,0
2021-08-01 22:30,26,11,15,0,0,0
2021-08-01 22:45,17,10,7,0,0,0
2021-08-01 23:00,8,5,3,0,0,0
2021-08-01 23:15,6,2,4,0,0,0
2021-08-01 23:30,12,6,6,0,0,0
2021-08-01 23:45,6,1,5,0,0,0
2021-08-02 00:00,5,1,4,0,0,0
2021-08-02 00:15,5,4,1,0,0,0
2021-08-02 00:30,3,1,2,0,0,0
2021-08-02 00:45,6,3,3,0,0,0
2021-08-02 01:00,0,0,0,0,0,0
2021-08-02 01:15,3,1,2,0,0,0
2021-08-02 01:30,1,1,0,0,0,0
2021-08-02 01:45,2,2,0,0,0,0
2021-08-02 02:00,3,2,1,0,0,0
2021-08-02 02:15,2,1,1,0,0,0
2021-08-02 02:30,4,2,2,0,0,0
2021-08-02 02:45,0,0,0,0,0,0
2021-08-02 03:00,2,0,2,0,0,0
2021-08-02 03:15,0,0,0,0,0,0
2021-08-02 03:30,0,0,0,0,0,0
2021-08-02 03:45,0,0,0,0,0,0
2021-08-02 04:00,0,0,0,0,0,0
2021-08-02 04:15,2,0,2,0,0,0
2021-08-02 04:30,0,0,0,0,0,0
2021-08-02 04:45,2,1,1,0,0,0
2021-08-02 05:00,1,1,0,0,0,0
2021-08-02 05:15,5,4,1,0,0,0
2021-08-02 05:30,18,13,5,0,0,0
2021-08-02 05:45,23,12,11,0,0,0
2021-08-02 06:00,12,9,3,0,0,0
2021-08-02 06:15,30,17,13,0,0,0
2021-08-02 06:30,37,18,19,0,0,0
2021-08-02 06:45,57,43,14,0,0,0
2021-08-02 07:00,77,48,29,0,0,0
2021-08-02 07:15,77,37,40,0,0,0
2021-08-02 07:30,119,82,37,0,0,0
2021-08-02 07:45,112,68,44,0,0,0
2021-08-02 08:00,105,72,33,0,0,0
2021-08-02 08:15,85,51,34,0,0,0
2021-08-02 08:30,91,63,28,0,0,0
2021-08-02 08:45,113,90,23,0,0,0
2021-08-02 09:00,86,64,22,0,0,0
2021-08-02 09:15,94,69,25,0,0,0
2021-08-02 09:30,83,55,28,0,0,0
2021-08-02 09:45,94,67,27,0,0,0
2021-08-02 10:00,88,59,29,0,0,0
2021-08-02 10:15,91,64,27,0,0,0
2021-08-02 10:30,92,60,32,0,0,0
2021-08-02 10:45,107,74,33,0,0,0
2021-08-02 11:00,95,62,33,0,0,0
2021-08-02 11:15,106,57,49,0,0,0
2021-08-02 11:30,105,67,38,0,0,0
2021-08-02 11:45,101,55,46,0,0,0
2021-08-02 12:00,92,63,29,0,0,0
2021-08-02 12:15,99,54,45,0,0,0
2021-08-02 12:30,125,75,50,0,0,0
2021-08-02 12:45,125,67,58,0,0,0
2021-08-02 13:00,89,57,32,0,0,0
2021-08-02 13:15,102,66,36,0,0,0
2021-08-02 13:30,77,53,24,0,0,0
2021-08-02 13:45,83,56,27,0,0,0
2021-08-02 14:00,135,85,50,0,0,0
2021-08-02 14:15,119,80,39,0,0,0
2021-08-02 14:30,106,63,43,0,0,0
2021-08-02 14:45,124,77,47,0,0,0
2021-08-02 15:00,110,69,41,0,0,0
2021-08-02 15:15,139,86,53,0,0,0
2021-08-02 15:30,124,90,34,0,0,0
2021-08-02 15:45,117,72,45,0,0,0
2021-08-02 16:00,144,92,52,0,0,0
2021-08-02 16:15,124,72,52,0,0,0
2021-08-02 16:30,148,81,67,0,0,0
2021-08-02 16:45,168,109,59,0,0,0
2021-08-02 17:00,183,108,75,0,0,0
2021-08-02 17:15,154,91,63,0,0,0
2021-08-02 17:30,156,98,58,0,0,0
2021-08-02 17:45,149,100,49,0,0,0
2021-08-02 18:00,133,65,68,0,0,0
2021-08-02 18:15,130,72,58,0,0,0
2021-08-02 18:30,92,47,45,0,0,0
2021-08-02 18:45,93,50,43,0,0,0
2021-08-02 19:00,67,34,33,0,0,0
2021-08-02 19:15,87,46,41,0,0,0
2021-08-02 19:30,71,35,36,0,0,0
2021-08-02 19:45,76,47,29,0,0,0
2021-08-02 20:00,65,40,25,0,0,0
2021-08-02 20:15,58,29,29,0,0,0
2021-08-02 20:30,54,30,24,0,0,0
2021-08-02 20:45,34,23,11,0,0,0
2021-08-02 21:00,36,21,15,0,0,0
2021-08-02 21:15,46,31,15,0,0,0
2021-08-02 21:30,32,18,14,0,0,0
2021-08-02 21:45,24,14,10,0,0,0
2021-08-02 22:00,27,15,12,0,0,0
2021-08-02 22:15,23,13,10,0,0,0
2021-08-02 22:30,29,18,11,0,0,0
2021-08-02 22:45,25,7,18,0,0,0
2021-08-02 23:00,14,10,4,0,0,0
2021-08-02 23:15,29,17,12,0,0,0
2021-08-02 23:30,15,9,6,0,0,0
2021-08-02 23:45,13,6,7,0,0,0
2021-08-03 00:00,6,5,1,0,0,0
2021-08-03 00:15,28,2,26,0,0,0
2021-08-03 00:30,8,1,7,0,0,0
2021-08-03 00:45,3,2,1,0,0,0
2021-08-03 01:00,4,2,2,0,0,0
2021-08-03 01:15,5,0,5,0,0,0
2021-08-03 01:30,8,3,5,0,0,0
2021-08-03 01:45,5,2,3,0,0,0
2021-08-03 02:00,1,1,0,0,0,0
2021-08-03 02:15,4,2,2,0,0,0
2021-08-03 02:30,2,1,1,0,0,0
2021-08-03 02:45,2,0,2,0,0,0
2021-08-03 03:00,1,0,1,0,0,0
2021-08-03 03:15,0,0,0,0,0,0
2021-08-03 03:30,1,1,0,0,0,0
2021-08-03 03:45,0,0,0,0,0,0
2021-08-03 04:00,0,0,0,0,0,0
2021-08-03 04:15,1,0,1,0,0,0
2021-08-03 04:30,3,3,0,0,0,0
2021-08-03 04:45,2,1,1,0,0,0
2021-08-03 05:00,1,0,1,0,0,0
2021-08-03 05:15,3,2,1,0,0,0
2021-08-03 05:30,16,9,7,0,0,0
2021-08-03 05:45,16,7,9,0,0,0
2021-08-03 06:00,17,9,8,0,0,0
2021-08-03 06:15,35,18,17,0,0,0
2021-08-03 06:30,54,32,22,0,0,0
2021-08-03 06:45,52,27,25,0,0,0
2021-08-03 07:00,71,47,24,0,0,0
2021-08-03 07:15,92,53,39,0,0,0
2021-08-03 07:30,109,78,31,0,0,0
2021-08-03 07:45,148,96,52,0,0,0
2021-08-03 08:00,116,84,32,0,0,0
2021-08-03 08:15,95,55,40,0,0,0
2021-08-03 08:30,85,64,21,0,0,0
2021-08-03 08:45,137,105,32,0,0,0
2021-08-03 09:00,81,55,26,0,0,0
2021-08-03 09:15,80,61,19,0,0,0
2021-08-03 09:30,72,48,24,0,0,0
2021-08-03 09:45,106,87,19,0,0,0
2021-08-03 10:00,94,66,28,0,0,0
2021-08-03 10:15,86,58,28,0,0,0
2021-08-03 10:30,87,67,20,0,0,0
2021-08-03 10:45,92,58,34,0,0,0
2021-08-03 11:00,75,46,29,0,0,0
2021-08-03 11:15,83,53,30,0,0,0
2021-08-03 11:30,120,68,52,0,0,0
2021-08-03 11:45,107,62,45,0,0,0
2021-08-03 12:00,122,82,40,0,0,0
2021-08-03 12:15,125,70,55,0,0,0
2021-08-03 12:30,113,59,54,0,0,0
2021-08-03 12:45,108,60,48,0,0,0
2021-08-03 13:00,111,68,43,0,0,0
2021-08-03 13:15,100,46,54,0,0,0
2021-08-03 13:30,103,58,45,0,0,0
2021-08-03 13:45,87,45,42,0,0,0
2021-08-03 14:00,97,71,26,0,0,0
2021-08-03 14:15,104,64,40,0,0,0
2021-08-03 14:30,109,77,32,0,0,0
2021-08-03 14:45,127,78,49,0,0,0
2021-08-03 15:00,95,65,30,0,0,0
2021-08-03 15:15,131,82,49,0,0,0
2021-08-03 15:30,128,85,43,0,0,0
2021-08-03 15:45,185,135,50,0,0,0
2021-08-03 16:00,146,102,44,0,0,0
2021-08-03 16:15,167,93,74,0,0,0
2021-08-03 16:30,167,97,70,0,0,0
2021-08-03 16:45,150,86,64,0,0,0
2021-08-03 17:00,134,63,71,0,0,0
2021-08-03 17:15,156,90,66,0,0,0
2021-08-03 17:30,156,84,72,0,0,0
2021-08-03 17:45,134,79,55,0,0,0
2021-08-03 18:00,150,80,70,0,0,0
2021-08-03 18:15,97,49,48,0,0,0
2021-08-03 18:30,114,57,57,0,0,0
2021-08-03 18:45,113,60,53,0,0,0
2021-08-03 19:00,77,37,40,0,0,0
2021-08-03 19:15,82,54,28,0,0,0
2021-08-03 19:30,71,52,19,0,0,0
2021-08-03 19:45,63,35,28,0,0,0
2021-08-03 20:00,75,40,35,0,0,0
2021-08-03 20:15,63,29,34,0,0,0
2021-08-03 20:30,61,26,35,0,0,0
2021-08-03 20:45,38,20,18,0,0,0
2021-08-03 21:00,39,17,22,0,0,0
2021-08-03 21:15,41,17,24,0,0,0
2021-08-03 21:30,30,15,15,0,0,0
2021-08-03 21:45,44,14,30,0,0,0
2021-08-03 22:00,38,26,12,0,0,0
2021-08-03 22:15,48,25,23,0,0,0
2021-08-03 22:30,39,18,21,0,0,0
2021-08-03 22:45,31,16,15,0,0,0
2021-08-03 23:00,26,10,16,0,0,0
2021-08-03 23:15,11,2,9,0,0,0
2021-08-03 23:30,23,9,14,0,0,0
2021-08-03 23:45,10,4,6,0,0,0
2021-08-04 00:00,14,5,9,0,0,0
2021-08-04 00:15,10,6,4,0,0,0
2021-08-04 00:30,5,0,5,0,0,0
2021-08-04 00:45,9,6,3,0,0,0
2021-08-04 01:00,2,1,1,0,0,0
2021-08-04 01:15,5,0,5,0,0,0
2021-08-04 01:30,5,2,3,0,0,0
2021-08-04 01:45,1,1,0,0,0,0
2021-08-04 02:00,8,1,7,0,0,0
2021-08-04 02:15,6,4,2,0,0,0
2021-08-04 02:30,6,1,5,0,0,0
2021-08-04 02:45,1,0,1,0,0,0
2021-08-04 03:00,4,1,3,0,0,0
2021-08-04 03:15,1,0,1,0,0,0
2021-08-04 03:30,0,0,0,0,0,0
2021-08-04 03:45,0,0,0,0,0,0
2021-08-04 04:00,3,2,1,0,0,0
2021-08-04 04:15,5,4,1,0,0,0
2021-08-04 04:30,1,1,0,0,0,0
2021-08-04 04:45,1,1,0,0,0,0
2021-08-04 05:00,2,1,1,0,0,0
2021-08-04 05:15,3,2,1,0,0,0
2021-08-04 05:30,14,9,5,0,0,0
2021-08-04 05:45,21,9,12,0,0,0
2021-08-04 06:00,23,17,6,0,0,0
2021-08-04 06:15,29,17,12,0,0,0
2021-08-04 06:30,49,27,22,0,0,0
2021-08-04 06:45,56,36,20,0,0,0
2021-08-04 07:00,91,62,29,0,0,0
2021-08-04 07:15,103,57,46,0,0,0
2021-08-04 07:30,126,96,30,0,0,0
2021-08-04 07:45,120,77,43,0,0,0
2021-08-04 08:00,109,75,34,0,0,0
2021-08-04 08:15,98,69,29,0,0,0
2021-08-04 08:30,115,80,35,0,0,0
2021-08-04 08:45,141,103,38,0,0,0
2021-08-04 09:00,103,78,25,0,0,0
2021-08-04 09:15,119,80,39,0,0,0
2021-08-04 09:30,107,82,25,0,0,0
2021-08-04 09:45,140,102,38,0,0,0
2021-08-04 10:00,110,76,34,0,0,0
2021-08-04 10:15,147,99,48,0,0,0
2021-08-04 10:30,119,81,38,0,0,0
2021-08-04 10:45,138,86,52,0,0,0
2021-08-04 11:00,125,86,39,0,0,0
2021-08-04 11:15,130,98,32,0,0,0
2021-08-04 11:30,137,91,46,0,0,0
2021-08-04 11:45,144,88,56,0,0,0
2021-08-04 12:00,159,94,65,0,0,0
2021-08-04 12:15,152,88,64,0,0,0
2021-08-04 12:30,154,104,50,0,0,0
2021-08-04 12:45,165,87,78,0,0,0
2021-08-04 13:00,159,74,85,0,0,0
2021-08-04 13:15,133,65,68,0,0,0
2021-08-04 13:30,96,51,45,0,0,0
2021-08-04 13:45,123,75,48,0,0,0
2021-08-04 14:00,105,60,45,0,0,0
2021-08-04 14:15,115,66,49,0,0,0
2021-08-04 14:30,123,76,47,0,0,0
2021-08-04 14:45,134,78,56,0,0,0
2021-08-04 15:00,127,66,61,0,0,0
2021-08-04 15:15,94,57,37,0,0,0
2021-08-04 15:30,131,85,46,0,0,0
2021-08-04 15:45,142,92,50,0,0,0
2021-08-04 16:00,156,93,63,0,0,0
2021-08-04 16:15,146,85,61,0,0,0
2021-08-04 16:30,137,86,51,0,0,0
2021-08-04 16:45,169,109,60,0,0,0
2021-08-04 17:00,145,88,57,0,0,0
2021-08-04 17:15,133,70,63,0,0,0
2021-08-04 17:30,150,93,57,0,0,0
2021-08-04 17:45,163,109,54,0,0,0
2021-08-04 18:00,133,68,65,0,0,0
2021-08-04 18:15,146,87,59,0,0,0
2021-08-04 18:30,116,68,48,0,0,0
2021-08-04 18:45,75,42,33,0,0,0
2021-08-04 19:00,78,35,43,0,0,0
2021-08-04 19:15,81,48,33,0,0,0
2021-08-04 19:30,81,40,41,0,0,0
2021-08-04 19:45,69,42,27,0,0,0
2021-08-04 20:00,57,26,31,0,0,0
2021-08-04 20:15,71,36,35,0,0,0
2021-08-04 20:30,47,34,13,0,0,0
2021-08-04 20:45,29,15,14,0,0,0
2021-08-04 21:00,50,26,24,0,0,0
2021-08-04 21:15,50,38,12,0,0,0
2021-08-04 21:30,39,17,22,0,0,0
2021-08-04 21:45,28,14,14,0,0,0
2021-08-04 22:00,30,10,20,0,0,0
2021-08-04 22:15,30,16,14,0,0,0
2021-08-04 22:30,39,21,18,0,0,0
2021-08-04 22:45,37,22,15,0,0,0
2021-08-04 23:00,35,28,7,0,0,0
2021-08-04 23:15,23,13,10,0,0,0
2021-08-04 23:30,16,5,11,0,0,0
2021-08-04 23:45,25,10,15,0,0,0
2021-08-05 00:00,17,11,6,0,0,0
2021-08-05 00:15,28,19,9,0,0,0
2021-08-05 00:30,6,5,1,0,0,0
2021-08-05 00:45,5,1,4,0,0,0
2021-08-05 01:00,12,2,10,0,0,0
2021-08-05 01:15,5,4,1,0,0,0
2021-08-05 01:30,16,4,12,0,0,0
2021-08-05 01:45,5,1,4,0,0,0
2021-08-05 02:00,4,0,4,0,0,0
2021-08-05 02:15,7,0,7,0,0,0
2021-08-05 02:30,2,1,1,0,0,0
2021-08-05 02:45,4,0,4,0,0,0
2021-08-05 03:00,7,0,7,0,0,0
2021-08-05 03:15,6,2,4,0,0,0
2021-08-05 03:30,2,0,2,0,0,0
2021-08-05 03:45,2,0,2,0,0,0
2021-08-05 04:00,4,2,2,0,0,0
2021-08-05 04:15,2,1,1,0,0,0
2021-08-05 04:30,2,1,1,0,0,0
2021-08-05 04:45,7,5,2,0,0,0
2021-08-05 05:00,1,1,0,0,0,0
2021-08-05 05:15,5,3,2,0,0,0
2021-08-05 05:30,15,9,6,0,0,0
2021-08-05 05:45,19,9,10,0,0,0
2021-08-05 06:00,22,15,7,0,0,0
2021-08-05 06:15,31,17,14,0,0,0
2021-08-05 06:30,30,14,16,0,0,0
2021-08-05 06:45,45,29,16,0,0,0
2021-08-05 07:00,73,45,28,0,0,0
2021-08-05 07:15,77,46,31,0,0,0
2021-08-05 07:30,108,80,28,0,0,0
2021-08-05 07:45,135,76,59,0,0,0
2021-08-05 08:00,89,71,18,0,0,0
2021-08-05 08:15,92,62,30,0,0,0
2021-08-05 08:30,101,66,35,0,0,0
2021-08-05 08:45,130,105,25,0,0,0
2021-08-05 09:00,83,57,26,0,0,0
2021-08-05 09:15,75,58,17,0,0,0
2021-08-05 09:30,72,52,20,0,0,0
2021-08-05 09:45,107,84,23,0,0,0
2021-08-05 10:00,68,50,18,0,0,0
2021-08-05 10:15,66,41,25,0,0,0
2021-08-05 10:30,107,76,31,0,0,0
2021-08-05 10:45,106,73,33,0,0,0
2021-08-05 11:00,119,71,48,0,0,0
2021-08-05 11:15,101,57,44,0,0,0
2021-08-05 11:30,106,64,42,0,0,0
2021-08-05 11:45,103,67,36,0,0,0
2021-08-05 12:00,97,65,32,0,0,0
2021-08-05 12:15,112,79,33,0,0,0
2021-08-05 12:30,107,69,38,0,0,0
2021-08-05 12:45,127,81,46,0,0,0
2021-08-05 13:00,98,60,38,0,0,0
2021-08-05 13:15,87,46,41,0,0,0
2021-08-05 13:30,73,47,26,0,0,0
2021-08-05 13:45,127,77,50,0,0,0
2021-08-05 14:00,116,72,44,0,0,0
2021-08-05 14:15,92,54,38,0,0,0
2021-08-05 14:30,121,77,44,0,0,0
2021-08-05 14:45,129,90,39,0,0,0
2021-08-05 15:00,133,77,56,0,0,0
2021-08-05 15:15,112,69,43,0,0,0
2021-08-05 15:30,104,58,46,0,0,0
2021-08-05 15:45,119,74,45,0,0,0
2021-08-05 16:00,139,95,44,0,0,0
2021-08-05 16:15,141,93,48,0,0,0
2021-08-05 16:30,152,100,52,0,0,0
2021-08-05 16:45,146,93,53,0,0,0
2021-08-05 17:00,147,85,62,0,0,0
2021-08-05 17:15,134,86,48,0,0,0
2021-08-05 17:30,157,92,65,0,0,0
2021-08-05 17:45,150,95,55,0,0,0
2021-08-05 18:00,137,75,62,0,0,0
2021-08-05 18:15,129,73,56,0,0,0
2021-08-05 18:30,102,59,43,0,0,0
2021-08-05 18:45,135,88,47,0,0,0
2021-08-05 19:00,98,60,38,0,0,0
2021-08-05 19:15,118,62,56,0,0,0
2021-08-05 19:30,95,46,49,0,0,0
2021-08-05 19:45,86,54,32,0,0,0
2021-08-05 20:00,80,46,34,0,0,0
2021-08-05 20:15,60,33,27,0,0,0
2021-08-05 20:30,61,28,33,0,0,0
2021-08-05 20:45,65,38,27,0,0,0
2021-08-05 21:00,56,20,36,0,0,0
2021-08-05 21:15,50,26,24,0,0,0
2021-08-05 21:30,44,24,20,0,0,0
2021-08-05 21:45,38,17,21,0,0,0
2021-08-05 22:00,39,21,18,0,0,0
2021-08-05 22:15,40,24,16,0,0,0
2021-08-05 22:30,57,22,35,0,0,0
2021-08-05 22:45,24,12,12,0,0,0
2021-08-05 23:00,37,26,11,0,0,0
2021-08-05 23:15,26,14,12,0,0,0
2021-08-05 23:30,21,9,12,0,0,0
2021-08-05 23:45,18,6,12,0,0,0
2021-08-06 00:00,15,3,12,0,0,0
2021-08-06 00:15,23,6,17,0,0,0
2021-08-06 00:30,12,7,5,0,0,0
2021-08-06 00:45,5,3,2,0,0,0
2021-08-06 01:00,8,1,7,0,0,0
2021-08-06 01:15,4,2,2,0,0,0
2021-08-06 01:30,4,1,3,0,0,0
2021-08-06 01:45,4,4,0,0,0,0
2021-08-06 02:00,4,2,2,0,0,0
2021-08-06 02:15,3,1,2,0,0,0
2021-08-06 02:30,6,2,4,0,0,0
2021-08-06 02:45,2,2,0,0,0,0
2021-08-06 03:00,9,7,2,0,0,0
2021-08-06 03:15,2,0,2,0,0,0
2021-08-06 03:30,1,0,1,0,0,0
2021-08-06 03:45,1,0,1,0,0,0
2021-08-06 04:00,0,0,0,0,0,0
2021-08-06 04:15,0,0,0,0,0,0
2021-08-06 04:30,1,1,0,0,0,0
2021-08-06 04:45,0,0,0,0,0,0
2021-08-06 05:00,2,2,0,0,0,0
2021-08-06 05:15,1,1,0,0,0,0
2021-08-06 05:30,13,8,5,0,0,0
2021-08-06 05:45,16,9,7,0,0,0
2021-08-06 06:00,24,17,7,0,0,0
2021-08-06 06:15,20,8,12,0,0,0
2021-08-06 06:30,45,22,23,0,0,0
2021-08-06 06:45,46,29,17,0,0,0
2021-08-06 07:00,56,40,16,0,0,0
2021-08-06 07:15,84,52,32,0,0,0
2021-08-06 07:30,85,63,22,0,0,0
2021-08-06 07:45,95,63,32,0,0,0
2021-08-06 08:00,58,38,20,0,0,0
2021-08-06 08:15,62,40,22,0,0,0
2021-08-06 08:30,65,56,9,0,0,0
2021-08-06 08:45,120,78,42,0,0,0
2021-08-06 09:00,64,48,16,0,0,0
2021-08-06 09:15,54,35,19,0,0,0
2021-08-06 09:30,69,48,21,0,0,0
2021-08-06 09:45,95,73,22,0,0,0
2021-08-06 10:00,69,45,24,0,0,0
2021-08-06 10:15,80,60,20,0,0,0
2021-08-06 10:30,61,34,27,0,0,0
2021-08-06 10:45,65,47,18,0,0,0
2021-08-06 11:00,73,45,28,0,0,0
2021-08-06 11:15,69,44,25,0,0,0
2021-08-06 11:30,88,55,33,0,0,0
2021-08-06 11:45,98,51,47,0,0,0
2021-08-06 12:00,87,53,34,0,0,0
2021-08-06 12:15,94,57,37,0,0,0
2021-08-06 12:30,108,68,40,0,0,0
2021-08-06 12:45,87,51,36,0,0,0
2021-08-06 13:00,102,60,42,0,0,0
2021-08-06 13:15,115,67,48,0,0,0
2021-08-06 13:30,87,53,34,0,0,0
2021-08-06 13:45,118,74,44,0,0,0
2021-08-06 14:00,106,62,44,0,0,0
2021-08-06 14:15,130,89,41,0,0,0
2021-08-06 14:30,97,57,40,0,0,0
2021-08-06 14:45,122,82,40,0,0,0
2021-08-06 15:00,100,61,39,0,0,0
2021-08-06 15:15,102,65,37,0,0,0
2021-08-06 15:30,95,65,30,0,0,0
2021-08-06 15:45,95,58,37,0,0,0
2021-08-06 16:00,116,65,51,0,0,0
2021-08-06 16:15,102,67,35,0,0,0
2021-08-06 16:30,97,65,32,0,0,0
2021-08-06 16:45,147,91,56,0,0,0
2021-08-06 17:00,102,59,43,0,0,0
2021-08-06 17:15,109,70,39,0,0,0
2021-08-06 17:30,118,74,44,0,0,0
2021-08-06 17:45,97,62,35,0,0,0
2021-08-06 18:00,107,59,48,0,0,0
2021-08-06 18:15,109,63,46,0,0,0
2021-08-06 18:30,104,60,44,0,0,0
2021-08-06 18:45,84,51,33,0,0,0
2021-08-06 19:00,68,40,28,0,0,0
2021-08-06 19:15,89,50,39,0,0,0
2021-08-06 19:30,74,48,26,0,0,0
2021-08-06 19:45,93,60,33,0,0,0
2021-08-06 20:00,73,44,29,0,0,0
2021-08-06 20:15,72,37,35,0,0,0
2021-08-06 20:30,50,29,21,0,0,0
2021-08-06 20:45,44,19,25,0,0,0
2021-08-06 21:00,36,24,12,0,0,0
2021-08-06 21:15,40,17,23,0,0,0
2021-08-06 21:30,40,18,22,0,0,0
2021-08-06 21:45,30,10,20,0,0,0
2021-08-06 22:00,34,30,4,0,0,0
2021-08-06 22:15,49,23,26,0,0,0
2021-08-06 22:30,50,33,17,0,0,0
2021-08-06 22:45,41,28,13,0,0,0
2021-08-06 23:00,28,16,12,0,0,0
2021-08-06 23:15,25,11,14,0,0,0
2021-08-06 23:30,28,13,15,0,0,0
2021-08-06 23:45,24,8,16,0,0,0
2021-08-07 00:00,31,24,7,0,0,0
2021-08-07 00:15,22,10,12,0,0,0
2021-08-07 00:30,22,13,9,0,0,0
2021-08-07 00:45,28,12,16,0,0,0
2021-08-07 01:00,18,9,9,0,0,0
2021-08-07 01:15,22,6,16,0,0,0
2021-08-07 01:30,14,9,5,0,0,0
2021-08-07 01:45,14,5,9,0,0,0
2021-08-07 02:00,11,4,7,0,0,0
2021-08-07 02:15,9,3,6,0,0,0
2021-08-07 02:30,22,8,14,0,0,0
2021-08-07 02:45,12,5,7,0,0,0
2021-08-07 03:00,4,2,2,0,0,0
2021-08-07 03:15,5,2,3,0,0,0
2021-08-07 03:30,7,4,3,0,0,0
2021-08-07 03:45,5,2,3,0,0,0
2021-08-07 04:00,7,1,6,0,0,0
2021-08-07 04:15,5,3,2,0,0,0
2021-08-07 04:30,2,2,0,0,0,0
2021-08-07 04:45,6,4,2,0,0,0
2021-08-07 05:00,1,1,0,0,0,0
2021-08-07 05:15,7,5,2,0,0,0
2021-08-07 05:30,11,7,4,0,0,0
2021-08-07 05:45,4,2,2,0,0,0
2021-08-07 06:00,9,7,2,0,0,0
2021-08-07 06:15,3,2,1,0,0,0
2021-08-07 06:30,8,3,5,0,0,0
2021-08-07 06:45,14,9,5,0,0,0
2021-08-07 07:00,8,5,3,0,0,0
2021-08-07 07:15,11,8,3,0,0,0
2021-08-07 07:30,28,23,5,0,0,0
2021-08-07 07:45,34,23,11,0,0,0
2021-08-07 08:00,29,21,8,0,0,0
2021-08-07 08:15,36,26,10,0,0,0
2021-08-07 08:30,44,28,16,0,0,0
2021-08-07 08:45,58,39,19,0,0,0
2021-08-07 09:00,65,39,26,0,0,0
2021-08-07 09:15,65,43,22,0,0,0
2021-08-07 09:30,69,58,11,0,0,0
2021-08-07 09:45,88,64,24,0,0,0
2021-08-07 10:00,75,51,24,0,0,0
2021-08-07 10:15,113,82,31,0,0,0
2021-08-07 10:30,122,81,41,0,0,0
2021-08-07 10:45,122,90,32,0,0,0
2021-08-07 11:00,99,68,31,0,0,0
2021-08-07 11:15,107,64,43,0,0,0
2021-08-07 11:30,118,85,33,0,0,0
2021-08-07 11:45,133,87,46,0,0,0
2021-08-07 12:00,142,96,46,0,0,0
2021-08-07 12:15,127,74,53,0,0,0
2021-08-07 12:30,133,89,44,0,0,0
2021-08-07 12:45,132,86,46,0,0,0
2021-08-07 13:00,145,105,40,0,0,0
2021-08-07 13:15,106,63,43,0,0,0
2021-08-07 13:30,151,93,58,0,0,0
2021-08-07 13:45,106,67,39,0,0,0
2021-08-07 14:00,121,71,50,0,0,0
2021-08-07 14:15,117,68,49,0,0,0
2021-08-07 14:30,100,61,39,0,0,0
2021-08-07 14:45,133,86,47,0,0,0
2021-08-07 15:00,88,44,44,0,0,0
2021-08-07 15:15,44,22,22,0,0,0
2021-08-07 15:30,91,48,43,0,0,0
2021-08-07 15:45,95,62,33,0,0,0
2021-08-07 16:00,102,64,38,0,0,0
2021-08-07 16:15,117,68,49,0,0,0
2021-08-07 16:30,88,52,36,0,0,0
2021-08-07 16:45,116,76,40,0,0,0
2021-08-07 17:00,86,49,37,0,0,0
2021-08-07 17:15,87,48,39,0,0,0
2021-08-07 17:30,96,61,35,0,0,0
2021-08-07 17:45,96,57,39,0,0,0
2021-08-07 18:00,90,55,35,0,0,0
2021-08-07 18:15,80,46,34,0,0,0
2021-08-07 18:30,90,45,45,0,0,0
2021-08-07 18:45,66,39,27,0,0,0
2021-08-07 19:00,77,53,24,0,0,0
2021-08-07 19:15,62,46,16,0,0,0
2021-08-07 19:30,73,43,30,0,0,0
2021-08-07 19:45,77,51,26,0,0,0
2021-08-07 20:00,67,45,22,0,0,0
2021-08-07 20:15,48,27,21,0,0,0
2021-08-07 20:30,45,28,17,0,0,0
2021-08-07 20:45,43,19,24,0,0,0
2021-08-07 21:00,50,24,26,0,0,0
2021-08-07 21:15,33,11,22,0,0,0
2021-08-07 21:30,25,11,14,0,0,0
2021-08-07 21:45,32,14,18,0,0,0
2021-08-07 22:00,38,17,21,0,0,0
2021-08-07 22:15,17,8,9,0,0,0
2021-08-07 22:30,27,12,15,0,0,0
2021-08-07 22:45,26,12,14,0,0,0
2021-08-07 23:00,29,21,8,0,0,0
2021-08-07 23:15,26,12,14,0,0,0
2021-08-07 23:30,41,22,19,0,0,0
2021-08-07 23:45,22,7,15,0,0,0
2021-08-08 00:00,31,21,10,0,0,0
2021-08-08 00:15,7,6,1,0,0,0
2021-08-08 00:30,24,15,9,0,0,0
2021-08-08 00:45,23,19,4,0,0,0
2021-08-08 01:00,12,9,3,0,0,0
2021-08-08 01:15,16,9,7,0,0,0
2021-08-08 01:30,16,8,8,0,0,0
2021-08-08 01:45,20,12,8,0,0,0
2021-08-08 02:00,18,8,10,0,0,0
2021-08-08 02:15,8,1,7,0,0,0
2021-08-08 02:30,5,2,3,0,0,0
2021-08-08 02:45,9,5,4,0,0,0
2021-08-08 03:00,11,7,4,0,0,0
2021-08-08 03:15,8,4,4,0,0,0
2021-08-08 03:30,7,2,5,0,0,0
2021-08-08 03:45,11,7,4,0,0,0
2021-08-08 04:00,5,4,1,0,0,0
2021-08-08 04:15,3,2,1,0,0,0
2021-08-08 04:30,4,3,1,0,0,0
2021-08-08 04:45,5,3,2,0,0,0
2021-08-08 05:00,5,2,3,0,0,0
2021-08-08 05:15,3,2,1,0,0,0
2021-08-08 05:30,10,5,5,0,0,0
2021-08-08 05:45,8,4,4,0,0,0
2021-08-08 06:00,7,6,1,0,0,0
2021-08-08 06:15,6,4,2,0,0,0
2021-08-08 06:30,5,3,2,0,0,0
2021-08-08 06:45,1,0,1,0,0,0
2021-08-08 07:00,3,1,2,0,0,0
2021-08-08 07:15,7,3,4,0,0,0
2021-08-08 07:30,4,2,2,0,0,0
2021-08-08 07:45,5,3,2,0,0,0
2021-08-08 08:00,7,3,4,0,0,0
2021-08-08 08:15,13,7,6,0,0,0
2021-08-08 08:30,16,9,7,0,0,0
2021-08-08 08:45,24,15,9,0,0,0
2021-08-08 09:00,20,11,9,0,0,0
2021-08-08 09:15,29,6,23,0,0,0
2021-08-08 09:30,36,22,14,0,0,0
2021-08-08 09:45,31,20,11,0,0,0
2021-08-08 10:00,44,23,21,0,0,0
2021-08-08 10:15,35,24,11,0,0,0
2021-08-08 10:30,33,24,9,0,0,0
2021-08-08 10:45,41,29,12,0,0,0
2021-08-08 11:00,54,27,27,0,0,0
2021-08-08 11:15,27,19,8,0,0,0
2021-08-08 11:30,61,36,25,0,0,0
2021-08-08 11:45,51,29,22,0,0,0
2021-08-08 12:00,49,26,23,0,0,0
2021-08-08 12:15,51,32,19,0,0,0
2021-08-08 12:30,57,38,19,0,0,0
2021-08-08 12:45,45,23,22,0,0,0
2021-08-08 13:00,70,52,18,0,0,0
2021-08-08 13:15,50,28,22,0,0,0
2021-08-08 13:30,74,45,29,0,0,0
2021-08-08 13:45,88,63,25,0,0,0
2021-08-08 14:00,41,32,9,0,0,0
2021-08-08 14:15,66,44,22,0,0,0
2021-08-08 14:30,63,32,31,0,0,0
2021-08-08 14:45,79,63,16,0,0,0
2021-08-08 15:00,70,56,14,0,0,0
2021-08-08 15:15,65,41,24,0,0,0
2021-08-08 15:30,86,70,16,0,0,0
2021-08-08 15:45,47,30,17,0,0,0
2021-08-08 16:00,68,44,24,0,0,0
2021-08-08 16:15,67,44,23,0,0,0
2021-08-08 16:30,57,35,22,0,0,0
2021-08-08 16:45,52,27,25,0,0,0
2021-08-08 17:00,64,40,24,0,0,0
2021-08-08 17:15,98,67,31,0,0,0
2021-08-08 17:30,75,46,29,0,0,0
2021-08-08 17:45,75,44,31,0,0,0
2021-08-08 18:00,60,30,30,0,0,0
2021-08-08 18:15,68,38,30,0,0,0
2021-08-08 18:30,74,48,26,0,0,0
2021-08-08 18:45,52,33,19,0,0,0
2021-08-08 19:00,25,7,18,0,0,0
2021-08-08 19:15,32,24,8,0,0,0
2021-08-08 19:30,39,23,16,0,0,0
2021-08-08 19:45,44,31,13,0,0,0
2021-08-08 20:00,51,32,19,0,0,0
2021-08-08 20:15,36,19,17,0,0,0
2021-08-08 20:30,20,7,13,0,0,0
2021-08-08 20:45,29,16,13,0,0,0
2021-08-08 21:00,25,17,8,0,0,0
2021-08-08 21:15,27,17,10,0,0,0
2021-08-08 21:30,27,15,12,0,0,0
2021-08-08 21:45,28,17,11,0,0,0
2021-08-08 22:00,12,3,9,0,0,0
2021-08-08 22:15,24,13,11,0,0,0
2021-08-08 22:30,22,9,13,0,0,0
2021-08-08 22:45,10,3,7,0,0,0
2021-08-08 23:00,4,1,3,0,0,0
2021-08-08 23:15,9,5,4,0,0,0
2021-08-08 23:30,2,2,0,0,0,0
2021-08-08 23:45,6,4,2,0,0,0
2021-08-09 00:00,8,4,4,0,0,0
2021-08-09 00:15,3,3,0,0,0,0
2021-08-09 00:30,4,3,1,0,0,0
2021-08-09 00:45,1,0,1,0,0,0
2021-08-09 01:00,2,0,2,0,0,0
2021-08-09 01:15,4,4,0,0,0,0
2021-08-09 01:30,4,3,1,0,0,0
2021-08-09 01:45,5,1,4,0,0,0
2021-08-09 02:00,6,6,0,0,0,0
2021-08-09 02:15,0,0,0,0,0,0
2021-08-09 02:30,4,2,2,0,0,0
2021-08-09 02:45,0,0,0,0,0,0
2021-08-09 03:00,0,0,0,0,0,0
2021-08-09 03:15,2,2,0,0,0,0
2021-08-09 03:30,0,0,0,0,0,0
2021-08-09 03:45,1,0,1,0,0,0
2021-08-09 04:00,0,0,0,0,0,0
2021-08-09 04:15,1,1,0,0,0,0
2021-08-09 04:30,1,0,1,0,0,0
2021-08-09 04:45,1,1,0,0,0,0
2021-08-09 05:00,1,1,0,0,0,0
2021-08-09 05:15,5,4,1,0,0,0
2021-08-09 05:30,12,8,4,0,0,0
2021-08-09 05:45,17,3,14,0,0,0
2021-08-09 06:00,22,16,6,0,0,0
2021-08-09 06:15,24,15,9,0,0,0
2021-08-09 06:30,40,22,18,0,0,0
2021-08-09 06:45,61,38,23,0,0,0
2021-08-09 07:00,67,41,26,0,0,0
2021-08-09 07:15,81,36,45,0,0,0
2021-08-09 07:30,110,81,29,0,0,0
2021-08-09 07:45,127,83,44,0,0,0
2021-08-09 08:00,90,59,31,0,0,0
2021-08-09 08:15,96,63,33,0,0,0
2021-08-09 08:30,94,72,22,0,0,0
2021-08-09 08:45,127,95,32,0,0,0
2021-08-09 09:00,94,68,26,0,0,0
2021-08-09 09:15,84,58,26,0,0,0
2021-08-09 09:30,84,59,25,0,0,0
2021-08-09 09:45,81,52,29,0,0,0
2021-08-09 10:00,66,38,28,0,0,0
2021-08-09 10:15,70,47,23,0,0,0
2021-08-09 10:30,55,33,22,0,0,0
2021-08-09 10:45,86,67,19,0,0,0
2021-08-09 11:00,71,43,28,0,0,0
2021-08-09 11:15,85,56,29,0,0,0
2021-08-09 11:30,88,54,34,0,0,0
2021-08-09 11:45,109,77,32,0,0,0
2021-08-09 12:00,94,50,44,0,0,0
2021-08-09 12:15,103,58,45,0,0,0
2021-08-09 12:30,109,69,40,0,0,0
2021-08-09 12:45,105,75,30,0,0,0
2021-08-09 13:00,84,53,31,0,0,0
2021-08-09 13:15,100,57,43,0,0,0
2021-08-09 13:30,100,57,43,0,0,0
2021-08-09 13:45,111,65,46,0,0,0
2021-08-09 14:00,87,64,23,0,0,0
2021-08-09 14:15,94,68,26,0,0,0
2021-08-09 14:30,114,76,38,0,0,0
2021-08-09 14:45,128,87,41,0,0,0
2021-08-09 15:00,116,76,40,0,0,0
2021-08-09 15:15,117,79,38,0,0,0
2021-08-09 15:30,114,77,37,0,0,0
2021-08-09 15:45,124,71,53,0,0,0
2021-08-09 16:00,149,102,47,0,0,0
2021-08-09 16:15,139,94,45,0,0,0
2021-08-09 16:30,147,89,58,0,0,0
2021-08-09 16:45,168,107,61,0,0,0
2021-08-09 17:00,168,96,72,0,0,0
2021-08-09 17:15,154,88,66,0,0,0
2021-08-09 17:30,115,60,55,0,0,0
2021-08-09 17:45,144,82,62,0,0,0
2021-08-09 18:00,127,66,61,0,0,0
2021-08-09 18:15,119,60,59,0,0,0
2021-08-09 18:30,108,49,59,0,0,0
2021-08-09 18:45,131,66,65,0,0,0
2021-08-09 19:00,89,47,42,0,0,0
2021-08-09 19:15,74,42,32,0,0,0
2021-08-09 19:30,100,50,50,0,0,0
2021-08-09 19:45,81,52,29,0,0,0
2021-08-09 20:00,72,33,39,0,0,0
2021-08-09 20:15,57,31,26,0,0,0
2021-08-09 20:30,41,27,14,0,0,0
2021-08-09 20:45,39,12,27,0,0,0
2021-08-09 21:00,32,14,18,0,0,0
2021-08-09 21:15,39,20,19,0,0,0
2021-08-09 21:30,44,28,16,0,0,0
2021-08-09 21:45,44,14,30,0,0,0
2021-08-09 22:00,31,20,11,0,0,0
2021-08-09 22:15,34,25,9,0,0,0
2021-08-09 22:30,16,6,10,0,0,0
2021-08-09 22:45,22,8,14,0,0,0
2021-08-09 23:00,24,13,11,0,0,0
2021-08-09 23:15,15,10,5,0,0,0
2021-08-09 23:30,23,10,13,0,0,0
2021-08-09 23:45,15,6,9,0,0,0
2021-08-10 00:00,9,4,5,0,0,0
2021-08-10 00:15,5,1,4,0,0,0
2021-08-10 00:30,17,6,11,0,0,0
2021-08-10 00:45,9,2,7,0,0,0
2021-08-10 01:00,6,2,4,0,0,0
2021-08-10 01:15,5,2,3,0,0,0
2021-08-10 01:30,8,5,3,0,0,0
2021-08-10 01:45,3,1,2,0,0,0
2021-08-10 02:00,4,3,1,0,0,0
2021-08-10 02:15,0,0,0,0,0,0
2021-08-10 02:30,4,2,2,0,0,0
2021-08-10 02:45,2,0,2,0,0,0
2021-08-10 03:00,1,0,1,0,0,0
2021-08-10 03:15,2,2,0,0,0,0
2021-08-10 03:30,1,0,1,0,0,0
2021-08-10 03:45,0,0,0,0,0,0
2021-08-10 04:00,1,1,0,0,0,0
2021-08-10 04:15,5,0,5,0,0,0
2021-08-10 04:30,0,0,0,0,0,0
2021-08-10 04:45,2,2,0,0,0,0
2021-08-10 05:00,1,0,1,0,0,0
2021-08-10 05:15,6,6,0,0,0,0
2021-08-10 05:30,18,10,8,0,0,0
2021-08-10 05:45,17,8,9,0,0,0
2021-08-10 06:00,22,17,5,0,0,0
2021-08-10 06:15,22,10,12,0,0,0
2021-08-10 06:30,32,20,12,0,0,0
2021-08-10 06:45,51,31,20,0,0,0
2021-08-10 07:00,82,49,33,0,0,0
2021-08-10 07:15,80,55,25,0,0,0
2021-08-10 07:30,98,67,31,0,0,0
2021-08-10 07:45,141,93,48,0,0,0
2021-08-10 08:00,105,73,32,0,0,0
2021-08-10 08:15,116,87,29,0,0,0
2021-08-10 08:30,101,75,26,0,0,0
2021-08-10 08:45,115,83,32,0,0,0
2021-08-10 09:00,103,71,32,0,0,0
2021-08-10 09:15,103,75,28,0,0,0
2021-08-10 09:30,93,65,28,0,0,0
2021-08-10 09:45,113,77,36,0,0,0
2021-08-10 10:00,89,62,27,0,0,0
2021-08-10 10:15,98,57,41,0,0,0
2021-08-10 10:30,123,86,37,0,0,0
2021-08-10 10:45,103,71,32,0,0,0
2021-08-10 11:00,102,74,28,0,0,0
2021-08-10 11:15,99,56,43,0,0,0
2021-08-10 11:30,104,69,35,0,0,0
2021-08-10 11:45,109,69,40,0,0,0
2021-08-10 12:00,122,65,57,0,0,0
2021-08-10 12:15,105,66,39,0,0,0
2021-08-10 12:30,105,71,34,0,0,0
2021-08-10 12:45,93,50,43,0,0,0
2021-08-10 13:00,101,59,42,0,0,0
2021-08-10 13:15,98,61,37,0,0,0
2021-08-10 13:30,104,67,37,0,0,0
2021-08-10 13:45,154,91,63,0,0,0
2021-08-10 14:00,106,62,44,0,0,0
2021-08-10 14:15,105,70,35,0,0,0
2021-08-10 14:30,136,93,43,0,0,0
2021-08-10 14:45,144,89,55,0,0,0
2021-08-10 15:00,120,72,48,0,0,0
2021-08-10 15:15,139,83,56,0,0,0
2021-08-10 15:30,133,91,42,0,0,0
2021-08-10 15:45,162,101,61,0,0,0
2021-08-10 16:00,149,106,43,0,0,0
2021-08-10 16:15,155,102,53,0,0,0
2021-08-10 16:30,163,96,67,0,0,0
2021-08-10 16:45,155,96,59,0,0,0
2021-08-10 17:00,128,67,61,0,0,0
2021-08-10 17:15,144,89,55,0,0,0
2021-08-10 17:30,113,51,62,0,0,0
2021-08-10 17:45,133,66,67,0,0,0
2021-08-10 18:00,118,63,55,0,0,0
2021-08-10 18:15,117,72,45,0,0,0
2021-08-10 18:30,112,55,57,0,0,0
2021-08-10 18:45,112,66,46,0,0,0
2021-08-10 19:00,91,43,48,0,0,0
2021-08-10 19:15,92,48,44,0,0,0
2021-08-10 19:30,79,46,33,0,0,0
2021-08-10 19:45,68,40,28,0,0,0
2021-08-10 20:00,74,36,38,0,0,0
2021-08-10 20:15,38,19,19,0,0,0
2021-08-10 20:30,64,42,22,0,0,0
2021-08-10 20:45,47,19,28,0,0,0
2021-08-10 21:00,43,18,25,0,0,0
2021-08-10 21:15,35,16,19,0,0,0
2021-08-10 21:30,49,33,16,0,0,0
2021-08-10 21:45,39,20,19,0,0,0
2021-08-10 22:00,26,5,21,0,0,0
2021-08-10 22:15,39,24,15,0,0,0
2021-08-10 22:30,31,14,17,0,0,0
2021-08-10 22:45,24,15,9,0,0,0
2021-08-10 23:00,33,9,24,0,0,0
2021-08-10 23:15,33,19,14,0,0,0
2021-08-10 23:30,26,9,17,0,0,0
2021-08-10 23:45,17,11,6,0,0,0
2021-08-11 00:00,9,5,4,0,0,0
2021-08-11 00:15,6,1,5,0,0,0
2021-08-11 00:30,13,6,7,0,0,0
2021-08-11 00:45,9,6,3,0,0,0
2021-08-11 01:00,7,3,4,0,0,0
2021-08-11 01:15,6,1,5,0,0,0
2021-08-11 01:30,6,1,5,0,0,0
2021-08-11 01:45,5,2,3,0,0,0
2021-08-11 02:00,4,1,3,0,0,0
2021-08-11 02:15,5,1,4,0,0,0
2021-08-11 02:30,6,3,3,0,0,0
2021-08-11 02:45,1,0,1,0,0,0
2021-08-11 03:00,3,1,2,0,0,0
2021-08-11 03:15,1,0,1,0,0,0
2021-08-11 03:30,5,3,2,0,0,0
2021-08-11 03:45,4,3,1,0,0,0
2021-08-11 04:00,0,0,0,0,0,0
2021-08-11 04:15,3,2,1,0,0,0
2021-08-11 04:30,2,2,0,0,0,0
2021-08-11 04:45,2,1,1,0,0,0
2021-08-11 05:00,3,2,1,0,0,0
2021-08-11 05:15,7,5,2,0,0,0
2021-08-11 05:30,16,11,5,0,0,0
2021-08-11 05:45,23,9,14,0,0,0
2021-08-11 06:00,27,17,10,0,0,0
2021-08-11 06:15,25,14,11,0,0,0
2021-08-11 06:30,42,28,14,0,0,0
2021-08-11 06:45,70,46,24,0,0,0
2021-08-11 07:00,84,53,31,0,0,0
2021-08-11 07:15,107,62,45,0,0,0
2021-08-11 07:30,117,82,35,0,0,0
2021-08-11 07:45,147,97,50,0,0,0
2021-08-11 08:00,98,71,27,0,0,0
2021-08-11 08:15,106,70,36,0,0,0
2021-08-11 08:30,121,79,42,0,0,0
2021-08-11 08:45,150,111,39,0,0,0
2021-08-11 09:00,96,78,18,0,0,0
2021-08-11 09:15,114,75,39,0,0,0
2021-08-11 09:30,130,94,36,0,0,0
2021-08-11 09:45,134,104,30,0,0,0
2021-08-11 10:00,128,101,27,0,0,0
2021-08-11 10:15,144,112,32,0,0,0
2021-08-11 10:30,123,83,40,0,0,0
2021-08-11 10:45,139,100,39,0,0,0
2021-08-11 11:00,119,86,33,0,0,0
2021-08-11 11:15,140,81,59,0,0,0
2021-08-11 11:30,139,75,64,0,0,0
2021-08-11 11:45,163,102,61,0,0,0
2021-08-11 12:00,168,103,65,0,0,0
2021-08-11 12:15,164,103,61,0,0,0
2021-08-11 12:30,171,89,82,0,0,0
2021-08-11 12:45,152,104,48,0,0,0
2021-08-11 13:00,127,72,55,0,0,0
2021-08-11 13:15,160,92,68,0,0,0
2021-08-11 13:30,130,64,66,0,0,0
2021-08-11 13:45,180,115,65,0,0,0
2021-08-11 14:00,136,84,52,0,0,0
2021-08-11 14:15,134,78,56,0,0,0
2021-08-11 14:30,147,87,60,0,0,0
2021-08-11 14:45,174,106,68,0,0,0
2021-08-11 15:00,135,85,50,0,0,0
2021-08-11 15:15,178,101,77,0,0,0
2021-08-11 15:30,163,102,61,0,0,0
2021-08-11 15:45,173,115,58,0,0,0
2021-08-11 16:00,148,95,53,0,0,0
2021-08-11 16:15,164,103,61,0,0,0
2021-08-11 16:30,151,104,47,0,0,0
2021-08-11 16:45,168,105,63,0,0,0
2021-08-11 17:00,181,94,87,0,0,0
2021-08-11 17:15,165,87,78,0,0,0
2021-08-11 17:30,172,98,74,0,0,0
2021-08-11 17:45,185,109,76,0,0,0
2021-08-11 18:00,160,94,66,0,0,0
2021-08-11 18:15,150,92,58,0,0,0
2021-08-11 18:30,117,62,55,0,0,0
2021-08-11 18:45,152,94,58,0,0,0
2021-08-11 19:00,132,79,53,0,0,0
2021-08-11 19:15,100,53,47,0,0,0
2021-08-11 19:30,101,63,38,0,0,0
2021-08-11 19:45,96,55,41,0,0,0
2021-08-11 20:00,85,44,41,0,0,0
2021-08-11 20:15,104,68,36,0,0,0
2021-08-11 20:30,57,38,19,0,0,0
2021-08-11 20:45,57,38,19,0,0,0
2021-08-11 21:00,58,36,22,0,0,0
2021-08-11 21:15,59,26,33,0,0,0
2021-08-11 21:30,51,26,25,0,0,0
2021-08-11 21:45,56,31,25,0,0,0
2021-08-11 22:00,41,19,22,0,0,0
2021-08-11 22:15,70,37,33,0,0,0
2021-08-11 22:30,43,30,13,0,0,0
2021-08-11 22:45,38,17,21,0,0,0
2021-08-11 23:00,21,9,12,0,0,0
2021-08-11 23:15,28,12,16,0,0,0
2021-08-11 23:30,19,10,9,0,0,0
2021-08-11 23:45,26,14,12,0,0,0
2021-08-12 00:00,26,10,16,0,0,0
2021-08-12 00:15,21,3,18,0,0,0
2021-08-12 00:30,13,6,7,0,0,0
2021-08-12 00:45,19,11,8,0,0,0
2021-08-12 01:00,9,2,7,0,0,0
2021-08-12 01:15,13,2,11,0,0,0
2021-08-12 01:30,8,2,6,0,0,0
2021-08-12 01:45,5,3,2,0,0,0
2021-08-12 02:00,5,1,4,0,0,0
2021-08-12 02:15,7,1,6,0,0,0
2021-08-12 02:30,5,2,3,0,0,0
2021-08-12 02:45,3,0,3,0,0,0
2021-08-12 03:00,5,4,1,0,0,0
2021-08-12 03:15,3,1,2,0,0,0
2021-08-12 03:30,8,4,4,0,0,0
2021-08-12 03:45,3,3,0,0,0,0
2021-08-12 04:00,3,0,3,0,0,0
2021-08-12 04:15,4,1,3,0,0,0
2021-08-12 04:30,0,0,0,0,0,0
2021-08-12 04:45,7,3,4,0,0,0
2021-08-12 05:00,1,0,1,0,0,0
2021-08-12 05:15,7,6,1,0,0,0
2021-08-12 05:30,12,8,4,0,0,0
2021-08-12 05:45,22,5,17,0,0,0
2021-08-12 06:00,24,15,9,0,0,0
2021-08-12 06:15,32,18,14,0,0,0
2021-08-12 06:30,49,29,20,0,0,0
2021-08-12 06:45,53,33,20,0,0,0
2021-08-12 07:00,73,52,21,0,0,0
2021-08-12 07:15,87,52,35,0,0,0
2021-08-12 07:30,112,76,36,0,0,0
2021-08-12 07:45,146,91,55,0,0,0
2021-08-12 08:00,108,79,29,0,0,0
2021-08-12 08:15,139,84,55,0,0,0
2021-08-12 08:30,118,83,35,0,0,0
2021-08-12 08:45,159,116,43,0,0,0
2021-08-12 09:00,104,75,29,0,0,0
2021-08-12 09:15,101,69,32,0,0,0
2021-08-12 09:30,122,99,23,0,0,0
2021-08-12 09:45,145,100,45,0,0,0
2021-08-12 10:00,101,78,23,0,0,0
2021-08-12 10:15,97,67,30,0,0,0
2021-08-12 10:30,118,74,44,0,0,0
2021-08-12 10:45,118,71,47,0,0,0
2021-08-12 11:00,104,66,38,0,0,0
2021-08-12 11:15,88,51,37,0,0,0
2021-08-12 11:30,123,76,47,0,0,0
2021-08-12 11:45,114,72,42,0,0,0
2021-08-12 12:00,103,65,38,0,0,0
2021-08-12 12:15,130,69,61,0,0,0
2021-08-12 12:30,133,65,68,0,0,0
2021-08-12 12:45,147,84,63,0,0,0
2021-08-12 13:00,103,59,44,0,0,0
2021-08-12 13:15,98,65,33,0,0,0
2021-08-12 13:30,111,61,50,0,0,0
2021-08-12 13:45,134,91,43,0,0,0
2021-08-12 14:00,110,74,36,0,0,0
2021-08-12 14:15,125,83,42,0,0,0
2021-08-12 14:30,137,80,57,0,0,0
2021-08-12 14:45,134,76,58,0,0,0
2021-08-12 15:00,151,104,47,0,0,0
2021-08-12 15:15,182,123,59,0,0,0
2021-08-12 15:30,149,101,48,0,0,0
2021-08-12 15:45,180,116,64,0,0,0
2021-08-12 16:00,169,103,66,0,0,0
2021-08-12 16:15,183,107,76,0,0,0
2021-08-12 16:30,182,100,82,0,0,0
2021-08-12 16:45,166,99,67,0,0,0
2021-08-12 17:00,170,95,75,0,0,0
2021-08-12 17:15,146,83,63,0,0,0
2021-08-12 17:30,136,80,56,0,0,0
2021-08-12 17:45,145,80,65,0,0,0
2021-08-12 18:00,170,97,73,0,0,0
2021-08-12 18:15,144,84,60,0,0,0
2021-08-12 18:30,129,81,48,0,0,0
2021-08-12 18:45,147,88,59,0,0,0
2021-08-12 19:00,119,74,45,0,0,0
2021-08-12 19:15,113,76,37,0,0,0
2021-08-12 19:30,102,54,48,0,0,0
2021-08-12 19:45,107,67,40,0,0,0
2021-08-12 20:00,112,61,51,0,0,0
2021-08-12 20:15,81,44,37,0,0,0
2021-08-12 20:30,59,38,21,0,0,0
2021-08-12 20:45,45,28,17,0,0,0
2021-08-12 21:00,58,24,34,0,0,0
2021-08-12 21:15,46,21,25,0,0,0
2021-08-12 21:30,51,25,26,0,0,0
2021-08-12 21:45,55,28,27,0,0,0
2021-08-12 22:00,46,20,26,0,0,0
2021-08-12 22:15,51,29,22,0,0,0
2021-08-12 22:30,42,20,22,0,0,0
2021-08-12 22:45,60,40,20,0,0,0
2021-08-12 23:00,33,18,15,0,0,0
2021-08-12 23:15,22,6,16,0,0,0
2021-08-12 23:30,26,11,15,0,0,0
2021-08-12 23:45,18,6,12,0,0,0
2021-08-13 00:00,20,8,12,0,0,0
2021-08-13 00:15,14,10,4,0,0,0
2021-08-13 00:30,5,1,4,0,0,0
2021-08-13 00:45,9,5,4,0,0,0
2021-08-13 01:00,5,4,1,0,0,0
2021-08-13 01:15,6,2,4,0,0,0
2021-08-13 01:30,7,1,6,0,0,0
2021-08-13 01:45,6,1,5,0,0,0
2021-08-13 02:00,1,0,1,0,0,0
2021-08-13 02:15,6,3,3,0,0,0
2021-08-13 02:30,2,1,1,0,0,0
2021-08-13 02:45,2,2,0,0,0,0
2021-08-13 03:00,4,0,4,0,0,0
2021-08-13 03:15,2,1,1,0,0,0
2021-08-13 03:30,2,0,2,0,0,0
2021-08-13 03:45,2,2,0,0,0,0
2021-08-13 04:00,0,0,0,0,0,0
2021-08-13 04:15,0,0,0,0,0,0
2021-08-13 04:30,3,3,0,0,0,0
2021-08-13 04:45,4,1,3,0,0,0
2021-08-13 05:00,4,3,1,0,0,0
2021-08-13 05:15,4,3,1,0,0,0
2021-08-13 05:30,12,8,4,0,0,0
2021-08-13 05:45,17,6,11,0,0,0
2021-08-13 06:00,19,16,3,0,0,0
2021-08-13 06:15,22,10,12,0,0,0
2021-08-13 06:30,42,24,18,0,0,0
2021-08-13 06:45,54,30,24,0,0,0
2021-08-13 07:00,66,37,29,0,0,0
2021-08-13 07:15,96,58,38,0,0,0
2021-08-13 07:30,126,86,40,0,0,0
2021-08-13 07:45,142,91,51,0,0,0
2021-08-13 08:00,90,67,23,0,0,0
2021-08-13 08:15,106,76,30,0,0,0
2021-08-13 08:30,107,79,28,0,0,0
2021-08-13 08:45,135,104,31,0,0,0
2021-08-13 09:00,84,55,29,0,0,0
2021-08-13 09:15,97,67,30,0,0,0
2021-08-13 09:30,87,58,29,0,0,0
2021-08-13 09:45,141,114,27,0,0,0
2021-08-13 10:00,98,70,28,0,0,0
2021-08-13 10:15,109,69,40,0,0,0
2021-08-13 10:30,115,69,46,0,0,0
2021-08-13 10:45,116,78,38,0,0,0
2021-08-13 11:00,88,68,20,0,0,0
2021-08-13 11:15,110,81,29,0,0,0
2021-08-13 11:30,114,72,42,0,0,0
2021-08-13 11:45,122,76,46,0,0,0
2021-08-13 12:00,121,81,40,0,0,0
2021-08-13 12:15,134,101,33,0,0,0
2021-08-13 12:30,106,58,48,0,0,0
2021-08-13 12:45,148,90,58,0,0,0
2021-08-13 13:00,120,64,56,0,0,0
2021-08-13 13:15,136,83,53,0,0,0
2021-08-13 13:30,115,67,48,0,0,0
2021-08-13 13:45,138,74,64,0,0,0
2021-08-13 14:00,113,73,40,0,0,0
2021-08-13 14:15,151,100,51,0,0,0
2021-08-13 14:30,124,73,51,0,0,0
2021-08-13 14:45,152,87,65,0,0,0
2021-08-13 15:00,135,83,52,0,0,0
2021-08-13 15:15,146,91,55,0,0,0
2021-08-13 15:30,153,100,53,0,0,0
2021-08-13 15:45,128,77,51,0,0,0
2021-08-13 16:00,168,97,71,0,0,0
2021-08-13 16:15,172,104,68,0,0,0
2021-08-13 16:30,142,93,49,0,0,0
2021-08-13 16:45,134,81,53,0,0,0
2021-08-13 17:00,146,104,42,0,0,0
2021-08-13 17:15,146,95,51,0,0,0
2021-08-13 17:30,144,87,57,0,0,0
2021-08-13 17:45,190,137,53,0,0,0
2021-08-13 18:00,125,63,62,0,0,0
2021-08-13 18:15,126,67,59,0,0,0
2021-08-13 18:30,134,75,59,0,0,0
2021-08-13 18:45,135,79,56,0,0,0
2021-08-13 19:00,89,53,36,0,0,0
2021-08-13 19:15,88,62,26,0,0,0
2021-08-13 19:30,81,54,27,0,0,0
2021-08-13 19:45,87,56,31,0,0,0
2021-08-13 20:00,94,49,45,0,0,0
2021-08-13 20:15,79,52,27,0,0,0
2021-08-13 20:30,70,44,26,0,0,0
2021-08-13 20:45,69,44,25,0,0,0
2021-08-13 21:00,65,45,20,0,0,0
2021-08-13 21:15,54,30,24,0,0,0
2021-08-13 21:30,48,33,15,0,0,0
2021-08-13 21:45,39,25,14,0,0,0
2021-08-13 22:00,41,20,21,0,0,0
2021-08-13 22:15,36,19,17,0,0,0
2021-08-13 22:30,36,17,19,0,0,0
2021-08-13 22:45,56,34,22,0,0,0
2021-08-13 23:00,57,24,33,0,0,0
2021-08-13 23:15,42,21,21,0,0,0
2021-08-13 23:30,49,27,22,0,0,0
2021-08-13 23:45,29,16,13,0,0,0
2021-08-14 00:00,35,12,23,0,0,0
2021-08-14 00:15,37,19,18,0,0,0
2021-08-14 00:30,21,10,11,0,0,0
2021-08-14 00:45,12,6,6,0,0,0
2021-08-14 01:00,15,3,12,0,0,0
2021-08-14 01:15,13,5,8,0,0,0
2021-08-14 01:30,13,5,8,0,0,0
2021-08-14 01:45,5,1,4,0,0,0
2021-08-14 02:00,13,4,9,0,0,0
2021-08-14 02:15,15,6,9,0,0,0
2021-08-14 02:30,18,13,5,0,0,0
2021-08-14 02:45,19,10,9,0,0,0
2021-08-14 03:00,10,5,5,0,0,0
2021-08-14 03:15,6,1,5,0,0,0
2021-08-14 03:30,8,6,2,0,0,0
2021-08-14 03:45,7,1,6,0,0,0
2021-08-14 04:00,4,2,2,0,0,0
2021-08-14 04:15,4,1,3,0,0,0
2021-08-14 04:30,4,1,3,0,0,0
2021-08-14 04:45,3,1,2,0,0,0
2021-08-14 05:00,3,1,2,0,0,0
2021-08-14 05:15,3,3,0,0,0,0
2021-08-14 05:30,11,8,3,0,0,0
2021-08-14 05:45,9,6,3,0,0,0
2021-08-14 06:00,7,2,5,0,0,0
2021-08-14 06:15,5,2,3,0,0,0
2021-08-14 06:30,3,2,1,0,0,0
2021-08-14 06:45,11,8,3,0,0,0
2021-08-14 07:00,13,11,2,0,0,0
2021-08-14 07:15,18,13,5,0,0,0
2021-08-14 07:30,18,10,8,0,0,0
2021-08-14 07:45,35,23,12,0,0,0
2021-08-14 08:00,30,23,7,0,0,0
2021-08-14 08:15,41,35,6,0,0,0
2021-08-14 08:30,52,45,7,0,0,0
2021-08-14 08:45,74,52,22,0,0,0
2021-08-14 09:00,83,63,20,0,0,0
2021-08-14 09:15,81,52,29,0,0,0
2021-08-14 09:30,131,103,28,0,0,0
2021-08-14 09:45,119,90,29,0,0,0
2021-08-14 10:00,123,82,41,0,0,0
2021-08-14 10:15,160,109,51,0,0,0
2021-08-14 10:30,168,119,49,0,0,0
2021-08-14 10:45,175,124,51,0,0,0
2021-08-14 11:00,149,106,43,0,0,0
2021-08-14 11:15,172,94,78,0,0,0
2021-08-14 11:30,159,103,56,0,0,0
2021-08-14 11:45,177,108,69,0,0,0
2021-08-14 12:00,157,99,58,0,0,0
2021-08-14 12:15,181,126,55,0,0,0
2021-08-14 12:30,170,107,63,0,0,0
2021-08-14 12:45,156,88,68,0,0,0
2021-08-14 13:00,160,93,67,0,0,0
2021-08-14 13:15,131,60,71,0,0,0
2021-08-14 13:30,139,83,56,0,0,0
2021-08-14 13:45,144,79,65,0,0,0
2021-08-14 14:00,130,68,62,0,0,0
2021-08-14 14:15,122,80,42,0,0,0
2021-08-14 14:30,132,76,56,0,0,0
2021-08-14 14:45,125,70,55,0,0,0
2021-08-14 15:00,97,54,43,0,0,0
2021-08-14 15:15,155,104,51,0,0,0
2021-08-14 15:30,147,95,52,0,0,0
2021-08-14 15:45,134,75,59,0,0,0
2021-08-14 16:00,117,76,41,0,0,0
2021-08-14 16:15,94,58,36,0,0,0
2021-08-14 16:30,103,66,37,0,0,0
2021-08-14 16:45,113,74,39,0,0,0
2021-08-14 17:00,143,77,66,0,0,0
2021-08-14 17:15,108,69,39,0,0,0
2021-08-14 17:30,101,57,44,0,0,0
2021-08-14 17:45,120,90,30,0,0,0
2021-08-14 18:00,132,84,48,0,0,0
2021-08-14 18:15,106,63,43,0,0,0
2021-08-14 18:30,95,57,38,0,0,0
2021-08-14 18:45,120,71,49,0,0,0
2021-08-14 19:00,88,56,32,0,0,0
2021-08-14 19:15,74,48,26,0,0,0
2021-08-14 19:30,59,28,31,0,0,0
2021-08-14 19:45,100,69,31,0,0,0
2021-08-14 20:00,71,37,34,0,0,0
2021-08-14 20:15,50,35,15,0,0,0
2021-08-14 20:30,69,42,27,0,0,0
2021-08-14 20:45,53,27,26,0,0,0
2021-08-14 21:00,54,25,29,0,0,0
2021-08-14 21:15,36,21,15,0,0,0
2021-08-14 21:30,43,37,6,0,0,0
2021-08-14 21:45,32,17,15,0,0,0
2021-08-14 22:00,36,19,17,0,0,0
2021-08-14 22:15,43,23,20,0,0,0
2021-08-14 22:30,42,27,15,0,0,0
2021-08-14 22:45,47,30,17,0,0,0
2021-08-14 23:00,34,13,21,0,0,0
2021-08-14 23:15,35,18,17,0,0,0
2021-08-14 23:30,52,25,27,0,0,0
2021-08-14 23:45,34,22,12,0,0,0
2021-08-15 00:00,33,14,19,0,0,0
2021-08-15 00:15,30,13,17,0,0,0
2021-08-15 00:30,21,12,9,0,0,0
2021-08-15 00:45,32,20,12,0,0,0
2021-08-15 01:00,25,12,13,0,0,0
2021-08-15 01:15,28,6,22,0,0,0
2021-08-15 01:30,18,9,9,0,0,0
2021-08-15 01:45,19,8,11,0,0,0
2021-08-15 02:00,17,10,7,0,0,0
2021-08-15 02:15,13,7,6,0,0,0
2021-08-15 02:30,9,4,5,0,0,0
2021-08-15 02:45,6,2,4,0,0,0
2021-08-15 03:00,19,7,12,0,0,0
2021-08-15 03:15,11,7,4,0,0,0
2021-08-15 03:30,10,2,8,0,0,0
2021-08-15 03:45,5,2,3,0,0,0
2021-08-15 04:00,7,1,6,0,0,0
2021-08-15 04:15,9,4,5,0,0,0
2021-08-15 04:30,6,4,2,0,0,0
2021-08-15 04:45,7,6,1,0,0,0
2021-08-15 05:00,0,0,0,0,0,0
2021-08-15 05:15,3,0,3,0,0,0
2021-08-15 05:30,11,7,4,0,0,0
2021-08-15 05:45,10,4,6,0,0,0
2021-08-15 06:00,11,7,4,0,0,0
2021-08-15 06:15,5,3,2,0,0,0
2021-08-15 06:30,1,1,0,0,0,0
2021-08-15 06:45,7,6,1,0,0,0
2021-08-15 07:00,2,1,1,0,0,0
2021-08-15 07:15,5,3,2,0,0,0
2021-08-15 07:30,5,3,2,0,0,0
2021-08-15 07:45,14,9,5,0,0,0
2021-08-15 08:00,14,7,7,0,0,0
2021-08-15 08:15,18,11,7,0,0,0
2021-08-15 08:30,11,5,6,0,0,0
2021-08-15 08:45,22,13,9,0,0,0
2021-08-15 09:00,24,19,5,0,0,0
2021-08-15 09:15,19,13,6,0,0,0
2021-08-15 09:30,27,19,8,0,0,0
2021-08-15 09:45,41,32,9,0,0,0
2021-08-15 10:00,32,18,14,0,0,0
2021-08-15 10:15,46,29,17,0,0,0
2021-08-15 10:30,67,38,29,0,0,0
2021-08-15 10:45,58,37,21,0,0,0
2021-08-15 11:00,65,32,33,0,0,0
2021-08-15 11:15,74,50,24,0,0,0
2021-08-15 11:30,64,44,20,0,0,0
2021-08-15 11:45,77,51,26,0,0,0
2021-08-15 12:00,71,47,24,0,0,0
2021-08-15 12:15,74,37,37,0,0,0
2021-08-15 12:30,78,40,38,0,0,0
2021-08-15 12:45,73,39,34,0,0,0
2021-08-15 13:00,54,31,23,0,0,0
2021-08-15 13:15,70,39,31,0,0,0
2021-08-15 13:30,98,74,24,0,0,0
2021-08-15 13:45,99,75,24,0,0,0
2021-08-15 14:00,98,65,33,0,0,0
2021-08-15 14:15,88,54,34,0,0,0
2021-08-15 14:30,97,69,28,0,0,0
2021-08-15 14:45,98,57,41,0,0,0
2021-08-15 15:00,108,75,33,0,0,0
2021-08-15 15:15,93,68,25,0,0,0
2021-08-15 15:30,81,54,27,0,0,0
2021-08-15 15:45,87,62,25,0,0,0
2021-08-15 16:00,106,67,39,0,0,0
2021-08-15 16:15,83,52,31,0,0,0
2021-08-15 16:30,69,43,26,0,0,0
2021-08-15 16:45,82,53,29,0,0,0
2021-08-15 17:00,93,61,32,0,0,0
2021-08-15 17:15,80,49,31,0,0,0
2021-08-15 17:30,84,53,31,0,0,0
2021-08-15 17:45,95,63,32,0,0,0
2021-08-15 18:00,101,68,33,0,0,0
2021-08-15 18:15,74,53,21,0,0,0
2021-08-15 18:30,81,51,30,0,0,0
2021-08-15 18:45,77,52,25,0,0,0
2021-08-15 19:00,70,47,23,0,0,0
2021-08-15 19:15,64,52,12,0,0,0
2021-08-15 19:30,51,29,22,0,0,0
2021-08-15 19:45,68,40,28,0,0,0
2021-08-15 20:00,62,45,17,0,0,0
2021-08-15 20:15,51,31,20,0,0,0
2021-08-15 20:30,66,38,28,0,0,0
2021-08-15 20:45,45,32,13,0,0,0
2021-08-15 21:00,42,21,21,0,0,0
2021-08-15 21:15,52,34,18,0,0,0
2021-08-15 21:30,36,19,17,0,0,0
2021-08-15 21:45,33,15,18,0,0,0
2021-08-15 22:00,40,22,18,0,0,0
2021-08-15 22:15,16,6,10,0,0,0
2021-08-15 22:30,19,9,10,0,0,0
2021-08-15 22:45,14,6,8,0,0,0
2021-08-15 23:00,17,14,3,0,0,0
2021-08-15 23:15,17,8,9,0,0,0
2021-08-15 23:30,9,3,6,0,0,0
2021-08-15 23:45,15,8,7,0,0,0
2021-08-16 00:00,4,3,1,0,0,0
2021-08-16 00:15,9,7,2,0,0,0
2021-08-16 00:30,6,4,2,0,0,0
2021-08-16 00:45,9,4,5,0,0,0
2021-08-16 01:00,1,0,1,0,0,0
2021-08-16 01:15,3,1,2,0,0,0
2021-08-16 01:30,6,4,2,0,0,0
2021-08-16 01:45,8,7,1,0,0,0
2021-08-16 02:00,4,0,4,0,0,0
2021-08-16 02:15,2,0,2,0,0,0
2021-08-16 02:30,1,1,0,0,0,0
2021-08-16 02:45,2,0,2,0,0,0
2021-08-16 03:00,0,0,0,0,0,0
2021-08-16 03:15,1,0,1,0,0,0
2021-08-16 03:30,0,0,0,0,0,0
2021-08-16 03:45,0,0,0,0,0,0
2021-08-16 04:00,2,2,0,0,0,0
2021-08-16 04:15,0,0,0,0,0,0
2021-08-16 04:30,1,0,1,0,0,0
2021-08-16 04:45,4,3,1,0,0,0
2021-08-16 05:00,2,2,0,0,0,0
2021-08-16 05:15,5,2,3,0,0,0
2021-08-16 05:30,9,5,4,0,0,0
2021-08-16 05:45,16,6,10,0,0,0
2021-08-16 06:00,19,12,7,0,0,0
2021-08-16 06:15,28,18,10,0,0,0
2021-08-16 06:30,50,30,20,0,0,0
2021-08-16 06:45,62,41,21,0,0,0
2021-08-16 07:00,74,56,18,0,0,0
2021-08-16 07:15,80,44,36,0,0,0
2021-08-16 07:30,117,86,31,0,0,0
2021-08-16 07:45,163,112,51,0,0,0
2021-08-16 08:00,103,70,33,0,0,0
2021-08-16 08:15,130,95,35,0,0,0
2021-08-16 08:30,116,85,31,0,0,0
2021-08-16 08:45,141,101,40,0,0,0
2021-08-16 09:00,83,56,27,0,0,0
2021-08-16 09:15,88,71,17,0,0,0
2021-08-16 09:30,98,73,25,0,0,0
2021-08-16 09:45,103,70,33,0,0,0
2021-08-16 10:00,85,61,24,0,0,0
2021-08-16 10:15,82,63,19,0,0,0
2021-08-16 10:30,89,55,34,0,0,0
2021-08-16 10:45,79,49,30,0,0,0
2021-08-16 11:00,77,40,37,0,0,0
2021-08-16 11:15,65,34,31,0,0,0
2021-08-16 11:30,44,26,18,0,0,0
2021-08-16 11:45,59,36,23,0,0,0
2021-08-16 12:00,44,28,16,0,0,0
2021-08-16 12:15,39,22,17,0,0,0
2021-08-16 12:30,67,34,33,0,0,0
2021-08-16 12:45,63,39,24,0,0,0
2021-08-16 13:00,79,44,35,0,0,0
2021-08-16 13:15,81,50,31,0,0,0
2021-08-16 13:30,68,46,22,0,0,0
2021-08-16 13:45,96,53,43,0,0,0
2021-08-16 14:00,82,52,30,0,0,0
2021-08-16 14:15,107,67,40,0,0,0
2021-08-16 14:30,96,53,43,0,0,0
2021-08-16 14:45,104,60,44,0,0,0
2021-08-16 15:00,101,68,33,0,0,0
2021-08-16 15:15,83,45,38,0,0,0
2021-08-16 15:30,75,45,30,0,0,0
2021-08-16 15:45,117,75,42,0,0,0
2021-08-16 16:00,113,68,45,0,0,0
2021-08-16 16:15,101,59,42,0,0,0
2021-08-16 16:30,107,63,44,0,0,0
2021-08-16 16:45,155,89,66,0,0,0
2021-08-16 17:00,140,73,67,0,0,0
2021-08-16 17:15,123,67,56,0,0,0
2021-08-16 17:30,120,60,60,0,0,0
2021-08-16 17:45,121,69,52,0,0,0
2021-08-16 18:00,91,45,46,0,0,0
2021-08-16 18:15,93,48,45,0,0,0
2021-08-16 18:30,100,49,51,0,0,0
2021-08-16 18:45,76,41,35,0,0,0
2021-08-16 19:00,95,51,44,0,0,0
2021-08-16 19:15,69,32,37,0,0,0
2021-08-16 19:30,63,29,34,0,0,0
2021-08-16 19:45,49,32,17,0,0,0
2021-08-16 20:00,47,23,24,0,0,0
2021-08-16 20:15,45,21,24,0,0,0
2021-08-16 20:30,43,25,18,0,0,0
2021-08-16 20:45,33,20,13,0,0,0
2021-08-16 21:00,47,25,22,0,0,0
2021-08-16 21:15,28,17,11,0,0,0
2021-08-16 21:30,43,27,16,0,0,0
2021-08-16 21:45,22,13,9,0,0,0
2021-08-16 22:00,45,17,28,0,0,0
2021-08-16 22:15,33,22,11,0,0,0
2021-08-16 22:30,33,20,13,0,0,0
2021-08-16 22:45,22,12,10,0,0,0
2021-08-16 23:00,24,10,14,0,0,0
2021-08-16 23:15,20,8,12,0,0,0
2021-08-16 23:30,7,0,7,0,0,0
2021-08-16 23:45,10,5,5,0,0,0
2021-08-17 00:00,6,4,2,0,0,0
2021-08-17 00:15,4,1,3,0,0,0
2021-08-17 00:30,3,1,2,0,0,0
2021-08-17 00:45,6,2,4,0,0,0
2021-08-17 01:00,10,5,5,0,0,0
2021-08-17 01:15,4,2,2,0,0,0
2021-08-17 01:30,6,3,3,0,0,0
2021-08-17 01:45,4,1,3,0,0,0
2021-08-17 02:00,2,0,2,0,0,0
2021-08-17 02:15,5,1,4,0,0,0
2021-08-17 02:30,3,2,1,0,0,0
2021-08-17 02:45,0,0,0,0,0,0
2021-08-17 03:00,0,0,0,0,0,0
2021-08-17 03:15,9,4,5,0,0,0
2021-08-17 03:30,2,0,2,0,0,0
2021-08-17 03:45,0,0,0,0,0,0
2021-08-17 04:00,1,0,1,0,0,0
2021-08-17 04:15,5,0,5,0,0,0
2021-08-17 04:30,2,2,0,0,0,0
2021-08-17 04:45,2,2,0,0,0,0
2021-08-17 05:00,3,3,0,0,0,0
2021-08-17 05:15,5,3,2,0,0,0
2021-08-17 05:30,9,6,3,0,0,0
2021-08-17 05:45,24,8,16,0,0,0
2021-08-17 06:00,24,13,11,0,0,0
2021-08-17 06:15,26,17,9,0,0,0
2021-08-17 06:30,38,23,15,0,0,0
2021-08-17 06:45,69,48,21,0,0,0
2021-08-17 07:00,71,55,16,0,0,0
2021-08-17 07:15,88,50,38,0,0,0
2021-08-17 07:30,127,91,36,0,0,0
2021-08-17 07:45,166,106,60,0,0,0
2021-08-17 08:00,124,100,24,0,0,0
2021-08-17 08:15,133,98,35,0,0,0
2021-08-17 08:30,144,106,38,0,0,0
2021-08-17 08:45,154,112,42,0,0,0
2021-08-17 09:00,90,72,18,0,0,0
2021-08-17 09:15,121,91,30,0,0,0
2021-08-17 09:30,92,64,28,0,0,0
2021-08-17 09:45,111,78,33,0,0,0
2021-08-17 10:00,115,85,30,0,0,0
2021-08-17 10:15,99,74,25,0,0,0
2021-08-17 10:30,106,81,25,0,0,0
2021-08-17 10:45,104,64,40,0,0,0
2021-08-17 11:00,106,72,34,0,0,0
2021-08-17 11:15,119,87,32,0,0,0
2021-08-17 11:30,96,51,45,0,0,0
2021-08-17 11:45,112,54,58,0,0,0
2021-08-17 12:00,105,66,39,0,0,0
2021-08-17 12:15,117,68,49,0,0,0
2021-08-17 12:30,119,53,66,0,0,0
2021-08-17 12:45,121,75,46,0,0,0
2021-08-17 13:00,109,53,56,0,0,0
2021-08-17 13:15,129,70,59,0,0,0
2021-08-17 13:30,118,51,67,0,0,0
2021-08-17 13:45,112,70,42,0,0,0
2021-08-17 14:00,116,64,52,0,0,0
2021-08-17 14:15,133,81,52,0,0,0
2021-08-17 14:30,123,68,55,0,0,0
2021-08-17 14:45,109,58,51,0,0,0
2021-08-17 15:00,138,69,69,0,0,0
2021-08-17 15:15,127,69,58,0,0,0
2021-08-17 15:30,70,36,34,0,0,0
2021-08-17 15:45,108,68,40,0,0,0
2021-08-17 16:00,146,79,67,0,0,0
2021-08-17 16:15,131,73,58,0,0,0
2021-08-17 16:30,152,87,65,0,0,0
2021-08-17 16:45,161,85,76,0,0,0
2021-08-17 17:00,174,94,80,0,0,0
2021-08-17 17:15,138,77,61,0,0,0
2021-08-17 17:30,147,86,61,0,0,0
2021-08-17 17:45,140,85,55,0,0,0
2021-08-17 18:00,132,58,74,0,0,0
2021-08-17 18:15,127,63,64,0,0,0
2021-08-17 18:30,103,53,50,0,0,0
2021-08-17 18:45,147,83,64,0,0,0
2021-08-17 19:00,104,44,60,0,0,0
2021-08-17 19:15,88,40,48,0,0,0
2021-08-17 19:30,85,42,43,0,0,0
2021-08-17 19:45,60,25,35,0,0,0
2021-08-17 20:00,87,37,50,0,0,0
2021-08-17 20:15,67,44,23,0,0,0
2021-08-17 20:30,51,21,30,0,0,0
2021-08-17 20:45,44,19,25,0,0,0
2021-08-17 21:00,43,25,18,0,0,0
2021-08-17 21:15,35,20,15,0,0,0
2021-08-17 21:30,44,17,27,0,0,0
2021-08-17 21:45,26,6,20,0,0,0
2021-08-17 22:00,39,17,22,0,0,0
2021-08-17 22:15,30,8,22,0,0,0
2021-08-17 22:30,32,17,15,0,0,0
2021-08-17 22:45,33,21,12,0,0,0
2021-08-17 23:00,19,4,15,0,0,0
2021-08-17 23:15,15,6,9,0,0,0
2021-08-17 23:30,14,7,7,0,0,0
2021-08-17 23:45,7,0,7,0,0,0
2021-08-18 00:00,10,5,5,0,0,0
2021-08-18 00:15,13,7,6,0,0,0
2021-08-18 00:30,9,2,7,0,0,0
2021-08-18 00:45,5,2,3,0,0,0
2021-08-18 01:00,3,1,2,0,0,0
2021-08-18 01:15,4,3,1,0,0,0
2021-08-18 01:30,1,1,0,0,0,0
2021-08-18 01:45,5,4,1,0,0,0
2021-08-18 02:00,2,1,1,0,0,0
2021-08-18 02:15,0,0,0,0,0,0
2021-08-18 02:30,2,1,1,0,0,0
2021-08-18 02:45,2,0,2,0,0,0
2021-08-18 03:00,2,1,1,0,0,0
2021-08-18 03:15,0,0,0,0,0,0
2021-08-18 03:30,4,4,0,0,0,0
2021-08-18 03:45,1,1,0,0,0,0
2021-08-18 04:00,0,0,0,0,0,0
2021-08-18 04:15,2,1,1,0,0,0
2021-08-18 04:30,1,1,0,0,0,0
2021-08-18 04:45,2,1,1,0,0,0
2021-08-18 05:00,5,4,1,0,0,0
2021-08-18 05:15,2,2,0,0,0,0
2021-08-18 05:30,13,11,2,0,0,0
2021-08-18 05:45,22,11,11,0,0,0
2021-08-18 06:00,20,13,7,0,0,0
2021-08-18 06:15,26,17,9,0,0,0
2021-08-18 06:30,65,30,35,0,0,0
2021-08-18 06:45,67,44,23,0,0,0
2021-08-18 07:00,93,63,30,0,0,0
2021-08-18 07:15,129,83,46,0,0,0
2021-08-18 07:30,182,137,45,0,0,0
2021-08-18 07:45,320,248,72,0,0,0
2021-08-18 08:00,232,199,33,0,0,0
2021-08-18 08:15,161,108,53,0,0,0
2021-08-18 08:30,141,107,34,0,0,0
2021-08-18 08:45,157,121,36,0,0,0
2021-08-18 09:00,140,105,35,0,0,0
2021-08-18 09:15,78,59,19,0,0,0
2021-08-18 09:30,114,78,36,0,0,0
2021-08-18 09:45,140,108,32,0,0,0
2021-08-18 10:00,116,90,26,0,0,0
2021-08-18 10:15,116,85,31,0,0,0
2021-08-18 10:30,98,73,25,0,0,0
2021-08-18 10:45,143,92,51,0,0,0
2021-08-18 11:00,103,71,32,0,0,0
2021-08-18 11:15,123,63,60,0,0,0
2021-08-18 11:30,115,66,49,0,0,0
2021-08-18 11:45,150,90,60,0,0,0
2021-08-18 12:00,108,53,55,0,0,0
2021-08-18 12:15,137,74,63,0,0,0
2021-08-18 12:30,161,93,68,0,0,0
2021-08-18 12:45,153,76,77,0,0,0
2021-08-18 13:00,155,73,82,0,0,0
2021-08-18 13:15,157,75,82,0,0,0
2021-08-18 13:30,171,75,96,0,0,0
2021-08-18 13:45,140,58,82,0,0,0
2021-08-18 14:00,120,59,61,0,0,0
2021-08-18 14:15,131,71,60,0,0,0
2021-08-18 14:30,129,65,64,0,0,0
2021-08-18 14:45,143,86,57,0,0,0
2021-08-18 15:00,127,81,46,0,0,0
2021-08-18 15:15,126,66,60,0,0,0
2021-08-18 15:30,107,63,44,0,0,0
2021-08-18 15:45,129,74,55,0,0,0
2021-08-18 16:00,159,102,57,0,0,0
2021-08-18 16:15,146,74,72,0,0,0
2021-08-18 16:30,142,82,60,0,0,0
2021-08-18 16:45,148,83,65,0,0,0
2021-08-18 17:00,171,95,76,0,0,0
2021-08-18 17:15,134,72,62,0,0,0
2021-08-18 17:30,127,76,51,0,0,0
2021-08-18 17:45,149,89,60,0,0,0
2021-08-18 18:00,161,87,74,0,0,0
2021-08-18 18:15,117,65,52,0,0,0
2021-08-18 18:30,110,63,47,0,0,0
2021-08-18 18:45,126,66,60,0,0,0
2021-08-18 19:00,77,40,37,0,0,0
2021-08-18 19:15,99,72,27,0,0,0
2021-08-18 19:30,68,42,26,0,0,0
2021-08-18 19:45,92,59,33,0,0,0
2021-08-18 20:00,65,40,25,0,0,0
2021-08-18 20:15,50,25,25,0,0,0
2021-08-18 20:30,44,23,21,0,0,0
2021-08-18 20:45,52,38,14,0,0,0
2021-08-18 21:00,46,22,24,0,0,0
2021-08-18 21:15,48,26,22,0,0,0
2021-08-18 21:30,43,19,24,0,0,0
2021-08-18 21:45,42,23,19,0,0,0
2021-08-18 22:00,40,15,25,0,0,0
2021-08-18 22:15,39,13,26,0,0,0
2021-08-18 22:30,41,14,27,0,0,0
2021-08-18 22:45,38,15,23,0,0,0
2021-08-18 23:00,26,10,16,0,0,0
2021-08-18 23:15,26,5,21,0,0,0
2021-08-18 23:30,13,5,8,0,0,0
2021-08-18 23:45,9,3,6,0,0,0
2021-08-19 00:00,14,4,10,0,0,0
2021-08-19 00:15,11,8,3,0,0,0
2021-08-19 00:30,15,10,5,0,0,0
2021-08-19 00:45,10,4,6,0,0,0
2021-08-19 01:00,6,5,1,0,0,0
2021-08-19 01:15,7,1,6,0,0,0
2021-08-19 01:30,11,6,5,0,0,0
2021-08-19 01:45,7,4,3,0,0,0
2021-08-19 02:00,4,3,1,0,0,0
2021-08-19 02:15,5,1,4,0,0,0
2021-08-19 02:30,6,1,5,0,0,0
2021-08-19 02:45,3,2,1,0,0,0
2021-08-19 03:00,1,0,1,0,0,0
2021-08-19 03:15,7,1,6,0,0,0
2021-08-19 03:30,2,1,1,0,0,0
2021-08-19 03:45,1,0,1,0,0,0
2021-08-19 04:00,0,0,0,0,0,0
2021-08-19 04:15,1,0,1,0,0,0
2021-08-19 04:30,3,1,2,0,0,0
2021-08-19 04:45,1,0,1,0,0,0
2021-08-19 05:00,4,3,1,0,0,0
2021-08-19 05:15,2,2,0,0,0,0
2021-08-19 05:30,11,9,2,0,0,0
2021-08-19 05:45,16,6,10,0,0,0
2021-08-19 06:00,20,15,5,0,0,0
2021-08-19 06:15,25,17,8,0,0,0
2021-08-19 06:30,46,22,24,0,0,0
2021-08-19 06:45,50,37,13,0,0,0
2021-08-19 07:00,81,54,27,0,0,0
2021-08-19 07:15,120,76,44,0,0,0
2021-08-19 07:30,208,157,51,0,0,0
2021-08-19 07:45,281,220,61,0,0,0
2021-08-19 08:00,229,199,30,0,0,0
2021-08-19 08:15,110,81,29,0,0,0
2021-08-19 08:30,138,103,35,0,0,0
2021-08-19 08:45,148,105,43,0,0,0
2021-08-19 09:00,93,68,25,0,0,0
2021-08-19 09:15,70,45,25,0,0,0
2021-08-19 09:30,69,49,20,0,0,0
2021-08-19 09:45,99,73,26,0,0,0
2021-08-19 10:00,77,56,21,0,0,0
2021-08-19 10:15,69,49,20,0,0,0
2021-08-19 10:30,84,54,30,0,0,0
2021-08-19 10:45,84,56,28,0,0,0
2021-08-19 11:00,93,49,44,0,0,0
2021-08-19 11:15,75,43,32,0,0,0
2021-08-19 11:30,84,57,27,0,0,0
2021-08-19 11:45,86,49,37,0,0,0
2021-08-19 12:00,103,64,39,0,0,0
2021-08-19 12:15,97,49,48,0,0,0
2021-08-19 12:30,111,60,51,0,0,0
2021-08-19 12:45,94,44,50,0,0,0
2021-08-19 13:00,134,59,75,0,0,0
2021-08-19 13:15,126,68,58,0,0,0
2021-08-19 13:30,121,57,64,0,0,0
2021-08-19 13:45,145,76,69,0,0,0
2021-08-19 14:00,97,56,41,0,0,0
2021-08-19 14:15,129,63,66,0,0,0
2021-08-19 14:30,149,82,67,0,0,0
2021-08-19 14:45,120,64,56,0,0,0
2021-08-19 15:00,139,70,69,0,0,0
2021-08-19 15:15,105,64,41,0,0,0
2021-08-19 15:30,117,46,71,0,0,0
2021-08-19 15:45,130,75,55,0,0,0
2021-08-19 16:00,118,60,58,0,0,0
2021-08-19 16:15,174,98,76,0,0,0
2021-08-19 16:30,150,93,57,0,0,0
2021-08-19 16:45,137,63,74,0,0,0
2021-08-19 17:00,160,83,77,0,0,0
2021-08-19 17:15,138,73,65,0,0,0
2021-08-19 17:30,147,80,67,0,0,0
2021-08-19 17:45,142,68,74,0,0,0
2021-08-19 18:00,131,72,59,0,0,0
2021-08-19 18:15,123,62,61,0,0,0
2021-08-19 18:30,106,43,63,0,0,0
2021-08-19 18:45,121,66,55,0,0,0
2021-08-19 19:00,96,53,43,0,0,0
2021-08-19 19:15,94,53,41,0,0,0
2021-08-19 19:30,88,49,39,0,0,0
2021-08-19 19:45,72,38,34,0,0,0
2021-08-19 20:00,54,21,33,0,0,0
2021-08-19 20:15,56,27,29,0,0,0
2021-08-19 20:30,52,23,29,0,0,0
2021-08-19 20:45,41,24,17,0,0,0
2021-08-19 21:00,31,16,15,0,0,0
2021-08-19 21:15,48,16,32,0,0,0
2021-08-19 21:30,45,21,24,0,0,0
2021-08-19 21:45,39,17,22,0,0,0
2021-08-19 22:00,42,18,24,0,0,0
2021-08-19 22:15,27,7,20,0,0,0
2021-08-19 22:30,31,13,18,0,0,0
2021-08-19 22:45,33,17,16,0,0,0
2021-08-19 23:00,24,10,14,0,0,0
2021-08-19 23:15,21,8,13,0,0,0
2021-08-19 23:30,18,9,9,0,0,0
2021-08-19 23:45,13,3,10,0,0,0
2021-08-20 00:00,17,7,10,0,0,0
2021-08-20 00:15,9,4,5,0,0,0
2021-08-20 00:30,13,7,6,0,0,0
2021-08-20 00:45,11,6,5,0,0,0
2021-08-20 01:00,4,3,1,0,0,0
2021-08-20 01:15,8,4,4,0,0,0
2021-08-20 01:30,3,2,1,0,0,0
2021-08-20 01:45,7,3,4,0,0,0
2021-08-20 02:00,4,1,3,0,0,0
2021-08-20 02:15,4,3,1,0,0,0
2021-08-20 02:30,3,2,1,0,0,0
2021-08-20 02:45,2,0,2,0,0,0
2021-08-20 03:00,1,0,1,0,0,0
2021-08-20 03:15,1,1,0,0,0,0
2021-08-20 03:30,3,2,1,0,0,0
2021-08-20 03:45,2,1,1,0,0,0
2021-08-20 04:00,2,1,1,0,0,0
2021-08-20 04:15,2,0,2,0,0,0
2021-08-20 04:30,1,1,0,0,0,0
2021-08-20 04:45,0,0,0,0,0,0
2021-08-20 05:00,4,3,1,0,0,0
2021-08-20 05:15,6,5,1,0,0,0
2021-08-20 05:30,12,10,2,0,0,0
2021-08-20 05:45,11,6,5,0,0,0
2021-08-20 06:00,13,10,3,0,0,0
2021-08-20 06:15,26,15,11,0,0,0
2021-08-20 06:30,46,26,20,0,0,0
2021-08-20 06:45,52,34,18,0,0,0
2021-08-20 07:00,74,52,22,0,0,0
2021-08-20 07:15,114,75,39,0,0,0
2021-08-20 07:30,195,132,63,0,0,0
2021-08-20 07:45,318,254,64,0,0,0
2021-08-20 08:00,234,189,45,0,0,0
2021-08-20 08:15,109,77,32,0,0,0
2021-08-20 08:30,132,99,33,0,0,0
2021-08-20 08:45,141,90,51,0,0,0
2021-08-20 09:00,113,79,34,0,0,0
2021-08-20 09:15,93,65,28,0,0,0
2021-08-20 09:30,107,80,27,0,0,0
2021-08-20 09:45,111,73,38,0,0,0
2021-08-20 10:00,101,66,35,0,0,0
2021-08-20 10:15,103,63,40,0,0,0
2021-08-20 10:30,94,60,34,0,0,0
2021-08-20 10:45,102,61,41,0,0,0
2021-08-20 11:00,89,59,30,0,0,0
2021-08-20 11:15,112,59,53,0,0,0
2021-08-20 11:30,92,57,35,0,0,0
2021-08-20 11:45,125,61,64,0,0,0
2021-08-20 12:00,108,70,38,0,0,0
2021-08-20 12:15,90,54,36,0,0,0
2021-08-20 12:30,144,73,71,0,0,0
2021-08-20 12:45,132,71,61,0,0,0
2021-08-20 13:00,150,54,96,0,0,0
2021-08-20 13:15,147,83,64,0,0,0
2021-08-20 13:30,136,68,68,0,0,0
2021-08-20 13:45,160,72,88,0,0,0
2021-08-20 14:00,190,100,90,0,0,0
2021-08-20 14:15,203,107,96,0,0,0
2021-08-20 14:30,151,77,74,0,0,0
2021-08-20 14:45,167,92,75,0,0,0
2021-08-20 15:00,131,72,59,0,0,0
2021-08-20 15:15,143,84,59,0,0,0
2021-08-20 15:30,138,75,63,0,0,0
2021-08-20 15:45,145,98,47,0,0,0
2021-08-20 16:00,140,89,51,0,0,0
2021-08-20 16:15,110,73,37,0,0,0
2021-08-20 16:30,125,73,52,0,0,0
2021-08-20 16:45,153,99,54,0,0,0
2021-08-20 17:00,145,82,63,0,0,0
2021-08-20 17:15,139,88,51,0,0,0
2021-08-20 17:30,130,76,54,0,0,0
2021-08-20 17:45,135,90,45,0,0,0
2021-08-20 18:00,103,68,35,0,0,0
2021-08-20 18:15,114,61,53,0,0,0
2021-08-20 18:30,121,71,50,0,0,0
2021-08-20 18:45,137,73,64,0,0,0
2021-08-20 19:00,102,60,42,0,0,0
2021-08-20 19:15,130,77,53,0,0,0
2021-08-20 19:30,78,45,33,0,0,0
2021-08-20 19:45,86,51,35,0,0,0
2021-08-20 20:00,96,62,34,0,0,0
2021-08-20 20:15,69,37,32,0,0,0
2021-08-20 20:30,74,48,26,0,0,0
2021-08-20 20:45,56,35,21,0,0,0
2021-08-20 21:00,69,39,30,0,0,0
2021-08-20 21:15,67,45,22,0,0,0
2021-08-20 21:30,62,27,35,0,0,0
2021-08-20 21:45,43,33,10,0,0,0
2021-08-20 22:00,39,18,21,0,0,0
2021-08-20 22:15,36,16,20,0,0,0
2021-08-20 22:30,47,18,29,0,0,0
2021-08-20 22:45,51,31,20,0,0,0
2021-08-20 23:00,30,20,10,0,0,0
2021-08-20 23:15,34,21,13,0,0,0
2021-08-20 23:30,51,18,33,0,0,0
2021-08-20 23:45,33,22,11,0,0,0
2021-08-21 00:00,29,12,17,0,0,0
2021-08-21 00:15,24,11,13,0,0,0
2021-08-21 00:30,35,11,24,0,0,0
2021-08-21 00:45,31,11,20,0,0,0
2021-08-21 01:00,19,5,14,0,0,0
2021-08-21 01:15,26,8,18,0,0,0
2021-08-21 01:30,26,13,13,0,0,0
2021-08-21 01:45,17,11,6,0,0,0
2021-08-21 02:00,16,1,15,0,0,0
2021-08-21 02:15,12,8,4,0,0,0
2021-08-21 02:30,18,4,14,0,0,0
2021-08-21 02:45,22,9,13,0,0,0
2021-08-21 03:00,16,0,16,0,0,0
2021-08-21 03:15,10,5,5,0,0,0
2021-08-21 03:30,6,2,4,0,0,0
2021-08-21 03:45,8,2,6,0,0,0
2021-08-21 04:00,7,1,6,0,0,0
2021-08-21 04:15,6,0,6,0,0,0
2021-08-21 04:30,4,1,3,0,0,0
2021-08-21 04:45,4,1,3,0,0,0
2021-08-21 05:00,2,1,1,0,0,0
2021-08-21 05:15,10,7,3,0,0,0
2021-08-21 05:30,8,5,3,0,0,0
2021-08-21 05:45,15,7,8,0,0,0
2021-08-21 06:00,6,5,1,0,0,0
2021-08-21 06:15,4,0,4,0,0,0
2021-08-21 06:30,8,7,1,0,0,0
2021-08-21 06:45,24,20,4,0,0,0
2021-08-21 07:00,18,13,5,0,0,0
2021-08-21 07:15,15,9,6,0,0,0
2021-08-21 07:30,27,19,8,0,0,0
2021-08-21 07:45,37,28,9,0,0,0
2021-08-21 08:00,30,19,11,0,0,0
2021-08-21 08:15,45,32,13,0,0,0
2021-08-21 08:30,46,27,19,0,0,0
2021-08-21 08:45,71,41,30,0,0,0
2021-08-21 09:00,69,44,25,0,0,0
2021-08-21 09:15,92,67,25,0,0,0
2021-08-21 09:30,93,67,26,0,0,0
2021-08-21 09:45,105,86,19,0,0,0
2021-08-21 10:00,114,77,37,0,0,0
2021-08-21 10:15,122,99,23,0,0,0
2021-08-21 10:30,134,87,47,0,0,0
2021-08-21 10:45,133,100,33,0,0,0
2021-08-21 11:00,172,111,61,0,0,0
2021-08-21 11:15,134,89,45,0,0,0
2021-08-21 11:30,187,121,66,0,0,0
2021-08-21 11:45,180,117,63,0,0,0
2021-08-21 12:00,158,105,53,0,0,0
2021-08-21 12:15,152,106,46,0,0,0
2021-08-21 12:30,146,97,49,0,0,0
2021-08-21 12:45,158,101,57,0,0,0
2021-08-21 13:00,173,120,53,0,0,0
2021-08-21 13:15,154,96,58,0,0,0
2021-08-21 13:30,156,101,55,0,0,0
2021-08-21 13:45,149,106,43,0,0,0
2021-08-21 14:00,134,83,51,0,0,0
2021-08-21 14:15,155,90,65,0,0,0
2021-08-21 14:30,117,58,59,0,0,0
2021-08-21 14:45,143,78,65,0,0,0
2021-08-21 15:00,123,82,41,0,0,0
2021-08-21 15:15,140,80,60,0,0,0
2021-08-21 15:30,132,74,58,0,0,0
2021-08-21 15:45,100,61,39,0,0,0
2021-08-21 16:00,127,72,55,0,0,0
2021-08-21 16:15,121,76,45,0,0,0
2021-08-21 16:30,119,66,53,0,0,0
2021-08-21 16:45,112,72,40,0,0,0
2021-08-21 17:00,108,64,44,0,0,0
2021-08-21 17:15,104,68,36,0,0,0
2021-08-21 17:30,94,53,41,0,0,0
2021-08-21 17:45,97,60,37,0,0,0
2021-08-21 18:00,119,66,53,0,0,0
2021-08-21 18:15,105,61,44,0,0,0
2021-08-21 18:30,143,85,58,0,0,0
2021-08-21 18:45,112,65,47,0,0,0
2021-08-21 19:00,92,60,32,0,0,0
2021-08-21 19:15,71,46,25,0,0,0
2021-08-21 19:30,83,54,29,0,0,0
2021-08-21 19:45,92,56,36,0,0,0
2021-08-21 20:00,71,52,19,0,0,0
2021-08-21 20:15,47,24,23,0,0,0
2021-08-21 20:30,48,24,24,0,0,0
2021-08-21 20:45,50,31,19,0,0,0
2021-08-21 21:00,51,21,30,0,0,0
2021-08-21 21:15,33,19,14,0,0,0
2021-08-21 21:30,33,17,16,0,0,0
2021-08-21 21:45,57,45,12,0,0,0
2021-08-21 22:00,38,21,17,0,0,0
2021-08-21 22:15,36,20,16,0,0,0
2021-08-21 22:30,51,28,23,0,0,0
2021-08-21 22:45,54,32,22,0,0,0
2021-08-21 23:00,35,15,20,0,0,0
2021-08-21 23:15,24,15,9,0,0,0
2021-08-21 23:30,33,19,14,0,0,0
2021-08-21 23:45,23,12,11,0,0,0
2021-08-22 00:00,35,25,10,0,0,0
2021-08-22 00:15,28,16,12,0,0,0
2021-08-22 00:30,28,19,9,0,0,0
2021-08-22 00:45,16,7,9,0,0,0
2021-08-22 01:00,18,11,7,0,0,0
2021-08-22 01:15,25,13,12,0,0,0
2021-08-22 01:30,23,12,11,0,0,0
2021-08-22 01:45,20,12,8,0,0,0
2021-08-22 02:00,17,6,11,0,0,0
2021-08-22 02:15,18,5,13,0,0,0
2021-08-22 02:30,16,4,12,0,0,0
2021-08-22 02:45,8,1,7,0,0,0
2021-08-22 03:00,10,0,10,0,0,0
2021-08-22 03:15,18,8,10,0,0,0
2021-08-22 03:30,11,7,4,0,0,0
2021-08-22 03:45,8,5,3,0,0,0
2021-08-22 04:00,4,0,4,0,0,0
2021-08-22 04:15,5,2,3,0,0,0
2021-08-22 04:30,3,1,2,0,0,0
2021-08-22 04:45,2,1,1,0,0,0
2021-08-22 05:00,3,3,0,0,0,0
2021-08-22 05:15,8,4,4,0,0,0
2021-08-22 05:30,15,13,2,0,0,0
2021-08-22 05:45,6,2,4,0,0,0
2021-08-22 06:00,5,3,2,0,0,0
2021-08-22 06:15,6,3,3,0,0,0
2021-08-22 06:30,3,2,1,0,0,0
2021-08-22 06:45,5,4,1,0,0,0
2021-08-22 07:00,4,2,2,0,0,0
2021-08-22 07:15,8,6,2,0,0,0
2021-08-22 07:30,6,3,3,0,0,0
2021-08-22 07:45,6,3,3,0,0,0
2021-08-22 08:00,9,7,2,0,0,0
2021-08-22 08:15,10,4,6,0,0,0
2021-08-22 08:30,10,5,5,0,0,0
2021-08-22 08:45,17,12,5,0,0,0
2021-08-22 09:00,21,18,3,0,0,0
2021-08-22 09:15,25,16,9,0,0,0
2021-08-22 09:30,31,18,13,0,0,0
2021-08-22 09:45,36,22,14,0,0,0
2021-08-22 10:00,34,26,8,0,0,0
2021-08-22 10:15,29,15,14,0,0,0
2021-08-22 10:30,24,18,6,0,0,0
2021-08-22 10:45,35,15,20,0,0,0
2021-08-22 11:00,30,21,9,0,0,0
2021-08-22 11:15,58,40,18,0,0,0
2021-08-22 11:30,41,27,14,0,0,0
2021-08-22 11:45,41,27,14,0,0,0
2021-08-22 12:00,41,31,10,0,0,0
2021-08-22 12:15,38,26,12,0,0,0
2021-08-22 12:30,49,25,24,0,0,0
2021-08-22 12:45,51,32,19,0,0,0
2021-08-22 13:00,47,32,15,0,0,0
2021-08-22 13:15,40,28,12,0,0,0
2021-08-22 13:30,44,36,8,0,0,0
2021-08-22 13:45,58,29,29,0,0,0
2021-08-22 14:00,52,29,23,0,0,0
2021-08-22 14:15,54,32,22,0,0,0
2021-08-22 14:30,68,36,32,0,0,0
2021-08-22 14:45,92,65,27,0,0,0
2021-08-22 15:00,65,46,19,0,0,0
2021-08-22 15:15,62,42,20,0,0,0
2021-08-22 15:30,77,52,25,0,0,0
2021-08-22 15:45,72,43,29,0,0,0
2021-08-22 16:00,69,43,26,0,0,0
2021-08-22 16:15,62,41,21,0,0,0
2021-08-22 16:30,60,45,15,0,0,0
2021-08-22 16:45,64,40,24,0,0,0
2021-08-22 17:00,71,50,21,0,0,0
2021-08-22 17:15,50,28,22,0,0,0
2021-08-22 17:30,58,37,21,0,0,0
2021-08-22 17:45,62,37,25,0,0,0
2021-08-22 18:00,54,27,27,0,0,0
2021-08-22 18:15,61,38,23,0,0,0
2021-08-22 18:30,57,36,21,0,0,0
2021-08-22 18:45,54,31,23,0,0,0
2021-08-22 19:00,56,36,20,0,0,0
2021-08-22 19:15,44,31,13,0,0,0
2021-08-22 19:30,50,35,15,0,0,0
2021-08-22 19:45,46,30,16,0,0,0
2021-08-22 20:00,44,17,27,0,0,0
2021-08-22 20:15,37,21,16,0,0,0
2021-08-22 20:30,51,27,24,0,0,0
2021-08-22 20:45,50,27,23,0,0,0
2021-08-22 21:00,23,13,10,0,0,0
2021-08-22 21:15,20,12,8,0,0,0
2021-08-22 21:30,19,13,6,0,0,0
2021-08-22 21:45,19,7,12,0,0,0
2021-08-22 22:00,19,5,14,0,0,0
2021-08-22 22:15,11,7,4,0,0,0
2021-08-22 22:30,13,7,6,0,0,0
2021-08-22 22:45,12,9,3,0,0,0
2021-08-22 23:00,20,12,8,0,0,0
2021-08-22 23:15,8,3,5,0,0,0
2021-08-22 23:30,5,2,3,0,0,0
2021-08-22 23:45,9,4,5,0,0,0
2021-08-23 00:00,5,2,3,0,0,0
2021-08-23 00:15,2,1,1,0,0,0
2021-08-23 00:30,4,2,2,0,0,0
2021-08-23 00:45,7,5,2,0,0,0
2021-08-23 01:00,5,2,3,0,0,0
2021-08-23 01:15,1,1,0,0,0,0
2021-08-23 01:30,3,2,1,0,0,0
2021-08-23 01:45,2,1,1,0,0,0
2021-08-23 02:00,0,0,0,0,0,0
2021-08-23 02:15,0,0,0,0,0,0
2021-08-23 02:30,1,0,1,0,0,0
2021-08-23 02:45,1,1,0,0,0,0
2021-08-23 03:00,1,0,1,0,0,0
2021-08-23 03:15,2,2,0,0,0,0
2021-08-23 03:30,0,0,0,0,0,0
2021-08-23 03:45,0,0,0,0,0,0
2021-08-23 04:00,0,0,0,0,0,0
2021-08-23 04:15,1,0,1,0,0,0
2021-08-23 04:30,1,1,0,0,0,0
2021-08-23 04:45,1,1,0,0,0,0
2021-08-23 05:00,0,0,0,0,0,0
2021-08-23 05:15,4,3,1,0,0,0
2021-08-23 05:30,18,12,6,0,0,0
2021-08-23 05:45,8,3,5,0,0,0
2021-08-23 06:00,5,4,1,0,0,0
2021-08-23 06:15,27,20,7,0,0,0
2021-08-23 06:30,28,18,10,0,0,0
2021-08-23 06:45,46,30,16,0,0,0
2021-08-23 07:00,75,56,19,0,0,0
2021-08-23 07:15,114,84,30,0,0,0
2021-08-23 07:30,192,141,51,0,0,0
2021-08-23 07:45,301,247,54,0,0,0
2021-08-23 08:00,217,178,39,0,0,0
2021-08-23 08:15,126,99,27,0,0,0
2021-08-23 08:30,106,87,19,0,0,0
2021-08-23 08:45,124,99,25,0,0,0
2021-08-23 09:00,111,81,30,0,0,0
2021-08-23 09:15,82,68,14,0,0,0
2021-08-23 09:30,79,63,16,0,0,0
2021-08-23 09:45,125,96,29,0,0,0
2021-08-23 10:00,61,41,20,0,0,0
2021-08-23 10:15,68,58,10,0,0,0
2021-08-23 10:30,84,62,22,0,0,0
2021-08-23 10:45,98,71,27,0,0,0
2021-08-23 11:00,70,50,20,0,0,0
2021-08-23 11:15,99,67,32,0,0,0
2021-08-23 11:30,67,37,30,0,0,0
2021-08-23 11:45,109,70,39,0,0,0
2021-08-23 12:00,87,55,32,0,0,0
2021-08-23 12:15,103,77,26,0,0,0
2021-08-23 12:30,96,63,33,0,0,0
2021-08-23 12:45,104,68,36,0,0,0
2021-08-23 13:00,113,55,58,0,0,0
2021-08-23 13:15,110,63,47,0,0,0
2021-08-23 13:30,106,62,44,0,0,0
2021-08-23 13:45,140,80,60,0,0,0
2021-08-23 14:00,113,66,47,0,0,0
2021-08-23 14:15,142,58,84,0,0,0
2021-08-23 14:30,124,76,48,0,0,0
2021-08-23 14:45,141,96,45,0,0,0
2021-08-23 15:00,133,78,55,0,0,0
2021-08-23 15:15,138,70,68,0,0,0
2021-08-23 15:30,144,84,60,0,0,0
2021-08-23 15:45,192,119,73,0,0,0
2021-08-23 16:00,144,90,54,0,0,0
2021-08-23 16:15,148,102,46,0,0,0
2021-08-23 16:30,150,74,76,0,0,0
2021-08-23 16:45,179,108,71,0,0,0
2021-08-23 17:00,172,105,67,0,0,0
2021-08-23 17:15,174,112,62,0,0,0
2021-08-23 17:30,160,91,69,0,0,0
2021-08-23 17:45,162,97,65,0,0,0
2021-08-23 18:00,165,98,67,0,0,0
2021-08-23 18:15,144,79,65,0,0,0
2021-08-23 18:30,122,74,48,0,0,0
2021-08-23 18:45,119,61,58,0,0,0
2021-08-23 19:00,98,53,45,0,0,0
2021-08-23 19:15,94,56,38,0,0,0
2021-08-23 19:30,92,49,43,0,0,0
2021-08-23 19:45,89,53,36,0,0,0
2021-08-23 20:00,72,36,36,0,0,0
2021-08-23 20:15,45,23,22,0,0,0
2021-08-23 20:30,53,22,31,0,0,0
2021-08-23 20:45,50,23,27,0,0,0
2021-08-23 21:00,48,22,26,0,0,0
2021-08-23 21:15,39,21,18,0,0,0
2021-08-23 21:30,53,23,30,0,0,0
2021-08-23 21:45,48,28,20,0,0,0
2021-08-23 22:00,27,18,9,0,0,0
2021-08-23 22:15,28,17,11,0,0,0
2021-08-23 22:30,40,16,24,0,0,0
2021-08-23 22:45,33,20,13,0,0,0
2021-08-23 23:00,21,8,13,0,0,0
2021-08-23 23:15,15,8,7,0,0,0
2021-08-23 23:30,12,7,5,0,0,0
2021-08-23 23:45,14,5,9,0,0,0
2021-08-24 00:00,6,4,2,0,0,0
2021-08-24 00:15,4,3,1,0,0,0
2021-08-24 00:30,2,2,0,0,0,0
2021-08-24 00:45,1,0,1,0,0,0
2021-08-24 01:00,5,2,3,0,0,0
2021-08-24 01:15,5,0,5,0,0,0
2021-08-24 01:30,5,5,0,0,0,0
2021-08-24 01:45,1,1,0,0,0,0
2021-08-24 02:00,3,2,1,0,0,0
2021-08-24 02:15,2,1,1,0,0,0
2021-08-24 02:30,6,1,5,0,0,0
2021-08-24 02:45,1,0,1,0,0,0
2021-08-24 03:00,0,0,0,0,0,0
2021-08-24 03:15,0,0,0,0,0,0
2021-08-24 03:30,1,1,0,0,0,0
2021-08-24 03:45,2,1,1,0,0,0
2021-08-24 04:00,1,0,1,0,0,0
2021-08-24 04:15,2,0,2,0,0,0
2021-08-24 04:30,0,0,0,0,0,0
2021-08-24 04:45,1,1,0,0,0,0
2021-08-24 05:00,0,0,0,0,0,0
2021-08-24 05:15,9,9,0,0,0,0
2021-08-24 05:30,15,11,4,0,0,0
2021-08-24 05:45,18,7,11,0,0,0
2021-08-24 06:00,12,7,5,0,0,0
2021-08-24 06:15,38,26,12,0,0,0
2021-08-24 06:30,39,24,15,0,0,0
2021-08-24 06:45,64,51,13,0,0,0
2021-08-24 07:00,84,59,25,0,0,0
2021-08-24 07:15,121,86,35,0,0,0
2021-08-24 07:30,226,155,71,0,0,0
2021-08-24 07:45,346,274,72,0,0,0
2021-08-24 08:00,243,201,42,0,0,0
2021-08-24 08:15,145,101,44,0,0,0
2021-08-24 08:30,144,105,39,0,0,0
2021-08-24 08:45,153,112,41,0,0,0
2021-08-24 09:00,99,67,32,0,0,0
2021-08-24 09:15,93,67,26,0,0,0
2021-08-24 09:30,121,82,39,0,0,0
2021-08-24 09:45,109,76,33,0,0,0
2021-08-24 10:00,93,70,23,0,0,0
2021-08-24 10:15,95,59,36,0,0,0
2021-08-24 10:30,101,65,36,0,0,0
2021-08-24 10:45,117,88,29,0,0,0
2021-08-24 11:00,109,68,41,0,0,0
2021-08-24 11:15,125,74,51,0,0,0
2021-08-24 11:30,105,72,33,0,0,0
2021-08-24 11:45,127,70,57,0,0,0
2021-08-24 12:00,112,75,37,0,0,0
2021-08-24 12:15,110,76,34,0,0,0
2021-08-24 12:30,135,72,63,0,0,0
2021-08-24 12:45,107,65,42,0,0,0
2021-08-24 13:00,144,73,71,0,0,0
2021-08-24 13:15,138,81,57,0,0,0
2021-08-24 13:30,138,68,70,0,0,0
2021-08-24 13:45,151,76,75,0,0,0
2021-08-24 14:00,123,64,59,0,0,0
2021-08-24 14:15,148,63,85,0,0,0
2021-08-24 14:30,192,102,90,0,0,0
2021-08-24 14:45,182,109,73,0,0,0
2021-08-24 15:00,147,91,56,0,0,0
2021-08-24 15:15,161,88,73,0,0,0
2021-08-24 15:30,162,89,73,0,0,0
2021-08-24 15:45,188,109,79,0,0,0
2021-08-24 16:00,219,133,86,0,0,0
2021-08-24 16:15,200,104,96,0,0,0
2021-08-24 16:30,188,107,81,0,0,0
2021-08-24 16:45,183,105,78,0,0,0
2021-08-24 17:00,207,103,104,0,0,0
2021-08-24 17:15,207,107,100,0,0,0
2021-08-24 17:30,198,103,95,0,0,0
2021-08-24 17:45,177,86,91,0,0,0
2021-08-24 18:00,198,109,89,0,0,0
2021-08-24 18:15,167,95,72,0,0,0
2021-08-24 18:30,155,70,85,0,0,0
2021-08-24 18:45,161,75,86,0,0,0
2021-08-24 19:00,103,49,54,0,0,0
2021-08-24 19:15,136,74,62,0,0,0
2021-08-24 19:30,105,40,65,0,0,0
2021-08-24 19:45,86,47,39,0,0,0
2021-08-24 20:00,90,38,52,0,0,0
2021-08-24 20:15,79,37,42,0,0,0
2021-08-24 20:30,70,38,32,0,0,0
2021-08-24 20:45,79,34,45,0,0,0
2021-08-24 21:00,81,42,39,0,0,0
2021-08-24 21:15,58,26,32,0,0,0
2021-08-24 21:30,79,38,41,0,0,0
2021-08-24 21:45,48,26,22,0,0,0
2021-08-24 22:00,52,28,24,0,0,0
2021-08-24 22:15,55,27,28,0,0,0
2021-08-24 22:30,36,18,18,0,0,0
2021-08-24 22:45,33,19,14,0,0,0
2021-08-24 23:00,27,13,14,0,0,0
2021-08-24 23:15,17,11,6,0,0,0
2021-08-24 23:30,22,9,13,0,0,0
2021-08-24 23:45,13,5,8,0,0,0
2021-08-25 00:00,9,6,3,0,0,0
2021-08-25 00:15,6,3,3,0,0,0
2021-08-25 00:30,12,9,3,0,0,0
2021-08-25 00:45,6,4,2,0,0,0
2021-08-25 01:00,4,3,1,0,0,0
2021-08-25 01:15,6,3,3,0,0,0
2021-08-25 01:30,8,6,2,0,0,0
2021-08-25 01:45,2,1,1,0,0,0
2021-08-25 02:00,3,0,3,0,0,0
2021-08-25 02:15,1,0,1,0,0,0
2021-08-25 02:30,6,3,3,0,0,0
2021-08-25 02:45,1,1,0,0,0,0
2021-08-25 03:00,1,0,1,0,0,0
2021-08-25 03:15,2,2,0,0,0,0
2021-08-25 03:30,1,1,0,0,0,0
2021-08-25 03:45,1,1,0,0,0,0
2021-08-25 04:00,0,0,0,0,0,0
2021-08-25 04:15,2,1,1,0,0,0
2021-08-25 04:30,1,1,0,0,0,0
2021-08-25 04:45,6,3,3,0,0,0
2021-08-25 05:00,0,0,0,0,0,0
2021-08-25 05:15,5,5,0,0,0,0
2021-08-25 05:30,16,13,3,0,0,0
2021-08-25 05:45,21,9,12,0,0,0
2021-08-25 06:00,13,13,0,0,0,0
2021-08-25 06:15,25,12,13,0,0,0
2021-08-25 06:30,60,38,22,0,0,0
2021-08-25 06:45,70,51,19,0,0,0
2021-08-25 07:00,87,61,26,0,0,0
2021-08-25 07:15,161,106,55,0,0,0
2021-08-25 07:30,188,141,47,0,0,0
2021-08-25 07:45,337,255,82,0,0,0
2021-08-25 08:00,270,226,44,0,0,0
2021-08-25 08:15,138,99,39,0,0,0
2021-08-25 08:30,167,118,49,0,0,0
2021-08-25 08:45,146,118,28,0,0,0
2021-08-25 09:00,138,100,38,0,0,0
2021-08-25 09:15,136,105,31,0,0,0
2021-08-25 09:30,116,90,26,0,0,0
2021-08-25 09:45,128,102,26,0,0,0
2021-08-25 10:00,113,81,32,0,0,0
2021-08-25 10:15,134,107,27,0,0,0
2021-08-25 10:30,127,89,38,0,0,0
2021-08-25 10:45,146,106,40,0,0,0
2021-08-25 11:00,123,78,45,0,0,0
2021-08-25 11:15,113,69,44,0,0,0
2021-08-25 11:30,147,83,64,0,0,0
2021-08-25 11:45,156,84,72,0,0,0
2021-08-25 12:00,157,95,62,0,0,0
2021-08-25 12:15,167,92,75,0,0,0
2021-08-25 12:30,160,95,65,0,0,0
2021-08-25 12:45,190,114,76,0,0,0
2021-08-25 13:00,150,75,75,0,0,0
2021-08-25 13:15,168,79,89,0,0,0
2021-08-25 13:30,153,68,85,0,0,0
2021-08-25 13:45,159,85,74,0,0,0
2021-08-25 14:00,154,78,76,0,0,0
2021-08-25 14:15,191,75,116,0,0,0
2021-08-25 14:30,159,86,73,0,0,0
2021-08-25 14:45,181,92,89,0,0,0
2021-08-25 15:00,181,102,79,0,0,0
2021-08-25 15:15,193,112,81,0,0,0
2021-08-25 15:30,143,76,67,0,0,0
2021-08-25 15:45,171,78,93,0,0,0
2021-08-25 16:00,200,98,102,0,0,0
2021-08-25 16:15,179,95,84,0,0,0
2021-08-25 16:30,168,77,91,0,0,0
2021-08-25 16:45,220,126,94,0,0,0
2021-08-25 17:00,206,96,110,0,0,0
2021-08-25 17:15,190,109,81,0,0,0
2021-08-25 17:30,207,121,86,0,0,0
2021-08-25 17:45,167,95,72,0,0,0
2021-08-25 18:00,184,108,76,0,0,0
2021-08-25 18:15,196,98,98,0,0,0
2021-08-25 18:30,144,84,60,0,0,0
2021-08-25 18:45,182,103,79,0,0,0
2021-08-25 19:00,112,67,45,0,0,0
2021-08-25 19:15,122,66,56,0,0,0
2021-08-25 19:30,106,50,56,0,0,0
2021-08-25 19:45,137,58,79,0,0,0
2021-08-25 20:00,89,36,53,0,0,0
2021-08-25 20:15,105,63,42,0,0,0
2021-08-25 20:30,62,32,30,0,0,0
2021-08-25 20:45,65,32,33,0,0,0
2021-08-25 21:00,75,36,39,0,0,0
2021-08-25 21:15,74,44,30,0,0,0
2021-08-25 21:30,64,28,36,0,0,0
2021-08-25 21:45,49,15,34,0,0,0
2021-08-25 22:00,48,28,20,0,0,0
2021-08-25 22:15,41,18,23,0,0,0
2021-08-25 22:30,50,31,19,0,0,0
2021-08-25 22:45,50,29,21,0,0,0
2021-08-25 23:00,25,8,17,0,0,0
2021-08-25 23:15,26,12,14,0,0,0
2021-08-25 23:30,41,23,18,0,0,0
2021-08-25 23:45,26,16,10,0,0,0
2021-08-26 00:00,11,4,7,0,0,0
2021-08-26 00:15,13,10,3,0,0,0
2021-08-26 00:30,15,6,9,0,0,0
2021-08-26 00:45,5,1,4,0,0,0
2021-08-26 01:00,11,3,8,0,0,0
2021-08-26 01:15,15,5,10,0,0,0
2021-08-26 01:30,9,1,8,0,0,0
2021-08-26 01:45,12,1,11,0,0,0
2021-08-26 02:00,10,5,5,0,0,0
2021-08-26 02:15,6,3,3,0,0,0
2021-08-26 02:30,3,1,2,0,0,0
2021-08-26 02:45,4,0,4,0,0,0
2021-08-26 03:00,2,0,2,0,0,0
2021-08-26 03:15,0,0,0,0,0,0
2021-08-26 03:30,5,0,5,0,0,0
2021-08-26 03:45,5,2,3,0,0,0
2021-08-26 04:00,9,1,8,0,0,0
2021-08-26 04:15,2,0,2,0,0,0
2021-08-26 04:30,2,0,2,0,0,0
2021-08-26 04:45,3,2,1,0,0,0
2021-08-26 05:00,5,1,4,0,0,0
2021-08-26 05:15,5,4,1,0,0,0
2021-08-26 05:30,11,9,2,0,0,0
2021-08-26 05:45,17,5,12,0,0,0
2021-08-26 06:00,11,8,3,0,0,0
2021-08-26 06:15,24,14,10,0,0,0
2021-08-26 06:30,33,15,18,0,0,0
2021-08-26 06:45,62,38,24,0,0,0
2021-08-26 07:00,77,52,25,0,0,0
2021-08-26 07:15,101,64,37,0,0,0
2021-08-26 07:30,192,142,50,0,0,0
2021-08-26 07:45,275,199,76,0,0,0
2021-08-26 08:00,207,166,41,0,0,0
2021-08-26 08:15,127,96,31,0,0,0
2021-08-26 08:30,135,101,34,0,0,0
2021-08-26 08:45,149,101,48,0,0,0
2021-08-26 09:00,109,71,38,0,0,0
2021-08-26 09:15,100,72,28,0,0,0
2021-08-26 09:30,96,80,16,0,0,0
2021-08-26 09:45,112,73,39,0,0,0
2021-08-26 10:00,80,57,23,0,0,0
2021-08-26 10:15,75,54,21,0,0,0
2021-08-26 10:30,90,62,28,0,0,0
2021-08-26 10:45,82,48,34,0,0,0
2021-08-26 11:00,88,61,27,0,0,0
2021-08-26 11:15,121,74,47,0,0,0
2021-08-26 11:30,76,55,21,0,0,0
2021-08-26 11:45,100,52,48,0,0,0
2021-08-26 12:00,115,71,44,0,0,0
2021-08-26 12:15,91,48,43,0,0,0
2021-08-26 12:30,86,45,41,0,0,0
2021-08-26 12:45,120,56,64,0,0,0
2021-08-26 13:00,127,65,62,0,0,0
2021-08-26 13:15,118,58,60,0,0,0
2021-08-26 13:30,100,49,51,0,0,0
2021-08-26 13:45,137,72,65,0,0,0
2021-08-26 14:00,117,52,65,0,0,0
2021-08-26 14:15,138,71,67,0,0,0
2021-08-26 14:30,151,79,72,0,0,0
2021-08-26 14:45,128,61,67,0,0,0
2021-08-26 15:00,164,82,82,0,0,0
2021-08-26 15:15,119,80,39,0,0,0
2021-08-26 15:30,138,86,52,0,0,0
2021-08-26 15:45,162,96,66,0,0,0
2021-08-26 16:00,187,97,90,0,0,0
2021-08-26 16:15,131,72,59,0,0,0
2021-08-26 16:30,133,64,69,0,0,0
2021-08-26 16:45,136,78,58,0,0,0
2021-08-26 17:00,169,106,63,0,0,0
2021-08-26 17:15,109,60,49,0,0,0
2021-08-26 17:30,142,80,62,0,0,0
2021-08-26 17:45,155,82,73,0,0,0
2021-08-26 18:00,130,74,56,0,0,0
2021-08-26 18:15,110,70,40,0,0,0
2021-08-26 18:30,115,72,43,0,0,0
2021-08-26 18:45,126,81,45,0,0,0
2021-08-26 19:00,91,48,43,0,0,0
2021-08-26 19:15,103,61,42,0,0,0
2021-08-26 19:30,89,49,40,0,0,0
2021-08-26 19:45,85,49,36,0,0,0
2021-08-26 20:00,61,31,30,0,0,0
2021-08-26 20:15,71,22,49,0,0,0
2021-08-26 20:30,49,24,25,0,0,0
2021-08-26 20:45,47,21,26,0,0,0
2021-08-26 21:00,52,31,21,0,0,0
2021-08-26 21:15,32,11,21,0,0,0
2021-08-26 21:30,32,17,15,0,0,0
2021-08-26 21:45,37,19,18,0,0,0
2021-08-26 22:00,60,25,35,0,0,0
2021-08-26 22:15,61,22,39,0,0,0
2021-08-26 22:30,36,15,21,0,0,0
2021-08-26 22:45,28,11,17,0,0,0
2021-08-26 23:00,35,14,21,0,0,0
2021-08-26 23:15,31,14,17,0,0,0
2021-08-26 23:30,21,5,16,0,0,0
2021-08-26 23:45,13,5,8,0,0,0
2021-08-27 00:00,7,5,2,0,0,0
2021-08-27 00:15,8,4,4,0,0,0
2021-08-27 00:30,7,5,2,0,0,0
2021-08-27 00:45,5,0,5,0,0,0
2021-08-27 01:00,5,0,5,0,0,0
2021-08-27 01:15,3,2,1,0,0,0
2021-08-27 01:30,5,1,4,0,0,0
2021-08-27 01:45,3,2,1,0,0,0
2021-08-27 02:00,6,0,6,0,0,0
2021-08-27 02:15,3,2,1,0,0,0
2021-08-27 02:30,0,0,0,0,0,0
2021-08-27 02:45,1,0,1,0,0,0
2021-08-27 03:00,0,0,0,0,0,0
2021-08-27 03:15,0,0,0,0,0,0
2021-08-27 03:30,2,1,1,0,0,0
2021-08-27 03:45,1,1,0,0,0,0
2021-08-27 04:00,1,1,0,0,0,0
2021-08-27 04:15,1,1,0,0,0,0
2021-08-27 04:30,0,0,0,0,0,0
2021-08-27 04:45,0,0,0,0,0,0
2021-08-27 05:00,1,1,0,0,0,0
2021-08-27 05:15,6,4,2,0,0,0
2021-08-27 05:30,11,8,3,0,0,0
2021-08-27 05:45,13,3,10,0,0,0
2021-08-27 06:00,15,12,3,0,0,0
2021-08-27 06:15,30,16,14,0,0,0
2021-08-27 06:30,28,19,9,0,0,0
2021-08-27 06:45,56,38,18,0,0,0
2021-08-27 07:00,68,47,21,0,0,0
2021-08-27 07:15,101,60,41,0,0,0
2021-08-27 07:30,179,132,47,0,0,0
2021-08-27 07:45,305,243,62,0,0,0
2021-08-27 08:00,228,199,29,0,0,0
2021-08-27 08:15,104,77,27,0,0,0
2021-08-27 08:30,124,93,31,0,0,0
2021-08-27 08:45,149,108,41,0,0,0
2021-08-27 09:00,87,67,20,0,0,0
2021-08-27 09:15,100,73,27,0,0,0
2021-08-27 09:30,106,74,32,0,0,0
2021-08-27 09:45,109,74,35,0,0,0
2021-08-27 10:00,109,58,51,0,0,0
2021-08-27 10:15,81,55,26,0,0,0
2021-08-27 10:30,99,68,31,0,0,0
2021-08-27 10:45,117,78,39,0,0,0
2021-08-27 11:00,100,63,37,0,0,0
2021-08-27 11:15,82,49,33,0,0,0
2021-08-27 11:30,106,62,44,0,0,0
2021-08-27 11:45,121,74,47,0,0,0
2021-08-27 12:00,108,56,52,0,0,0
2021-08-27 12:15,109,69,40,0,0,0
2021-08-27 12:30,99,62,37,0,0,0
2021-08-27 12:45,103,53,50,0,0,0
2021-08-27 13:00,125,55,70,0,0,0
2021-08-27 13:15,151,69,82,0,0,0
2021-08-27 13:30,129,67,62,0,0,0
2021-08-27 13:45,134,65,69,0,0,0
2021-08-27 14:00,121,63,58,0,0,0
2021-08-27 14:15,142,69,73,0,0,0
2021-08-27 14:30,114,48,66,0,0,0
2021-08-27 14:45,121,64,57,0,0,0
2021-08-27 15:00,131,62,69,0,0,0
2021-08-27 15:15,130,69,61,0,0,0
2021-08-27 15:30,113,63,50,0,0,0
2021-08-27 15:45,99,45,54,0,0,0
2021-08-27 16:00,97,51,46,0,0,0
2021-08-27 16:15,130,80,50,0,0,0
2021-08-27 16:30,100,52,48,0,0,0
2021-08-27 16:45,101,54,47,0,0,0
2021-08-27 17:00,86,51,35,0,0,0
2021-08-27 17:15,130,54,76,0,0,0
2021-08-27 17:30,82,33,49,0,0,0
2021-08-27 17:45,107,68,39,0,0,0
2021-08-27 18:00,106,49,57,0,0,0
2021-08-27 18:15,145,79,66,0,0,0
2021-08-27 18:30,107,65,42,0,0,0
2021-08-27 18:45,87,46,41,0,0,0
2021-08-27 19:00,120,53,67,0,0,0
2021-08-27 19:15,101,59,42,0,0,0
2021-08-27 19:30,68,28,40,0,0,0
2021-08-27 19:45,86,63,23,0,0,0
2021-08-27 20:00,93,54,39,0,0,0
2021-08-27 20:15,67,31,36,0,0,0
2021-08-27 20:30,63,38,25,0,0,0
2021-08-27 20:45,56,35,21,0,0,0
2021-08-27 21:00,64,42,22,0,0,0
2021-08-27 21:15,48,24,24,0,0,0
2021-08-27 21:30,36,17,19,0,0,0
2021-08-27 21:45,39,18,21,0,0,0
2021-08-27 22:00,37,18,19,0,0,0
2021-08-27 22:15,33,13,20,0,0,0
2021-08-27 22:30,41,21,20,0,0,0
2021-08-27 22:45,35,19,16,0,0,0
2021-08-27 23:00,26,7,19,0,0,0
2021-08-27 23:15,19,8,11,0,0,0
2021-08-27 23:30,32,12,20,0,0,0
2021-08-27 23:45,28,15,13,0,0,0
2021-08-28 00:00,47,26,21,0,0,0
2021-08-28 00:15,30,19,11,0,0,0
2021-08-28 00:30,25,11,14,0,0,0
2021-08-28 00:45,36,21,15,0,0,0
2021-08-28 01:00,23,10,13,0,0,0
2021-08-28 01:15,16,8,8,0,0,0
2021-08-28 01:30,13,8,5,0,0,0
2021-08-28 01:45,12,5,7,0,0,0
2021-08-28 02:00,16,6,10,0,0,0
2021-08-28 02:15,9,4,5,0,0,0
2021-08-28 02:30,8,4,4,0,0,0
2021-08-28 02:45,16,6,10,0,0,0
2021-08-28 03:00,11,4,7,0,0,0
2021-08-28 03:15,11,5,6,0,0,0
2021-08-28 03:30,9,2,7,0,0,0
2021-08-28 03:45,5,2,3,0,0,0
2021-08-28 04:00,4,0,4,0,0,0
2021-08-28 04:15,6,2,4,0,0,0
2021-08-28 04:30,4,1,3,0,0,0
2021-08-28 04:45,5,1,4,0,0,0
2021-08-28 05:00,5,1,4,0,0,0
2021-08-28 05:15,4,4,0,0,0,0
2021-08-28 05:30,11,2,9,0,0,0
2021-08-28 05:45,11,6,5,0,0,0
2021-08-28 06:00,5,5,0,0,0,0
2021-08-28 06:15,7,2,5,0,0,0
2021-08-28 06:30,2,1,1,0,0,0
2021-08-28 06:45,14,10,4,0,0,0
2021-08-28 07:00,9,6,3,0,0,0
2021-08-28 07:15,14,9,5,0,0,0
2021-08-28 07:30,18,10,8,0,0,0
2021-08-28 07:45,28,19,9,0,0,0
2021-08-28 08:00,28,21,7,0,0,0
2021-08-28 08:15,21,16,5,0,0,0
2021-08-28 08:30,32,19,13,0,0,0
2021-08-28 08:45,41,28,13,0,0,0
2021-08-28 09:00,38,26,12,0,0,0
2021-08-28 09:15,64,41,23,0,0,0
2021-08-28 09:30,68,44,24,0,0,0
2021-08-28 09:45,75,50,25,0,0,0
2021-08-28 10:00,93,69,24,0,0,0
2021-08-28 10:15,74,60,14,0,0,0
2021-08-28 10:30,104,79,25,0,0,0
2021-08-28 10:45,114,78,36,0,0,0
2021-08-28 11:00,91,67,24,0,0,0
2021-08-28 11:15,105,66,39,0,0,0
2021-08-28 11:30,131,90,41,0,0,0
2021-08-28 11:45,127,85,42,0,0,0
2021-08-28 12:00,106,64,42,0,0,0
2021-08-28 12:15,118,86,32,0,0,0
2021-08-28 12:30,131,84,47,0,0,0
2021-08-28 12:45,107,69,38,0,0,0
2021-08-28 13:00,122,78,44,0,0,0
2021-08-28 13:15,132,79,53,0,0,0
2021-08-28 13:30,140,86,54,0,0,0
2021-08-28 13:45,147,84,63,0,0,0
2021-08-28 14:00,121,65,56,0,0,0
2021-08-28 14:15,96,60,36,0,0,0
2021-08-28 14:30,96,56,40,0,0,0
2021-08-28 14:45,100,52,48,0,0,0
2021-08-28 15:00,74,32,42,0,0,0
2021-08-28 15:15,70,29,41,0,0,0
2021-08-28 15:30,52,21,31,0,0,0
2021-08-28 15:45,81,55,26,0,0,0
2021-08-28 16:00,83,57,26,0,0,0
2021-08-28 16:15,74,43,31,0,0,0
2021-08-28 16:30,38,15,23,0,0,0
2021-08-28 16:45,83,38,45,0,0,0
2021-08-28 17:00,71,44,27,0,0,0
2021-08-28 17:15,71,39,32,0,0,0
2021-08-28 17:30,69,35,34,0,0,0
2021-08-28 17:45,99,67,32,0,0,0
2021-08-28 18:00,84,42,42,0,0,0
2021-08-28 18:15,65,43,22,0,0,0
2021-08-28 18:30,45,27,18,0,0,0
2021-08-28 18:45,60,37,23,0,0,0
2021-08-28 19:00,62,32,30,0,0,0
2021-08-28 19:15,59,43,16,0,0,0
2021-08-28 19:30,46,29,17,0,0,0
2021-08-28 19:45,62,42,20,0,0,0
2021-08-28 20:00,67,44,23,0,0,0
2021-08-28 20:15,48,27,21,0,0,0
2021-08-28 20:30,44,26,18,0,0,0
2021-08-28 20:45,29,20,9,0,0,0
2021-08-28 21:00,38,25,13,0,0,0
2021-08-28 21:15,24,12,12,0,0,0
2021-08-28 21:30,25,11,14,0,0,0
2021-08-28 21:45,20,11,9,0,0,0
2021-08-28 22:00,29,19,10,0,0,0
2021-08-28 22:15,17,3,14,0,0,0
2021-08-28 22:30,43,23,20,0,0,0
2021-08-28 22:45,32,16,16,0,0,0
2021-08-28 23:00,16,5,11,0,0,0
2021-08-28 23:15,22,17,5,0,0,0
2021-08-28 23:30,17,10,7,0,0,0
2021-08-28 23:45,19,7,12,0,0,0
2021-08-29 00:00,11,5,6,0,0,0
2021-08-29 00:15,27,11,16,0,0,0
2021-08-29 00:30,18,8,10,0,0,0
2021-08-29 00:45,24,11,13,0,0,0
2021-08-29 01:00,19,11,8,0,0,0
2021-08-29 01:15,16,7,9,0,0,0
2021-08-29 01:30,14,5,9,0,0,0
2021-08-29 01:45,15,10,5,0,0,0
2021-08-29 02:00,22,7,15,0,0,0
2021-08-29 02:15,11,4,7,0,0,0
2021-08-29 02:30,10,4,6,0,0,0
2021-08-29 02:45,9,4,5,0,0,0
2021-08-29 03:00,13,9,4,0,0,0
2021-08-29 03:15,5,1,4,0,0,0
2021-08-29 03:30,12,2,10,0,0,0
2021-08-29 03:45,17,5,12,0,0,0
2021-08-29 04:00,4,1,3,0,0,0
2021-08-29 04:15,6,3,3,0,0,0
2021-08-29 04:30,5,2,3,0,0,0
2021-08-29 04:45,4,2,2,0,0,0
2021-08-29 05:00,2,2,0,0,0,0
2021-08-29 05:15,7,6,1,0,0,0
2021-08-29 05:30,10,3,7,0,0,0
2021-08-29 05:45,4,0,4,0,0,0
2021-08-29 06:00,2,0,2,0,0,0
2021-08-29 06:15,5,4,1,0,0,0
2021-08-29 06:30,1,0,1,0,0,0
2021-08-29 06:45,7,6,1,0,0,0
2021-08-29 07:00,1,1,0,0,0,0
2021-08-29 07:15,5,4,1,0,0,0
2021-08-29 07:30,5,2,3,0,0,0
2021-08-29 07:45,5,3,2,0,0,0
2021-08-29 08:00,4,2,2,0,0,0
2021-08-29 08:15,8,6,2,0,0,0
2021-08-29 08:30,3,1,2,0,0,0
2021-08-29 08:45,12,10,2,0,0,0
2021-08-29 09:00,15,10,5,0,0,0
2021-08-29 09:15,8,4,4,0,0,0
2021-08-29 09:30,12,5,7,0,0,0
2021-08-29 09:45,23,19,4,0,0,0
2021-08-29 10:00,18,14,4,0,0,0
2021-08-29 10:15,16,12,4,0,0,0
2021-08-29 10:30,30,22,8,0,0,0
2021-08-29 10:45,31,16,15,0,0,0
2021-08-29 11:00,13,8,5,0,0,0
2021-08-29 11:15,12,6,6,0,0,0
2021-08-29 11:30,26,14,12,0,0,0
2021-08-29 11:45,34,23,11,0,0,0
2021-08-29 12:00,30,18,12,0,0,0
2021-08-29 12:15,32,21,11,0,0,0
2021-08-29 12:30,29,15,14,0,0,0
2021-08-29 12:45,30,9,21,0,0,0
2021-08-29 13:00,32,16,16,0,0,0
2021-08-29 13:15,40,26,14,0,0,0
2021-08-29 13:30,34,25,9,0,0,0
2021-08-29 13:45,45,25,20,0,0,0
2021-08-29 14:00,41,31,10,0,0,0
2021-08-29 14:15,57,32,25,0,0,0
2021-08-29 14:30,51,33,18,0,0,0
2021-08-29 14:45,42,27,15,0,0,0
2021-08-29 15:00,41,27,14,0,0,0
2021-08-29 15:15,37,33,4,0,0,0
2021-08-29 15:30,50,38,12,0,0,0
2021-08-29 15:45,69,41,28,0,0,0
2021-08-29 16:00,55,30,25,0,0,0
2021-08-29 16:15,23,9,14,0,0,0
2021-08-29 16:30,48,28,20,0,0,0
2021-08-29 16:45,53,34,19,0,0,0
2021-08-29 17:00,70,48,22,0,0,0
2021-08-29 17:15,49,28,21,0,0,0
2021-08-29 17:30,37,23,14,0,0,0
2021-08-29 17:45,40,22,18,0,0,0
2021-08-29 18:00,44,21,23,0,0,0
2021-08-29 18:15,44,23,21,0,0,0
2021-08-29 18:30,48,36,12,0,0,0
2021-08-29 18:45,38,24,14,0,0,0
2021-08-29 19:00,40,28,12,0,0,0
2021-08-29 19:15,34,19,15,0,0,0
2021-08-29 19:30,30,18,12,0,0,0
2021-08-29 19:45,15,8,7,0,0,0
2021-08-29 20:00,36,18,18,0,0,0
2021-08-29 20:15,24,14,10,0,0,0
2021-08-29 20:30,34,23,11,0,0,0
2021-08-29 20:45,20,11,9,0,0,0
2021-08-29 21:00,26,14,12,0,0,0
2021-08-29 21:15,14,10,4,0,0,0
2021-08-29 21:30,24,12,12,0,0,0
2021-08-29 21:45,21,13,8,0,0,0
2021-08-29 22:00,7,4,3,0,0,0
2021-08-29 22:15,14,5,9,0,0,0
2021-08-29 22:30,16,7,9,0,0,0
2021-08-29 22:45,15,7,8,0,0,0
2021-08-29 23:00,7,4,3,0,0,0
2021-08-29 23:15,5,3,2,0,0,0
2021-08-29 23:30,3,3,0,0,0,0
2021-08-29 23:45,4,2,2,0,0,0
2021-08-30 00:00,1,,1,0,,0
2021-08-30 00:15,4,,4,0,,0
2021-08-30 00:30,2,,2,0,,0
2021-08-30 00:45,0,,0,0,,0
2021-08-30 01:00,0,,0,0,,0
2021-08-30 01:15,2,,2,0,,0
2021-08-30 01:30,1,,1,0,,0
2021-08-30 01:45,0,,0,0,,0
2021-08-30 02:00,0,,0,0,,0
2021-08-30 02:15,0,,0,0,,0
2021-08-30 02:30,1,,1,0,,0
2021-08-30 02:45,1,,1,0,,0
2021-08-30 03:00,0,,0,0,,0
2021-08-30 03:15,1,,1,0,,0
2021-08-30 03:30,0,,0,0,,0
2021-08-30 03:45,0,,0,0,,0
2021-08-30 04:00,0,,0,0,,0
2021-08-30 04:15,1,,1,0,,0
2021-08-30 04:30,0,,0,0,,0
2021-08-30 04:45,0,,0,0,,0
2021-08-30 05:00,0,,0,0,,0
2021-08-30 05:15,2,,2,0,,0
2021-08-30 05:30,4,,4,0,,0
2021-08-30 05:45,10,,10,0,,0
2021-08-30 06:00,6,,6,0,,0
2021-08-30 06:15,9,,9,0,,0
2021-08-30 06:30,16,,16,0,,0
2021-08-30 06:45,20,,20,0,,0
2021-08-30 07:00,27,,27,0,,0
2021-08-30 07:15,42,,42,0,,0
2021-08-30 07:30,65,,65,0,,0
2021-08-30 07:45,76,,76,0,,0
2021-08-30 08:00,41,,41,0,,0
2021-08-30 08:15,29,,29,0,,0
2021-08-30 08:30,41,,41,0,,0
2021-08-30 08:45,30,,30,0,,0
2021-08-30 09:00,26,,26,0,,0
2021-08-30 09:15,17,,17,0,,0
2021-08-30 09:30,25,,25,0,,0
2021-08-30 09:45,29,,29,0,,0
2021-08-30 10:00,21,,21,0,,0
2021-08-30 10:15,30,,30,0,,0
2021-08-30 10:30,35,,35,0,,0
2021-08-30 10:45,43,,43,0,,0
2021-08-30 11:00,28,,28,0,,0
2021-08-30 11:15,43,,43,0,,0
2021-08-30 11:30,40,,40,0,,0
2021-08-30 11:45,40,,40,0,,0
2021-08-30 12:00,29,,29,0,,0
2021-08-30 12:15,38,,38,0,,0
2021-08-30 12:30,39,,39,0,,0
2021-08-30 12:45,45,,45,0,,0
2021-08-30 13:00,44,,44,0,,0
2021-08-30 13:15,46,,46,0,,0
2021-08-30 13:30,56,,56,0,,0
2021-08-30 13:45,53,,53,0,,0
2021-08-30 14:00,49,,49,0,,0
2021-08-30 14:15,62,,62,0,,0
2021-08-30 14:30,35,,35,0,,0
2021-08-30 14:45,62,,62,0,,0
2021-08-30 15:00,53,,53,0,,0
2021-08-30 15:15,50,,50,0,,0
2021-08-30 15:30,53,,53,0,,0
2021-08-30 15:45,63,,63,0,,0
2021-08-30 16:00,66,,66,0,,0
2021-08-30 16:15,74,,74,0,,0
2021-08-30 16:30,76,,76,0,,0
2021-08-30 16:45,72,,72,0,,0
2021-08-30 17:00,66,,66,0,,0
2021-08-30 17:15,73,,73,0,,0
2021-08-30 17:30,75,,75,0,,0
2021-08-30 17:45,72,,72,0,,0
2021-08-30 18:00,56,,56,0,,0
2021-08-30 18:15,66,,66,0,,0
2021-08-30 18:30,50,,50,0,,0
2021-08-30 18:45,42,,42,0,,0
2021-08-30 19:00,38,,38,0,,0
2021-08-30 19:15,40,,40,0,,0
2021-08-30 19:30,32,,32,0,,0
2021-08-30 19:45,26,,26,0,,0
2021-08-30 20:00,35,,35,0,,0
2021-08-30 20:15,31,,31,0,,0
2021-08-30 20:30,18,,18,0,,0
2021-08-30 20:45,25,,25,0,,0
2021-08-30 21:00,26,,26,0,,0
2021-08-30 21:15,18,,18,0,,0
2021-08-30 21:30,18,,18,0,,0
2021-08-30 21:45,18,,18,0,,0
2021-08-30 22:00,15,,15,0,,0
2021-08-30 22:15,15,,15,0,,0
2021-08-30 22:30,18,,18,0,,0
2021-08-30 22:45,13,,13,0,,0
2021-08-30 23:00,6,,6,0,,0
2021-08-30 23:15,13,,13,0,,0
2021-08-30 23:30,6,,6,0,,0
2021-08-30 23:45,2,,2,0,,0
