Datetime,100034983 (Warendorfer Straße),101034983 (Warendorfer Straße stadteinwärts),102034983 (Warendorfer Straße stadtauswärts),100034983-status,101034983-status,102034983-status
2021-04-01 00:00,10,7,3,0,0,0
2021-04-01 00:15,5,3,2,0,0,0
2021-04-01 00:30,4,3,1,0,0,0
2021-04-01 00:45,11,8,3,0,0,0
2021-04-01 01:00,9,4,5,0,0,0
2021-04-01 01:15,3,2,1,0,0,0
2021-04-01 01:30,1,0,1,0,0,0
2021-04-01 01:45,8,5,3,0,0,0
2021-04-01 02:00,2,1,1,0,0,0
2021-04-01 02:15,2,1,1,0,0,0
2021-04-01 02:30,1,1,0,0,0,0
2021-04-01 02:45,4,1,3,0,0,0
2021-04-01 03:00,1,0,1,0,0,0
2021-04-01 03:15,2,2,0,0,0,0
2021-04-01 03:30,0,0,0,0,0,0
2021-04-01 03:45,1,1,0,0,0,0
2021-04-01 04:00,0,0,0,0,0,0
2021-04-01 04:15,4,1,3,0,0,0
2021-04-01 04:30,0,0,0,0,0,0
2021-04-01 04:45,2,2,0,0,0,0
2021-04-01 05:00,3,2,1,0,0,0
2021-04-01 05:15,1,1,0,0,0,0
2021-04-01 05:30,13,7,6,0,0,0
2021-04-01 05:45,18,8,10,0,0,0
2021-04-01 06:00,12,7,5,0,0,0
2021-04-01 06:15,8,2,6,0,0,0
2021-04-01 06:30,31,20,11,0,0,0
2021-04-01 06:45,63,50,13,0,0,0
2021-04-01 07:00,66,37,29,0,0,0
2021-04-01 07:15,65,40,25,0,0,0
2021-04-01 07:30,80,52,28,0,0,0
2021-04-01 07:45,101,63,38,0,0,0
2021-04-01 08:00,82,61,21,0,0,0
2021-04-01 08:15,88,62,26,0,0,0
2021-04-01 08:30,103,77,26,0,0,0
2021-04-01 08:45,97,75,22,0,0,0
2021-04-01 09:00,64,47,17,0,0,0
2021-04-01 09:15,67,48,19,0,0,0
2021-04-01 09:30,61,47,14,0,0,0
2021-04-01 09:45,98,71,27,0,0,0
2021-04-01 10:00,81,57,24,0,0,0
2021-04-01 10:15,85,58,27,0,0,0
2021-04-01 10:30,94,67,27,0,0,0
2021-04-01 10:45,91,61,30,0,0,0
2021-04-01 11:00,65,47,18,0,0,0
2021-04-01 11:15,105,76,29,0,0,0
2021-04-01 11:30,101,58,43,0,0,0
2021-04-01 11:45,104,66,38,0,0,0
2021-04-01 12:00,121,56,65,0,0,0
2021-04-01 12:15,113,69,44,0,0,0
2021-04-01 12:30,155,96,59,0,0,0
2021-04-01 12:45,127,72,55,0,0,0
2021-04-01 13:00,102,52,50,0,0,0
2021-04-01 13:15,100,59,41,0,0,0
2021-04-01 13:30,106,62,44,0,0,0
2021-04-01 13:45,126,85,41,0,0,0
2021-04-01 14:00,110,57,53,0,0,0
2021-04-01 14:15,130,84,46,0,0,0
2021-04-01 14:30,159,99,60,0,0,0
2021-04-01 14:45,132,83,49,0,0,0
2021-04-01 15:00,116,56,60,0,0,0
2021-04-01 15:15,124,69,55,0,0,0
2021-04-01 15:30,125,79,46,0,0,0
2021-04-01 15:45,148,86,62,0,0,0
2021-04-01 16:00,165,78,87,0,0,0
2021-04-01 16:15,143,68,75,0,0,0
2021-04-01 16:30,119,62,57,0,0,0
2021-04-01 16:45,159,81,78,0,0,0
2021-04-01 17:00,146,69,77,0,0,0
2021-04-01 17:15,145,80,65,0,0,0
2021-04-01 17:30,125,62,63,0,0,0
2021-04-01 17:45,121,61,60,0,0,0
2021-04-01 18:00,110,64,46,0,0,0
2021-04-01 18:15,109,51,58,0,0,0
2021-04-01 18:30,94,45,49,0,0,0
2021-04-01 18:45,72,37,35,0,0,0
2021-04-01 19:00,68,27,41,0,0,0
2021-04-01 19:15,57,23,34,0,0,0
2021-04-01 19:30,62,27,35,0,0,0
2021-04-01 19:45,54,29,25,0,0,0
2021-04-01 20:00,55,28,27,0,0,0
2021-04-01 20:15,52,22,30,0,0,0
2021-04-01 20:30,37,23,14,0,0,0
2021-04-01 20:45,29,15,14,0,0,0
2021-04-01 21:00,33,19,14,0,0,0
2021-04-01 21:15,27,16,11,0,0,0
2021-04-01 21:30,12,4,8,0,0,0
2021-04-01 21:45,11,5,6,0,0,0
2021-04-01 22:00,13,5,8,0,0,0
2021-04-01 22:15,21,15,6,0,0,0
2021-04-01 22:30,12,6,6,0,0,0
2021-04-01 22:45,19,9,10,0,0,0
2021-04-01 23:00,11,5,6,0,0,0
2021-04-01 23:15,12,2,10,0,0,0
2021-04-01 23:30,12,7,5,0,0,0
2021-04-01 23:45,4,3,1,0,0,0
2021-04-02 00:00,9,5,4,0,0,0
2021-04-02 00:15,18,11,7,0,0,0
2021-04-02 00:30,6,3,3,0,0,0
2021-04-02 00:45,9,4,5,0,0,0
2021-04-02 01:00,8,5,3,0,0,0
2021-04-02 01:15,3,2,1,0,0,0
2021-04-02 01:30,1,0,1,0,0,0
2021-04-02 01:45,0,0,0,0,0,0
2021-04-02 02:00,7,5,2,0,0,0
2021-04-02 02:15,0,0,0,0,0,0
2021-04-02 02:30,3,3,0,0,0,0
2021-04-02 02:45,3,1,2,0,0,0
2021-04-02 03:00,3,2,1,0,0,0
2021-04-02 03:15,0,0,0,0,0,0
2021-04-02 03:30,0,0,0,0,0,0
2021-04-02 03:45,5,4,1,0,0,0
2021-04-02 04:00,2,2,0,0,0,0
2021-04-02 04:15,5,4,1,0,0,0
2021-04-02 04:30,3,3,0,0,0,0
2021-04-02 04:45,2,2,0,0,0,0
2021-04-02 05:00,2,2,0,0,0,0
2021-04-02 05:15,0,0,0,0,0,0
2021-04-02 05:30,9,4,5,0,0,0
2021-04-02 05:45,3,1,2,0,0,0
2021-04-02 06:00,8,3,5,0,0,0
2021-04-02 06:15,6,5,1,0,0,0
2021-04-02 06:30,5,3,2,0,0,0
2021-04-02 06:45,9,7,2,0,0,0
2021-04-02 07:00,3,3,0,0,0,0
2021-04-02 07:15,9,5,4,0,0,0
2021-04-02 07:30,8,3,5,0,0,0
2021-04-02 07:45,11,5,6,0,0,0
2021-04-02 08:00,8,4,4,0,0,0
2021-04-02 08:15,17,13,4,0,0,0
2021-04-02 08:30,10,5,5,0,0,0
2021-04-02 08:45,29,19,10,0,0,0
2021-04-02 09:00,21,16,5,0,0,0
2021-04-02 09:15,31,25,6,0,0,0
2021-04-02 09:30,24,17,7,0,0,0
2021-04-02 09:45,21,15,6,0,0,0
2021-04-02 10:00,32,23,9,0,0,0
2021-04-02 10:15,25,16,9,0,0,0
2021-04-02 10:30,27,15,12,0,0,0
2021-04-02 10:45,30,19,11,0,0,0
2021-04-02 11:00,31,14,17,0,0,0
2021-04-02 11:15,32,24,8,0,0,0
2021-04-02 11:30,40,27,13,0,0,0
2021-04-02 11:45,45,30,15,0,0,0
2021-04-02 12:00,46,25,21,0,0,0
2021-04-02 12:15,39,26,13,0,0,0
2021-04-02 12:30,42,25,17,0,0,0
2021-04-02 12:45,44,20,24,0,0,0
2021-04-02 13:00,47,19,28,0,0,0
2021-04-02 13:15,41,30,11,0,0,0
2021-04-02 13:30,39,17,22,0,0,0
2021-04-02 13:45,44,30,14,0,0,0
2021-04-02 14:00,41,18,23,0,0,0
2021-04-02 14:15,45,30,15,0,0,0
2021-04-02 14:30,71,46,25,0,0,0
2021-04-02 14:45,47,30,17,0,0,0
2021-04-02 15:00,54,36,18,0,0,0
2021-04-02 15:15,63,42,21,0,0,0
2021-04-02 15:30,41,20,21,0,0,0
2021-04-02 15:45,45,29,16,0,0,0
2021-04-02 16:00,49,29,20,0,0,0
2021-04-02 16:15,44,25,19,0,0,0
2021-04-02 16:30,48,31,17,0,0,0
2021-04-02 16:45,40,19,21,0,0,0
2021-04-02 17:00,49,24,25,0,0,0
2021-04-02 17:15,45,27,18,0,0,0
2021-04-02 17:30,39,23,16,0,0,0
2021-04-02 17:45,51,21,30,0,0,0
2021-04-02 18:00,46,24,22,0,0,0
2021-04-02 18:15,27,19,8,0,0,0
2021-04-02 18:30,38,17,21,0,0,0
2021-04-02 18:45,33,14,19,0,0,0
2021-04-02 19:00,39,23,16,0,0,0
2021-04-02 19:15,25,14,11,0,0,0
2021-04-02 19:30,19,6,13,0,0,0
2021-04-02 19:45,29,16,13,0,0,0
2021-04-02 20:00,40,25,15,0,0,0
2021-04-02 20:15,22,10,12,0,0,0
2021-04-02 20:30,22,18,4,0,0,0
2021-04-02 20:45,23,15,8,0,0,0
2021-04-02 21:00,12,7,5,0,0,0
2021-04-02 21:15,15,8,7,0,0,0
2021-04-02 21:30,10,5,5,0,0,0
2021-04-02 21:45,11,9,2,0,0,0
2021-04-02 22:00,11,9,2,0,0,0
2021-04-02 22:15,7,4,3,0,0,0
2021-04-02 22:30,14,6,8,0,0,0
2021-04-02 22:45,11,7,4,0,0,0
2021-04-02 23:00,10,2,8,0,0,0
2021-04-02 23:15,5,3,2,0,0,0
2021-04-02 23:30,6,4,2,0,0,0
2021-04-02 23:45,1,0,1,0,0,0
2021-04-03 00:00,4,3,1,0,0,0
2021-04-03 00:15,8,3,5,0,0,0
2021-04-03 00:30,8,3,5,0,0,0
2021-04-03 00:45,5,1,4,0,0,0
2021-04-03 01:00,3,1,2,0,0,0
2021-04-03 01:15,1,0,1,0,0,0
2021-04-03 01:30,4,2,2,0,0,0
2021-04-03 01:45,5,4,1,0,0,0
2021-04-03 02:00,2,2,0,0,0,0
2021-04-03 02:15,7,5,2,0,0,0
2021-04-03 02:30,4,1,3,0,0,0
2021-04-03 02:45,2,1,1,0,0,0
2021-04-03 03:00,0,0,0,0,0,0
2021-04-03 03:15,2,2,0,0,0,0
2021-04-03 03:30,2,2,0,0,0,0
2021-04-03 03:45,2,1,1,0,0,0
2021-04-03 04:00,1,1,0,0,0,0
2021-04-03 04:15,2,0,2,0,0,0
2021-04-03 04:30,2,2,0,0,0,0
2021-04-03 04:45,0,0,0,0,0,0
2021-04-03 05:00,0,0,0,0,0,0
2021-04-03 05:15,4,4,0,0,0,0
2021-04-03 05:30,7,5,2,0,0,0
2021-04-03 05:45,11,5,6,0,0,0
2021-04-03 06:00,4,2,2,0,0,0
2021-04-03 06:15,5,4,1,0,0,0
2021-04-03 06:30,16,13,3,0,0,0
2021-04-03 06:45,35,29,6,0,0,0
2021-04-03 07:00,32,25,7,0,0,0
2021-04-03 07:15,34,26,8,0,0,0
2021-04-03 07:30,35,20,15,0,0,0
2021-04-03 07:45,48,26,22,0,0,0
2021-04-03 08:00,50,30,20,0,0,0
2021-04-03 08:15,50,39,11,0,0,0
2021-04-03 08:30,50,29,21,0,0,0
2021-04-03 08:45,55,42,13,0,0,0
2021-04-03 09:00,81,52,29,0,0,0
2021-04-03 09:15,77,51,26,0,0,0
2021-04-03 09:30,77,55,22,0,0,0
2021-04-03 09:45,91,77,14,0,0,0
2021-04-03 10:00,106,78,28,0,0,0
2021-04-03 10:15,98,73,25,0,0,0
2021-04-03 10:30,111,77,34,0,0,0
2021-04-03 10:45,131,92,39,0,0,0
2021-04-03 11:00,128,89,39,0,0,0
2021-04-03 11:15,125,77,48,0,0,0
2021-04-03 11:30,122,84,38,0,0,0
2021-04-03 11:45,129,84,45,0,0,0
2021-04-03 12:00,118,71,47,0,0,0
2021-04-03 12:15,148,85,63,0,0,0
2021-04-03 12:30,157,101,56,0,0,0
2021-04-03 12:45,141,94,47,0,0,0
2021-04-03 13:00,161,97,64,0,0,0
2021-04-03 13:15,130,80,50,0,0,0
2021-04-03 13:30,102,52,50,0,0,0
2021-04-03 13:45,123,61,62,0,0,0
2021-04-03 14:00,102,41,61,0,0,0
2021-04-03 14:15,95,56,39,0,0,0
2021-04-03 14:30,102,46,56,0,0,0
2021-04-03 14:45,101,61,40,0,0,0
2021-04-03 15:00,82,44,38,0,0,0
2021-04-03 15:15,85,52,33,0,0,0
2021-04-03 15:30,80,44,36,0,0,0
2021-04-03 15:45,108,71,37,0,0,0
2021-04-03 16:00,51,34,17,0,0,0
2021-04-03 16:15,64,37,27,0,0,0
2021-04-03 16:30,92,54,38,0,0,0
2021-04-03 16:45,59,35,24,0,0,0
2021-04-03 17:00,77,42,35,0,0,0
2021-04-03 17:15,46,22,24,0,0,0
2021-04-03 17:30,53,25,28,0,0,0
2021-04-03 17:45,54,26,28,0,0,0
2021-04-03 18:00,52,22,30,0,0,0
2021-04-03 18:15,54,33,21,0,0,0
2021-04-03 18:30,34,16,18,0,0,0
2021-04-03 18:45,45,26,19,0,0,0
2021-04-03 19:00,37,15,22,0,0,0
2021-04-03 19:15,41,15,26,0,0,0
2021-04-03 19:30,31,19,12,0,0,0
2021-04-03 19:45,22,13,9,0,0,0
2021-04-03 20:00,21,8,13,0,0,0
2021-04-03 20:15,28,21,7,0,0,0
2021-04-03 20:30,24,19,5,0,0,0
2021-04-03 20:45,26,14,12,0,0,0
2021-04-03 21:00,16,7,9,0,0,0
2021-04-03 21:15,17,7,10,0,0,0
2021-04-03 21:30,9,5,4,0,0,0
2021-04-03 21:45,15,8,7,0,0,0
2021-04-03 22:00,11,9,2,0,0,0
2021-04-03 22:15,14,10,4,0,0,0
2021-04-03 22:30,12,6,6,0,0,0
2021-04-03 22:45,16,11,5,0,0,0
2021-04-03 23:00,8,0,8,0,0,0
2021-04-03 23:15,5,3,2,0,0,0
2021-04-03 23:30,7,3,4,0,0,0
2021-04-03 23:45,8,4,4,0,0,0
2021-04-04 00:00,10,6,4,0,0,0
2021-04-04 00:15,16,11,5,0,0,0
2021-04-04 00:30,9,6,3,0,0,0
2021-04-04 00:45,12,4,8,0,0,0
2021-04-04 01:00,6,3,3,0,0,0
2021-04-04 01:15,7,5,2,0,0,0
2021-04-04 01:30,5,1,4,0,0,0
2021-04-04 01:45,2,0,2,0,0,0
2021-04-04 02:00,0,0,0,0,0,0
2021-04-04 02:15,1,1,0,0,0,0
2021-04-04 02:30,7,6,1,0,0,0
2021-04-04 02:45,1,1,0,0,0,0
2021-04-04 03:00,1,1,0,0,0,0
2021-04-04 03:15,5,3,2,0,0,0
2021-04-04 03:30,1,1,0,0,0,0
2021-04-04 03:45,0,0,0,0,0,0
2021-04-04 04:00,0,0,0,0,0,0
2021-04-04 04:15,2,2,0,0,0,0
2021-04-04 04:30,2,2,0,0,0,0
2021-04-04 04:45,3,2,1,0,0,0
2021-04-04 05:00,0,0,0,0,0,0
2021-04-04 05:15,2,1,1,0,0,0
2021-04-04 05:30,6,6,0,0,0,0
2021-04-04 05:45,7,1,6,0,0,0
2021-04-04 06:00,3,2,1,0,0,0
2021-04-04 06:15,5,2,3,0,0,0
2021-04-04 06:30,5,4,1,0,0,0
2021-04-04 06:45,6,6,0,0,0,0
2021-04-04 07:00,3,2,1,0,0,0
2021-04-04 07:15,7,4,3,0,0,0
2021-04-04 07:30,7,2,5,0,0,0
2021-04-04 07:45,6,2,4,0,0,0
2021-04-04 08:00,4,1,3,0,0,0
2021-04-04 08:15,9,7,2,0,0,0
2021-04-04 08:30,13,11,2,0,0,0
2021-04-04 08:45,17,13,4,0,0,0
2021-04-04 09:00,13,8,5,0,0,0
2021-04-04 09:15,12,6,6,0,0,0
2021-04-04 09:30,13,8,5,0,0,0
2021-04-04 09:45,22,18,4,0,0,0
2021-04-04 10:00,14,7,7,0,0,0
2021-04-04 10:15,21,13,8,0,0,0
2021-04-04 10:30,16,8,8,0,0,0
2021-04-04 10:45,14,9,5,0,0,0
2021-04-04 11:00,29,17,12,0,0,0
2021-04-04 11:15,18,12,6,0,0,0
2021-04-04 11:30,27,15,12,0,0,0
2021-04-04 11:45,28,16,12,0,0,0
2021-04-04 12:00,16,7,9,0,0,0
2021-04-04 12:15,21,16,5,0,0,0
2021-04-04 12:30,31,23,8,0,0,0
2021-04-04 12:45,40,24,16,0,0,0
2021-04-04 13:00,34,18,16,0,0,0
2021-04-04 13:15,32,18,14,0,0,0
2021-04-04 13:30,24,16,8,0,0,0
2021-04-04 13:45,26,20,6,0,0,0
2021-04-04 14:00,19,13,6,0,0,0
2021-04-04 14:15,23,15,8,0,0,0
2021-04-04 14:30,35,20,15,0,0,0
2021-04-04 14:45,45,31,14,0,0,0
2021-04-04 15:00,22,18,4,0,0,0
2021-04-04 15:15,27,16,11,0,0,0
2021-04-04 15:30,29,14,15,0,0,0
2021-04-04 15:45,38,19,19,0,0,0
2021-04-04 16:00,31,21,10,0,0,0
2021-04-04 16:15,30,22,8,0,0,0
2021-04-04 16:30,38,14,24,0,0,0
2021-04-04 16:45,25,15,10,0,0,0
2021-04-04 17:00,35,23,12,0,0,0
2021-04-04 17:15,32,19,13,0,0,0
2021-04-04 17:30,35,18,17,0,0,0
2021-04-04 17:45,28,11,17,0,0,0
2021-04-04 18:00,31,14,17,0,0,0
2021-04-04 18:15,24,14,10,0,0,0
2021-04-04 18:30,29,20,9,0,0,0
2021-04-04 18:45,33,19,14,0,0,0
2021-04-04 19:00,16,9,7,0,0,0
2021-04-04 19:15,25,10,15,0,0,0
2021-04-04 19:30,27,12,15,0,0,0
2021-04-04 19:45,29,19,10,0,0,0
2021-04-04 20:00,21,12,9,0,0,0
2021-04-04 20:15,29,14,15,0,0,0
2021-04-04 20:30,24,11,13,0,0,0
2021-04-04 20:45,13,6,7,0,0,0
2021-04-04 21:00,26,15,11,0,0,0
2021-04-04 21:15,15,8,7,0,0,0
2021-04-04 21:30,9,3,6,0,0,0
2021-04-04 21:45,9,4,5,0,0,0
2021-04-04 22:00,15,10,5,0,0,0
2021-04-04 22:15,5,3,2,0,0,0
2021-04-04 22:30,5,2,3,0,0,0
2021-04-04 22:45,4,1,3,0,0,0
2021-04-04 23:00,4,4,0,0,0,0
2021-04-04 23:15,5,5,0,0,0,0
2021-04-04 23:30,7,4,3,0,0,0
2021-04-04 23:45,4,2,2,0,0,0
2021-04-05 00:00,7,2,5,0,0,0
2021-04-05 00:15,4,3,1,0,0,0
2021-04-05 00:30,0,0,0,0,0,0
2021-04-05 00:45,1,0,1,0,0,0
2021-04-05 01:00,4,4,0,0,0,0
2021-04-05 01:15,0,0,0,0,0,0
2021-04-05 01:30,2,1,1,0,0,0
2021-04-05 01:45,0,0,0,0,0,0
2021-04-05 02:00,4,3,1,0,0,0
2021-04-05 02:15,4,2,2,0,0,0
2021-04-05 02:30,1,1,0,0,0,0
2021-04-05 02:45,0,0,0,0,0,0
2021-04-05 03:00,0,0,0,0,0,0
2021-04-05 03:15,1,0,1,0,0,0
2021-04-05 03:30,0,0,0,0,0,0
2021-04-05 03:45,1,1,0,0,0,0
2021-04-05 04:00,0,0,0,0,0,0
2021-04-05 04:15,0,0,0,0,0,0
2021-04-05 04:30,1,0,1,0,0,0
2021-04-05 04:45,0,0,0,0,0,0
2021-04-05 05:00,0,0,0,0,0,0
2021-04-05 05:15,0,0,0,0,0,0
2021-04-05 05:30,3,2,1,0,0,0
2021-04-05 05:45,6,1,5,0,0,0
2021-04-05 06:00,5,2,3,0,0,0
2021-04-05 06:15,5,5,0,0,0,0
2021-04-05 06:30,5,4,1,0,0,0
2021-04-05 06:45,3,1,2,0,0,0
2021-04-05 07:00,3,3,0,0,0,0
2021-04-05 07:15,11,8,3,0,0,0
2021-04-05 07:30,3,2,1,0,0,0
2021-04-05 07:45,6,3,3,0,0,0
2021-04-05 08:00,5,4,1,0,0,0
2021-04-05 08:15,9,6,3,0,0,0
2021-04-05 08:30,4,2,2,0,0,0
2021-04-05 08:45,5,2,3,0,0,0
2021-04-05 09:00,8,7,1,0,0,0
2021-04-05 09:15,3,3,0,0,0,0
2021-04-05 09:30,13,7,6,0,0,0
2021-04-05 09:45,13,11,2,0,0,0
2021-04-05 10:00,7,4,3,0,0,0
2021-04-05 10:15,6,4,2,0,0,0
2021-04-05 10:30,13,10,3,0,0,0
2021-04-05 10:45,12,7,5,0,0,0
2021-04-05 11:00,15,11,4,0,0,0
2021-04-05 11:15,14,7,7,0,0,0
2021-04-05 11:30,9,6,3,0,0,0
2021-04-05 11:45,17,7,10,0,0,0
2021-04-05 12:00,10,7,3,0,0,0
2021-04-05 12:15,19,12,7,0,0,0
2021-04-05 12:30,22,14,8,0,0,0
2021-04-05 12:45,17,10,7,0,0,0
2021-04-05 13:00,16,16,0,0,0,0
2021-04-05 13:15,21,11,10,0,0,0
2021-04-05 13:30,17,13,4,0,0,0
2021-04-05 13:45,17,9,8,0,0,0
2021-04-05 14:00,19,12,7,0,0,0
2021-04-05 14:15,27,16,11,0,0,0
2021-04-05 14:30,20,16,4,0,0,0
2021-04-05 14:45,20,13,7,0,0,0
2021-04-05 15:00,15,5,10,0,0,0
2021-04-05 15:15,27,19,8,0,0,0
2021-04-05 15:30,29,22,7,0,0,0
2021-04-05 15:45,33,24,9,0,0,0
2021-04-05 16:00,24,13,11,0,0,0
2021-04-05 16:15,30,19,11,0,0,0
2021-04-05 16:30,28,18,10,0,0,0
2021-04-05 16:45,25,11,14,0,0,0
2021-04-05 17:00,20,9,11,0,0,0
2021-04-05 17:15,17,9,8,0,0,0
2021-04-05 17:30,26,18,8,0,0,0
2021-04-05 17:45,19,10,9,0,0,0
2021-04-05 18:00,21,10,11,0,0,0
2021-04-05 18:15,7,5,2,0,0,0
2021-04-05 18:30,16,6,10,0,0,0
2021-04-05 18:45,21,14,7,0,0,0
2021-04-05 19:00,10,3,7,0,0,0
2021-04-05 19:15,21,8,13,0,0,0
2021-04-05 19:30,24,10,14,0,0,0
2021-04-05 19:45,21,10,11,0,0,0
2021-04-05 20:00,7,4,3,0,0,0
2021-04-05 20:15,11,3,8,0,0,0
2021-04-05 20:30,16,8,8,0,0,0
2021-04-05 20:45,15,8,7,0,0,0
2021-04-05 21:00,19,13,6,0,0,0
2021-04-05 21:15,12,5,7,0,0,0
2021-04-05 21:30,13,12,1,0,0,0
2021-04-05 21:45,6,4,2,0,0,0
2021-04-05 22:00,7,2,5,0,0,0
2021-04-05 22:15,5,4,1,0,0,0
2021-04-05 22:30,5,1,4,0,0,0
2021-04-05 22:45,7,4,3,0,0,0
2021-04-05 23:00,5,4,1,0,0,0
2021-04-05 23:15,14,9,5,0,0,0
2021-04-05 23:30,0,0,0,0,0,0
2021-04-05 23:45,5,1,4,0,0,0
2021-04-06 00:00,3,1,2,0,0,0
2021-04-06 00:15,4,1,3,0,0,0
2021-04-06 00:30,2,0,2,0,0,0
2021-04-06 00:45,2,2,0,0,0,0
2021-04-06 01:00,2,1,1,0,0,0
2021-04-06 01:15,0,0,0,0,0,0
2021-04-06 01:30,0,0,0,0,0,0
2021-04-06 01:45,5,4,1,0,0,0
2021-04-06 02:00,1,1,0,0,0,0
2021-04-06 02:15,0,0,0,0,0,0
2021-04-06 02:30,1,0,1,0,0,0
2021-04-06 02:45,0,0,0,0,0,0
2021-04-06 03:00,2,0,2,0,0,0
2021-04-06 03:15,0,0,0,0,0,0
2021-04-06 03:30,0,0,0,0,0,0
2021-04-06 03:45,0,0,0,0,0,0
2021-04-06 04:00,1,1,0,0,0,0
2021-04-06 04:15,0,0,0,0,0,0
2021-04-06 04:30,1,0,1,0,0,0
2021-04-06 04:45,4,4,0,0,0,0
2021-04-06 05:00,0,0,0,0,0,0
2021-04-06 05:15,8,3,5,0,0,0
2021-04-06 05:30,9,5,4,0,0,0
2021-04-06 05:45,14,3,11,0,0,0
2021-04-06 06:00,13,10,3,0,0,0
2021-04-06 06:15,22,11,11,0,0,0
2021-04-06 06:30,34,21,13,0,0,0
2021-04-06 06:45,51,31,20,0,0,0
2021-04-06 07:00,44,31,13,0,0,0
2021-04-06 07:15,60,39,21,0,0,0
2021-04-06 07:30,78,48,30,0,0,0
2021-04-06 07:45,82,54,28,0,0,0
2021-04-06 08:00,64,49,15,0,0,0
2021-04-06 08:15,72,48,24,0,0,0
2021-04-06 08:30,71,46,25,0,0,0
2021-04-06 08:45,88,62,26,0,0,0
2021-04-06 09:00,68,43,25,0,0,0
2021-04-06 09:15,45,32,13,0,0,0
2021-04-06 09:30,61,45,16,0,0,0
2021-04-06 09:45,65,50,15,0,0,0
2021-04-06 10:00,48,34,14,0,0,0
2021-04-06 10:15,44,29,15,0,0,0
2021-04-06 10:30,55,37,18,0,0,0
2021-04-06 10:45,59,42,17,0,0,0
2021-04-06 11:00,58,39,19,0,0,0
2021-04-06 11:15,50,35,15,0,0,0
2021-04-06 11:30,41,21,20,0,0,0
2021-04-06 11:45,59,37,22,0,0,0
2021-04-06 12:00,49,27,22,0,0,0
2021-04-06 12:15,54,29,25,0,0,0
2021-04-06 12:30,51,26,25,0,0,0
2021-04-06 12:45,57,34,23,0,0,0
2021-04-06 13:00,59,29,30,0,0,0
2021-04-06 13:15,45,20,25,0,0,0
2021-04-06 13:30,47,21,26,0,0,0
2021-04-06 13:45,62,43,19,0,0,0
2021-04-06 14:00,48,29,19,0,0,0
2021-04-06 14:15,85,52,33,0,0,0
2021-04-06 14:30,54,32,22,0,0,0
2021-04-06 14:45,70,48,22,0,0,0
2021-04-06 15:00,70,35,35,0,0,0
2021-04-06 15:15,63,43,20,0,0,0
2021-04-06 15:30,80,57,23,0,0,0
2021-04-06 15:45,74,41,33,0,0,0
2021-04-06 16:00,90,53,37,0,0,0
2021-04-06 16:15,69,32,37,0,0,0
2021-04-06 16:30,92,55,37,0,0,0
2021-04-06 16:45,89,52,37,0,0,0
2021-04-06 17:00,78,34,44,0,0,0
2021-04-06 17:15,95,60,35,0,0,0
2021-04-06 17:30,68,40,28,0,0,0
2021-04-06 17:45,92,39,53,0,0,0
2021-04-06 18:00,51,25,26,0,0,0
2021-04-06 18:15,69,32,37,0,0,0
2021-04-06 18:30,59,32,27,0,0,0
2021-04-06 18:45,40,22,18,0,0,0
2021-04-06 19:00,47,21,26,0,0,0
2021-04-06 19:15,46,22,24,0,0,0
2021-04-06 19:30,32,14,18,0,0,0
2021-04-06 19:45,32,17,15,0,0,0
2021-04-06 20:00,27,12,15,0,0,0
2021-04-06 20:15,23,11,12,0,0,0
2021-04-06 20:30,20,13,7,0,0,0
2021-04-06 20:45,12,4,8,0,0,0
2021-04-06 21:00,10,6,4,0,0,0
2021-04-06 21:15,25,15,10,0,0,0
2021-04-06 21:30,9,3,6,0,0,0
2021-04-06 21:45,11,7,4,0,0,0
2021-04-06 22:00,5,3,2,0,0,0
2021-04-06 22:15,6,5,1,0,0,0
2021-04-06 22:30,10,6,4,0,0,0
2021-04-06 22:45,10,6,4,0,0,0
2021-04-06 23:00,14,7,7,0,0,0
2021-04-06 23:15,9,6,3,0,0,0
2021-04-06 23:30,10,7,3,0,0,0
2021-04-06 23:45,6,3,3,0,0,0
2021-04-07 00:00,3,3,0,0,0,0
2021-04-07 00:15,4,2,2,0,0,0
2021-04-07 00:30,4,2,2,0,0,0
2021-04-07 00:45,3,2,1,0,0,0
2021-04-07 01:00,4,2,2,0,0,0
2021-04-07 01:15,3,0,3,0,0,0
2021-04-07 01:30,3,0,3,0,0,0
2021-04-07 01:45,3,1,2,0,0,0
2021-04-07 02:00,2,0,2,0,0,0
2021-04-07 02:15,4,2,2,0,0,0
2021-04-07 02:30,0,0,0,0,0,0
2021-04-07 02:45,5,1,4,0,0,0
2021-04-07 03:00,0,0,0,0,0,0
2021-04-07 03:15,2,2,0,0,0,0
2021-04-07 03:30,0,0,0,0,0,0
2021-04-07 03:45,3,3,0,0,0,0
2021-04-07 04:00,1,0,1,0,0,0
2021-04-07 04:15,3,1,2,0,0,0
2021-04-07 04:30,1,1,0,0,0,0
2021-04-07 04:45,1,1,0,0,0,0
2021-04-07 05:00,2,0,2,0,0,0
2021-04-07 05:15,4,2,2,0,0,0
2021-04-07 05:30,10,6,4,0,0,0
2021-04-07 05:45,13,5,8,0,0,0
2021-04-07 06:00,11,7,4,0,0,0
2021-04-07 06:15,15,8,7,0,0,0
2021-04-07 06:30,15,11,4,0,0,0
2021-04-07 06:45,41,25,16,0,0,0
2021-04-07 07:00,49,36,13,0,0,0
2021-04-07 07:15,47,27,20,0,0,0
2021-04-07 07:30,85,57,28,0,0,0
2021-04-07 07:45,87,59,28,0,0,0
2021-04-07 08:00,65,46,19,0,0,0
2021-04-07 08:15,54,38,16,0,0,0
2021-04-07 08:30,70,53,17,0,0,0
2021-04-07 08:45,94,78,16,0,0,0
2021-04-07 09:00,53,41,12,0,0,0
2021-04-07 09:15,63,45,18,0,0,0
2021-04-07 09:30,43,34,9,0,0,0
2021-04-07 09:45,63,49,14,0,0,0
2021-04-07 10:00,74,53,21,0,0,0
2021-04-07 10:15,55,43,12,0,0,0
2021-04-07 10:30,69,45,24,0,0,0
2021-04-07 10:45,73,56,17,0,0,0
2021-04-07 11:00,54,32,22,0,0,0
2021-04-07 11:15,50,32,18,0,0,0
2021-04-07 11:30,81,44,37,0,0,0
2021-04-07 11:45,86,58,28,0,0,0
2021-04-07 12:00,71,40,31,0,0,0
2021-04-07 12:15,81,55,26,0,0,0
2021-04-07 12:30,66,34,32,0,0,0
2021-04-07 12:45,53,20,33,0,0,0
2021-04-07 13:00,39,12,27,0,0,0
2021-04-07 13:15,63,22,41,0,0,0
2021-04-07 13:30,55,30,25,0,0,0
2021-04-07 13:45,66,40,26,0,0,0
2021-04-07 14:00,71,44,27,0,0,0
2021-04-07 14:15,72,44,28,0,0,0
2021-04-07 14:30,60,30,30,0,0,0
2021-04-07 14:45,77,53,24,0,0,0
2021-04-07 15:00,69,45,24,0,0,0
2021-04-07 15:15,73,44,29,0,0,0
2021-04-07 15:30,72,49,23,0,0,0
2021-04-07 15:45,88,55,33,0,0,0
2021-04-07 16:00,80,49,31,0,0,0
2021-04-07 16:15,92,46,46,0,0,0
2021-04-07 16:30,100,66,34,0,0,0
2021-04-07 16:45,83,49,34,0,0,0
2021-04-07 17:00,99,55,44,0,0,0
2021-04-07 17:15,88,41,47,0,0,0
2021-04-07 17:30,70,37,33,0,0,0
2021-04-07 17:45,80,41,39,0,0,0
2021-04-07 18:00,61,30,31,0,0,0
2021-04-07 18:15,58,27,31,0,0,0
2021-04-07 18:30,56,35,21,0,0,0
2021-04-07 18:45,47,24,23,0,0,0
2021-04-07 19:00,50,18,32,0,0,0
2021-04-07 19:15,37,16,21,0,0,0
2021-04-07 19:30,49,17,32,0,0,0
2021-04-07 19:45,23,12,11,0,0,0
2021-04-07 20:00,27,14,13,0,0,0
2021-04-07 20:15,23,10,13,0,0,0
2021-04-07 20:30,25,14,11,0,0,0
2021-04-07 20:45,20,11,9,0,0,0
2021-04-07 21:00,12,9,3,0,0,0
2021-04-07 21:15,5,5,0,0,0,0
2021-04-07 21:30,8,6,2,0,0,0
2021-04-07 21:45,11,5,6,0,0,0
2021-04-07 22:00,16,6,10,0,0,0
2021-04-07 22:15,8,7,1,0,0,0
2021-04-07 22:30,14,10,4,0,0,0
2021-04-07 22:45,17,11,6,0,0,0
2021-04-07 23:00,13,4,9,0,0,0
2021-04-07 23:15,17,11,6,0,0,0
2021-04-07 23:30,12,5,7,0,0,0
2021-04-07 23:45,7,1,6,0,0,0
2021-04-08 00:00,5,2,3,0,0,0
2021-04-08 00:15,6,1,5,0,0,0
2021-04-08 00:30,4,3,1,0,0,0
2021-04-08 00:45,2,1,1,0,0,0
2021-04-08 01:00,2,1,1,0,0,0
2021-04-08 01:15,4,2,2,0,0,0
2021-04-08 01:30,4,1,3,0,0,0
2021-04-08 01:45,2,1,1,0,0,0
2021-04-08 02:00,3,3,0,0,0,0
2021-04-08 02:15,2,1,1,0,0,0
2021-04-08 02:30,2,2,0,0,0,0
2021-04-08 02:45,5,4,1,0,0,0
2021-04-08 03:00,2,0,2,0,0,0
2021-04-08 03:15,2,1,1,0,0,0
2021-04-08 03:30,0,0,0,0,0,0
2021-04-08 03:45,0,0,0,0,0,0
2021-04-08 04:00,2,1,1,0,0,0
2021-04-08 04:15,1,0,1,0,0,0
2021-04-08 04:30,2,2,0,0,0,0
2021-04-08 04:45,0,0,0,0,0,0
2021-04-08 05:00,1,0,1,0,0,0
2021-04-08 05:15,1,0,1,0,0,0
2021-04-08 05:30,11,5,6,0,0,0
2021-04-08 05:45,17,6,11,0,0,0
2021-04-08 06:00,14,11,3,0,0,0
2021-04-08 06:15,23,11,12,0,0,0
2021-04-08 06:30,32,19,13,0,0,0
2021-04-08 06:45,37,25,12,0,0,0
2021-04-08 07:00,49,38,11,0,0,0
2021-04-08 07:15,64,37,27,0,0,0
2021-04-08 07:30,84,58,26,0,0,0
2021-04-08 07:45,92,68,24,0,0,0
2021-04-08 08:00,90,66,24,0,0,0
2021-04-08 08:15,76,52,24,0,0,0
2021-04-08 08:30,68,53,15,0,0,0
2021-04-08 08:45,86,69,17,0,0,0
2021-04-08 09:00,72,57,15,0,0,0
2021-04-08 09:15,82,61,21,0,0,0
2021-04-08 09:30,52,39,13,0,0,0
2021-04-08 09:45,74,62,12,0,0,0
2021-04-08 10:00,62,49,13,0,0,0
2021-04-08 10:15,49,33,16,0,0,0
2021-04-08 10:30,75,53,22,0,0,0
2021-04-08 10:45,86,58,28,0,0,0
2021-04-08 11:00,64,45,19,0,0,0
2021-04-08 11:15,44,27,17,0,0,0
2021-04-08 11:30,83,52,31,0,0,0
2021-04-08 11:45,90,55,35,0,0,0
2021-04-08 12:00,70,40,30,0,0,0
2021-04-08 12:15,87,51,36,0,0,0
2021-04-08 12:30,81,47,34,0,0,0
2021-04-08 12:45,90,48,42,0,0,0
2021-04-08 13:00,76,36,40,0,0,0
2021-04-08 13:15,64,33,31,0,0,0
2021-04-08 13:30,94,63,31,0,0,0
2021-04-08 13:45,82,60,22,0,0,0
2021-04-08 14:00,80,39,41,0,0,0
2021-04-08 14:15,92,56,36,0,0,0
2021-04-08 14:30,74,33,41,0,0,0
2021-04-08 14:45,93,53,40,0,0,0
2021-04-08 15:00,88,49,39,0,0,0
2021-04-08 15:15,95,53,42,0,0,0
2021-04-08 15:30,98,60,38,0,0,0
2021-04-08 15:45,113,64,49,0,0,0
2021-04-08 16:00,119,66,53,0,0,0
2021-04-08 16:15,127,72,55,0,0,0
2021-04-08 16:30,135,79,56,0,0,0
2021-04-08 16:45,128,83,45,0,0,0
2021-04-08 17:00,98,43,55,0,0,0
2021-04-08 17:15,112,58,54,0,0,0
2021-04-08 17:30,97,48,49,0,0,0
2021-04-08 17:45,121,55,66,0,0,0
2021-04-08 18:00,104,54,50,0,0,0
2021-04-08 18:15,86,45,41,0,0,0
2021-04-08 18:30,69,29,40,0,0,0
2021-04-08 18:45,72,38,34,0,0,0
2021-04-08 19:00,69,27,42,0,0,0
2021-04-08 19:15,47,18,29,0,0,0
2021-04-08 19:30,38,17,21,0,0,0
2021-04-08 19:45,35,13,22,0,0,0
2021-04-08 20:00,25,12,13,0,0,0
2021-04-08 20:15,36,19,17,0,0,0
2021-04-08 20:30,23,13,10,0,0,0
2021-04-08 20:45,24,10,14,0,0,0
2021-04-08 21:00,11,5,6,0,0,0
2021-04-08 21:15,20,10,10,0,0,0
2021-04-08 21:30,16,7,9,0,0,0
2021-04-08 21:45,20,12,8,0,0,0
2021-04-08 22:00,22,17,5,0,0,0
2021-04-08 22:15,18,8,10,0,0,0
2021-04-08 22:30,15,9,6,0,0,0
2021-04-08 22:45,13,6,7,0,0,0
2021-04-08 23:00,16,8,8,0,0,0
2021-04-08 23:15,15,12,3,0,0,0
2021-04-08 23:30,14,7,7,0,0,0
2021-04-08 23:45,11,7,4,0,0,0
2021-04-09 00:00,11,7,4,0,0,0
2021-04-09 00:15,8,8,0,0,0,0
2021-04-09 00:30,5,2,3,0,0,0
2021-04-09 00:45,4,3,1,0,0,0
2021-04-09 01:00,2,0,2,0,0,0
2021-04-09 01:15,4,4,0,0,0,0
2021-04-09 01:30,6,5,1,0,0,0
2021-04-09 01:45,4,2,2,0,0,0
2021-04-09 02:00,1,1,0,0,0,0
2021-04-09 02:15,1,0,1,0,0,0
2021-04-09 02:30,2,1,1,0,0,0
2021-04-09 02:45,0,0,0,0,0,0
2021-04-09 03:00,0,0,0,0,0,0
2021-04-09 03:15,1,1,0,0,0,0
2021-04-09 03:30,0,0,0,0,0,0
2021-04-09 03:45,1,1,0,0,0,0
2021-04-09 04:00,0,0,0,0,0,0
2021-04-09 04:15,2,1,1,0,0,0
2021-04-09 04:30,1,0,1,0,0,0
2021-04-09 04:45,2,1,1,0,0,0
2021-04-09 05:00,2,1,1,0,0,0
2021-04-09 05:15,1,1,0,0,0,0
2021-04-09 05:30,13,7,6,0,0,0
2021-04-09 05:45,20,7,13,0,0,0
2021-04-09 06:00,12,8,4,0,0,0
2021-04-09 06:15,17,10,7,0,0,0
2021-04-09 06:30,23,15,8,0,0,0
2021-04-09 06:45,42,28,14,0,0,0
2021-04-09 07:00,58,40,18,0,0,0
2021-04-09 07:15,65,35,30,0,0,0
2021-04-09 07:30,86,62,24,0,0,0
2021-04-09 07:45,84,60,24,0,0,0
2021-04-09 08:00,66,51,15,0,0,0
2021-04-09 08:15,85,60,25,0,0,0
2021-04-09 08:30,78,55,23,0,0,0
2021-04-09 08:45,110,87,23,0,0,0
2021-04-09 09:00,56,42,14,0,0,0
2021-04-09 09:15,81,55,26,0,0,0
2021-04-09 09:30,84,68,16,0,0,0
2021-04-09 09:45,75,58,17,0,0,0
2021-04-09 10:00,78,55,23,0,0,0
2021-04-09 10:15,88,66,22,0,0,0
2021-04-09 10:30,93,63,30,0,0,0
2021-04-09 10:45,117,77,40,0,0,0
2021-04-09 11:00,70,48,22,0,0,0
2021-04-09 11:15,80,51,29,0,0,0
2021-04-09 11:30,78,42,36,0,0,0
2021-04-09 11:45,121,79,42,0,0,0
2021-04-09 12:00,74,40,34,0,0,0
2021-04-09 12:15,106,59,47,0,0,0
2021-04-09 12:30,95,54,41,0,0,0
2021-04-09 12:45,121,63,58,0,0,0
2021-04-09 13:00,115,67,48,0,0,0
2021-04-09 13:15,87,51,36,0,0,0
2021-04-09 13:30,94,60,34,0,0,0
2021-04-09 13:45,105,71,34,0,0,0
2021-04-09 14:00,126,67,59,0,0,0
2021-04-09 14:15,91,53,38,0,0,0
2021-04-09 14:30,113,78,35,0,0,0
2021-04-09 14:45,127,83,44,0,0,0
2021-04-09 15:00,110,52,58,0,0,0
2021-04-09 15:15,93,59,34,0,0,0
2021-04-09 15:30,121,77,44,0,0,0
2021-04-09 15:45,144,90,54,0,0,0
2021-04-09 16:00,120,61,59,0,0,0
2021-04-09 16:15,121,62,59,0,0,0
2021-04-09 16:30,89,53,36,0,0,0
2021-04-09 16:45,134,67,67,0,0,0
2021-04-09 17:00,123,69,54,0,0,0
2021-04-09 17:15,107,53,54,0,0,0
2021-04-09 17:30,111,52,59,0,0,0
2021-04-09 17:45,105,55,50,0,0,0
2021-04-09 18:00,108,57,51,0,0,0
2021-04-09 18:15,82,43,39,0,0,0
2021-04-09 18:30,87,45,42,0,0,0
2021-04-09 18:45,61,31,30,0,0,0
2021-04-09 19:00,77,31,46,0,0,0
2021-04-09 19:15,36,23,13,0,0,0
2021-04-09 19:30,51,26,25,0,0,0
2021-04-09 19:45,47,27,20,0,0,0
2021-04-09 20:00,39,13,26,0,0,0
2021-04-09 20:15,49,24,25,0,0,0
2021-04-09 20:30,30,23,7,0,0,0
2021-04-09 20:45,36,24,12,0,0,0
2021-04-09 21:00,22,12,10,0,0,0
2021-04-09 21:15,25,15,10,0,0,0
2021-04-09 21:30,19,11,8,0,0,0
2021-04-09 21:45,17,9,8,0,0,0
2021-04-09 22:00,16,9,7,0,0,0
2021-04-09 22:15,21,6,15,0,0,0
2021-04-09 22:30,10,5,5,0,0,0
2021-04-09 22:45,13,4,9,0,0,0
2021-04-09 23:00,14,2,12,0,0,0
2021-04-09 23:15,11,10,1,0,0,0
2021-04-09 23:30,13,3,10,0,0,0
2021-04-09 23:45,14,10,4,0,0,0
2021-04-10 00:00,12,6,6,0,0,0
2021-04-10 00:15,14,9,5,0,0,0
2021-04-10 00:30,20,14,6,0,0,0
2021-04-10 00:45,14,10,4,0,0,0
2021-04-10 01:00,17,14,3,0,0,0
2021-04-10 01:15,7,5,2,0,0,0
2021-04-10 01:30,10,8,2,0,0,0
2021-04-10 01:45,16,7,9,0,0,0
2021-04-10 02:00,7,3,4,0,0,0
2021-04-10 02:15,5,2,3,0,0,0
2021-04-10 02:30,4,1,3,0,0,0
2021-04-10 02:45,5,3,2,0,0,0
2021-04-10 03:00,4,0,4,0,0,0
2021-04-10 03:15,4,3,1,0,0,0
2021-04-10 03:30,3,0,3,0,0,0
2021-04-10 03:45,0,0,0,0,0,0
2021-04-10 04:00,1,1,0,0,0,0
2021-04-10 04:15,2,0,2,0,0,0
2021-04-10 04:30,5,4,1,0,0,0
2021-04-10 04:45,0,0,0,0,0,0
2021-04-10 05:00,3,2,1,0,0,0
2021-04-10 05:15,2,1,1,0,0,0
2021-04-10 05:30,7,4,3,0,0,0
2021-04-10 05:45,5,2,3,0,0,0
2021-04-10 06:00,5,2,3,0,0,0
2021-04-10 06:15,10,7,3,0,0,0
2021-04-10 06:30,1,0,1,0,0,0
2021-04-10 06:45,12,7,5,0,0,0
2021-04-10 07:00,13,12,1,0,0,0
2021-04-10 07:15,6,3,3,0,0,0
2021-04-10 07:30,34,22,12,0,0,0
2021-04-10 07:45,20,16,4,0,0,0
2021-04-10 08:00,17,11,6,0,0,0
2021-04-10 08:15,32,19,13,0,0,0
2021-04-10 08:30,25,16,9,0,0,0
2021-04-10 08:45,44,33,11,0,0,0
2021-04-10 09:00,37,24,13,0,0,0
2021-04-10 09:15,52,32,20,0,0,0
2021-04-10 09:30,59,45,14,0,0,0
2021-04-10 09:45,85,58,27,0,0,0
2021-04-10 10:00,76,52,24,0,0,0
2021-04-10 10:15,85,60,25,0,0,0
2021-04-10 10:30,56,35,21,0,0,0
2021-04-10 10:45,70,44,26,0,0,0
2021-04-10 11:00,64,39,25,0,0,0
2021-04-10 11:15,57,44,13,0,0,0
2021-04-10 11:30,75,47,28,0,0,0
2021-04-10 11:45,98,67,31,0,0,0
2021-04-10 12:00,70,38,32,0,0,0
2021-04-10 12:15,82,53,29,0,0,0
2021-04-10 12:30,72,39,33,0,0,0
2021-04-10 12:45,96,61,35,0,0,0
2021-04-10 13:00,80,51,29,0,0,0
2021-04-10 13:15,79,52,27,0,0,0
2021-04-10 13:30,70,40,30,0,0,0
2021-04-10 13:45,69,32,37,0,0,0
2021-04-10 14:00,68,35,33,0,0,0
2021-04-10 14:15,68,31,37,0,0,0
2021-04-10 14:30,53,19,34,0,0,0
2021-04-10 14:45,56,19,37,0,0,0
2021-04-10 15:00,51,30,21,0,0,0
2021-04-10 15:15,54,37,17,0,0,0
2021-04-10 15:30,41,18,23,0,0,0
2021-04-10 15:45,67,44,23,0,0,0
2021-04-10 16:00,52,31,21,0,0,0
2021-04-10 16:15,47,23,24,0,0,0
2021-04-10 16:30,46,24,22,0,0,0
2021-04-10 16:45,32,14,18,0,0,0
2021-04-10 17:00,20,11,9,0,0,0
2021-04-10 17:15,29,13,16,0,0,0
2021-04-10 17:30,24,12,12,0,0,0
2021-04-10 17:45,34,18,16,0,0,0
2021-04-10 18:00,50,22,28,0,0,0
2021-04-10 18:15,43,18,25,0,0,0
2021-04-10 18:30,33,10,23,0,0,0
2021-04-10 18:45,34,24,10,0,0,0
2021-04-10 19:00,43,24,19,0,0,0
2021-04-10 19:15,20,8,12,0,0,0
2021-04-10 19:30,29,15,14,0,0,0
2021-04-10 19:45,21,12,9,0,0,0
2021-04-10 20:00,22,12,10,0,0,0
2021-04-10 20:15,27,10,17,0,0,0
2021-04-10 20:30,24,16,8,0,0,0
2021-04-10 20:45,18,9,9,0,0,0
2021-04-10 21:00,15,11,4,0,0,0
2021-04-10 21:15,16,6,10,0,0,0
2021-04-10 21:30,4,1,3,0,0,0
2021-04-10 21:45,8,7,1,0,0,0
2021-04-10 22:00,5,4,1,0,0,0
2021-04-10 22:15,7,3,4,0,0,0
2021-04-10 22:30,7,4,3,0,0,0
2021-04-10 22:45,7,5,2,0,0,0
2021-04-10 23:00,9,2,7,0,0,0
2021-04-10 23:15,9,7,2,0,0,0
2021-04-10 23:30,5,2,3,0,0,0
2021-04-10 23:45,10,3,7,0,0,0
2021-04-11 00:00,13,6,7,0,0,0
2021-04-11 00:15,10,5,5,0,0,0
2021-04-11 00:30,12,7,5,0,0,0
2021-04-11 00:45,12,6,6,0,0,0
2021-04-11 01:00,13,7,6,0,0,0
2021-04-11 01:15,5,5,0,0,0,0
2021-04-11 01:30,10,8,2,0,0,0
2021-04-11 01:45,7,3,4,0,0,0
2021-04-11 02:00,15,10,5,0,0,0
2021-04-11 02:15,6,4,2,0,0,0
2021-04-11 02:30,7,1,6,0,0,0
2021-04-11 02:45,5,3,2,0,0,0
2021-04-11 03:00,6,1,5,0,0,0
2021-04-11 03:15,4,2,2,0,0,0
2021-04-11 03:30,4,4,0,0,0,0
2021-04-11 03:45,2,0,2,0,0,0
2021-04-11 04:00,4,2,2,0,0,0
2021-04-11 04:15,0,0,0,0,0,0
2021-04-11 04:30,4,2,2,0,0,0
2021-04-11 04:45,0,0,0,0,0,0
2021-04-11 05:00,0,0,0,0,0,0
2021-04-11 05:15,0,0,0,0,0,0
2021-04-11 05:30,7,1,6,0,0,0
2021-04-11 05:45,3,1,2,0,0,0
2021-04-11 06:00,4,3,1,0,0,0
2021-04-11 06:15,6,2,4,0,0,0
2021-04-11 06:30,2,2,0,0,0,0
2021-04-11 06:45,8,4,4,0,0,0
2021-04-11 07:00,2,1,1,0,0,0
2021-04-11 07:15,1,1,0,0,0,0
2021-04-11 07:30,6,5,1,0,0,0
2021-04-11 07:45,5,2,3,0,0,0
2021-04-11 08:00,2,2,0,0,0,0
2021-04-11 08:15,4,3,1,0,0,0
2021-04-11 08:30,7,4,3,0,0,0
2021-04-11 08:45,9,4,5,0,0,0
2021-04-11 09:00,8,7,1,0,0,0
2021-04-11 09:15,12,11,1,0,0,0
2021-04-11 09:30,11,9,2,0,0,0
2021-04-11 09:45,21,13,8,0,0,0
2021-04-11 10:00,14,8,6,0,0,0
2021-04-11 10:15,20,13,7,0,0,0
2021-04-11 10:30,14,9,5,0,0,0
2021-04-11 10:45,16,8,8,0,0,0
2021-04-11 11:00,15,6,9,0,0,0
2021-04-11 11:15,23,14,9,0,0,0
2021-04-11 11:30,20,9,11,0,0,0
2021-04-11 11:45,16,9,7,0,0,0
2021-04-11 12:00,15,9,6,0,0,0
2021-04-11 12:15,14,10,4,0,0,0
2021-04-11 12:30,21,13,8,0,0,0
2021-04-11 12:45,25,14,11,0,0,0
2021-04-11 13:00,19,14,5,0,0,0
2021-04-11 13:15,24,17,7,0,0,0
2021-04-11 13:30,16,13,3,0,0,0
2021-04-11 13:45,19,10,9,0,0,0
2021-04-11 14:00,18,13,5,0,0,0
2021-04-11 14:15,17,11,6,0,0,0
2021-04-11 14:30,22,14,8,0,0,0
2021-04-11 14:45,45,29,16,0,0,0
2021-04-11 15:00,29,16,13,0,0,0
2021-04-11 15:15,32,19,13,0,0,0
2021-04-11 15:30,46,26,20,0,0,0
2021-04-11 15:45,43,30,13,0,0,0
2021-04-11 16:00,27,12,15,0,0,0
2021-04-11 16:15,31,22,9,0,0,0
2021-04-11 16:30,27,11,16,0,0,0
2021-04-11 16:45,50,40,10,0,0,0
2021-04-11 17:00,38,21,17,0,0,0
2021-04-11 17:15,24,13,11,0,0,0
2021-04-11 17:30,27,12,15,0,0,0
2021-04-11 17:45,32,17,15,0,0,0
2021-04-11 18:00,34,16,18,0,0,0
2021-04-11 18:15,43,21,22,0,0,0
2021-04-11 18:30,27,14,13,0,0,0
2021-04-11 18:45,41,30,11,0,0,0
2021-04-11 19:00,22,11,11,0,0,0
2021-04-11 19:15,34,15,19,0,0,0
2021-04-11 19:30,25,16,9,0,0,0
2021-04-11 19:45,23,13,10,0,0,0
2021-04-11 20:00,35,27,8,0,0,0
2021-04-11 20:15,32,17,15,0,0,0
2021-04-11 20:30,27,19,8,0,0,0
2021-04-11 20:45,17,13,4,0,0,0
2021-04-11 21:00,14,6,8,0,0,0
2021-04-11 21:15,23,16,7,0,0,0
2021-04-11 21:30,12,7,5,0,0,0
2021-04-11 21:45,7,3,4,0,0,0
2021-04-11 22:00,12,7,5,0,0,0
2021-04-11 22:15,11,6,5,0,0,0
2021-04-11 22:30,6,4,2,0,0,0
2021-04-11 22:45,11,6,5,0,0,0
2021-04-11 23:00,7,1,6,0,0,0
2021-04-11 23:15,5,1,4,0,0,0
2021-04-11 23:30,8,4,4,0,0,0
2021-04-11 23:45,6,1,5,0,0,0
2021-04-12 00:00,5,3,2,0,0,0
2021-04-12 00:15,0,0,0,0,0,0
2021-04-12 00:30,2,0,2,0,0,0
2021-04-12 00:45,2,1,1,0,0,0
2021-04-12 01:00,0,0,0,0,0,0
2021-04-12 01:15,0,0,0,0,0,0
2021-04-12 01:30,0,0,0,0,0,0
2021-04-12 01:45,1,0,1,0,0,0
2021-04-12 02:00,1,0,1,0,0,0
2021-04-12 02:15,0,0,0,0,0,0
2021-04-12 02:30,1,1,0,0,0,0
2021-04-12 02:45,0,0,0,0,0,0
2021-04-12 03:00,0,0,0,0,0,0
2021-04-12 03:15,1,1,0,0,0,0
2021-04-12 03:30,0,0,0,0,0,0
2021-04-12 03:45,1,1,0,0,0,0
2021-04-12 04:00,0,0,0,0,0,0
2021-04-12 04:15,1,0,1,0,0,0
2021-04-12 04:30,1,0,1,0,0,0
2021-04-12 04:45,2,0,2,0,0,0
2021-04-12 05:00,2,1,1,0,0,0
2021-04-12 05:15,1,1,0,0,0,0
2021-04-12 05:30,15,11,4,0,0,0
2021-04-12 05:45,19,8,11,0,0,0
2021-04-12 06:00,9,5,4,0,0,0
2021-04-12 06:15,21,11,10,0,0,0
2021-04-12 06:30,31,19,12,0,0,0
2021-04-12 06:45,56,39,17,0,0,0
2021-04-12 07:00,63,43,20,0,0,0
2021-04-12 07:15,77,44,33,0,0,0
2021-04-12 07:30,118,78,40,0,0,0
2021-04-12 07:45,136,105,31,0,0,0
2021-04-12 08:00,155,132,23,0,0,0
2021-04-12 08:15,117,83,34,0,0,0
2021-04-12 08:30,106,79,27,0,0,0
2021-04-12 08:45,137,102,35,0,0,0
2021-04-12 09:00,75,56,19,0,0,0
2021-04-12 09:15,70,56,14,0,0,0
2021-04-12 09:30,67,51,16,0,0,0
2021-04-12 09:45,94,68,26,0,0,0
2021-04-12 10:00,79,51,28,0,0,0
2021-04-12 10:15,70,45,25,0,0,0
2021-04-12 10:30,78,49,29,0,0,0
2021-04-12 10:45,81,52,29,0,0,0
2021-04-12 11:00,63,42,21,0,0,0
2021-04-12 11:15,87,58,29,0,0,0
2021-04-12 11:30,83,50,33,0,0,0
2021-04-12 11:45,81,52,29,0,0,0
2021-04-12 12:00,104,49,55,0,0,0
2021-04-12 12:15,92,52,40,0,0,0
2021-04-12 12:30,84,44,40,0,0,0
2021-04-12 12:45,79,44,35,0,0,0
2021-04-12 13:00,88,51,37,0,0,0
2021-04-12 13:15,85,46,39,0,0,0
2021-04-12 13:30,105,60,45,0,0,0
2021-04-12 13:45,98,58,40,0,0,0
2021-04-12 14:00,80,46,34,0,0,0
2021-04-12 14:15,78,49,29,0,0,0
2021-04-12 14:30,72,35,37,0,0,0
2021-04-12 14:45,122,75,47,0,0,0
2021-04-12 15:00,85,52,33,0,0,0
2021-04-12 15:15,95,60,35,0,0,0
2021-04-12 15:30,101,55,46,0,0,0
2021-04-12 15:45,94,51,43,0,0,0
2021-04-12 16:00,110,51,59,0,0,0
2021-04-12 16:15,89,46,43,0,0,0
2021-04-12 16:30,107,58,49,0,0,0
2021-04-12 16:45,115,70,45,0,0,0
2021-04-12 17:00,103,53,50,0,0,0
2021-04-12 17:15,121,53,68,0,0,0
2021-04-12 17:30,101,48,53,0,0,0
2021-04-12 17:45,98,52,46,0,0,0
2021-04-12 18:00,106,45,61,0,0,0
2021-04-12 18:15,96,51,45,0,0,0
2021-04-12 18:30,74,36,38,0,0,0
2021-04-12 18:45,47,25,22,0,0,0
2021-04-12 19:00,63,30,33,0,0,0
2021-04-12 19:15,63,34,29,0,0,0
2021-04-12 19:30,32,20,12,0,0,0
2021-04-12 19:45,53,25,28,0,0,0
2021-04-12 20:00,44,17,27,0,0,0
2021-04-12 20:15,27,16,11,0,0,0
2021-04-12 20:30,22,13,9,0,0,0
2021-04-12 20:45,21,15,6,0,0,0
2021-04-12 21:00,23,20,3,0,0,0
2021-04-12 21:15,33,19,14,0,0,0
2021-04-12 21:30,18,7,11,0,0,0
2021-04-12 21:45,17,8,9,0,0,0
2021-04-12 22:00,16,6,10,0,0,0
2021-04-12 22:15,12,7,5,0,0,0
2021-04-12 22:30,9,4,5,0,0,0
2021-04-12 22:45,14,11,3,0,0,0
2021-04-12 23:00,12,6,6,0,0,0
2021-04-12 23:15,5,2,3,0,0,0
2021-04-12 23:30,10,5,5,0,0,0
2021-04-12 23:45,7,5,2,0,0,0
2021-04-13 00:00,2,1,1,0,0,0
2021-04-13 00:15,5,4,1,0,0,0
2021-04-13 00:30,2,1,1,0,0,0
2021-04-13 00:45,2,1,1,0,0,0
2021-04-13 01:00,3,3,0,0,0,0
2021-04-13 01:15,0,0,0,0,0,0
2021-04-13 01:30,5,1,4,0,0,0
2021-04-13 01:45,0,0,0,0,0,0
2021-04-13 02:00,4,2,2,0,0,0
2021-04-13 02:15,1,0,1,0,0,0
2021-04-13 02:30,0,0,0,0,0,0
2021-04-13 02:45,0,0,0,0,0,0
2021-04-13 03:00,0,0,0,0,0,0
2021-04-13 03:15,1,0,1,0,0,0
2021-04-13 03:30,1,1,0,0,0,0
2021-04-13 03:45,2,2,0,0,0,0
2021-04-13 04:00,0,0,0,0,0,0
2021-04-13 04:15,1,0,1,0,0,0
2021-04-13 04:30,1,1,0,0,0,0
2021-04-13 04:45,4,4,0,0,0,0
2021-04-13 05:00,0,0,0,0,0,0
2021-04-13 05:15,4,3,1,0,0,0
2021-04-13 05:30,9,6,3,0,0,0
2021-04-13 05:45,14,5,9,0,0,0
2021-04-13 06:00,18,13,5,0,0,0
2021-04-13 06:15,27,15,12,0,0,0
2021-04-13 06:30,37,23,14,0,0,0
2021-04-13 06:45,45,30,15,0,0,0
2021-04-13 07:00,78,51,27,0,0,0
2021-04-13 07:15,81,52,29,0,0,0
2021-04-13 07:30,127,88,39,0,0,0
2021-04-13 07:45,138,107,31,0,0,0
2021-04-13 08:00,140,118,22,0,0,0
2021-04-13 08:15,137,98,39,0,0,0
2021-04-13 08:30,111,83,28,0,0,0
2021-04-13 08:45,135,105,30,0,0,0
2021-04-13 09:00,75,56,19,0,0,0
2021-04-13 09:15,75,56,19,0,0,0
2021-04-13 09:30,87,59,28,0,0,0
2021-04-13 09:45,100,68,32,0,0,0
2021-04-13 10:00,63,43,20,0,0,0
2021-04-13 10:15,70,50,20,0,0,0
2021-04-13 10:30,69,46,23,0,0,0
2021-04-13 10:45,83,60,23,0,0,0
2021-04-13 11:00,74,46,28,0,0,0
2021-04-13 11:15,79,45,34,0,0,0
2021-04-13 11:30,60,32,28,0,0,0
2021-04-13 11:45,102,62,40,0,0,0
2021-04-13 12:00,86,50,36,0,0,0
2021-04-13 12:15,89,49,40,0,0,0
2021-04-13 12:30,89,56,33,0,0,0
2021-04-13 12:45,125,63,62,0,0,0
2021-04-13 13:00,82,35,47,0,0,0
2021-04-13 13:15,96,49,47,0,0,0
2021-04-13 13:30,95,59,36,0,0,0
2021-04-13 13:45,98,56,42,0,0,0
2021-04-13 14:00,90,42,48,0,0,0
2021-04-13 14:15,113,59,54,0,0,0
2021-04-13 14:30,98,52,46,0,0,0
2021-04-13 14:45,134,82,52,0,0,0
2021-04-13 15:00,104,58,46,0,0,0
2021-04-13 15:15,103,56,47,0,0,0
2021-04-13 15:30,103,58,45,0,0,0
2021-04-13 15:45,146,85,61,0,0,0
2021-04-13 16:00,128,69,59,0,0,0
2021-04-13 16:15,139,69,70,0,0,0
2021-04-13 16:30,126,65,61,0,0,0
2021-04-13 16:45,146,82,64,0,0,0
2021-04-13 17:00,134,65,69,0,0,0
2021-04-13 17:15,135,63,72,0,0,0
2021-04-13 17:30,124,61,63,0,0,0
2021-04-13 17:45,120,60,60,0,0,0
2021-04-13 18:00,110,48,62,0,0,0
2021-04-13 18:15,92,50,42,0,0,0
2021-04-13 18:30,75,45,30,0,0,0
2021-04-13 18:45,83,38,45,0,0,0
2021-04-13 19:00,72,29,43,0,0,0
2021-04-13 19:15,73,35,38,0,0,0
2021-04-13 19:30,58,26,32,0,0,0
2021-04-13 19:45,45,22,23,0,0,0
2021-04-13 20:00,48,24,24,0,0,0
2021-04-13 20:15,38,18,20,0,0,0
2021-04-13 20:30,27,15,12,0,0,0
2021-04-13 20:45,24,14,10,0,0,0
2021-04-13 21:00,20,9,11,0,0,0
2021-04-13 21:15,23,17,6,0,0,0
2021-04-13 21:30,24,10,14,0,0,0
2021-04-13 21:45,17,10,7,0,0,0
2021-04-13 22:00,13,9,4,0,0,0
2021-04-13 22:15,11,3,8,0,0,0
2021-04-13 22:30,18,8,10,0,0,0
2021-04-13 22:45,14,8,6,0,0,0
2021-04-13 23:00,27,19,8,0,0,0
2021-04-13 23:15,21,9,12,0,0,0
2021-04-13 23:30,18,11,7,0,0,0
2021-04-13 23:45,11,6,5,0,0,0
2021-04-14 00:00,8,3,5,0,0,0
2021-04-14 00:15,5,4,1,0,0,0
2021-04-14 00:30,4,1,3,0,0,0
2021-04-14 00:45,4,1,3,0,0,0
2021-04-14 01:00,3,3,0,0,0,0
2021-04-14 01:15,1,0,1,0,0,0
2021-04-14 01:30,2,0,2,0,0,0
2021-04-14 01:45,5,2,3,0,0,0
2021-04-14 02:00,2,0,2,0,0,0
2021-04-14 02:15,2,1,1,0,0,0
2021-04-14 02:30,1,0,1,0,0,0
2021-04-14 02:45,0,0,0,0,0,0
2021-04-14 03:00,1,1,0,0,0,0
2021-04-14 03:15,0,0,0,0,0,0
2021-04-14 03:30,0,0,0,0,0,0
2021-04-14 03:45,1,1,0,0,0,0
2021-04-14 04:00,0,0,0,0,0,0
2021-04-14 04:15,5,4,1,0,0,0
2021-04-14 04:30,2,1,1,0,0,0
2021-04-14 04:45,2,2,0,0,0,0
2021-04-14 05:00,1,0,1,0,0,0
2021-04-14 05:15,3,2,1,0,0,0
2021-04-14 05:30,11,7,4,0,0,0
2021-04-14 05:45,16,7,9,0,0,0
2021-04-14 06:00,16,10,6,0,0,0
2021-04-14 06:15,30,17,13,0,0,0
2021-04-14 06:30,30,26,4,0,0,0
2021-04-14 06:45,60,39,21,0,0,0
2021-04-14 07:00,76,57,19,0,0,0
2021-04-14 07:15,77,52,25,0,0,0
2021-04-14 07:30,130,93,37,0,0,0
2021-04-14 07:45,167,131,36,0,0,0
2021-04-14 08:00,159,134,25,0,0,0
2021-04-14 08:15,125,78,47,0,0,0
2021-04-14 08:30,142,111,31,0,0,0
2021-04-14 08:45,135,103,32,0,0,0
2021-04-14 09:00,103,71,32,0,0,0
2021-04-14 09:15,86,73,13,0,0,0
2021-04-14 09:30,109,92,17,0,0,0
2021-04-14 09:45,132,94,38,0,0,0
2021-04-14 10:00,81,59,22,0,0,0
2021-04-14 10:15,121,86,35,0,0,0
2021-04-14 10:30,103,68,35,0,0,0
2021-04-14 10:45,120,89,31,0,0,0
2021-04-14 11:00,120,85,35,0,0,0
2021-04-14 11:15,117,71,46,0,0,0
2021-04-14 11:30,112,71,41,0,0,0
2021-04-14 11:45,133,74,59,0,0,0
2021-04-14 12:00,127,84,43,0,0,0
2021-04-14 12:15,110,69,41,0,0,0
2021-04-14 12:30,109,43,66,0,0,0
2021-04-14 12:45,127,63,64,0,0,0
2021-04-14 13:00,131,56,75,0,0,0
2021-04-14 13:15,104,53,51,0,0,0
2021-04-14 13:30,133,72,61,0,0,0
2021-04-14 13:45,134,75,59,0,0,0
2021-04-14 14:00,111,59,52,0,0,0
2021-04-14 14:15,112,63,49,0,0,0
2021-04-14 14:30,92,42,50,0,0,0
2021-04-14 14:45,101,64,37,0,0,0
2021-04-14 15:00,87,41,46,0,0,0
2021-04-14 15:15,80,36,44,0,0,0
2021-04-14 15:30,91,48,43,0,0,0
2021-04-14 15:45,117,68,49,0,0,0
2021-04-14 16:00,112,59,53,0,0,0
2021-04-14 16:15,118,68,50,0,0,0
2021-04-14 16:30,111,58,53,0,0,0
2021-04-14 16:45,114,59,55,0,0,0
2021-04-14 17:00,120,62,58,0,0,0
2021-04-14 17:15,121,55,66,0,0,0
2021-04-14 17:30,94,46,48,0,0,0
2021-04-14 17:45,119,64,55,0,0,0
2021-04-14 18:00,89,37,52,0,0,0
2021-04-14 18:15,89,41,48,0,0,0
2021-04-14 18:30,74,34,40,0,0,0
2021-04-14 18:45,73,23,50,0,0,0
2021-04-14 19:00,71,34,37,0,0,0
2021-04-14 19:15,58,32,26,0,0,0
2021-04-14 19:30,51,25,26,0,0,0
2021-04-14 19:45,36,17,19,0,0,0
2021-04-14 20:00,56,28,28,0,0,0
2021-04-14 20:15,40,21,19,0,0,0
2021-04-14 20:30,36,20,16,0,0,0
2021-04-14 20:45,24,10,14,0,0,0
2021-04-14 21:00,13,6,7,0,0,0
2021-04-14 21:15,16,11,5,0,0,0
2021-04-14 21:30,9,5,4,0,0,0
2021-04-14 21:45,13,6,7,0,0,0
2021-04-14 22:00,12,4,8,0,0,0
2021-04-14 22:15,17,10,7,0,0,0
2021-04-14 22:30,12,6,6,0,0,0
2021-04-14 22:45,18,11,7,0,0,0
2021-04-14 23:00,23,15,8,0,0,0
2021-04-14 23:15,20,14,6,0,0,0
2021-04-14 23:30,16,11,5,0,0,0
2021-04-14 23:45,13,11,2,0,0,0
2021-04-15 00:00,10,1,9,0,0,0
2021-04-15 00:15,6,2,4,0,0,0
2021-04-15 00:30,4,3,1,0,0,0
2021-04-15 00:45,2,1,1,0,0,0
2021-04-15 01:00,1,0,1,0,0,0
2021-04-15 01:15,2,1,1,0,0,0
2021-04-15 01:30,1,1,0,0,0,0
2021-04-15 01:45,4,2,2,0,0,0
2021-04-15 02:00,0,0,0,0,0,0
2021-04-15 02:15,1,0,1,0,0,0
2021-04-15 02:30,1,0,1,0,0,0
2021-04-15 02:45,0,0,0,0,0,0
2021-04-15 03:00,0,0,0,0,0,0
2021-04-15 03:15,1,1,0,0,0,0
2021-04-15 03:30,0,0,0,0,0,0
2021-04-15 03:45,1,0,1,0,0,0
2021-04-15 04:00,0,0,0,0,0,0
2021-04-15 04:15,1,0,1,0,0,0
2021-04-15 04:30,3,2,1,0,0,0
2021-04-15 04:45,4,3,1,0,0,0
2021-04-15 05:00,0,0,0,0,0,0
2021-04-15 05:15,1,1,0,0,0,0
2021-04-15 05:30,10,7,3,0,0,0
2021-04-15 05:45,10,4,6,0,0,0
2021-04-15 06:00,13,11,2,0,0,0
2021-04-15 06:15,26,16,10,0,0,0
2021-04-15 06:30,25,16,9,0,0,0
2021-04-15 06:45,54,39,15,0,0,0
2021-04-15 07:00,79,58,21,0,0,0
2021-04-15 07:15,76,46,30,0,0,0
2021-04-15 07:30,126,85,41,0,0,0
2021-04-15 07:45,136,109,27,0,0,0
2021-04-15 08:00,153,131,22,0,0,0
2021-04-15 08:15,117,76,41,0,0,0
2021-04-15 08:30,110,87,23,0,0,0
2021-04-15 08:45,127,103,24,0,0,0
2021-04-15 09:00,85,66,19,0,0,0
2021-04-15 09:15,86,67,19,0,0,0
2021-04-15 09:30,92,68,24,0,0,0
2021-04-15 09:45,106,79,27,0,0,0
2021-04-15 10:00,74,47,27,0,0,0
2021-04-15 10:15,78,53,25,0,0,0
2021-04-15 10:30,85,55,30,0,0,0
2021-04-15 10:45,78,47,31,0,0,0
2021-04-15 11:00,73,45,28,0,0,0
2021-04-15 11:15,76,49,27,0,0,0
2021-04-15 11:30,94,65,29,0,0,0
2021-04-15 11:45,87,58,29,0,0,0
2021-04-15 12:00,79,50,29,0,0,0
2021-04-15 12:15,92,46,46,0,0,0
2021-04-15 12:30,82,44,38,0,0,0
2021-04-15 12:45,78,47,31,0,0,0
2021-04-15 13:00,92,48,44,0,0,0
2021-04-15 13:15,98,63,35,0,0,0
2021-04-15 13:30,94,56,38,0,0,0
2021-04-15 13:45,94,48,46,0,0,0
2021-04-15 14:00,96,56,40,0,0,0
2021-04-15 14:15,90,59,31,0,0,0
2021-04-15 14:30,100,49,51,0,0,0
2021-04-15 14:45,109,63,46,0,0,0
2021-04-15 15:00,98,49,49,0,0,0
2021-04-15 15:15,104,59,45,0,0,0
2021-04-15 15:30,128,81,47,0,0,0
2021-04-15 15:45,123,65,58,0,0,0
2021-04-15 16:00,130,81,49,0,0,0
2021-04-15 16:15,127,70,57,0,0,0
2021-04-15 16:30,136,58,78,0,0,0
2021-04-15 16:45,143,69,74,0,0,0
2021-04-15 17:00,122,69,53,0,0,0
2021-04-15 17:15,147,84,63,0,0,0
2021-04-15 17:30,133,65,68,0,0,0
2021-04-15 17:45,115,50,65,0,0,0
2021-04-15 18:00,113,51,62,0,0,0
2021-04-15 18:15,113,54,59,0,0,0
2021-04-15 18:30,104,54,50,0,0,0
2021-04-15 18:45,76,43,33,0,0,0
2021-04-15 19:00,64,32,32,0,0,0
2021-04-15 19:15,67,42,25,0,0,0
2021-04-15 19:30,62,29,33,0,0,0
2021-04-15 19:45,60,41,19,0,0,0
2021-04-15 20:00,41,13,28,0,0,0
2021-04-15 20:15,34,16,18,0,0,0
2021-04-15 20:30,26,11,15,0,0,0
2021-04-15 20:45,23,11,12,0,0,0
2021-04-15 21:00,18,8,10,0,0,0
2021-04-15 21:15,16,8,8,0,0,0
2021-04-15 21:30,16,9,7,0,0,0
2021-04-15 21:45,27,13,14,0,0,0
2021-04-15 22:00,11,4,7,0,0,0
2021-04-15 22:15,11,6,5,0,0,0
2021-04-15 22:30,27,15,12,0,0,0
2021-04-15 22:45,20,10,10,0,0,0
2021-04-15 23:00,14,9,5,0,0,0
2021-04-15 23:15,16,11,5,0,0,0
2021-04-15 23:30,10,5,5,0,0,0
2021-04-15 23:45,9,6,3,0,0,0
2021-04-16 00:00,11,5,6,0,0,0
2021-04-16 00:15,10,3,7,0,0,0
2021-04-16 00:30,6,3,3,0,0,0
2021-04-16 00:45,4,3,1,0,0,0
2021-04-16 01:00,2,0,2,0,0,0
2021-04-16 01:15,3,1,2,0,0,0
2021-04-16 01:30,1,1,0,0,0,0
2021-04-16 01:45,3,3,0,0,0,0
2021-04-16 02:00,3,1,2,0,0,0
2021-04-16 02:15,2,2,0,0,0,0
2021-04-16 02:30,6,4,2,0,0,0
2021-04-16 02:45,1,1,0,0,0,0
2021-04-16 03:00,5,5,0,0,0,0
2021-04-16 03:15,0,0,0,0,0,0
2021-04-16 03:30,0,0,0,0,0,0
2021-04-16 03:45,1,0,1,0,0,0
2021-04-16 04:00,1,1,0,0,0,0
2021-04-16 04:15,1,0,1,0,0,0
2021-04-16 04:30,2,2,0,0,0,0
2021-04-16 04:45,2,1,1,0,0,0
2021-04-16 05:00,0,0,0,0,0,0
2021-04-16 05:15,4,3,1,0,0,0
2021-04-16 05:30,10,6,4,0,0,0
2021-04-16 05:45,18,8,10,0,0,0
2021-04-16 06:00,11,10,1,0,0,0
2021-04-16 06:15,19,14,5,0,0,0
2021-04-16 06:30,37,23,14,0,0,0
2021-04-16 06:45,46,27,19,0,0,0
2021-04-16 07:00,76,56,20,0,0,0
2021-04-16 07:15,90,56,34,0,0,0
2021-04-16 07:30,107,73,34,0,0,0
2021-04-16 07:45,127,99,28,0,0,0
2021-04-16 08:00,136,102,34,0,0,0
2021-04-16 08:15,102,79,23,0,0,0
2021-04-16 08:30,98,73,25,0,0,0
2021-04-16 08:45,116,93,23,0,0,0
2021-04-16 09:00,96,68,28,0,0,0
2021-04-16 09:15,87,64,23,0,0,0
2021-04-16 09:30,85,57,28,0,0,0
2021-04-16 09:45,87,58,29,0,0,0
2021-04-16 10:00,66,45,21,0,0,0
2021-04-16 10:15,72,45,27,0,0,0
2021-04-16 10:30,82,61,21,0,0,0
2021-04-16 10:45,103,72,31,0,0,0
2021-04-16 11:00,66,43,23,0,0,0
2021-04-16 11:15,112,82,30,0,0,0
2021-04-16 11:30,73,50,23,0,0,0
2021-04-16 11:45,121,81,40,0,0,0
2021-04-16 12:00,105,63,42,0,0,0
2021-04-16 12:15,94,61,33,0,0,0
2021-04-16 12:30,137,77,60,0,0,0
2021-04-16 12:45,114,61,53,0,0,0
2021-04-16 13:00,107,61,46,0,0,0
2021-04-16 13:15,90,48,42,0,0,0
2021-04-16 13:30,110,57,53,0,0,0
2021-04-16 13:45,113,67,46,0,0,0
2021-04-16 14:00,116,69,47,0,0,0
2021-04-16 14:15,115,63,52,0,0,0
2021-04-16 14:30,127,79,48,0,0,0
2021-04-16 14:45,143,91,52,0,0,0
2021-04-16 15:00,136,69,67,0,0,0
2021-04-16 15:15,130,77,53,0,0,0
2021-04-16 15:30,138,81,57,0,0,0
2021-04-16 15:45,156,96,60,0,0,0
2021-04-16 16:00,131,69,62,0,0,0
2021-04-16 16:15,139,72,67,0,0,0
2021-04-16 16:30,118,66,52,0,0,0
2021-04-16 16:45,130,74,56,0,0,0
2021-04-16 17:00,116,64,52,0,0,0
2021-04-16 17:15,122,64,58,0,0,0
2021-04-16 17:30,103,52,51,0,0,0
2021-04-16 17:45,110,54,56,0,0,0
2021-04-16 18:00,95,49,46,0,0,0
2021-04-16 18:15,94,40,54,0,0,0
2021-04-16 18:30,84,40,44,0,0,0
2021-04-16 18:45,83,44,39,0,0,0
2021-04-16 19:00,74,32,42,0,0,0
2021-04-16 19:15,78,47,31,0,0,0
2021-04-16 19:30,66,32,34,0,0,0
2021-04-16 19:45,57,21,36,0,0,0
2021-04-16 20:00,63,25,38,0,0,0
2021-04-16 20:15,45,31,14,0,0,0
2021-04-16 20:30,26,13,13,0,0,0
2021-04-16 20:45,17,6,11,0,0,0
2021-04-16 21:00,39,28,11,0,0,0
2021-04-16 21:15,19,11,8,0,0,0
2021-04-16 21:30,21,8,13,0,0,0
2021-04-16 21:45,21,14,7,0,0,0
2021-04-16 22:00,17,13,4,0,0,0
2021-04-16 22:15,7,4,3,0,0,0
2021-04-16 22:30,20,10,10,0,0,0
2021-04-16 22:45,13,7,6,0,0,0
2021-04-16 23:00,11,8,3,0,0,0
2021-04-16 23:15,12,9,3,0,0,0
2021-04-16 23:30,13,9,4,0,0,0
2021-04-16 23:45,18,14,4,0,0,0
2021-04-17 00:00,15,7,8,0,0,0
2021-04-17 00:15,13,8,5,0,0,0
2021-04-17 00:30,7,4,3,0,0,0
2021-04-17 00:45,17,12,5,0,0,0
2021-04-17 01:00,9,4,5,0,0,0
2021-04-17 01:15,5,4,1,0,0,0
2021-04-17 01:30,13,7,6,0,0,0
2021-04-17 01:45,6,1,5,0,0,0
2021-04-17 02:00,10,5,5,0,0,0
2021-04-17 02:15,12,8,4,0,0,0
2021-04-17 02:30,4,1,3,0,0,0
2021-04-17 02:45,4,3,1,0,0,0
2021-04-17 03:00,6,5,1,0,0,0
2021-04-17 03:15,4,3,1,0,0,0
2021-04-17 03:30,1,1,0,0,0,0
2021-04-17 03:45,1,0,1,0,0,0
2021-04-17 04:00,4,3,1,0,0,0
2021-04-17 04:15,1,0,1,0,0,0
2021-04-17 04:30,2,0,2,0,0,0
2021-04-17 04:45,0,0,0,0,0,0
2021-04-17 05:00,2,2,0,0,0,0
2021-04-17 05:15,4,4,0,0,0,0
2021-04-17 05:30,11,6,5,0,0,0
2021-04-17 05:45,8,3,5,0,0,0
2021-04-17 06:00,8,8,0,0,0,0
2021-04-17 06:15,3,0,3,0,0,0
2021-04-17 06:30,8,8,0,0,0,0
2021-04-17 06:45,13,9,4,0,0,0
2021-04-17 07:00,18,14,4,0,0,0
2021-04-17 07:15,19,13,6,0,0,0
2021-04-17 07:30,25,16,9,0,0,0
2021-04-17 07:45,35,24,11,0,0,0
2021-04-17 08:00,34,21,13,0,0,0
2021-04-17 08:15,42,32,10,0,0,0
2021-04-17 08:30,43,33,10,0,0,0
2021-04-17 08:45,56,33,23,0,0,0
2021-04-17 09:00,63,44,19,0,0,0
2021-04-17 09:15,49,36,13,0,0,0
2021-04-17 09:30,91,67,24,0,0,0
2021-04-17 09:45,124,97,27,0,0,0
2021-04-17 10:00,101,75,26,0,0,0
2021-04-17 10:15,113,83,30,0,0,0
2021-04-17 10:30,125,79,46,0,0,0
2021-04-17 10:45,167,119,48,0,0,0
2021-04-17 11:00,114,79,35,0,0,0
2021-04-17 11:15,129,98,31,0,0,0
2021-04-17 11:30,123,76,47,0,0,0
2021-04-17 11:45,174,114,60,0,0,0
2021-04-17 12:00,145,87,58,0,0,0
2021-04-17 12:15,172,94,78,0,0,0
2021-04-17 12:30,122,70,52,0,0,0
2021-04-17 12:45,172,106,66,0,0,0
2021-04-17 13:00,142,80,62,0,0,0
2021-04-17 13:15,142,77,65,0,0,0
2021-04-17 13:30,152,69,83,0,0,0
2021-04-17 13:45,145,79,66,0,0,0
2021-04-17 14:00,108,51,57,0,0,0
2021-04-17 14:15,117,68,49,0,0,0
2021-04-17 14:30,93,36,57,0,0,0
2021-04-17 14:45,112,56,56,0,0,0
2021-04-17 15:00,90,54,36,0,0,0
2021-04-17 15:15,112,58,54,0,0,0
2021-04-17 15:30,97,59,38,0,0,0
2021-04-17 15:45,77,47,30,0,0,0
2021-04-17 16:00,76,35,41,0,0,0
2021-04-17 16:15,96,51,45,0,0,0
2021-04-17 16:30,82,38,44,0,0,0
2021-04-17 16:45,90,52,38,0,0,0
2021-04-17 17:00,89,55,34,0,0,0
2021-04-17 17:15,67,39,28,0,0,0
2021-04-17 17:30,74,44,30,0,0,0
2021-04-17 17:45,90,37,53,0,0,0
2021-04-17 18:00,61,27,34,0,0,0
2021-04-17 18:15,77,35,42,0,0,0
2021-04-17 18:30,56,37,19,0,0,0
2021-04-17 18:45,88,53,35,0,0,0
2021-04-17 19:00,56,27,29,0,0,0
2021-04-17 19:15,56,28,28,0,0,0
2021-04-17 19:30,50,24,26,0,0,0
2021-04-17 19:45,39,15,24,0,0,0
2021-04-17 20:00,47,24,23,0,0,0
2021-04-17 20:15,37,25,12,0,0,0
2021-04-17 20:30,30,18,12,0,0,0
2021-04-17 20:45,20,9,11,0,0,0
2021-04-17 21:00,13,4,9,0,0,0
2021-04-17 21:15,17,13,4,0,0,0
2021-04-17 21:30,28,23,5,0,0,0
2021-04-17 21:45,15,8,7,0,0,0
2021-04-17 22:00,18,10,8,0,0,0
2021-04-17 22:15,18,10,8,0,0,0
2021-04-17 22:30,20,10,10,0,0,0
2021-04-17 22:45,22,13,9,0,0,0
2021-04-17 23:00,7,2,5,0,0,0
2021-04-17 23:15,21,12,9,0,0,0
2021-04-17 23:30,13,5,8,0,0,0
2021-04-17 23:45,21,10,11,0,0,0
2021-04-18 00:00,18,6,12,0,0,0
2021-04-18 00:15,13,3,10,0,0,0
2021-04-18 00:30,15,10,5,0,0,0
2021-04-18 00:45,9,5,4,0,0,0
2021-04-18 01:00,13,8,5,0,0,0
2021-04-18 01:15,5,2,3,0,0,0
2021-04-18 01:30,9,7,2,0,0,0
2021-04-18 01:45,17,10,7,0,0,0
2021-04-18 02:00,4,2,2,0,0,0
2021-04-18 02:15,8,4,4,0,0,0
2021-04-18 02:30,5,4,1,0,0,0
2021-04-18 02:45,9,8,1,0,0,0
2021-04-18 03:00,4,3,1,0,0,0
2021-04-18 03:15,7,2,5,0,0,0
2021-04-18 03:30,0,0,0,0,0,0
2021-04-18 03:45,3,0,3,0,0,0
2021-04-18 04:00,2,2,0,0,0,0
2021-04-18 04:15,1,1,0,0,0,0
2021-04-18 04:30,3,3,0,0,0,0
2021-04-18 04:45,2,0,2,0,0,0
2021-04-18 05:00,2,1,1,0,0,0
2021-04-18 05:15,3,2,1,0,0,0
2021-04-18 05:30,5,5,0,0,0,0
2021-04-18 05:45,2,0,2,0,0,0
2021-04-18 06:00,3,2,1,0,0,0
2021-04-18 06:15,5,3,2,0,0,0
2021-04-18 06:30,5,3,2,0,0,0
2021-04-18 06:45,3,0,3,0,0,0
2021-04-18 07:00,4,3,1,0,0,0
2021-04-18 07:15,2,1,1,0,0,0
2021-04-18 07:30,5,4,1,0,0,0
2021-04-18 07:45,10,5,5,0,0,0
2021-04-18 08:00,6,2,4,0,0,0
2021-04-18 08:15,6,5,1,0,0,0
2021-04-18 08:30,8,4,4,0,0,0
2021-04-18 08:45,10,5,5,0,0,0
2021-04-18 09:00,6,5,1,0,0,0
2021-04-18 09:15,16,10,6,0,0,0
2021-04-18 09:30,10,7,3,0,0,0
2021-04-18 09:45,30,21,9,0,0,0
2021-04-18 10:00,17,9,8,0,0,0
2021-04-18 10:15,21,11,10,0,0,0
2021-04-18 10:30,27,18,9,0,0,0
2021-04-18 10:45,24,14,10,0,0,0
2021-04-18 11:00,35,24,11,0,0,0
2021-04-18 11:15,23,18,5,0,0,0
2021-04-18 11:30,34,19,15,0,0,0
2021-04-18 11:45,39,34,5,0,0,0
2021-04-18 12:00,41,20,21,0,0,0
2021-04-18 12:15,37,28,9,0,0,0
2021-04-18 12:30,63,35,28,0,0,0
2021-04-18 12:45,71,40,31,0,0,0
2021-04-18 13:00,57,33,24,0,0,0
2021-04-18 13:15,46,23,23,0,0,0
2021-04-18 13:30,62,38,24,0,0,0
2021-04-18 13:45,86,57,29,0,0,0
2021-04-18 14:00,83,56,27,0,0,0
2021-04-18 14:15,64,40,24,0,0,0
2021-04-18 14:30,61,36,25,0,0,0
2021-04-18 14:45,77,44,33,0,0,0
2021-04-18 15:00,69,47,22,0,0,0
2021-04-18 15:15,76,53,23,0,0,0
2021-04-18 15:30,72,48,24,0,0,0
2021-04-18 15:45,91,53,38,0,0,0
2021-04-18 16:00,96,54,42,0,0,0
2021-04-18 16:15,85,50,35,0,0,0
2021-04-18 16:30,69,33,36,0,0,0
2021-04-18 16:45,65,43,22,0,0,0
2021-04-18 17:00,50,24,26,0,0,0
2021-04-18 17:15,65,40,25,0,0,0
2021-04-18 17:30,85,49,36,0,0,0
2021-04-18 17:45,83,47,36,0,0,0
2021-04-18 18:00,73,35,38,0,0,0
2021-04-18 18:15,70,39,31,0,0,0
2021-04-18 18:30,44,24,20,0,0,0
2021-04-18 18:45,37,24,13,0,0,0
2021-04-18 19:00,57,31,26,0,0,0
2021-04-18 19:15,27,16,11,0,0,0
2021-04-18 19:30,28,12,16,0,0,0
2021-04-18 19:45,37,19,18,0,0,0
2021-04-18 20:00,40,19,21,0,0,0
2021-04-18 20:15,26,14,12,0,0,0
2021-04-18 20:30,22,10,12,0,0,0
2021-04-18 20:45,23,14,9,0,0,0
2021-04-18 21:00,28,16,12,0,0,0
2021-04-18 21:15,15,8,7,0,0,0
2021-04-18 21:30,13,5,8,0,0,0
2021-04-18 21:45,23,17,6,0,0,0
2021-04-18 22:00,18,11,7,0,0,0
2021-04-18 22:15,15,11,4,0,0,0
2021-04-18 22:30,4,3,1,0,0,0
2021-04-18 22:45,8,3,5,0,0,0
2021-04-18 23:00,5,3,2,0,0,0
2021-04-18 23:15,4,1,3,0,0,0
2021-04-18 23:30,4,0,4,0,0,0
2021-04-18 23:45,1,1,0,0,0,0
2021-04-19 00:00,2,1,1,0,0,0
2021-04-19 00:15,2,1,1,0,0,0
2021-04-19 00:30,3,2,1,0,0,0
2021-04-19 00:45,0,0,0,0,0,0
2021-04-19 01:00,2,2,0,0,0,0
2021-04-19 01:15,4,3,1,0,0,0
2021-04-19 01:30,2,2,0,0,0,0
2021-04-19 01:45,1,1,0,0,0,0
2021-04-19 02:00,2,2,0,0,0,0
2021-04-19 02:15,0,0,0,0,0,0
2021-04-19 02:30,0,0,0,0,0,0
2021-04-19 02:45,0,0,0,0,0,0
2021-04-19 03:00,0,0,0,0,0,0
2021-04-19 03:15,1,1,0,0,0,0
2021-04-19 03:30,0,0,0,0,0,0
2021-04-19 03:45,0,0,0,0,0,0
2021-04-19 04:00,0,0,0,0,0,0
2021-04-19 04:15,1,0,1,0,0,0
2021-04-19 04:30,0,0,0,0,0,0
2021-04-19 04:45,2,0,2,0,0,0
2021-04-19 05:00,3,2,1,0,0,0
2021-04-19 05:15,2,0,2,0,0,0
2021-04-19 05:30,18,9,9,0,0,0
2021-04-19 05:45,13,4,9,0,0,0
2021-04-19 06:00,19,13,6,0,0,0
2021-04-19 06:15,27,14,13,0,0,0
2021-04-19 06:30,37,29,8,0,0,0
2021-04-19 06:45,67,44,23,0,0,0
2021-04-19 07:00,78,51,27,0,0,0
2021-04-19 07:15,105,70,35,0,0,0
2021-04-19 07:30,146,102,44,0,0,0
2021-04-19 07:45,191,146,45,0,0,0
2021-04-19 08:00,205,172,33,0,0,0
2021-04-19 08:15,136,97,39,0,0,0
2021-04-19 08:30,134,94,40,0,0,0
2021-04-19 08:45,110,88,22,0,0,0
2021-04-19 09:00,93,65,28,0,0,0
2021-04-19 09:15,78,55,23,0,0,0
2021-04-19 09:30,76,54,22,0,0,0
2021-04-19 09:45,87,64,23,0,0,0
2021-04-19 10:00,73,46,27,0,0,0
2021-04-19 10:15,73,49,24,0,0,0
2021-04-19 10:30,69,47,22,0,0,0
2021-04-19 10:45,70,51,19,0,0,0
2021-04-19 11:00,74,50,24,0,0,0
2021-04-19 11:15,60,32,28,0,0,0
2021-04-19 11:30,82,50,32,0,0,0
2021-04-19 11:45,87,49,38,0,0,0
2021-04-19 12:00,83,46,37,0,0,0
2021-04-19 12:15,66,42,24,0,0,0
2021-04-19 12:30,87,46,41,0,0,0
2021-04-19 12:45,94,53,41,0,0,0
2021-04-19 13:00,91,44,47,0,0,0
2021-04-19 13:15,114,46,68,0,0,0
2021-04-19 13:30,103,45,58,0,0,0
2021-04-19 13:45,96,53,43,0,0,0
2021-04-19 14:00,124,67,57,0,0,0
2021-04-19 14:15,105,62,43,0,0,0
2021-04-19 14:30,112,62,50,0,0,0
2021-04-19 14:45,105,60,45,0,0,0
2021-04-19 15:00,117,61,56,0,0,0
2021-04-19 15:15,102,60,42,0,0,0
2021-04-19 15:30,97,60,37,0,0,0
2021-04-19 15:45,130,76,54,0,0,0
2021-04-19 16:00,121,63,58,0,0,0
2021-04-19 16:15,120,63,57,0,0,0
2021-04-19 16:30,138,79,59,0,0,0
2021-04-19 16:45,149,88,61,0,0,0
2021-04-19 17:00,138,70,68,0,0,0
2021-04-19 17:15,130,59,71,0,0,0
2021-04-19 17:30,99,53,46,0,0,0
2021-04-19 17:45,133,66,67,0,0,0
2021-04-19 18:00,102,55,47,0,0,0
2021-04-19 18:15,111,62,49,0,0,0
2021-04-19 18:30,92,45,47,0,0,0
2021-04-19 18:45,74,37,37,0,0,0
2021-04-19 19:00,66,31,35,0,0,0
2021-04-19 19:15,57,21,36,0,0,0
2021-04-19 19:30,51,25,26,0,0,0
2021-04-19 19:45,53,26,27,0,0,0
2021-04-19 20:00,30,18,12,0,0,0
2021-04-19 20:15,45,28,17,0,0,0
2021-04-19 20:30,35,18,17,0,0,0
2021-04-19 20:45,28,16,12,0,0,0
2021-04-19 21:00,25,10,15,0,0,0
2021-04-19 21:15,26,11,15,0,0,0
2021-04-19 21:30,21,9,12,0,0,0
2021-04-19 21:45,7,2,5,0,0,0
2021-04-19 22:00,19,15,4,0,0,0
2021-04-19 22:15,12,3,9,0,0,0
2021-04-19 22:30,14,5,9,0,0,0
2021-04-19 22:45,17,11,6,0,0,0
2021-04-19 23:00,13,10,3,0,0,0
2021-04-19 23:15,4,3,1,0,0,0
2021-04-19 23:30,3,2,1,0,0,0
2021-04-19 23:45,5,0,5,0,0,0
2021-04-20 00:00,8,3,5,0,0,0
2021-04-20 00:15,3,2,1,0,0,0
2021-04-20 00:30,6,3,3,0,0,0
2021-04-20 00:45,3,1,2,0,0,0
2021-04-20 01:00,1,1,0,0,0,0
2021-04-20 01:15,2,1,1,0,0,0
2021-04-20 01:30,4,1,3,0,0,0
2021-04-20 01:45,1,1,0,0,0,0
2021-04-20 02:00,2,0,2,0,0,0
2021-04-20 02:15,1,1,0,0,0,0
2021-04-20 02:30,0,0,0,0,0,0
2021-04-20 02:45,1,1,0,0,0,0
2021-04-20 03:00,0,0,0,0,0,0
2021-04-20 03:15,0,0,0,0,0,0
2021-04-20 03:30,0,0,0,0,0,0
2021-04-20 03:45,0,0,0,0,0,0
2021-04-20 04:00,0,0,0,0,0,0
2021-04-20 04:15,1,0,1,0,0,0
2021-04-20 04:30,0,0,0,0,0,0
2021-04-20 04:45,3,2,1,0,0,0
2021-04-20 05:00,1,0,1,0,0,0
2021-04-20 05:15,2,0,2,0,0,0
2021-04-20 05:30,17,13,4,0,0,0
2021-04-20 05:45,19,5,14,0,0,0
2021-04-20 06:00,19,14,5,0,0,0
2021-04-20 06:15,38,20,18,0,0,0
2021-04-20 06:30,41,24,17,0,0,0
2021-04-20 06:45,76,56,20,0,0,0
2021-04-20 07:00,80,55,25,0,0,0
2021-04-20 07:15,109,74,35,0,0,0
2021-04-20 07:30,141,92,49,0,0,0
2021-04-20 07:45,184,148,36,0,0,0
2021-04-20 08:00,183,155,28,0,0,0
2021-04-20 08:15,125,88,37,0,0,0
2021-04-20 08:30,128,105,23,0,0,0
2021-04-20 08:45,122,91,31,0,0,0
2021-04-20 09:00,92,61,31,0,0,0
2021-04-20 09:15,87,61,26,0,0,0
2021-04-20 09:30,73,52,21,0,0,0
2021-04-20 09:45,128,91,37,0,0,0
2021-04-20 10:00,53,33,20,0,0,0
2021-04-20 10:15,73,49,24,0,0,0
2021-04-20 10:30,96,64,32,0,0,0
2021-04-20 10:45,88,58,30,0,0,0
2021-04-20 11:00,73,43,30,0,0,0
2021-04-20 11:15,85,58,27,0,0,0
2021-04-20 11:30,90,52,38,0,0,0
2021-04-20 11:45,98,62,36,0,0,0
2021-04-20 12:00,108,64,44,0,0,0
2021-04-20 12:15,84,48,36,0,0,0
2021-04-20 12:30,89,43,46,0,0,0
2021-04-20 12:45,98,47,51,0,0,0
2021-04-20 13:00,116,50,66,0,0,0
2021-04-20 13:15,87,48,39,0,0,0
2021-04-20 13:30,114,60,54,0,0,0
2021-04-20 13:45,130,77,53,0,0,0
2021-04-20 14:00,107,55,52,0,0,0
2021-04-20 14:15,121,68,53,0,0,0
2021-04-20 14:30,108,53,55,0,0,0
2021-04-20 14:45,118,56,62,0,0,0
2021-04-20 15:00,131,71,60,0,0,0
2021-04-20 15:15,125,70,55,0,0,0
2021-04-20 15:30,127,71,56,0,0,0
2021-04-20 15:45,135,71,64,0,0,0
2021-04-20 16:00,153,90,63,0,0,0
2021-04-20 16:15,155,77,78,0,0,0
2021-04-20 16:30,169,101,68,0,0,0
2021-04-20 16:45,155,82,73,0,0,0
2021-04-20 17:00,135,69,66,0,0,0
2021-04-20 17:15,131,63,68,0,0,0
2021-04-20 17:30,120,57,63,0,0,0
2021-04-20 17:45,129,65,64,0,0,0
2021-04-20 18:00,110,47,63,0,0,0
2021-04-20 18:15,127,70,57,0,0,0
2021-04-20 18:30,96,48,48,0,0,0
2021-04-20 18:45,101,47,54,0,0,0
2021-04-20 19:00,80,46,34,0,0,0
2021-04-20 19:15,74,42,32,0,0,0
2021-04-20 19:30,67,38,29,0,0,0
2021-04-20 19:45,46,23,23,0,0,0
2021-04-20 20:00,53,31,22,0,0,0
2021-04-20 20:15,36,13,23,0,0,0
2021-04-20 20:30,37,17,20,0,0,0
2021-04-20 20:45,31,18,13,0,0,0
2021-04-20 21:00,36,20,16,0,0,0
2021-04-20 21:15,21,6,15,0,0,0
2021-04-20 21:30,23,17,6,0,0,0
2021-04-20 21:45,24,14,10,0,0,0
2021-04-20 22:00,24,9,15,0,0,0
2021-04-20 22:15,25,12,13,0,0,0
2021-04-20 22:30,20,12,8,0,0,0
2021-04-20 22:45,26,16,10,0,0,0
2021-04-20 23:00,24,12,12,0,0,0
2021-04-20 23:15,12,7,5,0,0,0
2021-04-20 23:30,14,4,10,0,0,0
2021-04-20 23:45,5,4,1,0,0,0
2021-04-21 00:00,5,1,4,0,0,0
2021-04-21 00:15,4,1,3,0,0,0
2021-04-21 00:30,8,3,5,0,0,0
2021-04-21 00:45,7,5,2,0,0,0
2021-04-21 01:00,3,0,3,0,0,0
2021-04-21 01:15,1,1,0,0,0,0
2021-04-21 01:30,4,2,2,0,0,0
2021-04-21 01:45,3,2,1,0,0,0
2021-04-21 02:00,0,0,0,0,0,0
2021-04-21 02:15,1,0,1,0,0,0
2021-04-21 02:30,1,1,0,0,0,0
2021-04-21 02:45,0,0,0,0,0,0
2021-04-21 03:00,0,0,0,0,0,0
2021-04-21 03:15,1,1,0,0,0,0
2021-04-21 03:30,0,0,0,0,0,0
2021-04-21 03:45,0,0,0,0,0,0
2021-04-21 04:00,0,0,0,0,0,0
2021-04-21 04:15,1,1,0,0,0,0
2021-04-21 04:30,1,1,0,0,0,0
2021-04-21 04:45,2,1,1,0,0,0
2021-04-21 05:00,1,1,0,0,0,0
2021-04-21 05:15,0,0,0,0,0,0
2021-04-21 05:30,18,14,4,0,0,0
2021-04-21 05:45,18,6,12,0,0,0
2021-04-21 06:00,14,7,7,0,0,0
2021-04-21 06:15,31,22,9,0,0,0
2021-04-21 06:30,35,23,12,0,0,0
2021-04-21 06:45,65,44,21,0,0,0
2021-04-21 07:00,94,71,23,0,0,0
2021-04-21 07:15,127,78,49,0,0,0
2021-04-21 07:30,140,95,45,0,0,0
2021-04-21 07:45,211,172,39,0,0,0
2021-04-21 08:00,236,202,34,0,0,0
2021-04-21 08:15,139,101,38,0,0,0
2021-04-21 08:30,154,122,32,0,0,0
2021-04-21 08:45,152,114,38,0,0,0
2021-04-21 09:00,129,88,41,0,0,0
2021-04-21 09:15,108,81,27,0,0,0
2021-04-21 09:30,128,99,29,0,0,0
2021-04-21 09:45,118,88,30,0,0,0
2021-04-21 10:00,118,71,47,0,0,0
2021-04-21 10:15,107,62,45,0,0,0
2021-04-21 10:30,139,108,31,0,0,0
2021-04-21 10:45,119,79,40,0,0,0
2021-04-21 11:00,107,71,36,0,0,0
2021-04-21 11:15,124,83,41,0,0,0
2021-04-21 11:30,140,87,53,0,0,0
2021-04-21 11:45,124,76,48,0,0,0
2021-04-21 12:00,120,54,66,0,0,0
2021-04-21 12:15,113,67,46,0,0,0
2021-04-21 12:30,125,70,55,0,0,0
2021-04-21 12:45,132,61,71,0,0,0
2021-04-21 13:00,144,58,86,0,0,0
2021-04-21 13:15,160,81,79,0,0,0
2021-04-21 13:30,117,59,58,0,0,0
2021-04-21 13:45,144,83,61,0,0,0
2021-04-21 14:00,107,54,53,0,0,0
2021-04-21 14:15,128,57,71,0,0,0
2021-04-21 14:30,124,62,62,0,0,0
2021-04-21 14:45,126,63,63,0,0,0
2021-04-21 15:00,115,60,55,0,0,0
2021-04-21 15:15,129,73,56,0,0,0
2021-04-21 15:30,110,60,50,0,0,0
2021-04-21 15:45,151,92,59,0,0,0
2021-04-21 16:00,143,73,70,0,0,0
2021-04-21 16:15,141,68,73,0,0,0
2021-04-21 16:30,130,71,59,0,0,0
2021-04-21 16:45,142,73,69,0,0,0
2021-04-21 17:00,160,74,86,0,0,0
2021-04-21 17:15,130,58,72,0,0,0
2021-04-21 17:30,120,62,58,0,0,0
2021-04-21 17:45,139,63,76,0,0,0
2021-04-21 18:00,121,56,65,0,0,0
2021-04-21 18:15,100,36,64,0,0,0
2021-04-21 18:30,93,47,46,0,0,0
2021-04-21 18:45,76,35,41,0,0,0
2021-04-21 19:00,81,43,38,0,0,0
2021-04-21 19:15,77,40,37,0,0,0
2021-04-21 19:30,70,23,47,0,0,0
2021-04-21 19:45,69,34,35,0,0,0
2021-04-21 20:00,49,26,23,0,0,0
2021-04-21 20:15,53,32,21,0,0,0
2021-04-21 20:30,49,27,22,0,0,0
2021-04-21 20:45,28,14,14,0,0,0
2021-04-21 21:00,30,16,14,0,0,0
2021-04-21 21:15,24,12,12,0,0,0
2021-04-21 21:30,17,8,9,0,0,0
2021-04-21 21:45,24,9,15,0,0,0
2021-04-21 22:00,13,9,4,0,0,0
2021-04-21 22:15,24,16,8,0,0,0
2021-04-21 22:30,22,14,8,0,0,0
2021-04-21 22:45,21,9,12,0,0,0
2021-04-21 23:00,15,7,8,0,0,0
2021-04-21 23:15,12,5,7,0,0,0
2021-04-21 23:30,16,9,7,0,0,0
2021-04-21 23:45,15,10,5,0,0,0
2021-04-22 00:00,5,2,3,0,0,0
2021-04-22 00:15,8,5,3,0,0,0
2021-04-22 00:30,6,1,5,0,0,0
2021-04-22 00:45,5,4,1,0,0,0
2021-04-22 01:00,2,2,0,0,0,0
2021-04-22 01:15,4,0,4,0,0,0
2021-04-22 01:30,3,1,2,0,0,0
2021-04-22 01:45,4,3,1,0,0,0
2021-04-22 02:00,2,1,1,0,0,0
2021-04-22 02:15,3,2,1,0,0,0
2021-04-22 02:30,0,0,0,0,0,0
2021-04-22 02:45,1,1,0,0,0,0
2021-04-22 03:00,0,0,0,0,0,0
2021-04-22 03:15,1,1,0,0,0,0
2021-04-22 03:30,0,0,0,0,0,0
2021-04-22 03:45,1,0,1,0,0,0
2021-04-22 04:00,2,2,0,0,0,0
2021-04-22 04:15,0,0,0,0,0,0
2021-04-22 04:30,1,0,1,0,0,0
2021-04-22 04:45,3,1,2,0,0,0
2021-04-22 05:00,2,0,2,0,0,0
2021-04-22 05:15,4,3,1,0,0,0
2021-04-22 05:30,21,13,8,0,0,0
2021-04-22 05:45,13,5,8,0,0,0
2021-04-22 06:00,9,4,5,0,0,0
2021-04-22 06:15,27,17,10,0,0,0
2021-04-22 06:30,41,27,14,0,0,0
2021-04-22 06:45,61,47,14,0,0,0
2021-04-22 07:00,84,59,25,0,0,0
2021-04-22 07:15,88,58,30,0,0,0
2021-04-22 07:30,143,93,50,0,0,0
2021-04-22 07:45,207,161,46,0,0,0
2021-04-22 08:00,192,171,21,0,0,0
2021-04-22 08:15,120,88,32,0,0,0
2021-04-22 08:30,117,93,24,0,0,0
2021-04-22 08:45,134,96,38,0,0,0
2021-04-22 09:00,92,63,29,0,0,0
2021-04-22 09:15,101,72,29,0,0,0
2021-04-22 09:30,80,56,24,0,0,0
2021-04-22 09:45,102,72,30,0,0,0
2021-04-22 10:00,67,41,26,0,0,0
2021-04-22 10:15,63,39,24,0,0,0
2021-04-22 10:30,67,42,25,0,0,0
2021-04-22 10:45,85,50,35,0,0,0
2021-04-22 11:00,79,48,31,0,0,0
2021-04-22 11:15,75,44,31,0,0,0
2021-04-22 11:30,86,50,36,0,0,0
2021-04-22 11:45,89,55,34,0,0,0
2021-04-22 12:00,88,50,38,0,0,0
2021-04-22 12:15,70,41,29,0,0,0
2021-04-22 12:30,76,55,21,0,0,0
2021-04-22 12:45,84,42,42,0,0,0
2021-04-22 13:00,102,49,53,0,0,0
2021-04-22 13:15,94,47,47,0,0,0
2021-04-22 13:30,122,69,53,0,0,0
2021-04-22 13:45,124,67,57,0,0,0
2021-04-22 14:00,92,43,49,0,0,0
2021-04-22 14:15,123,64,59,0,0,0
2021-04-22 14:30,125,70,55,0,0,0
2021-04-22 14:45,112,71,41,0,0,0
2021-04-22 15:00,104,57,47,0,0,0
2021-04-22 15:15,147,94,53,0,0,0
2021-04-22 15:30,107,57,50,0,0,0
2021-04-22 15:45,148,71,77,0,0,0
2021-04-22 16:00,136,70,66,0,0,0
2021-04-22 16:15,153,77,76,0,0,0
2021-04-22 16:30,129,68,61,0,0,0
2021-04-22 16:45,147,93,54,0,0,0
2021-04-22 17:00,120,59,61,0,0,0
2021-04-22 17:15,138,67,71,0,0,0
2021-04-22 17:30,121,51,70,0,0,0
2021-04-22 17:45,124,57,67,0,0,0
2021-04-22 18:00,120,56,64,0,0,0
2021-04-22 18:15,103,53,50,0,0,0
2021-04-22 18:30,80,47,33,0,0,0
2021-04-22 18:45,62,31,31,0,0,0
2021-04-22 19:00,77,34,43,0,0,0
2021-04-22 19:15,74,33,41,0,0,0
2021-04-22 19:30,68,30,38,0,0,0
2021-04-22 19:45,38,14,24,0,0,0
2021-04-22 20:00,40,18,22,0,0,0
2021-04-22 20:15,32,17,15,0,0,0
2021-04-22 20:30,27,12,15,0,0,0
2021-04-22 20:45,26,14,12,0,0,0
2021-04-22 21:00,36,16,20,0,0,0
2021-04-22 21:15,26,8,18,0,0,0
2021-04-22 21:30,22,11,11,0,0,0
2021-04-22 21:45,17,8,9,0,0,0
2021-04-22 22:00,17,7,10,0,0,0
2021-04-22 22:15,19,12,7,0,0,0
2021-04-22 22:30,16,9,7,0,0,0
2021-04-22 22:45,9,6,3,0,0,0
2021-04-22 23:00,16,9,7,0,0,0
2021-04-22 23:15,11,5,6,0,0,0
2021-04-22 23:30,10,4,6,0,0,0
2021-04-22 23:45,6,1,5,0,0,0
2021-04-23 00:00,2,0,2,0,0,0
2021-04-23 00:15,7,5,2,0,0,0
2021-04-23 00:30,5,2,3,0,0,0
2021-04-23 00:45,8,7,1,0,0,0
2021-04-23 01:00,1,0,1,0,0,0
2021-04-23 01:15,3,1,2,0,0,0
2021-04-23 01:30,0,0,0,0,0,0
2021-04-23 01:45,4,2,2,0,0,0
2021-04-23 02:00,1,0,1,0,0,0
2021-04-23 02:15,2,0,2,0,0,0
2021-04-23 02:30,0,0,0,0,0,0
2021-04-23 02:45,0,0,0,0,0,0
2021-04-23 03:00,0,0,0,0,0,0
2021-04-23 03:15,1,1,0,0,0,0
2021-04-23 03:30,0,0,0,0,0,0
2021-04-23 03:45,1,1,0,0,0,0
2021-04-23 04:00,1,0,1,0,0,0
2021-04-23 04:15,2,1,1,0,0,0
2021-04-23 04:30,0,0,0,0,0,0
2021-04-23 04:45,1,1,0,0,0,0
2021-04-23 05:00,1,1,0,0,0,0
2021-04-23 05:15,5,4,1,0,0,0
2021-04-23 05:30,14,10,4,0,0,0
2021-04-23 05:45,14,5,9,0,0,0
2021-04-23 06:00,21,14,7,0,0,0
2021-04-23 06:15,26,15,11,0,0,0
2021-04-23 06:30,34,21,13,0,0,0
2021-04-23 06:45,49,34,15,0,0,0
2021-04-23 07:00,71,50,21,0,0,0
2021-04-23 07:15,104,61,43,0,0,0
2021-04-23 07:30,128,95,33,0,0,0
2021-04-23 07:45,191,146,45,0,0,0
2021-04-23 08:00,182,149,33,0,0,0
2021-04-23 08:15,123,97,26,0,0,0
2021-04-23 08:30,123,91,32,0,0,0
2021-04-23 08:45,129,96,33,0,0,0
2021-04-23 09:00,91,57,34,0,0,0
2021-04-23 09:15,96,69,27,0,0,0
2021-04-23 09:30,77,52,25,0,0,0
2021-04-23 09:45,93,72,21,0,0,0
2021-04-23 10:00,73,46,27,0,0,0
2021-04-23 10:15,79,55,24,0,0,0
2021-04-23 10:30,101,70,31,0,0,0
2021-04-23 10:45,99,61,38,0,0,0
2021-04-23 11:00,87,46,41,0,0,0
2021-04-23 11:15,65,41,24,0,0,0
2021-04-23 11:30,107,66,41,0,0,0
2021-04-23 11:45,115,67,48,0,0,0
2021-04-23 12:00,104,57,47,0,0,0
2021-04-23 12:15,95,59,36,0,0,0
2021-04-23 12:30,110,64,46,0,0,0
2021-04-23 12:45,115,61,54,0,0,0
2021-04-23 13:00,108,46,62,0,0,0
2021-04-23 13:15,147,67,80,0,0,0
2021-04-23 13:30,130,64,66,0,0,0
2021-04-23 13:45,138,64,74,0,0,0
2021-04-23 14:00,117,56,61,0,0,0
2021-04-23 14:15,123,58,65,0,0,0
2021-04-23 14:30,127,69,58,0,0,0
2021-04-23 14:45,148,87,61,0,0,0
2021-04-23 15:00,168,97,71,0,0,0
2021-04-23 15:15,131,66,65,0,0,0
2021-04-23 15:30,113,69,44,0,0,0
2021-04-23 15:45,120,66,54,0,0,0
2021-04-23 16:00,124,72,52,0,0,0
2021-04-23 16:15,123,77,46,0,0,0
2021-04-23 16:30,117,61,56,0,0,0
2021-04-23 16:45,126,57,69,0,0,0
2021-04-23 17:00,109,64,45,0,0,0
2021-04-23 17:15,113,70,43,0,0,0
2021-04-23 17:30,102,47,55,0,0,0
2021-04-23 17:45,98,54,44,0,0,0
2021-04-23 18:00,94,47,47,0,0,0
2021-04-23 18:15,102,41,61,0,0,0
2021-04-23 18:30,94,42,52,0,0,0
2021-04-23 18:45,66,28,38,0,0,0
2021-04-23 19:00,87,30,57,0,0,0
2021-04-23 19:15,63,28,35,0,0,0
2021-04-23 19:30,69,42,27,0,0,0
2021-04-23 19:45,71,41,30,0,0,0
2021-04-23 20:00,39,20,19,0,0,0
2021-04-23 20:15,59,36,23,0,0,0
2021-04-23 20:30,32,19,13,0,0,0
2021-04-23 20:45,40,23,17,0,0,0
2021-04-23 21:00,38,22,16,0,0,0
2021-04-23 21:15,25,14,11,0,0,0
2021-04-23 21:30,24,15,9,0,0,0
2021-04-23 21:45,22,11,11,0,0,0
2021-04-23 22:00,28,19,9,0,0,0
2021-04-23 22:15,18,11,7,0,0,0
2021-04-23 22:30,16,11,5,0,0,0
2021-04-23 22:45,17,9,8,0,0,0
2021-04-23 23:00,14,8,6,0,0,0
2021-04-23 23:15,15,9,6,0,0,0
2021-04-23 23:30,11,6,5,0,0,0
2021-04-23 23:45,16,3,13,0,0,0
2021-04-24 00:00,9,5,4,0,0,0
2021-04-24 00:15,14,4,10,0,0,0
2021-04-24 00:30,8,5,3,0,0,0
2021-04-24 00:45,10,5,5,0,0,0
2021-04-24 01:00,11,6,5,0,0,0
2021-04-24 01:15,8,3,5,0,0,0
2021-04-24 01:30,9,7,2,0,0,0
2021-04-24 01:45,9,4,5,0,0,0
2021-04-24 02:00,9,5,4,0,0,0
2021-04-24 02:15,4,1,3,0,0,0
2021-04-24 02:30,12,6,6,0,0,0
2021-04-24 02:45,3,2,1,0,0,0
2021-04-24 03:00,3,2,1,0,0,0
2021-04-24 03:15,10,4,6,0,0,0
2021-04-24 03:30,3,2,1,0,0,0
2021-04-24 03:45,1,1,0,0,0,0
2021-04-24 04:00,3,2,1,0,0,0
2021-04-24 04:15,2,2,0,0,0,0
2021-04-24 04:30,0,0,0,0,0,0
2021-04-24 04:45,4,2,2,0,0,0
2021-04-24 05:00,0,0,0,0,0,0
2021-04-24 05:15,1,0,1,0,0,0
2021-04-24 05:30,4,3,1,0,0,0
2021-04-24 05:45,9,5,4,0,0,0
2021-04-24 06:00,9,8,1,0,0,0
2021-04-24 06:15,9,7,2,0,0,0
2021-04-24 06:30,3,2,1,0,0,0
2021-04-24 06:45,25,19,6,0,0,0
2021-04-24 07:00,3,2,1,0,0,0
2021-04-24 07:15,27,18,9,0,0,0
2021-04-24 07:30,37,27,10,0,0,0
2021-04-24 07:45,40,30,10,0,0,0
2021-04-24 08:00,41,26,15,0,0,0
2021-04-24 08:15,64,45,19,0,0,0
2021-04-24 08:30,53,39,14,0,0,0
2021-04-24 08:45,83,56,27,0,0,0
2021-04-24 09:00,59,38,21,0,0,0
2021-04-24 09:15,69,53,16,0,0,0
2021-04-24 09:30,108,79,29,0,0,0
2021-04-24 09:45,97,75,22,0,0,0
2021-04-24 10:00,108,77,31,0,0,0
2021-04-24 10:15,95,63,32,0,0,0
2021-04-24 10:30,111,78,33,0,0,0
2021-04-24 10:45,129,84,45,0,0,0
2021-04-24 11:00,123,91,32,0,0,0
2021-04-24 11:15,123,78,45,0,0,0
2021-04-24 11:30,120,83,37,0,0,0
2021-04-24 11:45,130,80,50,0,0,0
2021-04-24 12:00,183,110,73,0,0,0
2021-04-24 12:15,148,96,52,0,0,0
2021-04-24 12:30,132,63,69,0,0,0
2021-04-24 12:45,153,84,69,0,0,0
2021-04-24 13:00,121,69,52,0,0,0
2021-04-24 13:15,136,71,65,0,0,0
2021-04-24 13:30,135,73,62,0,0,0
2021-04-24 13:45,142,79,63,0,0,0
2021-04-24 14:00,145,61,84,0,0,0
2021-04-24 14:15,135,61,74,0,0,0
2021-04-24 14:30,117,56,61,0,0,0
2021-04-24 14:45,127,67,60,0,0,0
2021-04-24 15:00,102,52,50,0,0,0
2021-04-24 15:15,100,55,45,0,0,0
2021-04-24 15:30,84,47,37,0,0,0
2021-04-24 15:45,95,49,46,0,0,0
2021-04-24 16:00,95,47,48,0,0,0
2021-04-24 16:15,76,45,31,0,0,0
2021-04-24 16:30,91,52,39,0,0,0
2021-04-24 16:45,79,39,40,0,0,0
2021-04-24 17:00,80,46,34,0,0,0
2021-04-24 17:15,77,35,42,0,0,0
2021-04-24 17:30,84,57,27,0,0,0
2021-04-24 17:45,99,64,35,0,0,0
2021-04-24 18:00,84,47,37,0,0,0
2021-04-24 18:15,97,57,40,0,0,0
2021-04-24 18:30,82,48,34,0,0,0
2021-04-24 18:45,75,48,27,0,0,0
2021-04-24 19:00,66,35,31,0,0,0
2021-04-24 19:15,49,27,22,0,0,0
2021-04-24 19:30,35,20,15,0,0,0
2021-04-24 19:45,48,29,19,0,0,0
2021-04-24 20:00,39,25,14,0,0,0
2021-04-24 20:15,54,28,26,0,0,0
2021-04-24 20:30,30,24,6,0,0,0
2021-04-24 20:45,31,13,18,0,0,0
2021-04-24 21:00,31,18,13,0,0,0
2021-04-24 21:15,27,13,14,0,0,0
2021-04-24 21:30,33,15,18,0,0,0
2021-04-24 21:45,23,13,10,0,0,0
2021-04-24 22:00,15,7,8,0,0,0
2021-04-24 22:15,16,11,5,0,0,0
2021-04-24 22:30,11,4,7,0,0,0
2021-04-24 22:45,26,11,15,0,0,0
2021-04-24 23:00,17,13,4,0,0,0
2021-04-24 23:15,12,7,5,0,0,0
2021-04-24 23:30,14,3,11,0,0,0
2021-04-24 23:45,22,8,14,0,0,0
2021-04-25 00:00,10,7,3,0,0,0
2021-04-25 00:15,20,9,11,0,0,0
2021-04-25 00:30,24,15,9,0,0,0
2021-04-25 00:45,12,8,4,0,0,0
2021-04-25 01:00,11,6,5,0,0,0
2021-04-25 01:15,10,5,5,0,0,0
2021-04-25 01:30,5,4,1,0,0,0
2021-04-25 01:45,2,2,0,0,0,0
2021-04-25 02:00,7,6,1,0,0,0
2021-04-25 02:15,7,3,4,0,0,0
2021-04-25 02:30,2,0,2,0,0,0
2021-04-25 02:45,5,1,4,0,0,0
2021-04-25 03:00,9,4,5,0,0,0
2021-04-25 03:15,4,2,2,0,0,0
2021-04-25 03:30,0,0,0,0,0,0
2021-04-25 03:45,1,0,1,0,0,0
2021-04-25 04:00,1,0,1,0,0,0
2021-04-25 04:15,3,1,2,0,0,0
2021-04-25 04:30,0,0,0,0,0,0
2021-04-25 04:45,2,2,0,0,0,0
2021-04-25 05:00,0,0,0,0,0,0
2021-04-25 05:15,0,0,0,0,0,0
2021-04-25 05:30,4,2,2,0,0,0
2021-04-25 05:45,5,4,1,0,0,0
2021-04-25 06:00,7,4,3,0,0,0
2021-04-25 06:15,6,2,4,0,0,0
2021-04-25 06:30,3,2,1,0,0,0
2021-04-25 06:45,10,7,3,0,0,0
2021-04-25 07:00,2,2,0,0,0,0
2021-04-25 07:15,6,5,1,0,0,0
2021-04-25 07:30,8,5,3,0,0,0
2021-04-25 07:45,13,10,3,0,0,0
2021-04-25 08:00,11,4,7,0,0,0
2021-04-25 08:15,19,11,8,0,0,0
2021-04-25 08:30,10,6,4,0,0,0
2021-04-25 08:45,14,8,6,0,0,0
2021-04-25 09:00,13,10,3,0,0,0
2021-04-25 09:15,15,12,3,0,0,0
2021-04-25 09:30,25,16,9,0,0,0
2021-04-25 09:45,30,15,15,0,0,0
2021-04-25 10:00,31,24,7,0,0,0
2021-04-25 10:15,29,15,14,0,0,0
2021-04-25 10:30,32,21,11,0,0,0
2021-04-25 10:45,48,26,22,0,0,0
2021-04-25 11:00,33,16,17,0,0,0
2021-04-25 11:15,34,23,11,0,0,0
2021-04-25 11:30,26,16,10,0,0,0
2021-04-25 11:45,46,35,11,0,0,0
2021-04-25 12:00,41,19,22,0,0,0
2021-04-25 12:15,49,27,22,0,0,0
2021-04-25 12:30,50,33,17,0,0,0
2021-04-25 12:45,61,42,19,0,0,0
2021-04-25 13:00,44,23,21,0,0,0
2021-04-25 13:15,54,37,17,0,0,0
2021-04-25 13:30,57,24,33,0,0,0
2021-04-25 13:45,52,29,23,0,0,0
2021-04-25 14:00,63,30,33,0,0,0
2021-04-25 14:15,66,30,36,0,0,0
2021-04-25 14:30,61,39,22,0,0,0
2021-04-25 14:45,95,64,31,0,0,0
2021-04-25 15:00,99,64,35,0,0,0
2021-04-25 15:15,97,58,39,0,0,0
2021-04-25 15:30,63,50,13,0,0,0
2021-04-25 15:45,87,57,30,0,0,0
2021-04-25 16:00,82,48,34,0,0,0
2021-04-25 16:15,62,34,28,0,0,0
2021-04-25 16:30,98,64,34,0,0,0
2021-04-25 16:45,82,49,33,0,0,0
2021-04-25 17:00,76,41,35,0,0,0
2021-04-25 17:15,99,65,34,0,0,0
2021-04-25 17:30,63,40,23,0,0,0
2021-04-25 17:45,89,63,26,0,0,0
2021-04-25 18:00,63,36,27,0,0,0
2021-04-25 18:15,47,21,26,0,0,0
2021-04-25 18:30,50,24,26,0,0,0
2021-04-25 18:45,54,28,26,0,0,0
2021-04-25 19:00,57,33,24,0,0,0
2021-04-25 19:15,41,22,19,0,0,0
2021-04-25 19:30,40,19,21,0,0,0
2021-04-25 19:45,39,27,12,0,0,0
2021-04-25 20:00,40,22,18,0,0,0
2021-04-25 20:15,36,17,19,0,0,0
2021-04-25 20:30,24,7,17,0,0,0
2021-04-25 20:45,22,8,14,0,0,0
2021-04-25 21:00,30,10,20,0,0,0
2021-04-25 21:15,21,13,8,0,0,0
2021-04-25 21:30,13,7,6,0,0,0
2021-04-25 21:45,14,10,4,0,0,0
2021-04-25 22:00,15,7,8,0,0,0
2021-04-25 22:15,12,7,5,0,0,0
2021-04-25 22:30,13,8,5,0,0,0
2021-04-25 22:45,15,6,9,0,0,0
2021-04-25 23:00,10,3,7,0,0,0
2021-04-25 23:15,7,6,1,0,0,0
2021-04-25 23:30,8,4,4,0,0,0
2021-04-25 23:45,4,4,0,0,0,0
2021-04-26 00:00,3,1,2,0,0,0
2021-04-26 00:15,5,3,2,0,0,0
2021-04-26 00:30,6,3,3,0,0,0
2021-04-26 00:45,2,1,1,0,0,0
2021-04-26 01:00,1,1,0,0,0,0
2021-04-26 01:15,0,0,0,0,0,0
2021-04-26 01:30,0,0,0,0,0,0
2021-04-26 01:45,4,3,1,0,0,0
2021-04-26 02:00,0,0,0,0,0,0
2021-04-26 02:15,0,0,0,0,0,0
2021-04-26 02:30,0,0,0,0,0,0
2021-04-26 02:45,0,0,0,0,0,0
2021-04-26 03:00,1,0,1,0,0,0
2021-04-26 03:15,1,1,0,0,0,0
2021-04-26 03:30,0,0,0,0,0,0
2021-04-26 03:45,0,0,0,0,0,0
2021-04-26 04:00,0,0,0,0,0,0
2021-04-26 04:15,2,0,2,0,0,0
2021-04-26 04:30,0,0,0,0,0,0
2021-04-26 04:45,0,0,0,0,0,0
2021-04-26 05:00,3,2,1,0,0,0
2021-04-26 05:15,4,3,1,0,0,0
2021-04-26 05:30,10,6,4,0,0,0
2021-04-26 05:45,15,5,10,0,0,0
2021-04-26 06:00,17,10,7,0,0,0
2021-04-26 06:15,27,19,8,0,0,0
2021-04-26 06:30,44,31,13,0,0,0
2021-04-26 06:45,52,36,16,0,0,0
2021-04-26 07:00,81,52,29,0,0,0
2021-04-26 07:15,94,59,35,0,0,0
2021-04-26 07:30,144,99,45,0,0,0
2021-04-26 07:45,204,156,48,0,0,0
2021-04-26 08:00,167,136,31,0,0,0
2021-04-26 08:15,144,107,37,0,0,0
2021-04-26 08:30,121,89,32,0,0,0
2021-04-26 08:45,132,108,24,0,0,0
2021-04-26 09:00,92,61,31,0,0,0
2021-04-26 09:15,85,64,21,0,0,0
2021-04-26 09:30,99,77,22,0,0,0
2021-04-26 09:45,103,73,30,0,0,0
2021-04-26 10:00,69,41,28,0,0,0
2021-04-26 10:15,87,57,30,0,0,0
2021-04-26 10:30,83,59,24,0,0,0
2021-04-26 10:45,80,50,30,0,0,0
2021-04-26 11:00,80,50,30,0,0,0
2021-04-26 11:15,97,69,28,0,0,0
2021-04-26 11:30,107,59,48,0,0,0
2021-04-26 11:45,92,55,37,0,0,0
2021-04-26 12:00,96,43,53,0,0,0
2021-04-26 12:15,86,48,38,0,0,0
2021-04-26 12:30,108,65,43,0,0,0
2021-04-26 12:45,101,60,41,0,0,0
2021-04-26 13:00,112,51,61,0,0,0
2021-04-26 13:15,106,49,57,0,0,0
2021-04-26 13:30,114,59,55,0,0,0
2021-04-26 13:45,108,56,52,0,0,0
2021-04-26 14:00,97,67,30,0,0,0
2021-04-26 14:15,122,82,40,0,0,0
2021-04-26 14:30,117,65,52,0,0,0
2021-04-26 14:45,136,76,60,0,0,0
2021-04-26 15:00,133,78,55,0,0,0
2021-04-26 15:15,134,80,54,0,0,0
2021-04-26 15:30,139,88,51,0,0,0
2021-04-26 15:45,154,83,71,0,0,0
2021-04-26 16:00,135,69,66,0,0,0
2021-04-26 16:15,165,87,78,0,0,0
2021-04-26 16:30,149,85,64,0,0,0
2021-04-26 16:45,180,98,82,0,0,0
2021-04-26 17:00,161,79,82,0,0,0
2021-04-26 17:15,150,76,74,0,0,0
2021-04-26 17:30,124,60,64,0,0,0
2021-04-26 17:45,125,60,65,0,0,0
2021-04-26 18:00,155,76,79,0,0,0
2021-04-26 18:15,103,49,54,0,0,0
2021-04-26 18:30,89,46,43,0,0,0
2021-04-26 18:45,83,34,49,0,0,0
2021-04-26 19:00,94,35,59,0,0,0
2021-04-26 19:15,65,29,36,0,0,0
2021-04-26 19:30,54,30,24,0,0,0
2021-04-26 19:45,51,24,27,0,0,0
2021-04-26 20:00,37,20,17,0,0,0
2021-04-26 20:15,24,16,8,0,0,0
2021-04-26 20:30,30,12,18,0,0,0
2021-04-26 20:45,24,16,8,0,0,0
2021-04-26 21:00,39,17,22,0,0,0
2021-04-26 21:15,27,16,11,0,0,0
2021-04-26 21:30,20,14,6,0,0,0
2021-04-26 21:45,22,10,12,0,0,0
2021-04-26 22:00,16,10,6,0,0,0
2021-04-26 22:15,17,10,7,0,0,0
2021-04-26 22:30,12,7,5,0,0,0
2021-04-26 22:45,9,7,2,0,0,0
2021-04-26 23:00,5,0,5,0,0,0
2021-04-26 23:15,8,3,5,0,0,0
2021-04-26 23:30,7,6,1,0,0,0
2021-04-26 23:45,4,3,1,0,0,0
2021-04-27 00:00,0,0,0,0,0,0
2021-04-27 00:15,0,0,0,0,0,0
2021-04-27 00:30,0,0,0,0,0,0
2021-04-27 00:45,1,0,1,0,0,0
2021-04-27 01:00,3,1,2,0,0,0
2021-04-27 01:15,0,0,0,0,0,0
2021-04-27 01:30,5,5,0,0,0,0
2021-04-27 01:45,3,2,1,0,0,0
2021-04-27 02:00,1,0,1,0,0,0
2021-04-27 02:15,0,0,0,0,0,0
2021-04-27 02:30,1,0,1,0,0,0
2021-04-27 02:45,0,0,0,0,0,0
2021-04-27 03:00,3,2,1,0,0,0
2021-04-27 03:15,0,0,0,0,0,0
2021-04-27 03:30,1,0,1,0,0,0
2021-04-27 03:45,0,0,0,0,0,0
2021-04-27 04:00,0,0,0,0,0,0
2021-04-27 04:15,1,0,1,0,0,0
2021-04-27 04:30,1,1,0,0,0,0
2021-04-27 04:45,2,1,1,0,0,0
2021-04-27 05:00,2,1,1,0,0,0
2021-04-27 05:15,6,5,1,0,0,0
2021-04-27 05:30,7,3,4,0,0,0
2021-04-27 05:45,15,6,9,0,0,0
2021-04-27 06:00,22,11,11,0,0,0
2021-04-27 06:15,33,16,17,0,0,0
2021-04-27 06:30,46,24,22,0,0,0
2021-04-27 06:45,64,43,21,0,0,0
2021-04-27 07:00,83,59,24,0,0,0
2021-04-27 07:15,102,63,39,0,0,0
2021-04-27 07:30,143,96,47,0,0,0
2021-04-27 07:45,196,156,40,0,0,0
2021-04-27 08:00,172,148,24,0,0,0
2021-04-27 08:15,144,108,36,0,0,0
2021-04-27 08:30,124,89,35,0,0,0
2021-04-27 08:45,136,95,41,0,0,0
2021-04-27 09:00,83,62,21,0,0,0
2021-04-27 09:15,95,65,30,0,0,0
2021-04-27 09:30,100,73,27,0,0,0
2021-04-27 09:45,114,81,33,0,0,0
2021-04-27 10:00,68,53,15,0,0,0
2021-04-27 10:15,92,56,36,0,0,0
2021-04-27 10:30,87,64,23,0,0,0
2021-04-27 10:45,78,47,31,0,0,0
2021-04-27 11:00,78,55,23,0,0,0
2021-04-27 11:15,87,44,43,0,0,0
2021-04-27 11:30,63,37,26,0,0,0
2021-04-27 11:45,88,49,39,0,0,0
2021-04-27 12:00,96,62,34,0,0,0
2021-04-27 12:15,93,47,46,0,0,0
2021-04-27 12:30,107,67,40,0,0,0
2021-04-27 12:45,90,48,42,0,0,0
2021-04-27 13:00,119,59,60,0,0,0
2021-04-27 13:15,127,66,61,0,0,0
2021-04-27 13:30,126,59,67,0,0,0
2021-04-27 13:45,128,69,59,0,0,0
2021-04-27 14:00,106,55,51,0,0,0
2021-04-27 14:15,129,72,57,0,0,0
2021-04-27 14:30,125,63,62,0,0,0
2021-04-27 14:45,144,85,59,0,0,0
2021-04-27 15:00,152,87,65,0,0,0
2021-04-27 15:15,150,80,70,0,0,0
2021-04-27 15:30,133,87,46,0,0,0
2021-04-27 15:45,154,88,66,0,0,0
2021-04-27 16:00,159,93,66,0,0,0
2021-04-27 16:15,157,83,74,0,0,0
2021-04-27 16:30,140,77,63,0,0,0
2021-04-27 16:45,168,88,80,0,0,0
2021-04-27 17:00,176,84,92,0,0,0
2021-04-27 17:15,144,68,76,0,0,0
2021-04-27 17:30,167,86,81,0,0,0
2021-04-27 17:45,145,70,75,0,0,0
2021-04-27 18:00,136,65,71,0,0,0
2021-04-27 18:15,112,66,46,0,0,0
2021-04-27 18:30,109,51,58,0,0,0
2021-04-27 18:45,90,46,44,0,0,0
2021-04-27 19:00,93,59,34,0,0,0
2021-04-27 19:15,62,32,30,0,0,0
2021-04-27 19:30,55,25,30,0,0,0
2021-04-27 19:45,64,23,41,0,0,0
2021-04-27 20:00,55,26,29,0,0,0
2021-04-27 20:15,53,24,29,0,0,0
2021-04-27 20:30,53,34,19,0,0,0
2021-04-27 20:45,55,33,22,0,0,0
2021-04-27 21:00,42,23,19,0,0,0
2021-04-27 21:15,26,10,16,0,0,0
2021-04-27 21:30,26,11,15,0,0,0
2021-04-27 21:45,21,12,9,0,0,0
2021-04-27 22:00,31,10,21,0,0,0
2021-04-27 22:15,25,19,6,0,0,0
2021-04-27 22:30,20,9,11,0,0,0
2021-04-27 22:45,12,1,11,0,0,0
2021-04-27 23:00,20,9,11,0,0,0
2021-04-27 23:15,9,6,3,0,0,0
2021-04-27 23:30,13,13,0,0,0,0
2021-04-27 23:45,11,5,6,0,0,0
2021-04-28 00:00,6,4,2,0,0,0
2021-04-28 00:15,2,2,0,0,0,0
2021-04-28 00:30,3,2,1,0,0,0
2021-04-28 00:45,0,0,0,0,0,0
2021-04-28 01:00,2,1,1,0,0,0
2021-04-28 01:15,1,1,0,0,0,0
2021-04-28 01:30,0,0,0,0,0,0
2021-04-28 01:45,3,2,1,0,0,0
2021-04-28 02:00,6,6,0,0,0,0
2021-04-28 02:15,0,0,0,0,0,0
2021-04-28 02:30,2,0,2,0,0,0
2021-04-28 02:45,0,0,0,0,0,0
2021-04-28 03:00,0,0,0,0,0,0
2021-04-28 03:15,0,0,0,0,0,0
2021-04-28 03:30,0,0,0,0,0,0
2021-04-28 03:45,0,0,0,0,0,0
2021-04-28 04:00,1,0,1,0,0,0
2021-04-28 04:15,2,1,1,0,0,0
2021-04-28 04:30,1,1,0,0,0,0
2021-04-28 04:45,1,1,0,0,0,0
2021-04-28 05:00,4,4,0,0,0,0
2021-04-28 05:15,7,4,3,0,0,0
2021-04-28 05:30,9,5,4,0,0,0
2021-04-28 05:45,13,6,7,0,0,0
2021-04-28 06:00,28,13,15,0,0,0
2021-04-28 06:15,21,15,6,0,0,0
2021-04-28 06:30,50,33,17,0,0,0
2021-04-28 06:45,65,43,22,0,0,0
2021-04-28 07:00,108,77,31,0,0,0
2021-04-28 07:15,108,63,45,0,0,0
2021-04-28 07:30,139,102,37,0,0,0
2021-04-28 07:45,214,159,55,0,0,0
2021-04-28 08:00,168,136,32,0,0,0
2021-04-28 08:15,159,114,45,0,0,0
2021-04-28 08:30,144,107,37,0,0,0
2021-04-28 08:45,146,117,29,0,0,0
2021-04-28 09:00,115,81,34,0,0,0
2021-04-28 09:15,108,64,44,0,0,0
2021-04-28 09:30,120,88,32,0,0,0
2021-04-28 09:45,132,93,39,0,0,0
2021-04-28 10:00,91,63,28,0,0,0
2021-04-28 10:15,111,77,34,0,0,0
2021-04-28 10:30,118,81,37,0,0,0
2021-04-28 10:45,126,85,41,0,0,0
2021-04-28 11:00,120,68,52,0,0,0
2021-04-28 11:15,145,83,62,0,0,0
2021-04-28 11:30,130,72,58,0,0,0
2021-04-28 11:45,157,87,70,0,0,0
2021-04-28 12:00,141,84,57,0,0,0
2021-04-28 12:15,135,77,58,0,0,0
2021-04-28 12:30,152,72,80,0,0,0
2021-04-28 12:45,153,80,73,0,0,0
2021-04-28 13:00,158,76,82,0,0,0
2021-04-28 13:15,144,73,71,0,0,0
2021-04-28 13:30,153,74,79,0,0,0
2021-04-28 13:45,187,101,86,0,0,0
2021-04-28 14:00,147,83,64,0,0,0
2021-04-28 14:15,167,77,90,0,0,0
2021-04-28 14:30,146,75,71,0,0,0
2021-04-28 14:45,141,70,71,0,0,0
2021-04-28 15:00,132,71,61,0,0,0
2021-04-28 15:15,128,74,54,0,0,0
2021-04-28 15:30,148,70,78,0,0,0
2021-04-28 15:45,204,117,87,0,0,0
2021-04-28 16:00,181,107,74,0,0,0
2021-04-28 16:15,179,102,77,0,0,0
2021-04-28 16:30,163,89,74,0,0,0
2021-04-28 16:45,156,89,67,0,0,0
2021-04-28 17:00,167,94,73,0,0,0
2021-04-28 17:15,169,78,91,0,0,0
2021-04-28 17:30,148,73,75,0,0,0
2021-04-28 17:45,184,95,89,0,0,0
2021-04-28 18:00,140,68,72,0,0,0
2021-04-28 18:15,121,57,64,0,0,0
2021-04-28 18:30,102,50,52,0,0,0
2021-04-28 18:45,99,39,60,0,0,0
2021-04-28 19:00,112,59,53,0,0,0
2021-04-28 19:15,108,58,50,0,0,0
2021-04-28 19:30,64,28,36,0,0,0
2021-04-28 19:45,64,26,38,0,0,0
2021-04-28 20:00,80,42,38,0,0,0
2021-04-28 20:15,43,18,25,0,0,0
2021-04-28 20:30,49,33,16,0,0,0
2021-04-28 20:45,44,21,23,0,0,0
2021-04-28 21:00,35,21,14,0,0,0
2021-04-28 21:15,36,19,17,0,0,0
2021-04-28 21:30,29,17,12,0,0,0
2021-04-28 21:45,30,15,15,0,0,0
2021-04-28 22:00,39,20,19,0,0,0
2021-04-28 22:15,27,17,10,0,0,0
2021-04-28 22:30,18,10,8,0,0,0
2021-04-28 22:45,23,12,11,0,0,0
2021-04-28 23:00,21,9,12,0,0,0
2021-04-28 23:15,21,11,10,0,0,0
2021-04-28 23:30,18,12,6,0,0,0
2021-04-28 23:45,14,7,7,0,0,0
2021-04-29 00:00,12,6,6,0,0,0
2021-04-29 00:15,7,5,2,0,0,0
2021-04-29 00:30,3,1,2,0,0,0
2021-04-29 00:45,5,4,1,0,0,0
2021-04-29 01:00,1,1,0,0,0,0
2021-04-29 01:15,3,1,2,0,0,0
2021-04-29 01:30,2,2,0,0,0,0
2021-04-29 01:45,4,3,1,0,0,0
2021-04-29 02:00,0,0,0,0,0,0
2021-04-29 02:15,1,0,1,0,0,0
2021-04-29 02:30,0,0,0,0,0,0
2021-04-29 02:45,1,1,0,0,0,0
2021-04-29 03:00,0,0,0,0,0,0
2021-04-29 03:15,1,1,0,0,0,0
2021-04-29 03:30,0,0,0,0,0,0
2021-04-29 03:45,0,0,0,0,0,0
2021-04-29 04:00,1,1,0,0,0,0
2021-04-29 04:15,2,1,1,0,0,0
2021-04-29 04:30,2,1,1,0,0,0
2021-04-29 04:45,0,0,0,0,0,0
2021-04-29 05:00,3,2,1,0,0,0
2021-04-29 05:15,6,5,1,0,0,0
2021-04-29 05:30,14,9,5,0,0,0
2021-04-29 05:45,11,5,6,0,0,0
2021-04-29 06:00,17,13,4,0,0,0
2021-04-29 06:15,20,12,8,0,0,0
2021-04-29 06:30,37,24,13,0,0,0
2021-04-29 06:45,55,32,23,0,0,0
2021-04-29 07:00,76,49,27,0,0,0
2021-04-29 07:15,98,57,41,0,0,0
2021-04-29 07:30,125,86,39,0,0,0
2021-04-29 07:45,194,152,42,0,0,0
2021-04-29 08:00,169,135,34,0,0,0
2021-04-29 08:15,135,105,30,0,0,0
2021-04-29 08:30,111,81,30,0,0,0
2021-04-29 08:45,102,70,32,0,0,0
2021-04-29 09:00,81,55,26,0,0,0
2021-04-29 09:15,76,51,25,0,0,0
2021-04-29 09:30,90,57,33,0,0,0
2021-04-29 09:45,103,78,25,0,0,0
2021-04-29 10:00,65,43,22,0,0,0
2021-04-29 10:15,76,49,27,0,0,0
2021-04-29 10:30,88,68,20,0,0,0
2021-04-29 10:45,90,54,36,0,0,0
2021-04-29 11:00,76,53,23,0,0,0
2021-04-29 11:15,87,42,45,0,0,0
2021-04-29 11:30,89,59,30,0,0,0
2021-04-29 11:45,105,60,45,0,0,0
2021-04-29 12:00,87,46,41,0,0,0
2021-04-29 12:15,86,51,35,0,0,0
2021-04-29 12:30,90,47,43,0,0,0
2021-04-29 12:45,92,45,47,0,0,0
2021-04-29 13:00,112,54,58,0,0,0
2021-04-29 13:15,126,66,60,0,0,0
2021-04-29 13:30,108,56,52,0,0,0
2021-04-29 13:45,114,58,56,0,0,0
2021-04-29 14:00,93,46,47,0,0,0
2021-04-29 14:15,134,65,69,0,0,0
2021-04-29 14:30,113,63,50,0,0,0
2021-04-29 14:45,115,73,42,0,0,0
2021-04-29 15:00,110,58,52,0,0,0
2021-04-29 15:15,117,60,57,0,0,0
2021-04-29 15:30,109,60,49,0,0,0
2021-04-29 15:45,125,78,47,0,0,0
2021-04-29 16:00,120,55,65,0,0,0
2021-04-29 16:15,123,70,53,0,0,0
2021-04-29 16:30,128,65,63,0,0,0
2021-04-29 16:45,117,69,48,0,0,0
2021-04-29 17:00,111,46,65,0,0,0
2021-04-29 17:15,113,60,53,0,0,0
2021-04-29 17:30,96,53,43,0,0,0
2021-04-29 17:45,119,58,61,0,0,0
2021-04-29 18:00,81,39,42,0,0,0
2021-04-29 18:15,89,45,44,0,0,0
2021-04-29 18:30,76,35,41,0,0,0
2021-04-29 18:45,74,39,35,0,0,0
2021-04-29 19:00,54,22,32,0,0,0
2021-04-29 19:15,56,16,40,0,0,0
2021-04-29 19:30,35,16,19,0,0,0
2021-04-29 19:45,38,18,20,0,0,0
2021-04-29 20:00,34,15,19,0,0,0
2021-04-29 20:15,41,22,19,0,0,0
2021-04-29 20:30,35,21,14,0,0,0
2021-04-29 20:45,23,18,5,0,0,0
2021-04-29 21:00,16,10,6,0,0,0
2021-04-29 21:15,17,7,10,0,0,0
2021-04-29 21:30,14,7,7,0,0,0
2021-04-29 21:45,7,2,5,0,0,0
2021-04-29 22:00,25,12,13,0,0,0
2021-04-29 22:15,5,1,4,0,0,0
2021-04-29 22:30,8,6,2,0,0,0
2021-04-29 22:45,12,3,9,0,0,0
2021-04-29 23:00,12,3,9,0,0,0
2021-04-29 23:15,12,3,9,0,0,0
2021-04-29 23:30,4,4,0,0,0,0
2021-04-29 23:45,7,2,5,0,0,0
