Datetime,100034983 (Warendorfer Straße),101034983 (Warendorfer Straße stadteinwärts),102034983 (Warendorfer Straße stadtauswärts),100034983-status,101034983-status,102034983-status
2021-03-01 00:00,5,3,2,0,0,0
2021-03-01 00:15,4,3,1,0,0,0
2021-03-01 00:30,1,0,1,0,0,0
2021-03-01 00:45,2,1,1,0,0,0
2021-03-01 01:00,1,1,0,0,0,0
2021-03-01 01:15,1,1,0,0,0,0
2021-03-01 01:30,1,0,1,0,0,0
2021-03-01 01:45,4,3,1,0,0,0
2021-03-01 02:00,1,1,0,0,0,0
2021-03-01 02:15,0,0,0,0,0,0
2021-03-01 02:30,1,1,0,0,0,0
2021-03-01 02:45,0,0,0,0,0,0
2021-03-01 03:00,0,0,0,0,0,0
2021-03-01 03:15,1,1,0,0,0,0
2021-03-01 03:30,0,0,0,0,0,0
2021-03-01 03:45,1,0,1,0,0,0
2021-03-01 04:00,0,0,0,0,0,0
2021-03-01 04:15,1,0,1,0,0,0
2021-03-01 04:30,0,0,0,0,0,0
2021-03-01 04:45,1,1,0,0,0,0
2021-03-01 05:00,1,1,0,0,0,0
2021-03-01 05:15,3,2,1,0,0,0
2021-03-01 05:30,12,6,6,0,0,0
2021-03-01 05:45,12,7,5,0,0,0
2021-03-01 06:00,11,7,4,0,0,0
2021-03-01 06:15,25,15,10,0,0,0
2021-03-01 06:30,47,27,20,0,0,0
2021-03-01 06:45,59,45,14,0,0,0
2021-03-01 07:00,70,53,17,0,0,0
2021-03-01 07:15,99,51,48,0,0,0
2021-03-01 07:30,128,88,40,0,0,0
2021-03-01 07:45,158,120,38,0,0,0
2021-03-01 08:00,136,108,28,0,0,0
2021-03-01 08:15,114,84,30,0,0,0
2021-03-01 08:30,137,103,34,0,0,0
2021-03-01 08:45,132,99,33,0,0,0
2021-03-01 09:00,75,56,19,0,0,0
2021-03-01 09:15,85,66,19,0,0,0
2021-03-01 09:30,62,41,21,0,0,0
2021-03-01 09:45,85,55,30,0,0,0
2021-03-01 10:00,49,35,14,0,0,0
2021-03-01 10:15,68,47,21,0,0,0
2021-03-01 10:30,67,46,21,0,0,0
2021-03-01 10:45,87,56,31,0,0,0
2021-03-01 11:00,79,45,34,0,0,0
2021-03-01 11:15,71,40,31,0,0,0
2021-03-01 11:30,72,35,37,0,0,0
2021-03-01 11:45,75,35,40,0,0,0
2021-03-01 12:00,80,43,37,0,0,0
2021-03-01 12:15,63,34,29,0,0,0
2021-03-01 12:30,69,41,28,0,0,0
2021-03-01 12:45,67,30,37,0,0,0
2021-03-01 13:00,89,48,41,0,0,0
2021-03-01 13:15,81,53,28,0,0,0
2021-03-01 13:30,91,35,56,0,0,0
2021-03-01 13:45,87,43,44,0,0,0
2021-03-01 14:00,69,35,34,0,0,0
2021-03-01 14:15,85,48,37,0,0,0
2021-03-01 14:30,113,63,50,0,0,0
2021-03-01 14:45,91,50,41,0,0,0
2021-03-01 15:00,89,53,36,0,0,0
2021-03-01 15:15,115,61,54,0,0,0
2021-03-01 15:30,108,65,43,0,0,0
2021-03-01 15:45,158,88,70,0,0,0
2021-03-01 16:00,113,64,49,0,0,0
2021-03-01 16:15,151,80,71,0,0,0
2021-03-01 16:30,110,56,54,0,0,0
2021-03-01 16:45,124,63,61,0,0,0
2021-03-01 17:00,116,59,57,0,0,0
2021-03-01 17:15,119,62,57,0,0,0
2021-03-01 17:30,119,64,55,0,0,0
2021-03-01 17:45,136,65,71,0,0,0
2021-03-01 18:00,118,53,65,0,0,0
2021-03-01 18:15,103,41,62,0,0,0
2021-03-01 18:30,68,35,33,0,0,0
2021-03-01 18:45,64,26,38,0,0,0
2021-03-01 19:00,43,18,25,0,0,0
2021-03-01 19:15,59,34,25,0,0,0
2021-03-01 19:30,34,13,21,0,0,0
2021-03-01 19:45,43,16,27,0,0,0
2021-03-01 20:00,31,19,12,0,0,0
2021-03-01 20:15,35,20,15,0,0,0
2021-03-01 20:30,26,13,13,0,0,0
2021-03-01 20:45,27,15,12,0,0,0
2021-03-01 21:00,21,11,10,0,0,0
2021-03-01 21:15,16,8,8,0,0,0
2021-03-01 21:30,20,12,8,0,0,0
2021-03-01 21:45,14,10,4,0,0,0
2021-03-01 22:00,15,11,4,0,0,0
2021-03-01 22:15,13,8,5,0,0,0
2021-03-01 22:30,10,4,6,0,0,0
2021-03-01 22:45,7,3,4,0,0,0
2021-03-01 23:00,6,4,2,0,0,0
2021-03-01 23:15,9,3,6,0,0,0
2021-03-01 23:30,0,0,0,0,0,0
2021-03-01 23:45,2,1,1,0,0,0
2021-03-02 00:00,2,0,2,0,0,0
2021-03-02 00:15,1,1,0,0,0,0
2021-03-02 00:30,3,2,1,0,0,0
2021-03-02 00:45,2,0,2,0,0,0
2021-03-02 01:00,2,0,2,0,0,0
2021-03-02 01:15,3,2,1,0,0,0
2021-03-02 01:30,0,0,0,0,0,0
2021-03-02 01:45,1,1,0,0,0,0
2021-03-02 02:00,1,0,1,0,0,0
2021-03-02 02:15,0,0,0,0,0,0
2021-03-02 02:30,0,0,0,0,0,0
2021-03-02 02:45,0,0,0,0,0,0
2021-03-02 03:00,0,0,0,0,0,0
2021-03-02 03:15,1,0,1,0,0,0
2021-03-02 03:30,2,0,2,0,0,0
2021-03-02 03:45,0,0,0,0,0,0
2021-03-02 04:00,0,0,0,0,0,0
2021-03-02 04:15,1,0,1,0,0,0
2021-03-02 04:30,1,1,0,0,0,0
2021-03-02 04:45,0,0,0,0,0,0
2021-03-02 05:00,3,3,0,0,0,0
2021-03-02 05:15,5,3,2,0,0,0
2021-03-02 05:30,12,7,5,0,0,0
2021-03-02 05:45,13,8,5,0,0,0
2021-03-02 06:00,23,16,7,0,0,0
2021-03-02 06:15,18,8,10,0,0,0
2021-03-02 06:30,41,29,12,0,0,0
2021-03-02 06:45,58,39,19,0,0,0
2021-03-02 07:00,71,49,22,0,0,0
2021-03-02 07:15,92,68,24,0,0,0
2021-03-02 07:30,123,87,36,0,0,0
2021-03-02 07:45,151,112,39,0,0,0
2021-03-02 08:00,146,119,27,0,0,0
2021-03-02 08:15,124,82,42,0,0,0
2021-03-02 08:30,97,79,18,0,0,0
2021-03-02 08:45,124,90,34,0,0,0
2021-03-02 09:00,73,57,16,0,0,0
2021-03-02 09:15,70,48,22,0,0,0
2021-03-02 09:30,67,52,15,0,0,0
2021-03-02 09:45,79,57,22,0,0,0
2021-03-02 10:00,54,37,17,0,0,0
2021-03-02 10:15,64,43,21,0,0,0
2021-03-02 10:30,66,44,22,0,0,0
2021-03-02 10:45,84,58,26,0,0,0
2021-03-02 11:00,77,45,32,0,0,0
2021-03-02 11:15,73,39,34,0,0,0
2021-03-02 11:30,58,28,30,0,0,0
2021-03-02 11:45,72,40,32,0,0,0
2021-03-02 12:00,86,41,45,0,0,0
2021-03-02 12:15,106,55,51,0,0,0
2021-03-02 12:30,87,41,46,0,0,0
2021-03-02 12:45,99,59,40,0,0,0
2021-03-02 13:00,90,56,34,0,0,0
2021-03-02 13:15,96,53,43,0,0,0
2021-03-02 13:30,115,64,51,0,0,0
2021-03-02 13:45,111,75,36,0,0,0
2021-03-02 14:00,118,70,48,0,0,0
2021-03-02 14:15,98,56,42,0,0,0
2021-03-02 14:30,112,65,47,0,0,0
2021-03-02 14:45,138,84,54,0,0,0
2021-03-02 15:00,118,63,55,0,0,0
2021-03-02 15:15,126,60,66,0,0,0
2021-03-02 15:30,127,71,56,0,0,0
2021-03-02 15:45,163,92,71,0,0,0
2021-03-02 16:00,155,73,82,0,0,0
2021-03-02 16:15,162,92,70,0,0,0
2021-03-02 16:30,181,96,85,0,0,0
2021-03-02 16:45,139,83,56,0,0,0
2021-03-02 17:00,141,69,72,0,0,0
2021-03-02 17:15,134,64,70,0,0,0
2021-03-02 17:30,147,74,73,0,0,0
2021-03-02 17:45,104,55,49,0,0,0
2021-03-02 18:00,108,50,58,0,0,0
2021-03-02 18:15,109,46,63,0,0,0
2021-03-02 18:30,98,49,49,0,0,0
2021-03-02 18:45,92,42,50,0,0,0
2021-03-02 19:00,79,40,39,0,0,0
2021-03-02 19:15,61,31,30,0,0,0
2021-03-02 19:30,59,28,31,0,0,0
2021-03-02 19:45,35,20,15,0,0,0
2021-03-02 20:00,47,25,22,0,0,0
2021-03-02 20:15,36,21,15,0,0,0
2021-03-02 20:30,29,21,8,0,0,0
2021-03-02 20:45,23,15,8,0,0,0
2021-03-02 21:00,21,14,7,0,0,0
2021-03-02 21:15,16,10,6,0,0,0
2021-03-02 21:30,19,14,5,0,0,0
2021-03-02 21:45,14,3,11,0,0,0
2021-03-02 22:00,15,7,8,0,0,0
2021-03-02 22:15,17,8,9,0,0,0
2021-03-02 22:30,19,12,7,0,0,0
2021-03-02 22:45,17,8,9,0,0,0
2021-03-02 23:00,16,11,5,0,0,0
2021-03-02 23:15,15,6,9,0,0,0
2021-03-02 23:30,5,2,3,0,0,0
2021-03-02 23:45,8,0,8,0,0,0
2021-03-03 00:00,5,1,4,0,0,0
2021-03-03 00:15,5,0,5,0,0,0
2021-03-03 00:30,1,0,1,0,0,0
2021-03-03 00:45,2,1,1,0,0,0
2021-03-03 01:00,2,1,1,0,0,0
2021-03-03 01:15,2,0,2,0,0,0
2021-03-03 01:30,4,3,1,0,0,0
2021-03-03 01:45,2,1,1,0,0,0
2021-03-03 02:00,2,1,1,0,0,0
2021-03-03 02:15,1,1,0,0,0,0
2021-03-03 02:30,1,1,0,0,0,0
2021-03-03 02:45,2,2,0,0,0,0
2021-03-03 03:00,2,2,0,0,0,0
2021-03-03 03:15,0,0,0,0,0,0
2021-03-03 03:30,0,0,0,0,0,0
2021-03-03 03:45,2,1,1,0,0,0
2021-03-03 04:00,0,0,0,0,0,0
2021-03-03 04:15,3,2,1,0,0,0
2021-03-03 04:30,0,0,0,0,0,0
2021-03-03 04:45,2,2,0,0,0,0
2021-03-03 05:00,0,0,0,0,0,0
2021-03-03 05:15,1,0,1,0,0,0
2021-03-03 05:30,21,14,7,0,0,0
2021-03-03 05:45,15,9,6,0,0,0
2021-03-03 06:00,15,8,7,0,0,0
2021-03-03 06:15,30,22,8,0,0,0
2021-03-03 06:30,32,26,6,0,0,0
2021-03-03 06:45,62,43,19,0,0,0
2021-03-03 07:00,87,62,25,0,0,0
2021-03-03 07:15,112,76,36,0,0,0
2021-03-03 07:30,135,95,40,0,0,0
2021-03-03 07:45,177,135,42,0,0,0
2021-03-03 08:00,172,137,35,0,0,0
2021-03-03 08:15,120,84,36,0,0,0
2021-03-03 08:30,111,87,24,0,0,0
2021-03-03 08:45,145,115,30,0,0,0
2021-03-03 09:00,89,62,27,0,0,0
2021-03-03 09:15,91,65,26,0,0,0
2021-03-03 09:30,110,84,26,0,0,0
2021-03-03 09:45,114,74,40,0,0,0
2021-03-03 10:00,101,62,39,0,0,0
2021-03-03 10:15,97,62,35,0,0,0
2021-03-03 10:30,103,70,33,0,0,0
2021-03-03 10:45,96,70,26,0,0,0
2021-03-03 11:00,89,46,43,0,0,0
2021-03-03 11:15,106,72,34,0,0,0
2021-03-03 11:30,136,76,60,0,0,0
2021-03-03 11:45,120,90,30,0,0,0
2021-03-03 12:00,109,55,54,0,0,0
2021-03-03 12:15,128,72,56,0,0,0
2021-03-03 12:30,133,77,56,0,0,0
2021-03-03 12:45,110,64,46,0,0,0
2021-03-03 13:00,144,76,68,0,0,0
2021-03-03 13:15,124,56,68,0,0,0
2021-03-03 13:30,137,81,56,0,0,0
2021-03-03 13:45,128,75,53,0,0,0
2021-03-03 14:00,127,63,64,0,0,0
2021-03-03 14:15,116,55,61,0,0,0
2021-03-03 14:30,144,57,87,0,0,0
2021-03-03 14:45,146,78,68,0,0,0
2021-03-03 15:00,113,58,55,0,0,0
2021-03-03 15:15,122,63,59,0,0,0
2021-03-03 15:30,143,75,68,0,0,0
2021-03-03 15:45,144,75,69,0,0,0
2021-03-03 16:00,132,76,56,0,0,0
2021-03-03 16:15,153,85,68,0,0,0
2021-03-03 16:30,152,69,83,0,0,0
2021-03-03 16:45,147,70,77,0,0,0
2021-03-03 17:00,142,60,82,0,0,0
2021-03-03 17:15,137,65,72,0,0,0
2021-03-03 17:30,133,71,62,0,0,0
2021-03-03 17:45,107,57,50,0,0,0
2021-03-03 18:00,103,45,58,0,0,0
2021-03-03 18:15,108,54,54,0,0,0
2021-03-03 18:30,81,32,49,0,0,0
2021-03-03 18:45,68,33,35,0,0,0
2021-03-03 19:00,84,30,54,0,0,0
2021-03-03 19:15,64,32,32,0,0,0
2021-03-03 19:30,51,29,22,0,0,0
2021-03-03 19:45,51,27,24,0,0,0
2021-03-03 20:00,31,13,18,0,0,0
2021-03-03 20:15,34,15,19,0,0,0
2021-03-03 20:30,26,13,13,0,0,0
2021-03-03 20:45,18,7,11,0,0,0
2021-03-03 21:00,26,18,8,0,0,0
2021-03-03 21:15,22,13,9,0,0,0
2021-03-03 21:30,19,10,9,0,0,0
2021-03-03 21:45,10,5,5,0,0,0
2021-03-03 22:00,10,5,5,0,0,0
2021-03-03 22:15,12,4,8,0,0,0
2021-03-03 22:30,8,4,4,0,0,0
2021-03-03 22:45,19,10,9,0,0,0
2021-03-03 23:00,9,1,8,0,0,0
2021-03-03 23:15,13,5,8,0,0,0
2021-03-03 23:30,7,4,3,0,0,0
2021-03-03 23:45,8,7,1,0,0,0
2021-03-04 00:00,5,2,3,0,0,0
2021-03-04 00:15,13,7,6,0,0,0
2021-03-04 00:30,4,2,2,0,0,0
2021-03-04 00:45,2,2,0,0,0,0
2021-03-04 01:00,3,2,1,0,0,0
2021-03-04 01:15,2,1,1,0,0,0
2021-03-04 01:30,3,3,0,0,0,0
2021-03-04 01:45,2,1,1,0,0,0
2021-03-04 02:00,2,0,2,0,0,0
2021-03-04 02:15,0,0,0,0,0,0
2021-03-04 02:30,0,0,0,0,0,0
2021-03-04 02:45,1,1,0,0,0,0
2021-03-04 03:00,0,0,0,0,0,0
2021-03-04 03:15,1,0,1,0,0,0
2021-03-04 03:30,0,0,0,0,0,0
2021-03-04 03:45,1,0,1,0,0,0
2021-03-04 04:00,0,0,0,0,0,0
2021-03-04 04:15,3,1,2,0,0,0
2021-03-04 04:30,0,0,0,0,0,0
2021-03-04 04:45,2,1,1,0,0,0
2021-03-04 05:00,1,1,0,0,0,0
2021-03-04 05:15,1,0,1,0,0,0
2021-03-04 05:30,16,12,4,0,0,0
2021-03-04 05:45,18,6,12,0,0,0
2021-03-04 06:00,13,8,5,0,0,0
2021-03-04 06:15,29,18,11,0,0,0
2021-03-04 06:30,34,23,11,0,0,0
2021-03-04 06:45,53,34,19,0,0,0
2021-03-04 07:00,76,50,26,0,0,0
2021-03-04 07:15,81,49,32,0,0,0
2021-03-04 07:30,112,75,37,0,0,0
2021-03-04 07:45,133,98,35,0,0,0
2021-03-04 08:00,138,111,27,0,0,0
2021-03-04 08:15,100,72,28,0,0,0
2021-03-04 08:30,102,73,29,0,0,0
2021-03-04 08:45,106,71,35,0,0,0
2021-03-04 09:00,82,61,21,0,0,0
2021-03-04 09:15,64,43,21,0,0,0
2021-03-04 09:30,65,45,20,0,0,0
2021-03-04 09:45,73,48,25,0,0,0
2021-03-04 10:00,52,34,18,0,0,0
2021-03-04 10:15,59,36,23,0,0,0
2021-03-04 10:30,53,36,17,0,0,0
2021-03-04 10:45,66,43,23,0,0,0
2021-03-04 11:00,59,35,24,0,0,0
2021-03-04 11:15,66,41,25,0,0,0
2021-03-04 11:30,52,32,20,0,0,0
2021-03-04 11:45,72,39,33,0,0,0
2021-03-04 12:00,57,33,24,0,0,0
2021-03-04 12:15,69,42,27,0,0,0
2021-03-04 12:30,61,30,31,0,0,0
2021-03-04 12:45,81,38,43,0,0,0
2021-03-04 13:00,76,37,39,0,0,0
2021-03-04 13:15,56,25,31,0,0,0
2021-03-04 13:30,85,44,41,0,0,0
2021-03-04 13:45,73,40,33,0,0,0
2021-03-04 14:00,84,49,35,0,0,0
2021-03-04 14:15,102,57,45,0,0,0
2021-03-04 14:30,125,53,72,0,0,0
2021-03-04 14:45,104,56,48,0,0,0
2021-03-04 15:00,58,34,24,0,0,0
2021-03-04 15:15,87,42,45,0,0,0
2021-03-04 15:30,86,44,42,0,0,0
2021-03-04 15:45,112,58,54,0,0,0
2021-03-04 16:00,93,50,43,0,0,0
2021-03-04 16:15,118,64,54,0,0,0
2021-03-04 16:30,122,66,56,0,0,0
2021-03-04 16:45,100,50,50,0,0,0
2021-03-04 17:00,112,54,58,0,0,0
2021-03-04 17:15,99,44,55,0,0,0
2021-03-04 17:30,104,44,60,0,0,0
2021-03-04 17:45,102,52,50,0,0,0
2021-03-04 18:00,102,50,52,0,0,0
2021-03-04 18:15,71,39,32,0,0,0
2021-03-04 18:30,64,36,28,0,0,0
2021-03-04 18:45,64,30,34,0,0,0
2021-03-04 19:00,67,35,32,0,0,0
2021-03-04 19:15,60,27,33,0,0,0
2021-03-04 19:30,42,22,20,0,0,0
2021-03-04 19:45,45,25,20,0,0,0
2021-03-04 20:00,29,8,21,0,0,0
2021-03-04 20:15,43,26,17,0,0,0
2021-03-04 20:30,17,12,5,0,0,0
2021-03-04 20:45,20,9,11,0,0,0
2021-03-04 21:00,14,9,5,0,0,0
2021-03-04 21:15,19,13,6,0,0,0
2021-03-04 21:30,12,8,4,0,0,0
2021-03-04 21:45,16,11,5,0,0,0
2021-03-04 22:00,11,3,8,0,0,0
2021-03-04 22:15,10,3,7,0,0,0
2021-03-04 22:30,12,8,4,0,0,0
2021-03-04 22:45,14,5,9,0,0,0
2021-03-04 23:00,12,5,7,0,0,0
2021-03-04 23:15,20,10,10,0,0,0
2021-03-04 23:30,6,1,5,0,0,0
2021-03-04 23:45,5,2,3,0,0,0
2021-03-05 00:00,3,2,1,0,0,0
2021-03-05 00:15,1,0,1,0,0,0
2021-03-05 00:30,3,2,1,0,0,0
2021-03-05 00:45,1,0,1,0,0,0
2021-03-05 01:00,1,1,0,0,0,0
2021-03-05 01:15,3,2,1,0,0,0
2021-03-05 01:30,4,3,1,0,0,0
2021-03-05 01:45,3,2,1,0,0,0
2021-03-05 02:00,1,1,0,0,0,0
2021-03-05 02:15,0,0,0,0,0,0
2021-03-05 02:30,1,0,1,0,0,0
2021-03-05 02:45,2,2,0,0,0,0
2021-03-05 03:00,0,0,0,0,0,0
2021-03-05 03:15,1,1,0,0,0,0
2021-03-05 03:30,1,0,1,0,0,0
2021-03-05 03:45,1,1,0,0,0,0
2021-03-05 04:00,0,0,0,0,0,0
2021-03-05 04:15,1,0,1,0,0,0
2021-03-05 04:30,0,0,0,0,0,0
2021-03-05 04:45,0,0,0,0,0,0
2021-03-05 05:00,1,0,1,0,0,0
2021-03-05 05:15,3,1,2,0,0,0
2021-03-05 05:30,13,8,5,0,0,0
2021-03-05 05:45,8,2,6,0,0,0
2021-03-05 06:00,14,9,5,0,0,0
2021-03-05 06:15,24,18,6,0,0,0
2021-03-05 06:30,51,36,15,0,0,0
2021-03-05 06:45,56,38,18,0,0,0
2021-03-05 07:00,66,49,17,0,0,0
2021-03-05 07:15,79,47,32,0,0,0
2021-03-05 07:30,109,79,30,0,0,0
2021-03-05 07:45,129,98,31,0,0,0
2021-03-05 08:00,149,125,24,0,0,0
2021-03-05 08:15,85,46,39,0,0,0
2021-03-05 08:30,97,75,22,0,0,0
2021-03-05 08:45,103,75,28,0,0,0
2021-03-05 09:00,90,64,26,0,0,0
2021-03-05 09:15,74,59,15,0,0,0
2021-03-05 09:30,67,50,17,0,0,0
2021-03-05 09:45,79,52,27,0,0,0
2021-03-05 10:00,45,30,15,0,0,0
2021-03-05 10:15,66,38,28,0,0,0
2021-03-05 10:30,65,42,23,0,0,0
2021-03-05 10:45,78,43,35,0,0,0
2021-03-05 11:00,78,47,31,0,0,0
2021-03-05 11:15,85,56,29,0,0,0
2021-03-05 11:30,81,44,37,0,0,0
2021-03-05 11:45,102,67,35,0,0,0
2021-03-05 12:00,77,38,39,0,0,0
2021-03-05 12:15,91,52,39,0,0,0
2021-03-05 12:30,97,56,41,0,0,0
2021-03-05 12:45,100,53,47,0,0,0
2021-03-05 13:00,105,50,55,0,0,0
2021-03-05 13:15,111,66,45,0,0,0
2021-03-05 13:30,98,60,38,0,0,0
2021-03-05 13:45,132,73,59,0,0,0
2021-03-05 14:00,109,60,49,0,0,0
2021-03-05 14:15,137,82,55,0,0,0
2021-03-05 14:30,110,53,57,0,0,0
2021-03-05 14:45,137,77,60,0,0,0
2021-03-05 15:00,144,77,67,0,0,0
2021-03-05 15:15,141,69,72,0,0,0
2021-03-05 15:30,100,61,39,0,0,0
2021-03-05 15:45,116,57,59,0,0,0
2021-03-05 16:00,112,63,49,0,0,0
2021-03-05 16:15,107,59,48,0,0,0
2021-03-05 16:30,92,51,41,0,0,0
2021-03-05 16:45,101,56,45,0,0,0
2021-03-05 17:00,118,65,53,0,0,0
2021-03-05 17:15,92,48,44,0,0,0
2021-03-05 17:30,92,41,51,0,0,0
2021-03-05 17:45,91,46,45,0,0,0
2021-03-05 18:00,80,42,38,0,0,0
2021-03-05 18:15,75,37,38,0,0,0
2021-03-05 18:30,60,36,24,0,0,0
2021-03-05 18:45,49,25,24,0,0,0
2021-03-05 19:00,57,30,27,0,0,0
2021-03-05 19:15,54,27,27,0,0,0
2021-03-05 19:30,61,31,30,0,0,0
2021-03-05 19:45,54,26,28,0,0,0
2021-03-05 20:00,44,30,14,0,0,0
2021-03-05 20:15,28,12,16,0,0,0
2021-03-05 20:30,23,7,16,0,0,0
2021-03-05 20:45,19,12,7,0,0,0
2021-03-05 21:00,12,4,8,0,0,0
2021-03-05 21:15,16,6,10,0,0,0
2021-03-05 21:30,18,8,10,0,0,0
2021-03-05 21:45,15,10,5,0,0,0
2021-03-05 22:00,18,9,9,0,0,0
2021-03-05 22:15,10,4,6,0,0,0
2021-03-05 22:30,17,8,9,0,0,0
2021-03-05 22:45,10,5,5,0,0,0
2021-03-05 23:00,11,8,3,0,0,0
2021-03-05 23:15,9,5,4,0,0,0
2021-03-05 23:30,7,5,2,0,0,0
2021-03-05 23:45,15,6,9,0,0,0
2021-03-06 00:00,10,5,5,0,0,0
2021-03-06 00:15,12,9,3,0,0,0
2021-03-06 00:30,14,7,7,0,0,0
2021-03-06 00:45,8,2,6,0,0,0
2021-03-06 01:00,6,1,5,0,0,0
2021-03-06 01:15,5,1,4,0,0,0
2021-03-06 01:30,6,2,4,0,0,0
2021-03-06 01:45,6,5,1,0,0,0
2021-03-06 02:00,8,7,1,0,0,0
2021-03-06 02:15,4,2,2,0,0,0
2021-03-06 02:30,3,1,2,0,0,0
2021-03-06 02:45,1,1,0,0,0,0
2021-03-06 03:00,1,1,0,0,0,0
2021-03-06 03:15,1,1,0,0,0,0
2021-03-06 03:30,1,0,1,0,0,0
2021-03-06 03:45,6,5,1,0,0,0
2021-03-06 04:00,3,2,1,0,0,0
2021-03-06 04:15,1,0,1,0,0,0
2021-03-06 04:30,5,4,1,0,0,0
2021-03-06 04:45,6,3,3,0,0,0
2021-03-06 05:00,0,0,0,0,0,0
2021-03-06 05:15,1,1,0,0,0,0
2021-03-06 05:30,6,2,4,0,0,0
2021-03-06 05:45,8,3,5,0,0,0
2021-03-06 06:00,10,6,4,0,0,0
2021-03-06 06:15,9,7,2,0,0,0
2021-03-06 06:30,4,2,2,0,0,0
2021-03-06 06:45,10,9,1,0,0,0
2021-03-06 07:00,13,11,2,0,0,0
2021-03-06 07:15,6,3,3,0,0,0
2021-03-06 07:30,16,10,6,0,0,0
2021-03-06 07:45,32,25,7,0,0,0
2021-03-06 08:00,33,19,14,0,0,0
2021-03-06 08:15,22,10,12,0,0,0
2021-03-06 08:30,55,34,21,0,0,0
2021-03-06 08:45,38,25,13,0,0,0
2021-03-06 09:00,51,43,8,0,0,0
2021-03-06 09:15,52,36,16,0,0,0
2021-03-06 09:30,57,41,16,0,0,0
2021-03-06 09:45,65,42,23,0,0,0
2021-03-06 10:00,75,45,30,0,0,0
2021-03-06 10:15,81,60,21,0,0,0
2021-03-06 10:30,78,47,31,0,0,0
2021-03-06 10:45,110,81,29,0,0,0
2021-03-06 11:00,115,78,37,0,0,0
2021-03-06 11:15,102,73,29,0,0,0
2021-03-06 11:30,103,66,37,0,0,0
2021-03-06 11:45,113,77,36,0,0,0
2021-03-06 12:00,109,70,39,0,0,0
2021-03-06 12:15,118,69,49,0,0,0
2021-03-06 12:30,152,98,54,0,0,0
2021-03-06 12:45,135,90,45,0,0,0
2021-03-06 13:00,126,83,43,0,0,0
2021-03-06 13:15,121,77,44,0,0,0
2021-03-06 13:30,120,54,66,0,0,0
2021-03-06 13:45,118,58,60,0,0,0
2021-03-06 14:00,112,52,60,0,0,0
2021-03-06 14:15,89,39,50,0,0,0
2021-03-06 14:30,86,42,44,0,0,0
2021-03-06 14:45,102,62,40,0,0,0
2021-03-06 15:00,77,39,38,0,0,0
2021-03-06 15:15,92,43,49,0,0,0
2021-03-06 15:30,58,30,28,0,0,0
2021-03-06 15:45,59,28,31,0,0,0
2021-03-06 16:00,61,24,37,0,0,0
2021-03-06 16:15,68,32,36,0,0,0
2021-03-06 16:30,66,35,31,0,0,0
2021-03-06 16:45,61,23,38,0,0,0
2021-03-06 17:00,56,24,32,0,0,0
2021-03-06 17:15,74,37,37,0,0,0
2021-03-06 17:30,70,44,26,0,0,0
2021-03-06 17:45,75,45,30,0,0,0
2021-03-06 18:00,48,23,25,0,0,0
2021-03-06 18:15,54,34,20,0,0,0
2021-03-06 18:30,34,20,14,0,0,0
2021-03-06 18:45,35,17,18,0,0,0
2021-03-06 19:00,37,22,15,0,0,0
2021-03-06 19:15,36,23,13,0,0,0
2021-03-06 19:30,24,9,15,0,0,0
2021-03-06 19:45,40,25,15,0,0,0
2021-03-06 20:00,26,16,10,0,0,0
2021-03-06 20:15,25,14,11,0,0,0
2021-03-06 20:30,28,16,12,0,0,0
2021-03-06 20:45,24,15,9,0,0,0
2021-03-06 21:00,19,10,9,0,0,0
2021-03-06 21:15,26,12,14,0,0,0
2021-03-06 21:30,11,3,8,0,0,0
2021-03-06 21:45,16,6,10,0,0,0
2021-03-06 22:00,13,6,7,0,0,0
2021-03-06 22:15,10,6,4,0,0,0
2021-03-06 22:30,14,12,2,0,0,0
2021-03-06 22:45,15,4,11,0,0,0
2021-03-06 23:00,9,4,5,0,0,0
2021-03-06 23:15,20,13,7,0,0,0
2021-03-06 23:30,12,8,4,0,0,0
2021-03-06 23:45,9,5,4,0,0,0
2021-03-07 00:00,10,6,4,0,0,0
2021-03-07 00:15,15,9,6,0,0,0
2021-03-07 00:30,7,4,3,0,0,0
2021-03-07 00:45,11,4,7,0,0,0
2021-03-07 01:00,1,0,1,0,0,0
2021-03-07 01:15,6,2,4,0,0,0
2021-03-07 01:30,7,1,6,0,0,0
2021-03-07 01:45,4,0,4,0,0,0
2021-03-07 02:00,8,3,5,0,0,0
2021-03-07 02:15,6,2,4,0,0,0
2021-03-07 02:30,5,3,2,0,0,0
2021-03-07 02:45,4,2,2,0,0,0
2021-03-07 03:00,5,2,3,0,0,0
2021-03-07 03:15,7,6,1,0,0,0
2021-03-07 03:30,3,0,3,0,0,0
2021-03-07 03:45,1,1,0,0,0,0
2021-03-07 04:00,2,1,1,0,0,0
2021-03-07 04:15,6,6,0,0,0,0
2021-03-07 04:30,1,0,1,0,0,0
2021-03-07 04:45,1,0,1,0,0,0
2021-03-07 05:00,1,1,0,0,0,0
2021-03-07 05:15,1,1,0,0,0,0
2021-03-07 05:30,3,3,0,0,0,0
2021-03-07 05:45,3,2,1,0,0,0
2021-03-07 06:00,5,1,4,0,0,0
2021-03-07 06:15,6,6,0,0,0,0
2021-03-07 06:30,4,4,0,0,0,0
2021-03-07 06:45,5,5,0,0,0,0
2021-03-07 07:00,3,2,1,0,0,0
2021-03-07 07:15,3,2,1,0,0,0
2021-03-07 07:30,7,5,2,0,0,0
2021-03-07 07:45,8,3,5,0,0,0
2021-03-07 08:00,8,5,3,0,0,0
2021-03-07 08:15,10,4,6,0,0,0
2021-03-07 08:30,7,6,1,0,0,0
2021-03-07 08:45,8,4,4,0,0,0
2021-03-07 09:00,16,12,4,0,0,0
2021-03-07 09:15,14,8,6,0,0,0
2021-03-07 09:30,19,12,7,0,0,0
2021-03-07 09:45,21,19,2,0,0,0
2021-03-07 10:00,25,14,11,0,0,0
2021-03-07 10:15,24,16,8,0,0,0
2021-03-07 10:30,26,20,6,0,0,0
2021-03-07 10:45,25,14,11,0,0,0
2021-03-07 11:00,21,10,11,0,0,0
2021-03-07 11:15,29,20,9,0,0,0
2021-03-07 11:30,30,21,9,0,0,0
2021-03-07 11:45,25,18,7,0,0,0
2021-03-07 12:00,49,25,24,0,0,0
2021-03-07 12:15,34,28,6,0,0,0
2021-03-07 12:30,41,17,24,0,0,0
2021-03-07 12:45,47,25,22,0,0,0
2021-03-07 13:00,43,21,22,0,0,0
2021-03-07 13:15,34,19,15,0,0,0
2021-03-07 13:30,39,19,20,0,0,0
2021-03-07 13:45,48,29,19,0,0,0
2021-03-07 14:00,36,24,12,0,0,0
2021-03-07 14:15,44,33,11,0,0,0
2021-03-07 14:30,55,30,25,0,0,0
2021-03-07 14:45,52,30,22,0,0,0
2021-03-07 15:00,40,22,18,0,0,0
2021-03-07 15:15,54,32,22,0,0,0
2021-03-07 15:30,41,24,17,0,0,0
2021-03-07 15:45,59,35,24,0,0,0
2021-03-07 16:00,64,41,23,0,0,0
2021-03-07 16:15,49,30,19,0,0,0
2021-03-07 16:30,64,34,30,0,0,0
2021-03-07 16:45,55,35,20,0,0,0
2021-03-07 17:00,53,21,32,0,0,0
2021-03-07 17:15,54,33,21,0,0,0
2021-03-07 17:30,37,20,17,0,0,0
2021-03-07 17:45,52,31,21,0,0,0
2021-03-07 18:00,45,21,24,0,0,0
2021-03-07 18:15,30,13,17,0,0,0
2021-03-07 18:30,36,18,18,0,0,0
2021-03-07 18:45,41,23,18,0,0,0
2021-03-07 19:00,20,8,12,0,0,0
2021-03-07 19:15,25,11,14,0,0,0
2021-03-07 19:30,19,11,8,0,0,0
2021-03-07 19:45,24,15,9,0,0,0
2021-03-07 20:00,23,13,10,0,0,0
2021-03-07 20:15,26,20,6,0,0,0
2021-03-07 20:30,18,14,4,0,0,0
2021-03-07 20:45,17,7,10,0,0,0
2021-03-07 21:00,13,10,3,0,0,0
2021-03-07 21:15,18,11,7,0,0,0
2021-03-07 21:30,5,4,1,0,0,0
2021-03-07 21:45,12,10,2,0,0,0
2021-03-07 22:00,10,6,4,0,0,0
2021-03-07 22:15,5,2,3,0,0,0
2021-03-07 22:30,8,4,4,0,0,0
2021-03-07 22:45,9,6,3,0,0,0
2021-03-07 23:00,5,2,3,0,0,0
2021-03-07 23:15,6,2,4,0,0,0
2021-03-07 23:30,3,0,3,0,0,0
2021-03-07 23:45,7,3,4,0,0,0
2021-03-08 00:00,0,0,0,0,0,0
2021-03-08 00:15,4,1,3,0,0,0
2021-03-08 00:30,1,0,1,0,0,0
2021-03-08 00:45,2,1,1,0,0,0
2021-03-08 01:00,0,0,0,0,0,0
2021-03-08 01:15,1,1,0,0,0,0
2021-03-08 01:30,3,1,2,0,0,0
2021-03-08 01:45,2,1,1,0,0,0
2021-03-08 02:00,0,0,0,0,0,0
2021-03-08 02:15,0,0,0,0,0,0
2021-03-08 02:30,2,2,0,0,0,0
2021-03-08 02:45,0,0,0,0,0,0
2021-03-08 03:00,1,0,1,0,0,0
2021-03-08 03:15,0,0,0,0,0,0
2021-03-08 03:30,0,0,0,0,0,0
2021-03-08 03:45,0,0,0,0,0,0
2021-03-08 04:00,0,0,0,0,0,0
2021-03-08 04:15,1,0,1,0,0,0
2021-03-08 04:30,1,1,0,0,0,0
2021-03-08 04:45,1,0,1,0,0,0
2021-03-08 05:00,1,1,0,0,0,0
2021-03-08 05:15,2,2,0,0,0,0
2021-03-08 05:30,15,7,8,0,0,0
2021-03-08 05:45,13,8,5,0,0,0
2021-03-08 06:00,12,8,4,0,0,0
2021-03-08 06:15,28,16,12,0,0,0
2021-03-08 06:30,40,30,10,0,0,0
2021-03-08 06:45,51,42,9,0,0,0
2021-03-08 07:00,68,44,24,0,0,0
2021-03-08 07:15,92,53,39,0,0,0
2021-03-08 07:30,119,77,42,0,0,0
2021-03-08 07:45,135,88,47,0,0,0
2021-03-08 08:00,146,117,29,0,0,0
2021-03-08 08:15,94,65,29,0,0,0
2021-03-08 08:30,94,68,26,0,0,0
2021-03-08 08:45,121,89,32,0,0,0
2021-03-08 09:00,55,43,12,0,0,0
2021-03-08 09:15,80,60,20,0,0,0
2021-03-08 09:30,78,47,31,0,0,0
2021-03-08 09:45,74,49,25,0,0,0
2021-03-08 10:00,49,32,17,0,0,0
2021-03-08 10:15,56,38,18,0,0,0
2021-03-08 10:30,67,49,18,0,0,0
2021-03-08 10:45,80,54,26,0,0,0
2021-03-08 11:00,51,29,22,0,0,0
2021-03-08 11:15,62,42,20,0,0,0
2021-03-08 11:30,72,36,36,0,0,0
2021-03-08 11:45,89,56,33,0,0,0
2021-03-08 12:00,89,58,31,0,0,0
2021-03-08 12:15,99,51,48,0,0,0
2021-03-08 12:30,86,44,42,0,0,0
2021-03-08 12:45,69,36,33,0,0,0
2021-03-08 13:00,84,36,48,0,0,0
2021-03-08 13:15,78,34,44,0,0,0
2021-03-08 13:30,97,53,44,0,0,0
2021-03-08 13:45,91,55,36,0,0,0
2021-03-08 14:00,76,40,36,0,0,0
2021-03-08 14:15,87,47,40,0,0,0
2021-03-08 14:30,87,45,42,0,0,0
2021-03-08 14:45,109,67,42,0,0,0
2021-03-08 15:00,97,48,49,0,0,0
2021-03-08 15:15,103,57,46,0,0,0
2021-03-08 15:30,107,64,43,0,0,0
2021-03-08 15:45,113,57,56,0,0,0
2021-03-08 16:00,143,81,62,0,0,0
2021-03-08 16:15,135,82,53,0,0,0
2021-03-08 16:30,116,63,53,0,0,0
2021-03-08 16:45,123,70,53,0,0,0
2021-03-08 17:00,116,55,61,0,0,0
2021-03-08 17:15,127,61,66,0,0,0
2021-03-08 17:30,116,66,50,0,0,0
2021-03-08 17:45,99,53,46,0,0,0
2021-03-08 18:00,91,42,49,0,0,0
2021-03-08 18:15,100,46,54,0,0,0
2021-03-08 18:30,67,28,39,0,0,0
2021-03-08 18:45,62,29,33,0,0,0
2021-03-08 19:00,61,26,35,0,0,0
2021-03-08 19:15,42,24,18,0,0,0
2021-03-08 19:30,38,20,18,0,0,0
2021-03-08 19:45,33,13,20,0,0,0
2021-03-08 20:00,40,14,26,0,0,0
2021-03-08 20:15,25,8,17,0,0,0
2021-03-08 20:30,18,6,12,0,0,0
2021-03-08 20:45,16,8,8,0,0,0
2021-03-08 21:00,17,8,9,0,0,0
2021-03-08 21:15,20,12,8,0,0,0
2021-03-08 21:30,20,11,9,0,0,0
2021-03-08 21:45,15,3,12,0,0,0
2021-03-08 22:00,8,4,4,0,0,0
2021-03-08 22:15,8,6,2,0,0,0
2021-03-08 22:30,15,11,4,0,0,0
2021-03-08 22:45,11,4,7,0,0,0
2021-03-08 23:00,3,1,2,0,0,0
2021-03-08 23:15,11,8,3,0,0,0
2021-03-08 23:30,9,5,4,0,0,0
2021-03-08 23:45,4,2,2,0,0,0
2021-03-09 00:00,4,3,1,0,0,0
2021-03-09 00:15,2,1,1,0,0,0
2021-03-09 00:30,3,2,1,0,0,0
2021-03-09 00:45,0,0,0,0,0,0
2021-03-09 01:00,2,2,0,0,0,0
2021-03-09 01:15,1,0,1,0,0,0
2021-03-09 01:30,2,0,2,0,0,0
2021-03-09 01:45,2,1,1,0,0,0
2021-03-09 02:00,3,2,1,0,0,0
2021-03-09 02:15,0,0,0,0,0,0
2021-03-09 02:30,1,0,1,0,0,0
2021-03-09 02:45,2,1,1,0,0,0
2021-03-09 03:00,0,0,0,0,0,0
2021-03-09 03:15,2,0,2,0,0,0
2021-03-09 03:30,0,0,0,0,0,0
2021-03-09 03:45,1,0,1,0,0,0
2021-03-09 04:00,0,0,0,0,0,0
2021-03-09 04:15,3,2,1,0,0,0
2021-03-09 04:30,2,1,1,0,0,0
2021-03-09 04:45,1,0,1,0,0,0
2021-03-09 05:00,1,1,0,0,0,0
2021-03-09 05:15,6,6,0,0,0,0
2021-03-09 05:30,9,4,5,0,0,0
2021-03-09 05:45,12,6,6,0,0,0
2021-03-09 06:00,15,10,5,0,0,0
2021-03-09 06:15,20,15,5,0,0,0
2021-03-09 06:30,46,29,17,0,0,0
2021-03-09 06:45,57,42,15,0,0,0
2021-03-09 07:00,55,36,19,0,0,0
2021-03-09 07:15,73,45,28,0,0,0
2021-03-09 07:30,98,64,34,0,0,0
2021-03-09 07:45,131,82,49,0,0,0
2021-03-09 08:00,105,93,12,0,0,0
2021-03-09 08:15,102,59,43,0,0,0
2021-03-09 08:30,66,45,21,0,0,0
2021-03-09 08:45,87,57,30,0,0,0
2021-03-09 09:00,58,41,17,0,0,0
2021-03-09 09:15,35,25,10,0,0,0
2021-03-09 09:30,46,34,12,0,0,0
2021-03-09 09:45,55,41,14,0,0,0
2021-03-09 10:00,38,26,12,0,0,0
2021-03-09 10:15,32,20,12,0,0,0
2021-03-09 10:30,33,24,9,0,0,0
2021-03-09 10:45,51,31,20,0,0,0
2021-03-09 11:00,51,30,21,0,0,0
2021-03-09 11:15,35,21,14,0,0,0
2021-03-09 11:30,42,28,14,0,0,0
2021-03-09 11:45,50,31,19,0,0,0
2021-03-09 12:00,55,33,22,0,0,0
2021-03-09 12:15,55,35,20,0,0,0
2021-03-09 12:30,72,36,36,0,0,0
2021-03-09 12:45,74,37,37,0,0,0
2021-03-09 13:00,62,27,35,0,0,0
2021-03-09 13:15,77,36,41,0,0,0
2021-03-09 13:30,70,41,29,0,0,0
2021-03-09 13:45,85,49,36,0,0,0
2021-03-09 14:00,61,36,25,0,0,0
2021-03-09 14:15,77,44,33,0,0,0
2021-03-09 14:30,70,35,35,0,0,0
2021-03-09 14:45,91,51,40,0,0,0
2021-03-09 15:00,80,41,39,0,0,0
2021-03-09 15:15,72,40,32,0,0,0
2021-03-09 15:30,84,37,47,0,0,0
2021-03-09 15:45,92,49,43,0,0,0
2021-03-09 16:00,84,41,43,0,0,0
2021-03-09 16:15,96,57,39,0,0,0
2021-03-09 16:30,96,53,43,0,0,0
2021-03-09 16:45,102,50,52,0,0,0
2021-03-09 17:00,95,40,55,0,0,0
2021-03-09 17:15,101,49,52,0,0,0
2021-03-09 17:30,108,58,50,0,0,0
2021-03-09 17:45,74,33,41,0,0,0
2021-03-09 18:00,74,35,39,0,0,0
2021-03-09 18:15,70,34,36,0,0,0
2021-03-09 18:30,65,25,40,0,0,0
2021-03-09 18:45,69,36,33,0,0,0
2021-03-09 19:00,55,23,32,0,0,0
2021-03-09 19:15,57,24,33,0,0,0
2021-03-09 19:30,44,24,20,0,0,0
2021-03-09 19:45,41,17,24,0,0,0
2021-03-09 20:00,28,11,17,0,0,0
2021-03-09 20:15,23,10,13,0,0,0
2021-03-09 20:30,16,9,7,0,0,0
2021-03-09 20:45,19,9,10,0,0,0
2021-03-09 21:00,18,12,6,0,0,0
2021-03-09 21:15,16,8,8,0,0,0
2021-03-09 21:30,19,9,10,0,0,0
2021-03-09 21:45,11,7,4,0,0,0
2021-03-09 22:00,10,4,6,0,0,0
2021-03-09 22:15,9,2,7,0,0,0
2021-03-09 22:30,12,6,6,0,0,0
2021-03-09 22:45,10,5,5,0,0,0
2021-03-09 23:00,14,8,6,0,0,0
2021-03-09 23:15,11,3,8,0,0,0
2021-03-09 23:30,4,2,2,0,0,0
2021-03-09 23:45,6,5,1,0,0,0
2021-03-10 00:00,4,2,2,0,0,0
2021-03-10 00:15,5,2,3,0,0,0
2021-03-10 00:30,1,0,1,0,0,0
2021-03-10 00:45,0,0,0,0,0,0
2021-03-10 01:00,1,1,0,0,0,0
2021-03-10 01:15,3,1,2,0,0,0
2021-03-10 01:30,3,2,1,0,0,0
2021-03-10 01:45,3,2,1,0,0,0
2021-03-10 02:00,2,2,0,0,0,0
2021-03-10 02:15,3,0,3,0,0,0
2021-03-10 02:30,1,1,0,0,0,0
2021-03-10 02:45,2,2,0,0,0,0
2021-03-10 03:00,0,0,0,0,0,0
2021-03-10 03:15,0,0,0,0,0,0
2021-03-10 03:30,0,0,0,0,0,0
2021-03-10 03:45,0,0,0,0,0,0
2021-03-10 04:00,1,0,1,0,0,0
2021-03-10 04:15,5,4,1,0,0,0
2021-03-10 04:30,2,2,0,0,0,0
2021-03-10 04:45,1,0,1,0,0,0
2021-03-10 05:00,3,3,0,0,0,0
2021-03-10 05:15,3,2,1,0,0,0
2021-03-10 05:30,15,6,9,0,0,0
2021-03-10 05:45,16,9,7,0,0,0
2021-03-10 06:00,16,11,5,0,0,0
2021-03-10 06:15,21,14,7,0,0,0
2021-03-10 06:30,38,30,8,0,0,0
2021-03-10 06:45,65,49,16,0,0,0
2021-03-10 07:00,78,54,24,0,0,0
2021-03-10 07:15,86,52,34,0,0,0
2021-03-10 07:30,119,81,38,0,0,0
2021-03-10 07:45,161,127,34,0,0,0
2021-03-10 08:00,163,143,20,0,0,0
2021-03-10 08:15,119,78,41,0,0,0
2021-03-10 08:30,87,65,22,0,0,0
2021-03-10 08:45,146,101,45,0,0,0
2021-03-10 09:00,89,65,24,0,0,0
2021-03-10 09:15,83,57,26,0,0,0
2021-03-10 09:30,99,73,26,0,0,0
2021-03-10 09:45,134,92,42,0,0,0
2021-03-10 10:00,90,57,33,0,0,0
2021-03-10 10:15,88,60,28,0,0,0
2021-03-10 10:30,86,50,36,0,0,0
2021-03-10 10:45,109,78,31,0,0,0
2021-03-10 11:00,87,54,33,0,0,0
2021-03-10 11:15,99,53,46,0,0,0
2021-03-10 11:30,109,68,41,0,0,0
2021-03-10 11:45,97,53,44,0,0,0
2021-03-10 12:00,116,74,42,0,0,0
2021-03-10 12:15,107,56,51,0,0,0
2021-03-10 12:30,98,54,44,0,0,0
2021-03-10 12:45,124,60,64,0,0,0
2021-03-10 13:00,117,59,58,0,0,0
2021-03-10 13:15,125,67,58,0,0,0
2021-03-10 13:30,109,61,48,0,0,0
2021-03-10 13:45,133,64,69,0,0,0
2021-03-10 14:00,98,48,50,0,0,0
2021-03-10 14:15,122,61,61,0,0,0
2021-03-10 14:30,104,53,51,0,0,0
2021-03-10 14:45,126,74,52,0,0,0
2021-03-10 15:00,105,58,47,0,0,0
2021-03-10 15:15,93,56,37,0,0,0
2021-03-10 15:30,128,70,58,0,0,0
2021-03-10 15:45,109,54,55,0,0,0
2021-03-10 16:00,128,76,52,0,0,0
2021-03-10 16:15,116,60,56,0,0,0
2021-03-10 16:30,118,46,72,0,0,0
2021-03-10 16:45,129,60,69,0,0,0
2021-03-10 17:00,132,70,62,0,0,0
2021-03-10 17:15,126,49,77,0,0,0
2021-03-10 17:30,106,47,59,0,0,0
2021-03-10 17:45,118,55,63,0,0,0
2021-03-10 18:00,103,47,56,0,0,0
2021-03-10 18:15,89,33,56,0,0,0
2021-03-10 18:30,78,34,44,0,0,0
2021-03-10 18:45,54,26,28,0,0,0
2021-03-10 19:00,82,32,50,0,0,0
2021-03-10 19:15,53,24,29,0,0,0
2021-03-10 19:30,48,19,29,0,0,0
2021-03-10 19:45,49,19,30,0,0,0
2021-03-10 20:00,52,20,32,0,0,0
2021-03-10 20:15,31,17,14,0,0,0
2021-03-10 20:30,26,15,11,0,0,0
2021-03-10 20:45,16,4,12,0,0,0
2021-03-10 21:00,17,9,8,0,0,0
2021-03-10 21:15,13,5,8,0,0,0
2021-03-10 21:30,13,5,8,0,0,0
2021-03-10 21:45,21,16,5,0,0,0
2021-03-10 22:00,19,13,6,0,0,0
2021-03-10 22:15,8,3,5,0,0,0
2021-03-10 22:30,13,4,9,0,0,0
2021-03-10 22:45,14,6,8,0,0,0
2021-03-10 23:00,21,12,9,0,0,0
2021-03-10 23:15,9,6,3,0,0,0
2021-03-10 23:30,9,4,5,0,0,0
2021-03-10 23:45,8,1,7,0,0,0
2021-03-11 00:00,9,6,3,0,0,0
2021-03-11 00:15,2,1,1,0,0,0
2021-03-11 00:30,6,4,2,0,0,0
2021-03-11 00:45,3,3,0,0,0,0
2021-03-11 01:00,3,1,2,0,0,0
2021-03-11 01:15,2,1,1,0,0,0
2021-03-11 01:30,3,2,1,0,0,0
2021-03-11 01:45,5,4,1,0,0,0
2021-03-11 02:00,1,0,1,0,0,0
2021-03-11 02:15,2,2,0,0,0,0
2021-03-11 02:30,3,2,1,0,0,0
2021-03-11 02:45,1,0,1,0,0,0
2021-03-11 03:00,1,1,0,0,0,0
2021-03-11 03:15,0,0,0,0,0,0
2021-03-11 03:30,0,0,0,0,0,0
2021-03-11 03:45,0,0,0,0,0,0
2021-03-11 04:00,0,0,0,0,0,0
2021-03-11 04:15,3,2,1,0,0,0
2021-03-11 04:30,1,1,0,0,0,0
2021-03-11 04:45,2,2,0,0,0,0
2021-03-11 05:00,1,0,1,0,0,0
2021-03-11 05:15,5,4,1,0,0,0
2021-03-11 05:30,10,5,5,0,0,0
2021-03-11 05:45,9,4,5,0,0,0
2021-03-11 06:00,15,6,9,0,0,0
2021-03-11 06:15,25,21,4,0,0,0
2021-03-11 06:30,31,22,9,0,0,0
2021-03-11 06:45,48,32,16,0,0,0
2021-03-11 07:00,56,37,19,0,0,0
2021-03-11 07:15,71,32,39,0,0,0
2021-03-11 07:30,103,77,26,0,0,0
2021-03-11 07:45,126,88,38,0,0,0
2021-03-11 08:00,102,86,16,0,0,0
2021-03-11 08:15,90,63,27,0,0,0
2021-03-11 08:30,95,70,25,0,0,0
2021-03-11 08:45,115,93,22,0,0,0
2021-03-11 09:00,62,44,18,0,0,0
2021-03-11 09:15,61,47,14,0,0,0
2021-03-11 09:30,60,39,21,0,0,0
2021-03-11 09:45,68,56,12,0,0,0
2021-03-11 10:00,53,43,10,0,0,0
2021-03-11 10:15,61,39,22,0,0,0
2021-03-11 10:30,60,37,23,0,0,0
2021-03-11 10:45,59,39,20,0,0,0
2021-03-11 11:00,57,34,23,0,0,0
2021-03-11 11:15,59,37,22,0,0,0
2021-03-11 11:30,53,30,23,0,0,0
2021-03-11 11:45,67,42,25,0,0,0
2021-03-11 12:00,58,36,22,0,0,0
2021-03-11 12:15,59,39,20,0,0,0
2021-03-11 12:30,56,20,36,0,0,0
2021-03-11 12:45,77,33,44,0,0,0
2021-03-11 13:00,73,28,45,0,0,0
2021-03-11 13:15,56,33,23,0,0,0
2021-03-11 13:30,66,36,30,0,0,0
2021-03-11 13:45,66,28,38,0,0,0
2021-03-11 14:00,63,37,26,0,0,0
2021-03-11 14:15,61,34,27,0,0,0
2021-03-11 14:30,89,37,52,0,0,0
2021-03-11 14:45,60,28,32,0,0,0
2021-03-11 15:00,82,42,40,0,0,0
2021-03-11 15:15,58,24,34,0,0,0
2021-03-11 15:30,60,32,28,0,0,0
2021-03-11 15:45,84,50,34,0,0,0
2021-03-11 16:00,85,56,29,0,0,0
2021-03-11 16:15,89,55,34,0,0,0
2021-03-11 16:30,80,42,38,0,0,0
2021-03-11 16:45,90,46,44,0,0,0
2021-03-11 17:00,107,54,53,0,0,0
2021-03-11 17:15,83,42,41,0,0,0
2021-03-11 17:30,102,49,53,0,0,0
2021-03-11 17:45,81,38,43,0,0,0
2021-03-11 18:00,78,33,45,0,0,0
2021-03-11 18:15,55,23,32,0,0,0
2021-03-11 18:30,59,27,32,0,0,0
2021-03-11 18:45,40,21,19,0,0,0
2021-03-11 19:00,57,25,32,0,0,0
2021-03-11 19:15,31,15,16,0,0,0
2021-03-11 19:30,35,15,20,0,0,0
2021-03-11 19:45,26,14,12,0,0,0
2021-03-11 20:00,26,8,18,0,0,0
2021-03-11 20:15,23,12,11,0,0,0
2021-03-11 20:30,40,19,21,0,0,0
2021-03-11 20:45,10,5,5,0,0,0
2021-03-11 21:00,18,10,8,0,0,0
2021-03-11 21:15,15,8,7,0,0,0
2021-03-11 21:30,8,2,6,0,0,0
2021-03-11 21:45,9,2,7,0,0,0
2021-03-11 22:00,16,10,6,0,0,0
2021-03-11 22:15,13,7,6,0,0,0
2021-03-11 22:30,10,5,5,0,0,0
2021-03-11 22:45,10,4,6,0,0,0
2021-03-11 23:00,12,6,6,0,0,0
2021-03-11 23:15,7,2,5,0,0,0
2021-03-11 23:30,3,3,0,0,0,0
2021-03-11 23:45,6,3,3,0,0,0
2021-03-12 00:00,8,7,1,0,0,0
2021-03-12 00:15,2,0,2,0,0,0
2021-03-12 00:30,1,1,0,0,0,0
2021-03-12 00:45,1,1,0,0,0,0
2021-03-12 01:00,5,3,2,0,0,0
2021-03-12 01:15,3,1,2,0,0,0
2021-03-12 01:30,1,0,1,0,0,0
2021-03-12 01:45,3,1,2,0,0,0
2021-03-12 02:00,1,0,1,0,0,0
2021-03-12 02:15,3,0,3,0,0,0
2021-03-12 02:30,0,0,0,0,0,0
2021-03-12 02:45,0,0,0,0,0,0
2021-03-12 03:00,2,0,2,0,0,0
2021-03-12 03:15,1,1,0,0,0,0
2021-03-12 03:30,0,0,0,0,0,0
2021-03-12 03:45,2,1,1,0,0,0
2021-03-12 04:00,1,1,0,0,0,0
2021-03-12 04:15,2,1,1,0,0,0
2021-03-12 04:30,2,1,1,0,0,0
2021-03-12 04:45,3,1,2,0,0,0
2021-03-12 05:00,1,0,1,0,0,0
2021-03-12 05:15,4,4,0,0,0,0
2021-03-12 05:30,6,3,3,0,0,0
2021-03-12 05:45,11,6,5,0,0,0
2021-03-12 06:00,14,10,4,0,0,0
2021-03-12 06:15,28,20,8,0,0,0
2021-03-12 06:30,33,23,10,0,0,0
2021-03-12 06:45,52,38,14,0,0,0
2021-03-12 07:00,61,44,17,0,0,0
2021-03-12 07:15,77,50,27,0,0,0
2021-03-12 07:30,98,69,29,0,0,0
2021-03-12 07:45,144,104,40,0,0,0
2021-03-12 08:00,121,101,20,0,0,0
2021-03-12 08:15,84,55,29,0,0,0
2021-03-12 08:30,76,55,21,0,0,0
2021-03-12 08:45,119,90,29,0,0,0
2021-03-12 09:00,63,48,15,0,0,0
2021-03-12 09:15,70,47,23,0,0,0
2021-03-12 09:30,71,48,23,0,0,0
2021-03-12 09:45,118,93,25,0,0,0
2021-03-12 10:00,84,54,30,0,0,0
2021-03-12 10:15,65,51,14,0,0,0
2021-03-12 10:30,64,41,23,0,0,0
2021-03-12 10:45,94,68,26,0,0,0
2021-03-12 11:00,85,59,26,0,0,0
2021-03-12 11:15,74,54,20,0,0,0
2021-03-12 11:30,108,64,44,0,0,0
2021-03-12 11:45,111,62,49,0,0,0
2021-03-12 12:00,96,57,39,0,0,0
2021-03-12 12:15,86,56,30,0,0,0
2021-03-12 12:30,109,56,53,0,0,0
2021-03-12 12:45,106,53,53,0,0,0
2021-03-12 13:00,84,37,47,0,0,0
2021-03-12 13:15,111,55,56,0,0,0
2021-03-12 13:30,80,38,42,0,0,0
2021-03-12 13:45,85,45,40,0,0,0
2021-03-12 14:00,97,52,45,0,0,0
2021-03-12 14:15,105,60,45,0,0,0
2021-03-12 14:30,107,49,58,0,0,0
2021-03-12 14:45,107,52,55,0,0,0
2021-03-12 15:00,73,29,44,0,0,0
2021-03-12 15:15,86,33,53,0,0,0
2021-03-12 15:30,68,34,34,0,0,0
2021-03-12 15:45,83,43,40,0,0,0
2021-03-12 16:00,77,32,45,0,0,0
2021-03-12 16:15,76,46,30,0,0,0
2021-03-12 16:30,57,22,35,0,0,0
2021-03-12 16:45,77,41,36,0,0,0
2021-03-12 17:00,84,40,44,0,0,0
2021-03-12 17:15,62,30,32,0,0,0
2021-03-12 17:30,50,17,33,0,0,0
2021-03-12 17:45,38,14,24,0,0,0
2021-03-12 18:00,77,34,43,0,0,0
2021-03-12 18:15,47,12,35,0,0,0
2021-03-12 18:30,46,29,17,0,0,0
2021-03-12 18:45,64,28,36,0,0,0
2021-03-12 19:00,44,17,27,0,0,0
2021-03-12 19:15,56,33,23,0,0,0
2021-03-12 19:30,26,12,14,0,0,0
2021-03-12 19:45,37,13,24,0,0,0
2021-03-12 20:00,36,14,22,0,0,0
2021-03-12 20:15,26,12,14,0,0,0
2021-03-12 20:30,22,14,8,0,0,0
2021-03-12 20:45,24,17,7,0,0,0
2021-03-12 21:00,22,13,9,0,0,0
2021-03-12 21:15,19,9,10,0,0,0
2021-03-12 21:30,16,7,9,0,0,0
2021-03-12 21:45,16,9,7,0,0,0
2021-03-12 22:00,6,3,3,0,0,0
2021-03-12 22:15,14,9,5,0,0,0
2021-03-12 22:30,9,1,8,0,0,0
2021-03-12 22:45,10,5,5,0,0,0
2021-03-12 23:00,5,2,3,0,0,0
2021-03-12 23:15,11,8,3,0,0,0
2021-03-12 23:30,5,3,2,0,0,0
2021-03-12 23:45,12,7,5,0,0,0
2021-03-13 00:00,11,8,3,0,0,0
2021-03-13 00:15,14,13,1,0,0,0
2021-03-13 00:30,6,2,4,0,0,0
2021-03-13 00:45,8,4,4,0,0,0
2021-03-13 01:00,5,1,4,0,0,0
2021-03-13 01:15,5,4,1,0,0,0
2021-03-13 01:30,6,3,3,0,0,0
2021-03-13 01:45,15,11,4,0,0,0
2021-03-13 02:00,5,0,5,0,0,0
2021-03-13 02:15,3,1,2,0,0,0
2021-03-13 02:30,0,0,0,0,0,0
2021-03-13 02:45,7,4,3,0,0,0
2021-03-13 03:00,2,0,2,0,0,0
2021-03-13 03:15,7,3,4,0,0,0
2021-03-13 03:30,2,2,0,0,0,0
2021-03-13 03:45,2,0,2,0,0,0
2021-03-13 04:00,0,0,0,0,0,0
2021-03-13 04:15,1,0,1,0,0,0
2021-03-13 04:30,2,1,1,0,0,0
2021-03-13 04:45,2,2,0,0,0,0
2021-03-13 05:00,1,0,1,0,0,0
2021-03-13 05:15,0,0,0,0,0,0
2021-03-13 05:30,3,1,2,0,0,0
2021-03-13 05:45,6,5,1,0,0,0
2021-03-13 06:00,7,6,1,0,0,0
2021-03-13 06:15,4,1,3,0,0,0
2021-03-13 06:30,10,7,3,0,0,0
2021-03-13 06:45,11,6,5,0,0,0
2021-03-13 07:00,9,8,1,0,0,0
2021-03-13 07:15,8,6,2,0,0,0
2021-03-13 07:30,13,6,7,0,0,0
2021-03-13 07:45,16,5,11,0,0,0
2021-03-13 08:00,23,16,7,0,0,0
2021-03-13 08:15,20,17,3,0,0,0
2021-03-13 08:30,40,25,15,0,0,0
2021-03-13 08:45,23,14,9,0,0,0
2021-03-13 09:00,26,13,13,0,0,0
2021-03-13 09:15,28,20,8,0,0,0
2021-03-13 09:30,37,30,7,0,0,0
2021-03-13 09:45,65,46,19,0,0,0
2021-03-13 10:00,40,31,9,0,0,0
2021-03-13 10:15,63,43,20,0,0,0
2021-03-13 10:30,53,34,19,0,0,0
2021-03-13 10:45,68,50,18,0,0,0
2021-03-13 11:00,80,59,21,0,0,0
2021-03-13 11:15,85,54,31,0,0,0
2021-03-13 11:30,54,27,27,0,0,0
2021-03-13 11:45,61,33,28,0,0,0
2021-03-13 12:00,61,33,28,0,0,0
2021-03-13 12:15,72,38,34,0,0,0
2021-03-13 12:30,88,64,24,0,0,0
2021-03-13 12:45,71,52,19,0,0,0
2021-03-13 13:00,92,59,33,0,0,0
2021-03-13 13:15,67,43,24,0,0,0
2021-03-13 13:30,82,47,35,0,0,0
2021-03-13 13:45,71,28,43,0,0,0
2021-03-13 14:00,71,29,42,0,0,0
2021-03-13 14:15,50,21,29,0,0,0
2021-03-13 14:30,59,27,32,0,0,0
2021-03-13 14:45,46,24,22,0,0,0
2021-03-13 15:00,52,24,28,0,0,0
2021-03-13 15:15,61,35,26,0,0,0
2021-03-13 15:30,46,21,25,0,0,0
2021-03-13 15:45,67,37,30,0,0,0
2021-03-13 16:00,17,6,11,0,0,0
2021-03-13 16:15,35,21,14,0,0,0
2021-03-13 16:30,35,21,14,0,0,0
2021-03-13 16:45,48,33,15,0,0,0
2021-03-13 17:00,28,14,14,0,0,0
2021-03-13 17:15,40,15,25,0,0,0
2021-03-13 17:30,39,14,25,0,0,0
2021-03-13 17:45,32,20,12,0,0,0
2021-03-13 18:00,27,13,14,0,0,0
2021-03-13 18:15,25,10,15,0,0,0
2021-03-13 18:30,28,11,17,0,0,0
2021-03-13 18:45,21,10,11,0,0,0
2021-03-13 19:00,31,15,16,0,0,0
2021-03-13 19:15,21,9,12,0,0,0
2021-03-13 19:30,12,5,7,0,0,0
2021-03-13 19:45,11,5,6,0,0,0
2021-03-13 20:00,12,6,6,0,0,0
2021-03-13 20:15,13,5,8,0,0,0
2021-03-13 20:30,13,8,5,0,0,0
2021-03-13 20:45,23,12,11,0,0,0
2021-03-13 21:00,14,8,6,0,0,0
2021-03-13 21:15,15,7,8,0,0,0
2021-03-13 21:30,12,5,7,0,0,0
2021-03-13 21:45,18,11,7,0,0,0
2021-03-13 22:00,5,5,0,0,0,0
2021-03-13 22:15,2,0,2,0,0,0
2021-03-13 22:30,2,0,2,0,0,0
2021-03-13 22:45,15,10,5,0,0,0
2021-03-13 23:00,9,5,4,0,0,0
2021-03-13 23:15,8,8,0,0,0,0
2021-03-13 23:30,8,4,4,0,0,0
2021-03-13 23:45,12,10,2,0,0,0
2021-03-14 00:00,9,8,1,0,0,0
2021-03-14 00:15,4,1,3,0,0,0
2021-03-14 00:30,7,5,2,0,0,0
2021-03-14 00:45,6,3,3,0,0,0
2021-03-14 01:00,5,2,3,0,0,0
2021-03-14 01:15,4,4,0,0,0,0
2021-03-14 01:30,4,1,3,0,0,0
2021-03-14 01:45,5,1,4,0,0,0
2021-03-14 02:00,4,2,2,0,0,0
2021-03-14 02:15,2,1,1,0,0,0
2021-03-14 02:30,1,0,1,0,0,0
2021-03-14 02:45,5,3,2,0,0,0
2021-03-14 03:00,7,3,4,0,0,0
2021-03-14 03:15,3,1,2,0,0,0
2021-03-14 03:30,5,5,0,0,0,0
2021-03-14 03:45,4,3,1,0,0,0
2021-03-14 04:00,0,0,0,0,0,0
2021-03-14 04:15,2,2,0,0,0,0
2021-03-14 04:30,3,2,1,0,0,0
2021-03-14 04:45,0,0,0,0,0,0
2021-03-14 05:00,1,1,0,0,0,0
2021-03-14 05:15,1,0,1,0,0,0
2021-03-14 05:30,1,0,1,0,0,0
2021-03-14 05:45,5,0,5,0,0,0
2021-03-14 06:00,6,5,1,0,0,0
2021-03-14 06:15,5,2,3,0,0,0
2021-03-14 06:30,3,2,1,0,0,0
2021-03-14 06:45,5,4,1,0,0,0
2021-03-14 07:00,3,0,3,0,0,0
2021-03-14 07:15,5,3,2,0,0,0
2021-03-14 07:30,8,3,5,0,0,0
2021-03-14 07:45,9,4,5,0,0,0
2021-03-14 08:00,6,6,0,0,0,0
2021-03-14 08:15,9,3,6,0,0,0
2021-03-14 08:30,9,6,3,0,0,0
2021-03-14 08:45,12,10,2,0,0,0
2021-03-14 09:00,4,2,2,0,0,0
2021-03-14 09:15,13,8,5,0,0,0
2021-03-14 09:30,14,10,4,0,0,0
2021-03-14 09:45,16,10,6,0,0,0
2021-03-14 10:00,13,11,2,0,0,0
2021-03-14 10:15,14,8,6,0,0,0
2021-03-14 10:30,19,10,9,0,0,0
2021-03-14 10:45,23,14,9,0,0,0
2021-03-14 11:00,20,13,7,0,0,0
2021-03-14 11:15,13,12,1,0,0,0
2021-03-14 11:30,9,8,1,0,0,0
2021-03-14 11:45,22,14,8,0,0,0
2021-03-14 12:00,15,9,6,0,0,0
2021-03-14 12:15,31,16,15,0,0,0
2021-03-14 12:30,24,15,9,0,0,0
2021-03-14 12:45,30,16,14,0,0,0
2021-03-14 13:00,29,21,8,0,0,0
2021-03-14 13:15,35,25,10,0,0,0
2021-03-14 13:30,39,28,11,0,0,0
2021-03-14 13:45,51,29,22,0,0,0
2021-03-14 14:00,34,22,12,0,0,0
2021-03-14 14:15,15,9,6,0,0,0
2021-03-14 14:30,36,24,12,0,0,0
2021-03-14 14:45,39,23,16,0,0,0
2021-03-14 15:00,37,22,15,0,0,0
2021-03-14 15:15,25,20,5,0,0,0
2021-03-14 15:30,18,15,3,0,0,0
2021-03-14 15:45,33,18,15,0,0,0
2021-03-14 16:00,28,12,16,0,0,0
2021-03-14 16:15,24,17,7,0,0,0
2021-03-14 16:30,34,19,15,0,0,0
2021-03-14 16:45,27,21,6,0,0,0
2021-03-14 17:00,37,21,16,0,0,0
2021-03-14 17:15,28,14,14,0,0,0
2021-03-14 17:30,39,17,22,0,0,0
2021-03-14 17:45,35,15,20,0,0,0
2021-03-14 18:00,38,23,15,0,0,0
2021-03-14 18:15,29,16,13,0,0,0
2021-03-14 18:30,46,23,23,0,0,0
2021-03-14 18:45,35,19,16,0,0,0
2021-03-14 19:00,34,19,15,0,0,0
2021-03-14 19:15,22,10,12,0,0,0
2021-03-14 19:30,26,13,13,0,0,0
2021-03-14 19:45,19,7,12,0,0,0
2021-03-14 20:00,24,11,13,0,0,0
2021-03-14 20:15,16,8,8,0,0,0
2021-03-14 20:30,15,9,6,0,0,0
2021-03-14 20:45,17,6,11,0,0,0
2021-03-14 21:00,8,6,2,0,0,0
2021-03-14 21:15,14,8,6,0,0,0
2021-03-14 21:30,13,8,5,0,0,0
2021-03-14 21:45,8,4,4,0,0,0
2021-03-14 22:00,10,6,4,0,0,0
2021-03-14 22:15,7,3,4,0,0,0
2021-03-14 22:30,9,4,5,0,0,0
2021-03-14 22:45,11,7,4,0,0,0
2021-03-14 23:00,2,1,1,0,0,0
2021-03-14 23:15,2,1,1,0,0,0
2021-03-14 23:30,8,4,4,0,0,0
2021-03-14 23:45,3,3,0,0,0,0
2021-03-15 00:00,2,0,2,0,0,0
2021-03-15 00:15,2,1,1,0,0,0
2021-03-15 00:30,4,3,1,0,0,0
2021-03-15 00:45,2,0,2,0,0,0
2021-03-15 01:00,1,0,1,0,0,0
2021-03-15 01:15,2,2,0,0,0,0
2021-03-15 01:30,2,1,1,0,0,0
2021-03-15 01:45,2,1,1,0,0,0
2021-03-15 02:00,0,0,0,0,0,0
2021-03-15 02:15,0,0,0,0,0,0
2021-03-15 02:30,0,0,0,0,0,0
2021-03-15 02:45,0,0,0,0,0,0
2021-03-15 03:00,1,0,1,0,0,0
2021-03-15 03:15,1,1,0,0,0,0
2021-03-15 03:30,0,0,0,0,0,0
2021-03-15 03:45,0,0,0,0,0,0
2021-03-15 04:00,0,0,0,0,0,0
2021-03-15 04:15,0,0,0,0,0,0
2021-03-15 04:30,1,1,0,0,0,0
2021-03-15 04:45,1,0,1,0,0,0
2021-03-15 05:00,3,3,0,0,0,0
2021-03-15 05:15,3,3,0,0,0,0
2021-03-15 05:30,14,10,4,0,0,0
2021-03-15 05:45,13,4,9,0,0,0
2021-03-15 06:00,13,9,4,0,0,0
2021-03-15 06:15,26,18,8,0,0,0
2021-03-15 06:30,33,26,7,0,0,0
2021-03-15 06:45,58,43,15,0,0,0
2021-03-15 07:00,64,39,25,0,0,0
2021-03-15 07:15,91,52,39,0,0,0
2021-03-15 07:30,129,89,40,0,0,0
2021-03-15 07:45,189,149,40,0,0,0
2021-03-15 08:00,198,160,38,0,0,0
2021-03-15 08:15,113,74,39,0,0,0
2021-03-15 08:30,97,70,27,0,0,0
2021-03-15 08:45,100,83,17,0,0,0
2021-03-15 09:00,69,53,16,0,0,0
2021-03-15 09:15,79,56,23,0,0,0
2021-03-15 09:30,72,51,21,0,0,0
2021-03-15 09:45,80,61,19,0,0,0
2021-03-15 10:00,51,39,12,0,0,0
2021-03-15 10:15,67,52,15,0,0,0
2021-03-15 10:30,68,47,21,0,0,0
2021-03-15 10:45,78,48,30,0,0,0
2021-03-15 11:00,63,41,22,0,0,0
2021-03-15 11:15,69,38,31,0,0,0
2021-03-15 11:30,77,38,39,0,0,0
2021-03-15 11:45,56,33,23,0,0,0
2021-03-15 12:00,72,35,37,0,0,0
2021-03-15 12:15,98,53,45,0,0,0
2021-03-15 12:30,53,37,16,0,0,0
2021-03-15 12:45,70,25,45,0,0,0
2021-03-15 13:00,86,29,57,0,0,0
2021-03-15 13:15,89,37,52,0,0,0
2021-03-15 13:30,76,35,41,0,0,0
2021-03-15 13:45,65,29,36,0,0,0
2021-03-15 14:00,96,49,47,0,0,0
2021-03-15 14:15,86,43,43,0,0,0
2021-03-15 14:30,78,52,26,0,0,0
2021-03-15 14:45,89,50,39,0,0,0
2021-03-15 15:00,96,50,46,0,0,0
2021-03-15 15:15,79,46,33,0,0,0
2021-03-15 15:30,75,36,39,0,0,0
2021-03-15 15:45,141,75,66,0,0,0
2021-03-15 16:00,119,64,55,0,0,0
2021-03-15 16:15,138,70,68,0,0,0
2021-03-15 16:30,125,72,53,0,0,0
2021-03-15 16:45,113,54,59,0,0,0
2021-03-15 17:00,113,48,65,0,0,0
2021-03-15 17:15,115,54,61,0,0,0
2021-03-15 17:30,106,53,53,0,0,0
2021-03-15 17:45,116,50,66,0,0,0
2021-03-15 18:00,101,44,57,0,0,0
2021-03-15 18:15,64,32,32,0,0,0
2021-03-15 18:30,64,22,42,0,0,0
2021-03-15 18:45,73,39,34,0,0,0
2021-03-15 19:00,53,24,29,0,0,0
2021-03-15 19:15,43,18,25,0,0,0
2021-03-15 19:30,44,16,28,0,0,0
2021-03-15 19:45,36,15,21,0,0,0
2021-03-15 20:00,23,9,14,0,0,0
2021-03-15 20:15,28,19,9,0,0,0
2021-03-15 20:30,17,7,10,0,0,0
2021-03-15 20:45,13,10,3,0,0,0
2021-03-15 21:00,22,13,9,0,0,0
2021-03-15 21:15,20,11,9,0,0,0
2021-03-15 21:30,20,12,8,0,0,0
2021-03-15 21:45,2,0,2,0,0,0
2021-03-15 22:00,14,7,7,0,0,0
2021-03-15 22:15,13,3,10,0,0,0
2021-03-15 22:30,10,4,6,0,0,0
2021-03-15 22:45,8,3,5,0,0,0
2021-03-15 23:00,5,3,2,0,0,0
2021-03-15 23:15,4,3,1,0,0,0
2021-03-15 23:30,3,1,2,0,0,0
2021-03-15 23:45,4,3,1,0,0,0
2021-03-16 00:00,7,4,3,0,0,0
2021-03-16 00:15,3,1,2,0,0,0
2021-03-16 00:30,4,1,3,0,0,0
2021-03-16 00:45,1,1,0,0,0,0
2021-03-16 01:00,3,2,1,0,0,0
2021-03-16 01:15,0,0,0,0,0,0
2021-03-16 01:30,0,0,0,0,0,0
2021-03-16 01:45,2,0,2,0,0,0
2021-03-16 02:00,1,0,1,0,0,0
2021-03-16 02:15,1,0,1,0,0,0
2021-03-16 02:30,2,1,1,0,0,0
2021-03-16 02:45,3,3,0,0,0,0
2021-03-16 03:00,0,0,0,0,0,0
2021-03-16 03:15,0,0,0,0,0,0
2021-03-16 03:30,0,0,0,0,0,0
2021-03-16 03:45,1,1,0,0,0,0
2021-03-16 04:00,0,0,0,0,0,0
2021-03-16 04:15,2,0,2,0,0,0
2021-03-16 04:30,1,1,0,0,0,0
2021-03-16 04:45,3,2,1,0,0,0
2021-03-16 05:00,2,0,2,0,0,0
2021-03-16 05:15,2,2,0,0,0,0
2021-03-16 05:30,18,9,9,0,0,0
2021-03-16 05:45,10,4,6,0,0,0
2021-03-16 06:00,15,10,5,0,0,0
2021-03-16 06:15,24,18,6,0,0,0
2021-03-16 06:30,49,32,17,0,0,0
2021-03-16 06:45,64,39,25,0,0,0
2021-03-16 07:00,62,42,20,0,0,0
2021-03-16 07:15,99,62,37,0,0,0
2021-03-16 07:30,161,109,52,0,0,0
2021-03-16 07:45,210,173,37,0,0,0
2021-03-16 08:00,171,145,26,0,0,0
2021-03-16 08:15,124,84,40,0,0,0
2021-03-16 08:30,89,60,29,0,0,0
2021-03-16 08:45,117,93,24,0,0,0
2021-03-16 09:00,72,51,21,0,0,0
2021-03-16 09:15,83,57,26,0,0,0
2021-03-16 09:30,66,49,17,0,0,0
2021-03-16 09:45,97,68,29,0,0,0
2021-03-16 10:00,59,35,24,0,0,0
2021-03-16 10:15,68,40,28,0,0,0
2021-03-16 10:30,69,45,24,0,0,0
2021-03-16 10:45,89,67,22,0,0,0
2021-03-16 11:00,53,35,18,0,0,0
2021-03-16 11:15,79,49,30,0,0,0
2021-03-16 11:30,68,39,29,0,0,0
2021-03-16 11:45,108,61,47,0,0,0
2021-03-16 12:00,76,52,24,0,0,0
2021-03-16 12:15,79,35,44,0,0,0
2021-03-16 12:30,88,47,41,0,0,0
2021-03-16 12:45,90,41,49,0,0,0
2021-03-16 13:00,98,46,52,0,0,0
2021-03-16 13:15,113,54,59,0,0,0
2021-03-16 13:30,114,59,55,0,0,0
2021-03-16 13:45,120,64,56,0,0,0
2021-03-16 14:00,98,62,36,0,0,0
2021-03-16 14:15,105,57,48,0,0,0
2021-03-16 14:30,104,55,49,0,0,0
2021-03-16 14:45,108,66,42,0,0,0
2021-03-16 15:00,115,63,52,0,0,0
2021-03-16 15:15,103,57,46,0,0,0
2021-03-16 15:30,125,74,51,0,0,0
2021-03-16 15:45,126,70,56,0,0,0
2021-03-16 16:00,125,59,66,0,0,0
2021-03-16 16:15,128,64,64,0,0,0
2021-03-16 16:30,125,62,63,0,0,0
2021-03-16 16:45,134,85,49,0,0,0
2021-03-16 17:00,123,60,63,0,0,0
2021-03-16 17:15,127,72,55,0,0,0
2021-03-16 17:30,122,66,56,0,0,0
2021-03-16 17:45,130,51,79,0,0,0
2021-03-16 18:00,123,51,72,0,0,0
2021-03-16 18:15,74,28,46,0,0,0
2021-03-16 18:30,102,38,64,0,0,0
2021-03-16 18:45,82,34,48,0,0,0
2021-03-16 19:00,74,36,38,0,0,0
2021-03-16 19:15,63,25,38,0,0,0
2021-03-16 19:30,59,33,26,0,0,0
2021-03-16 19:45,46,23,23,0,0,0
2021-03-16 20:00,33,11,22,0,0,0
2021-03-16 20:15,38,14,24,0,0,0
2021-03-16 20:30,35,22,13,0,0,0
2021-03-16 20:45,26,18,8,0,0,0
2021-03-16 21:00,23,9,14,0,0,0
2021-03-16 21:15,24,12,12,0,0,0
2021-03-16 21:30,22,11,11,0,0,0
2021-03-16 21:45,11,4,7,0,0,0
2021-03-16 22:00,18,8,10,0,0,0
2021-03-16 22:15,11,8,3,0,0,0
2021-03-16 22:30,20,11,9,0,0,0
2021-03-16 22:45,8,2,6,0,0,0
2021-03-16 23:00,15,4,11,0,0,0
2021-03-16 23:15,11,4,7,0,0,0
2021-03-16 23:30,6,2,4,0,0,0
2021-03-16 23:45,3,1,2,0,0,0
2021-03-17 00:00,2,2,0,0,0,0
2021-03-17 00:15,2,0,2,0,0,0
2021-03-17 00:30,8,4,4,0,0,0
2021-03-17 00:45,4,3,1,0,0,0
2021-03-17 01:00,3,2,1,0,0,0
2021-03-17 01:15,1,1,0,0,0,0
2021-03-17 01:30,2,1,1,0,0,0
2021-03-17 01:45,3,1,2,0,0,0
2021-03-17 02:00,0,0,0,0,0,0
2021-03-17 02:15,1,1,0,0,0,0
2021-03-17 02:30,0,0,0,0,0,0
2021-03-17 02:45,1,1,0,0,0,0
2021-03-17 03:00,1,1,0,0,0,0
2021-03-17 03:15,1,0,1,0,0,0
2021-03-17 03:30,1,1,0,0,0,0
2021-03-17 03:45,0,0,0,0,0,0
2021-03-17 04:00,0,0,0,0,0,0
2021-03-17 04:15,2,1,1,0,0,0
2021-03-17 04:30,1,1,0,0,0,0
2021-03-17 04:45,1,1,0,0,0,0
2021-03-17 05:00,0,0,0,0,0,0
2021-03-17 05:15,5,4,1,0,0,0
2021-03-17 05:30,12,7,5,0,0,0
2021-03-17 05:45,11,6,5,0,0,0
2021-03-17 06:00,8,6,2,0,0,0
2021-03-17 06:15,27,16,11,0,0,0
2021-03-17 06:30,41,32,9,0,0,0
2021-03-17 06:45,66,50,16,0,0,0
2021-03-17 07:00,66,49,17,0,0,0
2021-03-17 07:15,97,60,37,0,0,0
2021-03-17 07:30,138,103,35,0,0,0
2021-03-17 07:45,225,172,53,0,0,0
2021-03-17 08:00,169,144,25,0,0,0
2021-03-17 08:15,122,95,27,0,0,0
2021-03-17 08:30,108,68,40,0,0,0
2021-03-17 08:45,146,112,34,0,0,0
2021-03-17 09:00,101,76,25,0,0,0
2021-03-17 09:15,105,73,32,0,0,0
2021-03-17 09:30,81,57,24,0,0,0
2021-03-17 09:45,93,68,25,0,0,0
2021-03-17 10:00,97,68,29,0,0,0
2021-03-17 10:15,98,80,18,0,0,0
2021-03-17 10:30,96,56,40,0,0,0
2021-03-17 10:45,94,57,37,0,0,0
2021-03-17 11:00,76,41,35,0,0,0
2021-03-17 11:15,83,41,42,0,0,0
2021-03-17 11:30,65,42,23,0,0,0
2021-03-17 11:45,87,42,45,0,0,0
2021-03-17 12:00,103,48,55,0,0,0
2021-03-17 12:15,100,54,46,0,0,0
2021-03-17 12:30,108,58,50,0,0,0
2021-03-17 12:45,120,73,47,0,0,0
2021-03-17 13:00,139,70,69,0,0,0
2021-03-17 13:15,102,46,56,0,0,0
2021-03-17 13:30,113,56,57,0,0,0
2021-03-17 13:45,130,62,68,0,0,0
2021-03-17 14:00,88,51,37,0,0,0
2021-03-17 14:15,97,49,48,0,0,0
2021-03-17 14:30,73,39,34,0,0,0
2021-03-17 14:45,108,58,50,0,0,0
2021-03-17 15:00,80,32,48,0,0,0
2021-03-17 15:15,77,37,40,0,0,0
2021-03-17 15:30,92,47,45,0,0,0
2021-03-17 15:45,103,61,42,0,0,0
2021-03-17 16:00,103,60,43,0,0,0
2021-03-17 16:15,96,44,52,0,0,0
2021-03-17 16:30,118,70,48,0,0,0
2021-03-17 16:45,119,68,51,0,0,0
2021-03-17 17:00,118,51,67,0,0,0
2021-03-17 17:15,130,58,72,0,0,0
2021-03-17 17:30,83,48,35,0,0,0
2021-03-17 17:45,114,50,64,0,0,0
2021-03-17 18:00,113,52,61,0,0,0
2021-03-17 18:15,96,40,56,0,0,0
2021-03-17 18:30,97,45,52,0,0,0
2021-03-17 18:45,66,28,38,0,0,0
2021-03-17 19:00,75,32,43,0,0,0
2021-03-17 19:15,63,28,35,0,0,0
2021-03-17 19:30,53,27,26,0,0,0
2021-03-17 19:45,44,27,17,0,0,0
2021-03-17 20:00,38,18,20,0,0,0
2021-03-17 20:15,32,19,13,0,0,0
2021-03-17 20:30,23,12,11,0,0,0
2021-03-17 20:45,19,9,10,0,0,0
2021-03-17 21:00,24,13,11,0,0,0
2021-03-17 21:15,16,5,11,0,0,0
2021-03-17 21:30,11,4,7,0,0,0
2021-03-17 21:45,15,7,8,0,0,0
2021-03-17 22:00,12,4,8,0,0,0
2021-03-17 22:15,16,9,7,0,0,0
2021-03-17 22:30,23,14,9,0,0,0
2021-03-17 22:45,16,7,9,0,0,0
2021-03-17 23:00,18,7,11,0,0,0
2021-03-17 23:15,15,8,7,0,0,0
2021-03-17 23:30,9,3,6,0,0,0
2021-03-17 23:45,5,4,1,0,0,0
2021-03-18 00:00,7,5,2,0,0,0
2021-03-18 00:15,4,2,2,0,0,0
2021-03-18 00:30,2,0,2,0,0,0
2021-03-18 00:45,4,1,3,0,0,0
2021-03-18 01:00,0,0,0,0,0,0
2021-03-18 01:15,3,0,3,0,0,0
2021-03-18 01:30,4,1,3,0,0,0
2021-03-18 01:45,3,1,2,0,0,0
2021-03-18 02:00,1,1,0,0,0,0
2021-03-18 02:15,1,0,1,0,0,0
2021-03-18 02:30,4,3,1,0,0,0
2021-03-18 02:45,0,0,0,0,0,0
2021-03-18 03:00,0,0,0,0,0,0
2021-03-18 03:15,1,1,0,0,0,0
2021-03-18 03:30,0,0,0,0,0,0
2021-03-18 03:45,0,0,0,0,0,0
2021-03-18 04:00,0,0,0,0,0,0
2021-03-18 04:15,2,1,1,0,0,0
2021-03-18 04:30,0,0,0,0,0,0
2021-03-18 04:45,3,2,1,0,0,0
2021-03-18 05:00,1,1,0,0,0,0
2021-03-18 05:15,2,1,1,0,0,0
2021-03-18 05:30,13,10,3,0,0,0
2021-03-18 05:45,17,7,10,0,0,0
2021-03-18 06:00,8,5,3,0,0,0
2021-03-18 06:15,21,16,5,0,0,0
2021-03-18 06:30,30,17,13,0,0,0
2021-03-18 06:45,65,47,18,0,0,0
2021-03-18 07:00,73,52,21,0,0,0
2021-03-18 07:15,99,63,36,0,0,0
2021-03-18 07:30,128,82,46,0,0,0
2021-03-18 07:45,195,150,45,0,0,0
2021-03-18 08:00,168,138,30,0,0,0
2021-03-18 08:15,130,102,28,0,0,0
2021-03-18 08:30,103,75,28,0,0,0
2021-03-18 08:45,114,95,19,0,0,0
2021-03-18 09:00,68,49,19,0,0,0
2021-03-18 09:15,81,60,21,0,0,0
2021-03-18 09:30,73,51,22,0,0,0
2021-03-18 09:45,77,52,25,0,0,0
2021-03-18 10:00,59,41,18,0,0,0
2021-03-18 10:15,39,26,13,0,0,0
2021-03-18 10:30,62,39,23,0,0,0
2021-03-18 10:45,82,50,32,0,0,0
2021-03-18 11:00,66,48,18,0,0,0
2021-03-18 11:15,80,51,29,0,0,0
2021-03-18 11:30,71,40,31,0,0,0
2021-03-18 11:45,82,42,40,0,0,0
2021-03-18 12:00,66,38,28,0,0,0
2021-03-18 12:15,85,42,43,0,0,0
2021-03-18 12:30,62,36,26,0,0,0
2021-03-18 12:45,81,46,35,0,0,0
2021-03-18 13:00,89,39,50,0,0,0
2021-03-18 13:15,83,36,47,0,0,0
2021-03-18 13:30,97,55,42,0,0,0
2021-03-18 13:45,106,59,47,0,0,0
2021-03-18 14:00,95,54,41,0,0,0
2021-03-18 14:15,100,53,47,0,0,0
2021-03-18 14:30,114,56,58,0,0,0
2021-03-18 14:45,102,58,44,0,0,0
2021-03-18 15:00,98,57,41,0,0,0
2021-03-18 15:15,104,57,47,0,0,0
2021-03-18 15:30,98,58,40,0,0,0
2021-03-18 15:45,143,72,71,0,0,0
2021-03-18 16:00,125,70,55,0,0,0
2021-03-18 16:15,136,79,57,0,0,0
2021-03-18 16:30,123,61,62,0,0,0
2021-03-18 16:45,114,56,58,0,0,0
2021-03-18 17:00,140,79,61,0,0,0
2021-03-18 17:15,123,54,69,0,0,0
2021-03-18 17:30,108,50,58,0,0,0
2021-03-18 17:45,108,52,56,0,0,0
2021-03-18 18:00,103,48,55,0,0,0
2021-03-18 18:15,94,41,53,0,0,0
2021-03-18 18:30,75,31,44,0,0,0
2021-03-18 18:45,66,32,34,0,0,0
2021-03-18 19:00,77,27,50,0,0,0
2021-03-18 19:15,72,42,30,0,0,0
2021-03-18 19:30,49,22,27,0,0,0
2021-03-18 19:45,41,23,18,0,0,0
2021-03-18 20:00,30,8,22,0,0,0
2021-03-18 20:15,45,25,20,0,0,0
2021-03-18 20:30,33,20,13,0,0,0
2021-03-18 20:45,23,11,12,0,0,0
2021-03-18 21:00,21,11,10,0,0,0
2021-03-18 21:15,21,14,7,0,0,0
2021-03-18 21:30,16,5,11,0,0,0
2021-03-18 21:45,11,5,6,0,0,0
2021-03-18 22:00,12,4,8,0,0,0
2021-03-18 22:15,19,10,9,0,0,0
2021-03-18 22:30,12,5,7,0,0,0
2021-03-18 22:45,14,7,7,0,0,0
2021-03-18 23:00,10,5,5,0,0,0
2021-03-18 23:15,13,7,6,0,0,0
2021-03-18 23:30,9,3,6,0,0,0
2021-03-18 23:45,6,4,2,0,0,0
2021-03-19 00:00,7,3,4,0,0,0
2021-03-19 00:15,6,3,3,0,0,0
2021-03-19 00:30,5,2,3,0,0,0
2021-03-19 00:45,4,1,3,0,0,0
2021-03-19 01:00,2,1,1,0,0,0
2021-03-19 01:15,1,1,0,0,0,0
2021-03-19 01:30,2,2,0,0,0,0
2021-03-19 01:45,1,1,0,0,0,0
2021-03-19 02:00,2,1,1,0,0,0
2021-03-19 02:15,4,3,1,0,0,0
2021-03-19 02:30,1,0,1,0,0,0
2021-03-19 02:45,1,0,1,0,0,0
2021-03-19 03:00,0,0,0,0,0,0
2021-03-19 03:15,1,0,1,0,0,0
2021-03-19 03:30,0,0,0,0,0,0
2021-03-19 03:45,1,1,0,0,0,0
2021-03-19 04:00,1,1,0,0,0,0
2021-03-19 04:15,2,0,2,0,0,0
2021-03-19 04:30,1,1,0,0,0,0
2021-03-19 04:45,5,3,2,0,0,0
2021-03-19 05:00,2,2,0,0,0,0
2021-03-19 05:15,2,2,0,0,0,0
2021-03-19 05:30,17,8,9,0,0,0
2021-03-19 05:45,15,8,7,0,0,0
2021-03-19 06:00,13,7,6,0,0,0
2021-03-19 06:15,16,10,6,0,0,0
2021-03-19 06:30,38,28,10,0,0,0
2021-03-19 06:45,55,35,20,0,0,0
2021-03-19 07:00,73,41,32,0,0,0
2021-03-19 07:15,81,53,28,0,0,0
2021-03-19 07:30,111,78,33,0,0,0
2021-03-19 07:45,196,151,45,0,0,0
2021-03-19 08:00,159,136,23,0,0,0
2021-03-19 08:15,116,89,27,0,0,0
2021-03-19 08:30,83,63,20,0,0,0
2021-03-19 08:45,103,78,25,0,0,0
2021-03-19 09:00,83,61,22,0,0,0
2021-03-19 09:15,79,65,14,0,0,0
2021-03-19 09:30,73,54,19,0,0,0
2021-03-19 09:45,94,72,22,0,0,0
2021-03-19 10:00,72,52,20,0,0,0
2021-03-19 10:15,70,46,24,0,0,0
2021-03-19 10:30,84,56,28,0,0,0
2021-03-19 10:45,102,67,35,0,0,0
2021-03-19 11:00,65,42,23,0,0,0
2021-03-19 11:15,84,57,27,0,0,0
2021-03-19 11:30,91,61,30,0,0,0
2021-03-19 11:45,102,68,34,0,0,0
2021-03-19 12:00,88,55,33,0,0,0
2021-03-19 12:15,106,53,53,0,0,0
2021-03-19 12:30,113,74,39,0,0,0
2021-03-19 12:45,95,56,39,0,0,0
2021-03-19 13:00,126,63,63,0,0,0
2021-03-19 13:15,145,82,63,0,0,0
2021-03-19 13:30,151,94,57,0,0,0
2021-03-19 13:45,165,117,48,0,0,0
2021-03-19 14:00,145,98,47,0,0,0
2021-03-19 14:15,148,80,68,0,0,0
2021-03-19 14:30,143,78,65,0,0,0
2021-03-19 14:45,135,72,63,0,0,0
2021-03-19 15:00,120,62,58,0,0,0
2021-03-19 15:15,125,78,47,0,0,0
2021-03-19 15:30,104,69,35,0,0,0
2021-03-19 15:45,141,69,72,0,0,0
2021-03-19 16:00,101,59,42,0,0,0
2021-03-19 16:15,116,63,53,0,0,0
2021-03-19 16:30,127,66,61,0,0,0
2021-03-19 16:45,135,67,68,0,0,0
2021-03-19 17:00,110,66,44,0,0,0
2021-03-19 17:15,98,51,47,0,0,0
2021-03-19 17:30,97,49,48,0,0,0
2021-03-19 17:45,82,35,47,0,0,0
2021-03-19 18:00,99,49,50,0,0,0
2021-03-19 18:15,72,33,39,0,0,0
2021-03-19 18:30,72,40,32,0,0,0
2021-03-19 18:45,70,28,42,0,0,0
2021-03-19 19:00,72,29,43,0,0,0
2021-03-19 19:15,65,27,38,0,0,0
2021-03-19 19:30,51,29,22,0,0,0
2021-03-19 19:45,45,22,23,0,0,0
2021-03-19 20:00,42,17,25,0,0,0
2021-03-19 20:15,36,17,19,0,0,0
2021-03-19 20:30,27,14,13,0,0,0
2021-03-19 20:45,23,13,10,0,0,0
2021-03-19 21:00,23,14,9,0,0,0
2021-03-19 21:15,24,15,9,0,0,0
2021-03-19 21:30,18,8,10,0,0,0
2021-03-19 21:45,18,7,11,0,0,0
2021-03-19 22:00,16,13,3,0,0,0
2021-03-19 22:15,17,9,8,0,0,0
2021-03-19 22:30,14,7,7,0,0,0
2021-03-19 22:45,6,4,2,0,0,0
2021-03-19 23:00,13,8,5,0,0,0
2021-03-19 23:15,8,5,3,0,0,0
2021-03-19 23:30,14,10,4,0,0,0
2021-03-19 23:45,10,4,6,0,0,0
2021-03-20 00:00,11,5,6,0,0,0
2021-03-20 00:15,19,15,4,0,0,0
2021-03-20 00:30,5,4,1,0,0,0
2021-03-20 00:45,16,12,4,0,0,0
2021-03-20 01:00,7,4,3,0,0,0
2021-03-20 01:15,8,6,2,0,0,0
2021-03-20 01:30,11,5,6,0,0,0
2021-03-20 01:45,5,2,3,0,0,0
2021-03-20 02:00,10,6,4,0,0,0
2021-03-20 02:15,1,1,0,0,0,0
2021-03-20 02:30,6,2,4,0,0,0
2021-03-20 02:45,2,2,0,0,0,0
2021-03-20 03:00,3,2,1,0,0,0
2021-03-20 03:15,4,4,0,0,0,0
2021-03-20 03:30,4,3,1,0,0,0
2021-03-20 03:45,0,0,0,0,0,0
2021-03-20 04:00,0,0,0,0,0,0
2021-03-20 04:15,2,1,1,0,0,0
2021-03-20 04:30,4,3,1,0,0,0
2021-03-20 04:45,0,0,0,0,0,0
2021-03-20 05:00,2,2,0,0,0,0
2021-03-20 05:15,4,4,0,0,0,0
2021-03-20 05:30,6,5,1,0,0,0
2021-03-20 05:45,10,3,7,0,0,0
2021-03-20 06:00,6,4,2,0,0,0
2021-03-20 06:15,7,3,4,0,0,0
2021-03-20 06:30,6,4,2,0,0,0
2021-03-20 06:45,11,8,3,0,0,0
2021-03-20 07:00,13,8,5,0,0,0
2021-03-20 07:15,16,15,1,0,0,0
2021-03-20 07:30,18,13,5,0,0,0
2021-03-20 07:45,39,23,16,0,0,0
2021-03-20 08:00,25,17,8,0,0,0
2021-03-20 08:15,39,29,10,0,0,0
2021-03-20 08:30,56,44,12,0,0,0
2021-03-20 08:45,51,39,12,0,0,0
2021-03-20 09:00,45,33,12,0,0,0
2021-03-20 09:15,63,45,18,0,0,0
2021-03-20 09:30,81,61,20,0,0,0
2021-03-20 09:45,97,79,18,0,0,0
2021-03-20 10:00,70,45,25,0,0,0
2021-03-20 10:15,115,85,30,0,0,0
2021-03-20 10:30,106,75,31,0,0,0
2021-03-20 10:45,127,81,46,0,0,0
2021-03-20 11:00,117,71,46,0,0,0
2021-03-20 11:15,149,100,49,0,0,0
2021-03-20 11:30,141,90,51,0,0,0
2021-03-20 11:45,134,90,44,0,0,0
2021-03-20 12:00,145,96,49,0,0,0
2021-03-20 12:15,153,102,51,0,0,0
2021-03-20 12:30,141,73,68,0,0,0
2021-03-20 12:45,142,86,56,0,0,0
2021-03-20 13:00,121,73,48,0,0,0
2021-03-20 13:15,138,87,51,0,0,0
2021-03-20 13:30,110,53,57,0,0,0
2021-03-20 13:45,121,64,57,0,0,0
2021-03-20 14:00,129,68,61,0,0,0
2021-03-20 14:15,121,67,54,0,0,0
2021-03-20 14:30,104,48,56,0,0,0
2021-03-20 14:45,99,56,43,0,0,0
2021-03-20 15:00,84,48,36,0,0,0
2021-03-20 15:15,88,53,35,0,0,0
2021-03-20 15:30,85,39,46,0,0,0
2021-03-20 15:45,57,26,31,0,0,0
2021-03-20 16:00,77,38,39,0,0,0
2021-03-20 16:15,77,42,35,0,0,0
2021-03-20 16:30,77,33,44,0,0,0
2021-03-20 16:45,58,36,22,0,0,0
2021-03-20 17:00,68,34,34,0,0,0
2021-03-20 17:15,67,35,32,0,0,0
2021-03-20 17:30,71,36,35,0,0,0
2021-03-20 17:45,63,40,23,0,0,0
2021-03-20 18:00,63,30,33,0,0,0
2021-03-20 18:15,60,31,29,0,0,0
2021-03-20 18:30,54,34,20,0,0,0
2021-03-20 18:45,60,30,30,0,0,0
2021-03-20 19:00,58,29,29,0,0,0
2021-03-20 19:15,50,22,28,0,0,0
2021-03-20 19:30,42,15,27,0,0,0
2021-03-20 19:45,55,28,27,0,0,0
2021-03-20 20:00,34,21,13,0,0,0
2021-03-20 20:15,34,18,16,0,0,0
2021-03-20 20:30,32,19,13,0,0,0
2021-03-20 20:45,22,11,11,0,0,0
2021-03-20 21:00,24,15,9,0,0,0
2021-03-20 21:15,13,6,7,0,0,0
2021-03-20 21:30,17,2,15,0,0,0
2021-03-20 21:45,15,4,11,0,0,0
2021-03-20 22:00,8,4,4,0,0,0
2021-03-20 22:15,14,6,8,0,0,0
2021-03-20 22:30,11,7,4,0,0,0
2021-03-20 22:45,12,7,5,0,0,0
2021-03-20 23:00,14,8,6,0,0,0
2021-03-20 23:15,5,3,2,0,0,0
2021-03-20 23:30,7,3,4,0,0,0
2021-03-20 23:45,15,9,6,0,0,0
2021-03-21 00:00,14,8,6,0,0,0
2021-03-21 00:15,11,6,5,0,0,0
2021-03-21 00:30,10,4,6,0,0,0
2021-03-21 00:45,11,3,8,0,0,0
2021-03-21 01:00,10,5,5,0,0,0
2021-03-21 01:15,11,6,5,0,0,0
2021-03-21 01:30,8,4,4,0,0,0
2021-03-21 01:45,5,4,1,0,0,0
2021-03-21 02:00,10,4,6,0,0,0
2021-03-21 02:15,3,1,2,0,0,0
2021-03-21 02:30,7,3,4,0,0,0
2021-03-21 02:45,8,4,4,0,0,0
2021-03-21 03:00,0,0,0,0,0,0
2021-03-21 03:15,3,1,2,0,0,0
2021-03-21 03:30,0,0,0,0,0,0
2021-03-21 03:45,5,1,4,0,0,0
2021-03-21 04:00,1,1,0,0,0,0
2021-03-21 04:15,1,1,0,0,0,0
2021-03-21 04:30,4,4,0,0,0,0
2021-03-21 04:45,1,0,1,0,0,0
2021-03-21 05:00,4,2,2,0,0,0
2021-03-21 05:15,3,2,1,0,0,0
2021-03-21 05:30,9,6,3,0,0,0
2021-03-21 05:45,7,1,6,0,0,0
2021-03-21 06:00,3,2,1,0,0,0
2021-03-21 06:15,5,4,1,0,0,0
2021-03-21 06:30,8,7,1,0,0,0
2021-03-21 06:45,3,3,0,0,0,0
2021-03-21 07:00,1,1,0,0,0,0
2021-03-21 07:15,1,1,0,0,0,0
2021-03-21 07:30,9,7,2,0,0,0
2021-03-21 07:45,8,5,3,0,0,0
2021-03-21 08:00,8,2,6,0,0,0
2021-03-21 08:15,5,2,3,0,0,0
2021-03-21 08:30,5,2,3,0,0,0
2021-03-21 08:45,12,8,4,0,0,0
2021-03-21 09:00,11,9,2,0,0,0
2021-03-21 09:15,18,15,3,0,0,0
2021-03-21 09:30,14,10,4,0,0,0
2021-03-21 09:45,24,16,8,0,0,0
2021-03-21 10:00,16,9,7,0,0,0
2021-03-21 10:15,21,8,13,0,0,0
2021-03-21 10:30,32,23,9,0,0,0
2021-03-21 10:45,22,13,9,0,0,0
2021-03-21 11:00,21,15,6,0,0,0
2021-03-21 11:15,24,14,10,0,0,0
2021-03-21 11:30,33,18,15,0,0,0
2021-03-21 11:45,21,14,7,0,0,0
2021-03-21 12:00,35,26,9,0,0,0
2021-03-21 12:15,31,19,12,0,0,0
2021-03-21 12:30,44,20,24,0,0,0
2021-03-21 12:45,34,17,17,0,0,0
2021-03-21 13:00,35,20,15,0,0,0
2021-03-21 13:15,38,25,13,0,0,0
2021-03-21 13:30,32,19,13,0,0,0
2021-03-21 13:45,58,42,16,0,0,0
2021-03-21 14:00,41,30,11,0,0,0
2021-03-21 14:15,35,22,13,0,0,0
2021-03-21 14:30,39,19,20,0,0,0
2021-03-21 14:45,55,31,24,0,0,0
2021-03-21 15:00,63,47,16,0,0,0
2021-03-21 15:15,52,38,14,0,0,0
2021-03-21 15:30,42,16,26,0,0,0
2021-03-21 15:45,33,22,11,0,0,0
2021-03-21 16:00,52,31,21,0,0,0
2021-03-21 16:15,42,20,22,0,0,0
2021-03-21 16:30,42,27,15,0,0,0
2021-03-21 16:45,46,23,23,0,0,0
2021-03-21 17:00,49,25,24,0,0,0
2021-03-21 17:15,48,29,19,0,0,0
2021-03-21 17:30,51,23,28,0,0,0
2021-03-21 17:45,47,20,27,0,0,0
2021-03-21 18:00,43,23,20,0,0,0
2021-03-21 18:15,38,21,17,0,0,0
2021-03-21 18:30,33,17,16,0,0,0
2021-03-21 18:45,38,21,17,0,0,0
2021-03-21 19:00,33,16,17,0,0,0
2021-03-21 19:15,34,18,16,0,0,0
2021-03-21 19:30,37,21,16,0,0,0
2021-03-21 19:45,18,10,8,0,0,0
2021-03-21 20:00,26,10,16,0,0,0
2021-03-21 20:15,29,20,9,0,0,0
2021-03-21 20:30,18,10,8,0,0,0
2021-03-21 20:45,18,11,7,0,0,0
2021-03-21 21:00,18,12,6,0,0,0
2021-03-21 21:15,17,12,5,0,0,0
2021-03-21 21:30,8,3,5,0,0,0
2021-03-21 21:45,4,3,1,0,0,0
2021-03-21 22:00,10,5,5,0,0,0
2021-03-21 22:15,10,4,6,0,0,0
2021-03-21 22:30,8,6,2,0,0,0
2021-03-21 22:45,4,1,3,0,0,0
2021-03-21 23:00,6,3,3,0,0,0
2021-03-21 23:15,5,4,1,0,0,0
2021-03-21 23:30,10,6,4,0,0,0
2021-03-21 23:45,5,2,3,0,0,0
2021-03-22 00:00,2,2,0,0,0,0
2021-03-22 00:15,2,0,2,0,0,0
2021-03-22 00:30,1,1,0,0,0,0
2021-03-22 00:45,2,1,1,0,0,0
2021-03-22 01:00,1,0,1,0,0,0
2021-03-22 01:15,1,0,1,0,0,0
2021-03-22 01:30,1,1,0,0,0,0
2021-03-22 01:45,5,5,0,0,0,0
2021-03-22 02:00,0,0,0,0,0,0
2021-03-22 02:15,0,0,0,0,0,0
2021-03-22 02:30,0,0,0,0,0,0
2021-03-22 02:45,1,0,1,0,0,0
2021-03-22 03:00,0,0,0,0,0,0
2021-03-22 03:15,1,0,1,0,0,0
2021-03-22 03:30,0,0,0,0,0,0
2021-03-22 03:45,0,0,0,0,0,0
2021-03-22 04:00,0,0,0,0,0,0
2021-03-22 04:15,1,0,1,0,0,0
2021-03-22 04:30,1,0,1,0,0,0
2021-03-22 04:45,3,2,1,0,0,0
2021-03-22 05:00,0,0,0,0,0,0
2021-03-22 05:15,4,3,1,0,0,0
2021-03-22 05:30,13,7,6,0,0,0
2021-03-22 05:45,9,5,4,0,0,0
2021-03-22 06:00,18,14,4,0,0,0
2021-03-22 06:15,33,18,15,0,0,0
2021-03-22 06:30,40,31,9,0,0,0
2021-03-22 06:45,56,38,18,0,0,0
2021-03-22 07:00,63,40,23,0,0,0
2021-03-22 07:15,90,53,37,0,0,0
2021-03-22 07:30,151,107,44,0,0,0
2021-03-22 07:45,195,154,41,0,0,0
2021-03-22 08:00,171,148,23,0,0,0
2021-03-22 08:15,109,80,29,0,0,0
2021-03-22 08:30,118,93,25,0,0,0
2021-03-22 08:45,105,76,29,0,0,0
2021-03-22 09:00,92,71,21,0,0,0
2021-03-22 09:15,70,44,26,0,0,0
2021-03-22 09:30,71,53,18,0,0,0
2021-03-22 09:45,98,73,25,0,0,0
2021-03-22 10:00,57,39,18,0,0,0
2021-03-22 10:15,61,47,14,0,0,0
2021-03-22 10:30,52,30,22,0,0,0
2021-03-22 10:45,79,48,31,0,0,0
2021-03-22 11:00,66,41,25,0,0,0
2021-03-22 11:15,71,50,21,0,0,0
2021-03-22 11:30,69,41,28,0,0,0
2021-03-22 11:45,81,49,32,0,0,0
2021-03-22 12:00,77,46,31,0,0,0
2021-03-22 12:15,72,41,31,0,0,0
2021-03-22 12:30,77,44,33,0,0,0
2021-03-22 12:45,91,42,49,0,0,0
2021-03-22 13:00,109,47,62,0,0,0
2021-03-22 13:15,110,61,49,0,0,0
2021-03-22 13:30,100,56,44,0,0,0
2021-03-22 13:45,98,58,40,0,0,0
2021-03-22 14:00,87,50,37,0,0,0
2021-03-22 14:15,109,63,46,0,0,0
2021-03-22 14:30,88,39,49,0,0,0
2021-03-22 14:45,117,68,49,0,0,0
2021-03-22 15:00,97,43,54,0,0,0
2021-03-22 15:15,109,60,49,0,0,0
2021-03-22 15:30,105,58,47,0,0,0
2021-03-22 15:45,137,73,64,0,0,0
2021-03-22 16:00,127,69,58,0,0,0
2021-03-22 16:15,123,58,65,0,0,0
2021-03-22 16:30,113,66,47,0,0,0
2021-03-22 16:45,133,78,55,0,0,0
2021-03-22 17:00,136,74,62,0,0,0
2021-03-22 17:15,127,76,51,0,0,0
2021-03-22 17:30,135,65,70,0,0,0
2021-03-22 17:45,126,66,60,0,0,0
2021-03-22 18:00,96,50,46,0,0,0
2021-03-22 18:15,91,42,49,0,0,0
2021-03-22 18:30,79,32,47,0,0,0
2021-03-22 18:45,75,29,46,0,0,0
2021-03-22 19:00,66,25,41,0,0,0
2021-03-22 19:15,53,21,32,0,0,0
2021-03-22 19:30,42,19,23,0,0,0
2021-03-22 19:45,46,26,20,0,0,0
2021-03-22 20:00,28,14,14,0,0,0
2021-03-22 20:15,27,11,16,0,0,0
2021-03-22 20:30,27,14,13,0,0,0
2021-03-22 20:45,16,5,11,0,0,0
2021-03-22 21:00,19,7,12,0,0,0
2021-03-22 21:15,14,8,6,0,0,0
2021-03-22 21:30,13,8,5,0,0,0
2021-03-22 21:45,13,7,6,0,0,0
2021-03-22 22:00,8,6,2,0,0,0
2021-03-22 22:15,9,7,2,0,0,0
2021-03-22 22:30,10,7,3,0,0,0
2021-03-22 22:45,5,3,2,0,0,0
2021-03-22 23:00,10,5,5,0,0,0
2021-03-22 23:15,5,0,5,0,0,0
2021-03-22 23:30,7,2,5,0,0,0
2021-03-22 23:45,4,1,3,0,0,0
2021-03-23 00:00,9,6,3,0,0,0
2021-03-23 00:15,3,1,2,0,0,0
2021-03-23 00:30,3,2,1,0,0,0
2021-03-23 00:45,4,2,2,0,0,0
2021-03-23 01:00,3,2,1,0,0,0
2021-03-23 01:15,4,4,0,0,0,0
2021-03-23 01:30,0,0,0,0,0,0
2021-03-23 01:45,3,1,2,0,0,0
2021-03-23 02:00,0,0,0,0,0,0
2021-03-23 02:15,2,0,2,0,0,0
2021-03-23 02:30,1,0,1,0,0,0
2021-03-23 02:45,1,0,1,0,0,0
2021-03-23 03:00,1,1,0,0,0,0
2021-03-23 03:15,2,2,0,0,0,0
2021-03-23 03:30,1,0,1,0,0,0
2021-03-23 03:45,1,1,0,0,0,0
2021-03-23 04:00,1,1,0,0,0,0
2021-03-23 04:15,1,1,0,0,0,0
2021-03-23 04:30,1,1,0,0,0,0
2021-03-23 04:45,6,5,1,0,0,0
2021-03-23 05:00,0,0,0,0,0,0
2021-03-23 05:15,3,3,0,0,0,0
2021-03-23 05:30,11,7,4,0,0,0
2021-03-23 05:45,11,7,4,0,0,0
2021-03-23 06:00,23,14,9,0,0,0
2021-03-23 06:15,31,18,13,0,0,0
2021-03-23 06:30,42,23,19,0,0,0
2021-03-23 06:45,63,44,19,0,0,0
2021-03-23 07:00,64,45,19,0,0,0
2021-03-23 07:15,110,66,44,0,0,0
2021-03-23 07:30,120,84,36,0,0,0
2021-03-23 07:45,183,142,41,0,0,0
2021-03-23 08:00,172,153,19,0,0,0
2021-03-23 08:15,115,80,35,0,0,0
2021-03-23 08:30,111,86,25,0,0,0
2021-03-23 08:45,117,81,36,0,0,0
2021-03-23 09:00,83,66,17,0,0,0
2021-03-23 09:15,88,63,25,0,0,0
2021-03-23 09:30,72,58,14,0,0,0
2021-03-23 09:45,97,71,26,0,0,0
2021-03-23 10:00,62,39,23,0,0,0
2021-03-23 10:15,61,40,21,0,0,0
2021-03-23 10:30,72,54,18,0,0,0
2021-03-23 10:45,75,55,20,0,0,0
2021-03-23 11:00,75,41,34,0,0,0
2021-03-23 11:15,88,61,27,0,0,0
2021-03-23 11:30,89,51,38,0,0,0
2021-03-23 11:45,105,65,40,0,0,0
2021-03-23 12:00,58,35,23,0,0,0
2021-03-23 12:15,109,61,48,0,0,0
2021-03-23 12:30,80,42,38,0,0,0
2021-03-23 12:45,105,65,40,0,0,0
2021-03-23 13:00,114,56,58,0,0,0
2021-03-23 13:15,82,46,36,0,0,0
2021-03-23 13:30,49,49,0,0,0,0
2021-03-23 13:45,65,65,0,0,0,0
2021-03-23 14:00,68,53,15,0,0,0
2021-03-23 14:15,119,70,49,0,0,0
2021-03-23 14:30,105,53,52,0,0,0
2021-03-23 14:45,126,76,50,0,0,0
2021-03-23 15:00,127,67,60,0,0,0
2021-03-23 15:15,116,73,43,0,0,0
2021-03-23 15:30,121,60,61,0,0,0
2021-03-23 15:45,160,90,70,0,0,0
2021-03-23 16:00,125,79,46,0,0,0
2021-03-23 16:15,141,79,62,0,0,0
2021-03-23 16:30,144,74,70,0,0,0
2021-03-23 16:45,120,64,56,0,0,0
2021-03-23 17:00,135,76,59,0,0,0
2021-03-23 17:15,138,79,59,0,0,0
2021-03-23 17:30,138,73,65,0,0,0
2021-03-23 17:45,117,41,76,0,0,0
2021-03-23 18:00,118,60,58,0,0,0
2021-03-23 18:15,100,45,55,0,0,0
2021-03-23 18:30,91,36,55,0,0,0
2021-03-23 18:45,89,38,51,0,0,0
2021-03-23 19:00,83,26,57,0,0,0
2021-03-23 19:15,55,28,27,0,0,0
2021-03-23 19:30,46,17,29,0,0,0
2021-03-23 19:45,40,13,27,0,0,0
2021-03-23 20:00,44,19,25,0,0,0
2021-03-23 20:15,24,15,9,0,0,0
2021-03-23 20:30,25,17,8,0,0,0
2021-03-23 20:45,30,13,17,0,0,0
2021-03-23 21:00,32,19,13,0,0,0
2021-03-23 21:15,17,10,7,0,0,0
2021-03-23 21:30,11,4,7,0,0,0
2021-03-23 21:45,6,4,2,0,0,0
2021-03-23 22:00,12,7,5,0,0,0
2021-03-23 22:15,12,5,7,0,0,0
2021-03-23 22:30,16,10,6,0,0,0
2021-03-23 22:45,13,4,9,0,0,0
2021-03-23 23:00,10,3,7,0,0,0
2021-03-23 23:15,7,3,4,0,0,0
2021-03-23 23:30,12,3,9,0,0,0
2021-03-23 23:45,9,4,5,0,0,0
2021-03-24 00:00,5,1,4,0,0,0
2021-03-24 00:15,8,5,3,0,0,0
2021-03-24 00:30,2,1,1,0,0,0
2021-03-24 00:45,3,1,2,0,0,0
2021-03-24 01:00,2,2,0,0,0,0
2021-03-24 01:15,2,2,0,0,0,0
2021-03-24 01:30,3,3,0,0,0,0
2021-03-24 01:45,2,1,1,0,0,0
2021-03-24 02:00,3,1,2,0,0,0
2021-03-24 02:15,3,3,0,0,0,0
2021-03-24 02:30,1,1,0,0,0,0
2021-03-24 02:45,1,0,1,0,0,0
2021-03-24 03:00,1,1,0,0,0,0
2021-03-24 03:15,1,1,0,0,0,0
2021-03-24 03:30,0,0,0,0,0,0
2021-03-24 03:45,0,0,0,0,0,0
2021-03-24 04:00,1,1,0,0,0,0
2021-03-24 04:15,5,3,2,0,0,0
2021-03-24 04:30,2,2,0,0,0,0
2021-03-24 04:45,2,0,2,0,0,0
2021-03-24 05:00,2,2,0,0,0,0
2021-03-24 05:15,4,3,1,0,0,0
2021-03-24 05:30,19,15,4,0,0,0
2021-03-24 05:45,20,14,6,0,0,0
2021-03-24 06:00,17,11,6,0,0,0
2021-03-24 06:15,25,15,10,0,0,0
2021-03-24 06:30,45,35,10,0,0,0
2021-03-24 06:45,67,43,24,0,0,0
2021-03-24 07:00,71,46,25,0,0,0
2021-03-24 07:15,107,70,37,0,0,0
2021-03-24 07:30,133,97,36,0,0,0
2021-03-24 07:45,206,168,38,0,0,0
2021-03-24 08:00,202,174,28,0,0,0
2021-03-24 08:15,118,86,32,0,0,0
2021-03-24 08:30,122,96,26,0,0,0
2021-03-24 08:45,135,108,27,0,0,0
2021-03-24 09:00,93,73,20,0,0,0
2021-03-24 09:15,117,85,32,0,0,0
2021-03-24 09:30,119,91,28,0,0,0
2021-03-24 09:45,124,99,25,0,0,0
2021-03-24 10:00,89,62,27,0,0,0
2021-03-24 10:15,102,66,36,0,0,0
2021-03-24 10:30,102,76,26,0,0,0
2021-03-24 10:45,146,111,35,0,0,0
2021-03-24 11:00,109,74,35,0,0,0
2021-03-24 11:15,128,88,40,0,0,0
2021-03-24 11:30,127,90,37,0,0,0
2021-03-24 11:45,126,67,59,0,0,0
2021-03-24 12:00,108,63,45,0,0,0
2021-03-24 12:15,122,72,50,0,0,0
2021-03-24 12:30,118,63,55,0,0,0
2021-03-24 12:45,138,73,65,0,0,0
2021-03-24 13:00,143,82,61,0,0,0
2021-03-24 13:15,119,62,57,0,0,0
2021-03-24 13:30,146,77,69,0,0,0
2021-03-24 13:45,119,67,52,0,0,0
2021-03-24 14:00,123,63,60,0,0,0
2021-03-24 14:15,141,77,64,0,0,0
2021-03-24 14:30,128,62,66,0,0,0
2021-03-24 14:45,123,53,70,0,0,0
2021-03-24 15:00,114,58,56,0,0,0
2021-03-24 15:15,104,54,50,0,0,0
2021-03-24 15:30,116,65,51,0,0,0
2021-03-24 15:45,141,92,49,0,0,0
2021-03-24 16:00,132,74,58,0,0,0
2021-03-24 16:15,138,82,56,0,0,0
2021-03-24 16:30,113,59,54,0,0,0
2021-03-24 16:45,130,68,62,0,0,0
2021-03-24 17:00,151,66,85,0,0,0
2021-03-24 17:15,126,58,68,0,0,0
2021-03-24 17:30,147,66,81,0,0,0
2021-03-24 17:45,124,55,69,0,0,0
2021-03-24 18:00,130,61,69,0,0,0
2021-03-24 18:15,101,42,59,0,0,0
2021-03-24 18:30,97,41,56,0,0,0
2021-03-24 18:45,101,39,62,0,0,0
2021-03-24 19:00,85,39,46,0,0,0
2021-03-24 19:15,55,35,20,0,0,0
2021-03-24 19:30,63,32,31,0,0,0
2021-03-24 19:45,61,25,36,0,0,0
2021-03-24 20:00,49,24,25,0,0,0
2021-03-24 20:15,26,11,15,0,0,0
2021-03-24 20:30,31,17,14,0,0,0
2021-03-24 20:45,23,10,13,0,0,0
2021-03-24 21:00,26,17,9,0,0,0
2021-03-24 21:15,21,16,5,0,0,0
2021-03-24 21:30,22,12,10,0,0,0
2021-03-24 21:45,14,6,8,0,0,0
2021-03-24 22:00,13,6,7,0,0,0
2021-03-24 22:15,16,9,7,0,0,0
2021-03-24 22:30,16,8,8,0,0,0
2021-03-24 22:45,18,12,6,0,0,0
2021-03-24 23:00,12,5,7,0,0,0
2021-03-24 23:15,5,2,3,0,0,0
2021-03-24 23:30,9,8,1,0,0,0
2021-03-24 23:45,9,6,3,0,0,0
2021-03-25 00:00,11,9,2,0,0,0
2021-03-25 00:15,6,3,3,0,0,0
2021-03-25 00:30,5,1,4,0,0,0
2021-03-25 00:45,3,1,2,0,0,0
2021-03-25 01:00,2,0,2,0,0,0
2021-03-25 01:15,1,1,0,0,0,0
2021-03-25 01:30,0,0,0,0,0,0
2021-03-25 01:45,4,2,2,0,0,0
2021-03-25 02:00,1,0,1,0,0,0
2021-03-25 02:15,2,1,1,0,0,0
2021-03-25 02:30,0,0,0,0,0,0
2021-03-25 02:45,0,0,0,0,0,0
2021-03-25 03:00,0,0,0,0,0,0
2021-03-25 03:15,0,0,0,0,0,0
2021-03-25 03:30,0,0,0,0,0,0
2021-03-25 03:45,0,0,0,0,0,0
2021-03-25 04:00,1,1,0,0,0,0
2021-03-25 04:15,3,1,2,0,0,0
2021-03-25 04:30,3,3,0,0,0,0
2021-03-25 04:45,2,2,0,0,0,0
2021-03-25 05:00,3,2,1,0,0,0
2021-03-25 05:15,6,6,0,0,0,0
2021-03-25 05:30,14,9,5,0,0,0
2021-03-25 05:45,11,4,7,0,0,0
2021-03-25 06:00,19,10,9,0,0,0
2021-03-25 06:15,19,10,9,0,0,0
2021-03-25 06:30,41,30,11,0,0,0
2021-03-25 06:45,63,47,16,0,0,0
2021-03-25 07:00,65,45,20,0,0,0
2021-03-25 07:15,100,63,37,0,0,0
2021-03-25 07:30,134,92,42,0,0,0
2021-03-25 07:45,209,159,50,0,0,0
2021-03-25 08:00,160,134,26,0,0,0
2021-03-25 08:15,106,83,23,0,0,0
2021-03-25 08:30,112,85,27,0,0,0
2021-03-25 08:45,126,100,26,0,0,0
2021-03-25 09:00,94,71,23,0,0,0
2021-03-25 09:15,91,73,18,0,0,0
2021-03-25 09:30,79,54,25,0,0,0
2021-03-25 09:45,114,85,29,0,0,0
2021-03-25 10:00,86,59,27,0,0,0
2021-03-25 10:15,68,42,26,0,0,0
2021-03-25 10:30,78,48,30,0,0,0
2021-03-25 10:45,102,68,34,0,0,0
2021-03-25 11:00,89,53,36,0,0,0
2021-03-25 11:15,87,55,32,0,0,0
2021-03-25 11:30,89,58,31,0,0,0
2021-03-25 11:45,108,66,42,0,0,0
2021-03-25 12:00,97,58,39,0,0,0
2021-03-25 12:15,84,54,30,0,0,0
2021-03-25 12:30,89,47,42,0,0,0
2021-03-25 12:45,127,73,54,0,0,0
2021-03-25 13:00,120,64,56,0,0,0
2021-03-25 13:15,119,55,64,0,0,0
2021-03-25 13:30,93,41,52,0,0,0
2021-03-25 13:45,106,57,49,0,0,0
2021-03-25 14:00,101,62,39,0,0,0
2021-03-25 14:15,139,82,57,0,0,0
2021-03-25 14:30,132,74,58,0,0,0
2021-03-25 14:45,132,71,61,0,0,0
2021-03-25 15:00,100,51,49,0,0,0
2021-03-25 15:15,125,62,63,0,0,0
2021-03-25 15:30,125,73,52,0,0,0
2021-03-25 15:45,158,79,79,0,0,0
2021-03-25 16:00,142,76,66,0,0,0
2021-03-25 16:15,152,76,76,0,0,0
2021-03-25 16:30,139,77,62,0,0,0
2021-03-25 16:45,158,84,74,0,0,0
2021-03-25 17:00,151,69,82,0,0,0
2021-03-25 17:15,147,70,77,0,0,0
2021-03-25 17:30,103,41,62,0,0,0
2021-03-25 17:45,113,49,64,0,0,0
2021-03-25 18:00,112,51,61,0,0,0
2021-03-25 18:15,86,39,47,0,0,0
2021-03-25 18:30,94,48,46,0,0,0
2021-03-25 18:45,75,30,45,0,0,0
2021-03-25 19:00,68,26,42,0,0,0
2021-03-25 19:15,81,35,46,0,0,0
2021-03-25 19:30,58,20,38,0,0,0
2021-03-25 19:45,58,27,31,0,0,0
2021-03-25 20:00,46,19,27,0,0,0
2021-03-25 20:15,41,20,21,0,0,0
2021-03-25 20:30,34,19,15,0,0,0
2021-03-25 20:45,18,12,6,0,0,0
2021-03-25 21:00,23,13,10,0,0,0
2021-03-25 21:15,20,13,7,0,0,0
2021-03-25 21:30,18,8,10,0,0,0
2021-03-25 21:45,21,9,12,0,0,0
2021-03-25 22:00,12,6,6,0,0,0
2021-03-25 22:15,9,3,6,0,0,0
2021-03-25 22:30,11,7,4,0,0,0
2021-03-25 22:45,23,13,10,0,0,0
2021-03-25 23:00,13,7,6,0,0,0
2021-03-25 23:15,8,6,2,0,0,0
2021-03-25 23:30,11,5,6,0,0,0
2021-03-25 23:45,9,4,5,0,0,0
2021-03-26 00:00,7,5,2,0,0,0
2021-03-26 00:15,6,4,2,0,0,0
2021-03-26 00:30,1,0,1,0,0,0
2021-03-26 00:45,5,3,2,0,0,0
2021-03-26 01:00,1,0,1,0,0,0
2021-03-26 01:15,0,0,0,0,0,0
2021-03-26 01:30,0,0,0,0,0,0
2021-03-26 01:45,0,0,0,0,0,0
2021-03-26 02:00,2,2,0,0,0,0
2021-03-26 02:15,2,1,1,0,0,0
2021-03-26 02:30,1,1,0,0,0,0
2021-03-26 02:45,0,0,0,0,0,0
2021-03-26 03:00,0,0,0,0,0,0
2021-03-26 03:15,3,3,0,0,0,0
2021-03-26 03:30,0,0,0,0,0,0
2021-03-26 03:45,1,0,1,0,0,0
2021-03-26 04:00,1,1,0,0,0,0
2021-03-26 04:15,3,2,1,0,0,0
2021-03-26 04:30,2,1,1,0,0,0
2021-03-26 04:45,3,2,1,0,0,0
2021-03-26 05:00,3,2,1,0,0,0
2021-03-26 05:15,4,4,0,0,0,0
2021-03-26 05:30,7,4,3,0,0,0
2021-03-26 05:45,14,6,8,0,0,0
2021-03-26 06:00,14,11,3,0,0,0
2021-03-26 06:15,25,11,14,0,0,0
2021-03-26 06:30,38,29,9,0,0,0
2021-03-26 06:45,58,46,12,0,0,0
2021-03-26 07:00,71,51,20,0,0,0
2021-03-26 07:15,87,54,33,0,0,0
2021-03-26 07:30,117,86,31,0,0,0
2021-03-26 07:45,180,139,41,0,0,0
2021-03-26 08:00,151,133,18,0,0,0
2021-03-26 08:15,120,89,31,0,0,0
2021-03-26 08:30,111,73,38,0,0,0
2021-03-26 08:45,127,97,30,0,0,0
2021-03-26 09:00,89,59,30,0,0,0
2021-03-26 09:15,80,59,21,0,0,0
2021-03-26 09:30,119,96,23,0,0,0
2021-03-26 09:45,95,65,30,0,0,0
2021-03-26 10:00,93,73,20,0,0,0
2021-03-26 10:15,87,63,24,0,0,0
2021-03-26 10:30,96,63,33,0,0,0
2021-03-26 10:45,110,69,41,0,0,0
2021-03-26 11:00,109,74,35,0,0,0
2021-03-26 11:15,96,67,29,0,0,0
2021-03-26 11:30,103,62,41,0,0,0
2021-03-26 11:45,91,50,41,0,0,0
2021-03-26 12:00,111,60,51,0,0,0
2021-03-26 12:15,108,64,44,0,0,0
2021-03-26 12:30,103,59,44,0,0,0
2021-03-26 12:45,102,50,52,0,0,0
2021-03-26 13:00,119,60,59,0,0,0
2021-03-26 13:15,144,68,76,0,0,0
2021-03-26 13:30,149,75,74,0,0,0
2021-03-26 13:45,120,67,53,0,0,0
2021-03-26 14:00,113,61,52,0,0,0
2021-03-26 14:15,143,68,75,0,0,0
2021-03-26 14:30,146,83,63,0,0,0
2021-03-26 14:45,159,84,75,0,0,0
2021-03-26 15:00,154,83,71,0,0,0
2021-03-26 15:15,131,75,56,0,0,0
2021-03-26 15:30,122,70,52,0,0,0
2021-03-26 15:45,129,72,57,0,0,0
2021-03-26 16:00,132,70,62,0,0,0
2021-03-26 16:15,143,71,72,0,0,0
2021-03-26 16:30,125,77,48,0,0,0
2021-03-26 16:45,119,58,61,0,0,0
2021-03-26 17:00,129,65,64,0,0,0
2021-03-26 17:15,122,67,55,0,0,0
2021-03-26 17:30,97,46,51,0,0,0
2021-03-26 17:45,114,50,64,0,0,0
2021-03-26 18:00,112,45,67,0,0,0
2021-03-26 18:15,96,53,43,0,0,0
2021-03-26 18:30,77,37,40,0,0,0
2021-03-26 18:45,77,37,40,0,0,0
2021-03-26 19:00,81,45,36,0,0,0
2021-03-26 19:15,84,41,43,0,0,0
2021-03-26 19:30,61,38,23,0,0,0
2021-03-26 19:45,56,21,35,0,0,0
2021-03-26 20:00,42,21,21,0,0,0
2021-03-26 20:15,31,10,21,0,0,0
2021-03-26 20:30,32,20,12,0,0,0
2021-03-26 20:45,31,19,12,0,0,0
2021-03-26 21:00,22,6,16,0,0,0
2021-03-26 21:15,18,6,12,0,0,0
2021-03-26 21:30,18,5,13,0,0,0
2021-03-26 21:45,22,9,13,0,0,0
2021-03-26 22:00,18,9,9,0,0,0
2021-03-26 22:15,16,13,3,0,0,0
2021-03-26 22:30,21,9,12,0,0,0
2021-03-26 22:45,11,7,4,0,0,0
2021-03-26 23:00,21,12,9,0,0,0
2021-03-26 23:15,11,3,8,0,0,0
2021-03-26 23:30,21,11,10,0,0,0
2021-03-26 23:45,6,3,3,0,0,0
2021-03-27 00:00,20,10,10,0,0,0
2021-03-27 00:15,14,6,8,0,0,0
2021-03-27 00:30,7,4,3,0,0,0
2021-03-27 00:45,5,3,2,0,0,0
2021-03-27 01:00,5,4,1,0,0,0
2021-03-27 01:15,4,2,2,0,0,0
2021-03-27 01:30,7,1,6,0,0,0
2021-03-27 01:45,3,1,2,0,0,0
2021-03-27 02:00,7,4,3,0,0,0
2021-03-27 02:15,10,5,5,0,0,0
2021-03-27 02:30,9,3,6,0,0,0
2021-03-27 02:45,3,0,3,0,0,0
2021-03-27 03:00,5,4,1,0,0,0
2021-03-27 03:15,2,2,0,0,0,0
2021-03-27 03:30,4,2,2,0,0,0
2021-03-27 03:45,0,0,0,0,0,0
2021-03-27 04:00,1,1,0,0,0,0
2021-03-27 04:15,4,1,3,0,0,0
2021-03-27 04:30,3,3,0,0,0,0
2021-03-27 04:45,3,0,3,0,0,0
2021-03-27 05:00,1,0,1,0,0,0
2021-03-27 05:15,1,1,0,0,0,0
2021-03-27 05:30,4,1,3,0,0,0
2021-03-27 05:45,8,3,5,0,0,0
2021-03-27 06:00,5,4,1,0,0,0
2021-03-27 06:15,13,7,6,0,0,0
2021-03-27 06:30,9,7,2,0,0,0
2021-03-27 06:45,22,17,5,0,0,0
2021-03-27 07:00,12,8,4,0,0,0
2021-03-27 07:15,22,18,4,0,0,0
2021-03-27 07:30,18,13,5,0,0,0
2021-03-27 07:45,32,21,11,0,0,0
2021-03-27 08:00,38,28,10,0,0,0
2021-03-27 08:15,33,17,16,0,0,0
2021-03-27 08:30,39,16,23,0,0,0
2021-03-27 08:45,42,23,19,0,0,0
2021-03-27 09:00,18,10,8,0,0,0
2021-03-27 09:15,38,27,11,0,0,0
2021-03-27 09:30,52,36,16,0,0,0
2021-03-27 09:45,73,49,24,0,0,0
2021-03-27 10:00,64,48,16,0,0,0
2021-03-27 10:15,79,63,16,0,0,0
2021-03-27 10:30,77,62,15,0,0,0
2021-03-27 10:45,85,59,26,0,0,0
2021-03-27 11:00,76,54,22,0,0,0
2021-03-27 11:15,45,27,18,0,0,0
2021-03-27 11:30,76,38,38,0,0,0
2021-03-27 11:45,64,45,19,0,0,0
2021-03-27 12:00,117,71,46,0,0,0
2021-03-27 12:15,100,62,38,0,0,0
2021-03-27 12:30,67,43,24,0,0,0
2021-03-27 12:45,74,35,39,0,0,0
2021-03-27 13:00,67,30,37,0,0,0
2021-03-27 13:15,78,34,44,0,0,0
2021-03-27 13:30,70,40,30,0,0,0
2021-03-27 13:45,85,53,32,0,0,0
2021-03-27 14:00,61,35,26,0,0,0
2021-03-27 14:15,56,31,25,0,0,0
2021-03-27 14:30,54,28,26,0,0,0
2021-03-27 14:45,65,32,33,0,0,0
2021-03-27 15:00,41,16,25,0,0,0
2021-03-27 15:15,57,37,20,0,0,0
2021-03-27 15:30,33,18,15,0,0,0
2021-03-27 15:45,35,19,16,0,0,0
2021-03-27 16:00,37,16,21,0,0,0
2021-03-27 16:15,37,22,15,0,0,0
2021-03-27 16:30,46,29,17,0,0,0
2021-03-27 16:45,54,38,16,0,0,0
2021-03-27 17:00,40,23,17,0,0,0
2021-03-27 17:15,42,19,23,0,0,0
2021-03-27 17:30,49,32,17,0,0,0
2021-03-27 17:45,52,29,23,0,0,0
2021-03-27 18:00,51,25,26,0,0,0
2021-03-27 18:15,69,34,35,0,0,0
2021-03-27 18:30,50,30,20,0,0,0
2021-03-27 18:45,46,20,26,0,0,0
2021-03-27 19:00,26,13,13,0,0,0
2021-03-27 19:15,44,25,19,0,0,0
2021-03-27 19:30,52,36,16,0,0,0
2021-03-27 19:45,37,14,23,0,0,0
2021-03-27 20:00,39,21,18,0,0,0
2021-03-27 20:15,27,13,14,0,0,0
2021-03-27 20:30,20,13,7,0,0,0
2021-03-27 20:45,16,11,5,0,0,0
2021-03-27 21:00,17,11,6,0,0,0
2021-03-27 21:15,15,7,8,0,0,0
2021-03-27 21:30,20,11,9,0,0,0
2021-03-27 21:45,10,4,6,0,0,0
2021-03-27 22:00,8,2,6,0,0,0
2021-03-27 22:15,14,6,8,0,0,0
2021-03-27 22:30,6,5,1,0,0,0
2021-03-27 22:45,8,5,3,0,0,0
2021-03-27 23:00,19,11,8,0,0,0
2021-03-27 23:15,16,9,7,0,0,0
2021-03-27 23:30,16,6,10,0,0,0
2021-03-27 23:45,7,2,5,0,0,0
2021-03-28 00:00,14,6,8,0,0,0
2021-03-28 00:15,4,4,0,0,0,0
2021-03-28 00:30,12,9,3,0,0,0
2021-03-28 00:45,9,1,8,0,0,0
2021-03-28 01:00,6,4,2,0,0,0
2021-03-28 01:15,13,7,6,0,0,0
2021-03-28 01:30,13,6,7,0,0,0
2021-03-28 01:45,3,2,1,0,0,0
2021-03-28 03:00,18,7,11,0,0,0
2021-03-28 03:15,12,5,7,0,0,0
2021-03-28 03:30,0,0,0,0,0,0
2021-03-28 03:45,7,5,2,0,0,0
2021-03-28 04:00,1,0,1,0,0,0
2021-03-28 04:15,1,1,0,0,0,0
2021-03-28 04:30,4,4,0,0,0,0
2021-03-28 04:45,5,2,3,0,0,0
2021-03-28 05:00,1,1,0,0,0,0
2021-03-28 05:15,0,0,0,0,0,0
2021-03-28 05:30,11,8,3,0,0,0
2021-03-28 05:45,4,2,2,0,0,0
2021-03-28 06:00,6,4,2,0,0,0
2021-03-28 06:15,2,2,0,0,0,0
2021-03-28 06:30,4,4,0,0,0,0
2021-03-28 06:45,5,3,2,0,0,0
2021-03-28 07:00,3,1,2,0,0,0
2021-03-28 07:15,1,1,0,0,0,0
2021-03-28 07:30,4,2,2,0,0,0
2021-03-28 07:45,6,5,1,0,0,0
2021-03-28 08:00,7,6,1,0,0,0
2021-03-28 08:15,8,5,3,0,0,0
2021-03-28 08:30,7,2,5,0,0,0
2021-03-28 08:45,21,19,2,0,0,0
2021-03-28 09:00,20,9,11,0,0,0
2021-03-28 09:15,9,6,3,0,0,0
2021-03-28 09:30,26,18,8,0,0,0
2021-03-28 09:45,16,12,4,0,0,0
2021-03-28 10:00,14,10,4,0,0,0
2021-03-28 10:15,31,21,10,0,0,0
2021-03-28 10:30,29,21,8,0,0,0
2021-03-28 10:45,30,19,11,0,0,0
2021-03-28 11:00,28,19,9,0,0,0
2021-03-28 11:15,27,14,13,0,0,0
2021-03-28 11:30,27,18,9,0,0,0
2021-03-28 11:45,39,22,17,0,0,0
2021-03-28 12:00,35,21,14,0,0,0
2021-03-28 12:15,41,32,9,0,0,0
2021-03-28 12:30,43,21,22,0,0,0
2021-03-28 12:45,56,32,24,0,0,0
2021-03-28 13:00,55,36,19,0,0,0
2021-03-28 13:15,54,30,24,0,0,0
2021-03-28 13:30,60,40,20,0,0,0
2021-03-28 13:45,68,36,32,0,0,0
2021-03-28 14:00,61,37,24,0,0,0
2021-03-28 14:15,66,36,30,0,0,0
2021-03-28 14:30,64,33,31,0,0,0
2021-03-28 14:45,66,46,20,0,0,0
2021-03-28 15:00,65,37,28,0,0,0
2021-03-28 15:15,72,43,29,0,0,0
2021-03-28 15:30,59,34,25,0,0,0
2021-03-28 15:45,65,36,29,0,0,0
2021-03-28 16:00,57,33,24,0,0,0
2021-03-28 16:15,45,24,21,0,0,0
2021-03-28 16:30,45,25,20,0,0,0
2021-03-28 16:45,42,29,13,0,0,0
2021-03-28 17:00,47,28,19,0,0,0
2021-03-28 17:15,31,16,15,0,0,0
2021-03-28 17:30,45,29,16,0,0,0
2021-03-28 17:45,50,27,23,0,0,0
2021-03-28 18:00,49,28,21,0,0,0
2021-03-28 18:15,44,26,18,0,0,0
2021-03-28 18:30,39,14,25,0,0,0
2021-03-28 18:45,39,26,13,0,0,0
2021-03-28 19:00,37,18,19,0,0,0
2021-03-28 19:15,37,16,21,0,0,0
2021-03-28 19:30,42,25,17,0,0,0
2021-03-28 19:45,28,15,13,0,0,0
2021-03-28 20:00,30,17,13,0,0,0
2021-03-28 20:15,31,18,13,0,0,0
2021-03-28 20:30,28,16,12,0,0,0
2021-03-28 20:45,16,11,5,0,0,0
2021-03-28 21:00,20,8,12,0,0,0
2021-03-28 21:15,19,8,11,0,0,0
2021-03-28 21:30,24,11,13,0,0,0
2021-03-28 21:45,16,8,8,0,0,0
2021-03-28 22:00,13,8,5,0,0,0
2021-03-28 22:15,13,7,6,0,0,0
2021-03-28 22:30,9,3,6,0,0,0
2021-03-28 22:45,10,6,4,0,0,0
2021-03-28 23:00,11,8,3,0,0,0
2021-03-28 23:15,8,1,7,0,0,0
2021-03-28 23:30,0,0,0,0,0,0
2021-03-28 23:45,3,2,1,0,0,0
2021-03-29 00:00,3,2,1,0,0,0
2021-03-29 00:15,6,3,3,0,0,0
2021-03-29 00:30,1,1,0,0,0,0
2021-03-29 00:45,2,2,0,0,0,0
2021-03-29 01:00,1,1,0,0,0,0
2021-03-29 01:15,3,0,3,0,0,0
2021-03-29 01:30,2,2,0,0,0,0
2021-03-29 01:45,2,0,2,0,0,0
2021-03-29 02:00,1,0,1,0,0,0
2021-03-29 02:15,0,0,0,0,0,0
2021-03-29 02:30,0,0,0,0,0,0
2021-03-29 02:45,1,0,1,0,0,0
2021-03-29 03:00,2,1,1,0,0,0
2021-03-29 03:15,1,1,0,0,0,0
2021-03-29 03:30,1,0,1,0,0,0
2021-03-29 03:45,0,0,0,0,0,0
2021-03-29 04:00,0,0,0,0,0,0
2021-03-29 04:15,0,0,0,0,0,0
2021-03-29 04:30,1,0,1,0,0,0
2021-03-29 04:45,1,0,1,0,0,0
2021-03-29 05:00,0,0,0,0,0,0
2021-03-29 05:15,3,1,2,0,0,0
2021-03-29 05:30,10,5,5,0,0,0
2021-03-29 05:45,23,8,15,0,0,0
2021-03-29 06:00,17,8,9,0,0,0
2021-03-29 06:15,26,14,12,0,0,0
2021-03-29 06:30,39,23,16,0,0,0
2021-03-29 06:45,41,28,13,0,0,0
2021-03-29 07:00,69,49,20,0,0,0
2021-03-29 07:15,71,42,29,0,0,0
2021-03-29 07:30,108,69,39,0,0,0
2021-03-29 07:45,98,70,28,0,0,0
2021-03-29 08:00,79,62,17,0,0,0
2021-03-29 08:15,89,63,26,0,0,0
2021-03-29 08:30,102,73,29,0,0,0
2021-03-29 08:45,115,86,29,0,0,0
2021-03-29 09:00,84,67,17,0,0,0
2021-03-29 09:15,94,65,29,0,0,0
2021-03-29 09:30,67,44,23,0,0,0
2021-03-29 09:45,97,69,28,0,0,0
2021-03-29 10:00,71,54,17,0,0,0
2021-03-29 10:15,83,54,29,0,0,0
2021-03-29 10:30,94,71,23,0,0,0
2021-03-29 10:45,96,71,25,0,0,0
2021-03-29 11:00,70,36,34,0,0,0
2021-03-29 11:15,64,32,32,0,0,0
2021-03-29 11:30,92,53,39,0,0,0
2021-03-29 11:45,85,62,23,0,0,0
2021-03-29 12:00,89,45,44,0,0,0
2021-03-29 12:15,116,69,47,0,0,0
2021-03-29 12:30,90,52,38,0,0,0
2021-03-29 12:45,108,55,53,0,0,0
2021-03-29 13:00,85,43,42,0,0,0
2021-03-29 13:15,82,35,47,0,0,0
2021-03-29 13:30,113,70,43,0,0,0
2021-03-29 13:45,116,68,48,0,0,0
2021-03-29 14:00,106,66,40,0,0,0
2021-03-29 14:15,120,75,45,0,0,0
2021-03-29 14:30,129,82,47,0,0,0
2021-03-29 14:45,105,58,47,0,0,0
2021-03-29 15:00,139,86,53,0,0,0
2021-03-29 15:15,141,76,65,0,0,0
2021-03-29 15:30,136,76,60,0,0,0
2021-03-29 15:45,148,90,58,0,0,0
2021-03-29 16:00,163,92,71,0,0,0
2021-03-29 16:15,171,93,78,0,0,0
2021-03-29 16:30,172,88,84,0,0,0
2021-03-29 16:45,169,92,77,0,0,0
2021-03-29 17:00,144,75,69,0,0,0
2021-03-29 17:15,164,85,79,0,0,0
2021-03-29 17:30,137,74,63,0,0,0
2021-03-29 17:45,136,61,75,0,0,0
2021-03-29 18:00,148,71,77,0,0,0
2021-03-29 18:15,106,51,55,0,0,0
2021-03-29 18:30,85,48,37,0,0,0
2021-03-29 18:45,84,49,35,0,0,0
2021-03-29 19:00,98,43,55,0,0,0
2021-03-29 19:15,71,36,35,0,0,0
2021-03-29 19:30,64,32,32,0,0,0
2021-03-29 19:45,52,24,28,0,0,0
2021-03-29 20:00,47,20,27,0,0,0
2021-03-29 20:15,43,25,18,0,0,0
2021-03-29 20:30,46,21,25,0,0,0
2021-03-29 20:45,35,16,19,0,0,0
2021-03-29 21:00,25,15,10,0,0,0
2021-03-29 21:15,33,14,19,0,0,0
2021-03-29 21:30,35,19,16,0,0,0
2021-03-29 21:45,20,10,10,0,0,0
2021-03-29 22:00,26,15,11,0,0,0
2021-03-29 22:15,18,7,11,0,0,0
2021-03-29 22:30,9,4,5,0,0,0
2021-03-29 22:45,11,7,4,0,0,0
2021-03-29 23:00,15,8,7,0,0,0
2021-03-29 23:15,9,1,8,0,0,0
2021-03-29 23:30,6,4,2,0,0,0
2021-03-29 23:45,12,8,4,0,0,0
2021-03-30 00:00,8,8,0,0,0,0
2021-03-30 00:15,6,2,4,0,0,0
2021-03-30 00:30,6,0,6,0,0,0
2021-03-30 00:45,4,2,2,0,0,0
2021-03-30 01:00,2,1,1,0,0,0
2021-03-30 01:15,2,1,1,0,0,0
2021-03-30 01:30,5,3,2,0,0,0
2021-03-30 01:45,5,2,3,0,0,0
2021-03-30 02:00,2,0,2,0,0,0
2021-03-30 02:15,1,0,1,0,0,0
2021-03-30 02:30,3,1,2,0,0,0
2021-03-30 02:45,0,0,0,0,0,0
2021-03-30 03:00,0,0,0,0,0,0
2021-03-30 03:15,0,0,0,0,0,0
2021-03-30 03:30,1,1,0,0,0,0
2021-03-30 03:45,0,0,0,0,0,0
2021-03-30 04:00,0,0,0,0,0,0
2021-03-30 04:15,1,0,1,0,0,0
2021-03-30 04:30,0,0,0,0,0,0
2021-03-30 04:45,3,1,2,0,0,0
2021-03-30 05:00,0,0,0,0,0,0
2021-03-30 05:15,3,1,2,0,0,0
2021-03-30 05:30,11,5,6,0,0,0
2021-03-30 05:45,12,4,8,0,0,0
2021-03-30 06:00,23,13,10,0,0,0
2021-03-30 06:15,24,7,17,0,0,0
2021-03-30 06:30,45,26,19,0,0,0
2021-03-30 06:45,60,39,21,0,0,0
2021-03-30 07:00,66,51,15,0,0,0
2021-03-30 07:15,73,44,29,0,0,0
2021-03-30 07:30,107,71,36,0,0,0
2021-03-30 07:45,96,73,23,0,0,0
2021-03-30 08:00,85,64,21,0,0,0
2021-03-30 08:15,100,61,39,0,0,0
2021-03-30 08:30,107,84,23,0,0,0
2021-03-30 08:45,95,73,22,0,0,0
2021-03-30 09:00,95,73,22,0,0,0
2021-03-30 09:15,77,55,22,0,0,0
2021-03-30 09:30,93,68,25,0,0,0
2021-03-30 09:45,112,87,25,0,0,0
2021-03-30 10:00,62,39,23,0,0,0
2021-03-30 10:15,88,66,22,0,0,0
2021-03-30 10:30,76,53,23,0,0,0
2021-03-30 10:45,109,76,33,0,0,0
2021-03-30 11:00,74,43,31,0,0,0
2021-03-30 11:15,98,59,39,0,0,0
2021-03-30 11:30,105,60,45,0,0,0
2021-03-30 11:45,108,50,58,0,0,0
2021-03-30 12:00,79,42,37,0,0,0
2021-03-30 12:15,120,72,48,0,0,0
2021-03-30 12:30,120,67,53,0,0,0
2021-03-30 12:45,117,74,43,0,0,0
2021-03-30 13:00,119,69,50,0,0,0
2021-03-30 13:15,104,63,41,0,0,0
2021-03-30 13:30,112,63,49,0,0,0
2021-03-30 13:45,129,84,45,0,0,0
2021-03-30 14:00,118,68,50,0,0,0
2021-03-30 14:15,156,82,74,0,0,0
2021-03-30 14:30,129,77,52,0,0,0
2021-03-30 14:45,127,80,47,0,0,0
2021-03-30 15:00,154,99,55,0,0,0
2021-03-30 15:15,149,95,54,0,0,0
2021-03-30 15:30,132,79,53,0,0,0
2021-03-30 15:45,168,106,62,0,0,0
2021-03-30 16:00,154,84,70,0,0,0
2021-03-30 16:15,189,128,61,0,0,0
2021-03-30 16:30,122,67,55,0,0,0
2021-03-30 16:45,197,120,77,0,0,0
2021-03-30 17:00,175,90,85,0,0,0
2021-03-30 17:15,159,88,71,0,0,0
2021-03-30 17:30,151,82,69,0,0,0
2021-03-30 17:45,146,72,74,0,0,0
2021-03-30 18:00,129,64,65,0,0,0
2021-03-30 18:15,116,58,58,0,0,0
2021-03-30 18:30,114,63,51,0,0,0
2021-03-30 18:45,116,65,51,0,0,0
2021-03-30 19:00,88,35,53,0,0,0
2021-03-30 19:15,80,39,41,0,0,0
2021-03-30 19:30,59,29,30,0,0,0
2021-03-30 19:45,63,29,34,0,0,0
2021-03-30 20:00,58,25,33,0,0,0
2021-03-30 20:15,41,14,27,0,0,0
2021-03-30 20:30,64,32,32,0,0,0
2021-03-30 20:45,35,19,16,0,0,0
2021-03-30 21:00,50,19,31,0,0,0
2021-03-30 21:15,27,20,7,0,0,0
2021-03-30 21:30,28,11,17,0,0,0
2021-03-30 21:45,21,11,10,0,0,0
2021-03-30 22:00,18,8,10,0,0,0
2021-03-30 22:15,19,7,12,0,0,0
2021-03-30 22:30,26,15,11,0,0,0
2021-03-30 22:45,13,5,8,0,0,0
2021-03-30 23:00,14,9,5,0,0,0
2021-03-30 23:15,12,4,8,0,0,0
2021-03-30 23:30,13,4,9,0,0,0
2021-03-30 23:45,6,5,1,0,0,0
2021-03-31 00:00,5,4,1,0,0,0
2021-03-31 00:15,12,8,4,0,0,0
2021-03-31 00:30,6,4,2,0,0,0
2021-03-31 00:45,9,6,3,0,0,0
2021-03-31 01:00,4,3,1,0,0,0
2021-03-31 01:15,0,0,0,0,0,0
2021-03-31 01:30,1,0,1,0,0,0
2021-03-31 01:45,3,0,3,0,0,0
2021-03-31 02:00,1,0,1,0,0,0
2021-03-31 02:15,0,0,0,0,0,0
2021-03-31 02:30,1,0,1,0,0,0
2021-03-31 02:45,1,0,1,0,0,0
2021-03-31 03:00,0,0,0,0,0,0
2021-03-31 03:15,0,0,0,0,0,0
2021-03-31 03:30,0,0,0,0,0,0
2021-03-31 03:45,0,0,0,0,0,0
2021-03-31 04:00,2,2,0,0,0,0
2021-03-31 04:15,5,4,1,0,0,0
2021-03-31 04:30,1,1,0,0,0,0
2021-03-31 04:45,3,1,2,0,0,0
2021-03-31 05:00,2,2,0,0,0,0
2021-03-31 05:15,2,0,2,0,0,0
2021-03-31 05:30,12,9,3,0,0,0
2021-03-31 05:45,19,10,9,0,0,0
2021-03-31 06:00,17,11,6,0,0,0
2021-03-31 06:15,18,8,10,0,0,0
2021-03-31 06:30,30,19,11,0,0,0
2021-03-31 06:45,76,52,24,0,0,0
2021-03-31 07:00,64,41,23,0,0,0
2021-03-31 07:15,100,66,34,0,0,0
2021-03-31 07:30,97,71,26,0,0,0
2021-03-31 07:45,118,83,35,0,0,0
2021-03-31 08:00,92,59,33,0,0,0
2021-03-31 08:15,112,70,42,0,0,0
2021-03-31 08:30,128,88,40,0,0,0
2021-03-31 08:45,148,121,27,0,0,0
2021-03-31 09:00,120,97,23,0,0,0
2021-03-31 09:15,108,82,26,0,0,0
2021-03-31 09:30,103,70,33,0,0,0
2021-03-31 09:45,165,124,41,0,0,0
2021-03-31 10:00,131,100,31,0,0,0
2021-03-31 10:15,105,77,28,0,0,0
2021-03-31 10:30,122,75,47,0,0,0
2021-03-31 10:45,163,108,55,0,0,0
2021-03-31 11:00,134,89,45,0,0,0
2021-03-31 11:15,148,100,48,0,0,0
2021-03-31 11:30,165,93,72,0,0,0
2021-03-31 11:45,144,82,62,0,0,0
2021-03-31 12:00,158,92,66,0,0,0
2021-03-31 12:15,152,93,59,0,0,0
2021-03-31 12:30,195,104,91,0,0,0
2021-03-31 12:45,173,99,74,0,0,0
2021-03-31 13:00,145,72,73,0,0,0
2021-03-31 13:15,163,77,86,0,0,0
2021-03-31 13:30,164,86,78,0,0,0
2021-03-31 13:45,159,91,68,0,0,0
2021-03-31 14:00,157,90,67,0,0,0
2021-03-31 14:15,138,73,65,0,0,0
2021-03-31 14:30,130,81,49,0,0,0
2021-03-31 14:45,147,94,53,0,0,0
2021-03-31 15:00,144,81,63,0,0,0
2021-03-31 15:15,128,76,52,0,0,0
2021-03-31 15:30,141,89,52,0,0,0
2021-03-31 15:45,163,93,70,0,0,0
2021-03-31 16:00,176,101,75,0,0,0
2021-03-31 16:15,162,93,69,0,0,0
2021-03-31 16:30,156,82,74,0,0,0
2021-03-31 16:45,150,77,73,0,0,0
2021-03-31 17:00,151,76,75,0,0,0
2021-03-31 17:15,155,94,61,0,0,0
2021-03-31 17:30,140,73,67,0,0,0
2021-03-31 17:45,147,83,64,0,0,0
2021-03-31 18:00,126,62,64,0,0,0
2021-03-31 18:15,123,64,59,0,0,0
2021-03-31 18:30,115,68,47,0,0,0
2021-03-31 18:45,123,65,58,0,0,0
2021-03-31 19:00,112,73,39,0,0,0
2021-03-31 19:15,106,56,50,0,0,0
2021-03-31 19:30,74,43,31,0,0,0
2021-03-31 19:45,50,30,20,0,0,0
2021-03-31 20:00,82,39,43,0,0,0
2021-03-31 20:15,64,32,32,0,0,0
2021-03-31 20:30,59,21,38,0,0,0
2021-03-31 20:45,51,20,31,0,0,0
2021-03-31 21:00,40,23,17,0,0,0
2021-03-31 21:15,44,21,23,0,0,0
2021-03-31 21:30,43,13,30,0,0,0
2021-03-31 21:45,25,12,13,0,0,0
2021-03-31 22:00,26,16,10,0,0,0
2021-03-31 22:15,38,26,12,0,0,0
2021-03-31 22:30,19,6,13,0,0,0
2021-03-31 22:45,18,5,13,0,0,0
2021-03-31 23:00,27,15,12,0,0,0
2021-03-31 23:15,9,3,6,0,0,0
2021-03-31 23:30,13,6,7,0,0,0
2021-03-31 23:45,16,10,6,0,0,0
