Datetime,100031300 (HafenstraÃŸe),101031300 (Channel 1 IN),102031300 (Channel 2 OUT),100031300-status,101031300-status,102031300-status
2020-08-01 00:00,61,28,33,0,0,0
2020-08-01 00:15,62,19,43,0,0,0
2020-08-01 00:30,72,44,28,0,0,0
2020-08-01 00:45,39,18,21,0,0,0
2020-08-01 01:00,52,20,32,0,0,0
2020-08-01 01:15,32,9,23,0,0,0
2020-08-01 01:30,27,6,21,0,0,0
2020-08-01 01:45,42,13,29,0,0,0
2020-08-01 02:00,23,12,11,0,0,0
2020-08-01 02:15,38,7,31,0,0,0
2020-08-01 02:30,34,15,19,0,0,0
2020-08-01 02:45,24,2,22,0,0,0
2020-08-01 03:00,31,10,21,0,0,0
2020-08-01 03:15,10,7,3,0,0,0
2020-08-01 03:30,9,2,7,0,0,0
2020-08-01 03:45,18,6,12,0,0,0
2020-08-01 04:00,13,3,10,0,0,0
2020-08-01 04:15,9,5,4,0,0,0
2020-08-01 04:30,20,6,14,0,0,0
2020-08-01 04:45,8,1,7,0,0,0
2020-08-01 05:00,1,1,0,0,0,0
2020-08-01 05:15,5,2,3,0,0,0
2020-08-01 05:30,7,1,6,0,0,0
2020-08-01 05:45,11,7,4,0,0,0
2020-08-01 06:00,3,0,3,0,0,0
2020-08-01 06:15,10,4,6,0,0,0
2020-08-01 06:30,9,5,4,0,0,0
2020-08-01 06:45,8,0,8,0,0,0
2020-08-01 07:00,17,10,7,0,0,0
2020-08-01 07:15,15,9,6,0,0,0
2020-08-01 07:30,30,24,6,0,0,0
2020-08-01 07:45,82,72,10,0,0,0
2020-08-01 08:00,44,36,8,0,0,0
2020-08-01 08:15,23,11,12,0,0,0
2020-08-01 08:30,27,14,13,0,0,0
2020-08-01 08:45,41,26,15,0,0,0
2020-08-01 09:00,39,23,16,0,0,0
2020-08-01 09:15,36,11,25,0,0,0
2020-08-01 09:30,46,19,27,0,0,0
2020-08-01 09:45,67,31,36,0,0,0
2020-08-01 10:00,63,31,32,0,0,0
2020-08-01 10:15,68,39,29,0,0,0
2020-08-01 10:30,65,32,33,0,0,0
2020-08-01 10:45,158,30,128,0,0,0
2020-08-01 11:00,73,32,41,0,0,0
2020-08-01 11:15,54,31,23,0,0,0
2020-08-01 11:30,58,22,36,0,0,0
2020-08-01 11:45,68,28,40,0,0,0
2020-08-01 12:00,67,30,37,0,0,0
2020-08-01 12:15,78,42,36,0,0,0
2020-08-01 12:30,70,29,41,0,0,0
2020-08-01 12:45,84,43,41,0,0,0
2020-08-01 13:00,81,47,34,0,0,0
2020-08-01 13:15,79,42,37,0,0,0
2020-08-01 13:30,76,46,30,0,0,0
2020-08-01 13:45,79,45,34,0,0,0
2020-08-01 14:00,115,68,47,0,0,0
2020-08-01 14:15,112,48,64,0,0,0
2020-08-01 14:30,97,64,33,0,0,0
2020-08-01 14:45,94,38,56,0,0,0
2020-08-01 15:00,90,51,39,0,0,0
2020-08-01 15:15,89,44,45,0,0,0
2020-08-01 15:30,92,48,44,0,0,0
2020-08-01 15:45,113,62,51,0,0,0
2020-08-01 16:00,80,58,22,0,0,0
2020-08-01 16:15,101,56,45,0,0,0
2020-08-01 16:30,86,46,40,0,0,0
2020-08-01 16:45,77,35,42,0,0,0
2020-08-01 17:00,101,58,43,0,0,0
2020-08-01 17:15,90,51,39,0,0,0
2020-08-01 17:30,94,59,35,0,0,0
2020-08-01 17:45,99,64,35,0,0,0
2020-08-01 18:00,99,62,37,0,0,0
2020-08-01 18:15,101,52,49,0,0,0
2020-08-01 18:30,114,71,43,0,0,0
2020-08-01 18:45,121,68,53,0,0,0
2020-08-01 19:00,80,51,29,0,0,0
2020-08-01 19:15,104,54,50,0,0,0
2020-08-01 19:30,83,34,49,0,0,0
2020-08-01 19:45,89,37,52,0,0,0
2020-08-01 20:00,95,47,48,0,0,0
2020-08-01 20:15,68,39,29,0,0,0
2020-08-01 20:30,82,36,46,0,0,0
2020-08-01 20:45,77,44,33,0,0,0
2020-08-01 21:00,70,30,40,0,0,0
2020-08-01 21:15,65,27,38,0,0,0
2020-08-01 21:30,76,32,44,0,0,0
2020-08-01 21:45,52,31,21,0,0,0
2020-08-01 22:00,79,31,48,0,0,0
2020-08-01 22:15,47,12,35,0,0,0
2020-08-01 22:30,61,24,37,0,0,0
2020-08-01 22:45,43,15,28,0,0,0
2020-08-01 23:00,53,21,32,0,0,0
2020-08-01 23:15,37,16,21,0,0,0
2020-08-01 23:30,57,21,36,0,0,0
2020-08-01 23:45,75,42,33,0,0,0
2020-08-02 00:00,71,24,47,0,0,0
2020-08-02 00:15,35,17,18,0,0,0
2020-08-02 00:30,27,10,17,0,0,0
2020-08-02 00:45,31,10,21,0,0,0
2020-08-02 01:00,57,29,28,0,0,0
2020-08-02 01:15,26,7,19,0,0,0
2020-08-02 01:30,39,15,24,0,0,0
2020-08-02 01:45,27,13,14,0,0,0
2020-08-02 02:00,33,9,24,0,0,0
2020-08-02 02:15,26,11,15,0,0,0
2020-08-02 02:30,19,4,15,0,0,0
2020-08-02 02:45,17,5,12,0,0,0
2020-08-02 03:00,12,5,7,0,0,0
2020-08-02 03:15,6,1,5,0,0,0
2020-08-02 03:30,10,5,5,0,0,0
2020-08-02 03:45,8,1,7,0,0,0
2020-08-02 04:00,25,4,21,0,0,0
2020-08-02 04:15,10,1,9,0,0,0
2020-08-02 04:30,9,4,5,0,0,0
2020-08-02 04:45,7,2,5,0,0,0
2020-08-02 05:00,12,2,10,0,0,0
2020-08-02 05:15,7,2,5,0,0,0
2020-08-02 05:30,6,2,4,0,0,0
2020-08-02 05:45,3,0,3,0,0,0
2020-08-02 06:00,2,1,1,0,0,0
2020-08-02 06:15,13,2,11,0,0,0
2020-08-02 06:30,4,2,2,0,0,0
2020-08-02 06:45,11,2,9,0,0,0
2020-08-02 07:00,4,1,3,0,0,0
2020-08-02 07:15,1,0,1,0,0,0
2020-08-02 07:30,13,6,7,0,0,0
2020-08-02 07:45,5,2,3,0,0,0
2020-08-02 08:00,13,5,8,0,0,0
2020-08-02 08:15,3,1,2,0,0,0
2020-08-02 08:30,6,4,2,0,0,0
2020-08-02 08:45,17,5,12,0,0,0
2020-08-02 09:00,11,3,8,0,0,0
2020-08-02 09:15,22,5,17,0,0,0
2020-08-02 09:30,26,12,14,0,0,0
2020-08-02 09:45,46,22,24,0,0,0
2020-08-02 10:00,25,10,15,0,0,0
2020-08-02 10:15,47,35,12,0,0,0
2020-08-02 10:30,44,28,16,0,0,0
2020-08-02 10:45,61,33,28,0,0,0
2020-08-02 11:00,49,33,16,0,0,0
2020-08-02 11:15,46,26,20,0,0,0
2020-08-02 11:30,72,37,35,0,0,0
2020-08-02 11:45,64,43,21,0,0,0
2020-08-02 12:00,54,27,27,0,0,0
2020-08-02 12:15,96,51,45,0,0,0
2020-08-02 12:30,62,31,31,0,0,0
2020-08-02 12:45,55,26,29,0,0,0
2020-08-02 13:00,70,33,37,0,0,0
2020-08-02 13:15,87,56,31,0,0,0
2020-08-02 13:30,67,29,38,0,0,0
2020-08-02 13:45,95,48,47,0,0,0
2020-08-02 14:00,63,34,29,0,0,0
2020-08-02 14:15,100,61,39,0,0,0
2020-08-02 14:30,76,33,43,0,0,0
2020-08-02 14:45,103,38,65,0,0,0
2020-08-02 15:00,83,30,53,0,0,0
2020-08-02 15:15,93,48,45,0,0,0
2020-08-02 15:30,71,42,29,0,0,0
2020-08-02 15:45,99,49,50,0,0,0
2020-08-02 16:00,85,41,44,0,0,0
2020-08-02 16:15,69,33,36,0,0,0
2020-08-02 16:30,102,39,63,0,0,0
2020-08-02 16:45,107,47,60,0,0,0
2020-08-02 17:00,87,44,43,0,0,0
2020-08-02 17:15,87,43,44,0,0,0
2020-08-02 17:30,101,48,53,0,0,0
2020-08-02 17:45,71,35,36,0,0,0
2020-08-02 18:00,72,24,48,0,0,0
2020-08-02 18:15,93,40,53,0,0,0
2020-08-02 18:30,86,46,40,0,0,0
2020-08-02 18:45,66,34,32,0,0,0
2020-08-02 19:00,81,40,41,0,0,0
2020-08-02 19:15,66,36,30,0,0,0
2020-08-02 19:30,97,37,60,0,0,0
2020-08-02 19:45,81,42,39,0,0,0
2020-08-02 20:00,80,33,47,0,0,0
2020-08-02 20:15,77,32,45,0,0,0
2020-08-02 20:30,53,22,31,0,0,0
2020-08-02 20:45,67,27,40,0,0,0
2020-08-02 21:00,76,24,52,0,0,0
2020-08-02 21:15,37,12,25,0,0,0
2020-08-02 21:30,46,23,23,0,0,0
2020-08-02 21:45,59,30,29,0,0,0
2020-08-02 22:00,56,24,32,0,0,0
2020-08-02 22:15,37,16,21,0,0,0
2020-08-02 22:30,25,7,18,0,0,0
2020-08-02 22:45,28,19,9,0,0,0
2020-08-02 23:00,15,7,8,0,0,0
2020-08-02 23:15,18,9,9,0,0,0
2020-08-02 23:30,20,13,7,0,0,0
2020-08-02 23:45,17,7,10,0,0,0
2020-08-03 00:00,22,5,17,0,0,0
2020-08-03 00:15,10,2,8,0,0,0
2020-08-03 00:30,7,3,4,0,0,0
2020-08-03 00:45,5,3,2,0,0,0
2020-08-03 01:00,5,5,0,0,0,0
2020-08-03 01:15,6,5,1,0,0,0
2020-08-03 01:30,5,1,4,0,0,0
2020-08-03 01:45,6,3,3,0,0,0
2020-08-03 02:00,1,0,1,0,0,0
2020-08-03 02:15,0,0,0,0,0,0
2020-08-03 02:30,0,0,0,0,0,0
2020-08-03 02:45,1,1,0,0,0,0
2020-08-03 03:00,1,1,0,0,0,0
2020-08-03 03:15,4,1,3,0,0,0
2020-08-03 03:30,3,1,2,0,0,0
2020-08-03 03:45,1,0,1,0,0,0
2020-08-03 04:00,3,1,2,0,0,0
2020-08-03 04:15,0,0,0,0,0,0
2020-08-03 04:30,4,3,1,0,0,0
2020-08-03 04:45,3,2,1,0,0,0
2020-08-03 05:00,1,0,1,0,0,0
2020-08-03 05:15,9,5,4,0,0,0
2020-08-03 05:30,15,3,12,0,0,0
2020-08-03 05:45,23,11,12,0,0,0
2020-08-03 06:00,25,8,17,0,0,0
2020-08-03 06:15,37,20,17,0,0,0
2020-08-03 06:30,46,15,31,0,0,0
2020-08-03 06:45,68,37,31,0,0,0
2020-08-03 07:00,72,43,29,0,0,0
2020-08-03 07:15,93,47,46,0,0,0
2020-08-03 07:30,112,56,56,0,0,0
2020-08-03 07:45,118,65,53,0,0,0
2020-08-03 08:00,112,63,49,0,0,0
2020-08-03 08:15,122,64,58,0,0,0
2020-08-03 08:30,128,65,63,0,0,0
2020-08-03 08:45,115,59,56,0,0,0
2020-08-03 09:00,93,36,57,0,0,0
2020-08-03 09:15,81,44,37,0,0,0
2020-08-03 09:30,82,33,49,0,0,0
2020-08-03 09:45,88,44,44,0,0,0
2020-08-03 10:00,86,40,46,0,0,0
2020-08-03 10:15,100,49,51,0,0,0
2020-08-03 10:30,90,43,47,0,0,0
2020-08-03 10:45,99,36,63,0,0,0
2020-08-03 11:00,103,55,48,0,0,0
2020-08-03 11:15,120,68,52,0,0,0
2020-08-03 11:30,90,40,50,0,0,0
2020-08-03 11:45,104,45,59,0,0,0
2020-08-03 12:00,119,65,54,0,0,0
2020-08-03 12:15,84,34,50,0,0,0
2020-08-03 12:30,82,21,61,0,0,0
2020-08-03 12:45,125,56,69,0,0,0
2020-08-03 13:00,104,65,39,0,0,0
2020-08-03 13:15,97,45,52,0,0,0
2020-08-03 13:30,97,53,44,0,0,0
2020-08-03 13:45,143,69,74,0,0,0
2020-08-03 14:00,114,48,66,0,0,0
2020-08-03 14:15,130,69,61,0,0,0
2020-08-03 14:30,128,56,72,0,0,0
2020-08-03 14:45,136,59,77,0,0,0
2020-08-03 15:00,115,43,72,0,0,0
2020-08-03 15:15,111,50,61,0,0,0
2020-08-03 15:30,133,65,68,0,0,0
2020-08-03 15:45,149,79,70,0,0,0
2020-08-03 16:00,174,103,71,0,0,0
2020-08-03 16:15,151,77,74,0,0,0
2020-08-03 16:30,146,66,80,0,0,0
2020-08-03 16:45,154,77,77,0,0,0
2020-08-03 17:00,173,82,91,0,0,0
2020-08-03 17:15,161,74,87,0,0,0
2020-08-03 17:30,149,76,73,0,0,0
2020-08-03 17:45,148,66,82,0,0,0
2020-08-03 18:00,157,72,85,0,0,0
2020-08-03 18:15,158,91,67,0,0,0
2020-08-03 18:30,129,69,60,0,0,0
2020-08-03 18:45,131,82,49,0,0,0
2020-08-03 19:00,125,74,51,0,0,0
2020-08-03 19:15,108,66,42,0,0,0
2020-08-03 19:30,98,48,50,0,0,0
2020-08-03 19:45,108,55,53,0,0,0
2020-08-03 20:00,94,43,51,0,0,0
2020-08-03 20:15,69,30,39,0,0,0
2020-08-03 20:30,71,35,36,0,0,0
2020-08-03 20:45,59,22,37,0,0,0
2020-08-03 21:00,74,27,47,0,0,0
2020-08-03 21:15,51,17,34,0,0,0
2020-08-03 21:30,56,16,40,0,0,0
2020-08-03 21:45,58,30,28,0,0,0
2020-08-03 22:00,49,23,26,0,0,0
2020-08-03 22:15,39,21,18,0,0,0
2020-08-03 22:30,38,13,25,0,0,0
2020-08-03 22:45,29,12,17,0,0,0
2020-08-03 23:00,30,13,17,0,0,0
2020-08-03 23:15,27,13,14,0,0,0
2020-08-03 23:30,18,5,13,0,0,0
2020-08-03 23:45,31,16,15,0,0,0
2020-08-04 00:00,15,4,11,0,0,0
2020-08-04 00:15,14,3,11,0,0,0
2020-08-04 00:30,6,1,5,0,0,0
2020-08-04 00:45,6,1,5,0,0,0
2020-08-04 01:00,6,3,3,0,0,0
2020-08-04 01:15,8,4,4,0,0,0
2020-08-04 01:30,11,2,9,0,0,0
2020-08-04 01:45,6,4,2,0,0,0
2020-08-04 02:00,6,4,2,0,0,0
2020-08-04 02:15,6,5,1,0,0,0
2020-08-04 02:30,4,0,4,0,0,0
2020-08-04 02:45,0,0,0,0,0,0
2020-08-04 03:00,7,1,6,0,0,0
2020-08-04 03:15,0,0,0,0,0,0
2020-08-04 03:30,3,1,2,0,0,0
2020-08-04 03:45,4,2,2,0,0,0
2020-08-04 04:00,2,1,1,0,0,0
2020-08-04 04:15,2,2,0,0,0,0
2020-08-04 04:30,4,0,4,0,0,0
2020-08-04 04:45,7,3,4,0,0,0
2020-08-04 05:00,4,3,1,0,0,0
2020-08-04 05:15,8,5,3,0,0,0
2020-08-04 05:30,19,8,11,0,0,0
2020-08-04 05:45,22,8,14,0,0,0
2020-08-04 06:00,25,12,13,0,0,0
2020-08-04 06:15,31,13,18,0,0,0
2020-08-04 06:30,48,26,22,0,0,0
2020-08-04 06:45,58,35,23,0,0,0
2020-08-04 07:00,66,39,27,0,0,0
2020-08-04 07:15,84,50,34,0,0,0
2020-08-04 07:30,116,65,51,0,0,0
2020-08-04 07:45,162,92,70,0,0,0
2020-08-04 08:00,129,85,44,0,0,0
2020-08-04 08:15,122,67,55,0,0,0
2020-08-04 08:30,106,51,55,0,0,0
2020-08-04 08:45,122,62,60,0,0,0
2020-08-04 09:00,96,49,47,0,0,0
2020-08-04 09:15,87,37,50,0,0,0
2020-08-04 09:30,70,35,35,0,0,0
2020-08-04 09:45,115,40,75,0,0,0
2020-08-04 10:00,93,37,56,0,0,0
2020-08-04 10:15,97,49,48,0,0,0
2020-08-04 10:30,104,44,60,0,0,0
2020-08-04 10:45,111,56,55,0,0,0
2020-08-04 11:00,95,49,46,0,0,0
2020-08-04 11:15,139,93,46,0,0,0
2020-08-04 11:30,108,60,48,0,0,0
2020-08-04 11:45,89,43,46,0,0,0
2020-08-04 12:00,107,45,62,0,0,0
2020-08-04 12:15,106,49,57,0,0,0
2020-08-04 12:30,115,54,61,0,0,0
2020-08-04 12:45,112,62,50,0,0,0
2020-08-04 13:00,123,68,55,0,0,0
2020-08-04 13:15,99,64,35,0,0,0
2020-08-04 13:30,130,69,61,0,0,0
2020-08-04 13:45,183,69,114,0,0,0
2020-08-04 14:00,137,55,82,0,0,0
2020-08-04 14:15,115,63,52,0,0,0
2020-08-04 14:30,118,54,64,0,0,0
2020-08-04 14:45,118,48,70,0,0,0
2020-08-04 15:00,142,65,77,0,0,0
2020-08-04 15:15,153,67,86,0,0,0
2020-08-04 15:30,130,63,67,0,0,0
2020-08-04 15:45,156,87,69,0,0,0
2020-08-04 16:00,175,91,84,0,0,0
2020-08-04 16:15,181,84,97,0,0,0
2020-08-04 16:30,181,109,72,0,0,0
2020-08-04 16:45,162,80,82,0,0,0
2020-08-04 17:00,190,84,106,0,0,0
2020-08-04 17:15,176,73,103,0,0,0
2020-08-04 17:30,146,66,80,0,0,0
2020-08-04 17:45,184,94,90,0,0,0
2020-08-04 18:00,158,91,67,0,0,0
2020-08-04 18:15,139,73,66,0,0,0
2020-08-04 18:30,163,88,75,0,0,0
2020-08-04 18:45,168,98,70,0,0,0
2020-08-04 19:00,151,74,77,0,0,0
2020-08-04 19:15,109,58,51,0,0,0
2020-08-04 19:30,117,67,50,0,0,0
2020-08-04 19:45,101,56,45,0,0,0
2020-08-04 20:00,94,44,50,0,0,0
2020-08-04 20:15,94,45,49,0,0,0
2020-08-04 20:30,93,42,51,0,0,0
2020-08-04 20:45,66,33,33,0,0,0
2020-08-04 21:00,102,40,62,0,0,0
2020-08-04 21:15,86,35,51,0,0,0
2020-08-04 21:30,93,44,49,0,0,0
2020-08-04 21:45,82,39,43,0,0,0
2020-08-04 22:00,61,21,40,0,0,0
2020-08-04 22:15,46,22,24,0,0,0
2020-08-04 22:30,57,23,34,0,0,0
2020-08-04 22:45,49,21,28,0,0,0
2020-08-04 23:00,31,15,16,0,0,0
2020-08-04 23:15,35,20,15,0,0,0
2020-08-04 23:30,25,11,14,0,0,0
2020-08-04 23:45,26,13,13,0,0,0
2020-08-05 00:00,33,23,10,0,0,0
2020-08-05 00:15,18,11,7,0,0,0
2020-08-05 00:30,7,3,4,0,0,0
2020-08-05 00:45,16,7,9,0,0,0
2020-08-05 01:00,13,6,7,0,0,0
2020-08-05 01:15,16,8,8,0,0,0
2020-08-05 01:30,11,2,9,0,0,0
2020-08-05 01:45,15,2,13,0,0,0
2020-08-05 02:00,7,3,4,0,0,0
2020-08-05 02:15,3,2,1,0,0,0
2020-08-05 02:30,12,1,11,0,0,0
2020-08-05 02:45,1,1,0,0,0,0
2020-08-05 03:00,6,2,4,0,0,0
2020-08-05 03:15,7,0,7,0,0,0
2020-08-05 03:30,3,0,3,0,0,0
2020-08-05 03:45,5,2,3,0,0,0
2020-08-05 04:00,4,3,1,0,0,0
2020-08-05 04:15,1,0,1,0,0,0
2020-08-05 04:30,2,1,1,0,0,0
2020-08-05 04:45,3,2,1,0,0,0
2020-08-05 05:00,6,3,3,0,0,0
2020-08-05 05:15,8,1,7,0,0,0
2020-08-05 05:30,15,6,9,0,0,0
2020-08-05 05:45,26,11,15,0,0,0
2020-08-05 06:00,19,7,12,0,0,0
2020-08-05 06:15,43,23,20,0,0,0
2020-08-05 06:30,47,21,26,0,0,0
2020-08-05 06:45,61,27,34,0,0,0
2020-08-05 07:00,80,49,31,0,0,0
2020-08-05 07:15,93,56,37,0,0,0
2020-08-05 07:30,114,65,49,0,0,0
2020-08-05 07:45,122,73,49,0,0,0
2020-08-05 08:00,124,79,45,0,0,0
2020-08-05 08:15,100,52,48,0,0,0
2020-08-05 08:30,101,44,57,0,0,0
2020-08-05 08:45,125,62,63,0,0,0
2020-08-05 09:00,95,37,58,0,0,0
2020-08-05 09:15,88,34,54,0,0,0
2020-08-05 09:30,88,49,39,0,0,0
2020-08-05 09:45,117,54,63,0,0,0
2020-08-05 10:00,92,36,56,0,0,0
2020-08-05 10:15,104,57,47,0,0,0
2020-08-05 10:30,97,42,55,0,0,0
2020-08-05 10:45,116,53,63,0,0,0
2020-08-05 11:00,94,44,50,0,0,0
2020-08-05 11:15,120,72,48,0,0,0
2020-08-05 11:30,126,65,61,0,0,0
2020-08-05 11:45,128,55,73,0,0,0
2020-08-05 12:00,116,62,54,0,0,0
2020-08-05 12:15,121,53,68,0,0,0
2020-08-05 12:30,124,55,69,0,0,0
2020-08-05 12:45,139,70,69,0,0,0
2020-08-05 13:00,165,76,89,0,0,0
2020-08-05 13:15,119,47,72,0,0,0
2020-08-05 13:30,120,62,58,0,0,0
2020-08-05 13:45,134,75,59,0,0,0
2020-08-05 14:00,127,65,62,0,0,0
2020-08-05 14:15,112,62,50,0,0,0
2020-08-05 14:30,113,63,50,0,0,0
2020-08-05 14:45,126,67,59,0,0,0
2020-08-05 15:00,121,60,61,0,0,0
2020-08-05 15:15,140,72,68,0,0,0
2020-08-05 15:30,134,94,40,0,0,0
2020-08-05 15:45,140,90,50,0,0,0
2020-08-05 16:00,173,101,72,0,0,0
2020-08-05 16:15,162,87,75,0,0,0
2020-08-05 16:30,149,81,68,0,0,0
2020-08-05 16:45,161,87,74,0,0,0
2020-08-05 17:00,187,84,103,0,0,0
2020-08-05 17:15,201,121,80,0,0,0
2020-08-05 17:30,164,81,83,0,0,0
2020-08-05 17:45,193,105,88,0,0,0
2020-08-05 18:00,150,74,76,0,0,0
2020-08-05 18:15,178,78,100,0,0,0
2020-08-05 18:30,174,91,83,0,0,0
2020-08-05 18:45,181,107,74,0,0,0
2020-08-05 19:00,144,83,61,0,0,0
2020-08-05 19:15,135,72,63,0,0,0
2020-08-05 19:30,115,55,60,0,0,0
2020-08-05 19:45,125,75,50,0,0,0
2020-08-05 20:00,139,59,80,0,0,0
2020-08-05 20:15,113,54,59,0,0,0
2020-08-05 20:30,94,26,68,0,0,0
2020-08-05 20:45,110,33,77,0,0,0
2020-08-05 21:00,111,44,67,0,0,0
2020-08-05 21:15,99,29,70,0,0,0
2020-08-05 21:30,85,37,48,0,0,0
2020-08-05 21:45,110,48,62,0,0,0
2020-08-05 22:00,84,28,56,0,0,0
2020-08-05 22:15,91,31,60,0,0,0
2020-08-05 22:30,56,25,31,0,0,0
2020-08-05 22:45,47,16,31,0,0,0
2020-08-05 23:00,33,9,24,0,0,0
2020-08-05 23:15,58,32,26,0,0,0
2020-08-05 23:30,45,16,29,0,0,0
2020-08-05 23:45,32,17,15,0,0,0
2020-08-06 00:00,34,17,17,0,0,0
2020-08-06 00:15,54,15,39,0,0,0
2020-08-06 00:30,21,3,18,0,0,0
2020-08-06 00:45,15,7,8,0,0,0
2020-08-06 01:00,9,3,6,0,0,0
2020-08-06 01:15,18,6,12,0,0,0
2020-08-06 01:30,17,5,12,0,0,0
2020-08-06 01:45,8,6,2,0,0,0
2020-08-06 02:00,10,1,9,0,0,0
2020-08-06 02:15,10,4,6,0,0,0
2020-08-06 02:30,3,1,2,0,0,0
2020-08-06 02:45,2,0,2,0,0,0
2020-08-06 03:00,3,1,2,0,0,0
2020-08-06 03:15,1,0,1,0,0,0
2020-08-06 03:30,4,3,1,0,0,0
2020-08-06 03:45,3,3,0,0,0,0
2020-08-06 04:00,5,2,3,0,0,0
2020-08-06 04:15,0,0,0,0,0,0
2020-08-06 04:30,3,3,0,0,0,0
2020-08-06 04:45,9,3,6,0,0,0
2020-08-06 05:00,7,2,5,0,0,0
2020-08-06 05:15,11,7,4,0,0,0
2020-08-06 05:30,17,4,13,0,0,0
2020-08-06 05:45,18,8,10,0,0,0
2020-08-06 06:00,26,15,11,0,0,0
2020-08-06 06:15,35,13,22,0,0,0
2020-08-06 06:30,53,23,30,0,0,0
2020-08-06 06:45,62,39,23,0,0,0
2020-08-06 07:00,85,53,32,0,0,0
2020-08-06 07:15,89,47,42,0,0,0
2020-08-06 07:30,96,57,39,0,0,0
2020-08-06 07:45,110,63,47,0,0,0
2020-08-06 08:00,110,62,48,0,0,0
2020-08-06 08:15,124,63,61,0,0,0
2020-08-06 08:30,93,40,53,0,0,0
2020-08-06 08:45,125,61,64,0,0,0
2020-08-06 09:00,111,54,57,0,0,0
2020-08-06 09:15,97,44,53,0,0,0
2020-08-06 09:30,95,45,50,0,0,0
2020-08-06 09:45,110,40,70,0,0,0
2020-08-06 10:00,66,36,30,0,0,0
2020-08-06 10:15,75,34,41,0,0,0
2020-08-06 10:30,99,50,49,0,0,0
2020-08-06 10:45,100,55,45,0,0,0
2020-08-06 11:00,83,50,33,0,0,0
2020-08-06 11:15,106,67,39,0,0,0
2020-08-06 11:30,117,61,56,0,0,0
2020-08-06 11:45,89,40,49,0,0,0
2020-08-06 12:00,102,57,45,0,0,0
2020-08-06 12:15,103,44,59,0,0,0
2020-08-06 12:30,99,38,61,0,0,0
2020-08-06 12:45,118,65,53,0,0,0
2020-08-06 13:00,101,57,44,0,0,0
2020-08-06 13:15,131,76,55,0,0,0
2020-08-06 13:30,122,65,57,0,0,0
2020-08-06 13:45,147,74,73,0,0,0
2020-08-06 14:00,117,61,56,0,0,0
2020-08-06 14:15,128,77,51,0,0,0
2020-08-06 14:30,107,61,46,0,0,0
2020-08-06 14:45,131,68,63,0,0,0
2020-08-06 15:00,134,61,73,0,0,0
2020-08-06 15:15,125,70,55,0,0,0
2020-08-06 15:30,147,94,53,0,0,0
2020-08-06 15:45,133,80,53,0,0,0
2020-08-06 16:00,174,91,83,0,0,0
2020-08-06 16:15,167,87,80,0,0,0
2020-08-06 16:30,182,98,84,0,0,0
2020-08-06 16:45,176,88,88,0,0,0
2020-08-06 17:00,179,91,88,0,0,0
2020-08-06 17:15,183,102,81,0,0,0
2020-08-06 17:30,162,93,69,0,0,0
2020-08-06 17:45,192,100,92,0,0,0
2020-08-06 18:00,185,112,73,0,0,0
2020-08-06 18:15,171,85,86,0,0,0
2020-08-06 18:30,137,84,53,0,0,0
2020-08-06 18:45,173,89,84,0,0,0
2020-08-06 19:00,134,70,64,0,0,0
2020-08-06 19:15,130,61,69,0,0,0
2020-08-06 19:30,130,63,67,0,0,0
2020-08-06 19:45,133,64,69,0,0,0
2020-08-06 20:00,134,53,81,0,0,0
2020-08-06 20:15,137,67,70,0,0,0
2020-08-06 20:30,98,36,62,0,0,0
2020-08-06 20:45,112,52,60,0,0,0
2020-08-06 21:00,121,47,74,0,0,0
2020-08-06 21:15,101,31,70,0,0,0
2020-08-06 21:30,92,37,55,0,0,0
2020-08-06 21:45,77,27,50,0,0,0
2020-08-06 22:00,79,21,58,0,0,0
2020-08-06 22:15,72,24,48,0,0,0
2020-08-06 22:30,73,32,41,0,0,0
2020-08-06 22:45,58,21,37,0,0,0
2020-08-06 23:00,64,22,42,0,0,0
2020-08-06 23:15,51,20,31,0,0,0
2020-08-06 23:30,30,14,16,0,0,0
2020-08-06 23:45,48,8,40,0,0,0
2020-08-07 00:00,37,3,34,0,0,0
2020-08-07 00:15,41,22,19,0,0,0
2020-08-07 00:30,23,11,12,0,0,0
2020-08-07 00:45,13,1,12,0,0,0
2020-08-07 01:00,16,7,9,0,0,0
2020-08-07 01:15,22,6,16,0,0,0
2020-08-07 01:30,16,8,8,0,0,0
2020-08-07 01:45,15,5,10,0,0,0
2020-08-07 02:00,3,2,1,0,0,0
2020-08-07 02:15,10,5,5,0,0,0
2020-08-07 02:30,4,1,3,0,0,0
2020-08-07 02:45,5,2,3,0,0,0
2020-08-07 03:00,7,1,6,0,0,0
2020-08-07 03:15,3,1,2,0,0,0
2020-08-07 03:30,4,2,2,0,0,0
2020-08-07 03:45,2,0,2,0,0,0
2020-08-07 04:00,3,1,2,0,0,0
2020-08-07 04:15,1,0,1,0,0,0
2020-08-07 04:30,2,0,2,0,0,0
2020-08-07 04:45,9,3,6,0,0,0
2020-08-07 05:00,1,1,0,0,0,0
2020-08-07 05:15,20,5,15,0,0,0
2020-08-07 05:30,14,8,6,0,0,0
2020-08-07 05:45,17,8,9,0,0,0
2020-08-07 06:00,23,9,14,0,0,0
2020-08-07 06:15,35,14,21,0,0,0
2020-08-07 06:30,55,25,30,0,0,0
2020-08-07 06:45,54,30,24,0,0,0
2020-08-07 07:00,64,30,34,0,0,0
2020-08-07 07:15,94,45,49,0,0,0
2020-08-07 07:30,106,47,59,0,0,0
2020-08-07 07:45,107,60,47,0,0,0
2020-08-07 08:00,96,51,45,0,0,0
2020-08-07 08:15,84,42,42,0,0,0
2020-08-07 08:30,103,52,51,0,0,0
2020-08-07 08:45,118,50,68,0,0,0
2020-08-07 09:00,69,33,36,0,0,0
2020-08-07 09:15,76,39,37,0,0,0
2020-08-07 09:30,90,44,46,0,0,0
2020-08-07 09:45,94,46,48,0,0,0
2020-08-07 10:00,86,28,58,0,0,0
2020-08-07 10:15,81,36,45,0,0,0
2020-08-07 10:30,96,40,56,0,0,0
2020-08-07 10:45,124,55,69,0,0,0
2020-08-07 11:00,121,53,68,0,0,0
2020-08-07 11:15,116,52,64,0,0,0
2020-08-07 11:30,94,45,49,0,0,0
2020-08-07 11:45,110,51,59,0,0,0
2020-08-07 12:00,132,63,69,0,0,0
2020-08-07 12:15,112,54,58,0,0,0
2020-08-07 12:30,127,68,59,0,0,0
2020-08-07 12:45,120,56,64,0,0,0
2020-08-07 13:00,139,67,72,0,0,0
2020-08-07 13:15,122,63,59,0,0,0
2020-08-07 13:30,103,51,52,0,0,0
2020-08-07 13:45,116,66,50,0,0,0
2020-08-07 14:00,128,66,62,0,0,0
2020-08-07 14:15,134,78,56,0,0,0
2020-08-07 14:30,119,70,49,0,0,0
2020-08-07 14:45,129,73,56,0,0,0
2020-08-07 15:00,120,72,48,0,0,0
2020-08-07 15:15,157,91,66,0,0,0
2020-08-07 15:30,132,88,44,0,0,0
2020-08-07 15:45,121,62,59,0,0,0
2020-08-07 16:00,132,77,55,0,0,0
2020-08-07 16:15,142,74,68,0,0,0
2020-08-07 16:30,117,66,51,0,0,0
2020-08-07 16:45,140,69,71,0,0,0
2020-08-07 17:00,129,67,62,0,0,0
2020-08-07 17:15,127,62,65,0,0,0
2020-08-07 17:30,124,63,61,0,0,0
2020-08-07 17:45,154,81,73,0,0,0
2020-08-07 18:00,126,72,54,0,0,0
2020-08-07 18:15,141,80,61,0,0,0
2020-08-07 18:30,127,69,58,0,0,0
2020-08-07 18:45,129,63,66,0,0,0
2020-08-07 19:00,113,46,67,0,0,0
2020-08-07 19:15,117,63,54,0,0,0
2020-08-07 19:30,113,66,47,0,0,0
2020-08-07 19:45,112,60,52,0,0,0
2020-08-07 20:00,140,64,76,0,0,0
2020-08-07 20:15,124,67,57,0,0,0
2020-08-07 20:30,92,43,49,0,0,0
2020-08-07 20:45,113,53,60,0,0,0
2020-08-07 21:00,101,37,64,0,0,0
2020-08-07 21:15,97,42,55,0,0,0
2020-08-07 21:30,94,31,63,0,0,0
2020-08-07 21:45,91,29,62,0,0,0
2020-08-07 22:00,69,30,39,0,0,0
2020-08-07 22:15,74,25,49,0,0,0
2020-08-07 22:30,66,26,40,0,0,0
2020-08-07 22:45,72,35,37,0,0,0
2020-08-07 23:00,57,28,29,0,0,0
2020-08-07 23:15,66,24,42,0,0,0
2020-08-07 23:30,70,36,34,0,0,0
2020-08-07 23:45,61,25,36,0,0,0
2020-08-08 00:00,58,20,38,0,0,0
2020-08-08 00:15,49,16,33,0,0,0
2020-08-08 00:30,55,12,43,0,0,0
2020-08-08 00:45,57,22,35,0,0,0
2020-08-08 01:00,44,10,34,0,0,0
2020-08-08 01:15,53,12,41,0,0,0
2020-08-08 01:30,33,11,22,0,0,0
2020-08-08 01:45,37,8,29,0,0,0
2020-08-08 02:00,32,13,19,0,0,0
2020-08-08 02:15,27,6,21,0,0,0
2020-08-08 02:30,15,5,10,0,0,0
2020-08-08 02:45,11,2,9,0,0,0
2020-08-08 03:00,21,9,12,0,0,0
2020-08-08 03:15,12,4,8,0,0,0
2020-08-08 03:30,16,3,13,0,0,0
2020-08-08 03:45,13,3,10,0,0,0
2020-08-08 04:00,8,4,4,0,0,0
2020-08-08 04:15,17,6,11,0,0,0
2020-08-08 04:30,6,3,3,0,0,0
2020-08-08 04:45,9,2,7,0,0,0
2020-08-08 05:00,4,0,4,0,0,0
2020-08-08 05:15,9,4,5,0,0,0
2020-08-08 05:30,18,6,12,0,0,0
2020-08-08 05:45,8,2,6,0,0,0
2020-08-08 06:00,10,3,7,0,0,0
2020-08-08 06:15,10,4,6,0,0,0
2020-08-08 06:30,10,4,6,0,0,0
2020-08-08 06:45,8,5,3,0,0,0
2020-08-08 07:00,10,2,8,0,0,0
2020-08-08 07:15,13,7,6,0,0,0
2020-08-08 07:30,18,9,9,0,0,0
2020-08-08 07:45,31,17,14,0,0,0
2020-08-08 08:00,23,8,15,0,0,0
2020-08-08 08:15,27,12,15,0,0,0
2020-08-08 08:30,37,15,22,0,0,0
2020-08-08 08:45,50,21,29,0,0,0
2020-08-08 09:00,48,31,17,0,0,0
2020-08-08 09:15,59,28,31,0,0,0
2020-08-08 09:30,54,32,22,0,0,0
2020-08-08 09:45,79,45,34,0,0,0
2020-08-08 10:00,74,39,35,0,0,0
2020-08-08 10:15,91,41,50,0,0,0
2020-08-08 10:30,107,47,60,0,0,0
2020-08-08 10:45,95,38,57,0,0,0
2020-08-08 11:00,95,45,50,0,0,0
2020-08-08 11:15,70,31,39,0,0,0
2020-08-08 11:30,97,43,54,0,0,0
2020-08-08 11:45,88,41,47,0,0,0
2020-08-08 12:00,103,64,39,0,0,0
2020-08-08 12:15,93,48,45,0,0,0
2020-08-08 12:30,83,51,32,0,0,0
2020-08-08 12:45,122,70,52,0,0,0
2020-08-08 13:00,85,52,33,0,0,0
2020-08-08 13:15,94,60,34,0,0,0
2020-08-08 13:30,110,52,58,0,0,0
2020-08-08 13:45,93,58,35,0,0,0
2020-08-08 14:00,85,56,29,0,0,0
2020-08-08 14:15,90,59,31,0,0,0
2020-08-08 14:30,82,48,34,0,0,0
2020-08-08 14:45,114,81,33,0,0,0
2020-08-08 15:00,85,51,34,0,0,0
2020-08-08 15:15,85,52,33,0,0,0
2020-08-08 15:30,83,48,35,0,0,0
2020-08-08 15:45,78,42,36,0,0,0
2020-08-08 16:00,101,56,45,0,0,0
2020-08-08 16:15,77,47,30,0,0,0
2020-08-08 16:30,94,40,54,0,0,0
2020-08-08 16:45,100,58,42,0,0,0
2020-08-08 17:00,89,44,45,0,0,0
2020-08-08 17:15,110,57,53,0,0,0
2020-08-08 17:30,109,65,44,0,0,0
2020-08-08 17:45,105,42,63,0,0,0
2020-08-08 18:00,84,40,44,0,0,0
2020-08-08 18:15,116,55,61,0,0,0
2020-08-08 18:30,108,54,54,0,0,0
2020-08-08 18:45,102,48,54,0,0,0
2020-08-08 19:00,95,47,48,0,0,0
2020-08-08 19:15,94,54,40,0,0,0
2020-08-08 19:30,104,52,52,0,0,0
2020-08-08 19:45,123,52,71,0,0,0
2020-08-08 20:00,108,49,59,0,0,0
2020-08-08 20:15,111,56,55,0,0,0
2020-08-08 20:30,91,46,45,0,0,0
2020-08-08 20:45,103,55,48,0,0,0
2020-08-08 21:00,85,40,45,0,0,0
2020-08-08 21:15,75,26,49,0,0,0
2020-08-08 21:30,84,38,46,0,0,0
2020-08-08 21:45,68,24,44,0,0,0
2020-08-08 22:00,57,26,31,0,0,0
2020-08-08 22:15,68,28,40,0,0,0
2020-08-08 22:30,63,21,42,0,0,0
2020-08-08 22:45,68,30,38,0,0,0
2020-08-08 23:00,72,29,43,0,0,0
2020-08-08 23:15,64,25,39,0,0,0
2020-08-08 23:30,57,18,39,0,0,0
2020-08-08 23:45,56,27,29,0,0,0
2020-08-09 00:00,69,41,28,0,0,0
2020-08-09 00:15,59,27,32,0,0,0
2020-08-09 00:30,52,23,29,0,0,0
2020-08-09 00:45,45,23,22,0,0,0
2020-08-09 01:00,48,26,22,0,0,0
2020-08-09 01:15,42,9,33,0,0,0
2020-08-09 01:30,42,17,25,0,0,0
2020-08-09 01:45,42,11,31,0,0,0
2020-08-09 02:00,27,9,18,0,0,0
2020-08-09 02:15,40,15,25,0,0,0
2020-08-09 02:30,28,11,17,0,0,0
2020-08-09 02:45,24,5,19,0,0,0
2020-08-09 03:00,13,3,10,0,0,0
2020-08-09 03:15,20,8,12,0,0,0
2020-08-09 03:30,20,6,14,0,0,0
2020-08-09 03:45,26,13,13,0,0,0
2020-08-09 04:00,18,5,13,0,0,0
2020-08-09 04:15,11,4,7,0,0,0
2020-08-09 04:30,13,3,10,0,0,0
2020-08-09 04:45,12,4,8,0,0,0
2020-08-09 05:00,8,3,5,0,0,0
2020-08-09 05:15,8,0,8,0,0,0
2020-08-09 05:30,11,0,11,0,0,0
2020-08-09 05:45,10,1,9,0,0,0
2020-08-09 06:00,9,4,5,0,0,0
2020-08-09 06:15,12,4,8,0,0,0
2020-08-09 06:30,5,3,2,0,0,0
2020-08-09 06:45,4,1,3,0,0,0
2020-08-09 07:00,2,1,1,0,0,0
2020-08-09 07:15,10,2,8,0,0,0
2020-08-09 07:30,11,6,5,0,0,0
2020-08-09 07:45,6,2,4,0,0,0
2020-08-09 08:00,6,0,6,0,0,0
2020-08-09 08:15,12,3,9,0,0,0
2020-08-09 08:30,11,3,8,0,0,0
2020-08-09 08:45,22,5,17,0,0,0
2020-08-09 09:00,14,4,10,0,0,0
2020-08-09 09:15,18,8,10,0,0,0
2020-08-09 09:30,21,10,11,0,0,0
2020-08-09 09:45,60,31,29,0,0,0
2020-08-09 10:00,42,23,19,0,0,0
2020-08-09 10:15,32,18,14,0,0,0
2020-08-09 10:30,45,23,22,0,0,0
2020-08-09 10:45,55,32,23,0,0,0
2020-08-09 11:00,41,20,21,0,0,0
2020-08-09 11:15,38,22,16,0,0,0
2020-08-09 11:30,34,16,18,0,0,0
2020-08-09 11:45,74,36,38,0,0,0
2020-08-09 12:00,64,40,24,0,0,0
2020-08-09 12:15,65,29,36,0,0,0
2020-08-09 12:30,63,33,30,0,0,0
2020-08-09 12:45,51,30,21,0,0,0
2020-08-09 13:00,70,38,32,0,0,0
2020-08-09 13:15,61,30,31,0,0,0
2020-08-09 13:30,45,21,24,0,0,0
2020-08-09 13:45,64,33,31,0,0,0
2020-08-09 14:00,78,48,30,0,0,0
2020-08-09 14:15,72,34,38,0,0,0
2020-08-09 14:30,75,47,28,0,0,0
2020-08-09 14:45,75,49,26,0,0,0
2020-08-09 15:00,70,40,30,0,0,0
2020-08-09 15:15,73,33,40,0,0,0
2020-08-09 15:30,89,39,50,0,0,0
2020-08-09 15:45,74,37,37,0,0,0
2020-08-09 16:00,82,43,39,0,0,0
2020-08-09 16:15,87,50,37,0,0,0
2020-08-09 16:30,63,33,30,0,0,0
2020-08-09 16:45,76,41,35,0,0,0
2020-08-09 17:00,105,63,42,0,0,0
2020-08-09 17:15,86,46,40,0,0,0
2020-08-09 17:30,91,37,54,0,0,0
2020-08-09 17:45,131,47,84,0,0,0
2020-08-09 18:00,130,23,107,0,0,0
2020-08-09 18:15,108,30,78,0,0,0
2020-08-09 18:30,63,24,39,0,0,0
2020-08-09 18:45,29,10,19,0,0,0
2020-08-09 19:00,60,19,41,0,0,0
2020-08-09 19:15,89,41,48,0,0,0
2020-08-09 19:30,47,29,18,0,0,0
2020-08-09 19:45,64,24,40,0,0,0
2020-08-09 20:00,65,31,34,0,0,0
2020-08-09 20:15,51,19,32,0,0,0
2020-08-09 20:30,68,29,39,0,0,0
2020-08-09 20:45,61,28,33,0,0,0
2020-08-09 21:00,57,17,40,0,0,0
2020-08-09 21:15,62,27,35,0,0,0
2020-08-09 21:30,44,16,28,0,0,0
2020-08-09 21:45,49,22,27,0,0,0
2020-08-09 22:00,35,19,16,0,0,0
2020-08-09 22:15,41,16,25,0,0,0
2020-08-09 22:30,35,16,19,0,0,0
2020-08-09 22:45,25,8,17,0,0,0
2020-08-09 23:00,27,6,21,0,0,0
2020-08-09 23:15,33,14,19,0,0,0
2020-08-09 23:30,21,5,16,0,0,0
2020-08-09 23:45,13,5,8,0,0,0
2020-08-10 00:00,14,4,10,0,0,0
2020-08-10 00:15,29,24,5,0,0,0
2020-08-10 00:30,3,1,2,0,0,0
2020-08-10 00:45,7,3,4,0,0,0
2020-08-10 01:00,3,2,1,0,0,0
2020-08-10 01:15,4,1,3,0,0,0
2020-08-10 01:30,1,1,0,0,0,0
2020-08-10 01:45,5,4,1,0,0,0
2020-08-10 02:00,2,1,1,0,0,0
2020-08-10 02:15,4,2,2,0,0,0
2020-08-10 02:30,3,0,3,0,0,0
2020-08-10 02:45,0,0,0,0,0,0
2020-08-10 03:00,4,0,4,0,0,0
2020-08-10 03:15,2,0,2,0,0,0
2020-08-10 03:30,1,0,1,0,0,0
2020-08-10 03:45,3,1,2,0,0,0
2020-08-10 04:00,2,0,2,0,0,0
2020-08-10 04:15,3,2,1,0,0,0
2020-08-10 04:30,4,1,3,0,0,0
2020-08-10 04:45,8,2,6,0,0,0
2020-08-10 05:00,1,1,0,0,0,0
2020-08-10 05:15,12,7,5,0,0,0
2020-08-10 05:30,19,5,14,0,0,0
2020-08-10 05:45,18,9,9,0,0,0
2020-08-10 06:00,22,14,8,0,0,0
2020-08-10 06:15,38,25,13,0,0,0
2020-08-10 06:30,55,21,34,0,0,0
2020-08-10 06:45,70,34,36,0,0,0
2020-08-10 07:00,82,43,39,0,0,0
2020-08-10 07:15,82,39,43,0,0,0
2020-08-10 07:30,110,50,60,0,0,0
2020-08-10 07:45,127,75,52,0,0,0
2020-08-10 08:00,111,60,51,0,0,0
2020-08-10 08:15,134,73,61,0,0,0
2020-08-10 08:30,113,56,57,0,0,0
2020-08-10 08:45,119,55,64,0,0,0
2020-08-10 09:00,108,50,58,0,0,0
2020-08-10 09:15,91,34,57,0,0,0
2020-08-10 09:30,68,28,40,0,0,0
2020-08-10 09:45,81,39,42,0,0,0
2020-08-10 10:00,83,33,50,0,0,0
2020-08-10 10:15,90,42,48,0,0,0
2020-08-10 10:30,100,50,50,0,0,0
2020-08-10 10:45,114,49,65,0,0,0
2020-08-10 11:00,92,46,46,0,0,0
2020-08-10 11:15,76,32,44,0,0,0
2020-08-10 11:30,104,58,46,0,0,0
2020-08-10 11:45,91,40,51,0,0,0
2020-08-10 12:00,132,59,73,0,0,0
2020-08-10 12:15,112,59,53,0,0,0
2020-08-10 12:30,138,63,75,0,0,0
2020-08-10 12:45,104,51,53,0,0,0
2020-08-10 13:00,120,54,66,0,0,0
2020-08-10 13:15,113,55,58,0,0,0
2020-08-10 13:30,100,52,48,0,0,0
2020-08-10 13:45,120,60,60,0,0,0
2020-08-10 14:00,107,54,53,0,0,0
2020-08-10 14:15,98,50,48,0,0,0
2020-08-10 14:30,114,64,50,0,0,0
2020-08-10 14:45,129,72,57,0,0,0
2020-08-10 15:00,123,71,52,0,0,0
2020-08-10 15:15,124,83,41,0,0,0
2020-08-10 15:30,132,68,64,0,0,0
2020-08-10 15:45,165,94,71,0,0,0
2020-08-10 16:00,167,100,67,0,0,0
2020-08-10 16:15,159,87,72,0,0,0
2020-08-10 16:30,151,70,81,0,0,0
2020-08-10 16:45,150,77,73,0,0,0
2020-08-10 17:00,175,93,82,0,0,0
2020-08-10 17:15,201,102,99,0,0,0
2020-08-10 17:30,181,93,88,0,0,0
2020-08-10 17:45,162,93,69,0,0,0
2020-08-10 18:00,156,80,76,0,0,0
2020-08-10 18:15,155,70,85,0,0,0
2020-08-10 18:30,132,68,64,0,0,0
2020-08-10 18:45,157,84,73,0,0,0
2020-08-10 19:00,133,66,67,0,0,0
2020-08-10 19:15,133,69,64,0,0,0
2020-08-10 19:30,102,45,57,0,0,0
2020-08-10 19:45,110,55,55,0,0,0
2020-08-10 20:00,117,45,72,0,0,0
2020-08-10 20:15,106,45,61,0,0,0
2020-08-10 20:30,82,40,42,0,0,0
2020-08-10 20:45,68,31,37,0,0,0
2020-08-10 21:00,96,43,53,0,0,0
2020-08-10 21:15,66,21,45,0,0,0
2020-08-10 21:30,60,14,46,0,0,0
2020-08-10 21:45,44,19,25,0,0,0
2020-08-10 22:00,67,30,37,0,0,0
2020-08-10 22:15,48,18,30,0,0,0
2020-08-10 22:30,44,21,23,0,0,0
2020-08-10 22:45,57,21,36,0,0,0
2020-08-10 23:00,57,14,43,0,0,0
2020-08-10 23:15,30,16,14,0,0,0
2020-08-10 23:30,24,9,15,0,0,0
2020-08-10 23:45,36,24,12,0,0,0
2020-08-11 00:00,16,8,8,0,0,0
2020-08-11 00:15,25,8,17,0,0,0
2020-08-11 00:30,8,1,7,0,0,0
2020-08-11 00:45,11,3,8,0,0,0
2020-08-11 01:00,15,10,5,0,0,0
2020-08-11 01:15,8,3,5,0,0,0
2020-08-11 01:30,10,5,5,0,0,0
2020-08-11 01:45,12,3,9,0,0,0
2020-08-11 02:00,10,5,5,0,0,0
2020-08-11 02:15,1,0,1,0,0,0
2020-08-11 02:30,4,1,3,0,0,0
2020-08-11 02:45,1,1,0,0,0,0
2020-08-11 03:00,3,1,2,0,0,0
2020-08-11 03:15,2,1,1,0,0,0
2020-08-11 03:30,4,1,3,0,0,0
2020-08-11 03:45,2,1,1,0,0,0
2020-08-11 04:00,1,0,1,0,0,0
2020-08-11 04:15,1,1,0,0,0,0
2020-08-11 04:30,5,0,5,0,0,0
2020-08-11 04:45,8,3,5,0,0,0
2020-08-11 05:00,6,3,3,0,0,0
2020-08-11 05:15,8,5,3,0,0,0
2020-08-11 05:30,25,8,17,0,0,0
2020-08-11 05:45,16,11,5,0,0,0
2020-08-11 06:00,31,12,19,0,0,0
2020-08-11 06:15,35,20,15,0,0,0
2020-08-11 06:30,54,28,26,0,0,0
2020-08-11 06:45,72,38,34,0,0,0
2020-08-11 07:00,83,51,32,0,0,0
2020-08-11 07:15,92,56,36,0,0,0
2020-08-11 07:30,119,54,65,0,0,0
2020-08-11 07:45,139,81,58,0,0,0
2020-08-11 08:00,108,53,55,0,0,0
2020-08-11 08:15,120,62,58,0,0,0
2020-08-11 08:30,125,61,64,0,0,0
2020-08-11 08:45,126,67,59,0,0,0
2020-08-11 09:00,88,35,53,0,0,0
2020-08-11 09:15,83,38,45,0,0,0
2020-08-11 09:30,89,49,40,0,0,0
2020-08-11 09:45,101,51,50,0,0,0
2020-08-11 10:00,65,30,35,0,0,0
2020-08-11 10:15,101,48,53,0,0,0
2020-08-11 10:30,81,38,43,0,0,0
2020-08-11 10:45,127,62,65,0,0,0
2020-08-11 11:00,106,53,53,0,0,0
2020-08-11 11:15,97,42,55,0,0,0
2020-08-11 11:30,108,45,63,0,0,0
2020-08-11 11:45,75,36,39,0,0,0
2020-08-11 12:00,113,58,55,0,0,0
2020-08-11 12:15,117,43,74,0,0,0
2020-08-11 12:30,82,40,42,0,0,0
2020-08-11 12:45,142,73,69,0,0,0
2020-08-11 13:00,144,74,70,0,0,0
2020-08-11 13:15,113,64,49,0,0,0
2020-08-11 13:30,134,61,73,0,0,0
2020-08-11 13:45,140,76,64,0,0,0
2020-08-11 14:00,116,61,55,0,0,0
2020-08-11 14:15,129,72,57,0,0,0
2020-08-11 14:30,110,57,53,0,0,0
2020-08-11 14:45,121,71,50,0,0,0
2020-08-11 15:00,141,77,64,0,0,0
2020-08-11 15:15,135,86,49,0,0,0
2020-08-11 15:30,135,74,61,0,0,0
2020-08-11 15:45,148,87,61,0,0,0
2020-08-11 16:00,172,95,77,0,0,0
2020-08-11 16:15,152,103,49,0,0,0
2020-08-11 16:30,165,74,91,0,0,0
2020-08-11 16:45,174,91,83,0,0,0
2020-08-11 17:00,175,83,92,0,0,0
2020-08-11 17:15,194,96,98,0,0,0
2020-08-11 17:30,169,84,85,0,0,0
2020-08-11 17:45,178,85,93,0,0,0
2020-08-11 18:00,190,88,102,0,0,0
2020-08-11 18:15,143,68,75,0,0,0
2020-08-11 18:30,111,56,55,0,0,0
2020-08-11 18:45,150,78,72,0,0,0
2020-08-11 19:00,142,72,70,0,0,0
2020-08-11 19:15,140,59,81,0,0,0
2020-08-11 19:30,108,47,61,0,0,0
2020-08-11 19:45,125,75,50,0,0,0
2020-08-11 20:00,97,45,52,0,0,0
2020-08-11 20:15,110,45,65,0,0,0
2020-08-11 20:30,95,35,60,0,0,0
2020-08-11 20:45,83,37,46,0,0,0
2020-08-11 21:00,70,36,34,0,0,0
2020-08-11 21:15,76,22,54,0,0,0
2020-08-11 21:30,78,20,58,0,0,0
2020-08-11 21:45,57,19,38,0,0,0
2020-08-11 22:00,67,23,44,0,0,0
2020-08-11 22:15,51,21,30,0,0,0
2020-08-11 22:30,27,14,13,0,0,0
2020-08-11 22:45,50,11,39,0,0,0
2020-08-11 23:00,45,16,29,0,0,0
2020-08-11 23:15,27,9,18,0,0,0
2020-08-11 23:30,29,11,18,0,0,0
2020-08-11 23:45,29,12,17,0,0,0
2020-08-12 00:00,32,10,22,0,0,0
2020-08-12 00:15,20,9,11,0,0,0
2020-08-12 00:30,24,4,20,0,0,0
2020-08-12 00:45,20,9,11,0,0,0
2020-08-12 01:00,11,5,6,0,0,0
2020-08-12 01:15,4,2,2,0,0,0
2020-08-12 01:30,14,5,9,0,0,0
2020-08-12 01:45,4,1,3,0,0,0
2020-08-12 02:00,7,4,3,0,0,0
2020-08-12 02:15,14,10,4,0,0,0
2020-08-12 02:30,6,1,5,0,0,0
2020-08-12 02:45,0,0,0,0,0,0
2020-08-12 03:00,0,0,0,0,0,0
2020-08-12 03:15,4,1,3,0,0,0
2020-08-12 03:30,2,1,1,0,0,0
2020-08-12 03:45,1,1,0,0,0,0
2020-08-12 04:00,5,2,3,0,0,0
2020-08-12 04:15,4,3,1,0,0,0
2020-08-12 04:30,7,1,6,0,0,0
2020-08-12 04:45,12,1,11,0,0,0
2020-08-12 05:00,3,3,0,0,0,0
2020-08-12 05:15,9,4,5,0,0,0
2020-08-12 05:30,22,7,15,0,0,0
2020-08-12 05:45,17,5,12,0,0,0
2020-08-12 06:00,30,13,17,0,0,0
2020-08-12 06:15,34,13,21,0,0,0
2020-08-12 06:30,49,18,31,0,0,0
2020-08-12 06:45,76,43,33,0,0,0
2020-08-12 07:00,79,42,37,0,0,0
2020-08-12 07:15,110,53,57,0,0,0
2020-08-12 07:30,132,60,72,0,0,0
2020-08-12 07:45,157,89,68,0,0,0
2020-08-12 08:00,129,75,54,0,0,0
2020-08-12 08:15,122,60,62,0,0,0
2020-08-12 08:30,131,59,72,0,0,0
2020-08-12 08:45,125,62,63,0,0,0
2020-08-12 09:00,102,42,60,0,0,0
2020-08-12 09:15,87,50,37,0,0,0
2020-08-12 09:30,76,29,47,0,0,0
2020-08-12 09:45,100,53,47,0,0,0
2020-08-12 10:00,82,33,49,0,0,0
2020-08-12 10:15,116,54,62,0,0,0
2020-08-12 10:30,91,42,49,0,0,0
2020-08-12 10:45,113,48,65,0,0,0
2020-08-12 11:00,98,47,51,0,0,0
2020-08-12 11:15,112,61,51,0,0,0
2020-08-12 11:30,103,40,63,0,0,0
2020-08-12 11:45,119,57,62,0,0,0
2020-08-12 12:00,122,53,69,0,0,0
2020-08-12 12:15,107,51,56,0,0,0
2020-08-12 12:30,114,60,54,0,0,0
2020-08-12 12:45,143,76,67,0,0,0
2020-08-12 13:00,112,57,55,0,0,0
2020-08-12 13:15,112,59,53,0,0,0
2020-08-12 13:30,145,82,63,0,0,0
2020-08-12 13:45,138,74,64,0,0,0
2020-08-12 14:00,124,70,54,0,0,0
2020-08-12 14:15,100,70,30,0,0,0
2020-08-12 14:30,127,73,54,0,0,0
2020-08-12 14:45,132,74,58,0,0,0
2020-08-12 15:00,145,99,46,0,0,0
2020-08-12 15:15,159,87,72,0,0,0
2020-08-12 15:30,146,87,59,0,0,0
2020-08-12 15:45,134,69,65,0,0,0
2020-08-12 16:00,172,112,60,0,0,0
2020-08-12 16:15,161,86,75,0,0,0
2020-08-12 16:30,159,86,73,0,0,0
2020-08-12 16:45,166,82,84,0,0,0
2020-08-12 17:00,190,100,90,0,0,0
2020-08-12 17:15,187,82,105,0,0,0
2020-08-12 17:30,166,75,91,0,0,0
2020-08-12 17:45,173,85,88,0,0,0
2020-08-12 18:00,148,89,59,0,0,0
2020-08-12 18:15,180,105,75,0,0,0
2020-08-12 18:30,151,64,87,0,0,0
2020-08-12 18:45,177,93,84,0,0,0
2020-08-12 19:00,142,63,79,0,0,0
2020-08-12 19:15,137,74,63,0,0,0
2020-08-12 19:30,109,47,62,0,0,0
2020-08-12 19:45,112,46,66,0,0,0
2020-08-12 20:00,124,47,77,0,0,0
2020-08-12 20:15,93,39,54,0,0,0
2020-08-12 20:30,83,34,49,0,0,0
2020-08-12 20:45,118,46,72,0,0,0
2020-08-12 21:00,97,32,65,0,0,0
2020-08-12 21:15,84,31,53,0,0,0
2020-08-12 21:30,77,35,42,0,0,0
2020-08-12 21:45,96,33,63,0,0,0
2020-08-12 22:00,59,24,35,0,0,0
2020-08-12 22:15,59,23,36,0,0,0
2020-08-12 22:30,76,20,56,0,0,0
2020-08-12 22:45,43,15,28,0,0,0
2020-08-12 23:00,58,24,34,0,0,0
2020-08-12 23:15,51,24,27,0,0,0
2020-08-12 23:30,33,12,21,0,0,0
2020-08-12 23:45,39,8,31,0,0,0
2020-08-13 00:00,32,20,12,0,0,0
2020-08-13 00:15,24,11,13,0,0,0
2020-08-13 00:30,11,6,5,0,0,0
2020-08-13 00:45,20,9,11,0,0,0
2020-08-13 01:00,17,5,12,0,0,0
2020-08-13 01:15,11,4,7,0,0,0
2020-08-13 01:30,12,3,9,0,0,0
2020-08-13 01:45,14,4,10,0,0,0
2020-08-13 02:00,11,7,4,0,0,0
2020-08-13 02:15,5,0,5,0,0,0
2020-08-13 02:30,10,4,6,0,0,0
2020-08-13 02:45,3,1,2,0,0,0
2020-08-13 03:00,5,2,3,0,0,0
2020-08-13 03:15,2,1,1,0,0,0
2020-08-13 03:30,7,4,3,0,0,0
2020-08-13 03:45,2,2,0,0,0,0
2020-08-13 04:00,8,5,3,0,0,0
2020-08-13 04:15,2,2,0,0,0,0
2020-08-13 04:30,1,0,1,0,0,0
2020-08-13 04:45,7,2,5,0,0,0
2020-08-13 05:00,2,1,1,0,0,0
2020-08-13 05:15,15,4,11,0,0,0
2020-08-13 05:30,16,7,9,0,0,0
2020-08-13 05:45,21,9,12,0,0,0
2020-08-13 06:00,23,17,6,0,0,0
2020-08-13 06:15,29,17,12,0,0,0
2020-08-13 06:30,50,20,30,0,0,0
2020-08-13 06:45,76,46,30,0,0,0
2020-08-13 07:00,90,43,47,0,0,0
2020-08-13 07:15,117,59,58,0,0,0
2020-08-13 07:30,154,78,76,0,0,0
2020-08-13 07:45,155,85,70,0,0,0
2020-08-13 08:00,120,71,49,0,0,0
2020-08-13 08:15,115,59,56,0,0,0
2020-08-13 08:30,131,68,63,0,0,0
2020-08-13 08:45,122,68,54,0,0,0
2020-08-13 09:00,83,41,42,0,0,0
2020-08-13 09:15,105,55,50,0,0,0
2020-08-13 09:30,66,29,37,0,0,0
2020-08-13 09:45,108,52,56,0,0,0
2020-08-13 10:00,89,45,44,0,0,0
2020-08-13 10:15,85,38,47,0,0,0
2020-08-13 10:30,92,39,53,0,0,0
2020-08-13 10:45,92,39,53,0,0,0
2020-08-13 11:00,88,43,45,0,0,0
2020-08-13 11:15,107,47,60,0,0,0
2020-08-13 11:30,96,42,54,0,0,0
2020-08-13 11:45,96,38,58,0,0,0
2020-08-13 12:00,106,53,53,0,0,0
2020-08-13 12:15,128,49,79,0,0,0
2020-08-13 12:30,114,59,55,0,0,0
2020-08-13 12:45,125,68,57,0,0,0
2020-08-13 13:00,134,59,75,0,0,0
2020-08-13 13:15,119,62,57,0,0,0
2020-08-13 13:30,116,59,57,0,0,0
2020-08-13 13:45,127,69,58,0,0,0
2020-08-13 14:00,141,84,57,0,0,0
2020-08-13 14:15,111,58,53,0,0,0
2020-08-13 14:30,116,46,70,0,0,0
2020-08-13 14:45,141,69,72,0,0,0
2020-08-13 15:00,103,64,39,0,0,0
2020-08-13 15:15,111,60,51,0,0,0
2020-08-13 15:30,148,67,81,0,0,0
2020-08-13 15:45,152,71,81,0,0,0
2020-08-13 16:00,146,71,75,0,0,0
2020-08-13 16:15,149,75,74,0,0,0
2020-08-13 16:30,176,82,94,0,0,0
2020-08-13 16:45,153,84,69,0,0,0
2020-08-13 17:00,177,76,101,0,0,0
2020-08-13 17:15,148,78,70,0,0,0
2020-08-13 17:30,167,88,79,0,0,0
2020-08-13 17:45,198,102,96,0,0,0
2020-08-13 18:00,165,84,81,0,0,0
2020-08-13 18:15,153,80,73,0,0,0
2020-08-13 18:30,157,90,67,0,0,0
2020-08-13 18:45,148,82,66,0,0,0
2020-08-13 19:00,161,90,71,0,0,0
2020-08-13 19:15,118,59,59,0,0,0
2020-08-13 19:30,140,70,70,0,0,0
2020-08-13 19:45,97,50,47,0,0,0
2020-08-13 20:00,113,41,72,0,0,0
2020-08-13 20:15,107,45,62,0,0,0
2020-08-13 20:30,99,40,59,0,0,0
2020-08-13 20:45,116,48,68,0,0,0
2020-08-13 21:00,88,37,51,0,0,0
2020-08-13 21:15,109,34,75,0,0,0
2020-08-13 21:30,86,33,53,0,0,0
2020-08-13 21:45,51,23,28,0,0,0
2020-08-13 22:00,49,12,37,0,0,0
2020-08-13 22:15,40,13,27,0,0,0
2020-08-13 22:30,36,15,21,0,0,0
2020-08-13 22:45,26,9,17,0,0,0
2020-08-13 23:00,35,13,22,0,0,0
2020-08-13 23:15,26,5,21,0,0,0
2020-08-13 23:30,34,11,23,0,0,0
2020-08-13 23:45,21,7,14,0,0,0
2020-08-14 00:00,23,12,11,0,0,0
2020-08-14 00:15,20,9,11,0,0,0
2020-08-14 00:30,17,3,14,0,0,0
2020-08-14 00:45,10,5,5,0,0,0
2020-08-14 01:00,14,5,9,0,0,0
2020-08-14 01:15,13,2,11,0,0,0
2020-08-14 01:30,8,3,5,0,0,0
2020-08-14 01:45,2,0,2,0,0,0
2020-08-14 02:00,6,2,4,0,0,0
2020-08-14 02:15,7,2,5,0,0,0
2020-08-14 02:30,3,3,0,0,0,0
2020-08-14 02:45,2,0,2,0,0,0
2020-08-14 03:00,5,3,2,0,0,0
2020-08-14 03:15,0,0,0,0,0,0
2020-08-14 03:30,2,0,2,0,0,0
2020-08-14 03:45,5,3,2,0,0,0
2020-08-14 04:00,1,1,0,0,0,0
2020-08-14 04:15,1,1,0,0,0,0
2020-08-14 04:30,6,2,4,0,0,0
2020-08-14 04:45,10,3,7,0,0,0
2020-08-14 05:00,1,1,0,0,0,0
2020-08-14 05:15,10,3,7,0,0,0
2020-08-14 05:30,24,11,13,0,0,0
2020-08-14 05:45,15,11,4,0,0,0
2020-08-14 06:00,22,13,9,0,0,0
2020-08-14 06:15,33,15,18,0,0,0
2020-08-14 06:30,43,21,22,0,0,0
2020-08-14 06:45,60,33,27,0,0,0
2020-08-14 07:00,60,35,25,0,0,0
2020-08-14 07:15,92,37,55,0,0,0
2020-08-14 07:30,152,61,91,0,0,0
2020-08-14 07:45,150,86,64,0,0,0
2020-08-14 08:00,128,77,51,0,0,0
2020-08-14 08:15,111,57,54,0,0,0
2020-08-14 08:30,113,66,47,0,0,0
2020-08-14 08:45,149,79,70,0,0,0
2020-08-14 09:00,87,40,47,0,0,0
2020-08-14 09:15,84,29,55,0,0,0
2020-08-14 09:30,89,44,45,0,0,0
2020-08-14 09:45,106,52,54,0,0,0
2020-08-14 10:00,78,36,42,0,0,0
2020-08-14 10:15,82,38,44,0,0,0
2020-08-14 10:30,84,35,49,0,0,0
2020-08-14 10:45,121,48,73,0,0,0
2020-08-14 11:00,78,33,45,0,0,0
2020-08-14 11:15,106,54,52,0,0,0
2020-08-14 11:30,98,48,50,0,0,0
2020-08-14 11:45,106,55,51,0,0,0
2020-08-14 12:00,111,52,59,0,0,0
2020-08-14 12:15,132,64,68,0,0,0
2020-08-14 12:30,131,67,64,0,0,0
2020-08-14 12:45,101,50,51,0,0,0
2020-08-14 13:00,186,95,91,0,0,0
2020-08-14 13:15,120,67,53,0,0,0
2020-08-14 13:30,88,46,42,0,0,0
2020-08-14 13:45,122,58,64,0,0,0
2020-08-14 14:00,131,64,67,0,0,0
2020-08-14 14:15,133,61,72,0,0,0
2020-08-14 14:30,133,60,73,0,0,0
2020-08-14 14:45,149,62,87,0,0,0
2020-08-14 15:00,108,53,55,0,0,0
2020-08-14 15:15,123,69,54,0,0,0
2020-08-14 15:30,110,61,49,0,0,0
2020-08-14 15:45,121,64,57,0,0,0
2020-08-14 16:00,108,55,53,0,0,0
2020-08-14 16:15,110,55,55,0,0,0
2020-08-14 16:30,141,65,76,0,0,0
2020-08-14 16:45,130,70,60,0,0,0
2020-08-14 17:00,150,82,68,0,0,0
2020-08-14 17:15,144,68,76,0,0,0
2020-08-14 17:30,108,59,49,0,0,0
2020-08-14 17:45,128,74,54,0,0,0
2020-08-14 18:00,129,72,57,0,0,0
2020-08-14 18:15,152,92,60,0,0,0
2020-08-14 18:30,132,81,51,0,0,0
2020-08-14 18:45,160,85,75,0,0,0
2020-08-14 19:00,102,68,34,0,0,0
2020-08-14 19:15,124,60,64,0,0,0
2020-08-14 19:30,111,51,60,0,0,0
2020-08-14 19:45,100,51,49,0,0,0
2020-08-14 20:00,91,36,55,0,0,0
2020-08-14 20:15,92,46,46,0,0,0
2020-08-14 20:30,82,40,42,0,0,0
2020-08-14 20:45,70,33,37,0,0,0
2020-08-14 21:00,83,32,51,0,0,0
2020-08-14 21:15,71,35,36,0,0,0
2020-08-14 21:30,82,44,38,0,0,0
2020-08-14 21:45,71,25,46,0,0,0
2020-08-14 22:00,82,41,41,0,0,0
2020-08-14 22:15,47,25,22,0,0,0
2020-08-14 22:30,57,23,34,0,0,0
2020-08-14 22:45,61,30,31,0,0,0
2020-08-14 23:00,78,26,52,0,0,0
2020-08-14 23:15,58,24,34,0,0,0
2020-08-14 23:30,29,12,17,0,0,0
2020-08-14 23:45,32,6,26,0,0,0
2020-08-15 00:00,44,17,27,0,0,0
2020-08-15 00:15,40,10,30,0,0,0
2020-08-15 00:30,28,10,18,0,0,0
2020-08-15 00:45,39,24,15,0,0,0
2020-08-15 01:00,30,9,21,0,0,0
2020-08-15 01:15,11,8,3,0,0,0
2020-08-15 01:30,29,7,22,0,0,0
2020-08-15 01:45,43,26,17,0,0,0
2020-08-15 02:00,19,2,17,0,0,0
2020-08-15 02:15,16,6,10,0,0,0
2020-08-15 02:30,14,3,11,0,0,0
2020-08-15 02:45,9,1,8,0,0,0
2020-08-15 03:00,16,5,11,0,0,0
2020-08-15 03:15,17,4,13,0,0,0
2020-08-15 03:30,14,8,6,0,0,0
2020-08-15 03:45,5,5,0,0,0,0
2020-08-15 04:00,8,1,7,0,0,0
2020-08-15 04:15,4,2,2,0,0,0
2020-08-15 04:30,6,2,4,0,0,0
2020-08-15 04:45,15,5,10,0,0,0
2020-08-15 05:00,6,4,2,0,0,0
2020-08-15 05:15,5,2,3,0,0,0
2020-08-15 05:30,11,3,8,0,0,0
2020-08-15 05:45,8,3,5,0,0,0
2020-08-15 06:00,13,4,9,0,0,0
2020-08-15 06:15,6,4,2,0,0,0
2020-08-15 06:30,9,1,8,0,0,0
2020-08-15 06:45,13,5,8,0,0,0
2020-08-15 07:00,11,7,4,0,0,0
2020-08-15 07:15,14,7,7,0,0,0
2020-08-15 07:30,13,4,9,0,0,0
2020-08-15 07:45,30,12,18,0,0,0
2020-08-15 08:00,13,7,6,0,0,0
2020-08-15 08:15,21,7,14,0,0,0
2020-08-15 08:30,26,7,19,0,0,0
2020-08-15 08:45,26,14,12,0,0,0
2020-08-15 09:00,40,18,22,0,0,0
2020-08-15 09:15,52,22,30,0,0,0
2020-08-15 09:30,65,33,32,0,0,0
2020-08-15 09:45,56,22,34,0,0,0
2020-08-15 10:00,63,35,28,0,0,0
2020-08-15 10:15,55,22,33,0,0,0
2020-08-15 10:30,64,33,31,0,0,0
2020-08-15 10:45,81,39,42,0,0,0
2020-08-15 11:00,60,29,31,0,0,0
2020-08-15 11:15,91,45,46,0,0,0
2020-08-15 11:30,95,43,52,0,0,0
2020-08-15 11:45,99,42,57,0,0,0
2020-08-15 12:00,106,57,49,0,0,0
2020-08-15 12:15,95,43,52,0,0,0
2020-08-15 12:30,71,37,34,0,0,0
2020-08-15 12:45,66,30,36,0,0,0
2020-08-15 13:00,78,40,38,0,0,0
2020-08-15 13:15,86,46,40,0,0,0
2020-08-15 13:30,66,43,23,0,0,0
2020-08-15 13:45,91,36,55,0,0,0
2020-08-15 14:00,82,34,48,0,0,0
2020-08-15 14:15,94,55,39,0,0,0
2020-08-15 14:30,85,32,53,0,0,0
2020-08-15 14:45,101,79,22,0,0,0
2020-08-15 15:00,83,42,41,0,0,0
2020-08-15 15:15,92,54,38,0,0,0
2020-08-15 15:30,72,43,29,0,0,0
2020-08-15 15:45,90,49,41,0,0,0
2020-08-15 16:00,72,33,39,0,0,0
2020-08-15 16:15,108,59,49,0,0,0
2020-08-15 16:30,98,66,32,0,0,0
2020-08-15 16:45,91,53,38,0,0,0
2020-08-15 17:00,88,51,37,0,0,0
2020-08-15 17:15,86,42,44,0,0,0
2020-08-15 17:30,100,53,47,0,0,0
2020-08-15 17:45,102,63,39,0,0,0
2020-08-15 18:00,91,52,39,0,0,0
2020-08-15 18:15,99,59,40,0,0,0
2020-08-15 18:30,96,50,46,0,0,0
2020-08-15 18:45,90,55,35,0,0,0
2020-08-15 19:00,115,72,43,0,0,0
2020-08-15 19:15,89,48,41,0,0,0
2020-08-15 19:30,112,51,61,0,0,0
2020-08-15 19:45,79,51,28,0,0,0
2020-08-15 20:00,97,62,35,0,0,0
2020-08-15 20:15,100,47,53,0,0,0
2020-08-15 20:30,77,38,39,0,0,0
2020-08-15 20:45,71,47,24,0,0,0
2020-08-15 21:00,73,39,34,0,0,0
2020-08-15 21:15,62,35,27,0,0,0
2020-08-15 21:30,57,29,28,0,0,0
2020-08-15 21:45,70,31,39,0,0,0
2020-08-15 22:00,64,16,48,0,0,0
2020-08-15 22:15,54,27,27,0,0,0
2020-08-15 22:30,39,17,22,0,0,0
2020-08-15 22:45,72,28,44,0,0,0
2020-08-15 23:00,49,12,37,0,0,0
2020-08-15 23:15,59,25,34,0,0,0
2020-08-15 23:30,56,30,26,0,0,0
2020-08-15 23:45,49,21,28,0,0,0
2020-08-16 00:00,49,19,30,0,0,0
2020-08-16 00:15,44,28,16,0,0,0
2020-08-16 00:30,39,14,25,0,0,0
2020-08-16 00:45,48,12,36,0,0,0
2020-08-16 01:00,43,12,31,0,0,0
2020-08-16 01:15,26,9,17,0,0,0
2020-08-16 01:30,41,17,24,0,0,0
2020-08-16 01:45,32,9,23,0,0,0
2020-08-16 02:00,51,23,28,0,0,0
2020-08-16 02:15,20,10,10,0,0,0
2020-08-16 02:30,24,8,16,0,0,0
2020-08-16 02:45,28,8,20,0,0,0
2020-08-16 03:00,15,4,11,0,0,0
2020-08-16 03:15,16,6,10,0,0,0
2020-08-16 03:30,20,10,10,0,0,0
2020-08-16 03:45,18,7,11,0,0,0
2020-08-16 04:00,16,8,8,0,0,0
2020-08-16 04:15,14,2,12,0,0,0
2020-08-16 04:30,12,5,7,0,0,0
2020-08-16 04:45,12,4,8,0,0,0
2020-08-16 05:00,9,6,3,0,0,0
2020-08-16 05:15,9,1,8,0,0,0
2020-08-16 05:30,8,1,7,0,0,0
2020-08-16 05:45,6,2,4,0,0,0
2020-08-16 06:00,5,1,4,0,0,0
2020-08-16 06:15,3,2,1,0,0,0
2020-08-16 06:30,7,4,3,0,0,0
2020-08-16 06:45,6,4,2,0,0,0
2020-08-16 07:00,10,2,8,0,0,0
2020-08-16 07:15,12,4,8,0,0,0
2020-08-16 07:30,7,2,5,0,0,0
2020-08-16 07:45,7,2,5,0,0,0
2020-08-16 08:00,13,7,6,0,0,0
2020-08-16 08:15,15,10,5,0,0,0
2020-08-16 08:30,15,9,6,0,0,0
2020-08-16 08:45,20,13,7,0,0,0
2020-08-16 09:00,18,11,7,0,0,0
2020-08-16 09:15,21,13,8,0,0,0
2020-08-16 09:30,35,22,13,0,0,0
2020-08-16 09:45,43,26,17,0,0,0
2020-08-16 10:00,33,20,13,0,0,0
2020-08-16 10:15,42,18,24,0,0,0
2020-08-16 10:30,44,18,26,0,0,0
2020-08-16 10:45,57,35,22,0,0,0
2020-08-16 11:00,59,27,32,0,0,0
2020-08-16 11:15,60,42,18,0,0,0
2020-08-16 11:30,36,16,20,0,0,0
2020-08-16 11:45,43,22,21,0,0,0
2020-08-16 12:00,73,49,24,0,0,0
2020-08-16 12:15,68,35,33,0,0,0
2020-08-16 12:30,66,37,29,0,0,0
2020-08-16 12:45,69,25,44,0,0,0
2020-08-16 13:00,75,34,41,0,0,0
2020-08-16 13:15,79,35,44,0,0,0
2020-08-16 13:30,78,51,27,0,0,0
2020-08-16 13:45,76,35,41,0,0,0
2020-08-16 14:00,83,38,45,0,0,0
2020-08-16 14:15,83,53,30,0,0,0
2020-08-16 14:30,99,43,56,0,0,0
2020-08-16 14:45,89,50,39,0,0,0
2020-08-16 15:00,72,43,29,0,0,0
2020-08-16 15:15,95,39,56,0,0,0
2020-08-16 15:30,75,41,34,0,0,0
2020-08-16 15:45,86,41,45,0,0,0
2020-08-16 16:00,78,42,36,0,0,0
2020-08-16 16:15,87,45,42,0,0,0
2020-08-16 16:30,92,46,46,0,0,0
2020-08-16 16:45,101,53,48,0,0,0
2020-08-16 17:00,105,53,52,0,0,0
2020-08-16 17:15,82,42,40,0,0,0
2020-08-16 17:30,83,30,53,0,0,0
2020-08-16 17:45,93,30,63,0,0,0
2020-08-16 18:00,66,35,31,0,0,0
2020-08-16 18:15,91,42,49,0,0,0
2020-08-16 18:30,105,44,61,0,0,0
2020-08-16 18:45,108,48,60,0,0,0
2020-08-16 19:00,117,40,77,0,0,0
2020-08-16 19:15,79,25,54,0,0,0
2020-08-16 19:30,117,51,66,0,0,0
2020-08-16 19:45,110,39,71,0,0,0
2020-08-16 20:00,86,46,40,0,0,0
2020-08-16 20:15,80,25,55,0,0,0
2020-08-16 20:30,98,39,59,0,0,0
2020-08-16 20:45,70,26,44,0,0,0
2020-08-16 21:00,50,18,32,0,0,0
2020-08-16 21:15,42,18,24,0,0,0
2020-08-16 21:30,45,19,26,0,0,0
2020-08-16 21:45,36,14,22,0,0,0
2020-08-16 22:00,38,21,17,0,0,0
2020-08-16 22:15,34,18,16,0,0,0
2020-08-16 22:30,18,11,7,0,0,0
2020-08-16 22:45,17,4,13,0,0,0
2020-08-16 23:00,23,8,15,0,0,0
2020-08-16 23:15,21,10,11,0,0,0
2020-08-16 23:30,25,9,16,0,0,0
2020-08-16 23:45,6,2,4,0,0,0
2020-08-17 00:00,19,9,10,0,0,0
2020-08-17 00:15,7,3,4,0,0,0
2020-08-17 00:30,8,1,7,0,0,0
2020-08-17 00:45,6,1,5,0,0,0
2020-08-17 01:00,5,1,4,0,0,0
2020-08-17 01:15,5,3,2,0,0,0
2020-08-17 01:30,2,0,2,0,0,0
2020-08-17 01:45,5,0,5,0,0,0
2020-08-17 02:00,3,0,3,0,0,0
2020-08-17 02:15,4,3,1,0,0,0
2020-08-17 02:30,1,1,0,0,0,0
2020-08-17 02:45,0,0,0,0,0,0
2020-08-17 03:00,3,1,2,0,0,0
2020-08-17 03:15,1,1,0,0,0,0
2020-08-17 03:30,2,2,0,0,0,0
2020-08-17 03:45,1,0,1,0,0,0
2020-08-17 04:00,1,0,1,0,0,0
2020-08-17 04:15,2,0,2,0,0,0
2020-08-17 04:30,4,1,3,0,0,0
2020-08-17 04:45,7,3,4,0,0,0
2020-08-17 05:00,8,4,4,0,0,0
2020-08-17 05:15,8,2,6,0,0,0
2020-08-17 05:30,14,7,7,0,0,0
2020-08-17 05:45,17,8,9,0,0,0
2020-08-17 06:00,21,14,7,0,0,0
2020-08-17 06:15,25,9,16,0,0,0
2020-08-17 06:30,43,18,25,0,0,0
2020-08-17 06:45,67,34,33,0,0,0
2020-08-17 07:00,65,38,27,0,0,0
2020-08-17 07:15,110,40,70,0,0,0
2020-08-17 07:30,137,60,77,0,0,0
2020-08-17 07:45,159,82,77,0,0,0
2020-08-17 08:00,120,72,48,0,0,0
2020-08-17 08:15,114,53,61,0,0,0
2020-08-17 08:30,126,75,51,0,0,0
2020-08-17 08:45,117,59,58,0,0,0
2020-08-17 09:00,87,39,48,0,0,0
2020-08-17 09:15,88,42,46,0,0,0
2020-08-17 09:30,85,37,48,0,0,0
2020-08-17 09:45,91,37,54,0,0,0
2020-08-17 10:00,94,38,56,0,0,0
2020-08-17 10:15,75,29,46,0,0,0
2020-08-17 10:30,88,40,48,0,0,0
2020-08-17 10:45,95,51,44,0,0,0
2020-08-17 11:00,88,38,50,0,0,0
2020-08-17 11:15,81,38,43,0,0,0
2020-08-17 11:30,120,49,71,0,0,0
2020-08-17 11:45,115,52,63,0,0,0
2020-08-17 12:00,92,39,53,0,0,0
2020-08-17 12:15,121,52,69,0,0,0
2020-08-17 12:30,129,61,68,0,0,0
2020-08-17 12:45,135,58,77,0,0,0
2020-08-17 13:00,147,69,78,0,0,0
2020-08-17 13:15,140,77,63,0,0,0
2020-08-17 13:30,116,63,53,0,0,0
2020-08-17 13:45,136,71,65,0,0,0
2020-08-17 14:00,132,61,71,0,0,0
2020-08-17 14:15,119,55,64,0,0,0
2020-08-17 14:30,108,53,55,0,0,0
2020-08-17 14:45,127,62,65,0,0,0
2020-08-17 15:00,86,61,25,0,0,0
2020-08-17 15:15,123,71,52,0,0,0
2020-08-17 15:30,135,71,64,0,0,0
2020-08-17 15:45,157,80,77,0,0,0
2020-08-17 16:00,144,67,77,0,0,0
2020-08-17 16:15,168,98,70,0,0,0
2020-08-17 16:30,149,77,72,0,0,0
2020-08-17 16:45,189,87,102,0,0,0
2020-08-17 17:00,153,67,86,0,0,0
2020-08-17 17:15,184,101,83,0,0,0
2020-08-17 17:30,191,95,96,0,0,0
2020-08-17 17:45,155,79,76,0,0,0
2020-08-17 18:00,152,82,70,0,0,0
2020-08-17 18:15,161,82,79,0,0,0
2020-08-17 18:30,152,75,77,0,0,0
2020-08-17 18:45,157,86,71,0,0,0
2020-08-17 19:00,121,70,51,0,0,0
2020-08-17 19:15,86,53,33,0,0,0
2020-08-17 19:30,77,40,37,0,0,0
2020-08-17 19:45,59,25,34,0,0,0
2020-08-17 20:00,64,29,35,0,0,0
2020-08-17 20:15,73,40,33,0,0,0
2020-08-17 20:30,68,28,40,0,0,0
2020-08-17 20:45,85,40,45,0,0,0
2020-08-17 21:00,74,26,48,0,0,0
2020-08-17 21:15,52,22,30,0,0,0
2020-08-17 21:30,59,28,31,0,0,0
2020-08-17 21:45,37,16,21,0,0,0
2020-08-17 22:00,39,16,23,0,0,0
2020-08-17 22:15,29,9,20,0,0,0
2020-08-17 22:30,41,13,28,0,0,0
2020-08-17 22:45,31,12,19,0,0,0
2020-08-17 23:00,28,13,15,0,0,0
2020-08-17 23:15,20,8,12,0,0,0
2020-08-17 23:30,24,11,13,0,0,0
2020-08-17 23:45,15,9,6,0,0,0
2020-08-18 00:00,9,5,4,0,0,0
2020-08-18 00:15,16,5,11,0,0,0
2020-08-18 00:30,9,3,6,0,0,0
2020-08-18 00:45,8,2,6,0,0,0
2020-08-18 01:00,7,2,5,0,0,0
2020-08-18 01:15,2,1,1,0,0,0
2020-08-18 01:30,3,1,2,0,0,0
2020-08-18 01:45,3,2,1,0,0,0
2020-08-18 02:00,3,1,2,0,0,0
2020-08-18 02:15,2,0,2,0,0,0
2020-08-18 02:30,4,1,3,0,0,0
2020-08-18 02:45,1,1,0,0,0,0
2020-08-18 03:00,2,0,2,0,0,0
2020-08-18 03:15,1,0,1,0,0,0
2020-08-18 03:30,2,2,0,0,0,0
2020-08-18 03:45,4,1,3,0,0,0
2020-08-18 04:00,0,0,0,0,0,0
2020-08-18 04:15,2,2,0,0,0,0
2020-08-18 04:30,1,0,1,0,0,0
2020-08-18 04:45,8,2,6,0,0,0
2020-08-18 05:00,6,2,4,0,0,0
2020-08-18 05:15,17,8,9,0,0,0
2020-08-18 05:30,18,9,9,0,0,0
2020-08-18 05:45,17,12,5,0,0,0
2020-08-18 06:00,24,14,10,0,0,0
2020-08-18 06:15,37,15,22,0,0,0
2020-08-18 06:30,43,16,27,0,0,0
2020-08-18 06:45,64,35,29,0,0,0
2020-08-18 07:00,76,38,38,0,0,0
2020-08-18 07:15,105,45,60,0,0,0
2020-08-18 07:30,149,63,86,0,0,0
2020-08-18 07:45,148,79,69,0,0,0
2020-08-18 08:00,133,69,64,0,0,0
2020-08-18 08:15,132,67,65,0,0,0
2020-08-18 08:30,123,62,61,0,0,0
2020-08-18 08:45,144,73,71,0,0,0
2020-08-18 09:00,128,60,68,0,0,0
2020-08-18 09:15,89,35,54,0,0,0
2020-08-18 09:30,97,43,54,0,0,0
2020-08-18 09:45,76,32,44,0,0,0
2020-08-18 10:00,80,37,43,0,0,0
2020-08-18 10:15,83,36,47,0,0,0
2020-08-18 10:30,94,49,45,0,0,0
2020-08-18 10:45,110,47,63,0,0,0
2020-08-18 11:00,107,46,61,0,0,0
2020-08-18 11:15,81,27,54,0,0,0
2020-08-18 11:30,98,38,60,0,0,0
2020-08-18 11:45,105,47,58,0,0,0
2020-08-18 12:00,110,50,60,0,0,0
2020-08-18 12:15,123,63,60,0,0,0
2020-08-18 12:30,116,53,63,0,0,0
2020-08-18 12:45,115,55,60,0,0,0
2020-08-18 13:00,126,71,55,0,0,0
2020-08-18 13:15,119,57,62,0,0,0
2020-08-18 13:30,119,60,59,0,0,0
2020-08-18 13:45,139,78,61,0,0,0
2020-08-18 14:00,141,77,64,0,0,0
2020-08-18 14:15,135,64,71,0,0,0
2020-08-18 14:30,116,49,67,0,0,0
2020-08-18 14:45,147,77,70,0,0,0
2020-08-18 15:00,127,63,64,0,0,0
2020-08-18 15:15,132,73,59,0,0,0
2020-08-18 15:30,161,78,83,0,0,0
2020-08-18 15:45,139,67,72,0,0,0
2020-08-18 16:00,156,92,64,0,0,0
2020-08-18 16:15,184,88,96,0,0,0
2020-08-18 16:30,161,72,89,0,0,0
2020-08-18 16:45,152,75,77,0,0,0
2020-08-18 17:00,166,90,76,0,0,0
2020-08-18 17:15,182,86,96,0,0,0
2020-08-18 17:30,173,92,81,0,0,0
2020-08-18 17:45,213,113,100,0,0,0
2020-08-18 18:00,172,83,89,0,0,0
2020-08-18 18:15,148,73,75,0,0,0
2020-08-18 18:30,131,65,66,0,0,0
2020-08-18 18:45,136,71,65,0,0,0
2020-08-18 19:00,128,64,64,0,0,0
2020-08-18 19:15,127,65,62,0,0,0
2020-08-18 19:30,129,62,67,0,0,0
2020-08-18 19:45,102,53,49,0,0,0
2020-08-18 20:00,82,43,39,0,0,0
2020-08-18 20:15,91,45,46,0,0,0
2020-08-18 20:30,100,43,57,0,0,0
2020-08-18 20:45,79,27,52,0,0,0
2020-08-18 21:00,102,48,54,0,0,0
2020-08-18 21:15,57,23,34,0,0,0
2020-08-18 21:30,66,31,35,0,0,0
2020-08-18 21:45,44,18,26,0,0,0
2020-08-18 22:00,52,15,37,0,0,0
2020-08-18 22:15,42,13,29,0,0,0
2020-08-18 22:30,48,7,41,0,0,0
2020-08-18 22:45,40,16,24,0,0,0
2020-08-18 23:00,41,10,31,0,0,0
2020-08-18 23:15,29,14,15,0,0,0
2020-08-18 23:30,32,15,17,0,0,0
2020-08-18 23:45,36,20,16,0,0,0
2020-08-19 00:00,17,9,8,0,0,0
2020-08-19 00:15,26,4,22,0,0,0
2020-08-19 00:30,8,3,5,0,0,0
2020-08-19 00:45,8,5,3,0,0,0
2020-08-19 01:00,9,8,1,0,0,0
2020-08-19 01:15,4,1,3,0,0,0
2020-08-19 01:30,8,2,6,0,0,0
2020-08-19 01:45,6,2,4,0,0,0
2020-08-19 02:00,2,0,2,0,0,0
2020-08-19 02:15,4,3,1,0,0,0
2020-08-19 02:30,2,2,0,0,0,0
2020-08-19 02:45,2,0,2,0,0,0
2020-08-19 03:00,1,1,0,0,0,0
2020-08-19 03:15,2,2,0,0,0,0
2020-08-19 03:30,4,1,3,0,0,0
2020-08-19 03:45,3,1,2,0,0,0
2020-08-19 04:00,1,0,1,0,0,0
2020-08-19 04:15,1,1,0,0,0,0
2020-08-19 04:30,4,1,3,0,0,0
2020-08-19 04:45,4,2,2,0,0,0
2020-08-19 05:00,2,2,0,0,0,0
2020-08-19 05:15,11,9,2,0,0,0
2020-08-19 05:30,18,7,11,0,0,0
2020-08-19 05:45,23,12,11,0,0,0
2020-08-19 06:00,23,11,12,0,0,0
2020-08-19 06:15,32,12,20,0,0,0
2020-08-19 06:30,48,21,27,0,0,0
2020-08-19 06:45,62,26,36,0,0,0
2020-08-19 07:00,76,47,29,0,0,0
2020-08-19 07:15,111,51,60,0,0,0
2020-08-19 07:30,154,67,87,0,0,0
2020-08-19 07:45,190,105,85,0,0,0
2020-08-19 08:00,134,80,54,0,0,0
2020-08-19 08:15,139,67,72,0,0,0
2020-08-19 08:30,136,70,66,0,0,0
2020-08-19 08:45,155,79,76,0,0,0
2020-08-19 09:00,115,55,60,0,0,0
2020-08-19 09:15,96,44,52,0,0,0
2020-08-19 09:30,96,45,51,0,0,0
2020-08-19 09:45,88,39,49,0,0,0
2020-08-19 10:00,106,42,64,0,0,0
2020-08-19 10:15,89,29,60,0,0,0
2020-08-19 10:30,92,36,56,0,0,0
2020-08-19 10:45,118,55,63,0,0,0
2020-08-19 11:00,116,52,64,0,0,0
2020-08-19 11:15,128,67,61,0,0,0
2020-08-19 11:30,137,68,69,0,0,0
2020-08-19 11:45,139,76,63,0,0,0
2020-08-19 12:00,114,64,50,0,0,0
2020-08-19 12:15,139,58,81,0,0,0
2020-08-19 12:30,116,59,57,0,0,0
2020-08-19 12:45,139,69,70,0,0,0
2020-08-19 13:00,143,83,60,0,0,0
2020-08-19 13:15,157,85,72,0,0,0
2020-08-19 13:30,141,68,73,0,0,0
2020-08-19 13:45,126,73,53,0,0,0
2020-08-19 14:00,162,73,89,0,0,0
2020-08-19 14:15,123,64,59,0,0,0
2020-08-19 14:30,136,67,69,0,0,0
2020-08-19 14:45,141,60,81,0,0,0
2020-08-19 15:00,129,72,57,0,0,0
2020-08-19 15:15,146,83,63,0,0,0
2020-08-19 15:30,146,81,65,0,0,0
2020-08-19 15:45,153,71,82,0,0,0
2020-08-19 16:00,192,79,113,0,0,0
2020-08-19 16:15,176,81,95,0,0,0
2020-08-19 16:30,178,87,91,0,0,0
2020-08-19 16:45,182,98,84,0,0,0
2020-08-19 17:00,189,99,90,0,0,0
2020-08-19 17:15,193,102,91,0,0,0
2020-08-19 17:30,163,83,80,0,0,0
2020-08-19 17:45,195,95,100,0,0,0
2020-08-19 18:00,166,84,82,0,0,0
2020-08-19 18:15,183,119,64,0,0,0
2020-08-19 18:30,169,99,70,0,0,0
2020-08-19 18:45,182,92,90,0,0,0
2020-08-19 19:00,123,63,60,0,0,0
2020-08-19 19:15,133,78,55,0,0,0
2020-08-19 19:30,122,64,58,0,0,0
2020-08-19 19:45,127,71,56,0,0,0
2020-08-19 20:00,113,43,70,0,0,0
2020-08-19 20:15,88,35,53,0,0,0
2020-08-19 20:30,118,43,75,0,0,0
2020-08-19 20:45,110,53,57,0,0,0
2020-08-19 21:00,92,35,57,0,0,0
2020-08-19 21:15,78,32,46,0,0,0
2020-08-19 21:30,77,30,47,0,0,0
2020-08-19 21:45,65,25,40,0,0,0
2020-08-19 22:00,56,31,25,0,0,0
2020-08-19 22:15,57,24,33,0,0,0
2020-08-19 22:30,65,22,43,0,0,0
2020-08-19 22:45,50,16,34,0,0,0
2020-08-19 23:00,68,25,43,0,0,0
2020-08-19 23:15,55,22,33,0,0,0
2020-08-19 23:30,51,25,26,0,0,0
2020-08-19 23:45,42,26,16,0,0,0
2020-08-20 00:00,17,6,11,0,0,0
2020-08-20 00:15,23,9,14,0,0,0
2020-08-20 00:30,18,5,13,0,0,0
2020-08-20 00:45,11,4,7,0,0,0
2020-08-20 01:00,11,2,9,0,0,0
2020-08-20 01:15,13,6,7,0,0,0
2020-08-20 01:30,12,3,9,0,0,0
2020-08-20 01:45,10,5,5,0,0,0
2020-08-20 02:00,10,3,7,0,0,0
2020-08-20 02:15,6,4,2,0,0,0
2020-08-20 02:30,3,3,0,0,0,0
2020-08-20 02:45,5,3,2,0,0,0
2020-08-20 03:00,4,0,4,0,0,0
2020-08-20 03:15,2,1,1,0,0,0
2020-08-20 03:30,5,1,4,0,0,0
2020-08-20 03:45,4,3,1,0,0,0
2020-08-20 04:00,6,1,5,0,0,0
2020-08-20 04:15,4,3,1,0,0,0
2020-08-20 04:30,3,0,3,0,0,0
2020-08-20 04:45,8,3,5,0,0,0
2020-08-20 05:00,8,2,6,0,0,0
2020-08-20 05:15,12,6,6,0,0,0
2020-08-20 05:30,19,9,10,0,0,0
2020-08-20 05:45,19,11,8,0,0,0
2020-08-20 06:00,29,15,14,0,0,0
2020-08-20 06:15,26,10,16,0,0,0
2020-08-20 06:30,41,12,29,0,0,0
2020-08-20 06:45,70,36,34,0,0,0
2020-08-20 07:00,75,38,37,0,0,0
2020-08-20 07:15,121,63,58,0,0,0
2020-08-20 07:30,151,69,82,0,0,0
2020-08-20 07:45,143,83,60,0,0,0
2020-08-20 08:00,110,62,48,0,0,0
2020-08-20 08:15,140,70,70,0,0,0
2020-08-20 08:30,144,73,71,0,0,0
2020-08-20 08:45,143,73,70,0,0,0
2020-08-20 09:00,136,53,83,0,0,0
2020-08-20 09:15,108,44,64,0,0,0
2020-08-20 09:30,87,32,55,0,0,0
2020-08-20 09:45,103,51,52,0,0,0
2020-08-20 10:00,90,37,53,0,0,0
2020-08-20 10:15,105,51,54,0,0,0
2020-08-20 10:30,96,49,47,0,0,0
2020-08-20 10:45,96,47,49,0,0,0
2020-08-20 11:00,89,31,58,0,0,0
2020-08-20 11:15,84,35,49,0,0,0
2020-08-20 11:30,81,38,43,0,0,0
2020-08-20 11:45,136,58,78,0,0,0
2020-08-20 12:00,115,62,53,0,0,0
2020-08-20 12:15,130,56,74,0,0,0
2020-08-20 12:30,129,59,70,0,0,0
2020-08-20 12:45,118,61,57,0,0,0
2020-08-20 13:00,164,75,89,0,0,0
2020-08-20 13:15,118,73,45,0,0,0
2020-08-20 13:30,116,68,48,0,0,0
2020-08-20 13:45,118,58,60,0,0,0
2020-08-20 14:00,142,81,61,0,0,0
2020-08-20 14:15,121,58,63,0,0,0
2020-08-20 14:30,120,64,56,0,0,0
2020-08-20 14:45,137,72,65,0,0,0
2020-08-20 15:00,132,81,51,0,0,0
2020-08-20 15:15,108,56,52,0,0,0
2020-08-20 15:30,153,82,71,0,0,0
2020-08-20 15:45,150,77,73,0,0,0
2020-08-20 16:00,169,95,74,0,0,0
2020-08-20 16:15,188,97,91,0,0,0
2020-08-20 16:30,183,98,85,0,0,0
2020-08-20 16:45,194,104,90,0,0,0
2020-08-20 17:00,206,89,117,0,0,0
2020-08-20 17:15,188,97,91,0,0,0
2020-08-20 17:30,162,72,90,0,0,0
2020-08-20 17:45,200,93,107,0,0,0
2020-08-20 18:00,189,90,99,0,0,0
2020-08-20 18:15,187,90,97,0,0,0
2020-08-20 18:30,156,78,78,0,0,0
2020-08-20 18:45,158,91,67,0,0,0
2020-08-20 19:00,134,71,63,0,0,0
2020-08-20 19:15,139,71,68,0,0,0
2020-08-20 19:30,103,48,55,0,0,0
2020-08-20 19:45,101,51,50,0,0,0
2020-08-20 20:00,86,49,37,0,0,0
2020-08-20 20:15,82,43,39,0,0,0
2020-08-20 20:30,63,20,43,0,0,0
2020-08-20 20:45,78,34,44,0,0,0
2020-08-20 21:00,96,47,49,0,0,0
2020-08-20 21:15,89,27,62,0,0,0
2020-08-20 21:30,74,30,44,0,0,0
2020-08-20 21:45,81,23,58,0,0,0
2020-08-20 22:00,69,32,37,0,0,0
2020-08-20 22:15,57,21,36,0,0,0
2020-08-20 22:30,53,15,38,0,0,0
2020-08-20 22:45,62,31,31,0,0,0
2020-08-20 23:00,38,21,17,0,0,0
2020-08-20 23:15,42,14,28,0,0,0
2020-08-20 23:30,37,16,21,0,0,0
2020-08-20 23:45,27,9,18,0,0,0
2020-08-21 00:00,36,8,28,0,0,0
2020-08-21 00:15,16,5,11,0,0,0
2020-08-21 00:30,11,4,7,0,0,0
2020-08-21 00:45,14,5,9,0,0,0
2020-08-21 01:00,15,1,14,0,0,0
2020-08-21 01:15,21,6,15,0,0,0
2020-08-21 01:30,8,2,6,0,0,0
2020-08-21 01:45,13,7,6,0,0,0
2020-08-21 02:00,3,1,2,0,0,0
2020-08-21 02:15,6,1,5,0,0,0
2020-08-21 02:30,2,2,0,0,0,0
2020-08-21 02:45,2,1,1,0,0,0
2020-08-21 03:00,2,0,2,0,0,0
2020-08-21 03:15,6,2,4,0,0,0
2020-08-21 03:30,3,1,2,0,0,0
2020-08-21 03:45,1,0,1,0,0,0
2020-08-21 04:00,5,3,2,0,0,0
2020-08-21 04:15,3,2,1,0,0,0
2020-08-21 04:30,2,0,2,0,0,0
2020-08-21 04:45,8,1,7,0,0,0
2020-08-21 05:00,4,1,3,0,0,0
2020-08-21 05:15,16,10,6,0,0,0
2020-08-21 05:30,16,8,8,0,0,0
2020-08-21 05:45,22,11,11,0,0,0
2020-08-21 06:00,16,9,7,0,0,0
2020-08-21 06:15,30,11,19,0,0,0
2020-08-21 06:30,44,14,30,0,0,0
2020-08-21 06:45,57,34,23,0,0,0
2020-08-21 07:00,49,23,26,0,0,0
2020-08-21 07:15,60,26,34,0,0,0
2020-08-21 07:30,91,34,57,0,0,0
2020-08-21 07:45,110,52,58,0,0,0
2020-08-21 08:00,86,49,37,0,0,0
2020-08-21 08:15,108,59,49,0,0,0
2020-08-21 08:30,108,51,57,0,0,0
2020-08-21 08:45,139,62,77,0,0,0
2020-08-21 09:00,94,33,61,0,0,0
2020-08-21 09:15,94,35,59,0,0,0
2020-08-21 09:30,85,40,45,0,0,0
2020-08-21 09:45,82,30,52,0,0,0
2020-08-21 10:00,80,38,42,0,0,0
2020-08-21 10:15,89,34,55,0,0,0
2020-08-21 10:30,84,36,48,0,0,0
2020-08-21 10:45,120,54,66,0,0,0
2020-08-21 11:00,86,39,47,0,0,0
2020-08-21 11:15,77,36,41,0,0,0
2020-08-21 11:30,72,35,37,0,0,0
2020-08-21 11:45,92,39,53,0,0,0
2020-08-21 12:00,117,61,56,0,0,0
2020-08-21 12:15,134,58,76,0,0,0
2020-08-21 12:30,107,64,43,0,0,0
2020-08-21 12:45,121,53,68,0,0,0
2020-08-21 13:00,143,72,71,0,0,0
2020-08-21 13:15,98,57,41,0,0,0
2020-08-21 13:30,113,53,60,0,0,0
2020-08-21 13:45,100,45,55,0,0,0
2020-08-21 14:00,132,55,77,0,0,0
2020-08-21 14:15,115,52,63,0,0,0
2020-08-21 14:30,124,61,63,0,0,0
2020-08-21 14:45,116,57,59,0,0,0
2020-08-21 15:00,89,41,48,0,0,0
2020-08-21 15:15,114,61,53,0,0,0
2020-08-21 15:30,99,45,54,0,0,0
2020-08-21 15:45,98,54,44,0,0,0
2020-08-21 16:00,111,50,61,0,0,0
2020-08-21 16:15,145,73,72,0,0,0
2020-08-21 16:30,126,69,57,0,0,0
2020-08-21 16:45,132,67,65,0,0,0
2020-08-21 17:00,124,62,62,0,0,0
2020-08-21 17:15,53,22,31,0,0,0
2020-08-21 17:30,137,59,78,0,0,0
2020-08-21 17:45,109,55,54,0,0,0
2020-08-21 18:00,113,71,42,0,0,0
2020-08-21 18:15,102,60,42,0,0,0
2020-08-21 18:30,122,65,57,0,0,0
2020-08-21 18:45,128,70,58,0,0,0
2020-08-21 19:00,123,65,58,0,0,0
2020-08-21 19:15,68,38,30,0,0,0
2020-08-21 19:30,83,43,40,0,0,0
2020-08-21 19:45,98,51,47,0,0,0
2020-08-21 20:00,95,47,48,0,0,0
2020-08-21 20:15,73,38,35,0,0,0
2020-08-21 20:30,68,34,34,0,0,0
2020-08-21 20:45,78,34,44,0,0,0
2020-08-21 21:00,71,41,30,0,0,0
2020-08-21 21:15,67,35,32,0,0,0
2020-08-21 21:30,66,21,45,0,0,0
2020-08-21 21:45,51,18,33,0,0,0
2020-08-21 22:00,55,10,45,0,0,0
2020-08-21 22:15,38,11,27,0,0,0
2020-08-21 22:30,54,31,23,0,0,0
2020-08-21 22:45,61,22,39,0,0,0
2020-08-21 23:00,46,16,30,0,0,0
2020-08-21 23:15,51,19,32,0,0,0
2020-08-21 23:30,52,17,35,0,0,0
2020-08-21 23:45,35,9,26,0,0,0
2020-08-22 00:00,39,16,23,0,0,0
2020-08-22 00:15,46,18,28,0,0,0
2020-08-22 00:30,37,8,29,0,0,0
2020-08-22 00:45,33,14,19,0,0,0
2020-08-22 01:00,41,16,25,0,0,0
2020-08-22 01:15,33,10,23,0,0,0
2020-08-22 01:30,20,7,13,0,0,0
2020-08-22 01:45,22,5,17,0,0,0
2020-08-22 02:00,11,4,7,0,0,0
2020-08-22 02:15,19,7,12,0,0,0
2020-08-22 02:30,25,9,16,0,0,0
2020-08-22 02:45,13,4,9,0,0,0
2020-08-22 03:00,12,9,3,0,0,0
2020-08-22 03:15,10,6,4,0,0,0
2020-08-22 03:30,4,1,3,0,0,0
2020-08-22 03:45,10,2,8,0,0,0
2020-08-22 04:00,13,0,13,0,0,0
2020-08-22 04:15,8,4,4,0,0,0
2020-08-22 04:30,6,3,3,0,0,0
2020-08-22 04:45,7,2,5,0,0,0
2020-08-22 05:00,0,0,0,0,0,0
2020-08-22 05:15,7,2,5,0,0,0
2020-08-22 05:30,5,2,3,0,0,0
2020-08-22 05:45,9,1,8,0,0,0
2020-08-22 06:00,5,0,5,0,0,0
2020-08-22 06:15,9,3,6,0,0,0
2020-08-22 06:30,14,5,9,0,0,0
2020-08-22 06:45,14,4,10,0,0,0
2020-08-22 07:00,20,10,10,0,0,0
2020-08-22 07:15,12,7,5,0,0,0
2020-08-22 07:30,10,6,4,0,0,0
2020-08-22 07:45,18,8,10,0,0,0
2020-08-22 08:00,20,8,12,0,0,0
2020-08-22 08:15,21,10,11,0,0,0
2020-08-22 08:30,27,8,19,0,0,0
2020-08-22 08:45,35,16,19,0,0,0
2020-08-22 09:00,35,17,18,0,0,0
2020-08-22 09:15,37,17,20,0,0,0
2020-08-22 09:30,70,22,48,0,0,0
2020-08-22 09:45,56,26,30,0,0,0
2020-08-22 10:00,96,41,55,0,0,0
2020-08-22 10:15,74,30,44,0,0,0
2020-08-22 10:30,63,31,32,0,0,0
2020-08-22 10:45,80,41,39,0,0,0
2020-08-22 11:00,77,28,49,0,0,0
2020-08-22 11:15,85,31,54,0,0,0
2020-08-22 11:30,96,37,59,0,0,0
2020-08-22 11:45,89,46,43,0,0,0
2020-08-22 12:00,82,34,48,0,0,0
2020-08-22 12:15,108,46,62,0,0,0
2020-08-22 12:30,102,44,58,0,0,0
2020-08-22 12:45,88,43,45,0,0,0
2020-08-22 13:00,101,55,46,0,0,0
2020-08-22 13:15,107,61,46,0,0,0
2020-08-22 13:30,117,66,51,0,0,0
2020-08-22 13:45,112,60,52,0,0,0
2020-08-22 14:00,97,40,57,0,0,0
2020-08-22 14:15,113,55,58,0,0,0
2020-08-22 14:30,113,65,48,0,0,0
2020-08-22 14:45,93,49,44,0,0,0
2020-08-22 15:00,91,45,46,0,0,0
2020-08-22 15:15,110,65,45,0,0,0
2020-08-22 15:30,73,32,41,0,0,0
2020-08-22 15:45,88,44,44,0,0,0
2020-08-22 16:00,117,65,52,0,0,0
2020-08-22 16:15,85,44,41,0,0,0
2020-08-22 16:30,103,52,51,0,0,0
2020-08-22 16:45,103,63,40,0,0,0
2020-08-22 17:00,84,50,34,0,0,0
2020-08-22 17:15,116,51,65,0,0,0
2020-08-22 17:30,116,62,54,0,0,0
2020-08-22 17:45,109,47,62,0,0,0
2020-08-22 18:00,148,80,68,0,0,0
2020-08-22 18:15,89,55,34,0,0,0
2020-08-22 18:30,85,43,42,0,0,0
2020-08-22 18:45,129,55,74,0,0,0
2020-08-22 19:00,114,62,52,0,0,0
2020-08-22 19:15,97,46,51,0,0,0
2020-08-22 19:30,90,44,46,0,0,0
2020-08-22 19:45,70,40,30,0,0,0
2020-08-22 20:00,70,37,33,0,0,0
2020-08-22 20:15,82,31,51,0,0,0
2020-08-22 20:30,70,32,38,0,0,0
2020-08-22 20:45,56,24,32,0,0,0
2020-08-22 21:00,62,36,26,0,0,0
2020-08-22 21:15,72,40,32,0,0,0
2020-08-22 21:30,61,27,34,0,0,0
2020-08-22 21:45,58,30,28,0,0,0
2020-08-22 22:00,59,29,30,0,0,0
2020-08-22 22:15,48,16,32,0,0,0
2020-08-22 22:30,82,39,43,0,0,0
2020-08-22 22:45,55,25,30,0,0,0
2020-08-22 23:00,40,22,18,0,0,0
2020-08-22 23:15,43,17,26,0,0,0
2020-08-22 23:30,32,20,12,0,0,0
2020-08-22 23:45,51,30,21,0,0,0
2020-08-23 00:00,48,25,23,0,0,0
2020-08-23 00:15,40,12,28,0,0,0
2020-08-23 00:30,41,24,17,0,0,0
2020-08-23 00:45,40,16,24,0,0,0
2020-08-23 01:00,32,12,20,0,0,0
2020-08-23 01:15,30,12,18,0,0,0
2020-08-23 01:30,35,12,23,0,0,0
2020-08-23 01:45,35,13,22,0,0,0
2020-08-23 02:00,23,12,11,0,0,0
2020-08-23 02:15,32,10,22,0,0,0
2020-08-23 02:30,19,9,10,0,0,0
2020-08-23 02:45,15,5,10,0,0,0
2020-08-23 03:00,19,9,10,0,0,0
2020-08-23 03:15,15,7,8,0,0,0
2020-08-23 03:30,17,5,12,0,0,0
2020-08-23 03:45,12,8,4,0,0,0
2020-08-23 04:00,10,2,8,0,0,0
2020-08-23 04:15,6,0,6,0,0,0
2020-08-23 04:30,8,5,3,0,0,0
2020-08-23 04:45,8,1,7,0,0,0
2020-08-23 05:00,4,1,3,0,0,0
2020-08-23 05:15,8,4,4,0,0,0
2020-08-23 05:30,21,4,17,0,0,0
2020-08-23 05:45,8,2,6,0,0,0
2020-08-23 06:00,4,1,3,0,0,0
2020-08-23 06:15,7,3,4,0,0,0
2020-08-23 06:30,6,2,4,0,0,0
2020-08-23 06:45,3,1,2,0,0,0
2020-08-23 07:00,1,0,1,0,0,0
2020-08-23 07:15,6,3,3,0,0,0
2020-08-23 07:30,12,7,5,0,0,0
2020-08-23 07:45,7,1,6,0,0,0
2020-08-23 08:00,5,1,4,0,0,0
2020-08-23 08:15,12,6,6,0,0,0
2020-08-23 08:30,15,5,10,0,0,0
2020-08-23 08:45,30,9,21,0,0,0
2020-08-23 09:00,17,7,10,0,0,0
2020-08-23 09:15,17,5,12,0,0,0
2020-08-23 09:30,21,11,10,0,0,0
2020-08-23 09:45,34,21,13,0,0,0
2020-08-23 10:00,57,25,32,0,0,0
2020-08-23 10:15,46,24,22,0,0,0
2020-08-23 10:30,47,19,28,0,0,0
2020-08-23 10:45,64,33,31,0,0,0
2020-08-23 11:00,55,34,21,0,0,0
2020-08-23 11:15,52,25,27,0,0,0
2020-08-23 11:30,48,21,27,0,0,0
2020-08-23 11:45,45,18,27,0,0,0
2020-08-23 12:00,52,22,30,0,0,0
2020-08-23 12:15,74,36,38,0,0,0
2020-08-23 12:30,48,24,24,0,0,0
2020-08-23 12:45,75,31,44,0,0,0
2020-08-23 13:00,70,30,40,0,0,0
2020-08-23 13:15,85,37,48,0,0,0
2020-08-23 13:30,59,26,33,0,0,0
2020-08-23 13:45,71,26,45,0,0,0
2020-08-23 14:00,66,31,35,0,0,0
2020-08-23 14:15,61,36,25,0,0,0
2020-08-23 14:30,72,31,41,0,0,0
2020-08-23 14:45,65,33,32,0,0,0
2020-08-23 15:00,83,37,46,0,0,0
2020-08-23 15:15,56,29,27,0,0,0
2020-08-23 15:30,66,32,34,0,0,0
2020-08-23 15:45,78,37,41,0,0,0
2020-08-23 16:00,98,49,49,0,0,0
2020-08-23 16:15,84,42,42,0,0,0
2020-08-23 16:30,60,29,31,0,0,0
2020-08-23 16:45,72,39,33,0,0,0
2020-08-23 17:00,91,40,51,0,0,0
2020-08-23 17:15,76,32,44,0,0,0
2020-08-23 17:30,95,45,50,0,0,0
2020-08-23 17:45,110,38,72,0,0,0
2020-08-23 18:00,69,36,33,0,0,0
2020-08-23 18:15,58,28,30,0,0,0
2020-08-23 18:30,74,38,36,0,0,0
2020-08-23 18:45,83,30,53,0,0,0
2020-08-23 19:00,76,35,41,0,0,0
2020-08-23 19:15,62,32,30,0,0,0
2020-08-23 19:30,76,27,49,0,0,0
2020-08-23 19:45,63,23,40,0,0,0
2020-08-23 20:00,85,38,47,0,0,0
2020-08-23 20:15,60,21,39,0,0,0
2020-08-23 20:30,85,33,52,0,0,0
2020-08-23 20:45,51,24,27,0,0,0
2020-08-23 21:00,39,24,15,0,0,0
2020-08-23 21:15,52,21,31,0,0,0
2020-08-23 21:30,43,16,27,0,0,0
2020-08-23 21:45,29,10,19,0,0,0
2020-08-23 22:00,32,10,22,0,0,0
2020-08-23 22:15,28,9,19,0,0,0
2020-08-23 22:30,24,10,14,0,0,0
2020-08-23 22:45,27,16,11,0,0,0
2020-08-23 23:00,26,6,20,0,0,0
2020-08-23 23:15,39,24,15,0,0,0
2020-08-23 23:30,32,20,12,0,0,0
2020-08-23 23:45,31,8,23,0,0,0
2020-08-24 00:00,15,7,8,0,0,0
2020-08-24 00:15,12,2,10,0,0,0
2020-08-24 00:30,9,2,7,0,0,0
2020-08-24 00:45,4,4,0,0,0,0
2020-08-24 01:00,13,6,7,0,0,0
2020-08-24 01:15,11,7,4,0,0,0
2020-08-24 01:30,2,0,2,0,0,0
2020-08-24 01:45,3,0,3,0,0,0
2020-08-24 02:00,3,0,3,0,0,0
2020-08-24 02:15,0,0,0,0,0,0
2020-08-24 02:30,2,1,1,0,0,0
2020-08-24 02:45,1,0,1,0,0,0
2020-08-24 03:00,3,1,2,0,0,0
2020-08-24 03:15,0,0,0,0,0,0
2020-08-24 03:30,1,1,0,0,0,0
2020-08-24 03:45,0,0,0,0,0,0
2020-08-24 04:00,3,0,3,0,0,0
2020-08-24 04:15,1,1,0,0,0,0
2020-08-24 04:30,5,1,4,0,0,0
2020-08-24 04:45,17,5,12,0,0,0
2020-08-24 05:00,3,2,1,0,0,0
2020-08-24 05:15,9,5,4,0,0,0
2020-08-24 05:30,19,6,13,0,0,0
2020-08-24 05:45,21,10,11,0,0,0
2020-08-24 06:00,19,9,10,0,0,0
2020-08-24 06:15,21,10,11,0,0,0
2020-08-24 06:30,61,24,37,0,0,0
2020-08-24 06:45,65,36,29,0,0,0
2020-08-24 07:00,70,36,34,0,0,0
2020-08-24 07:15,89,36,53,0,0,0
2020-08-24 07:30,156,62,94,0,0,0
2020-08-24 07:45,137,85,52,0,0,0
2020-08-24 08:00,114,55,59,0,0,0
2020-08-24 08:15,126,73,53,0,0,0
2020-08-24 08:30,130,71,59,0,0,0
2020-08-24 08:45,135,65,70,0,0,0
2020-08-24 09:00,85,43,42,0,0,0
2020-08-24 09:15,100,44,56,0,0,0
2020-08-24 09:30,90,42,48,0,0,0
2020-08-24 09:45,110,42,68,0,0,0
2020-08-24 10:00,77,31,46,0,0,0
2020-08-24 10:15,96,46,50,0,0,0
2020-08-24 10:30,101,38,63,0,0,0
2020-08-24 10:45,85,40,45,0,0,0
2020-08-24 11:00,84,49,35,0,0,0
2020-08-24 11:15,105,59,46,0,0,0
2020-08-24 11:30,119,56,63,0,0,0
2020-08-24 11:45,105,58,47,0,0,0
2020-08-24 12:00,93,37,56,0,0,0
2020-08-24 12:15,122,64,58,0,0,0
2020-08-24 12:30,109,57,52,0,0,0
2020-08-24 12:45,104,44,60,0,0,0
2020-08-24 13:00,100,54,46,0,0,0
2020-08-24 13:15,111,74,37,0,0,0
2020-08-24 13:30,108,45,63,0,0,0
2020-08-24 13:45,119,53,66,0,0,0
2020-08-24 14:00,118,60,58,0,0,0
2020-08-24 14:15,105,50,55,0,0,0
2020-08-24 14:30,101,50,51,0,0,0
2020-08-24 14:45,101,46,55,0,0,0
2020-08-24 15:00,123,72,51,0,0,0
2020-08-24 15:15,92,41,51,0,0,0
2020-08-24 15:30,123,61,62,0,0,0
2020-08-24 15:45,133,62,71,0,0,0
2020-08-24 16:00,130,56,74,0,0,0
2020-08-24 16:15,143,74,69,0,0,0
2020-08-24 16:30,127,58,69,0,0,0
2020-08-24 16:45,155,85,70,0,0,0
2020-08-24 17:00,133,69,64,0,0,0
2020-08-24 17:15,165,74,91,0,0,0
2020-08-24 17:30,130,68,62,0,0,0
2020-08-24 17:45,163,80,83,0,0,0
2020-08-24 18:00,151,70,81,0,0,0
2020-08-24 18:15,143,75,68,0,0,0
2020-08-24 18:30,105,44,61,0,0,0
2020-08-24 18:45,133,62,71,0,0,0
2020-08-24 19:00,121,67,54,0,0,0
2020-08-24 19:15,98,57,41,0,0,0
2020-08-24 19:30,88,52,36,0,0,0
2020-08-24 19:45,87,40,47,0,0,0
2020-08-24 20:00,77,28,49,0,0,0
2020-08-24 20:15,44,20,24,0,0,0
2020-08-24 20:30,72,37,35,0,0,0
2020-08-24 20:45,56,24,32,0,0,0
2020-08-24 21:00,61,30,31,0,0,0
2020-08-24 21:15,51,15,36,0,0,0
2020-08-24 21:30,43,22,21,0,0,0
2020-08-24 21:45,52,23,29,0,0,0
2020-08-24 22:00,33,14,19,0,0,0
2020-08-24 22:15,28,11,17,0,0,0
2020-08-24 22:30,34,9,25,0,0,0
2020-08-24 22:45,22,7,15,0,0,0
2020-08-24 23:00,24,3,21,0,0,0
2020-08-24 23:15,20,12,8,0,0,0
2020-08-24 23:30,11,0,11,0,0,0
2020-08-24 23:45,12,6,6,0,0,0
2020-08-25 00:00,10,2,8,0,0,0
2020-08-25 00:15,13,6,7,0,0,0
2020-08-25 00:30,4,2,2,0,0,0
2020-08-25 00:45,12,8,4,0,0,0
2020-08-25 01:00,8,4,4,0,0,0
2020-08-25 01:15,3,1,2,0,0,0
2020-08-25 01:30,3,2,1,0,0,0
2020-08-25 01:45,9,4,5,0,0,0
2020-08-25 02:00,7,3,4,0,0,0
2020-08-25 02:15,2,0,2,0,0,0
2020-08-25 02:30,1,0,1,0,0,0
2020-08-25 02:45,1,1,0,0,0,0
2020-08-25 03:00,1,0,1,0,0,0
2020-08-25 03:15,3,3,0,0,0,0
2020-08-25 03:30,0,0,0,0,0,0
2020-08-25 03:45,2,0,2,0,0,0
2020-08-25 04:00,1,0,1,0,0,0
2020-08-25 04:15,0,0,0,0,0,0
2020-08-25 04:30,2,1,1,0,0,0
2020-08-25 04:45,9,2,7,0,0,0
2020-08-25 05:00,2,1,1,0,0,0
2020-08-25 05:15,10,7,3,0,0,0
2020-08-25 05:30,18,9,9,0,0,0
2020-08-25 05:45,15,8,7,0,0,0
2020-08-25 06:00,20,12,8,0,0,0
2020-08-25 06:15,28,7,21,0,0,0
2020-08-25 06:30,46,18,28,0,0,0
2020-08-25 06:45,75,42,33,0,0,0
2020-08-25 07:00,72,39,33,0,0,0
2020-08-25 07:15,72,32,40,0,0,0
2020-08-25 07:30,181,67,114,0,0,0
2020-08-25 07:45,129,78,51,0,0,0
2020-08-25 08:00,126,66,60,0,0,0
2020-08-25 08:15,139,75,64,0,0,0
2020-08-25 08:30,101,56,45,0,0,0
2020-08-25 08:45,123,57,66,0,0,0
2020-08-25 09:00,114,55,59,0,0,0
2020-08-25 09:15,77,36,41,0,0,0
2020-08-25 09:30,93,32,61,0,0,0
2020-08-25 09:45,106,49,57,0,0,0
2020-08-25 10:00,82,32,50,0,0,0
2020-08-25 10:15,81,30,51,0,0,0
2020-08-25 10:30,100,49,51,0,0,0
2020-08-25 10:45,87,40,47,0,0,0
2020-08-25 11:00,99,41,58,0,0,0
2020-08-25 11:15,113,58,55,0,0,0
2020-08-25 11:30,95,50,45,0,0,0
2020-08-25 11:45,137,69,68,0,0,0
2020-08-25 12:00,100,34,66,0,0,0
2020-08-25 12:15,110,46,64,0,0,0
2020-08-25 12:30,134,60,74,0,0,0
2020-08-25 12:45,118,66,52,0,0,0
2020-08-25 13:00,135,67,68,0,0,0
2020-08-25 13:15,119,67,52,0,0,0
2020-08-25 13:30,118,75,43,0,0,0
2020-08-25 13:45,131,66,65,0,0,0
2020-08-25 14:00,115,53,62,0,0,0
2020-08-25 14:15,125,61,64,0,0,0
2020-08-25 14:30,111,55,56,0,0,0
2020-08-25 14:45,125,53,72,0,0,0
2020-08-25 15:00,128,67,61,0,0,0
2020-08-25 15:15,119,65,54,0,0,0
2020-08-25 15:30,129,58,71,0,0,0
2020-08-25 15:45,105,48,57,0,0,0
2020-08-25 16:00,113,75,38,0,0,0
2020-08-25 16:15,138,75,63,0,0,0
2020-08-25 16:30,96,40,56,0,0,0
2020-08-25 16:45,122,58,64,0,0,0
2020-08-25 17:00,139,74,65,0,0,0
2020-08-25 17:15,115,40,75,0,0,0
2020-08-25 17:30,151,71,80,0,0,0
2020-08-25 17:45,182,105,77,0,0,0
2020-08-25 18:00,127,55,72,0,0,0
2020-08-25 18:15,132,66,66,0,0,0
2020-08-25 18:30,132,62,70,0,0,0
2020-08-25 18:45,121,53,68,0,0,0
2020-08-25 19:00,122,62,60,0,0,0
2020-08-25 19:15,108,58,50,0,0,0
2020-08-25 19:30,87,40,47,0,0,0
2020-08-25 19:45,93,50,43,0,0,0
2020-08-25 20:00,64,44,20,0,0,0
2020-08-25 20:15,75,35,40,0,0,0
2020-08-25 20:30,57,24,33,0,0,0
2020-08-25 20:45,53,24,29,0,0,0
2020-08-25 21:00,62,26,36,0,0,0
2020-08-25 21:15,35,20,15,0,0,0
2020-08-25 21:30,56,29,27,0,0,0
2020-08-25 21:45,50,28,22,0,0,0
2020-08-25 22:00,58,27,31,0,0,0
2020-08-25 22:15,43,18,25,0,0,0
2020-08-25 22:30,35,16,19,0,0,0
2020-08-25 22:45,36,13,23,0,0,0
2020-08-25 23:00,28,8,20,0,0,0
2020-08-25 23:15,28,9,19,0,0,0
2020-08-25 23:30,19,4,15,0,0,0
2020-08-25 23:45,9,2,7,0,0,0
2020-08-26 00:00,17,5,12,0,0,0
2020-08-26 00:15,12,8,4,0,0,0
2020-08-26 00:30,17,5,12,0,0,0
2020-08-26 00:45,17,7,10,0,0,0
2020-08-26 01:00,10,6,4,0,0,0
2020-08-26 01:15,9,5,4,0,0,0
2020-08-26 01:30,4,1,3,0,0,0
2020-08-26 01:45,4,0,4,0,0,0
2020-08-26 02:00,0,0,0,0,0,0
2020-08-26 02:15,5,1,4,0,0,0
2020-08-26 02:30,6,1,5,0,0,0
2020-08-26 02:45,3,0,3,0,0,0
2020-08-26 03:00,2,0,2,0,0,0
2020-08-26 03:15,0,0,0,0,0,0
2020-08-26 03:30,0,0,0,0,0,0
2020-08-26 03:45,1,1,0,0,0,0
2020-08-26 04:00,1,0,1,0,0,0
2020-08-26 04:15,1,1,0,0,0,0
2020-08-26 04:30,3,1,2,0,0,0
2020-08-26 04:45,7,5,2,0,0,0
2020-08-26 05:00,8,2,6,0,0,0
2020-08-26 05:15,7,6,1,0,0,0
2020-08-26 05:30,19,4,15,0,0,0
2020-08-26 05:45,20,10,10,0,0,0
2020-08-26 06:00,19,12,7,0,0,0
2020-08-26 06:15,31,14,17,0,0,0
2020-08-26 06:30,34,14,20,0,0,0
2020-08-26 06:45,53,27,26,0,0,0
2020-08-26 07:00,55,31,24,0,0,0
2020-08-26 07:15,73,28,45,0,0,0
2020-08-26 07:30,111,47,64,0,0,0
2020-08-26 07:45,107,54,53,0,0,0
2020-08-26 08:00,106,54,52,0,0,0
2020-08-26 08:15,104,53,51,0,0,0
2020-08-26 08:30,101,38,63,0,0,0
2020-08-26 08:45,109,53,56,0,0,0
2020-08-26 09:00,87,41,46,0,0,0
2020-08-26 09:15,78,35,43,0,0,0
2020-08-26 09:30,60,25,35,0,0,0
2020-08-26 09:45,80,27,53,0,0,0
2020-08-26 10:00,79,28,51,0,0,0
2020-08-26 10:15,68,21,47,0,0,0
2020-08-26 10:30,64,25,39,0,0,0
2020-08-26 10:45,82,32,50,0,0,0
2020-08-26 11:00,71,18,53,0,0,0
2020-08-26 11:15,65,25,40,0,0,0
2020-08-26 11:30,92,30,62,0,0,0
2020-08-26 11:45,94,45,49,0,0,0
2020-08-26 12:00,81,40,41,0,0,0
2020-08-26 12:15,87,41,46,0,0,0
2020-08-26 12:30,91,39,52,0,0,0
2020-08-26 12:45,87,35,52,0,0,0
2020-08-26 13:00,102,40,62,0,0,0
2020-08-26 13:15,105,53,52,0,0,0
2020-08-26 13:30,82,46,36,0,0,0
2020-08-26 13:45,97,43,54,0,0,0
2020-08-26 14:00,90,38,52,0,0,0
2020-08-26 14:15,91,48,43,0,0,0
2020-08-26 14:30,99,40,59,0,0,0
2020-08-26 14:45,84,37,47,0,0,0
2020-08-26 15:00,88,43,45,0,0,0
2020-08-26 15:15,83,42,41,0,0,0
2020-08-26 15:30,96,51,45,0,0,0
2020-08-26 15:45,126,70,56,0,0,0
2020-08-26 16:00,95,50,45,0,0,0
2020-08-26 16:15,128,62,66,0,0,0
2020-08-26 16:30,161,93,68,0,0,0
2020-08-26 16:45,119,62,57,0,0,0
2020-08-26 17:00,111,51,60,0,0,0
2020-08-26 17:15,131,62,69,0,0,0
2020-08-26 17:30,137,66,71,0,0,0
2020-08-26 17:45,110,43,67,0,0,0
2020-08-26 18:00,117,53,64,0,0,0
2020-08-26 18:15,105,54,51,0,0,0
2020-08-26 18:30,95,48,47,0,0,0
2020-08-26 18:45,109,49,60,0,0,0
2020-08-26 19:00,73,37,36,0,0,0
2020-08-26 19:15,85,47,38,0,0,0
2020-08-26 19:30,99,57,42,0,0,0
2020-08-26 19:45,65,32,33,0,0,0
2020-08-26 20:00,62,28,34,0,0,0
2020-08-26 20:15,62,31,31,0,0,0
2020-08-26 20:30,50,19,31,0,0,0
2020-08-26 20:45,41,22,19,0,0,0
2020-08-26 21:00,40,19,21,0,0,0
2020-08-26 21:15,52,18,34,0,0,0
2020-08-26 21:30,57,27,30,0,0,0
2020-08-26 21:45,36,14,22,0,0,0
2020-08-26 22:00,47,13,34,0,0,0
2020-08-26 22:15,35,17,18,0,0,0
2020-08-26 22:30,28,10,18,0,0,0
2020-08-26 22:45,27,7,20,0,0,0
2020-08-26 23:00,22,4,18,0,0,0
2020-08-26 23:15,28,6,22,0,0,0
2020-08-26 23:30,23,12,11,0,0,0
2020-08-26 23:45,12,5,7,0,0,0
2020-08-27 00:00,12,1,11,0,0,0
2020-08-27 00:15,14,6,8,0,0,0
2020-08-27 00:30,15,2,13,0,0,0
2020-08-27 00:45,11,2,9,0,0,0
2020-08-27 01:00,5,2,3,0,0,0
2020-08-27 01:15,10,4,6,0,0,0
2020-08-27 01:30,9,2,7,0,0,0
2020-08-27 01:45,5,2,3,0,0,0
2020-08-27 02:00,2,1,1,0,0,0
2020-08-27 02:15,5,2,3,0,0,0
2020-08-27 02:30,2,0,2,0,0,0
2020-08-27 02:45,5,2,3,0,0,0
2020-08-27 03:00,3,1,2,0,0,0
2020-08-27 03:15,3,2,1,0,0,0
2020-08-27 03:30,4,1,3,0,0,0
2020-08-27 03:45,1,0,1,0,0,0
2020-08-27 04:00,1,0,1,0,0,0
2020-08-27 04:15,3,1,2,0,0,0
2020-08-27 04:30,2,1,1,0,0,0
2020-08-27 04:45,7,3,4,0,0,0
2020-08-27 05:00,4,1,3,0,0,0
2020-08-27 05:15,7,4,3,0,0,0
2020-08-27 05:30,17,6,11,0,0,0
2020-08-27 05:45,17,9,8,0,0,0
2020-08-27 06:00,21,11,10,0,0,0
2020-08-27 06:15,20,6,14,0,0,0
2020-08-27 06:30,36,11,25,0,0,0
2020-08-27 06:45,58,30,28,0,0,0
2020-08-27 07:00,73,42,31,0,0,0
2020-08-27 07:15,82,35,47,0,0,0
2020-08-27 07:30,144,56,88,0,0,0
2020-08-27 07:45,138,65,73,0,0,0
2020-08-27 08:00,131,72,59,0,0,0
2020-08-27 08:15,124,60,64,0,0,0
2020-08-27 08:30,102,52,50,0,0,0
2020-08-27 08:45,123,68,55,0,0,0
2020-08-27 09:00,99,40,59,0,0,0
2020-08-27 09:15,97,57,40,0,0,0
2020-08-27 09:30,85,31,54,0,0,0
2020-08-27 09:45,109,43,66,0,0,0
2020-08-27 10:00,90,43,47,0,0,0
2020-08-27 10:15,110,43,67,0,0,0
2020-08-27 10:30,95,33,62,0,0,0
2020-08-27 10:45,88,45,43,0,0,0
2020-08-27 11:00,90,36,54,0,0,0
2020-08-27 11:15,94,45,49,0,0,0
2020-08-27 11:30,113,57,56,0,0,0
2020-08-27 11:45,113,56,57,0,0,0
2020-08-27 12:00,120,59,61,0,0,0
2020-08-27 12:15,141,62,79,0,0,0
2020-08-27 12:30,117,65,52,0,0,0
2020-08-27 12:45,121,60,61,0,0,0
2020-08-27 13:00,135,74,61,0,0,0
2020-08-27 13:15,119,56,63,0,0,0
2020-08-27 13:30,122,71,51,0,0,0
2020-08-27 13:45,142,88,54,0,0,0
2020-08-27 14:00,134,64,70,0,0,0
2020-08-27 14:15,133,64,69,0,0,0
2020-08-27 14:30,124,58,66,0,0,0
2020-08-27 14:45,177,84,93,0,0,0
2020-08-27 15:00,148,77,71,0,0,0
2020-08-27 15:15,143,74,69,0,0,0
2020-08-27 15:30,147,71,76,0,0,0
2020-08-27 15:45,141,81,60,0,0,0
2020-08-27 16:00,177,92,85,0,0,0
2020-08-27 16:15,166,76,90,0,0,0
2020-08-27 16:30,172,85,87,0,0,0
2020-08-27 16:45,172,86,86,0,0,0
2020-08-27 17:00,168,85,83,0,0,0
2020-08-27 17:15,163,80,83,0,0,0
2020-08-27 17:30,146,84,62,0,0,0
2020-08-27 17:45,190,105,85,0,0,0
2020-08-27 18:00,178,90,88,0,0,0
2020-08-27 18:15,148,66,82,0,0,0
2020-08-27 18:30,124,58,66,0,0,0
2020-08-27 18:45,163,95,68,0,0,0
2020-08-27 19:00,130,71,59,0,0,0
2020-08-27 19:15,140,78,62,0,0,0
2020-08-27 19:30,123,70,53,0,0,0
2020-08-27 19:45,117,67,50,0,0,0
2020-08-27 20:00,103,62,41,0,0,0
2020-08-27 20:15,90,39,51,0,0,0
2020-08-27 20:30,75,37,38,0,0,0
2020-08-27 20:45,87,36,51,0,0,0
2020-08-27 21:00,74,38,36,0,0,0
2020-08-27 21:15,79,29,50,0,0,0
2020-08-27 21:30,63,29,34,0,0,0
2020-08-27 21:45,64,33,31,0,0,0
2020-08-27 22:00,56,17,39,0,0,0
2020-08-27 22:15,69,26,43,0,0,0
2020-08-27 22:30,63,20,43,0,0,0
2020-08-27 22:45,39,8,31,0,0,0
2020-08-27 23:00,46,19,27,0,0,0
2020-08-27 23:15,55,15,40,0,0,0
2020-08-27 23:30,24,7,17,0,0,0
2020-08-27 23:45,19,9,10,0,0,0
2020-08-28 00:00,20,7,13,0,0,0
2020-08-28 00:15,18,6,12,0,0,0
2020-08-28 00:30,7,2,5,0,0,0
2020-08-28 00:45,12,2,10,0,0,0
2020-08-28 01:00,17,8,9,0,0,0
2020-08-28 01:15,6,3,3,0,0,0
2020-08-28 01:30,7,2,5,0,0,0
2020-08-28 01:45,3,1,2,0,0,0
2020-08-28 02:00,3,1,2,0,0,0
2020-08-28 02:15,5,0,5,0,0,0
2020-08-28 02:30,3,2,1,0,0,0
2020-08-28 02:45,4,2,2,0,0,0
2020-08-28 03:00,0,0,0,0,0,0
2020-08-28 03:15,2,0,2,0,0,0
2020-08-28 03:30,2,1,1,0,0,0
2020-08-28 03:45,2,2,0,0,0,0
2020-08-28 04:00,4,1,3,0,0,0
2020-08-28 04:15,2,1,1,0,0,0
2020-08-28 04:30,4,0,4,0,0,0
2020-08-28 04:45,8,3,5,0,0,0
2020-08-28 05:00,3,1,2,0,0,0
2020-08-28 05:15,7,6,1,0,0,0
2020-08-28 05:30,18,4,14,0,0,0
2020-08-28 05:45,17,11,6,0,0,0
2020-08-28 06:00,26,9,17,0,0,0
2020-08-28 06:15,31,9,22,0,0,0
2020-08-28 06:30,40,19,21,0,0,0
2020-08-28 06:45,44,11,33,0,0,0
2020-08-28 07:00,71,36,35,0,0,0
2020-08-28 07:15,83,36,47,0,0,0
2020-08-28 07:30,146,61,85,0,0,0
2020-08-28 07:45,139,65,74,0,0,0
2020-08-28 08:00,89,49,40,0,0,0
2020-08-28 08:15,97,50,47,0,0,0
2020-08-28 08:30,116,59,57,0,0,0
2020-08-28 08:45,127,58,69,0,0,0
2020-08-28 09:00,93,37,56,0,0,0
2020-08-28 09:15,88,38,50,0,0,0
2020-08-28 09:30,81,34,47,0,0,0
2020-08-28 09:45,92,32,60,0,0,0
2020-08-28 10:00,94,41,53,0,0,0
2020-08-28 10:15,77,37,40,0,0,0
2020-08-28 10:30,85,46,39,0,0,0
2020-08-28 10:45,99,39,60,0,0,0
2020-08-28 11:00,90,35,55,0,0,0
2020-08-28 11:15,108,46,62,0,0,0
2020-08-28 11:30,89,44,45,0,0,0
2020-08-28 11:45,98,51,47,0,0,0
2020-08-28 12:00,125,59,66,0,0,0
2020-08-28 12:15,97,69,28,0,0,0
2020-08-28 12:30,139,69,70,0,0,0
2020-08-28 12:45,143,77,66,0,0,0
2020-08-28 13:00,124,59,65,0,0,0
2020-08-28 13:15,129,61,68,0,0,0
2020-08-28 13:30,130,62,68,0,0,0
2020-08-28 13:45,133,70,63,0,0,0
2020-08-28 14:00,108,53,55,0,0,0
2020-08-28 14:15,136,66,70,0,0,0
2020-08-28 14:30,113,55,58,0,0,0
2020-08-28 14:45,136,71,65,0,0,0
2020-08-28 15:00,123,70,53,0,0,0
2020-08-28 15:15,134,63,71,0,0,0
2020-08-28 15:30,131,63,68,0,0,0
2020-08-28 15:45,126,68,58,0,0,0
2020-08-28 16:00,139,79,60,0,0,0
2020-08-28 16:15,131,60,71,0,0,0
2020-08-28 16:30,124,78,46,0,0,0
2020-08-28 16:45,154,83,71,0,0,0
2020-08-28 17:00,118,60,58,0,0,0
2020-08-28 17:15,117,70,47,0,0,0
2020-08-28 17:30,118,71,47,0,0,0
2020-08-28 17:45,165,84,81,0,0,0
2020-08-28 18:00,133,68,65,0,0,0
2020-08-28 18:15,138,85,53,0,0,0
2020-08-28 18:30,112,58,54,0,0,0
2020-08-28 18:45,155,94,61,0,0,0
2020-08-28 19:00,136,70,66,0,0,0
2020-08-28 19:15,112,55,57,0,0,0
2020-08-28 19:30,118,78,40,0,0,0
2020-08-28 19:45,116,70,46,0,0,0
2020-08-28 20:00,106,55,51,0,0,0
2020-08-28 20:15,90,45,45,0,0,0
2020-08-28 20:30,90,48,42,0,0,0
2020-08-28 20:45,103,60,43,0,0,0
2020-08-28 21:00,60,28,32,0,0,0
2020-08-28 21:15,74,31,43,0,0,0
2020-08-28 21:30,50,23,27,0,0,0
2020-08-28 21:45,45,19,26,0,0,0
2020-08-28 22:00,47,17,30,0,0,0
2020-08-28 22:15,53,20,33,0,0,0
2020-08-28 22:30,72,17,55,0,0,0
2020-08-28 22:45,53,15,38,0,0,0
2020-08-28 23:00,54,20,34,0,0,0
2020-08-28 23:15,28,7,21,0,0,0
2020-08-28 23:30,43,17,26,0,0,0
2020-08-28 23:45,50,11,39,0,0,0
2020-08-29 00:00,31,17,14,0,0,0
2020-08-29 00:15,41,21,20,0,0,0
2020-08-29 00:30,23,7,16,0,0,0
2020-08-29 00:45,32,10,22,0,0,0
2020-08-29 01:00,26,6,20,0,0,0
2020-08-29 01:15,22,13,9,0,0,0
2020-08-29 01:30,33,8,25,0,0,0
2020-08-29 01:45,15,12,3,0,0,0
2020-08-29 02:00,23,6,17,0,0,0
2020-08-29 02:15,14,2,12,0,0,0
2020-08-29 02:30,9,7,2,0,0,0
2020-08-29 02:45,13,4,9,0,0,0
2020-08-29 03:00,10,6,4,0,0,0
2020-08-29 03:15,8,2,6,0,0,0
2020-08-29 03:30,7,5,2,0,0,0
2020-08-29 03:45,15,2,13,0,0,0
2020-08-29 04:00,11,5,6,0,0,0
2020-08-29 04:15,9,2,7,0,0,0
2020-08-29 04:30,17,6,11,0,0,0
2020-08-29 04:45,8,2,6,0,0,0
2020-08-29 05:00,3,2,1,0,0,0
2020-08-29 05:15,5,1,4,0,0,0
2020-08-29 05:30,8,1,7,0,0,0
2020-08-29 05:45,10,4,6,0,0,0
2020-08-29 06:00,4,2,2,0,0,0
2020-08-29 06:15,6,2,4,0,0,0
2020-08-29 06:30,7,3,4,0,0,0
2020-08-29 06:45,11,5,6,0,0,0
2020-08-29 07:00,9,5,4,0,0,0
2020-08-29 07:15,12,5,7,0,0,0
2020-08-29 07:30,17,6,11,0,0,0
2020-08-29 07:45,18,11,7,0,0,0
2020-08-29 08:00,18,6,12,0,0,0
2020-08-29 08:15,34,10,24,0,0,0
2020-08-29 08:30,35,11,24,0,0,0
2020-08-29 08:45,39,20,19,0,0,0
2020-08-29 09:00,24,6,18,0,0,0
2020-08-29 09:15,45,15,30,0,0,0
2020-08-29 09:30,49,18,31,0,0,0
2020-08-29 09:45,92,27,65,0,0,0
2020-08-29 10:00,56,20,36,0,0,0
2020-08-29 10:15,56,19,37,0,0,0
2020-08-29 10:30,69,27,42,0,0,0
2020-08-29 10:45,76,32,44,0,0,0
2020-08-29 11:00,93,43,50,0,0,0
2020-08-29 11:15,96,43,53,0,0,0
2020-08-29 11:30,104,35,69,0,0,0
2020-08-29 11:45,121,54,67,0,0,0
2020-08-29 12:00,100,43,57,0,0,0
2020-08-29 12:15,102,42,60,0,0,0
2020-08-29 12:30,135,48,87,0,0,0
2020-08-29 12:45,94,42,52,0,0,0
2020-08-29 13:00,104,54,50,0,0,0
2020-08-29 13:15,88,44,44,0,0,0
2020-08-29 13:30,88,53,35,0,0,0
2020-08-29 13:45,102,61,41,0,0,0
2020-08-29 14:00,128,69,59,0,0,0
2020-08-29 14:15,122,60,62,0,0,0
2020-08-29 14:30,105,54,51,0,0,0
2020-08-29 14:45,121,48,73,0,0,0
2020-08-29 15:00,97,36,61,0,0,0
2020-08-29 15:15,94,47,47,0,0,0
2020-08-29 15:30,84,49,35,0,0,0
2020-08-29 15:45,116,66,50,0,0,0
2020-08-29 16:00,97,45,52,0,0,0
2020-08-29 16:15,90,50,40,0,0,0
2020-08-29 16:30,111,70,41,0,0,0
2020-08-29 16:45,87,42,45,0,0,0
2020-08-29 17:00,73,36,37,0,0,0
2020-08-29 17:15,113,70,43,0,0,0
2020-08-29 17:30,105,48,57,0,0,0
2020-08-29 17:45,121,67,54,0,0,0
2020-08-29 18:00,134,79,55,0,0,0
2020-08-29 18:15,112,60,52,0,0,0
2020-08-29 18:30,112,57,55,0,0,0
2020-08-29 18:45,139,74,65,0,0,0
2020-08-29 19:00,130,81,49,0,0,0
2020-08-29 19:15,104,64,40,0,0,0
2020-08-29 19:30,106,51,55,0,0,0
2020-08-29 19:45,107,70,37,0,0,0
2020-08-29 20:00,101,57,44,0,0,0
2020-08-29 20:15,94,52,42,0,0,0
2020-08-29 20:30,72,49,23,0,0,0
2020-08-29 20:45,54,30,24,0,0,0
2020-08-29 21:00,67,32,35,0,0,0
2020-08-29 21:15,58,32,26,0,0,0
2020-08-29 21:30,68,26,42,0,0,0
2020-08-29 21:45,50,19,31,0,0,0
2020-08-29 22:00,71,23,48,0,0,0
2020-08-29 22:15,62,37,25,0,0,0
2020-08-29 22:30,66,27,39,0,0,0
2020-08-29 22:45,61,17,44,0,0,0
2020-08-29 23:00,56,15,41,0,0,0
2020-08-29 23:15,55,19,36,0,0,0
2020-08-29 23:30,52,20,32,0,0,0
2020-08-29 23:45,47,22,25,0,0,0
2020-08-30 00:00,49,10,39,0,0,0
2020-08-30 00:15,44,11,33,0,0,0
2020-08-30 00:30,39,11,28,0,0,0
2020-08-30 00:45,33,23,10,0,0,0
2020-08-30 01:00,38,15,23,0,0,0
2020-08-30 01:15,39,12,27,0,0,0
2020-08-30 01:30,22,7,15,0,0,0
2020-08-30 01:45,19,9,10,0,0,0
2020-08-30 02:00,24,5,19,0,0,0
2020-08-30 02:15,25,3,22,0,0,0
2020-08-30 02:30,11,2,9,0,0,0
2020-08-30 02:45,28,9,19,0,0,0
2020-08-30 03:00,11,2,9,0,0,0
2020-08-30 03:15,12,1,11,0,0,0
2020-08-30 03:30,22,7,15,0,0,0
2020-08-30 03:45,6,2,4,0,0,0
2020-08-30 04:00,5,2,3,0,0,0
2020-08-30 04:15,2,0,2,0,0,0
2020-08-30 04:30,14,4,10,0,0,0
2020-08-30 04:45,15,2,13,0,0,0
2020-08-30 05:00,5,0,5,0,0,0
2020-08-30 05:15,8,1,7,0,0,0
2020-08-30 05:30,5,1,4,0,0,0
2020-08-30 05:45,1,0,1,0,0,0
2020-08-30 06:00,3,1,2,0,0,0
2020-08-30 06:15,4,1,3,0,0,0
2020-08-30 06:30,5,1,4,0,0,0
2020-08-30 06:45,9,0,9,0,0,0
2020-08-30 07:00,0,0,0,0,0,0
2020-08-30 07:15,7,3,4,0,0,0
2020-08-30 07:30,4,2,2,0,0,0
2020-08-30 07:45,12,1,11,0,0,0
2020-08-30 08:00,7,2,5,0,0,0
2020-08-30 08:15,11,2,9,0,0,0
2020-08-30 08:30,10,4,6,0,0,0
2020-08-30 08:45,18,5,13,0,0,0
2020-08-30 09:00,18,10,8,0,0,0
2020-08-30 09:15,20,13,7,0,0,0
2020-08-30 09:30,21,8,13,0,0,0
2020-08-30 09:45,50,22,28,0,0,0
2020-08-30 10:00,36,11,25,0,0,0
2020-08-30 10:15,28,10,18,0,0,0
2020-08-30 10:30,30,14,16,0,0,0
2020-08-30 10:45,63,39,24,0,0,0
2020-08-30 11:00,38,22,16,0,0,0
2020-08-30 11:15,38,22,16,0,0,0
2020-08-30 11:30,48,14,34,0,0,0
2020-08-30 11:45,43,21,22,0,0,0
2020-08-30 12:00,51,17,34,0,0,0
2020-08-30 12:15,52,26,26,0,0,0
2020-08-30 12:30,49,28,21,0,0,0
2020-08-30 12:45,49,16,33,0,0,0
2020-08-30 13:00,72,40,32,0,0,0
2020-08-30 13:15,53,18,35,0,0,0
2020-08-30 13:30,65,25,40,0,0,0
2020-08-30 13:45,64,34,30,0,0,0
2020-08-30 14:00,68,31,37,0,0,0
2020-08-30 14:15,69,29,40,0,0,0
2020-08-30 14:30,91,42,49,0,0,0
2020-08-30 14:45,102,48,54,0,0,0
2020-08-30 15:00,100,52,48,0,0,0
2020-08-30 15:15,92,47,45,0,0,0
2020-08-30 15:30,69,20,49,0,0,0
2020-08-30 15:45,101,45,56,0,0,0
2020-08-30 16:00,94,49,45,0,0,0
2020-08-30 16:15,82,50,32,0,0,0
2020-08-30 16:30,93,52,41,0,0,0
2020-08-30 16:45,95,55,40,0,0,0
2020-08-30 17:00,75,33,42,0,0,0
2020-08-30 17:15,82,30,52,0,0,0
2020-08-30 17:30,81,40,41,0,0,0
2020-08-30 17:45,92,53,39,0,0,0
2020-08-30 18:00,92,43,49,0,0,0
2020-08-30 18:15,99,43,56,0,0,0
2020-08-30 18:30,87,39,48,0,0,0
2020-08-30 18:45,101,56,45,0,0,0
2020-08-30 19:00,101,53,48,0,0,0
2020-08-30 19:15,80,43,37,0,0,0
2020-08-30 19:30,81,46,35,0,0,0
2020-08-30 19:45,89,47,42,0,0,0
2020-08-30 20:00,74,27,47,0,0,0
2020-08-30 20:15,60,23,37,0,0,0
2020-08-30 20:30,64,23,41,0,0,0
2020-08-30 20:45,53,19,34,0,0,0
2020-08-30 21:00,64,23,41,0,0,0
2020-08-30 21:15,54,20,34,0,0,0
2020-08-30 21:30,36,15,21,0,0,0
2020-08-30 21:45,29,17,12,0,0,0
2020-08-30 22:00,28,8,20,0,0,0
2020-08-30 22:15,25,8,17,0,0,0
2020-08-30 22:30,39,10,29,0,0,0
2020-08-30 22:45,22,6,16,0,0,0
2020-08-30 23:00,28,7,21,0,0,0
2020-08-30 23:15,9,3,6,0,0,0
2020-08-30 23:30,16,10,6,0,0,0
2020-08-30 23:45,9,2,7,0,0,0
2020-08-31 00:00,9,5,4,0,0,0
2020-08-31 00:15,6,2,4,0,0,0
2020-08-31 00:30,3,0,3,0,0,0
2020-08-31 00:45,7,1,6,0,0,0
2020-08-31 01:00,0,0,0,0,0,0
2020-08-31 01:15,7,2,5,0,0,0
2020-08-31 01:30,0,0,0,0,0,0
2020-08-31 01:45,1,0,1,0,0,0
2020-08-31 02:00,3,1,2,0,0,0
2020-08-31 02:15,0,0,0,0,0,0
2020-08-31 02:30,3,2,1,0,0,0
2020-08-31 02:45,1,1,0,0,0,0
2020-08-31 03:00,0,0,0,0,0,0
2020-08-31 03:15,1,1,0,0,0,0
2020-08-31 03:30,2,0,2,0,0,0
2020-08-31 03:45,1,0,1,0,0,0
2020-08-31 04:00,2,1,1,0,0,0
2020-08-31 04:15,3,2,1,0,0,0
2020-08-31 04:30,4,0,4,0,0,0
2020-08-31 04:45,8,2,6,0,0,0
2020-08-31 05:00,4,1,3,0,0,0
2020-08-31 05:15,6,4,2,0,0,0
2020-08-31 05:30,9,4,5,0,0,0
2020-08-31 05:45,16,10,6,0,0,0
2020-08-31 06:00,25,13,12,0,0,0
2020-08-31 06:15,18,13,5,0,0,0
2020-08-31 06:30,56,19,37,0,0,0
2020-08-31 06:45,65,28,37,0,0,0
2020-08-31 07:00,66,38,28,0,0,0
2020-08-31 07:15,108,42,66,0,0,0
2020-08-31 07:30,178,75,103,0,0,0
2020-08-31 07:45,144,73,71,0,0,0
2020-08-31 08:00,129,59,70,0,0,0
2020-08-31 08:15,133,69,64,0,0,0
2020-08-31 08:30,131,69,62,0,0,0
2020-08-31 08:45,147,59,88,0,0,0
2020-08-31 09:00,111,53,58,0,0,0
2020-08-31 09:15,76,24,52,0,0,0
2020-08-31 09:30,79,30,49,0,0,0
2020-08-31 09:45,101,35,66,0,0,0
2020-08-31 10:00,109,49,60,0,0,0
2020-08-31 10:15,81,32,49,0,0,0
2020-08-31 10:30,95,33,62,0,0,0
2020-08-31 10:45,109,43,66,0,0,0
2020-08-31 11:00,91,47,44,0,0,0
2020-08-31 11:15,124,59,65,0,0,0
2020-08-31 11:30,114,50,64,0,0,0
2020-08-31 11:45,112,56,56,0,0,0
2020-08-31 12:00,114,51,63,0,0,0
2020-08-31 12:15,119,51,68,0,0,0
2020-08-31 12:30,121,52,69,0,0,0
2020-08-31 12:45,139,70,69,0,0,0
2020-08-31 13:00,106,52,54,0,0,0
2020-08-31 13:15,112,56,56,0,0,0
2020-08-31 13:30,129,67,62,0,0,0
2020-08-31 13:45,134,74,60,0,0,0
2020-08-31 14:00,156,85,71,0,0,0
2020-08-31 14:15,148,77,71,0,0,0
2020-08-31 14:30,127,68,59,0,0,0
2020-08-31 14:45,149,62,87,0,0,0
2020-08-31 15:00,125,56,69,0,0,0
2020-08-31 15:15,139,73,66,0,0,0
2020-08-31 15:30,135,78,57,0,0,0
2020-08-31 15:45,149,63,86,0,0,0
2020-08-31 16:00,181,87,94,0,0,0
2020-08-31 16:15,147,74,73,0,0,0
2020-08-31 16:30,172,77,95,0,0,0
2020-08-31 16:45,180,84,96,0,0,0
2020-08-31 17:00,153,72,81,0,0,0
2020-08-31 17:15,156,70,86,0,0,0
2020-08-31 17:30,162,71,91,0,0,0
2020-08-31 17:45,159,84,75,0,0,0
2020-08-31 18:00,167,86,81,0,0,0
2020-08-31 18:15,159,77,82,0,0,0
2020-08-31 18:30,163,88,75,0,0,0
2020-08-31 18:45,140,76,64,0,0,0
2020-08-31 19:00,92,46,46,0,0,0
2020-08-31 19:15,121,79,42,0,0,0
2020-08-31 19:30,104,51,53,0,0,0
2020-08-31 19:45,89,50,39,0,0,0
2020-08-31 20:00,83,47,36,0,0,0
2020-08-31 20:15,70,32,38,0,0,0
2020-08-31 20:30,71,42,29,0,0,0
2020-08-31 20:45,67,35,32,0,0,0
2020-08-31 21:00,79,28,51,0,0,0
2020-08-31 21:15,62,29,33,0,0,0
2020-08-31 21:30,54,29,25,0,0,0
2020-08-31 21:45,46,31,15,0,0,0
2020-08-31 22:00,53,19,34,0,0,0
2020-08-31 22:15,25,9,16,0,0,0
2020-08-31 22:30,38,16,22,0,0,0
2020-08-31 22:45,40,11,29,0,0,0
2020-08-31 23:00,33,8,25,0,0,0
2020-08-31 23:15,32,12,20,0,0,0
2020-08-31 23:30,14,5,9,0,0,0
2020-08-31 23:45,11,3,8,0,0,0
