Datetime,100031300 (HafenstraÃŸe),101031300 (Channel 1 IN),102031300 (Channel 2 OUT),100031300-status,101031300-status,102031300-status
2020-07-01 00:00,17,9,8,0,0,0
2020-07-01 00:15,21,7,14,0,0,0
2020-07-01 00:30,16,9,7,0,0,0
2020-07-01 00:45,5,2,3,0,0,0
2020-07-01 01:00,8,4,4,0,0,0
2020-07-01 01:15,5,1,4,0,0,0
2020-07-01 01:30,7,1,6,0,0,0
2020-07-01 01:45,1,1,0,0,0,0
2020-07-01 02:00,7,3,4,0,0,0
2020-07-01 02:15,0,0,0,0,0,0
2020-07-01 02:30,5,2,3,0,0,0
2020-07-01 02:45,3,3,0,0,0,0
2020-07-01 03:00,6,1,5,0,0,0
2020-07-01 03:15,3,1,2,0,0,0
2020-07-01 03:30,3,2,1,0,0,0
2020-07-01 03:45,4,0,4,0,0,0
2020-07-01 04:00,3,1,2,0,0,0
2020-07-01 04:15,3,2,1,0,0,0
2020-07-01 04:30,11,1,10,0,0,0
2020-07-01 04:45,4,1,3,0,0,0
2020-07-01 05:00,3,0,3,0,0,0
2020-07-01 05:15,10,2,8,0,0,0
2020-07-01 05:30,18,6,12,0,0,0
2020-07-01 05:45,21,7,14,0,0,0
2020-07-01 06:00,16,7,9,0,0,0
2020-07-01 06:15,28,12,16,0,0,0
2020-07-01 06:30,33,14,19,0,0,0
2020-07-01 06:45,45,20,25,0,0,0
2020-07-01 07:00,48,13,35,0,0,0
2020-07-01 07:15,64,34,30,0,0,0
2020-07-01 07:30,92,40,52,0,0,0
2020-07-01 07:45,89,37,52,0,0,0
2020-07-01 08:00,77,34,43,0,0,0
2020-07-01 08:15,99,44,55,0,0,0
2020-07-01 08:30,107,48,59,0,0,0
2020-07-01 08:45,115,44,71,0,0,0
2020-07-01 09:00,81,36,45,0,0,0
2020-07-01 09:15,53,29,24,0,0,0
2020-07-01 09:30,87,34,53,0,0,0
2020-07-01 09:45,92,33,59,0,0,0
2020-07-01 10:00,61,22,39,0,0,0
2020-07-01 10:15,62,26,36,0,0,0
2020-07-01 10:30,51,34,17,0,0,0
2020-07-01 10:45,56,27,29,0,0,0
2020-07-01 11:00,38,21,17,0,0,0
2020-07-01 11:15,65,43,22,0,0,0
2020-07-01 11:30,64,43,21,0,0,0
2020-07-01 11:45,70,38,32,0,0,0
2020-07-01 12:00,77,43,34,0,0,0
2020-07-01 12:15,65,33,32,0,0,0
2020-07-01 12:30,62,39,23,0,0,0
2020-07-01 12:45,63,40,23,0,0,0
2020-07-01 13:00,56,39,17,0,0,0
2020-07-01 13:15,74,54,20,0,0,0
2020-07-01 13:30,64,37,27,0,0,0
2020-07-01 13:45,81,53,28,0,0,0
2020-07-01 14:00,63,39,24,0,0,0
2020-07-01 14:15,52,38,14,0,0,0
2020-07-01 14:30,64,47,17,0,0,0
2020-07-01 14:45,42,23,19,0,0,0
2020-07-01 15:00,59,37,22,0,0,0
2020-07-01 15:15,46,27,19,0,0,0
2020-07-01 15:30,65,38,27,0,0,0
2020-07-01 15:45,73,42,31,0,0,0
2020-07-01 16:00,84,64,20,0,0,0
2020-07-01 16:15,47,32,15,0,0,0
2020-07-01 16:30,65,37,28,0,0,0
2020-07-01 16:45,109,74,35,0,0,0
2020-07-01 17:00,104,62,42,0,0,0
2020-07-01 17:15,121,68,53,0,0,0
2020-07-01 17:30,95,51,44,0,0,0
2020-07-01 17:45,112,64,48,0,0,0
2020-07-01 18:00,108,64,44,0,0,0
2020-07-01 18:15,111,68,43,0,0,0
2020-07-01 18:30,92,52,40,0,0,0
2020-07-01 18:45,131,91,40,0,0,0
2020-07-01 19:00,101,66,35,0,0,0
2020-07-01 19:15,92,57,35,0,0,0
2020-07-01 19:30,56,38,18,0,0,0
2020-07-01 19:45,70,47,23,0,0,0
2020-07-01 20:00,79,32,47,0,0,0
2020-07-01 20:15,61,22,39,0,0,0
2020-07-01 20:30,69,38,31,0,0,0
2020-07-01 20:45,58,24,34,0,0,0
2020-07-01 21:00,63,28,35,0,0,0
2020-07-01 21:15,48,23,25,0,0,0
2020-07-01 21:30,59,22,37,0,0,0
2020-07-01 21:45,54,26,28,0,0,0
2020-07-01 22:00,41,18,23,0,0,0
2020-07-01 22:15,31,18,13,0,0,0
2020-07-01 22:30,32,18,14,0,0,0
2020-07-01 22:45,36,22,14,0,0,0
2020-07-01 23:00,32,19,13,0,0,0
2020-07-01 23:15,26,15,11,0,0,0
2020-07-01 23:30,25,15,10,0,0,0
2020-07-01 23:45,27,14,13,0,0,0
2020-07-02 00:00,31,15,16,0,0,0
2020-07-02 00:15,25,14,11,0,0,0
2020-07-02 00:30,15,6,9,0,0,0
2020-07-02 00:45,7,4,3,0,0,0
2020-07-02 01:00,10,3,7,0,0,0
2020-07-02 01:15,7,5,2,0,0,0
2020-07-02 01:30,8,3,5,0,0,0
2020-07-02 01:45,14,6,8,0,0,0
2020-07-02 02:00,3,1,2,0,0,0
2020-07-02 02:15,8,1,7,0,0,0
2020-07-02 02:30,5,3,2,0,0,0
2020-07-02 02:45,5,4,1,0,0,0
2020-07-02 03:00,6,5,1,0,0,0
2020-07-02 03:15,2,2,0,0,0,0
2020-07-02 03:30,3,1,2,0,0,0
2020-07-02 03:45,4,3,1,0,0,0
2020-07-02 04:00,2,0,2,0,0,0
2020-07-02 04:15,2,2,0,0,0,0
2020-07-02 04:30,2,0,2,0,0,0
2020-07-02 04:45,9,8,1,0,0,0
2020-07-02 05:00,5,3,2,0,0,0
2020-07-02 05:15,4,2,2,0,0,0
2020-07-02 05:30,17,4,13,0,0,0
2020-07-02 05:45,17,12,5,0,0,0
2020-07-02 06:00,21,11,10,0,0,0
2020-07-02 06:15,24,13,11,0,0,0
2020-07-02 06:30,44,23,21,0,0,0
2020-07-02 06:45,53,31,22,0,0,0
2020-07-02 07:00,71,47,24,0,0,0
2020-07-02 07:15,88,53,35,0,0,0
2020-07-02 07:30,87,44,43,0,0,0
2020-07-02 07:45,104,57,47,0,0,0
2020-07-02 08:00,97,53,44,0,0,0
2020-07-02 08:15,118,61,57,0,0,0
2020-07-02 08:30,93,49,44,0,0,0
2020-07-02 08:45,117,62,55,0,0,0
2020-07-02 09:00,87,51,36,0,0,0
2020-07-02 09:15,71,37,34,0,0,0
2020-07-02 09:30,75,44,31,0,0,0
2020-07-02 09:45,100,53,47,0,0,0
2020-07-02 10:00,72,38,34,0,0,0
2020-07-02 10:15,75,46,29,0,0,0
2020-07-02 10:30,74,46,28,0,0,0
2020-07-02 10:45,74,42,32,0,0,0
2020-07-02 11:00,66,39,27,0,0,0
2020-07-02 11:15,92,53,39,0,0,0
2020-07-02 11:30,79,47,32,0,0,0
2020-07-02 11:45,100,55,45,0,0,0
2020-07-02 12:00,84,45,39,0,0,0
2020-07-02 12:15,96,55,41,0,0,0
2020-07-02 12:30,90,39,51,0,0,0
2020-07-02 12:45,105,62,43,0,0,0
2020-07-02 13:00,104,62,42,0,0,0
2020-07-02 13:15,95,48,47,0,0,0
2020-07-02 13:30,81,50,31,0,0,0
2020-07-02 13:45,108,59,49,0,0,0
2020-07-02 14:00,113,66,47,0,0,0
2020-07-02 14:15,101,54,47,0,0,0
2020-07-02 14:30,78,54,24,0,0,0
2020-07-02 14:45,114,72,42,0,0,0
2020-07-02 15:00,96,55,41,0,0,0
2020-07-02 15:15,109,60,49,0,0,0
2020-07-02 15:30,119,75,44,0,0,0
2020-07-02 15:45,138,86,52,0,0,0
2020-07-02 16:00,141,80,61,0,0,0
2020-07-02 16:15,142,79,63,0,0,0
2020-07-02 16:30,125,68,57,0,0,0
2020-07-02 16:45,135,68,67,0,0,0
2020-07-02 17:00,141,71,70,0,0,0
2020-07-02 17:15,147,78,69,0,0,0
2020-07-02 17:30,153,103,50,0,0,0
2020-07-02 17:45,156,90,66,0,0,0
2020-07-02 18:00,145,93,52,0,0,0
2020-07-02 18:15,130,72,58,0,0,0
2020-07-02 18:30,83,50,33,0,0,0
2020-07-02 18:45,131,68,63,0,0,0
2020-07-02 19:00,107,77,30,0,0,0
2020-07-02 19:15,99,57,42,0,0,0
2020-07-02 19:30,103,62,41,0,0,0
2020-07-02 19:45,102,54,48,0,0,0
2020-07-02 20:00,92,62,30,0,0,0
2020-07-02 20:15,73,40,33,0,0,0
2020-07-02 20:30,65,35,30,0,0,0
2020-07-02 20:45,53,30,23,0,0,0
2020-07-02 21:00,53,28,25,0,0,0
2020-07-02 21:15,60,32,28,0,0,0
2020-07-02 21:30,64,33,31,0,0,0
2020-07-02 21:45,52,36,16,0,0,0
2020-07-02 22:00,45,25,20,0,0,0
2020-07-02 22:15,49,26,23,0,0,0
2020-07-02 22:30,34,20,14,0,0,0
2020-07-02 22:45,43,19,24,0,0,0
2020-07-02 23:00,51,7,44,0,0,0
2020-07-02 23:15,40,13,27,0,0,0
2020-07-02 23:30,30,13,17,0,0,0
2020-07-02 23:45,17,6,11,0,0,0
2020-07-03 00:00,19,5,14,0,0,0
2020-07-03 00:15,25,7,18,0,0,0
2020-07-03 00:30,14,4,10,0,0,0
2020-07-03 00:45,10,4,6,0,0,0
2020-07-03 01:00,9,2,7,0,0,0
2020-07-03 01:15,4,0,4,0,0,0
2020-07-03 01:30,4,0,4,0,0,0
2020-07-03 01:45,7,3,4,0,0,0
2020-07-03 02:00,4,3,1,0,0,0
2020-07-03 02:15,2,1,1,0,0,0
2020-07-03 02:30,9,5,4,0,0,0
2020-07-03 02:45,4,2,2,0,0,0
2020-07-03 03:00,2,2,0,0,0,0
2020-07-03 03:15,4,3,1,0,0,0
2020-07-03 03:30,0,0,0,0,0,0
2020-07-03 03:45,5,2,3,0,0,0
2020-07-03 04:00,2,1,1,0,0,0
2020-07-03 04:15,3,1,2,0,0,0
2020-07-03 04:30,4,2,2,0,0,0
2020-07-03 04:45,5,3,2,0,0,0
2020-07-03 05:00,1,1,0,0,0,0
2020-07-03 05:15,7,3,4,0,0,0
2020-07-03 05:30,13,7,6,0,0,0
2020-07-03 05:45,12,9,3,0,0,0
2020-07-03 06:00,10,2,8,0,0,0
2020-07-03 06:15,21,12,9,0,0,0
2020-07-03 06:30,42,18,24,0,0,0
2020-07-03 06:45,40,26,14,0,0,0
2020-07-03 07:00,53,28,25,0,0,0
2020-07-03 07:15,60,33,27,0,0,0
2020-07-03 07:30,85,48,37,0,0,0
2020-07-03 07:45,103,66,37,0,0,0
2020-07-03 08:00,69,46,23,0,0,0
2020-07-03 08:15,105,59,46,0,0,0
2020-07-03 08:30,82,46,36,0,0,0
2020-07-03 08:45,94,48,46,0,0,0
2020-07-03 09:00,68,37,31,0,0,0
2020-07-03 09:15,62,32,30,0,0,0
2020-07-03 09:30,63,35,28,0,0,0
2020-07-03 09:45,80,43,37,0,0,0
2020-07-03 10:00,50,27,23,0,0,0
2020-07-03 10:15,52,30,22,0,0,0
2020-07-03 10:30,70,39,31,0,0,0
2020-07-03 10:45,83,41,42,0,0,0
2020-07-03 11:00,70,32,38,0,0,0
2020-07-03 11:15,67,46,21,0,0,0
2020-07-03 11:30,76,39,37,0,0,0
2020-07-03 11:45,107,59,48,0,0,0
2020-07-03 12:00,93,45,48,0,0,0
2020-07-03 12:15,111,58,53,0,0,0
2020-07-03 12:30,115,68,47,0,0,0
2020-07-03 12:45,114,61,53,0,0,0
2020-07-03 13:00,123,66,57,0,0,0
2020-07-03 13:15,101,58,43,0,0,0
2020-07-03 13:30,92,56,36,0,0,0
2020-07-03 13:45,123,74,49,0,0,0
2020-07-03 14:00,120,58,62,0,0,0
2020-07-03 14:15,122,60,62,0,0,0
2020-07-03 14:30,104,60,44,0,0,0
2020-07-03 14:45,82,51,31,0,0,0
2020-07-03 15:00,118,68,50,0,0,0
2020-07-03 15:15,95,60,35,0,0,0
2020-07-03 15:30,94,56,38,0,0,0
2020-07-03 15:45,95,57,38,0,0,0
2020-07-03 16:00,107,64,43,0,0,0
2020-07-03 16:15,91,46,45,0,0,0
2020-07-03 16:30,103,49,54,0,0,0
2020-07-03 16:45,98,48,50,0,0,0
2020-07-03 17:00,103,60,43,0,0,0
2020-07-03 17:15,117,78,39,0,0,0
2020-07-03 17:30,109,67,42,0,0,0
2020-07-03 17:45,120,65,55,0,0,0
2020-07-03 18:00,140,93,47,0,0,0
2020-07-03 18:15,103,63,40,0,0,0
2020-07-03 18:30,96,64,32,0,0,0
2020-07-03 18:45,98,62,36,0,0,0
2020-07-03 19:00,114,79,35,0,0,0
2020-07-03 19:15,114,60,54,0,0,0
2020-07-03 19:30,108,62,46,0,0,0
2020-07-03 19:45,112,61,51,0,0,0
2020-07-03 20:00,91,50,41,0,0,0
2020-07-03 20:15,82,51,31,0,0,0
2020-07-03 20:30,69,31,38,0,0,0
2020-07-03 20:45,109,66,43,0,0,0
2020-07-03 21:00,77,40,37,0,0,0
2020-07-03 21:15,56,28,28,0,0,0
2020-07-03 21:30,50,34,16,0,0,0
2020-07-03 21:45,55,33,22,0,0,0
2020-07-03 22:00,71,36,35,0,0,0
2020-07-03 22:15,66,28,38,0,0,0
2020-07-03 22:30,65,22,43,0,0,0
2020-07-03 22:45,49,26,23,0,0,0
2020-07-03 23:00,62,33,29,0,0,0
2020-07-03 23:15,41,19,22,0,0,0
2020-07-03 23:30,54,20,34,0,0,0
2020-07-03 23:45,59,22,37,0,0,0
2020-07-04 00:00,44,11,33,0,0,0
2020-07-04 00:15,54,23,31,0,0,0
2020-07-04 00:30,34,13,21,0,0,0
2020-07-04 00:45,55,25,30,0,0,0
2020-07-04 01:00,42,12,30,0,0,0
2020-07-04 01:15,42,21,21,0,0,0
2020-07-04 01:30,19,6,13,0,0,0
2020-07-04 01:45,26,8,18,0,0,0
2020-07-04 02:00,20,7,13,0,0,0
2020-07-04 02:15,21,5,16,0,0,0
2020-07-04 02:30,12,4,8,0,0,0
2020-07-04 02:45,19,7,12,0,0,0
2020-07-04 03:00,20,10,10,0,0,0
2020-07-04 03:15,9,4,5,0,0,0
2020-07-04 03:30,18,3,15,0,0,0
2020-07-04 03:45,11,5,6,0,0,0
2020-07-04 04:00,9,5,4,0,0,0
2020-07-04 04:15,9,6,3,0,0,0
2020-07-04 04:30,13,12,1,0,0,0
2020-07-04 04:45,13,4,9,0,0,0
2020-07-04 05:00,5,2,3,0,0,0
2020-07-04 05:15,5,1,4,0,0,0
2020-07-04 05:30,6,4,2,0,0,0
2020-07-04 05:45,14,2,12,0,0,0
2020-07-04 06:00,7,4,3,0,0,0
2020-07-04 06:15,3,1,2,0,0,0
2020-07-04 06:30,8,3,5,0,0,0
2020-07-04 06:45,10,5,5,0,0,0
2020-07-04 07:00,8,4,4,0,0,0
2020-07-04 07:15,16,11,5,0,0,0
2020-07-04 07:30,13,9,4,0,0,0
2020-07-04 07:45,14,6,8,0,0,0
2020-07-04 08:00,12,6,6,0,0,0
2020-07-04 08:15,19,12,7,0,0,0
2020-07-04 08:30,30,15,15,0,0,0
2020-07-04 08:45,35,16,19,0,0,0
2020-07-04 09:00,24,15,9,0,0,0
2020-07-04 09:15,40,19,21,0,0,0
2020-07-04 09:30,41,18,23,0,0,0
2020-07-04 09:45,58,38,20,0,0,0
2020-07-04 10:00,67,45,22,0,0,0
2020-07-04 10:15,59,30,29,0,0,0
2020-07-04 10:30,69,29,40,0,0,0
2020-07-04 10:45,58,30,28,0,0,0
2020-07-04 11:00,70,29,41,0,0,0
2020-07-04 11:15,59,37,22,0,0,0
2020-07-04 11:30,57,37,20,0,0,0
2020-07-04 11:45,75,43,32,0,0,0
2020-07-04 12:00,61,33,28,0,0,0
2020-07-04 12:15,74,37,37,0,0,0
2020-07-04 12:30,82,44,38,0,0,0
2020-07-04 12:45,114,67,47,0,0,0
2020-07-04 13:00,77,46,31,0,0,0
2020-07-04 13:15,76,48,28,0,0,0
2020-07-04 13:30,79,54,25,0,0,0
2020-07-04 13:45,113,59,54,0,0,0
2020-07-04 14:00,82,39,43,0,0,0
2020-07-04 14:15,80,33,47,0,0,0
2020-07-04 14:30,91,51,40,0,0,0
2020-07-04 14:45,128,103,25,0,0,0
2020-07-04 15:00,61,29,32,0,0,0
2020-07-04 15:15,99,63,36,0,0,0
2020-07-04 15:30,69,47,22,0,0,0
2020-07-04 15:45,88,55,33,0,0,0
2020-07-04 16:00,73,40,33,0,0,0
2020-07-04 16:15,74,38,36,0,0,0
2020-07-04 16:30,64,33,31,0,0,0
2020-07-04 16:45,66,35,31,0,0,0
2020-07-04 17:00,90,53,37,0,0,0
2020-07-04 17:15,100,54,46,0,0,0
2020-07-04 17:30,78,51,27,0,0,0
2020-07-04 17:45,84,44,40,0,0,0
2020-07-04 18:00,81,56,25,0,0,0
2020-07-04 18:15,102,59,43,0,0,0
2020-07-04 18:30,85,54,31,0,0,0
2020-07-04 18:45,60,36,24,0,0,0
2020-07-04 19:00,90,55,35,0,0,0
2020-07-04 19:15,90,65,25,0,0,0
2020-07-04 19:30,73,41,32,0,0,0
2020-07-04 19:45,73,51,22,0,0,0
2020-07-04 20:00,79,41,38,0,0,0
2020-07-04 20:15,61,35,26,0,0,0
2020-07-04 20:30,49,30,19,0,0,0
2020-07-04 20:45,35,15,20,0,0,0
2020-07-04 21:00,47,29,18,0,0,0
2020-07-04 21:15,33,12,21,0,0,0
2020-07-04 21:30,30,16,14,0,0,0
2020-07-04 21:45,21,16,5,0,0,0
2020-07-04 22:00,41,26,15,0,0,0
2020-07-04 22:15,34,21,13,0,0,0
2020-07-04 22:30,39,26,13,0,0,0
2020-07-04 22:45,51,18,33,0,0,0
2020-07-04 23:00,51,14,37,0,0,0
2020-07-04 23:15,35,21,14,0,0,0
2020-07-04 23:30,34,18,16,0,0,0
2020-07-04 23:45,37,13,24,0,0,0
2020-07-05 00:00,35,24,11,0,0,0
2020-07-05 00:15,23,9,14,0,0,0
2020-07-05 00:30,25,14,11,0,0,0
2020-07-05 00:45,39,13,26,0,0,0
2020-07-05 01:00,19,7,12,0,0,0
2020-07-05 01:15,36,20,16,0,0,0
2020-07-05 01:30,19,6,13,0,0,0
2020-07-05 01:45,11,7,4,0,0,0
2020-07-05 02:00,20,9,11,0,0,0
2020-07-05 02:15,25,14,11,0,0,0
2020-07-05 02:30,28,7,21,0,0,0
2020-07-05 02:45,18,11,7,0,0,0
2020-07-05 03:00,18,10,8,0,0,0
2020-07-05 03:15,22,8,14,0,0,0
2020-07-05 03:30,14,6,8,0,0,0
2020-07-05 03:45,16,6,10,0,0,0
2020-07-05 04:00,4,0,4,0,0,0
2020-07-05 04:15,7,4,3,0,0,0
2020-07-05 04:30,8,3,5,0,0,0
2020-07-05 04:45,6,5,1,0,0,0
2020-07-05 05:00,2,2,0,0,0,0
2020-07-05 05:15,3,1,2,0,0,0
2020-07-05 05:30,5,2,3,0,0,0
2020-07-05 05:45,6,0,6,0,0,0
2020-07-05 06:00,2,0,2,0,0,0
2020-07-05 06:15,1,0,1,0,0,0
2020-07-05 06:30,5,0,5,0,0,0
2020-07-05 06:45,5,3,2,0,0,0
2020-07-05 07:00,1,1,0,0,0,0
2020-07-05 07:15,9,6,3,0,0,0
2020-07-05 07:30,7,2,5,0,0,0
2020-07-05 07:45,4,2,2,0,0,0
2020-07-05 08:00,6,3,3,0,0,0
2020-07-05 08:15,6,2,4,0,0,0
2020-07-05 08:30,7,2,5,0,0,0
2020-07-05 08:45,11,7,4,0,0,0
2020-07-05 09:00,14,8,6,0,0,0
2020-07-05 09:15,5,3,2,0,0,0
2020-07-05 09:30,19,8,11,0,0,0
2020-07-05 09:45,24,11,13,0,0,0
2020-07-05 10:00,19,11,8,0,0,0
2020-07-05 10:15,22,16,6,0,0,0
2020-07-05 10:30,45,30,15,0,0,0
2020-07-05 10:45,34,24,10,0,0,0
2020-07-05 11:00,32,20,12,0,0,0
2020-07-05 11:15,31,22,9,0,0,0
2020-07-05 11:30,33,17,16,0,0,0
2020-07-05 11:45,34,19,15,0,0,0
2020-07-05 12:00,39,23,16,0,0,0
2020-07-05 12:15,26,21,5,0,0,0
2020-07-05 12:30,32,15,17,0,0,0
2020-07-05 12:45,30,9,21,0,0,0
2020-07-05 13:00,41,27,14,0,0,0
2020-07-05 13:15,33,19,14,0,0,0
2020-07-05 13:30,48,27,21,0,0,0
2020-07-05 13:45,47,26,21,0,0,0
2020-07-05 14:00,31,17,14,0,0,0
2020-07-05 14:15,43,22,21,0,0,0
2020-07-05 14:30,51,35,16,0,0,0
2020-07-05 14:45,37,20,17,0,0,0
2020-07-05 15:00,44,28,16,0,0,0
2020-07-05 15:15,33,19,14,0,0,0
2020-07-05 15:30,57,41,16,0,0,0
2020-07-05 15:45,57,33,24,0,0,0
2020-07-05 16:00,44,23,21,0,0,0
2020-07-05 16:15,32,15,17,0,0,0
2020-07-05 16:30,54,28,26,0,0,0
2020-07-05 16:45,56,41,15,0,0,0
2020-07-05 17:00,60,28,32,0,0,0
2020-07-05 17:15,59,36,23,0,0,0
2020-07-05 17:30,49,28,21,0,0,0
2020-07-05 17:45,50,32,18,0,0,0
2020-07-05 18:00,47,30,17,0,0,0
2020-07-05 18:15,63,34,29,0,0,0
2020-07-05 18:30,62,29,33,0,0,0
2020-07-05 18:45,80,52,28,0,0,0
2020-07-05 19:00,63,35,28,0,0,0
2020-07-05 19:15,56,39,17,0,0,0
2020-07-05 19:30,57,33,24,0,0,0
2020-07-05 19:45,52,30,22,0,0,0
2020-07-05 20:00,53,25,28,0,0,0
2020-07-05 20:15,40,22,18,0,0,0
2020-07-05 20:30,59,34,25,0,0,0
2020-07-05 20:45,39,16,23,0,0,0
2020-07-05 21:00,50,27,23,0,0,0
2020-07-05 21:15,46,28,18,0,0,0
2020-07-05 21:30,45,23,22,0,0,0
2020-07-05 21:45,33,15,18,0,0,0
2020-07-05 22:00,25,12,13,0,0,0
2020-07-05 22:15,28,12,16,0,0,0
2020-07-05 22:30,27,14,13,0,0,0
2020-07-05 22:45,16,8,8,0,0,0
2020-07-05 23:00,27,10,17,0,0,0
2020-07-05 23:15,20,10,10,0,0,0
2020-07-05 23:30,19,9,10,0,0,0
2020-07-05 23:45,17,7,10,0,0,0
2020-07-06 00:00,6,2,4,0,0,0
2020-07-06 00:15,13,9,4,0,0,0
2020-07-06 00:30,7,4,3,0,0,0
2020-07-06 00:45,10,5,5,0,0,0
2020-07-06 01:00,6,5,1,0,0,0
2020-07-06 01:15,0,0,0,0,0,0
2020-07-06 01:30,1,1,0,0,0,0
2020-07-06 01:45,0,0,0,0,0,0
2020-07-06 02:00,1,0,1,0,0,0
2020-07-06 02:15,0,0,0,0,0,0
2020-07-06 02:30,1,0,1,0,0,0
2020-07-06 02:45,2,1,1,0,0,0
2020-07-06 03:00,5,3,2,0,0,0
2020-07-06 03:15,0,0,0,0,0,0
2020-07-06 03:30,1,1,0,0,0,0
2020-07-06 03:45,0,0,0,0,0,0
2020-07-06 04:00,2,0,2,0,0,0
2020-07-06 04:15,0,0,0,0,0,0
2020-07-06 04:30,2,0,2,0,0,0
2020-07-06 04:45,2,1,1,0,0,0
2020-07-06 05:00,2,0,2,0,0,0
2020-07-06 05:15,6,6,0,0,0,0
2020-07-06 05:30,12,6,6,0,0,0
2020-07-06 05:45,18,10,8,0,0,0
2020-07-06 06:00,16,8,8,0,0,0
2020-07-06 06:15,27,16,11,0,0,0
2020-07-06 06:30,28,17,11,0,0,0
2020-07-06 06:45,49,28,21,0,0,0
2020-07-06 07:00,55,25,30,0,0,0
2020-07-06 07:15,74,46,28,0,0,0
2020-07-06 07:30,87,44,43,0,0,0
2020-07-06 07:45,112,64,48,0,0,0
2020-07-06 08:00,86,54,32,0,0,0
2020-07-06 08:15,85,47,38,0,0,0
2020-07-06 08:30,100,56,44,0,0,0
2020-07-06 08:45,107,52,55,0,0,0
2020-07-06 09:00,63,36,27,0,0,0
2020-07-06 09:15,62,26,36,0,0,0
2020-07-06 09:30,75,49,26,0,0,0
2020-07-06 09:45,89,53,36,0,0,0
2020-07-06 10:00,66,36,30,0,0,0
2020-07-06 10:15,68,44,24,0,0,0
2020-07-06 10:30,63,28,35,0,0,0
2020-07-06 10:45,79,55,24,0,0,0
2020-07-06 11:00,68,46,22,0,0,0
2020-07-06 11:15,73,46,27,0,0,0
2020-07-06 11:30,73,36,37,0,0,0
2020-07-06 11:45,78,37,41,0,0,0
2020-07-06 12:00,75,45,30,0,0,0
2020-07-06 12:15,111,56,55,0,0,0
2020-07-06 12:30,98,51,47,0,0,0
2020-07-06 12:45,75,41,34,0,0,0
2020-07-06 13:00,66,40,26,0,0,0
2020-07-06 13:15,82,50,32,0,0,0
2020-07-06 13:30,60,33,27,0,0,0
2020-07-06 13:45,96,58,38,0,0,0
2020-07-06 14:00,83,36,47,0,0,0
2020-07-06 14:15,81,46,35,0,0,0
2020-07-06 14:30,74,44,30,0,0,0
2020-07-06 14:45,89,49,40,0,0,0
2020-07-06 15:00,83,49,34,0,0,0
2020-07-06 15:15,96,60,36,0,0,0
2020-07-06 15:30,97,53,44,0,0,0
2020-07-06 15:45,86,46,40,0,0,0
2020-07-06 16:00,109,65,44,0,0,0
2020-07-06 16:15,111,59,52,0,0,0
2020-07-06 16:30,126,79,47,0,0,0
2020-07-06 16:45,106,58,48,0,0,0
2020-07-06 17:00,108,58,50,0,0,0
2020-07-06 17:15,103,56,47,0,0,0
2020-07-06 17:30,117,58,59,0,0,0
2020-07-06 17:45,120,67,53,0,0,0
2020-07-06 18:00,123,73,50,0,0,0
2020-07-06 18:15,107,59,48,0,0,0
2020-07-06 18:30,111,65,46,0,0,0
2020-07-06 18:45,105,62,43,0,0,0
2020-07-06 19:00,72,42,30,0,0,0
2020-07-06 19:15,104,60,44,0,0,0
2020-07-06 19:30,79,45,34,0,0,0
2020-07-06 19:45,63,38,25,0,0,0
2020-07-06 20:00,80,46,34,0,0,0
2020-07-06 20:15,74,43,31,0,0,0
2020-07-06 20:30,41,20,21,0,0,0
2020-07-06 20:45,52,37,15,0,0,0
2020-07-06 21:00,36,16,20,0,0,0
2020-07-06 21:15,45,21,24,0,0,0
2020-07-06 21:30,34,14,20,0,0,0
2020-07-06 21:45,27,13,14,0,0,0
2020-07-06 22:00,44,15,29,0,0,0
2020-07-06 22:15,32,12,20,0,0,0
2020-07-06 22:30,46,18,28,0,0,0
2020-07-06 22:45,33,18,15,0,0,0
2020-07-06 23:00,31,11,20,0,0,0
2020-07-06 23:15,23,10,13,0,0,0
2020-07-06 23:30,21,6,15,0,0,0
2020-07-06 23:45,11,7,4,0,0,0
2020-07-07 00:00,7,3,4,0,0,0
2020-07-07 00:15,11,6,5,0,0,0
2020-07-07 00:30,8,1,7,0,0,0
2020-07-07 00:45,3,1,2,0,0,0
2020-07-07 01:00,3,3,0,0,0,0
2020-07-07 01:15,3,2,1,0,0,0
2020-07-07 01:30,1,0,1,0,0,0
2020-07-07 01:45,0,0,0,0,0,0
2020-07-07 02:00,3,3,0,0,0,0
2020-07-07 02:15,1,0,1,0,0,0
2020-07-07 02:30,1,1,0,0,0,0
2020-07-07 02:45,2,2,0,0,0,0
2020-07-07 03:00,1,0,1,0,0,0
2020-07-07 03:15,4,4,0,0,0,0
2020-07-07 03:30,1,0,1,0,0,0
2020-07-07 03:45,0,0,0,0,0,0
2020-07-07 04:00,1,0,1,0,0,0
2020-07-07 04:15,4,2,2,0,0,0
2020-07-07 04:30,1,1,0,0,0,0
2020-07-07 04:45,0,0,0,0,0,0
2020-07-07 05:00,4,2,2,0,0,0
2020-07-07 05:15,9,6,3,0,0,0
2020-07-07 05:30,15,6,9,0,0,0
2020-07-07 05:45,19,12,7,0,0,0
2020-07-07 06:00,21,10,11,0,0,0
2020-07-07 06:15,33,18,15,0,0,0
2020-07-07 06:30,25,17,8,0,0,0
2020-07-07 06:45,38,24,14,0,0,0
2020-07-07 07:00,66,42,24,0,0,0
2020-07-07 07:15,72,45,27,0,0,0
2020-07-07 07:30,125,91,34,0,0,0
2020-07-07 07:45,146,105,41,0,0,0
2020-07-07 08:00,113,69,44,0,0,0
2020-07-07 08:15,116,65,51,0,0,0
2020-07-07 08:30,87,47,40,0,0,0
2020-07-07 08:45,118,53,65,0,0,0
2020-07-07 09:00,65,37,28,0,0,0
2020-07-07 09:15,58,34,24,0,0,0
2020-07-07 09:30,64,35,29,0,0,0
2020-07-07 09:45,78,38,40,0,0,0
2020-07-07 10:00,65,31,34,0,0,0
2020-07-07 10:15,73,35,38,0,0,0
2020-07-07 10:30,120,42,78,0,0,0
2020-07-07 10:45,124,55,69,0,0,0
2020-07-07 11:00,66,46,20,0,0,0
2020-07-07 11:15,66,40,26,0,0,0
2020-07-07 11:30,92,46,46,0,0,0
2020-07-07 11:45,120,59,61,0,0,0
2020-07-07 12:00,98,56,42,0,0,0
2020-07-07 12:15,112,57,55,0,0,0
2020-07-07 12:30,112,70,42,0,0,0
2020-07-07 12:45,99,61,38,0,0,0
2020-07-07 13:00,118,71,47,0,0,0
2020-07-07 13:15,98,53,45,0,0,0
2020-07-07 13:30,97,53,44,0,0,0
2020-07-07 13:45,108,65,43,0,0,0
2020-07-07 14:00,95,51,44,0,0,0
2020-07-07 14:15,121,75,46,0,0,0
2020-07-07 14:30,102,49,53,0,0,0
2020-07-07 14:45,95,51,44,0,0,0
2020-07-07 15:00,95,56,39,0,0,0
2020-07-07 15:15,125,65,60,0,0,0
2020-07-07 15:30,104,57,47,0,0,0
2020-07-07 15:45,88,48,40,0,0,0
2020-07-07 16:00,136,85,51,0,0,0
2020-07-07 16:15,132,77,55,0,0,0
2020-07-07 16:30,114,66,48,0,0,0
2020-07-07 16:45,159,78,81,0,0,0
2020-07-07 17:00,140,62,78,0,0,0
2020-07-07 17:15,129,77,52,0,0,0
2020-07-07 17:30,140,74,66,0,0,0
2020-07-07 17:45,149,84,65,0,0,0
2020-07-07 18:00,129,79,50,0,0,0
2020-07-07 18:15,121,61,60,0,0,0
2020-07-07 18:30,96,61,35,0,0,0
2020-07-07 18:45,109,71,38,0,0,0
2020-07-07 19:00,100,60,40,0,0,0
2020-07-07 19:15,101,64,37,0,0,0
2020-07-07 19:30,87,53,34,0,0,0
2020-07-07 19:45,79,44,35,0,0,0
2020-07-07 20:00,91,39,52,0,0,0
2020-07-07 20:15,73,46,27,0,0,0
2020-07-07 20:30,51,30,21,0,0,0
2020-07-07 20:45,62,30,32,0,0,0
2020-07-07 21:00,72,39,33,0,0,0
2020-07-07 21:15,59,29,30,0,0,0
2020-07-07 21:30,43,22,21,0,0,0
2020-07-07 21:45,51,18,33,0,0,0
2020-07-07 22:00,55,27,28,0,0,0
2020-07-07 22:15,42,22,20,0,0,0
2020-07-07 22:30,35,14,21,0,0,0
2020-07-07 22:45,29,6,23,0,0,0
2020-07-07 23:00,31,12,19,0,0,0
2020-07-07 23:15,21,4,17,0,0,0
2020-07-07 23:30,20,10,10,0,0,0
2020-07-07 23:45,17,13,4,0,0,0
2020-07-08 00:00,20,7,13,0,0,0
2020-07-08 00:15,15,5,10,0,0,0
2020-07-08 00:30,11,3,8,0,0,0
2020-07-08 00:45,6,3,3,0,0,0
2020-07-08 01:00,11,2,9,0,0,0
2020-07-08 01:15,6,1,5,0,0,0
2020-07-08 01:30,2,1,1,0,0,0
2020-07-08 01:45,3,3,0,0,0,0
2020-07-08 02:00,4,1,3,0,0,0
2020-07-08 02:15,0,0,0,0,0,0
2020-07-08 02:30,1,0,1,0,0,0
2020-07-08 02:45,3,2,1,0,0,0
2020-07-08 03:00,2,1,1,0,0,0
2020-07-08 03:15,4,4,0,0,0,0
2020-07-08 03:30,0,0,0,0,0,0
2020-07-08 03:45,3,0,3,0,0,0
2020-07-08 04:00,1,0,1,0,0,0
2020-07-08 04:15,0,0,0,0,0,0
2020-07-08 04:30,2,0,2,0,0,0
2020-07-08 04:45,3,2,1,0,0,0
2020-07-08 05:00,1,0,1,0,0,0
2020-07-08 05:15,6,6,0,0,0,0
2020-07-08 05:30,19,9,10,0,0,0
2020-07-08 05:45,16,9,7,0,0,0
2020-07-08 06:00,13,5,8,0,0,0
2020-07-08 06:15,15,8,7,0,0,0
2020-07-08 06:30,30,16,14,0,0,0
2020-07-08 06:45,29,18,11,0,0,0
2020-07-08 07:00,37,22,15,0,0,0
2020-07-08 07:15,63,38,25,0,0,0
2020-07-08 07:30,73,39,34,0,0,0
2020-07-08 07:45,89,55,34,0,0,0
2020-07-08 08:00,87,55,32,0,0,0
2020-07-08 08:15,84,52,32,0,0,0
2020-07-08 08:30,90,52,38,0,0,0
2020-07-08 08:45,105,47,58,0,0,0
2020-07-08 09:00,75,38,37,0,0,0
2020-07-08 09:15,45,20,25,0,0,0
2020-07-08 09:30,49,22,27,0,0,0
2020-07-08 09:45,76,49,27,0,0,0
2020-07-08 10:00,56,29,27,0,0,0
2020-07-08 10:15,67,35,32,0,0,0
2020-07-08 10:30,47,24,23,0,0,0
2020-07-08 10:45,59,26,33,0,0,0
2020-07-08 11:00,42,17,25,0,0,0
2020-07-08 11:15,72,43,29,0,0,0
2020-07-08 11:30,77,32,45,0,0,0
2020-07-08 11:45,78,32,46,0,0,0
2020-07-08 12:00,75,36,39,0,0,0
2020-07-08 12:15,92,41,51,0,0,0
2020-07-08 12:30,78,46,32,0,0,0
2020-07-08 12:45,80,43,37,0,0,0
2020-07-08 13:00,96,54,42,0,0,0
2020-07-08 13:15,89,53,36,0,0,0
2020-07-08 13:30,90,60,30,0,0,0
2020-07-08 13:45,92,62,30,0,0,0
2020-07-08 14:00,82,40,42,0,0,0
2020-07-08 14:15,94,54,40,0,0,0
2020-07-08 14:30,95,60,35,0,0,0
2020-07-08 14:45,82,51,31,0,0,0
2020-07-08 15:00,86,55,31,0,0,0
2020-07-08 15:15,123,79,44,0,0,0
2020-07-08 15:30,94,51,43,0,0,0
2020-07-08 15:45,97,58,39,0,0,0
2020-07-08 16:00,107,63,44,0,0,0
2020-07-08 16:15,120,65,55,0,0,0
2020-07-08 16:30,127,73,54,0,0,0
2020-07-08 16:45,129,81,48,0,0,0
2020-07-08 17:00,133,70,63,0,0,0
2020-07-08 17:15,141,89,52,0,0,0
2020-07-08 17:30,103,56,47,0,0,0
2020-07-08 17:45,145,88,57,0,0,0
2020-07-08 18:00,118,81,37,0,0,0
2020-07-08 18:15,107,61,46,0,0,0
2020-07-08 18:30,106,58,48,0,0,0
2020-07-08 18:45,106,62,44,0,0,0
2020-07-08 19:00,86,49,37,0,0,0
2020-07-08 19:15,92,60,32,0,0,0
2020-07-08 19:30,85,45,40,0,0,0
2020-07-08 19:45,84,48,36,0,0,0
2020-07-08 20:00,86,46,40,0,0,0
2020-07-08 20:15,57,40,17,0,0,0
2020-07-08 20:30,84,44,40,0,0,0
2020-07-08 20:45,59,34,25,0,0,0
2020-07-08 21:00,45,19,26,0,0,0
2020-07-08 21:15,51,20,31,0,0,0
2020-07-08 21:30,28,12,16,0,0,0
2020-07-08 21:45,52,28,24,0,0,0
2020-07-08 22:00,43,16,27,0,0,0
2020-07-08 22:15,44,21,23,0,0,0
2020-07-08 22:30,42,18,24,0,0,0
2020-07-08 22:45,38,13,25,0,0,0
2020-07-08 23:00,33,17,16,0,0,0
2020-07-08 23:15,26,12,14,0,0,0
2020-07-08 23:30,33,15,18,0,0,0
2020-07-08 23:45,19,10,9,0,0,0
2020-07-09 00:00,18,4,14,0,0,0
2020-07-09 00:15,15,7,8,0,0,0
2020-07-09 00:30,19,3,16,0,0,0
2020-07-09 00:45,10,6,4,0,0,0
2020-07-09 01:00,11,7,4,0,0,0
2020-07-09 01:15,12,4,8,0,0,0
2020-07-09 01:30,9,4,5,0,0,0
2020-07-09 01:45,9,6,3,0,0,0
2020-07-09 02:00,5,2,3,0,0,0
2020-07-09 02:15,7,1,6,0,0,0
2020-07-09 02:30,8,1,7,0,0,0
2020-07-09 02:45,0,0,0,0,0,0
2020-07-09 03:00,3,2,1,0,0,0
2020-07-09 03:15,7,5,2,0,0,0
2020-07-09 03:30,2,2,0,0,0,0
2020-07-09 03:45,1,1,0,0,0,0
2020-07-09 04:00,3,1,2,0,0,0
2020-07-09 04:15,1,0,1,0,0,0
2020-07-09 04:30,3,1,2,0,0,0
2020-07-09 04:45,4,2,2,0,0,0
2020-07-09 05:00,3,1,2,0,0,0
2020-07-09 05:15,7,6,1,0,0,0
2020-07-09 05:30,25,12,13,0,0,0
2020-07-09 05:45,17,9,8,0,0,0
2020-07-09 06:00,12,5,7,0,0,0
2020-07-09 06:15,23,12,11,0,0,0
2020-07-09 06:30,23,17,6,0,0,0
2020-07-09 06:45,31,16,15,0,0,0
2020-07-09 07:00,47,33,14,0,0,0
2020-07-09 07:15,38,25,13,0,0,0
2020-07-09 07:30,64,32,32,0,0,0
2020-07-09 07:45,69,37,32,0,0,0
2020-07-09 08:00,81,55,26,0,0,0
2020-07-09 08:15,81,46,35,0,0,0
2020-07-09 08:30,87,53,34,0,0,0
2020-07-09 08:45,85,39,46,0,0,0
2020-07-09 09:00,58,30,28,0,0,0
2020-07-09 09:15,68,29,39,0,0,0
2020-07-09 09:30,65,40,25,0,0,0
2020-07-09 09:45,71,34,37,0,0,0
2020-07-09 10:00,39,22,17,0,0,0
2020-07-09 10:15,44,24,20,0,0,0
2020-07-09 10:30,55,26,29,0,0,0
2020-07-09 10:45,47,21,26,0,0,0
2020-07-09 11:00,59,37,22,0,0,0
2020-07-09 11:15,64,39,25,0,0,0
2020-07-09 11:30,44,29,15,0,0,0
2020-07-09 11:45,56,28,28,0,0,0
2020-07-09 12:00,62,34,28,0,0,0
2020-07-09 12:15,75,32,43,0,0,0
2020-07-09 12:30,79,33,46,0,0,0
2020-07-09 12:45,92,62,30,0,0,0
2020-07-09 13:00,96,59,37,0,0,0
2020-07-09 13:15,76,42,34,0,0,0
2020-07-09 13:30,87,54,33,0,0,0
2020-07-09 13:45,95,57,38,0,0,0
2020-07-09 14:00,84,45,39,0,0,0
2020-07-09 14:15,112,55,57,0,0,0
2020-07-09 14:30,81,36,45,0,0,0
2020-07-09 14:45,97,58,39,0,0,0
2020-07-09 15:00,77,52,25,0,0,0
2020-07-09 15:15,90,48,42,0,0,0
2020-07-09 15:30,96,59,37,0,0,0
2020-07-09 15:45,115,68,47,0,0,0
2020-07-09 16:00,129,82,47,0,0,0
2020-07-09 16:15,112,65,47,0,0,0
2020-07-09 16:30,103,58,45,0,0,0
2020-07-09 16:45,141,88,53,0,0,0
2020-07-09 17:00,130,62,68,0,0,0
2020-07-09 17:15,129,78,51,0,0,0
2020-07-09 17:30,123,70,53,0,0,0
2020-07-09 17:45,141,87,54,0,0,0
2020-07-09 18:00,132,73,59,0,0,0
2020-07-09 18:15,105,61,44,0,0,0
2020-07-09 18:30,90,47,43,0,0,0
2020-07-09 18:45,103,58,45,0,0,0
2020-07-09 19:00,107,62,45,0,0,0
2020-07-09 19:15,88,50,38,0,0,0
2020-07-09 19:30,80,50,30,0,0,0
2020-07-09 19:45,87,54,33,0,0,0
2020-07-09 20:00,76,43,33,0,0,0
2020-07-09 20:15,58,34,24,0,0,0
2020-07-09 20:30,42,25,17,0,0,0
2020-07-09 20:45,48,30,18,0,0,0
2020-07-09 21:00,49,32,17,0,0,0
2020-07-09 21:15,48,27,21,0,0,0
2020-07-09 21:30,40,22,18,0,0,0
2020-07-09 21:45,38,23,15,0,0,0
2020-07-09 22:00,45,21,24,0,0,0
2020-07-09 22:15,26,12,14,0,0,0
2020-07-09 22:30,30,12,18,0,0,0
2020-07-09 22:45,34,13,21,0,0,0
2020-07-09 23:00,25,12,13,0,0,0
2020-07-09 23:15,25,5,20,0,0,0
2020-07-09 23:30,21,12,9,0,0,0
2020-07-09 23:45,17,5,12,0,0,0
2020-07-10 00:00,13,4,9,0,0,0
2020-07-10 00:15,21,7,14,0,0,0
2020-07-10 00:30,4,1,3,0,0,0
2020-07-10 00:45,16,4,12,0,0,0
2020-07-10 01:00,15,9,6,0,0,0
2020-07-10 01:15,6,5,1,0,0,0
2020-07-10 01:30,8,1,7,0,0,0
2020-07-10 01:45,5,2,3,0,0,0
2020-07-10 02:00,7,3,4,0,0,0
2020-07-10 02:15,4,2,2,0,0,0
2020-07-10 02:30,3,2,1,0,0,0
2020-07-10 02:45,3,3,0,0,0,0
2020-07-10 03:00,3,2,1,0,0,0
2020-07-10 03:15,1,1,0,0,0,0
2020-07-10 03:30,4,4,0,0,0,0
2020-07-10 03:45,2,1,1,0,0,0
2020-07-10 04:00,4,1,3,0,0,0
2020-07-10 04:15,3,3,0,0,0,0
2020-07-10 04:30,1,0,1,0,0,0
2020-07-10 04:45,3,2,1,0,0,0
2020-07-10 05:00,1,1,0,0,0,0
2020-07-10 05:15,6,4,2,0,0,0
2020-07-10 05:30,16,7,9,0,0,0
2020-07-10 05:45,13,7,6,0,0,0
2020-07-10 06:00,15,6,9,0,0,0
2020-07-10 06:15,17,10,7,0,0,0
2020-07-10 06:30,36,23,13,0,0,0
2020-07-10 06:45,38,20,18,0,0,0
2020-07-10 07:00,49,28,21,0,0,0
2020-07-10 07:15,65,38,27,0,0,0
2020-07-10 07:30,87,47,40,0,0,0
2020-07-10 07:45,102,62,40,0,0,0
2020-07-10 08:00,70,43,27,0,0,0
2020-07-10 08:15,95,46,49,0,0,0
2020-07-10 08:30,85,45,40,0,0,0
2020-07-10 08:45,108,58,50,0,0,0
2020-07-10 09:00,79,37,42,0,0,0
2020-07-10 09:15,56,27,29,0,0,0
2020-07-10 09:30,66,40,26,0,0,0
2020-07-10 09:45,53,27,26,0,0,0
2020-07-10 10:00,76,38,38,0,0,0
2020-07-10 10:15,70,40,30,0,0,0
2020-07-10 10:30,64,33,31,0,0,0
2020-07-10 10:45,84,60,24,0,0,0
2020-07-10 11:00,73,54,19,0,0,0
2020-07-10 11:15,68,40,28,0,0,0
2020-07-10 11:30,86,53,33,0,0,0
2020-07-10 11:45,86,47,39,0,0,0
2020-07-10 12:00,70,41,29,0,0,0
2020-07-10 12:15,71,40,31,0,0,0
2020-07-10 12:30,119,71,48,0,0,0
2020-07-10 12:45,100,56,44,0,0,0
2020-07-10 13:00,102,70,32,0,0,0
2020-07-10 13:15,93,46,47,0,0,0
2020-07-10 13:30,91,53,38,0,0,0
2020-07-10 13:45,97,56,41,0,0,0
2020-07-10 14:00,110,58,52,0,0,0
2020-07-10 14:15,124,51,73,0,0,0
2020-07-10 14:30,102,49,53,0,0,0
2020-07-10 14:45,111,61,50,0,0,0
2020-07-10 15:00,97,55,42,0,0,0
2020-07-10 15:15,98,53,45,0,0,0
2020-07-10 15:30,107,55,52,0,0,0
2020-07-10 15:45,95,51,44,0,0,0
2020-07-10 16:00,103,69,34,0,0,0
2020-07-10 16:15,103,64,39,0,0,0
2020-07-10 16:30,110,69,41,0,0,0
2020-07-10 16:45,85,41,44,0,0,0
2020-07-10 17:00,107,56,51,0,0,0
2020-07-10 17:15,85,45,40,0,0,0
2020-07-10 17:30,90,50,40,0,0,0
2020-07-10 17:45,109,68,41,0,0,0
2020-07-10 18:00,102,61,41,0,0,0
2020-07-10 18:15,74,51,23,0,0,0
2020-07-10 18:30,76,40,36,0,0,0
2020-07-10 18:45,98,67,31,0,0,0
2020-07-10 19:00,87,42,45,0,0,0
2020-07-10 19:15,85,54,31,0,0,0
2020-07-10 19:30,84,59,25,0,0,0
2020-07-10 19:45,79,51,28,0,0,0
2020-07-10 20:00,96,54,42,0,0,0
2020-07-10 20:15,75,39,36,0,0,0
2020-07-10 20:30,66,44,22,0,0,0
2020-07-10 20:45,47,21,26,0,0,0
2020-07-10 21:00,58,29,29,0,0,0
2020-07-10 21:15,56,33,23,0,0,0
2020-07-10 21:30,60,34,26,0,0,0
2020-07-10 21:45,64,25,39,0,0,0
2020-07-10 22:00,50,32,18,0,0,0
2020-07-10 22:15,52,28,24,0,0,0
2020-07-10 22:30,34,18,16,0,0,0
2020-07-10 22:45,56,25,31,0,0,0
2020-07-10 23:00,42,16,26,0,0,0
2020-07-10 23:15,38,12,26,0,0,0
2020-07-10 23:30,38,12,26,0,0,0
2020-07-10 23:45,38,18,20,0,0,0
2020-07-11 00:00,40,16,24,0,0,0
2020-07-11 00:15,32,18,14,0,0,0
2020-07-11 00:30,27,10,17,0,0,0
2020-07-11 00:45,30,9,21,0,0,0
2020-07-11 01:00,37,18,19,0,0,0
2020-07-11 01:15,23,8,15,0,0,0
2020-07-11 01:30,21,7,14,0,0,0
2020-07-11 01:45,16,5,11,0,0,0
2020-07-11 02:00,18,5,13,0,0,0
2020-07-11 02:15,21,8,13,0,0,0
2020-07-11 02:30,18,8,10,0,0,0
2020-07-11 02:45,18,4,14,0,0,0
2020-07-11 03:00,10,3,7,0,0,0
2020-07-11 03:15,8,4,4,0,0,0
2020-07-11 03:30,13,3,10,0,0,0
2020-07-11 03:45,7,3,4,0,0,0
2020-07-11 04:00,12,1,11,0,0,0
2020-07-11 04:15,3,2,1,0,0,0
2020-07-11 04:30,9,5,4,0,0,0
2020-07-11 04:45,7,3,4,0,0,0
2020-07-11 05:00,4,2,2,0,0,0
2020-07-11 05:15,4,2,2,0,0,0
2020-07-11 05:30,9,2,7,0,0,0
2020-07-11 05:45,12,3,9,0,0,0
2020-07-11 06:00,2,1,1,0,0,0
2020-07-11 06:15,4,2,2,0,0,0
2020-07-11 06:30,10,6,4,0,0,0
2020-07-11 06:45,17,9,8,0,0,0
2020-07-11 07:00,5,3,2,0,0,0
2020-07-11 07:15,16,11,5,0,0,0
2020-07-11 07:30,22,17,5,0,0,0
2020-07-11 07:45,28,17,11,0,0,0
2020-07-11 08:00,12,11,1,0,0,0
2020-07-11 08:15,23,10,13,0,0,0
2020-07-11 08:30,25,14,11,0,0,0
2020-07-11 08:45,29,14,15,0,0,0
2020-07-11 09:00,25,6,19,0,0,0
2020-07-11 09:15,38,17,21,0,0,0
2020-07-11 09:30,40,22,18,0,0,0
2020-07-11 09:45,48,20,28,0,0,0
2020-07-11 10:00,53,29,24,0,0,0
2020-07-11 10:15,51,32,19,0,0,0
2020-07-11 10:30,53,20,33,0,0,0
2020-07-11 10:45,61,31,30,0,0,0
2020-07-11 11:00,64,35,29,0,0,0
2020-07-11 11:15,61,35,26,0,0,0
2020-07-11 11:30,58,31,27,0,0,0
2020-07-11 11:45,80,40,40,0,0,0
2020-07-11 12:00,72,45,27,0,0,0
2020-07-11 12:15,95,54,41,0,0,0
2020-07-11 12:30,77,48,29,0,0,0
2020-07-11 12:45,95,63,32,0,0,0
2020-07-11 13:00,82,46,36,0,0,0
2020-07-11 13:15,81,48,33,0,0,0
2020-07-11 13:30,83,54,29,0,0,0
2020-07-11 13:45,84,37,47,0,0,0
2020-07-11 14:00,91,60,31,0,0,0
2020-07-11 14:15,102,47,55,0,0,0
2020-07-11 14:30,96,61,35,0,0,0
2020-07-11 14:45,109,80,29,0,0,0
2020-07-11 15:00,83,49,34,0,0,0
2020-07-11 15:15,81,47,34,0,0,0
2020-07-11 15:30,101,58,43,0,0,0
2020-07-11 15:45,68,38,30,0,0,0
2020-07-11 16:00,86,51,35,0,0,0
2020-07-11 16:15,106,52,54,0,0,0
2020-07-11 16:30,112,68,44,0,0,0
2020-07-11 16:45,105,57,48,0,0,0
2020-07-11 17:00,109,76,33,0,0,0
2020-07-11 17:15,91,39,52,0,0,0
2020-07-11 17:30,97,69,28,0,0,0
2020-07-11 17:45,108,75,33,0,0,0
2020-07-11 18:00,100,64,36,0,0,0
2020-07-11 18:15,111,74,37,0,0,0
2020-07-11 18:30,99,60,39,0,0,0
2020-07-11 18:45,93,53,40,0,0,0
2020-07-11 19:00,71,39,32,0,0,0
2020-07-11 19:15,83,58,25,0,0,0
2020-07-11 19:30,82,52,30,0,0,0
2020-07-11 19:45,76,56,20,0,0,0
2020-07-11 20:00,75,46,29,0,0,0
2020-07-11 20:15,73,42,31,0,0,0
2020-07-11 20:30,59,34,25,0,0,0
2020-07-11 20:45,43,24,19,0,0,0
2020-07-11 21:00,60,25,35,0,0,0
2020-07-11 21:15,52,28,24,0,0,0
2020-07-11 21:30,61,36,25,0,0,0
2020-07-11 21:45,36,17,19,0,0,0
2020-07-11 22:00,48,23,25,0,0,0
2020-07-11 22:15,49,20,29,0,0,0
2020-07-11 22:30,49,24,25,0,0,0
2020-07-11 22:45,37,17,20,0,0,0
2020-07-11 23:00,37,18,19,0,0,0
2020-07-11 23:15,52,28,24,0,0,0
2020-07-11 23:30,75,44,31,0,0,0
2020-07-11 23:45,41,15,26,0,0,0
2020-07-12 00:00,30,14,16,0,0,0
2020-07-12 00:15,32,19,13,0,0,0
2020-07-12 00:30,38,18,20,0,0,0
2020-07-12 00:45,42,21,21,0,0,0
2020-07-12 01:00,30,11,19,0,0,0
2020-07-12 01:15,33,14,19,0,0,0
2020-07-12 01:30,26,8,18,0,0,0
2020-07-12 01:45,26,12,14,0,0,0
2020-07-12 02:00,23,10,13,0,0,0
2020-07-12 02:15,17,3,14,0,0,0
2020-07-12 02:30,17,5,12,0,0,0
2020-07-12 02:45,25,8,17,0,0,0
2020-07-12 03:00,17,6,11,0,0,0
2020-07-12 03:15,12,4,8,0,0,0
2020-07-12 03:30,25,6,19,0,0,0
2020-07-12 03:45,5,3,2,0,0,0
2020-07-12 04:00,11,7,4,0,0,0
2020-07-12 04:15,12,5,7,0,0,0
2020-07-12 04:30,9,3,6,0,0,0
2020-07-12 04:45,3,1,2,0,0,0
2020-07-12 05:00,4,3,1,0,0,0
2020-07-12 05:15,0,0,0,0,0,0
2020-07-12 05:30,10,2,8,0,0,0
2020-07-12 05:45,5,3,2,0,0,0
2020-07-12 06:00,4,2,2,0,0,0
2020-07-12 06:15,2,2,0,0,0,0
2020-07-12 06:30,3,0,3,0,0,0
2020-07-12 06:45,8,2,6,0,0,0
2020-07-12 07:00,8,5,3,0,0,0
2020-07-12 07:15,4,3,1,0,0,0
2020-07-12 07:30,6,1,5,0,0,0
2020-07-12 07:45,5,2,3,0,0,0
2020-07-12 08:00,9,5,4,0,0,0
2020-07-12 08:15,19,9,10,0,0,0
2020-07-12 08:30,16,10,6,0,0,0
2020-07-12 08:45,18,11,7,0,0,0
2020-07-12 09:00,13,7,6,0,0,0
2020-07-12 09:15,30,22,8,0,0,0
2020-07-12 09:30,9,5,4,0,0,0
2020-07-12 09:45,41,24,17,0,0,0
2020-07-12 10:00,35,21,14,0,0,0
2020-07-12 10:15,33,22,11,0,0,0
2020-07-12 10:30,43,18,25,0,0,0
2020-07-12 10:45,35,21,14,0,0,0
2020-07-12 11:00,39,20,19,0,0,0
2020-07-12 11:15,41,25,16,0,0,0
2020-07-12 11:30,48,19,29,0,0,0
2020-07-12 11:45,38,17,21,0,0,0
2020-07-12 12:00,55,39,16,0,0,0
2020-07-12 12:15,43,22,21,0,0,0
2020-07-12 12:30,67,32,35,0,0,0
2020-07-12 12:45,73,50,23,0,0,0
2020-07-12 13:00,89,55,34,0,0,0
2020-07-12 13:15,61,33,28,0,0,0
2020-07-12 13:30,55,35,20,0,0,0
2020-07-12 13:45,54,30,24,0,0,0
2020-07-12 14:00,99,63,36,0,0,0
2020-07-12 14:15,88,52,36,0,0,0
2020-07-12 14:30,67,29,38,0,0,0
2020-07-12 14:45,82,40,42,0,0,0
2020-07-12 15:00,73,30,43,0,0,0
2020-07-12 15:15,61,39,22,0,0,0
2020-07-12 15:30,94,52,42,0,0,0
2020-07-12 15:45,71,41,30,0,0,0
2020-07-12 16:00,77,50,27,0,0,0
2020-07-12 16:15,78,56,22,0,0,0
2020-07-12 16:30,62,48,14,0,0,0
2020-07-12 16:45,102,49,53,0,0,0
2020-07-12 17:00,66,31,35,0,0,0
2020-07-12 17:15,103,53,50,0,0,0
2020-07-12 17:30,87,35,52,0,0,0
2020-07-12 17:45,86,43,43,0,0,0
2020-07-12 18:00,82,40,42,0,0,0
2020-07-12 18:15,68,29,39,0,0,0
2020-07-12 18:30,75,48,27,0,0,0
2020-07-12 18:45,69,42,27,0,0,0
2020-07-12 19:00,73,44,29,0,0,0
2020-07-12 19:15,64,31,33,0,0,0
2020-07-12 19:30,67,37,30,0,0,0
2020-07-12 19:45,75,36,39,0,0,0
2020-07-12 20:00,58,30,28,0,0,0
2020-07-12 20:15,49,22,27,0,0,0
2020-07-12 20:30,49,28,21,0,0,0
2020-07-12 20:45,59,32,27,0,0,0
2020-07-12 21:00,53,19,34,0,0,0
2020-07-12 21:15,41,20,21,0,0,0
2020-07-12 21:30,49,20,29,0,0,0
2020-07-12 21:45,40,13,27,0,0,0
2020-07-12 22:00,34,17,17,0,0,0
2020-07-12 22:15,43,15,28,0,0,0
2020-07-12 22:30,46,17,29,0,0,0
2020-07-12 22:45,26,8,18,0,0,0
2020-07-12 23:00,20,9,11,0,0,0
2020-07-12 23:15,31,13,18,0,0,0
2020-07-12 23:30,14,6,8,0,0,0
2020-07-12 23:45,15,9,6,0,0,0
2020-07-13 00:00,13,8,5,0,0,0
2020-07-13 00:15,14,7,7,0,0,0
2020-07-13 00:30,6,1,5,0,0,0
2020-07-13 00:45,11,4,7,0,0,0
2020-07-13 01:00,7,2,5,0,0,0
2020-07-13 01:15,6,1,5,0,0,0
2020-07-13 01:30,3,2,1,0,0,0
2020-07-13 01:45,3,1,2,0,0,0
2020-07-13 02:00,5,1,4,0,0,0
2020-07-13 02:15,0,0,0,0,0,0
2020-07-13 02:30,2,0,2,0,0,0
2020-07-13 02:45,2,2,0,0,0,0
2020-07-13 03:00,0,0,0,0,0,0
2020-07-13 03:15,0,0,0,0,0,0
2020-07-13 03:30,3,0,3,0,0,0
2020-07-13 03:45,0,0,0,0,0,0
2020-07-13 04:00,3,1,2,0,0,0
2020-07-13 04:15,1,1,0,0,0,0
2020-07-13 04:30,4,3,1,0,0,0
2020-07-13 04:45,2,2,0,0,0,0
2020-07-13 05:00,5,5,0,0,0,0
2020-07-13 05:15,8,7,1,0,0,0
2020-07-13 05:30,14,4,10,0,0,0
2020-07-13 05:45,16,8,8,0,0,0
2020-07-13 06:00,23,13,10,0,0,0
2020-07-13 06:15,26,12,14,0,0,0
2020-07-13 06:30,38,26,12,0,0,0
2020-07-13 06:45,52,30,22,0,0,0
2020-07-13 07:00,79,42,37,0,0,0
2020-07-13 07:15,69,45,24,0,0,0
2020-07-13 07:30,115,63,52,0,0,0
2020-07-13 07:45,109,73,36,0,0,0
2020-07-13 08:00,116,74,42,0,0,0
2020-07-13 08:15,106,56,50,0,0,0
2020-07-13 08:30,108,58,50,0,0,0
2020-07-13 08:45,127,74,53,0,0,0
2020-07-13 09:00,96,51,45,0,0,0
2020-07-13 09:15,93,39,54,0,0,0
2020-07-13 09:30,72,39,33,0,0,0
2020-07-13 09:45,93,49,44,0,0,0
2020-07-13 10:00,82,37,45,0,0,0
2020-07-13 10:15,67,40,27,0,0,0
2020-07-13 10:30,65,42,23,0,0,0
2020-07-13 10:45,89,51,38,0,0,0
2020-07-13 11:00,79,41,38,0,0,0
2020-07-13 11:15,79,43,36,0,0,0
2020-07-13 11:30,127,84,43,0,0,0
2020-07-13 11:45,128,74,54,0,0,0
2020-07-13 12:00,97,56,41,0,0,0
2020-07-13 12:15,106,54,52,0,0,0
2020-07-13 12:30,89,52,37,0,0,0
2020-07-13 12:45,94,49,45,0,0,0
2020-07-13 13:00,108,46,62,0,0,0
2020-07-13 13:15,103,63,40,0,0,0
2020-07-13 13:30,96,46,50,0,0,0
2020-07-13 13:45,169,85,84,0,0,0
2020-07-13 14:00,123,74,49,0,0,0
2020-07-13 14:15,132,71,61,0,0,0
2020-07-13 14:30,130,75,55,0,0,0
2020-07-13 14:45,102,62,40,0,0,0
2020-07-13 15:00,120,69,51,0,0,0
2020-07-13 15:15,105,62,43,0,0,0
2020-07-13 15:30,133,69,64,0,0,0
2020-07-13 15:45,146,87,59,0,0,0
2020-07-13 16:00,160,88,72,0,0,0
2020-07-13 16:15,158,79,79,0,0,0
2020-07-13 16:30,130,64,66,0,0,0
2020-07-13 16:45,147,84,63,0,0,0
2020-07-13 17:00,155,89,66,0,0,0
2020-07-13 17:15,173,100,73,0,0,0
2020-07-13 17:30,181,85,96,0,0,0
2020-07-13 17:45,145,82,63,0,0,0
2020-07-13 18:00,165,96,69,0,0,0
2020-07-13 18:15,142,94,48,0,0,0
2020-07-13 18:30,140,85,55,0,0,0
2020-07-13 18:45,137,83,54,0,0,0
2020-07-13 19:00,118,69,49,0,0,0
2020-07-13 19:15,101,66,35,0,0,0
2020-07-13 19:30,88,53,35,0,0,0
2020-07-13 19:45,113,62,51,0,0,0
2020-07-13 20:00,103,61,42,0,0,0
2020-07-13 20:15,62,33,29,0,0,0
2020-07-13 20:30,76,48,28,0,0,0
2020-07-13 20:45,61,37,24,0,0,0
2020-07-13 21:00,71,32,39,0,0,0
2020-07-13 21:15,66,37,29,0,0,0
2020-07-13 21:30,66,34,32,0,0,0
2020-07-13 21:45,66,27,39,0,0,0
2020-07-13 22:00,57,19,38,0,0,0
2020-07-13 22:15,40,16,24,0,0,0
2020-07-13 22:30,32,15,17,0,0,0
2020-07-13 22:45,35,13,22,0,0,0
2020-07-13 23:00,28,13,15,0,0,0
2020-07-13 23:15,47,5,42,0,0,0
2020-07-13 23:30,42,15,27,0,0,0
2020-07-13 23:45,22,6,16,0,0,0
2020-07-14 00:00,24,5,19,0,0,0
2020-07-14 00:15,22,4,18,0,0,0
2020-07-14 00:30,17,3,14,0,0,0
2020-07-14 00:45,9,2,7,0,0,0
2020-07-14 01:00,5,2,3,0,0,0
2020-07-14 01:15,10,3,7,0,0,0
2020-07-14 01:30,6,6,0,0,0,0
2020-07-14 01:45,0,0,0,0,0,0
2020-07-14 02:00,6,2,4,0,0,0
2020-07-14 02:15,2,1,1,0,0,0
2020-07-14 02:30,13,5,8,0,0,0
2020-07-14 02:45,0,0,0,0,0,0
2020-07-14 03:00,3,3,0,0,0,0
2020-07-14 03:15,4,1,3,0,0,0
2020-07-14 03:30,2,0,2,0,0,0
2020-07-14 03:45,3,2,1,0,0,0
2020-07-14 04:00,5,2,3,0,0,0
2020-07-14 04:15,0,0,0,0,0,0
2020-07-14 04:30,3,1,2,0,0,0
2020-07-14 04:45,4,3,1,0,0,0
2020-07-14 05:00,5,3,2,0,0,0
2020-07-14 05:15,9,8,1,0,0,0
2020-07-14 05:30,12,5,7,0,0,0
2020-07-14 05:45,20,15,5,0,0,0
2020-07-14 06:00,27,18,9,0,0,0
2020-07-14 06:15,33,22,11,0,0,0
2020-07-14 06:30,20,12,8,0,0,0
2020-07-14 06:45,50,30,20,0,0,0
2020-07-14 07:00,62,33,29,0,0,0
2020-07-14 07:15,51,31,20,0,0,0
2020-07-14 07:30,86,48,38,0,0,0
2020-07-14 07:45,108,68,40,0,0,0
2020-07-14 08:00,124,78,46,0,0,0
2020-07-14 08:15,116,64,52,0,0,0
2020-07-14 08:30,100,63,37,0,0,0
2020-07-14 08:45,105,59,46,0,0,0
2020-07-14 09:00,72,39,33,0,0,0
2020-07-14 09:15,75,29,46,0,0,0
2020-07-14 09:30,67,31,36,0,0,0
2020-07-14 09:45,89,50,39,0,0,0
2020-07-14 10:00,71,39,32,0,0,0
2020-07-14 10:15,78,40,38,0,0,0
2020-07-14 10:30,69,42,27,0,0,0
2020-07-14 10:45,80,50,30,0,0,0
2020-07-14 11:00,120,86,34,0,0,0
2020-07-14 11:15,95,68,27,0,0,0
2020-07-14 11:30,101,58,43,0,0,0
2020-07-14 11:45,73,38,35,0,0,0
2020-07-14 12:00,86,41,45,0,0,0
2020-07-14 12:15,112,55,57,0,0,0
2020-07-14 12:30,122,68,54,0,0,0
2020-07-14 12:45,122,67,55,0,0,0
2020-07-14 13:00,95,43,52,0,0,0
2020-07-14 13:15,95,56,39,0,0,0
2020-07-14 13:30,106,52,54,0,0,0
2020-07-14 13:45,138,76,62,0,0,0
2020-07-14 14:00,126,76,50,0,0,0
2020-07-14 14:15,120,70,50,0,0,0
2020-07-14 14:30,96,60,36,0,0,0
2020-07-14 14:45,93,50,43,0,0,0
2020-07-14 15:00,80,46,34,0,0,0
2020-07-14 15:15,91,41,50,0,0,0
2020-07-14 15:30,101,51,50,0,0,0
2020-07-14 15:45,145,64,81,0,0,0
2020-07-14 16:00,126,64,62,0,0,0
2020-07-14 16:15,95,47,48,0,0,0
2020-07-14 16:30,113,74,39,0,0,0
2020-07-14 16:45,113,63,50,0,0,0
2020-07-14 17:00,124,67,57,0,0,0
2020-07-14 17:15,117,62,55,0,0,0
2020-07-14 17:30,93,56,37,0,0,0
2020-07-14 17:45,142,98,44,0,0,0
2020-07-14 18:00,115,64,51,0,0,0
2020-07-14 18:15,124,77,47,0,0,0
2020-07-14 18:30,97,54,43,0,0,0
2020-07-14 18:45,103,66,37,0,0,0
2020-07-14 19:00,100,69,31,0,0,0
2020-07-14 19:15,87,49,38,0,0,0
2020-07-14 19:30,60,39,21,0,0,0
2020-07-14 19:45,60,36,24,0,0,0
2020-07-14 20:00,69,42,27,0,0,0
2020-07-14 20:15,53,35,18,0,0,0
2020-07-14 20:30,46,25,21,0,0,0
2020-07-14 20:45,49,21,28,0,0,0
2020-07-14 21:00,47,23,24,0,0,0
2020-07-14 21:15,47,26,21,0,0,0
2020-07-14 21:30,52,21,31,0,0,0
2020-07-14 21:45,34,15,19,0,0,0
2020-07-14 22:00,31,16,15,0,0,0
2020-07-14 22:15,45,25,20,0,0,0
2020-07-14 22:30,34,19,15,0,0,0
2020-07-14 22:45,29,12,17,0,0,0
2020-07-14 23:00,25,15,10,0,0,0
2020-07-14 23:15,17,10,7,0,0,0
2020-07-14 23:30,24,12,12,0,0,0
2020-07-14 23:45,19,10,9,0,0,0
2020-07-15 00:00,7,2,5,0,0,0
2020-07-15 00:15,12,5,7,0,0,0
2020-07-15 00:30,8,2,6,0,0,0
2020-07-15 00:45,9,4,5,0,0,0
2020-07-15 01:00,3,2,1,0,0,0
2020-07-15 01:15,2,2,0,0,0,0
2020-07-15 01:30,4,2,2,0,0,0
2020-07-15 01:45,5,1,4,0,0,0
2020-07-15 02:00,1,1,0,0,0,0
2020-07-15 02:15,2,2,0,0,0,0
2020-07-15 02:30,1,0,1,0,0,0
2020-07-15 02:45,2,0,2,0,0,0
2020-07-15 03:00,0,0,0,0,0,0
2020-07-15 03:15,2,1,1,0,0,0
2020-07-15 03:30,0,0,0,0,0,0
2020-07-15 03:45,4,2,2,0,0,0
2020-07-15 04:00,5,5,0,0,0,0
2020-07-15 04:15,2,1,1,0,0,0
2020-07-15 04:30,4,1,3,0,0,0
2020-07-15 04:45,2,2,0,0,0,0
2020-07-15 05:00,4,1,3,0,0,0
2020-07-15 05:15,7,5,2,0,0,0
2020-07-15 05:30,13,9,4,0,0,0
2020-07-15 05:45,23,14,9,0,0,0
2020-07-15 06:00,12,9,3,0,0,0
2020-07-15 06:15,20,12,8,0,0,0
2020-07-15 06:30,21,16,5,0,0,0
2020-07-15 06:45,49,27,22,0,0,0
2020-07-15 07:00,46,28,18,0,0,0
2020-07-15 07:15,77,49,28,0,0,0
2020-07-15 07:30,94,62,32,0,0,0
2020-07-15 07:45,112,72,40,0,0,0
2020-07-15 08:00,110,72,38,0,0,0
2020-07-15 08:15,107,63,44,0,0,0
2020-07-15 08:30,92,50,42,0,0,0
2020-07-15 08:45,125,67,58,0,0,0
2020-07-15 09:00,87,46,41,0,0,0
2020-07-15 09:15,65,28,37,0,0,0
2020-07-15 09:30,82,45,37,0,0,0
2020-07-15 09:45,91,51,40,0,0,0
2020-07-15 10:00,94,41,53,0,0,0
2020-07-15 10:15,101,48,53,0,0,0
2020-07-15 10:30,67,30,37,0,0,0
2020-07-15 10:45,93,60,33,0,0,0
2020-07-15 11:00,101,69,32,0,0,0
2020-07-15 11:15,96,61,35,0,0,0
2020-07-15 11:30,99,54,45,0,0,0
2020-07-15 11:45,84,46,38,0,0,0
2020-07-15 12:00,109,49,60,0,0,0
2020-07-15 12:15,105,56,49,0,0,0
2020-07-15 12:30,103,54,49,0,0,0
2020-07-15 12:45,111,52,59,0,0,0
2020-07-15 13:00,141,65,76,0,0,0
2020-07-15 13:15,108,61,47,0,0,0
2020-07-15 13:30,115,60,55,0,0,0
2020-07-15 13:45,143,86,57,0,0,0
2020-07-15 14:00,167,122,45,0,0,0
2020-07-15 14:15,139,96,43,0,0,0
2020-07-15 14:30,92,56,36,0,0,0
2020-07-15 14:45,107,56,51,0,0,0
2020-07-15 15:00,109,73,36,0,0,0
2020-07-15 15:15,106,66,40,0,0,0
2020-07-15 15:30,117,68,49,0,0,0
2020-07-15 15:45,124,65,59,0,0,0
2020-07-15 16:00,143,79,64,0,0,0
2020-07-15 16:15,233,78,155,0,0,0
2020-07-15 16:30,160,79,81,0,0,0
2020-07-15 16:45,135,66,69,0,0,0
2020-07-15 17:00,132,71,61,0,0,0
2020-07-15 17:15,150,74,76,0,0,0
2020-07-15 17:30,150,77,73,0,0,0
2020-07-15 17:45,167,105,62,0,0,0
2020-07-15 18:00,158,94,64,0,0,0
2020-07-15 18:15,129,71,58,0,0,0
2020-07-15 18:30,122,63,59,0,0,0
2020-07-15 18:45,134,88,46,0,0,0
2020-07-15 19:00,105,66,39,0,0,0
2020-07-15 19:15,119,62,57,0,0,0
2020-07-15 19:30,95,61,34,0,0,0
2020-07-15 19:45,95,58,37,0,0,0
2020-07-15 20:00,98,50,48,0,0,0
2020-07-15 20:15,93,63,30,0,0,0
2020-07-15 20:30,94,43,51,0,0,0
2020-07-15 20:45,51,30,21,0,0,0
2020-07-15 21:00,87,32,55,0,0,0
2020-07-15 21:15,62,35,27,0,0,0
2020-07-15 21:30,50,19,31,0,0,0
2020-07-15 21:45,42,20,22,0,0,0
2020-07-15 22:00,63,33,30,0,0,0
2020-07-15 22:15,55,23,32,0,0,0
2020-07-15 22:30,48,25,23,0,0,0
2020-07-15 22:45,53,18,35,0,0,0
2020-07-15 23:00,46,28,18,0,0,0
2020-07-15 23:15,41,25,16,0,0,0
2020-07-15 23:30,23,13,10,0,0,0
2020-07-15 23:45,26,10,16,0,0,0
2020-07-16 00:00,28,13,15,0,0,0
2020-07-16 00:15,29,14,15,0,0,0
2020-07-16 00:30,15,12,3,0,0,0
2020-07-16 00:45,19,11,8,0,0,0
2020-07-16 01:00,11,3,8,0,0,0
2020-07-16 01:15,20,7,13,0,0,0
2020-07-16 01:30,14,6,8,0,0,0
2020-07-16 01:45,17,4,13,0,0,0
2020-07-16 02:00,8,7,1,0,0,0
2020-07-16 02:15,7,2,5,0,0,0
2020-07-16 02:30,7,1,6,0,0,0
2020-07-16 02:45,5,0,5,0,0,0
2020-07-16 03:00,2,2,0,0,0,0
2020-07-16 03:15,5,2,3,0,0,0
2020-07-16 03:30,6,5,1,0,0,0
2020-07-16 03:45,6,2,4,0,0,0
2020-07-16 04:00,2,0,2,0,0,0
2020-07-16 04:15,2,0,2,0,0,0
2020-07-16 04:30,2,1,1,0,0,0
2020-07-16 04:45,9,4,5,0,0,0
2020-07-16 05:00,3,3,0,0,0,0
2020-07-16 05:15,9,8,1,0,0,0
2020-07-16 05:30,12,10,2,0,0,0
2020-07-16 05:45,16,10,6,0,0,0
2020-07-16 06:00,15,12,3,0,0,0
2020-07-16 06:15,16,9,7,0,0,0
2020-07-16 06:30,24,14,10,0,0,0
2020-07-16 06:45,50,26,24,0,0,0
2020-07-16 07:00,64,43,21,0,0,0
2020-07-16 07:15,58,32,26,0,0,0
2020-07-16 07:30,84,42,42,0,0,0
2020-07-16 07:45,113,76,37,0,0,0
2020-07-16 08:00,92,55,37,0,0,0
2020-07-16 08:15,99,52,47,0,0,0
2020-07-16 08:30,79,47,32,0,0,0
2020-07-16 08:45,86,47,39,0,0,0
2020-07-16 09:00,83,46,37,0,0,0
2020-07-16 09:15,80,44,36,0,0,0
2020-07-16 09:30,60,32,28,0,0,0
2020-07-16 09:45,85,46,39,0,0,0
2020-07-16 10:00,55,26,29,0,0,0
2020-07-16 10:15,75,44,31,0,0,0
2020-07-16 10:30,79,37,42,0,0,0
2020-07-16 10:45,90,48,42,0,0,0
2020-07-16 11:00,86,62,24,0,0,0
2020-07-16 11:15,79,41,38,0,0,0
2020-07-16 11:30,82,52,30,0,0,0
2020-07-16 11:45,82,42,40,0,0,0
2020-07-16 12:00,97,48,49,0,0,0
2020-07-16 12:15,103,54,49,0,0,0
2020-07-16 12:30,94,54,40,0,0,0
2020-07-16 12:45,112,54,58,0,0,0
2020-07-16 13:00,123,77,46,0,0,0
2020-07-16 13:15,112,58,54,0,0,0
2020-07-16 13:30,101,63,38,0,0,0
2020-07-16 13:45,104,61,43,0,0,0
2020-07-16 14:00,97,66,31,0,0,0
2020-07-16 14:15,107,59,48,0,0,0
2020-07-16 14:30,109,58,51,0,0,0
2020-07-16 14:45,115,69,46,0,0,0
2020-07-16 15:00,103,66,37,0,0,0
2020-07-16 15:15,111,57,54,0,0,0
2020-07-16 15:30,116,66,50,0,0,0
2020-07-16 15:45,130,70,60,0,0,0
2020-07-16 16:00,140,68,72,0,0,0
2020-07-16 16:15,139,78,61,0,0,0
2020-07-16 16:30,106,66,40,0,0,0
2020-07-16 16:45,149,79,70,0,0,0
2020-07-16 17:00,128,74,54,0,0,0
2020-07-16 17:15,185,97,88,0,0,0
2020-07-16 17:30,137,86,51,0,0,0
2020-07-16 17:45,161,93,68,0,0,0
2020-07-16 18:00,144,69,75,0,0,0
2020-07-16 18:15,129,82,47,0,0,0
2020-07-16 18:30,120,66,54,0,0,0
2020-07-16 18:45,150,83,67,0,0,0
2020-07-16 19:00,108,65,43,0,0,0
2020-07-16 19:15,90,53,37,0,0,0
2020-07-16 19:30,91,51,40,0,0,0
2020-07-16 19:45,99,65,34,0,0,0
2020-07-16 20:00,89,57,32,0,0,0
2020-07-16 20:15,62,31,31,0,0,0
2020-07-16 20:30,63,37,26,0,0,0
2020-07-16 20:45,48,31,17,0,0,0
2020-07-16 21:00,54,29,25,0,0,0
2020-07-16 21:15,48,28,20,0,0,0
2020-07-16 21:30,84,37,47,0,0,0
2020-07-16 21:45,58,24,34,0,0,0
2020-07-16 22:00,54,21,33,0,0,0
2020-07-16 22:15,49,20,29,0,0,0
2020-07-16 22:30,54,22,32,0,0,0
2020-07-16 22:45,44,31,13,0,0,0
2020-07-16 23:00,43,12,31,0,0,0
2020-07-16 23:15,25,9,16,0,0,0
2020-07-16 23:30,27,15,12,0,0,0
2020-07-16 23:45,16,9,7,0,0,0
2020-07-17 00:00,39,6,33,0,0,0
2020-07-17 00:15,18,4,14,0,0,0
2020-07-17 00:30,12,11,1,0,0,0
2020-07-17 00:45,12,8,4,0,0,0
2020-07-17 01:00,14,6,8,0,0,0
2020-07-17 01:15,8,5,3,0,0,0
2020-07-17 01:30,8,3,5,0,0,0
2020-07-17 01:45,5,4,1,0,0,0
2020-07-17 02:00,8,3,5,0,0,0
2020-07-17 02:15,13,3,10,0,0,0
2020-07-17 02:30,3,3,0,0,0,0
2020-07-17 02:45,6,2,4,0,0,0
2020-07-17 03:00,5,0,5,0,0,0
2020-07-17 03:15,0,0,0,0,0,0
2020-07-17 03:30,0,0,0,0,0,0
2020-07-17 03:45,1,1,0,0,0,0
2020-07-17 04:00,4,1,3,0,0,0
2020-07-17 04:15,1,1,0,0,0,0
2020-07-17 04:30,4,0,4,0,0,0
2020-07-17 04:45,6,4,2,0,0,0
2020-07-17 05:00,6,4,2,0,0,0
2020-07-17 05:15,14,7,7,0,0,0
2020-07-17 05:30,10,5,5,0,0,0
2020-07-17 05:45,19,12,7,0,0,0
2020-07-17 06:00,13,9,4,0,0,0
2020-07-17 06:15,22,14,8,0,0,0
2020-07-17 06:30,31,20,11,0,0,0
2020-07-17 06:45,34,16,18,0,0,0
2020-07-17 07:00,49,28,21,0,0,0
2020-07-17 07:15,67,45,22,0,0,0
2020-07-17 07:30,116,80,36,0,0,0
2020-07-17 07:45,124,89,35,0,0,0
2020-07-17 08:00,87,51,36,0,0,0
2020-07-17 08:15,94,49,45,0,0,0
2020-07-17 08:30,90,58,32,0,0,0
2020-07-17 08:45,99,55,44,0,0,0
2020-07-17 09:00,65,37,28,0,0,0
2020-07-17 09:15,55,31,24,0,0,0
2020-07-17 09:30,75,36,39,0,0,0
2020-07-17 09:45,86,37,49,0,0,0
2020-07-17 10:00,92,45,47,0,0,0
2020-07-17 10:15,77,36,41,0,0,0
2020-07-17 10:30,70,36,34,0,0,0
2020-07-17 10:45,95,31,64,0,0,0
2020-07-17 11:00,88,39,49,0,0,0
2020-07-17 11:15,128,73,55,0,0,0
2020-07-17 11:30,97,53,44,0,0,0
2020-07-17 11:45,111,52,59,0,0,0
2020-07-17 12:00,107,53,54,0,0,0
2020-07-17 12:15,102,56,46,0,0,0
2020-07-17 12:30,102,52,50,0,0,0
2020-07-17 12:45,113,56,57,0,0,0
2020-07-17 13:00,96,58,38,0,0,0
2020-07-17 13:15,100,58,42,0,0,0
2020-07-17 13:30,106,59,47,0,0,0
2020-07-17 13:45,108,50,58,0,0,0
2020-07-17 14:00,114,62,52,0,0,0
2020-07-17 14:15,140,60,80,0,0,0
2020-07-17 14:30,117,56,61,0,0,0
2020-07-17 14:45,97,46,51,0,0,0
2020-07-17 15:00,110,63,47,0,0,0
2020-07-17 15:15,110,60,50,0,0,0
2020-07-17 15:30,89,46,43,0,0,0
2020-07-17 15:45,98,39,59,0,0,0
2020-07-17 16:00,107,57,50,0,0,0
2020-07-17 16:15,119,63,56,0,0,0
2020-07-17 16:30,104,55,49,0,0,0
2020-07-17 16:45,126,74,52,0,0,0
2020-07-17 17:00,144,87,57,0,0,0
2020-07-17 17:15,118,57,61,0,0,0
2020-07-17 17:30,84,57,27,0,0,0
2020-07-17 17:45,148,85,63,0,0,0
2020-07-17 18:00,123,76,47,0,0,0
2020-07-17 18:15,136,79,57,0,0,0
2020-07-17 18:30,96,65,31,0,0,0
2020-07-17 18:45,117,92,25,0,0,0
2020-07-17 19:00,119,69,50,0,0,0
2020-07-17 19:15,125,69,56,0,0,0
2020-07-17 19:30,108,73,35,0,0,0
2020-07-17 19:45,142,78,64,0,0,0
2020-07-17 20:00,99,65,34,0,0,0
2020-07-17 20:15,125,76,49,0,0,0
2020-07-17 20:30,88,53,35,0,0,0
2020-07-17 20:45,99,58,41,0,0,0
2020-07-17 21:00,86,53,33,0,0,0
2020-07-17 21:15,70,36,34,0,0,0
2020-07-17 21:30,65,32,33,0,0,0
2020-07-17 21:45,85,40,45,0,0,0
2020-07-17 22:00,76,38,38,0,0,0
2020-07-17 22:15,59,31,28,0,0,0
2020-07-17 22:30,72,34,38,0,0,0
2020-07-17 22:45,37,10,27,0,0,0
2020-07-17 23:00,56,18,38,0,0,0
2020-07-17 23:15,64,28,36,0,0,0
2020-07-17 23:30,48,16,32,0,0,0
2020-07-17 23:45,58,21,37,0,0,0
2020-07-18 00:00,51,21,30,0,0,0
2020-07-18 00:15,51,22,29,0,0,0
2020-07-18 00:30,29,6,23,0,0,0
2020-07-18 00:45,51,16,35,0,0,0
2020-07-18 01:00,39,15,24,0,0,0
2020-07-18 01:15,38,13,25,0,0,0
2020-07-18 01:30,23,11,12,0,0,0
2020-07-18 01:45,33,5,28,0,0,0
2020-07-18 02:00,27,5,22,0,0,0
2020-07-18 02:15,26,13,13,0,0,0
2020-07-18 02:30,13,5,8,0,0,0
2020-07-18 02:45,22,13,9,0,0,0
2020-07-18 03:00,17,7,10,0,0,0
2020-07-18 03:15,17,5,12,0,0,0
2020-07-18 03:30,12,5,7,0,0,0
2020-07-18 03:45,7,3,4,0,0,0
2020-07-18 04:00,17,9,8,0,0,0
2020-07-18 04:15,8,7,1,0,0,0
2020-07-18 04:30,6,2,4,0,0,0
2020-07-18 04:45,13,8,5,0,0,0
2020-07-18 05:00,6,5,1,0,0,0
2020-07-18 05:15,7,3,4,0,0,0
2020-07-18 05:30,8,4,4,0,0,0
2020-07-18 05:45,12,5,7,0,0,0
2020-07-18 06:00,0,0,0,0,0,0
2020-07-18 06:15,3,1,2,0,0,0
2020-07-18 06:30,4,2,2,0,0,0
2020-07-18 06:45,6,5,1,0,0,0
2020-07-18 07:00,13,5,8,0,0,0
2020-07-18 07:15,23,18,5,0,0,0
2020-07-18 07:30,51,39,12,0,0,0
2020-07-18 07:45,54,46,8,0,0,0
2020-07-18 08:00,25,15,10,0,0,0
2020-07-18 08:15,24,13,11,0,0,0
2020-07-18 08:30,25,13,12,0,0,0
2020-07-18 08:45,31,18,13,0,0,0
2020-07-18 09:00,18,10,8,0,0,0
2020-07-18 09:15,41,16,25,0,0,0
2020-07-18 09:30,38,21,17,0,0,0
2020-07-18 09:45,53,20,33,0,0,0
2020-07-18 10:00,70,38,32,0,0,0
2020-07-18 10:15,134,31,103,0,0,0
2020-07-18 10:30,63,29,34,0,0,0
2020-07-18 10:45,79,48,31,0,0,0
2020-07-18 11:00,115,66,49,0,0,0
2020-07-18 11:15,108,60,48,0,0,0
2020-07-18 11:30,93,50,43,0,0,0
2020-07-18 11:45,92,48,44,0,0,0
2020-07-18 12:00,86,49,37,0,0,0
2020-07-18 12:15,83,40,43,0,0,0
2020-07-18 12:30,90,46,44,0,0,0
2020-07-18 12:45,105,70,35,0,0,0
2020-07-18 13:00,91,60,31,0,0,0
2020-07-18 13:15,85,42,43,0,0,0
2020-07-18 13:30,92,55,37,0,0,0
2020-07-18 13:45,124,70,54,0,0,0
2020-07-18 14:00,98,66,32,0,0,0
2020-07-18 14:15,176,100,76,0,0,0
2020-07-18 14:30,162,101,61,0,0,0
2020-07-18 14:45,154,106,48,0,0,0
2020-07-18 15:00,98,59,39,0,0,0
2020-07-18 15:15,93,52,41,0,0,0
2020-07-18 15:30,81,46,35,0,0,0
2020-07-18 15:45,84,50,34,0,0,0
2020-07-18 16:00,109,63,46,0,0,0
2020-07-18 16:15,140,63,77,0,0,0
2020-07-18 16:30,86,54,32,0,0,0
2020-07-18 16:45,108,62,46,0,0,0
2020-07-18 17:00,98,55,43,0,0,0
2020-07-18 17:15,136,65,71,0,0,0
2020-07-18 17:30,97,56,41,0,0,0
2020-07-18 17:45,115,81,34,0,0,0
2020-07-18 18:00,95,54,41,0,0,0
2020-07-18 18:15,114,73,41,0,0,0
2020-07-18 18:30,107,54,53,0,0,0
2020-07-18 18:45,113,66,47,0,0,0
2020-07-18 19:00,122,75,47,0,0,0
2020-07-18 19:15,86,51,35,0,0,0
2020-07-18 19:30,112,74,38,0,0,0
2020-07-18 19:45,89,47,42,0,0,0
2020-07-18 20:00,121,65,56,0,0,0
2020-07-18 20:15,65,51,14,0,0,0
2020-07-18 20:30,83,51,32,0,0,0
2020-07-18 20:45,72,40,32,0,0,0
2020-07-18 21:00,68,37,31,0,0,0
2020-07-18 21:15,72,33,39,0,0,0
2020-07-18 21:30,87,45,42,0,0,0
2020-07-18 21:45,60,25,35,0,0,0
2020-07-18 22:00,61,41,20,0,0,0
2020-07-18 22:15,66,27,39,0,0,0
2020-07-18 22:30,73,28,45,0,0,0
2020-07-18 22:45,72,35,37,0,0,0
2020-07-18 23:00,50,17,33,0,0,0
2020-07-18 23:15,62,36,26,0,0,0
2020-07-18 23:30,53,19,34,0,0,0
2020-07-18 23:45,48,19,29,0,0,0
2020-07-19 00:00,53,23,30,0,0,0
2020-07-19 00:15,55,27,28,0,0,0
2020-07-19 00:30,33,21,12,0,0,0
2020-07-19 00:45,49,17,32,0,0,0
2020-07-19 01:00,38,21,17,0,0,0
2020-07-19 01:15,33,8,25,0,0,0
2020-07-19 01:30,31,10,21,0,0,0
2020-07-19 01:45,32,7,25,0,0,0
2020-07-19 02:00,46,21,25,0,0,0
2020-07-19 02:15,24,15,9,0,0,0
2020-07-19 02:30,29,7,22,0,0,0
2020-07-19 02:45,31,10,21,0,0,0
2020-07-19 03:00,21,11,10,0,0,0
2020-07-19 03:15,13,3,10,0,0,0
2020-07-19 03:30,18,4,14,0,0,0
2020-07-19 03:45,12,2,10,0,0,0
2020-07-19 04:00,20,1,19,0,0,0
2020-07-19 04:15,11,4,7,0,0,0
2020-07-19 04:30,12,2,10,0,0,0
2020-07-19 04:45,11,4,7,0,0,0
2020-07-19 05:00,12,3,9,0,0,0
2020-07-19 05:15,9,2,7,0,0,0
2020-07-19 05:30,11,2,9,0,0,0
2020-07-19 05:45,2,0,2,0,0,0
2020-07-19 06:00,1,0,1,0,0,0
2020-07-19 06:15,5,3,2,0,0,0
2020-07-19 06:30,3,1,2,0,0,0
2020-07-19 06:45,6,1,5,0,0,0
2020-07-19 07:00,5,3,2,0,0,0
2020-07-19 07:15,9,6,3,0,0,0
2020-07-19 07:30,10,4,6,0,0,0
2020-07-19 07:45,13,9,4,0,0,0
2020-07-19 08:00,8,3,5,0,0,0
2020-07-19 08:15,12,3,9,0,0,0
2020-07-19 08:30,6,1,5,0,0,0
2020-07-19 08:45,15,5,10,0,0,0
2020-07-19 09:00,10,3,7,0,0,0
2020-07-19 09:15,20,8,12,0,0,0
2020-07-19 09:30,19,9,10,0,0,0
2020-07-19 09:45,43,26,17,0,0,0
2020-07-19 10:00,34,18,16,0,0,0
2020-07-19 10:15,51,29,22,0,0,0
2020-07-19 10:30,34,15,19,0,0,0
2020-07-19 10:45,56,35,21,0,0,0
2020-07-19 11:00,45,23,22,0,0,0
2020-07-19 11:15,39,21,18,0,0,0
2020-07-19 11:30,44,25,19,0,0,0
2020-07-19 11:45,55,31,24,0,0,0
2020-07-19 12:00,50,32,18,0,0,0
2020-07-19 12:15,74,49,25,0,0,0
2020-07-19 12:30,62,34,28,0,0,0
2020-07-19 12:45,51,25,26,0,0,0
2020-07-19 13:00,64,36,28,0,0,0
2020-07-19 13:15,69,31,38,0,0,0
2020-07-19 13:30,49,26,23,0,0,0
2020-07-19 13:45,77,45,32,0,0,0
2020-07-19 14:00,90,43,47,0,0,0
2020-07-19 14:15,79,43,36,0,0,0
2020-07-19 14:30,73,39,34,0,0,0
2020-07-19 14:45,74,39,35,0,0,0
2020-07-19 15:00,74,36,38,0,0,0
2020-07-19 15:15,85,47,38,0,0,0
2020-07-19 15:30,80,47,33,0,0,0
2020-07-19 15:45,65,40,25,0,0,0
2020-07-19 16:00,82,46,36,0,0,0
2020-07-19 16:15,69,29,40,0,0,0
2020-07-19 16:30,72,34,38,0,0,0
2020-07-19 16:45,73,39,34,0,0,0
2020-07-19 17:00,70,43,27,0,0,0
2020-07-19 17:15,69,28,41,0,0,0
2020-07-19 17:30,92,33,59,0,0,0
2020-07-19 17:45,102,48,54,0,0,0
2020-07-19 18:00,68,37,31,0,0,0
2020-07-19 18:15,93,52,41,0,0,0
2020-07-19 18:30,73,40,33,0,0,0
2020-07-19 18:45,84,47,37,0,0,0
2020-07-19 19:00,95,52,43,0,0,0
2020-07-19 19:15,73,40,33,0,0,0
2020-07-19 19:30,77,34,43,0,0,0
2020-07-19 19:45,77,45,32,0,0,0
2020-07-19 20:00,103,55,48,0,0,0
2020-07-19 20:15,69,35,34,0,0,0
2020-07-19 20:30,68,41,27,0,0,0
2020-07-19 20:45,67,28,39,0,0,0
2020-07-19 21:00,56,24,32,0,0,0
2020-07-19 21:15,47,21,26,0,0,0
2020-07-19 21:30,34,15,19,0,0,0
2020-07-19 21:45,55,16,39,0,0,0
2020-07-19 22:00,47,20,27,0,0,0
2020-07-19 22:15,46,26,20,0,0,0
2020-07-19 22:30,28,10,18,0,0,0
2020-07-19 22:45,30,8,22,0,0,0
2020-07-19 23:00,26,16,10,0,0,0
2020-07-19 23:15,18,9,9,0,0,0
2020-07-19 23:30,19,9,10,0,0,0
2020-07-19 23:45,14,6,8,0,0,0
2020-07-20 00:00,15,8,7,0,0,0
2020-07-20 00:15,11,3,8,0,0,0
2020-07-20 00:30,10,3,7,0,0,0
2020-07-20 00:45,13,5,8,0,0,0
2020-07-20 01:00,3,0,3,0,0,0
2020-07-20 01:15,6,5,1,0,0,0
2020-07-20 01:30,8,2,6,0,0,0
2020-07-20 01:45,1,0,1,0,0,0
2020-07-20 02:00,9,5,4,0,0,0
2020-07-20 02:15,5,2,3,0,0,0
2020-07-20 02:30,1,0,1,0,0,0
2020-07-20 02:45,0,0,0,0,0,0
2020-07-20 03:00,2,1,1,0,0,0
2020-07-20 03:15,1,0,1,0,0,0
2020-07-20 03:30,1,1,0,0,0,0
2020-07-20 03:45,2,2,0,0,0,0
2020-07-20 04:00,1,1,0,0,0,0
2020-07-20 04:15,0,0,0,0,0,0
2020-07-20 04:30,2,2,0,0,0,0
2020-07-20 04:45,3,0,3,0,0,0
2020-07-20 05:00,2,1,1,0,0,0
2020-07-20 05:15,10,7,3,0,0,0
2020-07-20 05:30,12,7,5,0,0,0
2020-07-20 05:45,14,7,7,0,0,0
2020-07-20 06:00,12,9,3,0,0,0
2020-07-20 06:15,24,15,9,0,0,0
2020-07-20 06:30,32,20,12,0,0,0
2020-07-20 06:45,52,33,19,0,0,0
2020-07-20 07:00,45,26,19,0,0,0
2020-07-20 07:15,91,62,29,0,0,0
2020-07-20 07:30,110,63,47,0,0,0
2020-07-20 07:45,116,77,39,0,0,0
2020-07-20 08:00,88,57,31,0,0,0
2020-07-20 08:15,93,57,36,0,0,0
2020-07-20 08:30,98,52,46,0,0,0
2020-07-20 08:45,119,60,59,0,0,0
2020-07-20 09:00,85,43,42,0,0,0
2020-07-20 09:15,77,35,42,0,0,0
2020-07-20 09:30,62,32,30,0,0,0
2020-07-20 09:45,66,35,31,0,0,0
2020-07-20 10:00,88,44,44,0,0,0
2020-07-20 10:15,85,41,44,0,0,0
2020-07-20 10:30,62,37,25,0,0,0
2020-07-20 10:45,79,31,48,0,0,0
2020-07-20 11:00,99,57,42,0,0,0
2020-07-20 11:15,93,62,31,0,0,0
2020-07-20 11:30,71,46,25,0,0,0
2020-07-20 11:45,68,40,28,0,0,0
2020-07-20 12:00,82,47,35,0,0,0
2020-07-20 12:15,110,50,60,0,0,0
2020-07-20 12:30,88,47,41,0,0,0
2020-07-20 12:45,112,63,49,0,0,0
2020-07-20 13:00,104,54,50,0,0,0
2020-07-20 13:15,116,57,59,0,0,0
2020-07-20 13:30,114,67,47,0,0,0
2020-07-20 13:45,119,52,67,0,0,0
2020-07-20 14:00,114,57,57,0,0,0
2020-07-20 14:15,113,67,46,0,0,0
2020-07-20 14:30,114,59,55,0,0,0
2020-07-20 14:45,104,61,43,0,0,0
2020-07-20 15:00,115,78,37,0,0,0
2020-07-20 15:15,109,56,53,0,0,0
2020-07-20 15:30,101,59,42,0,0,0
2020-07-20 15:45,124,64,60,0,0,0
2020-07-20 16:00,154,83,71,0,0,0
2020-07-20 16:15,122,68,54,0,0,0
2020-07-20 16:30,142,74,68,0,0,0
2020-07-20 16:45,152,82,70,0,0,0
2020-07-20 17:00,161,84,77,0,0,0
2020-07-20 17:15,143,77,66,0,0,0
2020-07-20 17:30,131,74,57,0,0,0
2020-07-20 17:45,152,85,67,0,0,0
2020-07-20 18:00,162,86,76,0,0,0
2020-07-20 18:15,152,90,62,0,0,0
2020-07-20 18:30,123,70,53,0,0,0
2020-07-20 18:45,115,69,46,0,0,0
2020-07-20 19:00,115,82,33,0,0,0
2020-07-20 19:15,91,49,42,0,0,0
2020-07-20 19:30,110,63,47,0,0,0
2020-07-20 19:45,99,56,43,0,0,0
2020-07-20 20:00,94,62,32,0,0,0
2020-07-20 20:15,51,33,18,0,0,0
2020-07-20 20:30,78,48,30,0,0,0
2020-07-20 20:45,58,27,31,0,0,0
2020-07-20 21:00,54,19,35,0,0,0
2020-07-20 21:15,66,33,33,0,0,0
2020-07-20 21:30,71,35,36,0,0,0
2020-07-20 21:45,54,29,25,0,0,0
2020-07-20 22:00,62,25,37,0,0,0
2020-07-20 22:15,52,20,32,0,0,0
2020-07-20 22:30,46,14,32,0,0,0
2020-07-20 22:45,37,10,27,0,0,0
2020-07-20 23:00,34,19,15,0,0,0
2020-07-20 23:15,34,16,18,0,0,0
2020-07-20 23:30,21,13,8,0,0,0
2020-07-20 23:45,19,9,10,0,0,0
2020-07-21 00:00,18,5,13,0,0,0
2020-07-21 00:15,21,12,9,0,0,0
2020-07-21 00:30,7,4,3,0,0,0
2020-07-21 00:45,8,6,2,0,0,0
2020-07-21 01:00,6,1,5,0,0,0
2020-07-21 01:15,6,1,5,0,0,0
2020-07-21 01:30,9,4,5,0,0,0
2020-07-21 01:45,11,8,3,0,0,0
2020-07-21 02:00,7,4,3,0,0,0
2020-07-21 02:15,3,3,0,0,0,0
2020-07-21 02:30,2,0,2,0,0,0
2020-07-21 02:45,11,2,9,0,0,0
2020-07-21 03:00,1,1,0,0,0,0
2020-07-21 03:15,2,1,1,0,0,0
2020-07-21 03:30,4,1,3,0,0,0
2020-07-21 03:45,1,1,0,0,0,0
2020-07-21 04:00,1,0,1,0,0,0
2020-07-21 04:15,0,0,0,0,0,0
2020-07-21 04:30,2,1,1,0,0,0
2020-07-21 04:45,2,2,0,0,0,0
2020-07-21 05:00,2,2,0,0,0,0
2020-07-21 05:15,7,5,2,0,0,0
2020-07-21 05:30,14,6,8,0,0,0
2020-07-21 05:45,10,7,3,0,0,0
2020-07-21 06:00,17,10,7,0,0,0
2020-07-21 06:15,28,12,16,0,0,0
2020-07-21 06:30,44,25,19,0,0,0
2020-07-21 06:45,64,36,28,0,0,0
2020-07-21 07:00,61,44,17,0,0,0
2020-07-21 07:15,70,44,26,0,0,0
2020-07-21 07:30,96,56,40,0,0,0
2020-07-21 07:45,122,82,40,0,0,0
2020-07-21 08:00,113,65,48,0,0,0
2020-07-21 08:15,101,64,37,0,0,0
2020-07-21 08:30,100,48,52,0,0,0
2020-07-21 08:45,127,57,70,0,0,0
2020-07-21 09:00,99,45,54,0,0,0
2020-07-21 09:15,89,42,47,0,0,0
2020-07-21 09:30,89,40,49,0,0,0
2020-07-21 09:45,101,49,52,0,0,0
2020-07-21 10:00,61,28,33,0,0,0
2020-07-21 10:15,106,48,58,0,0,0
2020-07-21 10:30,71,40,31,0,0,0
2020-07-21 10:45,111,61,50,0,0,0
2020-07-21 11:00,153,107,46,0,0,0
2020-07-21 11:15,139,92,47,0,0,0
2020-07-21 11:30,98,58,40,0,0,0
2020-07-21 11:45,121,63,58,0,0,0
2020-07-21 12:00,99,56,43,0,0,0
2020-07-21 12:15,128,54,74,0,0,0
2020-07-21 12:30,122,67,55,0,0,0
2020-07-21 12:45,91,36,55,0,0,0
2020-07-21 13:00,124,58,66,0,0,0
2020-07-21 13:15,130,52,78,0,0,0
2020-07-21 13:30,110,43,67,0,0,0
2020-07-21 13:45,131,62,69,0,0,0
2020-07-21 14:00,149,75,74,0,0,0
2020-07-21 14:15,136,81,55,0,0,0
2020-07-21 14:30,112,59,53,0,0,0
2020-07-21 14:45,120,60,60,0,0,0
2020-07-21 15:00,112,59,53,0,0,0
2020-07-21 15:15,123,64,59,0,0,0
2020-07-21 15:30,132,75,57,0,0,0
2020-07-21 15:45,142,84,58,0,0,0
2020-07-21 16:00,180,88,92,0,0,0
2020-07-21 16:15,169,89,80,0,0,0
2020-07-21 16:30,154,75,79,0,0,0
2020-07-21 16:45,170,89,81,0,0,0
2020-07-21 17:00,178,89,89,0,0,0
2020-07-21 17:15,155,76,79,0,0,0
2020-07-21 17:30,179,91,88,0,0,0
2020-07-21 17:45,195,103,92,0,0,0
2020-07-21 18:00,197,104,93,0,0,0
2020-07-21 18:15,172,95,77,0,0,0
2020-07-21 18:30,147,76,71,0,0,0
2020-07-21 18:45,148,88,60,0,0,0
2020-07-21 19:00,112,54,58,0,0,0
2020-07-21 19:15,130,73,57,0,0,0
2020-07-21 19:30,111,68,43,0,0,0
2020-07-21 19:45,90,48,42,0,0,0
2020-07-21 20:00,101,51,50,0,0,0
2020-07-21 20:15,97,48,49,0,0,0
2020-07-21 20:30,79,43,36,0,0,0
2020-07-21 20:45,76,35,41,0,0,0
2020-07-21 21:00,83,39,44,0,0,0
2020-07-21 21:15,68,30,38,0,0,0
2020-07-21 21:30,74,34,40,0,0,0
2020-07-21 21:45,80,24,56,0,0,0
2020-07-21 22:00,75,27,48,0,0,0
2020-07-21 22:15,57,25,32,0,0,0
2020-07-21 22:30,50,14,36,0,0,0
2020-07-21 22:45,48,25,23,0,0,0
2020-07-21 23:00,40,18,22,0,0,0
2020-07-21 23:15,35,15,20,0,0,0
2020-07-21 23:30,42,11,31,0,0,0
2020-07-21 23:45,27,9,18,0,0,0
2020-07-22 00:00,19,7,12,0,0,0
2020-07-22 00:15,19,8,11,0,0,0
2020-07-22 00:30,16,5,11,0,0,0
2020-07-22 00:45,12,4,8,0,0,0
2020-07-22 01:00,12,5,7,0,0,0
2020-07-22 01:15,7,4,3,0,0,0
2020-07-22 01:30,13,3,10,0,0,0
2020-07-22 01:45,3,1,2,0,0,0
2020-07-22 02:00,7,4,3,0,0,0
2020-07-22 02:15,4,1,3,0,0,0
2020-07-22 02:30,5,2,3,0,0,0
2020-07-22 02:45,2,0,2,0,0,0
2020-07-22 03:00,3,2,1,0,0,0
2020-07-22 03:15,2,1,1,0,0,0
2020-07-22 03:30,2,1,1,0,0,0
2020-07-22 03:45,2,2,0,0,0,0
2020-07-22 04:00,2,2,0,0,0,0
2020-07-22 04:15,3,2,1,0,0,0
2020-07-22 04:30,0,0,0,0,0,0
2020-07-22 04:45,6,3,3,0,0,0
2020-07-22 05:00,3,1,2,0,0,0
2020-07-22 05:15,11,9,2,0,0,0
2020-07-22 05:30,15,4,11,0,0,0
2020-07-22 05:45,16,9,7,0,0,0
2020-07-22 06:00,27,9,18,0,0,0
2020-07-22 06:15,27,13,14,0,0,0
2020-07-22 06:30,32,15,17,0,0,0
2020-07-22 06:45,56,30,26,0,0,0
2020-07-22 07:00,58,41,17,0,0,0
2020-07-22 07:15,87,45,42,0,0,0
2020-07-22 07:30,99,69,30,0,0,0
2020-07-22 07:45,146,101,45,0,0,0
2020-07-22 08:00,90,45,45,0,0,0
2020-07-22 08:15,105,58,47,0,0,0
2020-07-22 08:30,94,48,46,0,0,0
2020-07-22 08:45,135,66,69,0,0,0
2020-07-22 09:00,74,38,36,0,0,0
2020-07-22 09:15,92,45,47,0,0,0
2020-07-22 09:30,81,37,44,0,0,0
2020-07-22 09:45,81,37,44,0,0,0
2020-07-22 10:00,80,38,42,0,0,0
2020-07-22 10:15,86,42,44,0,0,0
2020-07-22 10:30,94,41,53,0,0,0
2020-07-22 10:45,138,36,102,0,0,0
2020-07-22 11:00,97,43,54,0,0,0
2020-07-22 11:15,123,53,70,0,0,0
2020-07-22 11:30,70,31,39,0,0,0
2020-07-22 11:45,124,51,73,0,0,0
2020-07-22 12:00,131,55,76,0,0,0
2020-07-22 12:15,142,63,79,0,0,0
2020-07-22 12:30,158,67,91,0,0,0
2020-07-22 12:45,137,73,64,0,0,0
2020-07-22 13:00,106,58,48,0,0,0
2020-07-22 13:15,95,56,39,0,0,0
2020-07-22 13:30,119,70,49,0,0,0
2020-07-22 13:45,157,85,72,0,0,0
2020-07-22 14:00,119,58,61,0,0,0
2020-07-22 14:15,86,50,36,0,0,0
2020-07-22 14:30,127,67,60,0,0,0
2020-07-22 14:45,108,62,46,0,0,0
2020-07-22 15:00,116,68,48,0,0,0
2020-07-22 15:15,136,66,70,0,0,0
2020-07-22 15:30,143,71,72,0,0,0
2020-07-22 15:45,126,81,45,0,0,0
2020-07-22 16:00,163,99,64,0,0,0
2020-07-22 16:15,161,84,77,0,0,0
2020-07-22 16:30,134,63,71,0,0,0
2020-07-22 16:45,159,87,72,0,0,0
2020-07-22 17:00,178,90,88,0,0,0
2020-07-22 17:15,171,93,78,0,0,0
2020-07-22 17:30,155,82,73,0,0,0
2020-07-22 17:45,135,69,66,0,0,0
2020-07-22 18:00,151,85,66,0,0,0
2020-07-22 18:15,136,61,75,0,0,0
2020-07-22 18:30,112,54,58,0,0,0
2020-07-22 18:45,124,69,55,0,0,0
2020-07-22 19:00,106,64,42,0,0,0
2020-07-22 19:15,128,79,49,0,0,0
2020-07-22 19:30,90,50,40,0,0,0
2020-07-22 19:45,86,48,38,0,0,0
2020-07-22 20:00,93,46,47,0,0,0
2020-07-22 20:15,84,43,41,0,0,0
2020-07-22 20:30,74,34,40,0,0,0
2020-07-22 20:45,64,27,37,0,0,0
2020-07-22 21:00,65,36,29,0,0,0
2020-07-22 21:15,62,29,33,0,0,0
2020-07-22 21:30,74,38,36,0,0,0
2020-07-22 21:45,66,37,29,0,0,0
2020-07-22 22:00,48,22,26,0,0,0
2020-07-22 22:15,60,19,41,0,0,0
2020-07-22 22:30,52,32,20,0,0,0
2020-07-22 22:45,59,18,41,0,0,0
2020-07-22 23:00,43,24,19,0,0,0
2020-07-22 23:15,43,31,12,0,0,0
2020-07-22 23:30,21,12,9,0,0,0
2020-07-22 23:45,38,16,22,0,0,0
2020-07-23 00:00,20,10,10,0,0,0
2020-07-23 00:15,19,13,6,0,0,0
2020-07-23 00:30,22,6,16,0,0,0
2020-07-23 00:45,13,8,5,0,0,0
2020-07-23 01:00,8,7,1,0,0,0
2020-07-23 01:15,10,1,9,0,0,0
2020-07-23 01:30,5,4,1,0,0,0
2020-07-23 01:45,13,8,5,0,0,0
2020-07-23 02:00,6,0,6,0,0,0
2020-07-23 02:15,4,3,1,0,0,0
2020-07-23 02:30,2,2,0,0,0,0
2020-07-23 02:45,3,1,2,0,0,0
2020-07-23 03:00,4,3,1,0,0,0
2020-07-23 03:15,4,3,1,0,0,0
2020-07-23 03:30,0,0,0,0,0,0
2020-07-23 03:45,3,3,0,0,0,0
2020-07-23 04:00,4,1,3,0,0,0
2020-07-23 04:15,2,1,1,0,0,0
2020-07-23 04:30,1,1,0,0,0,0
2020-07-23 04:45,4,2,2,0,0,0
2020-07-23 05:00,5,5,0,0,0,0
2020-07-23 05:15,6,4,2,0,0,0
2020-07-23 05:30,16,9,7,0,0,0
2020-07-23 05:45,20,9,11,0,0,0
2020-07-23 06:00,18,4,14,0,0,0
2020-07-23 06:15,30,16,14,0,0,0
2020-07-23 06:30,33,12,21,0,0,0
2020-07-23 06:45,60,33,27,0,0,0
2020-07-23 07:00,84,51,33,0,0,0
2020-07-23 07:15,113,74,39,0,0,0
2020-07-23 07:30,115,85,30,0,0,0
2020-07-23 07:45,178,127,51,0,0,0
2020-07-23 08:00,139,84,55,0,0,0
2020-07-23 08:15,105,58,47,0,0,0
2020-07-23 08:30,89,48,41,0,0,0
2020-07-23 08:45,144,80,64,0,0,0
2020-07-23 09:00,86,43,43,0,0,0
2020-07-23 09:15,76,32,44,0,0,0
2020-07-23 09:30,90,37,53,0,0,0
2020-07-23 09:45,84,30,54,0,0,0
2020-07-23 10:00,87,42,45,0,0,0
2020-07-23 10:15,94,44,50,0,0,0
2020-07-23 10:30,64,34,30,0,0,0
2020-07-23 10:45,194,43,151,0,0,0
2020-07-23 11:00,132,70,62,0,0,0
2020-07-23 11:15,105,51,54,0,0,0
2020-07-23 11:30,111,52,59,0,0,0
2020-07-23 11:45,99,55,44,0,0,0
2020-07-23 12:00,123,56,67,0,0,0
2020-07-23 12:15,110,50,60,0,0,0
2020-07-23 12:30,114,54,60,0,0,0
2020-07-23 12:45,124,54,70,0,0,0
2020-07-23 13:00,126,50,76,0,0,0
2020-07-23 13:15,127,75,52,0,0,0
2020-07-23 13:30,107,45,62,0,0,0
2020-07-23 13:45,121,56,65,0,0,0
2020-07-23 14:00,122,60,62,0,0,0
2020-07-23 14:15,125,54,71,0,0,0
2020-07-23 14:30,118,65,53,0,0,0
2020-07-23 14:45,123,67,56,0,0,0
2020-07-23 15:00,126,78,48,0,0,0
2020-07-23 15:15,139,83,56,0,0,0
2020-07-23 15:30,127,78,49,0,0,0
2020-07-23 15:45,163,83,80,0,0,0
2020-07-23 16:00,153,86,67,0,0,0
2020-07-23 16:15,147,80,67,0,0,0
2020-07-23 16:30,181,93,88,0,0,0
2020-07-23 16:45,185,97,88,0,0,0
2020-07-23 17:00,149,69,80,0,0,0
2020-07-23 17:15,187,97,90,0,0,0
2020-07-23 17:30,177,97,80,0,0,0
2020-07-23 17:45,141,78,63,0,0,0
2020-07-23 18:00,163,83,80,0,0,0
2020-07-23 18:15,153,87,66,0,0,0
2020-07-23 18:30,149,77,72,0,0,0
2020-07-23 18:45,135,71,64,0,0,0
2020-07-23 19:00,117,67,50,0,0,0
2020-07-23 19:15,159,93,66,0,0,0
2020-07-23 19:30,118,68,50,0,0,0
2020-07-23 19:45,128,63,65,0,0,0
2020-07-23 20:00,106,57,49,0,0,0
2020-07-23 20:15,102,59,43,0,0,0
2020-07-23 20:30,83,40,43,0,0,0
2020-07-23 20:45,87,44,43,0,0,0
2020-07-23 21:00,104,41,63,0,0,0
2020-07-23 21:15,77,41,36,0,0,0
2020-07-23 21:30,75,41,34,0,0,0
2020-07-23 21:45,82,37,45,0,0,0
2020-07-23 22:00,54,29,25,0,0,0
2020-07-23 22:15,67,25,42,0,0,0
2020-07-23 22:30,69,25,44,0,0,0
2020-07-23 22:45,68,29,39,0,0,0
2020-07-23 23:00,40,19,21,0,0,0
2020-07-23 23:15,37,12,25,0,0,0
2020-07-23 23:30,38,19,19,0,0,0
2020-07-23 23:45,35,11,24,0,0,0
2020-07-24 00:00,33,10,23,0,0,0
2020-07-24 00:15,28,11,17,0,0,0
2020-07-24 00:30,20,8,12,0,0,0
2020-07-24 00:45,25,5,20,0,0,0
2020-07-24 01:00,12,4,8,0,0,0
2020-07-24 01:15,12,3,9,0,0,0
2020-07-24 01:30,12,7,5,0,0,0
2020-07-24 01:45,17,6,11,0,0,0
2020-07-24 02:00,5,1,4,0,0,0
2020-07-24 02:15,3,2,1,0,0,0
2020-07-24 02:30,8,2,6,0,0,0
2020-07-24 02:45,1,0,1,0,0,0
2020-07-24 03:00,7,2,5,0,0,0
2020-07-24 03:15,1,1,0,0,0,0
2020-07-24 03:30,2,2,0,0,0,0
2020-07-24 03:45,0,0,0,0,0,0
2020-07-24 04:00,1,1,0,0,0,0
2020-07-24 04:15,3,0,3,0,0,0
2020-07-24 04:30,6,6,0,0,0,0
2020-07-24 04:45,1,1,0,0,0,0
2020-07-24 05:00,5,5,0,0,0,0
2020-07-24 05:15,7,7,0,0,0,0
2020-07-24 05:30,23,9,14,0,0,0
2020-07-24 05:45,20,14,6,0,0,0
2020-07-24 06:00,21,6,15,0,0,0
2020-07-24 06:15,29,11,18,0,0,0
2020-07-24 06:30,26,13,13,0,0,0
2020-07-24 06:45,51,30,21,0,0,0
2020-07-24 07:00,44,25,19,0,0,0
2020-07-24 07:15,79,43,36,0,0,0
2020-07-24 07:30,85,51,34,0,0,0
2020-07-24 07:45,118,81,37,0,0,0
2020-07-24 08:00,110,59,51,0,0,0
2020-07-24 08:15,97,50,47,0,0,0
2020-07-24 08:30,109,56,53,0,0,0
2020-07-24 08:45,110,48,62,0,0,0
2020-07-24 09:00,96,34,62,0,0,0
2020-07-24 09:15,79,33,46,0,0,0
2020-07-24 09:30,88,40,48,0,0,0
2020-07-24 09:45,86,39,47,0,0,0
2020-07-24 10:00,86,29,57,0,0,0
2020-07-24 10:15,102,52,50,0,0,0
2020-07-24 10:30,84,32,52,0,0,0
2020-07-24 10:45,98,45,53,0,0,0
2020-07-24 11:00,89,42,47,0,0,0
2020-07-24 11:15,109,63,46,0,0,0
2020-07-24 11:30,101,53,48,0,0,0
2020-07-24 11:45,101,63,38,0,0,0
2020-07-24 12:00,118,58,60,0,0,0
2020-07-24 12:15,114,51,63,0,0,0
2020-07-24 12:30,114,52,62,0,0,0
2020-07-24 12:45,117,50,67,0,0,0
2020-07-24 13:00,133,69,64,0,0,0
2020-07-24 13:15,128,61,67,0,0,0
2020-07-24 13:30,107,50,57,0,0,0
2020-07-24 13:45,134,65,69,0,0,0
2020-07-24 14:00,130,58,72,0,0,0
2020-07-24 14:15,123,60,63,0,0,0
2020-07-24 14:30,118,52,66,0,0,0
2020-07-24 14:45,114,57,57,0,0,0
2020-07-24 15:00,136,68,68,0,0,0
2020-07-24 15:15,140,86,54,0,0,0
2020-07-24 15:30,142,71,71,0,0,0
2020-07-24 15:45,130,54,76,0,0,0
2020-07-24 16:00,102,54,48,0,0,0
2020-07-24 16:15,113,52,61,0,0,0
2020-07-24 16:30,121,64,57,0,0,0
2020-07-24 16:45,126,63,63,0,0,0
2020-07-24 17:00,145,81,64,0,0,0
2020-07-24 17:15,121,53,68,0,0,0
2020-07-24 17:30,110,58,52,0,0,0
2020-07-24 17:45,118,76,42,0,0,0
2020-07-24 18:00,117,70,47,0,0,0
2020-07-24 18:15,104,60,44,0,0,0
2020-07-24 18:30,85,38,47,0,0,0
2020-07-24 18:45,94,51,43,0,0,0
2020-07-24 19:00,104,58,46,0,0,0
2020-07-24 19:15,112,73,39,0,0,0
2020-07-24 19:30,83,52,31,0,0,0
2020-07-24 19:45,105,53,52,0,0,0
2020-07-24 20:00,81,44,37,0,0,0
2020-07-24 20:15,55,20,35,0,0,0
2020-07-24 20:30,65,40,25,0,0,0
2020-07-24 20:45,72,40,32,0,0,0
2020-07-24 21:00,60,26,34,0,0,0
2020-07-24 21:15,46,22,24,0,0,0
2020-07-24 21:30,58,27,31,0,0,0
2020-07-24 21:45,75,18,57,0,0,0
2020-07-24 22:00,51,19,32,0,0,0
2020-07-24 22:15,57,25,32,0,0,0
2020-07-24 22:30,43,19,24,0,0,0
2020-07-24 22:45,48,21,27,0,0,0
2020-07-24 23:00,41,13,28,0,0,0
2020-07-24 23:15,51,16,35,0,0,0
2020-07-24 23:30,45,15,30,0,0,0
2020-07-24 23:45,42,13,29,0,0,0
2020-07-25 00:00,45,20,25,0,0,0
2020-07-25 00:15,44,21,23,0,0,0
2020-07-25 00:30,28,13,15,0,0,0
2020-07-25 00:45,47,26,21,0,0,0
2020-07-25 01:00,35,16,19,0,0,0
2020-07-25 01:15,36,19,17,0,0,0
2020-07-25 01:30,17,5,12,0,0,0
2020-07-25 01:45,28,8,20,0,0,0
2020-07-25 02:00,27,14,13,0,0,0
2020-07-25 02:15,17,8,9,0,0,0
2020-07-25 02:30,13,3,10,0,0,0
2020-07-25 02:45,12,2,10,0,0,0
2020-07-25 03:00,10,4,6,0,0,0
2020-07-25 03:15,5,2,3,0,0,0
2020-07-25 03:30,15,12,3,0,0,0
2020-07-25 03:45,10,3,7,0,0,0
2020-07-25 04:00,7,5,2,0,0,0
2020-07-25 04:15,9,2,7,0,0,0
2020-07-25 04:30,14,2,12,0,0,0
2020-07-25 04:45,8,1,7,0,0,0
2020-07-25 05:00,1,0,1,0,0,0
2020-07-25 05:15,6,1,5,0,0,0
2020-07-25 05:30,12,2,10,0,0,0
2020-07-25 05:45,11,3,8,0,0,0
2020-07-25 06:00,6,2,4,0,0,0
2020-07-25 06:15,5,1,4,0,0,0
2020-07-25 06:30,5,3,2,0,0,0
2020-07-25 06:45,9,7,2,0,0,0
2020-07-25 07:00,7,4,3,0,0,0
2020-07-25 07:15,15,9,6,0,0,0
2020-07-25 07:30,27,21,6,0,0,0
2020-07-25 07:45,40,31,9,0,0,0
2020-07-25 08:00,14,8,6,0,0,0
2020-07-25 08:15,25,15,10,0,0,0
2020-07-25 08:30,30,10,20,0,0,0
2020-07-25 08:45,42,17,25,0,0,0
2020-07-25 09:00,38,14,24,0,0,0
2020-07-25 09:15,27,13,14,0,0,0
2020-07-25 09:30,44,16,28,0,0,0
2020-07-25 09:45,67,36,31,0,0,0
2020-07-25 10:00,65,27,38,0,0,0
2020-07-25 10:15,71,22,49,0,0,0
2020-07-25 10:30,65,33,32,0,0,0
2020-07-25 10:45,83,45,38,0,0,0
2020-07-25 11:00,106,66,40,0,0,0
2020-07-25 11:15,94,51,43,0,0,0
2020-07-25 11:30,92,48,44,0,0,0
2020-07-25 11:45,90,48,42,0,0,0
2020-07-25 12:00,102,53,49,0,0,0
2020-07-25 12:15,87,47,40,0,0,0
2020-07-25 12:30,90,42,48,0,0,0
2020-07-25 12:45,88,34,54,0,0,0
2020-07-25 13:00,104,53,51,0,0,0
2020-07-25 13:15,95,53,42,0,0,0
2020-07-25 13:30,95,47,48,0,0,0
2020-07-25 13:45,136,66,70,0,0,0
2020-07-25 14:00,127,56,71,0,0,0
2020-07-25 14:15,155,122,33,0,0,0
2020-07-25 14:30,117,79,38,0,0,0
2020-07-25 14:45,82,42,40,0,0,0
2020-07-25 15:00,98,50,48,0,0,0
2020-07-25 15:15,93,51,42,0,0,0
2020-07-25 15:30,87,48,39,0,0,0
2020-07-25 15:45,80,56,24,0,0,0
2020-07-25 16:00,80,43,37,0,0,0
2020-07-25 16:15,147,44,103,0,0,0
2020-07-25 16:30,85,46,39,0,0,0
2020-07-25 16:45,88,41,47,0,0,0
2020-07-25 17:00,93,51,42,0,0,0
2020-07-25 17:15,88,50,38,0,0,0
2020-07-25 17:30,102,50,52,0,0,0
2020-07-25 17:45,117,65,52,0,0,0
2020-07-25 18:00,90,49,41,0,0,0
2020-07-25 18:15,100,53,47,0,0,0
2020-07-25 18:30,103,59,44,0,0,0
2020-07-25 18:45,99,58,41,0,0,0
2020-07-25 19:00,108,59,49,0,0,0
2020-07-25 19:15,101,59,42,0,0,0
2020-07-25 19:30,82,35,47,0,0,0
2020-07-25 19:45,72,38,34,0,0,0
2020-07-25 20:00,76,40,36,0,0,0
2020-07-25 20:15,66,33,33,0,0,0
2020-07-25 20:30,59,28,31,0,0,0
2020-07-25 20:45,61,33,28,0,0,0
2020-07-25 21:00,68,39,29,0,0,0
2020-07-25 21:15,71,27,44,0,0,0
2020-07-25 21:30,66,27,39,0,0,0
2020-07-25 21:45,40,25,15,0,0,0
2020-07-25 22:00,72,42,30,0,0,0
2020-07-25 22:15,55,24,31,0,0,0
2020-07-25 22:30,48,20,28,0,0,0
2020-07-25 22:45,52,25,27,0,0,0
2020-07-25 23:00,54,20,34,0,0,0
2020-07-25 23:15,43,19,24,0,0,0
2020-07-25 23:30,55,18,37,0,0,0
2020-07-25 23:45,34,12,22,0,0,0
2020-07-26 00:00,39,19,20,0,0,0
2020-07-26 00:15,46,15,31,0,0,0
2020-07-26 00:30,30,9,21,0,0,0
2020-07-26 00:45,33,8,25,0,0,0
2020-07-26 01:00,30,16,14,0,0,0
2020-07-26 01:15,24,10,14,0,0,0
2020-07-26 01:30,26,10,16,0,0,0
2020-07-26 01:45,28,8,20,0,0,0
2020-07-26 02:00,18,10,8,0,0,0
2020-07-26 02:15,26,11,15,0,0,0
2020-07-26 02:30,36,12,24,0,0,0
2020-07-26 02:45,17,6,11,0,0,0
2020-07-26 03:00,13,7,6,0,0,0
2020-07-26 03:15,16,8,8,0,0,0
2020-07-26 03:30,16,4,12,0,0,0
2020-07-26 03:45,9,3,6,0,0,0
2020-07-26 04:00,8,5,3,0,0,0
2020-07-26 04:15,5,2,3,0,0,0
2020-07-26 04:30,9,1,8,0,0,0
2020-07-26 04:45,7,5,2,0,0,0
2020-07-26 05:00,0,0,0,0,0,0
2020-07-26 05:15,2,2,0,0,0,0
2020-07-26 05:30,4,0,4,0,0,0
2020-07-26 05:45,8,5,3,0,0,0
2020-07-26 06:00,4,1,3,0,0,0
2020-07-26 06:15,1,0,1,0,0,0
2020-07-26 06:30,6,3,3,0,0,0
2020-07-26 06:45,3,0,3,0,0,0
2020-07-26 07:00,8,1,7,0,0,0
2020-07-26 07:15,10,3,7,0,0,0
2020-07-26 07:30,6,5,1,0,0,0
2020-07-26 07:45,5,1,4,0,0,0
2020-07-26 08:00,3,1,2,0,0,0
2020-07-26 08:15,11,5,6,0,0,0
2020-07-26 08:30,7,3,4,0,0,0
2020-07-26 08:45,14,9,5,0,0,0
2020-07-26 09:00,17,8,9,0,0,0
2020-07-26 09:15,10,4,6,0,0,0
2020-07-26 09:30,26,16,10,0,0,0
2020-07-26 09:45,28,11,17,0,0,0
2020-07-26 10:00,55,24,31,0,0,0
2020-07-26 10:15,21,12,9,0,0,0
2020-07-26 10:30,35,26,9,0,0,0
2020-07-26 10:45,29,19,10,0,0,0
2020-07-26 11:00,30,19,11,0,0,0
2020-07-26 11:15,39,16,23,0,0,0
2020-07-26 11:30,43,25,18,0,0,0
2020-07-26 11:45,67,29,38,0,0,0
2020-07-26 12:00,33,15,18,0,0,0
2020-07-26 12:15,43,20,23,0,0,0
2020-07-26 12:30,45,19,26,0,0,0
2020-07-26 12:45,69,48,21,0,0,0
2020-07-26 13:00,42,20,22,0,0,0
2020-07-26 13:15,60,30,30,0,0,0
2020-07-26 13:30,77,43,34,0,0,0
2020-07-26 13:45,60,29,31,0,0,0
2020-07-26 14:00,70,32,38,0,0,0
2020-07-26 14:15,55,18,37,0,0,0
2020-07-26 14:30,66,36,30,0,0,0
2020-07-26 14:45,121,69,52,0,0,0
2020-07-26 15:00,64,32,32,0,0,0
2020-07-26 15:15,91,47,44,0,0,0
2020-07-26 15:30,68,35,33,0,0,0
2020-07-26 15:45,84,27,57,0,0,0
2020-07-26 16:00,57,36,21,0,0,0
2020-07-26 16:15,78,46,32,0,0,0
2020-07-26 16:30,82,37,45,0,0,0
2020-07-26 16:45,50,22,28,0,0,0
2020-07-26 17:00,82,42,40,0,0,0
2020-07-26 17:15,92,46,46,0,0,0
2020-07-26 17:30,84,41,43,0,0,0
2020-07-26 17:45,83,40,43,0,0,0
2020-07-26 18:00,70,30,40,0,0,0
2020-07-26 18:15,74,36,38,0,0,0
2020-07-26 18:30,69,33,36,0,0,0
2020-07-26 18:45,91,52,39,0,0,0
2020-07-26 19:00,85,51,34,0,0,0
2020-07-26 19:15,62,26,36,0,0,0
2020-07-26 19:30,81,37,44,0,0,0
2020-07-26 19:45,68,28,40,0,0,0
2020-07-26 20:00,58,28,30,0,0,0
2020-07-26 20:15,48,21,27,0,0,0
2020-07-26 20:30,49,18,31,0,0,0
2020-07-26 20:45,73,35,38,0,0,0
2020-07-26 21:00,49,20,29,0,0,0
2020-07-26 21:15,54,17,37,0,0,0
2020-07-26 21:30,57,23,34,0,0,0
2020-07-26 21:45,39,7,32,0,0,0
2020-07-26 22:00,38,19,19,0,0,0
2020-07-26 22:15,36,18,18,0,0,0
2020-07-26 22:30,29,12,17,0,0,0
2020-07-26 22:45,15,7,8,0,0,0
2020-07-26 23:00,23,10,13,0,0,0
2020-07-26 23:15,19,3,16,0,0,0
2020-07-26 23:30,15,6,9,0,0,0
2020-07-26 23:45,19,5,14,0,0,0
2020-07-27 00:00,8,2,6,0,0,0
2020-07-27 00:15,9,3,6,0,0,0
2020-07-27 00:30,16,11,5,0,0,0
2020-07-27 00:45,9,4,5,0,0,0
2020-07-27 01:00,5,2,3,0,0,0
2020-07-27 01:15,2,0,2,0,0,0
2020-07-27 01:30,2,1,1,0,0,0
2020-07-27 01:45,5,0,5,0,0,0
2020-07-27 02:00,2,1,1,0,0,0
2020-07-27 02:15,1,0,1,0,0,0
2020-07-27 02:30,5,3,2,0,0,0
2020-07-27 02:45,3,1,2,0,0,0
2020-07-27 03:00,0,0,0,0,0,0
2020-07-27 03:15,0,0,0,0,0,0
2020-07-27 03:30,0,0,0,0,0,0
2020-07-27 03:45,0,0,0,0,0,0
2020-07-27 04:00,2,1,1,0,0,0
2020-07-27 04:15,3,2,1,0,0,0
2020-07-27 04:30,0,0,0,0,0,0
2020-07-27 04:45,2,2,0,0,0,0
2020-07-27 05:00,6,2,4,0,0,0
2020-07-27 05:15,7,3,4,0,0,0
2020-07-27 05:30,10,5,5,0,0,0
2020-07-27 05:45,21,14,7,0,0,0
2020-07-27 06:00,15,7,8,0,0,0
2020-07-27 06:15,35,16,19,0,0,0
2020-07-27 06:30,44,17,27,0,0,0
2020-07-27 06:45,59,33,26,0,0,0
2020-07-27 07:00,61,37,24,0,0,0
2020-07-27 07:15,70,31,39,0,0,0
2020-07-27 07:30,99,63,36,0,0,0
2020-07-27 07:45,128,85,43,0,0,0
2020-07-27 08:00,105,69,36,0,0,0
2020-07-27 08:15,98,45,53,0,0,0
2020-07-27 08:30,95,47,48,0,0,0
2020-07-27 08:45,112,58,54,0,0,0
2020-07-27 09:00,71,29,42,0,0,0
2020-07-27 09:15,84,38,46,0,0,0
2020-07-27 09:30,80,43,37,0,0,0
2020-07-27 09:45,84,42,42,0,0,0
2020-07-27 10:00,71,32,39,0,0,0
2020-07-27 10:15,63,36,27,0,0,0
2020-07-27 10:30,79,49,30,0,0,0
2020-07-27 10:45,89,35,54,0,0,0
2020-07-27 11:00,103,54,49,0,0,0
2020-07-27 11:15,76,33,43,0,0,0
2020-07-27 11:30,109,49,60,0,0,0
2020-07-27 11:45,97,47,50,0,0,0
2020-07-27 12:00,99,51,48,0,0,0
2020-07-27 12:15,95,48,47,0,0,0
2020-07-27 12:30,95,47,48,0,0,0
2020-07-27 12:45,90,44,46,0,0,0
2020-07-27 13:00,106,51,55,0,0,0
2020-07-27 13:15,110,56,54,0,0,0
2020-07-27 13:30,98,60,38,0,0,0
2020-07-27 13:45,101,51,50,0,0,0
2020-07-27 14:00,97,55,42,0,0,0
2020-07-27 14:15,98,49,49,0,0,0
2020-07-27 14:30,83,43,40,0,0,0
2020-07-27 14:45,90,57,33,0,0,0
2020-07-27 15:00,120,64,56,0,0,0
2020-07-27 15:15,92,59,33,0,0,0
2020-07-27 15:30,105,56,49,0,0,0
2020-07-27 15:45,133,64,69,0,0,0
2020-07-27 16:00,154,88,66,0,0,0
2020-07-27 16:15,133,64,69,0,0,0
2020-07-27 16:30,129,65,64,0,0,0
2020-07-27 16:45,163,85,78,0,0,0
2020-07-27 17:00,133,59,74,0,0,0
2020-07-27 17:15,158,89,69,0,0,0
2020-07-27 17:30,144,77,67,0,0,0
2020-07-27 17:45,135,80,55,0,0,0
2020-07-27 18:00,140,85,55,0,0,0
2020-07-27 18:15,117,61,56,0,0,0
2020-07-27 18:30,115,62,53,0,0,0
2020-07-27 18:45,96,53,43,0,0,0
2020-07-27 19:00,99,51,48,0,0,0
2020-07-27 19:15,99,51,48,0,0,0
2020-07-27 19:30,76,36,40,0,0,0
2020-07-27 19:45,81,34,47,0,0,0
2020-07-27 20:00,84,35,49,0,0,0
2020-07-27 20:15,75,28,47,0,0,0
2020-07-27 20:30,50,25,25,0,0,0
2020-07-27 20:45,42,20,22,0,0,0
2020-07-27 21:00,59,25,34,0,0,0
2020-07-27 21:15,63,36,27,0,0,0
2020-07-27 21:30,52,22,30,0,0,0
2020-07-27 21:45,46,37,9,0,0,0
2020-07-27 22:00,46,16,30,0,0,0
2020-07-27 22:15,37,13,24,0,0,0
2020-07-27 22:30,30,15,15,0,0,0
2020-07-27 22:45,29,13,16,0,0,0
2020-07-27 23:00,29,13,16,0,0,0
2020-07-27 23:15,24,13,11,0,0,0
2020-07-27 23:30,19,9,10,0,0,0
2020-07-27 23:45,21,17,4,0,0,0
2020-07-28 00:00,19,5,14,0,0,0
2020-07-28 00:15,12,3,9,0,0,0
2020-07-28 00:30,10,2,8,0,0,0
2020-07-28 00:45,16,10,6,0,0,0
2020-07-28 01:00,14,4,10,0,0,0
2020-07-28 01:15,6,4,2,0,0,0
2020-07-28 01:30,1,1,0,0,0,0
2020-07-28 01:45,2,2,0,0,0,0
2020-07-28 02:00,6,4,2,0,0,0
2020-07-28 02:15,10,1,9,0,0,0
2020-07-28 02:30,2,2,0,0,0,0
2020-07-28 02:45,1,1,0,0,0,0
2020-07-28 03:00,1,0,1,0,0,0
2020-07-28 03:15,0,0,0,0,0,0
2020-07-28 03:30,1,0,1,0,0,0
2020-07-28 03:45,6,3,3,0,0,0
2020-07-28 04:00,0,0,0,0,0,0
2020-07-28 04:15,2,1,1,0,0,0
2020-07-28 04:30,1,1,0,0,0,0
2020-07-28 04:45,3,3,0,0,0,0
2020-07-28 05:00,8,4,4,0,0,0
2020-07-28 05:15,4,2,2,0,0,0
2020-07-28 05:30,10,3,7,0,0,0
2020-07-28 05:45,28,19,9,0,0,0
2020-07-28 06:00,30,16,14,0,0,0
2020-07-28 06:15,17,7,10,0,0,0
2020-07-28 06:30,41,20,21,0,0,0
2020-07-28 06:45,54,29,25,0,0,0
2020-07-28 07:00,72,39,33,0,0,0
2020-07-28 07:15,86,49,37,0,0,0
2020-07-28 07:30,88,58,30,0,0,0
2020-07-28 07:45,144,102,42,0,0,0
2020-07-28 08:00,140,92,48,0,0,0
2020-07-28 08:15,101,54,47,0,0,0
2020-07-28 08:30,99,56,43,0,0,0
2020-07-28 08:45,124,55,69,0,0,0
2020-07-28 09:00,95,48,47,0,0,0
2020-07-28 09:15,85,34,51,0,0,0
2020-07-28 09:30,75,30,45,0,0,0
2020-07-28 09:45,91,31,60,0,0,0
2020-07-28 10:00,71,34,37,0,0,0
2020-07-28 10:15,79,40,39,0,0,0
2020-07-28 10:30,101,47,54,0,0,0
2020-07-28 10:45,82,33,49,0,0,0
2020-07-28 11:00,89,43,46,0,0,0
2020-07-28 11:15,114,66,48,0,0,0
2020-07-28 11:30,97,47,50,0,0,0
2020-07-28 11:45,79,50,29,0,0,0
2020-07-28 12:00,95,44,51,0,0,0
2020-07-28 12:15,110,54,56,0,0,0
2020-07-28 12:30,107,52,55,0,0,0
2020-07-28 12:45,113,54,59,0,0,0
2020-07-28 13:00,126,69,57,0,0,0
2020-07-28 13:15,99,46,53,0,0,0
2020-07-28 13:30,78,33,45,0,0,0
2020-07-28 13:45,125,78,47,0,0,0
2020-07-28 14:00,135,87,48,0,0,0
2020-07-28 14:15,136,83,53,0,0,0
2020-07-28 14:30,117,64,53,0,0,0
2020-07-28 14:45,122,66,56,0,0,0
2020-07-28 15:00,101,47,54,0,0,0
2020-07-28 15:15,108,62,46,0,0,0
2020-07-28 15:30,137,65,72,0,0,0
2020-07-28 15:45,140,71,69,0,0,0
2020-07-28 16:00,150,81,69,0,0,0
2020-07-28 16:15,240,91,149,0,0,0
2020-07-28 16:30,166,68,98,0,0,0
2020-07-28 16:45,159,81,78,0,0,0
2020-07-28 17:00,159,76,83,0,0,0
2020-07-28 17:15,170,70,100,0,0,0
2020-07-28 17:30,179,95,84,0,0,0
2020-07-28 17:45,158,78,80,0,0,0
2020-07-28 18:00,165,96,69,0,0,0
2020-07-28 18:15,129,67,62,0,0,0
2020-07-28 18:30,115,60,55,0,0,0
2020-07-28 18:45,146,93,53,0,0,0
2020-07-28 19:00,135,80,55,0,0,0
2020-07-28 19:15,112,66,46,0,0,0
2020-07-28 19:30,92,47,45,0,0,0
2020-07-28 19:45,120,66,54,0,0,0
2020-07-28 20:00,77,31,46,0,0,0
2020-07-28 20:15,73,25,48,0,0,0
2020-07-28 20:30,95,41,54,0,0,0
2020-07-28 20:45,69,30,39,0,0,0
2020-07-28 21:00,64,34,30,0,0,0
2020-07-28 21:15,86,41,45,0,0,0
2020-07-28 21:30,54,29,25,0,0,0
2020-07-28 21:45,50,27,23,0,0,0
2020-07-28 22:00,52,26,26,0,0,0
2020-07-28 22:15,45,24,21,0,0,0
2020-07-28 22:30,38,17,21,0,0,0
2020-07-28 22:45,37,10,27,0,0,0
2020-07-28 23:00,21,5,16,0,0,0
2020-07-28 23:15,32,16,16,0,0,0
2020-07-28 23:30,10,3,7,0,0,0
2020-07-28 23:45,23,10,13,0,0,0
2020-07-29 00:00,21,11,10,0,0,0
2020-07-29 00:15,18,10,8,0,0,0
2020-07-29 00:30,11,5,6,0,0,0
2020-07-29 00:45,13,5,8,0,0,0
2020-07-29 01:00,9,3,6,0,0,0
2020-07-29 01:15,6,1,5,0,0,0
2020-07-29 01:30,10,2,8,0,0,0
2020-07-29 01:45,3,3,0,0,0,0
2020-07-29 02:00,8,6,2,0,0,0
2020-07-29 02:15,4,2,2,0,0,0
2020-07-29 02:30,10,2,8,0,0,0
2020-07-29 02:45,2,0,2,0,0,0
2020-07-29 03:00,2,0,2,0,0,0
2020-07-29 03:15,0,0,0,0,0,0
2020-07-29 03:30,3,2,1,0,0,0
2020-07-29 03:45,2,1,1,0,0,0
2020-07-29 04:00,5,1,4,0,0,0
2020-07-29 04:15,2,1,1,0,0,0
2020-07-29 04:30,7,1,6,0,0,0
2020-07-29 04:45,9,3,6,0,0,0
2020-07-29 05:00,2,2,0,0,0,0
2020-07-29 05:15,6,1,5,0,0,0
2020-07-29 05:30,19,8,11,0,0,0
2020-07-29 05:45,17,9,8,0,0,0
2020-07-29 06:00,25,11,14,0,0,0
2020-07-29 06:15,32,13,19,0,0,0
2020-07-29 06:30,36,18,18,0,0,0
2020-07-29 06:45,52,29,23,0,0,0
2020-07-29 07:00,73,35,38,0,0,0
2020-07-29 07:15,99,46,53,0,0,0
2020-07-29 07:30,106,63,43,0,0,0
2020-07-29 07:45,151,111,40,0,0,0
2020-07-29 08:00,109,81,28,0,0,0
2020-07-29 08:15,105,60,45,0,0,0
2020-07-29 08:30,129,62,67,0,0,0
2020-07-29 08:45,116,63,53,0,0,0
2020-07-29 09:00,81,33,48,0,0,0
2020-07-29 09:15,73,35,38,0,0,0
2020-07-29 09:30,77,37,40,0,0,0
2020-07-29 09:45,111,37,74,0,0,0
2020-07-29 10:00,73,26,47,0,0,0
2020-07-29 10:15,85,37,48,0,0,0
2020-07-29 10:30,95,40,55,0,0,0
2020-07-29 10:45,131,67,64,0,0,0
2020-07-29 11:00,131,75,56,0,0,0
2020-07-29 11:15,159,102,57,0,0,0
2020-07-29 11:30,137,78,59,0,0,0
2020-07-29 11:45,119,56,63,0,0,0
2020-07-29 12:00,97,48,49,0,0,0
2020-07-29 12:15,124,50,74,0,0,0
2020-07-29 12:30,113,45,68,0,0,0
2020-07-29 12:45,143,61,82,0,0,0
2020-07-29 13:00,130,58,72,0,0,0
2020-07-29 13:15,126,54,72,0,0,0
2020-07-29 13:30,119,61,58,0,0,0
2020-07-29 13:45,114,59,55,0,0,0
2020-07-29 14:00,138,64,74,0,0,0
2020-07-29 14:15,119,64,55,0,0,0
2020-07-29 14:30,116,59,57,0,0,0
2020-07-29 14:45,106,50,56,0,0,0
2020-07-29 15:00,117,69,48,0,0,0
2020-07-29 15:15,105,50,55,0,0,0
2020-07-29 15:30,142,68,74,0,0,0
2020-07-29 15:45,142,76,66,0,0,0
2020-07-29 16:00,159,79,80,0,0,0
2020-07-29 16:15,152,67,85,0,0,0
2020-07-29 16:30,141,85,56,0,0,0
2020-07-29 16:45,161,86,75,0,0,0
2020-07-29 17:00,150,73,77,0,0,0
2020-07-29 17:15,187,85,102,0,0,0
2020-07-29 17:30,155,69,86,0,0,0
2020-07-29 17:45,160,87,73,0,0,0
2020-07-29 18:00,163,94,69,0,0,0
2020-07-29 18:15,139,68,71,0,0,0
2020-07-29 18:30,129,71,58,0,0,0
2020-07-29 18:45,142,84,58,0,0,0
2020-07-29 19:00,125,71,54,0,0,0
2020-07-29 19:15,111,61,50,0,0,0
2020-07-29 19:30,101,53,48,0,0,0
2020-07-29 19:45,95,47,48,0,0,0
2020-07-29 20:00,110,58,52,0,0,0
2020-07-29 20:15,76,41,35,0,0,0
2020-07-29 20:30,100,56,44,0,0,0
2020-07-29 20:45,67,35,32,0,0,0
2020-07-29 21:00,95,49,46,0,0,0
2020-07-29 21:15,76,43,33,0,0,0
2020-07-29 21:30,76,32,44,0,0,0
2020-07-29 21:45,82,37,45,0,0,0
2020-07-29 22:00,55,24,31,0,0,0
2020-07-29 22:15,48,25,23,0,0,0
2020-07-29 22:30,39,17,22,0,0,0
2020-07-29 22:45,39,15,24,0,0,0
2020-07-29 23:00,56,21,35,0,0,0
2020-07-29 23:15,32,14,18,0,0,0
2020-07-29 23:30,33,17,16,0,0,0
2020-07-29 23:45,33,16,17,0,0,0
2020-07-30 00:00,22,8,14,0,0,0
2020-07-30 00:15,33,15,18,0,0,0
2020-07-30 00:30,18,11,7,0,0,0
2020-07-30 00:45,23,8,15,0,0,0
2020-07-30 01:00,15,5,10,0,0,0
2020-07-30 01:15,13,4,9,0,0,0
2020-07-30 01:30,14,9,5,0,0,0
2020-07-30 01:45,8,4,4,0,0,0
2020-07-30 02:00,7,4,3,0,0,0
2020-07-30 02:15,4,2,2,0,0,0
2020-07-30 02:30,11,4,7,0,0,0
2020-07-30 02:45,3,1,2,0,0,0
2020-07-30 03:00,3,1,2,0,0,0
2020-07-30 03:15,2,1,1,0,0,0
2020-07-30 03:30,2,0,2,0,0,0
2020-07-30 03:45,5,1,4,0,0,0
2020-07-30 04:00,1,0,1,0,0,0
2020-07-30 04:15,1,0,1,0,0,0
2020-07-30 04:30,3,2,1,0,0,0
2020-07-30 04:45,5,3,2,0,0,0
2020-07-30 05:00,0,0,0,0,0,0
2020-07-30 05:15,8,4,4,0,0,0
2020-07-30 05:30,16,5,11,0,0,0
2020-07-30 05:45,13,6,7,0,0,0
2020-07-30 06:00,23,11,12,0,0,0
2020-07-30 06:15,36,20,16,0,0,0
2020-07-30 06:30,36,15,21,0,0,0
2020-07-30 06:45,69,41,28,0,0,0
2020-07-30 07:00,65,35,30,0,0,0
2020-07-30 07:15,69,39,30,0,0,0
2020-07-30 07:30,111,65,46,0,0,0
2020-07-30 07:45,174,122,52,0,0,0
2020-07-30 08:00,111,74,37,0,0,0
2020-07-30 08:15,121,57,64,0,0,0
2020-07-30 08:30,108,57,51,0,0,0
2020-07-30 08:45,129,65,64,0,0,0
2020-07-30 09:00,90,44,46,0,0,0
2020-07-30 09:15,72,21,51,0,0,0
2020-07-30 09:30,109,52,57,0,0,0
2020-07-30 09:45,97,38,59,0,0,0
2020-07-30 10:00,80,36,44,0,0,0
2020-07-30 10:15,68,37,31,0,0,0
2020-07-30 10:30,89,37,52,0,0,0
2020-07-30 10:45,107,42,65,0,0,0
2020-07-30 11:00,90,41,49,0,0,0
2020-07-30 11:15,112,59,53,0,0,0
2020-07-30 11:30,106,53,53,0,0,0
2020-07-30 11:45,121,47,74,0,0,0
2020-07-30 12:00,120,54,66,0,0,0
2020-07-30 12:15,93,48,45,0,0,0
2020-07-30 12:30,133,74,59,0,0,0
2020-07-30 12:45,126,68,58,0,0,0
2020-07-30 13:00,119,64,55,0,0,0
2020-07-30 13:15,118,54,64,0,0,0
2020-07-30 13:30,119,65,54,0,0,0
2020-07-30 13:45,158,76,82,0,0,0
2020-07-30 14:00,135,71,64,0,0,0
2020-07-30 14:15,160,97,63,0,0,0
2020-07-30 14:30,167,107,60,0,0,0
2020-07-30 14:45,121,61,60,0,0,0
2020-07-30 15:00,127,61,66,0,0,0
2020-07-30 15:15,117,66,51,0,0,0
2020-07-30 15:30,140,78,62,0,0,0
2020-07-30 15:45,143,82,61,0,0,0
2020-07-30 16:00,148,75,73,0,0,0
2020-07-30 16:15,143,67,76,0,0,0
2020-07-30 16:30,153,73,80,0,0,0
2020-07-30 16:45,187,104,83,0,0,0
2020-07-30 17:00,179,92,87,0,0,0
2020-07-30 17:15,237,91,146,0,0,0
2020-07-30 17:30,193,85,108,0,0,0
2020-07-30 17:45,183,96,87,0,0,0
2020-07-30 18:00,143,69,74,0,0,0
2020-07-30 18:15,169,72,97,0,0,0
2020-07-30 18:30,141,78,63,0,0,0
2020-07-30 18:45,146,79,67,0,0,0
2020-07-30 19:00,124,51,73,0,0,0
2020-07-30 19:15,138,75,63,0,0,0
2020-07-30 19:30,110,59,51,0,0,0
2020-07-30 19:45,125,70,55,0,0,0
2020-07-30 20:00,90,41,49,0,0,0
2020-07-30 20:15,110,52,58,0,0,0
2020-07-30 20:30,94,42,52,0,0,0
2020-07-30 20:45,102,53,49,0,0,0
2020-07-30 21:00,77,28,49,0,0,0
2020-07-30 21:15,82,39,43,0,0,0
2020-07-30 21:30,74,25,49,0,0,0
2020-07-30 21:45,73,38,35,0,0,0
2020-07-30 22:00,76,26,50,0,0,0
2020-07-30 22:15,79,35,44,0,0,0
2020-07-30 22:30,51,24,27,0,0,0
2020-07-30 22:45,51,23,28,0,0,0
2020-07-30 23:00,41,19,22,0,0,0
2020-07-30 23:15,45,17,28,0,0,0
2020-07-30 23:30,52,16,36,0,0,0
2020-07-30 23:45,26,6,20,0,0,0
2020-07-31 00:00,45,13,32,0,0,0
2020-07-31 00:15,16,6,10,0,0,0
2020-07-31 00:30,24,14,10,0,0,0
2020-07-31 00:45,14,7,7,0,0,0
2020-07-31 01:00,14,5,9,0,0,0
2020-07-31 01:15,17,4,13,0,0,0
2020-07-31 01:30,10,1,9,0,0,0
2020-07-31 01:45,5,2,3,0,0,0
2020-07-31 02:00,7,1,6,0,0,0
2020-07-31 02:15,7,2,5,0,0,0
2020-07-31 02:30,4,1,3,0,0,0
2020-07-31 02:45,3,1,2,0,0,0
2020-07-31 03:00,2,2,0,0,0,0
2020-07-31 03:15,6,0,6,0,0,0
2020-07-31 03:30,3,3,0,0,0,0
2020-07-31 03:45,1,1,0,0,0,0
2020-07-31 04:00,3,1,2,0,0,0
2020-07-31 04:15,0,0,0,0,0,0
2020-07-31 04:30,3,2,1,0,0,0
2020-07-31 04:45,7,5,2,0,0,0
2020-07-31 05:00,0,0,0,0,0,0
2020-07-31 05:15,8,5,3,0,0,0
2020-07-31 05:30,17,4,13,0,0,0
2020-07-31 05:45,16,9,7,0,0,0
2020-07-31 06:00,28,11,17,0,0,0
2020-07-31 06:15,27,12,15,0,0,0
2020-07-31 06:30,46,13,33,0,0,0
2020-07-31 06:45,45,24,21,0,0,0
2020-07-31 07:00,55,32,23,0,0,0
2020-07-31 07:15,88,49,39,0,0,0
2020-07-31 07:30,106,67,39,0,0,0
2020-07-31 07:45,128,86,42,0,0,0
2020-07-31 08:00,89,52,37,0,0,0
2020-07-31 08:15,81,44,37,0,0,0
2020-07-31 08:30,94,53,41,0,0,0
2020-07-31 08:45,103,49,54,0,0,0
2020-07-31 09:00,67,24,43,0,0,0
2020-07-31 09:15,83,33,50,0,0,0
2020-07-31 09:30,86,35,51,0,0,0
2020-07-31 09:45,114,40,74,0,0,0
2020-07-31 10:00,105,53,52,0,0,0
2020-07-31 10:15,79,36,43,0,0,0
2020-07-31 10:30,81,36,45,0,0,0
2020-07-31 10:45,114,57,57,0,0,0
2020-07-31 11:00,105,47,58,0,0,0
2020-07-31 11:15,120,57,63,0,0,0
2020-07-31 11:30,134,61,73,0,0,0
2020-07-31 11:45,111,54,57,0,0,0
2020-07-31 12:00,134,61,73,0,0,0
2020-07-31 12:15,121,48,73,0,0,0
2020-07-31 12:30,111,54,57,0,0,0
2020-07-31 12:45,131,87,44,0,0,0
2020-07-31 13:00,148,92,56,0,0,0
2020-07-31 13:15,143,83,60,0,0,0
2020-07-31 13:30,123,68,55,0,0,0
2020-07-31 13:45,132,63,69,0,0,0
2020-07-31 14:00,171,112,59,0,0,0
2020-07-31 14:15,168,108,60,0,0,0
2020-07-31 14:30,143,78,65,0,0,0
2020-07-31 14:45,115,72,43,0,0,0
2020-07-31 15:00,145,77,68,0,0,0
2020-07-31 15:15,120,73,47,0,0,0
2020-07-31 15:30,152,92,60,0,0,0
2020-07-31 15:45,131,83,48,0,0,0
2020-07-31 16:00,158,98,60,0,0,0
2020-07-31 16:15,170,100,70,0,0,0
2020-07-31 16:30,142,73,69,0,0,0
2020-07-31 16:45,150,80,70,0,0,0
2020-07-31 17:00,146,63,83,0,0,0
2020-07-31 17:15,147,68,79,0,0,0
2020-07-31 17:30,137,68,69,0,0,0
2020-07-31 17:45,133,89,44,0,0,0
2020-07-31 18:00,136,76,60,0,0,0
2020-07-31 18:15,130,66,64,0,0,0
2020-07-31 18:30,127,64,63,0,0,0
2020-07-31 18:45,110,62,48,0,0,0
2020-07-31 19:00,135,80,55,0,0,0
2020-07-31 19:15,143,79,64,0,0,0
2020-07-31 19:30,102,46,56,0,0,0
2020-07-31 19:45,132,58,74,0,0,0
2020-07-31 20:00,135,74,61,0,0,0
2020-07-31 20:15,148,57,91,0,0,0
2020-07-31 20:30,103,45,58,0,0,0
2020-07-31 20:45,103,48,55,0,0,0
2020-07-31 21:00,89,40,49,0,0,0
2020-07-31 21:15,111,44,67,0,0,0
2020-07-31 21:30,74,37,37,0,0,0
2020-07-31 21:45,81,29,52,0,0,0
2020-07-31 22:00,80,29,51,0,0,0
2020-07-31 22:15,52,20,32,0,0,0
2020-07-31 22:30,67,25,42,0,0,0
2020-07-31 22:45,70,35,35,0,0,0
2020-07-31 23:00,84,29,55,0,0,0
2020-07-31 23:15,58,21,37,0,0,0
2020-07-31 23:30,66,27,39,0,0,0
2020-07-31 23:45,71,31,40,0,0,0
