Datetime,100031300 (HafenstraÃŸe),101031300 (Channel 1 IN),102031300 (Channel 2 OUT),100031300-status,101031300-status,102031300-status
2020-10-01 00:00,20,5,15,0,0,0
2020-10-01 00:15,17,8,9,0,0,0
2020-10-01 00:30,16,9,7,0,0,0
2020-10-01 00:45,12,5,7,0,0,0
2020-10-01 01:00,12,4,8,0,0,0
2020-10-01 01:15,6,0,6,0,0,0
2020-10-01 01:30,14,5,9,0,0,0
2020-10-01 01:45,11,3,8,0,0,0
2020-10-01 02:00,5,3,2,0,0,0
2020-10-01 02:15,5,3,2,0,0,0
2020-10-01 02:30,3,0,3,0,0,0
2020-10-01 02:45,4,1,3,0,0,0
2020-10-01 03:00,5,2,3,0,0,0
2020-10-01 03:15,6,4,2,0,0,0
2020-10-01 03:30,3,2,1,0,0,0
2020-10-01 03:45,1,0,1,0,0,0
2020-10-01 04:00,2,1,1,0,0,0
2020-10-01 04:15,3,1,2,0,0,0
2020-10-01 04:30,2,1,1,0,0,0
2020-10-01 04:45,8,4,4,0,0,0
2020-10-01 05:00,4,2,2,0,0,0
2020-10-01 05:15,13,5,8,0,0,0
2020-10-01 05:30,27,8,19,0,0,0
2020-10-01 05:45,21,16,5,0,0,0
2020-10-01 06:00,27,8,19,0,0,0
2020-10-01 06:15,30,12,18,0,0,0
2020-10-01 06:30,35,12,23,0,0,0
2020-10-01 06:45,76,41,35,0,0,0
2020-10-01 07:00,74,42,32,0,0,0
2020-10-01 07:15,96,46,50,0,0,0
2020-10-01 07:30,170,66,104,0,0,0
2020-10-01 07:45,150,82,68,0,0,0
2020-10-01 08:00,139,72,67,0,0,0
2020-10-01 08:15,153,84,69,0,0,0
2020-10-01 08:30,135,68,67,0,0,0
2020-10-01 08:45,151,82,69,0,0,0
2020-10-01 09:00,84,29,55,0,0,0
2020-10-01 09:15,98,39,59,0,0,0
2020-10-01 09:30,100,41,59,0,0,0
2020-10-01 09:45,110,45,65,0,0,0
2020-10-01 10:00,91,34,57,0,0,0
2020-10-01 10:15,82,43,39,0,0,0
2020-10-01 10:30,94,38,56,0,0,0
2020-10-01 10:45,88,43,45,0,0,0
2020-10-01 11:00,102,45,57,0,0,0
2020-10-01 11:15,91,41,50,0,0,0
2020-10-01 11:30,85,38,47,0,0,0
2020-10-01 11:45,90,37,53,0,0,0
2020-10-01 12:00,116,53,63,0,0,0
2020-10-01 12:15,117,56,61,0,0,0
2020-10-01 12:30,112,62,50,0,0,0
2020-10-01 12:45,134,47,87,0,0,0
2020-10-01 13:00,144,67,77,0,0,0
2020-10-01 13:15,135,86,49,0,0,0
2020-10-01 13:30,132,62,70,0,0,0
2020-10-01 13:45,119,53,66,0,0,0
2020-10-01 14:00,151,69,82,0,0,0
2020-10-01 14:15,127,71,56,0,0,0
2020-10-01 14:30,145,61,84,0,0,0
2020-10-01 14:45,137,73,64,0,0,0
2020-10-01 15:00,125,56,69,0,0,0
2020-10-01 15:15,133,71,62,0,0,0
2020-10-01 15:30,125,58,67,0,0,0
2020-10-01 15:45,166,74,92,0,0,0
2020-10-01 16:00,147,77,70,0,0,0
2020-10-01 16:15,192,94,98,0,0,0
2020-10-01 16:30,157,85,72,0,0,0
2020-10-01 16:45,165,74,91,0,0,0
2020-10-01 17:00,135,76,59,0,0,0
2020-10-01 17:15,145,56,89,0,0,0
2020-10-01 17:30,153,60,93,0,0,0
2020-10-01 17:45,167,83,84,0,0,0
2020-10-01 18:00,135,61,74,0,0,0
2020-10-01 18:15,143,67,76,0,0,0
2020-10-01 18:30,136,77,59,0,0,0
2020-10-01 18:45,124,62,62,0,0,0
2020-10-01 19:00,102,55,47,0,0,0
2020-10-01 19:15,120,64,56,0,0,0
2020-10-01 19:30,94,41,53,0,0,0
2020-10-01 19:45,94,46,48,0,0,0
2020-10-01 20:00,78,34,44,0,0,0
2020-10-01 20:15,57,33,24,0,0,0
2020-10-01 20:30,50,19,31,0,0,0
2020-10-01 20:45,64,27,37,0,0,0
2020-10-01 21:00,49,20,29,0,0,0
2020-10-01 21:15,61,20,41,0,0,0
2020-10-01 21:30,36,17,19,0,0,0
2020-10-01 21:45,46,13,33,0,0,0
2020-10-01 22:00,41,12,29,0,0,0
2020-10-01 22:15,43,18,25,0,0,0
2020-10-01 22:30,52,9,43,0,0,0
2020-10-01 22:45,25,11,14,0,0,0
2020-10-01 23:00,46,12,34,0,0,0
2020-10-01 23:15,32,8,24,0,0,0
2020-10-01 23:30,21,10,11,0,0,0
2020-10-01 23:45,14,2,12,0,0,0
2020-10-02 00:00,27,6,21,0,0,0
2020-10-02 00:15,16,3,13,0,0,0
2020-10-02 00:30,11,6,5,0,0,0
2020-10-02 00:45,7,3,4,0,0,0
2020-10-02 01:00,8,4,4,0,0,0
2020-10-02 01:15,9,3,6,0,0,0
2020-10-02 01:30,5,1,4,0,0,0
2020-10-02 01:45,1,1,0,0,0,0
2020-10-02 02:00,3,0,3,0,0,0
2020-10-02 02:15,6,1,5,0,0,0
2020-10-02 02:30,2,1,1,0,0,0
2020-10-02 02:45,3,1,2,0,0,0
2020-10-02 03:00,3,3,0,0,0,0
2020-10-02 03:15,1,0,1,0,0,0
2020-10-02 03:30,3,1,2,0,0,0
2020-10-02 03:45,5,2,3,0,0,0
2020-10-02 04:00,1,0,1,0,0,0
2020-10-02 04:15,1,1,0,0,0,0
2020-10-02 04:30,3,0,3,0,0,0
2020-10-02 04:45,6,2,4,0,0,0
2020-10-02 05:00,2,0,2,0,0,0
2020-10-02 05:15,14,5,9,0,0,0
2020-10-02 05:30,18,7,11,0,0,0
2020-10-02 05:45,22,14,8,0,0,0
2020-10-02 06:00,13,6,7,0,0,0
2020-10-02 06:15,24,8,16,0,0,0
2020-10-02 06:30,44,15,29,0,0,0
2020-10-02 06:45,51,25,26,0,0,0
2020-10-02 07:00,77,45,32,0,0,0
2020-10-02 07:15,99,42,57,0,0,0
2020-10-02 07:30,156,69,87,0,0,0
2020-10-02 07:45,129,66,63,0,0,0
2020-10-02 08:00,113,60,53,0,0,0
2020-10-02 08:15,115,55,60,0,0,0
2020-10-02 08:30,105,60,45,0,0,0
2020-10-02 08:45,158,72,86,0,0,0
2020-10-02 09:00,93,32,61,0,0,0
2020-10-02 09:15,103,35,68,0,0,0
2020-10-02 09:30,84,34,50,0,0,0
2020-10-02 09:45,113,42,71,0,0,0
2020-10-02 10:00,86,37,49,0,0,0
2020-10-02 10:15,79,37,42,0,0,0
2020-10-02 10:30,86,40,46,0,0,0
2020-10-02 10:45,115,40,75,0,0,0
2020-10-02 11:00,120,59,61,0,0,0
2020-10-02 11:15,104,41,63,0,0,0
2020-10-02 11:30,100,41,59,0,0,0
2020-10-02 11:45,133,70,63,0,0,0
2020-10-02 12:00,112,43,69,0,0,0
2020-10-02 12:15,128,52,76,0,0,0
2020-10-02 12:30,102,48,54,0,0,0
2020-10-02 12:45,139,65,74,0,0,0
2020-10-02 13:00,124,58,66,0,0,0
2020-10-02 13:15,135,62,73,0,0,0
2020-10-02 13:30,131,65,66,0,0,0
2020-10-02 13:45,135,48,87,0,0,0
2020-10-02 14:00,120,53,67,0,0,0
2020-10-02 14:15,121,46,75,0,0,0
2020-10-02 14:30,133,65,68,0,0,0
2020-10-02 14:45,140,58,82,0,0,0
2020-10-02 15:00,121,52,69,0,0,0
2020-10-02 15:15,145,73,72,0,0,0
2020-10-02 15:30,128,60,68,0,0,0
2020-10-02 15:45,149,86,63,0,0,0
2020-10-02 16:00,162,85,77,0,0,0
2020-10-02 16:15,182,89,93,0,0,0
2020-10-02 16:30,149,69,80,0,0,0
2020-10-02 16:45,146,76,70,0,0,0
2020-10-02 17:00,128,68,60,0,0,0
2020-10-02 17:15,147,73,74,0,0,0
2020-10-02 17:30,133,66,67,0,0,0
2020-10-02 17:45,155,82,73,0,0,0
2020-10-02 18:00,123,77,46,0,0,0
2020-10-02 18:15,145,71,74,0,0,0
2020-10-02 18:30,134,64,70,0,0,0
2020-10-02 18:45,123,57,66,0,0,0
2020-10-02 19:00,147,77,70,0,0,0
2020-10-02 19:15,107,55,52,0,0,0
2020-10-02 19:30,123,58,65,0,0,0
2020-10-02 19:45,135,80,55,0,0,0
2020-10-02 20:00,110,56,54,0,0,0
2020-10-02 20:15,86,44,42,0,0,0
2020-10-02 20:30,100,49,51,0,0,0
2020-10-02 20:45,81,40,41,0,0,0
2020-10-02 21:00,77,26,51,0,0,0
2020-10-02 21:15,41,21,20,0,0,0
2020-10-02 21:30,56,19,37,0,0,0
2020-10-02 21:45,46,20,26,0,0,0
2020-10-02 22:00,49,17,32,0,0,0
2020-10-02 22:15,47,24,23,0,0,0
2020-10-02 22:30,57,28,29,0,0,0
2020-10-02 22:45,50,27,23,0,0,0
2020-10-02 23:00,44,17,27,0,0,0
2020-10-02 23:15,46,17,29,0,0,0
2020-10-02 23:30,52,17,35,0,0,0
2020-10-02 23:45,43,14,29,0,0,0
2020-10-03 00:00,33,14,19,0,0,0
2020-10-03 00:15,46,23,23,0,0,0
2020-10-03 00:30,46,21,25,0,0,0
2020-10-03 00:45,30,12,18,0,0,0
2020-10-03 01:00,30,8,22,0,0,0
2020-10-03 01:15,28,12,16,0,0,0
2020-10-03 01:30,24,7,17,0,0,0
2020-10-03 01:45,37,14,23,0,0,0
2020-10-03 02:00,21,7,14,0,0,0
2020-10-03 02:15,14,3,11,0,0,0
2020-10-03 02:30,18,11,7,0,0,0
2020-10-03 02:45,12,6,6,0,0,0
2020-10-03 03:00,17,12,5,0,0,0
2020-10-03 03:15,23,8,15,0,0,0
2020-10-03 03:30,7,4,3,0,0,0
2020-10-03 03:45,8,4,4,0,0,0
2020-10-03 04:00,6,0,6,0,0,0
2020-10-03 04:15,9,2,7,0,0,0
2020-10-03 04:30,3,1,2,0,0,0
2020-10-03 04:45,10,2,8,0,0,0
2020-10-03 05:00,14,0,14,0,0,0
2020-10-03 05:15,9,3,6,0,0,0
2020-10-03 05:30,11,4,7,0,0,0
2020-10-03 05:45,3,1,2,0,0,0
2020-10-03 06:00,8,3,5,0,0,0
2020-10-03 06:15,8,5,3,0,0,0
2020-10-03 06:30,5,1,4,0,0,0
2020-10-03 06:45,5,4,1,0,0,0
2020-10-03 07:00,9,5,4,0,0,0
2020-10-03 07:15,7,3,4,0,0,0
2020-10-03 07:30,15,4,11,0,0,0
2020-10-03 07:45,13,5,8,0,0,0
2020-10-03 08:00,15,8,7,0,0,0
2020-10-03 08:15,11,5,6,0,0,0
2020-10-03 08:30,16,7,9,0,0,0
2020-10-03 08:45,18,7,11,0,0,0
2020-10-03 09:00,10,5,5,0,0,0
2020-10-03 09:15,26,4,22,0,0,0
2020-10-03 09:30,22,6,16,0,0,0
2020-10-03 09:45,46,29,17,0,0,0
2020-10-03 10:00,43,19,24,0,0,0
2020-10-03 10:15,52,27,25,0,0,0
2020-10-03 10:30,31,14,17,0,0,0
2020-10-03 10:45,42,19,23,0,0,0
2020-10-03 11:00,43,26,17,0,0,0
2020-10-03 11:15,59,26,33,0,0,0
2020-10-03 11:30,51,17,34,0,0,0
2020-10-03 11:45,60,29,31,0,0,0
2020-10-03 12:00,75,42,33,0,0,0
2020-10-03 12:15,77,41,36,0,0,0
2020-10-03 12:30,67,32,35,0,0,0
2020-10-03 12:45,57,27,30,0,0,0
2020-10-03 13:00,70,28,42,0,0,0
2020-10-03 13:15,60,21,39,0,0,0
2020-10-03 13:30,67,35,32,0,0,0
2020-10-03 13:45,73,47,26,0,0,0
2020-10-03 14:00,92,49,43,0,0,0
2020-10-03 14:15,87,34,53,0,0,0
2020-10-03 14:30,104,58,46,0,0,0
2020-10-03 14:45,104,48,56,0,0,0
2020-10-03 15:00,77,32,45,0,0,0
2020-10-03 15:15,95,49,46,0,0,0
2020-10-03 15:30,56,32,24,0,0,0
2020-10-03 15:45,78,45,33,0,0,0
2020-10-03 16:00,82,38,44,0,0,0
2020-10-03 16:15,71,29,42,0,0,0
2020-10-03 16:30,41,12,29,0,0,0
2020-10-03 16:45,37,16,21,0,0,0
2020-10-03 17:00,42,7,35,0,0,0
2020-10-03 17:15,53,21,32,0,0,0
2020-10-03 17:30,49,21,28,0,0,0
2020-10-03 17:45,67,32,35,0,0,0
2020-10-03 18:00,62,25,37,0,0,0
2020-10-03 18:15,66,31,35,0,0,0
2020-10-03 18:30,43,20,23,0,0,0
2020-10-03 18:45,73,35,38,0,0,0
2020-10-03 19:00,67,36,31,0,0,0
2020-10-03 19:15,52,25,27,0,0,0
2020-10-03 19:30,58,28,30,0,0,0
2020-10-03 19:45,49,24,25,0,0,0
2020-10-03 20:00,58,25,33,0,0,0
2020-10-03 20:15,43,27,16,0,0,0
2020-10-03 20:30,47,19,28,0,0,0
2020-10-03 20:45,44,19,25,0,0,0
2020-10-03 21:00,39,22,17,0,0,0
2020-10-03 21:15,46,20,26,0,0,0
2020-10-03 21:30,27,7,20,0,0,0
2020-10-03 21:45,30,16,14,0,0,0
2020-10-03 22:00,38,15,23,0,0,0
2020-10-03 22:15,41,12,29,0,0,0
2020-10-03 22:30,32,12,20,0,0,0
2020-10-03 22:45,45,16,29,0,0,0
2020-10-03 23:00,38,12,26,0,0,0
2020-10-03 23:15,25,15,10,0,0,0
2020-10-03 23:30,30,6,24,0,0,0
2020-10-03 23:45,34,7,27,0,0,0
2020-10-04 00:00,36,11,25,0,0,0
2020-10-04 00:15,25,10,15,0,0,0
2020-10-04 00:30,28,10,18,0,0,0
2020-10-04 00:45,24,9,15,0,0,0
2020-10-04 01:00,25,6,19,0,0,0
2020-10-04 01:15,17,6,11,0,0,0
2020-10-04 01:30,21,8,13,0,0,0
2020-10-04 01:45,22,8,14,0,0,0
2020-10-04 02:00,13,6,7,0,0,0
2020-10-04 02:15,10,4,6,0,0,0
2020-10-04 02:30,11,5,6,0,0,0
2020-10-04 02:45,16,6,10,0,0,0
2020-10-04 03:00,10,2,8,0,0,0
2020-10-04 03:15,14,4,10,0,0,0
2020-10-04 03:30,4,1,3,0,0,0
2020-10-04 03:45,6,2,4,0,0,0
2020-10-04 04:00,6,2,4,0,0,0
2020-10-04 04:15,10,2,8,0,0,0
2020-10-04 04:30,5,0,5,0,0,0
2020-10-04 04:45,3,1,2,0,0,0
2020-10-04 05:00,0,0,0,0,0,0
2020-10-04 05:15,5,0,5,0,0,0
2020-10-04 05:30,5,0,5,0,0,0
2020-10-04 05:45,10,5,5,0,0,0
2020-10-04 06:00,3,2,1,0,0,0
2020-10-04 06:15,1,0,1,0,0,0
2020-10-04 06:30,5,2,3,0,0,0
2020-10-04 06:45,5,1,4,0,0,0
2020-10-04 07:00,1,1,0,0,0,0
2020-10-04 07:15,5,2,3,0,0,0
2020-10-04 07:30,16,4,12,0,0,0
2020-10-04 07:45,10,7,3,0,0,0
2020-10-04 08:00,8,3,5,0,0,0
2020-10-04 08:15,11,3,8,0,0,0
2020-10-04 08:30,15,11,4,0,0,0
2020-10-04 08:45,11,4,7,0,0,0
2020-10-04 09:00,30,9,21,0,0,0
2020-10-04 09:15,23,8,15,0,0,0
2020-10-04 09:30,27,5,22,0,0,0
2020-10-04 09:45,44,20,24,0,0,0
2020-10-04 10:00,37,21,16,0,0,0
2020-10-04 10:15,33,11,22,0,0,0
2020-10-04 10:30,47,14,33,0,0,0
2020-10-04 10:45,52,22,30,0,0,0
2020-10-04 11:00,41,18,23,0,0,0
2020-10-04 11:15,47,20,27,0,0,0
2020-10-04 11:30,69,25,44,0,0,0
2020-10-04 11:45,49,17,32,0,0,0
2020-10-04 12:00,57,25,32,0,0,0
2020-10-04 12:15,55,22,33,0,0,0
2020-10-04 12:30,75,25,50,0,0,0
2020-10-04 12:45,65,21,44,0,0,0
2020-10-04 13:00,60,23,37,0,0,0
2020-10-04 13:15,43,22,21,0,0,0
2020-10-04 13:30,59,20,39,0,0,0
2020-10-04 13:45,55,25,30,0,0,0
2020-10-04 14:00,57,19,38,0,0,0
2020-10-04 14:15,87,38,49,0,0,0
2020-10-04 14:30,71,22,49,0,0,0
2020-10-04 14:45,72,33,39,0,0,0
2020-10-04 15:00,59,24,35,0,0,0
2020-10-04 15:15,76,33,43,0,0,0
2020-10-04 15:30,91,40,51,0,0,0
2020-10-04 15:45,73,27,46,0,0,0
2020-10-04 16:00,66,35,31,0,0,0
2020-10-04 16:15,52,27,25,0,0,0
2020-10-04 16:30,74,20,54,0,0,0
2020-10-04 16:45,90,38,52,0,0,0
2020-10-04 17:00,86,36,50,0,0,0
2020-10-04 17:15,88,38,50,0,0,0
2020-10-04 17:30,89,34,55,0,0,0
2020-10-04 17:45,63,30,33,0,0,0
2020-10-04 18:00,61,23,38,0,0,0
2020-10-04 18:15,63,22,41,0,0,0
2020-10-04 18:30,72,28,44,0,0,0
2020-10-04 18:45,52,22,30,0,0,0
2020-10-04 19:00,74,33,41,0,0,0
2020-10-04 19:15,62,26,36,0,0,0
2020-10-04 19:30,52,15,37,0,0,0
2020-10-04 19:45,42,15,27,0,0,0
2020-10-04 20:00,74,36,38,0,0,0
2020-10-04 20:15,52,21,31,0,0,0
2020-10-04 20:30,57,24,33,0,0,0
2020-10-04 20:45,34,13,21,0,0,0
2020-10-04 21:00,38,9,29,0,0,0
2020-10-04 21:15,42,13,29,0,0,0
2020-10-04 21:30,42,19,23,0,0,0
2020-10-04 21:45,32,14,18,0,0,0
2020-10-04 22:00,29,12,17,0,0,0
2020-10-04 22:15,24,7,17,0,0,0
2020-10-04 22:30,29,9,20,0,0,0
2020-10-04 22:45,19,4,15,0,0,0
2020-10-04 23:00,16,8,8,0,0,0
2020-10-04 23:15,35,9,26,0,0,0
2020-10-04 23:30,14,3,11,0,0,0
2020-10-04 23:45,12,4,8,0,0,0
2020-10-05 00:00,7,3,4,0,0,0
2020-10-05 00:15,6,3,3,0,0,0
2020-10-05 00:30,9,6,3,0,0,0
2020-10-05 00:45,4,2,2,0,0,0
2020-10-05 01:00,7,4,3,0,0,0
2020-10-05 01:15,2,1,1,0,0,0
2020-10-05 01:30,8,6,2,0,0,0
2020-10-05 01:45,3,1,2,0,0,0
2020-10-05 02:00,5,4,1,0,0,0
2020-10-05 02:15,5,3,2,0,0,0
2020-10-05 02:30,3,2,1,0,0,0
2020-10-05 02:45,2,2,0,0,0,0
2020-10-05 03:00,1,0,1,0,0,0
2020-10-05 03:15,1,1,0,0,0,0
2020-10-05 03:30,0,0,0,0,0,0
2020-10-05 03:45,0,0,0,0,0,0
2020-10-05 04:00,2,0,2,0,0,0
2020-10-05 04:15,2,0,2,0,0,0
2020-10-05 04:30,4,2,2,0,0,0
2020-10-05 04:45,13,3,10,0,0,0
2020-10-05 05:00,4,1,3,0,0,0
2020-10-05 05:15,13,4,9,0,0,0
2020-10-05 05:30,19,4,15,0,0,0
2020-10-05 05:45,15,11,4,0,0,0
2020-10-05 06:00,36,11,25,0,0,0
2020-10-05 06:15,24,13,11,0,0,0
2020-10-05 06:30,44,15,29,0,0,0
2020-10-05 06:45,63,29,34,0,0,0
2020-10-05 07:00,75,44,31,0,0,0
2020-10-05 07:15,106,42,64,0,0,0
2020-10-05 07:30,156,76,80,0,0,0
2020-10-05 07:45,171,83,88,0,0,0
2020-10-05 08:00,125,75,50,0,0,0
2020-10-05 08:15,158,83,75,0,0,0
2020-10-05 08:30,149,82,67,0,0,0
2020-10-05 08:45,137,65,72,0,0,0
2020-10-05 09:00,93,39,54,0,0,0
2020-10-05 09:15,97,41,56,0,0,0
2020-10-05 09:30,79,31,48,0,0,0
2020-10-05 09:45,111,40,71,0,0,0
2020-10-05 10:00,101,48,53,0,0,0
2020-10-05 10:15,104,40,64,0,0,0
2020-10-05 10:30,83,36,47,0,0,0
2020-10-05 10:45,86,38,48,0,0,0
2020-10-05 11:00,122,53,69,0,0,0
2020-10-05 11:15,97,43,54,0,0,0
2020-10-05 11:30,128,64,64,0,0,0
2020-10-05 11:45,135,54,81,0,0,0
2020-10-05 12:00,125,54,71,0,0,0
2020-10-05 12:15,104,38,66,0,0,0
2020-10-05 12:30,93,51,42,0,0,0
2020-10-05 12:45,113,55,58,0,0,0
2020-10-05 13:00,129,72,57,0,0,0
2020-10-05 13:15,116,50,66,0,0,0
2020-10-05 13:30,123,61,62,0,0,0
2020-10-05 13:45,115,53,62,0,0,0
2020-10-05 14:00,110,52,58,0,0,0
2020-10-05 14:15,110,54,56,0,0,0
2020-10-05 14:30,116,49,67,0,0,0
2020-10-05 14:45,101,45,56,0,0,0
2020-10-05 15:00,96,41,55,0,0,0
2020-10-05 15:15,144,70,74,0,0,0
2020-10-05 15:30,159,79,80,0,0,0
2020-10-05 15:45,178,84,94,0,0,0
2020-10-05 16:00,136,71,65,0,0,0
2020-10-05 16:15,170,88,82,0,0,0
2020-10-05 16:30,138,75,63,0,0,0
2020-10-05 16:45,154,69,85,0,0,0
2020-10-05 17:00,140,70,70,0,0,0
2020-10-05 17:15,181,92,89,0,0,0
2020-10-05 17:30,164,73,91,0,0,0
2020-10-05 17:45,171,87,84,0,0,0
2020-10-05 18:00,147,73,74,0,0,0
2020-10-05 18:15,138,62,76,0,0,0
2020-10-05 18:30,119,55,64,0,0,0
2020-10-05 18:45,137,72,65,0,0,0
2020-10-05 19:00,94,44,50,0,0,0
2020-10-05 19:15,96,47,49,0,0,0
2020-10-05 19:30,91,43,48,0,0,0
2020-10-05 19:45,112,62,50,0,0,0
2020-10-05 20:00,87,43,44,0,0,0
2020-10-05 20:15,86,44,42,0,0,0
2020-10-05 20:30,65,25,40,0,0,0
2020-10-05 20:45,49,16,33,0,0,0
2020-10-05 21:00,52,17,35,0,0,0
2020-10-05 21:15,51,22,29,0,0,0
2020-10-05 21:30,48,19,29,0,0,0
2020-10-05 21:45,31,11,20,0,0,0
2020-10-05 22:00,62,14,48,0,0,0
2020-10-05 22:15,55,22,33,0,0,0
2020-10-05 22:30,53,13,40,0,0,0
2020-10-05 22:45,42,14,28,0,0,0
2020-10-05 23:00,27,3,24,0,0,0
2020-10-05 23:15,25,8,17,0,0,0
2020-10-05 23:30,16,4,12,0,0,0
2020-10-05 23:45,16,10,6,0,0,0
2020-10-06 00:00,10,4,6,0,0,0
2020-10-06 00:15,11,5,6,0,0,0
2020-10-06 00:30,18,7,11,0,0,0
2020-10-06 00:45,1,1,0,0,0,0
2020-10-06 01:00,6,3,3,0,0,0
2020-10-06 01:15,2,2,0,0,0,0
2020-10-06 01:30,4,3,1,0,0,0
2020-10-06 01:45,1,1,0,0,0,0
2020-10-06 02:00,4,0,4,0,0,0
2020-10-06 02:15,3,1,2,0,0,0
2020-10-06 02:30,2,1,1,0,0,0
2020-10-06 02:45,4,4,0,0,0,0
2020-10-06 03:00,3,1,2,0,0,0
2020-10-06 03:15,0,0,0,0,0,0
2020-10-06 03:30,1,0,1,0,0,0
2020-10-06 03:45,0,0,0,0,0,0
2020-10-06 04:00,4,2,2,0,0,0
2020-10-06 04:15,5,4,1,0,0,0
2020-10-06 04:30,0,0,0,0,0,0
2020-10-06 04:45,5,3,2,0,0,0
2020-10-06 05:00,0,0,0,0,0,0
2020-10-06 05:15,16,4,12,0,0,0
2020-10-06 05:30,20,7,13,0,0,0
2020-10-06 05:45,26,15,11,0,0,0
2020-10-06 06:00,23,9,14,0,0,0
2020-10-06 06:15,32,8,24,0,0,0
2020-10-06 06:30,43,16,27,0,0,0
2020-10-06 06:45,78,37,41,0,0,0
2020-10-06 07:00,69,34,35,0,0,0
2020-10-06 07:15,106,45,61,0,0,0
2020-10-06 07:30,143,62,81,0,0,0
2020-10-06 07:45,131,70,61,0,0,0
2020-10-06 08:00,124,58,66,0,0,0
2020-10-06 08:15,136,67,69,0,0,0
2020-10-06 08:30,130,51,79,0,0,0
2020-10-06 08:45,135,59,76,0,0,0
2020-10-06 09:00,109,45,64,0,0,0
2020-10-06 09:15,84,30,54,0,0,0
2020-10-06 09:30,82,32,50,0,0,0
2020-10-06 09:45,112,46,66,0,0,0
2020-10-06 10:00,72,32,40,0,0,0
2020-10-06 10:15,76,35,41,0,0,0
2020-10-06 10:30,91,38,53,0,0,0
2020-10-06 10:45,96,44,52,0,0,0
2020-10-06 11:00,89,34,55,0,0,0
2020-10-06 11:15,101,33,68,0,0,0
2020-10-06 11:30,100,36,64,0,0,0
2020-10-06 11:45,94,35,59,0,0,0
2020-10-06 12:00,126,61,65,0,0,0
2020-10-06 12:15,132,53,79,0,0,0
2020-10-06 12:30,125,62,63,0,0,0
2020-10-06 12:45,103,51,52,0,0,0
2020-10-06 13:00,128,56,72,0,0,0
2020-10-06 13:15,145,76,69,0,0,0
2020-10-06 13:30,108,51,57,0,0,0
2020-10-06 13:45,121,65,56,0,0,0
2020-10-06 14:00,114,53,61,0,0,0
2020-10-06 14:15,123,59,64,0,0,0
2020-10-06 14:30,112,54,58,0,0,0
2020-10-06 14:45,133,69,64,0,0,0
2020-10-06 15:00,129,59,70,0,0,0
2020-10-06 15:15,131,70,61,0,0,0
2020-10-06 15:30,150,70,80,0,0,0
2020-10-06 15:45,134,55,79,0,0,0
2020-10-06 16:00,165,81,84,0,0,0
2020-10-06 16:15,141,70,71,0,0,0
2020-10-06 16:30,158,73,85,0,0,0
2020-10-06 16:45,155,73,82,0,0,0
2020-10-06 17:00,160,77,83,0,0,0
2020-10-06 17:15,179,77,102,0,0,0
2020-10-06 17:30,155,67,88,0,0,0
2020-10-06 17:45,154,71,83,0,0,0
2020-10-06 18:00,145,75,70,0,0,0
2020-10-06 18:15,139,60,79,0,0,0
2020-10-06 18:30,130,58,72,0,0,0
2020-10-06 18:45,143,83,60,0,0,0
2020-10-06 19:00,137,64,73,0,0,0
2020-10-06 19:15,84,41,43,0,0,0
2020-10-06 19:30,111,57,54,0,0,0
2020-10-06 19:45,86,44,42,0,0,0
2020-10-06 20:00,94,46,48,0,0,0
2020-10-06 20:15,75,30,45,0,0,0
2020-10-06 20:30,59,22,37,0,0,0
2020-10-06 20:45,65,27,38,0,0,0
2020-10-06 21:00,68,26,42,0,0,0
2020-10-06 21:15,36,15,21,0,0,0
2020-10-06 21:30,60,22,38,0,0,0
2020-10-06 21:45,28,8,20,0,0,0
2020-10-06 22:00,33,11,22,0,0,0
2020-10-06 22:15,32,12,20,0,0,0
2020-10-06 22:30,33,13,20,0,0,0
2020-10-06 22:45,28,9,19,0,0,0
2020-10-06 23:00,33,11,22,0,0,0
2020-10-06 23:15,21,11,10,0,0,0
2020-10-06 23:30,13,6,7,0,0,0
2020-10-06 23:45,7,2,5,0,0,0
2020-10-07 00:00,13,5,8,0,0,0
2020-10-07 00:15,13,1,12,0,0,0
2020-10-07 00:30,6,3,3,0,0,0
2020-10-07 00:45,11,6,5,0,0,0
2020-10-07 01:00,3,3,0,0,0,0
2020-10-07 01:15,6,2,4,0,0,0
2020-10-07 01:30,4,2,2,0,0,0
2020-10-07 01:45,1,1,0,0,0,0
2020-10-07 02:00,1,0,1,0,0,0
2020-10-07 02:15,0,0,0,0,0,0
2020-10-07 02:30,4,2,2,0,0,0
2020-10-07 02:45,4,3,1,0,0,0
2020-10-07 03:00,3,2,1,0,0,0
2020-10-07 03:15,3,0,3,0,0,0
2020-10-07 03:30,0,0,0,0,0,0
2020-10-07 03:45,3,0,3,0,0,0
2020-10-07 04:00,5,1,4,0,0,0
2020-10-07 04:15,2,1,1,0,0,0
2020-10-07 04:30,4,1,3,0,0,0
2020-10-07 04:45,10,3,7,0,0,0
2020-10-07 05:00,4,1,3,0,0,0
2020-10-07 05:15,12,4,8,0,0,0
2020-10-07 05:30,17,6,11,0,0,0
2020-10-07 05:45,26,10,16,0,0,0
2020-10-07 06:00,28,7,21,0,0,0
2020-10-07 06:15,20,12,8,0,0,0
2020-10-07 06:30,48,12,36,0,0,0
2020-10-07 06:45,63,30,33,0,0,0
2020-10-07 07:00,73,38,35,0,0,0
2020-10-07 07:15,90,42,48,0,0,0
2020-10-07 07:30,145,64,81,0,0,0
2020-10-07 07:45,146,85,61,0,0,0
2020-10-07 08:00,131,63,68,0,0,0
2020-10-07 08:15,164,85,79,0,0,0
2020-10-07 08:30,132,76,56,0,0,0
2020-10-07 08:45,150,63,87,0,0,0
2020-10-07 09:00,115,39,76,0,0,0
2020-10-07 09:15,93,26,67,0,0,0
2020-10-07 09:30,85,26,59,0,0,0
2020-10-07 09:45,100,37,63,0,0,0
2020-10-07 10:00,69,22,47,0,0,0
2020-10-07 10:15,89,35,54,0,0,0
2020-10-07 10:30,90,40,50,0,0,0
2020-10-07 10:45,100,37,63,0,0,0
2020-10-07 11:00,85,37,48,0,0,0
2020-10-07 11:15,116,50,66,0,0,0
2020-10-07 11:30,109,51,58,0,0,0
2020-10-07 11:45,103,45,58,0,0,0
2020-10-07 12:00,114,50,64,0,0,0
2020-10-07 12:15,139,42,97,0,0,0
2020-10-07 12:30,133,59,74,0,0,0
2020-10-07 12:45,129,63,66,0,0,0
2020-10-07 13:00,120,56,64,0,0,0
2020-10-07 13:15,92,48,44,0,0,0
2020-10-07 13:30,114,56,58,0,0,0
2020-10-07 13:45,105,45,60,0,0,0
2020-10-07 14:00,120,61,59,0,0,0
2020-10-07 14:15,95,47,48,0,0,0
2020-10-07 14:30,89,48,41,0,0,0
2020-10-07 14:45,109,49,60,0,0,0
2020-10-07 15:00,93,34,59,0,0,0
2020-10-07 15:15,95,44,51,0,0,0
2020-10-07 15:30,102,50,52,0,0,0
2020-10-07 15:45,110,55,55,0,0,0
2020-10-07 16:00,132,66,66,0,0,0
2020-10-07 16:15,130,55,75,0,0,0
2020-10-07 16:30,161,80,81,0,0,0
2020-10-07 16:45,174,76,98,0,0,0
2020-10-07 17:00,166,77,89,0,0,0
2020-10-07 17:15,141,70,71,0,0,0
2020-10-07 17:30,149,69,80,0,0,0
2020-10-07 17:45,158,67,91,0,0,0
2020-10-07 18:00,140,72,68,0,0,0
2020-10-07 18:15,120,62,58,0,0,0
2020-10-07 18:30,117,48,69,0,0,0
2020-10-07 18:45,157,86,71,0,0,0
2020-10-07 19:00,100,50,50,0,0,0
2020-10-07 19:15,116,65,51,0,0,0
2020-10-07 19:30,114,57,57,0,0,0
2020-10-07 19:45,123,65,58,0,0,0
2020-10-07 20:00,99,43,56,0,0,0
2020-10-07 20:15,76,32,44,0,0,0
2020-10-07 20:30,85,39,46,0,0,0
2020-10-07 20:45,62,29,33,0,0,0
2020-10-07 21:00,42,23,19,0,0,0
2020-10-07 21:15,49,16,33,0,0,0
2020-10-07 21:30,53,23,30,0,0,0
2020-10-07 21:45,49,26,23,0,0,0
2020-10-07 22:00,43,15,28,0,0,0
2020-10-07 22:15,41,18,23,0,0,0
2020-10-07 22:30,40,12,28,0,0,0
2020-10-07 22:45,57,16,41,0,0,0
2020-10-07 23:00,43,11,32,0,0,0
2020-10-07 23:15,32,6,26,0,0,0
2020-10-07 23:30,25,10,15,0,0,0
2020-10-07 23:45,17,7,10,0,0,0
2020-10-08 00:00,20,4,16,0,0,0
2020-10-08 00:15,14,5,9,0,0,0
2020-10-08 00:30,18,11,7,0,0,0
2020-10-08 00:45,11,4,7,0,0,0
2020-10-08 01:00,13,4,9,0,0,0
2020-10-08 01:15,3,1,2,0,0,0
2020-10-08 01:30,8,3,5,0,0,0
2020-10-08 01:45,6,0,6,0,0,0
2020-10-08 02:00,2,0,2,0,0,0
2020-10-08 02:15,1,0,1,0,0,0
2020-10-08 02:30,5,1,4,0,0,0
2020-10-08 02:45,2,2,0,0,0,0
2020-10-08 03:00,4,0,4,0,0,0
2020-10-08 03:15,1,0,1,0,0,0
2020-10-08 03:30,2,0,2,0,0,0
2020-10-08 03:45,1,0,1,0,0,0
2020-10-08 04:00,2,0,2,0,0,0
2020-10-08 04:15,2,1,1,0,0,0
2020-10-08 04:30,3,1,2,0,0,0
2020-10-08 04:45,7,4,3,0,0,0
2020-10-08 05:00,2,0,2,0,0,0
2020-10-08 05:15,7,4,3,0,0,0
2020-10-08 05:30,20,6,14,0,0,0
2020-10-08 05:45,20,14,6,0,0,0
2020-10-08 06:00,24,7,17,0,0,0
2020-10-08 06:15,29,14,15,0,0,0
2020-10-08 06:30,54,30,24,0,0,0
2020-10-08 06:45,60,31,29,0,0,0
2020-10-08 07:00,80,43,37,0,0,0
2020-10-08 07:15,100,35,65,0,0,0
2020-10-08 07:30,141,58,83,0,0,0
2020-10-08 07:45,138,81,57,0,0,0
2020-10-08 08:00,132,78,54,0,0,0
2020-10-08 08:15,141,67,74,0,0,0
2020-10-08 08:30,117,57,60,0,0,0
2020-10-08 08:45,130,56,74,0,0,0
2020-10-08 09:00,111,32,79,0,0,0
2020-10-08 09:15,60,15,45,0,0,0
2020-10-08 09:30,90,37,53,0,0,0
2020-10-08 09:45,89,32,57,0,0,0
2020-10-08 10:00,72,26,46,0,0,0
2020-10-08 10:15,83,26,57,0,0,0
2020-10-08 10:30,65,19,46,0,0,0
2020-10-08 10:45,81,31,50,0,0,0
2020-10-08 11:00,81,27,54,0,0,0
2020-10-08 11:15,90,43,47,0,0,0
2020-10-08 11:30,105,41,64,0,0,0
2020-10-08 11:45,97,35,62,0,0,0
2020-10-08 12:00,109,44,65,0,0,0
2020-10-08 12:15,126,46,80,0,0,0
2020-10-08 12:30,93,42,51,0,0,0
2020-10-08 12:45,123,53,70,0,0,0
2020-10-08 13:00,116,48,68,0,0,0
2020-10-08 13:15,104,50,54,0,0,0
2020-10-08 13:30,103,44,59,0,0,0
2020-10-08 13:45,112,56,56,0,0,0
2020-10-08 14:00,114,59,55,0,0,0
2020-10-08 14:15,107,38,69,0,0,0
2020-10-08 14:30,108,51,57,0,0,0
2020-10-08 14:45,114,60,54,0,0,0
2020-10-08 15:00,107,46,61,0,0,0
2020-10-08 15:15,102,43,59,0,0,0
2020-10-08 15:30,109,52,57,0,0,0
2020-10-08 15:45,115,48,67,0,0,0
2020-10-08 16:00,133,68,65,0,0,0
2020-10-08 16:15,121,50,71,0,0,0
2020-10-08 16:30,137,55,82,0,0,0
2020-10-08 16:45,168,74,94,0,0,0
2020-10-08 17:00,146,60,86,0,0,0
2020-10-08 17:15,132,50,82,0,0,0
2020-10-08 17:30,140,62,78,0,0,0
2020-10-08 17:45,137,58,79,0,0,0
2020-10-08 18:00,128,47,81,0,0,0
2020-10-08 18:15,123,64,59,0,0,0
2020-10-08 18:30,98,43,55,0,0,0
2020-10-08 18:45,108,56,52,0,0,0
2020-10-08 19:00,123,47,76,0,0,0
2020-10-08 19:15,117,63,54,0,0,0
2020-10-08 19:30,86,43,43,0,0,0
2020-10-08 19:45,84,31,53,0,0,0
2020-10-08 20:00,72,33,39,0,0,0
2020-10-08 20:15,55,18,37,0,0,0
2020-10-08 20:30,55,16,39,0,0,0
2020-10-08 20:45,48,19,29,0,0,0
2020-10-08 21:00,39,13,26,0,0,0
2020-10-08 21:15,58,21,37,0,0,0
2020-10-08 21:30,52,15,37,0,0,0
2020-10-08 21:45,48,16,32,0,0,0
2020-10-08 22:00,45,22,23,0,0,0
2020-10-08 22:15,39,11,28,0,0,0
2020-10-08 22:30,49,18,31,0,0,0
2020-10-08 22:45,40,17,23,0,0,0
2020-10-08 23:00,30,10,20,0,0,0
2020-10-08 23:15,24,8,16,0,0,0
2020-10-08 23:30,14,3,11,0,0,0
2020-10-08 23:45,15,4,11,0,0,0
2020-10-09 00:00,18,8,10,0,0,0
2020-10-09 00:15,11,2,9,0,0,0
2020-10-09 00:30,7,3,4,0,0,0
2020-10-09 00:45,6,6,0,0,0,0
2020-10-09 01:00,11,6,5,0,0,0
2020-10-09 01:15,6,2,4,0,0,0
2020-10-09 01:30,9,3,6,0,0,0
2020-10-09 01:45,1,1,0,0,0,0
2020-10-09 02:00,3,1,2,0,0,0
2020-10-09 02:15,3,3,0,0,0,0
2020-10-09 02:30,2,1,1,0,0,0
2020-10-09 02:45,4,2,2,0,0,0
2020-10-09 03:00,3,1,2,0,0,0
2020-10-09 03:15,0,0,0,0,0,0
2020-10-09 03:30,1,1,0,0,0,0
2020-10-09 03:45,2,2,0,0,0,0
2020-10-09 04:00,0,0,0,0,0,0
2020-10-09 04:15,4,1,3,0,0,0
2020-10-09 04:30,3,2,1,0,0,0
2020-10-09 04:45,5,1,4,0,0,0
2020-10-09 05:00,2,1,1,0,0,0
2020-10-09 05:15,16,2,14,0,0,0
2020-10-09 05:30,22,9,13,0,0,0
2020-10-09 05:45,19,8,11,0,0,0
2020-10-09 06:00,31,13,18,0,0,0
2020-10-09 06:15,24,8,16,0,0,0
2020-10-09 06:30,54,17,37,0,0,0
2020-10-09 06:45,70,45,25,0,0,0
2020-10-09 07:00,76,33,43,0,0,0
2020-10-09 07:15,101,30,71,0,0,0
2020-10-09 07:30,138,53,85,0,0,0
2020-10-09 07:45,135,75,60,0,0,0
2020-10-09 08:00,151,71,80,0,0,0
2020-10-09 08:15,111,54,57,0,0,0
2020-10-09 08:30,123,51,72,0,0,0
2020-10-09 08:45,151,89,62,0,0,0
2020-10-09 09:00,112,53,59,0,0,0
2020-10-09 09:15,111,51,60,0,0,0
2020-10-09 09:30,92,33,59,0,0,0
2020-10-09 09:45,88,31,57,0,0,0
2020-10-09 10:00,92,43,49,0,0,0
2020-10-09 10:15,90,35,55,0,0,0
2020-10-09 10:30,120,45,75,0,0,0
2020-10-09 10:45,94,40,54,0,0,0
2020-10-09 11:00,104,50,54,0,0,0
2020-10-09 11:15,89,33,56,0,0,0
2020-10-09 11:30,103,42,61,0,0,0
2020-10-09 11:45,135,64,71,0,0,0
2020-10-09 12:00,98,44,54,0,0,0
2020-10-09 12:15,124,55,69,0,0,0
2020-10-09 12:30,119,54,65,0,0,0
2020-10-09 12:45,109,33,76,0,0,0
2020-10-09 13:00,160,67,93,0,0,0
2020-10-09 13:15,123,50,73,0,0,0
2020-10-09 13:30,120,54,66,0,0,0
2020-10-09 13:45,130,66,64,0,0,0
2020-10-09 14:00,139,63,76,0,0,0
2020-10-09 14:15,130,58,72,0,0,0
2020-10-09 14:30,132,70,62,0,0,0
2020-10-09 14:45,134,63,71,0,0,0
2020-10-09 15:00,130,71,59,0,0,0
2020-10-09 15:15,130,64,66,0,0,0
2020-10-09 15:30,132,58,74,0,0,0
2020-10-09 15:45,129,52,77,0,0,0
2020-10-09 16:00,160,85,75,0,0,0
2020-10-09 16:15,137,72,65,0,0,0
2020-10-09 16:30,147,65,82,0,0,0
2020-10-09 16:45,150,61,89,0,0,0
2020-10-09 17:00,119,58,61,0,0,0
2020-10-09 17:15,128,58,70,0,0,0
2020-10-09 17:30,120,59,61,0,0,0
2020-10-09 17:45,147,81,66,0,0,0
2020-10-09 18:00,123,54,69,0,0,0
2020-10-09 18:15,121,63,58,0,0,0
2020-10-09 18:30,127,59,68,0,0,0
2020-10-09 18:45,118,57,61,0,0,0
2020-10-09 19:00,106,56,50,0,0,0
2020-10-09 19:15,113,44,69,0,0,0
2020-10-09 19:30,97,38,59,0,0,0
2020-10-09 19:45,121,55,66,0,0,0
2020-10-09 20:00,102,53,49,0,0,0
2020-10-09 20:15,71,37,34,0,0,0
2020-10-09 20:30,72,36,36,0,0,0
2020-10-09 20:45,64,22,42,0,0,0
2020-10-09 21:00,71,27,44,0,0,0
2020-10-09 21:15,49,18,31,0,0,0
2020-10-09 21:30,72,22,50,0,0,0
2020-10-09 21:45,57,21,36,0,0,0
2020-10-09 22:00,54,18,36,0,0,0
2020-10-09 22:15,45,19,26,0,0,0
2020-10-09 22:30,34,7,27,0,0,0
2020-10-09 22:45,46,25,21,0,0,0
2020-10-09 23:00,48,23,25,0,0,0
2020-10-09 23:15,37,17,20,0,0,0
2020-10-09 23:30,37,14,23,0,0,0
2020-10-09 23:45,39,7,32,0,0,0
2020-10-10 00:00,36,19,17,0,0,0
2020-10-10 00:15,38,13,25,0,0,0
2020-10-10 00:30,25,7,18,0,0,0
2020-10-10 00:45,38,17,21,0,0,0
2020-10-10 01:00,32,15,17,0,0,0
2020-10-10 01:15,22,6,16,0,0,0
2020-10-10 01:30,20,5,15,0,0,0
2020-10-10 01:45,19,6,13,0,0,0
2020-10-10 02:00,20,6,14,0,0,0
2020-10-10 02:15,20,7,13,0,0,0
2020-10-10 02:30,15,3,12,0,0,0
2020-10-10 02:45,23,7,16,0,0,0
2020-10-10 03:00,6,6,0,0,0,0
2020-10-10 03:15,10,1,9,0,0,0
2020-10-10 03:30,14,8,6,0,0,0
2020-10-10 03:45,11,6,5,0,0,0
2020-10-10 04:00,7,5,2,0,0,0
2020-10-10 04:15,4,0,4,0,0,0
2020-10-10 04:30,5,1,4,0,0,0
2020-10-10 04:45,8,5,3,0,0,0
2020-10-10 05:00,7,5,2,0,0,0
2020-10-10 05:15,15,5,10,0,0,0
2020-10-10 05:30,9,3,6,0,0,0
2020-10-10 05:45,14,2,12,0,0,0
2020-10-10 06:00,6,4,2,0,0,0
2020-10-10 06:15,6,2,4,0,0,0
2020-10-10 06:30,10,5,5,0,0,0
2020-10-10 06:45,10,4,6,0,0,0
2020-10-10 07:00,7,2,5,0,0,0
2020-10-10 07:15,18,11,7,0,0,0
2020-10-10 07:30,19,11,8,0,0,0
2020-10-10 07:45,29,15,14,0,0,0
2020-10-10 08:00,15,7,8,0,0,0
2020-10-10 08:15,21,11,10,0,0,0
2020-10-10 08:30,33,18,15,0,0,0
2020-10-10 08:45,40,13,27,0,0,0
2020-10-10 09:00,36,22,14,0,0,0
2020-10-10 09:15,39,13,26,0,0,0
2020-10-10 09:30,48,15,33,0,0,0
2020-10-10 09:45,71,29,42,0,0,0
2020-10-10 10:00,78,43,35,0,0,0
2020-10-10 10:15,72,28,44,0,0,0
2020-10-10 10:30,92,39,53,0,0,0
2020-10-10 10:45,97,36,61,0,0,0
2020-10-10 11:00,96,49,47,0,0,0
2020-10-10 11:15,90,40,50,0,0,0
2020-10-10 11:30,94,42,52,0,0,0
2020-10-10 11:45,109,46,63,0,0,0
2020-10-10 12:00,119,46,73,0,0,0
2020-10-10 12:15,102,38,64,0,0,0
2020-10-10 12:30,106,38,68,0,0,0
2020-10-10 12:45,129,61,68,0,0,0
2020-10-10 13:00,107,34,73,0,0,0
2020-10-10 13:15,100,41,59,0,0,0
2020-10-10 13:30,131,65,66,0,0,0
2020-10-10 13:45,138,60,78,0,0,0
2020-10-10 14:00,115,56,59,0,0,0
2020-10-10 14:15,98,50,48,0,0,0
2020-10-10 14:30,92,49,43,0,0,0
2020-10-10 14:45,113,53,60,0,0,0
2020-10-10 15:00,110,51,59,0,0,0
2020-10-10 15:15,96,43,53,0,0,0
2020-10-10 15:30,103,44,59,0,0,0
2020-10-10 15:45,123,56,67,0,0,0
2020-10-10 16:00,88,50,38,0,0,0
2020-10-10 16:15,71,37,34,0,0,0
2020-10-10 16:30,91,37,54,0,0,0
2020-10-10 16:45,86,37,49,0,0,0
2020-10-10 17:00,79,34,45,0,0,0
2020-10-10 17:15,93,41,52,0,0,0
2020-10-10 17:30,91,35,56,0,0,0
2020-10-10 17:45,103,48,55,0,0,0
2020-10-10 18:00,78,37,41,0,0,0
2020-10-10 18:15,104,51,53,0,0,0
2020-10-10 18:30,81,44,37,0,0,0
2020-10-10 18:45,82,43,39,0,0,0
2020-10-10 19:00,108,52,56,0,0,0
2020-10-10 19:15,71,24,47,0,0,0
2020-10-10 19:30,68,32,36,0,0,0
2020-10-10 19:45,84,45,39,0,0,0
2020-10-10 20:00,65,19,46,0,0,0
2020-10-10 20:15,63,29,34,0,0,0
2020-10-10 20:30,59,26,33,0,0,0
2020-10-10 20:45,49,16,33,0,0,0
2020-10-10 21:00,30,10,20,0,0,0
2020-10-10 21:15,35,14,21,0,0,0
2020-10-10 21:30,37,16,21,0,0,0
2020-10-10 21:45,31,13,18,0,0,0
2020-10-10 22:00,34,13,21,0,0,0
2020-10-10 22:15,38,13,25,0,0,0
2020-10-10 22:30,34,12,22,0,0,0
2020-10-10 22:45,33,10,23,0,0,0
2020-10-10 23:00,46,19,27,0,0,0
2020-10-10 23:15,25,10,15,0,0,0
2020-10-10 23:30,32,14,18,0,0,0
2020-10-10 23:45,27,12,15,0,0,0
2020-10-11 00:00,20,10,10,0,0,0
2020-10-11 00:15,15,3,12,0,0,0
2020-10-11 00:30,34,12,22,0,0,0
2020-10-11 00:45,24,5,19,0,0,0
2020-10-11 01:00,31,13,18,0,0,0
2020-10-11 01:15,25,13,12,0,0,0
2020-10-11 01:30,11,6,5,0,0,0
2020-10-11 01:45,16,11,5,0,0,0
2020-10-11 02:00,9,2,7,0,0,0
2020-10-11 02:15,15,6,9,0,0,0
2020-10-11 02:30,14,3,11,0,0,0
2020-10-11 02:45,12,5,7,0,0,0
2020-10-11 03:00,8,2,6,0,0,0
2020-10-11 03:15,12,4,8,0,0,0
2020-10-11 03:30,9,2,7,0,0,0
2020-10-11 03:45,9,5,4,0,0,0
2020-10-11 04:00,2,2,0,0,0,0
2020-10-11 04:15,3,2,1,0,0,0
2020-10-11 04:30,1,0,1,0,0,0
2020-10-11 04:45,4,2,2,0,0,0
2020-10-11 05:00,2,2,0,0,0,0
2020-10-11 05:15,2,0,2,0,0,0
2020-10-11 05:30,7,2,5,0,0,0
2020-10-11 05:45,4,2,2,0,0,0
2020-10-11 06:00,1,0,1,0,0,0
2020-10-11 06:15,4,3,1,0,0,0
2020-10-11 06:30,6,3,3,0,0,0
2020-10-11 06:45,2,1,1,0,0,0
2020-10-11 07:00,7,3,4,0,0,0
2020-10-11 07:15,8,4,4,0,0,0
2020-10-11 07:30,13,1,12,0,0,0
2020-10-11 07:45,5,1,4,0,0,0
2020-10-11 08:00,7,2,5,0,0,0
2020-10-11 08:15,7,2,5,0,0,0
2020-10-11 08:30,9,4,5,0,0,0
2020-10-11 08:45,20,6,14,0,0,0
2020-10-11 09:00,21,6,15,0,0,0
2020-10-11 09:15,20,5,15,0,0,0
2020-10-11 09:30,27,13,14,0,0,0
2020-10-11 09:45,33,16,17,0,0,0
2020-10-11 10:00,39,15,24,0,0,0
2020-10-11 10:15,32,14,18,0,0,0
2020-10-11 10:30,25,9,16,0,0,0
2020-10-11 10:45,41,19,22,0,0,0
2020-10-11 11:00,42,21,21,0,0,0
2020-10-11 11:15,37,19,18,0,0,0
2020-10-11 11:30,40,22,18,0,0,0
2020-10-11 11:45,58,32,26,0,0,0
2020-10-11 12:00,44,16,28,0,0,0
2020-10-11 12:15,53,26,27,0,0,0
2020-10-11 12:30,54,21,33,0,0,0
2020-10-11 12:45,51,28,23,0,0,0
2020-10-11 13:00,74,29,45,0,0,0
2020-10-11 13:15,62,26,36,0,0,0
2020-10-11 13:30,60,27,33,0,0,0
2020-10-11 13:45,66,26,40,0,0,0
2020-10-11 14:00,71,34,37,0,0,0
2020-10-11 14:15,70,39,31,0,0,0
2020-10-11 14:30,83,35,48,0,0,0
2020-10-11 14:45,91,37,54,0,0,0
2020-10-11 15:00,78,46,32,0,0,0
2020-10-11 15:15,81,24,57,0,0,0
2020-10-11 15:30,60,19,41,0,0,0
2020-10-11 15:45,63,27,36,0,0,0
2020-10-11 16:00,58,29,29,0,0,0
2020-10-11 16:15,77,35,42,0,0,0
2020-10-11 16:30,81,24,57,0,0,0
2020-10-11 16:45,77,28,49,0,0,0
2020-10-11 17:00,63,28,35,0,0,0
2020-10-11 17:15,63,27,36,0,0,0
2020-10-11 17:30,61,27,34,0,0,0
2020-10-11 17:45,74,23,51,0,0,0
2020-10-11 18:00,73,30,43,0,0,0
2020-10-11 18:15,55,25,30,0,0,0
2020-10-11 18:30,51,17,34,0,0,0
2020-10-11 18:45,53,27,26,0,0,0
2020-10-11 19:00,85,31,54,0,0,0
2020-10-11 19:15,64,30,34,0,0,0
2020-10-11 19:30,43,22,21,0,0,0
2020-10-11 19:45,55,21,34,0,0,0
2020-10-11 20:00,50,20,30,0,0,0
2020-10-11 20:15,47,11,36,0,0,0
2020-10-11 20:30,31,10,21,0,0,0
2020-10-11 20:45,33,11,22,0,0,0
2020-10-11 21:00,42,21,21,0,0,0
2020-10-11 21:15,31,16,15,0,0,0
2020-10-11 21:30,26,10,16,0,0,0
2020-10-11 21:45,35,13,22,0,0,0
2020-10-11 22:00,26,11,15,0,0,0
2020-10-11 22:15,38,8,30,0,0,0
2020-10-11 22:30,22,7,15,0,0,0
2020-10-11 22:45,22,7,15,0,0,0
2020-10-11 23:00,23,5,18,0,0,0
2020-10-11 23:15,18,1,17,0,0,0
2020-10-11 23:30,14,5,9,0,0,0
2020-10-11 23:45,16,7,9,0,0,0
2020-10-12 00:00,13,6,7,0,0,0
2020-10-12 00:15,6,2,4,0,0,0
2020-10-12 00:30,11,5,6,0,0,0
2020-10-12 00:45,6,4,2,0,0,0
2020-10-12 01:00,3,1,2,0,0,0
2020-10-12 01:15,2,2,0,0,0,0
2020-10-12 01:30,3,0,3,0,0,0
2020-10-12 01:45,2,1,1,0,0,0
2020-10-12 02:00,0,0,0,0,0,0
2020-10-12 02:15,0,0,0,0,0,0
2020-10-12 02:30,1,1,0,0,0,0
2020-10-12 02:45,4,1,3,0,0,0
2020-10-12 03:00,3,0,3,0,0,0
2020-10-12 03:15,5,3,2,0,0,0
2020-10-12 03:30,2,1,1,0,0,0
2020-10-12 03:45,0,0,0,0,0,0
2020-10-12 04:00,0,0,0,0,0,0
2020-10-12 04:15,1,1,0,0,0,0
2020-10-12 04:30,9,0,9,0,0,0
2020-10-12 04:45,4,3,1,0,0,0
2020-10-12 05:00,0,0,0,0,0,0
2020-10-12 05:15,7,6,1,0,0,0
2020-10-12 05:30,23,3,20,0,0,0
2020-10-12 05:45,22,11,11,0,0,0
2020-10-12 06:00,20,8,12,0,0,0
2020-10-12 06:15,33,11,22,0,0,0
2020-10-12 06:30,43,18,25,0,0,0
2020-10-12 06:45,68,34,34,0,0,0
2020-10-12 07:00,58,22,36,0,0,0
2020-10-12 07:15,96,51,45,0,0,0
2020-10-12 07:30,105,42,63,0,0,0
2020-10-12 07:45,128,73,55,0,0,0
2020-10-12 08:00,101,50,51,0,0,0
2020-10-12 08:15,130,68,62,0,0,0
2020-10-12 08:30,111,52,59,0,0,0
2020-10-12 08:45,109,59,50,0,0,0
2020-10-12 09:00,105,61,44,0,0,0
2020-10-12 09:15,77,25,52,0,0,0
2020-10-12 09:30,88,29,59,0,0,0
2020-10-12 09:45,102,43,59,0,0,0
2020-10-12 10:00,84,32,52,0,0,0
2020-10-12 10:15,80,30,50,0,0,0
2020-10-12 10:30,80,29,51,0,0,0
2020-10-12 10:45,77,34,43,0,0,0
2020-10-12 11:00,80,38,42,0,0,0
2020-10-12 11:15,78,38,40,0,0,0
2020-10-12 11:30,84,36,48,0,0,0
2020-10-12 11:45,94,37,57,0,0,0
2020-10-12 12:00,98,46,52,0,0,0
2020-10-12 12:15,118,59,59,0,0,0
2020-10-12 12:30,122,60,62,0,0,0
2020-10-12 12:45,127,63,64,0,0,0
2020-10-12 13:00,100,46,54,0,0,0
2020-10-12 13:15,105,47,58,0,0,0
2020-10-12 13:30,116,51,65,0,0,0
2020-10-12 13:45,117,50,67,0,0,0
2020-10-12 14:00,101,52,49,0,0,0
2020-10-12 14:15,112,52,60,0,0,0
2020-10-12 14:30,92,42,50,0,0,0
2020-10-12 14:45,99,42,57,0,0,0
2020-10-12 15:00,115,59,56,0,0,0
2020-10-12 15:15,104,46,58,0,0,0
2020-10-12 15:30,101,48,53,0,0,0
2020-10-12 15:45,126,58,68,0,0,0
2020-10-12 16:00,133,73,60,0,0,0
2020-10-12 16:15,155,70,85,0,0,0
2020-10-12 16:30,152,79,73,0,0,0
2020-10-12 16:45,165,85,80,0,0,0
2020-10-12 17:00,165,80,85,0,0,0
2020-10-12 17:15,146,65,81,0,0,0
2020-10-12 17:30,146,73,73,0,0,0
2020-10-12 17:45,143,73,70,0,0,0
2020-10-12 18:00,154,71,83,0,0,0
2020-10-12 18:15,148,66,82,0,0,0
2020-10-12 18:30,147,60,87,0,0,0
2020-10-12 18:45,135,68,67,0,0,0
2020-10-12 19:00,102,54,48,0,0,0
2020-10-12 19:15,107,49,58,0,0,0
2020-10-12 19:30,99,57,42,0,0,0
2020-10-12 19:45,98,48,50,0,0,0
2020-10-12 20:00,72,35,37,0,0,0
2020-10-12 20:15,64,37,27,0,0,0
2020-10-12 20:30,57,25,32,0,0,0
2020-10-12 20:45,51,21,30,0,0,0
2020-10-12 21:00,41,13,28,0,0,0
2020-10-12 21:15,46,19,27,0,0,0
2020-10-12 21:30,37,10,27,0,0,0
2020-10-12 21:45,45,21,24,0,0,0
2020-10-12 22:00,50,13,37,0,0,0
2020-10-12 22:15,40,16,24,0,0,0
2020-10-12 22:30,39,19,20,0,0,0
2020-10-12 22:45,24,10,14,0,0,0
2020-10-12 23:00,34,13,21,0,0,0
2020-10-12 23:15,15,9,6,0,0,0
2020-10-12 23:30,8,4,4,0,0,0
2020-10-12 23:45,16,8,8,0,0,0
2020-10-13 00:00,13,3,10,0,0,0
2020-10-13 00:15,10,4,6,0,0,0
2020-10-13 00:30,6,2,4,0,0,0
2020-10-13 00:45,10,5,5,0,0,0
2020-10-13 01:00,5,3,2,0,0,0
2020-10-13 01:15,9,4,5,0,0,0
2020-10-13 01:30,4,3,1,0,0,0
2020-10-13 01:45,6,3,3,0,0,0
2020-10-13 02:00,4,2,2,0,0,0
2020-10-13 02:15,5,3,2,0,0,0
2020-10-13 02:30,3,3,0,0,0,0
2020-10-13 02:45,1,1,0,0,0,0
2020-10-13 03:00,7,2,5,0,0,0
2020-10-13 03:15,1,0,1,0,0,0
2020-10-13 03:30,0,0,0,0,0,0
2020-10-13 03:45,1,0,1,0,0,0
2020-10-13 04:00,4,2,2,0,0,0
2020-10-13 04:15,2,1,1,0,0,0
2020-10-13 04:30,5,0,5,0,0,0
2020-10-13 04:45,4,1,3,0,0,0
2020-10-13 05:00,5,3,2,0,0,0
2020-10-13 05:15,6,5,1,0,0,0
2020-10-13 05:30,21,6,15,0,0,0
2020-10-13 05:45,25,15,10,0,0,0
2020-10-13 06:00,28,11,17,0,0,0
2020-10-13 06:15,30,8,22,0,0,0
2020-10-13 06:30,46,16,30,0,0,0
2020-10-13 06:45,56,37,19,0,0,0
2020-10-13 07:00,67,44,23,0,0,0
2020-10-13 07:15,81,36,45,0,0,0
2020-10-13 07:30,93,53,40,0,0,0
2020-10-13 07:45,106,55,51,0,0,0
2020-10-13 08:00,126,62,64,0,0,0
2020-10-13 08:15,132,77,55,0,0,0
2020-10-13 08:30,111,60,51,0,0,0
2020-10-13 08:45,136,65,71,0,0,0
2020-10-13 09:00,113,49,64,0,0,0
2020-10-13 09:15,99,36,63,0,0,0
2020-10-13 09:30,95,37,58,0,0,0
2020-10-13 09:45,88,41,47,0,0,0
2020-10-13 10:00,84,31,53,0,0,0
2020-10-13 10:15,72,30,42,0,0,0
2020-10-13 10:30,67,31,36,0,0,0
2020-10-13 10:45,93,39,54,0,0,0
2020-10-13 11:00,89,39,50,0,0,0
2020-10-13 11:15,90,30,60,0,0,0
2020-10-13 11:30,103,27,76,0,0,0
2020-10-13 11:45,114,38,76,0,0,0
2020-10-13 12:00,124,60,64,0,0,0
2020-10-13 12:15,125,58,67,0,0,0
2020-10-13 12:30,127,65,62,0,0,0
2020-10-13 12:45,135,77,58,0,0,0
2020-10-13 13:00,107,49,58,0,0,0
2020-10-13 13:15,136,64,72,0,0,0
2020-10-13 13:30,132,74,58,0,0,0
2020-10-13 13:45,114,50,64,0,0,0
2020-10-13 14:00,108,52,56,0,0,0
2020-10-13 14:15,114,55,59,0,0,0
2020-10-13 14:30,115,56,59,0,0,0
2020-10-13 14:45,116,52,64,0,0,0
2020-10-13 15:00,118,60,58,0,0,0
2020-10-13 15:15,112,55,57,0,0,0
2020-10-13 15:30,121,66,55,0,0,0
2020-10-13 15:45,156,64,92,0,0,0
2020-10-13 16:00,149,80,69,0,0,0
2020-10-13 16:15,146,74,72,0,0,0
2020-10-13 16:30,150,63,87,0,0,0
2020-10-13 16:45,166,69,97,0,0,0
2020-10-13 17:00,196,88,108,0,0,0
2020-10-13 17:15,173,72,101,0,0,0
2020-10-13 17:30,185,83,102,0,0,0
2020-10-13 17:45,151,88,63,0,0,0
2020-10-13 18:00,163,70,93,0,0,0
2020-10-13 18:15,164,82,82,0,0,0
2020-10-13 18:30,135,63,72,0,0,0
2020-10-13 18:45,150,85,65,0,0,0
2020-10-13 19:00,108,56,52,0,0,0
2020-10-13 19:15,95,54,41,0,0,0
2020-10-13 19:30,92,41,51,0,0,0
2020-10-13 19:45,99,49,50,0,0,0
2020-10-13 20:00,91,51,40,0,0,0
2020-10-13 20:15,71,26,45,0,0,0
2020-10-13 20:30,54,25,29,0,0,0
2020-10-13 20:45,48,19,29,0,0,0
2020-10-13 21:00,66,31,35,0,0,0
2020-10-13 21:15,63,23,40,0,0,0
2020-10-13 21:30,46,30,16,0,0,0
2020-10-13 21:45,53,25,28,0,0,0
2020-10-13 22:00,75,29,46,0,0,0
2020-10-13 22:15,53,21,32,0,0,0
2020-10-13 22:30,40,15,25,0,0,0
2020-10-13 22:45,42,11,31,0,0,0
2020-10-13 23:00,31,6,25,0,0,0
2020-10-13 23:15,16,4,12,0,0,0
2020-10-13 23:30,29,14,15,0,0,0
2020-10-13 23:45,16,6,10,0,0,0
2020-10-14 00:00,21,5,16,0,0,0
2020-10-14 00:15,13,6,7,0,0,0
2020-10-14 00:30,3,0,3,0,0,0
2020-10-14 00:45,12,4,8,0,0,0
2020-10-14 01:00,10,2,8,0,0,0
2020-10-14 01:15,8,2,6,0,0,0
2020-10-14 01:30,6,1,5,0,0,0
2020-10-14 01:45,3,1,2,0,0,0
2020-10-14 02:00,4,1,3,0,0,0
2020-10-14 02:15,4,2,2,0,0,0
2020-10-14 02:30,3,0,3,0,0,0
2020-10-14 02:45,2,0,2,0,0,0
2020-10-14 03:00,8,3,5,0,0,0
2020-10-14 03:15,0,0,0,0,0,0
2020-10-14 03:30,1,0,1,0,0,0
2020-10-14 03:45,1,1,0,0,0,0
2020-10-14 04:00,3,0,3,0,0,0
2020-10-14 04:15,3,2,1,0,0,0
2020-10-14 04:30,5,1,4,0,0,0
2020-10-14 04:45,5,2,3,0,0,0
2020-10-14 05:00,7,6,1,0,0,0
2020-10-14 05:15,11,3,8,0,0,0
2020-10-14 05:30,25,8,17,0,0,0
2020-10-14 05:45,19,10,9,0,0,0
2020-10-14 06:00,22,9,13,0,0,0
2020-10-14 06:15,37,14,23,0,0,0
2020-10-14 06:30,48,18,30,0,0,0
2020-10-14 06:45,57,36,21,0,0,0
2020-10-14 07:00,66,36,30,0,0,0
2020-10-14 07:15,98,45,53,0,0,0
2020-10-14 07:30,89,49,40,0,0,0
2020-10-14 07:45,133,73,60,0,0,0
2020-10-14 08:00,106,57,49,0,0,0
2020-10-14 08:15,137,77,60,0,0,0
2020-10-14 08:30,113,49,64,0,0,0
2020-10-14 08:45,120,56,64,0,0,0
2020-10-14 09:00,97,36,61,0,0,0
2020-10-14 09:15,87,36,51,0,0,0
2020-10-14 09:30,82,29,53,0,0,0
2020-10-14 09:45,94,44,50,0,0,0
2020-10-14 10:00,79,29,50,0,0,0
2020-10-14 10:15,77,27,50,0,0,0
2020-10-14 10:30,75,30,45,0,0,0
2020-10-14 10:45,98,46,52,0,0,0
2020-10-14 11:00,102,45,57,0,0,0
2020-10-14 11:15,91,30,61,0,0,0
2020-10-14 11:30,100,38,62,0,0,0
2020-10-14 11:45,123,48,75,0,0,0
2020-10-14 12:00,99,28,71,0,0,0
2020-10-14 12:15,115,59,56,0,0,0
2020-10-14 12:30,123,56,67,0,0,0
2020-10-14 12:45,115,52,63,0,0,0
2020-10-14 13:00,117,51,66,0,0,0
2020-10-14 13:15,110,55,55,0,0,0
2020-10-14 13:30,98,48,50,0,0,0
2020-10-14 13:45,109,55,54,0,0,0
2020-10-14 14:00,114,59,55,0,0,0
2020-10-14 14:15,138,70,68,0,0,0
2020-10-14 14:30,111,48,63,0,0,0
2020-10-14 14:45,121,59,62,0,0,0
2020-10-14 15:00,89,45,44,0,0,0
2020-10-14 15:15,127,59,68,0,0,0
2020-10-14 15:30,147,77,70,0,0,0
2020-10-14 15:45,135,58,77,0,0,0
2020-10-14 16:00,121,63,58,0,0,0
2020-10-14 16:15,148,67,81,0,0,0
2020-10-14 16:30,146,67,79,0,0,0
2020-10-14 16:45,149,72,77,0,0,0
2020-10-14 17:00,179,76,103,0,0,0
2020-10-14 17:15,168,72,96,0,0,0
2020-10-14 17:30,162,76,86,0,0,0
2020-10-14 17:45,138,56,82,0,0,0
2020-10-14 18:00,153,78,75,0,0,0
2020-10-14 18:15,132,58,74,0,0,0
2020-10-14 18:30,111,49,62,0,0,0
2020-10-14 18:45,133,64,69,0,0,0
2020-10-14 19:00,117,70,47,0,0,0
2020-10-14 19:15,113,59,54,0,0,0
2020-10-14 19:30,84,46,38,0,0,0
2020-10-14 19:45,98,41,57,0,0,0
2020-10-14 20:00,66,27,39,0,0,0
2020-10-14 20:15,65,29,36,0,0,0
2020-10-14 20:30,70,38,32,0,0,0
2020-10-14 20:45,52,18,34,0,0,0
2020-10-14 21:00,44,26,18,0,0,0
2020-10-14 21:15,45,23,22,0,0,0
2020-10-14 21:30,60,30,30,0,0,0
2020-10-14 21:45,55,26,29,0,0,0
2020-10-14 22:00,41,15,26,0,0,0
2020-10-14 22:15,33,17,16,0,0,0
2020-10-14 22:30,49,18,31,0,0,0
2020-10-14 22:45,39,18,21,0,0,0
2020-10-14 23:00,44,19,25,0,0,0
2020-10-14 23:15,32,14,18,0,0,0
2020-10-14 23:30,23,11,12,0,0,0
2020-10-14 23:45,20,5,15,0,0,0
2020-10-15 00:00,20,11,9,0,0,0
2020-10-15 00:15,18,4,14,0,0,0
2020-10-15 00:30,9,1,8,0,0,0
2020-10-15 00:45,9,4,5,0,0,0
2020-10-15 01:00,7,2,5,0,0,0
2020-10-15 01:15,7,4,3,0,0,0
2020-10-15 01:30,3,0,3,0,0,0
2020-10-15 01:45,8,4,4,0,0,0
2020-10-15 02:00,9,2,7,0,0,0
2020-10-15 02:15,5,2,3,0,0,0
2020-10-15 02:30,3,0,3,0,0,0
2020-10-15 02:45,0,0,0,0,0,0
2020-10-15 03:00,2,1,1,0,0,0
2020-10-15 03:15,1,0,1,0,0,0
2020-10-15 03:30,2,1,1,0,0,0
2020-10-15 03:45,4,4,0,0,0,0
2020-10-15 04:00,4,2,2,0,0,0
2020-10-15 04:15,2,2,0,0,0,0
2020-10-15 04:30,4,0,4,0,0,0
2020-10-15 04:45,11,2,9,0,0,0
2020-10-15 05:00,3,3,0,0,0,0
2020-10-15 05:15,5,5,0,0,0,0
2020-10-15 05:30,23,11,12,0,0,0
2020-10-15 05:45,26,11,15,0,0,0
2020-10-15 06:00,21,6,15,0,0,0
2020-10-15 06:15,36,9,27,0,0,0
2020-10-15 06:30,41,14,27,0,0,0
2020-10-15 06:45,53,31,22,0,0,0
2020-10-15 07:00,62,35,27,0,0,0
2020-10-15 07:15,72,41,31,0,0,0
2020-10-15 07:30,93,39,54,0,0,0
2020-10-15 07:45,125,62,63,0,0,0
2020-10-15 08:00,119,64,55,0,0,0
2020-10-15 08:15,122,64,58,0,0,0
2020-10-15 08:30,107,52,55,0,0,0
2020-10-15 08:45,123,58,65,0,0,0
2020-10-15 09:00,94,40,54,0,0,0
2020-10-15 09:15,84,36,48,0,0,0
2020-10-15 09:30,82,28,54,0,0,0
2020-10-15 09:45,112,55,57,0,0,0
2020-10-15 10:00,107,43,64,0,0,0
2020-10-15 10:15,79,33,46,0,0,0
2020-10-15 10:30,85,35,50,0,0,0
2020-10-15 10:45,97,35,62,0,0,0
2020-10-15 11:00,108,49,59,0,0,0
2020-10-15 11:15,100,43,57,0,0,0
2020-10-15 11:30,90,41,49,0,0,0
2020-10-15 11:45,77,29,48,0,0,0
2020-10-15 12:00,104,49,55,0,0,0
2020-10-15 12:15,122,50,72,0,0,0
2020-10-15 12:30,109,48,61,0,0,0
2020-10-15 12:45,110,62,48,0,0,0
2020-10-15 13:00,130,58,72,0,0,0
2020-10-15 13:15,117,44,73,0,0,0
2020-10-15 13:30,111,50,61,0,0,0
2020-10-15 13:45,112,60,52,0,0,0
2020-10-15 14:00,112,53,59,0,0,0
2020-10-15 14:15,117,57,60,0,0,0
2020-10-15 14:30,96,37,59,0,0,0
2020-10-15 14:45,118,51,67,0,0,0
2020-10-15 15:00,118,64,54,0,0,0
2020-10-15 15:15,115,57,58,0,0,0
2020-10-15 15:30,124,56,68,0,0,0
2020-10-15 15:45,119,65,54,0,0,0
2020-10-15 16:00,132,62,70,0,0,0
2020-10-15 16:15,164,64,100,0,0,0
2020-10-15 16:30,147,73,74,0,0,0
2020-10-15 16:45,131,63,68,0,0,0
2020-10-15 17:00,131,66,65,0,0,0
2020-10-15 17:15,157,64,93,0,0,0
2020-10-15 17:30,158,74,84,0,0,0
2020-10-15 17:45,158,72,86,0,0,0
2020-10-15 18:00,135,62,73,0,0,0
2020-10-15 18:15,178,89,89,0,0,0
2020-10-15 18:30,111,52,59,0,0,0
2020-10-15 18:45,165,81,84,0,0,0
2020-10-15 19:00,102,49,53,0,0,0
2020-10-15 19:15,106,59,47,0,0,0
2020-10-15 19:30,88,44,44,0,0,0
2020-10-15 19:45,95,46,49,0,0,0
2020-10-15 20:00,67,37,30,0,0,0
2020-10-15 20:15,60,21,39,0,0,0
2020-10-15 20:30,55,31,24,0,0,0
2020-10-15 20:45,45,24,21,0,0,0
2020-10-15 21:00,46,25,21,0,0,0
2020-10-15 21:15,41,18,23,0,0,0
2020-10-15 21:30,44,19,25,0,0,0
2020-10-15 21:45,50,26,24,0,0,0
2020-10-15 22:00,37,13,24,0,0,0
2020-10-15 22:15,44,18,26,0,0,0
2020-10-15 22:30,28,8,20,0,0,0
2020-10-15 22:45,38,11,27,0,0,0
2020-10-15 23:00,29,8,21,0,0,0
2020-10-15 23:15,27,13,14,0,0,0
2020-10-15 23:30,27,11,16,0,0,0
2020-10-15 23:45,14,5,9,0,0,0
2020-10-16 00:00,19,4,15,0,0,0
2020-10-16 00:15,14,9,5,0,0,0
2020-10-16 00:30,8,6,2,0,0,0
2020-10-16 00:45,6,2,4,0,0,0
2020-10-16 01:00,9,4,5,0,0,0
2020-10-16 01:15,9,4,5,0,0,0
2020-10-16 01:30,8,2,6,0,0,0
2020-10-16 01:45,2,1,1,0,0,0
2020-10-16 02:00,10,1,9,0,0,0
2020-10-16 02:15,4,3,1,0,0,0
2020-10-16 02:30,2,0,2,0,0,0
2020-10-16 02:45,2,1,1,0,0,0
2020-10-16 03:00,5,1,4,0,0,0
2020-10-16 03:15,0,0,0,0,0,0
2020-10-16 03:30,5,0,5,0,0,0
2020-10-16 03:45,0,0,0,0,0,0
2020-10-16 04:00,0,0,0,0,0,0
2020-10-16 04:15,1,1,0,0,0,0
2020-10-16 04:30,7,0,7,0,0,0
2020-10-16 04:45,4,1,3,0,0,0
2020-10-16 05:00,3,2,1,0,0,0
2020-10-16 05:15,5,2,3,0,0,0
2020-10-16 05:30,17,7,10,0,0,0
2020-10-16 05:45,13,8,5,0,0,0
2020-10-16 06:00,22,5,17,0,0,0
2020-10-16 06:15,15,5,10,0,0,0
2020-10-16 06:30,38,16,22,0,0,0
2020-10-16 06:45,46,21,25,0,0,0
2020-10-16 07:00,63,32,31,0,0,0
2020-10-16 07:15,72,34,38,0,0,0
2020-10-16 07:30,85,43,42,0,0,0
2020-10-16 07:45,123,71,52,0,0,0
2020-10-16 08:00,97,46,51,0,0,0
2020-10-16 08:15,103,45,58,0,0,0
2020-10-16 08:30,103,54,49,0,0,0
2020-10-16 08:45,84,46,38,0,0,0
2020-10-16 09:00,74,30,44,0,0,0
2020-10-16 09:15,77,28,49,0,0,0
2020-10-16 09:30,73,31,42,0,0,0
2020-10-16 09:45,84,33,51,0,0,0
2020-10-16 10:00,76,33,43,0,0,0
2020-10-16 10:15,90,40,50,0,0,0
2020-10-16 10:30,78,31,47,0,0,0
2020-10-16 10:45,72,26,46,0,0,0
2020-10-16 11:00,81,35,46,0,0,0
2020-10-16 11:15,78,30,48,0,0,0
2020-10-16 11:30,94,41,53,0,0,0
2020-10-16 11:45,123,59,64,0,0,0
2020-10-16 12:00,118,46,72,0,0,0
2020-10-16 12:15,102,34,68,0,0,0
2020-10-16 12:30,127,51,76,0,0,0
2020-10-16 12:45,109,57,52,0,0,0
2020-10-16 13:00,119,71,48,0,0,0
2020-10-16 13:15,112,57,55,0,0,0
2020-10-16 13:30,126,53,73,0,0,0
2020-10-16 13:45,122,57,65,0,0,0
2020-10-16 14:00,126,63,63,0,0,0
2020-10-16 14:15,126,51,75,0,0,0
2020-10-16 14:30,134,59,75,0,0,0
2020-10-16 14:45,142,66,76,0,0,0
2020-10-16 15:00,125,63,62,0,0,0
2020-10-16 15:15,155,67,88,0,0,0
2020-10-16 15:30,125,49,76,0,0,0
2020-10-16 15:45,149,82,67,0,0,0
2020-10-16 16:00,132,51,81,0,0,0
2020-10-16 16:15,127,54,73,0,0,0
2020-10-16 16:30,136,52,84,0,0,0
2020-10-16 16:45,131,59,72,0,0,0
2020-10-16 17:00,120,45,75,0,0,0
2020-10-16 17:15,127,53,74,0,0,0
2020-10-16 17:30,123,61,62,0,0,0
2020-10-16 17:45,144,70,74,0,0,0
2020-10-16 18:00,120,61,59,0,0,0
2020-10-16 18:15,145,71,74,0,0,0
2020-10-16 18:30,93,45,48,0,0,0
2020-10-16 18:45,107,52,55,0,0,0
2020-10-16 19:00,111,52,59,0,0,0
2020-10-16 19:15,111,54,57,0,0,0
2020-10-16 19:30,95,51,44,0,0,0
2020-10-16 19:45,85,41,44,0,0,0
2020-10-16 20:00,100,52,48,0,0,0
2020-10-16 20:15,55,37,18,0,0,0
2020-10-16 20:30,39,30,9,0,0,0
2020-10-16 20:45,54,38,16,0,0,0
2020-10-16 21:00,46,28,18,0,0,0
2020-10-16 21:15,27,21,6,0,0,0
2020-10-16 21:30,35,21,14,0,0,0
2020-10-16 21:45,68,24,44,0,0,0
2020-10-16 22:00,44,19,25,0,0,0
2020-10-16 22:15,54,13,41,0,0,0
2020-10-16 22:30,57,29,28,0,0,0
2020-10-16 22:45,44,18,26,0,0,0
2020-10-16 23:00,36,5,31,0,0,0
2020-10-16 23:15,33,16,17,0,0,0
2020-10-16 23:30,58,30,28,0,0,0
2020-10-16 23:45,40,21,19,0,0,0
2020-10-17 00:00,38,12,26,0,0,0
2020-10-17 00:15,29,15,14,0,0,0
2020-10-17 00:30,23,7,16,0,0,0
2020-10-17 00:45,30,11,19,0,0,0
2020-10-17 01:00,22,8,14,0,0,0
2020-10-17 01:15,26,13,13,0,0,0
2020-10-17 01:30,30,9,21,0,0,0
2020-10-17 01:45,17,4,13,0,0,0
2020-10-17 02:00,19,8,11,0,0,0
2020-10-17 02:15,15,3,12,0,0,0
2020-10-17 02:30,14,5,9,0,0,0
2020-10-17 02:45,12,6,6,0,0,0
2020-10-17 03:00,6,3,3,0,0,0
2020-10-17 03:15,12,1,11,0,0,0
2020-10-17 03:30,9,2,7,0,0,0
2020-10-17 03:45,3,2,1,0,0,0
2020-10-17 04:00,6,2,4,0,0,0
2020-10-17 04:15,4,2,2,0,0,0
2020-10-17 04:30,5,2,3,0,0,0
2020-10-17 04:45,7,3,4,0,0,0
2020-10-17 05:00,3,3,0,0,0,0
2020-10-17 05:15,2,1,1,0,0,0
2020-10-17 05:30,11,4,7,0,0,0
2020-10-17 05:45,12,4,8,0,0,0
2020-10-17 06:00,6,2,4,0,0,0
2020-10-17 06:15,11,6,5,0,0,0
2020-10-17 06:30,6,0,6,0,0,0
2020-10-17 06:45,13,2,11,0,0,0
2020-10-17 07:00,10,5,5,0,0,0
2020-10-17 07:15,8,2,6,0,0,0
2020-10-17 07:30,17,5,12,0,0,0
2020-10-17 07:45,22,11,11,0,0,0
2020-10-17 08:00,16,7,9,0,0,0
2020-10-17 08:15,17,7,10,0,0,0
2020-10-17 08:30,26,18,8,0,0,0
2020-10-17 08:45,35,16,19,0,0,0
2020-10-17 09:00,27,11,16,0,0,0
2020-10-17 09:15,38,16,22,0,0,0
2020-10-17 09:30,48,24,24,0,0,0
2020-10-17 09:45,52,14,38,0,0,0
2020-10-17 10:00,57,19,38,0,0,0
2020-10-17 10:15,58,24,34,0,0,0
2020-10-17 10:30,50,15,35,0,0,0
2020-10-17 10:45,71,39,32,0,0,0
2020-10-17 11:00,58,25,33,0,0,0
2020-10-17 11:15,77,38,39,0,0,0
2020-10-17 11:30,72,26,46,0,0,0
2020-10-17 11:45,99,47,52,0,0,0
2020-10-17 12:00,81,33,48,0,0,0
2020-10-17 12:15,92,40,52,0,0,0
2020-10-17 12:30,80,32,48,0,0,0
2020-10-17 12:45,114,58,56,0,0,0
2020-10-17 13:00,88,52,36,0,0,0
2020-10-17 13:15,98,54,44,0,0,0
2020-10-17 13:30,119,51,68,0,0,0
2020-10-17 13:45,138,82,56,0,0,0
2020-10-17 14:00,111,61,50,0,0,0
2020-10-17 14:15,68,28,40,0,0,0
2020-10-17 14:30,83,40,43,0,0,0
2020-10-17 14:45,92,48,44,0,0,0
2020-10-17 15:00,91,41,50,0,0,0
2020-10-17 15:15,112,65,47,0,0,0
2020-10-17 15:30,95,54,41,0,0,0
2020-10-17 15:45,99,52,47,0,0,0
2020-10-17 16:00,82,47,35,0,0,0
2020-10-17 16:15,81,43,38,0,0,0
2020-10-17 16:30,83,47,36,0,0,0
2020-10-17 16:45,77,38,39,0,0,0
2020-10-17 17:00,118,39,79,0,0,0
2020-10-17 17:15,106,45,61,0,0,0
2020-10-17 17:30,108,46,62,0,0,0
2020-10-17 17:45,107,50,57,0,0,0
2020-10-17 18:00,86,31,55,0,0,0
2020-10-17 18:15,104,47,57,0,0,0
2020-10-17 18:30,84,44,40,0,0,0
2020-10-17 18:45,83,38,45,0,0,0
2020-10-17 19:00,69,44,25,0,0,0
2020-10-17 19:15,83,45,38,0,0,0
2020-10-17 19:30,70,29,41,0,0,0
2020-10-17 19:45,84,49,35,0,0,0
2020-10-17 20:00,59,22,37,0,0,0
2020-10-17 20:15,55,32,23,0,0,0
2020-10-17 20:30,59,26,33,0,0,0
2020-10-17 20:45,46,18,28,0,0,0
2020-10-17 21:00,49,23,26,0,0,0
2020-10-17 21:15,48,23,25,0,0,0
2020-10-17 21:30,40,16,24,0,0,0
2020-10-17 21:45,38,16,22,0,0,0
2020-10-17 22:00,43,12,31,0,0,0
2020-10-17 22:15,32,11,21,0,0,0
2020-10-17 22:30,39,13,26,0,0,0
2020-10-17 22:45,45,14,31,0,0,0
2020-10-17 23:00,39,16,23,0,0,0
2020-10-17 23:15,31,13,18,0,0,0
2020-10-17 23:30,29,10,19,0,0,0
2020-10-17 23:45,26,10,16,0,0,0
2020-10-18 00:00,22,7,15,0,0,0
2020-10-18 00:15,22,11,11,0,0,0
2020-10-18 00:30,25,11,14,0,0,0
2020-10-18 00:45,23,6,17,0,0,0
2020-10-18 01:00,27,7,20,0,0,0
2020-10-18 01:15,19,8,11,0,0,0
2020-10-18 01:30,18,9,9,0,0,0
2020-10-18 01:45,7,3,4,0,0,0
2020-10-18 02:00,17,7,10,0,0,0
2020-10-18 02:15,18,5,13,0,0,0
2020-10-18 02:30,11,0,11,0,0,0
2020-10-18 02:45,18,12,6,0,0,0
2020-10-18 03:00,13,6,7,0,0,0
2020-10-18 03:15,8,1,7,0,0,0
2020-10-18 03:30,15,5,10,0,0,0
2020-10-18 03:45,8,4,4,0,0,0
2020-10-18 04:00,2,1,1,0,0,0
2020-10-18 04:15,3,0,3,0,0,0
2020-10-18 04:30,1,0,1,0,0,0
2020-10-18 04:45,8,2,6,0,0,0
2020-10-18 05:00,3,2,1,0,0,0
2020-10-18 05:15,5,3,2,0,0,0
2020-10-18 05:30,5,0,5,0,0,0
2020-10-18 05:45,4,1,3,0,0,0
2020-10-18 06:00,2,0,2,0,0,0
2020-10-18 06:15,2,1,1,0,0,0
2020-10-18 06:30,7,1,6,0,0,0
2020-10-18 06:45,4,3,1,0,0,0
2020-10-18 07:00,5,2,3,0,0,0
2020-10-18 07:15,6,2,4,0,0,0
2020-10-18 07:30,10,4,6,0,0,0
2020-10-18 07:45,6,3,3,0,0,0
2020-10-18 08:00,4,2,2,0,0,0
2020-10-18 08:15,11,2,9,0,0,0
2020-10-18 08:30,13,2,11,0,0,0
2020-10-18 08:45,16,6,10,0,0,0
2020-10-18 09:00,12,5,7,0,0,0
2020-10-18 09:15,17,7,10,0,0,0
2020-10-18 09:30,26,12,14,0,0,0
2020-10-18 09:45,47,25,22,0,0,0
2020-10-18 10:00,27,13,14,0,0,0
2020-10-18 10:15,34,19,15,0,0,0
2020-10-18 10:30,40,20,20,0,0,0
2020-10-18 10:45,43,26,17,0,0,0
2020-10-18 11:00,47,19,28,0,0,0
2020-10-18 11:15,40,18,22,0,0,0
2020-10-18 11:30,35,11,24,0,0,0
2020-10-18 11:45,38,14,24,0,0,0
2020-10-18 12:00,51,26,25,0,0,0
2020-10-18 12:15,55,24,31,0,0,0
2020-10-18 12:30,45,19,26,0,0,0
2020-10-18 12:45,48,24,24,0,0,0
2020-10-18 13:00,58,30,28,0,0,0
2020-10-18 13:15,55,30,25,0,0,0
2020-10-18 13:30,54,33,21,0,0,0
2020-10-18 13:45,56,22,34,0,0,0
2020-10-18 14:00,62,33,29,0,0,0
2020-10-18 14:15,61,24,37,0,0,0
2020-10-18 14:30,74,35,39,0,0,0
2020-10-18 14:45,79,33,46,0,0,0
2020-10-18 15:00,62,27,35,0,0,0
2020-10-18 15:15,64,29,35,0,0,0
2020-10-18 15:30,78,31,47,0,0,0
2020-10-18 15:45,72,37,35,0,0,0
2020-10-18 16:00,64,27,37,0,0,0
2020-10-18 16:15,76,43,33,0,0,0
2020-10-18 16:30,79,36,43,0,0,0
2020-10-18 16:45,94,44,50,0,0,0
2020-10-18 17:00,65,26,39,0,0,0
2020-10-18 17:15,78,32,46,0,0,0
2020-10-18 17:30,83,34,49,0,0,0
2020-10-18 17:45,60,23,37,0,0,0
2020-10-18 18:00,82,42,40,0,0,0
2020-10-18 18:15,71,28,43,0,0,0
2020-10-18 18:30,52,18,34,0,0,0
2020-10-18 18:45,66,27,39,0,0,0
2020-10-18 19:00,64,34,30,0,0,0
2020-10-18 19:15,48,12,36,0,0,0
2020-10-18 19:30,31,12,19,0,0,0
2020-10-18 19:45,62,25,37,0,0,0
2020-10-18 20:00,35,19,16,0,0,0
2020-10-18 20:15,43,15,28,0,0,0
2020-10-18 20:30,48,22,26,0,0,0
2020-10-18 20:45,38,13,25,0,0,0
2020-10-18 21:00,39,17,22,0,0,0
2020-10-18 21:15,31,10,21,0,0,0
2020-10-18 21:30,33,19,14,0,0,0
2020-10-18 21:45,28,8,20,0,0,0
2020-10-18 22:00,25,14,11,0,0,0
2020-10-18 22:15,23,5,18,0,0,0
2020-10-18 22:30,23,4,19,0,0,0
2020-10-18 22:45,10,2,8,0,0,0
2020-10-18 23:00,21,8,13,0,0,0
2020-10-18 23:15,6,1,5,0,0,0
2020-10-18 23:30,7,1,6,0,0,0
2020-10-18 23:45,8,2,6,0,0,0
2020-10-19 00:00,12,4,8,0,0,0
2020-10-19 00:15,7,2,5,0,0,0
2020-10-19 00:30,7,2,5,0,0,0
2020-10-19 00:45,6,2,4,0,0,0
2020-10-19 01:00,5,4,1,0,0,0
2020-10-19 01:15,6,5,1,0,0,0
2020-10-19 01:30,5,0,5,0,0,0
2020-10-19 01:45,2,1,1,0,0,0
2020-10-19 02:00,0,0,0,0,0,0
2020-10-19 02:15,1,0,1,0,0,0
2020-10-19 02:30,2,0,2,0,0,0
2020-10-19 02:45,2,2,0,0,0,0
2020-10-19 03:00,1,0,1,0,0,0
2020-10-19 03:15,0,0,0,0,0,0
2020-10-19 03:30,0,0,0,0,0,0
2020-10-19 03:45,2,1,1,0,0,0
2020-10-19 04:00,2,0,2,0,0,0
2020-10-19 04:15,2,1,1,0,0,0
2020-10-19 04:30,4,0,4,0,0,0
2020-10-19 04:45,11,4,7,0,0,0
2020-10-19 05:00,2,0,2,0,0,0
2020-10-19 05:15,7,4,3,0,0,0
2020-10-19 05:30,25,6,19,0,0,0
2020-10-19 05:45,21,11,10,0,0,0
2020-10-19 06:00,28,12,16,0,0,0
2020-10-19 06:15,31,14,17,0,0,0
2020-10-19 06:30,42,16,26,0,0,0
2020-10-19 06:45,59,29,30,0,0,0
2020-10-19 07:00,79,38,41,0,0,0
2020-10-19 07:15,105,55,50,0,0,0
2020-10-19 07:30,83,38,45,0,0,0
2020-10-19 07:45,114,61,53,0,0,0
2020-10-19 08:00,129,66,63,0,0,0
2020-10-19 08:15,130,74,56,0,0,0
2020-10-19 08:30,110,52,58,0,0,0
2020-10-19 08:45,119,56,63,0,0,0
2020-10-19 09:00,81,24,57,0,0,0
2020-10-19 09:15,78,33,45,0,0,0
2020-10-19 09:30,71,28,43,0,0,0
2020-10-19 09:45,79,31,48,0,0,0
2020-10-19 10:00,84,30,54,0,0,0
2020-10-19 10:15,74,29,45,0,0,0
2020-10-19 10:30,76,38,38,0,0,0
2020-10-19 10:45,99,49,50,0,0,0
2020-10-19 11:00,89,45,44,0,0,0
2020-10-19 11:15,100,48,52,0,0,0
2020-10-19 11:30,101,44,57,0,0,0
2020-10-19 11:45,113,40,73,0,0,0
2020-10-19 12:00,124,55,69,0,0,0
2020-10-19 12:15,105,43,62,0,0,0
2020-10-19 12:30,133,63,70,0,0,0
2020-10-19 12:45,124,54,70,0,0,0
2020-10-19 13:00,140,77,63,0,0,0
2020-10-19 13:15,113,49,64,0,0,0
2020-10-19 13:30,132,57,75,0,0,0
2020-10-19 13:45,114,49,65,0,0,0
2020-10-19 14:00,131,58,73,0,0,0
2020-10-19 14:15,112,46,66,0,0,0
2020-10-19 14:30,122,64,58,0,0,0
2020-10-19 14:45,120,63,57,0,0,0
2020-10-19 15:00,114,59,55,0,0,0
2020-10-19 15:15,148,66,82,0,0,0
2020-10-19 15:30,126,64,62,0,0,0
2020-10-19 15:45,134,62,72,0,0,0
2020-10-19 16:00,182,92,90,0,0,0
2020-10-19 16:15,165,79,86,0,0,0
2020-10-19 16:30,160,69,91,0,0,0
2020-10-19 16:45,154,78,76,0,0,0
2020-10-19 17:00,170,82,88,0,0,0
2020-10-19 17:15,159,64,95,0,0,0
2020-10-19 17:30,162,80,82,0,0,0
2020-10-19 17:45,164,76,88,0,0,0
2020-10-19 18:00,187,75,112,0,0,0
2020-10-19 18:15,141,69,72,0,0,0
2020-10-19 18:30,134,74,60,0,0,0
2020-10-19 18:45,104,64,40,0,0,0
2020-10-19 19:00,103,44,59,0,0,0
2020-10-19 19:15,95,41,54,0,0,0
2020-10-19 19:30,115,56,59,0,0,0
2020-10-19 19:45,85,49,36,0,0,0
2020-10-19 20:00,87,34,53,0,0,0
2020-10-19 20:15,64,38,26,0,0,0
2020-10-19 20:30,67,24,43,0,0,0
2020-10-19 20:45,62,34,28,0,0,0
2020-10-19 21:00,40,16,24,0,0,0
2020-10-19 21:15,54,15,39,0,0,0
2020-10-19 21:30,46,14,32,0,0,0
2020-10-19 21:45,50,18,32,0,0,0
2020-10-19 22:00,48,17,31,0,0,0
2020-10-19 22:15,45,21,24,0,0,0
2020-10-19 22:30,42,9,33,0,0,0
2020-10-19 22:45,27,4,23,0,0,0
2020-10-19 23:00,17,6,11,0,0,0
2020-10-19 23:15,9,2,7,0,0,0
2020-10-19 23:30,23,5,18,0,0,0
2020-10-19 23:45,11,5,6,0,0,0
2020-10-20 00:00,10,7,3,0,0,0
2020-10-20 00:15,13,4,9,0,0,0
2020-10-20 00:30,6,4,2,0,0,0
2020-10-20 00:45,4,3,1,0,0,0
2020-10-20 01:00,6,2,4,0,0,0
2020-10-20 01:15,3,1,2,0,0,0
2020-10-20 01:30,3,1,2,0,0,0
2020-10-20 01:45,11,6,5,0,0,0
2020-10-20 02:00,5,1,4,0,0,0
2020-10-20 02:15,5,3,2,0,0,0
2020-10-20 02:30,0,0,0,0,0,0
2020-10-20 02:45,3,0,3,0,0,0
2020-10-20 03:00,2,1,1,0,0,0
2020-10-20 03:15,0,0,0,0,0,0
2020-10-20 03:30,3,2,1,0,0,0
2020-10-20 03:45,2,2,0,0,0,0
2020-10-20 04:00,1,0,1,0,0,0
2020-10-20 04:15,2,1,1,0,0,0
2020-10-20 04:30,2,0,2,0,0,0
2020-10-20 04:45,1,0,1,0,0,0
2020-10-20 05:00,5,2,3,0,0,0
2020-10-20 05:15,8,4,4,0,0,0
2020-10-20 05:30,23,11,12,0,0,0
2020-10-20 05:45,22,8,14,0,0,0
2020-10-20 06:00,27,13,14,0,0,0
2020-10-20 06:15,30,13,17,0,0,0
2020-10-20 06:30,31,14,17,0,0,0
2020-10-20 06:45,51,34,17,0,0,0
2020-10-20 07:00,77,44,33,0,0,0
2020-10-20 07:15,106,49,57,0,0,0
2020-10-20 07:30,102,55,47,0,0,0
2020-10-20 07:45,126,71,55,0,0,0
2020-10-20 08:00,131,67,64,0,0,0
2020-10-20 08:15,132,68,64,0,0,0
2020-10-20 08:30,123,65,58,0,0,0
2020-10-20 08:45,139,61,78,0,0,0
2020-10-20 09:00,79,37,42,0,0,0
2020-10-20 09:15,87,34,53,0,0,0
2020-10-20 09:30,79,32,47,0,0,0
2020-10-20 09:45,118,50,68,0,0,0
2020-10-20 10:00,86,30,56,0,0,0
2020-10-20 10:15,84,36,48,0,0,0
2020-10-20 10:30,71,35,36,0,0,0
2020-10-20 10:45,86,39,47,0,0,0
2020-10-20 11:00,83,34,49,0,0,0
2020-10-20 11:15,110,42,68,0,0,0
2020-10-20 11:30,78,35,43,0,0,0
2020-10-20 11:45,108,52,56,0,0,0
2020-10-20 12:00,120,56,64,0,0,0
2020-10-20 12:15,106,47,59,0,0,0
2020-10-20 12:30,118,52,66,0,0,0
2020-10-20 12:45,115,52,63,0,0,0
2020-10-20 13:00,135,72,63,0,0,0
2020-10-20 13:15,115,50,65,0,0,0
2020-10-20 13:30,91,40,51,0,0,0
2020-10-20 13:45,143,60,83,0,0,0
2020-10-20 14:00,103,51,52,0,0,0
2020-10-20 14:15,123,59,64,0,0,0
2020-10-20 14:30,119,47,72,0,0,0
2020-10-20 14:45,117,51,66,0,0,0
2020-10-20 15:00,112,53,59,0,0,0
2020-10-20 15:15,126,63,63,0,0,0
2020-10-20 15:30,138,65,73,0,0,0
2020-10-20 15:45,130,75,55,0,0,0
2020-10-20 16:00,148,87,61,0,0,0
2020-10-20 16:15,135,70,65,0,0,0
2020-10-20 16:30,137,63,74,0,0,0
2020-10-20 16:45,172,84,88,0,0,0
2020-10-20 17:00,166,73,93,0,0,0
2020-10-20 17:15,157,68,89,0,0,0
2020-10-20 17:30,156,80,76,0,0,0
2020-10-20 17:45,175,80,95,0,0,0
2020-10-20 18:00,145,71,74,0,0,0
2020-10-20 18:15,148,71,77,0,0,0
2020-10-20 18:30,109,52,57,0,0,0
2020-10-20 18:45,110,64,46,0,0,0
2020-10-20 19:00,110,57,53,0,0,0
2020-10-20 19:15,97,63,34,0,0,0
2020-10-20 19:30,98,35,63,0,0,0
2020-10-20 19:45,78,36,42,0,0,0
2020-10-20 20:00,73,26,47,0,0,0
2020-10-20 20:15,69,36,33,0,0,0
2020-10-20 20:30,63,27,36,0,0,0
2020-10-20 20:45,45,19,26,0,0,0
2020-10-20 21:00,44,18,26,0,0,0
2020-10-20 21:15,46,23,23,0,0,0
2020-10-20 21:30,45,24,21,0,0,0
2020-10-20 21:45,53,12,41,0,0,0
2020-10-20 22:00,28,10,18,0,0,0
2020-10-20 22:15,28,10,18,0,0,0
2020-10-20 22:30,37,8,29,0,0,0
2020-10-20 22:45,28,11,17,0,0,0
2020-10-20 23:00,27,6,21,0,0,0
2020-10-20 23:15,25,8,17,0,0,0
2020-10-20 23:30,19,9,10,0,0,0
2020-10-20 23:45,21,7,14,0,0,0
2020-10-21 00:00,24,9,15,0,0,0
2020-10-21 00:15,2,1,1,0,0,0
2020-10-21 00:30,11,2,9,0,0,0
2020-10-21 00:45,6,1,5,0,0,0
2020-10-21 01:00,13,4,9,0,0,0
2020-10-21 01:15,9,4,5,0,0,0
2020-10-21 01:30,3,0,3,0,0,0
2020-10-21 01:45,6,2,4,0,0,0
2020-10-21 02:00,2,1,1,0,0,0
2020-10-21 02:15,2,0,2,0,0,0
2020-10-21 02:30,3,0,3,0,0,0
2020-10-21 02:45,0,0,0,0,0,0
2020-10-21 03:00,3,0,3,0,0,0
2020-10-21 03:15,3,1,2,0,0,0
2020-10-21 03:30,2,0,2,0,0,0
2020-10-21 03:45,1,0,1,0,0,0
2020-10-21 04:00,0,0,0,0,0,0
2020-10-21 04:15,2,2,0,0,0,0
2020-10-21 04:30,8,3,5,0,0,0
2020-10-21 04:45,2,1,1,0,0,0
2020-10-21 05:00,3,3,0,0,0,0
2020-10-21 05:15,10,2,8,0,0,0
2020-10-21 05:30,20,5,15,0,0,0
2020-10-21 05:45,25,12,13,0,0,0
2020-10-21 06:00,21,5,16,0,0,0
2020-10-21 06:15,30,6,24,0,0,0
2020-10-21 06:30,44,18,26,0,0,0
2020-10-21 06:45,48,19,29,0,0,0
2020-10-21 07:00,60,25,35,0,0,0
2020-10-21 07:15,81,49,32,0,0,0
2020-10-21 07:30,96,46,50,0,0,0
2020-10-21 07:45,103,46,57,0,0,0
2020-10-21 08:00,85,45,40,0,0,0
2020-10-21 08:15,124,61,63,0,0,0
2020-10-21 08:30,115,58,57,0,0,0
2020-10-21 08:45,141,66,75,0,0,0
2020-10-21 09:00,76,23,53,0,0,0
2020-10-21 09:15,70,33,37,0,0,0
2020-10-21 09:30,81,31,50,0,0,0
2020-10-21 09:45,62,20,42,0,0,0
2020-10-21 10:00,62,21,41,0,0,0
2020-10-21 10:15,52,21,31,0,0,0
2020-10-21 10:30,58,26,32,0,0,0
2020-10-21 10:45,54,23,31,0,0,0
2020-10-21 11:00,52,20,32,0,0,0
2020-10-21 11:15,68,26,42,0,0,0
2020-10-21 11:30,58,22,36,0,0,0
2020-10-21 11:45,94,32,62,0,0,0
2020-10-21 12:00,106,51,55,0,0,0
2020-10-21 12:15,96,38,58,0,0,0
2020-10-21 12:30,108,41,67,0,0,0
2020-10-21 12:45,107,52,55,0,0,0
2020-10-21 13:00,101,50,51,0,0,0
2020-10-21 13:15,109,52,57,0,0,0
2020-10-21 13:30,110,49,61,0,0,0
2020-10-21 13:45,99,40,59,0,0,0
2020-10-21 14:00,126,62,64,0,0,0
2020-10-21 14:15,128,54,74,0,0,0
2020-10-21 14:30,123,46,77,0,0,0
2020-10-21 14:45,108,49,59,0,0,0
2020-10-21 15:00,84,45,39,0,0,0
2020-10-21 15:15,96,39,57,0,0,0
2020-10-21 15:30,108,52,56,0,0,0
2020-10-21 15:45,128,70,58,0,0,0
2020-10-21 16:00,158,88,70,0,0,0
2020-10-21 16:15,120,50,70,0,0,0
2020-10-21 16:30,152,81,71,0,0,0
2020-10-21 16:45,165,76,89,0,0,0
2020-10-21 17:00,154,82,72,0,0,0
2020-10-21 17:15,156,72,84,0,0,0
2020-10-21 17:30,140,68,72,0,0,0
2020-10-21 17:45,167,74,93,0,0,0
2020-10-21 18:00,136,70,66,0,0,0
2020-10-21 18:15,157,79,78,0,0,0
2020-10-21 18:30,133,47,86,0,0,0
2020-10-21 18:45,117,58,59,0,0,0
2020-10-21 19:00,126,72,54,0,0,0
2020-10-21 19:15,104,55,49,0,0,0
2020-10-21 19:30,93,33,60,0,0,0
2020-10-21 19:45,109,51,58,0,0,0
2020-10-21 20:00,86,34,52,0,0,0
2020-10-21 20:15,71,32,39,0,0,0
2020-10-21 20:30,74,39,35,0,0,0
2020-10-21 20:45,55,12,43,0,0,0
2020-10-21 21:00,56,23,33,0,0,0
2020-10-21 21:15,57,27,30,0,0,0
2020-10-21 21:30,51,20,31,0,0,0
2020-10-21 21:45,50,17,33,0,0,0
2020-10-21 22:00,56,21,35,0,0,0
2020-10-21 22:15,34,13,21,0,0,0
2020-10-21 22:30,43,12,31,0,0,0
2020-10-21 22:45,46,20,26,0,0,0
2020-10-21 23:00,48,20,28,0,0,0
2020-10-21 23:15,27,15,12,0,0,0
2020-10-21 23:30,41,11,30,0,0,0
2020-10-21 23:45,23,7,16,0,0,0
2020-10-22 00:00,15,5,10,0,0,0
2020-10-22 00:15,31,7,24,0,0,0
2020-10-22 00:30,8,2,6,0,0,0
2020-10-22 00:45,10,4,6,0,0,0
2020-10-22 01:00,17,7,10,0,0,0
2020-10-22 01:15,2,2,0,0,0,0
2020-10-22 01:30,1,1,0,0,0,0
2020-10-22 01:45,14,2,12,0,0,0
2020-10-22 02:00,6,5,1,0,0,0
2020-10-22 02:15,3,1,2,0,0,0
2020-10-22 02:30,4,2,2,0,0,0
2020-10-22 02:45,9,6,3,0,0,0
2020-10-22 03:00,2,1,1,0,0,0
2020-10-22 03:15,1,0,1,0,0,0
2020-10-22 03:30,2,1,1,0,0,0
2020-10-22 03:45,2,1,1,0,0,0
2020-10-22 04:00,2,0,2,0,0,0
2020-10-22 04:15,2,2,0,0,0,0
2020-10-22 04:30,2,1,1,0,0,0
2020-10-22 04:45,13,6,7,0,0,0
2020-10-22 05:00,2,2,0,0,0,0
2020-10-22 05:15,8,3,5,0,0,0
2020-10-22 05:30,20,7,13,0,0,0
2020-10-22 05:45,15,5,10,0,0,0
2020-10-22 06:00,16,8,8,0,0,0
2020-10-22 06:15,32,12,20,0,0,0
2020-10-22 06:30,33,11,22,0,0,0
2020-10-22 06:45,64,36,28,0,0,0
2020-10-22 07:00,75,50,25,0,0,0
2020-10-22 07:15,78,31,47,0,0,0
2020-10-22 07:30,109,50,59,0,0,0
2020-10-22 07:45,108,51,57,0,0,0
2020-10-22 08:00,105,55,50,0,0,0
2020-10-22 08:15,118,66,52,0,0,0
2020-10-22 08:30,120,53,67,0,0,0
2020-10-22 08:45,139,69,70,0,0,0
2020-10-22 09:00,97,47,50,0,0,0
2020-10-22 09:15,69,29,40,0,0,0
2020-10-22 09:30,89,45,44,0,0,0
2020-10-22 09:45,108,41,67,0,0,0
2020-10-22 10:00,65,27,38,0,0,0
2020-10-22 10:15,84,39,45,0,0,0
2020-10-22 10:30,84,35,49,0,0,0
2020-10-22 10:45,96,35,61,0,0,0
2020-10-22 11:00,91,35,56,0,0,0
2020-10-22 11:15,89,34,55,0,0,0
2020-10-22 11:30,97,37,60,0,0,0
2020-10-22 11:45,110,47,63,0,0,0
2020-10-22 12:00,104,65,39,0,0,0
2020-10-22 12:15,112,44,68,0,0,0
2020-10-22 12:30,116,46,70,0,0,0
2020-10-22 12:45,102,44,58,0,0,0
2020-10-22 13:00,129,50,79,0,0,0
2020-10-22 13:15,125,52,73,0,0,0
2020-10-22 13:30,142,69,73,0,0,0
2020-10-22 13:45,111,53,58,0,0,0
2020-10-22 14:00,107,49,58,0,0,0
2020-10-22 14:15,128,56,72,0,0,0
2020-10-22 14:30,103,55,48,0,0,0
2020-10-22 14:45,116,53,63,0,0,0
2020-10-22 15:00,111,52,59,0,0,0
2020-10-22 15:15,104,50,54,0,0,0
2020-10-22 15:30,133,63,70,0,0,0
2020-10-22 15:45,164,73,91,0,0,0
2020-10-22 16:00,146,65,81,0,0,0
2020-10-22 16:15,135,62,73,0,0,0
2020-10-22 16:30,136,61,75,0,0,0
2020-10-22 16:45,162,76,86,0,0,0
2020-10-22 17:00,170,79,91,0,0,0
2020-10-22 17:15,159,65,94,0,0,0
2020-10-22 17:30,123,52,71,0,0,0
2020-10-22 17:45,161,72,89,0,0,0
2020-10-22 18:00,151,57,94,0,0,0
2020-10-22 18:15,116,56,60,0,0,0
2020-10-22 18:30,129,68,61,0,0,0
2020-10-22 18:45,113,51,62,0,0,0
2020-10-22 19:00,124,53,71,0,0,0
2020-10-22 19:15,100,52,48,0,0,0
2020-10-22 19:30,96,44,52,0,0,0
2020-10-22 19:45,92,38,54,0,0,0
2020-10-22 20:00,85,39,46,0,0,0
2020-10-22 20:15,90,34,56,0,0,0
2020-10-22 20:30,58,30,28,0,0,0
2020-10-22 20:45,46,15,31,0,0,0
2020-10-22 21:00,45,19,26,0,0,0
2020-10-22 21:15,50,13,37,0,0,0
2020-10-22 21:30,53,21,32,0,0,0
2020-10-22 21:45,39,14,25,0,0,0
2020-10-22 22:00,43,14,29,0,0,0
2020-10-22 22:15,45,18,27,0,0,0
2020-10-22 22:30,43,8,35,0,0,0
2020-10-22 22:45,33,15,18,0,0,0
2020-10-22 23:00,30,10,20,0,0,0
2020-10-22 23:15,25,13,12,0,0,0
2020-10-22 23:30,21,6,15,0,0,0
2020-10-22 23:45,26,7,19,0,0,0
2020-10-23 00:00,21,11,10,0,0,0
2020-10-23 00:15,16,3,13,0,0,0
2020-10-23 00:30,15,6,9,0,0,0
2020-10-23 00:45,8,4,4,0,0,0
2020-10-23 01:00,9,2,7,0,0,0
2020-10-23 01:15,7,4,3,0,0,0
2020-10-23 01:30,9,0,9,0,0,0
2020-10-23 01:45,1,1,0,0,0,0
2020-10-23 02:00,3,0,3,0,0,0
2020-10-23 02:15,8,1,7,0,0,0
2020-10-23 02:30,5,1,4,0,0,0
2020-10-23 02:45,3,1,2,0,0,0
2020-10-23 03:00,1,0,1,0,0,0
2020-10-23 03:15,1,0,1,0,0,0
2020-10-23 03:30,1,0,1,0,0,0
2020-10-23 03:45,6,3,3,0,0,0
2020-10-23 04:00,0,0,0,0,0,0
2020-10-23 04:15,2,2,0,0,0,0
2020-10-23 04:30,1,0,1,0,0,0
2020-10-23 04:45,6,2,4,0,0,0
2020-10-23 05:00,5,1,4,0,0,0
2020-10-23 05:15,5,4,1,0,0,0
2020-10-23 05:30,22,9,13,0,0,0
2020-10-23 05:45,15,8,7,0,0,0
2020-10-23 06:00,17,4,13,0,0,0
2020-10-23 06:15,34,16,18,0,0,0
2020-10-23 06:30,35,19,16,0,0,0
2020-10-23 06:45,63,38,25,0,0,0
2020-10-23 07:00,52,23,29,0,0,0
2020-10-23 07:15,81,38,43,0,0,0
2020-10-23 07:30,92,43,49,0,0,0
2020-10-23 07:45,103,56,47,0,0,0
2020-10-23 08:00,94,36,58,0,0,0
2020-10-23 08:15,125,62,63,0,0,0
2020-10-23 08:30,107,46,61,0,0,0
2020-10-23 08:45,103,40,63,0,0,0
2020-10-23 09:00,80,39,41,0,0,0
2020-10-23 09:15,79,27,52,0,0,0
2020-10-23 09:30,66,18,48,0,0,0
2020-10-23 09:45,105,33,72,0,0,0
2020-10-23 10:00,79,39,40,0,0,0
2020-10-23 10:15,95,35,60,0,0,0
2020-10-23 10:30,82,29,53,0,0,0
2020-10-23 10:45,119,45,74,0,0,0
2020-10-23 11:00,102,42,60,0,0,0
2020-10-23 11:15,92,37,55,0,0,0
2020-10-23 11:30,89,44,45,0,0,0
2020-10-23 11:45,99,40,59,0,0,0
2020-10-23 12:00,108,43,65,0,0,0
2020-10-23 12:15,101,47,54,0,0,0
2020-10-23 12:30,110,59,51,0,0,0
2020-10-23 12:45,111,44,67,0,0,0
2020-10-23 13:00,127,71,56,0,0,0
2020-10-23 13:15,109,50,59,0,0,0
2020-10-23 13:30,90,36,54,0,0,0
2020-10-23 13:45,109,46,63,0,0,0
2020-10-23 14:00,124,58,66,0,0,0
2020-10-23 14:15,128,60,68,0,0,0
2020-10-23 14:30,112,46,66,0,0,0
2020-10-23 14:45,114,38,76,0,0,0
2020-10-23 15:00,121,58,63,0,0,0
2020-10-23 15:15,133,50,83,0,0,0
2020-10-23 15:30,126,60,66,0,0,0
2020-10-23 15:45,135,56,79,0,0,0
2020-10-23 16:00,120,51,69,0,0,0
2020-10-23 16:15,108,49,59,0,0,0
2020-10-23 16:30,125,51,74,0,0,0
2020-10-23 16:45,134,67,67,0,0,0
2020-10-23 17:00,137,56,81,0,0,0
2020-10-23 17:15,144,64,80,0,0,0
2020-10-23 17:30,101,65,36,0,0,0
2020-10-23 17:45,107,57,50,0,0,0
2020-10-23 18:00,128,54,74,0,0,0
2020-10-23 18:15,109,58,51,0,0,0
2020-10-23 18:30,115,63,52,0,0,0
2020-10-23 18:45,128,71,57,0,0,0
2020-10-23 19:00,92,44,48,0,0,0
2020-10-23 19:15,108,54,54,0,0,0
2020-10-23 19:30,86,48,38,0,0,0
2020-10-23 19:45,87,41,46,0,0,0
2020-10-23 20:00,78,33,45,0,0,0
2020-10-23 20:15,71,34,37,0,0,0
2020-10-23 20:30,73,27,46,0,0,0
2020-10-23 20:45,59,33,26,0,0,0
2020-10-23 21:00,37,11,26,0,0,0
2020-10-23 21:15,50,20,30,0,0,0
2020-10-23 21:30,57,28,29,0,0,0
2020-10-23 21:45,39,19,20,0,0,0
2020-10-23 22:00,42,13,29,0,0,0
2020-10-23 22:15,60,21,39,0,0,0
2020-10-23 22:30,49,23,26,0,0,0
2020-10-23 22:45,45,15,30,0,0,0
2020-10-23 23:00,43,13,30,0,0,0
2020-10-23 23:15,38,18,20,0,0,0
2020-10-23 23:30,29,13,16,0,0,0
2020-10-23 23:45,27,9,18,0,0,0
2020-10-24 00:00,35,8,27,0,0,0
2020-10-24 00:15,27,12,15,0,0,0
2020-10-24 00:30,17,6,11,0,0,0
2020-10-24 00:45,16,3,13,0,0,0
2020-10-24 01:00,21,5,16,0,0,0
2020-10-24 01:15,51,14,37,0,0,0
2020-10-24 01:30,25,16,9,0,0,0
2020-10-24 01:45,12,8,4,0,0,0
2020-10-24 02:00,25,8,17,0,0,0
2020-10-24 02:15,27,8,19,0,0,0
2020-10-24 02:30,5,1,4,0,0,0
2020-10-24 02:45,15,7,8,0,0,0
2020-10-24 03:00,9,2,7,0,0,0
2020-10-24 03:15,12,5,7,0,0,0
2020-10-24 03:30,5,1,4,0,0,0
2020-10-24 03:45,16,4,12,0,0,0
2020-10-24 04:00,3,2,1,0,0,0
2020-10-24 04:15,6,1,5,0,0,0
2020-10-24 04:30,8,4,4,0,0,0
2020-10-24 04:45,9,2,7,0,0,0
2020-10-24 05:00,9,2,7,0,0,0
2020-10-24 05:15,5,2,3,0,0,0
2020-10-24 05:30,7,6,1,0,0,0
2020-10-24 05:45,8,5,3,0,0,0
2020-10-24 06:00,4,1,3,0,0,0
2020-10-24 06:15,2,1,1,0,0,0
2020-10-24 06:30,12,6,6,0,0,0
2020-10-24 06:45,6,3,3,0,0,0
2020-10-24 07:00,12,5,7,0,0,0
2020-10-24 07:15,15,6,9,0,0,0
2020-10-24 07:30,23,14,9,0,0,0
2020-10-24 07:45,30,10,20,0,0,0
2020-10-24 08:00,22,12,10,0,0,0
2020-10-24 08:15,36,12,24,0,0,0
2020-10-24 08:30,45,14,31,0,0,0
2020-10-24 08:45,40,19,21,0,0,0
2020-10-24 09:00,47,26,21,0,0,0
2020-10-24 09:15,42,17,25,0,0,0
2020-10-24 09:30,61,20,41,0,0,0
2020-10-24 09:45,63,29,34,0,0,0
2020-10-24 10:00,58,30,28,0,0,0
2020-10-24 10:15,58,29,29,0,0,0
2020-10-24 10:30,52,23,29,0,0,0
2020-10-24 10:45,72,23,49,0,0,0
2020-10-24 11:00,72,26,46,0,0,0
2020-10-24 11:15,56,24,32,0,0,0
2020-10-24 11:30,60,23,37,0,0,0
2020-10-24 11:45,96,55,41,0,0,0
2020-10-24 12:00,109,50,59,0,0,0
2020-10-24 12:15,89,42,47,0,0,0
2020-10-24 12:30,94,46,48,0,0,0
2020-10-24 12:45,83,32,51,0,0,0
2020-10-24 13:00,96,44,52,0,0,0
2020-10-24 13:15,91,47,44,0,0,0
2020-10-24 13:30,77,31,46,0,0,0
2020-10-24 13:45,116,47,69,0,0,0
2020-10-24 14:00,82,41,41,0,0,0
2020-10-24 14:15,102,38,64,0,0,0
2020-10-24 14:30,107,46,61,0,0,0
2020-10-24 14:45,113,51,62,0,0,0
2020-10-24 15:00,94,42,52,0,0,0
2020-10-24 15:15,102,50,52,0,0,0
2020-10-24 15:30,97,47,50,0,0,0
2020-10-24 15:45,92,37,55,0,0,0
2020-10-24 16:00,93,35,58,0,0,0
2020-10-24 16:15,109,55,54,0,0,0
2020-10-24 16:30,77,34,43,0,0,0
2020-10-24 16:45,87,34,53,0,0,0
2020-10-24 17:00,104,44,60,0,0,0
2020-10-24 17:15,105,39,66,0,0,0
2020-10-24 17:30,101,40,61,0,0,0
2020-10-24 17:45,120,54,66,0,0,0
2020-10-24 18:00,74,27,47,0,0,0
2020-10-24 18:15,112,53,59,0,0,0
2020-10-24 18:30,75,38,37,0,0,0
2020-10-24 18:45,108,52,56,0,0,0
2020-10-24 19:00,97,48,49,0,0,0
2020-10-24 19:15,85,43,42,0,0,0
2020-10-24 19:30,75,37,38,0,0,0
2020-10-24 19:45,61,28,33,0,0,0
2020-10-24 20:00,65,34,31,0,0,0
2020-10-24 20:15,64,26,38,0,0,0
2020-10-24 20:30,64,28,36,0,0,0
2020-10-24 20:45,61,26,35,0,0,0
2020-10-24 21:00,49,28,21,0,0,0
2020-10-24 21:15,52,26,26,0,0,0
2020-10-24 21:30,58,28,30,0,0,0
2020-10-24 21:45,43,22,21,0,0,0
2020-10-24 22:00,48,14,34,0,0,0
2020-10-24 22:15,41,20,21,0,0,0
2020-10-24 22:30,48,13,35,0,0,0
2020-10-24 22:45,32,10,22,0,0,0
2020-10-24 23:00,40,5,35,0,0,0
2020-10-24 23:15,38,8,30,0,0,0
2020-10-24 23:30,26,7,19,0,0,0
2020-10-24 23:45,24,8,16,0,0,0
2020-10-25 00:00,40,15,25,0,0,0
2020-10-25 00:15,34,14,20,0,0,0
2020-10-25 00:30,24,6,18,0,0,0
2020-10-25 00:45,20,9,11,0,0,0
2020-10-25 01:00,36,8,28,0,0,0
2020-10-25 01:15,29,10,19,0,0,0
2020-10-25 01:30,18,7,11,0,0,0
2020-10-25 01:45,14,5,9,0,0,0
2020-10-25 02:00,40,20,20,0,0,0
2020-10-25 02:15,27,15,12,0,0,0
2020-10-25 02:30,11,5,6,0,0,0
2020-10-25 02:45,25,5,20,0,0,0
2020-10-25 03:00,9,1,8,0,0,0
2020-10-25 03:15,3,0,3,0,0,0
2020-10-25 03:30,4,1,3,0,0,0
2020-10-25 03:45,7,2,5,0,0,0
2020-10-25 04:00,1,1,0,0,0,0
2020-10-25 04:15,2,1,1,0,0,0
2020-10-25 04:30,5,2,3,0,0,0
2020-10-25 04:45,9,0,9,0,0,0
2020-10-25 05:00,4,3,1,0,0,0
2020-10-25 05:15,1,1,0,0,0,0
2020-10-25 05:30,4,0,4,0,0,0
2020-10-25 05:45,4,4,0,0,0,0
2020-10-25 06:00,3,0,3,0,0,0
2020-10-25 06:15,1,0,1,0,0,0
2020-10-25 06:30,3,2,1,0,0,0
2020-10-25 06:45,8,2,6,0,0,0
2020-10-25 07:00,2,1,1,0,0,0
2020-10-25 07:15,7,2,5,0,0,0
2020-10-25 07:30,7,3,4,0,0,0
2020-10-25 07:45,19,7,12,0,0,0
2020-10-25 08:00,7,2,5,0,0,0
2020-10-25 08:15,8,1,7,0,0,0
2020-10-25 08:30,19,9,10,0,0,0
2020-10-25 08:45,20,13,7,0,0,0
2020-10-25 09:00,21,8,13,0,0,0
2020-10-25 09:15,26,11,15,0,0,0
2020-10-25 09:30,23,4,19,0,0,0
2020-10-25 09:45,40,14,26,0,0,0
2020-10-25 10:00,41,18,23,0,0,0
2020-10-25 10:15,34,16,18,0,0,0
2020-10-25 10:30,33,17,16,0,0,0
2020-10-25 10:45,28,15,13,0,0,0
2020-10-25 11:00,27,11,16,0,0,0
2020-10-25 11:15,40,12,28,0,0,0
2020-10-25 11:30,47,20,27,0,0,0
2020-10-25 11:45,48,19,29,0,0,0
2020-10-25 12:00,45,15,30,0,0,0
2020-10-25 12:15,43,19,24,0,0,0
2020-10-25 12:30,58,20,38,0,0,0
2020-10-25 12:45,38,18,20,0,0,0
2020-10-25 13:00,38,17,21,0,0,0
2020-10-25 13:15,36,15,21,0,0,0
2020-10-25 13:30,48,15,33,0,0,0
2020-10-25 13:45,40,13,27,0,0,0
2020-10-25 14:00,42,6,36,0,0,0
2020-10-25 14:15,46,18,28,0,0,0
2020-10-25 14:30,57,18,39,0,0,0
2020-10-25 14:45,51,19,32,0,0,0
2020-10-25 15:00,62,20,42,0,0,0
2020-10-25 15:15,44,16,28,0,0,0
2020-10-25 15:30,54,24,30,0,0,0
2020-10-25 15:45,55,24,31,0,0,0
2020-10-25 16:00,67,22,45,0,0,0
2020-10-25 16:15,65,22,43,0,0,0
2020-10-25 16:30,54,20,34,0,0,0
2020-10-25 16:45,66,28,38,0,0,0
2020-10-25 17:00,54,27,27,0,0,0
2020-10-25 17:15,75,24,51,0,0,0
2020-10-25 17:30,77,24,53,0,0,0
2020-10-25 17:45,62,25,37,0,0,0
2020-10-25 18:00,72,27,45,0,0,0
2020-10-25 18:15,52,18,34,0,0,0
2020-10-25 18:30,53,17,36,0,0,0
2020-10-25 18:45,57,21,36,0,0,0
2020-10-25 19:00,49,9,40,0,0,0
2020-10-25 19:15,59,21,38,0,0,0
2020-10-25 19:30,50,21,29,0,0,0
2020-10-25 19:45,42,13,29,0,0,0
2020-10-25 20:00,44,16,28,0,0,0
2020-10-25 20:15,40,11,29,0,0,0
2020-10-25 20:30,40,24,16,0,0,0
2020-10-25 20:45,32,10,22,0,0,0
2020-10-25 21:00,39,14,25,0,0,0
2020-10-25 21:15,18,9,9,0,0,0
2020-10-25 21:30,15,5,10,0,0,0
2020-10-25 21:45,19,8,11,0,0,0
2020-10-25 22:00,23,15,8,0,0,0
2020-10-25 22:15,12,5,7,0,0,0
2020-10-25 22:30,12,3,9,0,0,0
2020-10-25 22:45,24,10,14,0,0,0
2020-10-25 23:00,17,5,12,0,0,0
2020-10-25 23:15,10,4,6,0,0,0
2020-10-25 23:30,4,3,1,0,0,0
2020-10-25 23:45,9,6,3,0,0,0
2020-10-26 00:00,13,1,12,0,0,0
2020-10-26 00:15,5,2,3,0,0,0
2020-10-26 00:30,5,1,4,0,0,0
2020-10-26 00:45,2,2,0,0,0,0
2020-10-26 01:00,1,1,0,0,0,0
2020-10-26 01:15,2,2,0,0,0,0
2020-10-26 01:30,5,1,4,0,0,0
2020-10-26 01:45,3,0,3,0,0,0
2020-10-26 02:00,1,1,0,0,0,0
2020-10-26 02:15,1,0,1,0,0,0
2020-10-26 02:30,0,0,0,0,0,0
2020-10-26 02:45,2,0,2,0,0,0
2020-10-26 03:00,1,0,1,0,0,0
2020-10-26 03:15,4,2,2,0,0,0
2020-10-26 03:30,0,0,0,0,0,0
2020-10-26 03:45,2,0,2,0,0,0
2020-10-26 04:00,0,0,0,0,0,0
2020-10-26 04:15,0,0,0,0,0,0
2020-10-26 04:30,0,0,0,0,0,0
2020-10-26 04:45,0,0,0,0,0,0
2020-10-26 05:00,3,2,1,0,0,0
2020-10-26 05:15,8,4,4,0,0,0
2020-10-26 05:30,17,7,10,0,0,0
2020-10-26 05:45,17,13,4,0,0,0
2020-10-26 06:00,25,7,18,0,0,0
2020-10-26 06:15,30,12,18,0,0,0
2020-10-26 06:30,57,22,35,0,0,0
2020-10-26 06:45,67,33,34,0,0,0
2020-10-26 07:00,82,46,36,0,0,0
2020-10-26 07:15,100,39,61,0,0,0
2020-10-26 07:30,150,77,73,0,0,0
2020-10-26 07:45,157,83,74,0,0,0
2020-10-26 08:00,112,54,58,0,0,0
2020-10-26 08:15,149,77,72,0,0,0
2020-10-26 08:30,124,57,67,0,0,0
2020-10-26 08:45,158,70,88,0,0,0
2020-10-26 09:00,98,39,59,0,0,0
2020-10-26 09:15,94,30,64,0,0,0
2020-10-26 09:30,83,31,52,0,0,0
2020-10-26 09:45,100,40,60,0,0,0
2020-10-26 10:00,92,45,47,0,0,0
2020-10-26 10:15,97,41,56,0,0,0
2020-10-26 10:30,74,29,45,0,0,0
2020-10-26 10:45,98,42,56,0,0,0
2020-10-26 11:00,78,33,45,0,0,0
2020-10-26 11:15,101,47,54,0,0,0
2020-10-26 11:30,117,53,64,0,0,0
2020-10-26 11:45,111,56,55,0,0,0
2020-10-26 12:00,128,62,66,0,0,0
2020-10-26 12:15,144,53,91,0,0,0
2020-10-26 12:30,106,50,56,0,0,0
2020-10-26 12:45,147,70,77,0,0,0
2020-10-26 13:00,135,68,67,0,0,0
2020-10-26 13:15,126,63,63,0,0,0
2020-10-26 13:30,118,44,74,0,0,0
2020-10-26 13:45,112,49,63,0,0,0
2020-10-26 14:00,128,58,70,0,0,0
2020-10-26 14:15,116,47,69,0,0,0
2020-10-26 14:30,109,55,54,0,0,0
2020-10-26 14:45,132,63,69,0,0,0
2020-10-26 15:00,122,58,64,0,0,0
2020-10-26 15:15,130,65,65,0,0,0
2020-10-26 15:30,133,55,78,0,0,0
2020-10-26 15:45,140,70,70,0,0,0
2020-10-26 16:00,150,74,76,0,0,0
2020-10-26 16:15,156,72,84,0,0,0
2020-10-26 16:30,175,85,90,0,0,0
2020-10-26 16:45,185,91,94,0,0,0
2020-10-26 17:00,140,56,84,0,0,0
2020-10-26 17:15,159,77,82,0,0,0
2020-10-26 17:30,127,58,69,0,0,0
2020-10-26 17:45,148,75,73,0,0,0
2020-10-26 18:00,172,82,90,0,0,0
2020-10-26 18:15,130,69,61,0,0,0
2020-10-26 18:30,109,53,56,0,0,0
2020-10-26 18:45,87,47,40,0,0,0
2020-10-26 19:00,99,46,53,0,0,0
2020-10-26 19:15,101,62,39,0,0,0
2020-10-26 19:30,78,36,42,0,0,0
2020-10-26 19:45,84,37,47,0,0,0
2020-10-26 20:00,87,53,34,0,0,0
2020-10-26 20:15,57,29,28,0,0,0
2020-10-26 20:30,41,21,20,0,0,0
2020-10-26 20:45,49,19,30,0,0,0
2020-10-26 21:00,48,19,29,0,0,0
2020-10-26 21:15,35,10,25,0,0,0
2020-10-26 21:30,50,25,25,0,0,0
2020-10-26 21:45,37,16,21,0,0,0
2020-10-26 22:00,35,10,25,0,0,0
2020-10-26 22:15,32,11,21,0,0,0
2020-10-26 22:30,24,3,21,0,0,0
2020-10-26 22:45,25,10,15,0,0,0
2020-10-26 23:00,23,5,18,0,0,0
2020-10-26 23:15,15,4,11,0,0,0
2020-10-26 23:30,7,4,3,0,0,0
2020-10-26 23:45,7,6,1,0,0,0
2020-10-27 00:00,16,7,9,0,0,0
2020-10-27 00:15,9,3,6,0,0,0
2020-10-27 00:30,11,8,3,0,0,0
2020-10-27 00:45,15,9,6,0,0,0
2020-10-27 01:00,3,3,0,0,0,0
2020-10-27 01:15,4,2,2,0,0,0
2020-10-27 01:30,5,1,4,0,0,0
2020-10-27 01:45,0,0,0,0,0,0
2020-10-27 02:00,4,1,3,0,0,0
2020-10-27 02:15,6,3,3,0,0,0
2020-10-27 02:30,3,1,2,0,0,0
2020-10-27 02:45,2,0,2,0,0,0
2020-10-27 03:00,2,0,2,0,0,0
2020-10-27 03:15,3,1,2,0,0,0
2020-10-27 03:30,0,0,0,0,0,0
2020-10-27 03:45,2,1,1,0,0,0
2020-10-27 04:00,0,0,0,0,0,0
2020-10-27 04:15,2,1,1,0,0,0
2020-10-27 04:30,5,0,5,0,0,0
2020-10-27 04:45,6,2,4,0,0,0
2020-10-27 05:00,7,3,4,0,0,0
2020-10-27 05:15,15,9,6,0,0,0
2020-10-27 05:30,14,4,10,0,0,0
2020-10-27 05:45,18,10,8,0,0,0
2020-10-27 06:00,26,9,17,0,0,0
2020-10-27 06:15,37,17,20,0,0,0
2020-10-27 06:30,40,15,25,0,0,0
2020-10-27 06:45,61,35,26,0,0,0
2020-10-27 07:00,70,39,31,0,0,0
2020-10-27 07:15,93,45,48,0,0,0
2020-10-27 07:30,138,60,78,0,0,0
2020-10-27 07:45,165,85,80,0,0,0
2020-10-27 08:00,135,65,70,0,0,0
2020-10-27 08:15,129,67,62,0,0,0
2020-10-27 08:30,121,56,65,0,0,0
2020-10-27 08:45,128,56,72,0,0,0
2020-10-27 09:00,84,39,45,0,0,0
2020-10-27 09:15,96,37,59,0,0,0
2020-10-27 09:30,92,32,60,0,0,0
2020-10-27 09:45,129,48,81,0,0,0
2020-10-27 10:00,75,41,34,0,0,0
2020-10-27 10:15,96,40,56,0,0,0
2020-10-27 10:30,88,34,54,0,0,0
2020-10-27 10:45,98,42,56,0,0,0
2020-10-27 11:00,77,34,43,0,0,0
2020-10-27 11:15,116,47,69,0,0,0
2020-10-27 11:30,112,53,59,0,0,0
2020-10-27 11:45,99,52,47,0,0,0
2020-10-27 12:00,124,57,67,0,0,0
2020-10-27 12:15,135,54,81,0,0,0
2020-10-27 12:30,161,84,77,0,0,0
2020-10-27 12:45,114,48,66,0,0,0
2020-10-27 13:00,143,58,85,0,0,0
2020-10-27 13:15,144,78,66,0,0,0
2020-10-27 13:30,121,48,73,0,0,0
2020-10-27 13:45,142,63,79,0,0,0
2020-10-27 14:00,121,66,55,0,0,0
2020-10-27 14:15,123,60,63,0,0,0
2020-10-27 14:30,139,55,84,0,0,0
2020-10-27 14:45,141,59,82,0,0,0
2020-10-27 15:00,94,40,54,0,0,0
2020-10-27 15:15,94,42,52,0,0,0
2020-10-27 15:30,113,54,59,0,0,0
2020-10-27 15:45,178,97,81,0,0,0
2020-10-27 16:00,187,105,82,0,0,0
2020-10-27 16:15,132,70,62,0,0,0
2020-10-27 16:30,161,71,90,0,0,0
2020-10-27 16:45,183,88,95,0,0,0
2020-10-27 17:00,181,105,76,0,0,0
2020-10-27 17:15,152,71,81,0,0,0
2020-10-27 17:30,133,65,68,0,0,0
2020-10-27 17:45,155,74,81,0,0,0
2020-10-27 18:00,175,79,96,0,0,0
2020-10-27 18:15,129,63,66,0,0,0
2020-10-27 18:30,119,54,65,0,0,0
2020-10-27 18:45,124,79,45,0,0,0
2020-10-27 19:00,100,43,57,0,0,0
2020-10-27 19:15,86,47,39,0,0,0
2020-10-27 19:30,80,35,45,0,0,0
2020-10-27 19:45,92,43,49,0,0,0
2020-10-27 20:00,80,39,41,0,0,0
2020-10-27 20:15,70,32,38,0,0,0
2020-10-27 20:30,58,27,31,0,0,0
2020-10-27 20:45,41,15,26,0,0,0
2020-10-27 21:00,50,14,36,0,0,0
2020-10-27 21:15,48,14,34,0,0,0
2020-10-27 21:30,44,19,25,0,0,0
2020-10-27 21:45,31,13,18,0,0,0
2020-10-27 22:00,25,11,14,0,0,0
2020-10-27 22:15,27,10,17,0,0,0
2020-10-27 22:30,30,7,23,0,0,0
2020-10-27 22:45,14,7,7,0,0,0
2020-10-27 23:00,33,7,26,0,0,0
2020-10-27 23:15,36,12,24,0,0,0
2020-10-27 23:30,17,5,12,0,0,0
2020-10-27 23:45,11,2,9,0,0,0
2020-10-28 00:00,16,3,13,0,0,0
2020-10-28 00:15,11,8,3,0,0,0
2020-10-28 00:30,11,4,7,0,0,0
2020-10-28 00:45,8,3,5,0,0,0
2020-10-28 01:00,6,3,3,0,0,0
2020-10-28 01:15,5,1,4,0,0,0
2020-10-28 01:30,2,1,1,0,0,0
2020-10-28 01:45,7,6,1,0,0,0
2020-10-28 02:00,3,0,3,0,0,0
2020-10-28 02:15,3,1,2,0,0,0
2020-10-28 02:30,2,1,1,0,0,0
2020-10-28 02:45,0,0,0,0,0,0
2020-10-28 03:00,2,1,1,0,0,0
2020-10-28 03:15,1,1,0,0,0,0
2020-10-28 03:30,3,0,3,0,0,0
2020-10-28 03:45,3,2,1,0,0,0
2020-10-28 04:00,2,0,2,0,0,0
2020-10-28 04:15,1,1,0,0,0,0
2020-10-28 04:30,3,1,2,0,0,0
2020-10-28 04:45,4,1,3,0,0,0
2020-10-28 05:00,5,1,4,0,0,0
2020-10-28 05:15,10,7,3,0,0,0
2020-10-28 05:30,18,4,14,0,0,0
2020-10-28 05:45,22,10,12,0,0,0
2020-10-28 06:00,28,8,20,0,0,0
2020-10-28 06:15,30,11,19,0,0,0
2020-10-28 06:30,54,18,36,0,0,0
2020-10-28 06:45,73,40,33,0,0,0
2020-10-28 07:00,91,49,42,0,0,0
2020-10-28 07:15,103,43,60,0,0,0
2020-10-28 07:30,171,72,99,0,0,0
2020-10-28 07:45,146,73,73,0,0,0
2020-10-28 08:00,132,66,66,0,0,0
2020-10-28 08:15,134,75,59,0,0,0
2020-10-28 08:30,124,63,61,0,0,0
2020-10-28 08:45,153,57,96,0,0,0
2020-10-28 09:00,94,44,50,0,0,0
2020-10-28 09:15,90,33,57,0,0,0
2020-10-28 09:30,90,37,53,0,0,0
2020-10-28 09:45,92,40,52,0,0,0
2020-10-28 10:00,86,36,50,0,0,0
2020-10-28 10:15,84,31,53,0,0,0
2020-10-28 10:30,103,43,60,0,0,0
2020-10-28 10:45,94,51,43,0,0,0
2020-10-28 11:00,77,45,32,0,0,0
2020-10-28 11:15,106,36,70,0,0,0
2020-10-28 11:30,117,63,54,0,0,0
2020-10-28 11:45,125,58,67,0,0,0
2020-10-28 12:00,118,54,64,0,0,0
2020-10-28 12:15,118,56,62,0,0,0
2020-10-28 12:30,139,64,75,0,0,0
2020-10-28 12:45,129,63,66,0,0,0
2020-10-28 13:00,137,63,74,0,0,0
2020-10-28 13:15,125,54,71,0,0,0
2020-10-28 13:30,129,56,73,0,0,0
2020-10-28 13:45,119,52,67,0,0,0
2020-10-28 14:00,108,44,64,0,0,0
2020-10-28 14:15,103,54,49,0,0,0
2020-10-28 14:30,116,58,58,0,0,0
2020-10-28 14:45,120,61,59,0,0,0
2020-10-28 15:00,104,59,45,0,0,0
2020-10-28 15:15,109,50,59,0,0,0
2020-10-28 15:30,128,69,59,0,0,0
2020-10-28 15:45,127,69,58,0,0,0
2020-10-28 16:00,147,82,65,0,0,0
2020-10-28 16:15,159,81,78,0,0,0
2020-10-28 16:30,146,86,60,0,0,0
2020-10-28 16:45,179,89,90,0,0,0
2020-10-28 17:00,145,70,75,0,0,0
2020-10-28 17:15,158,68,90,0,0,0
2020-10-28 17:30,145,79,66,0,0,0
2020-10-28 17:45,170,82,88,0,0,0
2020-10-28 18:00,144,62,82,0,0,0
2020-10-28 18:15,134,65,69,0,0,0
2020-10-28 18:30,124,58,66,0,0,0
2020-10-28 18:45,128,64,64,0,0,0
2020-10-28 19:00,96,46,50,0,0,0
2020-10-28 19:15,103,47,56,0,0,0
2020-10-28 19:30,76,28,48,0,0,0
2020-10-28 19:45,83,35,48,0,0,0
2020-10-28 20:00,89,27,62,0,0,0
2020-10-28 20:15,48,22,26,0,0,0
2020-10-28 20:30,61,24,37,0,0,0
2020-10-28 20:45,35,17,18,0,0,0
2020-10-28 21:00,50,23,27,0,0,0
2020-10-28 21:15,48,23,25,0,0,0
2020-10-28 21:30,53,23,30,0,0,0
2020-10-28 21:45,34,16,18,0,0,0
2020-10-28 22:00,29,15,14,0,0,0
2020-10-28 22:15,24,14,10,0,0,0
2020-10-28 22:30,30,9,21,0,0,0
2020-10-28 22:45,30,6,24,0,0,0
2020-10-28 23:00,46,14,32,0,0,0
2020-10-28 23:15,31,15,16,0,0,0
2020-10-28 23:30,21,11,10,0,0,0
2020-10-28 23:45,15,8,7,0,0,0
2020-10-29 00:00,12,7,5,0,0,0
2020-10-29 00:15,8,3,5,0,0,0
2020-10-29 00:30,6,4,2,0,0,0
2020-10-29 00:45,8,3,5,0,0,0
2020-10-29 01:00,3,3,0,0,0,0
2020-10-29 01:15,4,3,1,0,0,0
2020-10-29 01:30,4,3,1,0,0,0
2020-10-29 01:45,1,0,1,0,0,0
2020-10-29 02:00,4,3,1,0,0,0
2020-10-29 02:15,2,2,0,0,0,0
2020-10-29 02:30,5,2,3,0,0,0
2020-10-29 02:45,2,2,0,0,0,0
2020-10-29 03:00,2,0,2,0,0,0
2020-10-29 03:15,1,0,1,0,0,0
2020-10-29 03:30,2,0,2,0,0,0
2020-10-29 03:45,1,1,0,0,0,0
2020-10-29 04:00,0,0,0,0,0,0
2020-10-29 04:15,5,1,4,0,0,0
2020-10-29 04:30,5,1,4,0,0,0
2020-10-29 04:45,6,2,4,0,0,0
2020-10-29 05:00,2,1,1,0,0,0
2020-10-29 05:15,12,8,4,0,0,0
2020-10-29 05:30,25,10,15,0,0,0
2020-10-29 05:45,16,10,6,0,0,0
2020-10-29 06:00,19,9,10,0,0,0
2020-10-29 06:15,24,10,14,0,0,0
2020-10-29 06:30,38,9,29,0,0,0
2020-10-29 06:45,60,29,31,0,0,0
2020-10-29 07:00,72,33,39,0,0,0
2020-10-29 07:15,81,37,44,0,0,0
2020-10-29 07:30,167,61,106,0,0,0
2020-10-29 07:45,162,83,79,0,0,0
2020-10-29 08:00,118,64,54,0,0,0
2020-10-29 08:15,136,71,65,0,0,0
2020-10-29 08:30,116,57,59,0,0,0
2020-10-29 08:45,137,67,70,0,0,0
2020-10-29 09:00,91,44,47,0,0,0
2020-10-29 09:15,99,45,54,0,0,0
2020-10-29 09:30,85,38,47,0,0,0
2020-10-29 09:45,106,39,67,0,0,0
2020-10-29 10:00,100,53,47,0,0,0
2020-10-29 10:15,86,38,48,0,0,0
2020-10-29 10:30,96,41,55,0,0,0
2020-10-29 10:45,85,44,41,0,0,0
2020-10-29 11:00,115,58,57,0,0,0
2020-10-29 11:15,100,38,62,0,0,0
2020-10-29 11:30,122,48,74,0,0,0
2020-10-29 11:45,87,33,54,0,0,0
2020-10-29 12:00,107,49,58,0,0,0
2020-10-29 12:15,126,66,60,0,0,0
2020-10-29 12:30,117,67,50,0,0,0
2020-10-29 12:45,112,37,75,0,0,0
2020-10-29 13:00,141,68,73,0,0,0
2020-10-29 13:15,110,51,59,0,0,0
2020-10-29 13:30,109,54,55,0,0,0
2020-10-29 13:45,143,68,75,0,0,0
2020-10-29 14:00,115,50,65,0,0,0
2020-10-29 14:15,125,53,72,0,0,0
2020-10-29 14:30,127,54,73,0,0,0
2020-10-29 14:45,153,72,81,0,0,0
2020-10-29 15:00,111,52,59,0,0,0
2020-10-29 15:15,140,64,76,0,0,0
2020-10-29 15:30,136,64,72,0,0,0
2020-10-29 15:45,138,61,77,0,0,0
2020-10-29 16:00,154,78,76,0,0,0
2020-10-29 16:15,166,94,72,0,0,0
2020-10-29 16:30,144,70,74,0,0,0
2020-10-29 16:45,159,78,81,0,0,0
2020-10-29 17:00,128,69,59,0,0,0
2020-10-29 17:15,138,65,73,0,0,0
2020-10-29 17:30,140,64,76,0,0,0
2020-10-29 17:45,136,49,87,0,0,0
2020-10-29 18:00,89,43,46,0,0,0
2020-10-29 18:15,126,62,64,0,0,0
2020-10-29 18:30,99,39,60,0,0,0
2020-10-29 18:45,95,41,54,0,0,0
2020-10-29 19:00,91,35,56,0,0,0
2020-10-29 19:15,82,33,49,0,0,0
2020-10-29 19:30,59,26,33,0,0,0
2020-10-29 19:45,74,33,41,0,0,0
2020-10-29 20:00,61,30,31,0,0,0
2020-10-29 20:15,45,18,27,0,0,0
2020-10-29 20:30,44,21,23,0,0,0
2020-10-29 20:45,26,12,14,0,0,0
2020-10-29 21:00,31,11,20,0,0,0
2020-10-29 21:15,49,19,30,0,0,0
2020-10-29 21:30,41,17,24,0,0,0
2020-10-29 21:45,35,14,21,0,0,0
2020-10-29 22:00,27,13,14,0,0,0
2020-10-29 22:15,22,6,16,0,0,0
2020-10-29 22:30,20,11,9,0,0,0
2020-10-29 22:45,27,6,21,0,0,0
2020-10-29 23:00,29,9,20,0,0,0
2020-10-29 23:15,20,7,13,0,0,0
2020-10-29 23:30,9,4,5,0,0,0
2020-10-29 23:45,10,1,9,0,0,0
2020-10-30 00:00,13,9,4,0,0,0
2020-10-30 00:15,14,10,4,0,0,0
2020-10-30 00:30,5,4,1,0,0,0
2020-10-30 00:45,6,3,3,0,0,0
2020-10-30 01:00,6,1,5,0,0,0
2020-10-30 01:15,5,2,3,0,0,0
2020-10-30 01:30,4,1,3,0,0,0
2020-10-30 01:45,1,1,0,0,0,0
2020-10-30 02:00,4,1,3,0,0,0
2020-10-30 02:15,3,1,2,0,0,0
2020-10-30 02:30,3,1,2,0,0,0
2020-10-30 02:45,5,1,4,0,0,0
2020-10-30 03:00,4,0,4,0,0,0
2020-10-30 03:15,1,0,1,0,0,0
2020-10-30 03:30,3,1,2,0,0,0
2020-10-30 03:45,0,0,0,0,0,0
2020-10-30 04:00,1,1,0,0,0,0
2020-10-30 04:15,4,2,2,0,0,0
2020-10-30 04:30,8,2,6,0,0,0
2020-10-30 04:45,9,3,6,0,0,0
2020-10-30 05:00,3,2,1,0,0,0
2020-10-30 05:15,13,6,7,0,0,0
2020-10-30 05:30,26,11,15,0,0,0
2020-10-30 05:45,21,8,13,0,0,0
2020-10-30 06:00,24,8,16,0,0,0
2020-10-30 06:15,29,10,19,0,0,0
2020-10-30 06:30,43,17,26,0,0,0
2020-10-30 06:45,42,18,24,0,0,0
2020-10-30 07:00,49,25,24,0,0,0
2020-10-30 07:15,86,31,55,0,0,0
2020-10-30 07:30,118,48,70,0,0,0
2020-10-30 07:45,96,58,38,0,0,0
2020-10-30 08:00,104,56,48,0,0,0
2020-10-30 08:15,103,51,52,0,0,0
2020-10-30 08:30,102,41,61,0,0,0
2020-10-30 08:45,108,47,61,0,0,0
2020-10-30 09:00,69,31,38,0,0,0
2020-10-30 09:15,83,30,53,0,0,0
2020-10-30 09:30,62,21,41,0,0,0
2020-10-30 09:45,88,33,55,0,0,0
2020-10-30 10:00,85,29,56,0,0,0
2020-10-30 10:15,66,35,31,0,0,0
2020-10-30 10:30,74,33,41,0,0,0
2020-10-30 10:45,86,27,59,0,0,0
2020-10-30 11:00,91,40,51,0,0,0
2020-10-30 11:15,100,40,60,0,0,0
2020-10-30 11:30,90,41,49,0,0,0
2020-10-30 11:45,113,46,67,0,0,0
2020-10-30 12:00,112,48,64,0,0,0
2020-10-30 12:15,117,48,69,0,0,0
2020-10-30 12:30,114,55,59,0,0,0
2020-10-30 12:45,125,66,59,0,0,0
2020-10-30 13:00,144,58,86,0,0,0
2020-10-30 13:15,124,62,62,0,0,0
2020-10-30 13:30,121,51,70,0,0,0
2020-10-30 13:45,124,48,76,0,0,0
2020-10-30 14:00,123,66,57,0,0,0
2020-10-30 14:15,129,54,75,0,0,0
2020-10-30 14:30,128,54,74,0,0,0
2020-10-30 14:45,126,59,67,0,0,0
2020-10-30 15:00,120,55,65,0,0,0
2020-10-30 15:15,109,53,56,0,0,0
2020-10-30 15:30,115,50,65,0,0,0
2020-10-30 15:45,130,53,77,0,0,0
2020-10-30 16:00,135,61,74,0,0,0
2020-10-30 16:15,141,71,70,0,0,0
2020-10-30 16:30,154,73,81,0,0,0
2020-10-30 16:45,113,54,59,0,0,0
2020-10-30 17:00,101,50,51,0,0,0
2020-10-30 17:15,108,47,61,0,0,0
2020-10-30 17:30,110,49,61,0,0,0
2020-10-30 17:45,106,44,62,0,0,0
2020-10-30 18:00,115,57,58,0,0,0
2020-10-30 18:15,107,55,52,0,0,0
2020-10-30 18:30,97,43,54,0,0,0
2020-10-30 18:45,123,57,66,0,0,0
2020-10-30 19:00,98,38,60,0,0,0
2020-10-30 19:15,89,54,35,0,0,0
2020-10-30 19:30,77,32,45,0,0,0
2020-10-30 19:45,80,45,35,0,0,0
2020-10-30 20:00,63,18,45,0,0,0
2020-10-30 20:15,63,26,37,0,0,0
2020-10-30 20:30,47,31,16,0,0,0
2020-10-30 20:45,33,16,17,0,0,0
2020-10-30 21:00,49,19,30,0,0,0
2020-10-30 21:15,49,18,31,0,0,0
2020-10-30 21:30,49,21,28,0,0,0
2020-10-30 21:45,37,18,19,0,0,0
2020-10-30 22:00,39,13,26,0,0,0
2020-10-30 22:15,32,12,20,0,0,0
2020-10-30 22:30,49,19,30,0,0,0
2020-10-30 22:45,22,4,18,0,0,0
2020-10-30 23:00,62,24,38,0,0,0
2020-10-30 23:15,48,15,33,0,0,0
2020-10-30 23:30,36,14,22,0,0,0
2020-10-30 23:45,26,15,11,0,0,0
2020-10-31 00:00,22,12,10,0,0,0
2020-10-31 00:15,18,8,10,0,0,0
2020-10-31 00:30,15,5,10,0,0,0
2020-10-31 00:45,17,12,5,0,0,0
2020-10-31 01:00,21,10,11,0,0,0
2020-10-31 01:15,21,7,14,0,0,0
2020-10-31 01:30,13,7,6,0,0,0
2020-10-31 01:45,7,2,5,0,0,0
2020-10-31 02:00,15,9,6,0,0,0
2020-10-31 02:15,7,5,2,0,0,0
2020-10-31 02:30,2,1,1,0,0,0
2020-10-31 02:45,4,1,3,0,0,0
2020-10-31 03:00,8,2,6,0,0,0
2020-10-31 03:15,1,1,0,0,0,0
2020-10-31 03:30,4,3,1,0,0,0
2020-10-31 03:45,1,1,0,0,0,0
2020-10-31 04:00,7,3,4,0,0,0
2020-10-31 04:15,5,3,2,0,0,0
2020-10-31 04:30,5,0,5,0,0,0
2020-10-31 04:45,5,2,3,0,0,0
2020-10-31 05:00,0,0,0,0,0,0
2020-10-31 05:15,6,2,4,0,0,0
2020-10-31 05:30,11,4,7,0,0,0
2020-10-31 05:45,14,6,8,0,0,0
2020-10-31 06:00,6,2,4,0,0,0
2020-10-31 06:15,3,1,2,0,0,0
2020-10-31 06:30,7,3,4,0,0,0
2020-10-31 06:45,7,3,4,0,0,0
2020-10-31 07:00,6,3,3,0,0,0
2020-10-31 07:15,17,2,15,0,0,0
2020-10-31 07:30,17,8,9,0,0,0
2020-10-31 07:45,21,5,16,0,0,0
2020-10-31 08:00,28,12,16,0,0,0
2020-10-31 08:15,36,15,21,0,0,0
2020-10-31 08:30,30,14,16,0,0,0
2020-10-31 08:45,46,21,25,0,0,0
2020-10-31 09:00,47,19,28,0,0,0
2020-10-31 09:15,40,20,20,0,0,0
2020-10-31 09:30,61,26,35,0,0,0
2020-10-31 09:45,82,28,54,0,0,0
2020-10-31 10:00,69,20,49,0,0,0
2020-10-31 10:15,105,43,62,0,0,0
2020-10-31 10:30,74,26,48,0,0,0
2020-10-31 10:45,74,34,40,0,0,0
2020-10-31 11:00,83,33,50,0,0,0
2020-10-31 11:15,84,36,48,0,0,0
2020-10-31 11:30,100,42,58,0,0,0
2020-10-31 11:45,91,33,58,0,0,0
2020-10-31 12:00,96,40,56,0,0,0
2020-10-31 12:15,102,48,54,0,0,0
2020-10-31 12:30,96,31,65,0,0,0
2020-10-31 12:45,113,57,56,0,0,0
2020-10-31 13:00,106,53,53,0,0,0
2020-10-31 13:15,135,64,71,0,0,0
2020-10-31 13:30,85,43,42,0,0,0
2020-10-31 13:45,128,61,67,0,0,0
2020-10-31 14:00,132,64,68,0,0,0
2020-10-31 14:15,96,41,55,0,0,0
2020-10-31 14:30,94,47,47,0,0,0
2020-10-31 14:45,134,53,81,0,0,0
2020-10-31 15:00,103,51,52,0,0,0
2020-10-31 15:15,129,52,77,0,0,0
2020-10-31 15:30,98,57,41,0,0,0
2020-10-31 15:45,125,54,71,0,0,0
2020-10-31 16:00,98,55,43,0,0,0
2020-10-31 16:15,95,40,55,0,0,0
2020-10-31 16:30,105,49,56,0,0,0
2020-10-31 16:45,111,41,70,0,0,0
2020-10-31 17:00,117,52,65,0,0,0
2020-10-31 17:15,106,52,54,0,0,0
2020-10-31 17:30,111,67,44,0,0,0
2020-10-31 17:45,111,55,56,0,0,0
2020-10-31 18:00,92,36,56,0,0,0
2020-10-31 18:15,100,55,45,0,0,0
2020-10-31 18:30,65,34,31,0,0,0
2020-10-31 18:45,114,54,60,0,0,0
2020-10-31 19:00,82,40,42,0,0,0
2020-10-31 19:15,63,21,42,0,0,0
2020-10-31 19:30,67,31,36,0,0,0
2020-10-31 19:45,61,31,30,0,0,0
2020-10-31 20:00,75,29,46,0,0,0
2020-10-31 20:15,76,33,43,0,0,0
2020-10-31 20:30,41,17,24,0,0,0
2020-10-31 20:45,52,16,36,0,0,0
2020-10-31 21:00,42,21,21,0,0,0
2020-10-31 21:15,41,15,26,0,0,0
2020-10-31 21:30,35,15,20,0,0,0
2020-10-31 21:45,27,13,14,0,0,0
2020-10-31 22:00,31,13,18,0,0,0
2020-10-31 22:15,44,25,19,0,0,0
2020-10-31 22:30,41,18,23,0,0,0
2020-10-31 22:45,39,9,30,0,0,0
2020-10-31 23:00,54,21,33,0,0,0
2020-10-31 23:15,32,6,26,0,0,0
2020-10-31 23:30,43,19,24,0,0,0
2020-10-31 23:45,24,9,15,0,0,0
