Datetime,100031300 (HafenstraÃŸe),101031300 (Channel 1 IN),102031300 (Channel 2 OUT),100031300-status,101031300-status,102031300-status
2020-09-01 00:00,14,3,11,0,0,0
2020-09-01 00:15,12,7,5,0,0,0
2020-09-01 00:30,5,1,4,0,0,0
2020-09-01 00:45,8,3,5,0,0,0
2020-09-01 01:00,7,2,5,0,0,0
2020-09-01 01:15,6,3,3,0,0,0
2020-09-01 01:30,4,1,3,0,0,0
2020-09-01 01:45,2,1,1,0,0,0
2020-09-01 02:00,3,0,3,0,0,0
2020-09-01 02:15,2,2,0,0,0,0
2020-09-01 02:30,5,1,4,0,0,0
2020-09-01 02:45,0,0,0,0,0,0
2020-09-01 03:00,1,0,1,0,0,0
2020-09-01 03:15,1,1,0,0,0,0
2020-09-01 03:30,0,0,0,0,0,0
2020-09-01 03:45,0,0,0,0,0,0
2020-09-01 04:00,5,2,3,0,0,0
2020-09-01 04:15,3,1,2,0,0,0
2020-09-01 04:30,2,1,1,0,0,0
2020-09-01 04:45,5,1,4,0,0,0
2020-09-01 05:00,4,1,3,0,0,0
2020-09-01 05:15,9,5,4,0,0,0
2020-09-01 05:30,22,9,13,0,0,0
2020-09-01 05:45,19,10,9,0,0,0
2020-09-01 06:00,26,10,16,0,0,0
2020-09-01 06:15,28,12,16,0,0,0
2020-09-01 06:30,39,18,21,0,0,0
2020-09-01 06:45,68,36,32,0,0,0
2020-09-01 07:00,73,43,30,0,0,0
2020-09-01 07:15,106,48,58,0,0,0
2020-09-01 07:30,156,66,90,0,0,0
2020-09-01 07:45,155,85,70,0,0,0
2020-09-01 08:00,144,66,78,0,0,0
2020-09-01 08:15,135,76,59,0,0,0
2020-09-01 08:30,134,71,63,0,0,0
2020-09-01 08:45,129,54,75,0,0,0
2020-09-01 09:00,101,49,52,0,0,0
2020-09-01 09:15,105,45,60,0,0,0
2020-09-01 09:30,79,42,37,0,0,0
2020-09-01 09:45,110,49,61,0,0,0
2020-09-01 10:00,106,54,52,0,0,0
2020-09-01 10:15,82,38,44,0,0,0
2020-09-01 10:30,95,38,57,0,0,0
2020-09-01 10:45,94,39,55,0,0,0
2020-09-01 11:00,115,53,62,0,0,0
2020-09-01 11:15,100,45,55,0,0,0
2020-09-01 11:30,123,49,74,0,0,0
2020-09-01 11:45,127,62,65,0,0,0
2020-09-01 12:00,113,55,58,0,0,0
2020-09-01 12:15,132,55,77,0,0,0
2020-09-01 12:30,118,63,55,0,0,0
2020-09-01 12:45,130,73,57,0,0,0
2020-09-01 13:00,138,71,67,0,0,0
2020-09-01 13:15,129,68,61,0,0,0
2020-09-01 13:30,132,74,58,0,0,0
2020-09-01 13:45,146,76,70,0,0,0
2020-09-01 14:00,139,77,62,0,0,0
2020-09-01 14:15,124,73,51,0,0,0
2020-09-01 14:30,150,66,84,0,0,0
2020-09-01 14:45,140,70,70,0,0,0
2020-09-01 15:00,136,76,60,0,0,0
2020-09-01 15:15,113,62,51,0,0,0
2020-09-01 15:30,159,80,79,0,0,0
2020-09-01 15:45,167,91,76,0,0,0
2020-09-01 16:00,159,83,76,0,0,0
2020-09-01 16:15,172,88,84,0,0,0
2020-09-01 16:30,154,73,81,0,0,0
2020-09-01 16:45,183,91,92,0,0,0
2020-09-01 17:00,187,85,102,0,0,0
2020-09-01 17:15,164,84,80,0,0,0
2020-09-01 17:30,173,90,83,0,0,0
2020-09-01 17:45,201,93,108,0,0,0
2020-09-01 18:00,162,88,74,0,0,0
2020-09-01 18:15,154,68,86,0,0,0
2020-09-01 18:30,159,76,83,0,0,0
2020-09-01 18:45,124,82,42,0,0,0
2020-09-01 19:00,132,66,66,0,0,0
2020-09-01 19:15,138,74,64,0,0,0
2020-09-01 19:30,101,61,40,0,0,0
2020-09-01 19:45,126,69,57,0,0,0
2020-09-01 20:00,88,36,52,0,0,0
2020-09-01 20:15,86,39,47,0,0,0
2020-09-01 20:30,67,39,28,0,0,0
2020-09-01 20:45,48,23,25,0,0,0
2020-09-01 21:00,79,48,31,0,0,0
2020-09-01 21:15,73,34,39,0,0,0
2020-09-01 21:30,62,22,40,0,0,0
2020-09-01 21:45,44,17,27,0,0,0
2020-09-01 22:00,55,19,36,0,0,0
2020-09-01 22:15,34,11,23,0,0,0
2020-09-01 22:30,48,16,32,0,0,0
2020-09-01 22:45,42,14,28,0,0,0
2020-09-01 23:00,32,7,25,0,0,0
2020-09-01 23:15,31,8,23,0,0,0
2020-09-01 23:30,25,8,17,0,0,0
2020-09-01 23:45,24,8,16,0,0,0
2020-09-02 00:00,10,4,6,0,0,0
2020-09-02 00:15,17,3,14,0,0,0
2020-09-02 00:30,13,2,11,0,0,0
2020-09-02 00:45,8,2,6,0,0,0
2020-09-02 01:00,3,1,2,0,0,0
2020-09-02 01:15,6,1,5,0,0,0
2020-09-02 01:30,7,1,6,0,0,0
2020-09-02 01:45,2,1,1,0,0,0
2020-09-02 02:00,2,0,2,0,0,0
2020-09-02 02:15,2,0,2,0,0,0
2020-09-02 02:30,0,0,0,0,0,0
2020-09-02 02:45,0,0,0,0,0,0
2020-09-02 03:00,0,0,0,0,0,0
2020-09-02 03:15,0,0,0,0,0,0
2020-09-02 03:30,0,0,0,0,0,0
2020-09-02 03:45,2,0,2,0,0,0
2020-09-02 04:00,0,0,0,0,0,0
2020-09-02 04:15,1,1,0,0,0,0
2020-09-02 04:30,8,3,5,0,0,0
2020-09-02 04:45,9,2,7,0,0,0
2020-09-02 05:00,5,3,2,0,0,0
2020-09-02 05:15,10,4,6,0,0,0
2020-09-02 05:30,16,3,13,0,0,0
2020-09-02 05:45,18,9,9,0,0,0
2020-09-02 06:00,33,11,22,0,0,0
2020-09-02 06:15,30,8,22,0,0,0
2020-09-02 06:30,41,18,23,0,0,0
2020-09-02 06:45,52,26,26,0,0,0
2020-09-02 07:00,83,49,34,0,0,0
2020-09-02 07:15,97,41,56,0,0,0
2020-09-02 07:30,165,64,101,0,0,0
2020-09-02 07:45,164,86,78,0,0,0
2020-09-02 08:00,130,65,65,0,0,0
2020-09-02 08:15,150,89,61,0,0,0
2020-09-02 08:30,138,63,75,0,0,0
2020-09-02 08:45,129,63,66,0,0,0
2020-09-02 09:00,99,30,69,0,0,0
2020-09-02 09:15,88,45,43,0,0,0
2020-09-02 09:30,80,26,54,0,0,0
2020-09-02 09:45,91,37,54,0,0,0
2020-09-02 10:00,92,40,52,0,0,0
2020-09-02 10:15,87,35,52,0,0,0
2020-09-02 10:30,96,56,40,0,0,0
2020-09-02 10:45,127,61,66,0,0,0
2020-09-02 11:00,109,47,62,0,0,0
2020-09-02 11:15,87,38,49,0,0,0
2020-09-02 11:30,97,44,53,0,0,0
2020-09-02 11:45,102,37,65,0,0,0
2020-09-02 12:00,109,43,66,0,0,0
2020-09-02 12:15,115,50,65,0,0,0
2020-09-02 12:30,135,66,69,0,0,0
2020-09-02 12:45,144,86,58,0,0,0
2020-09-02 13:00,126,71,55,0,0,0
2020-09-02 13:15,163,94,69,0,0,0
2020-09-02 13:30,130,67,63,0,0,0
2020-09-02 13:45,142,66,76,0,0,0
2020-09-02 14:00,123,77,46,0,0,0
2020-09-02 14:15,95,45,50,0,0,0
2020-09-02 14:30,115,66,49,0,0,0
2020-09-02 14:45,134,65,69,0,0,0
2020-09-02 15:00,131,74,57,0,0,0
2020-09-02 15:15,125,64,61,0,0,0
2020-09-02 15:30,119,64,55,0,0,0
2020-09-02 15:45,148,84,64,0,0,0
2020-09-02 16:00,163,78,85,0,0,0
2020-09-02 16:15,152,81,71,0,0,0
2020-09-02 16:30,187,93,94,0,0,0
2020-09-02 16:45,183,79,104,0,0,0
2020-09-02 17:00,177,85,92,0,0,0
2020-09-02 17:15,200,92,108,0,0,0
2020-09-02 17:30,173,82,91,0,0,0
2020-09-02 17:45,200,106,94,0,0,0
2020-09-02 18:00,161,88,73,0,0,0
2020-09-02 18:15,183,100,83,0,0,0
2020-09-02 18:30,137,88,49,0,0,0
2020-09-02 18:45,174,91,83,0,0,0
2020-09-02 19:00,129,77,52,0,0,0
2020-09-02 19:15,128,81,47,0,0,0
2020-09-02 19:30,157,86,71,0,0,0
2020-09-02 19:45,106,60,46,0,0,0
2020-09-02 20:00,99,52,47,0,0,0
2020-09-02 20:15,120,63,57,0,0,0
2020-09-02 20:30,87,41,46,0,0,0
2020-09-02 20:45,74,39,35,0,0,0
2020-09-02 21:00,70,35,35,0,0,0
2020-09-02 21:15,77,31,46,0,0,0
2020-09-02 21:30,90,45,45,0,0,0
2020-09-02 21:45,57,24,33,0,0,0
2020-09-02 22:00,53,21,32,0,0,0
2020-09-02 22:15,51,16,35,0,0,0
2020-09-02 22:30,58,18,40,0,0,0
2020-09-02 22:45,44,14,30,0,0,0
2020-09-02 23:00,72,15,57,0,0,0
2020-09-02 23:15,49,16,33,0,0,0
2020-09-02 23:30,26,10,16,0,0,0
2020-09-02 23:45,21,10,11,0,0,0
2020-09-03 00:00,15,4,11,0,0,0
2020-09-03 00:15,18,5,13,0,0,0
2020-09-03 00:30,13,4,9,0,0,0
2020-09-03 00:45,15,4,11,0,0,0
2020-09-03 01:00,3,2,1,0,0,0
2020-09-03 01:15,8,3,5,0,0,0
2020-09-03 01:30,2,1,1,0,0,0
2020-09-03 01:45,4,2,2,0,0,0
2020-09-03 02:00,4,3,1,0,0,0
2020-09-03 02:15,1,1,0,0,0,0
2020-09-03 02:30,4,4,0,0,0,0
2020-09-03 02:45,7,3,4,0,0,0
2020-09-03 03:00,5,2,3,0,0,0
2020-09-03 03:15,4,0,4,0,0,0
2020-09-03 03:30,1,1,0,0,0,0
2020-09-03 03:45,1,0,1,0,0,0
2020-09-03 04:00,2,0,2,0,0,0
2020-09-03 04:15,2,1,1,0,0,0
2020-09-03 04:30,2,1,1,0,0,0
2020-09-03 04:45,11,3,8,0,0,0
2020-09-03 05:00,9,4,5,0,0,0
2020-09-03 05:15,11,7,4,0,0,0
2020-09-03 05:30,16,6,10,0,0,0
2020-09-03 05:45,25,18,7,0,0,0
2020-09-03 06:00,22,7,15,0,0,0
2020-09-03 06:15,26,11,15,0,0,0
2020-09-03 06:30,50,24,26,0,0,0
2020-09-03 06:45,76,36,40,0,0,0
2020-09-03 07:00,68,34,34,0,0,0
2020-09-03 07:15,96,50,46,0,0,0
2020-09-03 07:30,144,59,85,0,0,0
2020-09-03 07:45,160,80,80,0,0,0
2020-09-03 08:00,150,82,68,0,0,0
2020-09-03 08:15,131,71,60,0,0,0
2020-09-03 08:30,132,59,73,0,0,0
2020-09-03 08:45,141,62,79,0,0,0
2020-09-03 09:00,98,37,61,0,0,0
2020-09-03 09:15,82,31,51,0,0,0
2020-09-03 09:30,91,47,44,0,0,0
2020-09-03 09:45,118,44,74,0,0,0
2020-09-03 10:00,58,27,31,0,0,0
2020-09-03 10:15,77,36,41,0,0,0
2020-09-03 10:30,95,43,52,0,0,0
2020-09-03 10:45,91,41,50,0,0,0
2020-09-03 11:00,95,34,61,0,0,0
2020-09-03 11:15,73,26,47,0,0,0
2020-09-03 11:30,95,38,57,0,0,0
2020-09-03 11:45,95,38,57,0,0,0
2020-09-03 12:00,76,35,41,0,0,0
2020-09-03 12:15,93,42,51,0,0,0
2020-09-03 12:30,86,42,44,0,0,0
2020-09-03 12:45,95,41,54,0,0,0
2020-09-03 13:00,115,52,63,0,0,0
2020-09-03 13:15,89,41,48,0,0,0
2020-09-03 13:30,109,43,66,0,0,0
2020-09-03 13:45,91,36,55,0,0,0
2020-09-03 14:00,123,52,71,0,0,0
2020-09-03 14:15,88,33,55,0,0,0
2020-09-03 14:30,126,54,72,0,0,0
2020-09-03 14:45,110,49,61,0,0,0
2020-09-03 15:00,87,36,51,0,0,0
2020-09-03 15:15,78,29,49,0,0,0
2020-09-03 15:30,101,39,62,0,0,0
2020-09-03 15:45,122,65,57,0,0,0
2020-09-03 16:00,122,61,61,0,0,0
2020-09-03 16:15,112,48,64,0,0,0
2020-09-03 16:30,131,47,84,0,0,0
2020-09-03 16:45,127,49,78,0,0,0
2020-09-03 17:00,128,51,77,0,0,0
2020-09-03 17:15,145,51,94,0,0,0
2020-09-03 17:30,144,82,62,0,0,0
2020-09-03 17:45,148,71,77,0,0,0
2020-09-03 18:00,144,69,75,0,0,0
2020-09-03 18:15,121,57,64,0,0,0
2020-09-03 18:30,129,61,68,0,0,0
2020-09-03 18:45,135,76,59,0,0,0
2020-09-03 19:00,103,48,55,0,0,0
2020-09-03 19:15,108,53,55,0,0,0
2020-09-03 19:30,117,51,66,0,0,0
2020-09-03 19:45,84,48,36,0,0,0
2020-09-03 20:00,82,31,51,0,0,0
2020-09-03 20:15,78,42,36,0,0,0
2020-09-03 20:30,57,27,30,0,0,0
2020-09-03 20:45,66,23,43,0,0,0
2020-09-03 21:00,56,26,30,0,0,0
2020-09-03 21:15,51,20,31,0,0,0
2020-09-03 21:30,55,24,31,0,0,0
2020-09-03 21:45,37,19,18,0,0,0
2020-09-03 22:00,50,11,39,0,0,0
2020-09-03 22:15,44,17,27,0,0,0
2020-09-03 22:30,37,9,28,0,0,0
2020-09-03 22:45,39,8,31,0,0,0
2020-09-03 23:00,42,11,31,0,0,0
2020-09-03 23:15,35,13,22,0,0,0
2020-09-03 23:30,28,9,19,0,0,0
2020-09-03 23:45,14,4,10,0,0,0
2020-09-04 00:00,10,6,4,0,0,0
2020-09-04 00:15,17,6,11,0,0,0
2020-09-04 00:30,7,1,6,0,0,0
2020-09-04 00:45,9,7,2,0,0,0
2020-09-04 01:00,7,2,5,0,0,0
2020-09-04 01:15,1,1,0,0,0,0
2020-09-04 01:30,5,2,3,0,0,0
2020-09-04 01:45,5,0,5,0,0,0
2020-09-04 02:00,1,0,1,0,0,0
2020-09-04 02:15,1,1,0,0,0,0
2020-09-04 02:30,6,2,4,0,0,0
2020-09-04 02:45,0,0,0,0,0,0
2020-09-04 03:00,0,0,0,0,0,0
2020-09-04 03:15,3,1,2,0,0,0
2020-09-04 03:30,1,1,0,0,0,0
2020-09-04 03:45,2,1,1,0,0,0
2020-09-04 04:00,3,0,3,0,0,0
2020-09-04 04:15,9,3,6,0,0,0
2020-09-04 04:30,3,1,2,0,0,0
2020-09-04 04:45,5,2,3,0,0,0
2020-09-04 05:00,5,3,2,0,0,0
2020-09-04 05:15,18,6,12,0,0,0
2020-09-04 05:30,10,5,5,0,0,0
2020-09-04 05:45,16,9,7,0,0,0
2020-09-04 06:00,16,5,11,0,0,0
2020-09-04 06:15,29,9,20,0,0,0
2020-09-04 06:30,41,19,22,0,0,0
2020-09-04 06:45,48,31,17,0,0,0
2020-09-04 07:00,62,18,44,0,0,0
2020-09-04 07:15,82,31,51,0,0,0
2020-09-04 07:30,145,61,84,0,0,0
2020-09-04 07:45,129,73,56,0,0,0
2020-09-04 08:00,107,48,59,0,0,0
2020-09-04 08:15,125,62,63,0,0,0
2020-09-04 08:30,114,51,63,0,0,0
2020-09-04 08:45,102,44,58,0,0,0
2020-09-04 09:00,81,34,47,0,0,0
2020-09-04 09:15,108,44,64,0,0,0
2020-09-04 09:30,76,25,51,0,0,0
2020-09-04 09:45,112,54,58,0,0,0
2020-09-04 10:00,80,42,38,0,0,0
2020-09-04 10:15,93,41,52,0,0,0
2020-09-04 10:30,99,50,49,0,0,0
2020-09-04 10:45,115,47,68,0,0,0
2020-09-04 11:00,103,49,54,0,0,0
2020-09-04 11:15,98,44,54,0,0,0
2020-09-04 11:30,112,48,64,0,0,0
2020-09-04 11:45,118,52,66,0,0,0
2020-09-04 12:00,99,57,42,0,0,0
2020-09-04 12:15,114,51,63,0,0,0
2020-09-04 12:30,115,55,60,0,0,0
2020-09-04 12:45,114,54,60,0,0,0
2020-09-04 13:00,125,52,73,0,0,0
2020-09-04 13:15,105,65,40,0,0,0
2020-09-04 13:30,112,36,76,0,0,0
2020-09-04 13:45,111,49,62,0,0,0
2020-09-04 14:00,122,72,50,0,0,0
2020-09-04 14:15,123,60,63,0,0,0
2020-09-04 14:30,111,62,49,0,0,0
2020-09-04 14:45,122,61,61,0,0,0
2020-09-04 15:00,126,61,65,0,0,0
2020-09-04 15:15,136,79,57,0,0,0
2020-09-04 15:30,113,50,63,0,0,0
2020-09-04 15:45,145,77,68,0,0,0
2020-09-04 16:00,112,48,64,0,0,0
2020-09-04 16:15,118,63,55,0,0,0
2020-09-04 16:30,141,65,76,0,0,0
2020-09-04 16:45,154,83,71,0,0,0
2020-09-04 17:00,136,61,75,0,0,0
2020-09-04 17:15,132,67,65,0,0,0
2020-09-04 17:30,164,91,73,0,0,0
2020-09-04 17:45,142,83,59,0,0,0
2020-09-04 18:00,138,80,58,0,0,0
2020-09-04 18:15,118,62,56,0,0,0
2020-09-04 18:30,100,65,35,0,0,0
2020-09-04 18:45,161,90,71,0,0,0
2020-09-04 19:00,103,55,48,0,0,0
2020-09-04 19:15,119,58,61,0,0,0
2020-09-04 19:30,101,58,43,0,0,0
2020-09-04 19:45,116,74,42,0,0,0
2020-09-04 20:00,117,60,57,0,0,0
2020-09-04 20:15,122,73,49,0,0,0
2020-09-04 20:30,109,51,58,0,0,0
2020-09-04 20:45,86,51,35,0,0,0
2020-09-04 21:00,69,30,39,0,0,0
2020-09-04 21:15,59,30,29,0,0,0
2020-09-04 21:30,78,41,37,0,0,0
2020-09-04 21:45,52,13,39,0,0,0
2020-09-04 22:00,56,19,37,0,0,0
2020-09-04 22:15,54,18,36,0,0,0
2020-09-04 22:30,37,13,24,0,0,0
2020-09-04 22:45,45,17,28,0,0,0
2020-09-04 23:00,56,15,41,0,0,0
2020-09-04 23:15,39,14,25,0,0,0
2020-09-04 23:30,56,19,37,0,0,0
2020-09-04 23:45,51,17,34,0,0,0
2020-09-05 00:00,46,13,33,0,0,0
2020-09-05 00:15,50,14,36,0,0,0
2020-09-05 00:30,40,21,19,0,0,0
2020-09-05 00:45,47,20,27,0,0,0
2020-09-05 01:00,33,8,25,0,0,0
2020-09-05 01:15,23,9,14,0,0,0
2020-09-05 01:30,17,5,12,0,0,0
2020-09-05 01:45,32,4,28,0,0,0
2020-09-05 02:00,31,10,21,0,0,0
2020-09-05 02:15,26,7,19,0,0,0
2020-09-05 02:30,21,4,17,0,0,0
2020-09-05 02:45,20,6,14,0,0,0
2020-09-05 03:00,17,10,7,0,0,0
2020-09-05 03:15,6,3,3,0,0,0
2020-09-05 03:30,17,9,8,0,0,0
2020-09-05 03:45,11,3,8,0,0,0
2020-09-05 04:00,4,0,4,0,0,0
2020-09-05 04:15,5,1,4,0,0,0
2020-09-05 04:30,4,2,2,0,0,0
2020-09-05 04:45,11,3,8,0,0,0
2020-09-05 05:00,5,4,1,0,0,0
2020-09-05 05:15,7,0,7,0,0,0
2020-09-05 05:30,17,6,11,0,0,0
2020-09-05 05:45,13,4,9,0,0,0
2020-09-05 06:00,6,2,4,0,0,0
2020-09-05 06:15,4,2,2,0,0,0
2020-09-05 06:30,4,2,2,0,0,0
2020-09-05 06:45,6,5,1,0,0,0
2020-09-05 07:00,4,1,3,0,0,0
2020-09-05 07:15,6,3,3,0,0,0
2020-09-05 07:30,12,4,8,0,0,0
2020-09-05 07:45,25,4,21,0,0,0
2020-09-05 08:00,20,11,9,0,0,0
2020-09-05 08:15,17,8,9,0,0,0
2020-09-05 08:30,29,13,16,0,0,0
2020-09-05 08:45,28,13,15,0,0,0
2020-09-05 09:00,17,5,12,0,0,0
2020-09-05 09:15,49,22,27,0,0,0
2020-09-05 09:30,61,29,32,0,0,0
2020-09-05 09:45,66,33,33,0,0,0
2020-09-05 10:00,51,20,31,0,0,0
2020-09-05 10:15,46,11,35,0,0,0
2020-09-05 10:30,42,12,30,0,0,0
2020-09-05 10:45,46,19,27,0,0,0
2020-09-05 11:00,45,22,23,0,0,0
2020-09-05 11:15,63,16,47,0,0,0
2020-09-05 11:30,54,21,33,0,0,0
2020-09-05 11:45,65,23,42,0,0,0
2020-09-05 12:00,58,16,42,0,0,0
2020-09-05 12:15,73,26,47,0,0,0
2020-09-05 12:30,81,32,49,0,0,0
2020-09-05 12:45,86,41,45,0,0,0
2020-09-05 13:00,81,28,53,0,0,0
2020-09-05 13:15,88,43,45,0,0,0
2020-09-05 13:30,73,25,48,0,0,0
2020-09-05 13:45,102,55,47,0,0,0
2020-09-05 14:00,87,47,40,0,0,0
2020-09-05 14:15,99,50,49,0,0,0
2020-09-05 14:30,109,42,67,0,0,0
2020-09-05 14:45,84,40,44,0,0,0
2020-09-05 15:00,76,31,45,0,0,0
2020-09-05 15:15,77,36,41,0,0,0
2020-09-05 15:30,60,32,28,0,0,0
2020-09-05 15:45,90,49,41,0,0,0
2020-09-05 16:00,95,52,43,0,0,0
2020-09-05 16:15,51,28,23,0,0,0
2020-09-05 16:30,75,23,52,0,0,0
2020-09-05 16:45,99,41,58,0,0,0
2020-09-05 17:00,82,46,36,0,0,0
2020-09-05 17:15,98,45,53,0,0,0
2020-09-05 17:30,83,48,35,0,0,0
2020-09-05 17:45,87,40,47,0,0,0
2020-09-05 18:00,85,51,34,0,0,0
2020-09-05 18:15,105,58,47,0,0,0
2020-09-05 18:30,119,65,54,0,0,0
2020-09-05 18:45,98,57,41,0,0,0
2020-09-05 19:00,107,65,42,0,0,0
2020-09-05 19:15,84,52,32,0,0,0
2020-09-05 19:30,79,41,38,0,0,0
2020-09-05 19:45,92,49,43,0,0,0
2020-09-05 20:00,78,38,40,0,0,0
2020-09-05 20:15,70,44,26,0,0,0
2020-09-05 20:30,76,50,26,0,0,0
2020-09-05 20:45,79,39,40,0,0,0
2020-09-05 21:00,63,18,45,0,0,0
2020-09-05 21:15,51,23,28,0,0,0
2020-09-05 21:30,57,26,31,0,0,0
2020-09-05 21:45,50,18,32,0,0,0
2020-09-05 22:00,65,31,34,0,0,0
2020-09-05 22:15,38,15,23,0,0,0
2020-09-05 22:30,58,22,36,0,0,0
2020-09-05 22:45,47,18,29,0,0,0
2020-09-05 23:00,47,14,33,0,0,0
2020-09-05 23:15,36,10,26,0,0,0
2020-09-05 23:30,38,12,26,0,0,0
2020-09-05 23:45,27,12,15,0,0,0
2020-09-06 00:00,46,14,32,0,0,0
2020-09-06 00:15,32,13,19,0,0,0
2020-09-06 00:30,39,14,25,0,0,0
2020-09-06 00:45,38,4,34,0,0,0
2020-09-06 01:00,33,12,21,0,0,0
2020-09-06 01:15,25,5,20,0,0,0
2020-09-06 01:30,44,18,26,0,0,0
2020-09-06 01:45,20,7,13,0,0,0
2020-09-06 02:00,19,6,13,0,0,0
2020-09-06 02:15,16,3,13,0,0,0
2020-09-06 02:30,16,8,8,0,0,0
2020-09-06 02:45,16,9,7,0,0,0
2020-09-06 03:00,7,1,6,0,0,0
2020-09-06 03:15,10,4,6,0,0,0
2020-09-06 03:30,12,3,9,0,0,0
2020-09-06 03:45,11,3,8,0,0,0
2020-09-06 04:00,8,2,6,0,0,0
2020-09-06 04:15,4,2,2,0,0,0
2020-09-06 04:30,7,3,4,0,0,0
2020-09-06 04:45,3,2,1,0,0,0
2020-09-06 05:00,5,2,3,0,0,0
2020-09-06 05:15,5,2,3,0,0,0
2020-09-06 05:30,12,2,10,0,0,0
2020-09-06 05:45,4,1,3,0,0,0
2020-09-06 06:00,1,0,1,0,0,0
2020-09-06 06:15,2,1,1,0,0,0
2020-09-06 06:30,6,2,4,0,0,0
2020-09-06 06:45,5,3,2,0,0,0
2020-09-06 07:00,6,4,2,0,0,0
2020-09-06 07:15,4,1,3,0,0,0
2020-09-06 07:30,8,3,5,0,0,0
2020-09-06 07:45,12,5,7,0,0,0
2020-09-06 08:00,4,2,2,0,0,0
2020-09-06 08:15,8,3,5,0,0,0
2020-09-06 08:30,14,5,9,0,0,0
2020-09-06 08:45,17,10,7,0,0,0
2020-09-06 09:00,24,16,8,0,0,0
2020-09-06 09:15,27,5,22,0,0,0
2020-09-06 09:30,32,13,19,0,0,0
2020-09-06 09:45,63,29,34,0,0,0
2020-09-06 10:00,53,18,35,0,0,0
2020-09-06 10:15,57,33,24,0,0,0
2020-09-06 10:30,61,20,41,0,0,0
2020-09-06 10:45,66,37,29,0,0,0
2020-09-06 11:00,45,23,22,0,0,0
2020-09-06 11:15,57,22,35,0,0,0
2020-09-06 11:30,77,33,44,0,0,0
2020-09-06 11:45,68,36,32,0,0,0
2020-09-06 12:00,78,32,46,0,0,0
2020-09-06 12:15,72,40,32,0,0,0
2020-09-06 12:30,88,51,37,0,0,0
2020-09-06 12:45,77,42,35,0,0,0
2020-09-06 13:00,90,46,44,0,0,0
2020-09-06 13:15,84,28,56,0,0,0
2020-09-06 13:30,104,41,63,0,0,0
2020-09-06 13:45,92,39,53,0,0,0
2020-09-06 14:00,94,32,62,0,0,0
2020-09-06 14:15,162,115,47,0,0,0
2020-09-06 14:30,97,48,49,0,0,0
2020-09-06 14:45,158,111,47,0,0,0
2020-09-06 15:00,106,40,66,0,0,0
2020-09-06 15:15,71,40,31,0,0,0
2020-09-06 15:30,80,36,44,0,0,0
2020-09-06 15:45,86,44,42,0,0,0
2020-09-06 16:00,114,58,56,0,0,0
2020-09-06 16:15,106,67,39,0,0,0
2020-09-06 16:30,96,41,55,0,0,0
2020-09-06 16:45,86,35,51,0,0,0
2020-09-06 17:00,93,39,54,0,0,0
2020-09-06 17:15,74,30,44,0,0,0
2020-09-06 17:30,103,47,56,0,0,0
2020-09-06 17:45,84,30,54,0,0,0
2020-09-06 18:00,67,32,35,0,0,0
2020-09-06 18:15,94,33,61,0,0,0
2020-09-06 18:30,79,37,42,0,0,0
2020-09-06 18:45,92,42,50,0,0,0
2020-09-06 19:00,71,31,40,0,0,0
2020-09-06 19:15,70,31,39,0,0,0
2020-09-06 19:30,91,36,55,0,0,0
2020-09-06 19:45,92,44,48,0,0,0
2020-09-06 20:00,67,26,41,0,0,0
2020-09-06 20:15,59,25,34,0,0,0
2020-09-06 20:30,74,29,45,0,0,0
2020-09-06 20:45,52,23,29,0,0,0
2020-09-06 21:00,56,22,34,0,0,0
2020-09-06 21:15,49,29,20,0,0,0
2020-09-06 21:30,41,19,22,0,0,0
2020-09-06 21:45,34,8,26,0,0,0
2020-09-06 22:00,40,18,22,0,0,0
2020-09-06 22:15,47,11,36,0,0,0
2020-09-06 22:30,30,5,25,0,0,0
2020-09-06 22:45,34,9,25,0,0,0
2020-09-06 23:00,21,1,20,0,0,0
2020-09-06 23:15,6,1,5,0,0,0
2020-09-06 23:30,14,7,7,0,0,0
2020-09-06 23:45,12,3,9,0,0,0
2020-09-07 00:00,12,2,10,0,0,0
2020-09-07 00:15,4,2,2,0,0,0
2020-09-07 00:30,14,3,11,0,0,0
2020-09-07 00:45,2,1,1,0,0,0
2020-09-07 01:00,6,4,2,0,0,0
2020-09-07 01:15,9,0,9,0,0,0
2020-09-07 01:30,2,1,1,0,0,0
2020-09-07 01:45,2,2,0,0,0,0
2020-09-07 02:00,2,0,2,0,0,0
2020-09-07 02:15,0,0,0,0,0,0
2020-09-07 02:30,2,1,1,0,0,0
2020-09-07 02:45,0,0,0,0,0,0
2020-09-07 03:00,0,0,0,0,0,0
2020-09-07 03:15,0,0,0,0,0,0
2020-09-07 03:30,0,0,0,0,0,0
2020-09-07 03:45,4,0,4,0,0,0
2020-09-07 04:00,1,0,1,0,0,0
2020-09-07 04:15,4,3,1,0,0,0
2020-09-07 04:30,0,0,0,0,0,0
2020-09-07 04:45,7,2,5,0,0,0
2020-09-07 05:00,7,0,7,0,0,0
2020-09-07 05:15,8,4,4,0,0,0
2020-09-07 05:30,14,5,9,0,0,0
2020-09-07 05:45,17,11,6,0,0,0
2020-09-07 06:00,14,7,7,0,0,0
2020-09-07 06:15,30,16,14,0,0,0
2020-09-07 06:30,39,16,23,0,0,0
2020-09-07 06:45,79,45,34,0,0,0
2020-09-07 07:00,86,45,41,0,0,0
2020-09-07 07:15,96,38,58,0,0,0
2020-09-07 07:30,157,73,84,0,0,0
2020-09-07 07:45,165,87,78,0,0,0
2020-09-07 08:00,133,71,62,0,0,0
2020-09-07 08:15,133,77,56,0,0,0
2020-09-07 08:30,127,61,66,0,0,0
2020-09-07 08:45,155,65,90,0,0,0
2020-09-07 09:00,97,44,53,0,0,0
2020-09-07 09:15,108,57,51,0,0,0
2020-09-07 09:30,86,27,59,0,0,0
2020-09-07 09:45,84,33,51,0,0,0
2020-09-07 10:00,93,41,52,0,0,0
2020-09-07 10:15,94,45,49,0,0,0
2020-09-07 10:30,86,43,43,0,0,0
2020-09-07 10:45,106,46,60,0,0,0
2020-09-07 11:00,88,42,46,0,0,0
2020-09-07 11:15,101,52,49,0,0,0
2020-09-07 11:30,113,53,60,0,0,0
2020-09-07 11:45,96,43,53,0,0,0
2020-09-07 12:00,129,59,70,0,0,0
2020-09-07 12:15,126,62,64,0,0,0
2020-09-07 12:30,126,63,63,0,0,0
2020-09-07 12:45,109,56,53,0,0,0
2020-09-07 13:00,133,73,60,0,0,0
2020-09-07 13:15,120,58,62,0,0,0
2020-09-07 13:30,104,49,55,0,0,0
2020-09-07 13:45,134,60,74,0,0,0
2020-09-07 14:00,127,67,60,0,0,0
2020-09-07 14:15,111,54,57,0,0,0
2020-09-07 14:30,100,53,47,0,0,0
2020-09-07 14:45,132,60,72,0,0,0
2020-09-07 15:00,112,56,56,0,0,0
2020-09-07 15:15,105,67,38,0,0,0
2020-09-07 15:30,158,93,65,0,0,0
2020-09-07 15:45,143,87,56,0,0,0
2020-09-07 16:00,143,74,69,0,0,0
2020-09-07 16:15,185,89,96,0,0,0
2020-09-07 16:30,179,88,91,0,0,0
2020-09-07 16:45,155,67,88,0,0,0
2020-09-07 17:00,176,97,79,0,0,0
2020-09-07 17:15,171,91,80,0,0,0
2020-09-07 17:30,188,102,86,0,0,0
2020-09-07 17:45,184,108,76,0,0,0
2020-09-07 18:00,155,89,66,0,0,0
2020-09-07 18:15,145,74,71,0,0,0
2020-09-07 18:30,145,77,68,0,0,0
2020-09-07 18:45,141,75,66,0,0,0
2020-09-07 19:00,148,74,74,0,0,0
2020-09-07 19:15,140,81,59,0,0,0
2020-09-07 19:30,113,60,53,0,0,0
2020-09-07 19:45,103,52,51,0,0,0
2020-09-07 20:00,118,58,60,0,0,0
2020-09-07 20:15,90,41,49,0,0,0
2020-09-07 20:30,76,40,36,0,0,0
2020-09-07 20:45,77,30,47,0,0,0
2020-09-07 21:00,64,26,38,0,0,0
2020-09-07 21:15,69,39,30,0,0,0
2020-09-07 21:30,49,16,33,0,0,0
2020-09-07 21:45,60,21,39,0,0,0
2020-09-07 22:00,55,22,33,0,0,0
2020-09-07 22:15,38,17,21,0,0,0
2020-09-07 22:30,40,11,29,0,0,0
2020-09-07 22:45,47,11,36,0,0,0
2020-09-07 23:00,32,13,19,0,0,0
2020-09-07 23:15,28,7,21,0,0,0
2020-09-07 23:30,19,3,16,0,0,0
2020-09-07 23:45,11,6,5,0,0,0
2020-09-08 00:00,10,7,3,0,0,0
2020-09-08 00:15,12,6,6,0,0,0
2020-09-08 00:30,10,4,6,0,0,0
2020-09-08 00:45,7,2,5,0,0,0
2020-09-08 01:00,7,2,5,0,0,0
2020-09-08 01:15,4,4,0,0,0,0
2020-09-08 01:30,4,0,4,0,0,0
2020-09-08 01:45,7,2,5,0,0,0
2020-09-08 02:00,0,0,0,0,0,0
2020-09-08 02:15,1,1,0,0,0,0
2020-09-08 02:30,5,3,2,0,0,0
2020-09-08 02:45,2,2,0,0,0,0
2020-09-08 03:00,1,1,0,0,0,0
2020-09-08 03:15,2,0,2,0,0,0
2020-09-08 03:30,1,1,0,0,0,0
2020-09-08 03:45,0,0,0,0,0,0
2020-09-08 04:00,2,0,2,0,0,0
2020-09-08 04:15,1,1,0,0,0,0
2020-09-08 04:30,2,0,2,0,0,0
2020-09-08 04:45,8,1,7,0,0,0
2020-09-08 05:00,8,2,6,0,0,0
2020-09-08 05:15,9,7,2,0,0,0
2020-09-08 05:30,19,3,16,0,0,0
2020-09-08 05:45,11,5,6,0,0,0
2020-09-08 06:00,23,10,13,0,0,0
2020-09-08 06:15,38,16,22,0,0,0
2020-09-08 06:30,42,19,23,0,0,0
2020-09-08 06:45,76,45,31,0,0,0
2020-09-08 07:00,80,34,46,0,0,0
2020-09-08 07:15,101,37,64,0,0,0
2020-09-08 07:30,181,77,104,0,0,0
2020-09-08 07:45,170,95,75,0,0,0
2020-09-08 08:00,146,74,72,0,0,0
2020-09-08 08:15,125,63,62,0,0,0
2020-09-08 08:30,137,65,72,0,0,0
2020-09-08 08:45,152,68,84,0,0,0
2020-09-08 09:00,115,48,67,0,0,0
2020-09-08 09:15,93,38,55,0,0,0
2020-09-08 09:30,93,29,64,0,0,0
2020-09-08 09:45,108,42,66,0,0,0
2020-09-08 10:00,81,39,42,0,0,0
2020-09-08 10:15,78,33,45,0,0,0
2020-09-08 10:30,109,49,60,0,0,0
2020-09-08 10:45,103,35,68,0,0,0
2020-09-08 11:00,83,35,48,0,0,0
2020-09-08 11:15,98,50,48,0,0,0
2020-09-08 11:30,108,46,62,0,0,0
2020-09-08 11:45,126,63,63,0,0,0
2020-09-08 12:00,112,45,67,0,0,0
2020-09-08 12:15,159,71,88,0,0,0
2020-09-08 12:30,110,50,60,0,0,0
2020-09-08 12:45,131,64,67,0,0,0
2020-09-08 13:00,142,75,67,0,0,0
2020-09-08 13:15,110,57,53,0,0,0
2020-09-08 13:30,119,53,66,0,0,0
2020-09-08 13:45,118,67,51,0,0,0
2020-09-08 14:00,128,63,65,0,0,0
2020-09-08 14:15,101,49,52,0,0,0
2020-09-08 14:30,119,56,63,0,0,0
2020-09-08 14:45,154,92,62,0,0,0
2020-09-08 15:00,129,62,67,0,0,0
2020-09-08 15:15,144,64,80,0,0,0
2020-09-08 15:30,146,77,69,0,0,0
2020-09-08 15:45,145,66,79,0,0,0
2020-09-08 16:00,141,79,62,0,0,0
2020-09-08 16:15,158,82,76,0,0,0
2020-09-08 16:30,149,81,68,0,0,0
2020-09-08 16:45,193,111,82,0,0,0
2020-09-08 17:00,191,94,97,0,0,0
2020-09-08 17:15,177,82,95,0,0,0
2020-09-08 17:30,186,85,101,0,0,0
2020-09-08 17:45,181,95,86,0,0,0
2020-09-08 18:00,174,84,90,0,0,0
2020-09-08 18:15,167,86,81,0,0,0
2020-09-08 18:30,145,77,68,0,0,0
2020-09-08 18:45,128,66,62,0,0,0
2020-09-08 19:00,138,77,61,0,0,0
2020-09-08 19:15,134,67,67,0,0,0
2020-09-08 19:30,113,69,44,0,0,0
2020-09-08 19:45,123,70,53,0,0,0
2020-09-08 20:00,80,36,44,0,0,0
2020-09-08 20:15,104,50,54,0,0,0
2020-09-08 20:30,72,31,41,0,0,0
2020-09-08 20:45,71,25,46,0,0,0
2020-09-08 21:00,67,27,40,0,0,0
2020-09-08 21:15,49,20,29,0,0,0
2020-09-08 21:30,50,13,37,0,0,0
2020-09-08 21:45,47,28,19,0,0,0
2020-09-08 22:00,70,16,54,0,0,0
2020-09-08 22:15,43,22,21,0,0,0
2020-09-08 22:30,40,22,18,0,0,0
2020-09-08 22:45,33,10,23,0,0,0
2020-09-08 23:00,32,3,29,0,0,0
2020-09-08 23:15,33,13,20,0,0,0
2020-09-08 23:30,20,8,12,0,0,0
2020-09-08 23:45,19,8,11,0,0,0
2020-09-09 00:00,19,9,10,0,0,0
2020-09-09 00:15,11,4,7,0,0,0
2020-09-09 00:30,15,3,12,0,0,0
2020-09-09 00:45,10,8,2,0,0,0
2020-09-09 01:00,8,5,3,0,0,0
2020-09-09 01:15,3,0,3,0,0,0
2020-09-09 01:30,4,2,2,0,0,0
2020-09-09 01:45,3,2,1,0,0,0
2020-09-09 02:00,2,1,1,0,0,0
2020-09-09 02:15,2,0,2,0,0,0
2020-09-09 02:30,2,0,2,0,0,0
2020-09-09 02:45,1,1,0,0,0,0
2020-09-09 03:00,1,1,0,0,0,0
2020-09-09 03:15,0,0,0,0,0,0
2020-09-09 03:30,1,0,1,0,0,0
2020-09-09 03:45,2,0,2,0,0,0
2020-09-09 04:00,0,0,0,0,0,0
2020-09-09 04:15,2,1,1,0,0,0
2020-09-09 04:30,2,0,2,0,0,0
2020-09-09 04:45,17,2,15,0,0,0
2020-09-09 05:00,2,0,2,0,0,0
2020-09-09 05:15,8,4,4,0,0,0
2020-09-09 05:30,17,4,13,0,0,0
2020-09-09 05:45,13,3,10,0,0,0
2020-09-09 06:00,21,12,9,0,0,0
2020-09-09 06:15,22,9,13,0,0,0
2020-09-09 06:30,41,19,22,0,0,0
2020-09-09 06:45,68,28,40,0,0,0
2020-09-09 07:00,80,43,37,0,0,0
2020-09-09 07:15,96,39,57,0,0,0
2020-09-09 07:30,166,83,83,0,0,0
2020-09-09 07:45,177,95,82,0,0,0
2020-09-09 08:00,137,78,59,0,0,0
2020-09-09 08:15,151,73,78,0,0,0
2020-09-09 08:30,131,65,66,0,0,0
2020-09-09 08:45,149,66,83,0,0,0
2020-09-09 09:00,101,44,57,0,0,0
2020-09-09 09:15,113,49,64,0,0,0
2020-09-09 09:30,88,37,51,0,0,0
2020-09-09 09:45,117,47,70,0,0,0
2020-09-09 10:00,96,43,53,0,0,0
2020-09-09 10:15,85,36,49,0,0,0
2020-09-09 10:30,96,50,46,0,0,0
2020-09-09 10:45,114,49,65,0,0,0
2020-09-09 11:00,86,35,51,0,0,0
2020-09-09 11:15,105,47,58,0,0,0
2020-09-09 11:30,93,44,49,0,0,0
2020-09-09 11:45,120,58,62,0,0,0
2020-09-09 12:00,92,34,58,0,0,0
2020-09-09 12:15,158,67,91,0,0,0
2020-09-09 12:30,123,61,62,0,0,0
2020-09-09 12:45,131,67,64,0,0,0
2020-09-09 13:00,136,67,69,0,0,0
2020-09-09 13:15,125,62,63,0,0,0
2020-09-09 13:30,115,45,70,0,0,0
2020-09-09 13:45,116,58,58,0,0,0
2020-09-09 14:00,121,66,55,0,0,0
2020-09-09 14:15,126,55,71,0,0,0
2020-09-09 14:30,90,38,52,0,0,0
2020-09-09 14:45,156,85,71,0,0,0
2020-09-09 15:00,123,64,59,0,0,0
2020-09-09 15:15,132,66,66,0,0,0
2020-09-09 15:30,137,76,61,0,0,0
2020-09-09 15:45,132,67,65,0,0,0
2020-09-09 16:00,172,102,70,0,0,0
2020-09-09 16:15,147,72,75,0,0,0
2020-09-09 16:30,151,91,60,0,0,0
2020-09-09 16:45,153,82,71,0,0,0
2020-09-09 17:00,167,66,101,0,0,0
2020-09-09 17:15,171,84,87,0,0,0
2020-09-09 17:30,191,88,103,0,0,0
2020-09-09 17:45,159,75,84,0,0,0
2020-09-09 18:00,164,83,81,0,0,0
2020-09-09 18:15,174,77,97,0,0,0
2020-09-09 18:30,142,65,77,0,0,0
2020-09-09 18:45,159,98,61,0,0,0
2020-09-09 19:00,107,54,53,0,0,0
2020-09-09 19:15,124,58,66,0,0,0
2020-09-09 19:30,125,62,63,0,0,0
2020-09-09 19:45,118,53,65,0,0,0
2020-09-09 20:00,101,54,47,0,0,0
2020-09-09 20:15,75,42,33,0,0,0
2020-09-09 20:30,63,32,31,0,0,0
2020-09-09 20:45,50,22,28,0,0,0
2020-09-09 21:00,65,30,35,0,0,0
2020-09-09 21:15,62,26,36,0,0,0
2020-09-09 21:30,54,22,32,0,0,0
2020-09-09 21:45,51,21,30,0,0,0
2020-09-09 22:00,59,15,44,0,0,0
2020-09-09 22:15,44,22,22,0,0,0
2020-09-09 22:30,39,16,23,0,0,0
2020-09-09 22:45,37,16,21,0,0,0
2020-09-09 23:00,42,9,33,0,0,0
2020-09-09 23:15,26,12,14,0,0,0
2020-09-09 23:30,22,8,14,0,0,0
2020-09-09 23:45,23,14,9,0,0,0
2020-09-10 00:00,9,2,7,0,0,0
2020-09-10 00:15,21,3,18,0,0,0
2020-09-10 00:30,14,4,10,0,0,0
2020-09-10 00:45,9,6,3,0,0,0
2020-09-10 01:00,17,8,9,0,0,0
2020-09-10 01:15,7,3,4,0,0,0
2020-09-10 01:30,4,4,0,0,0,0
2020-09-10 01:45,2,1,1,0,0,0
2020-09-10 02:00,5,2,3,0,0,0
2020-09-10 02:15,2,2,0,0,0,0
2020-09-10 02:30,0,0,0,0,0,0
2020-09-10 02:45,3,1,2,0,0,0
2020-09-10 03:00,1,1,0,0,0,0
2020-09-10 03:15,1,1,0,0,0,0
2020-09-10 03:30,1,0,1,0,0,0
2020-09-10 03:45,1,1,0,0,0,0
2020-09-10 04:00,2,1,1,0,0,0
2020-09-10 04:15,2,2,0,0,0,0
2020-09-10 04:30,1,0,1,0,0,0
2020-09-10 04:45,4,2,2,0,0,0
2020-09-10 05:00,5,4,1,0,0,0
2020-09-10 05:15,9,5,4,0,0,0
2020-09-10 05:30,23,7,16,0,0,0
2020-09-10 05:45,16,6,10,0,0,0
2020-09-10 06:00,22,13,9,0,0,0
2020-09-10 06:15,32,14,18,0,0,0
2020-09-10 06:30,46,24,22,0,0,0
2020-09-10 06:45,68,33,35,0,0,0
2020-09-10 07:00,68,33,35,0,0,0
2020-09-10 07:15,94,44,50,0,0,0
2020-09-10 07:30,176,77,99,0,0,0
2020-09-10 07:45,161,86,75,0,0,0
2020-09-10 08:00,139,65,74,0,0,0
2020-09-10 08:15,154,84,70,0,0,0
2020-09-10 08:30,135,61,74,0,0,0
2020-09-10 08:45,142,57,85,0,0,0
2020-09-10 09:00,88,40,48,0,0,0
2020-09-10 09:15,103,34,69,0,0,0
2020-09-10 09:30,103,55,48,0,0,0
2020-09-10 09:45,110,46,64,0,0,0
2020-09-10 10:00,90,32,58,0,0,0
2020-09-10 10:15,70,31,39,0,0,0
2020-09-10 10:30,109,35,74,0,0,0
2020-09-10 10:45,93,37,56,0,0,0
2020-09-10 11:00,92,48,44,0,0,0
2020-09-10 11:15,112,59,53,0,0,0
2020-09-10 11:30,110,45,65,0,0,0
2020-09-10 11:45,117,56,61,0,0,0
2020-09-10 12:00,135,59,76,0,0,0
2020-09-10 12:15,134,56,78,0,0,0
2020-09-10 12:30,120,59,61,0,0,0
2020-09-10 12:45,150,70,80,0,0,0
2020-09-10 13:00,119,63,56,0,0,0
2020-09-10 13:15,141,82,59,0,0,0
2020-09-10 13:30,132,69,63,0,0,0
2020-09-10 13:45,135,72,63,0,0,0
2020-09-10 14:00,159,72,87,0,0,0
2020-09-10 14:15,137,56,81,0,0,0
2020-09-10 14:30,132,51,81,0,0,0
2020-09-10 14:45,145,65,80,0,0,0
2020-09-10 15:00,138,83,55,0,0,0
2020-09-10 15:15,102,64,38,0,0,0
2020-09-10 15:30,139,69,70,0,0,0
2020-09-10 15:45,181,98,83,0,0,0
2020-09-10 16:00,143,83,60,0,0,0
2020-09-10 16:15,148,69,79,0,0,0
2020-09-10 16:30,155,78,77,0,0,0
2020-09-10 16:45,205,103,102,0,0,0
2020-09-10 17:00,205,121,84,0,0,0
2020-09-10 17:15,192,98,94,0,0,0
2020-09-10 17:30,162,78,84,0,0,0
2020-09-10 17:45,182,113,69,0,0,0
2020-09-10 18:00,180,100,80,0,0,0
2020-09-10 18:15,146,77,69,0,0,0
2020-09-10 18:30,144,79,65,0,0,0
2020-09-10 18:45,160,94,66,0,0,0
2020-09-10 19:00,152,81,71,0,0,0
2020-09-10 19:15,133,71,62,0,0,0
2020-09-10 19:30,123,76,47,0,0,0
2020-09-10 19:45,129,77,52,0,0,0
2020-09-10 20:00,98,48,50,0,0,0
2020-09-10 20:15,82,36,46,0,0,0
2020-09-10 20:30,89,34,55,0,0,0
2020-09-10 20:45,74,34,40,0,0,0
2020-09-10 21:00,57,27,30,0,0,0
2020-09-10 21:15,85,29,56,0,0,0
2020-09-10 21:30,67,30,37,0,0,0
2020-09-10 21:45,59,31,28,0,0,0
2020-09-10 22:00,72,32,40,0,0,0
2020-09-10 22:15,58,13,45,0,0,0
2020-09-10 22:30,58,26,32,0,0,0
2020-09-10 22:45,46,15,31,0,0,0
2020-09-10 23:00,47,16,31,0,0,0
2020-09-10 23:15,39,11,28,0,0,0
2020-09-10 23:30,24,7,17,0,0,0
2020-09-10 23:45,15,6,9,0,0,0
2020-09-11 00:00,15,6,9,0,0,0
2020-09-11 00:15,20,7,13,0,0,0
2020-09-11 00:30,12,8,4,0,0,0
2020-09-11 00:45,14,7,7,0,0,0
2020-09-11 01:00,9,4,5,0,0,0
2020-09-11 01:15,8,2,6,0,0,0
2020-09-11 01:30,6,4,2,0,0,0
2020-09-11 01:45,4,2,2,0,0,0
2020-09-11 02:00,3,1,2,0,0,0
2020-09-11 02:15,3,2,1,0,0,0
2020-09-11 02:30,3,2,1,0,0,0
2020-09-11 02:45,2,0,2,0,0,0
2020-09-11 03:00,1,0,1,0,0,0
2020-09-11 03:15,0,0,0,0,0,0
2020-09-11 03:30,1,0,1,0,0,0
2020-09-11 03:45,1,1,0,0,0,0
2020-09-11 04:00,3,0,3,0,0,0
2020-09-11 04:15,4,3,1,0,0,0
2020-09-11 04:30,6,1,5,0,0,0
2020-09-11 04:45,4,1,3,0,0,0
2020-09-11 05:00,10,4,6,0,0,0
2020-09-11 05:15,11,5,6,0,0,0
2020-09-11 05:30,16,4,12,0,0,0
2020-09-11 05:45,27,15,12,0,0,0
2020-09-11 06:00,24,9,15,0,0,0
2020-09-11 06:15,28,14,14,0,0,0
2020-09-11 06:30,56,17,39,0,0,0
2020-09-11 06:45,56,28,28,0,0,0
2020-09-11 07:00,76,40,36,0,0,0
2020-09-11 07:15,97,37,60,0,0,0
2020-09-11 07:30,146,62,84,0,0,0
2020-09-11 07:45,144,76,68,0,0,0
2020-09-11 08:00,96,49,47,0,0,0
2020-09-11 08:15,143,79,64,0,0,0
2020-09-11 08:30,98,50,48,0,0,0
2020-09-11 08:45,126,49,77,0,0,0
2020-09-11 09:00,105,47,58,0,0,0
2020-09-11 09:15,92,37,55,0,0,0
2020-09-11 09:30,90,39,51,0,0,0
2020-09-11 09:45,134,53,81,0,0,0
2020-09-11 10:00,110,44,66,0,0,0
2020-09-11 10:15,93,32,61,0,0,0
2020-09-11 10:30,94,41,53,0,0,0
2020-09-11 10:45,103,48,55,0,0,0
2020-09-11 11:00,82,30,52,0,0,0
2020-09-11 11:15,119,40,79,0,0,0
2020-09-11 11:30,113,38,75,0,0,0
2020-09-11 11:45,126,57,69,0,0,0
2020-09-11 12:00,123,59,64,0,0,0
2020-09-11 12:15,104,46,58,0,0,0
2020-09-11 12:30,155,69,86,0,0,0
2020-09-11 12:45,142,69,73,0,0,0
2020-09-11 13:00,165,85,80,0,0,0
2020-09-11 13:15,142,80,62,0,0,0
2020-09-11 13:30,123,71,52,0,0,0
2020-09-11 13:45,135,81,54,0,0,0
2020-09-11 14:00,150,70,80,0,0,0
2020-09-11 14:15,149,80,69,0,0,0
2020-09-11 14:30,148,67,81,0,0,0
2020-09-11 14:45,124,61,63,0,0,0
2020-09-11 15:00,152,66,86,0,0,0
2020-09-11 15:15,153,73,80,0,0,0
2020-09-11 15:30,138,75,63,0,0,0
2020-09-11 15:45,137,78,59,0,0,0
2020-09-11 16:00,132,66,66,0,0,0
2020-09-11 16:15,140,77,63,0,0,0
2020-09-11 16:30,142,63,79,0,0,0
2020-09-11 16:45,159,66,93,0,0,0
2020-09-11 17:00,145,64,81,0,0,0
2020-09-11 17:15,126,56,70,0,0,0
2020-09-11 17:30,168,88,80,0,0,0
2020-09-11 17:45,161,111,50,0,0,0
2020-09-11 18:00,124,57,67,0,0,0
2020-09-11 18:15,123,59,64,0,0,0
2020-09-11 18:30,121,67,54,0,0,0
2020-09-11 18:45,145,77,68,0,0,0
2020-09-11 19:00,150,76,74,0,0,0
2020-09-11 19:15,174,88,86,0,0,0
2020-09-11 19:30,145,87,58,0,0,0
2020-09-11 19:45,107,54,53,0,0,0
2020-09-11 20:00,121,59,62,0,0,0
2020-09-11 20:15,120,65,55,0,0,0
2020-09-11 20:30,93,53,40,0,0,0
2020-09-11 20:45,78,40,38,0,0,0
2020-09-11 21:00,101,48,53,0,0,0
2020-09-11 21:15,76,45,31,0,0,0
2020-09-11 21:30,74,31,43,0,0,0
2020-09-11 21:45,61,33,28,0,0,0
2020-09-11 22:00,70,30,40,0,0,0
2020-09-11 22:15,63,24,39,0,0,0
2020-09-11 22:30,62,28,34,0,0,0
2020-09-11 22:45,75,23,52,0,0,0
2020-09-11 23:00,66,26,40,0,0,0
2020-09-11 23:15,59,23,36,0,0,0
2020-09-11 23:30,38,15,23,0,0,0
2020-09-11 23:45,46,19,27,0,0,0
2020-09-12 00:00,40,16,24,0,0,0
2020-09-12 00:15,43,18,25,0,0,0
2020-09-12 00:30,51,24,27,0,0,0
2020-09-12 00:45,51,20,31,0,0,0
2020-09-12 01:00,33,9,24,0,0,0
2020-09-12 01:15,28,14,14,0,0,0
2020-09-12 01:30,20,5,15,0,0,0
2020-09-12 01:45,29,9,20,0,0,0
2020-09-12 02:00,17,6,11,0,0,0
2020-09-12 02:15,14,5,9,0,0,0
2020-09-12 02:30,18,5,13,0,0,0
2020-09-12 02:45,17,5,12,0,0,0
2020-09-12 03:00,11,5,6,0,0,0
2020-09-12 03:15,12,4,8,0,0,0
2020-09-12 03:30,6,0,6,0,0,0
2020-09-12 03:45,8,2,6,0,0,0
2020-09-12 04:00,5,0,5,0,0,0
2020-09-12 04:15,8,1,7,0,0,0
2020-09-12 04:30,11,2,9,0,0,0
2020-09-12 04:45,2,0,2,0,0,0
2020-09-12 05:00,4,2,2,0,0,0
2020-09-12 05:15,12,2,10,0,0,0
2020-09-12 05:30,13,1,12,0,0,0
2020-09-12 05:45,9,2,7,0,0,0
2020-09-12 06:00,11,4,7,0,0,0
2020-09-12 06:15,3,2,1,0,0,0
2020-09-12 06:30,14,6,8,0,0,0
2020-09-12 06:45,13,6,7,0,0,0
2020-09-12 07:00,5,4,1,0,0,0
2020-09-12 07:15,14,12,2,0,0,0
2020-09-12 07:30,18,5,13,0,0,0
2020-09-12 07:45,23,9,14,0,0,0
2020-09-12 08:00,21,11,10,0,0,0
2020-09-12 08:15,19,4,15,0,0,0
2020-09-12 08:30,32,17,15,0,0,0
2020-09-12 08:45,43,16,27,0,0,0
2020-09-12 09:00,39,19,20,0,0,0
2020-09-12 09:15,45,19,26,0,0,0
2020-09-12 09:30,51,16,35,0,0,0
2020-09-12 09:45,96,40,56,0,0,0
2020-09-12 10:00,60,22,38,0,0,0
2020-09-12 10:15,102,53,49,0,0,0
2020-09-12 10:30,100,44,56,0,0,0
2020-09-12 10:45,90,35,55,0,0,0
2020-09-12 11:00,97,40,57,0,0,0
2020-09-12 11:15,97,45,52,0,0,0
2020-09-12 11:30,112,47,65,0,0,0
2020-09-12 11:45,114,50,64,0,0,0
2020-09-12 12:00,110,48,62,0,0,0
2020-09-12 12:15,110,51,59,0,0,0
2020-09-12 12:30,146,59,87,0,0,0
2020-09-12 12:45,115,54,61,0,0,0
2020-09-12 13:00,115,67,48,0,0,0
2020-09-12 13:15,107,53,54,0,0,0
2020-09-12 13:30,122,59,63,0,0,0
2020-09-12 13:45,125,68,57,0,0,0
2020-09-12 14:00,100,48,52,0,0,0
2020-09-12 14:15,119,70,49,0,0,0
2020-09-12 14:30,93,51,42,0,0,0
2020-09-12 14:45,131,72,59,0,0,0
2020-09-12 15:00,109,61,48,0,0,0
2020-09-12 15:15,135,70,65,0,0,0
2020-09-12 15:30,115,57,58,0,0,0
2020-09-12 15:45,106,61,45,0,0,0
2020-09-12 16:00,117,55,62,0,0,0
2020-09-12 16:15,105,55,50,0,0,0
2020-09-12 16:30,111,52,59,0,0,0
2020-09-12 16:45,125,68,57,0,0,0
2020-09-12 17:00,116,59,57,0,0,0
2020-09-12 17:15,119,46,73,0,0,0
2020-09-12 17:30,134,73,61,0,0,0
2020-09-12 17:45,130,83,47,0,0,0
2020-09-12 18:00,139,76,63,0,0,0
2020-09-12 18:15,111,65,46,0,0,0
2020-09-12 18:30,113,50,63,0,0,0
2020-09-12 18:45,136,73,63,0,0,0
2020-09-12 19:00,122,54,68,0,0,0
2020-09-12 19:15,89,55,34,0,0,0
2020-09-12 19:30,101,46,55,0,0,0
2020-09-12 19:45,123,76,47,0,0,0
2020-09-12 20:00,93,48,45,0,0,0
2020-09-12 20:15,86,40,46,0,0,0
2020-09-12 20:30,81,32,49,0,0,0
2020-09-12 20:45,73,34,39,0,0,0
2020-09-12 21:00,75,42,33,0,0,0
2020-09-12 21:15,66,36,30,0,0,0
2020-09-12 21:30,56,30,26,0,0,0
2020-09-12 21:45,52,22,30,0,0,0
2020-09-12 22:00,55,23,32,0,0,0
2020-09-12 22:15,68,26,42,0,0,0
2020-09-12 22:30,46,13,33,0,0,0
2020-09-12 22:45,67,20,47,0,0,0
2020-09-12 23:00,62,19,43,0,0,0
2020-09-12 23:15,57,23,34,0,0,0
2020-09-12 23:30,48,22,26,0,0,0
2020-09-12 23:45,59,13,46,0,0,0
2020-09-13 00:00,50,14,36,0,0,0
2020-09-13 00:15,60,25,35,0,0,0
2020-09-13 00:30,32,15,17,0,0,0
2020-09-13 00:45,36,10,26,0,0,0
2020-09-13 01:00,41,12,29,0,0,0
2020-09-13 01:15,23,8,15,0,0,0
2020-09-13 01:30,27,7,20,0,0,0
2020-09-13 01:45,25,6,19,0,0,0
2020-09-13 02:00,14,4,10,0,0,0
2020-09-13 02:15,11,6,5,0,0,0
2020-09-13 02:30,22,9,13,0,0,0
2020-09-13 02:45,30,13,17,0,0,0
2020-09-13 03:00,18,5,13,0,0,0
2020-09-13 03:15,16,3,13,0,0,0
2020-09-13 03:30,4,2,2,0,0,0
2020-09-13 03:45,12,6,6,0,0,0
2020-09-13 04:00,13,2,11,0,0,0
2020-09-13 04:15,8,1,7,0,0,0
2020-09-13 04:30,9,4,5,0,0,0
2020-09-13 04:45,1,0,1,0,0,0
2020-09-13 05:00,1,0,1,0,0,0
2020-09-13 05:15,6,1,5,0,0,0
2020-09-13 05:30,1,0,1,0,0,0
2020-09-13 05:45,3,1,2,0,0,0
2020-09-13 06:00,4,0,4,0,0,0
2020-09-13 06:15,8,3,5,0,0,0
2020-09-13 06:30,11,0,11,0,0,0
2020-09-13 06:45,7,2,5,0,0,0
2020-09-13 07:00,7,3,4,0,0,0
2020-09-13 07:15,5,1,4,0,0,0
2020-09-13 07:30,8,4,4,0,0,0
2020-09-13 07:45,4,1,3,0,0,0
2020-09-13 08:00,10,2,8,0,0,0
2020-09-13 08:15,5,2,3,0,0,0
2020-09-13 08:30,11,2,9,0,0,0
2020-09-13 08:45,22,4,18,0,0,0
2020-09-13 09:00,16,5,11,0,0,0
2020-09-13 09:15,31,9,22,0,0,0
2020-09-13 09:30,27,12,15,0,0,0
2020-09-13 09:45,36,9,27,0,0,0
2020-09-13 10:00,41,28,13,0,0,0
2020-09-13 10:15,46,24,22,0,0,0
2020-09-13 10:30,59,28,31,0,0,0
2020-09-13 10:45,41,24,17,0,0,0
2020-09-13 11:00,55,26,29,0,0,0
2020-09-13 11:15,68,34,34,0,0,0
2020-09-13 11:30,61,35,26,0,0,0
2020-09-13 11:45,63,28,35,0,0,0
2020-09-13 12:00,70,38,32,0,0,0
2020-09-13 12:15,81,35,46,0,0,0
2020-09-13 12:30,85,39,46,0,0,0
2020-09-13 12:45,74,35,39,0,0,0
2020-09-13 13:00,80,37,43,0,0,0
2020-09-13 13:15,86,41,45,0,0,0
2020-09-13 13:30,85,41,44,0,0,0
2020-09-13 13:45,108,44,64,0,0,0
2020-09-13 14:00,120,56,64,0,0,0
2020-09-13 14:15,108,58,50,0,0,0
2020-09-13 14:30,89,47,42,0,0,0
2020-09-13 14:45,117,61,56,0,0,0
2020-09-13 15:00,105,52,53,0,0,0
2020-09-13 15:15,91,43,48,0,0,0
2020-09-13 15:30,102,53,49,0,0,0
2020-09-13 15:45,104,49,55,0,0,0
2020-09-13 16:00,125,64,61,0,0,0
2020-09-13 16:15,105,56,49,0,0,0
2020-09-13 16:30,99,48,51,0,0,0
2020-09-13 16:45,109,49,60,0,0,0
2020-09-13 17:00,132,45,87,0,0,0
2020-09-13 17:15,109,49,60,0,0,0
2020-09-13 17:30,124,59,65,0,0,0
2020-09-13 17:45,114,58,56,0,0,0
2020-09-13 18:00,107,43,64,0,0,0
2020-09-13 18:15,113,42,71,0,0,0
2020-09-13 18:30,98,40,58,0,0,0
2020-09-13 18:45,121,66,55,0,0,0
2020-09-13 19:00,81,31,50,0,0,0
2020-09-13 19:15,83,40,43,0,0,0
2020-09-13 19:30,108,44,64,0,0,0
2020-09-13 19:45,92,34,58,0,0,0
2020-09-13 20:00,98,39,59,0,0,0
2020-09-13 20:15,66,24,42,0,0,0
2020-09-13 20:30,74,30,44,0,0,0
2020-09-13 20:45,52,21,31,0,0,0
2020-09-13 21:00,51,28,23,0,0,0
2020-09-13 21:15,53,26,27,0,0,0
2020-09-13 21:30,44,17,27,0,0,0
2020-09-13 21:45,34,18,16,0,0,0
2020-09-13 22:00,39,16,23,0,0,0
2020-09-13 22:15,35,11,24,0,0,0
2020-09-13 22:30,37,10,27,0,0,0
2020-09-13 22:45,32,15,17,0,0,0
2020-09-13 23:00,26,10,16,0,0,0
2020-09-13 23:15,22,5,17,0,0,0
2020-09-13 23:30,17,3,14,0,0,0
2020-09-13 23:45,11,4,7,0,0,0
2020-09-14 00:00,7,1,6,0,0,0
2020-09-14 00:15,8,2,6,0,0,0
2020-09-14 00:30,11,4,7,0,0,0
2020-09-14 00:45,6,1,5,0,0,0
2020-09-14 01:00,15,3,12,0,0,0
2020-09-14 01:15,3,2,1,0,0,0
2020-09-14 01:30,4,3,1,0,0,0
2020-09-14 01:45,5,2,3,0,0,0
2020-09-14 02:00,5,2,3,0,0,0
2020-09-14 02:15,2,2,0,0,0,0
2020-09-14 02:30,3,1,2,0,0,0
2020-09-14 02:45,1,0,1,0,0,0
2020-09-14 03:00,1,1,0,0,0,0
2020-09-14 03:15,1,0,1,0,0,0
2020-09-14 03:30,0,0,0,0,0,0
2020-09-14 03:45,0,0,0,0,0,0
2020-09-14 04:00,1,0,1,0,0,0
2020-09-14 04:15,2,2,0,0,0,0
2020-09-14 04:30,1,0,1,0,0,0
2020-09-14 04:45,4,1,3,0,0,0
2020-09-14 05:00,6,1,5,0,0,0
2020-09-14 05:15,12,6,6,0,0,0
2020-09-14 05:30,21,4,17,0,0,0
2020-09-14 05:45,14,6,8,0,0,0
2020-09-14 06:00,27,10,17,0,0,0
2020-09-14 06:15,37,12,25,0,0,0
2020-09-14 06:30,38,15,23,0,0,0
2020-09-14 06:45,62,37,25,0,0,0
2020-09-14 07:00,63,34,29,0,0,0
2020-09-14 07:15,109,42,67,0,0,0
2020-09-14 07:30,157,68,89,0,0,0
2020-09-14 07:45,144,84,60,0,0,0
2020-09-14 08:00,135,67,68,0,0,0
2020-09-14 08:15,130,68,62,0,0,0
2020-09-14 08:30,120,58,62,0,0,0
2020-09-14 08:45,121,65,56,0,0,0
2020-09-14 09:00,99,46,53,0,0,0
2020-09-14 09:15,98,40,58,0,0,0
2020-09-14 09:30,104,31,73,0,0,0
2020-09-14 09:45,100,35,65,0,0,0
2020-09-14 10:00,86,38,48,0,0,0
2020-09-14 10:15,84,36,48,0,0,0
2020-09-14 10:30,72,28,44,0,0,0
2020-09-14 10:45,111,51,60,0,0,0
2020-09-14 11:00,117,46,71,0,0,0
2020-09-14 11:15,94,45,49,0,0,0
2020-09-14 11:30,111,55,56,0,0,0
2020-09-14 11:45,101,45,56,0,0,0
2020-09-14 12:00,126,62,64,0,0,0
2020-09-14 12:15,106,53,53,0,0,0
2020-09-14 12:30,99,49,50,0,0,0
2020-09-14 12:45,125,58,67,0,0,0
2020-09-14 13:00,123,61,62,0,0,0
2020-09-14 13:15,134,63,71,0,0,0
2020-09-14 13:30,110,57,53,0,0,0
2020-09-14 13:45,151,69,82,0,0,0
2020-09-14 14:00,156,78,78,0,0,0
2020-09-14 14:15,122,55,67,0,0,0
2020-09-14 14:30,139,67,72,0,0,0
2020-09-14 14:45,134,64,70,0,0,0
2020-09-14 15:00,144,85,59,0,0,0
2020-09-14 15:15,126,76,50,0,0,0
2020-09-14 15:30,164,100,64,0,0,0
2020-09-14 15:45,181,93,88,0,0,0
2020-09-14 16:00,159,80,79,0,0,0
2020-09-14 16:15,166,80,86,0,0,0
2020-09-14 16:30,171,79,92,0,0,0
2020-09-14 16:45,192,104,88,0,0,0
2020-09-14 17:00,205,105,100,0,0,0
2020-09-14 17:15,223,114,109,0,0,0
2020-09-14 17:30,179,86,93,0,0,0
2020-09-14 17:45,165,92,73,0,0,0
2020-09-14 18:00,186,103,83,0,0,0
2020-09-14 18:15,160,82,78,0,0,0
2020-09-14 18:30,162,82,80,0,0,0
2020-09-14 18:45,143,84,59,0,0,0
2020-09-14 19:00,144,67,77,0,0,0
2020-09-14 19:15,119,59,60,0,0,0
2020-09-14 19:30,114,52,62,0,0,0
2020-09-14 19:45,130,60,70,0,0,0
2020-09-14 20:00,108,48,60,0,0,0
2020-09-14 20:15,95,57,38,0,0,0
2020-09-14 20:30,80,38,42,0,0,0
2020-09-14 20:45,89,40,49,0,0,0
2020-09-14 21:00,61,21,40,0,0,0
2020-09-14 21:15,65,33,32,0,0,0
2020-09-14 21:30,75,28,47,0,0,0
2020-09-14 21:45,66,26,40,0,0,0
2020-09-14 22:00,60,17,43,0,0,0
2020-09-14 22:15,41,13,28,0,0,0
2020-09-14 22:30,39,16,23,0,0,0
2020-09-14 22:45,53,5,48,0,0,0
2020-09-14 23:00,39,8,31,0,0,0
2020-09-14 23:15,30,11,19,0,0,0
2020-09-14 23:30,26,9,17,0,0,0
2020-09-14 23:45,21,13,8,0,0,0
2020-09-15 00:00,11,6,5,0,0,0
2020-09-15 00:15,17,5,12,0,0,0
2020-09-15 00:30,10,2,8,0,0,0
2020-09-15 00:45,10,4,6,0,0,0
2020-09-15 01:00,10,4,6,0,0,0
2020-09-15 01:15,5,0,5,0,0,0
2020-09-15 01:30,7,3,4,0,0,0
2020-09-15 01:45,4,3,1,0,0,0
2020-09-15 02:00,1,1,0,0,0,0
2020-09-15 02:15,2,1,1,0,0,0
2020-09-15 02:30,5,2,3,0,0,0
2020-09-15 02:45,3,1,2,0,0,0
2020-09-15 03:00,3,1,2,0,0,0
2020-09-15 03:15,1,0,1,0,0,0
2020-09-15 03:30,2,0,2,0,0,0
2020-09-15 03:45,9,4,5,0,0,0
2020-09-15 04:00,3,1,2,0,0,0
2020-09-15 04:15,1,1,0,0,0,0
2020-09-15 04:30,4,1,3,0,0,0
2020-09-15 04:45,3,1,2,0,0,0
2020-09-15 05:00,4,4,0,0,0,0
2020-09-15 05:15,10,4,6,0,0,0
2020-09-15 05:30,20,9,11,0,0,0
2020-09-15 05:45,19,9,10,0,0,0
2020-09-15 06:00,23,14,9,0,0,0
2020-09-15 06:15,34,15,19,0,0,0
2020-09-15 06:30,49,22,27,0,0,0
2020-09-15 06:45,78,45,33,0,0,0
2020-09-15 07:00,79,46,33,0,0,0
2020-09-15 07:15,102,45,57,0,0,0
2020-09-15 07:30,176,80,96,0,0,0
2020-09-15 07:45,154,89,65,0,0,0
2020-09-15 08:00,120,57,63,0,0,0
2020-09-15 08:15,145,80,65,0,0,0
2020-09-15 08:30,124,57,67,0,0,0
2020-09-15 08:45,157,84,73,0,0,0
2020-09-15 09:00,110,50,60,0,0,0
2020-09-15 09:15,91,36,55,0,0,0
2020-09-15 09:30,111,48,63,0,0,0
2020-09-15 09:45,119,57,62,0,0,0
2020-09-15 10:00,86,37,49,0,0,0
2020-09-15 10:15,93,44,49,0,0,0
2020-09-15 10:30,93,43,50,0,0,0
2020-09-15 10:45,90,45,45,0,0,0
2020-09-15 11:00,101,44,57,0,0,0
2020-09-15 11:15,119,59,60,0,0,0
2020-09-15 11:30,119,50,69,0,0,0
2020-09-15 11:45,94,49,45,0,0,0
2020-09-15 12:00,113,55,58,0,0,0
2020-09-15 12:15,109,53,56,0,0,0
2020-09-15 12:30,148,72,76,0,0,0
2020-09-15 12:45,109,62,47,0,0,0
2020-09-15 13:00,127,70,57,0,0,0
2020-09-15 13:15,146,78,68,0,0,0
2020-09-15 13:30,136,67,69,0,0,0
2020-09-15 13:45,171,109,62,0,0,0
2020-09-15 14:00,167,89,78,0,0,0
2020-09-15 14:15,143,82,61,0,0,0
2020-09-15 14:30,139,73,66,0,0,0
2020-09-15 14:45,138,63,75,0,0,0
2020-09-15 15:00,143,76,67,0,0,0
2020-09-15 15:15,108,59,49,0,0,0
2020-09-15 15:30,152,90,62,0,0,0
2020-09-15 15:45,175,105,70,0,0,0
2020-09-15 16:00,185,88,97,0,0,0
2020-09-15 16:15,156,78,78,0,0,0
2020-09-15 16:30,166,91,75,0,0,0
2020-09-15 16:45,188,106,82,0,0,0
2020-09-15 17:00,203,107,96,0,0,0
2020-09-15 17:15,192,118,74,0,0,0
2020-09-15 17:30,211,100,111,0,0,0
2020-09-15 17:45,230,113,117,0,0,0
2020-09-15 18:00,186,83,103,0,0,0
2020-09-15 18:15,169,95,74,0,0,0
2020-09-15 18:30,159,73,86,0,0,0
2020-09-15 18:45,200,99,101,0,0,0
2020-09-15 19:00,172,76,96,0,0,0
2020-09-15 19:15,134,51,83,0,0,0
2020-09-15 19:30,141,63,78,0,0,0
2020-09-15 19:45,154,59,95,0,0,0
2020-09-15 20:00,135,82,53,0,0,0
2020-09-15 20:15,121,53,68,0,0,0
2020-09-15 20:30,102,38,64,0,0,0
2020-09-15 20:45,79,34,45,0,0,0
2020-09-15 21:00,77,19,58,0,0,0
2020-09-15 21:15,81,37,44,0,0,0
2020-09-15 21:30,67,18,49,0,0,0
2020-09-15 21:45,70,32,38,0,0,0
2020-09-15 22:00,73,25,48,0,0,0
2020-09-15 22:15,62,22,40,0,0,0
2020-09-15 22:30,58,20,38,0,0,0
2020-09-15 22:45,36,11,25,0,0,0
2020-09-15 23:00,56,14,42,0,0,0
2020-09-15 23:15,29,8,21,0,0,0
2020-09-15 23:30,18,3,15,0,0,0
2020-09-15 23:45,28,11,17,0,0,0
2020-09-16 00:00,22,8,14,0,0,0
2020-09-16 00:15,8,4,4,0,0,0
2020-09-16 00:30,19,7,12,0,0,0
2020-09-16 00:45,5,0,5,0,0,0
2020-09-16 01:00,10,3,7,0,0,0
2020-09-16 01:15,7,4,3,0,0,0
2020-09-16 01:30,3,0,3,0,0,0
2020-09-16 01:45,6,1,5,0,0,0
2020-09-16 02:00,12,8,4,0,0,0
2020-09-16 02:15,3,1,2,0,0,0
2020-09-16 02:30,6,2,4,0,0,0
2020-09-16 02:45,2,0,2,0,0,0
2020-09-16 03:00,4,0,4,0,0,0
2020-09-16 03:15,1,0,1,0,0,0
2020-09-16 03:30,2,1,1,0,0,0
2020-09-16 03:45,2,1,1,0,0,0
2020-09-16 04:00,2,1,1,0,0,0
2020-09-16 04:15,3,1,2,0,0,0
2020-09-16 04:30,2,1,1,0,0,0
2020-09-16 04:45,4,0,4,0,0,0
2020-09-16 05:00,2,0,2,0,0,0
2020-09-16 05:15,14,8,6,0,0,0
2020-09-16 05:30,13,5,8,0,0,0
2020-09-16 05:45,24,11,13,0,0,0
2020-09-16 06:00,22,9,13,0,0,0
2020-09-16 06:15,33,17,16,0,0,0
2020-09-16 06:30,50,20,30,0,0,0
2020-09-16 06:45,61,36,25,0,0,0
2020-09-16 07:00,88,51,37,0,0,0
2020-09-16 07:15,113,52,61,0,0,0
2020-09-16 07:30,172,76,96,0,0,0
2020-09-16 07:45,180,113,67,0,0,0
2020-09-16 08:00,135,61,74,0,0,0
2020-09-16 08:15,164,80,84,0,0,0
2020-09-16 08:30,133,74,59,0,0,0
2020-09-16 08:45,171,76,95,0,0,0
2020-09-16 09:00,122,61,61,0,0,0
2020-09-16 09:15,108,38,70,0,0,0
2020-09-16 09:30,109,39,70,0,0,0
2020-09-16 09:45,100,52,48,0,0,0
2020-09-16 10:00,98,40,58,0,0,0
2020-09-16 10:15,93,37,56,0,0,0
2020-09-16 10:30,81,38,43,0,0,0
2020-09-16 10:45,81,39,42,0,0,0
2020-09-16 11:00,115,51,64,0,0,0
2020-09-16 11:15,108,48,60,0,0,0
2020-09-16 11:30,122,62,60,0,0,0
2020-09-16 11:45,137,56,81,0,0,0
2020-09-16 12:00,138,54,84,0,0,0
2020-09-16 12:15,139,64,75,0,0,0
2020-09-16 12:30,151,70,81,0,0,0
2020-09-16 12:45,147,80,67,0,0,0
2020-09-16 13:00,141,79,62,0,0,0
2020-09-16 13:15,126,70,56,0,0,0
2020-09-16 13:30,158,74,84,0,0,0
2020-09-16 13:45,179,100,79,0,0,0
2020-09-16 14:00,127,67,60,0,0,0
2020-09-16 14:15,148,84,64,0,0,0
2020-09-16 14:30,139,61,78,0,0,0
2020-09-16 14:45,162,84,78,0,0,0
2020-09-16 15:00,126,72,54,0,0,0
2020-09-16 15:15,153,81,72,0,0,0
2020-09-16 15:30,161,84,77,0,0,0
2020-09-16 15:45,187,109,78,0,0,0
2020-09-16 16:00,172,87,85,0,0,0
2020-09-16 16:15,182,98,84,0,0,0
2020-09-16 16:30,167,86,81,0,0,0
2020-09-16 16:45,176,84,92,0,0,0
2020-09-16 17:00,182,86,96,0,0,0
2020-09-16 17:15,187,89,98,0,0,0
2020-09-16 17:30,213,82,131,0,0,0
2020-09-16 17:45,234,114,120,0,0,0
2020-09-16 18:00,210,120,90,0,0,0
2020-09-16 18:15,167,94,73,0,0,0
2020-09-16 18:30,149,68,81,0,0,0
2020-09-16 18:45,154,78,76,0,0,0
2020-09-16 19:00,133,74,59,0,0,0
2020-09-16 19:15,161,84,77,0,0,0
2020-09-16 19:30,110,61,49,0,0,0
2020-09-16 19:45,120,56,64,0,0,0
2020-09-16 20:00,119,57,62,0,0,0
2020-09-16 20:15,95,47,48,0,0,0
2020-09-16 20:30,88,47,41,0,0,0
2020-09-16 20:45,88,37,51,0,0,0
2020-09-16 21:00,73,32,41,0,0,0
2020-09-16 21:15,80,30,50,0,0,0
2020-09-16 21:30,81,34,47,0,0,0
2020-09-16 21:45,70,33,37,0,0,0
2020-09-16 22:00,72,20,52,0,0,0
2020-09-16 22:15,57,28,29,0,0,0
2020-09-16 22:30,61,22,39,0,0,0
2020-09-16 22:45,59,20,39,0,0,0
2020-09-16 23:00,52,15,37,0,0,0
2020-09-16 23:15,38,14,24,0,0,0
2020-09-16 23:30,32,9,23,0,0,0
2020-09-16 23:45,20,8,12,0,0,0
2020-09-17 00:00,19,10,9,0,0,0
2020-09-17 00:15,26,6,20,0,0,0
2020-09-17 00:30,12,5,7,0,0,0
2020-09-17 00:45,14,3,11,0,0,0
2020-09-17 01:00,8,2,6,0,0,0
2020-09-17 01:15,11,4,7,0,0,0
2020-09-17 01:30,7,5,2,0,0,0
2020-09-17 01:45,3,1,2,0,0,0
2020-09-17 02:00,5,2,3,0,0,0
2020-09-17 02:15,3,0,3,0,0,0
2020-09-17 02:30,0,0,0,0,0,0
2020-09-17 02:45,4,2,2,0,0,0
2020-09-17 03:00,2,0,2,0,0,0
2020-09-17 03:15,11,4,7,0,0,0
2020-09-17 03:30,2,1,1,0,0,0
2020-09-17 03:45,2,1,1,0,0,0
2020-09-17 04:00,0,0,0,0,0,0
2020-09-17 04:15,2,1,1,0,0,0
2020-09-17 04:30,3,0,3,0,0,0
2020-09-17 04:45,12,0,12,0,0,0
2020-09-17 05:00,2,0,2,0,0,0
2020-09-17 05:15,17,9,8,0,0,0
2020-09-17 05:30,16,5,11,0,0,0
2020-09-17 05:45,21,12,9,0,0,0
2020-09-17 06:00,20,10,10,0,0,0
2020-09-17 06:15,41,16,25,0,0,0
2020-09-17 06:30,39,13,26,0,0,0
2020-09-17 06:45,81,28,53,0,0,0
2020-09-17 07:00,84,49,35,0,0,0
2020-09-17 07:15,116,46,70,0,0,0
2020-09-17 07:30,160,75,85,0,0,0
2020-09-17 07:45,171,108,63,0,0,0
2020-09-17 08:00,159,84,75,0,0,0
2020-09-17 08:15,147,78,69,0,0,0
2020-09-17 08:30,127,66,61,0,0,0
2020-09-17 08:45,135,55,80,0,0,0
2020-09-17 09:00,103,37,66,0,0,0
2020-09-17 09:15,82,32,50,0,0,0
2020-09-17 09:30,111,47,64,0,0,0
2020-09-17 09:45,106,37,69,0,0,0
2020-09-17 10:00,97,29,68,0,0,0
2020-09-17 10:15,85,33,52,0,0,0
2020-09-17 10:30,96,42,54,0,0,0
2020-09-17 10:45,107,48,59,0,0,0
2020-09-17 11:00,105,61,44,0,0,0
2020-09-17 11:15,110,53,57,0,0,0
2020-09-17 11:30,103,42,61,0,0,0
2020-09-17 11:45,136,51,85,0,0,0
2020-09-17 12:00,118,46,72,0,0,0
2020-09-17 12:15,130,67,63,0,0,0
2020-09-17 12:30,127,66,61,0,0,0
2020-09-17 12:45,142,73,69,0,0,0
2020-09-17 13:00,151,74,77,0,0,0
2020-09-17 13:15,147,66,81,0,0,0
2020-09-17 13:30,119,61,58,0,0,0
2020-09-17 13:45,152,78,74,0,0,0
2020-09-17 14:00,151,78,73,0,0,0
2020-09-17 14:15,149,82,67,0,0,0
2020-09-17 14:30,136,65,71,0,0,0
2020-09-17 14:45,171,87,84,0,0,0
2020-09-17 15:00,174,92,82,0,0,0
2020-09-17 15:15,130,71,59,0,0,0
2020-09-17 15:30,175,102,73,0,0,0
2020-09-17 15:45,177,88,89,0,0,0
2020-09-17 16:00,173,97,76,0,0,0
2020-09-17 16:15,157,90,67,0,0,0
2020-09-17 16:30,165,81,84,0,0,0
2020-09-17 16:45,184,89,95,0,0,0
2020-09-17 17:00,195,86,109,0,0,0
2020-09-17 17:15,194,96,98,0,0,0
2020-09-17 17:30,160,93,67,0,0,0
2020-09-17 17:45,199,99,100,0,0,0
2020-09-17 18:00,189,103,86,0,0,0
2020-09-17 18:15,172,93,79,0,0,0
2020-09-17 18:30,147,69,78,0,0,0
2020-09-17 18:45,164,81,83,0,0,0
2020-09-17 19:00,132,69,63,0,0,0
2020-09-17 19:15,133,77,56,0,0,0
2020-09-17 19:30,97,43,54,0,0,0
2020-09-17 19:45,100,44,56,0,0,0
2020-09-17 20:00,92,51,41,0,0,0
2020-09-17 20:15,78,42,36,0,0,0
2020-09-17 20:30,90,43,47,0,0,0
2020-09-17 20:45,92,41,51,0,0,0
2020-09-17 21:00,71,29,42,0,0,0
2020-09-17 21:15,80,31,49,0,0,0
2020-09-17 21:30,62,20,42,0,0,0
2020-09-17 21:45,69,23,46,0,0,0
2020-09-17 22:00,49,21,28,0,0,0
2020-09-17 22:15,42,15,27,0,0,0
2020-09-17 22:30,47,20,27,0,0,0
2020-09-17 22:45,37,18,19,0,0,0
2020-09-17 23:00,41,16,25,0,0,0
2020-09-17 23:15,33,13,20,0,0,0
2020-09-17 23:30,28,7,21,0,0,0
2020-09-17 23:45,28,6,22,0,0,0
2020-09-18 00:00,12,4,8,0,0,0
2020-09-18 00:15,12,5,7,0,0,0
2020-09-18 00:30,20,4,16,0,0,0
2020-09-18 00:45,9,2,7,0,0,0
2020-09-18 01:00,12,4,8,0,0,0
2020-09-18 01:15,7,2,5,0,0,0
2020-09-18 01:30,7,3,4,0,0,0
2020-09-18 01:45,6,3,3,0,0,0
2020-09-18 02:00,3,1,2,0,0,0
2020-09-18 02:15,2,1,1,0,0,0
2020-09-18 02:30,1,1,0,0,0,0
2020-09-18 02:45,5,1,4,0,0,0
2020-09-18 03:00,2,0,2,0,0,0
2020-09-18 03:15,1,1,0,0,0,0
2020-09-18 03:30,0,0,0,0,0,0
2020-09-18 03:45,0,0,0,0,0,0
2020-09-18 04:00,1,0,1,0,0,0
2020-09-18 04:15,2,1,1,0,0,0
2020-09-18 04:30,3,0,3,0,0,0
2020-09-18 04:45,6,2,4,0,0,0
2020-09-18 05:00,5,2,3,0,0,0
2020-09-18 05:15,10,7,3,0,0,0
2020-09-18 05:30,12,6,6,0,0,0
2020-09-18 05:45,21,11,10,0,0,0
2020-09-18 06:00,23,5,18,0,0,0
2020-09-18 06:15,31,11,20,0,0,0
2020-09-18 06:30,43,15,28,0,0,0
2020-09-18 06:45,64,34,30,0,0,0
2020-09-18 07:00,63,31,32,0,0,0
2020-09-18 07:15,105,44,61,0,0,0
2020-09-18 07:30,148,51,97,0,0,0
2020-09-18 07:45,155,93,62,0,0,0
2020-09-18 08:00,107,54,53,0,0,0
2020-09-18 08:15,111,62,49,0,0,0
2020-09-18 08:30,103,55,48,0,0,0
2020-09-18 08:45,126,62,64,0,0,0
2020-09-18 09:00,110,55,55,0,0,0
2020-09-18 09:15,109,48,61,0,0,0
2020-09-18 09:30,85,32,53,0,0,0
2020-09-18 09:45,107,39,68,0,0,0
2020-09-18 10:00,76,36,40,0,0,0
2020-09-18 10:15,100,42,58,0,0,0
2020-09-18 10:30,100,32,68,0,0,0
2020-09-18 10:45,100,45,55,0,0,0
2020-09-18 11:00,88,35,53,0,0,0
2020-09-18 11:15,103,55,48,0,0,0
2020-09-18 11:30,81,39,42,0,0,0
2020-09-18 11:45,139,76,63,0,0,0
2020-09-18 12:00,122,49,73,0,0,0
2020-09-18 12:15,140,59,81,0,0,0
2020-09-18 12:30,135,75,60,0,0,0
2020-09-18 12:45,140,60,80,0,0,0
2020-09-18 13:00,153,86,67,0,0,0
2020-09-18 13:15,139,64,75,0,0,0
2020-09-18 13:30,115,56,59,0,0,0
2020-09-18 13:45,136,64,72,0,0,0
2020-09-18 14:00,131,69,62,0,0,0
2020-09-18 14:15,135,66,69,0,0,0
2020-09-18 14:30,135,69,66,0,0,0
2020-09-18 14:45,131,60,71,0,0,0
2020-09-18 15:00,155,79,76,0,0,0
2020-09-18 15:15,152,64,88,0,0,0
2020-09-18 15:30,142,71,71,0,0,0
2020-09-18 15:45,165,84,81,0,0,0
2020-09-18 16:00,125,64,61,0,0,0
2020-09-18 16:15,128,66,62,0,0,0
2020-09-18 16:30,143,73,70,0,0,0
2020-09-18 16:45,145,70,75,0,0,0
2020-09-18 17:00,141,67,74,0,0,0
2020-09-18 17:15,150,67,83,0,0,0
2020-09-18 17:30,140,59,81,0,0,0
2020-09-18 17:45,185,108,77,0,0,0
2020-09-18 18:00,153,82,71,0,0,0
2020-09-18 18:15,134,69,65,0,0,0
2020-09-18 18:30,107,56,51,0,0,0
2020-09-18 18:45,140,82,58,0,0,0
2020-09-18 19:00,134,64,70,0,0,0
2020-09-18 19:15,150,85,65,0,0,0
2020-09-18 19:30,124,71,53,0,0,0
2020-09-18 19:45,114,64,50,0,0,0
2020-09-18 20:00,104,65,39,0,0,0
2020-09-18 20:15,89,54,35,0,0,0
2020-09-18 20:30,73,39,34,0,0,0
2020-09-18 20:45,88,44,44,0,0,0
2020-09-18 21:00,69,32,37,0,0,0
2020-09-18 21:15,76,27,49,0,0,0
2020-09-18 21:30,79,27,52,0,0,0
2020-09-18 21:45,65,23,42,0,0,0
2020-09-18 22:00,69,22,47,0,0,0
2020-09-18 22:15,65,28,37,0,0,0
2020-09-18 22:30,87,47,40,0,0,0
2020-09-18 22:45,63,21,42,0,0,0
2020-09-18 23:00,77,19,58,0,0,0
2020-09-18 23:15,57,31,26,0,0,0
2020-09-18 23:30,47,12,35,0,0,0
2020-09-18 23:45,39,13,26,0,0,0
2020-09-19 00:00,45,13,32,0,0,0
2020-09-19 00:15,47,13,34,0,0,0
2020-09-19 00:30,44,16,28,0,0,0
2020-09-19 00:45,44,12,32,0,0,0
2020-09-19 01:00,38,17,21,0,0,0
2020-09-19 01:15,25,10,15,0,0,0
2020-09-19 01:30,12,7,5,0,0,0
2020-09-19 01:45,23,7,16,0,0,0
2020-09-19 02:00,14,6,8,0,0,0
2020-09-19 02:15,15,3,12,0,0,0
2020-09-19 02:30,15,6,9,0,0,0
2020-09-19 02:45,20,9,11,0,0,0
2020-09-19 03:00,12,0,12,0,0,0
2020-09-19 03:15,8,2,6,0,0,0
2020-09-19 03:30,10,2,8,0,0,0
2020-09-19 03:45,9,5,4,0,0,0
2020-09-19 04:00,9,0,9,0,0,0
2020-09-19 04:15,6,1,5,0,0,0
2020-09-19 04:30,2,0,2,0,0,0
2020-09-19 04:45,3,1,2,0,0,0
2020-09-19 05:00,6,0,6,0,0,0
2020-09-19 05:15,8,3,5,0,0,0
2020-09-19 05:30,10,3,7,0,0,0
2020-09-19 05:45,7,4,3,0,0,0
2020-09-19 06:00,8,3,5,0,0,0
2020-09-19 06:15,10,6,4,0,0,0
2020-09-19 06:30,6,2,4,0,0,0
2020-09-19 06:45,10,3,7,0,0,0
2020-09-19 07:00,7,4,3,0,0,0
2020-09-19 07:15,7,2,5,0,0,0
2020-09-19 07:30,16,7,9,0,0,0
2020-09-19 07:45,32,11,21,0,0,0
2020-09-19 08:00,16,10,6,0,0,0
2020-09-19 08:15,24,9,15,0,0,0
2020-09-19 08:30,28,11,17,0,0,0
2020-09-19 08:45,47,17,30,0,0,0
2020-09-19 09:00,42,17,25,0,0,0
2020-09-19 09:15,55,14,41,0,0,0
2020-09-19 09:30,54,18,36,0,0,0
2020-09-19 09:45,106,44,62,0,0,0
2020-09-19 10:00,69,27,42,0,0,0
2020-09-19 10:15,56,29,27,0,0,0
2020-09-19 10:30,81,25,56,0,0,0
2020-09-19 10:45,87,28,59,0,0,0
2020-09-19 11:00,71,22,49,0,0,0
2020-09-19 11:15,81,36,45,0,0,0
2020-09-19 11:30,98,38,60,0,0,0
2020-09-19 11:45,77,45,32,0,0,0
2020-09-19 12:00,88,35,53,0,0,0
2020-09-19 12:15,99,54,45,0,0,0
2020-09-19 12:30,106,52,54,0,0,0
2020-09-19 12:45,110,62,48,0,0,0
2020-09-19 13:00,128,73,55,0,0,0
2020-09-19 13:15,108,54,54,0,0,0
2020-09-19 13:30,109,53,56,0,0,0
2020-09-19 13:45,131,69,62,0,0,0
2020-09-19 14:00,152,89,63,0,0,0
2020-09-19 14:15,119,73,46,0,0,0
2020-09-19 14:30,126,77,49,0,0,0
2020-09-19 14:45,140,70,70,0,0,0
2020-09-19 15:00,157,92,65,0,0,0
2020-09-19 15:15,123,52,71,0,0,0
2020-09-19 15:30,115,60,55,0,0,0
2020-09-19 15:45,123,63,60,0,0,0
2020-09-19 16:00,124,58,66,0,0,0
2020-09-19 16:15,116,56,60,0,0,0
2020-09-19 16:30,97,50,47,0,0,0
2020-09-19 16:45,159,86,73,0,0,0
2020-09-19 17:00,122,57,65,0,0,0
2020-09-19 17:15,131,68,63,0,0,0
2020-09-19 17:30,131,79,52,0,0,0
2020-09-19 17:45,145,73,72,0,0,0
2020-09-19 18:00,119,67,52,0,0,0
2020-09-19 18:15,141,89,52,0,0,0
2020-09-19 18:30,126,90,36,0,0,0
2020-09-19 18:45,118,64,54,0,0,0
2020-09-19 19:00,109,60,49,0,0,0
2020-09-19 19:15,133,79,54,0,0,0
2020-09-19 19:30,118,81,37,0,0,0
2020-09-19 19:45,124,76,48,0,0,0
2020-09-19 20:00,108,48,60,0,0,0
2020-09-19 20:15,91,45,46,0,0,0
2020-09-19 20:30,82,46,36,0,0,0
2020-09-19 20:45,74,39,35,0,0,0
2020-09-19 21:00,71,41,30,0,0,0
2020-09-19 21:15,71,41,30,0,0,0
2020-09-19 21:30,83,27,56,0,0,0
2020-09-19 21:45,87,26,61,0,0,0
2020-09-19 22:00,68,30,38,0,0,0
2020-09-19 22:15,64,23,41,0,0,0
2020-09-19 22:30,75,28,47,0,0,0
2020-09-19 22:45,77,29,48,0,0,0
2020-09-19 23:00,50,23,27,0,0,0
2020-09-19 23:15,45,11,34,0,0,0
2020-09-19 23:30,64,28,36,0,0,0
2020-09-19 23:45,43,11,32,0,0,0
2020-09-20 00:00,55,20,35,0,0,0
2020-09-20 00:15,34,7,27,0,0,0
2020-09-20 00:30,38,11,27,0,0,0
2020-09-20 00:45,31,16,15,0,0,0
2020-09-20 01:00,37,13,24,0,0,0
2020-09-20 01:15,31,10,21,0,0,0
2020-09-20 01:30,25,8,17,0,0,0
2020-09-20 01:45,23,5,18,0,0,0
2020-09-20 02:00,22,6,16,0,0,0
2020-09-20 02:15,26,7,19,0,0,0
2020-09-20 02:30,18,1,17,0,0,0
2020-09-20 02:45,14,4,10,0,0,0
2020-09-20 03:00,10,2,8,0,0,0
2020-09-20 03:15,13,7,6,0,0,0
2020-09-20 03:30,8,4,4,0,0,0
2020-09-20 03:45,9,3,6,0,0,0
2020-09-20 04:00,12,4,8,0,0,0
2020-09-20 04:15,10,3,7,0,0,0
2020-09-20 04:30,6,0,6,0,0,0
2020-09-20 04:45,5,1,4,0,0,0
2020-09-20 05:00,4,0,4,0,0,0
2020-09-20 05:15,7,1,6,0,0,0
2020-09-20 05:30,8,2,6,0,0,0
2020-09-20 05:45,11,3,8,0,0,0
2020-09-20 06:00,12,4,8,0,0,0
2020-09-20 06:15,8,2,6,0,0,0
2020-09-20 06:30,10,1,9,0,0,0
2020-09-20 06:45,5,2,3,0,0,0
2020-09-20 07:00,5,3,2,0,0,0
2020-09-20 07:15,15,4,11,0,0,0
2020-09-20 07:30,10,3,7,0,0,0
2020-09-20 07:45,15,5,10,0,0,0
2020-09-20 08:00,14,6,8,0,0,0
2020-09-20 08:15,22,9,13,0,0,0
2020-09-20 08:30,27,10,17,0,0,0
2020-09-20 08:45,29,10,19,0,0,0
2020-09-20 09:00,31,7,24,0,0,0
2020-09-20 09:15,44,21,23,0,0,0
2020-09-20 09:30,40,4,36,0,0,0
2020-09-20 09:45,55,21,34,0,0,0
2020-09-20 10:00,47,13,34,0,0,0
2020-09-20 10:15,40,19,21,0,0,0
2020-09-20 10:30,68,29,39,0,0,0
2020-09-20 10:45,78,47,31,0,0,0
2020-09-20 11:00,61,33,28,0,0,0
2020-09-20 11:15,57,20,37,0,0,0
2020-09-20 11:30,76,29,47,0,0,0
2020-09-20 11:45,94,46,48,0,0,0
2020-09-20 12:00,77,50,27,0,0,0
2020-09-20 12:15,72,28,44,0,0,0
2020-09-20 12:30,79,43,36,0,0,0
2020-09-20 12:45,88,37,51,0,0,0
2020-09-20 13:00,82,41,41,0,0,0
2020-09-20 13:15,94,34,60,0,0,0
2020-09-20 13:30,98,51,47,0,0,0
2020-09-20 13:45,131,55,76,0,0,0
2020-09-20 14:00,90,36,54,0,0,0
2020-09-20 14:15,100,53,47,0,0,0
2020-09-20 14:30,114,51,63,0,0,0
2020-09-20 14:45,118,61,57,0,0,0
2020-09-20 15:00,99,47,52,0,0,0
2020-09-20 15:15,79,38,41,0,0,0
2020-09-20 15:30,111,60,51,0,0,0
2020-09-20 15:45,113,55,58,0,0,0
2020-09-20 16:00,109,48,61,0,0,0
2020-09-20 16:15,112,47,65,0,0,0
2020-09-20 16:30,108,48,60,0,0,0
2020-09-20 16:45,91,43,48,0,0,0
2020-09-20 17:00,98,44,54,0,0,0
2020-09-20 17:15,144,70,74,0,0,0
2020-09-20 17:30,97,45,52,0,0,0
2020-09-20 17:45,97,55,42,0,0,0
2020-09-20 18:00,106,41,65,0,0,0
2020-09-20 18:15,98,46,52,0,0,0
2020-09-20 18:30,97,39,58,0,0,0
2020-09-20 18:45,87,42,45,0,0,0
2020-09-20 19:00,100,42,58,0,0,0
2020-09-20 19:15,96,37,59,0,0,0
2020-09-20 19:30,64,23,41,0,0,0
2020-09-20 19:45,74,25,49,0,0,0
2020-09-20 20:00,107,45,62,0,0,0
2020-09-20 20:15,96,39,57,0,0,0
2020-09-20 20:30,45,20,25,0,0,0
2020-09-20 20:45,59,23,36,0,0,0
2020-09-20 21:00,56,29,27,0,0,0
2020-09-20 21:15,37,15,22,0,0,0
2020-09-20 21:30,40,14,26,0,0,0
2020-09-20 21:45,33,18,15,0,0,0
2020-09-20 22:00,44,15,29,0,0,0
2020-09-20 22:15,35,20,15,0,0,0
2020-09-20 22:30,26,6,20,0,0,0
2020-09-20 22:45,12,4,8,0,0,0
2020-09-20 23:00,28,11,17,0,0,0
2020-09-20 23:15,17,4,13,0,0,0
2020-09-20 23:30,11,3,8,0,0,0
2020-09-20 23:45,11,2,9,0,0,0
2020-09-21 00:00,13,5,8,0,0,0
2020-09-21 00:15,13,4,9,0,0,0
2020-09-21 00:30,2,1,1,0,0,0
2020-09-21 00:45,5,2,3,0,0,0
2020-09-21 01:00,1,0,1,0,0,0
2020-09-21 01:15,5,2,3,0,0,0
2020-09-21 01:30,3,1,2,0,0,0
2020-09-21 01:45,3,2,1,0,0,0
2020-09-21 02:00,5,0,5,0,0,0
2020-09-21 02:15,4,2,2,0,0,0
2020-09-21 02:30,1,0,1,0,0,0
2020-09-21 02:45,0,0,0,0,0,0
2020-09-21 03:00,3,3,0,0,0,0
2020-09-21 03:15,0,0,0,0,0,0
2020-09-21 03:30,1,1,0,0,0,0
2020-09-21 03:45,1,1,0,0,0,0
2020-09-21 04:00,1,0,1,0,0,0
2020-09-21 04:15,3,1,2,0,0,0
2020-09-21 04:30,2,1,1,0,0,0
2020-09-21 04:45,5,1,4,0,0,0
2020-09-21 05:00,1,0,1,0,0,0
2020-09-21 05:15,13,6,7,0,0,0
2020-09-21 05:30,17,11,6,0,0,0
2020-09-21 05:45,23,12,11,0,0,0
2020-09-21 06:00,28,15,13,0,0,0
2020-09-21 06:15,36,17,19,0,0,0
2020-09-21 06:30,41,18,23,0,0,0
2020-09-21 06:45,70,39,31,0,0,0
2020-09-21 07:00,83,41,42,0,0,0
2020-09-21 07:15,94,46,48,0,0,0
2020-09-21 07:30,158,65,93,0,0,0
2020-09-21 07:45,136,81,55,0,0,0
2020-09-21 08:00,137,77,60,0,0,0
2020-09-21 08:15,141,71,70,0,0,0
2020-09-21 08:30,124,63,61,0,0,0
2020-09-21 08:45,147,60,87,0,0,0
2020-09-21 09:00,106,51,55,0,0,0
2020-09-21 09:15,83,38,45,0,0,0
2020-09-21 09:30,85,46,39,0,0,0
2020-09-21 09:45,97,26,71,0,0,0
2020-09-21 10:00,87,36,51,0,0,0
2020-09-21 10:15,82,35,47,0,0,0
2020-09-21 10:30,96,40,56,0,0,0
2020-09-21 10:45,93,45,48,0,0,0
2020-09-21 11:00,106,48,58,0,0,0
2020-09-21 11:15,122,71,51,0,0,0
2020-09-21 11:30,110,57,53,0,0,0
2020-09-21 11:45,108,40,68,0,0,0
2020-09-21 12:00,111,42,69,0,0,0
2020-09-21 12:15,105,51,54,0,0,0
2020-09-21 12:30,130,68,62,0,0,0
2020-09-21 12:45,133,74,59,0,0,0
2020-09-21 13:00,147,76,71,0,0,0
2020-09-21 13:15,138,71,67,0,0,0
2020-09-21 13:30,109,55,54,0,0,0
2020-09-21 13:45,137,74,63,0,0,0
2020-09-21 14:00,154,83,71,0,0,0
2020-09-21 14:15,123,64,59,0,0,0
2020-09-21 14:30,145,71,74,0,0,0
2020-09-21 14:45,162,77,85,0,0,0
2020-09-21 15:00,120,53,67,0,0,0
2020-09-21 15:15,149,66,83,0,0,0
2020-09-21 15:30,175,83,92,0,0,0
2020-09-21 15:45,146,76,70,0,0,0
2020-09-21 16:00,161,79,82,0,0,0
2020-09-21 16:15,172,88,84,0,0,0
2020-09-21 16:30,186,77,109,0,0,0
2020-09-21 16:45,192,71,121,0,0,0
2020-09-21 17:00,149,66,83,0,0,0
2020-09-21 17:15,195,89,106,0,0,0
2020-09-21 17:30,166,73,93,0,0,0
2020-09-21 17:45,206,113,93,0,0,0
2020-09-21 18:00,181,79,102,0,0,0
2020-09-21 18:15,157,92,65,0,0,0
2020-09-21 18:30,136,59,77,0,0,0
2020-09-21 18:45,162,83,79,0,0,0
2020-09-21 19:00,108,54,54,0,0,0
2020-09-21 19:15,132,62,70,0,0,0
2020-09-21 19:30,91,47,44,0,0,0
2020-09-21 19:45,111,63,48,0,0,0
2020-09-21 20:00,107,62,45,0,0,0
2020-09-21 20:15,70,37,33,0,0,0
2020-09-21 20:30,73,36,37,0,0,0
2020-09-21 20:45,63,33,30,0,0,0
2020-09-21 21:00,72,23,49,0,0,0
2020-09-21 21:15,71,26,45,0,0,0
2020-09-21 21:30,64,30,34,0,0,0
2020-09-21 21:45,39,14,25,0,0,0
2020-09-21 22:00,58,19,39,0,0,0
2020-09-21 22:15,55,25,30,0,0,0
2020-09-21 22:30,46,16,30,0,0,0
2020-09-21 22:45,27,14,13,0,0,0
2020-09-21 23:00,44,16,28,0,0,0
2020-09-21 23:15,23,15,8,0,0,0
2020-09-21 23:30,29,10,19,0,0,0
2020-09-21 23:45,14,3,11,0,0,0
2020-09-22 00:00,26,10,16,0,0,0
2020-09-22 00:15,13,2,11,0,0,0
2020-09-22 00:30,9,6,3,0,0,0
2020-09-22 00:45,7,5,2,0,0,0
2020-09-22 01:00,11,7,4,0,0,0
2020-09-22 01:15,2,1,1,0,0,0
2020-09-22 01:30,3,0,3,0,0,0
2020-09-22 01:45,8,2,6,0,0,0
2020-09-22 02:00,6,4,2,0,0,0
2020-09-22 02:15,0,0,0,0,0,0
2020-09-22 02:30,0,0,0,0,0,0
2020-09-22 02:45,1,0,1,0,0,0
2020-09-22 03:00,4,2,2,0,0,0
2020-09-22 03:15,0,0,0,0,0,0
2020-09-22 03:30,2,0,2,0,0,0
2020-09-22 03:45,3,1,2,0,0,0
2020-09-22 04:00,3,2,1,0,0,0
2020-09-22 04:15,3,2,1,0,0,0
2020-09-22 04:30,2,1,1,0,0,0
2020-09-22 04:45,9,4,5,0,0,0
2020-09-22 05:00,2,1,1,0,0,0
2020-09-22 05:15,7,4,3,0,0,0
2020-09-22 05:30,19,9,10,0,0,0
2020-09-22 05:45,18,8,10,0,0,0
2020-09-22 06:00,26,13,13,0,0,0
2020-09-22 06:15,24,12,12,0,0,0
2020-09-22 06:30,36,17,19,0,0,0
2020-09-22 06:45,72,39,33,0,0,0
2020-09-22 07:00,72,41,31,0,0,0
2020-09-22 07:15,92,42,50,0,0,0
2020-09-22 07:30,165,82,83,0,0,0
2020-09-22 07:45,188,96,92,0,0,0
2020-09-22 08:00,167,84,83,0,0,0
2020-09-22 08:15,160,91,69,0,0,0
2020-09-22 08:30,126,61,65,0,0,0
2020-09-22 08:45,149,64,85,0,0,0
2020-09-22 09:00,93,38,55,0,0,0
2020-09-22 09:15,93,34,59,0,0,0
2020-09-22 09:30,92,35,57,0,0,0
2020-09-22 09:45,106,46,60,0,0,0
2020-09-22 10:00,83,42,41,0,0,0
2020-09-22 10:15,91,45,46,0,0,0
2020-09-22 10:30,93,45,48,0,0,0
2020-09-22 10:45,109,51,58,0,0,0
2020-09-22 11:00,84,43,41,0,0,0
2020-09-22 11:15,109,45,64,0,0,0
2020-09-22 11:30,101,47,54,0,0,0
2020-09-22 11:45,107,52,55,0,0,0
2020-09-22 12:00,127,56,71,0,0,0
2020-09-22 12:15,157,75,82,0,0,0
2020-09-22 12:30,139,62,77,0,0,0
2020-09-22 12:45,129,62,67,0,0,0
2020-09-22 13:00,149,71,78,0,0,0
2020-09-22 13:15,140,66,74,0,0,0
2020-09-22 13:30,150,83,67,0,0,0
2020-09-22 13:45,116,65,51,0,0,0
2020-09-22 14:00,149,80,69,0,0,0
2020-09-22 14:15,127,60,67,0,0,0
2020-09-22 14:30,130,67,63,0,0,0
2020-09-22 14:45,166,76,90,0,0,0
2020-09-22 15:00,157,82,75,0,0,0
2020-09-22 15:15,165,99,66,0,0,0
2020-09-22 15:30,127,60,67,0,0,0
2020-09-22 15:45,177,102,75,0,0,0
2020-09-22 16:00,185,106,79,0,0,0
2020-09-22 16:15,197,116,81,0,0,0
2020-09-22 16:30,199,104,95,0,0,0
2020-09-22 16:45,195,97,98,0,0,0
2020-09-22 17:00,169,97,72,0,0,0
2020-09-22 17:15,213,113,100,0,0,0
2020-09-22 17:30,189,96,93,0,0,0
2020-09-22 17:45,185,79,106,0,0,0
2020-09-22 18:00,155,77,78,0,0,0
2020-09-22 18:15,157,73,84,0,0,0
2020-09-22 18:30,151,81,70,0,0,0
2020-09-22 18:45,142,67,75,0,0,0
2020-09-22 19:00,150,64,86,0,0,0
2020-09-22 19:15,149,89,60,0,0,0
2020-09-22 19:30,141,58,83,0,0,0
2020-09-22 19:45,117,63,54,0,0,0
2020-09-22 20:00,99,57,42,0,0,0
2020-09-22 20:15,109,56,53,0,0,0
2020-09-22 20:30,79,38,41,0,0,0
2020-09-22 20:45,78,34,44,0,0,0
2020-09-22 21:00,64,23,41,0,0,0
2020-09-22 21:15,70,23,47,0,0,0
2020-09-22 21:30,61,22,39,0,0,0
2020-09-22 21:45,67,24,43,0,0,0
2020-09-22 22:00,59,26,33,0,0,0
2020-09-22 22:15,30,14,16,0,0,0
2020-09-22 22:30,36,14,22,0,0,0
2020-09-22 22:45,48,16,32,0,0,0
2020-09-22 23:00,35,15,20,0,0,0
2020-09-22 23:15,27,11,16,0,0,0
2020-09-22 23:30,23,7,16,0,0,0
2020-09-22 23:45,27,12,15,0,0,0
2020-09-23 00:00,11,5,6,0,0,0
2020-09-23 00:15,12,6,6,0,0,0
2020-09-23 00:30,16,6,10,0,0,0
2020-09-23 00:45,7,3,4,0,0,0
2020-09-23 01:00,6,1,5,0,0,0
2020-09-23 01:15,4,0,4,0,0,0
2020-09-23 01:30,4,0,4,0,0,0
2020-09-23 01:45,5,1,4,0,0,0
2020-09-23 02:00,4,2,2,0,0,0
2020-09-23 02:15,2,1,1,0,0,0
2020-09-23 02:30,6,0,6,0,0,0
2020-09-23 02:45,2,0,2,0,0,0
2020-09-23 03:00,5,1,4,0,0,0
2020-09-23 03:15,4,3,1,0,0,0
2020-09-23 03:30,0,0,0,0,0,0
2020-09-23 03:45,6,4,2,0,0,0
2020-09-23 04:00,3,0,3,0,0,0
2020-09-23 04:15,2,2,0,0,0,0
2020-09-23 04:30,1,1,0,0,0,0
2020-09-23 04:45,3,2,1,0,0,0
2020-09-23 05:00,3,2,1,0,0,0
2020-09-23 05:15,14,4,10,0,0,0
2020-09-23 05:30,26,6,20,0,0,0
2020-09-23 05:45,26,9,17,0,0,0
2020-09-23 06:00,27,8,19,0,0,0
2020-09-23 06:15,41,22,19,0,0,0
2020-09-23 06:30,37,15,22,0,0,0
2020-09-23 06:45,57,28,29,0,0,0
2020-09-23 07:00,84,47,37,0,0,0
2020-09-23 07:15,117,57,60,0,0,0
2020-09-23 07:30,157,66,91,0,0,0
2020-09-23 07:45,149,87,62,0,0,0
2020-09-23 08:00,144,72,72,0,0,0
2020-09-23 08:15,133,81,52,0,0,0
2020-09-23 08:30,125,63,62,0,0,0
2020-09-23 08:45,125,55,70,0,0,0
2020-09-23 09:00,105,52,53,0,0,0
2020-09-23 09:15,74,35,39,0,0,0
2020-09-23 09:30,95,44,51,0,0,0
2020-09-23 09:45,99,34,65,0,0,0
2020-09-23 10:00,78,34,44,0,0,0
2020-09-23 10:15,89,33,56,0,0,0
2020-09-23 10:30,80,41,39,0,0,0
2020-09-23 10:45,112,58,54,0,0,0
2020-09-23 11:00,86,42,44,0,0,0
2020-09-23 11:15,107,51,56,0,0,0
2020-09-23 11:30,100,42,58,0,0,0
2020-09-23 11:45,120,49,71,0,0,0
2020-09-23 12:00,135,64,71,0,0,0
2020-09-23 12:15,128,61,67,0,0,0
2020-09-23 12:30,134,74,60,0,0,0
2020-09-23 12:45,137,80,57,0,0,0
2020-09-23 13:00,141,70,71,0,0,0
2020-09-23 13:15,138,62,76,0,0,0
2020-09-23 13:30,119,54,65,0,0,0
2020-09-23 13:45,142,75,67,0,0,0
2020-09-23 14:00,122,63,59,0,0,0
2020-09-23 14:15,136,64,72,0,0,0
2020-09-23 14:30,117,62,55,0,0,0
2020-09-23 14:45,145,72,73,0,0,0
2020-09-23 15:00,142,73,69,0,0,0
2020-09-23 15:15,154,69,85,0,0,0
2020-09-23 15:30,153,87,66,0,0,0
2020-09-23 15:45,158,71,87,0,0,0
2020-09-23 16:00,174,82,92,0,0,0
2020-09-23 16:15,180,92,88,0,0,0
2020-09-23 16:30,176,78,98,0,0,0
2020-09-23 16:45,184,87,97,0,0,0
2020-09-23 17:00,175,92,83,0,0,0
2020-09-23 17:15,183,84,99,0,0,0
2020-09-23 17:30,216,116,100,0,0,0
2020-09-23 17:45,197,105,92,0,0,0
2020-09-23 18:00,169,94,75,0,0,0
2020-09-23 18:15,160,82,78,0,0,0
2020-09-23 18:30,149,81,68,0,0,0
2020-09-23 18:45,147,83,64,0,0,0
2020-09-23 19:00,127,68,59,0,0,0
2020-09-23 19:15,114,61,53,0,0,0
2020-09-23 19:30,103,64,39,0,0,0
2020-09-23 19:45,131,64,67,0,0,0
2020-09-23 20:00,102,41,61,0,0,0
2020-09-23 20:15,79,36,43,0,0,0
2020-09-23 20:30,67,33,34,0,0,0
2020-09-23 20:45,69,33,36,0,0,0
2020-09-23 21:00,55,19,36,0,0,0
2020-09-23 21:15,62,29,33,0,0,0
2020-09-23 21:30,70,29,41,0,0,0
2020-09-23 21:45,54,21,33,0,0,0
2020-09-23 22:00,61,25,36,0,0,0
2020-09-23 22:15,36,21,15,0,0,0
2020-09-23 22:30,58,23,35,0,0,0
2020-09-23 22:45,55,22,33,0,0,0
2020-09-23 23:00,42,15,27,0,0,0
2020-09-23 23:15,25,11,14,0,0,0
2020-09-23 23:30,33,13,20,0,0,0
2020-09-23 23:45,23,10,13,0,0,0
2020-09-24 00:00,32,8,24,0,0,0
2020-09-24 00:15,14,6,8,0,0,0
2020-09-24 00:30,11,2,9,0,0,0
2020-09-24 00:45,9,3,6,0,0,0
2020-09-24 01:00,8,4,4,0,0,0
2020-09-24 01:15,6,2,4,0,0,0
2020-09-24 01:30,2,2,0,0,0,0
2020-09-24 01:45,8,3,5,0,0,0
2020-09-24 02:00,5,4,1,0,0,0
2020-09-24 02:15,4,1,3,0,0,0
2020-09-24 02:30,4,1,3,0,0,0
2020-09-24 02:45,5,2,3,0,0,0
2020-09-24 03:00,4,3,1,0,0,0
2020-09-24 03:15,2,0,2,0,0,0
2020-09-24 03:30,2,2,0,0,0,0
2020-09-24 03:45,1,0,1,0,0,0
2020-09-24 04:00,7,3,4,0,0,0
2020-09-24 04:15,4,1,3,0,0,0
2020-09-24 04:30,2,1,1,0,0,0
2020-09-24 04:45,3,1,2,0,0,0
2020-09-24 05:00,5,2,3,0,0,0
2020-09-24 05:15,6,0,6,0,0,0
2020-09-24 05:30,14,2,12,0,0,0
2020-09-24 05:45,19,11,8,0,0,0
2020-09-24 06:00,17,3,14,0,0,0
2020-09-24 06:15,26,14,12,0,0,0
2020-09-24 06:30,40,21,19,0,0,0
2020-09-24 06:45,70,40,30,0,0,0
2020-09-24 07:00,70,38,32,0,0,0
2020-09-24 07:15,93,53,40,0,0,0
2020-09-24 07:30,140,61,79,0,0,0
2020-09-24 07:45,173,96,77,0,0,0
2020-09-24 08:00,141,67,74,0,0,0
2020-09-24 08:15,143,61,82,0,0,0
2020-09-24 08:30,118,51,67,0,0,0
2020-09-24 08:45,122,63,59,0,0,0
2020-09-24 09:00,105,52,53,0,0,0
2020-09-24 09:15,110,45,65,0,0,0
2020-09-24 09:30,93,33,60,0,0,0
2020-09-24 09:45,98,40,58,0,0,0
2020-09-24 10:00,85,39,46,0,0,0
2020-09-24 10:15,80,37,43,0,0,0
2020-09-24 10:30,84,39,45,0,0,0
2020-09-24 10:45,89,35,54,0,0,0
2020-09-24 11:00,100,45,55,0,0,0
2020-09-24 11:15,108,49,59,0,0,0
2020-09-24 11:30,97,43,54,0,0,0
2020-09-24 11:45,101,49,52,0,0,0
2020-09-24 12:00,125,58,67,0,0,0
2020-09-24 12:15,127,60,67,0,0,0
2020-09-24 12:30,141,73,68,0,0,0
2020-09-24 12:45,119,59,60,0,0,0
2020-09-24 13:00,118,53,65,0,0,0
2020-09-24 13:15,136,67,69,0,0,0
2020-09-24 13:30,143,66,77,0,0,0
2020-09-24 13:45,130,62,68,0,0,0
2020-09-24 14:00,122,57,65,0,0,0
2020-09-24 14:15,118,60,58,0,0,0
2020-09-24 14:30,131,73,58,0,0,0
2020-09-24 14:45,132,62,70,0,0,0
2020-09-24 15:00,136,58,78,0,0,0
2020-09-24 15:15,126,53,73,0,0,0
2020-09-24 15:30,152,65,87,0,0,0
2020-09-24 15:45,145,80,65,0,0,0
2020-09-24 16:00,142,76,66,0,0,0
2020-09-24 16:15,185,83,102,0,0,0
2020-09-24 16:30,142,70,72,0,0,0
2020-09-24 16:45,195,92,103,0,0,0
2020-09-24 17:00,166,76,90,0,0,0
2020-09-24 17:15,204,105,99,0,0,0
2020-09-24 17:30,165,72,93,0,0,0
2020-09-24 17:45,153,93,60,0,0,0
2020-09-24 18:00,175,78,97,0,0,0
2020-09-24 18:15,169,100,69,0,0,0
2020-09-24 18:30,136,65,71,0,0,0
2020-09-24 18:45,160,92,68,0,0,0
2020-09-24 19:00,128,65,63,0,0,0
2020-09-24 19:15,97,49,48,0,0,0
2020-09-24 19:30,126,62,64,0,0,0
2020-09-24 19:45,118,57,61,0,0,0
2020-09-24 20:00,103,49,54,0,0,0
2020-09-24 20:15,80,34,46,0,0,0
2020-09-24 20:30,76,31,45,0,0,0
2020-09-24 20:45,59,21,38,0,0,0
2020-09-24 21:00,59,29,30,0,0,0
2020-09-24 21:15,47,18,29,0,0,0
2020-09-24 21:30,46,22,24,0,0,0
2020-09-24 21:45,59,24,35,0,0,0
2020-09-24 22:00,57,19,38,0,0,0
2020-09-24 22:15,53,21,32,0,0,0
2020-09-24 22:30,45,21,24,0,0,0
2020-09-24 22:45,28,13,15,0,0,0
2020-09-24 23:00,31,8,23,0,0,0
2020-09-24 23:15,27,4,23,0,0,0
2020-09-24 23:30,30,10,20,0,0,0
2020-09-24 23:45,26,5,21,0,0,0
2020-09-25 00:00,25,9,16,0,0,0
2020-09-25 00:15,12,4,8,0,0,0
2020-09-25 00:30,15,12,3,0,0,0
2020-09-25 00:45,9,4,5,0,0,0
2020-09-25 01:00,7,4,3,0,0,0
2020-09-25 01:15,7,0,7,0,0,0
2020-09-25 01:30,8,3,5,0,0,0
2020-09-25 01:45,3,1,2,0,0,0
2020-09-25 02:00,7,3,4,0,0,0
2020-09-25 02:15,3,0,3,0,0,0
2020-09-25 02:30,9,3,6,0,0,0
2020-09-25 02:45,3,1,2,0,0,0
2020-09-25 03:00,5,1,4,0,0,0
2020-09-25 03:15,0,0,0,0,0,0
2020-09-25 03:30,3,0,3,0,0,0
2020-09-25 03:45,5,2,3,0,0,0
2020-09-25 04:00,0,0,0,0,0,0
2020-09-25 04:15,1,1,0,0,0,0
2020-09-25 04:30,4,2,2,0,0,0
2020-09-25 04:45,2,1,1,0,0,0
2020-09-25 05:00,4,0,4,0,0,0
2020-09-25 05:15,18,6,12,0,0,0
2020-09-25 05:30,10,4,6,0,0,0
2020-09-25 05:45,15,8,7,0,0,0
2020-09-25 06:00,20,10,10,0,0,0
2020-09-25 06:15,40,13,27,0,0,0
2020-09-25 06:30,47,16,31,0,0,0
2020-09-25 06:45,58,24,34,0,0,0
2020-09-25 07:00,77,34,43,0,0,0
2020-09-25 07:15,86,36,50,0,0,0
2020-09-25 07:30,138,54,84,0,0,0
2020-09-25 07:45,127,68,59,0,0,0
2020-09-25 08:00,122,67,55,0,0,0
2020-09-25 08:15,105,56,49,0,0,0
2020-09-25 08:30,121,41,80,0,0,0
2020-09-25 08:45,127,51,76,0,0,0
2020-09-25 09:00,92,48,44,0,0,0
2020-09-25 09:15,94,33,61,0,0,0
2020-09-25 09:30,80,37,43,0,0,0
2020-09-25 09:45,112,46,66,0,0,0
2020-09-25 10:00,81,30,51,0,0,0
2020-09-25 10:15,82,33,49,0,0,0
2020-09-25 10:30,87,35,52,0,0,0
2020-09-25 10:45,91,44,47,0,0,0
2020-09-25 11:00,107,49,58,0,0,0
2020-09-25 11:15,121,58,63,0,0,0
2020-09-25 11:30,84,28,56,0,0,0
2020-09-25 11:45,120,50,70,0,0,0
2020-09-25 12:00,125,69,56,0,0,0
2020-09-25 12:15,120,50,70,0,0,0
2020-09-25 12:30,131,65,66,0,0,0
2020-09-25 12:45,142,56,86,0,0,0
2020-09-25 13:00,129,52,77,0,0,0
2020-09-25 13:15,150,71,79,0,0,0
2020-09-25 13:30,122,65,57,0,0,0
2020-09-25 13:45,157,71,86,0,0,0
2020-09-25 14:00,166,76,90,0,0,0
2020-09-25 14:15,132,65,67,0,0,0
2020-09-25 14:30,132,70,62,0,0,0
2020-09-25 14:45,134,68,66,0,0,0
2020-09-25 15:00,131,68,63,0,0,0
2020-09-25 15:15,155,72,83,0,0,0
2020-09-25 15:30,126,56,70,0,0,0
2020-09-25 15:45,120,62,58,0,0,0
2020-09-25 16:00,143,64,79,0,0,0
2020-09-25 16:15,118,63,55,0,0,0
2020-09-25 16:30,125,61,64,0,0,0
2020-09-25 16:45,128,68,60,0,0,0
2020-09-25 17:00,131,61,70,0,0,0
2020-09-25 17:15,126,54,72,0,0,0
2020-09-25 17:30,143,75,68,0,0,0
2020-09-25 17:45,137,72,65,0,0,0
2020-09-25 18:00,127,49,78,0,0,0
2020-09-25 18:15,116,54,62,0,0,0
2020-09-25 18:30,117,69,48,0,0,0
2020-09-25 18:45,153,83,70,0,0,0
2020-09-25 19:00,115,55,60,0,0,0
2020-09-25 19:15,126,64,62,0,0,0
2020-09-25 19:30,117,63,54,0,0,0
2020-09-25 19:45,97,53,44,0,0,0
2020-09-25 20:00,111,61,50,0,0,0
2020-09-25 20:15,73,33,40,0,0,0
2020-09-25 20:30,58,30,28,0,0,0
2020-09-25 20:45,61,30,31,0,0,0
2020-09-25 21:00,64,29,35,0,0,0
2020-09-25 21:15,56,25,31,0,0,0
2020-09-25 21:30,54,24,30,0,0,0
2020-09-25 21:45,45,18,27,0,0,0
2020-09-25 22:00,50,20,30,0,0,0
2020-09-25 22:15,59,16,43,0,0,0
2020-09-25 22:30,51,21,30,0,0,0
2020-09-25 22:45,42,18,24,0,0,0
2020-09-25 23:00,48,22,26,0,0,0
2020-09-25 23:15,39,15,24,0,0,0
2020-09-25 23:30,52,24,28,0,0,0
2020-09-25 23:45,49,20,29,0,0,0
2020-09-26 00:00,39,13,26,0,0,0
2020-09-26 00:15,40,18,22,0,0,0
2020-09-26 00:30,24,12,12,0,0,0
2020-09-26 00:45,30,12,18,0,0,0
2020-09-26 01:00,27,11,16,0,0,0
2020-09-26 01:15,18,6,12,0,0,0
2020-09-26 01:30,22,7,15,0,0,0
2020-09-26 01:45,15,6,9,0,0,0
2020-09-26 02:00,18,11,7,0,0,0
2020-09-26 02:15,22,8,14,0,0,0
2020-09-26 02:30,8,2,6,0,0,0
2020-09-26 02:45,10,5,5,0,0,0
2020-09-26 03:00,14,6,8,0,0,0
2020-09-26 03:15,6,3,3,0,0,0
2020-09-26 03:30,8,3,5,0,0,0
2020-09-26 03:45,10,7,3,0,0,0
2020-09-26 04:00,3,2,1,0,0,0
2020-09-26 04:15,8,3,5,0,0,0
2020-09-26 04:30,3,0,3,0,0,0
2020-09-26 04:45,6,1,5,0,0,0
2020-09-26 05:00,3,2,1,0,0,0
2020-09-26 05:15,1,0,1,0,0,0
2020-09-26 05:30,4,3,1,0,0,0
2020-09-26 05:45,11,5,6,0,0,0
2020-09-26 06:00,7,1,6,0,0,0
2020-09-26 06:15,4,2,2,0,0,0
2020-09-26 06:30,9,5,4,0,0,0
2020-09-26 06:45,8,3,5,0,0,0
2020-09-26 07:00,9,2,7,0,0,0
2020-09-26 07:15,15,7,8,0,0,0
2020-09-26 07:30,24,7,17,0,0,0
2020-09-26 07:45,21,13,8,0,0,0
2020-09-26 08:00,19,11,8,0,0,0
2020-09-26 08:15,18,7,11,0,0,0
2020-09-26 08:30,35,11,24,0,0,0
2020-09-26 08:45,46,19,27,0,0,0
2020-09-26 09:00,37,12,25,0,0,0
2020-09-26 09:15,61,23,38,0,0,0
2020-09-26 09:30,53,25,28,0,0,0
2020-09-26 09:45,92,32,60,0,0,0
2020-09-26 10:00,61,27,34,0,0,0
2020-09-26 10:15,68,28,40,0,0,0
2020-09-26 10:30,76,25,51,0,0,0
2020-09-26 10:45,92,31,61,0,0,0
2020-09-26 11:00,89,43,46,0,0,0
2020-09-26 11:15,70,25,45,0,0,0
2020-09-26 11:30,90,34,56,0,0,0
2020-09-26 11:45,95,39,56,0,0,0
2020-09-26 12:00,111,54,57,0,0,0
2020-09-26 12:15,80,38,42,0,0,0
2020-09-26 12:30,76,34,42,0,0,0
2020-09-26 12:45,98,42,56,0,0,0
2020-09-26 13:00,115,52,63,0,0,0
2020-09-26 13:15,82,46,36,0,0,0
2020-09-26 13:30,78,37,41,0,0,0
2020-09-26 13:45,101,32,69,0,0,0
2020-09-26 14:00,111,51,60,0,0,0
2020-09-26 14:15,110,49,61,0,0,0
2020-09-26 14:30,111,51,60,0,0,0
2020-09-26 14:45,81,41,40,0,0,0
2020-09-26 15:00,117,52,65,0,0,0
2020-09-26 15:15,95,36,59,0,0,0
2020-09-26 15:30,68,32,36,0,0,0
2020-09-26 15:45,79,34,45,0,0,0
2020-09-26 16:00,100,62,38,0,0,0
2020-09-26 16:15,93,42,51,0,0,0
2020-09-26 16:30,51,16,35,0,0,0
2020-09-26 16:45,91,38,53,0,0,0
2020-09-26 17:00,115,50,65,0,0,0
2020-09-26 17:15,92,47,45,0,0,0
2020-09-26 17:30,99,47,52,0,0,0
2020-09-26 17:45,90,41,49,0,0,0
2020-09-26 18:00,87,33,54,0,0,0
2020-09-26 18:15,97,35,62,0,0,0
2020-09-26 18:30,70,37,33,0,0,0
2020-09-26 18:45,91,45,46,0,0,0
2020-09-26 19:00,66,25,41,0,0,0
2020-09-26 19:15,72,30,42,0,0,0
2020-09-26 19:30,80,37,43,0,0,0
2020-09-26 19:45,65,24,41,0,0,0
2020-09-26 20:00,49,24,25,0,0,0
2020-09-26 20:15,46,21,25,0,0,0
2020-09-26 20:30,50,19,31,0,0,0
2020-09-26 20:45,34,19,15,0,0,0
2020-09-26 21:00,38,17,21,0,0,0
2020-09-26 21:15,27,17,10,0,0,0
2020-09-26 21:30,26,13,13,0,0,0
2020-09-26 21:45,28,8,20,0,0,0
2020-09-26 22:00,29,4,25,0,0,0
2020-09-26 22:15,25,15,10,0,0,0
2020-09-26 22:30,28,4,24,0,0,0
2020-09-26 22:45,25,4,21,0,0,0
2020-09-26 23:00,29,10,19,0,0,0
2020-09-26 23:15,17,4,13,0,0,0
2020-09-26 23:30,25,4,21,0,0,0
2020-09-26 23:45,29,15,14,0,0,0
2020-09-27 00:00,27,8,19,0,0,0
2020-09-27 00:15,26,11,15,0,0,0
2020-09-27 00:30,25,9,16,0,0,0
2020-09-27 00:45,13,5,8,0,0,0
2020-09-27 01:00,22,6,16,0,0,0
2020-09-27 01:15,16,6,10,0,0,0
2020-09-27 01:30,14,9,5,0,0,0
2020-09-27 01:45,22,9,13,0,0,0
2020-09-27 02:00,22,12,10,0,0,0
2020-09-27 02:15,17,5,12,0,0,0
2020-09-27 02:30,10,3,7,0,0,0
2020-09-27 02:45,2,1,1,0,0,0
2020-09-27 03:00,6,1,5,0,0,0
2020-09-27 03:15,17,5,12,0,0,0
2020-09-27 03:30,11,7,4,0,0,0
2020-09-27 03:45,15,3,12,0,0,0
2020-09-27 04:00,4,0,4,0,0,0
2020-09-27 04:15,9,2,7,0,0,0
2020-09-27 04:30,1,0,1,0,0,0
2020-09-27 04:45,7,0,7,0,0,0
2020-09-27 05:00,1,1,0,0,0,0
2020-09-27 05:15,5,5,0,0,0,0
2020-09-27 05:30,5,1,4,0,0,0
2020-09-27 05:45,6,1,5,0,0,0
2020-09-27 06:00,4,0,4,0,0,0
2020-09-27 06:15,5,2,3,0,0,0
2020-09-27 06:30,3,1,2,0,0,0
2020-09-27 06:45,4,1,3,0,0,0
2020-09-27 07:00,6,4,2,0,0,0
2020-09-27 07:15,4,1,3,0,0,0
2020-09-27 07:30,9,6,3,0,0,0
2020-09-27 07:45,7,3,4,0,0,0
2020-09-27 08:00,11,5,6,0,0,0
2020-09-27 08:15,5,2,3,0,0,0
2020-09-27 08:30,16,7,9,0,0,0
2020-09-27 08:45,13,3,10,0,0,0
2020-09-27 09:00,24,8,16,0,0,0
2020-09-27 09:15,19,10,9,0,0,0
2020-09-27 09:30,28,10,18,0,0,0
2020-09-27 09:45,26,7,19,0,0,0
2020-09-27 10:00,38,26,12,0,0,0
2020-09-27 10:15,46,17,29,0,0,0
2020-09-27 10:30,42,20,22,0,0,0
2020-09-27 10:45,55,22,33,0,0,0
2020-09-27 11:00,31,14,17,0,0,0
2020-09-27 11:15,42,20,22,0,0,0
2020-09-27 11:30,44,16,28,0,0,0
2020-09-27 11:45,52,21,31,0,0,0
2020-09-27 12:00,61,19,42,0,0,0
2020-09-27 12:15,59,20,39,0,0,0
2020-09-27 12:30,62,32,30,0,0,0
2020-09-27 12:45,61,23,38,0,0,0
2020-09-27 13:00,56,20,36,0,0,0
2020-09-27 13:15,68,25,43,0,0,0
2020-09-27 13:30,69,27,42,0,0,0
2020-09-27 13:45,95,46,49,0,0,0
2020-09-27 14:00,70,41,29,0,0,0
2020-09-27 14:15,79,43,36,0,0,0
2020-09-27 14:30,66,24,42,0,0,0
2020-09-27 14:45,62,25,37,0,0,0
2020-09-27 15:00,67,33,34,0,0,0
2020-09-27 15:15,50,28,22,0,0,0
2020-09-27 15:30,82,33,49,0,0,0
2020-09-27 15:45,78,25,53,0,0,0
2020-09-27 16:00,70,31,39,0,0,0
2020-09-27 16:15,68,30,38,0,0,0
2020-09-27 16:30,80,34,46,0,0,0
2020-09-27 16:45,77,37,40,0,0,0
2020-09-27 17:00,70,32,38,0,0,0
2020-09-27 17:15,71,33,38,0,0,0
2020-09-27 17:30,86,33,53,0,0,0
2020-09-27 17:45,84,48,36,0,0,0
2020-09-27 18:00,83,37,46,0,0,0
2020-09-27 18:15,75,24,51,0,0,0
2020-09-27 18:30,78,33,45,0,0,0
2020-09-27 18:45,68,25,43,0,0,0
2020-09-27 19:00,67,32,35,0,0,0
2020-09-27 19:15,67,28,39,0,0,0
2020-09-27 19:30,75,28,47,0,0,0
2020-09-27 19:45,58,31,27,0,0,0
2020-09-27 20:00,52,16,36,0,0,0
2020-09-27 20:15,43,23,20,0,0,0
2020-09-27 20:30,50,16,34,0,0,0
2020-09-27 20:45,29,13,16,0,0,0
2020-09-27 21:00,43,18,25,0,0,0
2020-09-27 21:15,46,19,27,0,0,0
2020-09-27 21:30,30,12,18,0,0,0
2020-09-27 21:45,40,10,30,0,0,0
2020-09-27 22:00,33,15,18,0,0,0
2020-09-27 22:15,18,3,15,0,0,0
2020-09-27 22:30,23,7,16,0,0,0
2020-09-27 22:45,15,3,12,0,0,0
2020-09-27 23:00,16,2,14,0,0,0
2020-09-27 23:15,20,8,12,0,0,0
2020-09-27 23:30,12,3,9,0,0,0
2020-09-27 23:45,12,1,11,0,0,0
2020-09-28 00:00,10,2,8,0,0,0
2020-09-28 00:15,7,4,3,0,0,0
2020-09-28 00:30,3,0,3,0,0,0
2020-09-28 00:45,4,3,1,0,0,0
2020-09-28 01:00,6,1,5,0,0,0
2020-09-28 01:15,3,0,3,0,0,0
2020-09-28 01:30,3,2,1,0,0,0
2020-09-28 01:45,3,1,2,0,0,0
2020-09-28 02:00,4,2,2,0,0,0
2020-09-28 02:15,1,1,0,0,0,0
2020-09-28 02:30,2,2,0,0,0,0
2020-09-28 02:45,0,0,0,0,0,0
2020-09-28 03:00,0,0,0,0,0,0
2020-09-28 03:15,1,0,1,0,0,0
2020-09-28 03:30,0,0,0,0,0,0
2020-09-28 03:45,1,1,0,0,0,0
2020-09-28 04:00,1,0,1,0,0,0
2020-09-28 04:15,1,1,0,0,0,0
2020-09-28 04:30,1,1,0,0,0,0
2020-09-28 04:45,5,1,4,0,0,0
2020-09-28 05:00,2,0,2,0,0,0
2020-09-28 05:15,8,4,4,0,0,0
2020-09-28 05:30,13,6,7,0,0,0
2020-09-28 05:45,20,11,9,0,0,0
2020-09-28 06:00,23,13,10,0,0,0
2020-09-28 06:15,26,11,15,0,0,0
2020-09-28 06:30,50,20,30,0,0,0
2020-09-28 06:45,64,37,27,0,0,0
2020-09-28 07:00,76,40,36,0,0,0
2020-09-28 07:15,85,40,45,0,0,0
2020-09-28 07:30,160,65,95,0,0,0
2020-09-28 07:45,167,83,84,0,0,0
2020-09-28 08:00,152,73,79,0,0,0
2020-09-28 08:15,133,82,51,0,0,0
2020-09-28 08:30,151,70,81,0,0,0
2020-09-28 08:45,127,58,69,0,0,0
2020-09-28 09:00,95,39,56,0,0,0
2020-09-28 09:15,101,44,57,0,0,0
2020-09-28 09:30,59,24,35,0,0,0
2020-09-28 09:45,91,36,55,0,0,0
2020-09-28 10:00,101,47,54,0,0,0
2020-09-28 10:15,70,32,38,0,0,0
2020-09-28 10:30,90,44,46,0,0,0
2020-09-28 10:45,80,35,45,0,0,0
2020-09-28 11:00,106,47,59,0,0,0
2020-09-28 11:15,100,37,63,0,0,0
2020-09-28 11:30,87,39,48,0,0,0
2020-09-28 11:45,93,39,54,0,0,0
2020-09-28 12:00,114,53,61,0,0,0
2020-09-28 12:15,98,44,54,0,0,0
2020-09-28 12:30,98,39,59,0,0,0
2020-09-28 12:45,87,45,42,0,0,0
2020-09-28 13:00,97,37,60,0,0,0
2020-09-28 13:15,115,61,54,0,0,0
2020-09-28 13:30,79,29,50,0,0,0
2020-09-28 13:45,118,50,68,0,0,0
2020-09-28 14:00,95,55,40,0,0,0
2020-09-28 14:15,114,39,75,0,0,0
2020-09-28 14:30,113,58,55,0,0,0
2020-09-28 14:45,137,68,69,0,0,0
2020-09-28 15:00,124,67,57,0,0,0
2020-09-28 15:15,109,42,67,0,0,0
2020-09-28 15:30,121,49,72,0,0,0
2020-09-28 15:45,145,66,79,0,0,0
2020-09-28 16:00,137,71,66,0,0,0
2020-09-28 16:15,158,88,70,0,0,0
2020-09-28 16:30,154,66,88,0,0,0
2020-09-28 16:45,131,63,68,0,0,0
2020-09-28 17:00,135,63,72,0,0,0
2020-09-28 17:15,195,109,86,0,0,0
2020-09-28 17:30,142,69,73,0,0,0
2020-09-28 17:45,163,81,82,0,0,0
2020-09-28 18:00,156,75,81,0,0,0
2020-09-28 18:15,126,60,66,0,0,0
2020-09-28 18:30,123,52,71,0,0,0
2020-09-28 18:45,123,64,59,0,0,0
2020-09-28 19:00,112,51,61,0,0,0
2020-09-28 19:15,89,41,48,0,0,0
2020-09-28 19:30,77,33,44,0,0,0
2020-09-28 19:45,88,32,56,0,0,0
2020-09-28 20:00,93,32,61,0,0,0
2020-09-28 20:15,81,39,42,0,0,0
2020-09-28 20:30,58,24,34,0,0,0
2020-09-28 20:45,52,20,32,0,0,0
2020-09-28 21:00,44,16,28,0,0,0
2020-09-28 21:15,43,18,25,0,0,0
2020-09-28 21:30,42,18,24,0,0,0
2020-09-28 21:45,42,8,34,0,0,0
2020-09-28 22:00,46,15,31,0,0,0
2020-09-28 22:15,46,20,26,0,0,0
2020-09-28 22:30,34,6,28,0,0,0
2020-09-28 22:45,38,13,25,0,0,0
2020-09-28 23:00,21,6,15,0,0,0
2020-09-28 23:15,19,4,15,0,0,0
2020-09-28 23:30,11,10,1,0,0,0
2020-09-28 23:45,13,8,5,0,0,0
2020-09-29 00:00,9,3,6,0,0,0
2020-09-29 00:15,6,4,2,0,0,0
2020-09-29 00:30,9,2,7,0,0,0
2020-09-29 00:45,8,2,6,0,0,0
2020-09-29 01:00,10,5,5,0,0,0
2020-09-29 01:15,6,1,5,0,0,0
2020-09-29 01:30,2,0,2,0,0,0
2020-09-29 01:45,0,0,0,0,0,0
2020-09-29 02:00,3,2,1,0,0,0
2020-09-29 02:15,0,0,0,0,0,0
2020-09-29 02:30,3,3,0,0,0,0
2020-09-29 02:45,3,0,3,0,0,0
2020-09-29 03:00,1,1,0,0,0,0
2020-09-29 03:15,1,1,0,0,0,0
2020-09-29 03:30,5,4,1,0,0,0
2020-09-29 03:45,2,1,1,0,0,0
2020-09-29 04:00,3,1,2,0,0,0
2020-09-29 04:15,3,2,1,0,0,0
2020-09-29 04:30,2,0,2,0,0,0
2020-09-29 04:45,7,4,3,0,0,0
2020-09-29 05:00,3,3,0,0,0,0
2020-09-29 05:15,11,6,5,0,0,0
2020-09-29 05:30,16,5,11,0,0,0
2020-09-29 05:45,23,13,10,0,0,0
2020-09-29 06:00,30,14,16,0,0,0
2020-09-29 06:15,18,7,11,0,0,0
2020-09-29 06:30,40,19,21,0,0,0
2020-09-29 06:45,50,28,22,0,0,0
2020-09-29 07:00,79,37,42,0,0,0
2020-09-29 07:15,122,54,68,0,0,0
2020-09-29 07:30,165,78,87,0,0,0
2020-09-29 07:45,161,100,61,0,0,0
2020-09-29 08:00,164,84,80,0,0,0
2020-09-29 08:15,154,75,79,0,0,0
2020-09-29 08:30,138,74,64,0,0,0
2020-09-29 08:45,172,86,86,0,0,0
2020-09-29 09:00,118,47,71,0,0,0
2020-09-29 09:15,90,20,70,0,0,0
2020-09-29 09:30,96,42,54,0,0,0
2020-09-29 09:45,102,35,67,0,0,0
2020-09-29 10:00,93,39,54,0,0,0
2020-09-29 10:15,98,55,43,0,0,0
2020-09-29 10:30,71,32,39,0,0,0
2020-09-29 10:45,104,37,67,0,0,0
2020-09-29 11:00,120,44,76,0,0,0
2020-09-29 11:15,90,39,51,0,0,0
2020-09-29 11:30,125,58,67,0,0,0
2020-09-29 11:45,124,53,71,0,0,0
2020-09-29 12:00,110,51,59,0,0,0
2020-09-29 12:15,127,57,70,0,0,0
2020-09-29 12:30,140,69,71,0,0,0
2020-09-29 12:45,134,71,63,0,0,0
2020-09-29 13:00,110,61,49,0,0,0
2020-09-29 13:15,118,47,71,0,0,0
2020-09-29 13:30,119,46,73,0,0,0
2020-09-29 13:45,146,83,63,0,0,0
2020-09-29 14:00,139,71,68,0,0,0
2020-09-29 14:15,121,58,63,0,0,0
2020-09-29 14:30,113,54,59,0,0,0
2020-09-29 14:45,133,59,74,0,0,0
2020-09-29 15:00,115,50,65,0,0,0
2020-09-29 15:15,149,70,79,0,0,0
2020-09-29 15:30,147,72,75,0,0,0
2020-09-29 15:45,140,74,66,0,0,0
2020-09-29 16:00,132,66,66,0,0,0
2020-09-29 16:15,171,86,85,0,0,0
2020-09-29 16:30,149,68,81,0,0,0
2020-09-29 16:45,168,68,100,0,0,0
2020-09-29 17:00,198,81,117,0,0,0
2020-09-29 17:15,166,54,112,0,0,0
2020-09-29 17:30,175,70,105,0,0,0
2020-09-29 17:45,176,77,99,0,0,0
2020-09-29 18:00,153,72,81,0,0,0
2020-09-29 18:15,136,64,72,0,0,0
2020-09-29 18:30,133,65,68,0,0,0
2020-09-29 18:45,130,60,70,0,0,0
2020-09-29 19:00,107,41,66,0,0,0
2020-09-29 19:15,128,66,62,0,0,0
2020-09-29 19:30,82,32,50,0,0,0
2020-09-29 19:45,95,43,52,0,0,0
2020-09-29 20:00,74,35,39,0,0,0
2020-09-29 20:15,97,45,52,0,0,0
2020-09-29 20:30,67,21,46,0,0,0
2020-09-29 20:45,38,13,25,0,0,0
2020-09-29 21:00,46,18,28,0,0,0
2020-09-29 21:15,60,30,30,0,0,0
2020-09-29 21:30,44,19,25,0,0,0
2020-09-29 21:45,54,20,34,0,0,0
2020-09-29 22:00,62,25,37,0,0,0
2020-09-29 22:15,34,19,15,0,0,0
2020-09-29 22:30,39,10,29,0,0,0
2020-09-29 22:45,34,12,22,0,0,0
2020-09-29 23:00,41,15,26,0,0,0
2020-09-29 23:15,21,9,12,0,0,0
2020-09-29 23:30,13,9,4,0,0,0
2020-09-29 23:45,21,12,9,0,0,0
2020-09-30 00:00,20,4,16,0,0,0
2020-09-30 00:15,17,7,10,0,0,0
2020-09-30 00:30,10,2,8,0,0,0
2020-09-30 00:45,7,3,4,0,0,0
2020-09-30 01:00,8,4,4,0,0,0
2020-09-30 01:15,8,3,5,0,0,0
2020-09-30 01:30,4,0,4,0,0,0
2020-09-30 01:45,3,1,2,0,0,0
2020-09-30 02:00,3,0,3,0,0,0
2020-09-30 02:15,4,0,4,0,0,0
2020-09-30 02:30,2,1,1,0,0,0
2020-09-30 02:45,1,1,0,0,0,0
2020-09-30 03:00,2,1,1,0,0,0
2020-09-30 03:15,1,0,1,0,0,0
2020-09-30 03:30,2,0,2,0,0,0
2020-09-30 03:45,1,1,0,0,0,0
2020-09-30 04:00,7,0,7,0,0,0
2020-09-30 04:15,3,2,1,0,0,0
2020-09-30 04:30,3,0,3,0,0,0
2020-09-30 04:45,6,2,4,0,0,0
2020-09-30 05:00,5,0,5,0,0,0
2020-09-30 05:15,14,9,5,0,0,0
2020-09-30 05:30,19,5,14,0,0,0
2020-09-30 05:45,20,9,11,0,0,0
2020-09-30 06:00,35,17,18,0,0,0
2020-09-30 06:15,34,16,18,0,0,0
2020-09-30 06:30,41,18,23,0,0,0
2020-09-30 06:45,52,26,26,0,0,0
2020-09-30 07:00,73,42,31,0,0,0
2020-09-30 07:15,90,39,51,0,0,0
2020-09-30 07:30,154,70,84,0,0,0
2020-09-30 07:45,160,95,65,0,0,0
2020-09-30 08:00,148,69,79,0,0,0
2020-09-30 08:15,113,61,52,0,0,0
2020-09-30 08:30,139,71,68,0,0,0
2020-09-30 08:45,148,81,67,0,0,0
2020-09-30 09:00,98,35,63,0,0,0
2020-09-30 09:15,99,39,60,0,0,0
2020-09-30 09:30,93,38,55,0,0,0
2020-09-30 09:45,137,62,75,0,0,0
2020-09-30 10:00,106,35,71,0,0,0
2020-09-30 10:15,82,38,44,0,0,0
2020-09-30 10:30,103,42,61,0,0,0
2020-09-30 10:45,107,53,54,0,0,0
2020-09-30 11:00,99,46,53,0,0,0
2020-09-30 11:15,107,48,59,0,0,0
2020-09-30 11:30,123,58,65,0,0,0
2020-09-30 11:45,125,51,74,0,0,0
2020-09-30 12:00,132,60,72,0,0,0
2020-09-30 12:15,158,59,99,0,0,0
2020-09-30 12:30,135,71,64,0,0,0
2020-09-30 12:45,148,61,87,0,0,0
2020-09-30 13:00,145,62,83,0,0,0
2020-09-30 13:15,152,70,82,0,0,0
2020-09-30 13:30,144,70,74,0,0,0
2020-09-30 13:45,121,54,67,0,0,0
2020-09-30 14:00,121,70,51,0,0,0
2020-09-30 14:15,132,63,69,0,0,0
2020-09-30 14:30,138,78,60,0,0,0
2020-09-30 14:45,131,61,70,0,0,0
2020-09-30 15:00,111,51,60,0,0,0
2020-09-30 15:15,121,56,65,0,0,0
2020-09-30 15:30,143,62,81,0,0,0
2020-09-30 15:45,167,92,75,0,0,0
2020-09-30 16:00,136,73,63,0,0,0
2020-09-30 16:15,163,80,83,0,0,0
2020-09-30 16:30,144,67,77,0,0,0
2020-09-30 16:45,190,89,101,0,0,0
2020-09-30 17:00,159,75,84,0,0,0
2020-09-30 17:15,172,74,98,0,0,0
2020-09-30 17:30,167,68,99,0,0,0
2020-09-30 17:45,173,85,88,0,0,0
2020-09-30 18:00,174,80,94,0,0,0
2020-09-30 18:15,160,87,73,0,0,0
2020-09-30 18:30,161,96,65,0,0,0
2020-09-30 18:45,176,101,75,0,0,0
2020-09-30 19:00,129,77,52,0,0,0
2020-09-30 19:15,119,70,49,0,0,0
2020-09-30 19:30,120,64,56,0,0,0
2020-09-30 19:45,108,47,61,0,0,0
2020-09-30 20:00,131,66,65,0,0,0
2020-09-30 20:15,84,33,51,0,0,0
2020-09-30 20:30,62,35,27,0,0,0
2020-09-30 20:45,54,28,26,0,0,0
2020-09-30 21:00,55,27,28,0,0,0
2020-09-30 21:15,62,21,41,0,0,0
2020-09-30 21:30,54,21,33,0,0,0
2020-09-30 21:45,66,17,49,0,0,0
2020-09-30 22:00,51,15,36,0,0,0
2020-09-30 22:15,51,19,32,0,0,0
2020-09-30 22:30,50,19,31,0,0,0
2020-09-30 22:45,51,13,38,0,0,0
2020-09-30 23:00,43,14,29,0,0,0
2020-09-30 23:15,53,25,28,0,0,0
2020-09-30 23:30,35,13,22,0,0,0
2020-09-30 23:45,11,4,7,0,0,0
