Datetime,100031300 (HafenstraÃŸe),101031300 (Channel 1 IN),102031300 (Channel 2 OUT),100031300-status,101031300-status,102031300-status
2020-04-01 00:00,4,3,1,0,0,0
2020-04-01 00:15,4,2,2,0,0,0
2020-04-01 00:30,5,5,0,0,0,0
2020-04-01 00:45,4,2,2,0,0,0
2020-04-01 01:00,2,1,1,0,0,0
2020-04-01 01:15,0,0,0,0,0,0
2020-04-01 01:30,1,1,0,0,0,0
2020-04-01 01:45,1,0,1,0,0,0
2020-04-01 02:00,0,0,0,0,0,0
2020-04-01 02:15,0,0,0,0,0,0
2020-04-01 02:30,1,1,0,0,0,0
2020-04-01 02:45,1,0,1,0,0,0
2020-04-01 03:00,0,0,0,0,0,0
2020-04-01 03:15,0,0,0,0,0,0
2020-04-01 03:30,1,0,1,0,0,0
2020-04-01 03:45,0,0,0,0,0,0
2020-04-01 04:00,1,0,1,0,0,0
2020-04-01 04:15,2,0,2,0,0,0
2020-04-01 04:30,5,1,4,0,0,0
2020-04-01 04:45,1,0,1,0,0,0
2020-04-01 05:00,3,1,2,0,0,0
2020-04-01 05:15,7,2,5,0,0,0
2020-04-01 05:30,28,11,17,0,0,0
2020-04-01 05:45,20,8,12,0,0,0
2020-04-01 06:00,24,8,16,0,0,0
2020-04-01 06:15,22,11,11,0,0,0
2020-04-01 06:30,30,15,15,0,0,0
2020-04-01 06:45,34,21,13,0,0,0
2020-04-01 07:00,39,17,22,0,0,0
2020-04-01 07:15,62,26,36,0,0,0
2020-04-01 07:30,42,13,29,0,0,0
2020-04-01 07:45,44,16,28,0,0,0
2020-04-01 08:00,65,35,30,0,0,0
2020-04-01 08:15,69,38,31,0,0,0
2020-04-01 08:30,54,31,23,0,0,0
2020-04-01 08:45,74,49,25,0,0,0
2020-04-01 09:00,45,18,27,0,0,0
2020-04-01 09:15,47,24,23,0,0,0
2020-04-01 09:30,54,19,35,0,0,0
2020-04-01 09:45,52,22,30,0,0,0
2020-04-01 10:00,41,17,24,0,0,0
2020-04-01 10:15,61,26,35,0,0,0
2020-04-01 10:30,56,24,32,0,0,0
2020-04-01 10:45,52,25,27,0,0,0
2020-04-01 11:00,48,21,27,0,0,0
2020-04-01 11:15,49,18,31,0,0,0
2020-04-01 11:30,74,33,41,0,0,0
2020-04-01 11:45,55,26,29,0,0,0
2020-04-01 12:00,68,36,32,0,0,0
2020-04-01 12:15,80,40,40,0,0,0
2020-04-01 12:30,46,24,22,0,0,0
2020-04-01 12:45,76,38,38,0,0,0
2020-04-01 13:00,68,29,39,0,0,0
2020-04-01 13:15,78,28,50,0,0,0
2020-04-01 13:30,75,48,27,0,0,0
2020-04-01 13:45,72,38,34,0,0,0
2020-04-01 14:00,85,32,53,0,0,0
2020-04-01 14:15,65,27,38,0,0,0
2020-04-01 14:30,75,40,35,0,0,0
2020-04-01 14:45,62,28,34,0,0,0
2020-04-01 15:00,79,40,39,0,0,0
2020-04-01 15:15,60,37,23,0,0,0
2020-04-01 15:30,75,34,41,0,0,0
2020-04-01 15:45,78,27,51,0,0,0
2020-04-01 16:00,78,41,37,0,0,0
2020-04-01 16:15,72,38,34,0,0,0
2020-04-01 16:30,70,26,44,0,0,0
2020-04-01 16:45,61,22,39,0,0,0
2020-04-01 17:00,89,43,46,0,0,0
2020-04-01 17:15,94,39,55,0,0,0
2020-04-01 17:30,71,31,40,0,0,0
2020-04-01 17:45,64,26,38,0,0,0
2020-04-01 18:00,76,29,47,0,0,0
2020-04-01 18:15,71,36,35,0,0,0
2020-04-01 18:30,48,25,23,0,0,0
2020-04-01 18:45,50,17,33,0,0,0
2020-04-01 19:00,43,18,25,0,0,0
2020-04-01 19:15,31,15,16,0,0,0
2020-04-01 19:30,47,21,26,0,0,0
2020-04-01 19:45,27,11,16,0,0,0
2020-04-01 20:00,25,12,13,0,0,0
2020-04-01 20:15,27,9,18,0,0,0
2020-04-01 20:30,18,11,7,0,0,0
2020-04-01 20:45,17,8,9,0,0,0
2020-04-01 21:00,15,6,9,0,0,0
2020-04-01 21:15,21,9,12,0,0,0
2020-04-01 21:30,25,15,10,0,0,0
2020-04-01 21:45,23,13,10,0,0,0
2020-04-01 22:00,19,6,13,0,0,0
2020-04-01 22:15,14,3,11,0,0,0
2020-04-01 22:30,7,5,2,0,0,0
2020-04-01 22:45,21,9,12,0,0,0
2020-04-01 23:00,3,2,1,0,0,0
2020-04-01 23:15,5,1,4,0,0,0
2020-04-01 23:30,6,2,4,0,0,0
2020-04-01 23:45,6,3,3,0,0,0
2020-04-02 00:00,7,2,5,0,0,0
2020-04-02 00:15,6,4,2,0,0,0
2020-04-02 00:30,4,3,1,0,0,0
2020-04-02 00:45,1,1,0,0,0,0
2020-04-02 01:00,1,1,0,0,0,0
2020-04-02 01:15,4,0,4,0,0,0
2020-04-02 01:30,6,2,4,0,0,0
2020-04-02 01:45,0,0,0,0,0,0
2020-04-02 02:00,1,0,1,0,0,0
2020-04-02 02:15,0,0,0,0,0,0
2020-04-02 02:30,1,1,0,0,0,0
2020-04-02 02:45,0,0,0,0,0,0
2020-04-02 03:00,0,0,0,0,0,0
2020-04-02 03:15,1,0,1,0,0,0
2020-04-02 03:30,1,1,0,0,0,0
2020-04-02 03:45,3,0,3,0,0,0
2020-04-02 04:00,1,0,1,0,0,0
2020-04-02 04:15,5,0,5,0,0,0
2020-04-02 04:30,0,0,0,0,0,0
2020-04-02 04:45,3,0,3,0,0,0
2020-04-02 05:00,4,1,3,0,0,0
2020-04-02 05:15,18,4,14,0,0,0
2020-04-02 05:30,14,7,7,0,0,0
2020-04-02 05:45,15,6,9,0,0,0
2020-04-02 06:00,16,7,9,0,0,0
2020-04-02 06:15,21,7,14,0,0,0
2020-04-02 06:30,24,6,18,0,0,0
2020-04-02 06:45,34,22,12,0,0,0
2020-04-02 07:00,46,21,25,0,0,0
2020-04-02 07:15,55,20,35,0,0,0
2020-04-02 07:30,58,29,29,0,0,0
2020-04-02 07:45,71,40,31,0,0,0
2020-04-02 08:00,57,33,24,0,0,0
2020-04-02 08:15,70,30,40,0,0,0
2020-04-02 08:30,57,35,22,0,0,0
2020-04-02 08:45,67,36,31,0,0,0
2020-04-02 09:00,33,17,16,0,0,0
2020-04-02 09:15,47,27,20,0,0,0
2020-04-02 09:30,49,19,30,0,0,0
2020-04-02 09:45,62,26,36,0,0,0
2020-04-02 10:00,49,24,25,0,0,0
2020-04-02 10:15,50,26,24,0,0,0
2020-04-02 10:30,43,24,19,0,0,0
2020-04-02 10:45,50,21,29,0,0,0
2020-04-02 11:00,42,21,21,0,0,0
2020-04-02 11:15,60,26,34,0,0,0
2020-04-02 11:30,61,27,34,0,0,0
2020-04-02 11:45,56,22,34,0,0,0
2020-04-02 12:00,89,51,38,0,0,0
2020-04-02 12:15,63,33,30,0,0,0
2020-04-02 12:30,71,39,32,0,0,0
2020-04-02 12:45,69,31,38,0,0,0
2020-04-02 13:00,99,50,49,0,0,0
2020-04-02 13:15,73,34,39,0,0,0
2020-04-02 13:30,72,41,31,0,0,0
2020-04-02 13:45,69,35,34,0,0,0
2020-04-02 14:00,86,35,51,0,0,0
2020-04-02 14:15,69,33,36,0,0,0
2020-04-02 14:30,58,30,28,0,0,0
2020-04-02 14:45,58,28,30,0,0,0
2020-04-02 15:00,71,38,33,0,0,0
2020-04-02 15:15,66,35,31,0,0,0
2020-04-02 15:30,67,35,32,0,0,0
2020-04-02 15:45,78,36,42,0,0,0
2020-04-02 16:00,85,36,49,0,0,0
2020-04-02 16:15,85,41,44,0,0,0
2020-04-02 16:30,79,43,36,0,0,0
2020-04-02 16:45,94,39,55,0,0,0
2020-04-02 17:00,79,35,44,0,0,0
2020-04-02 17:15,90,34,56,0,0,0
2020-04-02 17:30,64,17,47,0,0,0
2020-04-02 17:45,83,29,54,0,0,0
2020-04-02 18:00,74,34,40,0,0,0
2020-04-02 18:15,60,23,37,0,0,0
2020-04-02 18:30,49,21,28,0,0,0
2020-04-02 18:45,61,27,34,0,0,0
2020-04-02 19:00,39,21,18,0,0,0
2020-04-02 19:15,45,12,33,0,0,0
2020-04-02 19:30,38,14,24,0,0,0
2020-04-02 19:45,30,15,15,0,0,0
2020-04-02 20:00,42,12,30,0,0,0
2020-04-02 20:15,37,12,25,0,0,0
2020-04-02 20:30,30,14,16,0,0,0
2020-04-02 20:45,23,10,13,0,0,0
2020-04-02 21:00,26,13,13,0,0,0
2020-04-02 21:15,15,8,7,0,0,0
2020-04-02 21:30,26,12,14,0,0,0
2020-04-02 21:45,14,10,4,0,0,0
2020-04-02 22:00,15,9,6,0,0,0
2020-04-02 22:15,4,0,4,0,0,0
2020-04-02 22:30,18,8,10,0,0,0
2020-04-02 22:45,7,2,5,0,0,0
2020-04-02 23:00,11,2,9,0,0,0
2020-04-02 23:15,6,1,5,0,0,0
2020-04-02 23:30,4,2,2,0,0,0
2020-04-02 23:45,3,1,2,0,0,0
2020-04-03 00:00,4,1,3,0,0,0
2020-04-03 00:15,4,2,2,0,0,0
2020-04-03 00:30,3,2,1,0,0,0
2020-04-03 00:45,2,1,1,0,0,0
2020-04-03 01:00,2,1,1,0,0,0
2020-04-03 01:15,3,3,0,0,0,0
2020-04-03 01:30,4,2,2,0,0,0
2020-04-03 01:45,1,0,1,0,0,0
2020-04-03 02:00,1,0,1,0,0,0
2020-04-03 02:15,0,0,0,0,0,0
2020-04-03 02:30,3,1,2,0,0,0
2020-04-03 02:45,1,0,1,0,0,0
2020-04-03 03:00,0,0,0,0,0,0
2020-04-03 03:15,1,1,0,0,0,0
2020-04-03 03:30,0,0,0,0,0,0
2020-04-03 03:45,2,0,2,0,0,0
2020-04-03 04:00,0,0,0,0,0,0
2020-04-03 04:15,0,0,0,0,0,0
2020-04-03 04:30,2,0,2,0,0,0
2020-04-03 04:45,7,0,7,0,0,0
2020-04-03 05:00,2,1,1,0,0,0
2020-04-03 05:15,6,1,5,0,0,0
2020-04-03 05:30,18,11,7,0,0,0
2020-04-03 05:45,19,8,11,0,0,0
2020-04-03 06:00,12,2,10,0,0,0
2020-04-03 06:15,31,12,19,0,0,0
2020-04-03 06:30,29,10,19,0,0,0
2020-04-03 06:45,36,17,19,0,0,0
2020-04-03 07:00,45,20,25,0,0,0
2020-04-03 07:15,47,21,26,0,0,0
2020-04-03 07:30,46,19,27,0,0,0
2020-04-03 07:45,84,39,45,0,0,0
2020-04-03 08:00,45,16,29,0,0,0
2020-04-03 08:15,56,34,22,0,0,0
2020-04-03 08:30,55,28,27,0,0,0
2020-04-03 08:45,60,33,27,0,0,0
2020-04-03 09:00,51,20,31,0,0,0
2020-04-03 09:15,44,24,20,0,0,0
2020-04-03 09:30,58,22,36,0,0,0
2020-04-03 09:45,60,33,27,0,0,0
2020-04-03 10:00,58,26,32,0,0,0
2020-04-03 10:15,44,18,26,0,0,0
2020-04-03 10:30,43,22,21,0,0,0
2020-04-03 10:45,56,25,31,0,0,0
2020-04-03 11:00,55,16,39,0,0,0
2020-04-03 11:15,64,29,35,0,0,0
2020-04-03 11:30,59,25,34,0,0,0
2020-04-03 11:45,67,36,31,0,0,0
2020-04-03 12:00,76,38,38,0,0,0
2020-04-03 12:15,65,24,41,0,0,0
2020-04-03 12:30,76,42,34,0,0,0
2020-04-03 12:45,77,37,40,0,0,0
2020-04-03 13:00,91,42,49,0,0,0
2020-04-03 13:15,64,32,32,0,0,0
2020-04-03 13:30,66,36,30,0,0,0
2020-04-03 13:45,78,41,37,0,0,0
2020-04-03 14:00,76,33,43,0,0,0
2020-04-03 14:15,81,44,37,0,0,0
2020-04-03 14:30,69,32,37,0,0,0
2020-04-03 14:45,68,29,39,0,0,0
2020-04-03 15:00,69,29,40,0,0,0
2020-04-03 15:15,80,38,42,0,0,0
2020-04-03 15:30,68,35,33,0,0,0
2020-04-03 15:45,75,34,41,0,0,0
2020-04-03 16:00,73,31,42,0,0,0
2020-04-03 16:15,59,30,29,0,0,0
2020-04-03 16:30,64,27,37,0,0,0
2020-04-03 16:45,78,31,47,0,0,0
2020-04-03 17:00,63,33,30,0,0,0
2020-04-03 17:15,65,31,34,0,0,0
2020-04-03 17:30,49,24,25,0,0,0
2020-04-03 17:45,63,25,38,0,0,0
2020-04-03 18:00,49,24,25,0,0,0
2020-04-03 18:15,51,22,29,0,0,0
2020-04-03 18:30,53,27,26,0,0,0
2020-04-03 18:45,51,26,25,0,0,0
2020-04-03 19:00,44,23,21,0,0,0
2020-04-03 19:15,40,14,26,0,0,0
2020-04-03 19:30,33,11,22,0,0,0
2020-04-03 19:45,38,13,25,0,0,0
2020-04-03 20:00,39,16,23,0,0,0
2020-04-03 20:15,31,15,16,0,0,0
2020-04-03 20:30,28,13,15,0,0,0
2020-04-03 20:45,22,11,11,0,0,0
2020-04-03 21:00,21,11,10,0,0,0
2020-04-03 21:15,30,15,15,0,0,0
2020-04-03 21:30,13,6,7,0,0,0
2020-04-03 21:45,14,6,8,0,0,0
2020-04-03 22:00,20,5,15,0,0,0
2020-04-03 22:15,18,7,11,0,0,0
2020-04-03 22:30,16,4,12,0,0,0
2020-04-03 22:45,11,2,9,0,0,0
2020-04-03 23:00,7,1,6,0,0,0
2020-04-03 23:15,8,3,5,0,0,0
2020-04-03 23:30,8,5,3,0,0,0
2020-04-03 23:45,19,8,11,0,0,0
2020-04-04 00:00,3,2,1,0,0,0
2020-04-04 00:15,8,4,4,0,0,0
2020-04-04 00:30,6,3,3,0,0,0
2020-04-04 00:45,7,4,3,0,0,0
2020-04-04 01:00,9,4,5,0,0,0
2020-04-04 01:15,1,0,1,0,0,0
2020-04-04 01:30,0,0,0,0,0,0
2020-04-04 01:45,3,2,1,0,0,0
2020-04-04 02:00,1,1,0,0,0,0
2020-04-04 02:15,2,1,1,0,0,0
2020-04-04 02:30,6,4,2,0,0,0
2020-04-04 02:45,4,0,4,0,0,0
2020-04-04 03:00,0,0,0,0,0,0
2020-04-04 03:15,3,1,2,0,0,0
2020-04-04 03:30,2,0,2,0,0,0
2020-04-04 03:45,2,0,2,0,0,0
2020-04-04 04:00,1,0,1,0,0,0
2020-04-04 04:15,1,0,1,0,0,0
2020-04-04 04:30,1,0,1,0,0,0
2020-04-04 04:45,3,1,2,0,0,0
2020-04-04 05:00,4,3,1,0,0,0
2020-04-04 05:15,0,0,0,0,0,0
2020-04-04 05:30,11,5,6,0,0,0
2020-04-04 05:45,9,6,3,0,0,0
2020-04-04 06:00,6,1,5,0,0,0
2020-04-04 06:15,3,0,3,0,0,0
2020-04-04 06:30,12,1,11,0,0,0
2020-04-04 06:45,9,2,7,0,0,0
2020-04-04 07:00,9,7,2,0,0,0
2020-04-04 07:15,11,3,8,0,0,0
2020-04-04 07:30,10,4,6,0,0,0
2020-04-04 07:45,6,5,1,0,0,0
2020-04-04 08:00,14,6,8,0,0,0
2020-04-04 08:15,13,6,7,0,0,0
2020-04-04 08:30,20,9,11,0,0,0
2020-04-04 08:45,19,9,10,0,0,0
2020-04-04 09:00,25,12,13,0,0,0
2020-04-04 09:15,21,6,15,0,0,0
2020-04-04 09:30,35,19,16,0,0,0
2020-04-04 09:45,42,19,23,0,0,0
2020-04-04 10:00,30,18,12,0,0,0
2020-04-04 10:15,46,24,22,0,0,0
2020-04-04 10:30,36,18,18,0,0,0
2020-04-04 10:45,36,16,20,0,0,0
2020-04-04 11:00,40,23,17,0,0,0
2020-04-04 11:15,46,23,23,0,0,0
2020-04-04 11:30,46,25,21,0,0,0
2020-04-04 11:45,56,22,34,0,0,0
2020-04-04 12:00,48,27,21,0,0,0
2020-04-04 12:15,59,24,35,0,0,0
2020-04-04 12:30,73,37,36,0,0,0
2020-04-04 12:45,71,37,34,0,0,0
2020-04-04 13:00,59,33,26,0,0,0
2020-04-04 13:15,50,21,29,0,0,0
2020-04-04 13:30,64,34,30,0,0,0
2020-04-04 13:45,61,22,39,0,0,0
2020-04-04 14:00,74,41,33,0,0,0
2020-04-04 14:15,62,41,21,0,0,0
2020-04-04 14:30,79,45,34,0,0,0
2020-04-04 14:45,62,36,26,0,0,0
2020-04-04 15:00,51,27,24,0,0,0
2020-04-04 15:15,71,31,40,0,0,0
2020-04-04 15:30,57,32,25,0,0,0
2020-04-04 15:45,73,31,42,0,0,0
2020-04-04 16:00,61,33,28,0,0,0
2020-04-04 16:15,56,28,28,0,0,0
2020-04-04 16:30,50,31,19,0,0,0
2020-04-04 16:45,72,33,39,0,0,0
2020-04-04 17:00,58,32,26,0,0,0
2020-04-04 17:15,68,31,37,0,0,0
2020-04-04 17:30,56,23,33,0,0,0
2020-04-04 17:45,59,22,37,0,0,0
2020-04-04 18:00,53,16,37,0,0,0
2020-04-04 18:15,52,26,26,0,0,0
2020-04-04 18:30,60,21,39,0,0,0
2020-04-04 18:45,52,24,28,0,0,0
2020-04-04 19:00,39,14,25,0,0,0
2020-04-04 19:15,45,16,29,0,0,0
2020-04-04 19:30,44,20,24,0,0,0
2020-04-04 19:45,39,18,21,0,0,0
2020-04-04 20:00,48,18,30,0,0,0
2020-04-04 20:15,28,12,16,0,0,0
2020-04-04 20:30,31,15,16,0,0,0
2020-04-04 20:45,11,6,5,0,0,0
2020-04-04 21:00,18,9,9,0,0,0
2020-04-04 21:15,24,8,16,0,0,0
2020-04-04 21:30,15,7,8,0,0,0
2020-04-04 21:45,18,8,10,0,0,0
2020-04-04 22:00,12,3,9,0,0,0
2020-04-04 22:15,8,5,3,0,0,0
2020-04-04 22:30,12,4,8,0,0,0
2020-04-04 22:45,10,4,6,0,0,0
2020-04-04 23:00,20,6,14,0,0,0
2020-04-04 23:15,10,4,6,0,0,0
2020-04-04 23:30,4,2,2,0,0,0
2020-04-04 23:45,7,1,6,0,0,0
2020-04-05 00:00,9,4,5,0,0,0
2020-04-05 00:15,11,3,8,0,0,0
2020-04-05 00:30,9,3,6,0,0,0
2020-04-05 00:45,2,1,1,0,0,0
2020-04-05 01:00,4,2,2,0,0,0
2020-04-05 01:15,3,1,2,0,0,0
2020-04-05 01:30,1,0,1,0,0,0
2020-04-05 01:45,0,0,0,0,0,0
2020-04-05 02:00,3,0,3,0,0,0
2020-04-05 02:15,1,1,0,0,0,0
2020-04-05 02:30,2,0,2,0,0,0
2020-04-05 02:45,4,1,3,0,0,0
2020-04-05 03:00,4,1,3,0,0,0
2020-04-05 03:15,0,0,0,0,0,0
2020-04-05 03:30,0,0,0,0,0,0
2020-04-05 03:45,1,1,0,0,0,0
2020-04-05 04:00,2,1,1,0,0,0
2020-04-05 04:15,3,2,1,0,0,0
2020-04-05 04:30,1,0,1,0,0,0
2020-04-05 04:45,3,0,3,0,0,0
2020-04-05 05:00,0,0,0,0,0,0
2020-04-05 05:15,0,0,0,0,0,0
2020-04-05 05:30,8,0,8,0,0,0
2020-04-05 05:45,2,1,1,0,0,0
2020-04-05 06:00,4,1,3,0,0,0
2020-04-05 06:15,1,0,1,0,0,0
2020-04-05 06:30,3,0,3,0,0,0
2020-04-05 06:45,4,0,4,0,0,0
2020-04-05 07:00,5,4,1,0,0,0
2020-04-05 07:15,3,2,1,0,0,0
2020-04-05 07:30,4,3,1,0,0,0
2020-04-05 07:45,3,2,1,0,0,0
2020-04-05 08:00,3,0,3,0,0,0
2020-04-05 08:15,7,2,5,0,0,0
2020-04-05 08:30,4,1,3,0,0,0
2020-04-05 08:45,6,2,4,0,0,0
2020-04-05 09:00,5,3,2,0,0,0
2020-04-05 09:15,12,5,7,0,0,0
2020-04-05 09:30,15,10,5,0,0,0
2020-04-05 09:45,10,5,5,0,0,0
2020-04-05 10:00,21,8,13,0,0,0
2020-04-05 10:15,16,10,6,0,0,0
2020-04-05 10:30,15,7,8,0,0,0
2020-04-05 10:45,20,15,5,0,0,0
2020-04-05 11:00,33,21,12,0,0,0
2020-04-05 11:15,24,14,10,0,0,0
2020-04-05 11:30,29,16,13,0,0,0
2020-04-05 11:45,29,16,13,0,0,0
2020-04-05 12:00,44,16,28,0,0,0
2020-04-05 12:15,44,23,21,0,0,0
2020-04-05 12:30,53,24,29,0,0,0
2020-04-05 12:45,30,16,14,0,0,0
2020-04-05 13:00,52,27,25,0,0,0
2020-04-05 13:15,32,16,16,0,0,0
2020-04-05 13:30,63,32,31,0,0,0
2020-04-05 13:45,67,30,37,0,0,0
2020-04-05 14:00,47,27,20,0,0,0
2020-04-05 14:15,68,30,38,0,0,0
2020-04-05 14:30,58,28,30,0,0,0
2020-04-05 14:45,64,25,39,0,0,0
2020-04-05 15:00,75,25,50,0,0,0
2020-04-05 15:15,57,29,28,0,0,0
2020-04-05 15:30,61,26,35,0,0,0
2020-04-05 15:45,69,31,38,0,0,0
2020-04-05 16:00,89,42,47,0,0,0
2020-04-05 16:15,69,28,41,0,0,0
2020-04-05 16:30,56,27,29,0,0,0
2020-04-05 16:45,69,26,43,0,0,0
2020-04-05 17:00,41,19,22,0,0,0
2020-04-05 17:15,60,22,38,0,0,0
2020-04-05 17:30,45,23,22,0,0,0
2020-04-05 17:45,64,36,28,0,0,0
2020-04-05 18:00,54,20,34,0,0,0
2020-04-05 18:15,61,34,27,0,0,0
2020-04-05 18:30,48,28,20,0,0,0
2020-04-05 18:45,50,21,29,0,0,0
2020-04-05 19:00,49,16,33,0,0,0
2020-04-05 19:15,43,14,29,0,0,0
2020-04-05 19:30,43,21,22,0,0,0
2020-04-05 19:45,38,24,14,0,0,0
2020-04-05 20:00,36,16,20,0,0,0
2020-04-05 20:15,24,8,16,0,0,0
2020-04-05 20:30,22,6,16,0,0,0
2020-04-05 20:45,30,16,14,0,0,0
2020-04-05 21:00,22,7,15,0,0,0
2020-04-05 21:15,21,6,15,0,0,0
2020-04-05 21:30,20,6,14,0,0,0
2020-04-05 21:45,11,6,5,0,0,0
2020-04-05 22:00,10,5,5,0,0,0
2020-04-05 22:15,8,5,3,0,0,0
2020-04-05 22:30,10,4,6,0,0,0
2020-04-05 22:45,11,8,3,0,0,0
2020-04-05 23:00,3,1,2,0,0,0
2020-04-05 23:15,8,3,5,0,0,0
2020-04-05 23:30,4,2,2,0,0,0
2020-04-05 23:45,8,5,3,0,0,0
2020-04-06 00:00,1,0,1,0,0,0
2020-04-06 00:15,5,3,2,0,0,0
2020-04-06 00:30,4,3,1,0,0,0
2020-04-06 00:45,3,0,3,0,0,0
2020-04-06 01:00,2,1,1,0,0,0
2020-04-06 01:15,2,1,1,0,0,0
2020-04-06 01:30,1,0,1,0,0,0
2020-04-06 01:45,2,1,1,0,0,0
2020-04-06 02:00,1,1,0,0,0,0
2020-04-06 02:15,0,0,0,0,0,0
2020-04-06 02:30,0,0,0,0,0,0
2020-04-06 02:45,0,0,0,0,0,0
2020-04-06 03:00,0,0,0,0,0,0
2020-04-06 03:15,1,0,1,0,0,0
2020-04-06 03:30,1,0,1,0,0,0
2020-04-06 03:45,0,0,0,0,0,0
2020-04-06 04:00,3,0,3,0,0,0
2020-04-06 04:15,0,0,0,0,0,0
2020-04-06 04:30,3,0,3,0,0,0
2020-04-06 04:45,3,1,2,0,0,0
2020-04-06 05:00,4,1,3,0,0,0
2020-04-06 05:15,12,5,7,0,0,0
2020-04-06 05:30,24,10,14,0,0,0
2020-04-06 05:45,15,6,9,0,0,0
2020-04-06 06:00,20,7,13,0,0,0
2020-04-06 06:15,26,12,14,0,0,0
2020-04-06 06:30,39,16,23,0,0,0
2020-04-06 06:45,44,23,21,0,0,0
2020-04-06 07:00,44,19,25,0,0,0
2020-04-06 07:15,53,27,26,0,0,0
2020-04-06 07:30,70,38,32,0,0,0
2020-04-06 07:45,75,44,31,0,0,0
2020-04-06 08:00,55,24,31,0,0,0
2020-04-06 08:15,84,45,39,0,0,0
2020-04-06 08:30,56,35,21,0,0,0
2020-04-06 08:45,66,33,33,0,0,0
2020-04-06 09:00,52,23,29,0,0,0
2020-04-06 09:15,37,14,23,0,0,0
2020-04-06 09:30,44,19,25,0,0,0
2020-04-06 09:45,53,24,29,0,0,0
2020-04-06 10:00,56,21,35,0,0,0
2020-04-06 10:15,42,20,22,0,0,0
2020-04-06 10:30,49,30,19,0,0,0
2020-04-06 10:45,73,40,33,0,0,0
2020-04-06 11:00,46,26,20,0,0,0
2020-04-06 11:15,60,26,34,0,0,0
2020-04-06 11:30,64,41,23,0,0,0
2020-04-06 11:45,79,33,46,0,0,0
2020-04-06 12:00,65,32,33,0,0,0
2020-04-06 12:15,68,33,35,0,0,0
2020-04-06 12:30,89,44,45,0,0,0
2020-04-06 12:45,64,25,39,0,0,0
2020-04-06 13:00,83,42,41,0,0,0
2020-04-06 13:15,96,57,39,0,0,0
2020-04-06 13:30,93,51,42,0,0,0
2020-04-06 13:45,66,36,30,0,0,0
2020-04-06 14:00,75,36,39,0,0,0
2020-04-06 14:15,68,39,29,0,0,0
2020-04-06 14:30,82,41,41,0,0,0
2020-04-06 14:45,85,53,32,0,0,0
2020-04-06 15:00,86,44,42,0,0,0
2020-04-06 15:15,88,42,46,0,0,0
2020-04-06 15:30,81,35,46,0,0,0
2020-04-06 15:45,104,50,54,0,0,0
2020-04-06 16:00,102,48,54,0,0,0
2020-04-06 16:15,102,43,59,0,0,0
2020-04-06 16:30,84,40,44,0,0,0
2020-04-06 16:45,119,56,63,0,0,0
2020-04-06 17:00,117,54,63,0,0,0
2020-04-06 17:15,127,58,69,0,0,0
2020-04-06 17:30,99,51,48,0,0,0
2020-04-06 17:45,78,32,46,0,0,0
2020-04-06 18:00,77,40,37,0,0,0
2020-04-06 18:15,65,26,39,0,0,0
2020-04-06 18:30,76,28,48,0,0,0
2020-04-06 18:45,68,37,31,0,0,0
2020-04-06 19:00,50,25,25,0,0,0
2020-04-06 19:15,47,20,27,0,0,0
2020-04-06 19:30,55,19,36,0,0,0
2020-04-06 19:45,52,24,28,0,0,0
2020-04-06 20:00,44,19,25,0,0,0
2020-04-06 20:15,35,18,17,0,0,0
2020-04-06 20:30,42,15,27,0,0,0
2020-04-06 20:45,26,12,14,0,0,0
2020-04-06 21:00,27,13,14,0,0,0
2020-04-06 21:15,18,6,12,0,0,0
2020-04-06 21:30,21,8,13,0,0,0
2020-04-06 21:45,19,6,13,0,0,0
2020-04-06 22:00,13,3,10,0,0,0
2020-04-06 22:15,20,6,14,0,0,0
2020-04-06 22:30,8,4,4,0,0,0
2020-04-06 22:45,9,2,7,0,0,0
2020-04-06 23:00,6,2,4,0,0,0
2020-04-06 23:15,10,6,4,0,0,0
2020-04-06 23:30,3,2,1,0,0,0
2020-04-06 23:45,2,2,0,0,0,0
2020-04-07 00:00,5,0,5,0,0,0
2020-04-07 00:15,10,3,7,0,0,0
2020-04-07 00:30,2,1,1,0,0,0
2020-04-07 00:45,0,0,0,0,0,0
2020-04-07 01:00,0,0,0,0,0,0
2020-04-07 01:15,3,1,2,0,0,0
2020-04-07 01:30,4,3,1,0,0,0
2020-04-07 01:45,0,0,0,0,0,0
2020-04-07 02:00,3,0,3,0,0,0
2020-04-07 02:15,2,2,0,0,0,0
2020-04-07 02:30,3,2,1,0,0,0
2020-04-07 02:45,3,3,0,0,0,0
2020-04-07 03:00,3,1,2,0,0,0
2020-04-07 03:15,0,0,0,0,0,0
2020-04-07 03:30,0,0,0,0,0,0
2020-04-07 03:45,1,1,0,0,0,0
2020-04-07 04:00,2,0,2,0,0,0
2020-04-07 04:15,3,1,2,0,0,0
2020-04-07 04:30,1,0,1,0,0,0
2020-04-07 04:45,1,1,0,0,0,0
2020-04-07 05:00,2,0,2,0,0,0
2020-04-07 05:15,14,8,6,0,0,0
2020-04-07 05:30,12,4,8,0,0,0
2020-04-07 05:45,21,9,12,0,0,0
2020-04-07 06:00,21,4,17,0,0,0
2020-04-07 06:15,20,7,13,0,0,0
2020-04-07 06:30,34,15,19,0,0,0
2020-04-07 06:45,32,22,10,0,0,0
2020-04-07 07:00,57,26,31,0,0,0
2020-04-07 07:15,40,20,20,0,0,0
2020-04-07 07:30,94,51,43,0,0,0
2020-04-07 07:45,75,42,33,0,0,0
2020-04-07 08:00,70,37,33,0,0,0
2020-04-07 08:15,67,29,38,0,0,0
2020-04-07 08:30,54,23,31,0,0,0
2020-04-07 08:45,59,30,29,0,0,0
2020-04-07 09:00,53,25,28,0,0,0
2020-04-07 09:15,50,14,36,0,0,0
2020-04-07 09:30,58,31,27,0,0,0
2020-04-07 09:45,55,27,28,0,0,0
2020-04-07 10:00,49,18,31,0,0,0
2020-04-07 10:15,56,27,29,0,0,0
2020-04-07 10:30,50,24,26,0,0,0
2020-04-07 10:45,51,26,25,0,0,0
2020-04-07 11:00,49,18,31,0,0,0
2020-04-07 11:15,48,21,27,0,0,0
2020-04-07 11:30,73,36,37,0,0,0
2020-04-07 11:45,50,27,23,0,0,0
2020-04-07 12:00,82,43,39,0,0,0
2020-04-07 12:15,86,39,47,0,0,0
2020-04-07 12:30,76,35,41,0,0,0
2020-04-07 12:45,72,32,40,0,0,0
2020-04-07 13:00,83,39,44,0,0,0
2020-04-07 13:15,77,33,44,0,0,0
2020-04-07 13:30,67,38,29,0,0,0
2020-04-07 13:45,80,43,37,0,0,0
2020-04-07 14:00,81,43,38,0,0,0
2020-04-07 14:15,87,41,46,0,0,0
2020-04-07 14:30,76,38,38,0,0,0
2020-04-07 14:45,56,19,37,0,0,0
2020-04-07 15:00,83,44,39,0,0,0
2020-04-07 15:15,69,39,30,0,0,0
2020-04-07 15:30,88,44,44,0,0,0
2020-04-07 15:45,115,58,57,0,0,0
2020-04-07 16:00,110,56,54,0,0,0
2020-04-07 16:15,115,56,59,0,0,0
2020-04-07 16:30,93,43,50,0,0,0
2020-04-07 16:45,120,53,67,0,0,0
2020-04-07 17:00,100,47,53,0,0,0
2020-04-07 17:15,104,41,63,0,0,0
2020-04-07 17:30,94,42,52,0,0,0
2020-04-07 17:45,84,41,43,0,0,0
2020-04-07 18:00,86,43,43,0,0,0
2020-04-07 18:15,92,50,42,0,0,0
2020-04-07 18:30,69,31,38,0,0,0
2020-04-07 18:45,76,38,38,0,0,0
2020-04-07 19:00,60,23,37,0,0,0
2020-04-07 19:15,63,26,37,0,0,0
2020-04-07 19:30,46,22,24,0,0,0
2020-04-07 19:45,51,22,29,0,0,0
2020-04-07 20:00,45,18,27,0,0,0
2020-04-07 20:15,45,17,28,0,0,0
2020-04-07 20:30,30,12,18,0,0,0
2020-04-07 20:45,34,11,23,0,0,0
2020-04-07 21:00,38,21,17,0,0,0
2020-04-07 21:15,24,10,14,0,0,0
2020-04-07 21:30,19,8,11,0,0,0
2020-04-07 21:45,14,8,6,0,0,0
2020-04-07 22:00,17,7,10,0,0,0
2020-04-07 22:15,21,7,14,0,0,0
2020-04-07 22:30,13,4,9,0,0,0
2020-04-07 22:45,5,1,4,0,0,0
2020-04-07 23:00,4,3,1,0,0,0
2020-04-07 23:15,8,5,3,0,0,0
2020-04-07 23:30,8,2,6,0,0,0
2020-04-07 23:45,6,1,5,0,0,0
2020-04-08 00:00,4,0,4,0,0,0
2020-04-08 00:15,5,1,4,0,0,0
2020-04-08 00:30,3,1,2,0,0,0
2020-04-08 00:45,2,1,1,0,0,0
2020-04-08 01:00,6,3,3,0,0,0
2020-04-08 01:15,1,0,1,0,0,0
2020-04-08 01:30,2,2,0,0,0,0
2020-04-08 01:45,2,1,1,0,0,0
2020-04-08 02:00,2,0,2,0,0,0
2020-04-08 02:15,1,1,0,0,0,0
2020-04-08 02:30,0,0,0,0,0,0
2020-04-08 02:45,2,1,1,0,0,0
2020-04-08 03:00,0,0,0,0,0,0
2020-04-08 03:15,2,2,0,0,0,0
2020-04-08 03:30,1,0,1,0,0,0
2020-04-08 03:45,0,0,0,0,0,0
2020-04-08 04:00,3,0,3,0,0,0
2020-04-08 04:15,1,0,1,0,0,0
2020-04-08 04:30,6,0,6,0,0,0
2020-04-08 04:45,2,1,1,0,0,0
2020-04-08 05:00,4,1,3,0,0,0
2020-04-08 05:15,10,2,8,0,0,0
2020-04-08 05:30,11,3,8,0,0,0
2020-04-08 05:45,29,13,16,0,0,0
2020-04-08 06:00,26,7,19,0,0,0
2020-04-08 06:15,35,12,23,0,0,0
2020-04-08 06:30,36,13,23,0,0,0
2020-04-08 06:45,41,25,16,0,0,0
2020-04-08 07:00,54,30,24,0,0,0
2020-04-08 07:15,57,29,28,0,0,0
2020-04-08 07:30,68,34,34,0,0,0
2020-04-08 07:45,93,51,42,0,0,0
2020-04-08 08:00,76,44,32,0,0,0
2020-04-08 08:15,78,43,35,0,0,0
2020-04-08 08:30,71,33,38,0,0,0
2020-04-08 08:45,68,30,38,0,0,0
2020-04-08 09:00,52,23,29,0,0,0
2020-04-08 09:15,68,36,32,0,0,0
2020-04-08 09:30,60,26,34,0,0,0
2020-04-08 09:45,67,33,34,0,0,0
2020-04-08 10:00,61,34,27,0,0,0
2020-04-08 10:15,64,28,36,0,0,0
2020-04-08 10:30,81,32,49,0,0,0
2020-04-08 10:45,84,30,54,0,0,0
2020-04-08 11:00,73,36,37,0,0,0
2020-04-08 11:15,77,31,46,0,0,0
2020-04-08 11:30,76,40,36,0,0,0
2020-04-08 11:45,78,45,33,0,0,0
2020-04-08 12:00,81,39,42,0,0,0
2020-04-08 12:15,104,47,57,0,0,0
2020-04-08 12:30,93,49,44,0,0,0
2020-04-08 12:45,96,59,37,0,0,0
2020-04-08 13:00,110,61,49,0,0,0
2020-04-08 13:15,92,51,41,0,0,0
2020-04-08 13:30,93,45,48,0,0,0
2020-04-08 13:45,103,60,43,0,0,0
2020-04-08 14:00,74,36,38,0,0,0
2020-04-08 14:15,70,45,25,0,0,0
2020-04-08 14:30,89,50,39,0,0,0
2020-04-08 14:45,90,35,55,0,0,0
2020-04-08 15:00,67,44,23,0,0,0
2020-04-08 15:15,85,58,27,0,0,0
2020-04-08 15:30,100,50,50,0,0,0
2020-04-08 15:45,97,59,38,0,0,0
2020-04-08 16:00,102,48,54,0,0,0
2020-04-08 16:15,98,58,40,0,0,0
2020-04-08 16:30,100,49,51,0,0,0
2020-04-08 16:45,100,46,54,0,0,0
2020-04-08 17:00,107,51,56,0,0,0
2020-04-08 17:15,136,54,82,0,0,0
2020-04-08 17:30,79,36,43,0,0,0
2020-04-08 17:45,97,43,54,0,0,0
2020-04-08 18:00,85,32,53,0,0,0
2020-04-08 18:15,85,39,46,0,0,0
2020-04-08 18:30,91,39,52,0,0,0
2020-04-08 18:45,53,26,27,0,0,0
2020-04-08 19:00,53,21,32,0,0,0
2020-04-08 19:15,62,20,42,0,0,0
2020-04-08 19:30,56,22,34,0,0,0
2020-04-08 19:45,66,21,45,0,0,0
2020-04-08 20:00,38,15,23,0,0,0
2020-04-08 20:15,45,18,27,0,0,0
2020-04-08 20:30,37,16,21,0,0,0
2020-04-08 20:45,38,13,25,0,0,0
2020-04-08 21:00,23,4,19,0,0,0
2020-04-08 21:15,39,20,19,0,0,0
2020-04-08 21:30,23,14,9,0,0,0
2020-04-08 21:45,35,20,15,0,0,0
2020-04-08 22:00,21,8,13,0,0,0
2020-04-08 22:15,13,3,10,0,0,0
2020-04-08 22:30,15,7,8,0,0,0
2020-04-08 22:45,13,5,8,0,0,0
2020-04-08 23:00,11,3,8,0,0,0
2020-04-08 23:15,9,2,7,0,0,0
2020-04-08 23:30,10,3,7,0,0,0
2020-04-08 23:45,2,1,1,0,0,0
2020-04-09 00:00,7,6,1,0,0,0
2020-04-09 00:15,5,3,2,0,0,0
2020-04-09 00:30,3,1,2,0,0,0
2020-04-09 00:45,4,1,3,0,0,0
2020-04-09 01:00,6,5,1,0,0,0
2020-04-09 01:15,4,3,1,0,0,0
2020-04-09 01:30,2,1,1,0,0,0
2020-04-09 01:45,1,1,0,0,0,0
2020-04-09 02:00,1,1,0,0,0,0
2020-04-09 02:15,1,0,1,0,0,0
2020-04-09 02:30,3,0,3,0,0,0
2020-04-09 02:45,0,0,0,0,0,0
2020-04-09 03:00,4,2,2,0,0,0
2020-04-09 03:15,1,1,0,0,0,0
2020-04-09 03:30,2,1,1,0,0,0
2020-04-09 03:45,0,0,0,0,0,0
2020-04-09 04:00,1,0,1,0,0,0
2020-04-09 04:15,2,1,1,0,0,0
2020-04-09 04:30,1,1,0,0,0,0
2020-04-09 04:45,2,2,0,0,0,0
2020-04-09 05:00,2,1,1,0,0,0
2020-04-09 05:15,5,1,4,0,0,0
2020-04-09 05:30,17,6,11,0,0,0
2020-04-09 05:45,17,9,8,0,0,0
2020-04-09 06:00,15,3,12,0,0,0
2020-04-09 06:15,24,14,10,0,0,0
2020-04-09 06:30,29,13,16,0,0,0
2020-04-09 06:45,27,16,11,0,0,0
2020-04-09 07:00,58,28,30,0,0,0
2020-04-09 07:15,48,26,22,0,0,0
2020-04-09 07:30,74,39,35,0,0,0
2020-04-09 07:45,79,42,37,0,0,0
2020-04-09 08:00,61,29,32,0,0,0
2020-04-09 08:15,63,30,33,0,0,0
2020-04-09 08:30,81,35,46,0,0,0
2020-04-09 08:45,62,25,37,0,0,0
2020-04-09 09:00,41,18,23,0,0,0
2020-04-09 09:15,51,25,26,0,0,0
2020-04-09 09:30,44,20,24,0,0,0
2020-04-09 09:45,68,30,38,0,0,0
2020-04-09 10:00,53,31,22,0,0,0
2020-04-09 10:15,57,22,35,0,0,0
2020-04-09 10:30,69,29,40,0,0,0
2020-04-09 10:45,63,39,24,0,0,0
2020-04-09 11:00,58,38,20,0,0,0
2020-04-09 11:15,64,35,29,0,0,0
2020-04-09 11:30,77,41,36,0,0,0
2020-04-09 11:45,71,37,34,0,0,0
2020-04-09 12:00,96,40,56,0,0,0
2020-04-09 12:15,86,36,50,0,0,0
2020-04-09 12:30,72,38,34,0,0,0
2020-04-09 12:45,90,45,45,0,0,0
2020-04-09 13:00,92,48,44,0,0,0
2020-04-09 13:15,75,38,37,0,0,0
2020-04-09 13:30,73,35,38,0,0,0
2020-04-09 13:45,88,51,37,0,0,0
2020-04-09 14:00,74,39,35,0,0,0
2020-04-09 14:15,83,41,42,0,0,0
2020-04-09 14:30,73,34,39,0,0,0
2020-04-09 14:45,82,50,32,0,0,0
2020-04-09 15:00,78,43,35,0,0,0
2020-04-09 15:15,86,41,45,0,0,0
2020-04-09 15:30,61,24,37,0,0,0
2020-04-09 15:45,113,53,60,0,0,0
2020-04-09 16:00,91,36,55,0,0,0
2020-04-09 16:15,82,36,46,0,0,0
2020-04-09 16:30,91,47,44,0,0,0
2020-04-09 16:45,96,54,42,0,0,0
2020-04-09 17:00,105,51,54,0,0,0
2020-04-09 17:15,90,46,44,0,0,0
2020-04-09 17:30,87,49,38,0,0,0
2020-04-09 17:45,91,38,53,0,0,0
2020-04-09 18:00,88,48,40,0,0,0
2020-04-09 18:15,67,26,41,0,0,0
2020-04-09 18:30,85,46,39,0,0,0
2020-04-09 18:45,61,22,39,0,0,0
2020-04-09 19:00,48,27,21,0,0,0
2020-04-09 19:15,64,22,42,0,0,0
2020-04-09 19:30,53,29,24,0,0,0
2020-04-09 19:45,50,25,25,0,0,0
2020-04-09 20:00,69,24,45,0,0,0
2020-04-09 20:15,49,15,34,0,0,0
2020-04-09 20:30,30,14,16,0,0,0
2020-04-09 20:45,41,16,25,0,0,0
2020-04-09 21:00,29,15,14,0,0,0
2020-04-09 21:15,31,16,15,0,0,0
2020-04-09 21:30,29,14,15,0,0,0
2020-04-09 21:45,25,8,17,0,0,0
2020-04-09 22:00,15,3,12,0,0,0
2020-04-09 22:15,16,8,8,0,0,0
2020-04-09 22:30,17,7,10,0,0,0
2020-04-09 22:45,15,4,11,0,0,0
2020-04-09 23:00,16,6,10,0,0,0
2020-04-09 23:15,7,3,4,0,0,0
2020-04-09 23:30,14,8,6,0,0,0
2020-04-09 23:45,5,0,5,0,0,0
2020-04-10 00:00,9,4,5,0,0,0
2020-04-10 00:15,4,2,2,0,0,0
2020-04-10 00:30,5,2,3,0,0,0
2020-04-10 00:45,7,3,4,0,0,0
2020-04-10 01:00,6,4,2,0,0,0
2020-04-10 01:15,2,1,1,0,0,0
2020-04-10 01:30,2,1,1,0,0,0
2020-04-10 01:45,5,2,3,0,0,0
2020-04-10 02:00,4,1,3,0,0,0
2020-04-10 02:15,1,1,0,0,0,0
2020-04-10 02:30,3,1,2,0,0,0
2020-04-10 02:45,0,0,0,0,0,0
2020-04-10 03:00,1,0,1,0,0,0
2020-04-10 03:15,1,0,1,0,0,0
2020-04-10 03:30,2,2,0,0,0,0
2020-04-10 03:45,2,1,1,0,0,0
2020-04-10 04:00,2,2,0,0,0,0
2020-04-10 04:15,0,0,0,0,0,0
2020-04-10 04:30,0,0,0,0,0,0
2020-04-10 04:45,1,0,1,0,0,0
2020-04-10 05:00,0,0,0,0,0,0
2020-04-10 05:15,2,1,1,0,0,0
2020-04-10 05:30,1,0,1,0,0,0
2020-04-10 05:45,5,2,3,0,0,0
2020-04-10 06:00,3,2,1,0,0,0
2020-04-10 06:15,1,1,0,0,0,0
2020-04-10 06:30,6,1,5,0,0,0
2020-04-10 06:45,5,3,2,0,0,0
2020-04-10 07:00,3,1,2,0,0,0
2020-04-10 07:15,7,3,4,0,0,0
2020-04-10 07:30,5,3,2,0,0,0
2020-04-10 07:45,2,0,2,0,0,0
2020-04-10 08:00,1,0,1,0,0,0
2020-04-10 08:15,8,2,6,0,0,0
2020-04-10 08:30,9,3,6,0,0,0
2020-04-10 08:45,10,5,5,0,0,0
2020-04-10 09:00,7,2,5,0,0,0
2020-04-10 09:15,11,4,7,0,0,0
2020-04-10 09:30,18,10,8,0,0,0
2020-04-10 09:45,16,8,8,0,0,0
2020-04-10 10:00,16,8,8,0,0,0
2020-04-10 10:15,21,8,13,0,0,0
2020-04-10 10:30,23,10,13,0,0,0
2020-04-10 10:45,30,12,18,0,0,0
2020-04-10 11:00,22,13,9,0,0,0
2020-04-10 11:15,29,13,16,0,0,0
2020-04-10 11:30,27,17,10,0,0,0
2020-04-10 11:45,35,19,16,0,0,0
2020-04-10 12:00,36,16,20,0,0,0
2020-04-10 12:15,44,25,19,0,0,0
2020-04-10 12:30,29,15,14,0,0,0
2020-04-10 12:45,48,27,21,0,0,0
2020-04-10 13:00,53,18,35,0,0,0
2020-04-10 13:15,56,32,24,0,0,0
2020-04-10 13:30,49,21,28,0,0,0
2020-04-10 13:45,56,26,30,0,0,0
2020-04-10 14:00,47,24,23,0,0,0
2020-04-10 14:15,49,26,23,0,0,0
2020-04-10 14:30,35,17,18,0,0,0
2020-04-10 14:45,44,19,25,0,0,0
2020-04-10 15:00,51,31,20,0,0,0
2020-04-10 15:15,46,13,33,0,0,0
2020-04-10 15:30,60,21,39,0,0,0
2020-04-10 15:45,52,20,32,0,0,0
2020-04-10 16:00,70,35,35,0,0,0
2020-04-10 16:15,52,36,16,0,0,0
2020-04-10 16:30,65,36,29,0,0,0
2020-04-10 16:45,41,21,20,0,0,0
2020-04-10 17:00,57,27,30,0,0,0
2020-04-10 17:15,52,22,30,0,0,0
2020-04-10 17:30,60,24,36,0,0,0
2020-04-10 17:45,54,30,24,0,0,0
2020-04-10 18:00,48,24,24,0,0,0
2020-04-10 18:15,46,25,21,0,0,0
2020-04-10 18:30,40,16,24,0,0,0
2020-04-10 18:45,43,19,24,0,0,0
2020-04-10 19:00,48,17,31,0,0,0
2020-04-10 19:15,30,14,16,0,0,0
2020-04-10 19:30,33,17,16,0,0,0
2020-04-10 19:45,40,10,30,0,0,0
2020-04-10 20:00,34,13,21,0,0,0
2020-04-10 20:15,44,9,35,0,0,0
2020-04-10 20:30,26,17,9,0,0,0
2020-04-10 20:45,24,12,12,0,0,0
2020-04-10 21:00,21,10,11,0,0,0
2020-04-10 21:15,18,7,11,0,0,0
2020-04-10 21:30,21,9,12,0,0,0
2020-04-10 21:45,10,8,2,0,0,0
2020-04-10 22:00,14,6,8,0,0,0
2020-04-10 22:15,10,4,6,0,0,0
2020-04-10 22:30,11,6,5,0,0,0
2020-04-10 22:45,8,1,7,0,0,0
2020-04-10 23:00,11,3,8,0,0,0
2020-04-10 23:15,5,1,4,0,0,0
2020-04-10 23:30,5,2,3,0,0,0
2020-04-10 23:45,8,2,6,0,0,0
2020-04-11 00:00,9,5,4,0,0,0
2020-04-11 00:15,2,1,1,0,0,0
2020-04-11 00:30,3,1,2,0,0,0
2020-04-11 00:45,1,0,1,0,0,0
2020-04-11 01:00,2,1,1,0,0,0
2020-04-11 01:15,6,4,2,0,0,0
2020-04-11 01:30,1,1,0,0,0,0
2020-04-11 01:45,2,2,0,0,0,0
2020-04-11 02:00,0,0,0,0,0,0
2020-04-11 02:15,2,0,2,0,0,0
2020-04-11 02:30,3,2,1,0,0,0
2020-04-11 02:45,1,0,1,0,0,0
2020-04-11 03:00,2,2,0,0,0,0
2020-04-11 03:15,2,0,2,0,0,0
2020-04-11 03:30,0,0,0,0,0,0
2020-04-11 03:45,1,1,0,0,0,0
2020-04-11 04:00,1,0,1,0,0,0
2020-04-11 04:15,0,0,0,0,0,0
2020-04-11 04:30,3,2,1,0,0,0
2020-04-11 04:45,2,1,1,0,0,0
2020-04-11 05:00,0,0,0,0,0,0
2020-04-11 05:15,11,4,7,0,0,0
2020-04-11 05:30,6,1,5,0,0,0
2020-04-11 05:45,7,1,6,0,0,0
2020-04-11 06:00,7,6,1,0,0,0
2020-04-11 06:15,1,0,1,0,0,0
2020-04-11 06:30,9,2,7,0,0,0
2020-04-11 06:45,7,1,6,0,0,0
2020-04-11 07:00,13,10,3,0,0,0
2020-04-11 07:15,10,5,5,0,0,0
2020-04-11 07:30,22,7,15,0,0,0
2020-04-11 07:45,14,10,4,0,0,0
2020-04-11 08:00,24,9,15,0,0,0
2020-04-11 08:15,24,16,8,0,0,0
2020-04-11 08:30,24,10,14,0,0,0
2020-04-11 08:45,33,14,19,0,0,0
2020-04-11 09:00,17,9,8,0,0,0
2020-04-11 09:15,31,8,23,0,0,0
2020-04-11 09:30,27,15,12,0,0,0
2020-04-11 09:45,28,16,12,0,0,0
2020-04-11 10:00,35,22,13,0,0,0
2020-04-11 10:15,36,19,17,0,0,0
2020-04-11 10:30,42,22,20,0,0,0
2020-04-11 10:45,50,24,26,0,0,0
2020-04-11 11:00,55,25,30,0,0,0
2020-04-11 11:15,59,28,31,0,0,0
2020-04-11 11:30,43,21,22,0,0,0
2020-04-11 11:45,68,32,36,0,0,0
2020-04-11 12:00,47,21,26,0,0,0
2020-04-11 12:15,46,23,23,0,0,0
2020-04-11 12:30,68,37,31,0,0,0
2020-04-11 12:45,59,31,28,0,0,0
2020-04-11 13:00,67,31,36,0,0,0
2020-04-11 13:15,55,26,29,0,0,0
2020-04-11 13:30,75,43,32,0,0,0
2020-04-11 13:45,70,32,38,0,0,0
2020-04-11 14:00,58,35,23,0,0,0
2020-04-11 14:15,89,47,42,0,0,0
2020-04-11 14:30,84,47,37,0,0,0
2020-04-11 14:45,80,42,38,0,0,0
2020-04-11 15:00,66,44,22,0,0,0
2020-04-11 15:15,85,44,41,0,0,0
2020-04-11 15:30,49,23,26,0,0,0
2020-04-11 15:45,61,32,29,0,0,0
2020-04-11 16:00,71,32,39,0,0,0
2020-04-11 16:15,70,31,39,0,0,0
2020-04-11 16:30,59,25,34,0,0,0
2020-04-11 16:45,59,30,29,0,0,0
2020-04-11 17:00,57,16,41,0,0,0
2020-04-11 17:15,59,22,37,0,0,0
2020-04-11 17:30,69,36,33,0,0,0
2020-04-11 17:45,61,30,31,0,0,0
2020-04-11 18:00,60,29,31,0,0,0
2020-04-11 18:15,62,36,26,0,0,0
2020-04-11 18:30,48,20,28,0,0,0
2020-04-11 18:45,60,33,27,0,0,0
2020-04-11 19:00,47,25,22,0,0,0
2020-04-11 19:15,39,21,18,0,0,0
2020-04-11 19:30,39,20,19,0,0,0
2020-04-11 19:45,42,11,31,0,0,0
2020-04-11 20:00,46,20,26,0,0,0
2020-04-11 20:15,44,20,24,0,0,0
2020-04-11 20:30,38,22,16,0,0,0
2020-04-11 20:45,23,7,16,0,0,0
2020-04-11 21:00,22,12,10,0,0,0
2020-04-11 21:15,20,10,10,0,0,0
2020-04-11 21:30,21,7,14,0,0,0
2020-04-11 21:45,31,7,24,0,0,0
2020-04-11 22:00,20,6,14,0,0,0
2020-04-11 22:15,15,5,10,0,0,0
2020-04-11 22:30,11,3,8,0,0,0
2020-04-11 22:45,11,2,9,0,0,0
2020-04-11 23:00,7,3,4,0,0,0
2020-04-11 23:15,10,4,6,0,0,0
2020-04-11 23:30,11,2,9,0,0,0
2020-04-11 23:45,9,3,6,0,0,0
2020-04-12 00:00,3,1,2,0,0,0
2020-04-12 00:15,9,4,5,0,0,0
2020-04-12 00:30,9,4,5,0,0,0
2020-04-12 00:45,2,1,1,0,0,0
2020-04-12 01:00,7,1,6,0,0,0
2020-04-12 01:15,3,0,3,0,0,0
2020-04-12 01:30,5,3,2,0,0,0
2020-04-12 01:45,6,2,4,0,0,0
2020-04-12 02:00,3,1,2,0,0,0
2020-04-12 02:15,1,0,1,0,0,0
2020-04-12 02:30,2,2,0,0,0,0
2020-04-12 02:45,0,0,0,0,0,0
2020-04-12 03:00,2,0,2,0,0,0
2020-04-12 03:15,2,1,1,0,0,0
2020-04-12 03:30,1,1,0,0,0,0
2020-04-12 03:45,2,2,0,0,0,0
2020-04-12 04:00,0,0,0,0,0,0
2020-04-12 04:15,2,1,1,0,0,0
2020-04-12 04:30,0,0,0,0,0,0
2020-04-12 04:45,1,1,0,0,0,0
2020-04-12 05:00,0,0,0,0,0,0
2020-04-12 05:15,1,1,0,0,0,0
2020-04-12 05:30,5,3,2,0,0,0
2020-04-12 05:45,1,1,0,0,0,0
2020-04-12 06:00,3,2,1,0,0,0
2020-04-12 06:15,1,0,1,0,0,0
2020-04-12 06:30,8,3,5,0,0,0
2020-04-12 06:45,3,0,3,0,0,0
2020-04-12 07:00,3,1,2,0,0,0
2020-04-12 07:15,6,1,5,0,0,0
2020-04-12 07:30,10,3,7,0,0,0
2020-04-12 07:45,11,3,8,0,0,0
2020-04-12 08:00,5,4,1,0,0,0
2020-04-12 08:15,5,1,4,0,0,0
2020-04-12 08:30,5,1,4,0,0,0
2020-04-12 08:45,9,5,4,0,0,0
2020-04-12 09:00,9,6,3,0,0,0
2020-04-12 09:15,15,6,9,0,0,0
2020-04-12 09:30,17,9,8,0,0,0
2020-04-12 09:45,23,8,15,0,0,0
2020-04-12 10:00,15,8,7,0,0,0
2020-04-12 10:15,25,15,10,0,0,0
2020-04-12 10:30,10,8,2,0,0,0
2020-04-12 10:45,32,15,17,0,0,0
2020-04-12 11:00,21,11,10,0,0,0
2020-04-12 11:15,27,12,15,0,0,0
2020-04-12 11:30,37,15,22,0,0,0
2020-04-12 11:45,37,25,12,0,0,0
2020-04-12 12:00,29,11,18,0,0,0
2020-04-12 12:15,33,17,16,0,0,0
2020-04-12 12:30,44,27,17,0,0,0
2020-04-12 12:45,51,26,25,0,0,0
2020-04-12 13:00,52,40,12,0,0,0
2020-04-12 13:15,57,25,32,0,0,0
2020-04-12 13:30,44,24,20,0,0,0
2020-04-12 13:45,47,25,22,0,0,0
2020-04-12 14:00,47,28,19,0,0,0
2020-04-12 14:15,47,19,28,0,0,0
2020-04-12 14:30,48,26,22,0,0,0
2020-04-12 14:45,43,16,27,0,0,0
2020-04-12 15:00,57,34,23,0,0,0
2020-04-12 15:15,45,24,21,0,0,0
2020-04-12 15:30,44,17,27,0,0,0
2020-04-12 15:45,42,16,26,0,0,0
2020-04-12 16:00,55,25,30,0,0,0
2020-04-12 16:15,59,34,25,0,0,0
2020-04-12 16:30,41,19,22,0,0,0
2020-04-12 16:45,48,19,29,0,0,0
2020-04-12 17:00,73,35,38,0,0,0
2020-04-12 17:15,44,16,28,0,0,0
2020-04-12 17:30,42,15,27,0,0,0
2020-04-12 17:45,40,15,25,0,0,0
2020-04-12 18:00,42,14,28,0,0,0
2020-04-12 18:15,51,35,16,0,0,0
2020-04-12 18:30,42,20,22,0,0,0
2020-04-12 18:45,34,13,21,0,0,0
2020-04-12 19:00,34,21,13,0,0,0
2020-04-12 19:15,42,17,25,0,0,0
2020-04-12 19:30,46,22,24,0,0,0
2020-04-12 19:45,36,23,13,0,0,0
2020-04-12 20:00,43,14,29,0,0,0
2020-04-12 20:15,35,11,24,0,0,0
2020-04-12 20:30,26,13,13,0,0,0
2020-04-12 20:45,26,16,10,0,0,0
2020-04-12 21:00,23,14,9,0,0,0
2020-04-12 21:15,22,10,12,0,0,0
2020-04-12 21:30,11,8,3,0,0,0
2020-04-12 21:45,16,10,6,0,0,0
2020-04-12 22:00,14,4,10,0,0,0
2020-04-12 22:15,6,3,3,0,0,0
2020-04-12 22:30,9,4,5,0,0,0
2020-04-12 22:45,9,6,3,0,0,0
2020-04-12 23:00,10,3,7,0,0,0
2020-04-12 23:15,4,2,2,0,0,0
2020-04-12 23:30,14,5,9,0,0,0
2020-04-12 23:45,4,2,2,0,0,0
2020-04-13 00:00,8,1,7,0,0,0
2020-04-13 00:15,5,1,4,0,0,0
2020-04-13 00:30,7,3,4,0,0,0
2020-04-13 00:45,2,1,1,0,0,0
2020-04-13 01:00,3,2,1,0,0,0
2020-04-13 01:15,4,2,2,0,0,0
2020-04-13 01:30,1,0,1,0,0,0
2020-04-13 01:45,0,0,0,0,0,0
2020-04-13 02:00,2,0,2,0,0,0
2020-04-13 02:15,2,1,1,0,0,0
2020-04-13 02:30,5,2,3,0,0,0
2020-04-13 02:45,0,0,0,0,0,0
2020-04-13 03:00,1,0,1,0,0,0
2020-04-13 03:15,2,1,1,0,0,0
2020-04-13 03:30,1,1,0,0,0,0
2020-04-13 03:45,0,0,0,0,0,0
2020-04-13 04:00,1,0,1,0,0,0
2020-04-13 04:15,0,0,0,0,0,0
2020-04-13 04:30,0,0,0,0,0,0
2020-04-13 04:45,1,0,1,0,0,0
2020-04-13 05:00,2,1,1,0,0,0
2020-04-13 05:15,2,0,2,0,0,0
2020-04-13 05:30,5,0,5,0,0,0
2020-04-13 05:45,0,0,0,0,0,0
2020-04-13 06:00,4,4,0,0,0,0
2020-04-13 06:15,0,0,0,0,0,0
2020-04-13 06:30,6,2,4,0,0,0
2020-04-13 06:45,2,0,2,0,0,0
2020-04-13 07:00,2,2,0,0,0,0
2020-04-13 07:15,4,3,1,0,0,0
2020-04-13 07:30,6,2,4,0,0,0
2020-04-13 07:45,3,0,3,0,0,0
2020-04-13 08:00,1,1,0,0,0,0
2020-04-13 08:15,2,1,1,0,0,0
2020-04-13 08:30,8,2,6,0,0,0
2020-04-13 08:45,1,1,0,0,0,0
2020-04-13 09:00,13,7,6,0,0,0
2020-04-13 09:15,12,4,8,0,0,0
2020-04-13 09:30,6,3,3,0,0,0
2020-04-13 09:45,8,6,2,0,0,0
2020-04-13 10:00,6,3,3,0,0,0
2020-04-13 10:15,20,14,6,0,0,0
2020-04-13 10:30,17,8,9,0,0,0
2020-04-13 10:45,12,6,6,0,0,0
2020-04-13 11:00,26,11,15,0,0,0
2020-04-13 11:15,20,12,8,0,0,0
2020-04-13 11:30,22,8,14,0,0,0
2020-04-13 11:45,17,5,12,0,0,0
2020-04-13 12:00,23,9,14,0,0,0
2020-04-13 12:15,27,11,16,0,0,0
2020-04-13 12:30,22,9,13,0,0,0
2020-04-13 12:45,31,14,17,0,0,0
2020-04-13 13:00,31,21,10,0,0,0
2020-04-13 13:15,37,13,24,0,0,0
2020-04-13 13:30,32,10,22,0,0,0
2020-04-13 13:45,31,16,15,0,0,0
2020-04-13 14:00,39,10,29,0,0,0
2020-04-13 14:15,39,18,21,0,0,0
2020-04-13 14:30,32,17,15,0,0,0
2020-04-13 14:45,35,15,20,0,0,0
2020-04-13 15:00,38,12,26,0,0,0
2020-04-13 15:15,63,33,30,0,0,0
2020-04-13 15:30,41,21,20,0,0,0
2020-04-13 15:45,38,14,24,0,0,0
2020-04-13 16:00,43,18,25,0,0,0
2020-04-13 16:15,30,8,22,0,0,0
2020-04-13 16:30,41,14,27,0,0,0
2020-04-13 16:45,62,22,40,0,0,0
2020-04-13 17:00,41,17,24,0,0,0
2020-04-13 17:15,42,21,21,0,0,0
2020-04-13 17:30,48,25,23,0,0,0
2020-04-13 17:45,60,26,34,0,0,0
2020-04-13 18:00,45,21,24,0,0,0
2020-04-13 18:15,33,18,15,0,0,0
2020-04-13 18:30,48,20,28,0,0,0
2020-04-13 18:45,47,32,15,0,0,0
2020-04-13 19:00,33,14,19,0,0,0
2020-04-13 19:15,53,22,31,0,0,0
2020-04-13 19:30,35,20,15,0,0,0
2020-04-13 19:45,28,13,15,0,0,0
2020-04-13 20:00,21,6,15,0,0,0
2020-04-13 20:15,14,5,9,0,0,0
2020-04-13 20:30,17,11,6,0,0,0
2020-04-13 20:45,18,6,12,0,0,0
2020-04-13 21:00,18,9,9,0,0,0
2020-04-13 21:15,22,10,12,0,0,0
2020-04-13 21:30,10,6,4,0,0,0
2020-04-13 21:45,13,7,6,0,0,0
2020-04-13 22:00,5,1,4,0,0,0
2020-04-13 22:15,13,6,7,0,0,0
2020-04-13 22:30,11,2,9,0,0,0
2020-04-13 22:45,10,2,8,0,0,0
2020-04-13 23:00,6,4,2,0,0,0
2020-04-13 23:15,4,3,1,0,0,0
2020-04-13 23:30,2,1,1,0,0,0
2020-04-13 23:45,4,4,0,0,0,0
2020-04-14 00:00,2,0,2,0,0,0
2020-04-14 00:15,2,0,2,0,0,0
2020-04-14 00:30,2,1,1,0,0,0
2020-04-14 00:45,3,1,2,0,0,0
2020-04-14 01:00,2,2,0,0,0,0
2020-04-14 01:15,2,1,1,0,0,0
2020-04-14 01:30,2,1,1,0,0,0
2020-04-14 01:45,0,0,0,0,0,0
2020-04-14 02:00,2,2,0,0,0,0
2020-04-14 02:15,0,0,0,0,0,0
2020-04-14 02:30,1,0,1,0,0,0
2020-04-14 02:45,0,0,0,0,0,0
2020-04-14 03:00,0,0,0,0,0,0
2020-04-14 03:15,0,0,0,0,0,0
2020-04-14 03:30,0,0,0,0,0,0
2020-04-14 03:45,1,0,1,0,0,0
2020-04-14 04:00,2,0,2,0,0,0
2020-04-14 04:15,0,0,0,0,0,0
2020-04-14 04:30,1,0,1,0,0,0
2020-04-14 04:45,2,0,2,0,0,0
2020-04-14 05:00,4,0,4,0,0,0
2020-04-14 05:15,12,3,9,0,0,0
2020-04-14 05:30,9,6,3,0,0,0
2020-04-14 05:45,13,7,6,0,0,0
2020-04-14 06:00,22,6,16,0,0,0
2020-04-14 06:15,23,13,10,0,0,0
2020-04-14 06:30,26,11,15,0,0,0
2020-04-14 06:45,34,23,11,0,0,0
2020-04-14 07:00,51,26,25,0,0,0
2020-04-14 07:15,51,26,25,0,0,0
2020-04-14 07:30,68,39,29,0,0,0
2020-04-14 07:45,86,44,42,0,0,0
2020-04-14 08:00,62,37,25,0,0,0
2020-04-14 08:15,75,22,53,0,0,0
2020-04-14 08:30,63,30,33,0,0,0
2020-04-14 08:45,73,37,36,0,0,0
2020-04-14 09:00,48,30,18,0,0,0
2020-04-14 09:15,45,26,19,0,0,0
2020-04-14 09:30,61,26,35,0,0,0
2020-04-14 09:45,54,19,35,0,0,0
2020-04-14 10:00,43,27,16,0,0,0
2020-04-14 10:15,44,20,24,0,0,0
2020-04-14 10:30,47,29,18,0,0,0
2020-04-14 10:45,50,28,22,0,0,0
2020-04-14 11:00,45,23,22,0,0,0
2020-04-14 11:15,59,22,37,0,0,0
2020-04-14 11:30,51,22,29,0,0,0
2020-04-14 11:45,66,33,33,0,0,0
2020-04-14 12:00,62,21,41,0,0,0
2020-04-14 12:15,85,38,47,0,0,0
2020-04-14 12:30,75,23,52,0,0,0
2020-04-14 12:45,67,39,28,0,0,0
2020-04-14 13:00,57,21,36,0,0,0
2020-04-14 13:15,67,32,35,0,0,0
2020-04-14 13:30,51,20,31,0,0,0
2020-04-14 13:45,68,29,39,0,0,0
2020-04-14 14:00,70,30,40,0,0,0
2020-04-14 14:15,84,41,43,0,0,0
2020-04-14 14:30,81,39,42,0,0,0
2020-04-14 14:45,82,35,47,0,0,0
2020-04-14 15:00,82,36,46,0,0,0
2020-04-14 15:15,80,38,42,0,0,0
2020-04-14 15:30,64,23,41,0,0,0
2020-04-14 15:45,89,47,42,0,0,0
2020-04-14 16:00,101,53,48,0,0,0
2020-04-14 16:15,107,41,66,0,0,0
2020-04-14 16:30,92,57,35,0,0,0
2020-04-14 16:45,109,46,63,0,0,0
2020-04-14 17:00,77,33,44,0,0,0
2020-04-14 17:15,87,35,52,0,0,0
2020-04-14 17:30,75,31,44,0,0,0
2020-04-14 17:45,70,27,43,0,0,0
2020-04-14 18:00,80,38,42,0,0,0
2020-04-14 18:15,68,20,48,0,0,0
2020-04-14 18:30,68,29,39,0,0,0
2020-04-14 18:45,46,23,23,0,0,0
2020-04-14 19:00,55,27,28,0,0,0
2020-04-14 19:15,49,20,29,0,0,0
2020-04-14 19:30,53,23,30,0,0,0
2020-04-14 19:45,47,21,26,0,0,0
2020-04-14 20:00,33,13,20,0,0,0
2020-04-14 20:15,27,5,22,0,0,0
2020-04-14 20:30,18,6,12,0,0,0
2020-04-14 20:45,28,15,13,0,0,0
2020-04-14 21:00,22,11,11,0,0,0
2020-04-14 21:15,21,7,14,0,0,0
2020-04-14 21:30,16,10,6,0,0,0
2020-04-14 21:45,27,13,14,0,0,0
2020-04-14 22:00,9,6,3,0,0,0
2020-04-14 22:15,9,3,6,0,0,0
2020-04-14 22:30,12,5,7,0,0,0
2020-04-14 22:45,12,3,9,0,0,0
2020-04-14 23:00,9,4,5,0,0,0
2020-04-14 23:15,8,5,3,0,0,0
2020-04-14 23:30,3,2,1,0,0,0
2020-04-14 23:45,3,2,1,0,0,0
2020-04-15 00:00,8,4,4,0,0,0
2020-04-15 00:15,7,4,3,0,0,0
2020-04-15 00:30,6,3,3,0,0,0
2020-04-15 00:45,5,1,4,0,0,0
2020-04-15 01:00,2,1,1,0,0,0
2020-04-15 01:15,2,1,1,0,0,0
2020-04-15 01:30,5,2,3,0,0,0
2020-04-15 01:45,3,1,2,0,0,0
2020-04-15 02:00,1,1,0,0,0,0
2020-04-15 02:15,4,2,2,0,0,0
2020-04-15 02:30,1,0,1,0,0,0
2020-04-15 02:45,0,0,0,0,0,0
2020-04-15 03:00,0,0,0,0,0,0
2020-04-15 03:15,0,0,0,0,0,0
2020-04-15 03:30,0,0,0,0,0,0
2020-04-15 03:45,2,0,2,0,0,0
2020-04-15 04:00,3,0,3,0,0,0
2020-04-15 04:15,1,0,1,0,0,0
2020-04-15 04:30,4,1,3,0,0,0
2020-04-15 04:45,5,0,5,0,0,0
2020-04-15 05:00,1,0,1,0,0,0
2020-04-15 05:15,8,3,5,0,0,0
2020-04-15 05:30,12,7,5,0,0,0
2020-04-15 05:45,10,4,6,0,0,0
2020-04-15 06:00,18,6,12,0,0,0
2020-04-15 06:15,21,9,12,0,0,0
2020-04-15 06:30,27,12,15,0,0,0
2020-04-15 06:45,50,28,22,0,0,0
2020-04-15 07:00,46,25,21,0,0,0
2020-04-15 07:15,65,28,37,0,0,0
2020-04-15 07:30,82,48,34,0,0,0
2020-04-15 07:45,77,42,35,0,0,0
2020-04-15 08:00,60,28,32,0,0,0
2020-04-15 08:15,78,42,36,0,0,0
2020-04-15 08:30,62,37,25,0,0,0
2020-04-15 08:45,73,35,38,0,0,0
2020-04-15 09:00,49,24,25,0,0,0
2020-04-15 09:15,36,17,19,0,0,0
2020-04-15 09:30,49,23,26,0,0,0
2020-04-15 09:45,60,26,34,0,0,0
2020-04-15 10:00,61,26,35,0,0,0
2020-04-15 10:15,40,21,19,0,0,0
2020-04-15 10:30,52,22,30,0,0,0
2020-04-15 10:45,74,28,46,0,0,0
2020-04-15 11:00,69,34,35,0,0,0
2020-04-15 11:15,70,31,39,0,0,0
2020-04-15 11:30,77,35,42,0,0,0
2020-04-15 11:45,70,25,45,0,0,0
2020-04-15 12:00,87,40,47,0,0,0
2020-04-15 12:15,82,34,48,0,0,0
2020-04-15 12:30,61,32,29,0,0,0
2020-04-15 12:45,72,35,37,0,0,0
2020-04-15 13:00,72,39,33,0,0,0
2020-04-15 13:15,82,40,42,0,0,0
2020-04-15 13:30,72,37,35,0,0,0
2020-04-15 13:45,87,51,36,0,0,0
2020-04-15 14:00,75,35,40,0,0,0
2020-04-15 14:15,84,52,32,0,0,0
2020-04-15 14:30,67,33,34,0,0,0
2020-04-15 14:45,59,30,29,0,0,0
2020-04-15 15:00,84,47,37,0,0,0
2020-04-15 15:15,96,44,52,0,0,0
2020-04-15 15:30,85,44,41,0,0,0
2020-04-15 15:45,84,43,41,0,0,0
2020-04-15 16:00,96,41,55,0,0,0
2020-04-15 16:15,92,44,48,0,0,0
2020-04-15 16:30,88,46,42,0,0,0
2020-04-15 16:45,115,64,51,0,0,0
2020-04-15 17:00,99,55,44,0,0,0
2020-04-15 17:15,100,48,52,0,0,0
2020-04-15 17:30,86,30,56,0,0,0
2020-04-15 17:45,83,39,44,0,0,0
2020-04-15 18:00,81,40,41,0,0,0
2020-04-15 18:15,85,39,46,0,0,0
2020-04-15 18:30,71,23,48,0,0,0
2020-04-15 18:45,61,24,37,0,0,0
2020-04-15 19:00,69,34,35,0,0,0
2020-04-15 19:15,63,31,32,0,0,0
2020-04-15 19:30,40,14,26,0,0,0
2020-04-15 19:45,51,26,25,0,0,0
2020-04-15 20:00,46,26,20,0,0,0
2020-04-15 20:15,45,24,21,0,0,0
2020-04-15 20:30,34,16,18,0,0,0
2020-04-15 20:45,29,13,16,0,0,0
2020-04-15 21:00,27,11,16,0,0,0
2020-04-15 21:15,35,13,22,0,0,0
2020-04-15 21:30,28,14,14,0,0,0
2020-04-15 21:45,11,2,9,0,0,0
2020-04-15 22:00,20,9,11,0,0,0
2020-04-15 22:15,22,4,18,0,0,0
2020-04-15 22:30,18,3,15,0,0,0
2020-04-15 22:45,9,4,5,0,0,0
2020-04-15 23:00,7,2,5,0,0,0
2020-04-15 23:15,12,5,7,0,0,0
2020-04-15 23:30,9,2,7,0,0,0
2020-04-15 23:45,11,4,7,0,0,0
2020-04-16 00:00,2,0,2,0,0,0
2020-04-16 00:15,7,4,3,0,0,0
2020-04-16 00:30,6,2,4,0,0,0
2020-04-16 00:45,3,3,0,0,0,0
2020-04-16 01:00,2,2,0,0,0,0
2020-04-16 01:15,0,0,0,0,0,0
2020-04-16 01:30,3,3,0,0,0,0
2020-04-16 01:45,2,1,1,0,0,0
2020-04-16 02:00,2,0,2,0,0,0
2020-04-16 02:15,1,1,0,0,0,0
2020-04-16 02:30,0,0,0,0,0,0
2020-04-16 02:45,1,1,0,0,0,0
2020-04-16 03:00,0,0,0,0,0,0
2020-04-16 03:15,2,1,1,0,0,0
2020-04-16 03:30,1,0,1,0,0,0
2020-04-16 03:45,2,0,2,0,0,0
2020-04-16 04:00,1,0,1,0,0,0
2020-04-16 04:15,1,0,1,0,0,0
2020-04-16 04:30,4,0,4,0,0,0
2020-04-16 04:45,3,0,3,0,0,0
2020-04-16 05:00,3,1,2,0,0,0
2020-04-16 05:15,8,4,4,0,0,0
2020-04-16 05:30,12,6,6,0,0,0
2020-04-16 05:45,24,14,10,0,0,0
2020-04-16 06:00,12,2,10,0,0,0
2020-04-16 06:15,25,9,16,0,0,0
2020-04-16 06:30,27,5,22,0,0,0
2020-04-16 06:45,34,22,12,0,0,0
2020-04-16 07:00,51,29,22,0,0,0
2020-04-16 07:15,52,24,28,0,0,0
2020-04-16 07:30,78,46,32,0,0,0
2020-04-16 07:45,82,48,34,0,0,0
2020-04-16 08:00,66,41,25,0,0,0
2020-04-16 08:15,84,38,46,0,0,0
2020-04-16 08:30,58,28,30,0,0,0
2020-04-16 08:45,74,31,43,0,0,0
2020-04-16 09:00,58,25,33,0,0,0
2020-04-16 09:15,53,27,26,0,0,0
2020-04-16 09:30,49,20,29,0,0,0
2020-04-16 09:45,65,28,37,0,0,0
2020-04-16 10:00,55,25,30,0,0,0
2020-04-16 10:15,77,30,47,0,0,0
2020-04-16 10:30,47,22,25,0,0,0
2020-04-16 10:45,71,37,34,0,0,0
2020-04-16 11:00,55,25,30,0,0,0
2020-04-16 11:15,57,23,34,0,0,0
2020-04-16 11:30,55,31,24,0,0,0
2020-04-16 11:45,63,37,26,0,0,0
2020-04-16 12:00,54,29,25,0,0,0
2020-04-16 12:15,83,39,44,0,0,0
2020-04-16 12:30,97,34,63,0,0,0
2020-04-16 12:45,82,44,38,0,0,0
2020-04-16 13:00,89,42,47,0,0,0
2020-04-16 13:15,79,50,29,0,0,0
2020-04-16 13:30,83,44,39,0,0,0
2020-04-16 13:45,100,59,41,0,0,0
2020-04-16 14:00,75,36,39,0,0,0
2020-04-16 14:15,103,41,62,0,0,0
2020-04-16 14:30,93,53,40,0,0,0
2020-04-16 14:45,88,42,46,0,0,0
2020-04-16 15:00,100,59,41,0,0,0
2020-04-16 15:15,98,53,45,0,0,0
2020-04-16 15:30,78,34,44,0,0,0
2020-04-16 15:45,128,81,47,0,0,0
2020-04-16 16:00,114,66,48,0,0,0
2020-04-16 16:15,126,60,66,0,0,0
2020-04-16 16:30,105,54,51,0,0,0
2020-04-16 16:45,109,49,60,0,0,0
2020-04-16 17:00,124,62,62,0,0,0
2020-04-16 17:15,131,56,75,0,0,0
2020-04-16 17:30,94,39,55,0,0,0
2020-04-16 17:45,91,39,52,0,0,0
2020-04-16 18:00,81,37,44,0,0,0
2020-04-16 18:15,93,39,54,0,0,0
2020-04-16 18:30,78,29,49,0,0,0
2020-04-16 18:45,89,37,52,0,0,0
2020-04-16 19:00,64,39,25,0,0,0
2020-04-16 19:15,46,23,23,0,0,0
2020-04-16 19:30,68,39,29,0,0,0
2020-04-16 19:45,59,22,37,0,0,0
2020-04-16 20:00,65,27,38,0,0,0
2020-04-16 20:15,33,12,21,0,0,0
2020-04-16 20:30,30,10,20,0,0,0
2020-04-16 20:45,27,15,12,0,0,0
2020-04-16 21:00,33,21,12,0,0,0
2020-04-16 21:15,35,17,18,0,0,0
2020-04-16 21:30,24,11,13,0,0,0
2020-04-16 21:45,18,8,10,0,0,0
2020-04-16 22:00,31,9,22,0,0,0
2020-04-16 22:15,15,12,3,0,0,0
2020-04-16 22:30,23,13,10,0,0,0
2020-04-16 22:45,19,4,15,0,0,0
2020-04-16 23:00,18,2,16,0,0,0
2020-04-16 23:15,7,2,5,0,0,0
2020-04-16 23:30,13,5,8,0,0,0
2020-04-16 23:45,11,7,4,0,0,0
2020-04-17 00:00,6,2,4,0,0,0
2020-04-17 00:15,11,3,8,0,0,0
2020-04-17 00:30,5,3,2,0,0,0
2020-04-17 00:45,1,0,1,0,0,0
2020-04-17 01:00,6,3,3,0,0,0
2020-04-17 01:15,2,1,1,0,0,0
2020-04-17 01:30,1,0,1,0,0,0
2020-04-17 01:45,2,1,1,0,0,0
2020-04-17 02:00,1,1,0,0,0,0
2020-04-17 02:15,3,2,1,0,0,0
2020-04-17 02:30,1,0,1,0,0,0
2020-04-17 02:45,2,1,1,0,0,0
2020-04-17 03:00,2,0,2,0,0,0
2020-04-17 03:15,0,0,0,0,0,0
2020-04-17 03:30,1,0,1,0,0,0
2020-04-17 03:45,2,1,1,0,0,0
2020-04-17 04:00,1,0,1,0,0,0
2020-04-17 04:15,0,0,0,0,0,0
2020-04-17 04:30,0,0,0,0,0,0
2020-04-17 04:45,5,2,3,0,0,0
2020-04-17 05:00,4,0,4,0,0,0
2020-04-17 05:15,15,1,14,0,0,0
2020-04-17 05:30,12,6,6,0,0,0
2020-04-17 05:45,27,10,17,0,0,0
2020-04-17 06:00,20,5,15,0,0,0
2020-04-17 06:15,26,8,18,0,0,0
2020-04-17 06:30,24,5,19,0,0,0
2020-04-17 06:45,38,22,16,0,0,0
2020-04-17 07:00,50,22,28,0,0,0
2020-04-17 07:15,55,25,30,0,0,0
2020-04-17 07:30,68,37,31,0,0,0
2020-04-17 07:45,72,40,32,0,0,0
2020-04-17 08:00,50,29,21,0,0,0
2020-04-17 08:15,82,44,38,0,0,0
2020-04-17 08:30,59,31,28,0,0,0
2020-04-17 08:45,80,38,42,0,0,0
2020-04-17 09:00,37,10,27,0,0,0
2020-04-17 09:15,32,15,17,0,0,0
2020-04-17 09:30,46,23,23,0,0,0
2020-04-17 09:45,66,34,32,0,0,0
2020-04-17 10:00,58,32,26,0,0,0
2020-04-17 10:15,45,17,28,0,0,0
2020-04-17 10:30,61,27,34,0,0,0
2020-04-17 10:45,57,33,24,0,0,0
2020-04-17 11:00,55,20,35,0,0,0
2020-04-17 11:15,60,28,32,0,0,0
2020-04-17 11:30,73,35,38,0,0,0
2020-04-17 11:45,64,30,34,0,0,0
2020-04-17 12:00,88,41,47,0,0,0
2020-04-17 12:15,82,41,41,0,0,0
2020-04-17 12:30,78,41,37,0,0,0
2020-04-17 12:45,92,40,52,0,0,0
2020-04-17 13:00,100,50,50,0,0,0
2020-04-17 13:15,92,47,45,0,0,0
2020-04-17 13:30,75,39,36,0,0,0
2020-04-17 13:45,91,51,40,0,0,0
2020-04-17 14:00,71,32,39,0,0,0
2020-04-17 14:15,85,43,42,0,0,0
2020-04-17 14:30,83,43,40,0,0,0
2020-04-17 14:45,75,28,47,0,0,0
2020-04-17 15:00,94,46,48,0,0,0
2020-04-17 15:15,89,41,48,0,0,0
2020-04-17 15:30,72,35,37,0,0,0
2020-04-17 15:45,90,44,46,0,0,0
2020-04-17 16:00,104,54,50,0,0,0
2020-04-17 16:15,93,46,47,0,0,0
2020-04-17 16:30,87,41,46,0,0,0
2020-04-17 16:45,88,46,42,0,0,0
2020-04-17 17:00,85,37,48,0,0,0
2020-04-17 17:15,93,41,52,0,0,0
2020-04-17 17:30,76,24,52,0,0,0
2020-04-17 17:45,82,39,43,0,0,0
2020-04-17 18:00,87,37,50,0,0,0
2020-04-17 18:15,87,43,44,0,0,0
2020-04-17 18:30,77,35,42,0,0,0
2020-04-17 18:45,85,39,46,0,0,0
2020-04-17 19:00,69,31,38,0,0,0
2020-04-17 19:15,61,29,32,0,0,0
2020-04-17 19:30,58,32,26,0,0,0
2020-04-17 19:45,58,33,25,0,0,0
2020-04-17 20:00,63,33,30,0,0,0
2020-04-17 20:15,49,23,26,0,0,0
2020-04-17 20:30,31,14,17,0,0,0
2020-04-17 20:45,32,11,21,0,0,0
2020-04-17 21:00,29,17,12,0,0,0
2020-04-17 21:15,28,11,17,0,0,0
2020-04-17 21:30,23,12,11,0,0,0
2020-04-17 21:45,20,5,15,0,0,0
2020-04-17 22:00,16,7,9,0,0,0
2020-04-17 22:15,12,4,8,0,0,0
2020-04-17 22:30,21,12,9,0,0,0
2020-04-17 22:45,30,17,13,0,0,0
2020-04-17 23:00,19,7,12,0,0,0
2020-04-17 23:15,16,4,12,0,0,0
2020-04-17 23:30,8,3,5,0,0,0
2020-04-17 23:45,9,5,4,0,0,0
2020-04-18 00:00,15,7,8,0,0,0
2020-04-18 00:15,5,3,2,0,0,0
2020-04-18 00:30,8,6,2,0,0,0
2020-04-18 00:45,5,2,3,0,0,0
2020-04-18 01:00,9,4,5,0,0,0
2020-04-18 01:15,6,2,4,0,0,0
2020-04-18 01:30,7,4,3,0,0,0
2020-04-18 01:45,2,2,0,0,0,0
2020-04-18 02:00,2,1,1,0,0,0
2020-04-18 02:15,1,0,1,0,0,0
2020-04-18 02:30,0,0,0,0,0,0
2020-04-18 02:45,2,2,0,0,0,0
2020-04-18 03:00,1,1,0,0,0,0
2020-04-18 03:15,0,0,0,0,0,0
2020-04-18 03:30,4,1,3,0,0,0
2020-04-18 03:45,1,1,0,0,0,0
2020-04-18 04:00,0,0,0,0,0,0
2020-04-18 04:15,1,0,1,0,0,0
2020-04-18 04:30,2,0,2,0,0,0
2020-04-18 04:45,2,2,0,0,0,0
2020-04-18 05:00,0,0,0,0,0,0
2020-04-18 05:15,6,1,5,0,0,0
2020-04-18 05:30,6,2,4,0,0,0
2020-04-18 05:45,6,0,6,0,0,0
2020-04-18 06:00,10,1,9,0,0,0
2020-04-18 06:15,4,1,3,0,0,0
2020-04-18 06:30,13,5,8,0,0,0
2020-04-18 06:45,7,0,7,0,0,0
2020-04-18 07:00,7,4,3,0,0,0
2020-04-18 07:15,8,5,3,0,0,0
2020-04-18 07:30,14,5,9,0,0,0
2020-04-18 07:45,24,8,16,0,0,0
2020-04-18 08:00,17,8,9,0,0,0
2020-04-18 08:15,15,6,9,0,0,0
2020-04-18 08:30,22,15,7,0,0,0
2020-04-18 08:45,25,14,11,0,0,0
2020-04-18 09:00,23,14,9,0,0,0
2020-04-18 09:15,29,12,17,0,0,0
2020-04-18 09:30,23,11,12,0,0,0
2020-04-18 09:45,41,12,29,0,0,0
2020-04-18 10:00,43,20,23,0,0,0
2020-04-18 10:15,38,16,22,0,0,0
2020-04-18 10:30,61,24,37,0,0,0
2020-04-18 10:45,41,24,17,0,0,0
2020-04-18 11:00,52,33,19,0,0,0
2020-04-18 11:15,67,35,32,0,0,0
2020-04-18 11:30,50,30,20,0,0,0
2020-04-18 11:45,69,32,37,0,0,0
2020-04-18 12:00,69,35,34,0,0,0
2020-04-18 12:15,81,35,46,0,0,0
2020-04-18 12:30,71,39,32,0,0,0
2020-04-18 12:45,57,28,29,0,0,0
2020-04-18 13:00,73,26,47,0,0,0
2020-04-18 13:15,75,39,36,0,0,0
2020-04-18 13:30,63,32,31,0,0,0
2020-04-18 13:45,74,40,34,0,0,0
2020-04-18 14:00,69,41,28,0,0,0
2020-04-18 14:15,70,34,36,0,0,0
2020-04-18 14:30,68,31,37,0,0,0
2020-04-18 14:45,61,36,25,0,0,0
2020-04-18 15:00,69,39,30,0,0,0
2020-04-18 15:15,77,35,42,0,0,0
2020-04-18 15:30,74,33,41,0,0,0
2020-04-18 15:45,84,44,40,0,0,0
2020-04-18 16:00,75,36,39,0,0,0
2020-04-18 16:15,61,39,22,0,0,0
2020-04-18 16:30,81,33,48,0,0,0
2020-04-18 16:45,66,25,41,0,0,0
2020-04-18 17:00,69,28,41,0,0,0
2020-04-18 17:15,62,25,37,0,0,0
2020-04-18 17:30,50,25,25,0,0,0
2020-04-18 17:45,66,28,38,0,0,0
2020-04-18 18:00,51,25,26,0,0,0
2020-04-18 18:15,44,20,24,0,0,0
2020-04-18 18:30,36,10,26,0,0,0
2020-04-18 18:45,41,18,23,0,0,0
2020-04-18 19:00,40,20,20,0,0,0
2020-04-18 19:15,38,12,26,0,0,0
2020-04-18 19:30,31,17,14,0,0,0
2020-04-18 19:45,25,9,16,0,0,0
2020-04-18 20:00,20,12,8,0,0,0
2020-04-18 20:15,30,18,12,0,0,0
2020-04-18 20:30,25,7,18,0,0,0
2020-04-18 20:45,20,9,11,0,0,0
2020-04-18 21:00,19,9,10,0,0,0
2020-04-18 21:15,21,7,14,0,0,0
2020-04-18 21:30,20,8,12,0,0,0
2020-04-18 21:45,25,14,11,0,0,0
2020-04-18 22:00,15,7,8,0,0,0
2020-04-18 22:15,22,9,13,0,0,0
2020-04-18 22:30,14,2,12,0,0,0
2020-04-18 22:45,10,5,5,0,0,0
2020-04-18 23:00,14,3,11,0,0,0
2020-04-18 23:15,11,2,9,0,0,0
2020-04-18 23:30,6,0,6,0,0,0
2020-04-18 23:45,11,2,9,0,0,0
2020-04-19 00:00,14,9,5,0,0,0
2020-04-19 00:15,7,1,6,0,0,0
2020-04-19 00:30,9,6,3,0,0,0
2020-04-19 00:45,3,1,2,0,0,0
2020-04-19 01:00,8,3,5,0,0,0
2020-04-19 01:15,3,2,1,0,0,0
2020-04-19 01:30,4,3,1,0,0,0
2020-04-19 01:45,7,3,4,0,0,0
2020-04-19 02:00,5,2,3,0,0,0
2020-04-19 02:15,2,0,2,0,0,0
2020-04-19 02:30,0,0,0,0,0,0
2020-04-19 02:45,0,0,0,0,0,0
2020-04-19 03:00,1,0,1,0,0,0
2020-04-19 03:15,3,0,3,0,0,0
2020-04-19 03:30,4,3,1,0,0,0
2020-04-19 03:45,4,2,2,0,0,0
2020-04-19 04:00,1,1,0,0,0,0
2020-04-19 04:15,0,0,0,0,0,0
2020-04-19 04:30,2,0,2,0,0,0
2020-04-19 04:45,1,1,0,0,0,0
2020-04-19 05:00,1,0,1,0,0,0
2020-04-19 05:15,0,0,0,0,0,0
2020-04-19 05:30,8,3,5,0,0,0
2020-04-19 05:45,5,4,1,0,0,0
2020-04-19 06:00,2,0,2,0,0,0
2020-04-19 06:15,3,1,2,0,0,0
2020-04-19 06:30,2,1,1,0,0,0
2020-04-19 06:45,1,1,0,0,0,0
2020-04-19 07:00,3,3,0,0,0,0
2020-04-19 07:15,3,0,3,0,0,0
2020-04-19 07:30,5,1,4,0,0,0
2020-04-19 07:45,2,0,2,0,0,0
2020-04-19 08:00,1,0,1,0,0,0
2020-04-19 08:15,5,1,4,0,0,0
2020-04-19 08:30,4,0,4,0,0,0
2020-04-19 08:45,9,4,5,0,0,0
2020-04-19 09:00,4,2,2,0,0,0
2020-04-19 09:15,8,2,6,0,0,0
2020-04-19 09:30,8,7,1,0,0,0
2020-04-19 09:45,21,10,11,0,0,0
2020-04-19 10:00,19,9,10,0,0,0
2020-04-19 10:15,31,14,17,0,0,0
2020-04-19 10:30,23,11,12,0,0,0
2020-04-19 10:45,25,15,10,0,0,0
2020-04-19 11:00,22,6,16,0,0,0
2020-04-19 11:15,21,16,5,0,0,0
2020-04-19 11:30,32,15,17,0,0,0
2020-04-19 11:45,49,29,20,0,0,0
2020-04-19 12:00,39,22,17,0,0,0
2020-04-19 12:15,51,28,23,0,0,0
2020-04-19 12:30,31,10,21,0,0,0
2020-04-19 12:45,62,36,26,0,0,0
2020-04-19 13:00,64,30,34,0,0,0
2020-04-19 13:15,68,37,31,0,0,0
2020-04-19 13:30,71,34,37,0,0,0
2020-04-19 13:45,65,26,39,0,0,0
2020-04-19 14:00,77,45,32,0,0,0
2020-04-19 14:15,96,44,52,0,0,0
2020-04-19 14:30,73,36,37,0,0,0
2020-04-19 14:45,90,47,43,0,0,0
2020-04-19 15:00,75,34,41,0,0,0
2020-04-19 15:15,85,38,47,0,0,0
2020-04-19 15:30,61,28,33,0,0,0
2020-04-19 15:45,56,25,31,0,0,0
2020-04-19 16:00,75,31,44,0,0,0
2020-04-19 16:15,84,42,42,0,0,0
2020-04-19 16:30,79,46,33,0,0,0
2020-04-19 16:45,73,33,40,0,0,0
2020-04-19 17:00,67,33,34,0,0,0
2020-04-19 17:15,74,26,48,0,0,0
2020-04-19 17:30,69,32,37,0,0,0
2020-04-19 17:45,55,24,31,0,0,0
2020-04-19 18:00,75,33,42,0,0,0
2020-04-19 18:15,77,41,36,0,0,0
2020-04-19 18:30,75,36,39,0,0,0
2020-04-19 18:45,65,38,27,0,0,0
2020-04-19 19:00,58,20,38,0,0,0
2020-04-19 19:15,45,18,27,0,0,0
2020-04-19 19:30,44,25,19,0,0,0
2020-04-19 19:45,46,23,23,0,0,0
2020-04-19 20:00,33,12,21,0,0,0
2020-04-19 20:15,36,14,22,0,0,0
2020-04-19 20:30,33,17,16,0,0,0
2020-04-19 20:45,44,23,21,0,0,0
2020-04-19 21:00,43,14,29,0,0,0
2020-04-19 21:15,9,4,5,0,0,0
2020-04-19 21:30,22,9,13,0,0,0
2020-04-19 21:45,24,8,16,0,0,0
2020-04-19 22:00,16,8,8,0,0,0
2020-04-19 22:15,18,15,3,0,0,0
2020-04-19 22:30,13,3,10,0,0,0
2020-04-19 22:45,15,8,7,0,0,0
2020-04-19 23:00,14,4,10,0,0,0
2020-04-19 23:15,14,4,10,0,0,0
2020-04-19 23:30,5,3,2,0,0,0
2020-04-19 23:45,3,1,2,0,0,0
2020-04-20 00:00,5,2,3,0,0,0
2020-04-20 00:15,6,2,4,0,0,0
2020-04-20 00:30,0,0,0,0,0,0
2020-04-20 00:45,0,0,0,0,0,0
2020-04-20 01:00,1,1,0,0,0,0
2020-04-20 01:15,0,0,0,0,0,0
2020-04-20 01:30,3,3,0,0,0,0
2020-04-20 01:45,0,0,0,0,0,0
2020-04-20 02:00,1,0,1,0,0,0
2020-04-20 02:15,1,1,0,0,0,0
2020-04-20 02:30,1,0,1,0,0,0
2020-04-20 02:45,0,0,0,0,0,0
2020-04-20 03:00,1,1,0,0,0,0
2020-04-20 03:15,1,0,1,0,0,0
2020-04-20 03:30,2,0,2,0,0,0
2020-04-20 03:45,4,2,2,0,0,0
2020-04-20 04:00,1,1,0,0,0,0
2020-04-20 04:15,2,0,2,0,0,0
2020-04-20 04:30,1,1,0,0,0,0
2020-04-20 04:45,3,1,2,0,0,0
2020-04-20 05:00,3,1,2,0,0,0
2020-04-20 05:15,9,4,5,0,0,0
2020-04-20 05:30,16,8,8,0,0,0
2020-04-20 05:45,17,9,8,0,0,0
2020-04-20 06:00,38,11,27,0,0,0
2020-04-20 06:15,23,10,13,0,0,0
2020-04-20 06:30,37,17,20,0,0,0
2020-04-20 06:45,66,33,33,0,0,0
2020-04-20 07:00,54,21,33,0,0,0
2020-04-20 07:15,58,23,35,0,0,0
2020-04-20 07:30,90,48,42,0,0,0
2020-04-20 07:45,92,54,38,0,0,0
2020-04-20 08:00,79,45,34,0,0,0
2020-04-20 08:15,96,56,40,0,0,0
2020-04-20 08:30,74,31,43,0,0,0
2020-04-20 08:45,75,37,38,0,0,0
2020-04-20 09:00,61,29,32,0,0,0
2020-04-20 09:15,64,36,28,0,0,0
2020-04-20 09:30,73,28,45,0,0,0
2020-04-20 09:45,67,32,35,0,0,0
2020-04-20 10:00,74,42,32,0,0,0
2020-04-20 10:15,71,31,40,0,0,0
2020-04-20 10:30,70,28,42,0,0,0
2020-04-20 10:45,69,27,42,0,0,0
2020-04-20 11:00,68,33,35,0,0,0
2020-04-20 11:15,67,39,28,0,0,0
2020-04-20 11:30,79,42,37,0,0,0
2020-04-20 11:45,85,40,45,0,0,0
2020-04-20 12:00,89,39,50,0,0,0
2020-04-20 12:15,96,51,45,0,0,0
2020-04-20 12:30,102,52,50,0,0,0
2020-04-20 12:45,77,31,46,0,0,0
2020-04-20 13:00,108,59,49,0,0,0
2020-04-20 13:15,82,42,40,0,0,0
2020-04-20 13:30,67,35,32,0,0,0
2020-04-20 13:45,109,61,48,0,0,0
2020-04-20 14:00,81,51,30,0,0,0
2020-04-20 14:15,85,50,35,0,0,0
2020-04-20 14:30,112,59,53,0,0,0
2020-04-20 14:45,85,36,49,0,0,0
2020-04-20 15:00,79,41,38,0,0,0
2020-04-20 15:15,92,53,39,0,0,0
2020-04-20 15:30,107,52,55,0,0,0
2020-04-20 15:45,105,49,56,0,0,0
2020-04-20 16:00,118,61,57,0,0,0
2020-04-20 16:15,104,51,53,0,0,0
2020-04-20 16:30,111,45,66,0,0,0
2020-04-20 16:45,107,55,52,0,0,0
2020-04-20 17:00,109,56,53,0,0,0
2020-04-20 17:15,118,59,59,0,0,0
2020-04-20 17:30,109,48,61,0,0,0
2020-04-20 17:45,121,48,73,0,0,0
2020-04-20 18:00,109,50,59,0,0,0
2020-04-20 18:15,76,29,47,0,0,0
2020-04-20 18:30,94,49,45,0,0,0
2020-04-20 18:45,73,33,40,0,0,0
2020-04-20 19:00,64,29,35,0,0,0
2020-04-20 19:15,71,22,49,0,0,0
2020-04-20 19:30,58,32,26,0,0,0
2020-04-20 19:45,57,23,34,0,0,0
2020-04-20 20:00,48,14,34,0,0,0
2020-04-20 20:15,44,16,28,0,0,0
2020-04-20 20:30,31,16,15,0,0,0
2020-04-20 20:45,29,5,24,0,0,0
2020-04-20 21:00,36,21,15,0,0,0
2020-04-20 21:15,28,13,15,0,0,0
2020-04-20 21:30,25,13,12,0,0,0
2020-04-20 21:45,25,12,13,0,0,0
2020-04-20 22:00,12,6,6,0,0,0
2020-04-20 22:15,15,8,7,0,0,0
2020-04-20 22:30,16,6,10,0,0,0
2020-04-20 22:45,17,4,13,0,0,0
2020-04-20 23:00,13,7,6,0,0,0
2020-04-20 23:15,16,5,11,0,0,0
2020-04-20 23:30,13,3,10,0,0,0
2020-04-20 23:45,9,4,5,0,0,0
2020-04-21 00:00,5,2,3,0,0,0
2020-04-21 00:15,7,3,4,0,0,0
2020-04-21 00:30,3,0,3,0,0,0
2020-04-21 00:45,3,2,1,0,0,0
2020-04-21 01:00,4,2,2,0,0,0
2020-04-21 01:15,1,1,0,0,0,0
2020-04-21 01:30,2,0,2,0,0,0
2020-04-21 01:45,4,0,4,0,0,0
2020-04-21 02:00,1,1,0,0,0,0
2020-04-21 02:15,0,0,0,0,0,0
2020-04-21 02:30,0,0,0,0,0,0
2020-04-21 02:45,2,0,2,0,0,0
2020-04-21 03:00,2,0,2,0,0,0
2020-04-21 03:15,1,1,0,0,0,0
2020-04-21 03:30,1,0,1,0,0,0
2020-04-21 03:45,0,0,0,0,0,0
2020-04-21 04:00,3,1,2,0,0,0
2020-04-21 04:15,2,0,2,0,0,0
2020-04-21 04:30,1,0,1,0,0,0
2020-04-21 04:45,6,1,5,0,0,0
2020-04-21 05:00,1,1,0,0,0,0
2020-04-21 05:15,5,3,2,0,0,0
2020-04-21 05:30,6,5,1,0,0,0
2020-04-21 05:45,16,5,11,0,0,0
2020-04-21 06:00,24,7,17,0,0,0
2020-04-21 06:15,23,10,13,0,0,0
2020-04-21 06:30,25,9,16,0,0,0
2020-04-21 06:45,62,33,29,0,0,0
2020-04-21 07:00,58,24,34,0,0,0
2020-04-21 07:15,67,34,33,0,0,0
2020-04-21 07:30,85,44,41,0,0,0
2020-04-21 07:45,100,57,43,0,0,0
2020-04-21 08:00,67,31,36,0,0,0
2020-04-21 08:15,91,44,47,0,0,0
2020-04-21 08:30,88,40,48,0,0,0
2020-04-21 08:45,77,37,40,0,0,0
2020-04-21 09:00,45,15,30,0,0,0
2020-04-21 09:15,54,22,32,0,0,0
2020-04-21 09:30,62,30,32,0,0,0
2020-04-21 09:45,69,30,39,0,0,0
2020-04-21 10:00,69,37,32,0,0,0
2020-04-21 10:15,76,31,45,0,0,0
2020-04-21 10:30,64,31,33,0,0,0
2020-04-21 10:45,81,40,41,0,0,0
2020-04-21 11:00,64,26,38,0,0,0
2020-04-21 11:15,71,28,43,0,0,0
2020-04-21 11:30,63,34,29,0,0,0
2020-04-21 11:45,72,28,44,0,0,0
2020-04-21 12:00,68,22,46,0,0,0
2020-04-21 12:15,90,42,48,0,0,0
2020-04-21 12:30,72,41,31,0,0,0
2020-04-21 12:45,70,31,39,0,0,0
2020-04-21 13:00,83,34,49,0,0,0
2020-04-21 13:15,92,44,48,0,0,0
2020-04-21 13:30,77,37,40,0,0,0
2020-04-21 13:45,89,46,43,0,0,0
2020-04-21 14:00,77,45,32,0,0,0
2020-04-21 14:15,94,55,39,0,0,0
2020-04-21 14:30,66,37,29,0,0,0
2020-04-21 14:45,71,36,35,0,0,0
2020-04-21 15:00,85,39,46,0,0,0
2020-04-21 15:15,96,53,43,0,0,0
2020-04-21 15:30,73,40,33,0,0,0
2020-04-21 15:45,108,61,47,0,0,0
2020-04-21 16:00,104,59,45,0,0,0
2020-04-21 16:15,110,48,62,0,0,0
2020-04-21 16:30,117,58,59,0,0,0
2020-04-21 16:45,97,48,49,0,0,0
2020-04-21 17:00,114,41,73,0,0,0
2020-04-21 17:15,126,59,67,0,0,0
2020-04-21 17:30,101,56,45,0,0,0
2020-04-21 17:45,96,47,49,0,0,0
2020-04-21 18:00,110,51,59,0,0,0
2020-04-21 18:15,97,50,47,0,0,0
2020-04-21 18:30,91,50,41,0,0,0
2020-04-21 18:45,73,40,33,0,0,0
2020-04-21 19:00,82,45,37,0,0,0
2020-04-21 19:15,71,36,35,0,0,0
2020-04-21 19:30,56,24,32,0,0,0
2020-04-21 19:45,65,32,33,0,0,0
2020-04-21 20:00,57,19,38,0,0,0
2020-04-21 20:15,44,10,34,0,0,0
2020-04-21 20:30,30,13,17,0,0,0
2020-04-21 20:45,27,15,12,0,0,0
2020-04-21 21:00,40,26,14,0,0,0
2020-04-21 21:15,30,18,12,0,0,0
2020-04-21 21:30,26,10,16,0,0,0
2020-04-21 21:45,15,6,9,0,0,0
2020-04-21 22:00,14,2,12,0,0,0
2020-04-21 22:15,21,10,11,0,0,0
2020-04-21 22:30,11,4,7,0,0,0
2020-04-21 22:45,9,1,8,0,0,0
2020-04-21 23:00,17,4,13,0,0,0
2020-04-21 23:15,13,5,8,0,0,0
2020-04-21 23:30,11,7,4,0,0,0
2020-04-21 23:45,12,4,8,0,0,0
2020-04-22 00:00,5,0,5,0,0,0
2020-04-22 00:15,5,3,2,0,0,0
2020-04-22 00:30,3,3,0,0,0,0
2020-04-22 00:45,5,2,3,0,0,0
2020-04-22 01:00,3,2,1,0,0,0
2020-04-22 01:15,4,2,2,0,0,0
2020-04-22 01:30,4,2,2,0,0,0
2020-04-22 01:45,2,0,2,0,0,0
2020-04-22 02:00,0,0,0,0,0,0
2020-04-22 02:15,1,1,0,0,0,0
2020-04-22 02:30,0,0,0,0,0,0
2020-04-22 02:45,2,1,1,0,0,0
2020-04-22 03:00,1,0,1,0,0,0
2020-04-22 03:15,1,0,1,0,0,0
2020-04-22 03:30,0,0,0,0,0,0
2020-04-22 03:45,1,0,1,0,0,0
2020-04-22 04:00,2,1,1,0,0,0
2020-04-22 04:15,4,1,3,0,0,0
2020-04-22 04:30,6,1,5,0,0,0
2020-04-22 04:45,6,1,5,0,0,0
2020-04-22 05:00,4,1,3,0,0,0
2020-04-22 05:15,8,3,5,0,0,0
2020-04-22 05:30,19,6,13,0,0,0
2020-04-22 05:45,20,8,12,0,0,0
2020-04-22 06:00,29,11,18,0,0,0
2020-04-22 06:15,33,14,19,0,0,0
2020-04-22 06:30,43,12,31,0,0,0
2020-04-22 06:45,52,30,22,0,0,0
2020-04-22 07:00,55,34,21,0,0,0
2020-04-22 07:15,79,39,40,0,0,0
2020-04-22 07:30,89,45,44,0,0,0
2020-04-22 07:45,91,51,40,0,0,0
2020-04-22 08:00,70,35,35,0,0,0
2020-04-22 08:15,81,46,35,0,0,0
2020-04-22 08:30,106,55,51,0,0,0
2020-04-22 08:45,71,34,37,0,0,0
2020-04-22 09:00,83,26,57,0,0,0
2020-04-22 09:15,69,32,37,0,0,0
2020-04-22 09:30,48,19,29,0,0,0
2020-04-22 09:45,66,33,33,0,0,0
2020-04-22 10:00,61,32,29,0,0,0
2020-04-22 10:15,57,24,33,0,0,0
2020-04-22 10:30,42,21,21,0,0,0
2020-04-22 10:45,73,28,45,0,0,0
2020-04-22 11:00,75,36,39,0,0,0
2020-04-22 11:15,70,31,39,0,0,0
2020-04-22 11:30,86,46,40,0,0,0
2020-04-22 11:45,103,49,54,0,0,0
2020-04-22 12:00,105,49,56,0,0,0
2020-04-22 12:15,101,38,63,0,0,0
2020-04-22 12:30,89,43,46,0,0,0
2020-04-22 12:45,86,43,43,0,0,0
2020-04-22 13:00,110,54,56,0,0,0
2020-04-22 13:15,74,28,46,0,0,0
2020-04-22 13:30,93,42,51,0,0,0
2020-04-22 13:45,104,58,46,0,0,0
2020-04-22 14:00,114,41,73,0,0,0
2020-04-22 14:15,105,50,55,0,0,0
2020-04-22 14:30,94,44,50,0,0,0
2020-04-22 14:45,92,40,52,0,0,0
2020-04-22 15:00,106,59,47,0,0,0
2020-04-22 15:15,86,36,50,0,0,0
2020-04-22 15:30,86,54,32,0,0,0
2020-04-22 15:45,113,51,62,0,0,0
2020-04-22 16:00,128,67,61,0,0,0
2020-04-22 16:15,113,56,57,0,0,0
2020-04-22 16:30,129,68,61,0,0,0
2020-04-22 16:45,135,58,77,0,0,0
2020-04-22 17:00,162,61,101,0,0,0
2020-04-22 17:15,126,48,78,0,0,0
2020-04-22 17:30,106,49,57,0,0,0
2020-04-22 17:45,125,52,73,0,0,0
2020-04-22 18:00,134,72,62,0,0,0
2020-04-22 18:15,87,43,44,0,0,0
2020-04-22 18:30,91,37,54,0,0,0
2020-04-22 18:45,78,33,45,0,0,0
2020-04-22 19:00,84,49,35,0,0,0
2020-04-22 19:15,80,38,42,0,0,0
2020-04-22 19:30,59,32,27,0,0,0
2020-04-22 19:45,69,24,45,0,0,0
2020-04-22 20:00,54,21,33,0,0,0
2020-04-22 20:15,52,15,37,0,0,0
2020-04-22 20:30,45,20,25,0,0,0
2020-04-22 20:45,37,16,21,0,0,0
2020-04-22 21:00,41,16,25,0,0,0
2020-04-22 21:15,35,18,17,0,0,0
2020-04-22 21:30,20,9,11,0,0,0
2020-04-22 21:45,28,15,13,0,0,0
2020-04-22 22:00,14,8,6,0,0,0
2020-04-22 22:15,20,9,11,0,0,0
2020-04-22 22:30,13,7,6,0,0,0
2020-04-22 22:45,21,7,14,0,0,0
2020-04-22 23:00,13,3,10,0,0,0
2020-04-22 23:15,17,5,12,0,0,0
2020-04-22 23:30,18,10,8,0,0,0
2020-04-22 23:45,10,5,5,0,0,0
2020-04-23 00:00,10,4,6,0,0,0
2020-04-23 00:15,5,4,1,0,0,0
2020-04-23 00:30,7,2,5,0,0,0
2020-04-23 00:45,4,2,2,0,0,0
2020-04-23 01:00,5,1,4,0,0,0
2020-04-23 01:15,1,0,1,0,0,0
2020-04-23 01:30,5,5,0,0,0,0
2020-04-23 01:45,2,1,1,0,0,0
2020-04-23 02:00,1,1,0,0,0,0
2020-04-23 02:15,1,0,1,0,0,0
2020-04-23 02:30,1,1,0,0,0,0
2020-04-23 02:45,1,0,1,0,0,0
2020-04-23 03:00,0,0,0,0,0,0
2020-04-23 03:15,2,2,0,0,0,0
2020-04-23 03:30,0,0,0,0,0,0
2020-04-23 03:45,2,0,2,0,0,0
2020-04-23 04:00,1,1,0,0,0,0
2020-04-23 04:15,2,1,1,0,0,0
2020-04-23 04:30,9,0,9,0,0,0
2020-04-23 04:45,6,1,5,0,0,0
2020-04-23 05:00,5,1,4,0,0,0
2020-04-23 05:15,9,3,6,0,0,0
2020-04-23 05:30,21,5,16,0,0,0
2020-04-23 05:45,16,8,8,0,0,0
2020-04-23 06:00,28,8,20,0,0,0
2020-04-23 06:15,26,6,20,0,0,0
2020-04-23 06:30,43,19,24,0,0,0
2020-04-23 06:45,69,38,31,0,0,0
2020-04-23 07:00,45,24,21,0,0,0
2020-04-23 07:15,74,33,41,0,0,0
2020-04-23 07:30,100,57,43,0,0,0
2020-04-23 07:45,98,58,40,0,0,0
2020-04-23 08:00,64,22,42,0,0,0
2020-04-23 08:15,44,28,16,0,0,0
2020-04-23 08:30,51,30,21,0,0,0
2020-04-23 08:45,43,30,13,0,0,0
2020-04-23 09:00,38,23,15,0,0,0
2020-04-23 09:15,22,8,14,0,0,0
2020-04-23 09:30,23,13,10,0,0,0
2020-04-23 09:45,24,14,10,0,0,0
2020-04-23 10:00,16,7,9,0,0,0
2020-04-23 10:15,31,20,11,0,0,0
2020-04-23 10:30,15,11,4,0,0,0
2020-04-23 10:45,26,13,13,0,0,0
2020-04-23 11:00,28,17,11,0,0,0
2020-04-23 11:15,41,25,16,0,0,0
2020-04-23 11:30,45,23,22,0,0,0
2020-04-23 11:45,36,19,17,0,0,0
2020-04-23 12:00,69,27,42,0,0,0
2020-04-23 12:15,77,46,31,0,0,0
2020-04-23 12:30,77,38,39,0,0,0
2020-04-23 12:45,82,48,34,0,0,0
2020-04-23 13:00,84,49,35,0,0,0
2020-04-23 13:15,92,44,48,0,0,0
2020-04-23 13:30,99,50,49,0,0,0
2020-04-23 13:45,94,43,51,0,0,0
2020-04-23 14:00,96,50,46,0,0,0
2020-04-23 14:15,123,62,61,0,0,0
2020-04-23 14:30,87,41,46,0,0,0
2020-04-23 14:45,100,52,48,0,0,0
2020-04-23 15:00,92,48,44,0,0,0
2020-04-23 15:15,95,44,51,0,0,0
2020-04-23 15:30,122,69,53,0,0,0
2020-04-23 15:45,113,57,56,0,0,0
2020-04-23 16:00,103,46,57,0,0,0
2020-04-23 16:15,118,59,59,0,0,0
2020-04-23 16:30,151,79,72,0,0,0
2020-04-23 16:45,143,58,85,0,0,0
2020-04-23 17:00,129,62,67,0,0,0
2020-04-23 17:15,129,64,65,0,0,0
2020-04-23 17:30,123,64,59,0,0,0
2020-04-23 17:45,112,49,63,0,0,0
2020-04-23 18:00,111,62,49,0,0,0
2020-04-23 18:15,102,54,48,0,0,0
2020-04-23 18:30,80,31,49,0,0,0
2020-04-23 18:45,87,48,39,0,0,0
2020-04-23 19:00,86,39,47,0,0,0
2020-04-23 19:15,67,28,39,0,0,0
2020-04-23 19:30,75,34,41,0,0,0
2020-04-23 19:45,80,36,44,0,0,0
2020-04-23 20:00,54,23,31,0,0,0
2020-04-23 20:15,58,30,28,0,0,0
2020-04-23 20:30,52,29,23,0,0,0
2020-04-23 20:45,53,28,25,0,0,0
2020-04-23 21:00,42,13,29,0,0,0
2020-04-23 21:15,39,17,22,0,0,0
2020-04-23 21:30,27,8,19,0,0,0
2020-04-23 21:45,26,14,12,0,0,0
2020-04-23 22:00,11,7,4,0,0,0
2020-04-23 22:15,31,10,21,0,0,0
2020-04-23 22:30,27,11,16,0,0,0
2020-04-23 22:45,23,11,12,0,0,0
2020-04-23 23:00,15,4,11,0,0,0
2020-04-23 23:15,17,6,11,0,0,0
2020-04-23 23:30,12,5,7,0,0,0
2020-04-23 23:45,9,1,8,0,0,0
2020-04-24 00:00,5,2,3,4,4,4
2020-04-24 00:15,6,3,3,4,4,4
2020-04-24 00:30,4,2,2,4,4,4
2020-04-24 00:45,3,1,2,4,4,4
2020-04-24 01:00,5,2,3,4,4,4
2020-04-24 01:15,3,2,1,4,4,4
2020-04-24 01:30,2,1,1,4,4,4
2020-04-24 01:45,2,1,1,4,4,4
2020-04-24 02:00,2,1,1,4,4,4
2020-04-24 02:15,1,1,0,4,4,4
2020-04-24 02:30,2,1,1,4,4,4
2020-04-24 02:45,1,0,1,4,4,4
2020-04-24 03:00,1,0,1,4,4,4
2020-04-24 03:15,0,0,0,4,4,4
2020-04-24 03:30,1,1,0,4,4,4
2020-04-24 03:45,2,1,1,4,4,4
2020-04-24 04:00,2,1,1,4,4,4
2020-04-24 04:15,0,0,0,4,4,4
2020-04-24 04:30,1,0,1,4,4,4
2020-04-24 04:45,5,1,4,4,4,4
2020-04-24 05:00,3,0,3,4,4,4
2020-04-24 05:15,8,1,7,4,4,4
2020-04-24 05:30,12,7,5,4,4,4
2020-04-24 05:45,17,7,10,4,4,4
2020-04-24 06:00,12,4,8,4,4,4
2020-04-24 06:15,23,9,14,4,4,4
2020-04-24 06:30,21,7,14,4,4,4
2020-04-24 06:45,30,17,13,4,4,4
2020-04-24 07:00,36,16,20,4,4,4
2020-04-24 07:15,38,17,21,4,4,4
2020-04-24 07:30,48,26,22,4,4,4
2020-04-24 07:45,63,33,30,4,4,4
2020-04-24 08:00,38,17,21,4,4,4
2020-04-24 08:15,52,26,26,4,4,4
2020-04-24 08:30,46,24,22,4,4,4
2020-04-24 08:45,53,25,28,4,4,4
2020-04-24 09:00,38,13,25,4,4,4
2020-04-24 09:15,34,15,19,4,4,4
2020-04-24 09:30,42,19,23,4,4,4
2020-04-24 09:45,45,23,22,4,4,4
2020-04-24 10:00,43,23,20,4,4,4
2020-04-24 10:15,42,19,23,4,4,4
2020-04-24 10:30,45,20,25,4,4,4
2020-04-24 10:45,48,23,25,4,4,4
2020-04-24 11:00,46,18,28,4,4,4
2020-04-24 11:15,51,23,28,4,4,4
2020-04-24 11:30,53,25,28,4,4,4
2020-04-24 11:45,52,25,27,4,4,4
2020-04-24 12:00,65,32,33,4,4,4
2020-04-24 12:15,66,28,38,4,4,4
2020-04-24 12:30,63,34,29,4,4,4
2020-04-24 12:45,72,35,37,4,4,4
2020-04-24 13:00,78,36,42,4,4,4
2020-04-24 13:15,73,37,36,4,4,4
2020-04-24 13:30,67,34,33,4,4,4
2020-04-24 13:45,77,39,38,4,4,4
2020-04-24 14:00,64,28,36,4,4,4
2020-04-24 14:15,75,37,38,4,4,4
2020-04-24 14:30,66,33,33,4,4,4
2020-04-24 14:45,65,28,37,4,4,4
2020-04-24 15:00,69,35,34,4,4,4
2020-04-24 15:15,73,31,42,4,4,4
2020-04-24 15:30,72,35,37,4,4,4
2020-04-24 15:45,71,32,39,4,4,4
2020-04-24 16:00,81,39,42,4,4,4
2020-04-24 16:15,67,36,31,4,4,4
2020-04-24 16:30,73,33,40,4,4,4
2020-04-24 16:45,70,32,38,4,4,4
2020-04-24 17:00,69,33,36,4,4,4
2020-04-24 17:15,69,31,38,4,4,4
2020-04-24 17:30,61,25,36,4,4,4
2020-04-24 17:45,67,31,36,4,4,4
2020-04-24 18:00,61,28,33,4,4,4
2020-04-24 18:15,66,32,34,4,4,4
2020-04-24 18:30,56,25,31,4,4,4
2020-04-24 18:45,59,26,33,4,4,4
2020-04-24 19:00,52,23,29,4,4,4
2020-04-24 19:15,44,18,26,4,4,4
2020-04-24 19:30,39,18,21,4,4,4
2020-04-24 19:45,40,17,23,4,4,4
2020-04-24 20:00,41,18,23,4,4,4
2020-04-24 20:15,42,16,26,4,4,4
2020-04-24 20:30,28,14,14,4,4,4
2020-04-24 20:45,26,11,15,4,4,4
2020-04-24 21:00,21,11,10,4,4,4
2020-04-24 21:15,23,10,13,4,4,4
2020-04-24 21:30,19,10,9,4,4,4
2020-04-24 21:45,14,6,8,4,4,4
2020-04-24 22:00,15,5,10,4,4,4
2020-04-24 22:15,14,6,8,4,4,4
2020-04-24 22:30,15,7,8,4,4,4
2020-04-24 22:45,14,5,9,4,4,4
2020-04-24 23:00,11,3,8,4,4,4
2020-04-24 23:15,8,2,6,4,4,4
2020-04-24 23:30,6,3,3,4,4,4
2020-04-24 23:45,10,4,6,4,4,4
2020-04-25 00:00,9,4,5,4,4,4
2020-04-25 00:15,6,3,3,4,4,4
2020-04-25 00:30,6,4,2,4,4,4
2020-04-25 00:45,5,2,3,4,4,4
2020-04-25 01:00,6,3,3,4,4,4
2020-04-25 01:15,4,2,2,4,4,4
2020-04-25 01:30,3,1,2,4,4,4
2020-04-25 01:45,3,2,1,4,4,4
2020-04-25 02:00,2,1,1,4,4,4
2020-04-25 02:15,1,0,1,4,4,4
2020-04-25 02:30,3,2,1,4,4,4
2020-04-25 02:45,3,1,2,4,4,4
2020-04-25 03:00,1,1,0,4,4,4
2020-04-25 03:15,2,1,1,4,4,4
2020-04-25 03:30,1,0,1,4,4,4
2020-04-25 03:45,3,1,2,4,4,4
2020-04-25 04:00,1,0,1,4,4,4
2020-04-25 04:15,1,0,1,4,4,4
2020-04-25 04:30,3,1,2,4,4,4
2020-04-25 04:45,3,1,2,4,4,4
2020-04-25 05:00,2,1,1,4,4,4
2020-04-25 05:15,6,2,4,4,4,4
2020-04-25 05:30,6,2,4,4,4,4
2020-04-25 05:45,7,2,5,4,4,4
2020-04-25 06:00,8,3,5,4,4,4
2020-04-25 06:15,4,1,3,4,4,4
2020-04-25 06:30,10,2,8,4,4,4
2020-04-25 06:45,7,1,6,4,4,4
2020-04-25 07:00,10,7,3,4,4,4
2020-04-25 07:15,11,4,7,4,4,4
2020-04-25 07:30,16,6,10,4,4,4
2020-04-25 07:45,14,8,6,4,4,4
2020-04-25 08:00,17,7,10,4,4,4
2020-04-25 08:15,17,8,9,4,4,4
2020-04-25 08:30,21,11,10,4,4,4
2020-04-25 08:45,28,14,14,4,4,4
2020-04-25 09:00,22,11,11,4,4,4
2020-04-25 09:15,29,11,18,4,4,4
2020-04-25 09:30,29,13,16,4,4,4
2020-04-25 09:45,36,16,20,4,4,4
2020-04-25 10:00,34,19,15,4,4,4
2020-04-25 10:15,40,20,20,4,4,4
2020-04-25 10:30,45,22,23,4,4,4
2020-04-25 10:45,42,21,21,4,4,4
2020-04-25 11:00,45,25,20,4,4,4
2020-04-25 11:15,54,27,27,4,4,4
2020-04-25 11:30,47,25,22,4,4,4
2020-04-25 11:45,59,27,32,4,4,4
2020-04-25 12:00,52,26,26,4,4,4
2020-04-25 12:15,59,26,33,4,4,4
2020-04-25 12:30,68,34,34,4,4,4
2020-04-25 12:45,61,30,31,4,4,4
2020-04-25 13:00,64,31,33,4,4,4
2020-04-25 13:15,61,28,33,4,4,4
2020-04-25 13:30,68,35,33,4,4,4
2020-04-25 13:45,64,29,35,4,4,4
2020-04-25 14:00,62,34,28,4,4,4
2020-04-25 14:15,71,41,30,4,4,4
2020-04-25 14:30,75,39,36,4,4,4
2020-04-25 14:45,69,38,31,4,4,4
2020-04-25 15:00,57,33,24,4,4,4
2020-04-25 15:15,78,37,41,4,4,4
2020-04-25 15:30,58,28,30,4,4,4
2020-04-25 15:45,68,33,35,4,4,4
2020-04-25 16:00,62,31,31,4,4,4
2020-04-25 16:15,61,31,30,4,4,4
2020-04-25 16:30,65,30,35,4,4,4
2020-04-25 16:45,62,27,35,4,4,4
2020-04-25 17:00,70,29,41,4,4,4
2020-04-25 17:15,62,25,37,4,4,4
2020-04-25 17:30,60,29,31,4,4,4
2020-04-25 17:45,56,24,32,4,4,4
2020-04-25 18:00,51,22,29,4,4,4
2020-04-25 18:15,51,27,24,4,4,4
2020-04-25 18:30,44,16,28,4,4,4
2020-04-25 18:45,45,22,23,4,4,4
2020-04-25 19:00,41,19,22,4,4,4
2020-04-25 19:15,39,16,23,4,4,4
2020-04-25 19:30,35,17,18,4,4,4
2020-04-25 19:45,33,13,20,4,4,4
2020-04-25 20:00,36,15,21,4,4,4
2020-04-25 20:15,29,14,15,4,4,4
2020-04-25 20:30,30,14,16,4,4,4
2020-04-25 20:45,17,7,10,4,4,4
2020-04-25 21:00,18,10,8,4,4,4
2020-04-25 21:15,19,7,12,4,4,4
2020-04-25 21:30,17,8,9,4,4,4
2020-04-25 21:45,20,8,12,4,4,4
2020-04-25 22:00,14,5,9,4,4,4
2020-04-25 22:15,14,6,8,4,4,4
2020-04-25 22:30,12,3,9,4,4,4
2020-04-25 22:45,9,4,5,4,4,4
2020-04-25 23:00,13,4,9,4,4,4
2020-04-25 23:15,11,4,7,4,4,4
2020-04-25 23:30,9,3,6,4,4,4
2020-04-25 23:45,8,2,6,4,4,4
2020-04-26 00:00,9,5,4,4,4,4
2020-04-26 00:15,7,2,5,4,4,4
2020-04-26 00:30,9,4,5,4,4,4
2020-04-26 00:45,3,1,2,4,4,4
2020-04-26 01:00,6,2,4,4,4,4
2020-04-26 01:15,3,1,2,4,4,4
2020-04-26 01:30,4,2,2,4,4,4
2020-04-26 01:45,4,2,2,4,4,4
2020-04-26 02:00,4,1,3,4,4,4
2020-04-26 02:15,1,0,1,4,4,4
2020-04-26 02:30,2,1,1,4,4,4
2020-04-26 02:45,1,0,1,4,4,4
2020-04-26 03:00,3,1,2,4,4,4
2020-04-26 03:15,2,1,1,4,4,4
2020-04-26 03:30,1,1,0,4,4,4
2020-04-26 03:45,3,2,1,4,4,4
2020-04-26 04:00,1,1,0,4,4,4
2020-04-26 04:15,2,1,1,4,4,4
2020-04-26 04:30,1,0,1,4,4,4
2020-04-26 04:45,3,1,2,4,4,4
2020-04-26 05:00,0,0,0,4,4,4
2020-04-26 05:15,1,1,0,4,4,4
2020-04-26 05:30,6,2,4,4,4,4
2020-04-26 05:45,3,2,1,4,4,4
2020-04-26 06:00,3,1,2,4,4,4
2020-04-26 06:15,3,1,2,4,4,4
2020-04-26 06:30,4,1,3,4,4,4
2020-04-26 06:45,2,0,2,4,4,4
2020-04-26 07:00,3,2,1,4,4,4
2020-04-26 07:15,4,1,3,4,4,4
2020-04-26 07:30,6,3,3,4,4,4
2020-04-26 07:45,4,1,3,4,4,4
2020-04-26 08:00,4,2,2,4,4,4
2020-04-26 08:15,5,1,4,4,4,4
2020-04-26 08:30,5,1,4,4,4,4
2020-04-26 08:45,7,3,4,4,4,4
2020-04-26 09:00,6,3,3,4,4,4
2020-04-26 09:15,10,4,6,4,4,4
2020-04-26 09:30,14,9,5,4,4,4
2020-04-26 09:45,15,6,9,4,4,4
2020-04-26 10:00,16,7,9,4,4,4
2020-04-26 10:15,20,11,9,4,4,4
2020-04-26 10:30,16,8,8,4,4,4
2020-04-26 10:45,20,12,8,4,4,4
2020-04-26 11:00,24,11,13,4,4,4
2020-04-26 11:15,22,12,10,4,4,4
2020-04-26 11:30,28,13,15,4,4,4
2020-04-26 11:45,31,19,12,4,4,4
2020-04-26 12:00,31,14,17,4,4,4
2020-04-26 12:15,36,18,18,4,4,4
2020-04-26 12:30,37,18,19,4,4,4
2020-04-26 12:45,39,21,18,4,4,4
2020-04-26 13:00,45,26,19,4,4,4
2020-04-26 13:15,42,20,22,4,4,4
2020-04-26 13:30,49,25,24,4,4,4
2020-04-26 13:45,50,22,28,4,4,4
2020-04-26 14:00,48,28,20,4,4,4
2020-04-26 14:15,58,24,34,4,4,4
2020-04-26 14:30,50,24,26,4,4,4
2020-04-26 14:45,53,24,29,4,4,4
2020-04-26 15:00,56,25,31,4,4,4
2020-04-26 15:15,52,25,27,4,4,4
2020-04-26 15:30,50,21,29,4,4,4
2020-04-26 15:45,50,21,29,4,4,4
2020-04-26 16:00,63,28,35,4,4,4
2020-04-26 16:15,59,28,31,4,4,4
2020-04-26 16:30,48,25,23,4,4,4
2020-04-26 16:45,54,23,31,4,4,4
2020-04-26 17:00,53,26,27,4,4,4
2020-04-26 17:15,50,18,32,4,4,4
2020-04-26 17:30,44,19,25,4,4,4
2020-04-26 17:45,49,22,27,4,4,4
2020-04-26 18:00,49,19,30,4,4,4
2020-04-26 18:15,55,31,24,4,4,4
2020-04-26 18:30,46,22,24,4,4,4
2020-04-26 18:45,46,21,25,4,4,4
2020-04-26 19:00,45,20,25,4,4,4
2020-04-26 19:15,37,15,22,4,4,4
2020-04-26 19:30,40,19,21,4,4,4
2020-04-26 19:45,35,19,16,4,4,4
2020-04-26 20:00,34,13,21,4,4,4
2020-04-26 20:15,27,10,17,4,4,4
2020-04-26 20:30,25,11,14,4,4,4
2020-04-26 20:45,27,15,12,4,4,4
2020-04-26 21:00,26,10,16,4,4,4
2020-04-26 21:15,17,7,10,4,4,4
2020-04-26 21:30,18,8,10,4,4,4
2020-04-26 21:45,15,7,8,4,4,4
2020-04-26 22:00,13,6,7,4,4,4
2020-04-26 22:15,9,6,3,4,4,4
2020-04-26 22:30,10,4,6,4,4,4
2020-04-26 22:45,11,7,4,4,4,4
2020-04-26 23:00,7,2,5,4,4,4
2020-04-26 23:15,8,3,5,4,4,4
2020-04-26 23:30,7,3,4,4,4,4
2020-04-26 23:45,5,3,2,4,4,4
2020-04-27 00:00,4,1,3,4,4,4
2020-04-27 00:15,5,2,3,4,4,4
2020-04-27 00:30,3,2,1,4,4,4
2020-04-27 00:45,1,0,1,4,4,4
2020-04-27 01:00,4,2,2,4,4,4
2020-04-27 01:15,2,1,1,4,4,4
2020-04-27 01:30,2,1,1,4,4,4
2020-04-27 01:45,0,0,0,4,4,4
2020-04-27 02:00,1,0,1,4,4,4
2020-04-27 02:15,2,1,1,4,4,4
2020-04-27 02:30,2,1,1,4,4,4
2020-04-27 02:45,0,0,0,4,4,4
2020-04-27 03:00,1,0,1,4,4,4
2020-04-27 03:15,1,0,1,4,4,4
2020-04-27 03:30,1,0,1,4,4,4
2020-04-27 03:45,2,1,1,4,4,4
2020-04-27 04:00,2,0,2,4,4,4
2020-04-27 04:15,2,1,1,4,4,4
2020-04-27 04:30,2,0,2,4,4,4
2020-04-27 04:45,4,1,3,4,4,4
2020-04-27 05:00,3,1,2,4,4,4
2020-04-27 05:15,7,3,4,4,4,4
2020-04-27 05:30,13,5,8,4,4,4
2020-04-27 05:45,11,5,6,4,4,4
2020-04-27 06:00,19,7,12,4,4,4
2020-04-27 06:15,18,8,10,4,4,4
2020-04-27 06:30,28,11,17,4,4,4
2020-04-27 06:45,42,21,21,4,4,4
2020-04-27 07:00,35,16,19,4,4,4
2020-04-27 07:15,40,18,22,4,4,4
2020-04-27 07:30,58,27,31,4,4,4
2020-04-27 07:45,58,33,25,4,4,4
2020-04-27 08:00,47,25,22,4,4,4
2020-04-27 08:15,62,35,27,4,4,4
2020-04-27 08:30,49,23,26,4,4,4
2020-04-27 08:45,49,25,24,4,4,4
2020-04-27 09:00,44,20,24,4,4,4
2020-04-27 09:15,37,18,19,4,4,4
2020-04-27 09:30,43,17,26,4,4,4
2020-04-27 09:45,43,20,23,4,4,4
2020-04-27 10:00,45,21,24,4,4,4
2020-04-27 10:15,41,19,22,4,4,4
2020-04-27 10:30,44,21,23,4,4,4
2020-04-27 10:45,51,24,27,4,4,4
2020-04-27 11:00,48,25,23,4,4,4
2020-04-27 11:15,49,25,24,4,4,4
2020-04-27 11:30,54,29,25,4,4,4
2020-04-27 11:45,59,29,30,4,4,4
2020-04-27 12:00,57,27,30,4,4,4
2020-04-27 12:15,66,32,34,4,4,4
2020-04-27 12:30,73,37,36,4,4,4
2020-04-27 12:45,59,25,34,4,4,4
2020-04-27 13:00,74,40,34,4,4,4
2020-04-27 13:15,71,37,34,4,4,4
2020-04-27 13:30,62,31,31,4,4,4
2020-04-27 13:45,71,39,32,4,4,4
2020-04-27 14:00,67,32,35,4,4,4
2020-04-27 14:15,62,34,28,4,4,4
2020-04-27 14:30,70,35,35,4,4,4
2020-04-27 14:45,66,33,33,4,4,4
2020-04-27 15:00,63,29,34,4,4,4
2020-04-27 15:15,78,41,37,4,4,4
2020-04-27 15:30,70,33,37,4,4,4
2020-04-27 15:45,79,37,42,4,4,4
2020-04-27 16:00,80,38,42,4,4,4
2020-04-27 16:15,80,34,46,4,4,4
2020-04-27 16:30,78,34,44,4,4,4
2020-04-27 16:45,89,41,48,4,4,4
2020-04-27 17:00,86,41,45,4,4,4
2020-04-27 17:15,87,40,47,4,4,4
2020-04-27 17:30,83,40,43,4,4,4
2020-04-27 17:45,80,33,47,4,4,4
2020-04-27 18:00,75,35,40,4,4,4
2020-04-27 18:15,59,25,34,4,4,4
2020-04-27 18:30,67,32,35,4,4,4
2020-04-27 18:45,54,28,26,4,4,4
2020-04-27 19:00,49,21,28,4,4,4
2020-04-27 19:15,52,19,33,4,4,4
2020-04-27 19:30,46,23,23,4,4,4
2020-04-27 19:45,42,20,22,4,4,4
2020-04-27 20:00,34,14,20,4,4,4
2020-04-27 20:15,28,13,15,4,4,4
2020-04-27 20:30,29,12,17,4,4,4
2020-04-27 20:45,25,9,16,4,4,4
2020-04-27 21:00,25,13,12,4,4,4
2020-04-27 21:15,21,10,11,4,4,4
2020-04-27 21:30,17,8,9,4,4,4
2020-04-27 21:45,15,7,8,4,4,4
2020-04-27 22:00,12,5,7,4,4,4
2020-04-27 22:15,15,6,9,4,4,4
2020-04-27 22:30,12,4,8,4,4,4
2020-04-27 22:45,11,3,8,4,4,4
2020-04-27 23:00,8,4,4,4,4,4
2020-04-27 23:15,8,4,4,4,4,4
2020-04-27 23:30,5,2,3,4,4,4
2020-04-27 23:45,5,3,2,4,4,4
2020-04-28 00:00,4,1,3,4,4,4
2020-04-28 00:15,6,2,4,4,4,4
2020-04-28 00:30,2,1,1,4,4,4
2020-04-28 00:45,2,1,1,4,4,4
2020-04-28 01:00,2,1,1,4,4,4
2020-04-28 01:15,3,1,2,4,4,4
2020-04-28 01:30,2,1,1,4,4,4
2020-04-28 01:45,1,0,1,4,4,4
2020-04-28 02:00,2,1,1,4,4,4
2020-04-28 02:15,1,1,0,4,4,4
2020-04-28 02:30,2,1,1,4,4,4
2020-04-28 02:45,2,1,1,4,4,4
2020-04-28 03:00,1,0,1,4,4,4
2020-04-28 03:15,0,0,0,4,4,4
2020-04-28 03:30,1,0,1,4,4,4
2020-04-28 03:45,1,0,1,4,4,4
2020-04-28 04:00,2,0,2,4,4,4
2020-04-28 04:15,3,1,2,4,4,4
2020-04-28 04:30,1,0,1,4,4,4
2020-04-28 04:45,3,1,2,4,4,4
2020-04-28 05:00,3,1,2,4,4,4
2020-04-28 05:15,11,5,6,4,4,4
2020-04-28 05:30,11,5,6,4,4,4
2020-04-28 05:45,14,6,8,4,4,4
2020-04-28 06:00,21,6,15,4,4,4
2020-04-28 06:15,23,10,13,4,4,4
2020-04-28 06:30,29,11,18,4,4,4
2020-04-28 06:45,41,23,18,4,4,4
2020-04-28 07:00,52,25,27,4,4,4
2020-04-28 07:15,51,25,26,4,4,4
2020-04-28 07:30,76,40,36,4,4,4
2020-04-28 07:45,82,46,36,4,4,4
2020-04-28 08:00,66,33,33,4,4,4
2020-04-28 08:15,73,31,42,4,4,4
2020-04-28 08:30,68,32,36,4,4,4
2020-04-28 08:45,65,33,32,4,4,4
2020-04-28 09:00,48,21,27,4,4,4
2020-04-28 09:15,48,21,27,4,4,4
2020-04-28 09:30,59,28,31,4,4,4
2020-04-28 09:45,58,26,32,4,4,4
2020-04-28 10:00,51,25,26,4,4,4
2020-04-28 10:15,58,25,33,4,4,4
2020-04-28 10:30,51,26,25,4,4,4
2020-04-28 10:45,55,28,27,4,4,4
2020-04-28 11:00,52,22,30,4,4,4
2020-04-28 11:15,56,23,33,4,4,4
2020-04-28 11:30,63,32,31,4,4,4
2020-04-28 11:45,60,29,31,4,4,4
2020-04-28 12:00,67,28,39,4,4,4
2020-04-28 12:15,82,37,45,4,4,4
2020-04-28 12:30,75,35,40,4,4,4
2020-04-28 12:45,67,33,34,4,4,4
2020-04-28 13:00,72,32,40,4,4,4
2020-04-28 13:15,77,35,42,4,4,4
2020-04-28 13:30,64,31,33,4,4,4
2020-04-28 13:45,82,42,40,4,4,4
2020-04-28 14:00,78,39,39,4,4,4
2020-04-28 14:15,82,42,40,4,4,4
2020-04-28 14:30,73,37,36,4,4,4
2020-04-28 14:45,70,30,40,4,4,4
2020-04-28 15:00,81,39,42,4,4,4
2020-04-28 15:15,77,39,38,4,4,4
2020-04-28 15:30,76,37,39,4,4,4
2020-04-28 15:45,99,51,48,4,4,4
2020-04-28 16:00,103,54,49,4,4,4
2020-04-28 16:15,104,47,57,4,4,4
2020-04-28 16:30,97,50,47,4,4,4
2020-04-28 16:45,102,46,56,4,4,4
2020-04-28 17:00,96,42,54,4,4,4
2020-04-28 17:15,102,41,61,4,4,4
2020-04-28 17:30,91,43,48,4,4,4
2020-04-28 17:45,82,38,44,4,4,4
2020-04-28 18:00,92,43,49,4,4,4
2020-04-28 18:15,82,39,43,4,4,4
2020-04-28 18:30,76,36,40,4,4,4
2020-04-28 18:45,64,30,34,4,4,4
2020-04-28 19:00,63,30,33,4,4,4
2020-04-28 19:15,57,26,31,4,4,4
2020-04-28 19:30,48,22,26,4,4,4
2020-04-28 19:45,51,24,27,4,4,4
2020-04-28 20:00,43,17,26,4,4,4
2020-04-28 20:15,40,14,26,4,4,4
2020-04-28 20:30,26,9,17,4,4,4
2020-04-28 20:45,29,13,16,4,4,4
2020-04-28 21:00,30,16,14,4,4,4
2020-04-28 21:15,25,12,13,4,4,4
2020-04-28 21:30,21,10,11,4,4,4
2020-04-28 21:45,18,9,9,4,4,4
2020-04-28 22:00,14,5,9,4,4,4
2020-04-28 22:15,15,6,9,4,4,4
2020-04-28 22:30,11,4,7,4,4,4
2020-04-28 22:45,9,2,7,4,4,4
2020-04-28 23:00,9,4,5,4,4,4
2020-04-28 23:15,11,5,6,4,4,4
2020-04-28 23:30,6,3,3,4,4,4
2020-04-28 23:45,6,2,4,4,4,4
2020-04-29 00:00,6,2,4,4,4,4
2020-04-29 00:15,6,3,3,4,4,4
2020-04-29 00:30,4,3,1,4,4,4
2020-04-29 00:45,5,2,3,4,4,4
2020-04-29 01:00,4,2,2,4,4,4
2020-04-29 01:15,2,1,1,4,4,4
2020-04-29 01:30,3,2,1,4,4,4
2020-04-29 01:45,3,1,2,4,4,4
2020-04-29 02:00,1,0,1,4,4,4
2020-04-29 02:15,2,1,1,4,4,4
2020-04-29 02:30,0,0,0,4,4,4
2020-04-29 02:45,2,1,1,4,4,4
2020-04-29 03:00,0,0,0,4,4,4
2020-04-29 03:15,1,1,0,4,4,4
2020-04-29 03:30,1,0,1,4,4,4
2020-04-29 03:45,1,0,1,4,4,4
2020-04-29 04:00,2,0,2,4,4,4
2020-04-29 04:15,2,0,2,4,4,4
2020-04-29 04:30,6,1,5,4,4,4
2020-04-29 04:45,4,1,3,4,4,4
2020-04-29 05:00,3,1,2,4,4,4
2020-04-29 05:15,9,3,6,4,4,4
2020-04-29 05:30,18,7,11,4,4,4
2020-04-29 05:45,20,8,12,4,4,4
2020-04-29 06:00,24,8,16,4,4,4
2020-04-29 06:15,28,12,16,4,4,4
2020-04-29 06:30,34,13,21,4,4,4
2020-04-29 06:45,44,26,18,4,4,4
2020-04-29 07:00,49,27,22,4,4,4
2020-04-29 07:15,66,31,35,4,4,4
2020-04-29 07:30,70,35,35,4,4,4
2020-04-29 07:45,76,40,36,4,4,4
2020-04-29 08:00,68,36,32,4,4,4
2020-04-29 08:15,76,42,34,4,4,4
2020-04-29 08:30,73,39,34,4,4,4
2020-04-29 08:45,72,37,35,4,4,4
2020-04-29 09:00,58,23,35,4,4,4
2020-04-29 09:15,55,27,28,4,4,4
2020-04-29 09:30,53,22,31,4,4,4
2020-04-29 09:45,62,29,33,4,4,4
2020-04-29 10:00,56,27,29,4,4,4
2020-04-29 10:15,56,25,31,4,4,4
2020-04-29 10:30,58,25,33,4,4,4
2020-04-29 10:45,71,28,43,4,4,4
2020-04-29 11:00,67,32,35,4,4,4
2020-04-29 11:15,67,28,39,4,4,4
2020-04-29 11:30,79,39,40,4,4,4
2020-04-29 11:45,76,36,40,4,4,4
2020-04-29 12:00,85,41,44,4,4,4
2020-04-29 12:15,92,40,52,4,4,4
2020-04-29 12:30,72,37,35,4,4,4
2020-04-29 12:45,83,44,39,4,4,4
2020-04-29 13:00,90,46,44,4,4,4
2020-04-29 13:15,82,37,45,4,4,4
2020-04-29 13:30,83,43,40,4,4,4
2020-04-29 13:45,92,52,40,4,4,4
2020-04-29 14:00,87,36,51,4,4,4
2020-04-29 14:15,82,44,38,4,4,4
2020-04-29 14:30,82,42,40,4,4,4
2020-04-29 14:45,76,33,43,4,4,4
2020-04-29 15:00,85,48,37,4,4,4
2020-04-29 15:15,82,44,38,4,4,4
2020-04-29 15:30,87,46,41,4,4,4
2020-04-29 15:45,93,45,48,4,4,4
2020-04-29 16:00,101,49,52,4,4,4
2020-04-29 16:15,94,49,45,4,4,4
2020-04-29 16:30,97,47,50,4,4,4
2020-04-29 16:45,103,48,55,4,4,4
2020-04-29 17:00,115,53,62,4,4,4
2020-04-29 17:15,114,47,67,4,4,4
2020-04-29 17:30,86,37,49,4,4,4
2020-04-29 17:45,92,40,52,4,4,4
2020-04-29 18:00,94,43,51,4,4,4
2020-04-29 18:15,82,39,43,4,4,4
2020-04-29 18:30,75,31,44,4,4,4
2020-04-29 18:45,61,25,36,4,4,4
2020-04-29 19:00,63,31,32,4,4,4
2020-04-29 19:15,59,26,33,4,4,4
2020-04-29 19:30,50,22,28,4,4,4
2020-04-29 19:45,54,21,33,4,4,4
2020-04-29 20:00,41,19,22,4,4,4
2020-04-29 20:15,43,17,26,4,4,4
2020-04-29 20:30,34,16,18,4,4,4
2020-04-29 20:45,31,13,18,4,4,4
2020-04-29 21:00,26,9,17,4,4,4
2020-04-29 21:15,33,15,18,4,4,4
2020-04-29 21:30,24,13,11,4,4,4
2020-04-29 21:45,25,13,12,4,4,4
2020-04-29 22:00,19,8,11,4,4,4
2020-04-29 22:15,18,5,13,4,4,4
2020-04-29 22:30,14,6,8,4,4,4
2020-04-29 22:45,16,6,10,4,4,4
2020-04-29 23:00,9,3,6,4,4,4
2020-04-29 23:15,11,3,8,4,4,4
2020-04-29 23:30,11,4,7,4,4,4
2020-04-29 23:45,7,3,4,4,4,4
2020-04-30 00:00,7,3,4,4,4,4
2020-04-30 00:15,6,4,2,4,4,4
2020-04-30 00:30,5,2,3,4,4,4
2020-04-30 00:45,3,2,1,4,4,4
2020-04-30 01:00,3,2,1,4,4,4
2020-04-30 01:15,3,1,2,4,4,4
2020-04-30 01:30,4,3,1,4,4,4
2020-04-30 01:45,2,1,1,4,4,4
2020-04-30 02:00,2,1,1,4,4,4
2020-04-30 02:15,1,0,1,4,4,4
2020-04-30 02:30,2,1,1,4,4,4
2020-04-30 02:45,0,0,0,4,4,4
2020-04-30 03:00,2,1,1,4,4,4
2020-04-30 03:15,2,1,1,4,4,4
2020-04-30 03:30,2,1,1,4,4,4
2020-04-30 03:45,2,0,2,4,4,4
2020-04-30 04:00,1,0,1,4,4,4
2020-04-30 04:15,3,1,2,4,4,4
2020-04-30 04:30,3,0,3,4,4,4
2020-04-30 04:45,4,1,3,4,4,4
2020-04-30 05:00,4,1,3,4,4,4
2020-04-30 05:15,10,3,7,4,4,4
2020-04-30 05:30,16,6,10,4,4,4
2020-04-30 05:45,18,9,9,4,4,4
2020-04-30 06:00,18,5,13,4,4,4
2020-04-30 06:15,24,9,15,4,4,4
2020-04-30 06:30,31,11,20,4,4,4
2020-04-30 06:45,42,25,17,4,4,4
2020-04-30 07:00,51,26,25,4,4,4
2020-04-30 07:15,58,26,32,4,4,4
2020-04-30 07:30,78,43,35,4,4,4
2020-04-30 07:45,83,47,36,4,4,4
2020-04-30 08:00,62,31,31,4,4,4
2020-04-30 08:15,66,32,34,4,4,4
2020-04-30 08:30,62,32,30,4,4,4
2020-04-30 08:45,62,31,31,4,4,4
2020-04-30 09:00,43,21,22,4,4,4
2020-04-30 09:15,44,22,22,4,4,4
2020-04-30 09:30,41,18,23,4,4,4
2020-04-30 09:45,55,25,30,4,4,4
2020-04-30 10:00,44,22,22,4,4,4
2020-04-30 10:15,54,25,29,4,4,4
2020-04-30 10:30,44,22,22,4,4,4
2020-04-30 10:45,53,28,25,4,4,4
2020-04-30 11:00,46,25,21,4,4,4
2020-04-30 11:15,55,27,28,4,4,4
2020-04-30 11:30,60,31,29,4,4,4
2020-04-30 11:45,57,29,28,4,4,4
2020-04-30 12:00,77,37,40,4,4,4
2020-04-30 12:15,78,39,39,4,4,4
2020-04-30 12:30,79,37,42,4,4,4
2020-04-30 12:45,81,42,39,4,4,4
2020-04-30 13:00,91,47,44,4,4,4
2020-04-30 13:15,80,42,38,4,4,4
2020-04-30 13:30,82,43,39,4,4,4
2020-04-30 13:45,88,47,41,4,4,4
2020-04-30 14:00,83,40,43,4,4,4
2020-04-30 14:15,94,44,50,4,4,4
2020-04-30 14:30,78,40,38,4,4,4
2020-04-30 14:45,82,43,39,4,4,4
2020-04-30 15:00,85,47,38,4,4,4
2020-04-30 15:15,86,43,43,4,4,4
2020-04-30 15:30,83,41,42,4,4,4
2020-04-30 15:45,108,57,51,4,4,4
2020-04-30 16:00,98,46,52,4,4,4
2020-04-30 16:15,103,49,54,4,4,4
2020-04-30 16:30,107,56,51,4,4,4
2020-04-30 16:45,111,50,61,4,4,4
2020-04-30 17:00,110,53,57,4,4,4
2020-04-30 17:15,110,50,60,4,4,4
2020-04-30 17:30,92,42,50,4,4,4
2020-04-30 17:45,95,39,56,4,4,4
2020-04-30 18:00,88,45,43,4,4,4
2020-04-30 18:15,81,36,45,4,4,4
2020-04-30 18:30,73,32,41,4,4,4
2020-04-30 18:45,75,34,41,4,4,4
2020-04-30 19:00,60,32,28,4,4,4
2020-04-30 19:15,55,21,34,4,4,4
2020-04-30 19:30,59,29,30,4,4,4
2020-04-30 19:45,55,25,30,4,4,4
2020-04-30 20:00,58,22,36,4,4,4
2020-04-30 20:15,44,17,27,4,4,4
2020-04-30 20:30,36,17,19,4,4,4
2020-04-30 20:45,36,17,19,4,4,4
2020-04-30 21:00,33,16,17,4,4,4
2020-04-30 21:15,31,15,16,4,4,4
2020-04-30 21:30,26,11,15,4,4,4
2020-04-30 21:45,21,10,11,4,4,4
2020-04-30 22:00,18,7,11,4,4,4
2020-04-30 22:15,17,8,9,4,4,4
2020-04-30 22:30,22,10,12,4,4,4
2020-04-30 22:45,16,5,11,4,4,4
2020-04-30 23:00,16,4,12,4,4,4
2020-04-30 23:15,9,3,6,4,4,4
2020-04-30 23:30,11,5,6,4,4,4
2020-04-30 23:45,7,2,5,4,4,4
