Datetime,100031300 (HafenstraÃŸe),101031300 (Channel 1 IN),102031300 (Channel 2 OUT),100031300-status,101031300-status,102031300-status
2020-03-01 00:00,37,20,17,0,0,0
2020-03-01 00:15,38,20,18,0,0,0
2020-03-01 00:30,41,19,22,0,0,0
2020-03-01 00:45,38,24,14,0,0,0
2020-03-01 01:00,25,11,14,0,0,0
2020-03-01 01:15,30,10,20,0,0,0
2020-03-01 01:30,34,15,19,0,0,0
2020-03-01 01:45,31,14,17,0,0,0
2020-03-01 02:00,26,8,18,0,0,0
2020-03-01 02:15,17,7,10,0,0,0
2020-03-01 02:30,16,5,11,0,0,0
2020-03-01 02:45,20,6,14,0,0,0
2020-03-01 03:00,20,0,20,0,0,0
2020-03-01 03:15,11,3,8,0,0,0
2020-03-01 03:30,19,4,15,0,0,0
2020-03-01 03:45,20,7,13,0,0,0
2020-03-01 04:00,14,3,11,0,0,0
2020-03-01 04:15,17,3,14,0,0,0
2020-03-01 04:30,22,2,20,0,0,0
2020-03-01 04:45,9,2,7,0,0,0
2020-03-01 05:00,10,1,9,0,0,0
2020-03-01 05:15,10,3,7,0,0,0
2020-03-01 05:30,13,1,12,0,0,0
2020-03-01 05:45,8,3,5,0,0,0
2020-03-01 06:00,10,5,5,0,0,0
2020-03-01 06:15,5,3,2,0,0,0
2020-03-01 06:30,9,3,6,0,0,0
2020-03-01 06:45,5,0,5,0,0,0
2020-03-01 07:00,5,2,3,0,0,0
2020-03-01 07:15,4,2,2,0,0,0
2020-03-01 07:30,7,0,7,0,0,0
2020-03-01 07:45,8,5,3,0,0,0
2020-03-01 08:00,14,8,6,0,0,0
2020-03-01 08:15,4,0,4,0,0,0
2020-03-01 08:30,19,8,11,0,0,0
2020-03-01 08:45,20,9,11,0,0,0
2020-03-01 09:00,17,8,9,0,0,0
2020-03-01 09:15,24,15,9,0,0,0
2020-03-01 09:30,24,11,13,0,0,0
2020-03-01 09:45,39,15,24,0,0,0
2020-03-01 10:00,40,22,18,0,0,0
2020-03-01 10:15,44,28,16,0,0,0
2020-03-01 10:30,31,17,14,0,0,0
2020-03-01 10:45,48,29,19,0,0,0
2020-03-01 11:00,47,19,28,0,0,0
2020-03-01 11:15,45,21,24,0,0,0
2020-03-01 11:30,49,23,26,0,0,0
2020-03-01 11:45,45,19,26,0,0,0
2020-03-01 12:00,65,32,33,0,0,0
2020-03-01 12:15,42,10,32,0,0,0
2020-03-01 12:30,56,22,34,0,0,0
2020-03-01 12:45,41,11,30,0,0,0
2020-03-01 13:00,75,28,47,0,0,0
2020-03-01 13:15,59,22,37,0,0,0
2020-03-01 13:30,57,22,35,0,0,0
2020-03-01 13:45,59,25,34,0,0,0
2020-03-01 14:00,61,21,40,0,0,0
2020-03-01 14:15,57,18,39,0,0,0
2020-03-01 14:30,56,13,43,0,0,0
2020-03-01 14:45,88,36,52,0,0,0
2020-03-01 15:00,70,33,37,0,0,0
2020-03-01 15:15,81,34,47,0,0,0
2020-03-01 15:30,56,32,24,0,0,0
2020-03-01 15:45,68,23,45,0,0,0
2020-03-01 16:00,55,22,33,0,0,0
2020-03-01 16:15,68,26,42,0,0,0
2020-03-01 16:30,65,26,39,0,0,0
2020-03-01 16:45,54,20,34,0,0,0
2020-03-01 17:00,64,32,32,0,0,0
2020-03-01 17:15,61,26,35,0,0,0
2020-03-01 17:30,66,33,33,0,0,0
2020-03-01 17:45,89,35,54,0,0,0
2020-03-01 18:00,74,32,42,0,0,0
2020-03-01 18:15,67,27,40,0,0,0
2020-03-01 18:30,50,24,26,0,0,0
2020-03-01 18:45,60,28,32,0,0,0
2020-03-01 19:00,47,19,28,0,0,0
2020-03-01 19:15,55,25,30,0,0,0
2020-03-01 19:30,58,23,35,0,0,0
2020-03-01 19:45,48,26,22,0,0,0
2020-03-01 20:00,55,21,34,0,0,0
2020-03-01 20:15,48,19,29,0,0,0
2020-03-01 20:30,41,20,21,0,0,0
2020-03-01 20:45,32,12,20,0,0,0
2020-03-01 21:00,28,13,15,0,0,0
2020-03-01 21:15,19,15,4,0,0,0
2020-03-01 21:30,37,19,18,0,0,0
2020-03-01 21:45,12,9,3,0,0,0
2020-03-01 22:00,33,11,22,0,0,0
2020-03-01 22:15,20,5,15,0,0,0
2020-03-01 22:30,22,8,14,0,0,0
2020-03-01 22:45,15,11,4,0,0,0
2020-03-01 23:00,10,2,8,0,0,0
2020-03-01 23:15,9,4,5,0,0,0
2020-03-01 23:30,2,1,1,0,0,0
2020-03-01 23:45,5,2,3,0,0,0
2020-03-02 00:00,10,3,7,0,0,0
2020-03-02 00:15,3,2,1,0,0,0
2020-03-02 00:30,2,1,1,0,0,0
2020-03-02 00:45,5,3,2,0,0,0
2020-03-02 01:00,3,1,2,0,0,0
2020-03-02 01:15,0,0,0,0,0,0
2020-03-02 01:30,3,1,2,0,0,0
2020-03-02 01:45,1,1,0,0,0,0
2020-03-02 02:00,1,1,0,0,0,0
2020-03-02 02:15,2,0,2,0,0,0
2020-03-02 02:30,2,1,1,0,0,0
2020-03-02 02:45,0,0,0,0,0,0
2020-03-02 03:00,1,1,0,0,0,0
2020-03-02 03:15,1,0,1,0,0,0
2020-03-02 03:30,0,0,0,0,0,0
2020-03-02 03:45,0,0,0,0,0,0
2020-03-02 04:00,3,0,3,0,0,0
2020-03-02 04:15,2,1,1,0,0,0
2020-03-02 04:30,3,1,2,0,0,0
2020-03-02 04:45,3,2,1,0,0,0
2020-03-02 05:00,3,2,1,0,0,0
2020-03-02 05:15,2,2,0,0,0,0
2020-03-02 05:30,12,5,7,0,0,0
2020-03-02 05:45,15,8,7,0,0,0
2020-03-02 06:00,15,5,10,0,0,0
2020-03-02 06:15,44,25,19,0,0,0
2020-03-02 06:30,54,23,31,0,0,0
2020-03-02 06:45,83,34,49,0,0,0
2020-03-02 07:00,81,43,38,0,0,0
2020-03-02 07:15,94,48,46,0,0,0
2020-03-02 07:30,142,66,76,0,0,0
2020-03-02 07:45,163,91,72,0,0,0
2020-03-02 08:00,145,79,66,0,0,0
2020-03-02 08:15,114,59,55,0,0,0
2020-03-02 08:30,131,65,66,0,0,0
2020-03-02 08:45,132,60,72,0,0,0
2020-03-02 09:00,85,37,48,0,0,0
2020-03-02 09:15,90,43,47,0,0,0
2020-03-02 09:30,90,38,52,0,0,0
2020-03-02 09:45,107,51,56,0,0,0
2020-03-02 10:00,82,37,45,0,0,0
2020-03-02 10:15,79,38,41,0,0,0
2020-03-02 10:30,81,35,46,0,0,0
2020-03-02 10:45,80,35,45,0,0,0
2020-03-02 11:00,82,41,41,0,0,0
2020-03-02 11:15,90,47,43,0,0,0
2020-03-02 11:30,82,36,46,0,0,0
2020-03-02 11:45,80,35,45,0,0,0
2020-03-02 12:00,87,44,43,0,0,0
2020-03-02 12:15,93,47,46,0,0,0
2020-03-02 12:30,97,46,51,0,0,0
2020-03-02 12:45,118,57,61,0,0,0
2020-03-02 13:00,102,45,57,0,0,0
2020-03-02 13:15,91,44,47,0,0,0
2020-03-02 13:30,96,58,38,0,0,0
2020-03-02 13:45,108,49,59,0,0,0
2020-03-02 14:00,104,50,54,0,0,0
2020-03-02 14:15,95,55,40,0,0,0
2020-03-02 14:30,104,46,58,0,0,0
2020-03-02 14:45,108,45,63,0,0,0
2020-03-02 15:00,118,46,72,0,0,0
2020-03-02 15:15,102,34,68,0,0,0
2020-03-02 15:30,91,44,47,0,0,0
2020-03-02 15:45,111,48,63,0,0,0
2020-03-02 16:00,131,68,63,0,0,0
2020-03-02 16:15,124,62,62,0,0,0
2020-03-02 16:30,124,58,66,0,0,0
2020-03-02 16:45,145,67,78,0,0,0
2020-03-02 17:00,142,64,78,0,0,0
2020-03-02 17:15,149,72,77,0,0,0
2020-03-02 17:30,137,72,65,0,0,0
2020-03-02 17:45,143,78,65,0,0,0
2020-03-02 18:00,135,81,54,0,0,0
2020-03-02 18:15,125,67,58,0,0,0
2020-03-02 18:30,114,47,67,0,0,0
2020-03-02 18:45,121,53,68,0,0,0
2020-03-02 19:00,87,37,50,0,0,0
2020-03-02 19:15,98,50,48,0,0,0
2020-03-02 19:30,97,65,32,0,0,0
2020-03-02 19:45,100,52,48,0,0,0
2020-03-02 20:00,66,32,34,0,0,0
2020-03-02 20:15,52,25,27,0,0,0
2020-03-02 20:30,48,25,23,0,0,0
2020-03-02 20:45,45,18,27,0,0,0
2020-03-02 21:00,38,12,26,0,0,0
2020-03-02 21:15,35,13,22,0,0,0
2020-03-02 21:30,58,17,41,0,0,0
2020-03-02 21:45,34,10,24,0,0,0
2020-03-02 22:00,40,13,27,0,0,0
2020-03-02 22:15,25,11,14,0,0,0
2020-03-02 22:30,33,7,26,0,0,0
2020-03-02 22:45,25,13,12,0,0,0
2020-03-02 23:00,26,11,15,0,0,0
2020-03-02 23:15,13,8,5,0,0,0
2020-03-02 23:30,16,5,11,0,0,0
2020-03-02 23:45,9,3,6,0,0,0
2020-03-03 00:00,6,2,4,0,0,0
2020-03-03 00:15,4,1,3,0,0,0
2020-03-03 00:30,7,2,5,0,0,0
2020-03-03 00:45,3,2,1,0,0,0
2020-03-03 01:00,1,1,0,0,0,0
2020-03-03 01:15,1,0,1,0,0,0
2020-03-03 01:30,0,0,0,0,0,0
2020-03-03 01:45,4,1,3,0,0,0
2020-03-03 02:00,1,1,0,0,0,0
2020-03-03 02:15,6,2,4,0,0,0
2020-03-03 02:30,1,0,1,0,0,0
2020-03-03 02:45,4,0,4,0,0,0
2020-03-03 03:00,0,0,0,0,0,0
2020-03-03 03:15,0,0,0,0,0,0
2020-03-03 03:30,1,1,0,0,0,0
2020-03-03 03:45,3,1,2,0,0,0
2020-03-03 04:00,3,1,2,0,0,0
2020-03-03 04:15,6,1,5,0,0,0
2020-03-03 04:30,4,0,4,0,0,0
2020-03-03 04:45,3,1,2,0,0,0
2020-03-03 05:00,3,1,2,0,0,0
2020-03-03 05:15,1,1,0,0,0,0
2020-03-03 05:30,10,5,5,0,0,0
2020-03-03 05:45,20,9,11,0,0,0
2020-03-03 06:00,18,7,11,0,0,0
2020-03-03 06:15,37,18,19,0,0,0
2020-03-03 06:30,64,22,42,0,0,0
2020-03-03 06:45,70,31,39,0,0,0
2020-03-03 07:00,75,38,37,0,0,0
2020-03-03 07:15,94,45,49,0,0,0
2020-03-03 07:30,151,71,80,0,0,0
2020-03-03 07:45,166,96,70,0,0,0
2020-03-03 08:00,126,59,67,0,0,0
2020-03-03 08:15,135,74,61,0,0,0
2020-03-03 08:30,126,58,68,0,0,0
2020-03-03 08:45,145,73,72,0,0,0
2020-03-03 09:00,112,57,55,0,0,0
2020-03-03 09:15,94,32,62,0,0,0
2020-03-03 09:30,98,49,49,0,0,0
2020-03-03 09:45,79,33,46,0,0,0
2020-03-03 10:00,76,33,43,0,0,0
2020-03-03 10:15,87,35,52,0,0,0
2020-03-03 10:30,81,45,36,0,0,0
2020-03-03 10:45,100,41,59,0,0,0
2020-03-03 11:00,102,43,59,0,0,0
2020-03-03 11:15,83,43,40,0,0,0
2020-03-03 11:30,86,43,43,0,0,0
2020-03-03 11:45,100,39,61,0,0,0
2020-03-03 12:00,102,50,52,0,0,0
2020-03-03 12:15,113,48,65,0,0,0
2020-03-03 12:30,106,42,64,0,0,0
2020-03-03 12:45,95,56,39,0,0,0
2020-03-03 13:00,99,42,57,0,0,0
2020-03-03 13:15,128,63,65,0,0,0
2020-03-03 13:30,90,43,47,0,0,0
2020-03-03 13:45,121,65,56,0,0,0
2020-03-03 14:00,107,46,61,0,0,0
2020-03-03 14:15,98,57,41,0,0,0
2020-03-03 14:30,129,65,64,0,0,0
2020-03-03 14:45,111,63,48,0,0,0
2020-03-03 15:00,117,65,52,0,0,0
2020-03-03 15:15,110,61,49,0,0,0
2020-03-03 15:30,137,76,61,0,0,0
2020-03-03 15:45,146,82,64,0,0,0
2020-03-03 16:00,153,70,83,0,0,0
2020-03-03 16:15,162,81,81,0,0,0
2020-03-03 16:30,151,67,84,0,0,0
2020-03-03 16:45,170,72,98,0,0,0
2020-03-03 17:00,168,89,79,0,0,0
2020-03-03 17:15,166,67,99,0,0,0
2020-03-03 17:30,165,76,89,0,0,0
2020-03-03 17:45,166,77,89,0,0,0
2020-03-03 18:00,148,81,67,0,0,0
2020-03-03 18:15,142,68,74,0,0,0
2020-03-03 18:30,130,71,59,0,0,0
2020-03-03 18:45,111,64,47,0,0,0
2020-03-03 19:00,108,60,48,0,0,0
2020-03-03 19:15,113,70,43,0,0,0
2020-03-03 19:30,98,37,61,0,0,0
2020-03-03 19:45,102,51,51,0,0,0
2020-03-03 20:00,88,42,46,0,0,0
2020-03-03 20:15,68,29,39,0,0,0
2020-03-03 20:30,56,21,35,0,0,0
2020-03-03 20:45,56,24,32,0,0,0
2020-03-03 21:00,57,18,39,0,0,0
2020-03-03 21:15,37,22,15,0,0,0
2020-03-03 21:30,51,16,35,0,0,0
2020-03-03 21:45,39,14,25,0,0,0
2020-03-03 22:00,40,16,24,0,0,0
2020-03-03 22:15,43,11,32,0,0,0
2020-03-03 22:30,39,15,24,0,0,0
2020-03-03 22:45,43,17,26,0,0,0
2020-03-03 23:00,31,15,16,0,0,0
2020-03-03 23:15,27,12,15,0,0,0
2020-03-03 23:30,19,6,13,0,0,0
2020-03-03 23:45,11,2,9,0,0,0
2020-03-04 00:00,8,4,4,0,0,0
2020-03-04 00:15,9,5,4,0,0,0
2020-03-04 00:30,12,3,9,0,0,0
2020-03-04 00:45,8,3,5,0,0,0
2020-03-04 01:00,8,3,5,0,0,0
2020-03-04 01:15,2,1,1,0,0,0
2020-03-04 01:30,4,0,4,0,0,0
2020-03-04 01:45,5,1,4,0,0,0
2020-03-04 02:00,2,0,2,0,0,0
2020-03-04 02:15,3,3,0,0,0,0
2020-03-04 02:30,3,1,2,0,0,0
2020-03-04 02:45,0,0,0,0,0,0
2020-03-04 03:00,0,0,0,0,0,0
2020-03-04 03:15,0,0,0,0,0,0
2020-03-04 03:30,0,0,0,0,0,0
2020-03-04 03:45,1,1,0,0,0,0
2020-03-04 04:00,3,0,3,0,0,0
2020-03-04 04:15,5,2,3,0,0,0
2020-03-04 04:30,2,0,2,0,0,0
2020-03-04 04:45,2,1,1,0,0,0
2020-03-04 05:00,1,0,1,0,0,0
2020-03-04 05:15,11,9,2,0,0,0
2020-03-04 05:30,12,5,7,0,0,0
2020-03-04 05:45,15,6,9,0,0,0
2020-03-04 06:00,19,10,9,0,0,0
2020-03-04 06:15,40,23,17,0,0,0
2020-03-04 06:30,57,19,38,0,0,0
2020-03-04 06:45,71,33,38,0,0,0
2020-03-04 07:00,80,43,37,0,0,0
2020-03-04 07:15,95,40,55,0,0,0
2020-03-04 07:30,155,66,89,0,0,0
2020-03-04 07:45,186,92,94,0,0,0
2020-03-04 08:00,139,79,60,0,0,0
2020-03-04 08:15,174,85,89,0,0,0
2020-03-04 08:30,134,67,67,0,0,0
2020-03-04 08:45,142,60,82,0,0,0
2020-03-04 09:00,93,47,46,0,0,0
2020-03-04 09:15,85,38,47,0,0,0
2020-03-04 09:30,87,31,56,0,0,0
2020-03-04 09:45,76,38,38,0,0,0
2020-03-04 10:00,62,21,41,0,0,0
2020-03-04 10:15,89,37,52,0,0,0
2020-03-04 10:30,71,30,41,0,0,0
2020-03-04 10:45,96,32,64,0,0,0
2020-03-04 11:00,91,43,48,0,0,0
2020-03-04 11:15,100,41,59,0,0,0
2020-03-04 11:30,118,40,78,0,0,0
2020-03-04 11:45,124,52,72,0,0,0
2020-03-04 12:00,125,55,70,0,0,0
2020-03-04 12:15,116,45,71,0,0,0
2020-03-04 12:30,98,41,57,0,0,0
2020-03-04 12:45,106,45,61,0,0,0
2020-03-04 13:00,132,64,68,0,0,0
2020-03-04 13:15,83,43,40,0,0,0
2020-03-04 13:30,96,55,41,0,0,0
2020-03-04 13:45,98,48,50,0,0,0
2020-03-04 14:00,103,50,53,0,0,0
2020-03-04 14:15,113,67,46,0,0,0
2020-03-04 14:30,97,55,42,0,0,0
2020-03-04 14:45,89,42,47,0,0,0
2020-03-04 15:00,112,61,51,0,0,0
2020-03-04 15:15,96,43,53,0,0,0
2020-03-04 15:30,98,52,46,0,0,0
2020-03-04 15:45,121,69,52,0,0,0
2020-03-04 16:00,115,64,51,0,0,0
2020-03-04 16:15,148,79,69,0,0,0
2020-03-04 16:30,166,70,96,0,0,0
2020-03-04 16:45,137,63,74,0,0,0
2020-03-04 17:00,166,79,87,0,0,0
2020-03-04 17:15,146,77,69,0,0,0
2020-03-04 17:30,150,77,73,0,0,0
2020-03-04 17:45,146,69,77,0,0,0
2020-03-04 18:00,144,76,68,0,0,0
2020-03-04 18:15,143,76,67,0,0,0
2020-03-04 18:30,122,68,54,0,0,0
2020-03-04 18:45,133,90,43,0,0,0
2020-03-04 19:00,111,62,49,0,0,0
2020-03-04 19:15,118,70,48,0,0,0
2020-03-04 19:30,94,62,32,0,0,0
2020-03-04 19:45,117,67,50,0,0,0
2020-03-04 20:00,104,58,46,0,0,0
2020-03-04 20:15,63,27,36,0,0,0
2020-03-04 20:30,53,18,35,0,0,0
2020-03-04 20:45,67,35,32,0,0,0
2020-03-04 21:00,48,29,19,0,0,0
2020-03-04 21:15,52,17,35,0,0,0
2020-03-04 21:30,47,21,26,0,0,0
2020-03-04 21:45,48,22,26,0,0,0
2020-03-04 22:00,67,24,43,0,0,0
2020-03-04 22:15,40,14,26,0,0,0
2020-03-04 22:30,29,13,16,0,0,0
2020-03-04 22:45,45,16,29,0,0,0
2020-03-04 23:00,49,15,34,0,0,0
2020-03-04 23:15,52,8,44,0,0,0
2020-03-04 23:30,47,9,38,0,0,0
2020-03-04 23:45,25,8,17,0,0,0
2020-03-05 00:00,20,9,11,0,0,0
2020-03-05 00:15,9,7,2,0,0,0
2020-03-05 00:30,8,5,3,0,0,0
2020-03-05 00:45,14,8,6,0,0,0
2020-03-05 01:00,11,2,9,0,0,0
2020-03-05 01:15,11,7,4,0,0,0
2020-03-05 01:30,5,5,0,0,0,0
2020-03-05 01:45,6,3,3,0,0,0
2020-03-05 02:00,0,0,0,0,0,0
2020-03-05 02:15,1,1,0,0,0,0
2020-03-05 02:30,7,1,6,0,0,0
2020-03-05 02:45,3,2,1,0,0,0
2020-03-05 03:00,1,0,1,0,0,0
2020-03-05 03:15,0,0,0,0,0,0
2020-03-05 03:30,0,0,0,0,0,0
2020-03-05 03:45,3,3,0,0,0,0
2020-03-05 04:00,5,2,3,0,0,0
2020-03-05 04:15,3,1,2,0,0,0
2020-03-05 04:30,3,3,0,0,0,0
2020-03-05 04:45,3,1,2,0,0,0
2020-03-05 05:00,5,4,1,0,0,0
2020-03-05 05:15,10,3,7,0,0,0
2020-03-05 05:30,19,8,11,0,0,0
2020-03-05 05:45,11,5,6,0,0,0
2020-03-05 06:00,16,5,11,0,0,0
2020-03-05 06:15,28,13,15,0,0,0
2020-03-05 06:30,47,16,31,0,0,0
2020-03-05 06:45,69,30,39,0,0,0
2020-03-05 07:00,72,47,25,0,0,0
2020-03-05 07:15,77,39,38,0,0,0
2020-03-05 07:30,119,53,66,0,0,0
2020-03-05 07:45,165,83,82,0,0,0
2020-03-05 08:00,133,68,65,0,0,0
2020-03-05 08:15,139,76,63,0,0,0
2020-03-05 08:30,117,55,62,0,0,0
2020-03-05 08:45,140,63,77,0,0,0
2020-03-05 09:00,99,47,52,0,0,0
2020-03-05 09:15,97,34,63,0,0,0
2020-03-05 09:30,95,37,58,0,0,0
2020-03-05 09:45,85,34,51,0,0,0
2020-03-05 10:00,79,27,52,0,0,0
2020-03-05 10:15,79,37,42,0,0,0
2020-03-05 10:30,72,32,40,0,0,0
2020-03-05 10:45,70,34,36,0,0,0
2020-03-05 11:00,69,24,45,0,0,0
2020-03-05 11:15,81,37,44,0,0,0
2020-03-05 11:30,87,31,56,0,0,0
2020-03-05 11:45,95,46,49,0,0,0
2020-03-05 12:00,91,36,55,0,0,0
2020-03-05 12:15,97,30,67,0,0,0
2020-03-05 12:30,100,49,51,0,0,0
2020-03-05 12:45,102,43,59,0,0,0
2020-03-05 13:00,98,46,52,0,0,0
2020-03-05 13:15,89,40,49,0,0,0
2020-03-05 13:30,97,50,47,0,0,0
2020-03-05 13:45,108,57,51,0,0,0
2020-03-05 14:00,107,60,47,0,0,0
2020-03-05 14:15,104,44,60,0,0,0
2020-03-05 14:30,104,56,48,0,0,0
2020-03-05 14:45,96,54,42,0,0,0
2020-03-05 15:00,142,65,77,0,0,0
2020-03-05 15:15,112,57,55,0,0,0
2020-03-05 15:30,111,58,53,0,0,0
2020-03-05 15:45,117,67,50,0,0,0
2020-03-05 16:00,128,59,69,0,0,0
2020-03-05 16:15,130,57,73,0,0,0
2020-03-05 16:30,115,58,57,0,0,0
2020-03-05 16:45,151,75,76,0,0,0
2020-03-05 17:00,144,63,81,0,0,0
2020-03-05 17:15,149,73,76,0,0,0
2020-03-05 17:30,135,55,80,0,0,0
2020-03-05 17:45,137,67,70,0,0,0
2020-03-05 18:00,141,72,69,0,0,0
2020-03-05 18:15,126,69,57,0,0,0
2020-03-05 18:30,92,41,51,0,0,0
2020-03-05 18:45,112,55,57,0,0,0
2020-03-05 19:00,89,49,40,0,0,0
2020-03-05 19:15,87,42,45,0,0,0
2020-03-05 19:30,69,37,32,0,0,0
2020-03-05 19:45,86,44,42,0,0,0
2020-03-05 20:00,82,47,35,0,0,0
2020-03-05 20:15,69,34,35,0,0,0
2020-03-05 20:30,34,13,21,0,0,0
2020-03-05 20:45,60,32,28,0,0,0
2020-03-05 21:00,59,26,33,0,0,0
2020-03-05 21:15,47,19,28,0,0,0
2020-03-05 21:30,33,15,18,0,0,0
2020-03-05 21:45,39,18,21,0,0,0
2020-03-05 22:00,29,8,21,0,0,0
2020-03-05 22:15,27,9,18,0,0,0
2020-03-05 22:30,57,15,42,0,0,0
2020-03-05 22:45,33,11,22,0,0,0
2020-03-05 23:00,27,16,11,0,0,0
2020-03-05 23:15,20,9,11,0,0,0
2020-03-05 23:30,19,10,9,0,0,0
2020-03-05 23:45,19,10,9,0,0,0
2020-03-06 00:00,10,5,5,0,0,0
2020-03-06 00:15,9,4,5,0,0,0
2020-03-06 00:30,9,2,7,0,0,0
2020-03-06 00:45,9,2,7,0,0,0
2020-03-06 01:00,4,3,1,0,0,0
2020-03-06 01:15,2,0,2,0,0,0
2020-03-06 01:30,5,3,2,0,0,0
2020-03-06 01:45,4,2,2,0,0,0
2020-03-06 02:00,5,0,5,0,0,0
2020-03-06 02:15,0,0,0,0,0,0
2020-03-06 02:30,0,0,0,0,0,0
2020-03-06 02:45,3,1,2,0,0,0
2020-03-06 03:00,1,0,1,0,0,0
2020-03-06 03:15,0,0,0,0,0,0
2020-03-06 03:30,3,3,0,0,0,0
2020-03-06 03:45,1,1,0,0,0,0
2020-03-06 04:00,5,2,3,0,0,0
2020-03-06 04:15,1,0,1,0,0,0
2020-03-06 04:30,8,2,6,0,0,0
2020-03-06 04:45,6,4,2,0,0,0
2020-03-06 05:00,7,1,6,0,0,0
2020-03-06 05:15,3,1,2,0,0,0
2020-03-06 05:30,13,7,6,0,0,0
2020-03-06 05:45,17,12,5,0,0,0
2020-03-06 06:00,19,7,12,0,0,0
2020-03-06 06:15,33,11,22,0,0,0
2020-03-06 06:30,36,13,23,0,0,0
2020-03-06 06:45,58,21,37,0,0,0
2020-03-06 07:00,75,42,33,0,0,0
2020-03-06 07:15,72,34,38,0,0,0
2020-03-06 07:30,128,61,67,0,0,0
2020-03-06 07:45,138,73,65,0,0,0
2020-03-06 08:00,105,51,54,0,0,0
2020-03-06 08:15,105,51,54,0,0,0
2020-03-06 08:30,114,64,50,0,0,0
2020-03-06 08:45,136,60,76,0,0,0
2020-03-06 09:00,81,34,47,0,0,0
2020-03-06 09:15,67,24,43,0,0,0
2020-03-06 09:30,84,33,51,0,0,0
2020-03-06 09:45,85,36,49,0,0,0
2020-03-06 10:00,57,20,37,0,0,0
2020-03-06 10:15,66,25,41,0,0,0
2020-03-06 10:30,68,32,36,0,0,0
2020-03-06 10:45,76,32,44,0,0,0
2020-03-06 11:00,60,25,35,0,0,0
2020-03-06 11:15,81,37,44,0,0,0
2020-03-06 11:30,60,22,38,0,0,0
2020-03-06 11:45,81,29,52,0,0,0
2020-03-06 12:00,76,33,43,0,0,0
2020-03-06 12:15,92,42,50,0,0,0
2020-03-06 12:30,101,56,45,0,0,0
2020-03-06 12:45,112,45,67,0,0,0
2020-03-06 13:00,115,57,58,0,0,0
2020-03-06 13:15,84,40,44,0,0,0
2020-03-06 13:30,82,34,48,0,0,0
2020-03-06 13:45,113,59,54,0,0,0
2020-03-06 14:00,99,48,51,0,0,0
2020-03-06 14:15,106,52,54,0,0,0
2020-03-06 14:30,116,53,63,0,0,0
2020-03-06 14:45,105,56,49,0,0,0
2020-03-06 15:00,92,42,50,0,0,0
2020-03-06 15:15,115,50,65,0,0,0
2020-03-06 15:30,96,39,57,0,0,0
2020-03-06 15:45,108,53,55,0,0,0
2020-03-06 16:00,98,43,55,0,0,0
2020-03-06 16:15,103,43,60,0,0,0
2020-03-06 16:30,120,45,75,0,0,0
2020-03-06 16:45,105,41,64,0,0,0
2020-03-06 17:00,103,57,46,0,0,0
2020-03-06 17:15,98,51,47,0,0,0
2020-03-06 17:30,112,61,51,0,0,0
2020-03-06 17:45,99,51,48,0,0,0
2020-03-06 18:00,83,50,33,0,0,0
2020-03-06 18:15,91,44,47,0,0,0
2020-03-06 18:30,83,42,41,0,0,0
2020-03-06 18:45,79,42,37,0,0,0
2020-03-06 19:00,110,63,47,0,0,0
2020-03-06 19:15,82,49,33,0,0,0
2020-03-06 19:30,88,47,41,0,0,0
2020-03-06 19:45,73,44,29,0,0,0
2020-03-06 20:00,101,45,56,0,0,0
2020-03-06 20:15,69,34,35,0,0,0
2020-03-06 20:30,46,24,22,0,0,0
2020-03-06 20:45,44,23,21,0,0,0
2020-03-06 21:00,51,17,34,0,0,0
2020-03-06 21:15,58,28,30,0,0,0
2020-03-06 21:30,52,23,29,0,0,0
2020-03-06 21:45,37,18,19,0,0,0
2020-03-06 22:00,47,21,26,0,0,0
2020-03-06 22:15,46,14,32,0,0,0
2020-03-06 22:30,67,20,47,0,0,0
2020-03-06 22:45,38,10,28,0,0,0
2020-03-06 23:00,37,18,19,0,0,0
2020-03-06 23:15,35,10,25,0,0,0
2020-03-06 23:30,32,10,22,0,0,0
2020-03-06 23:45,35,21,14,0,0,0
2020-03-07 00:00,18,7,11,0,0,0
2020-03-07 00:15,34,22,12,0,0,0
2020-03-07 00:30,21,6,15,0,0,0
2020-03-07 00:45,31,16,15,0,0,0
2020-03-07 01:00,31,14,17,0,0,0
2020-03-07 01:15,15,2,13,0,0,0
2020-03-07 01:30,28,20,8,0,0,0
2020-03-07 01:45,15,9,6,0,0,0
2020-03-07 02:00,16,7,9,0,0,0
2020-03-07 02:15,19,8,11,0,0,0
2020-03-07 02:30,13,10,3,0,0,0
2020-03-07 02:45,9,4,5,0,0,0
2020-03-07 03:00,14,10,4,0,0,0
2020-03-07 03:15,11,2,9,0,0,0
2020-03-07 03:30,5,3,2,0,0,0
2020-03-07 03:45,12,3,9,0,0,0
2020-03-07 04:00,13,3,10,0,0,0
2020-03-07 04:15,6,4,2,0,0,0
2020-03-07 04:30,21,2,19,0,0,0
2020-03-07 04:45,9,1,8,0,0,0
2020-03-07 05:00,10,3,7,0,0,0
2020-03-07 05:15,10,2,8,0,0,0
2020-03-07 05:30,10,7,3,0,0,0
2020-03-07 05:45,12,5,7,0,0,0
2020-03-07 06:00,9,3,6,0,0,0
2020-03-07 06:15,14,5,9,0,0,0
2020-03-07 06:30,8,3,5,0,0,0
2020-03-07 06:45,17,5,12,0,0,0
2020-03-07 07:00,16,7,9,0,0,0
2020-03-07 07:15,16,3,13,0,0,0
2020-03-07 07:30,31,9,22,0,0,0
2020-03-07 07:45,27,10,17,0,0,0
2020-03-07 08:00,14,12,2,0,0,0
2020-03-07 08:15,26,12,14,0,0,0
2020-03-07 08:30,31,11,20,0,0,0
2020-03-07 08:45,46,14,32,0,0,0
2020-03-07 09:00,31,12,19,0,0,0
2020-03-07 09:15,38,19,19,0,0,0
2020-03-07 09:30,56,27,29,0,0,0
2020-03-07 09:45,77,33,44,0,0,0
2020-03-07 10:00,60,25,35,0,0,0
2020-03-07 10:15,66,41,25,0,0,0
2020-03-07 10:30,76,43,33,0,0,0
2020-03-07 10:45,69,33,36,0,0,0
2020-03-07 11:00,75,30,45,0,0,0
2020-03-07 11:15,73,24,49,0,0,0
2020-03-07 11:30,80,37,43,0,0,0
2020-03-07 11:45,94,32,62,0,0,0
2020-03-07 12:00,85,42,43,0,0,0
2020-03-07 12:15,85,44,41,0,0,0
2020-03-07 12:30,110,44,66,0,0,0
2020-03-07 12:45,100,44,56,0,0,0
2020-03-07 13:00,106,43,63,0,0,0
2020-03-07 13:15,92,43,49,0,0,0
2020-03-07 13:30,89,39,50,0,0,0
2020-03-07 13:45,109,43,66,0,0,0
2020-03-07 14:00,87,42,45,0,0,0
2020-03-07 14:15,88,47,41,0,0,0
2020-03-07 14:30,106,48,58,0,0,0
2020-03-07 14:45,93,52,41,0,0,0
2020-03-07 15:00,76,38,38,0,0,0
2020-03-07 15:15,93,45,48,0,0,0
2020-03-07 15:30,74,41,33,0,0,0
2020-03-07 15:45,108,57,51,0,0,0
2020-03-07 16:00,65,33,32,0,0,0
2020-03-07 16:15,89,39,50,0,0,0
2020-03-07 16:30,70,33,37,0,0,0
2020-03-07 16:45,81,42,39,0,0,0
2020-03-07 17:00,85,37,48,0,0,0
2020-03-07 17:15,84,41,43,0,0,0
2020-03-07 17:30,102,47,55,0,0,0
2020-03-07 17:45,102,53,49,0,0,0
2020-03-07 18:00,81,29,52,0,0,0
2020-03-07 18:15,89,54,35,0,0,0
2020-03-07 18:30,77,44,33,0,0,0
2020-03-07 18:45,61,34,27,0,0,0
2020-03-07 19:00,80,60,20,0,0,0
2020-03-07 19:15,49,26,23,0,0,0
2020-03-07 19:30,66,37,29,0,0,0
2020-03-07 19:45,95,65,30,0,0,0
2020-03-07 20:00,74,49,25,0,0,0
2020-03-07 20:15,57,32,25,0,0,0
2020-03-07 20:30,74,41,33,0,0,0
2020-03-07 20:45,56,25,31,0,0,0
2020-03-07 21:00,68,28,40,0,0,0
2020-03-07 21:15,33,17,16,0,0,0
2020-03-07 21:30,40,20,20,0,0,0
2020-03-07 21:45,38,17,21,0,0,0
2020-03-07 22:00,73,34,39,0,0,0
2020-03-07 22:15,49,20,29,0,0,0
2020-03-07 22:30,83,21,62,0,0,0
2020-03-07 22:45,60,25,35,0,0,0
2020-03-07 23:00,40,14,26,0,0,0
2020-03-07 23:15,45,18,27,0,0,0
2020-03-07 23:30,43,16,27,0,0,0
2020-03-07 23:45,38,21,17,0,0,0
2020-03-08 00:00,31,9,22,0,0,0
2020-03-08 00:15,47,19,28,0,0,0
2020-03-08 00:30,46,27,19,0,0,0
2020-03-08 00:45,38,17,21,0,0,0
2020-03-08 01:00,33,15,18,0,0,0
2020-03-08 01:15,24,15,9,0,0,0
2020-03-08 01:30,25,15,10,0,0,0
2020-03-08 01:45,27,12,15,0,0,0
2020-03-08 02:00,38,7,31,0,0,0
2020-03-08 02:15,15,5,10,0,0,0
2020-03-08 02:30,18,7,11,0,0,0
2020-03-08 02:45,22,9,13,0,0,0
2020-03-08 03:00,25,9,16,0,0,0
2020-03-08 03:15,18,3,15,0,0,0
2020-03-08 03:30,20,5,15,0,0,0
2020-03-08 03:45,12,3,9,0,0,0
2020-03-08 04:00,9,2,7,0,0,0
2020-03-08 04:15,13,3,10,0,0,0
2020-03-08 04:30,7,1,6,0,0,0
2020-03-08 04:45,14,3,11,0,0,0
2020-03-08 05:00,9,0,9,0,0,0
2020-03-08 05:15,10,2,8,0,0,0
2020-03-08 05:30,11,4,7,0,0,0
2020-03-08 05:45,18,2,16,0,0,0
2020-03-08 06:00,9,6,3,0,0,0
2020-03-08 06:15,6,1,5,0,0,0
2020-03-08 06:30,9,6,3,0,0,0
2020-03-08 06:45,10,0,10,0,0,0
2020-03-08 07:00,9,2,7,0,0,0
2020-03-08 07:15,13,3,10,0,0,0
2020-03-08 07:30,8,5,3,0,0,0
2020-03-08 07:45,17,6,11,0,0,0
2020-03-08 08:00,7,2,5,0,0,0
2020-03-08 08:15,11,2,9,0,0,0
2020-03-08 08:30,11,1,10,0,0,0
2020-03-08 08:45,28,7,21,0,0,0
2020-03-08 09:00,10,4,6,0,0,0
2020-03-08 09:15,18,8,10,0,0,0
2020-03-08 09:30,18,8,10,0,0,0
2020-03-08 09:45,34,13,21,0,0,0
2020-03-08 10:00,42,16,26,0,0,0
2020-03-08 10:15,44,27,17,0,0,0
2020-03-08 10:30,44,23,21,0,0,0
2020-03-08 10:45,40,26,14,0,0,0
2020-03-08 11:00,38,14,24,0,0,0
2020-03-08 11:15,44,22,22,0,0,0
2020-03-08 11:30,41,19,22,0,0,0
2020-03-08 11:45,59,23,36,0,0,0
2020-03-08 12:00,57,27,30,0,0,0
2020-03-08 12:15,47,18,29,0,0,0
2020-03-08 12:30,52,18,34,0,0,0
2020-03-08 12:45,50,24,26,0,0,0
2020-03-08 13:00,50,15,35,0,0,0
2020-03-08 13:15,59,25,34,0,0,0
2020-03-08 13:30,51,18,33,0,0,0
2020-03-08 13:45,60,27,33,0,0,0
2020-03-08 14:00,59,19,40,0,0,0
2020-03-08 14:15,44,12,32,0,0,0
2020-03-08 14:30,69,37,32,0,0,0
2020-03-08 14:45,68,31,37,0,0,0
2020-03-08 15:00,58,33,25,0,0,0
2020-03-08 15:15,67,31,36,0,0,0
2020-03-08 15:30,49,23,26,0,0,0
2020-03-08 15:45,41,16,25,0,0,0
2020-03-08 16:00,66,26,40,0,0,0
2020-03-08 16:15,69,35,34,0,0,0
2020-03-08 16:30,54,18,36,0,0,0
2020-03-08 16:45,58,23,35,0,0,0
2020-03-08 17:00,57,18,39,0,0,0
2020-03-08 17:15,58,17,41,0,0,0
2020-03-08 17:30,64,25,39,0,0,0
2020-03-08 17:45,70,24,46,0,0,0
2020-03-08 18:00,63,20,43,0,0,0
2020-03-08 18:15,50,18,32,0,0,0
2020-03-08 18:30,47,25,22,0,0,0
2020-03-08 18:45,40,19,21,0,0,0
2020-03-08 19:00,56,21,35,0,0,0
2020-03-08 19:15,61,23,38,0,0,0
2020-03-08 19:30,37,18,19,0,0,0
2020-03-08 19:45,71,30,41,0,0,0
2020-03-08 20:00,60,26,34,0,0,0
2020-03-08 20:15,56,24,32,0,0,0
2020-03-08 20:30,51,13,38,0,0,0
2020-03-08 20:45,28,8,20,0,0,0
2020-03-08 21:00,33,10,23,0,0,0
2020-03-08 21:15,33,10,23,0,0,0
2020-03-08 21:30,31,13,18,0,0,0
2020-03-08 21:45,18,8,10,0,0,0
2020-03-08 22:00,35,8,27,0,0,0
2020-03-08 22:15,15,7,8,0,0,0
2020-03-08 22:30,31,6,25,0,0,0
2020-03-08 22:45,19,8,11,0,0,0
2020-03-08 23:00,17,6,11,0,0,0
2020-03-08 23:15,7,1,6,0,0,0
2020-03-08 23:30,7,2,5,0,0,0
2020-03-08 23:45,15,5,10,0,0,0
2020-03-09 00:00,7,4,3,0,0,0
2020-03-09 00:15,8,0,8,0,0,0
2020-03-09 00:30,7,2,5,0,0,0
2020-03-09 00:45,2,1,1,0,0,0
2020-03-09 01:00,2,0,2,0,0,0
2020-03-09 01:15,1,1,0,0,0,0
2020-03-09 01:30,5,1,4,0,0,0
2020-03-09 01:45,1,1,0,0,0,0
2020-03-09 02:00,0,0,0,0,0,0
2020-03-09 02:15,1,1,0,0,0,0
2020-03-09 02:30,0,0,0,0,0,0
2020-03-09 02:45,1,1,0,0,0,0
2020-03-09 03:00,1,1,0,0,0,0
2020-03-09 03:15,0,0,0,0,0,0
2020-03-09 03:30,1,1,0,0,0,0
2020-03-09 03:45,1,0,1,0,0,0
2020-03-09 04:00,3,0,3,0,0,0
2020-03-09 04:15,3,1,2,0,0,0
2020-03-09 04:30,2,2,0,0,0,0
2020-03-09 04:45,2,1,1,0,0,0
2020-03-09 05:00,2,2,0,0,0,0
2020-03-09 05:15,5,1,4,0,0,0
2020-03-09 05:30,12,6,6,0,0,0
2020-03-09 05:45,17,12,5,0,0,0
2020-03-09 06:00,23,11,12,0,0,0
2020-03-09 06:15,40,21,19,0,0,0
2020-03-09 06:30,48,16,32,0,0,0
2020-03-09 06:45,76,32,44,0,0,0
2020-03-09 07:00,97,53,44,0,0,0
2020-03-09 07:15,97,49,48,0,0,0
2020-03-09 07:30,119,61,58,0,0,0
2020-03-09 07:45,159,75,84,0,0,0
2020-03-09 08:00,131,77,54,0,0,0
2020-03-09 08:15,149,68,81,0,0,0
2020-03-09 08:30,94,50,44,0,0,0
2020-03-09 08:45,145,76,69,0,0,0
2020-03-09 09:00,103,56,47,0,0,0
2020-03-09 09:15,75,36,39,0,0,0
2020-03-09 09:30,93,41,52,0,0,0
2020-03-09 09:45,102,40,62,0,0,0
2020-03-09 10:00,92,30,62,0,0,0
2020-03-09 10:15,69,37,32,0,0,0
2020-03-09 10:30,74,34,40,0,0,0
2020-03-09 10:45,99,42,57,0,0,0
2020-03-09 11:00,72,36,36,0,0,0
2020-03-09 11:15,82,38,44,0,0,0
2020-03-09 11:30,73,33,40,0,0,0
2020-03-09 11:45,72,28,44,0,0,0
2020-03-09 12:00,96,43,53,0,0,0
2020-03-09 12:15,109,53,56,0,0,0
2020-03-09 12:30,94,38,56,0,0,0
2020-03-09 12:45,134,58,76,0,0,0
2020-03-09 13:00,93,43,50,0,0,0
2020-03-09 13:15,92,46,46,0,0,0
2020-03-09 13:30,95,40,55,0,0,0
2020-03-09 13:45,101,54,47,0,0,0
2020-03-09 14:00,102,48,54,0,0,0
2020-03-09 14:15,86,46,40,0,0,0
2020-03-09 14:30,101,54,47,0,0,0
2020-03-09 14:45,128,60,68,0,0,0
2020-03-09 15:00,104,57,47,0,0,0
2020-03-09 15:15,124,62,62,0,0,0
2020-03-09 15:30,115,56,59,0,0,0
2020-03-09 15:45,120,69,51,0,0,0
2020-03-09 16:00,116,53,63,0,0,0
2020-03-09 16:15,124,68,56,0,0,0
2020-03-09 16:30,141,67,74,0,0,0
2020-03-09 16:45,152,78,74,0,0,0
2020-03-09 17:00,159,69,90,0,0,0
2020-03-09 17:15,143,58,85,0,0,0
2020-03-09 17:30,165,73,92,0,0,0
2020-03-09 17:45,160,92,68,0,0,0
2020-03-09 18:00,173,82,91,0,0,0
2020-03-09 18:15,156,85,71,0,0,0
2020-03-09 18:30,117,63,54,0,0,0
2020-03-09 18:45,122,60,62,0,0,0
2020-03-09 19:00,120,72,48,0,0,0
2020-03-09 19:15,101,64,37,0,0,0
2020-03-09 19:30,107,61,46,0,0,0
2020-03-09 19:45,112,60,52,0,0,0
2020-03-09 20:00,86,47,39,0,0,0
2020-03-09 20:15,64,35,29,0,0,0
2020-03-09 20:30,62,28,34,0,0,0
2020-03-09 20:45,53,22,31,0,0,0
2020-03-09 21:00,46,23,23,0,0,0
2020-03-09 21:15,49,24,25,0,0,0
2020-03-09 21:30,52,19,33,0,0,0
2020-03-09 21:45,43,17,26,0,0,0
2020-03-09 22:00,32,13,19,0,0,0
2020-03-09 22:15,46,12,34,0,0,0
2020-03-09 22:30,39,13,26,0,0,0
2020-03-09 22:45,40,4,36,0,0,0
2020-03-09 23:00,26,10,16,0,0,0
2020-03-09 23:15,19,11,8,0,0,0
2020-03-09 23:30,19,5,14,0,0,0
2020-03-09 23:45,11,7,4,0,0,0
2020-03-10 00:00,13,8,5,0,0,0
2020-03-10 00:15,16,5,11,0,0,0
2020-03-10 00:30,14,4,10,0,0,0
2020-03-10 00:45,4,3,1,0,0,0
2020-03-10 01:00,10,4,6,0,0,0
2020-03-10 01:15,9,2,7,0,0,0
2020-03-10 01:30,1,0,1,0,0,0
2020-03-10 01:45,3,0,3,0,0,0
2020-03-10 02:00,5,1,4,0,0,0
2020-03-10 02:15,2,0,2,0,0,0
2020-03-10 02:30,2,1,1,0,0,0
2020-03-10 02:45,0,0,0,0,0,0
2020-03-10 03:00,1,1,0,0,0,0
2020-03-10 03:15,2,1,1,0,0,0
2020-03-10 03:30,0,0,0,0,0,0
2020-03-10 03:45,0,0,0,0,0,0
2020-03-10 04:00,4,1,3,0,0,0
2020-03-10 04:15,3,0,3,0,0,0
2020-03-10 04:30,5,2,3,0,0,0
2020-03-10 04:45,3,0,3,0,0,0
2020-03-10 05:00,4,3,1,0,0,0
2020-03-10 05:15,9,2,7,0,0,0
2020-03-10 05:30,8,4,4,0,0,0
2020-03-10 05:45,17,7,10,0,0,0
2020-03-10 06:00,21,8,13,0,0,0
2020-03-10 06:15,25,15,10,0,0,0
2020-03-10 06:30,50,17,33,0,0,0
2020-03-10 06:45,71,27,44,0,0,0
2020-03-10 07:00,64,29,35,0,0,0
2020-03-10 07:15,75,36,39,0,0,0
2020-03-10 07:30,104,50,54,0,0,0
2020-03-10 07:45,139,76,63,0,0,0
2020-03-10 08:00,112,49,63,0,0,0
2020-03-10 08:15,115,67,48,0,0,0
2020-03-10 08:30,97,44,53,0,0,0
2020-03-10 08:45,125,60,65,0,0,0
2020-03-10 09:00,86,37,49,0,0,0
2020-03-10 09:15,93,43,50,0,0,0
2020-03-10 09:30,62,17,45,0,0,0
2020-03-10 09:45,86,40,46,0,0,0
2020-03-10 10:00,79,39,40,0,0,0
2020-03-10 10:15,59,30,29,0,0,0
2020-03-10 10:30,59,21,38,0,0,0
2020-03-10 10:45,82,39,43,0,0,0
2020-03-10 11:00,47,20,27,0,0,0
2020-03-10 11:15,62,28,34,0,0,0
2020-03-10 11:30,72,37,35,0,0,0
2020-03-10 11:45,68,31,37,0,0,0
2020-03-10 12:00,77,33,44,0,0,0
2020-03-10 12:15,65,29,36,0,0,0
2020-03-10 12:30,74,29,45,0,0,0
2020-03-10 12:45,93,46,47,0,0,0
2020-03-10 13:00,84,40,44,0,0,0
2020-03-10 13:15,83,50,33,0,0,0
2020-03-10 13:30,76,30,46,0,0,0
2020-03-10 13:45,89,47,42,0,0,0
2020-03-10 14:00,78,39,39,0,0,0
2020-03-10 14:15,72,23,49,0,0,0
2020-03-10 14:30,96,41,55,0,0,0
2020-03-10 14:45,77,33,44,0,0,0
2020-03-10 15:00,86,45,41,0,0,0
2020-03-10 15:15,77,34,43,0,0,0
2020-03-10 15:30,71,37,34,0,0,0
2020-03-10 15:45,87,45,42,0,0,0
2020-03-10 16:00,106,53,53,0,0,0
2020-03-10 16:15,105,46,59,0,0,0
2020-03-10 16:30,104,46,58,0,0,0
2020-03-10 16:45,128,51,77,0,0,0
2020-03-10 17:00,137,52,85,0,0,0
2020-03-10 17:15,136,57,79,0,0,0
2020-03-10 17:30,133,65,68,0,0,0
2020-03-10 17:45,144,69,75,0,0,0
2020-03-10 18:00,136,61,75,0,0,0
2020-03-10 18:15,122,62,60,0,0,0
2020-03-10 18:30,121,55,66,0,0,0
2020-03-10 18:45,109,55,54,0,0,0
2020-03-10 19:00,72,29,43,0,0,0
2020-03-10 19:15,79,49,30,0,0,0
2020-03-10 19:30,81,42,39,0,0,0
2020-03-10 19:45,82,45,37,0,0,0
2020-03-10 20:00,69,45,24,0,0,0
2020-03-10 20:15,53,31,22,0,0,0
2020-03-10 20:30,51,31,20,0,0,0
2020-03-10 20:45,49,19,30,0,0,0
2020-03-10 21:00,54,27,27,0,0,0
2020-03-10 21:15,37,13,24,0,0,0
2020-03-10 21:30,41,18,23,0,0,0
2020-03-10 21:45,37,9,28,0,0,0
2020-03-10 22:00,35,12,23,0,0,0
2020-03-10 22:15,33,12,21,0,0,0
2020-03-10 22:30,64,12,52,0,0,0
2020-03-10 22:45,22,10,12,0,0,0
2020-03-10 23:00,19,4,15,0,0,0
2020-03-10 23:15,12,6,6,0,0,0
2020-03-10 23:30,13,5,8,0,0,0
2020-03-10 23:45,12,2,10,0,0,0
2020-03-11 00:00,15,5,10,0,0,0
2020-03-11 00:15,7,4,3,0,0,0
2020-03-11 00:30,7,5,2,0,0,0
2020-03-11 00:45,9,5,4,0,0,0
2020-03-11 01:00,1,1,0,0,0,0
2020-03-11 01:15,7,1,6,0,0,0
2020-03-11 01:30,1,0,1,0,0,0
2020-03-11 01:45,1,0,1,0,0,0
2020-03-11 02:00,2,1,1,0,0,0
2020-03-11 02:15,1,1,0,0,0,0
2020-03-11 02:30,2,1,1,0,0,0
2020-03-11 02:45,0,0,0,0,0,0
2020-03-11 03:00,0,0,0,0,0,0
2020-03-11 03:15,0,0,0,0,0,0
2020-03-11 03:30,4,2,2,0,0,0
2020-03-11 03:45,3,1,2,0,0,0
2020-03-11 04:00,5,3,2,0,0,0
2020-03-11 04:15,2,1,1,0,0,0
2020-03-11 04:30,5,1,4,0,0,0
2020-03-11 04:45,2,1,1,0,0,0
2020-03-11 05:00,6,1,5,0,0,0
2020-03-11 05:15,4,2,2,0,0,0
2020-03-11 05:30,14,8,6,0,0,0
2020-03-11 05:45,19,7,12,0,0,0
2020-03-11 06:00,25,11,14,0,0,0
2020-03-11 06:15,35,16,19,0,0,0
2020-03-11 06:30,37,11,26,0,0,0
2020-03-11 06:45,80,26,54,0,0,0
2020-03-11 07:00,87,52,35,0,0,0
2020-03-11 07:15,75,29,46,0,0,0
2020-03-11 07:30,118,54,64,0,0,0
2020-03-11 07:45,131,68,63,0,0,0
2020-03-11 08:00,127,71,56,0,0,0
2020-03-11 08:15,127,79,48,0,0,0
2020-03-11 08:30,118,42,76,0,0,0
2020-03-11 08:45,126,59,67,0,0,0
2020-03-11 09:00,76,30,46,0,0,0
2020-03-11 09:15,99,28,71,0,0,0
2020-03-11 09:30,76,28,48,0,0,0
2020-03-11 09:45,97,38,59,0,0,0
2020-03-11 10:00,88,32,56,0,0,0
2020-03-11 10:15,80,31,49,0,0,0
2020-03-11 10:30,90,30,60,0,0,0
2020-03-11 10:45,93,48,45,0,0,0
2020-03-11 11:00,85,33,52,0,0,0
2020-03-11 11:15,76,30,46,0,0,0
2020-03-11 11:30,94,29,65,0,0,0
2020-03-11 11:45,107,44,63,0,0,0
2020-03-11 12:00,112,41,71,0,0,0
2020-03-11 12:15,108,51,57,0,0,0
2020-03-11 12:30,93,42,51,0,0,0
2020-03-11 12:45,116,58,58,0,0,0
2020-03-11 13:00,119,51,68,0,0,0
2020-03-11 13:15,76,39,37,0,0,0
2020-03-11 13:30,92,50,42,0,0,0
2020-03-11 13:45,105,50,55,0,0,0
2020-03-11 14:00,122,66,56,0,0,0
2020-03-11 14:15,83,39,44,0,0,0
2020-03-11 14:30,110,51,59,0,0,0
2020-03-11 14:45,114,59,55,0,0,0
2020-03-11 15:00,99,46,53,0,0,0
2020-03-11 15:15,114,44,70,0,0,0
2020-03-11 15:30,110,46,64,0,0,0
2020-03-11 15:45,130,60,70,0,0,0
2020-03-11 16:00,119,70,49,0,0,0
2020-03-11 16:15,127,83,44,0,0,0
2020-03-11 16:30,142,73,69,0,0,0
2020-03-11 16:45,149,77,72,0,0,0
2020-03-11 17:00,156,70,86,0,0,0
2020-03-11 17:15,161,79,82,0,0,0
2020-03-11 17:30,171,77,94,0,0,0
2020-03-11 17:45,164,97,67,0,0,0
2020-03-11 18:00,173,88,85,0,0,0
2020-03-11 18:15,130,67,63,0,0,0
2020-03-11 18:30,122,59,63,0,0,0
2020-03-11 18:45,110,52,58,0,0,0
2020-03-11 19:00,112,52,60,0,0,0
2020-03-11 19:15,94,44,50,0,0,0
2020-03-11 19:30,103,54,49,0,0,0
2020-03-11 19:45,120,55,65,0,0,0
2020-03-11 20:00,107,57,50,0,0,0
2020-03-11 20:15,84,44,40,0,0,0
2020-03-11 20:30,67,24,43,0,0,0
2020-03-11 20:45,62,22,40,0,0,0
2020-03-11 21:00,57,24,33,0,0,0
2020-03-11 21:15,81,39,42,0,0,0
2020-03-11 21:30,43,15,28,0,0,0
2020-03-11 21:45,54,20,34,0,0,0
2020-03-11 22:00,39,19,20,0,0,0
2020-03-11 22:15,38,13,25,0,0,0
2020-03-11 22:30,76,17,59,0,0,0
2020-03-11 22:45,33,7,26,0,0,0
2020-03-11 23:00,37,16,21,0,0,0
2020-03-11 23:15,31,17,14,0,0,0
2020-03-11 23:30,32,14,18,0,0,0
2020-03-11 23:45,19,12,7,0,0,0
2020-03-12 00:00,22,7,15,0,0,0
2020-03-12 00:15,16,5,11,0,0,0
2020-03-12 00:30,19,5,14,0,0,0
2020-03-12 00:45,12,7,5,0,0,0
2020-03-12 01:00,14,4,10,0,0,0
2020-03-12 01:15,6,1,5,0,0,0
2020-03-12 01:30,4,2,2,0,0,0
2020-03-12 01:45,9,1,8,0,0,0
2020-03-12 02:00,5,1,4,0,0,0
2020-03-12 02:15,5,4,1,0,0,0
2020-03-12 02:30,3,1,2,0,0,0
2020-03-12 02:45,3,2,1,0,0,0
2020-03-12 03:00,1,1,0,0,0,0
2020-03-12 03:15,2,1,1,0,0,0
2020-03-12 03:30,3,1,2,0,0,0
2020-03-12 03:45,4,1,3,0,0,0
2020-03-12 04:00,3,1,2,0,0,0
2020-03-12 04:15,7,2,5,0,0,0
2020-03-12 04:30,5,0,5,0,0,0
2020-03-12 04:45,5,2,3,0,0,0
2020-03-12 05:00,2,2,0,0,0,0
2020-03-12 05:15,6,3,3,0,0,0
2020-03-12 05:30,7,2,5,0,0,0
2020-03-12 05:45,13,7,6,0,0,0
2020-03-12 06:00,19,6,13,0,0,0
2020-03-12 06:15,24,11,13,0,0,0
2020-03-12 06:30,48,18,30,0,0,0
2020-03-12 06:45,77,30,47,0,0,0
2020-03-12 07:00,73,37,36,0,0,0
2020-03-12 07:15,70,33,37,0,0,0
2020-03-12 07:30,112,49,63,0,0,0
2020-03-12 07:45,135,62,73,0,0,0
2020-03-12 08:00,114,61,53,0,0,0
2020-03-12 08:15,146,79,67,0,0,0
2020-03-12 08:30,134,64,70,0,0,0
2020-03-12 08:45,133,70,63,0,0,0
2020-03-12 09:00,89,44,45,0,0,0
2020-03-12 09:15,79,28,51,0,0,0
2020-03-12 09:30,70,30,40,0,0,0
2020-03-12 09:45,75,31,44,0,0,0
2020-03-12 10:00,81,32,49,0,0,0
2020-03-12 10:15,91,39,52,0,0,0
2020-03-12 10:30,72,28,44,0,0,0
2020-03-12 10:45,88,40,48,0,0,0
2020-03-12 11:00,64,24,40,0,0,0
2020-03-12 11:15,65,17,48,0,0,0
2020-03-12 11:30,85,31,54,0,0,0
2020-03-12 11:45,109,56,53,0,0,0
2020-03-12 12:00,94,45,49,0,0,0
2020-03-12 12:15,114,55,59,0,0,0
2020-03-12 12:30,108,44,64,0,0,0
2020-03-12 12:45,105,42,63,0,0,0
2020-03-12 13:00,97,53,44,0,0,0
2020-03-12 13:15,98,43,55,0,0,0
2020-03-12 13:30,116,53,63,0,0,0
2020-03-12 13:45,136,69,67,0,0,0
2020-03-12 14:00,86,46,40,0,0,0
2020-03-12 14:15,101,49,52,0,0,0
2020-03-12 14:30,103,42,61,0,0,0
2020-03-12 14:45,80,38,42,0,0,0
2020-03-12 15:00,152,79,73,0,0,0
2020-03-12 15:15,98,56,42,0,0,0
2020-03-12 15:30,112,47,65,0,0,0
2020-03-12 15:45,161,70,91,0,0,0
2020-03-12 16:00,109,51,58,0,0,0
2020-03-12 16:15,119,54,65,0,0,0
2020-03-12 16:30,99,45,54,0,0,0
2020-03-12 16:45,146,65,81,0,0,0
2020-03-12 17:00,137,60,77,0,0,0
2020-03-12 17:15,121,65,56,0,0,0
2020-03-12 17:30,142,69,73,0,0,0
2020-03-12 17:45,171,77,94,0,0,0
2020-03-12 18:00,136,62,74,0,0,0
2020-03-12 18:15,119,65,54,0,0,0
2020-03-12 18:30,118,52,66,0,0,0
2020-03-12 18:45,127,79,48,0,0,0
2020-03-12 19:00,90,60,30,0,0,0
2020-03-12 19:15,108,62,46,0,0,0
2020-03-12 19:30,97,54,43,0,0,0
2020-03-12 19:45,86,39,47,0,0,0
2020-03-12 20:00,78,42,36,0,0,0
2020-03-12 20:15,63,30,33,0,0,0
2020-03-12 20:30,55,19,36,0,0,0
2020-03-12 20:45,48,15,33,0,0,0
2020-03-12 21:00,49,26,23,0,0,0
2020-03-12 21:15,51,15,36,0,0,0
2020-03-12 21:30,37,18,19,0,0,0
2020-03-12 21:45,39,21,18,0,0,0
2020-03-12 22:00,30,11,19,0,0,0
2020-03-12 22:15,51,16,35,0,0,0
2020-03-12 22:30,39,14,25,0,0,0
2020-03-12 22:45,47,14,33,0,0,0
2020-03-12 23:00,28,4,24,0,0,0
2020-03-12 23:15,24,6,18,0,0,0
2020-03-12 23:30,10,5,5,0,0,0
2020-03-12 23:45,11,4,7,0,0,0
2020-03-13 00:00,11,7,4,0,0,0
2020-03-13 00:15,11,2,9,0,0,0
2020-03-13 00:30,10,2,8,0,0,0
2020-03-13 00:45,7,5,2,0,0,0
2020-03-13 01:00,4,2,2,0,0,0
2020-03-13 01:15,4,2,2,0,0,0
2020-03-13 01:30,4,3,1,0,0,0
2020-03-13 01:45,3,1,2,0,0,0
2020-03-13 02:00,1,1,0,0,0,0
2020-03-13 02:15,2,1,1,0,0,0
2020-03-13 02:30,3,3,0,0,0,0
2020-03-13 02:45,2,0,2,0,0,0
2020-03-13 03:00,0,0,0,0,0,0
2020-03-13 03:15,2,0,2,0,0,0
2020-03-13 03:30,0,0,0,0,0,0
2020-03-13 03:45,3,1,2,0,0,0
2020-03-13 04:00,2,1,1,0,0,0
2020-03-13 04:15,2,0,2,0,0,0
2020-03-13 04:30,4,1,3,0,0,0
2020-03-13 04:45,4,1,3,0,0,0
2020-03-13 05:00,2,2,0,0,0,0
2020-03-13 05:15,6,2,4,0,0,0
2020-03-13 05:30,16,8,8,0,0,0
2020-03-13 05:45,19,11,8,0,0,0
2020-03-13 06:00,19,6,13,0,0,0
2020-03-13 06:15,33,14,19,0,0,0
2020-03-13 06:30,38,12,26,0,0,0
2020-03-13 06:45,44,15,29,0,0,0
2020-03-13 07:00,54,23,31,0,0,0
2020-03-13 07:15,82,32,50,0,0,0
2020-03-13 07:30,113,49,64,0,0,0
2020-03-13 07:45,135,61,74,0,0,0
2020-03-13 08:00,123,57,66,0,0,0
2020-03-13 08:15,109,56,53,0,0,0
2020-03-13 08:30,107,51,56,0,0,0
2020-03-13 08:45,113,42,71,0,0,0
2020-03-13 09:00,76,42,34,0,0,0
2020-03-13 09:15,79,34,45,0,0,0
2020-03-13 09:30,59,27,32,0,0,0
2020-03-13 09:45,88,37,51,0,0,0
2020-03-13 10:00,62,33,29,0,0,0
2020-03-13 10:15,76,30,46,0,0,0
2020-03-13 10:30,80,33,47,0,0,0
2020-03-13 10:45,71,36,35,0,0,0
2020-03-13 11:00,63,30,33,0,0,0
2020-03-13 11:15,82,24,58,0,0,0
2020-03-13 11:30,70,25,45,0,0,0
2020-03-13 11:45,88,51,37,0,0,0
2020-03-13 12:00,96,40,56,0,0,0
2020-03-13 12:15,99,36,63,0,0,0
2020-03-13 12:30,85,40,45,0,0,0
2020-03-13 12:45,84,41,43,0,0,0
2020-03-13 13:00,94,39,55,0,0,0
2020-03-13 13:15,85,31,54,0,0,0
2020-03-13 13:30,82,39,43,0,0,0
2020-03-13 13:45,106,52,54,0,0,0
2020-03-13 14:00,81,44,37,0,0,0
2020-03-13 14:15,91,48,43,0,0,0
2020-03-13 14:30,86,39,47,0,0,0
2020-03-13 14:45,91,40,51,0,0,0
2020-03-13 15:00,87,40,47,0,0,0
2020-03-13 15:15,86,41,45,0,0,0
2020-03-13 15:30,97,51,46,0,0,0
2020-03-13 15:45,97,58,39,0,0,0
2020-03-13 16:00,98,44,54,0,0,0
2020-03-13 16:15,114,57,57,0,0,0
2020-03-13 16:30,89,39,50,0,0,0
2020-03-13 16:45,102,53,49,0,0,0
2020-03-13 17:00,105,39,66,0,0,0
2020-03-13 17:15,111,38,73,0,0,0
2020-03-13 17:30,95,54,41,0,0,0
2020-03-13 17:45,98,54,44,0,0,0
2020-03-13 18:00,85,35,50,0,0,0
2020-03-13 18:15,80,41,39,0,0,0
2020-03-13 18:30,73,40,33,0,0,0
2020-03-13 18:45,86,43,43,0,0,0
2020-03-13 19:00,109,62,47,0,0,0
2020-03-13 19:15,98,54,44,0,0,0
2020-03-13 19:30,79,32,47,0,0,0
2020-03-13 19:45,64,30,34,0,0,0
2020-03-13 20:00,79,41,38,0,0,0
2020-03-13 20:15,63,33,30,0,0,0
2020-03-13 20:30,45,27,18,0,0,0
2020-03-13 20:45,57,27,30,0,0,0
2020-03-13 21:00,46,24,22,0,0,0
2020-03-13 21:15,36,22,14,0,0,0
2020-03-13 21:30,43,26,17,0,0,0
2020-03-13 21:45,25,13,12,0,0,0
2020-03-13 22:00,35,15,20,0,0,0
2020-03-13 22:15,24,12,12,0,0,0
2020-03-13 22:30,41,16,25,0,0,0
2020-03-13 22:45,29,15,14,0,0,0
2020-03-13 23:00,28,12,16,0,0,0
2020-03-13 23:15,31,11,20,0,0,0
2020-03-13 23:30,26,16,10,0,0,0
2020-03-13 23:45,23,14,9,0,0,0
2020-03-14 00:00,33,11,22,0,0,0
2020-03-14 00:15,29,16,13,0,0,0
2020-03-14 00:30,29,7,22,0,0,0
2020-03-14 00:45,16,9,7,0,0,0
2020-03-14 01:00,29,14,15,0,0,0
2020-03-14 01:15,10,3,7,0,0,0
2020-03-14 01:30,6,3,3,0,0,0
2020-03-14 01:45,12,4,8,0,0,0
2020-03-14 02:00,14,3,11,0,0,0
2020-03-14 02:15,5,4,1,0,0,0
2020-03-14 02:30,10,5,5,0,0,0
2020-03-14 02:45,6,2,4,0,0,0
2020-03-14 03:00,12,8,4,0,0,0
2020-03-14 03:15,9,6,3,0,0,0
2020-03-14 03:30,6,6,0,0,0,0
2020-03-14 03:45,6,1,5,0,0,0
2020-03-14 04:00,5,1,4,0,0,0
2020-03-14 04:15,1,1,0,0,0,0
2020-03-14 04:30,5,1,4,0,0,0
2020-03-14 04:45,6,3,3,0,0,0
2020-03-14 05:00,0,0,0,0,0,0
2020-03-14 05:15,7,4,3,0,0,0
2020-03-14 05:30,13,4,9,0,0,0
2020-03-14 05:45,11,1,10,0,0,0
2020-03-14 06:00,4,1,3,0,0,0
2020-03-14 06:15,4,3,1,0,0,0
2020-03-14 06:30,8,3,5,0,0,0
2020-03-14 06:45,8,5,3,0,0,0
2020-03-14 07:00,8,3,5,0,0,0
2020-03-14 07:15,12,7,5,0,0,0
2020-03-14 07:30,20,3,17,0,0,0
2020-03-14 07:45,20,7,13,0,0,0
2020-03-14 08:00,15,6,9,0,0,0
2020-03-14 08:15,17,7,10,0,0,0
2020-03-14 08:30,27,7,20,0,0,0
2020-03-14 08:45,27,12,15,0,0,0
2020-03-14 09:00,34,16,18,0,0,0
2020-03-14 09:15,55,21,34,0,0,0
2020-03-14 09:30,52,21,31,0,0,0
2020-03-14 09:45,42,19,23,0,0,0
2020-03-14 10:00,47,23,24,0,0,0
2020-03-14 10:15,54,28,26,0,0,0
2020-03-14 10:30,32,16,16,0,0,0
2020-03-14 10:45,52,28,24,0,0,0
2020-03-14 11:00,60,21,39,0,0,0
2020-03-14 11:15,56,20,36,0,0,0
2020-03-14 11:30,73,39,34,0,0,0
2020-03-14 11:45,72,44,28,0,0,0
2020-03-14 12:00,88,48,40,0,0,0
2020-03-14 12:15,72,32,40,0,0,0
2020-03-14 12:30,66,26,40,0,0,0
2020-03-14 12:45,78,36,42,0,0,0
2020-03-14 13:00,77,34,43,0,0,0
2020-03-14 13:15,70,34,36,0,0,0
2020-03-14 13:30,93,47,46,0,0,0
2020-03-14 13:45,92,39,53,0,0,0
2020-03-14 14:00,98,53,45,0,0,0
2020-03-14 14:15,89,39,50,0,0,0
2020-03-14 14:30,85,48,37,0,0,0
2020-03-14 14:45,100,53,47,0,0,0
2020-03-14 15:00,79,34,45,0,0,0
2020-03-14 15:15,78,39,39,0,0,0
2020-03-14 15:30,75,30,45,0,0,0
2020-03-14 15:45,84,47,37,0,0,0
2020-03-14 16:00,85,41,44,0,0,0
2020-03-14 16:15,76,33,43,0,0,0
2020-03-14 16:30,63,28,35,0,0,0
2020-03-14 16:45,90,36,54,0,0,0
2020-03-14 17:00,85,38,47,0,0,0
2020-03-14 17:15,91,36,55,0,0,0
2020-03-14 17:30,57,31,26,0,0,0
2020-03-14 17:45,80,36,44,0,0,0
2020-03-14 18:00,66,28,38,0,0,0
2020-03-14 18:15,63,34,29,0,0,0
2020-03-14 18:30,64,37,27,0,0,0
2020-03-14 18:45,59,27,32,0,0,0
2020-03-14 19:00,65,30,35,0,0,0
2020-03-14 19:15,55,31,24,0,0,0
2020-03-14 19:30,72,35,37,0,0,0
2020-03-14 19:45,54,19,35,0,0,0
2020-03-14 20:00,59,36,23,0,0,0
2020-03-14 20:15,52,27,25,0,0,0
2020-03-14 20:30,46,21,25,0,0,0
2020-03-14 20:45,28,15,13,0,0,0
2020-03-14 21:00,31,19,12,0,0,0
2020-03-14 21:15,29,18,11,0,0,0
2020-03-14 21:30,29,17,12,0,0,0
2020-03-14 21:45,27,11,16,0,0,0
2020-03-14 22:00,35,15,20,0,0,0
2020-03-14 22:15,28,10,18,0,0,0
2020-03-14 22:30,40,9,31,0,0,0
2020-03-14 22:45,21,5,16,0,0,0
2020-03-14 23:00,34,11,23,0,0,0
2020-03-14 23:15,21,8,13,0,0,0
2020-03-14 23:30,19,6,13,0,0,0
2020-03-14 23:45,24,10,14,0,0,0
2020-03-15 00:00,11,6,5,0,0,0
2020-03-15 00:15,19,11,8,0,0,0
2020-03-15 00:30,17,9,8,0,0,0
2020-03-15 00:45,19,13,6,0,0,0
2020-03-15 01:00,10,3,7,0,0,0
2020-03-15 01:15,12,3,9,0,0,0
2020-03-15 01:30,14,7,7,0,0,0
2020-03-15 01:45,15,5,10,0,0,0
2020-03-15 02:00,13,4,9,0,0,0
2020-03-15 02:15,14,3,11,0,0,0
2020-03-15 02:30,9,4,5,0,0,0
2020-03-15 02:45,17,4,13,0,0,0
2020-03-15 03:00,7,1,6,0,0,0
2020-03-15 03:15,12,9,3,0,0,0
2020-03-15 03:30,7,4,3,0,0,0
2020-03-15 03:45,13,3,10,0,0,0
2020-03-15 04:00,4,1,3,0,0,0
2020-03-15 04:15,6,4,2,0,0,0
2020-03-15 04:30,10,8,2,0,0,0
2020-03-15 04:45,6,0,6,0,0,0
2020-03-15 05:00,0,0,0,0,0,0
2020-03-15 05:15,4,3,1,0,0,0
2020-03-15 05:30,10,5,5,0,0,0
2020-03-15 05:45,7,3,4,0,0,0
2020-03-15 06:00,7,5,2,0,0,0
2020-03-15 06:15,1,1,0,0,0,0
2020-03-15 06:30,4,1,3,0,0,0
2020-03-15 06:45,8,3,5,0,0,0
2020-03-15 07:00,4,2,2,0,0,0
2020-03-15 07:15,6,3,3,0,0,0
2020-03-15 07:30,11,2,9,0,0,0
2020-03-15 07:45,1,0,1,0,0,0
2020-03-15 08:00,12,4,8,0,0,0
2020-03-15 08:15,1,1,0,0,0,0
2020-03-15 08:30,15,7,8,0,0,0
2020-03-15 08:45,14,3,11,0,0,0
2020-03-15 09:00,13,1,12,0,0,0
2020-03-15 09:15,18,10,8,0,0,0
2020-03-15 09:30,16,8,8,0,0,0
2020-03-15 09:45,27,8,19,0,0,0
2020-03-15 10:00,22,9,13,0,0,0
2020-03-15 10:15,28,10,18,0,0,0
2020-03-15 10:30,40,24,16,0,0,0
2020-03-15 10:45,38,14,24,0,0,0
2020-03-15 11:00,33,11,22,0,0,0
2020-03-15 11:15,30,11,19,0,0,0
2020-03-15 11:30,26,15,11,0,0,0
2020-03-15 11:45,55,23,32,0,0,0
2020-03-15 12:00,45,19,26,0,0,0
2020-03-15 12:15,43,14,29,0,0,0
2020-03-15 12:30,44,15,29,0,0,0
2020-03-15 12:45,59,25,34,0,0,0
2020-03-15 13:00,53,17,36,0,0,0
2020-03-15 13:15,56,23,33,0,0,0
2020-03-15 13:30,57,17,40,0,0,0
2020-03-15 13:45,59,19,40,0,0,0
2020-03-15 14:00,67,37,30,0,0,0
2020-03-15 14:15,67,32,35,0,0,0
2020-03-15 14:30,57,31,26,0,0,0
2020-03-15 14:45,75,43,32,0,0,0
2020-03-15 15:00,64,30,34,0,0,0
2020-03-15 15:15,56,29,27,0,0,0
2020-03-15 15:30,58,21,37,0,0,0
2020-03-15 15:45,60,28,32,0,0,0
2020-03-15 16:00,82,38,44,0,0,0
2020-03-15 16:15,49,14,35,0,0,0
2020-03-15 16:30,39,15,24,0,0,0
2020-03-15 16:45,61,28,33,0,0,0
2020-03-15 17:00,62,34,28,0,0,0
2020-03-15 17:15,50,21,29,0,0,0
2020-03-15 17:30,60,29,31,0,0,0
2020-03-15 17:45,66,30,36,0,0,0
2020-03-15 18:00,60,25,35,0,0,0
2020-03-15 18:15,51,23,28,0,0,0
2020-03-15 18:30,38,13,25,0,0,0
2020-03-15 18:45,44,22,22,0,0,0
2020-03-15 19:00,38,13,25,0,0,0
2020-03-15 19:15,34,18,16,0,0,0
2020-03-15 19:30,48,26,22,0,0,0
2020-03-15 19:45,46,24,22,0,0,0
2020-03-15 20:00,38,15,23,0,0,0
2020-03-15 20:15,46,19,27,0,0,0
2020-03-15 20:30,37,13,24,0,0,0
2020-03-15 20:45,38,16,22,0,0,0
2020-03-15 21:00,27,13,14,0,0,0
2020-03-15 21:15,22,10,12,0,0,0
2020-03-15 21:30,24,9,15,0,0,0
2020-03-15 21:45,17,9,8,0,0,0
2020-03-15 22:00,23,9,14,0,0,0
2020-03-15 22:15,12,4,8,0,0,0
2020-03-15 22:30,12,4,8,0,0,0
2020-03-15 22:45,10,3,7,0,0,0
2020-03-15 23:00,10,3,7,0,0,0
2020-03-15 23:15,11,3,8,0,0,0
2020-03-15 23:30,13,6,7,0,0,0
2020-03-15 23:45,12,5,7,0,0,0
2020-03-16 00:00,8,5,3,0,0,0
2020-03-16 00:15,7,0,7,0,0,0
2020-03-16 00:30,5,0,5,0,0,0
2020-03-16 00:45,5,2,3,0,0,0
2020-03-16 01:00,4,3,1,0,0,0
2020-03-16 01:15,1,0,1,0,0,0
2020-03-16 01:30,2,1,1,0,0,0
2020-03-16 01:45,4,2,2,0,0,0
2020-03-16 02:00,2,0,2,0,0,0
2020-03-16 02:15,1,0,1,0,0,0
2020-03-16 02:30,0,0,0,0,0,0
2020-03-16 02:45,0,0,0,0,0,0
2020-03-16 03:00,1,0,1,0,0,0
2020-03-16 03:15,0,0,0,0,0,0
2020-03-16 03:30,3,0,3,0,0,0
2020-03-16 03:45,2,2,0,0,0,0
2020-03-16 04:00,1,0,1,0,0,0
2020-03-16 04:15,1,1,0,0,0,0
2020-03-16 04:30,3,1,2,0,0,0
2020-03-16 04:45,6,3,3,0,0,0
2020-03-16 05:00,0,0,0,0,0,0
2020-03-16 05:15,3,3,0,0,0,0
2020-03-16 05:30,15,8,7,0,0,0
2020-03-16 05:45,15,11,4,0,0,0
2020-03-16 06:00,21,8,13,0,0,0
2020-03-16 06:15,42,18,24,0,0,0
2020-03-16 06:30,48,19,29,0,0,0
2020-03-16 06:45,83,48,35,0,0,0
2020-03-16 07:00,88,46,42,0,0,0
2020-03-16 07:15,80,38,42,0,0,0
2020-03-16 07:30,106,46,60,0,0,0
2020-03-16 07:45,128,78,50,0,0,0
2020-03-16 08:00,106,59,47,0,0,0
2020-03-16 08:15,104,64,40,0,0,0
2020-03-16 08:30,116,60,56,0,0,0
2020-03-16 08:45,107,51,56,0,0,0
2020-03-16 09:00,83,33,50,0,0,0
2020-03-16 09:15,83,27,56,0,0,0
2020-03-16 09:30,96,36,60,0,0,0
2020-03-16 09:45,89,26,63,0,0,0
2020-03-16 10:00,75,41,34,0,0,0
2020-03-16 10:15,83,33,50,0,0,0
2020-03-16 10:30,83,38,45,0,0,0
2020-03-16 10:45,81,45,36,0,0,0
2020-03-16 11:00,88,51,37,0,0,0
2020-03-16 11:15,96,51,45,0,0,0
2020-03-16 11:30,68,32,36,0,0,0
2020-03-16 11:45,87,38,49,0,0,0
2020-03-16 12:00,91,32,59,0,0,0
2020-03-16 12:15,102,44,58,0,0,0
2020-03-16 12:30,91,51,40,0,0,0
2020-03-16 12:45,102,34,68,0,0,0
2020-03-16 13:00,119,58,61,0,0,0
2020-03-16 13:15,107,49,58,0,0,0
2020-03-16 13:30,84,37,47,0,0,0
2020-03-16 13:45,111,58,53,0,0,0
2020-03-16 14:00,93,50,43,0,0,0
2020-03-16 14:15,94,40,54,0,0,0
2020-03-16 14:30,107,45,62,0,0,0
2020-03-16 14:45,110,53,57,0,0,0
2020-03-16 15:00,104,56,48,0,0,0
2020-03-16 15:15,96,51,45,0,0,0
2020-03-16 15:30,124,56,68,0,0,0
2020-03-16 15:45,136,65,71,0,0,0
2020-03-16 16:00,133,72,61,0,0,0
2020-03-16 16:15,127,62,65,0,0,0
2020-03-16 16:30,119,54,65,0,0,0
2020-03-16 16:45,133,66,67,0,0,0
2020-03-16 17:00,143,77,66,0,0,0
2020-03-16 17:15,150,78,72,0,0,0
2020-03-16 17:30,137,61,76,0,0,0
2020-03-16 17:45,119,51,68,0,0,0
2020-03-16 18:00,105,48,57,0,0,0
2020-03-16 18:15,124,55,69,0,0,0
2020-03-16 18:30,98,43,55,0,0,0
2020-03-16 18:45,105,56,49,0,0,0
2020-03-16 19:00,80,43,37,0,0,0
2020-03-16 19:15,56,26,30,0,0,0
2020-03-16 19:30,62,26,36,0,0,0
2020-03-16 19:45,52,17,35,0,0,0
2020-03-16 20:00,70,27,43,0,0,0
2020-03-16 20:15,43,15,28,0,0,0
2020-03-16 20:30,33,23,10,0,0,0
2020-03-16 20:45,42,15,27,0,0,0
2020-03-16 21:00,21,12,9,0,0,0
2020-03-16 21:15,19,5,14,0,0,0
2020-03-16 21:30,25,10,15,0,0,0
2020-03-16 21:45,10,5,5,0,0,0
2020-03-16 22:00,20,7,13,0,0,0
2020-03-16 22:15,20,5,15,0,0,0
2020-03-16 22:30,11,4,7,0,0,0
2020-03-16 22:45,12,3,9,0,0,0
2020-03-16 23:00,23,6,17,0,0,0
2020-03-16 23:15,10,8,2,0,0,0
2020-03-16 23:30,7,3,4,0,0,0
2020-03-16 23:45,8,2,6,0,0,0
2020-03-17 00:00,5,0,5,0,0,0
2020-03-17 00:15,7,5,2,0,0,0
2020-03-17 00:30,0,0,0,0,0,0
2020-03-17 00:45,8,2,6,0,0,0
2020-03-17 01:00,3,2,1,0,0,0
2020-03-17 01:15,4,1,3,0,0,0
2020-03-17 01:30,5,1,4,0,0,0
2020-03-17 01:45,1,0,1,0,0,0
2020-03-17 02:00,5,2,3,0,0,0
2020-03-17 02:15,0,0,0,0,0,0
2020-03-17 02:30,2,1,1,0,0,0
2020-03-17 02:45,0,0,0,0,0,0
2020-03-17 03:00,1,1,0,0,0,0
2020-03-17 03:15,1,0,1,0,0,0
2020-03-17 03:30,1,0,1,0,0,0
2020-03-17 03:45,1,0,1,0,0,0
2020-03-17 04:00,3,1,2,0,0,0
2020-03-17 04:15,8,4,4,0,0,0
2020-03-17 04:30,4,0,4,0,0,0
2020-03-17 04:45,1,0,1,0,0,0
2020-03-17 05:00,3,1,2,0,0,0
2020-03-17 05:15,8,2,6,0,0,0
2020-03-17 05:30,8,6,2,0,0,0
2020-03-17 05:45,21,12,9,0,0,0
2020-03-17 06:00,23,12,11,0,0,0
2020-03-17 06:15,24,10,14,0,0,0
2020-03-17 06:30,45,17,28,0,0,0
2020-03-17 06:45,69,34,35,0,0,0
2020-03-17 07:00,74,45,29,0,0,0
2020-03-17 07:15,80,37,43,0,0,0
2020-03-17 07:30,78,39,39,0,0,0
2020-03-17 07:45,108,55,53,0,0,0
2020-03-17 08:00,98,57,41,0,0,0
2020-03-17 08:15,81,48,33,0,0,0
2020-03-17 08:30,94,41,53,0,0,0
2020-03-17 08:45,94,50,44,0,0,0
2020-03-17 09:00,87,38,49,0,0,0
2020-03-17 09:15,82,30,52,0,0,0
2020-03-17 09:30,74,30,44,0,0,0
2020-03-17 09:45,94,31,63,0,0,0
2020-03-17 10:00,73,33,40,0,0,0
2020-03-17 10:15,64,24,40,0,0,0
2020-03-17 10:30,81,38,43,0,0,0
2020-03-17 10:45,70,28,42,0,0,0
2020-03-17 11:00,71,29,42,0,0,0
2020-03-17 11:15,77,34,43,0,0,0
2020-03-17 11:30,74,36,38,0,0,0
2020-03-17 11:45,80,39,41,0,0,0
2020-03-17 12:00,90,35,55,0,0,0
2020-03-17 12:15,94,39,55,0,0,0
2020-03-17 12:30,100,47,53,0,0,0
2020-03-17 12:45,84,38,46,0,0,0
2020-03-17 13:00,92,46,46,0,0,0
2020-03-17 13:15,78,45,33,0,0,0
2020-03-17 13:30,93,59,34,0,0,0
2020-03-17 13:45,92,44,48,0,0,0
2020-03-17 14:00,107,55,52,0,0,0
2020-03-17 14:15,91,43,48,0,0,0
2020-03-17 14:30,84,56,28,0,0,0
2020-03-17 14:45,96,52,44,0,0,0
2020-03-17 15:00,108,53,55,0,0,0
2020-03-17 15:15,86,42,44,0,0,0
2020-03-17 15:30,92,34,58,0,0,0
2020-03-17 15:45,148,63,85,0,0,0
2020-03-17 16:00,118,62,56,0,0,0
2020-03-17 16:15,144,77,67,0,0,0
2020-03-17 16:30,123,62,61,0,0,0
2020-03-17 16:45,127,63,64,0,0,0
2020-03-17 17:00,107,42,65,0,0,0
2020-03-17 17:15,132,53,79,0,0,0
2020-03-17 17:30,108,45,63,0,0,0
2020-03-17 17:45,103,46,57,0,0,0
2020-03-17 18:00,111,51,60,0,0,0
2020-03-17 18:15,110,59,51,0,0,0
2020-03-17 18:30,104,51,53,0,0,0
2020-03-17 18:45,75,29,46,0,0,0
2020-03-17 19:00,63,33,30,0,0,0
2020-03-17 19:15,66,40,26,0,0,0
2020-03-17 19:30,63,30,33,0,0,0
2020-03-17 19:45,56,29,27,0,0,0
2020-03-17 20:00,55,29,26,0,0,0
2020-03-17 20:15,37,10,27,0,0,0
2020-03-17 20:30,25,7,18,0,0,0
2020-03-17 20:45,27,12,15,0,0,0
2020-03-17 21:00,27,13,14,0,0,0
2020-03-17 21:15,24,10,14,0,0,0
2020-03-17 21:30,19,7,12,0,0,0
2020-03-17 21:45,17,7,10,0,0,0
2020-03-17 22:00,13,6,7,0,0,0
2020-03-17 22:15,16,10,6,0,0,0
2020-03-17 22:30,10,5,5,0,0,0
2020-03-17 22:45,11,8,3,0,0,0
2020-03-17 23:00,9,2,7,0,0,0
2020-03-17 23:15,7,4,3,0,0,0
2020-03-17 23:30,3,1,2,0,0,0
2020-03-17 23:45,8,5,3,0,0,0
2020-03-18 00:00,3,2,1,0,0,0
2020-03-18 00:15,8,2,6,0,0,0
2020-03-18 00:30,3,1,2,0,0,0
2020-03-18 00:45,5,3,2,0,0,0
2020-03-18 01:00,6,1,5,0,0,0
2020-03-18 01:15,2,2,0,0,0,0
2020-03-18 01:30,5,2,3,0,0,0
2020-03-18 01:45,2,2,0,0,0,0
2020-03-18 02:00,4,3,1,0,0,0
2020-03-18 02:15,2,1,1,0,0,0
2020-03-18 02:30,0,0,0,0,0,0
2020-03-18 02:45,2,1,1,0,0,0
2020-03-18 03:00,0,0,0,0,0,0
2020-03-18 03:15,3,1,2,0,0,0
2020-03-18 03:30,3,0,3,0,0,0
2020-03-18 03:45,0,0,0,0,0,0
2020-03-18 04:00,7,4,3,0,0,0
2020-03-18 04:15,2,0,2,0,0,0
2020-03-18 04:30,0,0,0,0,0,0
2020-03-18 04:45,2,1,1,0,0,0
2020-03-18 05:00,2,1,1,0,0,0
2020-03-18 05:15,1,0,1,0,0,0
2020-03-18 05:30,20,10,10,0,0,0
2020-03-18 05:45,15,13,2,0,0,0
2020-03-18 06:00,20,9,11,0,0,0
2020-03-18 06:15,25,14,11,0,0,0
2020-03-18 06:30,35,12,23,0,0,0
2020-03-18 06:45,73,47,26,0,0,0
2020-03-18 07:00,70,35,35,0,0,0
2020-03-18 07:15,90,45,45,0,0,0
2020-03-18 07:30,86,46,40,0,0,0
2020-03-18 07:45,124,66,58,0,0,0
2020-03-18 08:00,76,44,32,0,0,0
2020-03-18 08:15,72,41,31,0,0,0
2020-03-18 08:30,68,29,39,0,0,0
2020-03-18 08:45,89,36,53,0,0,0
2020-03-18 09:00,57,25,32,0,0,0
2020-03-18 09:15,71,33,38,0,0,0
2020-03-18 09:30,68,36,32,0,0,0
2020-03-18 09:45,84,39,45,0,0,0
2020-03-18 10:00,58,23,35,0,0,0
2020-03-18 10:15,70,31,39,0,0,0
2020-03-18 10:30,90,46,44,0,0,0
2020-03-18 10:45,82,42,40,0,0,0
2020-03-18 11:00,82,44,38,0,0,0
2020-03-18 11:15,80,39,41,0,0,0
2020-03-18 11:30,82,45,37,0,0,0
2020-03-18 11:45,81,29,52,0,0,0
2020-03-18 12:00,100,46,54,0,0,0
2020-03-18 12:15,76,34,42,0,0,0
2020-03-18 12:30,75,43,32,0,0,0
2020-03-18 12:45,101,55,46,0,0,0
2020-03-18 13:00,87,49,38,0,0,0
2020-03-18 13:15,97,46,51,0,0,0
2020-03-18 13:30,96,54,42,0,0,0
2020-03-18 13:45,87,46,41,0,0,0
2020-03-18 14:00,85,42,43,0,0,0
2020-03-18 14:15,113,56,57,0,0,0
2020-03-18 14:30,85,30,55,0,0,0
2020-03-18 14:45,93,43,50,0,0,0
2020-03-18 15:00,79,40,39,0,0,0
2020-03-18 15:15,79,36,43,0,0,0
2020-03-18 15:30,86,46,40,0,0,0
2020-03-18 15:45,102,47,55,0,0,0
2020-03-18 16:00,110,59,51,0,0,0
2020-03-18 16:15,112,63,49,0,0,0
2020-03-18 16:30,100,53,47,0,0,0
2020-03-18 16:45,117,45,72,0,0,0
2020-03-18 17:00,100,45,55,0,0,0
2020-03-18 17:15,115,56,59,0,0,0
2020-03-18 17:30,92,40,52,0,0,0
2020-03-18 17:45,105,47,58,0,0,0
2020-03-18 18:00,96,46,50,0,0,0
2020-03-18 18:15,74,34,40,0,0,0
2020-03-18 18:30,89,44,45,0,0,0
2020-03-18 18:45,73,34,39,0,0,0
2020-03-18 19:00,62,23,39,0,0,0
2020-03-18 19:15,53,29,24,0,0,0
2020-03-18 19:30,48,21,27,0,0,0
2020-03-18 19:45,58,28,30,0,0,0
2020-03-18 20:00,51,21,30,0,0,0
2020-03-18 20:15,30,14,16,0,0,0
2020-03-18 20:30,34,21,13,0,0,0
2020-03-18 20:45,22,10,12,0,0,0
2020-03-18 21:00,29,11,18,0,0,0
2020-03-18 21:15,23,15,8,0,0,0
2020-03-18 21:30,17,7,10,0,0,0
2020-03-18 21:45,22,6,16,0,0,0
2020-03-18 22:00,18,9,9,0,0,0
2020-03-18 22:15,18,10,8,0,0,0
2020-03-18 22:30,15,8,7,0,0,0
2020-03-18 22:45,12,3,9,0,0,0
2020-03-18 23:00,9,3,6,0,0,0
2020-03-18 23:15,7,1,6,0,0,0
2020-03-18 23:30,5,3,2,0,0,0
2020-03-18 23:45,6,3,3,0,0,0
2020-03-19 00:00,8,3,5,0,0,0
2020-03-19 00:15,8,6,2,0,0,0
2020-03-19 00:30,2,1,1,0,0,0
2020-03-19 00:45,8,5,3,0,0,0
2020-03-19 01:00,3,2,1,0,0,0
2020-03-19 01:15,2,0,2,0,0,0
2020-03-19 01:30,1,0,1,0,0,0
2020-03-19 01:45,4,2,2,0,0,0
2020-03-19 02:00,0,0,0,0,0,0
2020-03-19 02:15,0,0,0,0,0,0
2020-03-19 02:30,0,0,0,0,0,0
2020-03-19 02:45,2,1,1,0,0,0
2020-03-19 03:00,0,0,0,0,0,0
2020-03-19 03:15,0,0,0,0,0,0
2020-03-19 03:30,1,0,1,0,0,0
2020-03-19 03:45,0,0,0,0,0,0
2020-03-19 04:00,4,1,3,0,0,0
2020-03-19 04:15,3,1,2,0,0,0
2020-03-19 04:30,1,0,1,0,0,0
2020-03-19 04:45,6,1,5,0,0,0
2020-03-19 05:00,0,0,0,0,0,0
2020-03-19 05:15,7,1,6,0,0,0
2020-03-19 05:30,15,7,8,0,0,0
2020-03-19 05:45,21,11,10,0,0,0
2020-03-19 06:00,28,15,13,0,0,0
2020-03-19 06:15,19,9,10,0,0,0
2020-03-19 06:30,48,20,28,0,0,0
2020-03-19 06:45,60,38,22,0,0,0
2020-03-19 07:00,68,38,30,0,0,0
2020-03-19 07:15,58,26,32,0,0,0
2020-03-19 07:30,112,50,62,0,0,0
2020-03-19 07:45,87,47,40,0,0,0
2020-03-19 08:00,70,36,34,0,0,0
2020-03-19 08:15,78,44,34,0,0,0
2020-03-19 08:30,68,33,35,0,0,0
2020-03-19 08:45,92,41,51,0,0,0
2020-03-19 09:00,53,25,28,0,0,0
2020-03-19 09:15,67,35,32,0,0,0
2020-03-19 09:30,52,20,32,0,0,0
2020-03-19 09:45,75,34,41,0,0,0
2020-03-19 10:00,48,29,19,0,0,0
2020-03-19 10:15,65,31,34,0,0,0
2020-03-19 10:30,48,30,18,0,0,0
2020-03-19 10:45,60,28,32,0,0,0
2020-03-19 11:00,72,30,42,0,0,0
2020-03-19 11:15,48,25,23,0,0,0
2020-03-19 11:30,72,30,42,0,0,0
2020-03-19 11:45,58,25,33,0,0,0
2020-03-19 12:00,58,20,38,0,0,0
2020-03-19 12:15,59,26,33,0,0,0
2020-03-19 12:30,74,30,44,0,0,0
2020-03-19 12:45,66,30,36,0,0,0
2020-03-19 13:00,72,39,33,0,0,0
2020-03-19 13:15,80,44,36,0,0,0
2020-03-19 13:30,63,29,34,0,0,0
2020-03-19 13:45,69,40,29,0,0,0
2020-03-19 14:00,47,24,23,0,0,0
2020-03-19 14:15,71,34,37,0,0,0
2020-03-19 14:30,59,26,33,0,0,0
2020-03-19 14:45,59,33,26,0,0,0
2020-03-19 15:00,80,35,45,0,0,0
2020-03-19 15:15,86,40,46,0,0,0
2020-03-19 15:30,81,36,45,0,0,0
2020-03-19 15:45,77,31,46,0,0,0
2020-03-19 16:00,103,39,64,0,0,0
2020-03-19 16:15,90,43,47,0,0,0
2020-03-19 16:30,89,32,57,0,0,0
2020-03-19 16:45,99,45,54,0,0,0
2020-03-19 17:00,85,41,44,0,0,0
2020-03-19 17:15,95,42,53,0,0,0
2020-03-19 17:30,90,36,54,0,0,0
2020-03-19 17:45,82,35,47,0,0,0
2020-03-19 18:00,84,34,50,0,0,0
2020-03-19 18:15,85,36,49,0,0,0
2020-03-19 18:30,78,35,43,0,0,0
2020-03-19 18:45,54,23,31,0,0,0
2020-03-19 19:00,44,24,20,0,0,0
2020-03-19 19:15,43,22,21,0,0,0
2020-03-19 19:30,31,14,17,0,0,0
2020-03-19 19:45,26,8,18,0,0,0
2020-03-19 20:00,30,13,17,0,0,0
2020-03-19 20:15,28,8,20,0,0,0
2020-03-19 20:30,15,4,11,0,0,0
2020-03-19 20:45,20,11,9,0,0,0
2020-03-19 21:00,24,11,13,0,0,0
2020-03-19 21:15,21,7,14,0,0,0
2020-03-19 21:30,16,11,5,0,0,0
2020-03-19 21:45,9,6,3,0,0,0
2020-03-19 22:00,13,10,3,0,0,0
2020-03-19 22:15,16,6,10,0,0,0
2020-03-19 22:30,10,2,8,0,0,0
2020-03-19 22:45,12,6,6,0,0,0
2020-03-19 23:00,6,2,4,0,0,0
2020-03-19 23:15,6,1,5,0,0,0
2020-03-19 23:30,9,5,4,0,0,0
2020-03-19 23:45,14,6,8,0,0,0
2020-03-20 00:00,7,2,5,0,0,0
2020-03-20 00:15,5,2,3,0,0,0
2020-03-20 00:30,3,2,1,0,0,0
2020-03-20 00:45,4,3,1,0,0,0
2020-03-20 01:00,1,1,0,0,0,0
2020-03-20 01:15,0,0,0,0,0,0
2020-03-20 01:30,4,1,3,0,0,0
2020-03-20 01:45,2,1,1,0,0,0
2020-03-20 02:00,1,0,1,0,0,0
2020-03-20 02:15,1,1,0,0,0,0
2020-03-20 02:30,1,1,0,0,0,0
2020-03-20 02:45,1,1,0,0,0,0
2020-03-20 03:00,1,1,0,0,0,0
2020-03-20 03:15,0,0,0,0,0,0
2020-03-20 03:30,0,0,0,0,0,0
2020-03-20 03:45,4,0,4,0,0,0
2020-03-20 04:00,3,0,3,0,0,0
2020-03-20 04:15,3,1,2,0,0,0
2020-03-20 04:30,2,0,2,0,0,0
2020-03-20 04:45,6,0,6,0,0,0
2020-03-20 05:00,0,0,0,0,0,0
2020-03-20 05:15,10,3,7,0,0,0
2020-03-20 05:30,13,7,6,0,0,0
2020-03-20 05:45,15,10,5,0,0,0
2020-03-20 06:00,28,10,18,0,0,0
2020-03-20 06:15,31,13,18,0,0,0
2020-03-20 06:30,33,16,17,0,0,0
2020-03-20 06:45,46,27,19,0,0,0
2020-03-20 07:00,59,24,35,0,0,0
2020-03-20 07:15,48,23,25,0,0,0
2020-03-20 07:30,64,31,33,0,0,0
2020-03-20 07:45,92,59,33,0,0,0
2020-03-20 08:00,70,40,30,0,0,0
2020-03-20 08:15,59,35,24,0,0,0
2020-03-20 08:30,65,29,36,0,0,0
2020-03-20 08:45,80,41,39,0,0,0
2020-03-20 09:00,46,22,24,0,0,0
2020-03-20 09:15,52,15,37,0,0,0
2020-03-20 09:30,59,26,33,0,0,0
2020-03-20 09:45,58,26,32,0,0,0
2020-03-20 10:00,55,26,29,0,0,0
2020-03-20 10:15,54,24,30,0,0,0
2020-03-20 10:30,54,22,32,0,0,0
2020-03-20 10:45,58,19,39,0,0,0
2020-03-20 11:00,42,18,24,0,0,0
2020-03-20 11:15,56,20,36,0,0,0
2020-03-20 11:30,61,35,26,0,0,0
2020-03-20 11:45,61,32,29,0,0,0
2020-03-20 12:00,72,33,39,0,0,0
2020-03-20 12:15,68,32,36,0,0,0
2020-03-20 12:30,65,31,34,0,0,0
2020-03-20 12:45,58,27,31,0,0,0
2020-03-20 13:00,70,39,31,0,0,0
2020-03-20 13:15,69,35,34,0,0,0
2020-03-20 13:30,86,46,40,0,0,0
2020-03-20 13:45,73,38,35,0,0,0
2020-03-20 14:00,65,36,29,0,0,0
2020-03-20 14:15,62,24,38,0,0,0
2020-03-20 14:30,74,33,41,0,0,0
2020-03-20 14:45,67,33,34,0,0,0
2020-03-20 15:00,61,30,31,0,0,0
2020-03-20 15:15,65,40,25,0,0,0
2020-03-20 15:30,69,25,44,0,0,0
2020-03-20 15:45,61,27,34,0,0,0
2020-03-20 16:00,69,25,44,0,0,0
2020-03-20 16:15,78,35,43,0,0,0
2020-03-20 16:30,59,27,32,0,0,0
2020-03-20 16:45,58,28,30,0,0,0
2020-03-20 17:00,50,19,31,0,0,0
2020-03-20 17:15,51,19,32,0,0,0
2020-03-20 17:30,47,25,22,0,0,0
2020-03-20 17:45,42,22,20,0,0,0
2020-03-20 18:00,47,20,27,0,0,0
2020-03-20 18:15,42,13,29,0,0,0
2020-03-20 18:30,24,12,12,0,0,0
2020-03-20 18:45,40,14,26,0,0,0
2020-03-20 19:00,37,14,23,0,0,0
2020-03-20 19:15,36,12,24,0,0,0
2020-03-20 19:30,25,8,17,0,0,0
2020-03-20 19:45,26,9,17,0,0,0
2020-03-20 20:00,31,12,19,0,0,0
2020-03-20 20:15,27,11,16,0,0,0
2020-03-20 20:30,15,7,8,0,0,0
2020-03-20 20:45,17,7,10,0,0,0
2020-03-20 21:00,20,11,9,0,0,0
2020-03-20 21:15,10,6,4,0,0,0
2020-03-20 21:30,10,6,4,0,0,0
2020-03-20 21:45,12,8,4,0,0,0
2020-03-20 22:00,12,4,8,0,0,0
2020-03-20 22:15,11,7,4,0,0,0
2020-03-20 22:30,5,2,3,0,0,0
2020-03-20 22:45,6,2,4,0,0,0
2020-03-20 23:00,9,5,4,0,0,0
2020-03-20 23:15,9,5,4,0,0,0
2020-03-20 23:30,5,4,1,0,0,0
2020-03-20 23:45,4,3,1,0,0,0
2020-03-21 00:00,7,4,3,0,0,0
2020-03-21 00:15,5,4,1,0,0,0
2020-03-21 00:30,4,1,3,0,0,0
2020-03-21 00:45,6,5,1,0,0,0
2020-03-21 01:00,3,3,0,0,0,0
2020-03-21 01:15,4,0,4,0,0,0
2020-03-21 01:30,2,1,1,0,0,0
2020-03-21 01:45,2,1,1,0,0,0
2020-03-21 02:00,1,0,1,0,0,0
2020-03-21 02:15,0,0,0,0,0,0
2020-03-21 02:30,0,0,0,0,0,0
2020-03-21 02:45,0,0,0,0,0,0
2020-03-21 03:00,2,0,2,0,0,0
2020-03-21 03:15,2,1,1,0,0,0
2020-03-21 03:30,1,0,1,0,0,0
2020-03-21 03:45,1,0,1,0,0,0
2020-03-21 04:00,4,0,4,0,0,0
2020-03-21 04:15,1,1,0,0,0,0
2020-03-21 04:30,4,0,4,0,0,0
2020-03-21 04:45,4,1,3,0,0,0
2020-03-21 05:00,6,0,6,0,0,0
2020-03-21 05:15,2,1,1,0,0,0
2020-03-21 05:30,3,2,1,0,0,0
2020-03-21 05:45,5,1,4,0,0,0
2020-03-21 06:00,8,3,5,0,0,0
2020-03-21 06:15,3,2,1,0,0,0
2020-03-21 06:30,5,0,5,0,0,0
2020-03-21 06:45,11,2,9,0,0,0
2020-03-21 07:00,3,2,1,0,0,0
2020-03-21 07:15,12,6,6,0,0,0
2020-03-21 07:30,11,3,8,0,0,0
2020-03-21 07:45,15,8,7,0,0,0
2020-03-21 08:00,22,6,16,0,0,0
2020-03-21 08:15,24,6,18,0,0,0
2020-03-21 08:30,25,20,5,0,0,0
2020-03-21 08:45,31,17,14,0,0,0
2020-03-21 09:00,21,10,11,0,0,0
2020-03-21 09:15,27,11,16,0,0,0
2020-03-21 09:30,27,14,13,0,0,0
2020-03-21 09:45,23,9,14,0,0,0
2020-03-21 10:00,35,16,19,0,0,0
2020-03-21 10:15,29,16,13,0,0,0
2020-03-21 10:30,34,16,18,0,0,0
2020-03-21 10:45,51,21,30,0,0,0
2020-03-21 11:00,34,17,17,0,0,0
2020-03-21 11:15,38,13,25,0,0,0
2020-03-21 11:30,33,18,15,0,0,0
2020-03-21 11:45,48,23,25,0,0,0
2020-03-21 12:00,42,25,17,0,0,0
2020-03-21 12:15,53,27,26,0,0,0
2020-03-21 12:30,62,30,32,0,0,0
2020-03-21 12:45,60,27,33,0,0,0
2020-03-21 13:00,49,30,19,0,0,0
2020-03-21 13:15,45,15,30,0,0,0
2020-03-21 13:30,49,27,22,0,0,0
2020-03-21 13:45,40,22,18,0,0,0
2020-03-21 14:00,50,25,25,0,0,0
2020-03-21 14:15,50,21,29,0,0,0
2020-03-21 14:30,51,21,30,0,0,0
2020-03-21 14:45,42,20,22,0,0,0
2020-03-21 15:00,47,21,26,0,0,0
2020-03-21 15:15,49,17,32,0,0,0
2020-03-21 15:30,44,25,19,0,0,0
2020-03-21 15:45,35,21,14,0,0,0
2020-03-21 16:00,41,20,21,0,0,0
2020-03-21 16:15,40,19,21,0,0,0
2020-03-21 16:30,47,26,21,0,0,0
2020-03-21 16:45,36,18,18,0,0,0
2020-03-21 17:00,47,21,26,0,0,0
2020-03-21 17:15,45,11,34,0,0,0
2020-03-21 17:30,29,14,15,0,0,0
2020-03-21 17:45,39,13,26,0,0,0
2020-03-21 18:00,38,17,21,0,0,0
2020-03-21 18:15,35,12,23,0,0,0
2020-03-21 18:30,31,11,20,0,0,0
2020-03-21 18:45,19,12,7,0,0,0
2020-03-21 19:00,20,6,14,0,0,0
2020-03-21 19:15,24,10,14,0,0,0
2020-03-21 19:30,22,12,10,0,0,0
2020-03-21 19:45,26,15,11,0,0,0
2020-03-21 20:00,15,11,4,0,0,0
2020-03-21 20:15,23,8,15,0,0,0
2020-03-21 20:30,17,8,9,0,0,0
2020-03-21 20:45,11,2,9,0,0,0
2020-03-21 21:00,16,12,4,0,0,0
2020-03-21 21:15,15,6,9,0,0,0
2020-03-21 21:30,12,9,3,0,0,0
2020-03-21 21:45,4,2,2,0,0,0
2020-03-21 22:00,5,2,3,0,0,0
2020-03-21 22:15,5,4,1,0,0,0
2020-03-21 22:30,5,1,4,0,0,0
2020-03-21 22:45,7,5,2,0,0,0
2020-03-21 23:00,3,1,2,0,0,0
2020-03-21 23:15,3,3,0,0,0,0
2020-03-21 23:30,5,4,1,0,0,0
2020-03-21 23:45,5,2,3,0,0,0
2020-03-22 00:00,4,0,4,0,0,0
2020-03-22 00:15,11,6,5,0,0,0
2020-03-22 00:30,3,2,1,0,0,0
2020-03-22 00:45,5,1,4,0,0,0
2020-03-22 01:00,2,1,1,0,0,0
2020-03-22 01:15,0,0,0,0,0,0
2020-03-22 01:30,7,3,4,0,0,0
2020-03-22 01:45,3,0,3,0,0,0
2020-03-22 02:00,0,0,0,0,0,0
2020-03-22 02:15,1,0,1,0,0,0
2020-03-22 02:30,1,0,1,0,0,0
2020-03-22 02:45,1,0,1,0,0,0
2020-03-22 03:00,1,0,1,0,0,0
2020-03-22 03:15,0,0,0,0,0,0
2020-03-22 03:30,0,0,0,0,0,0
2020-03-22 03:45,1,0,1,0,0,0
2020-03-22 04:00,3,1,2,0,0,0
2020-03-22 04:15,0,0,0,0,0,0
2020-03-22 04:30,0,0,0,0,0,0
2020-03-22 04:45,0,0,0,0,0,0
2020-03-22 05:00,0,0,0,0,0,0
2020-03-22 05:15,0,0,0,0,0,0
2020-03-22 05:30,2,1,1,0,0,0
2020-03-22 05:45,2,1,1,0,0,0
2020-03-22 06:00,1,0,1,0,0,0
2020-03-22 06:15,2,0,2,0,0,0
2020-03-22 06:30,5,1,4,0,0,0
2020-03-22 06:45,2,1,1,0,0,0
2020-03-22 07:00,1,0,1,0,0,0
2020-03-22 07:15,0,0,0,0,0,0
2020-03-22 07:30,8,2,6,0,0,0
2020-03-22 07:45,6,2,4,0,0,0
2020-03-22 08:00,4,0,4,0,0,0
2020-03-22 08:15,7,3,4,0,0,0
2020-03-22 08:30,4,1,3,0,0,0
2020-03-22 08:45,6,3,3,0,0,0
2020-03-22 09:00,4,3,1,0,0,0
2020-03-22 09:15,7,3,4,0,0,0
2020-03-22 09:30,9,5,4,0,0,0
2020-03-22 09:45,14,5,9,0,0,0
2020-03-22 10:00,8,3,5,0,0,0
2020-03-22 10:15,9,6,3,0,0,0
2020-03-22 10:30,13,6,7,0,0,0
2020-03-22 10:45,13,6,7,0,0,0
2020-03-22 11:00,11,4,7,0,0,0
2020-03-22 11:15,13,6,7,0,0,0
2020-03-22 11:30,10,5,5,0,0,0
2020-03-22 11:45,33,13,20,0,0,0
2020-03-22 12:00,21,8,13,0,0,0
2020-03-22 12:15,35,18,17,0,0,0
2020-03-22 12:30,26,8,18,0,0,0
2020-03-22 12:45,26,11,15,0,0,0
2020-03-22 13:00,30,14,16,0,0,0
2020-03-22 13:15,40,13,27,0,0,0
2020-03-22 13:30,28,13,15,0,0,0
2020-03-22 13:45,30,13,17,0,0,0
2020-03-22 14:00,35,19,16,0,0,0
2020-03-22 14:15,30,11,19,0,0,0
2020-03-22 14:30,39,18,21,0,0,0
2020-03-22 14:45,27,11,16,0,0,0
2020-03-22 15:00,46,10,36,0,0,0
2020-03-22 15:15,45,23,22,0,0,0
2020-03-22 15:30,22,13,9,0,0,0
2020-03-22 15:45,42,21,21,0,0,0
2020-03-22 16:00,31,13,18,0,0,0
2020-03-22 16:15,27,13,14,0,0,0
2020-03-22 16:30,26,9,17,0,0,0
2020-03-22 16:45,46,15,31,0,0,0
2020-03-22 17:00,32,16,16,0,0,0
2020-03-22 17:15,41,19,22,0,0,0
2020-03-22 17:30,32,11,21,0,0,0
2020-03-22 17:45,28,9,19,0,0,0
2020-03-22 18:00,32,18,14,0,0,0
2020-03-22 18:15,32,14,18,0,0,0
2020-03-22 18:30,26,6,20,0,0,0
2020-03-22 18:45,25,7,18,0,0,0
2020-03-22 19:00,24,9,15,0,0,0
2020-03-22 19:15,28,8,20,0,0,0
2020-03-22 19:30,22,11,11,0,0,0
2020-03-22 19:45,15,6,9,0,0,0
2020-03-22 20:00,12,7,5,0,0,0
2020-03-22 20:15,11,7,4,0,0,0
2020-03-22 20:30,16,7,9,0,0,0
2020-03-22 20:45,9,4,5,0,0,0
2020-03-22 21:00,16,8,8,0,0,0
2020-03-22 21:15,15,12,3,0,0,0
2020-03-22 21:30,10,6,4,0,0,0
2020-03-22 21:45,10,5,5,0,0,0
2020-03-22 22:00,9,6,3,0,0,0
2020-03-22 22:15,6,2,4,0,0,0
2020-03-22 22:30,6,3,3,0,0,0
2020-03-22 22:45,8,3,5,0,0,0
2020-03-22 23:00,1,1,0,0,0,0
2020-03-22 23:15,5,3,2,0,0,0
2020-03-22 23:30,4,3,1,0,0,0
2020-03-22 23:45,1,0,1,0,0,0
2020-03-23 00:00,5,3,2,0,0,0
2020-03-23 00:15,2,2,0,0,0,0
2020-03-23 00:30,0,0,0,0,0,0
2020-03-23 00:45,1,1,0,0,0,0
2020-03-23 01:00,1,1,0,0,0,0
2020-03-23 01:15,0,0,0,0,0,0
2020-03-23 01:30,1,0,1,0,0,0
2020-03-23 01:45,0,0,0,0,0,0
2020-03-23 02:00,1,1,0,0,0,0
2020-03-23 02:15,0,0,0,0,0,0
2020-03-23 02:30,0,0,0,0,0,0
2020-03-23 02:45,0,0,0,0,0,0
2020-03-23 03:00,0,0,0,0,0,0
2020-03-23 03:15,3,0,3,0,0,0
2020-03-23 03:30,1,1,0,0,0,0
2020-03-23 03:45,2,0,2,0,0,0
2020-03-23 04:00,2,1,1,0,0,0
2020-03-23 04:15,1,0,1,0,0,0
2020-03-23 04:30,0,0,0,0,0,0
2020-03-23 04:45,4,2,2,0,0,0
2020-03-23 05:00,1,1,0,0,0,0
2020-03-23 05:15,14,7,7,0,0,0
2020-03-23 05:30,17,8,9,0,0,0
2020-03-23 05:45,13,5,8,0,0,0
2020-03-23 06:00,22,4,18,0,0,0
2020-03-23 06:15,26,7,19,0,0,0
2020-03-23 06:30,32,11,21,0,0,0
2020-03-23 06:45,52,34,18,0,0,0
2020-03-23 07:00,60,22,38,0,0,0
2020-03-23 07:15,56,19,37,0,0,0
2020-03-23 07:30,73,36,37,0,0,0
2020-03-23 07:45,83,39,44,0,0,0
2020-03-23 08:00,67,36,31,0,0,0
2020-03-23 08:15,59,37,22,0,0,0
2020-03-23 08:30,61,32,29,0,0,0
2020-03-23 08:45,83,31,52,0,0,0
2020-03-23 09:00,45,16,29,0,0,0
2020-03-23 09:15,48,17,31,0,0,0
2020-03-23 09:30,53,25,28,0,0,0
2020-03-23 09:45,60,33,27,0,0,0
2020-03-23 10:00,48,30,18,0,0,0
2020-03-23 10:15,65,33,32,0,0,0
2020-03-23 10:30,59,29,30,0,0,0
2020-03-23 10:45,57,23,34,0,0,0
2020-03-23 11:00,45,23,22,0,0,0
2020-03-23 11:15,34,15,19,0,0,0
2020-03-23 11:30,28,20,8,0,0,0
2020-03-23 11:45,42,23,19,0,0,0
2020-03-23 12:00,44,22,22,0,0,0
2020-03-23 12:15,37,19,18,0,0,0
2020-03-23 12:30,57,27,30,0,0,0
2020-03-23 12:45,66,36,30,0,0,0
2020-03-23 13:00,62,29,33,0,0,0
2020-03-23 13:15,70,31,39,0,0,0
2020-03-23 13:30,65,40,25,0,0,0
2020-03-23 13:45,55,24,31,0,0,0
2020-03-23 14:00,62,34,28,0,0,0
2020-03-23 14:15,70,27,43,0,0,0
2020-03-23 14:30,48,20,28,0,0,0
2020-03-23 14:45,66,34,32,0,0,0
2020-03-23 15:00,70,34,36,0,0,0
2020-03-23 15:15,67,38,29,0,0,0
2020-03-23 15:30,86,34,52,0,0,0
2020-03-23 15:45,62,26,36,0,0,0
2020-03-23 16:00,67,33,34,0,0,0
2020-03-23 16:15,72,28,44,0,0,0
2020-03-23 16:30,77,27,50,0,0,0
2020-03-23 16:45,86,38,48,0,0,0
2020-03-23 17:00,80,40,40,0,0,0
2020-03-23 17:15,78,35,43,0,0,0
2020-03-23 17:30,64,28,36,0,0,0
2020-03-23 17:45,83,34,49,0,0,0
2020-03-23 18:00,67,23,44,0,0,0
2020-03-23 18:15,53,25,28,0,0,0
2020-03-23 18:30,59,21,38,0,0,0
2020-03-23 18:45,41,13,28,0,0,0
2020-03-23 19:00,47,21,26,0,0,0
2020-03-23 19:15,33,14,19,0,0,0
2020-03-23 19:30,33,14,19,0,0,0
2020-03-23 19:45,25,14,11,0,0,0
2020-03-23 20:00,28,12,16,0,0,0
2020-03-23 20:15,19,7,12,0,0,0
2020-03-23 20:30,21,11,10,0,0,0
2020-03-23 20:45,11,7,4,0,0,0
2020-03-23 21:00,18,6,12,0,0,0
2020-03-23 21:15,11,3,8,0,0,0
2020-03-23 21:30,16,9,7,0,0,0
2020-03-23 21:45,7,2,5,0,0,0
2020-03-23 22:00,6,4,2,0,0,0
2020-03-23 22:15,6,5,1,0,0,0
2020-03-23 22:30,6,1,5,0,0,0
2020-03-23 22:45,7,2,5,0,0,0
2020-03-23 23:00,4,1,3,0,0,0
2020-03-23 23:15,8,3,5,0,0,0
2020-03-23 23:30,0,0,0,0,0,0
2020-03-23 23:45,4,2,2,0,0,0
2020-03-24 00:00,3,2,1,0,0,0
2020-03-24 00:15,2,1,1,0,0,0
2020-03-24 00:30,3,1,2,0,0,0
2020-03-24 00:45,1,1,0,0,0,0
2020-03-24 01:00,2,2,0,0,0,0
2020-03-24 01:15,0,0,0,0,0,0
2020-03-24 01:30,0,0,0,0,0,0
2020-03-24 01:45,1,0,1,0,0,0
2020-03-24 02:00,1,0,1,0,0,0
2020-03-24 02:15,0,0,0,0,0,0
2020-03-24 02:30,2,0,2,0,0,0
2020-03-24 02:45,3,1,2,0,0,0
2020-03-24 03:00,1,0,1,0,0,0
2020-03-24 03:15,0,0,0,0,0,0
2020-03-24 03:30,0,0,0,0,0,0
2020-03-24 03:45,1,0,1,0,0,0
2020-03-24 04:00,3,1,2,0,0,0
2020-03-24 04:15,3,2,1,0,0,0
2020-03-24 04:30,2,0,2,0,0,0
2020-03-24 04:45,8,3,5,0,0,0
2020-03-24 05:00,9,2,7,0,0,0
2020-03-24 05:15,2,2,0,0,0,0
2020-03-24 05:30,16,8,8,0,0,0
2020-03-24 05:45,13,7,6,0,0,0
2020-03-24 06:00,13,6,7,0,0,0
2020-03-24 06:15,24,10,14,0,0,0
2020-03-24 06:30,29,10,19,0,0,0
2020-03-24 06:45,53,37,16,0,0,0
2020-03-24 07:00,64,30,34,0,0,0
2020-03-24 07:15,48,19,29,0,0,0
2020-03-24 07:30,49,22,27,0,0,0
2020-03-24 07:45,77,46,31,0,0,0
2020-03-24 08:00,65,27,38,0,0,0
2020-03-24 08:15,51,28,23,0,0,0
2020-03-24 08:30,54,26,28,0,0,0
2020-03-24 08:45,63,34,29,0,0,0
2020-03-24 09:00,40,21,19,0,0,0
2020-03-24 09:15,33,18,15,0,0,0
2020-03-24 09:30,45,22,23,0,0,0
2020-03-24 09:45,36,17,19,0,0,0
2020-03-24 10:00,45,21,24,0,0,0
2020-03-24 10:15,56,21,35,0,0,0
2020-03-24 10:30,54,27,27,0,0,0
2020-03-24 10:45,40,16,24,0,0,0
2020-03-24 11:00,38,15,23,0,0,0
2020-03-24 11:15,53,33,20,0,0,0
2020-03-24 11:30,39,16,23,0,0,0
2020-03-24 11:45,58,23,35,0,0,0
2020-03-24 12:00,49,22,27,0,0,0
2020-03-24 12:15,65,25,40,0,0,0
2020-03-24 12:30,53,22,31,0,0,0
2020-03-24 12:45,50,27,23,0,0,0
2020-03-24 13:00,57,30,27,0,0,0
2020-03-24 13:15,62,34,28,0,0,0
2020-03-24 13:30,57,26,31,0,0,0
2020-03-24 13:45,70,31,39,0,0,0
2020-03-24 14:00,59,27,32,0,0,0
2020-03-24 14:15,56,23,33,0,0,0
2020-03-24 14:30,68,35,33,0,0,0
2020-03-24 14:45,54,31,23,0,0,0
2020-03-24 15:00,44,26,18,0,0,0
2020-03-24 15:15,66,37,29,0,0,0
2020-03-24 15:30,86,33,53,0,0,0
2020-03-24 15:45,79,39,40,0,0,0
2020-03-24 16:00,89,43,46,0,0,0
2020-03-24 16:15,79,31,48,0,0,0
2020-03-24 16:30,90,44,46,0,0,0
2020-03-24 16:45,79,42,37,0,0,0
2020-03-24 17:00,93,33,60,0,0,0
2020-03-24 17:15,60,24,36,0,0,0
2020-03-24 17:30,66,25,41,0,0,0
2020-03-24 17:45,81,36,45,0,0,0
2020-03-24 18:00,65,30,35,0,0,0
2020-03-24 18:15,75,33,42,0,0,0
2020-03-24 18:30,53,22,31,0,0,0
2020-03-24 18:45,39,24,15,0,0,0
2020-03-24 19:00,43,14,29,0,0,0
2020-03-24 19:15,34,16,18,0,0,0
2020-03-24 19:30,44,21,23,0,0,0
2020-03-24 19:45,34,10,24,0,0,0
2020-03-24 20:00,37,16,21,0,0,0
2020-03-24 20:15,20,6,14,0,0,0
2020-03-24 20:30,12,6,6,0,0,0
2020-03-24 20:45,16,11,5,0,0,0
2020-03-24 21:00,18,11,7,0,0,0
2020-03-24 21:15,18,9,9,0,0,0
2020-03-24 21:30,18,8,10,0,0,0
2020-03-24 21:45,5,2,3,0,0,0
2020-03-24 22:00,6,3,3,0,0,0
2020-03-24 22:15,5,3,2,0,0,0
2020-03-24 22:30,4,3,1,0,0,0
2020-03-24 22:45,5,2,3,0,0,0
2020-03-24 23:00,2,0,2,0,0,0
2020-03-24 23:15,10,1,9,0,0,0
2020-03-24 23:30,4,1,3,0,0,0
2020-03-24 23:45,5,2,3,0,0,0
2020-03-25 00:00,3,1,2,0,0,0
2020-03-25 00:15,4,3,1,0,0,0
2020-03-25 00:30,2,0,2,0,0,0
2020-03-25 00:45,2,1,1,0,0,0
2020-03-25 01:00,0,0,0,0,0,0
2020-03-25 01:15,1,0,1,0,0,0
2020-03-25 01:30,0,0,0,0,0,0
2020-03-25 01:45,1,1,0,0,0,0
2020-03-25 02:00,0,0,0,0,0,0
2020-03-25 02:15,0,0,0,0,0,0
2020-03-25 02:30,1,0,1,0,0,0
2020-03-25 02:45,1,0,1,0,0,0
2020-03-25 03:00,0,0,0,0,0,0
2020-03-25 03:15,0,0,0,0,0,0
2020-03-25 03:30,1,0,1,0,0,0
2020-03-25 03:45,1,0,1,0,0,0
2020-03-25 04:00,3,1,2,0,0,0
2020-03-25 04:15,2,1,1,0,0,0
2020-03-25 04:30,1,1,0,0,0,0
2020-03-25 04:45,4,3,1,0,0,0
2020-03-25 05:00,0,0,0,0,0,0
2020-03-25 05:15,3,1,2,0,0,0
2020-03-25 05:30,15,7,8,0,0,0
2020-03-25 05:45,18,13,5,0,0,0
2020-03-25 06:00,13,7,6,0,0,0
2020-03-25 06:15,28,12,16,0,0,0
2020-03-25 06:30,29,10,19,0,0,0
2020-03-25 06:45,51,26,25,0,0,0
2020-03-25 07:00,41,21,20,0,0,0
2020-03-25 07:15,59,26,33,0,0,0
2020-03-25 07:30,68,35,33,0,0,0
2020-03-25 07:45,84,42,42,0,0,0
2020-03-25 08:00,61,36,25,0,0,0
2020-03-25 08:15,62,37,25,0,0,0
2020-03-25 08:30,67,31,36,0,0,0
2020-03-25 08:45,68,35,33,0,0,0
2020-03-25 09:00,46,25,21,0,0,0
2020-03-25 09:15,47,20,27,0,0,0
2020-03-25 09:30,57,21,36,0,0,0
2020-03-25 09:45,60,28,32,0,0,0
2020-03-25 10:00,52,20,32,0,0,0
2020-03-25 10:15,45,27,18,0,0,0
2020-03-25 10:30,50,21,29,0,0,0
2020-03-25 10:45,65,29,36,0,0,0
2020-03-25 11:00,58,31,27,0,0,0
2020-03-25 11:15,52,23,29,0,0,0
2020-03-25 11:30,45,21,24,0,0,0
2020-03-25 11:45,49,23,26,0,0,0
2020-03-25 12:00,53,26,27,0,0,0
2020-03-25 12:15,70,29,41,0,0,0
2020-03-25 12:30,64,30,34,0,0,0
2020-03-25 12:45,71,28,43,0,0,0
2020-03-25 13:00,97,51,46,0,0,0
2020-03-25 13:15,59,29,30,0,0,0
2020-03-25 13:30,85,38,47,0,0,0
2020-03-25 13:45,71,34,37,0,0,0
2020-03-25 14:00,70,39,31,0,0,0
2020-03-25 14:15,53,29,24,0,0,0
2020-03-25 14:30,74,41,33,0,0,0
2020-03-25 14:45,67,30,37,0,0,0
2020-03-25 15:00,63,30,33,0,0,0
2020-03-25 15:15,62,31,31,0,0,0
2020-03-25 15:30,59,35,24,0,0,0
2020-03-25 15:45,75,32,43,0,0,0
2020-03-25 16:00,79,34,45,0,0,0
2020-03-25 16:15,110,56,54,0,0,0
2020-03-25 16:30,74,31,43,0,0,0
2020-03-25 16:45,68,27,41,0,0,0
2020-03-25 17:00,81,39,42,0,0,0
2020-03-25 17:15,90,40,50,0,0,0
2020-03-25 17:30,86,36,50,0,0,0
2020-03-25 17:45,80,27,53,0,0,0
2020-03-25 18:00,88,37,51,0,0,0
2020-03-25 18:15,58,28,30,0,0,0
2020-03-25 18:30,63,30,33,0,0,0
2020-03-25 18:45,54,22,32,0,0,0
2020-03-25 19:00,45,21,24,0,0,0
2020-03-25 19:15,48,22,26,0,0,0
2020-03-25 19:30,36,19,17,0,0,0
2020-03-25 19:45,44,19,25,0,0,0
2020-03-25 20:00,35,21,14,0,0,0
2020-03-25 20:15,29,11,18,0,0,0
2020-03-25 20:30,25,14,11,0,0,0
2020-03-25 20:45,11,3,8,0,0,0
2020-03-25 21:00,15,7,8,0,0,0
2020-03-25 21:15,13,8,5,0,0,0
2020-03-25 21:30,14,7,7,0,0,0
2020-03-25 21:45,13,8,5,0,0,0
2020-03-25 22:00,5,2,3,0,0,0
2020-03-25 22:15,10,9,1,0,0,0
2020-03-25 22:30,12,8,4,0,0,0
2020-03-25 22:45,9,5,4,0,0,0
2020-03-25 23:00,5,4,1,0,0,0
2020-03-25 23:15,5,1,4,0,0,0
2020-03-25 23:30,5,3,2,0,0,0
2020-03-25 23:45,4,1,3,0,0,0
2020-03-26 00:00,6,2,4,0,0,0
2020-03-26 00:15,5,3,2,0,0,0
2020-03-26 00:30,5,2,3,0,0,0
2020-03-26 00:45,3,2,1,0,0,0
2020-03-26 01:00,0,0,0,0,0,0
2020-03-26 01:15,1,0,1,0,0,0
2020-03-26 01:30,4,1,3,0,0,0
2020-03-26 01:45,0,0,0,0,0,0
2020-03-26 02:00,0,0,0,0,0,0
2020-03-26 02:15,0,0,0,0,0,0
2020-03-26 02:30,0,0,0,0,0,0
2020-03-26 02:45,0,0,0,0,0,0
2020-03-26 03:00,0,0,0,0,0,0
2020-03-26 03:15,0,0,0,0,0,0
2020-03-26 03:30,0,0,0,0,0,0
2020-03-26 03:45,0,0,0,0,0,0
2020-03-26 04:00,3,1,2,0,0,0
2020-03-26 04:15,0,0,0,0,0,0
2020-03-26 04:30,0,0,0,0,0,0
2020-03-26 04:45,4,1,3,0,0,0
2020-03-26 05:00,5,1,4,0,0,0
2020-03-26 05:15,2,1,1,0,0,0
2020-03-26 05:30,16,5,11,0,0,0
2020-03-26 05:45,12,11,1,0,0,0
2020-03-26 06:00,17,6,11,0,0,0
2020-03-26 06:15,30,13,17,0,0,0
2020-03-26 06:30,35,11,24,0,0,0
2020-03-26 06:45,31,20,11,0,0,0
2020-03-26 07:00,44,24,20,0,0,0
2020-03-26 07:15,61,29,32,0,0,0
2020-03-26 07:30,72,39,33,0,0,0
2020-03-26 07:45,74,44,30,0,0,0
2020-03-26 08:00,63,36,27,0,0,0
2020-03-26 08:15,63,30,33,0,0,0
2020-03-26 08:30,67,38,29,0,0,0
2020-03-26 08:45,56,32,24,0,0,0
2020-03-26 09:00,44,20,24,0,0,0
2020-03-26 09:15,53,27,26,0,0,0
2020-03-26 09:30,39,20,19,0,0,0
2020-03-26 09:45,48,25,23,0,0,0
2020-03-26 10:00,45,16,29,0,0,0
2020-03-26 10:15,49,18,31,0,0,0
2020-03-26 10:30,39,19,20,0,0,0
2020-03-26 10:45,52,21,31,0,0,0
2020-03-26 11:00,53,24,29,0,0,0
2020-03-26 11:15,48,27,21,0,0,0
2020-03-26 11:30,57,26,31,0,0,0
2020-03-26 11:45,51,18,33,0,0,0
2020-03-26 12:00,58,28,30,0,0,0
2020-03-26 12:15,56,28,28,0,0,0
2020-03-26 12:30,53,25,28,0,0,0
2020-03-26 12:45,54,28,26,0,0,0
2020-03-26 13:00,63,34,29,0,0,0
2020-03-26 13:15,77,43,34,0,0,0
2020-03-26 13:30,67,35,32,0,0,0
2020-03-26 13:45,72,36,36,0,0,0
2020-03-26 14:00,76,38,38,0,0,0
2020-03-26 14:15,48,28,20,0,0,0
2020-03-26 14:30,51,25,26,0,0,0
2020-03-26 14:45,65,35,30,0,0,0
2020-03-26 15:00,75,38,37,0,0,0
2020-03-26 15:15,73,40,33,0,0,0
2020-03-26 15:30,75,39,36,0,0,0
2020-03-26 15:45,87,41,46,0,0,0
2020-03-26 16:00,96,52,44,0,0,0
2020-03-26 16:15,78,33,45,0,0,0
2020-03-26 16:30,84,34,50,0,0,0
2020-03-26 16:45,88,32,56,0,0,0
2020-03-26 17:00,95,42,53,0,0,0
2020-03-26 17:15,90,40,50,0,0,0
2020-03-26 17:30,95,42,53,0,0,0
2020-03-26 17:45,78,33,45,0,0,0
2020-03-26 18:00,76,36,40,0,0,0
2020-03-26 18:15,82,39,43,0,0,0
2020-03-26 18:30,74,33,41,0,0,0
2020-03-26 18:45,56,20,36,0,0,0
2020-03-26 19:00,41,16,25,0,0,0
2020-03-26 19:15,41,27,14,0,0,0
2020-03-26 19:30,37,17,20,0,0,0
2020-03-26 19:45,40,20,20,0,0,0
2020-03-26 20:00,29,13,16,0,0,0
2020-03-26 20:15,28,15,13,0,0,0
2020-03-26 20:30,15,5,10,0,0,0
2020-03-26 20:45,24,12,12,0,0,0
2020-03-26 21:00,14,6,8,0,0,0
2020-03-26 21:15,15,7,8,0,0,0
2020-03-26 21:30,14,9,5,0,0,0
2020-03-26 21:45,18,8,10,0,0,0
2020-03-26 22:00,11,3,8,0,0,0
2020-03-26 22:15,6,2,4,0,0,0
2020-03-26 22:30,12,7,5,0,0,0
2020-03-26 22:45,5,1,4,0,0,0
2020-03-26 23:00,9,6,3,0,0,0
2020-03-26 23:15,9,4,5,0,0,0
2020-03-26 23:30,3,1,2,0,0,0
2020-03-26 23:45,4,1,3,0,0,0
2020-03-27 00:00,1,0,1,0,0,0
2020-03-27 00:15,4,3,1,0,0,0
2020-03-27 00:30,3,0,3,0,0,0
2020-03-27 00:45,2,1,1,0,0,0
2020-03-27 01:00,6,0,6,0,0,0
2020-03-27 01:15,1,1,0,0,0,0
2020-03-27 01:30,0,0,0,0,0,0
2020-03-27 01:45,0,0,0,0,0,0
2020-03-27 02:00,0,0,0,0,0,0
2020-03-27 02:15,0,0,0,0,0,0
2020-03-27 02:30,0,0,0,0,0,0
2020-03-27 02:45,0,0,0,0,0,0
2020-03-27 03:00,0,0,0,0,0,0
2020-03-27 03:15,0,0,0,0,0,0
2020-03-27 03:30,0,0,0,0,0,0
2020-03-27 03:45,1,0,1,0,0,0
2020-03-27 04:00,5,1,4,0,0,0
2020-03-27 04:15,0,0,0,0,0,0
2020-03-27 04:30,1,0,1,0,0,0
2020-03-27 04:45,7,1,6,0,0,0
2020-03-27 05:00,6,0,6,0,0,0
2020-03-27 05:15,9,2,7,0,0,0
2020-03-27 05:30,13,9,4,0,0,0
2020-03-27 05:45,17,7,10,0,0,0
2020-03-27 06:00,13,6,7,0,0,0
2020-03-27 06:15,33,15,18,0,0,0
2020-03-27 06:30,22,10,12,0,0,0
2020-03-27 06:45,42,27,15,0,0,0
2020-03-27 07:00,45,21,24,0,0,0
2020-03-27 07:15,42,20,22,0,0,0
2020-03-27 07:30,73,45,28,0,0,0
2020-03-27 07:45,92,51,41,0,0,0
2020-03-27 08:00,55,22,33,0,0,0
2020-03-27 08:15,61,23,38,0,0,0
2020-03-27 08:30,60,34,26,0,0,0
2020-03-27 08:45,60,24,36,0,0,0
2020-03-27 09:00,54,19,35,0,0,0
2020-03-27 09:15,49,17,32,0,0,0
2020-03-27 09:30,44,19,25,0,0,0
2020-03-27 09:45,36,15,21,0,0,0
2020-03-27 10:00,38,25,13,0,0,0
2020-03-27 10:15,59,33,26,0,0,0
2020-03-27 10:30,54,21,33,0,0,0
2020-03-27 10:45,45,20,25,0,0,0
2020-03-27 11:00,52,23,29,0,0,0
2020-03-27 11:15,52,22,30,0,0,0
2020-03-27 11:30,52,24,28,0,0,0
2020-03-27 11:45,41,15,26,0,0,0
2020-03-27 12:00,60,32,28,0,0,0
2020-03-27 12:15,72,23,49,0,0,0
2020-03-27 12:30,67,36,31,0,0,0
2020-03-27 12:45,68,35,33,0,0,0
2020-03-27 13:00,66,32,34,0,0,0
2020-03-27 13:15,78,37,41,0,0,0
2020-03-27 13:30,76,40,36,0,0,0
2020-03-27 13:45,84,38,46,0,0,0
2020-03-27 14:00,59,22,37,0,0,0
2020-03-27 14:15,82,33,49,0,0,0
2020-03-27 14:30,77,40,37,0,0,0
2020-03-27 14:45,71,35,36,0,0,0
2020-03-27 15:00,60,32,28,0,0,0
2020-03-27 15:15,74,31,43,0,0,0
2020-03-27 15:30,89,49,40,0,0,0
2020-03-27 15:45,65,29,36,0,0,0
2020-03-27 16:00,79,37,42,0,0,0
2020-03-27 16:15,62,31,31,0,0,0
2020-03-27 16:30,75,28,47,0,0,0
2020-03-27 16:45,74,31,43,0,0,0
2020-03-27 17:00,71,34,37,0,0,0
2020-03-27 17:15,65,31,34,0,0,0
2020-03-27 17:30,59,28,31,0,0,0
2020-03-27 17:45,71,31,40,0,0,0
2020-03-27 18:00,59,26,33,0,0,0
2020-03-27 18:15,79,36,43,0,0,0
2020-03-27 18:30,54,21,33,0,0,0
2020-03-27 18:45,56,19,37,0,0,0
2020-03-27 19:00,46,20,26,0,0,0
2020-03-27 19:15,44,16,28,0,0,0
2020-03-27 19:30,29,10,19,0,0,0
2020-03-27 19:45,23,11,12,0,0,0
2020-03-27 20:00,24,8,16,0,0,0
2020-03-27 20:15,42,16,26,0,0,0
2020-03-27 20:30,27,13,14,0,0,0
2020-03-27 20:45,26,11,15,0,0,0
2020-03-27 21:00,13,6,7,0,0,0
2020-03-27 21:15,14,6,8,0,0,0
2020-03-27 21:30,17,12,5,0,0,0
2020-03-27 21:45,9,3,6,0,0,0
2020-03-27 22:00,8,2,6,0,0,0
2020-03-27 22:15,15,7,8,0,0,0
2020-03-27 22:30,9,4,5,0,0,0
2020-03-27 22:45,6,1,5,0,0,0
2020-03-27 23:00,6,2,4,0,0,0
2020-03-27 23:15,4,1,3,0,0,0
2020-03-27 23:30,5,3,2,0,0,0
2020-03-27 23:45,4,1,3,0,0,0
2020-03-28 00:00,9,2,7,0,0,0
2020-03-28 00:15,8,3,5,0,0,0
2020-03-28 00:30,5,4,1,0,0,0
2020-03-28 00:45,6,3,3,0,0,0
2020-03-28 01:00,2,2,0,0,0,0
2020-03-28 01:15,1,1,0,0,0,0
2020-03-28 01:30,4,0,4,0,0,0
2020-03-28 01:45,6,2,4,0,0,0
2020-03-28 02:00,3,0,3,0,0,0
2020-03-28 02:15,1,0,1,0,0,0
2020-03-28 02:30,1,0,1,0,0,0
2020-03-28 02:45,1,0,1,0,0,0
2020-03-28 03:00,1,0,1,0,0,0
2020-03-28 03:15,1,1,0,0,0,0
2020-03-28 03:30,0,0,0,0,0,0
2020-03-28 03:45,4,0,4,0,0,0
2020-03-28 04:00,1,0,1,0,0,0
2020-03-28 04:15,0,0,0,0,0,0
2020-03-28 04:30,4,1,3,0,0,0
2020-03-28 04:45,5,1,4,0,0,0
2020-03-28 05:00,3,1,2,0,0,0
2020-03-28 05:15,6,2,4,0,0,0
2020-03-28 05:30,3,1,2,0,0,0
2020-03-28 05:45,5,1,4,0,0,0
2020-03-28 06:00,6,3,3,0,0,0
2020-03-28 06:15,5,1,4,0,0,0
2020-03-28 06:30,5,1,4,0,0,0
2020-03-28 06:45,3,1,2,0,0,0
2020-03-28 07:00,9,5,4,0,0,0
2020-03-28 07:15,13,3,10,0,0,0
2020-03-28 07:30,17,8,9,0,0,0
2020-03-28 07:45,11,7,4,0,0,0
2020-03-28 08:00,10,4,6,0,0,0
2020-03-28 08:15,15,5,10,0,0,0
2020-03-28 08:30,15,9,6,0,0,0
2020-03-28 08:45,32,18,14,0,0,0
2020-03-28 09:00,20,8,12,0,0,0
2020-03-28 09:15,33,18,15,0,0,0
2020-03-28 09:30,33,8,25,0,0,0
2020-03-28 09:45,34,18,16,0,0,0
2020-03-28 10:00,27,14,13,0,0,0
2020-03-28 10:15,38,21,17,0,0,0
2020-03-28 10:30,39,24,15,0,0,0
2020-03-28 10:45,38,18,20,0,0,0
2020-03-28 11:00,33,20,13,0,0,0
2020-03-28 11:15,42,22,20,0,0,0
2020-03-28 11:30,46,22,24,0,0,0
2020-03-28 11:45,42,23,19,0,0,0
2020-03-28 12:00,45,22,23,0,0,0
2020-03-28 12:15,48,21,27,0,0,0
2020-03-28 12:30,57,21,36,0,0,0
2020-03-28 12:45,57,24,33,0,0,0
2020-03-28 13:00,57,33,24,0,0,0
2020-03-28 13:15,61,24,37,0,0,0
2020-03-28 13:30,68,29,39,0,0,0
2020-03-28 13:45,47,20,27,0,0,0
2020-03-28 14:00,46,18,28,0,0,0
2020-03-28 14:15,63,41,22,0,0,0
2020-03-28 14:30,66,32,34,0,0,0
2020-03-28 14:45,70,37,33,0,0,0
2020-03-28 15:00,44,23,21,0,0,0
2020-03-28 15:15,77,37,40,0,0,0
2020-03-28 15:30,51,25,26,0,0,0
2020-03-28 15:45,53,25,28,0,0,0
2020-03-28 16:00,41,24,17,0,0,0
2020-03-28 16:15,53,24,29,0,0,0
2020-03-28 16:30,69,30,39,0,0,0
2020-03-28 16:45,52,20,32,0,0,0
2020-03-28 17:00,93,39,54,0,0,0
2020-03-28 17:15,58,20,38,0,0,0
2020-03-28 17:30,64,30,34,0,0,0
2020-03-28 17:45,37,16,21,0,0,0
2020-03-28 18:00,40,18,22,0,0,0
2020-03-28 18:15,47,27,20,0,0,0
2020-03-28 18:30,30,12,18,0,0,0
2020-03-28 18:45,27,12,15,0,0,0
2020-03-28 19:00,40,18,22,0,0,0
2020-03-28 19:15,32,14,18,0,0,0
2020-03-28 19:30,26,12,14,0,0,0
2020-03-28 19:45,24,13,11,0,0,0
2020-03-28 20:00,31,10,21,0,0,0
2020-03-28 20:15,13,5,8,0,0,0
2020-03-28 20:30,23,10,13,0,0,0
2020-03-28 20:45,13,5,8,0,0,0
2020-03-28 21:00,11,8,3,0,0,0
2020-03-28 21:15,11,2,9,0,0,0
2020-03-28 21:30,13,11,2,0,0,0
2020-03-28 21:45,5,2,3,0,0,0
2020-03-28 22:00,10,5,5,0,0,0
2020-03-28 22:15,8,4,4,0,0,0
2020-03-28 22:30,9,1,8,0,0,0
2020-03-28 22:45,4,4,0,0,0,0
2020-03-28 23:00,10,2,8,0,0,0
2020-03-28 23:15,9,4,5,0,0,0
2020-03-28 23:30,11,6,5,0,0,0
2020-03-28 23:45,6,3,3,0,0,0
2020-03-29 00:00,6,4,2,0,0,0
2020-03-29 00:15,3,1,2,0,0,0
2020-03-29 00:30,6,2,4,0,0,0
2020-03-29 00:45,3,1,2,0,0,0
2020-03-29 01:00,4,1,3,0,0,0
2020-03-29 01:15,1,1,0,0,0,0
2020-03-29 01:30,4,0,4,0,0,0
2020-03-29 01:45,2,2,0,0,0,0
2020-03-29 03:00,1,1,0,0,0,0
2020-03-29 03:15,1,1,0,0,0,0
2020-03-29 03:30,0,0,0,0,0,0
2020-03-29 03:45,2,1,1,0,0,0
2020-03-29 04:00,0,0,0,0,0,0
2020-03-29 04:15,0,0,0,0,0,0
2020-03-29 04:30,2,1,1,0,0,0
2020-03-29 04:45,5,2,3,0,0,0
2020-03-29 05:00,0,0,0,0,0,0
2020-03-29 05:15,2,1,1,0,0,0
2020-03-29 05:30,2,0,2,0,0,0
2020-03-29 05:45,1,1,0,0,0,0
2020-03-29 06:00,1,1,0,0,0,0
2020-03-29 06:15,4,2,2,0,0,0
2020-03-29 06:30,1,0,1,0,0,0
2020-03-29 06:45,2,0,2,0,0,0
2020-03-29 07:00,1,1,0,0,0,0
2020-03-29 07:15,3,0,3,0,0,0
2020-03-29 07:30,6,5,1,0,0,0
2020-03-29 07:45,2,0,2,0,0,0
2020-03-29 08:00,5,2,3,0,0,0
2020-03-29 08:15,2,0,2,0,0,0
2020-03-29 08:30,7,1,6,0,0,0
2020-03-29 08:45,4,2,2,0,0,0
2020-03-29 09:00,6,2,4,0,0,0
2020-03-29 09:15,5,2,3,0,0,0
2020-03-29 09:30,13,8,5,0,0,0
2020-03-29 09:45,5,0,5,0,0,0
2020-03-29 10:00,9,4,5,0,0,0
2020-03-29 10:15,8,4,4,0,0,0
2020-03-29 10:30,15,7,8,0,0,0
2020-03-29 10:45,5,4,1,0,0,0
2020-03-29 11:00,22,7,15,0,0,0
2020-03-29 11:15,14,6,8,0,0,0
2020-03-29 11:30,12,6,6,0,0,0
2020-03-29 11:45,10,6,4,0,0,0
2020-03-29 12:00,12,7,5,0,0,0
2020-03-29 12:15,15,3,12,0,0,0
2020-03-29 12:30,17,9,8,0,0,0
2020-03-29 12:45,12,4,8,0,0,0
2020-03-29 13:00,10,6,4,0,0,0
2020-03-29 13:15,9,2,7,0,0,0
2020-03-29 13:30,19,10,9,0,0,0
2020-03-29 13:45,18,6,12,0,0,0
2020-03-29 14:00,19,11,8,0,0,0
2020-03-29 14:15,21,4,17,0,0,0
2020-03-29 14:30,20,5,15,0,0,0
2020-03-29 14:45,12,6,6,0,0,0
2020-03-29 15:00,18,8,10,0,0,0
2020-03-29 15:15,20,8,12,0,0,0
2020-03-29 15:30,35,13,22,0,0,0
2020-03-29 15:45,35,13,22,0,0,0
2020-03-29 16:00,32,14,18,0,0,0
2020-03-29 16:15,25,9,16,0,0,0
2020-03-29 16:30,16,7,9,0,0,0
2020-03-29 16:45,24,13,11,0,0,0
2020-03-29 17:00,30,16,14,0,0,0
2020-03-29 17:15,21,9,12,0,0,0
2020-03-29 17:30,17,5,12,0,0,0
2020-03-29 17:45,38,14,24,0,0,0
2020-03-29 18:00,22,7,15,0,0,0
2020-03-29 18:15,30,12,18,0,0,0
2020-03-29 18:30,17,4,13,0,0,0
2020-03-29 18:45,33,12,21,0,0,0
2020-03-29 19:00,38,22,16,0,0,0
2020-03-29 19:15,18,10,8,0,0,0
2020-03-29 19:30,26,9,17,0,0,0
2020-03-29 19:45,21,6,15,0,0,0
2020-03-29 20:00,22,10,12,0,0,0
2020-03-29 20:15,13,6,7,0,0,0
2020-03-29 20:30,19,7,12,0,0,0
2020-03-29 20:45,7,4,3,0,0,0
2020-03-29 21:00,12,3,9,0,0,0
2020-03-29 21:15,14,7,7,0,0,0
2020-03-29 21:30,18,7,11,0,0,0
2020-03-29 21:45,7,2,5,0,0,0
2020-03-29 22:00,11,6,5,0,0,0
2020-03-29 22:15,6,2,4,0,0,0
2020-03-29 22:30,7,3,4,0,0,0
2020-03-29 22:45,5,4,1,0,0,0
2020-03-29 23:00,3,1,2,0,0,0
2020-03-29 23:15,3,2,1,0,0,0
2020-03-29 23:30,5,1,4,0,0,0
2020-03-29 23:45,4,2,2,0,0,0
2020-03-30 00:00,3,1,2,0,0,0
2020-03-30 00:15,0,0,0,0,0,0
2020-03-30 00:30,0,0,0,0,0,0
2020-03-30 00:45,0,0,0,0,0,0
2020-03-30 01:00,7,2,5,0,0,0
2020-03-30 01:15,1,0,1,0,0,0
2020-03-30 01:30,2,1,1,0,0,0
2020-03-30 01:45,0,0,0,0,0,0
2020-03-30 02:00,0,0,0,0,0,0
2020-03-30 02:15,2,0,2,0,0,0
2020-03-30 02:30,0,0,0,0,0,0
2020-03-30 02:45,1,1,0,0,0,0
2020-03-30 03:00,1,0,1,0,0,0
2020-03-30 03:15,2,0,2,0,0,0
2020-03-30 03:30,0,0,0,0,0,0
2020-03-30 03:45,1,1,0,0,0,0
2020-03-30 04:00,2,0,2,0,0,0
2020-03-30 04:15,2,2,0,0,0,0
2020-03-30 04:30,5,0,5,0,0,0
2020-03-30 04:45,9,1,8,0,0,0
2020-03-30 05:00,1,1,0,0,0,0
2020-03-30 05:15,4,3,1,0,0,0
2020-03-30 05:30,9,3,6,0,0,0
2020-03-30 05:45,12,4,8,0,0,0
2020-03-30 06:00,13,5,8,0,0,0
2020-03-30 06:15,20,8,12,0,0,0
2020-03-30 06:30,29,9,20,0,0,0
2020-03-30 06:45,54,27,27,0,0,0
2020-03-30 07:00,39,22,17,0,0,0
2020-03-30 07:15,45,20,25,0,0,0
2020-03-30 07:30,65,20,45,0,0,0
2020-03-30 07:45,60,33,27,0,0,0
2020-03-30 08:00,55,31,24,0,0,0
2020-03-30 08:15,66,37,29,0,0,0
2020-03-30 08:30,57,23,34,0,0,0
2020-03-30 08:45,53,28,25,0,0,0
2020-03-30 09:00,49,19,30,0,0,0
2020-03-30 09:15,36,19,17,0,0,0
2020-03-30 09:30,47,18,29,0,0,0
2020-03-30 09:45,44,19,25,0,0,0
2020-03-30 10:00,46,19,27,0,0,0
2020-03-30 10:15,30,12,18,0,0,0
2020-03-30 10:30,42,19,23,0,0,0
2020-03-30 10:45,49,24,25,0,0,0
2020-03-30 11:00,50,30,20,0,0,0
2020-03-30 11:15,48,21,27,0,0,0
2020-03-30 11:30,51,25,26,0,0,0
2020-03-30 11:45,54,37,17,0,0,0
2020-03-30 12:00,49,26,23,0,0,0
2020-03-30 12:15,73,33,40,0,0,0
2020-03-30 12:30,78,44,34,0,0,0
2020-03-30 12:45,63,31,32,0,0,0
2020-03-30 13:00,74,39,35,0,0,0
2020-03-30 13:15,67,36,31,0,0,0
2020-03-30 13:30,55,29,26,0,0,0
2020-03-30 13:45,77,43,34,0,0,0
2020-03-30 14:00,71,29,42,0,0,0
2020-03-30 14:15,55,30,25,0,0,0
2020-03-30 14:30,51,22,29,0,0,0
2020-03-30 14:45,61,29,32,0,0,0
2020-03-30 15:00,47,19,28,0,0,0
2020-03-30 15:15,69,37,32,0,0,0
2020-03-30 15:30,51,25,26,0,0,0
2020-03-30 15:45,67,33,34,0,0,0
2020-03-30 16:00,58,26,32,0,0,0
2020-03-30 16:15,83,34,49,0,0,0
2020-03-30 16:30,73,35,38,0,0,0
2020-03-30 16:45,64,29,35,0,0,0
2020-03-30 17:00,75,35,40,0,0,0
2020-03-30 17:15,58,20,38,0,0,0
2020-03-30 17:30,75,34,41,0,0,0
2020-03-30 17:45,59,25,34,0,0,0
2020-03-30 18:00,67,29,38,0,0,0
2020-03-30 18:15,61,27,34,0,0,0
2020-03-30 18:30,51,31,20,0,0,0
2020-03-30 18:45,26,10,16,0,0,0
2020-03-30 19:00,50,16,34,0,0,0
2020-03-30 19:15,36,12,24,0,0,0
2020-03-30 19:30,32,19,13,0,0,0
2020-03-30 19:45,32,20,12,0,0,0
2020-03-30 20:00,24,17,7,0,0,0
2020-03-30 20:15,18,13,5,0,0,0
2020-03-30 20:30,25,6,19,0,0,0
2020-03-30 20:45,25,11,14,0,0,0
2020-03-30 21:00,18,9,9,0,0,0
2020-03-30 21:15,14,10,4,0,0,0
2020-03-30 21:30,12,5,7,0,0,0
2020-03-30 21:45,5,4,1,0,0,0
2020-03-30 22:00,18,9,9,0,0,0
2020-03-30 22:15,10,4,6,0,0,0
2020-03-30 22:30,10,3,7,0,0,0
2020-03-30 22:45,5,2,3,0,0,0
2020-03-30 23:00,8,4,4,0,0,0
2020-03-30 23:15,2,1,1,0,0,0
2020-03-30 23:30,2,1,1,0,0,0
2020-03-30 23:45,1,0,1,0,0,0
2020-03-31 00:00,2,0,2,0,0,0
2020-03-31 00:15,5,3,2,0,0,0
2020-03-31 00:30,0,0,0,0,0,0
2020-03-31 00:45,4,2,2,0,0,0
2020-03-31 01:00,3,0,3,0,0,0
2020-03-31 01:15,4,1,3,0,0,0
2020-03-31 01:30,0,0,0,0,0,0
2020-03-31 01:45,1,1,0,0,0,0
2020-03-31 02:00,1,1,0,0,0,0
2020-03-31 02:15,2,2,0,0,0,0
2020-03-31 02:30,0,0,0,0,0,0
2020-03-31 02:45,0,0,0,0,0,0
2020-03-31 03:00,0,0,0,0,0,0
2020-03-31 03:15,0,0,0,0,0,0
2020-03-31 03:30,1,0,1,0,0,0
2020-03-31 03:45,4,0,4,0,0,0
2020-03-31 04:00,2,0,2,0,0,0
2020-03-31 04:15,4,1,3,0,0,0
2020-03-31 04:30,1,1,0,0,0,0
2020-03-31 04:45,2,0,2,0,0,0
2020-03-31 05:00,3,2,1,0,0,0
2020-03-31 05:15,9,4,5,0,0,0
2020-03-31 05:30,18,5,13,0,0,0
2020-03-31 05:45,5,2,3,0,0,0
2020-03-31 06:00,17,8,9,0,0,0
2020-03-31 06:15,24,8,16,0,0,0
2020-03-31 06:30,30,7,23,0,0,0
2020-03-31 06:45,35,13,22,0,0,0
2020-03-31 07:00,40,23,17,0,0,0
2020-03-31 07:15,45,19,26,0,0,0
2020-03-31 07:30,53,24,29,0,0,0
2020-03-31 07:45,67,40,27,0,0,0
2020-03-31 08:00,65,27,38,0,0,0
2020-03-31 08:15,59,30,29,0,0,0
2020-03-31 08:30,65,33,32,0,0,0
2020-03-31 08:45,52,28,24,0,0,0
2020-03-31 09:00,48,15,33,0,0,0
2020-03-31 09:15,40,21,19,0,0,0
2020-03-31 09:30,52,23,29,0,0,0
2020-03-31 09:45,53,27,26,0,0,0
2020-03-31 10:00,40,16,24,0,0,0
2020-03-31 10:15,54,22,32,0,0,0
2020-03-31 10:30,42,18,24,0,0,0
2020-03-31 10:45,36,17,19,0,0,0
2020-03-31 11:00,47,19,28,0,0,0
2020-03-31 11:15,42,19,23,0,0,0
2020-03-31 11:30,64,35,29,0,0,0
2020-03-31 11:45,51,28,23,0,0,0
2020-03-31 12:00,54,26,28,0,0,0
2020-03-31 12:15,68,30,38,0,0,0
2020-03-31 12:30,78,42,36,0,0,0
2020-03-31 12:45,59,31,28,0,0,0
2020-03-31 13:00,64,32,32,0,0,0
2020-03-31 13:15,74,32,42,0,0,0
2020-03-31 13:30,63,30,33,0,0,0
2020-03-31 13:45,91,51,40,0,0,0
2020-03-31 14:00,81,36,45,0,0,0
2020-03-31 14:15,64,31,33,0,0,0
2020-03-31 14:30,70,35,35,0,0,0
2020-03-31 14:45,70,28,42,0,0,0
2020-03-31 15:00,72,35,37,0,0,0
2020-03-31 15:15,62,27,35,0,0,0
2020-03-31 15:30,81,42,39,0,0,0
2020-03-31 15:45,84,38,46,0,0,0
2020-03-31 16:00,97,47,50,0,0,0
2020-03-31 16:15,82,41,41,0,0,0
2020-03-31 16:30,86,41,45,0,0,0
2020-03-31 16:45,79,35,44,0,0,0
2020-03-31 17:00,93,47,46,0,0,0
2020-03-31 17:15,90,30,60,0,0,0
2020-03-31 17:30,94,44,50,0,0,0
2020-03-31 17:45,80,38,42,0,0,0
2020-03-31 18:00,89,38,51,0,0,0
2020-03-31 18:15,72,36,36,0,0,0
2020-03-31 18:30,73,32,41,0,0,0
2020-03-31 18:45,61,20,41,0,0,0
2020-03-31 19:00,53,24,29,0,0,0
2020-03-31 19:15,43,21,22,0,0,0
2020-03-31 19:30,38,20,18,0,0,0
2020-03-31 19:45,42,21,21,0,0,0
2020-03-31 20:00,33,16,17,0,0,0
2020-03-31 20:15,43,25,18,0,0,0
2020-03-31 20:30,25,6,19,0,0,0
2020-03-31 20:45,25,11,14,0,0,0
2020-03-31 21:00,22,7,15,0,0,0
2020-03-31 21:15,23,13,10,0,0,0
2020-03-31 21:30,20,11,9,0,0,0
2020-03-31 21:45,17,9,8,0,0,0
2020-03-31 22:00,15,6,9,0,0,0
2020-03-31 22:15,9,3,6,0,0,0
2020-03-31 22:30,10,4,6,0,0,0
2020-03-31 22:45,9,4,5,0,0,0
2020-03-31 23:00,6,4,2,0,0,0
2020-03-31 23:15,11,3,8,0,0,0
2020-03-31 23:30,2,0,2,0,0,0
2020-03-31 23:45,5,2,3,0,0,0
