Datetime,100031300 (HafenstraÃŸe),101031300 (Channel 1 IN),102031300 (Channel 2 OUT),100031300-status,101031300-status,102031300-status
2021-05-01 00:00,23,9,14,0,0,0
2021-05-01 00:15,16,6,10,0,0,0
2021-05-01 00:30,10,6,4,0,0,0
2021-05-01 00:45,16,9,7,0,0,0
2021-05-01 01:00,13,4,9,0,0,0
2021-05-01 01:15,19,10,9,0,0,0
2021-05-01 01:30,18,4,14,0,0,0
2021-05-01 01:45,11,1,10,0,0,0
2021-05-01 02:00,13,6,7,0,0,0
2021-05-01 02:15,7,4,3,0,0,0
2021-05-01 02:30,4,0,4,0,0,0
2021-05-01 02:45,4,2,2,0,0,0
2021-05-01 03:00,1,1,0,0,0,0
2021-05-01 03:15,4,0,4,0,0,0
2021-05-01 03:30,6,2,4,0,0,0
2021-05-01 03:45,5,1,4,0,0,0
2021-05-01 04:00,3,1,2,0,0,0
2021-05-01 04:15,1,1,0,0,0,0
2021-05-01 04:30,2,0,2,0,0,0
2021-05-01 04:45,1,1,0,0,0,0
2021-05-01 05:00,1,1,0,0,0,0
2021-05-01 05:15,3,1,2,0,0,0
2021-05-01 05:30,4,0,4,0,0,0
2021-05-01 05:45,8,3,5,0,0,0
2021-05-01 06:00,1,1,0,0,0,0
2021-05-01 06:15,3,2,1,0,0,0
2021-05-01 06:30,5,1,4,0,0,0
2021-05-01 06:45,7,6,1,0,0,0
2021-05-01 07:00,9,7,2,0,0,0
2021-05-01 07:15,12,5,7,0,0,0
2021-05-01 07:30,12,3,9,0,0,0
2021-05-01 07:45,15,6,9,0,0,0
2021-05-01 08:00,13,7,6,0,0,0
2021-05-01 08:15,16,8,8,0,0,0
2021-05-01 08:30,23,14,9,0,0,0
2021-05-01 08:45,30,19,11,0,0,0
2021-05-01 09:00,24,13,11,0,0,0
2021-05-01 09:15,26,11,15,0,0,0
2021-05-01 09:30,30,12,18,0,0,0
2021-05-01 09:45,35,13,22,0,0,0
2021-05-01 10:00,50,30,20,0,0,0
2021-05-01 10:15,44,19,25,0,0,0
2021-05-01 10:30,32,15,17,0,0,0
2021-05-01 10:45,55,32,23,0,0,0
2021-05-01 11:00,45,16,29,0,0,0
2021-05-01 11:15,78,28,50,0,0,0
2021-05-01 11:30,59,25,34,0,0,0
2021-05-01 11:45,58,23,35,0,0,0
2021-05-01 12:00,68,27,41,0,0,0
2021-05-01 12:15,77,43,34,0,0,0
2021-05-01 12:30,83,39,44,0,0,0
2021-05-01 12:45,83,41,42,0,0,0
2021-05-01 13:00,85,32,53,0,0,0
2021-05-01 13:15,91,46,45,0,0,0
2021-05-01 13:30,82,47,35,0,0,0
2021-05-01 13:45,79,42,37,0,0,0
2021-05-01 14:00,96,51,45,0,0,0
2021-05-01 14:15,101,52,49,0,0,0
2021-05-01 14:30,98,49,49,0,0,0
2021-05-01 14:45,81,33,48,0,0,0
2021-05-01 15:00,92,38,54,0,0,0
2021-05-01 15:15,100,42,58,0,0,0
2021-05-01 15:30,72,29,43,0,0,0
2021-05-01 15:45,111,52,59,0,0,0
2021-05-01 16:00,89,35,54,0,0,0
2021-05-01 16:15,70,36,34,0,0,0
2021-05-01 16:30,97,49,48,0,0,0
2021-05-01 16:45,88,32,56,0,0,0
2021-05-01 17:00,79,46,33,0,0,0
2021-05-01 17:15,91,36,55,0,0,0
2021-05-01 17:30,65,25,40,0,0,0
2021-05-01 17:45,101,44,57,0,0,0
2021-05-01 18:00,85,41,44,0,0,0
2021-05-01 18:15,65,29,36,0,0,0
2021-05-01 18:30,81,49,32,0,0,0
2021-05-01 18:45,68,33,35,0,0,0
2021-05-01 19:00,70,29,41,0,0,0
2021-05-01 19:15,63,24,39,0,0,0
2021-05-01 19:30,62,26,36,0,0,0
2021-05-01 19:45,68,16,52,0,0,0
2021-05-01 20:00,65,25,40,0,0,0
2021-05-01 20:15,60,30,30,0,0,0
2021-05-01 20:30,43,19,24,0,0,0
2021-05-01 20:45,42,18,24,0,0,0
2021-05-01 21:00,44,17,27,0,0,0
2021-05-01 21:15,55,32,23,0,0,0
2021-05-01 21:30,38,20,18,0,0,0
2021-05-01 21:45,30,17,13,0,0,0
2021-05-01 22:00,36,13,23,0,0,0
2021-05-01 22:15,23,12,11,0,0,0
2021-05-01 22:30,22,10,12,0,0,0
2021-05-01 22:45,27,11,16,0,0,0
2021-05-01 23:00,19,13,6,0,0,0
2021-05-01 23:15,20,8,12,0,0,0
2021-05-01 23:30,24,8,16,0,0,0
2021-05-01 23:45,22,8,14,0,0,0
2021-05-02 00:00,14,6,8,0,0,0
2021-05-02 00:15,17,7,10,0,0,0
2021-05-02 00:30,16,6,10,0,0,0
2021-05-02 00:45,16,13,3,0,0,0
2021-05-02 01:00,13,4,9,0,0,0
2021-05-02 01:15,13,6,7,0,0,0
2021-05-02 01:30,11,4,7,0,0,0
2021-05-02 01:45,8,5,3,0,0,0
2021-05-02 02:00,8,6,2,0,0,0
2021-05-02 02:15,7,3,4,0,0,0
2021-05-02 02:30,12,3,9,0,0,0
2021-05-02 02:45,7,1,6,0,0,0
2021-05-02 03:00,6,3,3,0,0,0
2021-05-02 03:15,5,1,4,0,0,0
2021-05-02 03:30,2,2,0,0,0,0
2021-05-02 03:45,8,4,4,0,0,0
2021-05-02 04:00,2,1,1,0,0,0
2021-05-02 04:15,2,0,2,0,0,0
2021-05-02 04:30,3,1,2,0,0,0
2021-05-02 04:45,3,0,3,0,0,0
2021-05-02 05:00,0,0,0,0,0,0
2021-05-02 05:15,1,0,1,0,0,0
2021-05-02 05:30,9,1,8,0,0,0
2021-05-02 05:45,3,2,1,0,0,0
2021-05-02 06:00,2,0,2,0,0,0
2021-05-02 06:15,6,3,3,0,0,0
2021-05-02 06:30,3,0,3,0,0,0
2021-05-02 06:45,8,3,5,0,0,0
2021-05-02 07:00,7,6,1,0,0,0
2021-05-02 07:15,7,3,4,0,0,0
2021-05-02 07:30,8,6,2,0,0,0
2021-05-02 07:45,7,5,2,0,0,0
2021-05-02 08:00,7,3,4,0,0,0
2021-05-02 08:15,10,1,9,0,0,0
2021-05-02 08:30,4,3,1,0,0,0
2021-05-02 08:45,20,12,8,0,0,0
2021-05-02 09:00,17,7,10,0,0,0
2021-05-02 09:15,26,15,11,0,0,0
2021-05-02 09:30,30,9,21,0,0,0
2021-05-02 09:45,25,9,16,0,0,0
2021-05-02 10:00,19,7,12,0,0,0
2021-05-02 10:15,30,15,15,0,0,0
2021-05-02 10:30,35,9,26,0,0,0
2021-05-02 10:45,45,17,28,0,0,0
2021-05-02 11:00,44,15,29,0,0,0
2021-05-02 11:15,38,16,22,0,0,0
2021-05-02 11:30,53,12,41,0,0,0
2021-05-02 11:45,44,29,15,0,0,0
2021-05-02 12:00,55,15,40,0,0,0
2021-05-02 12:15,45,23,22,0,0,0
2021-05-02 12:30,42,16,26,0,0,0
2021-05-02 12:45,47,17,30,0,0,0
2021-05-02 13:00,78,30,48,0,0,0
2021-05-02 13:15,74,33,41,0,0,0
2021-05-02 13:30,49,15,34,0,0,0
2021-05-02 13:45,77,31,46,0,0,0
2021-05-02 14:00,87,32,55,0,0,0
2021-05-02 14:15,77,34,43,0,0,0
2021-05-02 14:30,74,30,44,0,0,0
2021-05-02 14:45,77,39,38,0,0,0
2021-05-02 15:00,73,23,50,0,0,0
2021-05-02 15:15,71,34,37,0,0,0
2021-05-02 15:30,81,41,40,0,0,0
2021-05-02 15:45,79,30,49,0,0,0
2021-05-02 16:00,57,28,29,0,0,0
2021-05-02 16:15,67,23,44,0,0,0
2021-05-02 16:30,64,29,35,0,0,0
2021-05-02 16:45,74,34,40,0,0,0
2021-05-02 17:00,99,36,63,0,0,0
2021-05-02 17:15,64,23,41,0,0,0
2021-05-02 17:30,74,29,45,0,0,0
2021-05-02 17:45,73,31,42,0,0,0
2021-05-02 18:00,62,25,37,0,0,0
2021-05-02 18:15,61,21,40,0,0,0
2021-05-02 18:30,80,25,55,0,0,0
2021-05-02 18:45,71,32,39,0,0,0
2021-05-02 19:00,62,17,45,0,0,0
2021-05-02 19:15,60,20,40,0,0,0
2021-05-02 19:30,69,22,47,0,0,0
2021-05-02 19:45,58,25,33,0,0,0
2021-05-02 20:00,49,18,31,0,0,0
2021-05-02 20:15,28,11,17,0,0,0
2021-05-02 20:30,29,9,20,0,0,0
2021-05-02 20:45,43,20,23,0,0,0
2021-05-02 21:00,27,10,17,0,0,0
2021-05-02 21:15,27,14,13,0,0,0
2021-05-02 21:30,31,11,20,0,0,0
2021-05-02 21:45,20,10,10,0,0,0
2021-05-02 22:00,18,7,11,0,0,0
2021-05-02 22:15,17,8,9,0,0,0
2021-05-02 22:30,12,6,6,0,0,0
2021-05-02 22:45,20,5,15,0,0,0
2021-05-02 23:00,13,7,6,0,0,0
2021-05-02 23:15,9,2,7,0,0,0
2021-05-02 23:30,9,6,3,0,0,0
2021-05-02 23:45,3,1,2,0,0,0
2021-05-03 00:00,1,1,0,0,0,0
2021-05-03 00:15,5,3,2,0,0,0
2021-05-03 00:30,3,3,0,0,0,0
2021-05-03 00:45,1,0,1,0,0,0
2021-05-03 01:00,2,0,2,0,0,0
2021-05-03 01:15,0,0,0,0,0,0
2021-05-03 01:30,2,2,0,0,0,0
2021-05-03 01:45,5,1,4,0,0,0
2021-05-03 02:00,0,0,0,0,0,0
2021-05-03 02:15,0,0,0,0,0,0
2021-05-03 02:30,5,2,3,0,0,0
2021-05-03 02:45,1,0,1,0,0,0
2021-05-03 03:00,1,0,1,0,0,0
2021-05-03 03:15,1,1,0,0,0,0
2021-05-03 03:30,3,2,1,0,0,0
2021-05-03 03:45,2,0,2,0,0,0
2021-05-03 04:00,1,0,1,0,0,0
2021-05-03 04:15,3,2,1,0,0,0
2021-05-03 04:30,3,1,2,0,0,0
2021-05-03 04:45,6,1,5,0,0,0
2021-05-03 05:00,5,2,3,0,0,0
2021-05-03 05:15,7,5,2,0,0,0
2021-05-03 05:30,18,7,11,0,0,0
2021-05-03 05:45,21,11,10,0,0,0
2021-05-03 06:00,19,5,14,0,0,0
2021-05-03 06:15,40,11,29,0,0,0
2021-05-03 06:30,40,15,25,0,0,0
2021-05-03 06:45,60,36,24,0,0,0
2021-05-03 07:00,67,31,36,0,0,0
2021-05-03 07:15,87,43,44,0,0,0
2021-05-03 07:30,128,65,63,0,0,0
2021-05-03 07:45,144,81,63,0,0,0
2021-05-03 08:00,130,76,54,0,0,0
2021-05-03 08:15,112,54,58,0,0,0
2021-05-03 08:30,105,53,52,0,0,0
2021-05-03 08:45,128,61,67,0,0,0
2021-05-03 09:00,94,45,49,0,0,0
2021-05-03 09:15,73,23,50,0,0,0
2021-05-03 09:30,73,24,49,0,0,0
2021-05-03 09:45,82,40,42,0,0,0
2021-05-03 10:00,61,27,34,0,0,0
2021-05-03 10:15,84,37,47,0,0,0
2021-05-03 10:30,81,40,41,0,0,0
2021-05-03 10:45,95,42,53,0,0,0
2021-05-03 11:00,66,27,39,0,0,0
2021-05-03 11:15,94,39,55,0,0,0
2021-05-03 11:30,77,36,41,0,0,0
2021-05-03 11:45,97,45,52,0,0,0
2021-05-03 12:00,106,42,64,0,0,0
2021-05-03 12:15,103,57,46,0,0,0
2021-05-03 12:30,105,42,63,0,0,0
2021-05-03 12:45,113,58,55,0,0,0
2021-05-03 13:00,112,51,61,0,0,0
2021-05-03 13:15,124,59,65,0,0,0
2021-05-03 13:30,109,54,55,0,0,0
2021-05-03 13:45,129,73,56,0,0,0
2021-05-03 14:00,119,60,59,0,0,0
2021-05-03 14:15,101,47,54,0,0,0
2021-05-03 14:30,123,52,71,0,0,0
2021-05-03 14:45,128,59,69,0,0,0
2021-05-03 15:00,129,55,74,0,0,0
2021-05-03 15:15,127,61,66,0,0,0
2021-05-03 15:30,123,53,70,0,0,0
2021-05-03 15:45,141,68,73,0,0,0
2021-05-03 16:00,146,75,71,0,0,0
2021-05-03 16:15,157,77,80,0,0,0
2021-05-03 16:30,133,58,75,0,0,0
2021-05-03 16:45,160,69,91,0,0,0
2021-05-03 17:00,155,72,83,0,0,0
2021-05-03 17:15,148,73,75,0,0,0
2021-05-03 17:30,110,53,57,0,0,0
2021-05-03 17:45,158,81,77,0,0,0
2021-05-03 18:00,137,67,70,0,0,0
2021-05-03 18:15,142,64,78,0,0,0
2021-05-03 18:30,96,49,47,0,0,0
2021-05-03 18:45,94,49,45,0,0,0
2021-05-03 19:00,72,24,48,0,0,0
2021-05-03 19:15,94,33,61,0,0,0
2021-05-03 19:30,57,28,29,0,0,0
2021-05-03 19:45,80,25,55,0,0,0
2021-05-03 20:00,66,24,42,0,0,0
2021-05-03 20:15,65,38,27,0,0,0
2021-05-03 20:30,41,14,27,0,0,0
2021-05-03 20:45,41,16,25,0,0,0
2021-05-03 21:00,50,21,29,0,0,0
2021-05-03 21:15,26,16,10,0,0,0
2021-05-03 21:30,31,18,13,0,0,0
2021-05-03 21:45,29,16,13,0,0,0
2021-05-03 22:00,24,8,16,0,0,0
2021-05-03 22:15,22,8,14,0,0,0
2021-05-03 22:30,10,5,5,0,0,0
2021-05-03 22:45,15,6,9,0,0,0
2021-05-03 23:00,13,5,8,0,0,0
2021-05-03 23:15,14,7,7,0,0,0
2021-05-03 23:30,7,3,4,0,0,0
2021-05-03 23:45,7,0,7,0,0,0
2021-05-04 00:00,7,2,5,0,0,0
2021-05-04 00:15,5,1,4,0,0,0
2021-05-04 00:30,2,1,1,0,0,0
2021-05-04 00:45,2,1,1,0,0,0
2021-05-04 01:00,4,1,3,0,0,0
2021-05-04 01:15,1,0,1,0,0,0
2021-05-04 01:30,1,1,0,0,0,0
2021-05-04 01:45,5,2,3,0,0,0
2021-05-04 02:00,4,3,1,0,0,0
2021-05-04 02:15,1,1,0,0,0,0
2021-05-04 02:30,2,1,1,0,0,0
2021-05-04 02:45,3,2,1,0,0,0
2021-05-04 03:00,0,0,0,0,0,0
2021-05-04 03:15,0,0,0,0,0,0
2021-05-04 03:30,1,0,1,0,0,0
2021-05-04 03:45,2,1,1,0,0,0
2021-05-04 04:00,2,0,2,0,0,0
2021-05-04 04:15,2,1,1,0,0,0
2021-05-04 04:30,2,1,1,0,0,0
2021-05-04 04:45,4,2,2,0,0,0
2021-05-04 05:00,7,2,5,0,0,0
2021-05-04 05:15,8,3,5,0,0,0
2021-05-04 05:30,14,2,12,0,0,0
2021-05-04 05:45,18,7,11,0,0,0
2021-05-04 06:00,21,7,14,0,0,0
2021-05-04 06:15,36,13,23,0,0,0
2021-05-04 06:30,45,19,26,0,0,0
2021-05-04 06:45,60,31,29,0,0,0
2021-05-04 07:00,73,35,38,0,0,0
2021-05-04 07:15,69,33,36,0,0,0
2021-05-04 07:30,99,43,56,0,0,0
2021-05-04 07:45,120,60,60,0,0,0
2021-05-04 08:00,126,57,69,0,0,0
2021-05-04 08:15,119,52,67,0,0,0
2021-05-04 08:30,108,43,65,0,0,0
2021-05-04 08:45,100,41,59,0,0,0
2021-05-04 09:00,67,25,42,0,0,0
2021-05-04 09:15,92,29,63,0,0,0
2021-05-04 09:30,77,25,52,0,0,0
2021-05-04 09:45,70,26,44,0,0,0
2021-05-04 10:00,57,25,32,0,0,0
2021-05-04 10:15,66,28,38,0,0,0
2021-05-04 10:30,48,16,32,0,0,0
2021-05-04 10:45,81,27,54,0,0,0
2021-05-04 11:00,72,18,54,0,0,0
2021-05-04 11:15,72,25,47,0,0,0
2021-05-04 11:30,76,26,50,0,0,0
2021-05-04 11:45,51,20,31,0,0,0
2021-05-04 12:00,93,39,54,0,0,0
2021-05-04 12:15,77,34,43,0,0,0
2021-05-04 12:30,71,22,49,0,0,0
2021-05-04 12:45,87,45,42,0,0,0
2021-05-04 13:00,116,64,52,0,0,0
2021-05-04 13:15,104,43,61,0,0,0
2021-05-04 13:30,105,50,55,0,0,0
2021-05-04 13:45,123,48,75,0,0,0
2021-05-04 14:00,96,43,53,0,0,0
2021-05-04 14:15,84,31,53,0,0,0
2021-05-04 14:30,84,31,53,0,0,0
2021-05-04 14:45,79,27,52,0,0,0
2021-05-04 15:00,68,20,48,0,0,0
2021-05-04 15:15,84,42,42,0,0,0
2021-05-04 15:30,110,54,56,0,0,0
2021-05-04 15:45,98,31,67,0,0,0
2021-05-04 16:00,103,49,54,0,0,0
2021-05-04 16:15,105,44,61,0,0,0
2021-05-04 16:30,120,65,55,0,0,0
2021-05-04 16:45,103,42,61,0,0,0
2021-05-04 17:00,111,54,57,0,0,0
2021-05-04 17:15,118,56,62,0,0,0
2021-05-04 17:30,122,52,70,0,0,0
2021-05-04 17:45,117,48,69,0,0,0
2021-05-04 18:00,106,31,75,0,0,0
2021-05-04 18:15,103,38,65,0,0,0
2021-05-04 18:30,85,37,48,0,0,0
2021-05-04 18:45,76,30,46,0,0,0
2021-05-04 19:00,75,30,45,0,0,0
2021-05-04 19:15,80,29,51,0,0,0
2021-05-04 19:30,50,22,28,0,0,0
2021-05-04 19:45,76,29,47,0,0,0
2021-05-04 20:00,53,27,26,0,0,0
2021-05-04 20:15,46,14,32,0,0,0
2021-05-04 20:30,38,19,19,0,0,0
2021-05-04 20:45,32,10,22,0,0,0
2021-05-04 21:00,38,19,19,0,0,0
2021-05-04 21:15,34,18,16,0,0,0
2021-05-04 21:30,34,11,23,0,0,0
2021-05-04 21:45,15,8,7,0,0,0
2021-05-04 22:00,23,12,11,0,0,0
2021-05-04 22:15,21,12,9,0,0,0
2021-05-04 22:30,12,5,7,0,0,0
2021-05-04 22:45,17,9,8,0,0,0
2021-05-04 23:00,17,8,9,0,0,0
2021-05-04 23:15,9,4,5,0,0,0
2021-05-04 23:30,13,6,7,0,0,0
2021-05-04 23:45,6,1,5,0,0,0
2021-05-05 00:00,6,3,3,0,0,0
2021-05-05 00:15,3,0,3,0,0,0
2021-05-05 00:30,5,2,3,0,0,0
2021-05-05 00:45,2,1,1,0,0,0
2021-05-05 01:00,4,0,4,0,0,0
2021-05-05 01:15,4,2,2,0,0,0
2021-05-05 01:30,3,2,1,0,0,0
2021-05-05 01:45,2,0,2,0,0,0
2021-05-05 02:00,1,0,1,0,0,0
2021-05-05 02:15,0,0,0,0,0,0
2021-05-05 02:30,1,1,0,0,0,0
2021-05-05 02:45,0,0,0,0,0,0
2021-05-05 03:00,3,1,2,0,0,0
2021-05-05 03:15,1,1,0,0,0,0
2021-05-05 03:30,0,0,0,0,0,0
2021-05-05 03:45,4,1,3,0,0,0
2021-05-05 04:00,3,0,3,0,0,0
2021-05-05 04:15,0,0,0,0,0,0
2021-05-05 04:30,2,2,0,0,0,0
2021-05-05 04:45,5,2,3,0,0,0
2021-05-05 05:00,1,1,0,0,0,0
2021-05-05 05:15,9,4,5,0,0,0
2021-05-05 05:30,13,4,9,0,0,0
2021-05-05 05:45,21,10,11,0,0,0
2021-05-05 06:00,17,7,10,0,0,0
2021-05-05 06:15,28,10,18,0,0,0
2021-05-05 06:30,45,24,21,0,0,0
2021-05-05 06:45,58,32,26,0,0,0
2021-05-05 07:00,83,39,44,0,0,0
2021-05-05 07:15,92,39,53,0,0,0
2021-05-05 07:30,112,48,64,0,0,0
2021-05-05 07:45,131,72,59,0,0,0
2021-05-05 08:00,106,50,56,0,0,0
2021-05-05 08:15,127,58,69,0,0,0
2021-05-05 08:30,95,42,53,0,0,0
2021-05-05 08:45,109,47,62,0,0,0
2021-05-05 09:00,98,47,51,0,0,0
2021-05-05 09:15,76,36,40,0,0,0
2021-05-05 09:30,69,27,42,0,0,0
2021-05-05 09:45,94,31,63,0,0,0
2021-05-05 10:00,70,33,37,0,0,0
2021-05-05 10:15,84,29,55,0,0,0
2021-05-05 10:30,82,25,57,0,0,0
2021-05-05 10:45,102,34,68,0,0,0
2021-05-05 11:00,76,37,39,0,0,0
2021-05-05 11:15,88,39,49,0,0,0
2021-05-05 11:30,81,25,56,0,0,0
2021-05-05 11:45,88,31,57,0,0,0
2021-05-05 12:00,103,35,68,0,0,0
2021-05-05 12:15,90,38,52,0,0,0
2021-05-05 12:30,102,38,64,0,0,0
2021-05-05 12:45,101,38,63,0,0,0
2021-05-05 13:00,99,42,57,0,0,0
2021-05-05 13:15,105,46,59,0,0,0
2021-05-05 13:30,107,50,57,0,0,0
2021-05-05 13:45,104,48,56,0,0,0
2021-05-05 14:00,126,57,69,0,0,0
2021-05-05 14:15,91,43,48,0,0,0
2021-05-05 14:30,98,49,49,0,0,0
2021-05-05 14:45,92,41,51,0,0,0
2021-05-05 15:00,86,37,49,0,0,0
2021-05-05 15:15,97,37,60,0,0,0
2021-05-05 15:30,96,40,56,0,0,0
2021-05-05 15:45,101,47,54,0,0,0
2021-05-05 16:00,106,50,56,0,0,0
2021-05-05 16:15,126,50,76,0,0,0
2021-05-05 16:30,105,43,62,0,0,0
2021-05-05 16:45,114,56,58,0,0,0
2021-05-05 17:00,127,45,82,0,0,0
2021-05-05 17:15,145,67,78,0,0,0
2021-05-05 17:30,128,48,80,0,0,0
2021-05-05 17:45,132,54,78,0,0,0
2021-05-05 18:00,104,52,52,0,0,0
2021-05-05 18:15,111,52,59,0,0,0
2021-05-05 18:30,110,51,59,0,0,0
2021-05-05 18:45,88,38,50,0,0,0
2021-05-05 19:00,87,34,53,0,0,0
2021-05-05 19:15,57,23,34,0,0,0
2021-05-05 19:30,65,32,33,0,0,0
2021-05-05 19:45,85,34,51,0,0,0
2021-05-05 20:00,75,32,43,0,0,0
2021-05-05 20:15,67,23,44,0,0,0
2021-05-05 20:30,40,25,15,0,0,0
2021-05-05 20:45,53,18,35,0,0,0
2021-05-05 21:00,34,12,22,0,0,0
2021-05-05 21:15,30,14,16,0,0,0
2021-05-05 21:30,23,7,16,0,0,0
2021-05-05 21:45,26,12,14,0,0,0
2021-05-05 22:00,31,13,18,0,0,0
2021-05-05 22:15,20,10,10,0,0,0
2021-05-05 22:30,21,7,14,0,0,0
2021-05-05 22:45,12,6,6,0,0,0
2021-05-05 23:00,22,10,12,0,0,0
2021-05-05 23:15,18,12,6,0,0,0
2021-05-05 23:30,24,12,12,0,0,0
2021-05-05 23:45,11,5,6,0,0,0
2021-05-06 00:00,10,2,8,0,0,0
2021-05-06 00:15,7,2,5,0,0,0
2021-05-06 00:30,11,3,8,0,0,0
2021-05-06 00:45,4,1,3,0,0,0
2021-05-06 01:00,6,4,2,0,0,0
2021-05-06 01:15,0,0,0,0,0,0
2021-05-06 01:30,2,1,1,0,0,0
2021-05-06 01:45,2,1,1,0,0,0
2021-05-06 02:00,2,2,0,0,0,0
2021-05-06 02:15,3,1,2,0,0,0
2021-05-06 02:30,2,0,2,0,0,0
2021-05-06 02:45,1,0,1,0,0,0
2021-05-06 03:00,2,0,2,0,0,0
2021-05-06 03:15,5,3,2,0,0,0
2021-05-06 03:30,4,2,2,0,0,0
2021-05-06 03:45,1,0,1,0,0,0
2021-05-06 04:00,0,0,0,0,0,0
2021-05-06 04:15,5,1,4,0,0,0
2021-05-06 04:30,4,3,1,0,0,0
2021-05-06 04:45,4,1,3,0,0,0
2021-05-06 05:00,2,1,1,0,0,0
2021-05-06 05:15,9,4,5,0,0,0
2021-05-06 05:30,15,2,13,0,0,0
2021-05-06 05:45,17,8,9,0,0,0
2021-05-06 06:00,14,4,10,0,0,0
2021-05-06 06:15,26,8,18,0,0,0
2021-05-06 06:30,32,8,24,0,0,0
2021-05-06 06:45,47,25,22,0,0,0
2021-05-06 07:00,62,22,40,0,0,0
2021-05-06 07:15,72,33,39,0,0,0
2021-05-06 07:30,101,57,44,0,0,0
2021-05-06 07:45,117,60,57,0,0,0
2021-05-06 08:00,130,67,63,0,0,0
2021-05-06 08:15,117,70,47,0,0,0
2021-05-06 08:30,102,49,53,0,0,0
2021-05-06 08:45,100,43,57,0,0,0
2021-05-06 09:00,101,42,59,0,0,0
2021-05-06 09:15,93,39,54,0,0,0
2021-05-06 09:30,77,28,49,0,0,0
2021-05-06 09:45,96,33,63,0,0,0
2021-05-06 10:00,96,38,58,0,0,0
2021-05-06 10:15,87,31,56,0,0,0
2021-05-06 10:30,69,29,40,0,0,0
2021-05-06 10:45,99,42,57,0,0,0
2021-05-06 11:00,80,24,56,0,0,0
2021-05-06 11:15,96,39,57,0,0,0
2021-05-06 11:30,86,33,53,0,0,0
2021-05-06 11:45,105,47,58,0,0,0
2021-05-06 12:00,81,31,50,0,0,0
2021-05-06 12:15,104,48,56,0,0,0
2021-05-06 12:30,119,57,62,0,0,0
2021-05-06 12:45,115,50,65,0,0,0
2021-05-06 13:00,130,54,76,0,0,0
2021-05-06 13:15,132,56,76,0,0,0
2021-05-06 13:30,141,67,74,0,0,0
2021-05-06 13:45,120,58,62,0,0,0
2021-05-06 14:00,105,59,46,0,0,0
2021-05-06 14:15,112,58,54,0,0,0
2021-05-06 14:30,121,56,65,0,0,0
2021-05-06 14:45,111,53,58,0,0,0
2021-05-06 15:00,110,50,60,0,0,0
2021-05-06 15:15,95,43,52,0,0,0
2021-05-06 15:30,126,61,65,0,0,0
2021-05-06 15:45,110,50,60,0,0,0
2021-05-06 16:00,143,68,75,0,0,0
2021-05-06 16:15,131,55,76,0,0,0
2021-05-06 16:30,143,69,74,0,0,0
2021-05-06 16:45,141,60,81,0,0,0
2021-05-06 17:00,154,77,77,0,0,0
2021-05-06 17:15,127,53,74,0,0,0
2021-05-06 17:30,128,56,72,0,0,0
2021-05-06 17:45,125,52,73,0,0,0
2021-05-06 18:00,134,57,77,0,0,0
2021-05-06 18:15,134,63,71,0,0,0
2021-05-06 18:30,108,39,69,0,0,0
2021-05-06 18:45,100,45,55,0,0,0
2021-05-06 19:00,113,49,64,0,0,0
2021-05-06 19:15,90,29,61,0,0,0
2021-05-06 19:30,73,26,47,0,0,0
2021-05-06 19:45,77,38,39,0,0,0
2021-05-06 20:00,94,34,60,0,0,0
2021-05-06 20:15,61,23,38,0,0,0
2021-05-06 20:30,52,16,36,0,0,0
2021-05-06 20:45,35,10,25,0,0,0
2021-05-06 21:00,38,14,24,0,0,0
2021-05-06 21:15,26,11,15,0,0,0
2021-05-06 21:30,20,7,13,0,0,0
2021-05-06 21:45,27,14,13,0,0,0
2021-05-06 22:00,21,9,12,0,0,0
2021-05-06 22:15,16,4,12,0,0,0
2021-05-06 22:30,22,9,13,0,0,0
2021-05-06 22:45,14,10,4,0,0,0
2021-05-06 23:00,19,8,11,0,0,0
2021-05-06 23:15,20,8,12,0,0,0
2021-05-06 23:30,11,3,8,0,0,0
2021-05-06 23:45,10,5,5,0,0,0
2021-05-07 00:00,8,1,7,0,0,0
2021-05-07 00:15,3,1,2,0,0,0
2021-05-07 00:30,6,1,5,0,0,0
2021-05-07 00:45,10,1,9,0,0,0
2021-05-07 01:00,8,6,2,0,0,0
2021-05-07 01:15,4,4,0,0,0,0
2021-05-07 01:30,2,2,0,0,0,0
2021-05-07 01:45,2,1,1,0,0,0
2021-05-07 02:00,1,1,0,0,0,0
2021-05-07 02:15,4,4,0,0,0,0
2021-05-07 02:30,0,0,0,0,0,0
2021-05-07 02:45,0,0,0,0,0,0
2021-05-07 03:00,0,0,0,0,0,0
2021-05-07 03:15,2,1,1,0,0,0
2021-05-07 03:30,1,1,0,0,0,0
2021-05-07 03:45,0,0,0,0,0,0
2021-05-07 04:00,2,0,2,0,0,0
2021-05-07 04:15,2,2,0,0,0,0
2021-05-07 04:30,5,2,3,0,0,0
2021-05-07 04:45,10,4,6,0,0,0
2021-05-07 05:00,3,1,2,0,0,0
2021-05-07 05:15,8,5,3,0,0,0
2021-05-07 05:30,16,6,10,0,0,0
2021-05-07 05:45,13,10,3,0,0,0
2021-05-07 06:00,16,7,9,0,0,0
2021-05-07 06:15,27,8,19,0,0,0
2021-05-07 06:30,43,20,23,0,0,0
2021-05-07 06:45,64,40,24,0,0,0
2021-05-07 07:00,70,38,32,0,0,0
2021-05-07 07:15,77,29,48,0,0,0
2021-05-07 07:30,102,43,59,0,0,0
2021-05-07 07:45,131,67,64,0,0,0
2021-05-07 08:00,98,48,50,0,0,0
2021-05-07 08:15,112,47,65,0,0,0
2021-05-07 08:30,106,55,51,0,0,0
2021-05-07 08:45,105,45,60,0,0,0
2021-05-07 09:00,83,33,50,0,0,0
2021-05-07 09:15,79,30,49,0,0,0
2021-05-07 09:30,80,24,56,0,0,0
2021-05-07 09:45,94,40,54,0,0,0
2021-05-07 10:00,89,34,55,0,0,0
2021-05-07 10:15,85,47,38,0,0,0
2021-05-07 10:30,78,31,47,0,0,0
2021-05-07 10:45,76,30,46,0,0,0
2021-05-07 11:00,90,32,58,0,0,0
2021-05-07 11:15,90,35,55,0,0,0
2021-05-07 11:30,70,27,43,0,0,0
2021-05-07 11:45,97,49,48,0,0,0
2021-05-07 12:00,83,35,48,0,0,0
2021-05-07 12:15,92,42,50,0,0,0
2021-05-07 12:30,120,52,68,0,0,0
2021-05-07 12:45,143,70,73,0,0,0
2021-05-07 13:00,113,44,69,0,0,0
2021-05-07 13:15,140,58,82,0,0,0
2021-05-07 13:30,130,53,77,0,0,0
2021-05-07 13:45,121,60,61,0,0,0
2021-05-07 14:00,117,56,61,0,0,0
2021-05-07 14:15,141,60,81,0,0,0
2021-05-07 14:30,104,49,55,0,0,0
2021-05-07 14:45,113,50,63,0,0,0
2021-05-07 15:00,96,48,48,0,0,0
2021-05-07 15:15,130,59,71,0,0,0
2021-05-07 15:30,135,64,71,0,0,0
2021-05-07 15:45,115,52,63,0,0,0
2021-05-07 16:00,108,49,59,0,0,0
2021-05-07 16:15,128,74,54,0,0,0
2021-05-07 16:30,122,68,54,0,0,0
2021-05-07 16:45,137,58,79,0,0,0
2021-05-07 17:00,144,62,82,0,0,0
2021-05-07 17:15,126,63,63,0,0,0
2021-05-07 17:30,125,57,68,0,0,0
2021-05-07 17:45,134,60,74,0,0,0
2021-05-07 18:00,108,52,56,0,0,0
2021-05-07 18:15,125,58,67,0,0,0
2021-05-07 18:30,113,46,67,0,0,0
2021-05-07 18:45,106,42,64,0,0,0
2021-05-07 19:00,97,42,55,0,0,0
2021-05-07 19:15,71,30,41,0,0,0
2021-05-07 19:30,83,35,48,0,0,0
2021-05-07 19:45,64,25,39,0,0,0
2021-05-07 20:00,73,27,46,0,0,0
2021-05-07 20:15,57,27,30,0,0,0
2021-05-07 20:30,56,19,37,0,0,0
2021-05-07 20:45,43,19,24,0,0,0
2021-05-07 21:00,60,22,38,0,0,0
2021-05-07 21:15,53,23,30,0,0,0
2021-05-07 21:30,46,20,26,0,0,0
2021-05-07 21:45,45,12,33,0,0,0
2021-05-07 22:00,33,11,22,0,0,0
2021-05-07 22:15,23,5,18,0,0,0
2021-05-07 22:30,22,7,15,0,0,0
2021-05-07 22:45,15,10,5,0,0,0
2021-05-07 23:00,20,10,10,0,0,0
2021-05-07 23:15,14,5,9,0,0,0
2021-05-07 23:30,18,12,6,0,0,0
2021-05-07 23:45,21,14,7,0,0,0
2021-05-08 00:00,14,7,7,0,0,0
2021-05-08 00:15,20,9,11,0,0,0
2021-05-08 00:30,16,7,9,0,0,0
2021-05-08 00:45,11,6,5,0,0,0
2021-05-08 01:00,16,10,6,0,0,0
2021-05-08 01:15,11,4,7,0,0,0
2021-05-08 01:30,15,2,13,0,0,0
2021-05-08 01:45,14,11,3,0,0,0
2021-05-08 02:00,16,5,11,0,0,0
2021-05-08 02:15,5,4,1,0,0,0
2021-05-08 02:30,8,4,4,0,0,0
2021-05-08 02:45,4,2,2,0,0,0
2021-05-08 03:00,9,5,4,0,0,0
2021-05-08 03:15,6,4,2,0,0,0
2021-05-08 03:30,7,6,1,0,0,0
2021-05-08 03:45,4,4,0,0,0,0
2021-05-08 04:00,4,1,3,0,0,0
2021-05-08 04:15,2,2,0,0,0,0
2021-05-08 04:30,0,0,0,0,0,0
2021-05-08 04:45,4,1,3,0,0,0
2021-05-08 05:00,0,0,0,0,0,0
2021-05-08 05:15,10,2,8,0,0,0
2021-05-08 05:30,6,3,3,0,0,0
2021-05-08 05:45,7,1,6,0,0,0
2021-05-08 06:00,7,0,7,0,0,0
2021-05-08 06:15,6,2,4,0,0,0
2021-05-08 06:30,18,10,8,0,0,0
2021-05-08 06:45,8,7,1,0,0,0
2021-05-08 07:00,14,9,5,0,0,0
2021-05-08 07:15,10,5,5,0,0,0
2021-05-08 07:30,13,6,7,0,0,0
2021-05-08 07:45,23,13,10,0,0,0
2021-05-08 08:00,23,13,10,0,0,0
2021-05-08 08:15,30,11,19,0,0,0
2021-05-08 08:30,37,17,20,0,0,0
2021-05-08 08:45,28,13,15,0,0,0
2021-05-08 09:00,32,14,18,0,0,0
2021-05-08 09:15,36,12,24,0,0,0
2021-05-08 09:30,39,18,21,0,0,0
2021-05-08 09:45,64,25,39,0,0,0
2021-05-08 10:00,53,15,38,0,0,0
2021-05-08 10:15,71,30,41,0,0,0
2021-05-08 10:30,68,24,44,0,0,0
2021-05-08 10:45,61,27,34,0,0,0
2021-05-08 11:00,69,27,42,0,0,0
2021-05-08 11:15,80,29,51,0,0,0
2021-05-08 11:30,91,41,50,0,0,0
2021-05-08 11:45,90,29,61,0,0,0
2021-05-08 12:00,91,44,47,0,0,0
2021-05-08 12:15,79,31,48,0,0,0
2021-05-08 12:30,96,39,57,0,0,0
2021-05-08 12:45,99,39,60,0,0,0
2021-05-08 13:00,115,55,60,0,0,0
2021-05-08 13:15,93,47,46,0,0,0
2021-05-08 13:30,98,46,52,0,0,0
2021-05-08 13:45,118,54,64,0,0,0
2021-05-08 14:00,93,47,46,0,0,0
2021-05-08 14:15,107,59,48,0,0,0
2021-05-08 14:30,100,46,54,0,0,0
2021-05-08 14:45,97,55,42,0,0,0
2021-05-08 15:00,81,39,42,0,0,0
2021-05-08 15:15,116,61,55,0,0,0
2021-05-08 15:30,104,51,53,0,0,0
2021-05-08 15:45,100,39,61,0,0,0
2021-05-08 16:00,59,27,32,0,0,0
2021-05-08 16:15,87,34,53,0,0,0
2021-05-08 16:30,83,32,51,0,0,0
2021-05-08 16:45,55,16,39,0,0,0
2021-05-08 17:00,55,19,36,0,0,0
2021-05-08 17:15,65,28,37,0,0,0
2021-05-08 17:30,70,38,32,0,0,0
2021-05-08 17:45,71,26,45,0,0,0
2021-05-08 18:00,97,50,47,0,0,0
2021-05-08 18:15,78,37,41,0,0,0
2021-05-08 18:30,72,32,40,0,0,0
2021-05-08 18:45,80,41,39,0,0,0
2021-05-08 19:00,77,30,47,0,0,0
2021-05-08 19:15,67,30,37,0,0,0
2021-05-08 19:30,68,26,42,0,0,0
2021-05-08 19:45,75,27,48,0,0,0
2021-05-08 20:00,64,21,43,0,0,0
2021-05-08 20:15,37,13,24,0,0,0
2021-05-08 20:30,39,17,22,0,0,0
2021-05-08 20:45,43,18,25,0,0,0
2021-05-08 21:00,38,11,27,0,0,0
2021-05-08 21:15,35,17,18,0,0,0
2021-05-08 21:30,39,15,24,0,0,0
2021-05-08 21:45,29,14,15,0,0,0
2021-05-08 22:00,33,11,22,0,0,0
2021-05-08 22:15,9,0,9,0,0,0
2021-05-08 22:30,22,9,13,0,0,0
2021-05-08 22:45,14,2,12,0,0,0
2021-05-08 23:00,27,7,20,0,0,0
2021-05-08 23:15,24,10,14,0,0,0
2021-05-08 23:30,14,5,9,0,0,0
2021-05-08 23:45,16,8,8,0,0,0
2021-05-09 00:00,22,4,18,0,0,0
2021-05-09 00:15,21,14,7,0,0,0
2021-05-09 00:30,20,9,11,0,0,0
2021-05-09 00:45,13,11,2,0,0,0
2021-05-09 01:00,9,5,4,0,0,0
2021-05-09 01:15,27,15,12,0,0,0
2021-05-09 01:30,17,10,7,0,0,0
2021-05-09 01:45,8,2,6,0,0,0
2021-05-09 02:00,7,0,7,0,0,0
2021-05-09 02:15,5,4,1,0,0,0
2021-05-09 02:30,7,5,2,0,0,0
2021-05-09 02:45,0,0,0,0,0,0
2021-05-09 03:00,7,1,6,0,0,0
2021-05-09 03:15,6,2,4,0,0,0
2021-05-09 03:30,0,0,0,0,0,0
2021-05-09 03:45,4,1,3,0,0,0
2021-05-09 04:00,5,0,5,0,0,0
2021-05-09 04:15,8,8,0,0,0,0
2021-05-09 04:30,1,1,0,0,0,0
2021-05-09 04:45,3,0,3,0,0,0
2021-05-09 05:00,0,0,0,0,0,0
2021-05-09 05:15,0,0,0,0,0,0
2021-05-09 05:30,2,1,1,0,0,0
2021-05-09 05:45,5,3,2,0,0,0
2021-05-09 06:00,4,2,2,0,0,0
2021-05-09 06:15,3,0,3,0,0,0
2021-05-09 06:30,7,4,3,0,0,0
2021-05-09 06:45,7,3,4,0,0,0
2021-05-09 07:00,7,5,2,0,0,0
2021-05-09 07:15,9,4,5,0,0,0
2021-05-09 07:30,9,5,4,0,0,0
2021-05-09 07:45,8,3,5,0,0,0
2021-05-09 08:00,9,7,2,0,0,0
2021-05-09 08:15,17,7,10,0,0,0
2021-05-09 08:30,20,9,11,0,0,0
2021-05-09 08:45,27,8,19,0,0,0
2021-05-09 09:00,25,16,9,0,0,0
2021-05-09 09:15,33,13,20,0,0,0
2021-05-09 09:30,24,9,15,0,0,0
2021-05-09 09:45,57,28,29,0,0,0
2021-05-09 10:00,46,23,23,0,0,0
2021-05-09 10:15,47,22,25,0,0,0
2021-05-09 10:30,55,25,30,0,0,0
2021-05-09 10:45,55,28,27,0,0,0
2021-05-09 11:00,66,32,34,0,0,0
2021-05-09 11:15,71,40,31,0,0,0
2021-05-09 11:30,87,51,36,0,0,0
2021-05-09 11:45,83,53,30,0,0,0
2021-05-09 12:00,67,26,41,0,0,0
2021-05-09 12:15,64,30,34,0,0,0
2021-05-09 12:30,76,35,41,0,0,0
2021-05-09 12:45,86,57,29,0,0,0
2021-05-09 13:00,120,62,58,0,0,0
2021-05-09 13:15,112,53,59,0,0,0
2021-05-09 13:30,110,53,57,0,0,0
2021-05-09 13:45,94,46,48,0,0,0
2021-05-09 14:00,125,61,64,0,0,0
2021-05-09 14:15,97,48,49,0,0,0
2021-05-09 14:30,91,51,40,0,0,0
2021-05-09 14:45,105,31,74,0,0,0
2021-05-09 15:00,93,52,41,0,0,0
2021-05-09 15:15,108,59,49,0,0,0
2021-05-09 15:30,106,56,50,0,0,0
2021-05-09 15:45,134,69,65,0,0,0
2021-05-09 16:00,77,37,40,0,0,0
2021-05-09 16:15,94,49,45,0,0,0
2021-05-09 16:30,110,47,63,0,0,0
2021-05-09 16:45,116,53,63,0,0,0
2021-05-09 17:00,84,28,56,0,0,0
2021-05-09 17:15,119,40,79,0,0,0
2021-05-09 17:30,112,45,67,0,0,0
2021-05-09 17:45,85,39,46,0,0,0
2021-05-09 18:00,96,39,57,0,0,0
2021-05-09 18:15,92,37,55,0,0,0
2021-05-09 18:30,86,41,45,0,0,0
2021-05-09 18:45,123,44,79,0,0,0
2021-05-09 19:00,100,34,66,0,0,0
2021-05-09 19:15,81,33,48,0,0,0
2021-05-09 19:30,93,31,62,0,0,0
2021-05-09 19:45,93,34,59,0,0,0
2021-05-09 20:00,82,37,45,0,0,0
2021-05-09 20:15,82,28,54,0,0,0
2021-05-09 20:30,48,15,33,0,0,0
2021-05-09 20:45,72,24,48,0,0,0
2021-05-09 21:00,70,20,50,0,0,0
2021-05-09 21:15,35,10,25,0,0,0
2021-05-09 21:30,49,24,25,0,0,0
2021-05-09 21:45,35,9,26,0,0,0
2021-05-09 22:00,36,15,21,0,0,0
2021-05-09 22:15,44,16,28,0,0,0
2021-05-09 22:30,23,11,12,0,0,0
2021-05-09 22:45,27,11,16,0,0,0
2021-05-09 23:00,12,5,7,0,0,0
2021-05-09 23:15,6,2,4,0,0,0
2021-05-09 23:30,14,8,6,0,0,0
2021-05-09 23:45,19,8,11,0,0,0
2021-05-10 00:00,11,2,9,0,0,0
2021-05-10 00:15,8,2,6,0,0,0
2021-05-10 00:30,10,2,8,0,0,0
2021-05-10 00:45,6,2,4,0,0,0
2021-05-10 01:00,5,3,2,0,0,0
2021-05-10 01:15,5,1,4,0,0,0
2021-05-10 01:30,1,0,1,0,0,0
2021-05-10 01:45,3,1,2,0,0,0
2021-05-10 02:00,0,0,0,0,0,0
2021-05-10 02:15,2,2,0,0,0,0
2021-05-10 02:30,0,0,0,0,0,0
2021-05-10 02:45,6,0,6,0,0,0
2021-05-10 03:00,2,0,2,0,0,0
2021-05-10 03:15,3,1,2,0,0,0
2021-05-10 03:30,2,1,1,0,0,0
2021-05-10 03:45,1,1,0,0,0,0
2021-05-10 04:00,3,0,3,0,0,0
2021-05-10 04:15,3,2,1,0,0,0
2021-05-10 04:30,5,2,3,0,0,0
2021-05-10 04:45,4,2,2,0,0,0
2021-05-10 05:00,2,1,1,0,0,0
2021-05-10 05:15,12,8,4,0,0,0
2021-05-10 05:30,17,6,11,0,0,0
2021-05-10 05:45,19,9,10,0,0,0
2021-05-10 06:00,18,8,10,0,0,0
2021-05-10 06:15,35,18,17,0,0,0
2021-05-10 06:30,42,23,19,0,0,0
2021-05-10 06:45,75,41,34,0,0,0
2021-05-10 07:00,68,34,34,0,0,0
2021-05-10 07:15,86,43,43,0,0,0
2021-05-10 07:30,121,62,59,0,0,0
2021-05-10 07:45,135,74,61,0,0,0
2021-05-10 08:00,121,56,65,0,0,0
2021-05-10 08:15,113,49,64,0,0,0
2021-05-10 08:30,106,50,56,0,0,0
2021-05-10 08:45,122,55,67,0,0,0
2021-05-10 09:00,85,42,43,0,0,0
2021-05-10 09:15,110,45,65,0,0,0
2021-05-10 09:30,75,31,44,0,0,0
2021-05-10 09:45,48,21,27,0,0,0
2021-05-10 10:00,62,18,44,0,0,0
2021-05-10 10:15,76,36,40,0,0,0
2021-05-10 10:30,62,23,39,0,0,0
2021-05-10 10:45,89,36,53,0,0,0
2021-05-10 11:00,90,40,50,0,0,0
2021-05-10 11:15,64,25,39,0,0,0
2021-05-10 11:30,83,41,42,0,0,0
2021-05-10 11:45,89,38,51,0,0,0
2021-05-10 12:00,114,46,68,0,0,0
2021-05-10 12:15,111,45,66,0,0,0
2021-05-10 12:30,98,36,62,0,0,0
2021-05-10 12:45,129,55,74,0,0,0
2021-05-10 13:00,108,55,53,0,0,0
2021-05-10 13:15,94,45,49,0,0,0
2021-05-10 13:30,107,62,45,0,0,0
2021-05-10 13:45,115,66,49,0,0,0
2021-05-10 14:00,111,53,58,0,0,0
2021-05-10 14:15,120,69,51,0,0,0
2021-05-10 14:30,87,46,41,0,0,0
2021-05-10 14:45,112,54,58,0,0,0
2021-05-10 15:00,115,55,60,0,0,0
2021-05-10 15:15,114,52,62,0,0,0
2021-05-10 15:30,110,53,57,0,0,0
2021-05-10 15:45,106,48,58,0,0,0
2021-05-10 16:00,141,68,73,0,0,0
2021-05-10 16:15,145,71,74,0,0,0
2021-05-10 16:30,142,63,79,0,0,0
2021-05-10 16:45,155,74,81,0,0,0
2021-05-10 17:00,153,66,87,0,0,0
2021-05-10 17:15,147,59,88,0,0,0
2021-05-10 17:30,155,72,83,0,0,0
2021-05-10 17:45,130,50,80,0,0,0
2021-05-10 18:00,152,63,89,0,0,0
2021-05-10 18:15,129,50,79,0,0,0
2021-05-10 18:30,121,53,68,0,0,0
2021-05-10 18:45,97,30,67,0,0,0
2021-05-10 19:00,118,56,62,0,0,0
2021-05-10 19:15,111,47,64,0,0,0
2021-05-10 19:30,71,26,45,0,0,0
2021-05-10 19:45,65,30,35,0,0,0
2021-05-10 20:00,86,36,50,0,0,0
2021-05-10 20:15,61,26,35,0,0,0
2021-05-10 20:30,58,19,39,0,0,0
2021-05-10 20:45,51,26,25,0,0,0
2021-05-10 21:00,34,17,17,0,0,0
2021-05-10 21:15,28,18,10,0,0,0
2021-05-10 21:30,38,19,19,0,0,0
2021-05-10 21:45,41,9,32,0,0,0
2021-05-10 22:00,36,14,22,0,0,0
2021-05-10 22:15,31,15,16,0,0,0
2021-05-10 22:30,36,16,20,0,0,0
2021-05-10 22:45,21,8,13,0,0,0
2021-05-10 23:00,25,8,17,0,0,0
2021-05-10 23:15,15,5,10,0,0,0
2021-05-10 23:30,12,3,9,0,0,0
2021-05-10 23:45,12,8,4,0,0,0
2021-05-11 00:00,9,4,5,0,0,0
2021-05-11 00:15,4,0,4,0,0,0
2021-05-11 00:30,4,3,1,0,0,0
2021-05-11 00:45,4,1,3,0,0,0
2021-05-11 01:00,5,3,2,0,0,0
2021-05-11 01:15,1,1,0,0,0,0
2021-05-11 01:30,1,1,0,0,0,0
2021-05-11 01:45,3,3,0,0,0,0
2021-05-11 02:00,1,1,0,0,0,0
2021-05-11 02:15,0,0,0,0,0,0
2021-05-11 02:30,1,0,1,0,0,0
2021-05-11 02:45,0,0,0,0,0,0
2021-05-11 03:00,0,0,0,0,0,0
2021-05-11 03:15,0,0,0,0,0,0
2021-05-11 03:30,0,0,0,0,0,0
2021-05-11 03:45,1,1,0,0,0,0
2021-05-11 04:00,2,0,2,0,0,0
2021-05-11 04:15,1,1,0,0,0,0
2021-05-11 04:30,2,1,1,0,0,0
2021-05-11 04:45,3,1,2,0,0,0
2021-05-11 05:00,0,0,0,0,0,0
2021-05-11 05:15,11,5,6,0,0,0
2021-05-11 05:30,18,5,13,0,0,0
2021-05-11 05:45,24,14,10,0,0,0
2021-05-11 06:00,19,10,9,0,0,0
2021-05-11 06:15,33,14,19,0,0,0
2021-05-11 06:30,39,16,23,0,0,0
2021-05-11 06:45,66,36,30,0,0,0
2021-05-11 07:00,62,26,36,0,0,0
2021-05-11 07:15,84,34,50,0,0,0
2021-05-11 07:30,99,43,56,0,0,0
2021-05-11 07:45,136,72,64,0,0,0
2021-05-11 08:00,125,63,62,0,0,0
2021-05-11 08:15,105,51,54,0,0,0
2021-05-11 08:30,97,48,49,0,0,0
2021-05-11 08:45,123,46,77,0,0,0
2021-05-11 09:00,91,36,55,0,0,0
2021-05-11 09:15,71,21,50,0,0,0
2021-05-11 09:30,96,31,65,0,0,0
2021-05-11 09:45,103,49,54,0,0,0
2021-05-11 10:00,91,41,50,0,0,0
2021-05-11 10:15,61,28,33,0,0,0
2021-05-11 10:30,66,29,37,0,0,0
2021-05-11 10:45,82,38,44,0,0,0
2021-05-11 11:00,82,22,60,0,0,0
2021-05-11 11:15,94,41,53,0,0,0
2021-05-11 11:30,90,32,58,0,0,0
2021-05-11 11:45,78,38,40,0,0,0
2021-05-11 12:00,84,34,50,0,0,0
2021-05-11 12:15,114,62,52,0,0,0
2021-05-11 12:30,95,36,59,0,0,0
2021-05-11 12:45,110,58,52,0,0,0
2021-05-11 13:00,112,60,52,0,0,0
2021-05-11 13:15,120,46,74,0,0,0
2021-05-11 13:30,121,57,64,0,0,0
2021-05-11 13:45,105,49,56,0,0,0
2021-05-11 14:00,134,66,68,0,0,0
2021-05-11 14:15,96,42,54,0,0,0
2021-05-11 14:30,87,30,57,0,0,0
2021-05-11 14:45,133,49,84,0,0,0
2021-05-11 15:00,97,42,55,0,0,0
2021-05-11 15:15,90,43,47,0,0,0
2021-05-11 15:30,111,46,65,0,0,0
2021-05-11 15:45,121,56,65,0,0,0
2021-05-11 16:00,123,61,62,0,0,0
2021-05-11 16:15,121,59,62,0,0,0
2021-05-11 16:30,111,60,51,0,0,0
2021-05-11 16:45,116,37,79,0,0,0
2021-05-11 17:00,101,31,70,0,0,0
2021-05-11 17:15,119,42,77,0,0,0
2021-05-11 17:30,125,51,74,0,0,0
2021-05-11 17:45,115,49,66,0,0,0
2021-05-11 18:00,117,59,58,0,0,0
2021-05-11 18:15,98,35,63,0,0,0
2021-05-11 18:30,111,44,67,0,0,0
2021-05-11 18:45,94,41,53,0,0,0
2021-05-11 19:00,92,36,56,0,0,0
2021-05-11 19:15,85,36,49,0,0,0
2021-05-11 19:30,78,32,46,0,0,0
2021-05-11 19:45,68,32,36,0,0,0
2021-05-11 20:00,66,28,38,0,0,0
2021-05-11 20:15,59,22,37,0,0,0
2021-05-11 20:30,39,18,21,0,0,0
2021-05-11 20:45,34,16,18,0,0,0
2021-05-11 21:00,39,15,24,0,0,0
2021-05-11 21:15,31,18,13,0,0,0
2021-05-11 21:30,29,12,17,0,0,0
2021-05-11 21:45,26,8,18,0,0,0
2021-05-11 22:00,25,10,15,0,0,0
2021-05-11 22:15,28,9,19,0,0,0
2021-05-11 22:30,18,9,9,0,0,0
2021-05-11 22:45,11,7,4,0,0,0
2021-05-11 23:00,8,2,6,0,0,0
2021-05-11 23:15,16,9,7,0,0,0
2021-05-11 23:30,11,5,6,0,0,0
2021-05-11 23:45,7,2,5,0,0,0
2021-05-12 00:00,8,4,4,0,0,0
2021-05-12 00:15,11,2,9,0,0,0
2021-05-12 00:30,4,0,4,0,0,0
2021-05-12 00:45,8,1,7,0,0,0
2021-05-12 01:00,0,0,0,0,0,0
2021-05-12 01:15,5,0,5,0,0,0
2021-05-12 01:30,1,1,0,0,0,0
2021-05-12 01:45,0,0,0,0,0,0
2021-05-12 02:00,0,0,0,0,0,0
2021-05-12 02:15,2,0,2,0,0,0
2021-05-12 02:30,1,0,1,0,0,0
2021-05-12 02:45,3,0,3,0,0,0
2021-05-12 03:00,1,0,1,0,0,0
2021-05-12 03:15,3,2,1,0,0,0
2021-05-12 03:30,1,0,1,0,0,0
2021-05-12 03:45,2,1,1,0,0,0
2021-05-12 04:00,2,2,0,0,0,0
2021-05-12 04:15,3,1,2,0,0,0
2021-05-12 04:30,2,2,0,0,0,0
2021-05-12 04:45,7,2,5,0,0,0
2021-05-12 05:00,5,4,1,0,0,0
2021-05-12 05:15,14,6,8,0,0,0
2021-05-12 05:30,18,7,11,0,0,0
2021-05-12 05:45,20,10,10,0,0,0
2021-05-12 06:00,16,9,7,0,0,0
2021-05-12 06:15,40,13,27,0,0,0
2021-05-12 06:30,59,19,40,0,0,0
2021-05-12 06:45,85,43,42,0,0,0
2021-05-12 07:00,72,37,35,0,0,0
2021-05-12 07:15,92,47,45,0,0,0
2021-05-12 07:30,106,54,52,0,0,0
2021-05-12 07:45,167,87,80,0,0,0
2021-05-12 08:00,114,65,49,0,0,0
2021-05-12 08:15,149,73,76,0,0,0
2021-05-12 08:30,116,59,57,0,0,0
2021-05-12 08:45,112,43,69,0,0,0
2021-05-12 09:00,100,42,58,0,0,0
2021-05-12 09:15,94,37,57,0,0,0
2021-05-12 09:30,96,43,53,0,0,0
2021-05-12 09:45,93,47,46,0,0,0
2021-05-12 10:00,86,33,53,0,0,0
2021-05-12 10:15,92,45,47,0,0,0
2021-05-12 10:30,82,25,57,0,0,0
2021-05-12 10:45,104,41,63,0,0,0
2021-05-12 11:00,87,42,45,0,0,0
2021-05-12 11:15,84,37,47,0,0,0
2021-05-12 11:30,109,60,49,0,0,0
2021-05-12 11:45,114,51,63,0,0,0
2021-05-12 12:00,103,44,59,0,0,0
2021-05-12 12:15,131,53,78,0,0,0
2021-05-12 12:30,101,42,59,0,0,0
2021-05-12 12:45,141,66,75,0,0,0
2021-05-12 13:00,125,62,63,0,0,0
2021-05-12 13:15,125,60,65,0,0,0
2021-05-12 13:30,143,70,73,0,0,0
2021-05-12 13:45,135,72,63,0,0,0
2021-05-12 14:00,124,52,72,0,0,0
2021-05-12 14:15,159,87,72,0,0,0
2021-05-12 14:30,122,63,59,0,0,0
2021-05-12 14:45,122,56,66,0,0,0
2021-05-12 15:00,110,38,72,0,0,0
2021-05-12 15:15,79,36,43,0,0,0
2021-05-12 15:30,98,43,55,0,0,0
2021-05-12 15:45,101,36,65,0,0,0
2021-05-12 16:00,154,70,84,0,0,0
2021-05-12 16:15,122,53,69,0,0,0
2021-05-12 16:30,125,59,66,0,0,0
2021-05-12 16:45,160,67,93,0,0,0
2021-05-12 17:00,136,55,81,0,0,0
2021-05-12 17:15,157,68,89,0,0,0
2021-05-12 17:30,134,65,69,0,0,0
2021-05-12 17:45,135,61,74,0,0,0
2021-05-12 18:00,132,62,70,0,0,0
2021-05-12 18:15,129,51,78,0,0,0
2021-05-12 18:30,122,60,62,0,0,0
2021-05-12 18:45,110,53,57,0,0,0
2021-05-12 19:00,131,71,60,0,0,0
2021-05-12 19:15,103,45,58,0,0,0
2021-05-12 19:30,88,35,53,0,0,0
2021-05-12 19:45,87,38,49,0,0,0
2021-05-12 20:00,94,45,49,0,0,0
2021-05-12 20:15,90,41,49,0,0,0
2021-05-12 20:30,71,34,37,0,0,0
2021-05-12 20:45,63,27,36,0,0,0
2021-05-12 21:00,47,22,25,0,0,0
2021-05-12 21:15,47,25,22,0,0,0
2021-05-12 21:30,28,21,7,0,0,0
2021-05-12 21:45,35,15,20,0,0,0
2021-05-12 22:00,32,19,13,0,0,0
2021-05-12 22:15,38,16,22,0,0,0
2021-05-12 22:30,29,9,20,0,0,0
2021-05-12 22:45,33,21,12,0,0,0
2021-05-12 23:00,27,6,21,0,0,0
2021-05-12 23:15,20,11,9,0,0,0
2021-05-12 23:30,29,15,14,0,0,0
2021-05-12 23:45,32,13,19,0,0,0
2021-05-13 00:00,17,6,11,0,0,0
2021-05-13 00:15,19,2,17,0,0,0
2021-05-13 00:30,9,3,6,0,0,0
2021-05-13 00:45,21,12,9,0,0,0
2021-05-13 01:00,15,4,11,0,0,0
2021-05-13 01:15,10,5,5,0,0,0
2021-05-13 01:30,3,1,2,0,0,0
2021-05-13 01:45,12,2,10,0,0,0
2021-05-13 02:00,4,2,2,0,0,0
2021-05-13 02:15,7,3,4,0,0,0
2021-05-13 02:30,8,4,4,0,0,0
2021-05-13 02:45,3,1,2,0,0,0
2021-05-13 03:00,14,4,10,0,0,0
2021-05-13 03:15,5,0,5,0,0,0
2021-05-13 03:30,6,3,3,0,0,0
2021-05-13 03:45,4,1,3,0,0,0
2021-05-13 04:00,2,1,1,0,0,0
2021-05-13 04:15,1,1,0,0,0,0
2021-05-13 04:30,3,1,2,0,0,0
2021-05-13 04:45,5,2,3,0,0,0
2021-05-13 05:00,4,1,3,0,0,0
2021-05-13 05:15,2,0,2,0,0,0
2021-05-13 05:30,6,0,6,0,0,0
2021-05-13 05:45,3,2,1,0,0,0
2021-05-13 06:00,5,4,1,0,0,0
2021-05-13 06:15,4,2,2,0,0,0
2021-05-13 06:30,7,4,3,0,0,0
2021-05-13 06:45,7,5,2,0,0,0
2021-05-13 07:00,21,10,11,0,0,0
2021-05-13 07:15,13,7,6,0,0,0
2021-05-13 07:30,12,9,3,0,0,0
2021-05-13 07:45,15,5,10,0,0,0
2021-05-13 08:00,18,10,8,0,0,0
2021-05-13 08:15,20,9,11,0,0,0
2021-05-13 08:30,15,3,12,0,0,0
2021-05-13 08:45,29,8,21,0,0,0
2021-05-13 09:00,13,2,11,0,0,0
2021-05-13 09:15,26,10,16,0,0,0
2021-05-13 09:30,36,18,18,0,0,0
2021-05-13 09:45,44,21,23,0,0,0
2021-05-13 10:00,35,14,21,0,0,0
2021-05-13 10:15,58,16,42,0,0,0
2021-05-13 10:30,56,31,25,0,0,0
2021-05-13 10:45,50,17,33,0,0,0
2021-05-13 11:00,66,30,36,0,0,0
2021-05-13 11:15,59,32,27,0,0,0
2021-05-13 11:30,74,36,38,0,0,0
2021-05-13 11:45,66,25,41,0,0,0
2021-05-13 12:00,78,43,35,0,0,0
2021-05-13 12:15,68,35,33,0,0,0
2021-05-13 12:30,45,17,28,0,0,0
2021-05-13 12:45,57,27,30,0,0,0
2021-05-13 13:00,69,27,42,0,0,0
2021-05-13 13:15,81,46,35,0,0,0
2021-05-13 13:30,53,20,33,0,0,0
2021-05-13 13:45,92,50,42,0,0,0
2021-05-13 14:00,114,42,72,0,0,0
2021-05-13 14:15,80,37,43,0,0,0
2021-05-13 14:30,97,43,54,0,0,0
2021-05-13 14:45,86,31,55,0,0,0
2021-05-13 15:00,81,36,45,0,0,0
2021-05-13 15:15,84,43,41,0,0,0
2021-05-13 15:30,66,28,38,0,0,0
2021-05-13 15:45,103,46,57,0,0,0
2021-05-13 16:00,68,26,42,0,0,0
2021-05-13 16:15,78,30,48,0,0,0
2021-05-13 16:30,71,25,46,0,0,0
2021-05-13 16:45,81,29,52,0,0,0
2021-05-13 17:00,62,32,30,0,0,0
2021-05-13 17:15,86,38,48,0,0,0
2021-05-13 17:30,89,35,54,0,0,0
2021-05-13 17:45,83,35,48,0,0,0
2021-05-13 18:00,85,39,46,0,0,0
2021-05-13 18:15,71,33,38,0,0,0
2021-05-13 18:30,66,22,44,0,0,0
2021-05-13 18:45,92,34,58,0,0,0
2021-05-13 19:00,73,38,35,0,0,0
2021-05-13 19:15,65,21,44,0,0,0
2021-05-13 19:30,74,22,52,0,0,0
2021-05-13 19:45,86,40,46,0,0,0
2021-05-13 20:00,67,33,34,0,0,0
2021-05-13 20:15,44,18,26,0,0,0
2021-05-13 20:30,68,36,32,0,0,0
2021-05-13 20:45,40,13,27,0,0,0
2021-05-13 21:00,45,17,28,0,0,0
2021-05-13 21:15,37,15,22,0,0,0
2021-05-13 21:30,29,13,16,0,0,0
2021-05-13 21:45,40,20,20,0,0,0
2021-05-13 22:00,33,14,19,0,0,0
2021-05-13 22:15,26,11,15,0,0,0
2021-05-13 22:30,23,9,14,0,0,0
2021-05-13 22:45,35,20,15,0,0,0
2021-05-13 23:00,39,22,17,0,0,0
2021-05-13 23:15,30,11,19,0,0,0
2021-05-13 23:30,25,10,15,0,0,0
2021-05-13 23:45,42,23,19,0,0,0
2021-05-14 00:00,23,9,14,0,0,0
2021-05-14 00:15,17,6,11,0,0,0
2021-05-14 00:30,14,2,12,0,0,0
2021-05-14 00:45,9,2,7,0,0,0
2021-05-14 01:00,5,4,1,0,0,0
2021-05-14 01:15,6,4,2,0,0,0
2021-05-14 01:30,5,1,4,0,0,0
2021-05-14 01:45,6,2,4,0,0,0
2021-05-14 02:00,0,0,0,0,0,0
2021-05-14 02:15,2,0,2,0,0,0
2021-05-14 02:30,3,1,2,0,0,0
2021-05-14 02:45,2,0,2,0,0,0
2021-05-14 03:00,4,1,3,0,0,0
2021-05-14 03:15,2,0,2,0,0,0
2021-05-14 03:30,0,0,0,0,0,0
2021-05-14 03:45,3,2,1,0,0,0
2021-05-14 04:00,2,1,1,0,0,0
2021-05-14 04:15,5,2,3,0,0,0
2021-05-14 04:30,4,1,3,0,0,0
2021-05-14 04:45,6,2,4,0,0,0
2021-05-14 05:00,4,4,0,0,0,0
2021-05-14 05:15,7,1,6,0,0,0
2021-05-14 05:30,15,4,11,0,0,0
2021-05-14 05:45,14,8,6,0,0,0
2021-05-14 06:00,16,5,11,0,0,0
2021-05-14 06:15,25,9,16,0,0,0
2021-05-14 06:30,31,11,20,0,0,0
2021-05-14 06:45,40,17,23,0,0,0
2021-05-14 07:00,47,18,29,0,0,0
2021-05-14 07:15,50,22,28,0,0,0
2021-05-14 07:30,65,34,31,0,0,0
2021-05-14 07:45,64,38,26,0,0,0
2021-05-14 08:00,56,33,23,0,0,0
2021-05-14 08:15,67,31,36,0,0,0
2021-05-14 08:30,57,32,25,0,0,0
2021-05-14 08:45,74,28,46,0,0,0
2021-05-14 09:00,61,24,37,0,0,0
2021-05-14 09:15,61,13,48,0,0,0
2021-05-14 09:30,64,21,43,0,0,0
2021-05-14 09:45,80,36,44,0,0,0
2021-05-14 10:00,79,27,52,0,0,0
2021-05-14 10:15,69,20,49,0,0,0
2021-05-14 10:30,74,35,39,0,0,0
2021-05-14 10:45,88,30,58,0,0,0
2021-05-14 11:00,75,29,46,0,0,0
2021-05-14 11:15,92,56,36,0,0,0
2021-05-14 11:30,93,30,63,0,0,0
2021-05-14 11:45,107,42,65,0,0,0
2021-05-14 12:00,104,48,56,0,0,0
2021-05-14 12:15,117,40,77,0,0,0
2021-05-14 12:30,98,45,53,0,0,0
2021-05-14 12:45,104,46,58,0,0,0
2021-05-14 13:00,128,62,66,0,0,0
2021-05-14 13:15,115,52,63,0,0,0
2021-05-14 13:30,117,43,74,0,0,0
2021-05-14 13:45,127,66,61,0,0,0
2021-05-14 14:00,107,48,59,0,0,0
2021-05-14 14:15,133,61,72,0,0,0
2021-05-14 14:30,104,48,56,0,0,0
2021-05-14 14:45,124,63,61,0,0,0
2021-05-14 15:00,121,58,63,0,0,0
2021-05-14 15:15,106,37,69,0,0,0
2021-05-14 15:30,102,44,58,0,0,0
2021-05-14 15:45,124,46,78,0,0,0
2021-05-14 16:00,112,54,58,0,0,0
2021-05-14 16:15,128,57,71,0,0,0
2021-05-14 16:30,137,85,52,0,0,0
2021-05-14 16:45,131,69,62,0,0,0
2021-05-14 17:00,119,72,47,0,0,0
2021-05-14 17:15,122,51,71,0,0,0
2021-05-14 17:30,112,56,56,0,0,0
2021-05-14 17:45,131,75,56,0,0,0
2021-05-14 18:00,122,65,57,0,0,0
2021-05-14 18:15,125,63,62,0,0,0
2021-05-14 18:30,94,41,53,0,0,0
2021-05-14 18:45,99,44,55,0,0,0
2021-05-14 19:00,97,44,53,0,0,0
2021-05-14 19:15,80,33,47,0,0,0
2021-05-14 19:30,98,52,46,0,0,0
2021-05-14 19:45,91,32,59,0,0,0
2021-05-14 20:00,73,37,36,0,0,0
2021-05-14 20:15,116,46,70,0,0,0
2021-05-14 20:30,55,34,21,0,0,0
2021-05-14 20:45,64,27,37,0,0,0
2021-05-14 21:00,73,24,49,0,0,0
2021-05-14 21:15,61,25,36,0,0,0
2021-05-14 21:30,38,18,20,0,0,0
2021-05-14 21:45,54,25,29,0,0,0
2021-05-14 22:00,28,10,18,0,0,0
2021-05-14 22:15,36,11,25,0,0,0
2021-05-14 22:30,23,11,12,0,0,0
2021-05-14 22:45,40,20,20,0,0,0
2021-05-14 23:00,37,11,26,0,0,0
2021-05-14 23:15,34,18,16,0,0,0
2021-05-14 23:30,24,12,12,0,0,0
2021-05-14 23:45,23,9,14,0,0,0
2021-05-15 00:00,18,8,10,0,0,0
2021-05-15 00:15,29,13,16,0,0,0
2021-05-15 00:30,27,5,22,0,0,0
2021-05-15 00:45,12,2,10,0,0,0
2021-05-15 01:00,8,3,5,0,0,0
2021-05-15 01:15,20,10,10,0,0,0
2021-05-15 01:30,19,6,13,0,0,0
2021-05-15 01:45,7,1,6,0,0,0
2021-05-15 02:00,12,4,8,0,0,0
2021-05-15 02:15,12,8,4,0,0,0
2021-05-15 02:30,9,2,7,0,0,0
2021-05-15 02:45,12,9,3,0,0,0
2021-05-15 03:00,3,2,1,0,0,0
2021-05-15 03:15,9,3,6,0,0,0
2021-05-15 03:30,9,4,5,0,0,0
2021-05-15 03:45,6,0,6,0,0,0
2021-05-15 04:00,8,4,4,0,0,0
2021-05-15 04:15,6,3,3,0,0,0
2021-05-15 04:30,3,2,1,0,0,0
2021-05-15 04:45,8,5,3,0,0,0
2021-05-15 05:00,0,0,0,0,0,0
2021-05-15 05:15,5,2,3,0,0,0
2021-05-15 05:30,7,4,3,0,0,0
2021-05-15 05:45,8,2,6,0,0,0
2021-05-15 06:00,7,2,5,0,0,0
2021-05-15 06:15,2,1,1,0,0,0
2021-05-15 06:30,14,3,11,0,0,0
2021-05-15 06:45,10,4,6,0,0,0
2021-05-15 07:00,11,5,6,0,0,0
2021-05-15 07:15,21,10,11,0,0,0
2021-05-15 07:30,9,6,3,0,0,0
2021-05-15 07:45,25,12,13,0,0,0
2021-05-15 08:00,21,8,13,0,0,0
2021-05-15 08:15,26,12,14,0,0,0
2021-05-15 08:30,32,10,22,0,0,0
2021-05-15 08:45,40,17,23,0,0,0
2021-05-15 09:00,52,19,33,0,0,0
2021-05-15 09:15,49,20,29,0,0,0
2021-05-15 09:30,50,10,40,0,0,0
2021-05-15 09:45,62,16,46,0,0,0
2021-05-15 10:00,54,26,28,0,0,0
2021-05-15 10:15,50,23,27,0,0,0
2021-05-15 10:30,64,27,37,0,0,0
2021-05-15 10:45,62,14,48,0,0,0
2021-05-15 11:00,68,35,33,0,0,0
2021-05-15 11:15,82,39,43,0,0,0
2021-05-15 11:30,92,40,52,0,0,0
2021-05-15 11:45,78,29,49,0,0,0
2021-05-15 12:00,96,34,62,0,0,0
2021-05-15 12:15,90,32,58,0,0,0
2021-05-15 12:30,87,29,58,0,0,0
2021-05-15 12:45,98,48,50,0,0,0
2021-05-15 13:00,88,37,51,0,0,0
2021-05-15 13:15,94,34,60,0,0,0
2021-05-15 13:30,93,48,45,0,0,0
2021-05-15 13:45,106,58,48,0,0,0
2021-05-15 14:00,112,50,62,0,0,0
2021-05-15 14:15,89,46,43,0,0,0
2021-05-15 14:30,90,42,48,0,0,0
2021-05-15 14:45,93,51,42,0,0,0
2021-05-15 15:00,93,54,39,0,0,0
2021-05-15 15:15,78,31,47,0,0,0
2021-05-15 15:30,80,29,51,0,0,0
2021-05-15 15:45,73,40,33,0,0,0
2021-05-15 16:00,72,31,41,0,0,0
2021-05-15 16:15,87,35,52,0,0,0
2021-05-15 16:30,68,22,46,0,0,0
2021-05-15 16:45,79,29,50,0,0,0
2021-05-15 17:00,69,25,44,0,0,0
2021-05-15 17:15,77,29,48,0,0,0
2021-05-15 17:30,71,35,36,0,0,0
2021-05-15 17:45,85,38,47,0,0,0
2021-05-15 18:00,98,33,65,0,0,0
2021-05-15 18:15,58,17,41,0,0,0
2021-05-15 18:30,68,19,49,0,0,0
2021-05-15 18:45,57,13,44,0,0,0
2021-05-15 19:00,54,19,35,0,0,0
2021-05-15 19:15,80,40,40,0,0,0
2021-05-15 19:30,63,18,45,0,0,0
2021-05-15 19:45,69,33,36,0,0,0
2021-05-15 20:00,61,26,35,0,0,0
2021-05-15 20:15,51,17,34,0,0,0
2021-05-15 20:30,42,24,18,0,0,0
2021-05-15 20:45,46,20,26,0,0,0
2021-05-15 21:00,48,17,31,0,0,0
2021-05-15 21:15,32,12,20,0,0,0
2021-05-15 21:30,33,13,20,0,0,0
2021-05-15 21:45,35,12,23,0,0,0
2021-05-15 22:00,27,11,16,0,0,0
2021-05-15 22:15,33,13,20,0,0,0
2021-05-15 22:30,26,14,12,0,0,0
2021-05-15 22:45,21,6,15,0,0,0
2021-05-15 23:00,13,4,9,0,0,0
2021-05-15 23:15,26,10,16,0,0,0
2021-05-15 23:30,26,5,21,0,0,0
2021-05-15 23:45,11,4,7,0,0,0
2021-05-16 00:00,17,7,10,0,0,0
2021-05-16 00:15,19,7,12,0,0,0
2021-05-16 00:30,18,8,10,0,0,0
2021-05-16 00:45,18,10,8,0,0,0
2021-05-16 01:00,15,5,10,0,0,0
2021-05-16 01:15,18,9,9,0,0,0
2021-05-16 01:30,10,1,9,0,0,0
2021-05-16 01:45,7,2,5,0,0,0
2021-05-16 02:00,10,6,4,0,0,0
2021-05-16 02:15,8,3,5,0,0,0
2021-05-16 02:30,5,4,1,0,0,0
2021-05-16 02:45,7,3,4,0,0,0
2021-05-16 03:00,6,2,4,0,0,0
2021-05-16 03:15,4,0,4,0,0,0
2021-05-16 03:30,0,0,0,0,0,0
2021-05-16 03:45,3,1,2,0,0,0
2021-05-16 04:00,5,1,4,0,0,0
2021-05-16 04:15,1,1,0,0,0,0
2021-05-16 04:30,3,3,0,0,0,0
2021-05-16 04:45,5,1,4,0,0,0
2021-05-16 05:00,1,0,1,0,0,0
2021-05-16 05:15,2,1,1,0,0,0
2021-05-16 05:30,7,1,6,0,0,0
2021-05-16 05:45,4,2,2,0,0,0
2021-05-16 06:00,1,1,0,0,0,0
2021-05-16 06:15,1,0,1,0,0,0
2021-05-16 06:30,6,4,2,0,0,0
2021-05-16 06:45,4,3,1,0,0,0
2021-05-16 07:00,5,3,2,0,0,0
2021-05-16 07:15,8,4,4,0,0,0
2021-05-16 07:30,4,4,0,0,0,0
2021-05-16 07:45,4,2,2,0,0,0
2021-05-16 08:00,10,7,3,0,0,0
2021-05-16 08:15,8,4,4,0,0,0
2021-05-16 08:30,10,4,6,0,0,0
2021-05-16 08:45,25,10,15,0,0,0
2021-05-16 09:00,20,4,16,0,0,0
2021-05-16 09:15,20,7,13,0,0,0
2021-05-16 09:30,19,9,10,0,0,0
2021-05-16 09:45,28,11,17,0,0,0
2021-05-16 10:00,28,6,22,0,0,0
2021-05-16 10:15,46,15,31,0,0,0
2021-05-16 10:30,33,8,25,0,0,0
2021-05-16 10:45,50,22,28,0,0,0
2021-05-16 11:00,24,6,18,0,0,0
2021-05-16 11:15,35,14,21,0,0,0
2021-05-16 11:30,51,22,29,0,0,0
2021-05-16 11:45,65,28,37,0,0,0
2021-05-16 12:00,49,23,26,0,0,0
2021-05-16 12:15,69,32,37,0,0,0
2021-05-16 12:30,70,34,36,0,0,0
2021-05-16 12:45,55,17,38,0,0,0
2021-05-16 13:00,64,24,40,0,0,0
2021-05-16 13:15,68,28,40,0,0,0
2021-05-16 13:30,80,33,47,0,0,0
2021-05-16 13:45,81,38,43,0,0,0
2021-05-16 14:00,59,24,35,0,0,0
2021-05-16 14:15,76,34,42,0,0,0
2021-05-16 14:30,77,28,49,0,0,0
2021-05-16 14:45,73,36,37,0,0,0
2021-05-16 15:00,79,36,43,0,0,0
2021-05-16 15:15,61,34,27,0,0,0
2021-05-16 15:30,96,34,62,0,0,0
2021-05-16 15:45,87,37,50,0,0,0
2021-05-16 16:00,77,35,42,0,0,0
2021-05-16 16:15,78,46,32,0,0,0
2021-05-16 16:30,85,41,44,0,0,0
2021-05-16 16:45,100,38,62,0,0,0
2021-05-16 17:00,91,33,58,0,0,0
2021-05-16 17:15,84,39,45,0,0,0
2021-05-16 17:30,89,38,51,0,0,0
2021-05-16 17:45,107,45,62,0,0,0
2021-05-16 18:00,84,32,52,0,0,0
2021-05-16 18:15,85,28,57,0,0,0
2021-05-16 18:30,69,29,40,0,0,0
2021-05-16 18:45,88,25,63,0,0,0
2021-05-16 19:00,70,34,36,0,0,0
2021-05-16 19:15,59,18,41,0,0,0
2021-05-16 19:30,72,34,38,0,0,0
2021-05-16 19:45,67,24,43,0,0,0
2021-05-16 20:00,59,24,35,0,0,0
2021-05-16 20:15,57,21,36,0,0,0
2021-05-16 20:30,52,16,36,0,0,0
2021-05-16 20:45,43,14,29,0,0,0
2021-05-16 21:00,50,18,32,0,0,0
2021-05-16 21:15,29,19,10,0,0,0
2021-05-16 21:30,25,11,14,0,0,0
2021-05-16 21:45,20,6,14,0,0,0
2021-05-16 22:00,21,9,12,0,0,0
2021-05-16 22:15,25,9,16,0,0,0
2021-05-16 22:30,21,10,11,0,0,0
2021-05-16 22:45,18,5,13,0,0,0
2021-05-16 23:00,12,6,6,0,0,0
2021-05-16 23:15,8,1,7,0,0,0
2021-05-16 23:30,3,1,2,0,0,0
2021-05-16 23:45,9,4,5,0,0,0
2021-05-17 00:00,10,4,6,0,0,0
2021-05-17 00:15,10,2,8,0,0,0
2021-05-17 00:30,5,2,3,0,0,0
2021-05-17 00:45,3,2,1,0,0,0
2021-05-17 01:00,2,1,1,0,0,0
2021-05-17 01:15,1,0,1,0,0,0
2021-05-17 01:30,5,0,5,0,0,0
2021-05-17 01:45,1,1,0,0,0,0
2021-05-17 02:00,1,0,1,0,0,0
2021-05-17 02:15,0,0,0,0,0,0
2021-05-17 02:30,1,1,0,0,0,0
2021-05-17 02:45,1,1,0,0,0,0
2021-05-17 03:00,0,0,0,0,0,0
2021-05-17 03:15,1,0,1,0,0,0
2021-05-17 03:30,1,0,1,0,0,0
2021-05-17 03:45,0,0,0,0,0,0
2021-05-17 04:00,0,0,0,0,0,0
2021-05-17 04:15,2,1,1,0,0,0
2021-05-17 04:30,2,1,1,0,0,0
2021-05-17 04:45,7,1,6,0,0,0
2021-05-17 05:00,4,4,0,0,0,0
2021-05-17 05:15,10,5,5,0,0,0
2021-05-17 05:30,15,3,12,0,0,0
2021-05-17 05:45,17,6,11,0,0,0
2021-05-17 06:00,24,7,17,0,0,0
2021-05-17 06:15,30,5,25,0,0,0
2021-05-17 06:30,47,22,25,0,0,0
2021-05-17 06:45,81,30,51,0,0,0
2021-05-17 07:00,49,24,25,0,0,0
2021-05-17 07:15,86,27,59,0,0,0
2021-05-17 07:30,91,44,47,0,0,0
2021-05-17 07:45,104,52,52,0,0,0
2021-05-17 08:00,102,55,47,0,0,0
2021-05-17 08:15,109,47,62,0,0,0
2021-05-17 08:30,101,43,58,0,0,0
2021-05-17 08:45,110,39,71,0,0,0
2021-05-17 09:00,111,50,61,0,0,0
2021-05-17 09:15,77,31,46,0,0,0
2021-05-17 09:30,72,21,51,0,0,0
2021-05-17 09:45,84,28,56,0,0,0
2021-05-17 10:00,63,22,41,0,0,0
2021-05-17 10:15,74,28,46,0,0,0
2021-05-17 10:30,73,34,39,0,0,0
2021-05-17 10:45,75,33,42,0,0,0
2021-05-17 11:00,87,28,59,0,0,0
2021-05-17 11:15,69,23,46,0,0,0
2021-05-17 11:30,97,35,62,0,0,0
2021-05-17 11:45,85,30,55,0,0,0
2021-05-17 12:00,86,29,57,0,0,0
2021-05-17 12:15,92,42,50,0,0,0
2021-05-17 12:30,90,37,53,0,0,0
2021-05-17 12:45,127,62,65,0,0,0
2021-05-17 13:00,102,47,55,0,0,0
2021-05-17 13:15,86,43,43,0,0,0
2021-05-17 13:30,106,49,57,0,0,0
2021-05-17 13:45,104,46,58,0,0,0
2021-05-17 14:00,107,42,65,0,0,0
2021-05-17 14:15,66,29,37,0,0,0
2021-05-17 14:30,63,32,31,0,0,0
2021-05-17 14:45,95,42,53,0,0,0
2021-05-17 15:00,73,28,45,0,0,0
2021-05-17 15:15,68,28,40,0,0,0
2021-05-17 15:30,107,55,52,0,0,0
2021-05-17 15:45,99,44,55,0,0,0
2021-05-17 16:00,110,49,61,0,0,0
2021-05-17 16:15,116,45,71,0,0,0
2021-05-17 16:30,127,45,82,0,0,0
2021-05-17 16:45,120,45,75,0,0,0
2021-05-17 17:00,125,43,82,0,0,0
2021-05-17 17:15,127,48,79,0,0,0
2021-05-17 17:30,134,52,82,0,0,0
2021-05-17 17:45,117,51,66,0,0,0
2021-05-17 18:00,121,57,64,0,0,0
2021-05-17 18:15,117,58,59,0,0,0
2021-05-17 18:30,81,41,40,0,0,0
2021-05-17 18:45,112,64,48,0,0,0
2021-05-17 19:00,85,33,52,0,0,0
2021-05-17 19:15,88,36,52,0,0,0
2021-05-17 19:30,64,19,45,0,0,0
2021-05-17 19:45,70,22,48,0,0,0
2021-05-17 20:00,55,23,32,0,0,0
2021-05-17 20:15,46,19,27,0,0,0
2021-05-17 20:30,49,26,23,0,0,0
2021-05-17 20:45,30,13,17,0,0,0
2021-05-17 21:00,49,20,29,0,0,0
2021-05-17 21:15,40,17,23,0,0,0
2021-05-17 21:30,27,13,14,0,0,0
2021-05-17 21:45,26,7,19,0,0,0
2021-05-17 22:00,12,4,8,0,0,0
2021-05-17 22:15,20,5,15,0,0,0
2021-05-17 22:30,24,7,17,0,0,0
2021-05-17 22:45,16,7,9,0,0,0
2021-05-17 23:00,22,8,14,0,0,0
2021-05-17 23:15,11,8,3,0,0,0
2021-05-17 23:30,13,8,5,0,0,0
2021-05-17 23:45,8,3,5,0,0,0
2021-05-18 00:00,7,3,4,0,0,0
2021-05-18 00:15,5,3,2,0,0,0
2021-05-18 00:30,1,0,1,0,0,0
2021-05-18 00:45,3,0,3,0,0,0
2021-05-18 01:00,4,0,4,0,0,0
2021-05-18 01:15,1,0,1,0,0,0
2021-05-18 01:30,1,1,0,0,0,0
2021-05-18 01:45,2,2,0,0,0,0
2021-05-18 02:00,0,0,0,0,0,0
2021-05-18 02:15,3,0,3,0,0,0
2021-05-18 02:30,2,0,2,0,0,0
2021-05-18 02:45,2,0,2,0,0,0
2021-05-18 03:00,1,0,1,0,0,0
2021-05-18 03:15,0,0,0,0,0,0
2021-05-18 03:30,3,3,0,0,0,0
2021-05-18 03:45,0,0,0,0,0,0
2021-05-18 04:00,0,0,0,0,0,0
2021-05-18 04:15,2,0,2,0,0,0
2021-05-18 04:30,7,3,4,0,0,0
2021-05-18 04:45,4,3,1,0,0,0
2021-05-18 05:00,8,3,5,0,0,0
2021-05-18 05:15,10,6,4,0,0,0
2021-05-18 05:30,15,5,10,0,0,0
2021-05-18 05:45,20,11,9,0,0,0
2021-05-18 06:00,21,10,11,0,0,0
2021-05-18 06:15,36,15,21,0,0,0
2021-05-18 06:30,33,12,21,0,0,0
2021-05-18 06:45,78,38,40,0,0,0
2021-05-18 07:00,77,34,43,0,0,0
2021-05-18 07:15,76,32,44,0,0,0
2021-05-18 07:30,72,14,58,0,0,0
2021-05-18 07:45,95,25,70,0,0,0
2021-05-18 08:00,105,55,50,0,0,0
2021-05-18 08:15,118,57,61,0,0,0
2021-05-18 08:30,94,48,46,0,0,0
2021-05-18 08:45,126,49,77,0,0,0
2021-05-18 09:00,85,32,53,0,0,0
2021-05-18 09:15,69,25,44,0,0,0
2021-05-18 09:30,84,31,53,0,0,0
2021-05-18 09:45,91,35,56,0,0,0
2021-05-18 10:00,78,31,47,0,0,0
2021-05-18 10:15,75,21,54,0,0,0
2021-05-18 10:30,73,25,48,0,0,0
2021-05-18 10:45,68,15,53,0,0,0
2021-05-18 11:00,68,23,45,0,0,0
2021-05-18 11:15,76,23,53,0,0,0
2021-05-18 11:30,86,35,51,0,0,0
2021-05-18 11:45,94,46,48,0,0,0
2021-05-18 12:00,98,31,67,0,0,0
2021-05-18 12:15,81,40,41,0,0,0
2021-05-18 12:30,93,31,62,0,0,0
2021-05-18 12:45,101,54,47,0,0,0
2021-05-18 13:00,104,47,57,0,0,0
2021-05-18 13:15,101,41,60,0,0,0
2021-05-18 13:30,125,51,74,0,0,0
2021-05-18 13:45,99,49,50,0,0,0
2021-05-18 14:00,110,46,64,0,0,0
2021-05-18 14:15,110,47,63,0,0,0
2021-05-18 14:30,105,53,52,0,0,0
2021-05-18 14:45,111,46,65,0,0,0
2021-05-18 15:00,115,36,79,0,0,0
2021-05-18 15:15,101,44,57,0,0,0
2021-05-18 15:30,111,57,54,0,0,0
2021-05-18 15:45,108,43,65,0,0,0
2021-05-18 16:00,110,46,64,0,0,0
2021-05-18 16:15,123,43,80,0,0,0
2021-05-18 16:30,118,48,70,0,0,0
2021-05-18 16:45,137,57,80,0,0,0
2021-05-18 17:00,148,70,78,0,0,0
2021-05-18 17:15,131,68,63,0,0,0
2021-05-18 17:30,147,65,82,0,0,0
2021-05-18 17:45,152,51,101,0,0,0
2021-05-18 18:00,140,55,85,0,0,0
2021-05-18 18:15,126,68,58,0,0,0
2021-05-18 18:30,114,49,65,0,0,0
2021-05-18 18:45,107,50,57,0,0,0
2021-05-18 19:00,92,37,55,0,0,0
2021-05-18 19:15,105,46,59,0,0,0
2021-05-18 19:30,78,41,37,0,0,0
2021-05-18 19:45,91,41,50,0,0,0
2021-05-18 20:00,72,27,45,0,0,0
2021-05-18 20:15,62,25,37,0,0,0
2021-05-18 20:30,52,30,22,0,0,0
2021-05-18 20:45,55,21,34,0,0,0
2021-05-18 21:00,54,20,34,0,0,0
2021-05-18 21:15,53,28,25,0,0,0
2021-05-18 21:30,32,14,18,0,0,0
2021-05-18 21:45,44,19,25,0,0,0
2021-05-18 22:00,34,19,15,0,0,0
2021-05-18 22:15,34,7,27,0,0,0
2021-05-18 22:30,26,14,12,0,0,0
2021-05-18 22:45,20,7,13,0,0,0
2021-05-18 23:00,28,2,26,0,0,0
2021-05-18 23:15,20,6,14,0,0,0
2021-05-18 23:30,16,2,14,0,0,0
2021-05-18 23:45,9,3,6,0,0,0
2021-05-19 00:00,9,3,6,0,0,0
2021-05-19 00:15,10,5,5,0,0,0
2021-05-19 00:30,10,5,5,0,0,0
2021-05-19 00:45,5,4,1,0,0,0
2021-05-19 01:00,2,1,1,0,0,0
2021-05-19 01:15,2,0,2,0,0,0
2021-05-19 01:30,8,2,6,0,0,0
2021-05-19 01:45,1,1,0,0,0,0
2021-05-19 02:00,1,1,0,0,0,0
2021-05-19 02:15,0,0,0,0,0,0
2021-05-19 02:30,4,0,4,0,0,0
2021-05-19 02:45,3,2,1,0,0,0
2021-05-19 03:00,2,2,0,0,0,0
2021-05-19 03:15,2,1,1,0,0,0
2021-05-19 03:30,1,1,0,0,0,0
2021-05-19 03:45,2,0,2,0,0,0
2021-05-19 04:00,3,0,3,0,0,0
2021-05-19 04:15,2,2,0,0,0,0
2021-05-19 04:30,4,1,3,0,0,0
2021-05-19 04:45,10,5,5,0,0,0
2021-05-19 05:00,7,2,5,0,0,0
2021-05-19 05:15,5,2,3,0,0,0
2021-05-19 05:30,22,4,18,0,0,0
2021-05-19 05:45,19,9,10,0,0,0
2021-05-19 06:00,17,10,7,0,0,0
2021-05-19 06:15,20,3,17,0,0,0
2021-05-19 06:30,41,16,25,0,0,0
2021-05-19 06:45,66,30,36,0,0,0
2021-05-19 07:00,73,34,39,0,0,0
2021-05-19 07:15,97,42,55,0,0,0
2021-05-19 07:30,104,50,54,0,0,0
2021-05-19 07:45,136,66,70,0,0,0
2021-05-19 08:00,111,61,50,0,0,0
2021-05-19 08:15,134,73,61,0,0,0
2021-05-19 08:30,114,50,64,0,0,0
2021-05-19 08:45,123,59,64,0,0,0
2021-05-19 09:00,85,33,52,0,0,0
2021-05-19 09:15,94,43,51,0,0,0
2021-05-19 09:30,89,32,57,0,0,0
2021-05-19 09:45,91,29,62,0,0,0
2021-05-19 10:00,87,31,56,0,0,0
2021-05-19 10:15,112,42,70,0,0,0
2021-05-19 10:30,82,28,54,0,0,0
2021-05-19 10:45,101,43,58,0,0,0
2021-05-19 11:00,97,38,59,0,0,0
2021-05-19 11:15,98,27,71,0,0,0
2021-05-19 11:30,96,54,42,0,0,0
2021-05-19 11:45,107,47,60,0,0,0
2021-05-19 12:00,111,52,59,0,0,0
2021-05-19 12:15,112,43,69,0,0,0
2021-05-19 12:30,114,40,74,0,0,0
2021-05-19 12:45,114,47,67,0,0,0
2021-05-19 13:00,102,46,56,0,0,0
2021-05-19 13:15,128,72,56,0,0,0
2021-05-19 13:30,137,81,56,0,0,0
2021-05-19 13:45,142,82,60,0,0,0
2021-05-19 14:00,114,49,65,0,0,0
2021-05-19 14:15,106,55,51,0,0,0
2021-05-19 14:30,120,49,71,0,0,0
2021-05-19 14:45,108,43,65,0,0,0
2021-05-19 15:00,114,46,68,0,0,0
2021-05-19 15:15,104,48,56,0,0,0
2021-05-19 15:30,119,64,55,0,0,0
2021-05-19 15:45,121,63,58,0,0,0
2021-05-19 16:00,123,60,63,0,0,0
2021-05-19 16:15,137,63,74,0,0,0
2021-05-19 16:30,112,58,54,0,0,0
2021-05-19 16:45,105,45,60,0,0,0
2021-05-19 17:00,159,75,84,0,0,0
2021-05-19 17:15,148,62,86,0,0,0
2021-05-19 17:30,145,61,84,0,0,0
2021-05-19 17:45,124,53,71,0,0,0
2021-05-19 18:00,151,73,78,0,0,0
2021-05-19 18:15,113,55,58,0,0,0
2021-05-19 18:30,133,52,81,0,0,0
2021-05-19 18:45,122,49,73,0,0,0
2021-05-19 19:00,106,40,66,0,0,0
2021-05-19 19:15,104,53,51,0,0,0
2021-05-19 19:30,97,42,55,0,0,0
2021-05-19 19:45,114,53,61,0,0,0
2021-05-19 20:00,93,46,47,0,0,0
2021-05-19 20:15,90,40,50,0,0,0
2021-05-19 20:30,67,36,31,0,0,0
2021-05-19 20:45,50,20,30,0,0,0
2021-05-19 21:00,63,24,39,0,0,0
2021-05-19 21:15,50,20,30,0,0,0
2021-05-19 21:30,43,15,28,0,0,0
2021-05-19 21:45,50,19,31,0,0,0
2021-05-19 22:00,50,14,36,0,0,0
2021-05-19 22:15,30,10,20,0,0,0
2021-05-19 22:30,36,11,25,0,0,0
2021-05-19 22:45,30,7,23,0,0,0
2021-05-19 23:00,33,9,24,0,0,0
2021-05-19 23:15,18,7,11,0,0,0
2021-05-19 23:30,19,8,11,0,0,0
2021-05-19 23:45,13,6,7,0,0,0
2021-05-20 00:00,9,2,7,0,0,0
2021-05-20 00:15,12,8,4,0,0,0
2021-05-20 00:30,8,4,4,0,0,0
2021-05-20 00:45,3,0,3,0,0,0
2021-05-20 01:00,10,1,9,0,0,0
2021-05-20 01:15,2,0,2,0,0,0
2021-05-20 01:30,4,1,3,0,0,0
2021-05-20 01:45,5,1,4,0,0,0
2021-05-20 02:00,5,2,3,0,0,0
2021-05-20 02:15,0,0,0,0,0,0
2021-05-20 02:30,1,0,1,0,0,0
2021-05-20 02:45,4,2,2,0,0,0
2021-05-20 03:00,2,1,1,0,0,0
2021-05-20 03:15,1,0,1,0,0,0
2021-05-20 03:30,1,1,0,0,0,0
2021-05-20 03:45,1,0,1,0,0,0
2021-05-20 04:00,1,1,0,0,0,0
2021-05-20 04:15,2,1,1,0,0,0
2021-05-20 04:30,3,1,2,0,0,0
2021-05-20 04:45,6,5,1,0,0,0
2021-05-20 05:00,0,0,0,0,0,0
2021-05-20 05:15,7,4,3,0,0,0
2021-05-20 05:30,19,7,12,0,0,0
2021-05-20 05:45,21,10,11,0,0,0
2021-05-20 06:00,26,8,18,0,0,0
2021-05-20 06:15,32,8,24,0,0,0
2021-05-20 06:30,45,10,35,0,0,0
2021-05-20 06:45,74,42,32,0,0,0
2021-05-20 07:00,72,35,37,0,0,0
2021-05-20 07:15,93,45,48,0,0,0
2021-05-20 07:30,109,58,51,0,0,0
2021-05-20 07:45,141,78,63,0,0,0
2021-05-20 08:00,146,68,78,0,0,0
2021-05-20 08:15,118,58,60,0,0,0
2021-05-20 08:30,116,63,53,0,0,0
2021-05-20 08:45,118,50,68,0,0,0
2021-05-20 09:00,100,46,54,0,0,0
2021-05-20 09:15,93,26,67,0,0,0
2021-05-20 09:30,83,33,50,0,0,0
2021-05-20 09:45,113,45,68,0,0,0
2021-05-20 10:00,68,30,38,0,0,0
2021-05-20 10:15,61,30,31,0,0,0
2021-05-20 10:30,78,27,51,0,0,0
2021-05-20 10:45,129,53,76,0,0,0
2021-05-20 11:00,78,35,43,0,0,0
2021-05-20 11:15,107,47,60,0,0,0
2021-05-20 11:30,94,40,54,0,0,0
2021-05-20 11:45,114,60,54,0,0,0
2021-05-20 12:00,129,60,69,0,0,0
2021-05-20 12:15,111,46,65,0,0,0
2021-05-20 12:30,131,68,63,0,0,0
2021-05-20 12:45,103,46,57,0,0,0
2021-05-20 13:00,121,52,69,0,0,0
2021-05-20 13:15,113,49,64,0,0,0
2021-05-20 13:30,144,76,68,0,0,0
2021-05-20 13:45,135,65,70,0,0,0
2021-05-20 14:00,120,53,67,0,0,0
2021-05-20 14:15,128,57,71,0,0,0
2021-05-20 14:30,122,65,57,0,0,0
2021-05-20 14:45,134,57,77,0,0,0
2021-05-20 15:00,122,51,71,0,0,0
2021-05-20 15:15,109,60,49,0,0,0
2021-05-20 15:30,111,41,70,0,0,0
2021-05-20 15:45,125,58,67,0,0,0
2021-05-20 16:00,159,71,88,0,0,0
2021-05-20 16:15,162,82,80,0,0,0
2021-05-20 16:30,133,60,73,0,0,0
2021-05-20 16:45,150,71,79,0,0,0
2021-05-20 17:00,137,50,87,0,0,0
2021-05-20 17:15,149,75,74,0,0,0
2021-05-20 17:30,134,52,82,0,0,0
2021-05-20 17:45,181,86,95,0,0,0
2021-05-20 18:00,150,69,81,0,0,0
2021-05-20 18:15,139,71,68,0,0,0
2021-05-20 18:30,137,56,81,0,0,0
2021-05-20 18:45,134,65,69,0,0,0
2021-05-20 19:00,140,76,64,0,0,0
2021-05-20 19:15,100,43,57,0,0,0
2021-05-20 19:30,82,38,44,0,0,0
2021-05-20 19:45,112,58,54,0,0,0
2021-05-20 20:00,79,38,41,0,0,0
2021-05-20 20:15,70,28,42,0,0,0
2021-05-20 20:30,62,25,37,0,0,0
2021-05-20 20:45,60,28,32,0,0,0
2021-05-20 21:00,81,34,47,0,0,0
2021-05-20 21:15,48,19,29,0,0,0
2021-05-20 21:30,52,22,30,0,0,0
2021-05-20 21:45,45,21,24,0,0,0
2021-05-20 22:00,37,13,24,0,0,0
2021-05-20 22:15,30,9,21,0,0,0
2021-05-20 22:30,33,10,23,0,0,0
2021-05-20 22:45,25,6,19,0,0,0
2021-05-20 23:00,38,9,29,0,0,0
2021-05-20 23:15,37,15,22,0,0,0
2021-05-20 23:30,30,9,21,0,0,0
2021-05-20 23:45,35,15,20,0,0,0
2021-05-21 00:00,19,7,12,0,0,0
2021-05-21 00:15,20,10,10,0,0,0
2021-05-21 00:30,3,2,1,0,0,0
2021-05-21 00:45,12,5,7,0,0,0
2021-05-21 01:00,14,7,7,0,0,0
2021-05-21 01:15,6,2,4,0,0,0
2021-05-21 01:30,4,0,4,0,0,0
2021-05-21 01:45,0,0,0,0,0,0
2021-05-21 02:00,1,1,0,0,0,0
2021-05-21 02:15,2,0,2,0,0,0
2021-05-21 02:30,1,0,1,0,0,0
2021-05-21 02:45,1,0,1,0,0,0
2021-05-21 03:00,1,0,1,0,0,0
2021-05-21 03:15,2,0,2,0,0,0
2021-05-21 03:30,2,0,2,0,0,0
2021-05-21 03:45,2,0,2,0,0,0
2021-05-21 04:00,3,0,3,0,0,0
2021-05-21 04:15,1,0,1,0,0,0
2021-05-21 04:30,6,3,3,0,0,0
2021-05-21 04:45,8,2,6,0,0,0
2021-05-21 05:00,5,2,3,0,0,0
2021-05-21 05:15,8,3,5,0,0,0
2021-05-21 05:30,19,6,13,0,0,0
2021-05-21 05:45,23,13,10,0,0,0
2021-05-21 06:00,18,5,13,0,0,0
2021-05-21 06:15,30,19,11,0,0,0
2021-05-21 06:30,40,19,21,0,0,0
2021-05-21 06:45,66,27,39,0,0,0
2021-05-21 07:00,64,32,32,0,0,0
2021-05-21 07:15,89,45,44,0,0,0
2021-05-21 07:30,97,46,51,0,0,0
2021-05-21 07:45,118,70,48,0,0,0
2021-05-21 08:00,124,56,68,0,0,0
2021-05-21 08:15,101,41,60,0,0,0
2021-05-21 08:30,98,45,53,0,0,0
2021-05-21 08:45,97,38,59,0,0,0
2021-05-21 09:00,95,33,62,0,0,0
2021-05-21 09:15,81,30,51,0,0,0
2021-05-21 09:30,75,24,51,0,0,0
2021-05-21 09:45,90,34,56,0,0,0
2021-05-21 10:00,87,34,53,0,0,0
2021-05-21 10:15,95,49,46,0,0,0
2021-05-21 10:30,97,33,64,0,0,0
2021-05-21 10:45,82,35,47,0,0,0
2021-05-21 11:00,104,58,46,0,0,0
2021-05-21 11:15,117,54,63,0,0,0
2021-05-21 11:30,83,37,46,0,0,0
2021-05-21 11:45,119,51,68,0,0,0
2021-05-21 12:00,132,57,75,0,0,0
2021-05-21 12:15,126,50,76,0,0,0
2021-05-21 12:30,122,50,72,0,0,0
2021-05-21 12:45,109,48,61,0,0,0
2021-05-21 13:00,130,54,76,0,0,0
2021-05-21 13:15,120,51,69,0,0,0
2021-05-21 13:30,145,78,67,0,0,0
2021-05-21 13:45,143,59,84,0,0,0
2021-05-21 14:00,128,56,72,0,0,0
2021-05-21 14:15,110,57,53,0,0,0
2021-05-21 14:30,102,43,59,0,0,0
2021-05-21 14:45,128,43,85,0,0,0
2021-05-21 15:00,130,55,75,0,0,0
2021-05-21 15:15,117,46,71,0,0,0
2021-05-21 15:30,140,62,78,0,0,0
2021-05-21 15:45,135,53,82,0,0,0
2021-05-21 16:00,143,59,84,0,0,0
2021-05-21 16:15,126,58,68,0,0,0
2021-05-21 16:30,122,46,76,0,0,0
2021-05-21 16:45,139,65,74,0,0,0
2021-05-21 17:00,132,49,83,0,0,0
2021-05-21 17:15,123,55,68,0,0,0
2021-05-21 17:30,141,66,75,0,0,0
2021-05-21 17:45,120,61,59,0,0,0
2021-05-21 18:00,119,52,67,0,0,0
2021-05-21 18:15,126,52,74,0,0,0
2021-05-21 18:30,103,47,56,0,0,0
2021-05-21 18:45,105,55,50,0,0,0
2021-05-21 19:00,112,49,63,0,0,0
2021-05-21 19:15,113,65,48,0,0,0
2021-05-21 19:30,111,53,58,0,0,0
2021-05-21 19:45,73,28,45,0,0,0
2021-05-21 20:00,109,61,48,0,0,0
2021-05-21 20:15,85,33,52,0,0,0
2021-05-21 20:30,88,39,49,0,0,0
2021-05-21 20:45,70,37,33,0,0,0
2021-05-21 21:00,83,36,47,0,0,0
2021-05-21 21:15,64,26,38,0,0,0
2021-05-21 21:30,53,18,35,0,0,0
2021-05-21 21:45,57,21,36,0,0,0
2021-05-21 22:00,57,14,43,0,0,0
2021-05-21 22:15,41,11,30,0,0,0
2021-05-21 22:30,39,18,21,0,0,0
2021-05-21 22:45,45,16,29,0,0,0
2021-05-21 23:00,45,18,27,0,0,0
2021-05-21 23:15,33,14,19,0,0,0
2021-05-21 23:30,42,14,28,0,0,0
2021-05-21 23:45,32,12,20,0,0,0
2021-05-22 00:00,30,11,19,0,0,0
2021-05-22 00:15,44,16,28,0,0,0
2021-05-22 00:30,25,11,14,0,0,0
2021-05-22 00:45,25,6,19,0,0,0
2021-05-22 01:00,26,11,15,0,0,0
2021-05-22 01:15,25,6,19,0,0,0
2021-05-22 01:30,13,5,8,0,0,0
2021-05-22 01:45,25,4,21,0,0,0
2021-05-22 02:00,12,6,6,0,0,0
2021-05-22 02:15,16,8,8,0,0,0
2021-05-22 02:30,14,5,9,0,0,0
2021-05-22 02:45,8,2,6,0,0,0
2021-05-22 03:00,20,9,11,0,0,0
2021-05-22 03:15,8,5,3,0,0,0
2021-05-22 03:30,2,2,0,0,0,0
2021-05-22 03:45,11,10,1,0,0,0
2021-05-22 04:00,8,5,3,0,0,0
2021-05-22 04:15,3,1,2,0,0,0
2021-05-22 04:30,6,3,3,0,0,0
2021-05-22 04:45,5,1,4,0,0,0
2021-05-22 05:00,0,0,0,0,0,0
2021-05-22 05:15,8,1,7,0,0,0
2021-05-22 05:30,12,2,10,0,0,0
2021-05-22 05:45,9,2,7,0,0,0
2021-05-22 06:00,7,0,7,0,0,0
2021-05-22 06:15,6,3,3,0,0,0
2021-05-22 06:30,9,4,5,0,0,0
2021-05-22 06:45,12,9,3,0,0,0
2021-05-22 07:00,19,9,10,0,0,0
2021-05-22 07:15,11,6,5,0,0,0
2021-05-22 07:30,15,4,11,0,0,0
2021-05-22 07:45,20,12,8,0,0,0
2021-05-22 08:00,18,8,10,0,0,0
2021-05-22 08:15,25,12,13,0,0,0
2021-05-22 08:30,39,16,23,0,0,0
2021-05-22 08:45,29,8,21,0,0,0
2021-05-22 09:00,29,12,17,0,0,0
2021-05-22 09:15,50,14,36,0,0,0
2021-05-22 09:30,46,19,27,0,0,0
2021-05-22 09:45,53,14,39,0,0,0
2021-05-22 10:00,59,23,36,0,0,0
2021-05-22 10:15,60,19,41,0,0,0
2021-05-22 10:30,57,17,40,0,0,0
2021-05-22 10:45,64,20,44,0,0,0
2021-05-22 11:00,56,11,45,0,0,0
2021-05-22 11:15,70,18,52,0,0,0
2021-05-22 11:30,78,33,45,0,0,0
2021-05-22 11:45,78,33,45,0,0,0
2021-05-22 12:00,68,30,38,0,0,0
2021-05-22 12:15,67,20,47,0,0,0
2021-05-22 12:30,90,33,57,0,0,0
2021-05-22 12:45,81,23,58,0,0,0
2021-05-22 13:00,67,24,43,0,0,0
2021-05-22 13:15,69,33,36,0,0,0
2021-05-22 13:30,66,20,46,0,0,0
2021-05-22 13:45,82,29,53,0,0,0
2021-05-22 14:00,68,30,38,0,0,0
2021-05-22 14:15,57,30,27,0,0,0
2021-05-22 14:30,74,24,50,0,0,0
2021-05-22 14:45,67,34,33,0,0,0
2021-05-22 15:00,70,24,46,0,0,0
2021-05-22 15:15,72,31,41,0,0,0
2021-05-22 15:30,79,25,54,0,0,0
2021-05-22 15:45,61,19,42,0,0,0
2021-05-22 16:00,39,17,22,0,0,0
2021-05-22 16:15,51,15,36,0,0,0
2021-05-22 16:30,51,7,44,0,0,0
2021-05-22 16:45,71,10,61,0,0,0
2021-05-22 17:00,75,28,47,0,0,0
2021-05-22 17:15,61,24,37,0,0,0
2021-05-22 17:30,58,22,36,0,0,0
2021-05-22 17:45,71,37,34,0,0,0
2021-05-22 18:00,78,41,37,0,0,0
2021-05-22 18:15,70,28,42,0,0,0
2021-05-22 18:30,78,22,56,0,0,0
2021-05-22 18:45,89,34,55,0,0,0
2021-05-22 19:00,88,38,50,0,0,0
2021-05-22 19:15,62,29,33,0,0,0
2021-05-22 19:30,69,27,42,0,0,0
2021-05-22 19:45,52,18,34,0,0,0
2021-05-22 20:00,67,24,43,0,0,0
2021-05-22 20:15,53,20,33,0,0,0
2021-05-22 20:30,79,28,51,0,0,0
2021-05-22 20:45,50,17,33,0,0,0
2021-05-22 21:00,53,12,41,0,0,0
2021-05-22 21:15,30,11,19,0,0,0
2021-05-22 21:30,43,16,27,0,0,0
2021-05-22 21:45,37,13,24,0,0,0
2021-05-22 22:00,39,8,31,0,0,0
2021-05-22 22:15,26,10,16,0,0,0
2021-05-22 22:30,26,5,21,0,0,0
2021-05-22 22:45,29,12,17,0,0,0
2021-05-22 23:00,23,6,17,0,0,0
2021-05-22 23:15,25,10,15,0,0,0
2021-05-22 23:30,19,10,9,0,0,0
2021-05-22 23:45,35,16,19,0,0,0
2021-05-23 00:00,36,13,23,0,0,0
2021-05-23 00:15,19,4,15,0,0,0
2021-05-23 00:30,18,8,10,0,0,0
2021-05-23 00:45,18,8,10,0,0,0
2021-05-23 01:00,18,5,13,0,0,0
2021-05-23 01:15,20,10,10,0,0,0
2021-05-23 01:30,14,7,7,0,0,0
2021-05-23 01:45,11,5,6,0,0,0
2021-05-23 02:00,11,3,8,0,0,0
2021-05-23 02:15,8,2,6,0,0,0
2021-05-23 02:30,7,2,5,0,0,0
2021-05-23 02:45,13,3,10,0,0,0
2021-05-23 03:00,6,0,6,0,0,0
2021-05-23 03:15,5,1,4,0,0,0
2021-05-23 03:30,15,5,10,0,0,0
2021-05-23 03:45,5,1,4,0,0,0
2021-05-23 04:00,4,1,3,0,0,0
2021-05-23 04:15,2,1,1,0,0,0
2021-05-23 04:30,6,3,3,0,0,0
2021-05-23 04:45,4,1,3,0,0,0
2021-05-23 05:00,1,0,1,0,0,0
2021-05-23 05:15,1,0,1,0,0,0
2021-05-23 05:30,6,1,5,0,0,0
2021-05-23 05:45,6,1,5,0,0,0
2021-05-23 06:00,4,1,3,0,0,0
2021-05-23 06:15,0,0,0,0,0,0
2021-05-23 06:30,7,2,5,0,0,0
2021-05-23 06:45,8,2,6,0,0,0
2021-05-23 07:00,7,2,5,0,0,0
2021-05-23 07:15,7,5,2,0,0,0
2021-05-23 07:30,3,1,2,0,0,0
2021-05-23 07:45,8,3,5,0,0,0
2021-05-23 08:00,7,1,6,0,0,0
2021-05-23 08:15,5,1,4,0,0,0
2021-05-23 08:30,11,4,7,0,0,0
2021-05-23 08:45,12,4,8,0,0,0
2021-05-23 09:00,10,4,6,0,0,0
2021-05-23 09:15,20,4,16,0,0,0
2021-05-23 09:30,17,6,11,0,0,0
2021-05-23 09:45,20,14,6,0,0,0
2021-05-23 10:00,16,3,13,0,0,0
2021-05-23 10:15,23,13,10,0,0,0
2021-05-23 10:30,25,10,15,0,0,0
2021-05-23 10:45,30,11,19,0,0,0
2021-05-23 11:00,21,4,17,0,0,0
2021-05-23 11:15,35,11,24,0,0,0
2021-05-23 11:30,49,15,34,0,0,0
2021-05-23 11:45,55,24,31,0,0,0
2021-05-23 12:00,55,18,37,0,0,0
2021-05-23 12:15,57,16,41,0,0,0
2021-05-23 12:30,56,27,29,0,0,0
2021-05-23 12:45,55,26,29,0,0,0
2021-05-23 13:00,69,23,46,0,0,0
2021-05-23 13:15,64,23,41,0,0,0
2021-05-23 13:30,78,34,44,0,0,0
2021-05-23 13:45,67,27,40,0,0,0
2021-05-23 14:00,70,27,43,0,0,0
2021-05-23 14:15,105,40,65,0,0,0
2021-05-23 14:30,95,36,59,0,0,0
2021-05-23 14:45,107,43,64,0,0,0
2021-05-23 15:00,113,54,59,0,0,0
2021-05-23 15:15,84,40,44,0,0,0
2021-05-23 15:30,74,25,49,0,0,0
2021-05-23 15:45,80,39,41,0,0,0
2021-05-23 16:00,80,37,43,0,0,0
2021-05-23 16:15,97,29,68,0,0,0
2021-05-23 16:30,86,39,47,0,0,0
2021-05-23 16:45,89,45,44,0,0,0
2021-05-23 17:00,76,35,41,0,0,0
2021-05-23 17:15,105,39,66,0,0,0
2021-05-23 17:30,123,45,78,0,0,0
2021-05-23 17:45,108,35,73,0,0,0
2021-05-23 18:00,84,41,43,0,0,0
2021-05-23 18:15,80,31,49,0,0,0
2021-05-23 18:30,83,30,53,0,0,0
2021-05-23 18:45,102,51,51,0,0,0
2021-05-23 19:00,97,50,47,0,0,0
2021-05-23 19:15,64,30,34,0,0,0
2021-05-23 19:30,71,36,35,0,0,0
2021-05-23 19:45,75,38,37,0,0,0
2021-05-23 20:00,85,37,48,0,0,0
2021-05-23 20:15,50,24,26,0,0,0
2021-05-23 20:30,60,19,41,0,0,0
2021-05-23 20:45,63,30,33,0,0,0
2021-05-23 21:00,53,25,28,0,0,0
2021-05-23 21:15,59,13,46,0,0,0
2021-05-23 21:30,64,27,37,0,0,0
2021-05-23 21:45,25,8,17,0,0,0
2021-05-23 22:00,47,16,31,0,0,0
2021-05-23 22:15,29,12,17,0,0,0
2021-05-23 22:30,38,14,24,0,0,0
2021-05-23 22:45,45,7,38,0,0,0
2021-05-23 23:00,29,9,20,0,0,0
2021-05-23 23:15,25,8,17,0,0,0
2021-05-23 23:30,48,19,29,0,0,0
2021-05-23 23:45,34,9,25,0,0,0
2021-05-24 00:00,39,20,19,0,0,0
2021-05-24 00:15,19,7,12,0,0,0
2021-05-24 00:30,17,6,11,0,0,0
2021-05-24 00:45,26,8,18,0,0,0
2021-05-24 01:00,15,4,11,0,0,0
2021-05-24 01:15,13,5,8,0,0,0
2021-05-24 01:30,21,4,17,0,0,0
2021-05-24 01:45,13,4,9,0,0,0
2021-05-24 02:00,16,5,11,0,0,0
2021-05-24 02:15,10,2,8,0,0,0
2021-05-24 02:30,14,6,8,0,0,0
2021-05-24 02:45,8,4,4,0,0,0
2021-05-24 03:00,10,1,9,0,0,0
2021-05-24 03:15,5,3,2,0,0,0
2021-05-24 03:30,2,1,1,0,0,0
2021-05-24 03:45,11,3,8,0,0,0
2021-05-24 04:00,4,2,2,0,0,0
2021-05-24 04:15,3,1,2,0,0,0
2021-05-24 04:30,3,1,2,0,0,0
2021-05-24 04:45,7,1,6,0,0,0
2021-05-24 05:00,0,0,0,0,0,0
2021-05-24 05:15,6,4,2,0,0,0
2021-05-24 05:30,3,0,3,0,0,0
2021-05-24 05:45,7,1,6,0,0,0
2021-05-24 06:00,6,3,3,0,0,0
2021-05-24 06:15,5,2,3,0,0,0
2021-05-24 06:30,6,2,4,0,0,0
2021-05-24 06:45,12,4,8,0,0,0
2021-05-24 07:00,5,4,1,0,0,0
2021-05-24 07:15,12,7,5,0,0,0
2021-05-24 07:30,8,4,4,0,0,0
2021-05-24 07:45,13,9,4,0,0,0
2021-05-24 08:00,6,0,6,0,0,0
2021-05-24 08:15,15,8,7,0,0,0
2021-05-24 08:30,16,8,8,0,0,0
2021-05-24 08:45,25,6,19,0,0,0
2021-05-24 09:00,29,10,19,0,0,0
2021-05-24 09:15,31,9,22,0,0,0
2021-05-24 09:30,31,15,16,0,0,0
2021-05-24 09:45,40,18,22,0,0,0
2021-05-24 10:00,53,26,27,0,0,0
2021-05-24 10:15,65,30,35,0,0,0
2021-05-24 10:30,41,17,24,0,0,0
2021-05-24 10:45,77,43,34,0,0,0
2021-05-24 11:00,86,40,46,0,0,0
2021-05-24 11:15,61,21,40,0,0,0
2021-05-24 11:30,59,22,37,0,0,0
2021-05-24 11:45,70,36,34,0,0,0
2021-05-24 12:00,65,28,37,0,0,0
2021-05-24 12:15,90,42,48,0,0,0
2021-05-24 12:30,82,40,42,0,0,0
2021-05-24 12:45,61,26,35,0,0,0
2021-05-24 13:00,66,18,48,0,0,0
2021-05-24 13:15,79,31,48,0,0,0
2021-05-24 13:30,68,19,49,0,0,0
2021-05-24 13:45,76,35,41,0,0,0
2021-05-24 14:00,88,47,41,0,0,0
2021-05-24 14:15,75,24,51,0,0,0
2021-05-24 14:30,61,28,33,0,0,0
2021-05-24 14:45,67,25,42,0,0,0
2021-05-24 15:00,75,27,48,0,0,0
2021-05-24 15:15,49,18,31,0,0,0
2021-05-24 15:30,67,29,38,0,0,0
2021-05-24 15:45,55,20,35,0,0,0
2021-05-24 16:00,60,24,36,0,0,0
2021-05-24 16:15,47,25,22,0,0,0
2021-05-24 16:30,61,19,42,0,0,0
2021-05-24 16:45,56,25,31,0,0,0
2021-05-24 17:00,74,32,42,0,0,0
2021-05-24 17:15,66,29,37,0,0,0
2021-05-24 17:30,70,25,45,0,0,0
2021-05-24 17:45,70,25,45,0,0,0
2021-05-24 18:00,77,26,51,0,0,0
2021-05-24 18:15,61,19,42,0,0,0
2021-05-24 18:30,56,30,26,0,0,0
2021-05-24 18:45,68,31,37,0,0,0
2021-05-24 19:00,68,17,51,0,0,0
2021-05-24 19:15,67,29,38,0,0,0
2021-05-24 19:30,56,22,34,0,0,0
2021-05-24 19:45,65,33,32,0,0,0
2021-05-24 20:00,65,31,34,0,0,0
2021-05-24 20:15,47,25,22,0,0,0
2021-05-24 20:30,57,21,36,0,0,0
2021-05-24 20:45,49,24,25,0,0,0
2021-05-24 21:00,44,17,27,0,0,0
2021-05-24 21:15,38,14,24,0,0,0
2021-05-24 21:30,42,16,26,0,0,0
2021-05-24 21:45,31,13,18,0,0,0
2021-05-24 22:00,33,18,15,0,0,0
2021-05-24 22:15,33,11,22,0,0,0
2021-05-24 22:30,18,7,11,0,0,0
2021-05-24 22:45,18,6,12,0,0,0
2021-05-24 23:00,15,4,11,0,0,0
2021-05-24 23:15,16,9,7,0,0,0
2021-05-24 23:30,13,2,11,0,0,0
2021-05-24 23:45,5,2,3,0,0,0
2021-05-25 00:00,9,2,7,0,0,0
2021-05-25 00:15,8,5,3,0,0,0
2021-05-25 00:30,4,1,3,0,0,0
2021-05-25 00:45,1,0,1,0,0,0
2021-05-25 01:00,2,1,1,0,0,0
2021-05-25 01:15,5,1,4,0,0,0
2021-05-25 01:30,4,1,3,0,0,0
2021-05-25 01:45,6,0,6,0,0,0
2021-05-25 02:00,5,0,5,0,0,0
2021-05-25 02:15,7,0,7,0,0,0
2021-05-25 02:30,3,0,3,0,0,0
2021-05-25 02:45,0,0,0,0,0,0
2021-05-25 03:00,0,0,0,0,0,0
2021-05-25 03:15,3,0,3,0,0,0
2021-05-25 03:30,1,1,0,0,0,0
2021-05-25 03:45,4,4,0,0,0,0
2021-05-25 04:00,2,1,1,0,0,0
2021-05-25 04:15,2,1,1,0,0,0
2021-05-25 04:30,7,2,5,0,0,0
2021-05-25 04:45,7,3,4,0,0,0
2021-05-25 05:00,3,2,1,0,0,0
2021-05-25 05:15,9,4,5,0,0,0
2021-05-25 05:30,16,4,12,0,0,0
2021-05-25 05:45,18,6,12,0,0,0
2021-05-25 06:00,20,7,13,0,0,0
2021-05-25 06:15,33,10,23,0,0,0
2021-05-25 06:30,41,16,25,0,0,0
2021-05-25 06:45,51,26,25,0,0,0
2021-05-25 07:00,61,31,30,0,0,0
2021-05-25 07:15,81,39,42,0,0,0
2021-05-25 07:30,90,38,52,0,0,0
2021-05-25 07:45,136,66,70,0,0,0
2021-05-25 08:00,112,53,59,0,0,0
2021-05-25 08:15,117,56,61,0,0,0
2021-05-25 08:30,88,38,50,0,0,0
2021-05-25 08:45,118,45,73,0,0,0
2021-05-25 09:00,89,41,48,0,0,0
2021-05-25 09:15,74,21,53,0,0,0
2021-05-25 09:30,64,17,47,0,0,0
2021-05-25 09:45,77,21,56,0,0,0
2021-05-25 10:00,68,22,46,0,0,0
2021-05-25 10:15,80,28,52,0,0,0
2021-05-25 10:30,91,33,58,0,0,0
2021-05-25 10:45,82,30,52,0,0,0
2021-05-25 11:00,94,33,61,0,0,0
2021-05-25 11:15,75,33,42,0,0,0
2021-05-25 11:30,124,47,77,0,0,0
2021-05-25 11:45,93,46,47,0,0,0
2021-05-25 12:00,118,51,67,0,0,0
2021-05-25 12:15,115,38,77,0,0,0
2021-05-25 12:30,111,46,65,0,0,0
2021-05-25 12:45,123,59,64,0,0,0
2021-05-25 13:00,109,39,70,0,0,0
2021-05-25 13:15,120,49,71,0,0,0
2021-05-25 13:30,103,41,62,0,0,0
2021-05-25 13:45,95,35,60,0,0,0
2021-05-25 14:00,89,38,51,0,0,0
2021-05-25 14:15,94,47,47,0,0,0
2021-05-25 14:30,93,44,49,0,0,0
2021-05-25 14:45,95,32,63,0,0,0
2021-05-25 15:00,94,43,51,0,0,0
2021-05-25 15:15,94,35,59,0,0,0
2021-05-25 15:30,124,60,64,0,0,0
2021-05-25 15:45,90,30,60,0,0,0
2021-05-25 16:00,76,30,46,0,0,0
2021-05-25 16:15,103,38,65,0,0,0
2021-05-25 16:30,96,32,64,0,0,0
2021-05-25 16:45,115,39,76,0,0,0
2021-05-25 17:00,137,55,82,0,0,0
2021-05-25 17:15,144,56,88,0,0,0
2021-05-25 17:30,100,32,68,0,0,0
2021-05-25 17:45,116,37,79,0,0,0
2021-05-25 18:00,103,45,58,0,0,0
2021-05-25 18:15,105,38,67,0,0,0
2021-05-25 18:30,94,38,56,0,0,0
2021-05-25 18:45,125,55,70,0,0,0
2021-05-25 19:00,80,28,52,0,0,0
2021-05-25 19:15,69,27,42,0,0,0
2021-05-25 19:30,87,34,53,0,0,0
2021-05-25 19:45,80,37,43,0,0,0
2021-05-25 20:00,67,30,37,0,0,0
2021-05-25 20:15,60,19,41,0,0,0
2021-05-25 20:30,37,19,18,0,0,0
2021-05-25 20:45,52,13,39,0,0,0
2021-05-25 21:00,37,19,18,0,0,0
2021-05-25 21:15,43,13,30,0,0,0
2021-05-25 21:30,36,13,23,0,0,0
2021-05-25 21:45,27,9,18,0,0,0
2021-05-25 22:00,29,4,25,0,0,0
2021-05-25 22:15,27,11,16,0,0,0
2021-05-25 22:30,17,5,12,0,0,0
2021-05-25 22:45,17,6,11,0,0,0
2021-05-25 23:00,9,2,7,0,0,0
2021-05-25 23:15,15,1,14,0,0,0
2021-05-25 23:30,16,6,10,0,0,0
2021-05-25 23:45,6,2,4,0,0,0
2021-05-26 00:00,8,4,4,0,0,0
2021-05-26 00:15,6,2,4,0,0,0
2021-05-26 00:30,3,1,2,0,0,0
2021-05-26 00:45,2,0,2,0,0,0
2021-05-26 01:00,3,1,2,0,0,0
2021-05-26 01:15,1,1,0,0,0,0
2021-05-26 01:30,5,3,2,0,0,0
2021-05-26 01:45,2,1,1,0,0,0
2021-05-26 02:00,1,0,1,0,0,0
2021-05-26 02:15,1,0,1,0,0,0
2021-05-26 02:30,1,0,1,0,0,0
2021-05-26 02:45,2,2,0,0,0,0
2021-05-26 03:00,1,1,0,0,0,0
2021-05-26 03:15,1,0,1,0,0,0
2021-05-26 03:30,0,0,0,0,0,0
2021-05-26 03:45,0,0,0,0,0,0
2021-05-26 04:00,1,1,0,0,0,0
2021-05-26 04:15,1,1,0,0,0,0
2021-05-26 04:30,9,3,6,0,0,0
2021-05-26 04:45,3,2,1,0,0,0
2021-05-26 05:00,8,3,5,0,0,0
2021-05-26 05:15,13,3,10,0,0,0
2021-05-26 05:30,15,3,12,0,0,0
2021-05-26 05:45,27,10,17,0,0,0
2021-05-26 06:00,23,11,12,0,0,0
2021-05-26 06:15,32,12,20,0,0,0
2021-05-26 06:30,46,16,30,0,0,0
2021-05-26 06:45,73,34,39,0,0,0
2021-05-26 07:00,65,28,37,0,0,0
2021-05-26 07:15,84,30,54,0,0,0
2021-05-26 07:30,114,47,67,0,0,0
2021-05-26 07:45,132,69,63,0,0,0
2021-05-26 08:00,123,60,63,0,0,0
2021-05-26 08:15,119,51,68,0,0,0
2021-05-26 08:30,119,46,73,0,0,0
2021-05-26 08:45,130,55,75,0,0,0
2021-05-26 09:00,87,33,54,0,0,0
2021-05-26 09:15,78,35,43,0,0,0
2021-05-26 09:30,77,31,46,0,0,0
2021-05-26 09:45,102,48,54,0,0,0
2021-05-26 10:00,74,26,48,0,0,0
2021-05-26 10:15,94,34,60,0,0,0
2021-05-26 10:30,94,36,58,0,0,0
2021-05-26 10:45,83,39,44,0,0,0
2021-05-26 11:00,115,47,68,0,0,0
2021-05-26 11:15,94,42,52,0,0,0
2021-05-26 11:30,121,46,75,0,0,0
2021-05-26 11:45,106,50,56,0,0,0
2021-05-26 12:00,112,51,61,0,0,0
2021-05-26 12:15,109,55,54,0,0,0
2021-05-26 12:30,120,53,67,0,0,0
2021-05-26 12:45,120,39,81,0,0,0
2021-05-26 13:00,131,71,60,0,0,0
2021-05-26 13:15,125,53,72,0,0,0
2021-05-26 13:30,152,84,68,0,0,0
2021-05-26 13:45,119,53,66,0,0,0
2021-05-26 14:00,123,54,69,0,0,0
2021-05-26 14:15,102,51,51,0,0,0
2021-05-26 14:30,113,56,57,0,0,0
2021-05-26 14:45,141,60,81,0,0,0
2021-05-26 15:00,94,52,42,0,0,0
2021-05-26 15:15,110,47,63,0,0,0
2021-05-26 15:30,109,49,60,0,0,0
2021-05-26 15:45,154,82,72,0,0,0
2021-05-26 16:00,124,54,70,0,0,0
2021-05-26 16:15,122,58,64,0,0,0
2021-05-26 16:30,123,57,66,0,0,0
2021-05-26 16:45,149,69,80,0,0,0
2021-05-26 17:00,153,75,78,0,0,0
2021-05-26 17:15,170,73,97,0,0,0
2021-05-26 17:30,138,64,74,0,0,0
2021-05-26 17:45,158,65,93,0,0,0
2021-05-26 18:00,152,73,79,0,0,0
2021-05-26 18:15,131,55,76,0,0,0
2021-05-26 18:30,114,52,62,0,0,0
2021-05-26 18:45,120,58,62,0,0,0
2021-05-26 19:00,100,54,46,0,0,0
2021-05-26 19:15,109,50,59,0,0,0
2021-05-26 19:30,92,50,42,0,0,0
2021-05-26 19:45,126,57,69,0,0,0
2021-05-26 20:00,90,31,59,0,0,0
2021-05-26 20:15,58,30,28,0,0,0
2021-05-26 20:30,57,25,32,0,0,0
2021-05-26 20:45,48,19,29,0,0,0
2021-05-26 21:00,58,25,33,0,0,0
2021-05-26 21:15,53,27,26,0,0,0
2021-05-26 21:30,34,10,24,0,0,0
2021-05-26 21:45,32,9,23,0,0,0
2021-05-26 22:00,40,12,28,0,0,0
2021-05-26 22:15,34,10,24,0,0,0
2021-05-26 22:30,27,9,18,0,0,0
2021-05-26 22:45,24,4,20,0,0,0
2021-05-26 23:00,25,9,16,0,0,0
2021-05-26 23:15,15,3,12,0,0,0
2021-05-26 23:30,19,7,12,0,0,0
2021-05-26 23:45,14,8,6,0,0,0
2021-05-27 00:00,15,2,13,0,0,0
2021-05-27 00:15,13,5,8,0,0,0
2021-05-27 00:30,4,3,1,0,0,0
2021-05-27 00:45,5,1,4,0,0,0
2021-05-27 01:00,7,2,5,0,0,0
2021-05-27 01:15,7,1,6,0,0,0
2021-05-27 01:30,4,0,4,0,0,0
2021-05-27 01:45,3,3,0,0,0,0
2021-05-27 02:00,3,2,1,0,0,0
2021-05-27 02:15,1,0,1,0,0,0
2021-05-27 02:30,0,0,0,0,0,0
2021-05-27 02:45,0,0,0,0,0,0
2021-05-27 03:00,1,0,1,0,0,0
2021-05-27 03:15,2,2,0,0,0,0
2021-05-27 03:30,3,1,2,0,0,0
2021-05-27 03:45,2,2,0,0,0,0
2021-05-27 04:00,0,0,0,0,0,0
2021-05-27 04:15,0,0,0,0,0,0
2021-05-27 04:30,5,2,3,0,0,0
2021-05-27 04:45,7,5,2,0,0,0
2021-05-27 05:00,4,2,2,0,0,0
2021-05-27 05:15,6,4,2,0,0,0
2021-05-27 05:30,15,5,10,0,0,0
2021-05-27 05:45,13,6,7,0,0,0
2021-05-27 06:00,18,3,15,0,0,0
2021-05-27 06:15,34,13,21,0,0,0
2021-05-27 06:30,43,13,30,0,0,0
2021-05-27 06:45,60,23,37,0,0,0
2021-05-27 07:00,62,25,37,0,0,0
2021-05-27 07:15,92,39,53,0,0,0
2021-05-27 07:30,104,37,67,0,0,0
2021-05-27 07:45,130,68,62,0,0,0
2021-05-27 08:00,111,53,58,0,0,0
2021-05-27 08:15,105,54,51,0,0,0
2021-05-27 08:30,95,37,58,0,0,0
2021-05-27 08:45,109,43,66,0,0,0
2021-05-27 09:00,81,30,51,0,0,0
2021-05-27 09:15,89,42,47,0,0,0
2021-05-27 09:30,79,21,58,0,0,0
2021-05-27 09:45,72,18,54,0,0,0
2021-05-27 10:00,79,35,44,0,0,0
2021-05-27 10:15,75,26,49,0,0,0
2021-05-27 10:30,84,34,50,0,0,0
2021-05-27 10:45,85,35,50,0,0,0
2021-05-27 11:00,91,32,59,0,0,0
2021-05-27 11:15,79,29,50,0,0,0
2021-05-27 11:30,103,44,59,0,0,0
2021-05-27 11:45,85,28,57,0,0,0
2021-05-27 12:00,99,42,57,0,0,0
2021-05-27 12:15,89,35,54,0,0,0
2021-05-27 12:30,107,42,65,0,0,0
2021-05-27 12:45,97,34,63,0,0,0
2021-05-27 13:00,108,59,49,0,0,0
2021-05-27 13:15,103,55,48,0,0,0
2021-05-27 13:30,113,50,63,0,0,0
2021-05-27 13:45,109,40,69,0,0,0
2021-05-27 14:00,115,50,65,0,0,0
2021-05-27 14:15,114,36,78,0,0,0
2021-05-27 14:30,88,35,53,0,0,0
2021-05-27 14:45,114,48,66,0,0,0
2021-05-27 15:00,102,39,63,0,0,0
2021-05-27 15:15,115,39,76,0,0,0
2021-05-27 15:30,90,33,57,0,0,0
2021-05-27 15:45,117,53,64,0,0,0
2021-05-27 16:00,96,46,50,0,0,0
2021-05-27 16:15,107,35,72,0,0,0
2021-05-27 16:30,122,39,83,0,0,0
2021-05-27 16:45,128,51,77,0,0,0
2021-05-27 17:00,152,45,107,0,0,0
2021-05-27 17:15,150,64,86,0,0,0
2021-05-27 17:30,155,56,99,0,0,0
2021-05-27 17:45,159,66,93,0,0,0
2021-05-27 18:00,148,67,81,0,0,0
2021-05-27 18:15,121,59,62,0,0,0
2021-05-27 18:30,125,67,58,0,0,0
2021-05-27 18:45,125,61,64,0,0,0
2021-05-27 19:00,106,52,54,0,0,0
2021-05-27 19:15,90,42,48,0,0,0
2021-05-27 19:30,68,37,31,0,0,0
2021-05-27 19:45,80,36,44,0,0,0
2021-05-27 20:00,67,42,25,0,0,0
2021-05-27 20:15,70,28,42,0,0,0
2021-05-27 20:30,80,27,53,0,0,0
2021-05-27 20:45,35,11,24,0,0,0
2021-05-27 21:00,64,28,36,0,0,0
2021-05-27 21:15,41,16,25,0,0,0
2021-05-27 21:30,47,17,30,0,0,0
2021-05-27 21:45,37,12,25,0,0,0
2021-05-27 22:00,43,14,29,0,0,0
2021-05-27 22:15,44,12,32,0,0,0
2021-05-27 22:30,20,10,10,0,0,0
2021-05-27 22:45,37,13,24,0,0,0
2021-05-27 23:00,26,9,17,0,0,0
2021-05-27 23:15,30,7,23,0,0,0
2021-05-27 23:30,19,4,15,0,0,0
2021-05-27 23:45,15,6,9,0,0,0
2021-05-28 00:00,18,4,14,0,0,0
2021-05-28 00:15,4,1,3,0,0,0
2021-05-28 00:30,6,2,4,0,0,0
2021-05-28 00:45,7,1,6,0,0,0
2021-05-28 01:00,11,2,9,0,0,0
2021-05-28 01:15,2,1,1,0,0,0
2021-05-28 01:30,6,2,4,0,0,0
2021-05-28 01:45,4,1,3,0,0,0
2021-05-28 02:00,3,1,2,0,0,0
2021-05-28 02:15,2,2,0,0,0,0
2021-05-28 02:30,4,2,2,0,0,0
2021-05-28 02:45,0,0,0,0,0,0
2021-05-28 03:00,3,1,2,0,0,0
2021-05-28 03:15,0,0,0,0,0,0
2021-05-28 03:30,0,0,0,0,0,0
2021-05-28 03:45,0,0,0,0,0,0
2021-05-28 04:00,2,0,2,0,0,0
2021-05-28 04:15,4,2,2,0,0,0
2021-05-28 04:30,6,4,2,0,0,0
2021-05-28 04:45,7,3,4,0,0,0
2021-05-28 05:00,7,3,4,0,0,0
2021-05-28 05:15,11,4,7,0,0,0
2021-05-28 05:30,15,7,8,0,0,0
2021-05-28 05:45,20,13,7,0,0,0
2021-05-28 06:00,20,8,12,0,0,0
2021-05-28 06:15,31,17,14,0,0,0
2021-05-28 06:30,58,16,42,0,0,0
2021-05-28 06:45,63,28,35,0,0,0
2021-05-28 07:00,72,33,39,0,0,0
2021-05-28 07:15,88,37,51,0,0,0
2021-05-28 07:30,105,49,56,0,0,0
2021-05-28 07:45,134,61,73,0,0,0
2021-05-28 08:00,109,54,55,0,0,0
2021-05-28 08:15,106,40,66,0,0,0
2021-05-28 08:30,115,47,68,0,0,0
2021-05-28 08:45,114,43,71,0,0,0
2021-05-28 09:00,77,27,50,0,0,0
2021-05-28 09:15,104,36,68,0,0,0
2021-05-28 09:30,84,37,47,0,0,0
2021-05-28 09:45,101,36,65,0,0,0
2021-05-28 10:00,83,32,51,0,0,0
2021-05-28 10:15,97,48,49,0,0,0
2021-05-28 10:30,95,39,56,0,0,0
2021-05-28 10:45,116,54,62,0,0,0
2021-05-28 11:00,93,43,50,0,0,0
2021-05-28 11:15,115,44,71,0,0,0
2021-05-28 11:30,122,61,61,0,0,0
2021-05-28 11:45,118,55,63,0,0,0
2021-05-28 12:00,128,65,63,0,0,0
2021-05-28 12:15,139,61,78,0,0,0
2021-05-28 12:30,111,53,58,0,0,0
2021-05-28 12:45,145,55,90,0,0,0
2021-05-28 13:00,147,68,79,0,0,0
2021-05-28 13:15,138,63,75,0,0,0
2021-05-28 13:30,153,73,80,0,0,0
2021-05-28 13:45,163,84,79,0,0,0
2021-05-28 14:00,172,83,89,0,0,0
2021-05-28 14:15,165,62,103,0,0,0
2021-05-28 14:30,139,61,78,0,0,0
2021-05-28 14:45,139,60,79,0,0,0
2021-05-28 15:00,132,48,84,0,0,0
2021-05-28 15:15,139,74,65,0,0,0
2021-05-28 15:30,106,55,51,0,0,0
2021-05-28 15:45,127,43,84,0,0,0
2021-05-28 16:00,131,57,74,0,0,0
2021-05-28 16:15,162,65,97,0,0,0
2021-05-28 16:30,151,68,83,0,0,0
2021-05-28 16:45,139,75,64,0,0,0
2021-05-28 17:00,138,69,69,0,0,0
2021-05-28 17:15,143,78,65,0,0,0
2021-05-28 17:30,130,57,73,0,0,0
2021-05-28 17:45,178,101,77,0,0,0
2021-05-28 18:00,130,75,55,0,0,0
2021-05-28 18:15,141,78,63,0,0,0
2021-05-28 18:30,143,67,76,0,0,0
2021-05-28 18:45,182,99,83,0,0,0
2021-05-28 19:00,127,64,63,0,0,0
2021-05-28 19:15,141,74,67,0,0,0
2021-05-28 19:30,129,58,71,0,0,0
2021-05-28 19:45,132,66,66,0,0,0
2021-05-28 20:00,116,45,71,0,0,0
2021-05-28 20:15,122,51,71,0,0,0
2021-05-28 20:30,85,50,35,0,0,0
2021-05-28 20:45,75,38,37,0,0,0
2021-05-28 21:00,93,37,56,0,0,0
2021-05-28 21:15,52,28,24,0,0,0
2021-05-28 21:30,64,25,39,0,0,0
2021-05-28 21:45,78,31,47,0,0,0
2021-05-28 22:00,58,21,37,0,0,0
2021-05-28 22:15,76,29,47,0,0,0
2021-05-28 22:30,54,29,25,0,0,0
2021-05-28 22:45,57,26,31,0,0,0
2021-05-28 23:00,75,24,51,0,0,0
2021-05-28 23:15,64,24,40,0,0,0
2021-05-28 23:30,60,14,46,0,0,0
2021-05-28 23:45,48,21,27,0,0,0
2021-05-29 00:00,43,21,22,0,0,0
2021-05-29 00:15,45,13,32,0,0,0
2021-05-29 00:30,37,9,28,0,0,0
2021-05-29 00:45,43,19,24,0,0,0
2021-05-29 01:00,34,14,20,0,0,0
2021-05-29 01:15,31,7,24,0,0,0
2021-05-29 01:30,34,10,24,0,0,0
2021-05-29 01:45,28,9,19,0,0,0
2021-05-29 02:00,34,15,19,0,0,0
2021-05-29 02:15,30,14,16,0,0,0
2021-05-29 02:30,11,3,8,0,0,0
2021-05-29 02:45,22,6,16,0,0,0
2021-05-29 03:00,24,7,17,0,0,0
2021-05-29 03:15,19,4,15,0,0,0
2021-05-29 03:30,10,3,7,0,0,0
2021-05-29 03:45,11,5,6,0,0,0
2021-05-29 04:00,14,4,10,0,0,0
2021-05-29 04:15,6,4,2,0,0,0
2021-05-29 04:30,2,1,1,0,0,0
2021-05-29 04:45,10,6,4,0,0,0
2021-05-29 05:00,5,0,5,0,0,0
2021-05-29 05:15,10,2,8,0,0,0
2021-05-29 05:30,15,2,13,0,0,0
2021-05-29 05:45,17,5,12,0,0,0
2021-05-29 06:00,3,1,2,0,0,0
2021-05-29 06:15,9,0,9,0,0,0
2021-05-29 06:30,15,5,10,0,0,0
2021-05-29 06:45,10,5,5,0,0,0
2021-05-29 07:00,16,8,8,0,0,0
2021-05-29 07:15,15,8,7,0,0,0
2021-05-29 07:30,20,7,13,0,0,0
2021-05-29 07:45,33,19,14,0,0,0
2021-05-29 08:00,23,5,18,0,0,0
2021-05-29 08:15,29,17,12,0,0,0
2021-05-29 08:30,37,14,23,0,0,0
2021-05-29 08:45,45,16,29,0,0,0
2021-05-29 09:00,44,18,26,0,0,0
2021-05-29 09:15,66,16,50,0,0,0
2021-05-29 09:30,62,24,38,0,0,0
2021-05-29 09:45,78,36,42,0,0,0
2021-05-29 10:00,69,26,43,0,0,0
2021-05-29 10:15,83,40,43,0,0,0
2021-05-29 10:30,66,25,41,0,0,0
2021-05-29 10:45,107,57,50,0,0,0
2021-05-29 11:00,95,34,61,0,0,0
2021-05-29 11:15,91,31,60,0,0,0
2021-05-29 11:30,119,42,77,0,0,0
2021-05-29 11:45,96,34,62,0,0,0
2021-05-29 12:00,109,43,66,0,0,0
2021-05-29 12:15,120,53,67,0,0,0
2021-05-29 12:30,120,61,59,0,0,0
2021-05-29 12:45,111,59,52,0,0,0
2021-05-29 13:00,126,65,61,0,0,0
2021-05-29 13:15,128,64,64,0,0,0
2021-05-29 13:30,116,63,53,0,0,0
2021-05-29 13:45,114,61,53,0,0,0
2021-05-29 14:00,122,53,69,0,0,0
2021-05-29 14:15,136,73,63,0,0,0
2021-05-29 14:30,128,64,64,0,0,0
2021-05-29 14:45,170,125,45,0,0,0
2021-05-29 15:00,147,80,67,0,0,0
2021-05-29 15:15,106,59,47,0,0,0
2021-05-29 15:30,124,59,65,0,0,0
2021-05-29 15:45,120,53,67,0,0,0
2021-05-29 16:00,132,72,60,0,0,0
2021-05-29 16:15,127,56,71,0,0,0
2021-05-29 16:30,131,45,86,0,0,0
2021-05-29 16:45,143,65,78,0,0,0
2021-05-29 17:00,126,70,56,0,0,0
2021-05-29 17:15,126,68,58,0,0,0
2021-05-29 17:30,130,57,73,0,0,0
2021-05-29 17:45,124,65,59,0,0,0
2021-05-29 18:00,130,59,71,0,0,0
2021-05-29 18:15,144,67,77,0,0,0
2021-05-29 18:30,115,58,57,0,0,0
2021-05-29 18:45,138,62,76,0,0,0
2021-05-29 19:00,125,52,73,0,0,0
2021-05-29 19:15,126,62,64,0,0,0
2021-05-29 19:30,126,70,56,0,0,0
2021-05-29 19:45,117,49,68,0,0,0
2021-05-29 20:00,125,68,57,0,0,0
2021-05-29 20:15,97,38,59,0,0,0
2021-05-29 20:30,78,35,43,0,0,0
2021-05-29 20:45,91,51,40,0,0,0
2021-05-29 21:00,88,44,44,0,0,0
2021-05-29 21:15,100,42,58,0,0,0
2021-05-29 21:30,89,34,55,0,0,0
2021-05-29 21:45,63,29,34,0,0,0
2021-05-29 22:00,85,31,54,0,0,0
2021-05-29 22:15,78,27,51,0,0,0
2021-05-29 22:30,78,28,50,0,0,0
2021-05-29 22:45,70,30,40,0,0,0
2021-05-29 23:00,68,27,41,0,0,0
2021-05-29 23:15,50,14,36,0,0,0
2021-05-29 23:30,87,30,57,0,0,0
2021-05-29 23:45,73,33,40,0,0,0
2021-05-30 00:00,65,28,37,0,0,0
2021-05-30 00:15,60,26,34,0,0,0
2021-05-30 00:30,57,21,36,0,0,0
2021-05-30 00:45,50,27,23,0,0,0
2021-05-30 01:00,55,21,34,0,0,0
2021-05-30 01:15,59,21,38,0,0,0
2021-05-30 01:30,34,14,20,0,0,0
2021-05-30 01:45,32,11,21,0,0,0
2021-05-30 02:00,37,10,27,0,0,0
2021-05-30 02:15,36,5,31,0,0,0
2021-05-30 02:30,33,7,26,0,0,0
2021-05-30 02:45,30,11,19,0,0,0
2021-05-30 03:00,32,9,23,0,0,0
2021-05-30 03:15,17,6,11,0,0,0
2021-05-30 03:30,17,6,11,0,0,0
2021-05-30 03:45,17,5,12,0,0,0
2021-05-30 04:00,13,6,7,0,0,0
2021-05-30 04:15,17,0,17,0,0,0
2021-05-30 04:30,5,4,1,0,0,0
2021-05-30 04:45,11,3,8,0,0,0
2021-05-30 05:00,8,2,6,0,0,0
2021-05-30 05:15,11,0,11,0,0,0
2021-05-30 05:30,11,4,7,0,0,0
2021-05-30 05:45,8,2,6,0,0,0
2021-05-30 06:00,6,2,4,0,0,0
2021-05-30 06:15,2,0,2,0,0,0
2021-05-30 06:30,6,2,4,0,0,0
2021-05-30 06:45,10,5,5,0,0,0
2021-05-30 07:00,18,10,8,0,0,0
2021-05-30 07:15,10,5,5,0,0,0
2021-05-30 07:30,8,3,5,0,0,0
2021-05-30 07:45,10,3,7,0,0,0
2021-05-30 08:00,5,2,3,0,0,0
2021-05-30 08:15,8,1,7,0,0,0
2021-05-30 08:30,21,8,13,0,0,0
2021-05-30 08:45,24,10,14,0,0,0
2021-05-30 09:00,28,12,16,0,0,0
2021-05-30 09:15,34,16,18,0,0,0
2021-05-30 09:30,42,21,21,0,0,0
2021-05-30 09:45,51,28,23,0,0,0
2021-05-30 10:00,50,18,32,0,0,0
2021-05-30 10:15,51,21,30,0,0,0
2021-05-30 10:30,65,29,36,0,0,0
2021-05-30 10:45,61,34,27,0,0,0
2021-05-30 11:00,71,41,30,0,0,0
2021-05-30 11:15,78,25,53,0,0,0
2021-05-30 11:30,76,34,42,0,0,0
2021-05-30 11:45,83,38,45,0,0,0
2021-05-30 12:00,74,26,48,0,0,0
2021-05-30 12:15,103,45,58,0,0,0
2021-05-30 12:30,101,52,49,0,0,0
2021-05-30 12:45,84,54,30,0,0,0
2021-05-30 13:00,106,50,56,0,0,0
2021-05-30 13:15,125,65,60,0,0,0
2021-05-30 13:30,106,53,53,0,0,0
2021-05-30 13:45,129,67,62,0,0,0
2021-05-30 14:00,128,53,75,0,0,0
2021-05-30 14:15,135,47,88,0,0,0
2021-05-30 14:30,146,73,73,0,0,0
2021-05-30 14:45,152,89,63,0,0,0
2021-05-30 15:00,131,64,67,0,0,0
2021-05-30 15:15,121,51,70,0,0,0
2021-05-30 15:30,122,63,59,0,0,0
2021-05-30 15:45,147,71,76,0,0,0
2021-05-30 16:00,110,53,57,0,0,0
2021-05-30 16:15,127,57,70,0,0,0
2021-05-30 16:30,124,55,69,0,0,0
2021-05-30 16:45,116,52,64,0,0,0
2021-05-30 17:00,154,66,88,0,0,0
2021-05-30 17:15,132,55,77,0,0,0
2021-05-30 17:30,144,65,79,0,0,0
2021-05-30 17:45,109,52,57,0,0,0
2021-05-30 18:00,115,53,62,0,0,0
2021-05-30 18:15,134,48,86,0,0,0
2021-05-30 18:30,143,54,89,0,0,0
2021-05-30 18:45,113,51,62,0,0,0
2021-05-30 19:00,79,33,46,0,0,0
2021-05-30 19:15,107,63,44,0,0,0
2021-05-30 19:30,85,33,52,0,0,0
2021-05-30 19:45,100,28,72,0,0,0
2021-05-30 20:00,89,40,49,0,0,0
2021-05-30 20:15,96,29,67,0,0,0
2021-05-30 20:30,57,22,35,0,0,0
2021-05-30 20:45,65,23,42,0,0,0
2021-05-30 21:00,89,39,50,0,0,0
2021-05-30 21:15,63,25,38,0,0,0
2021-05-30 21:30,49,27,22,0,0,0
2021-05-30 21:45,48,13,35,0,0,0
2021-05-30 22:00,40,13,27,0,0,0
2021-05-30 22:15,45,15,30,0,0,0
2021-05-30 22:30,52,15,37,0,0,0
2021-05-30 22:45,41,11,30,0,0,0
2021-05-30 23:00,29,10,19,0,0,0
2021-05-30 23:15,23,11,12,0,0,0
2021-05-30 23:30,34,16,18,0,0,0
2021-05-30 23:45,17,3,14,0,0,0
