Datetime,100031300 (HafenstraÃŸe),101031300 (Channel 1 IN),102031300 (Channel 2 OUT),100031300-status,101031300-status,102031300-status
2021-07-01 00:00,22,8,14,0,0,0
2021-07-01 00:15,26,13,13,0,0,0
2021-07-01 00:30,17,7,10,0,0,0
2021-07-01 00:45,31,16,15,0,0,0
2021-07-01 01:00,11,1,10,0,0,0
2021-07-01 01:15,14,3,11,0,0,0
2021-07-01 01:30,6,2,4,0,0,0
2021-07-01 01:45,12,1,11,0,0,0
2021-07-01 02:00,6,1,5,0,0,0
2021-07-01 02:15,4,1,3,0,0,0
2021-07-01 02:30,12,7,5,0,0,0
2021-07-01 02:45,3,1,2,0,0,0
2021-07-01 03:00,3,0,3,0,0,0
2021-07-01 03:15,4,3,1,0,0,0
2021-07-01 03:30,0,0,0,0,0,0
2021-07-01 03:45,0,0,0,0,0,0
2021-07-01 04:00,1,1,0,0,0,0
2021-07-01 04:15,2,1,1,0,0,0
2021-07-01 04:30,7,2,5,0,0,0
2021-07-01 04:45,3,0,3,0,0,0
2021-07-01 05:00,3,2,1,0,0,0
2021-07-01 05:15,8,5,3,0,0,0
2021-07-01 05:30,16,8,8,0,0,0
2021-07-01 05:45,14,8,6,0,0,0
2021-07-01 06:00,23,12,11,0,0,0
2021-07-01 06:15,35,13,22,0,0,0
2021-07-01 06:30,47,23,24,0,0,0
2021-07-01 06:45,74,43,31,0,0,0
2021-07-01 07:00,73,37,36,0,0,0
2021-07-01 07:15,102,48,54,0,0,0
2021-07-01 07:30,121,51,70,0,0,0
2021-07-01 07:45,144,66,78,0,0,0
2021-07-01 08:00,126,55,71,0,0,0
2021-07-01 08:15,133,68,65,0,0,0
2021-07-01 08:30,131,52,79,0,0,0
2021-07-01 08:45,162,77,85,0,0,0
2021-07-01 09:00,113,48,65,0,0,0
2021-07-01 09:15,92,36,56,0,0,0
2021-07-01 09:30,94,36,58,0,0,0
2021-07-01 09:45,109,41,68,0,0,0
2021-07-01 10:00,109,43,66,0,0,0
2021-07-01 10:15,83,39,44,0,0,0
2021-07-01 10:30,86,39,47,0,0,0
2021-07-01 10:45,90,41,49,0,0,0
2021-07-01 11:00,100,41,59,0,0,0
2021-07-01 11:15,83,27,56,0,0,0
2021-07-01 11:30,83,31,52,0,0,0
2021-07-01 11:45,92,34,58,0,0,0
2021-07-01 12:00,85,34,51,0,0,0
2021-07-01 12:15,94,36,58,0,0,0
2021-07-01 12:30,92,25,67,0,0,0
2021-07-01 12:45,99,38,61,0,0,0
2021-07-01 13:00,110,38,72,0,0,0
2021-07-01 13:15,109,41,68,0,0,0
2021-07-01 13:30,91,37,54,0,0,0
2021-07-01 13:45,113,54,59,0,0,0
2021-07-01 14:00,105,44,61,0,0,0
2021-07-01 14:15,108,43,65,0,0,0
2021-07-01 14:30,103,47,56,0,0,0
2021-07-01 14:45,89,37,52,0,0,0
2021-07-01 15:00,110,48,62,0,0,0
2021-07-01 15:15,115,51,64,0,0,0
2021-07-01 15:30,132,59,73,0,0,0
2021-07-01 15:45,142,63,79,0,0,0
2021-07-01 16:00,125,47,78,0,0,0
2021-07-01 16:15,132,55,77,0,0,0
2021-07-01 16:30,103,51,52,0,0,0
2021-07-01 16:45,146,68,78,0,0,0
2021-07-01 17:00,152,58,94,0,0,0
2021-07-01 17:15,154,60,94,0,0,0
2021-07-01 17:30,139,63,76,0,0,0
2021-07-01 17:45,147,64,83,0,0,0
2021-07-01 18:00,148,71,77,0,0,0
2021-07-01 18:15,150,69,81,0,0,0
2021-07-01 18:30,118,51,67,0,0,0
2021-07-01 18:45,127,73,54,0,0,0
2021-07-01 19:00,113,64,49,0,0,0
2021-07-01 19:15,109,58,51,0,0,0
2021-07-01 19:30,106,53,53,0,0,0
2021-07-01 19:45,106,52,54,0,0,0
2021-07-01 20:00,101,55,46,0,0,0
2021-07-01 20:15,66,30,36,0,0,0
2021-07-01 20:30,65,26,39,0,0,0
2021-07-01 20:45,63,32,31,0,0,0
2021-07-01 21:00,59,32,27,0,0,0
2021-07-01 21:15,60,25,35,0,0,0
2021-07-01 21:30,59,27,32,0,0,0
2021-07-01 21:45,44,24,20,0,0,0
2021-07-01 22:00,61,23,38,0,0,0
2021-07-01 22:15,53,13,40,0,0,0
2021-07-01 22:30,44,17,27,0,0,0
2021-07-01 22:45,48,13,35,0,0,0
2021-07-01 23:00,46,23,23,0,0,0
2021-07-01 23:15,39,13,26,0,0,0
2021-07-01 23:30,34,8,26,0,0,0
2021-07-01 23:45,14,3,11,0,0,0
2021-07-02 00:00,17,8,9,0,0,0
2021-07-02 00:15,26,11,15,0,0,0
2021-07-02 00:30,18,7,11,0,0,0
2021-07-02 00:45,17,12,5,0,0,0
2021-07-02 01:00,11,7,4,0,0,0
2021-07-02 01:15,19,13,6,0,0,0
2021-07-02 01:30,11,4,7,0,0,0
2021-07-02 01:45,10,1,9,0,0,0
2021-07-02 02:00,8,3,5,0,0,0
2021-07-02 02:15,7,0,7,0,0,0
2021-07-02 02:30,0,0,0,0,0,0
2021-07-02 02:45,4,0,4,0,0,0
2021-07-02 03:00,1,0,1,0,0,0
2021-07-02 03:15,5,0,5,0,0,0
2021-07-02 03:30,2,1,1,0,0,0
2021-07-02 03:45,1,1,0,0,0,0
2021-07-02 04:00,1,1,0,0,0,0
2021-07-02 04:15,4,2,2,0,0,0
2021-07-02 04:30,4,3,1,0,0,0
2021-07-02 04:45,8,3,5,0,0,0
2021-07-02 05:00,11,4,7,0,0,0
2021-07-02 05:15,5,5,0,0,0,0
2021-07-02 05:30,17,6,11,0,0,0
2021-07-02 05:45,13,9,4,0,0,0
2021-07-02 06:00,18,10,8,0,0,0
2021-07-02 06:15,35,12,23,0,0,0
2021-07-02 06:30,38,22,16,0,0,0
2021-07-02 06:45,87,42,45,0,0,0
2021-07-02 07:00,75,40,35,0,0,0
2021-07-02 07:15,108,59,49,0,0,0
2021-07-02 07:30,122,55,67,0,0,0
2021-07-02 07:45,129,65,64,0,0,0
2021-07-02 08:00,126,60,66,0,0,0
2021-07-02 08:15,111,57,54,0,0,0
2021-07-02 08:30,117,52,65,0,0,0
2021-07-02 08:45,141,60,81,0,0,0
2021-07-02 09:00,96,43,53,0,0,0
2021-07-02 09:15,76,32,44,0,0,0
2021-07-02 09:30,97,47,50,0,0,0
2021-07-02 09:45,115,58,57,0,0,0
2021-07-02 10:00,94,44,50,0,0,0
2021-07-02 10:15,91,42,49,0,0,0
2021-07-02 10:30,104,45,59,0,0,0
2021-07-02 10:45,154,73,81,0,0,0
2021-07-02 11:00,104,45,59,0,0,0
2021-07-02 11:15,107,56,51,0,0,0
2021-07-02 11:30,133,73,60,0,0,0
2021-07-02 11:45,124,58,66,0,0,0
2021-07-02 12:00,104,44,60,0,0,0
2021-07-02 12:15,138,54,84,0,0,0
2021-07-02 12:30,139,58,81,0,0,0
2021-07-02 12:45,128,59,69,0,0,0
2021-07-02 13:00,148,65,83,0,0,0
2021-07-02 13:15,151,61,90,0,0,0
2021-07-02 13:30,151,66,85,0,0,0
2021-07-02 13:45,151,66,85,0,0,0
2021-07-02 14:00,122,47,75,0,0,0
2021-07-02 14:15,123,53,70,0,0,0
2021-07-02 14:30,121,68,53,0,0,0
2021-07-02 14:45,133,46,87,0,0,0
2021-07-02 15:00,140,64,76,0,0,0
2021-07-02 15:15,110,51,59,0,0,0
2021-07-02 15:30,137,74,63,0,0,0
2021-07-02 15:45,134,61,73,0,0,0
2021-07-02 16:00,132,80,52,0,0,0
2021-07-02 16:15,122,63,59,0,0,0
2021-07-02 16:30,141,73,68,0,0,0
2021-07-02 16:45,123,75,48,0,0,0
2021-07-02 17:00,140,73,67,0,0,0
2021-07-02 17:15,149,73,76,0,0,0
2021-07-02 17:30,168,87,81,0,0,0
2021-07-02 17:45,133,75,58,0,0,0
2021-07-02 18:00,135,68,67,0,0,0
2021-07-02 18:15,137,67,70,0,0,0
2021-07-02 18:30,135,69,66,0,0,0
2021-07-02 18:45,193,104,89,0,0,0
2021-07-02 19:00,128,63,65,0,0,0
2021-07-02 19:15,133,74,59,0,0,0
2021-07-02 19:30,108,54,54,0,0,0
2021-07-02 19:45,118,70,48,0,0,0
2021-07-02 20:00,126,52,74,0,0,0
2021-07-02 20:15,84,42,42,0,0,0
2021-07-02 20:30,88,43,45,0,0,0
2021-07-02 20:45,106,46,60,0,0,0
2021-07-02 21:00,98,47,51,0,0,0
2021-07-02 21:15,80,38,42,0,0,0
2021-07-02 21:30,71,30,41,0,0,0
2021-07-02 21:45,82,24,58,0,0,0
2021-07-02 22:00,91,39,52,0,0,0
2021-07-02 22:15,82,34,48,0,0,0
2021-07-02 22:30,68,21,47,0,0,0
2021-07-02 22:45,56,27,29,0,0,0
2021-07-02 23:00,80,38,42,0,0,0
2021-07-02 23:15,71,33,38,0,0,0
2021-07-02 23:30,83,32,51,0,0,0
2021-07-02 23:45,61,29,32,0,0,0
2021-07-03 00:00,78,28,50,0,0,0
2021-07-03 00:15,53,21,32,0,0,0
2021-07-03 00:30,51,28,23,0,0,0
2021-07-03 00:45,54,24,30,0,0,0
2021-07-03 01:00,68,36,32,0,0,0
2021-07-03 01:15,47,14,33,0,0,0
2021-07-03 01:30,46,13,33,0,0,0
2021-07-03 01:45,28,10,18,0,0,0
2021-07-03 02:00,41,15,26,0,0,0
2021-07-03 02:15,32,10,22,0,0,0
2021-07-03 02:30,37,6,31,0,0,0
2021-07-03 02:45,48,18,30,0,0,0
2021-07-03 03:00,26,12,14,0,0,0
2021-07-03 03:15,27,9,18,0,0,0
2021-07-03 03:30,24,9,15,0,0,0
2021-07-03 03:45,22,4,18,0,0,0
2021-07-03 04:00,21,5,16,0,0,0
2021-07-03 04:15,15,5,10,0,0,0
2021-07-03 04:30,20,4,16,0,0,0
2021-07-03 04:45,7,2,5,0,0,0
2021-07-03 05:00,7,0,7,0,0,0
2021-07-03 05:15,17,0,17,0,0,0
2021-07-03 05:30,12,3,9,0,0,0
2021-07-03 05:45,11,3,8,0,0,0
2021-07-03 06:00,10,5,5,0,0,0
2021-07-03 06:15,9,2,7,0,0,0
2021-07-03 06:30,15,8,7,0,0,0
2021-07-03 06:45,7,4,3,0,0,0
2021-07-03 07:00,20,8,12,0,0,0
2021-07-03 07:15,18,8,10,0,0,0
2021-07-03 07:30,28,6,22,0,0,0
2021-07-03 07:45,36,13,23,0,0,0
2021-07-03 08:00,28,17,11,0,0,0
2021-07-03 08:15,15,11,4,0,0,0
2021-07-03 08:30,40,14,26,0,0,0
2021-07-03 08:45,55,19,36,0,0,0
2021-07-03 09:00,41,20,21,0,0,0
2021-07-03 09:15,45,21,24,0,0,0
2021-07-03 09:30,70,26,44,0,0,0
2021-07-03 09:45,101,47,54,0,0,0
2021-07-03 10:00,81,35,46,0,0,0
2021-07-03 10:15,87,31,56,0,0,0
2021-07-03 10:30,59,24,35,0,0,0
2021-07-03 10:45,84,40,44,0,0,0
2021-07-03 11:00,91,41,50,0,0,0
2021-07-03 11:15,88,34,54,0,0,0
2021-07-03 11:30,88,34,54,0,0,0
2021-07-03 11:45,114,57,57,0,0,0
2021-07-03 12:00,108,48,60,0,0,0
2021-07-03 12:15,96,34,62,0,0,0
2021-07-03 12:30,124,58,66,0,0,0
2021-07-03 12:45,99,37,62,0,0,0
2021-07-03 13:00,118,51,67,0,0,0
2021-07-03 13:15,113,58,55,0,0,0
2021-07-03 13:30,108,52,56,0,0,0
2021-07-03 13:45,147,82,65,0,0,0
2021-07-03 14:00,117,52,65,0,0,0
2021-07-03 14:15,95,49,46,0,0,0
2021-07-03 14:30,105,47,58,0,0,0
2021-07-03 14:45,144,92,52,0,0,0
2021-07-03 15:00,93,52,41,0,0,0
2021-07-03 15:15,99,55,44,0,0,0
2021-07-03 15:30,121,81,40,0,0,0
2021-07-03 15:45,114,69,45,0,0,0
2021-07-03 16:00,119,63,56,0,0,0
2021-07-03 16:15,157,81,76,0,0,0
2021-07-03 16:30,127,59,68,0,0,0
2021-07-03 16:45,109,46,63,0,0,0
2021-07-03 17:00,127,66,61,0,0,0
2021-07-03 17:15,114,50,64,0,0,0
2021-07-03 17:30,125,67,58,0,0,0
2021-07-03 17:45,134,67,67,0,0,0
2021-07-03 18:00,114,55,59,0,0,0
2021-07-03 18:15,132,76,56,0,0,0
2021-07-03 18:30,135,69,66,0,0,0
2021-07-03 18:45,141,93,48,0,0,0
2021-07-03 19:00,157,70,87,0,0,0
2021-07-03 19:15,104,58,46,0,0,0
2021-07-03 19:30,140,57,83,0,0,0
2021-07-03 19:45,118,76,42,0,0,0
2021-07-03 20:00,129,60,69,0,0,0
2021-07-03 20:15,107,57,50,0,0,0
2021-07-03 20:30,96,54,42,0,0,0
2021-07-03 20:45,78,41,37,0,0,0
2021-07-03 21:00,111,55,56,0,0,0
2021-07-03 21:15,89,34,55,0,0,0
2021-07-03 21:30,68,26,42,0,0,0
2021-07-03 21:45,77,34,43,0,0,0
2021-07-03 22:00,87,41,46,0,0,0
2021-07-03 22:15,69,29,40,0,0,0
2021-07-03 22:30,67,40,27,0,0,0
2021-07-03 22:45,42,25,17,0,0,0
2021-07-03 23:00,70,26,44,0,0,0
2021-07-03 23:15,60,26,34,0,0,0
2021-07-03 23:30,79,19,60,0,0,0
2021-07-03 23:45,74,20,54,0,0,0
2021-07-04 00:00,47,17,30,0,0,0
2021-07-04 00:15,62,15,47,0,0,0
2021-07-04 00:30,39,4,35,0,0,0
2021-07-04 00:45,45,10,35,0,0,0
2021-07-04 01:00,38,16,22,0,0,0
2021-07-04 01:15,40,11,29,0,0,0
2021-07-04 01:30,36,14,22,0,0,0
2021-07-04 01:45,33,8,25,0,0,0
2021-07-04 02:00,24,7,17,0,0,0
2021-07-04 02:15,23,6,17,0,0,0
2021-07-04 02:30,30,4,26,0,0,0
2021-07-04 02:45,12,10,2,0,0,0
2021-07-04 03:00,25,5,20,0,0,0
2021-07-04 03:15,13,1,12,0,0,0
2021-07-04 03:30,16,4,12,0,0,0
2021-07-04 03:45,15,5,10,0,0,0
2021-07-04 04:00,12,8,4,0,0,0
2021-07-04 04:15,12,6,6,0,0,0
2021-07-04 04:30,8,5,3,0,0,0
2021-07-04 04:45,9,4,5,0,0,0
2021-07-04 05:00,5,1,4,0,0,0
2021-07-04 05:15,8,5,3,0,0,0
2021-07-04 05:30,6,0,6,0,0,0
2021-07-04 05:45,6,0,6,0,0,0
2021-07-04 06:00,5,2,3,0,0,0
2021-07-04 06:15,9,3,6,0,0,0
2021-07-04 06:30,9,1,8,0,0,0
2021-07-04 06:45,3,2,1,0,0,0
2021-07-04 07:00,5,2,3,0,0,0
2021-07-04 07:15,10,4,6,0,0,0
2021-07-04 07:30,13,6,7,0,0,0
2021-07-04 07:45,19,10,9,0,0,0
2021-07-04 08:00,18,9,9,0,0,0
2021-07-04 08:15,14,5,9,0,0,0
2021-07-04 08:30,14,4,10,0,0,0
2021-07-04 08:45,24,10,14,0,0,0
2021-07-04 09:00,25,5,20,0,0,0
2021-07-04 09:15,23,7,16,0,0,0
2021-07-04 09:30,46,17,29,0,0,0
2021-07-04 09:45,38,13,25,0,0,0
2021-07-04 10:00,38,9,29,0,0,0
2021-07-04 10:15,44,13,31,0,0,0
2021-07-04 10:30,43,14,29,0,0,0
2021-07-04 10:45,49,21,28,0,0,0
2021-07-04 11:00,61,27,34,0,0,0
2021-07-04 11:15,44,22,22,0,0,0
2021-07-04 11:30,55,20,35,0,0,0
2021-07-04 11:45,60,31,29,0,0,0
2021-07-04 12:00,61,29,32,0,0,0
2021-07-04 12:15,47,21,26,0,0,0
2021-07-04 12:30,64,29,35,0,0,0
2021-07-04 12:45,62,24,38,0,0,0
2021-07-04 13:00,80,34,46,0,0,0
2021-07-04 13:15,71,38,33,0,0,0
2021-07-04 13:30,71,34,37,0,0,0
2021-07-04 13:45,81,38,43,0,0,0
2021-07-04 14:00,76,39,37,0,0,0
2021-07-04 14:15,93,40,53,0,0,0
2021-07-04 14:30,66,24,42,0,0,0
2021-07-04 14:45,25,8,17,0,0,0
2021-07-04 15:00,53,18,35,0,0,0
2021-07-04 15:15,40,23,17,0,0,0
2021-07-04 15:30,47,11,36,0,0,0
2021-07-04 15:45,37,18,19,0,0,0
2021-07-04 16:00,55,27,28,0,0,0
2021-07-04 16:15,48,18,30,0,0,0
2021-07-04 16:30,54,29,25,0,0,0
2021-07-04 16:45,51,22,29,0,0,0
2021-07-04 17:00,74,31,43,0,0,0
2021-07-04 17:15,70,32,38,0,0,0
2021-07-04 17:30,60,19,41,0,0,0
2021-07-04 17:45,56,15,41,0,0,0
2021-07-04 18:00,59,23,36,0,0,0
2021-07-04 18:15,71,19,52,0,0,0
2021-07-04 18:30,56,20,36,0,0,0
2021-07-04 18:45,54,31,23,0,0,0
2021-07-04 19:00,44,16,28,0,0,0
2021-07-04 19:15,50,21,29,0,0,0
2021-07-04 19:30,59,23,36,0,0,0
2021-07-04 19:45,61,19,42,0,0,0
2021-07-04 20:00,60,26,34,0,0,0
2021-07-04 20:15,57,21,36,0,0,0
2021-07-04 20:30,47,13,34,0,0,0
2021-07-04 20:45,55,20,35,0,0,0
2021-07-04 21:00,53,18,35,0,0,0
2021-07-04 21:15,35,19,16,0,0,0
2021-07-04 21:30,38,15,23,0,0,0
2021-07-04 21:45,34,13,21,0,0,0
2021-07-04 22:00,31,8,23,0,0,0
2021-07-04 22:15,39,15,24,0,0,0
2021-07-04 22:30,26,8,18,0,0,0
2021-07-04 22:45,17,3,14,0,0,0
2021-07-04 23:00,16,3,13,0,0,0
2021-07-04 23:15,21,5,16,0,0,0
2021-07-04 23:30,21,5,16,0,0,0
2021-07-04 23:45,15,3,12,0,0,0
2021-07-05 00:00,13,5,8,0,0,0
2021-07-05 00:15,11,4,7,0,0,0
2021-07-05 00:30,9,4,5,0,0,0
2021-07-05 00:45,3,1,2,0,0,0
2021-07-05 01:00,6,1,5,0,0,0
2021-07-05 01:15,10,2,8,0,0,0
2021-07-05 01:30,3,2,1,0,0,0
2021-07-05 01:45,1,0,1,0,0,0
2021-07-05 02:00,0,0,0,0,0,0
2021-07-05 02:15,0,0,0,0,0,0
2021-07-05 02:30,1,1,0,0,0,0
2021-07-05 02:45,0,0,0,0,0,0
2021-07-05 03:00,2,1,1,0,0,0
2021-07-05 03:15,2,2,0,0,0,0
2021-07-05 03:30,0,0,0,0,0,0
2021-07-05 03:45,1,0,1,0,0,0
2021-07-05 04:00,2,1,1,0,0,0
2021-07-05 04:15,3,2,1,0,0,0
2021-07-05 04:30,1,0,1,0,0,0
2021-07-05 04:45,6,2,4,0,0,0
2021-07-05 05:00,4,2,2,0,0,0
2021-07-05 05:15,12,6,6,0,0,0
2021-07-05 05:30,11,6,5,0,0,0
2021-07-05 05:45,19,10,9,0,0,0
2021-07-05 06:00,22,8,14,0,0,0
2021-07-05 06:15,43,16,27,0,0,0
2021-07-05 06:30,41,25,16,0,0,0
2021-07-05 06:45,82,48,34,0,0,0
2021-07-05 07:00,85,40,45,0,0,0
2021-07-05 07:15,74,38,36,0,0,0
2021-07-05 07:30,124,63,61,0,0,0
2021-07-05 07:45,112,65,47,0,0,0
2021-07-05 08:00,91,48,43,0,0,0
2021-07-05 08:15,94,39,55,0,0,0
2021-07-05 08:30,77,37,40,0,0,0
2021-07-05 08:45,92,33,59,0,0,0
2021-07-05 09:00,67,28,39,0,0,0
2021-07-05 09:15,71,25,46,0,0,0
2021-07-05 09:30,57,23,34,0,0,0
2021-07-05 09:45,106,32,74,0,0,0
2021-07-05 10:00,86,44,42,0,0,0
2021-07-05 10:15,87,35,52,0,0,0
2021-07-05 10:30,59,22,37,0,0,0
2021-07-05 10:45,106,39,67,0,0,0
2021-07-05 11:00,94,37,57,0,0,0
2021-07-05 11:15,98,44,54,0,0,0
2021-07-05 11:30,96,31,65,0,0,0
2021-07-05 11:45,126,61,65,0,0,0
2021-07-05 12:00,99,42,57,0,0,0
2021-07-05 12:15,93,44,49,0,0,0
2021-07-05 12:30,93,42,51,0,0,0
2021-07-05 12:45,109,43,66,0,0,0
2021-07-05 13:00,100,55,45,0,0,0
2021-07-05 13:15,105,44,61,0,0,0
2021-07-05 13:30,110,38,72,0,0,0
2021-07-05 13:45,111,52,59,0,0,0
2021-07-05 14:00,112,56,56,0,0,0
2021-07-05 14:15,93,46,47,0,0,0
2021-07-05 14:30,110,50,60,0,0,0
2021-07-05 14:45,110,49,61,0,0,0
2021-07-05 15:00,124,56,68,0,0,0
2021-07-05 15:15,103,46,57,0,0,0
2021-07-05 15:30,128,60,68,0,0,0
2021-07-05 15:45,130,47,83,0,0,0
2021-07-05 16:00,130,56,74,0,0,0
2021-07-05 16:15,138,58,80,0,0,0
2021-07-05 16:30,158,66,92,0,0,0
2021-07-05 16:45,168,72,96,0,0,0
2021-07-05 17:00,133,59,74,0,0,0
2021-07-05 17:15,124,61,63,0,0,0
2021-07-05 17:30,145,68,77,0,0,0
2021-07-05 17:45,162,84,78,0,0,0
2021-07-05 18:00,137,66,71,0,0,0
2021-07-05 18:15,115,56,59,0,0,0
2021-07-05 18:30,111,54,57,0,0,0
2021-07-05 18:45,107,57,50,0,0,0
2021-07-05 19:00,119,57,62,0,0,0
2021-07-05 19:15,121,66,55,0,0,0
2021-07-05 19:30,111,67,44,0,0,0
2021-07-05 19:45,98,57,41,0,0,0
2021-07-05 20:00,103,44,59,0,0,0
2021-07-05 20:15,78,39,39,0,0,0
2021-07-05 20:30,67,29,38,0,0,0
2021-07-05 20:45,86,29,57,0,0,0
2021-07-05 21:00,52,25,27,0,0,0
2021-07-05 21:15,66,18,48,0,0,0
2021-07-05 21:30,71,35,36,0,0,0
2021-07-05 21:45,74,27,47,0,0,0
2021-07-05 22:00,51,16,35,0,0,0
2021-07-05 22:15,53,21,32,0,0,0
2021-07-05 22:30,42,13,29,0,0,0
2021-07-05 22:45,54,15,39,0,0,0
2021-07-05 23:00,52,10,42,0,0,0
2021-07-05 23:15,31,7,24,0,0,0
2021-07-05 23:30,24,10,14,0,0,0
2021-07-05 23:45,20,8,12,0,0,0
2021-07-06 00:00,18,4,14,0,0,0
2021-07-06 00:15,22,10,12,0,0,0
2021-07-06 00:30,7,2,5,0,0,0
2021-07-06 00:45,10,3,7,0,0,0
2021-07-06 01:00,8,2,6,0,0,0
2021-07-06 01:15,3,2,1,0,0,0
2021-07-06 01:30,6,4,2,0,0,0
2021-07-06 01:45,2,1,1,0,0,0
2021-07-06 02:00,3,2,1,0,0,0
2021-07-06 02:15,3,1,2,0,0,0
2021-07-06 02:30,2,0,2,0,0,0
2021-07-06 02:45,3,1,2,0,0,0
2021-07-06 03:00,1,0,1,0,0,0
2021-07-06 03:15,3,0,3,0,0,0
2021-07-06 03:30,1,0,1,0,0,0
2021-07-06 03:45,2,1,1,0,0,0
2021-07-06 04:00,3,0,3,0,0,0
2021-07-06 04:15,2,1,1,0,0,0
2021-07-06 04:30,0,0,0,0,0,0
2021-07-06 04:45,4,0,4,0,0,0
2021-07-06 05:00,2,1,1,0,0,0
2021-07-06 05:15,9,7,2,0,0,0
2021-07-06 05:30,18,8,10,0,0,0
2021-07-06 05:45,17,10,7,0,0,0
2021-07-06 06:00,26,12,14,0,0,0
2021-07-06 06:15,37,15,22,0,0,0
2021-07-06 06:30,59,24,35,0,0,0
2021-07-06 06:45,69,39,30,0,0,0
2021-07-06 07:00,86,48,38,0,0,0
2021-07-06 07:15,91,52,39,0,0,0
2021-07-06 07:30,108,52,56,0,0,0
2021-07-06 07:45,143,89,54,0,0,0
2021-07-06 08:00,109,54,55,0,0,0
2021-07-06 08:15,110,59,51,0,0,0
2021-07-06 08:30,101,44,57,0,0,0
2021-07-06 08:45,123,59,64,0,0,0
2021-07-06 09:00,91,39,52,0,0,0
2021-07-06 09:15,86,34,52,0,0,0
2021-07-06 09:30,83,25,58,0,0,0
2021-07-06 09:45,63,21,42,0,0,0
2021-07-06 10:00,80,37,43,0,0,0
2021-07-06 10:15,84,35,49,0,0,0
2021-07-06 10:30,84,25,59,0,0,0
2021-07-06 10:45,93,47,46,0,0,0
2021-07-06 11:00,99,33,66,0,0,0
2021-07-06 11:15,62,26,36,0,0,0
2021-07-06 11:30,105,47,58,0,0,0
2021-07-06 11:45,102,42,60,0,0,0
2021-07-06 12:00,108,59,49,0,0,0
2021-07-06 12:15,104,32,72,0,0,0
2021-07-06 12:30,111,50,61,0,0,0
2021-07-06 12:45,115,46,69,0,0,0
2021-07-06 13:00,103,40,63,0,0,0
2021-07-06 13:15,114,56,58,0,0,0
2021-07-06 13:30,110,53,57,0,0,0
2021-07-06 13:45,117,61,56,0,0,0
2021-07-06 14:00,102,46,56,0,0,0
2021-07-06 14:15,133,61,72,0,0,0
2021-07-06 14:30,92,41,51,0,0,0
2021-07-06 14:45,114,48,66,0,0,0
2021-07-06 15:00,111,57,54,0,0,0
2021-07-06 15:15,127,44,83,0,0,0
2021-07-06 15:30,165,83,82,0,0,0
2021-07-06 15:45,156,70,86,0,0,0
2021-07-06 16:00,141,88,53,0,0,0
2021-07-06 16:15,145,65,80,0,0,0
2021-07-06 16:30,152,69,83,0,0,0
2021-07-06 16:45,143,58,85,0,0,0
2021-07-06 17:00,148,69,79,0,0,0
2021-07-06 17:15,147,75,72,0,0,0
2021-07-06 17:30,159,80,79,0,0,0
2021-07-06 17:45,175,97,78,0,0,0
2021-07-06 18:00,152,68,84,0,0,0
2021-07-06 18:15,115,50,65,0,0,0
2021-07-06 18:30,150,79,71,0,0,0
2021-07-06 18:45,140,80,60,0,0,0
2021-07-06 19:00,136,57,79,0,0,0
2021-07-06 19:15,117,66,51,0,0,0
2021-07-06 19:30,110,56,54,0,0,0
2021-07-06 19:45,97,61,36,0,0,0
2021-07-06 20:00,96,58,38,0,0,0
2021-07-06 20:15,87,42,45,0,0,0
2021-07-06 20:30,107,53,54,0,0,0
2021-07-06 20:45,81,33,48,0,0,0
2021-07-06 21:00,69,36,33,0,0,0
2021-07-06 21:15,64,26,38,0,0,0
2021-07-06 21:30,76,27,49,0,0,0
2021-07-06 21:45,57,15,42,0,0,0
2021-07-06 22:00,50,18,32,0,0,0
2021-07-06 22:15,59,20,39,0,0,0
2021-07-06 22:30,43,16,27,0,0,0
2021-07-06 22:45,37,15,22,0,0,0
2021-07-06 23:00,36,15,21,0,0,0
2021-07-06 23:15,37,8,29,0,0,0
2021-07-06 23:30,20,10,10,0,0,0
2021-07-06 23:45,53,14,39,0,0,0
2021-07-07 00:00,49,22,27,0,0,0
2021-07-07 00:15,20,8,12,0,0,0
2021-07-07 00:30,22,7,15,0,0,0
2021-07-07 00:45,13,7,6,0,0,0
2021-07-07 01:00,10,3,7,0,0,0
2021-07-07 01:15,10,5,5,0,0,0
2021-07-07 01:30,10,7,3,0,0,0
2021-07-07 01:45,7,4,3,0,0,0
2021-07-07 02:00,3,1,2,0,0,0
2021-07-07 02:15,3,3,0,0,0,0
2021-07-07 02:30,4,1,3,0,0,0
2021-07-07 02:45,6,2,4,0,0,0
2021-07-07 03:00,4,0,4,0,0,0
2021-07-07 03:15,1,1,0,0,0,0
2021-07-07 03:30,2,2,0,0,0,0
2021-07-07 03:45,1,1,0,0,0,0
2021-07-07 04:00,1,0,1,0,0,0
2021-07-07 04:15,7,3,4,0,0,0
2021-07-07 04:30,1,0,1,0,0,0
2021-07-07 04:45,8,4,4,0,0,0
2021-07-07 05:00,7,3,4,0,0,0
2021-07-07 05:15,14,8,6,0,0,0
2021-07-07 05:30,22,9,13,0,0,0
2021-07-07 05:45,36,15,21,0,0,0
2021-07-07 06:00,24,12,12,0,0,0
2021-07-07 06:15,37,14,23,0,0,0
2021-07-07 06:30,44,17,27,0,0,0
2021-07-07 06:45,72,38,34,0,0,0
2021-07-07 07:00,70,35,35,0,0,0
2021-07-07 07:15,95,42,53,0,0,0
2021-07-07 07:30,112,47,65,0,0,0
2021-07-07 07:45,101,48,53,0,0,0
2021-07-07 08:00,123,65,58,0,0,0
2021-07-07 08:15,142,73,69,0,0,0
2021-07-07 08:30,128,74,54,0,0,0
2021-07-07 08:45,135,62,73,0,0,0
2021-07-07 09:00,102,43,59,0,0,0
2021-07-07 09:15,96,43,53,0,0,0
2021-07-07 09:30,104,45,59,0,0,0
2021-07-07 09:45,96,43,53,0,0,0
2021-07-07 10:00,110,43,67,0,0,0
2021-07-07 10:15,90,44,46,0,0,0
2021-07-07 10:30,94,50,44,0,0,0
2021-07-07 10:45,117,42,75,0,0,0
2021-07-07 11:00,96,37,59,0,0,0
2021-07-07 11:15,118,58,60,0,0,0
2021-07-07 11:30,89,37,52,0,0,0
2021-07-07 11:45,112,49,63,0,0,0
2021-07-07 12:00,138,63,75,0,0,0
2021-07-07 12:15,138,57,81,0,0,0
2021-07-07 12:30,129,57,72,0,0,0
2021-07-07 12:45,140,67,73,0,0,0
2021-07-07 13:00,147,72,75,0,0,0
2021-07-07 13:15,115,51,64,0,0,0
2021-07-07 13:30,126,68,58,0,0,0
2021-07-07 13:45,132,63,69,0,0,0
2021-07-07 14:00,133,66,67,0,0,0
2021-07-07 14:15,132,64,68,0,0,0
2021-07-07 14:30,122,52,70,0,0,0
2021-07-07 14:45,134,72,62,0,0,0
2021-07-07 15:00,159,83,76,0,0,0
2021-07-07 15:15,129,66,63,0,0,0
2021-07-07 15:30,133,66,67,0,0,0
2021-07-07 15:45,165,95,70,0,0,0
2021-07-07 16:00,155,73,82,0,0,0
2021-07-07 16:15,138,65,73,0,0,0
2021-07-07 16:30,200,86,114,0,0,0
2021-07-07 16:45,160,89,71,0,0,0
2021-07-07 17:00,160,92,68,0,0,0
2021-07-07 17:15,171,77,94,0,0,0
2021-07-07 17:30,151,74,77,0,0,0
2021-07-07 17:45,162,76,86,0,0,0
2021-07-07 18:00,204,96,108,0,0,0
2021-07-07 18:15,141,73,68,0,0,0
2021-07-07 18:30,135,54,81,0,0,0
2021-07-07 18:45,169,101,68,0,0,0
2021-07-07 19:00,136,56,80,0,0,0
2021-07-07 19:15,135,76,59,0,0,0
2021-07-07 19:30,88,52,36,0,0,0
2021-07-07 19:45,106,46,60,0,0,0
2021-07-07 20:00,157,75,82,0,0,0
2021-07-07 20:15,96,48,48,0,0,0
2021-07-07 20:30,105,52,53,0,0,0
2021-07-07 20:45,71,31,40,0,0,0
2021-07-07 21:00,99,46,53,0,0,0
2021-07-07 21:15,69,29,40,0,0,0
2021-07-07 21:30,76,41,35,0,0,0
2021-07-07 21:45,94,40,54,0,0,0
2021-07-07 22:00,56,18,38,0,0,0
2021-07-07 22:15,46,22,24,0,0,0
2021-07-07 22:30,59,27,32,0,0,0
2021-07-07 22:45,61,24,37,0,0,0
2021-07-07 23:00,58,19,39,0,0,0
2021-07-07 23:15,41,19,22,0,0,0
2021-07-07 23:30,51,7,44,0,0,0
2021-07-07 23:45,67,12,55,0,0,0
2021-07-08 00:00,62,29,33,0,0,0
2021-07-08 00:15,31,14,17,0,0,0
2021-07-08 00:30,13,8,5,0,0,0
2021-07-08 00:45,14,5,9,0,0,0
2021-07-08 01:00,17,5,12,0,0,0
2021-07-08 01:15,8,2,6,0,0,0
2021-07-08 01:30,17,9,8,0,0,0
2021-07-08 01:45,14,3,11,0,0,0
2021-07-08 02:00,9,0,9,0,0,0
2021-07-08 02:15,12,3,9,0,0,0
2021-07-08 02:30,7,4,3,0,0,0
2021-07-08 02:45,4,3,1,0,0,0
2021-07-08 03:00,3,0,3,0,0,0
2021-07-08 03:15,7,2,5,0,0,0
2021-07-08 03:30,2,2,0,0,0,0
2021-07-08 03:45,5,4,1,0,0,0
2021-07-08 04:00,8,0,8,0,0,0
2021-07-08 04:15,7,5,2,0,0,0
2021-07-08 04:30,8,2,6,0,0,0
2021-07-08 04:45,9,3,6,0,0,0
2021-07-08 05:00,6,3,3,0,0,0
2021-07-08 05:15,6,3,3,0,0,0
2021-07-08 05:30,24,8,16,0,0,0
2021-07-08 05:45,18,15,3,0,0,0
2021-07-08 06:00,21,7,14,0,0,0
2021-07-08 06:15,36,12,24,0,0,0
2021-07-08 06:30,36,12,24,0,0,0
2021-07-08 06:45,69,45,24,0,0,0
2021-07-08 07:00,75,41,34,0,0,0
2021-07-08 07:15,80,40,40,0,0,0
2021-07-08 07:30,100,44,56,0,0,0
2021-07-08 07:45,123,71,52,0,0,0
2021-07-08 08:00,106,48,58,0,0,0
2021-07-08 08:15,122,68,54,0,0,0
2021-07-08 08:30,125,60,65,0,0,0
2021-07-08 08:45,154,61,93,0,0,0
2021-07-08 09:00,103,45,58,0,0,0
2021-07-08 09:15,98,44,54,0,0,0
2021-07-08 09:30,99,43,56,0,0,0
2021-07-08 09:45,107,43,64,0,0,0
2021-07-08 10:00,92,36,56,0,0,0
2021-07-08 10:15,86,38,48,0,0,0
2021-07-08 10:30,89,33,56,0,0,0
2021-07-08 10:45,104,45,59,0,0,0
2021-07-08 11:00,71,30,41,0,0,0
2021-07-08 11:15,97,42,55,0,0,0
2021-07-08 11:30,135,60,75,0,0,0
2021-07-08 11:45,109,43,66,0,0,0
2021-07-08 12:00,124,54,70,0,0,0
2021-07-08 12:15,109,55,54,0,0,0
2021-07-08 12:30,114,53,61,0,0,0
2021-07-08 12:45,158,73,85,0,0,0
2021-07-08 13:00,126,62,64,0,0,0
2021-07-08 13:15,138,63,75,0,0,0
2021-07-08 13:30,136,64,72,0,0,0
2021-07-08 13:45,122,57,65,0,0,0
2021-07-08 14:00,133,59,74,0,0,0
2021-07-08 14:15,153,69,84,0,0,0
2021-07-08 14:30,133,74,59,0,0,0
2021-07-08 14:45,132,56,76,0,0,0
2021-07-08 15:00,118,62,56,0,0,0
2021-07-08 15:15,110,48,62,0,0,0
2021-07-08 15:30,96,37,59,0,0,0
2021-07-08 15:45,162,72,90,0,0,0
2021-07-08 16:00,108,46,62,0,0,0
2021-07-08 16:15,153,75,78,0,0,0
2021-07-08 16:30,113,51,62,0,0,0
2021-07-08 16:45,130,59,71,0,0,0
2021-07-08 17:00,142,61,81,0,0,0
2021-07-08 17:15,132,50,82,0,0,0
2021-07-08 17:30,130,61,69,0,0,0
2021-07-08 17:45,185,115,70,0,0,0
2021-07-08 18:00,138,66,72,0,0,0
2021-07-08 18:15,150,81,69,0,0,0
2021-07-08 18:30,91,50,41,0,0,0
2021-07-08 18:45,123,59,64,0,0,0
2021-07-08 19:00,130,54,76,0,0,0
2021-07-08 19:15,106,50,56,0,0,0
2021-07-08 19:30,116,53,63,0,0,0
2021-07-08 19:45,104,51,53,0,0,0
2021-07-08 20:00,84,33,51,0,0,0
2021-07-08 20:15,77,34,43,0,0,0
2021-07-08 20:30,55,23,32,0,0,0
2021-07-08 20:45,53,17,36,0,0,0
2021-07-08 21:00,63,30,33,0,0,0
2021-07-08 21:15,75,36,39,0,0,0
2021-07-08 21:30,47,18,29,0,0,0
2021-07-08 21:45,63,28,35,0,0,0
2021-07-08 22:00,65,19,46,0,0,0
2021-07-08 22:15,48,18,30,0,0,0
2021-07-08 22:30,50,23,27,0,0,0
2021-07-08 22:45,33,16,17,0,0,0
2021-07-08 23:00,35,12,23,0,0,0
2021-07-08 23:15,40,10,30,0,0,0
2021-07-08 23:30,30,4,26,0,0,0
2021-07-08 23:45,25,11,14,0,0,0
2021-07-09 00:00,14,4,10,0,0,0
2021-07-09 00:15,17,7,10,0,0,0
2021-07-09 00:30,17,1,16,0,0,0
2021-07-09 00:45,8,1,7,0,0,0
2021-07-09 01:00,25,22,3,0,0,0
2021-07-09 01:15,9,3,6,0,0,0
2021-07-09 01:30,3,1,2,0,0,0
2021-07-09 01:45,8,5,3,0,0,0
2021-07-09 02:00,7,0,7,0,0,0
2021-07-09 02:15,11,4,7,0,0,0
2021-07-09 02:30,3,1,2,0,0,0
2021-07-09 02:45,3,3,0,0,0,0
2021-07-09 03:00,0,0,0,0,0,0
2021-07-09 03:15,2,1,1,0,0,0
2021-07-09 03:30,2,0,2,0,0,0
2021-07-09 03:45,7,3,4,0,0,0
2021-07-09 04:00,1,0,1,0,0,0
2021-07-09 04:15,4,2,2,0,0,0
2021-07-09 04:30,9,0,9,0,0,0
2021-07-09 04:45,8,6,2,0,0,0
2021-07-09 05:00,7,1,6,0,0,0
2021-07-09 05:15,4,2,2,0,0,0
2021-07-09 05:30,19,9,10,0,0,0
2021-07-09 05:45,20,11,9,0,0,0
2021-07-09 06:00,20,8,12,0,0,0
2021-07-09 06:15,23,9,14,0,0,0
2021-07-09 06:30,46,20,26,0,0,0
2021-07-09 06:45,66,37,29,0,0,0
2021-07-09 07:00,72,36,36,0,0,0
2021-07-09 07:15,80,51,29,0,0,0
2021-07-09 07:30,92,40,52,0,0,0
2021-07-09 07:45,104,54,50,0,0,0
2021-07-09 08:00,102,61,41,0,0,0
2021-07-09 08:15,107,58,49,0,0,0
2021-07-09 08:30,115,60,55,0,0,0
2021-07-09 08:45,124,51,73,0,0,0
2021-07-09 09:00,91,44,47,0,0,0
2021-07-09 09:15,73,39,34,0,0,0
2021-07-09 09:30,88,29,59,0,0,0
2021-07-09 09:45,90,28,62,0,0,0
2021-07-09 10:00,89,30,59,0,0,0
2021-07-09 10:15,72,42,30,0,0,0
2021-07-09 10:30,69,35,34,0,0,0
2021-07-09 10:45,92,40,52,0,0,0
2021-07-09 11:00,90,53,37,0,0,0
2021-07-09 11:15,103,44,59,0,0,0
2021-07-09 11:30,102,45,57,0,0,0
2021-07-09 11:45,96,40,56,0,0,0
2021-07-09 12:00,113,58,55,0,0,0
2021-07-09 12:15,120,42,78,0,0,0
2021-07-09 12:30,120,46,74,0,0,0
2021-07-09 12:45,140,55,85,0,0,0
2021-07-09 13:00,131,59,72,0,0,0
2021-07-09 13:15,113,49,64,0,0,0
2021-07-09 13:30,116,61,55,0,0,0
2021-07-09 13:45,144,67,77,0,0,0
2021-07-09 14:00,133,47,86,0,0,0
2021-07-09 14:15,132,65,67,0,0,0
2021-07-09 14:30,129,54,75,0,0,0
2021-07-09 14:45,135,72,63,0,0,0
2021-07-09 15:00,128,71,57,0,0,0
2021-07-09 15:15,128,55,73,0,0,0
2021-07-09 15:30,139,66,73,0,0,0
2021-07-09 15:45,133,55,78,0,0,0
2021-07-09 16:00,130,52,78,0,0,0
2021-07-09 16:15,106,48,58,0,0,0
2021-07-09 16:30,119,59,60,0,0,0
2021-07-09 16:45,116,62,54,0,0,0
2021-07-09 17:00,171,73,98,0,0,0
2021-07-09 17:15,131,67,64,0,0,0
2021-07-09 17:30,126,65,61,0,0,0
2021-07-09 17:45,129,65,64,0,0,0
2021-07-09 18:00,141,66,75,0,0,0
2021-07-09 18:15,120,65,55,0,0,0
2021-07-09 18:30,129,84,45,0,0,0
2021-07-09 18:45,123,77,46,0,0,0
2021-07-09 19:00,119,73,46,0,0,0
2021-07-09 19:15,117,62,55,0,0,0
2021-07-09 19:30,144,63,81,0,0,0
2021-07-09 19:45,132,60,72,0,0,0
2021-07-09 20:00,133,68,65,0,0,0
2021-07-09 20:15,110,61,49,0,0,0
2021-07-09 20:30,94,49,45,0,0,0
2021-07-09 20:45,83,45,38,0,0,0
2021-07-09 21:00,87,35,52,0,0,0
2021-07-09 21:15,69,28,41,0,0,0
2021-07-09 21:30,75,35,40,0,0,0
2021-07-09 21:45,102,55,47,0,0,0
2021-07-09 22:00,79,37,42,0,0,0
2021-07-09 22:15,81,39,42,0,0,0
2021-07-09 22:30,76,37,39,0,0,0
2021-07-09 22:45,79,32,47,0,0,0
2021-07-09 23:00,73,35,38,0,0,0
2021-07-09 23:15,62,30,32,0,0,0
2021-07-09 23:30,66,25,41,0,0,0
2021-07-09 23:45,47,19,28,0,0,0
2021-07-10 00:00,39,21,18,0,0,0
2021-07-10 00:15,48,15,33,0,0,0
2021-07-10 00:30,55,25,30,0,0,0
2021-07-10 00:45,82,40,42,0,0,0
2021-07-10 01:00,58,19,39,0,0,0
2021-07-10 01:15,40,8,32,0,0,0
2021-07-10 01:30,37,10,27,0,0,0
2021-07-10 01:45,47,21,26,0,0,0
2021-07-10 02:00,47,10,37,0,0,0
2021-07-10 02:15,38,17,21,0,0,0
2021-07-10 02:30,25,4,21,0,0,0
2021-07-10 02:45,31,12,19,0,0,0
2021-07-10 03:00,41,6,35,0,0,0
2021-07-10 03:15,66,22,44,0,0,0
2021-07-10 03:30,30,7,23,0,0,0
2021-07-10 03:45,22,4,18,0,0,0
2021-07-10 04:00,29,0,29,0,0,0
2021-07-10 04:15,21,1,20,0,0,0
2021-07-10 04:30,23,4,19,0,0,0
2021-07-10 04:45,17,9,8,0,0,0
2021-07-10 05:00,7,1,6,0,0,0
2021-07-10 05:15,22,12,10,0,0,0
2021-07-10 05:30,14,2,12,0,0,0
2021-07-10 05:45,15,4,11,0,0,0
2021-07-10 06:00,14,4,10,0,0,0
2021-07-10 06:15,16,8,8,0,0,0
2021-07-10 06:30,11,7,4,0,0,0
2021-07-10 06:45,13,1,12,0,0,0
2021-07-10 07:00,20,6,14,0,0,0
2021-07-10 07:15,26,13,13,0,0,0
2021-07-10 07:30,31,15,16,0,0,0
2021-07-10 07:45,24,14,10,0,0,0
2021-07-10 08:00,23,8,15,0,0,0
2021-07-10 08:15,32,14,18,0,0,0
2021-07-10 08:30,45,13,32,0,0,0
2021-07-10 08:45,42,14,28,0,0,0
2021-07-10 09:00,58,27,31,0,0,0
2021-07-10 09:15,55,19,36,0,0,0
2021-07-10 09:30,48,16,32,0,0,0
2021-07-10 09:45,96,38,58,0,0,0
2021-07-10 10:00,77,30,47,0,0,0
2021-07-10 10:15,68,23,45,0,0,0
2021-07-10 10:30,62,29,33,0,0,0
2021-07-10 10:45,77,37,40,0,0,0
2021-07-10 11:00,69,28,41,0,0,0
2021-07-10 11:15,77,20,57,0,0,0
2021-07-10 11:30,101,53,48,0,0,0
2021-07-10 11:45,95,33,62,0,0,0
2021-07-10 12:00,103,44,59,0,0,0
2021-07-10 12:15,108,37,71,0,0,0
2021-07-10 12:30,99,41,58,0,0,0
2021-07-10 12:45,103,53,50,0,0,0
2021-07-10 13:00,104,48,56,0,0,0
2021-07-10 13:15,112,57,55,0,0,0
2021-07-10 13:30,106,57,49,0,0,0
2021-07-10 13:45,131,59,72,0,0,0
2021-07-10 14:00,114,66,48,0,0,0
2021-07-10 14:15,121,66,55,0,0,0
2021-07-10 14:30,123,59,64,0,0,0
2021-07-10 14:45,96,41,55,0,0,0
2021-07-10 15:00,128,60,68,0,0,0
2021-07-10 15:15,88,44,44,0,0,0
2021-07-10 15:30,109,52,57,0,0,0
2021-07-10 15:45,83,40,43,0,0,0
2021-07-10 16:00,99,59,40,0,0,0
2021-07-10 16:15,108,52,56,0,0,0
2021-07-10 16:30,81,39,42,0,0,0
2021-07-10 16:45,105,51,54,0,0,0
2021-07-10 17:00,99,53,46,0,0,0
2021-07-10 17:15,101,42,59,0,0,0
2021-07-10 17:30,110,49,61,0,0,0
2021-07-10 17:45,109,58,51,0,0,0
2021-07-10 18:00,141,79,62,0,0,0
2021-07-10 18:15,147,77,70,0,0,0
2021-07-10 18:30,89,44,45,0,0,0
2021-07-10 18:45,125,61,64,0,0,0
2021-07-10 19:00,100,43,57,0,0,0
2021-07-10 19:15,98,45,53,0,0,0
2021-07-10 19:30,121,78,43,0,0,0
2021-07-10 19:45,105,63,42,0,0,0
2021-07-10 20:00,107,51,56,0,0,0
2021-07-10 20:15,103,55,48,0,0,0
2021-07-10 20:30,79,43,36,0,0,0
2021-07-10 20:45,79,38,41,0,0,0
2021-07-10 21:00,91,49,42,0,0,0
2021-07-10 21:15,94,35,59,0,0,0
2021-07-10 21:30,89,29,60,0,0,0
2021-07-10 21:45,78,36,42,0,0,0
2021-07-10 22:00,65,28,37,0,0,0
2021-07-10 22:15,90,42,48,0,0,0
2021-07-10 22:30,86,40,46,0,0,0
2021-07-10 22:45,68,27,41,0,0,0
2021-07-10 23:00,59,30,29,0,0,0
2021-07-10 23:15,61,24,37,0,0,0
2021-07-10 23:30,79,33,46,0,0,0
2021-07-10 23:45,64,25,39,0,0,0
2021-07-11 00:00,66,26,40,0,0,0
2021-07-11 00:15,50,18,32,0,0,0
2021-07-11 00:30,56,19,37,0,0,0
2021-07-11 00:45,32,13,19,0,0,0
2021-07-11 01:00,34,20,14,0,0,0
2021-07-11 01:15,44,15,29,0,0,0
2021-07-11 01:30,44,9,35,0,0,0
2021-07-11 01:45,36,13,23,0,0,0
2021-07-11 02:00,30,16,14,0,0,0
2021-07-11 02:15,32,10,22,0,0,0
2021-07-11 02:30,55,15,40,0,0,0
2021-07-11 02:45,37,12,25,0,0,0
2021-07-11 03:00,35,25,10,0,0,0
2021-07-11 03:15,16,6,10,0,0,0
2021-07-11 03:30,16,1,15,0,0,0
2021-07-11 03:45,20,0,20,0,0,0
2021-07-11 04:00,24,9,15,0,0,0
2021-07-11 04:15,21,5,16,0,0,0
2021-07-11 04:30,16,1,15,0,0,0
2021-07-11 04:45,5,1,4,0,0,0
2021-07-11 05:00,7,2,5,0,0,0
2021-07-11 05:15,6,1,5,0,0,0
2021-07-11 05:30,8,1,7,0,0,0
2021-07-11 05:45,5,2,3,0,0,0
2021-07-11 06:00,3,1,2,0,0,0
2021-07-11 06:15,8,2,6,0,0,0
2021-07-11 06:30,12,6,6,0,0,0
2021-07-11 06:45,14,4,10,0,0,0
2021-07-11 07:00,6,1,5,0,0,0
2021-07-11 07:15,12,0,12,0,0,0
2021-07-11 07:30,11,5,6,0,0,0
2021-07-11 07:45,9,4,5,0,0,0
2021-07-11 08:00,10,3,7,0,0,0
2021-07-11 08:15,17,1,16,0,0,0
2021-07-11 08:30,20,8,12,0,0,0
2021-07-11 08:45,16,10,6,0,0,0
2021-07-11 09:00,26,9,17,0,0,0
2021-07-11 09:15,20,9,11,0,0,0
2021-07-11 09:30,24,9,15,0,0,0
2021-07-11 09:45,37,13,24,0,0,0
2021-07-11 10:00,37,8,29,0,0,0
2021-07-11 10:15,33,14,19,0,0,0
2021-07-11 10:30,17,5,12,0,0,0
2021-07-11 10:45,43,23,20,0,0,0
2021-07-11 11:00,38,12,26,0,0,0
2021-07-11 11:15,54,15,39,0,0,0
2021-07-11 11:30,54,30,24,0,0,0
2021-07-11 11:45,50,31,19,0,0,0
2021-07-11 12:00,51,23,28,0,0,0
2021-07-11 12:15,60,31,29,0,0,0
2021-07-11 12:30,67,31,36,0,0,0
2021-07-11 12:45,56,25,31,0,0,0
2021-07-11 13:00,57,25,32,0,0,0
2021-07-11 13:15,59,16,43,0,0,0
2021-07-11 13:30,57,35,22,0,0,0
2021-07-11 13:45,70,41,29,0,0,0
2021-07-11 14:00,83,36,47,0,0,0
2021-07-11 14:15,84,46,38,0,0,0
2021-07-11 14:30,99,35,64,0,0,0
2021-07-11 14:45,84,31,53,0,0,0
2021-07-11 15:00,75,31,44,0,0,0
2021-07-11 15:15,85,32,53,0,0,0
2021-07-11 15:30,64,38,26,0,0,0
2021-07-11 15:45,89,39,50,0,0,0
2021-07-11 16:00,89,37,52,0,0,0
2021-07-11 16:15,91,54,37,0,0,0
2021-07-11 16:30,77,39,38,0,0,0
2021-07-11 16:45,98,32,66,0,0,0
2021-07-11 17:00,68,37,31,0,0,0
2021-07-11 17:15,101,53,48,0,0,0
2021-07-11 17:30,83,32,51,0,0,0
2021-07-11 17:45,64,31,33,0,0,0
2021-07-11 18:00,87,42,45,0,0,0
2021-07-11 18:15,80,38,42,0,0,0
2021-07-11 18:30,81,39,42,0,0,0
2021-07-11 18:45,68,20,48,0,0,0
2021-07-11 19:00,71,26,45,0,0,0
2021-07-11 19:15,82,34,48,0,0,0
2021-07-11 19:30,106,55,51,0,0,0
2021-07-11 19:45,92,46,46,0,0,0
2021-07-11 20:00,82,35,47,0,0,0
2021-07-11 20:15,86,41,45,0,0,0
2021-07-11 20:30,79,36,43,0,0,0
2021-07-11 20:45,78,38,40,0,0,0
2021-07-11 21:00,45,16,29,0,0,0
2021-07-11 21:15,54,28,26,0,0,0
2021-07-11 21:30,42,14,28,0,0,0
2021-07-11 21:45,24,8,16,0,0,0
2021-07-11 22:00,39,11,28,0,0,0
2021-07-11 22:15,28,10,18,0,0,0
2021-07-11 22:30,28,5,23,0,0,0
2021-07-11 22:45,31,7,24,0,0,0
2021-07-11 23:00,31,12,19,0,0,0
2021-07-11 23:15,19,7,12,0,0,0
2021-07-11 23:30,14,5,9,0,0,0
2021-07-11 23:45,11,3,8,0,0,0
2021-07-12 00:00,82,17,65,0,0,0
2021-07-12 00:15,59,20,39,0,0,0
2021-07-12 00:30,45,19,26,0,0,0
2021-07-12 00:45,14,8,6,0,0,0
2021-07-12 01:00,14,7,7,0,0,0
2021-07-12 01:15,18,11,7,0,0,0
2021-07-12 01:30,12,6,6,0,0,0
2021-07-12 01:45,10,6,4,0,0,0
2021-07-12 02:00,2,1,1,0,0,0
2021-07-12 02:15,1,1,0,0,0,0
2021-07-12 02:30,2,1,1,0,0,0
2021-07-12 02:45,3,2,1,0,0,0
2021-07-12 03:00,2,0,2,0,0,0
2021-07-12 03:15,0,0,0,0,0,0
2021-07-12 03:30,0,0,0,0,0,0
2021-07-12 03:45,2,0,2,0,0,0
2021-07-12 04:00,1,0,1,0,0,0
2021-07-12 04:15,6,4,2,0,0,0
2021-07-12 04:30,3,1,2,0,0,0
2021-07-12 04:45,9,3,6,0,0,0
2021-07-12 05:00,2,2,0,0,0,0
2021-07-12 05:15,5,2,3,0,0,0
2021-07-12 05:30,24,4,20,0,0,0
2021-07-12 05:45,19,9,10,0,0,0
2021-07-12 06:00,25,9,16,0,0,0
2021-07-12 06:15,26,14,12,0,0,0
2021-07-12 06:30,47,24,23,0,0,0
2021-07-12 06:45,79,43,36,0,0,0
2021-07-12 07:00,70,28,42,0,0,0
2021-07-12 07:15,100,61,39,0,0,0
2021-07-12 07:30,97,40,57,0,0,0
2021-07-12 07:45,122,66,56,0,0,0
2021-07-12 08:00,101,59,42,0,0,0
2021-07-12 08:15,106,55,51,0,0,0
2021-07-12 08:30,105,55,50,0,0,0
2021-07-12 08:45,123,64,59,0,0,0
2021-07-12 09:00,100,40,60,0,0,0
2021-07-12 09:15,103,42,61,0,0,0
2021-07-12 09:30,90,32,58,0,0,0
2021-07-12 09:45,98,38,60,0,0,0
2021-07-12 10:00,102,35,67,0,0,0
2021-07-12 10:15,99,46,53,0,0,0
2021-07-12 10:30,78,31,47,0,0,0
2021-07-12 10:45,93,41,52,0,0,0
2021-07-12 11:00,97,34,63,0,0,0
2021-07-12 11:15,99,47,52,0,0,0
2021-07-12 11:30,97,38,59,0,0,0
2021-07-12 11:45,118,57,61,0,0,0
2021-07-12 12:00,94,48,46,0,0,0
2021-07-12 12:15,100,52,48,0,0,0
2021-07-12 12:30,124,63,61,0,0,0
2021-07-12 12:45,115,47,68,0,0,0
2021-07-12 13:00,117,59,58,0,0,0
2021-07-12 13:15,107,45,62,0,0,0
2021-07-12 13:30,142,69,73,0,0,0
2021-07-12 13:45,121,51,70,0,0,0
2021-07-12 14:00,97,50,47,0,0,0
2021-07-12 14:15,129,56,73,0,0,0
2021-07-12 14:30,126,66,60,0,0,0
2021-07-12 14:45,133,61,72,0,0,0
2021-07-12 15:00,138,58,80,0,0,0
2021-07-12 15:15,145,73,72,0,0,0
2021-07-12 15:30,146,76,70,0,0,0
2021-07-12 15:45,115,58,57,0,0,0
2021-07-12 16:00,149,85,64,0,0,0
2021-07-12 16:15,159,81,78,0,0,0
2021-07-12 16:30,162,74,88,0,0,0
2021-07-12 16:45,154,88,66,0,0,0
2021-07-12 17:00,146,65,81,0,0,0
2021-07-12 17:15,188,98,90,0,0,0
2021-07-12 17:30,160,83,77,0,0,0
2021-07-12 17:45,169,85,84,0,0,0
2021-07-12 18:00,158,83,75,0,0,0
2021-07-12 18:15,134,69,65,0,0,0
2021-07-12 18:30,118,51,67,0,0,0
2021-07-12 18:45,132,74,58,0,0,0
2021-07-12 19:00,126,70,56,0,0,0
2021-07-12 19:15,133,64,69,0,0,0
2021-07-12 19:30,104,61,43,0,0,0
2021-07-12 19:45,103,45,58,0,0,0
2021-07-12 20:00,116,51,65,0,0,0
2021-07-12 20:15,86,40,46,0,0,0
2021-07-12 20:30,77,30,47,0,0,0
2021-07-12 20:45,74,36,38,0,0,0
2021-07-12 21:00,63,20,43,0,0,0
2021-07-12 21:15,55,16,39,0,0,0
2021-07-12 21:30,38,14,24,0,0,0
2021-07-12 21:45,51,16,35,0,0,0
2021-07-12 22:00,72,26,46,0,0,0
2021-07-12 22:15,63,21,42,0,0,0
2021-07-12 22:30,49,16,33,0,0,0
2021-07-12 22:45,72,14,58,0,0,0
2021-07-12 23:00,51,8,43,0,0,0
2021-07-12 23:15,23,9,14,0,0,0
2021-07-12 23:30,33,4,29,0,0,0
2021-07-12 23:45,21,14,7,0,0,0
2021-07-13 00:00,14,3,11,0,0,0
2021-07-13 00:15,14,7,7,0,0,0
2021-07-13 00:30,8,2,6,0,0,0
2021-07-13 00:45,8,2,6,0,0,0
2021-07-13 01:00,11,4,7,0,0,0
2021-07-13 01:15,21,9,12,0,0,0
2021-07-13 01:30,6,3,3,0,0,0
2021-07-13 01:45,12,6,6,0,0,0
2021-07-13 02:00,1,1,0,0,0,0
2021-07-13 02:15,5,0,5,0,0,0
2021-07-13 02:30,2,0,2,0,0,0
2021-07-13 02:45,5,0,5,0,0,0
2021-07-13 03:00,3,0,3,0,0,0
2021-07-13 03:15,2,2,0,0,0,0
2021-07-13 03:30,0,0,0,0,0,0
2021-07-13 03:45,0,0,0,0,0,0
2021-07-13 04:00,4,0,4,0,0,0
2021-07-13 04:15,4,2,2,0,0,0
2021-07-13 04:30,2,0,2,0,0,0
2021-07-13 04:45,4,3,1,0,0,0
2021-07-13 05:00,7,4,3,0,0,0
2021-07-13 05:15,10,8,2,0,0,0
2021-07-13 05:30,23,8,15,0,0,0
2021-07-13 05:45,15,7,8,0,0,0
2021-07-13 06:00,17,7,10,0,0,0
2021-07-13 06:15,34,13,21,0,0,0
2021-07-13 06:30,51,20,31,0,0,0
2021-07-13 06:45,66,38,28,0,0,0
2021-07-13 07:00,68,35,33,0,0,0
2021-07-13 07:15,62,31,31,0,0,0
2021-07-13 07:30,91,42,49,0,0,0
2021-07-13 07:45,120,61,59,0,0,0
2021-07-13 08:00,99,60,39,0,0,0
2021-07-13 08:15,103,49,54,0,0,0
2021-07-13 08:30,82,38,44,0,0,0
2021-07-13 08:45,115,46,69,0,0,0
2021-07-13 09:00,82,33,49,0,0,0
2021-07-13 09:15,73,22,51,0,0,0
2021-07-13 09:30,75,27,48,0,0,0
2021-07-13 09:45,72,24,48,0,0,0
2021-07-13 10:00,58,24,34,0,0,0
2021-07-13 10:15,52,21,31,0,0,0
2021-07-13 10:30,69,30,39,0,0,0
2021-07-13 10:45,74,32,42,0,0,0
2021-07-13 11:00,65,14,51,0,0,0
2021-07-13 11:15,67,18,49,0,0,0
2021-07-13 11:30,100,32,68,0,0,0
2021-07-13 11:45,108,38,70,0,0,0
2021-07-13 12:00,95,49,46,0,0,0
2021-07-13 12:15,101,45,56,0,0,0
2021-07-13 12:30,100,42,58,0,0,0
2021-07-13 12:45,93,37,56,0,0,0
2021-07-13 13:00,105,49,56,0,0,0
2021-07-13 13:15,101,38,63,0,0,0
2021-07-13 13:30,84,38,46,0,0,0
2021-07-13 13:45,116,59,57,0,0,0
2021-07-13 14:00,101,41,60,0,0,0
2021-07-13 14:15,102,48,54,0,0,0
2021-07-13 14:30,111,50,61,0,0,0
2021-07-13 14:45,93,34,59,0,0,0
2021-07-13 15:00,114,52,62,0,0,0
2021-07-13 15:15,97,46,51,0,0,0
2021-07-13 15:30,97,42,55,0,0,0
2021-07-13 15:45,144,65,79,0,0,0
2021-07-13 16:00,111,59,52,0,0,0
2021-07-13 16:15,148,65,83,0,0,0
2021-07-13 16:30,121,54,67,0,0,0
2021-07-13 16:45,135,63,72,0,0,0
2021-07-13 17:00,166,68,98,0,0,0
2021-07-13 17:15,162,64,98,0,0,0
2021-07-13 17:30,128,54,74,0,0,0
2021-07-13 17:45,159,70,89,0,0,0
2021-07-13 18:00,132,57,75,0,0,0
2021-07-13 18:15,131,71,60,0,0,0
2021-07-13 18:30,117,59,58,0,0,0
2021-07-13 18:45,126,56,70,0,0,0
2021-07-13 19:00,109,47,62,0,0,0
2021-07-13 19:15,113,56,57,0,0,0
2021-07-13 19:30,103,56,47,0,0,0
2021-07-13 19:45,83,41,42,0,0,0
2021-07-13 20:00,83,33,50,0,0,0
2021-07-13 20:15,85,42,43,0,0,0
2021-07-13 20:30,58,25,33,0,0,0
2021-07-13 20:45,67,33,34,0,0,0
2021-07-13 21:00,65,21,44,0,0,0
2021-07-13 21:15,86,29,57,0,0,0
2021-07-13 21:30,45,20,25,0,0,0
2021-07-13 21:45,46,18,28,0,0,0
2021-07-13 22:00,53,20,33,0,0,0
2021-07-13 22:15,45,16,29,0,0,0
2021-07-13 22:30,68,18,50,0,0,0
2021-07-13 22:45,24,8,16,0,0,0
2021-07-13 23:00,37,17,20,0,0,0
2021-07-13 23:15,27,7,20,0,0,0
2021-07-13 23:30,20,4,16,0,0,0
2021-07-13 23:45,19,8,11,0,0,0
2021-07-14 00:00,25,15,10,0,0,0
2021-07-14 00:15,22,8,14,0,0,0
2021-07-14 00:30,18,3,15,0,0,0
2021-07-14 00:45,9,3,6,0,0,0
2021-07-14 01:00,9,4,5,0,0,0
2021-07-14 01:15,11,2,9,0,0,0
2021-07-14 01:30,1,0,1,0,0,0
2021-07-14 01:45,5,1,4,0,0,0
2021-07-14 02:00,7,1,6,0,0,0
2021-07-14 02:15,1,0,1,0,0,0
2021-07-14 02:30,3,1,2,0,0,0
2021-07-14 02:45,4,3,1,0,0,0
2021-07-14 03:00,0,0,0,0,0,0
2021-07-14 03:15,0,0,0,0,0,0
2021-07-14 03:30,3,1,2,0,0,0
2021-07-14 03:45,0,0,0,0,0,0
2021-07-14 04:00,1,1,0,0,0,0
2021-07-14 04:15,7,7,0,0,0,0
2021-07-14 04:30,7,2,5,0,0,0
2021-07-14 04:45,5,0,5,0,0,0
2021-07-14 05:00,11,2,9,0,0,0
2021-07-14 05:15,5,4,1,0,0,0
2021-07-14 05:30,22,13,9,0,0,0
2021-07-14 05:45,19,9,10,0,0,0
2021-07-14 06:00,16,8,8,0,0,0
2021-07-14 06:15,35,12,23,0,0,0
2021-07-14 06:30,33,8,25,0,0,0
2021-07-14 06:45,57,28,29,0,0,0
2021-07-14 07:00,54,17,37,0,0,0
2021-07-14 07:15,77,35,42,0,0,0
2021-07-14 07:30,79,36,43,0,0,0
2021-07-14 07:45,97,52,45,0,0,0
2021-07-14 08:00,91,53,38,0,0,0
2021-07-14 08:15,97,51,46,0,0,0
2021-07-14 08:30,106,46,60,0,0,0
2021-07-14 08:45,129,49,80,0,0,0
2021-07-14 09:00,83,27,56,0,0,0
2021-07-14 09:15,60,21,39,0,0,0
2021-07-14 09:30,58,22,36,0,0,0
2021-07-14 09:45,80,32,48,0,0,0
2021-07-14 10:00,61,26,35,0,0,0
2021-07-14 10:15,66,29,37,0,0,0
2021-07-14 10:30,63,20,43,0,0,0
2021-07-14 10:45,73,22,51,0,0,0
2021-07-14 11:00,75,29,46,0,0,0
2021-07-14 11:15,65,27,38,0,0,0
2021-07-14 11:30,67,26,41,0,0,0
2021-07-14 11:45,98,32,66,0,0,0
2021-07-14 12:00,94,44,50,0,0,0
2021-07-14 12:15,87,29,58,0,0,0
2021-07-14 12:30,86,33,53,0,0,0
2021-07-14 12:45,107,45,62,0,0,0
2021-07-14 13:00,107,42,65,0,0,0
2021-07-14 13:15,83,42,41,0,0,0
2021-07-14 13:30,85,45,40,0,0,0
2021-07-14 13:45,79,27,52,0,0,0
2021-07-14 14:00,90,37,53,0,0,0
2021-07-14 14:15,83,39,44,0,0,0
2021-07-14 14:30,70,27,43,0,0,0
2021-07-14 14:45,101,53,48,0,0,0
2021-07-14 15:00,78,35,43,0,0,0
2021-07-14 15:15,85,42,43,0,0,0
2021-07-14 15:30,88,42,46,0,0,0
2021-07-14 15:45,79,33,46,0,0,0
2021-07-14 16:00,86,40,46,0,0,0
2021-07-14 16:15,66,26,40,0,0,0
2021-07-14 16:30,74,35,39,0,0,0
2021-07-14 16:45,107,48,59,0,0,0
2021-07-14 17:00,133,59,74,0,0,0
2021-07-14 17:15,85,27,58,0,0,0
2021-07-14 17:30,121,54,67,0,0,0
2021-07-14 17:45,99,54,45,0,0,0
2021-07-14 18:00,51,19,32,0,0,0
2021-07-14 18:15,85,35,50,0,0,0
2021-07-14 18:30,66,21,45,0,0,0
2021-07-14 18:45,75,29,46,0,0,0
2021-07-14 19:00,75,27,48,0,0,0
2021-07-14 19:15,62,28,34,0,0,0
2021-07-14 19:30,53,22,31,0,0,0
2021-07-14 19:45,79,34,45,0,0,0
2021-07-14 20:00,86,42,44,0,0,0
2021-07-14 20:15,53,23,30,0,0,0
2021-07-14 20:30,53,16,37,0,0,0
2021-07-14 20:45,64,30,34,0,0,0
2021-07-14 21:00,36,15,21,0,0,0
2021-07-14 21:15,41,20,21,0,0,0
2021-07-14 21:30,43,22,21,0,0,0
2021-07-14 21:45,46,23,23,0,0,0
2021-07-14 22:00,41,23,18,0,0,0
2021-07-14 22:15,31,18,13,0,0,0
2021-07-14 22:30,32,13,19,0,0,0
2021-07-14 22:45,35,11,24,0,0,0
2021-07-14 23:00,34,13,21,0,0,0
2021-07-14 23:15,39,19,20,0,0,0
2021-07-14 23:30,17,5,12,0,0,0
2021-07-14 23:45,15,4,11,0,0,0
2021-07-15 00:00,22,12,10,0,0,0
2021-07-15 00:15,13,3,10,0,0,0
2021-07-15 00:30,11,6,5,0,0,0
2021-07-15 00:45,17,4,13,0,0,0
2021-07-15 01:00,8,6,2,0,0,0
2021-07-15 01:15,13,6,7,0,0,0
2021-07-15 01:30,7,2,5,0,0,0
2021-07-15 01:45,4,2,2,0,0,0
2021-07-15 02:00,1,0,1,0,0,0
2021-07-15 02:15,2,2,0,0,0,0
2021-07-15 02:30,14,3,11,0,0,0
2021-07-15 02:45,10,3,7,0,0,0
2021-07-15 03:00,6,1,5,0,0,0
2021-07-15 03:15,3,0,3,0,0,0
2021-07-15 03:30,4,4,0,0,0,0
2021-07-15 03:45,5,0,5,0,0,0
2021-07-15 04:00,2,1,1,0,0,0
2021-07-15 04:15,8,5,3,0,0,0
2021-07-15 04:30,6,0,6,0,0,0
2021-07-15 04:45,5,2,3,0,0,0
2021-07-15 05:00,1,1,0,0,0,0
2021-07-15 05:15,12,7,5,0,0,0
2021-07-15 05:30,18,9,9,0,0,0
2021-07-15 05:45,16,10,6,0,0,0
2021-07-15 06:00,31,10,21,0,0,0
2021-07-15 06:15,28,8,20,0,0,0
2021-07-15 06:30,31,14,17,0,0,0
2021-07-15 06:45,60,34,26,0,0,0
2021-07-15 07:00,68,35,33,0,0,0
2021-07-15 07:15,79,44,35,0,0,0
2021-07-15 07:30,87,46,41,0,0,0
2021-07-15 07:45,95,58,37,0,0,0
2021-07-15 08:00,101,42,59,0,0,0
2021-07-15 08:15,117,58,59,0,0,0
2021-07-15 08:30,91,51,40,0,0,0
2021-07-15 08:45,124,55,69,0,0,0
2021-07-15 09:00,103,52,51,0,0,0
2021-07-15 09:15,85,41,44,0,0,0
2021-07-15 09:30,92,33,59,0,0,0
2021-07-15 09:45,91,38,53,0,0,0
2021-07-15 10:00,90,35,55,0,0,0
2021-07-15 10:15,83,31,52,0,0,0
2021-07-15 10:30,70,34,36,0,0,0
2021-07-15 10:45,84,40,44,0,0,0
2021-07-15 11:00,81,37,44,0,0,0
2021-07-15 11:15,71,30,41,0,0,0
2021-07-15 11:30,80,40,40,0,0,0
2021-07-15 11:45,110,63,47,0,0,0
2021-07-15 12:00,110,47,63,0,0,0
2021-07-15 12:15,128,42,86,0,0,0
2021-07-15 12:30,99,44,55,0,0,0
2021-07-15 12:45,117,58,59,0,0,0
2021-07-15 13:00,121,64,57,0,0,0
2021-07-15 13:15,115,51,64,0,0,0
2021-07-15 13:30,111,57,54,0,0,0
2021-07-15 13:45,131,72,59,0,0,0
2021-07-15 14:00,114,53,61,0,0,0
2021-07-15 14:15,94,42,52,0,0,0
2021-07-15 14:30,87,36,51,0,0,0
2021-07-15 14:45,117,56,61,0,0,0
2021-07-15 15:00,127,55,72,0,0,0
2021-07-15 15:15,115,55,60,0,0,0
2021-07-15 15:30,125,49,76,0,0,0
2021-07-15 15:45,141,68,73,0,0,0
2021-07-15 16:00,135,62,73,0,0,0
2021-07-15 16:15,149,73,76,0,0,0
2021-07-15 16:30,151,73,78,0,0,0
2021-07-15 16:45,122,62,60,0,0,0
2021-07-15 17:00,145,56,89,0,0,0
2021-07-15 17:15,153,69,84,0,0,0
2021-07-15 17:30,138,83,55,0,0,0
2021-07-15 17:45,128,67,61,0,0,0
2021-07-15 18:00,149,80,69,0,0,0
2021-07-15 18:15,167,77,90,0,0,0
2021-07-15 18:30,116,54,62,0,0,0
2021-07-15 18:45,155,103,52,0,0,0
2021-07-15 19:00,124,65,59,0,0,0
2021-07-15 19:15,108,50,58,0,0,0
2021-07-15 19:30,103,59,44,0,0,0
2021-07-15 19:45,101,56,45,0,0,0
2021-07-15 20:00,94,45,49,0,0,0
2021-07-15 20:15,82,37,45,0,0,0
2021-07-15 20:30,78,33,45,0,0,0
2021-07-15 20:45,75,39,36,0,0,0
2021-07-15 21:00,69,38,31,0,0,0
2021-07-15 21:15,66,36,30,0,0,0
2021-07-15 21:30,62,31,31,0,0,0
2021-07-15 21:45,62,26,36,0,0,0
2021-07-15 22:00,54,27,27,0,0,0
2021-07-15 22:15,55,20,35,0,0,0
2021-07-15 22:30,50,11,39,0,0,0
2021-07-15 22:45,36,14,22,0,0,0
2021-07-15 23:00,55,24,31,0,0,0
2021-07-15 23:15,59,18,41,0,0,0
2021-07-15 23:30,30,9,21,0,0,0
2021-07-15 23:45,18,4,14,0,0,0
2021-07-16 00:00,24,10,14,0,0,0
2021-07-16 00:15,43,4,39,0,0,0
2021-07-16 00:30,19,5,14,0,0,0
2021-07-16 00:45,11,4,7,0,0,0
2021-07-16 01:00,18,8,10,0,0,0
2021-07-16 01:15,13,3,10,0,0,0
2021-07-16 01:30,6,2,4,0,0,0
2021-07-16 01:45,11,3,8,0,0,0
2021-07-16 02:00,9,7,2,0,0,0
2021-07-16 02:15,4,2,2,0,0,0
2021-07-16 02:30,3,1,2,0,0,0
2021-07-16 02:45,3,1,2,0,0,0
2021-07-16 03:00,2,1,1,0,0,0
2021-07-16 03:15,6,1,5,0,0,0
2021-07-16 03:30,4,4,0,0,0,0
2021-07-16 03:45,5,2,3,0,0,0
2021-07-16 04:00,0,0,0,0,0,0
2021-07-16 04:15,1,0,1,0,0,0
2021-07-16 04:30,8,1,7,0,0,0
2021-07-16 04:45,8,4,4,0,0,0
2021-07-16 05:00,7,4,3,0,0,0
2021-07-16 05:15,9,5,4,0,0,0
2021-07-16 05:30,20,11,9,0,0,0
2021-07-16 05:45,15,11,4,0,0,0
2021-07-16 06:00,19,4,15,0,0,0
2021-07-16 06:15,31,12,19,0,0,0
2021-07-16 06:30,39,14,25,0,0,0
2021-07-16 06:45,59,35,24,0,0,0
2021-07-16 07:00,63,35,28,0,0,0
2021-07-16 07:15,79,40,39,0,0,0
2021-07-16 07:30,72,37,35,0,0,0
2021-07-16 07:45,109,54,55,0,0,0
2021-07-16 08:00,87,51,36,0,0,0
2021-07-16 08:15,81,41,40,0,0,0
2021-07-16 08:30,96,55,41,0,0,0
2021-07-16 08:45,105,51,54,0,0,0
2021-07-16 09:00,107,50,57,0,0,0
2021-07-16 09:15,88,36,52,0,0,0
2021-07-16 09:30,80,35,45,0,0,0
2021-07-16 09:45,97,43,54,0,0,0
2021-07-16 10:00,68,32,36,0,0,0
2021-07-16 10:15,89,43,46,0,0,0
2021-07-16 10:30,93,42,51,0,0,0
2021-07-16 10:45,96,46,50,0,0,0
2021-07-16 11:00,94,32,62,0,0,0
2021-07-16 11:15,83,30,53,0,0,0
2021-07-16 11:30,87,47,40,0,0,0
2021-07-16 11:45,104,52,52,0,0,0
2021-07-16 12:00,106,50,56,0,0,0
2021-07-16 12:15,98,51,47,0,0,0
2021-07-16 12:30,106,38,68,0,0,0
2021-07-16 12:45,113,55,58,0,0,0
2021-07-16 13:00,121,43,78,0,0,0
2021-07-16 13:15,107,56,51,0,0,0
2021-07-16 13:30,99,52,47,0,0,0
2021-07-16 13:45,143,66,77,0,0,0
2021-07-16 14:00,137,64,73,0,0,0
2021-07-16 14:15,139,69,70,0,0,0
2021-07-16 14:30,93,38,55,0,0,0
2021-07-16 14:45,113,56,57,0,0,0
2021-07-16 15:00,122,64,58,0,0,0
2021-07-16 15:15,88,46,42,0,0,0
2021-07-16 15:30,118,59,59,0,0,0
2021-07-16 15:45,134,73,61,0,0,0
2021-07-16 16:00,101,55,46,0,0,0
2021-07-16 16:15,115,63,52,0,0,0
2021-07-16 16:30,124,69,55,0,0,0
2021-07-16 16:45,122,56,66,0,0,0
2021-07-16 17:00,96,43,53,0,0,0
2021-07-16 17:15,132,76,56,0,0,0
2021-07-16 17:30,106,46,60,0,0,0
2021-07-16 17:45,132,64,68,0,0,0
2021-07-16 18:00,115,53,62,0,0,0
2021-07-16 18:15,147,87,60,0,0,0
2021-07-16 18:30,111,60,51,0,0,0
2021-07-16 18:45,128,67,61,0,0,0
2021-07-16 19:00,104,64,40,0,0,0
2021-07-16 19:15,92,49,43,0,0,0
2021-07-16 19:30,97,33,64,0,0,0
2021-07-16 19:45,117,65,52,0,0,0
2021-07-16 20:00,112,63,49,0,0,0
2021-07-16 20:15,99,59,40,0,0,0
2021-07-16 20:30,86,48,38,0,0,0
2021-07-16 20:45,82,40,42,0,0,0
2021-07-16 21:00,79,42,37,0,0,0
2021-07-16 21:15,74,32,42,0,0,0
2021-07-16 21:30,56,30,26,0,0,0
2021-07-16 21:45,83,36,47,0,0,0
2021-07-16 22:00,66,23,43,0,0,0
2021-07-16 22:15,65,28,37,0,0,0
2021-07-16 22:30,53,26,27,0,0,0
2021-07-16 22:45,63,24,39,0,0,0
2021-07-16 23:00,56,17,39,0,0,0
2021-07-16 23:15,59,26,33,0,0,0
2021-07-16 23:30,57,25,32,0,0,0
2021-07-16 23:45,58,20,38,0,0,0
2021-07-17 00:00,52,19,33,0,0,0
2021-07-17 00:15,70,21,49,0,0,0
2021-07-17 00:30,49,18,31,0,0,0
2021-07-17 00:45,29,5,24,0,0,0
2021-07-17 01:00,29,10,19,0,0,0
2021-07-17 01:15,35,17,18,0,0,0
2021-07-17 01:30,35,10,25,0,0,0
2021-07-17 01:45,34,9,25,0,0,0
2021-07-17 02:00,24,5,19,0,0,0
2021-07-17 02:15,25,6,19,0,0,0
2021-07-17 02:30,27,4,23,0,0,0
2021-07-17 02:45,32,10,22,0,0,0
2021-07-17 03:00,18,4,14,0,0,0
2021-07-17 03:15,16,8,8,0,0,0
2021-07-17 03:30,26,6,20,0,0,0
2021-07-17 03:45,26,7,19,0,0,0
2021-07-17 04:00,17,5,12,0,0,0
2021-07-17 04:15,19,5,14,0,0,0
2021-07-17 04:30,14,2,12,0,0,0
2021-07-17 04:45,12,8,4,0,0,0
2021-07-17 05:00,8,1,7,0,0,0
2021-07-17 05:15,10,2,8,0,0,0
2021-07-17 05:30,14,3,11,0,0,0
2021-07-17 05:45,21,5,16,0,0,0
2021-07-17 06:00,15,5,10,0,0,0
2021-07-17 06:15,9,3,6,0,0,0
2021-07-17 06:30,13,3,10,0,0,0
2021-07-17 06:45,16,6,10,0,0,0
2021-07-17 07:00,12,5,7,0,0,0
2021-07-17 07:15,31,18,13,0,0,0
2021-07-17 07:30,21,14,7,0,0,0
2021-07-17 07:45,25,8,17,0,0,0
2021-07-17 08:00,23,11,12,0,0,0
2021-07-17 08:15,25,10,15,0,0,0
2021-07-17 08:30,32,13,19,0,0,0
2021-07-17 08:45,28,11,17,0,0,0
2021-07-17 09:00,44,14,30,0,0,0
2021-07-17 09:15,54,21,33,0,0,0
2021-07-17 09:30,43,17,26,0,0,0
2021-07-17 09:45,63,18,45,0,0,0
2021-07-17 10:00,58,28,30,0,0,0
2021-07-17 10:15,69,22,47,0,0,0
2021-07-17 10:30,65,20,45,0,0,0
2021-07-17 10:45,81,34,47,0,0,0
2021-07-17 11:00,72,31,41,0,0,0
2021-07-17 11:15,65,24,41,0,0,0
2021-07-17 11:30,52,18,34,0,0,0
2021-07-17 11:45,78,41,37,0,0,0
2021-07-17 12:00,71,35,36,0,0,0
2021-07-17 12:15,84,42,42,0,0,0
2021-07-17 12:30,84,38,46,0,0,0
2021-07-17 12:45,89,47,42,0,0,0
2021-07-17 13:00,94,44,50,0,0,0
2021-07-17 13:15,91,58,33,0,0,0
2021-07-17 13:30,101,61,40,0,0,0
2021-07-17 13:45,88,43,45,0,0,0
2021-07-17 14:00,96,54,42,0,0,0
2021-07-17 14:15,109,51,58,0,0,0
2021-07-17 14:30,101,57,44,0,0,0
2021-07-17 14:45,96,55,41,0,0,0
2021-07-17 15:00,117,63,54,0,0,0
2021-07-17 15:15,104,64,40,0,0,0
2021-07-17 15:30,114,50,64,0,0,0
2021-07-17 15:45,107,72,35,0,0,0
2021-07-17 16:00,86,57,29,0,0,0
2021-07-17 16:15,108,66,42,0,0,0
2021-07-17 16:30,97,53,44,0,0,0
2021-07-17 16:45,108,39,69,0,0,0
2021-07-17 17:00,101,45,56,0,0,0
2021-07-17 17:15,108,70,38,0,0,0
2021-07-17 17:30,123,74,49,0,0,0
2021-07-17 17:45,166,107,59,0,0,0
2021-07-17 18:00,140,79,61,0,0,0
2021-07-17 18:15,93,46,47,0,0,0
2021-07-17 18:30,119,65,54,0,0,0
2021-07-17 18:45,123,53,70,0,0,0
2021-07-17 19:00,115,55,60,0,0,0
2021-07-17 19:15,99,54,45,0,0,0
2021-07-17 19:30,107,61,46,0,0,0
2021-07-17 19:45,131,71,60,0,0,0
2021-07-17 20:00,116,54,62,0,0,0
2021-07-17 20:15,114,64,50,0,0,0
2021-07-17 20:30,89,37,52,0,0,0
2021-07-17 20:45,73,33,40,0,0,0
2021-07-17 21:00,80,37,43,0,0,0
2021-07-17 21:15,65,34,31,0,0,0
2021-07-17 21:30,67,24,43,0,0,0
2021-07-17 21:45,80,42,38,0,0,0
2021-07-17 22:00,61,21,40,0,0,0
2021-07-17 22:15,71,31,40,0,0,0
2021-07-17 22:30,68,31,37,0,0,0
2021-07-17 22:45,71,34,37,0,0,0
2021-07-17 23:00,66,29,37,0,0,0
2021-07-17 23:15,60,26,34,0,0,0
2021-07-17 23:30,71,26,45,0,0,0
2021-07-17 23:45,75,26,49,0,0,0
2021-07-18 00:00,68,30,38,0,0,0
2021-07-18 00:15,69,23,46,0,0,0
2021-07-18 00:30,49,23,26,0,0,0
2021-07-18 00:45,47,18,29,0,0,0
2021-07-18 01:00,43,23,20,0,0,0
2021-07-18 01:15,49,21,28,0,0,0
2021-07-18 01:30,45,15,30,0,0,0
2021-07-18 01:45,38,10,28,0,0,0
2021-07-18 02:00,26,11,15,0,0,0
2021-07-18 02:15,26,16,10,0,0,0
2021-07-18 02:30,30,7,23,0,0,0
2021-07-18 02:45,24,7,17,0,0,0
2021-07-18 03:00,34,11,23,0,0,0
2021-07-18 03:15,34,10,24,0,0,0
2021-07-18 03:30,17,2,15,0,0,0
2021-07-18 03:45,12,2,10,0,0,0
2021-07-18 04:00,15,3,12,0,0,0
2021-07-18 04:15,9,2,7,0,0,0
2021-07-18 04:30,16,3,13,0,0,0
2021-07-18 04:45,13,2,11,0,0,0
2021-07-18 05:00,10,1,9,0,0,0
2021-07-18 05:15,19,3,16,0,0,0
2021-07-18 05:30,18,2,16,0,0,0
2021-07-18 05:45,15,5,10,0,0,0
2021-07-18 06:00,6,1,5,0,0,0
2021-07-18 06:15,9,2,7,0,0,0
2021-07-18 06:30,16,4,12,0,0,0
2021-07-18 06:45,7,2,5,0,0,0
2021-07-18 07:00,12,6,6,0,0,0
2021-07-18 07:15,11,2,9,0,0,0
2021-07-18 07:30,18,7,11,0,0,0
2021-07-18 07:45,8,3,5,0,0,0
2021-07-18 08:00,9,2,7,0,0,0
2021-07-18 08:15,25,10,15,0,0,0
2021-07-18 08:30,12,5,7,0,0,0
2021-07-18 08:45,14,8,6,0,0,0
2021-07-18 09:00,25,11,14,0,0,0
2021-07-18 09:15,29,16,13,0,0,0
2021-07-18 09:30,29,9,20,0,0,0
2021-07-18 09:45,41,20,21,0,0,0
2021-07-18 10:00,39,11,28,0,0,0
2021-07-18 10:15,39,8,31,0,0,0
2021-07-18 10:30,47,20,27,0,0,0
2021-07-18 10:45,50,17,33,0,0,0
2021-07-18 11:00,63,24,39,0,0,0
2021-07-18 11:15,43,12,31,0,0,0
2021-07-18 11:30,59,23,36,0,0,0
2021-07-18 11:45,77,45,32,0,0,0
2021-07-18 12:00,67,33,34,0,0,0
2021-07-18 12:15,61,35,26,0,0,0
2021-07-18 12:30,82,46,36,0,0,0
2021-07-18 12:45,84,29,55,0,0,0
2021-07-18 13:00,77,39,38,0,0,0
2021-07-18 13:15,91,59,32,0,0,0
2021-07-18 13:30,82,52,30,0,0,0
2021-07-18 13:45,86,51,35,0,0,0
2021-07-18 14:00,90,42,48,0,0,0
2021-07-18 14:15,92,57,35,0,0,0
2021-07-18 14:30,88,50,38,0,0,0
2021-07-18 14:45,102,55,47,0,0,0
2021-07-18 15:00,91,43,48,0,0,0
2021-07-18 15:15,79,40,39,0,0,0
2021-07-18 15:30,86,51,35,0,0,0
2021-07-18 15:45,124,60,64,0,0,0
2021-07-18 16:00,102,56,46,0,0,0
2021-07-18 16:15,96,58,38,0,0,0
2021-07-18 16:30,98,63,35,0,0,0
2021-07-18 16:45,113,50,63,0,0,0
2021-07-18 17:00,91,54,37,0,0,0
2021-07-18 17:15,100,49,51,0,0,0
2021-07-18 17:30,125,70,55,0,0,0
2021-07-18 17:45,116,61,55,0,0,0
2021-07-18 18:00,109,62,47,0,0,0
2021-07-18 18:15,72,28,44,0,0,0
2021-07-18 18:30,80,42,38,0,0,0
2021-07-18 18:45,107,47,60,0,0,0
2021-07-18 19:00,99,51,48,0,0,0
2021-07-18 19:15,100,34,66,0,0,0
2021-07-18 19:30,108,46,62,0,0,0
2021-07-18 19:45,99,38,61,0,0,0
2021-07-18 20:00,65,28,37,0,0,0
2021-07-18 20:15,73,28,45,0,0,0
2021-07-18 20:30,73,26,47,0,0,0
2021-07-18 20:45,60,28,32,0,0,0
2021-07-18 21:00,83,27,56,0,0,0
2021-07-18 21:15,58,18,40,0,0,0
2021-07-18 21:30,52,16,36,0,0,0
2021-07-18 21:45,61,28,33,0,0,0
2021-07-18 22:00,44,10,34,0,0,0
2021-07-18 22:15,49,16,33,0,0,0
2021-07-18 22:30,59,10,49,0,0,0
2021-07-18 22:45,36,11,25,0,0,0
2021-07-18 23:00,20,4,16,0,0,0
2021-07-18 23:15,27,10,17,0,0,0
2021-07-18 23:30,19,3,16,0,0,0
2021-07-18 23:45,20,8,12,0,0,0
2021-07-19 00:00,14,5,9,0,0,0
2021-07-19 00:15,11,3,8,0,0,0
2021-07-19 00:30,16,8,8,0,0,0
2021-07-19 00:45,16,4,12,0,0,0
2021-07-19 01:00,6,1,5,0,0,0
2021-07-19 01:15,6,2,4,0,0,0
2021-07-19 01:30,1,0,1,0,0,0
2021-07-19 01:45,1,1,0,0,0,0
2021-07-19 02:00,4,1,3,0,0,0
2021-07-19 02:15,1,1,0,0,0,0
2021-07-19 02:30,0,0,0,0,0,0
2021-07-19 02:45,0,0,0,0,0,0
2021-07-19 03:00,0,0,0,0,0,0
2021-07-19 03:15,1,1,0,0,0,0
2021-07-19 03:30,2,2,0,0,0,0
2021-07-19 03:45,1,0,1,0,0,0
2021-07-19 04:00,2,0,2,0,0,0
2021-07-19 04:15,6,4,2,0,0,0
2021-07-19 04:30,9,2,7,0,0,0
2021-07-19 04:45,6,1,5,0,0,0
2021-07-19 05:00,1,0,1,0,0,0
2021-07-19 05:15,10,5,5,0,0,0
2021-07-19 05:30,15,6,9,0,0,0
2021-07-19 05:45,18,14,4,0,0,0
2021-07-19 06:00,19,7,12,0,0,0
2021-07-19 06:15,36,14,22,0,0,0
2021-07-19 06:30,58,28,30,0,0,0
2021-07-19 06:45,60,35,25,0,0,0
2021-07-19 07:00,67,38,29,0,0,0
2021-07-19 07:15,91,49,42,0,0,0
2021-07-19 07:30,86,40,46,0,0,0
2021-07-19 07:45,125,69,56,0,0,0
2021-07-19 08:00,84,59,25,0,0,0
2021-07-19 08:15,108,55,53,0,0,0
2021-07-19 08:30,112,55,57,0,0,0
2021-07-19 08:45,123,48,75,0,0,0
2021-07-19 09:00,102,42,60,0,0,0
2021-07-19 09:15,69,24,45,0,0,0
2021-07-19 09:30,71,33,38,0,0,0
2021-07-19 09:45,92,24,68,0,0,0
2021-07-19 10:00,86,40,46,0,0,0
2021-07-19 10:15,86,35,51,0,0,0
2021-07-19 10:30,85,37,48,0,0,0
2021-07-19 10:45,84,34,50,0,0,0
2021-07-19 11:00,91,45,46,0,0,0
2021-07-19 11:15,84,35,49,0,0,0
2021-07-19 11:30,92,32,60,0,0,0
2021-07-19 11:45,98,42,56,0,0,0
2021-07-19 12:00,99,57,42,0,0,0
2021-07-19 12:15,117,55,62,0,0,0
2021-07-19 12:30,132,66,66,0,0,0
2021-07-19 12:45,108,43,65,0,0,0
2021-07-19 13:00,108,50,58,0,0,0
2021-07-19 13:15,119,56,63,0,0,0
2021-07-19 13:30,94,44,50,0,0,0
2021-07-19 13:45,116,51,65,0,0,0
2021-07-19 14:00,111,58,53,0,0,0
2021-07-19 14:15,130,61,69,0,0,0
2021-07-19 14:30,124,57,67,0,0,0
2021-07-19 14:45,133,65,68,0,0,0
2021-07-19 15:00,118,55,63,0,0,0
2021-07-19 15:15,100,47,53,0,0,0
2021-07-19 15:30,107,35,72,0,0,0
2021-07-19 15:45,139,56,83,0,0,0
2021-07-19 16:00,150,83,67,0,0,0
2021-07-19 16:15,121,53,68,0,0,0
2021-07-19 16:30,128,68,60,0,0,0
2021-07-19 16:45,157,75,82,0,0,0
2021-07-19 17:00,168,87,81,0,0,0
2021-07-19 17:15,132,69,63,0,0,0
2021-07-19 17:30,164,87,77,0,0,0
2021-07-19 17:45,186,91,95,0,0,0
2021-07-19 18:00,167,88,79,0,0,0
2021-07-19 18:15,143,67,76,0,0,0
2021-07-19 18:30,152,79,73,0,0,0
2021-07-19 18:45,116,60,56,0,0,0
2021-07-19 19:00,98,49,49,0,0,0
2021-07-19 19:15,95,47,48,0,0,0
2021-07-19 19:30,107,45,62,0,0,0
2021-07-19 19:45,122,47,75,0,0,0
2021-07-19 20:00,76,45,31,0,0,0
2021-07-19 20:15,70,29,41,0,0,0
2021-07-19 20:30,68,32,36,0,0,0
2021-07-19 20:45,62,30,32,0,0,0
2021-07-19 21:00,68,27,41,0,0,0
2021-07-19 21:15,86,29,57,0,0,0
2021-07-19 21:30,65,35,30,0,0,0
2021-07-19 21:45,55,25,30,0,0,0
2021-07-19 22:00,56,14,42,0,0,0
2021-07-19 22:15,36,14,22,0,0,0
2021-07-19 22:30,45,16,29,0,0,0
2021-07-19 22:45,43,13,30,0,0,0
2021-07-19 23:00,46,25,21,0,0,0
2021-07-19 23:15,46,15,31,0,0,0
2021-07-19 23:30,24,9,15,0,0,0
2021-07-19 23:45,28,15,13,0,0,0
2021-07-20 00:00,28,11,17,0,0,0
2021-07-20 00:15,13,6,7,0,0,0
2021-07-20 00:30,18,8,10,0,0,0
2021-07-20 00:45,7,1,6,0,0,0
2021-07-20 01:00,10,6,4,0,0,0
2021-07-20 01:15,23,4,19,0,0,0
2021-07-20 01:30,7,3,4,0,0,0
2021-07-20 01:45,4,1,3,0,0,0
2021-07-20 02:00,3,1,2,0,0,0
2021-07-20 02:15,5,5,0,0,0,0
2021-07-20 02:30,6,2,4,0,0,0
2021-07-20 02:45,0,0,0,0,0,0
2021-07-20 03:00,0,0,0,0,0,0
2021-07-20 03:15,0,0,0,0,0,0
2021-07-20 03:30,1,0,1,0,0,0
2021-07-20 03:45,0,0,0,0,0,0
2021-07-20 04:00,6,5,1,0,0,0
2021-07-20 04:15,8,2,6,0,0,0
2021-07-20 04:30,6,1,5,0,0,0
2021-07-20 04:45,11,5,6,0,0,0
2021-07-20 05:00,3,2,1,0,0,0
2021-07-20 05:15,13,4,9,0,0,0
2021-07-20 05:30,20,9,11,0,0,0
2021-07-20 05:45,29,15,14,0,0,0
2021-07-20 06:00,31,12,19,0,0,0
2021-07-20 06:15,35,13,22,0,0,0
2021-07-20 06:30,50,20,30,0,0,0
2021-07-20 06:45,54,39,15,0,0,0
2021-07-20 07:00,78,38,40,0,0,0
2021-07-20 07:15,90,41,49,0,0,0
2021-07-20 07:30,95,42,53,0,0,0
2021-07-20 07:45,117,73,44,0,0,0
2021-07-20 08:00,124,70,54,0,0,0
2021-07-20 08:15,131,59,72,0,0,0
2021-07-20 08:30,100,49,51,0,0,0
2021-07-20 08:45,136,62,74,0,0,0
2021-07-20 09:00,101,51,50,0,0,0
2021-07-20 09:15,95,40,55,0,0,0
2021-07-20 09:30,109,38,71,0,0,0
2021-07-20 09:45,90,28,62,0,0,0
2021-07-20 10:00,80,39,41,0,0,0
2021-07-20 10:15,64,20,44,0,0,0
2021-07-20 10:30,81,27,54,0,0,0
2021-07-20 10:45,86,33,53,0,0,0
2021-07-20 11:00,93,38,55,0,0,0
2021-07-20 11:15,87,35,52,0,0,0
2021-07-20 11:30,75,38,37,0,0,0
2021-07-20 11:45,89,42,47,0,0,0
2021-07-20 12:00,112,46,66,0,0,0
2021-07-20 12:15,101,50,51,0,0,0
2021-07-20 12:30,118,52,66,0,0,0
2021-07-20 12:45,123,64,59,0,0,0
2021-07-20 13:00,108,50,58,0,0,0
2021-07-20 13:15,118,56,62,0,0,0
2021-07-20 13:30,129,71,58,0,0,0
2021-07-20 13:45,125,63,62,0,0,0
2021-07-20 14:00,113,50,63,0,0,0
2021-07-20 14:15,114,56,58,0,0,0
2021-07-20 14:30,108,46,62,0,0,0
2021-07-20 14:45,119,55,64,0,0,0
2021-07-20 15:00,149,80,69,0,0,0
2021-07-20 15:15,126,74,52,0,0,0
2021-07-20 15:30,113,60,53,0,0,0
2021-07-20 15:45,164,83,81,0,0,0
2021-07-20 16:00,140,69,71,0,0,0
2021-07-20 16:15,157,79,78,0,0,0
2021-07-20 16:30,160,65,95,0,0,0
2021-07-20 16:45,174,82,92,0,0,0
2021-07-20 17:00,181,82,99,0,0,0
2021-07-20 17:15,160,82,78,0,0,0
2021-07-20 17:30,192,89,103,0,0,0
2021-07-20 17:45,197,101,96,0,0,0
2021-07-20 18:00,152,66,86,0,0,0
2021-07-20 18:15,176,91,85,0,0,0
2021-07-20 18:30,132,64,68,0,0,0
2021-07-20 18:45,130,73,57,0,0,0
2021-07-20 19:00,137,78,59,0,0,0
2021-07-20 19:15,121,68,53,0,0,0
2021-07-20 19:30,135,61,74,0,0,0
2021-07-20 19:45,103,67,36,0,0,0
2021-07-20 20:00,111,56,55,0,0,0
2021-07-20 20:15,107,54,53,0,0,0
2021-07-20 20:30,99,61,38,0,0,0
2021-07-20 20:45,81,37,44,0,0,0
2021-07-20 21:00,66,23,43,0,0,0
2021-07-20 21:15,80,36,44,0,0,0
2021-07-20 21:30,81,39,42,0,0,0
2021-07-20 21:45,72,34,38,0,0,0
2021-07-20 22:00,57,24,33,0,0,0
2021-07-20 22:15,62,19,43,0,0,0
2021-07-20 22:30,51,17,34,0,0,0
2021-07-20 22:45,46,15,31,0,0,0
2021-07-20 23:00,56,25,31,0,0,0
2021-07-20 23:15,48,10,38,0,0,0
2021-07-20 23:30,31,10,21,0,0,0
2021-07-20 23:45,30,9,21,0,0,0
2021-07-21 00:00,35,19,16,0,0,0
2021-07-21 00:15,34,18,16,0,0,0
2021-07-21 00:30,17,11,6,0,0,0
2021-07-21 00:45,20,3,17,0,0,0
2021-07-21 01:00,33,2,31,0,0,0
2021-07-21 01:15,4,2,2,0,0,0
2021-07-21 01:30,11,2,9,0,0,0
2021-07-21 01:45,10,3,7,0,0,0
2021-07-21 02:00,5,2,3,0,0,0
2021-07-21 02:15,9,3,6,0,0,0
2021-07-21 02:30,14,7,7,0,0,0
2021-07-21 02:45,2,1,1,0,0,0
2021-07-21 03:00,3,1,2,0,0,0
2021-07-21 03:15,0,0,0,0,0,0
2021-07-21 03:30,0,0,0,0,0,0
2021-07-21 03:45,6,3,3,0,0,0
2021-07-21 04:00,2,0,2,0,0,0
2021-07-21 04:15,4,2,2,0,0,0
2021-07-21 04:30,1,1,0,0,0,0
2021-07-21 04:45,8,5,3,0,0,0
2021-07-21 05:00,7,3,4,0,0,0
2021-07-21 05:15,6,2,4,0,0,0
2021-07-21 05:30,18,6,12,0,0,0
2021-07-21 05:45,27,13,14,0,0,0
2021-07-21 06:00,26,12,14,0,0,0
2021-07-21 06:15,37,10,27,0,0,0
2021-07-21 06:30,48,20,28,0,0,0
2021-07-21 06:45,86,54,32,0,0,0
2021-07-21 07:00,80,43,37,0,0,0
2021-07-21 07:15,98,51,47,0,0,0
2021-07-21 07:30,108,52,56,0,0,0
2021-07-21 07:45,108,56,52,0,0,0
2021-07-21 08:00,108,67,41,0,0,0
2021-07-21 08:15,107,61,46,0,0,0
2021-07-21 08:30,106,56,50,0,0,0
2021-07-21 08:45,145,74,71,0,0,0
2021-07-21 09:00,82,39,43,0,0,0
2021-07-21 09:15,85,34,51,0,0,0
2021-07-21 09:30,85,28,57,0,0,0
2021-07-21 09:45,68,27,41,0,0,0
2021-07-21 10:00,91,35,56,0,0,0
2021-07-21 10:15,79,30,49,0,0,0
2021-07-21 10:30,80,34,46,0,0,0
2021-07-21 10:45,114,38,76,0,0,0
2021-07-21 11:00,120,48,72,0,0,0
2021-07-21 11:15,102,43,59,0,0,0
2021-07-21 11:30,101,44,57,0,0,0
2021-07-21 11:45,84,37,47,0,0,0
2021-07-21 12:00,90,46,44,0,0,0
2021-07-21 12:15,155,74,81,0,0,0
2021-07-21 12:30,116,55,61,0,0,0
2021-07-21 12:45,146,71,75,0,0,0
2021-07-21 13:00,120,66,54,0,0,0
2021-07-21 13:15,139,62,77,0,0,0
2021-07-21 13:30,136,59,77,0,0,0
2021-07-21 13:45,142,83,59,0,0,0
2021-07-21 14:00,118,67,51,0,0,0
2021-07-21 14:15,117,59,58,0,0,0
2021-07-21 14:30,123,66,57,0,0,0
2021-07-21 14:45,126,50,76,0,0,0
2021-07-21 15:00,131,72,59,0,0,0
2021-07-21 15:15,107,51,56,0,0,0
2021-07-21 15:30,153,66,87,0,0,0
2021-07-21 15:45,140,63,77,0,0,0
2021-07-21 16:00,149,69,80,0,0,0
2021-07-21 16:15,153,77,76,0,0,0
2021-07-21 16:30,122,51,71,0,0,0
2021-07-21 16:45,136,59,77,0,0,0
2021-07-21 17:00,162,81,81,0,0,0
2021-07-21 17:15,162,67,95,0,0,0
2021-07-21 17:30,205,90,115,0,0,0
2021-07-21 17:45,170,80,90,0,0,0
2021-07-21 18:00,162,77,85,0,0,0
2021-07-21 18:15,184,92,92,0,0,0
2021-07-21 18:30,136,60,76,0,0,0
2021-07-21 18:45,185,103,82,0,0,0
2021-07-21 19:00,140,77,63,0,0,0
2021-07-21 19:15,136,65,71,0,0,0
2021-07-21 19:30,142,56,86,0,0,0
2021-07-21 19:45,138,71,67,0,0,0
2021-07-21 20:00,102,51,51,0,0,0
2021-07-21 20:15,61,33,28,0,0,0
2021-07-21 20:30,72,30,42,0,0,0
2021-07-21 20:45,58,28,30,0,0,0
2021-07-21 21:00,97,41,56,0,0,0
2021-07-21 21:15,82,39,43,0,0,0
2021-07-21 21:30,76,32,44,0,0,0
2021-07-21 21:45,60,26,34,0,0,0
2021-07-21 22:00,59,28,31,0,0,0
2021-07-21 22:15,65,24,41,0,0,0
2021-07-21 22:30,78,28,50,0,0,0
2021-07-21 22:45,55,26,29,0,0,0
2021-07-21 23:00,50,15,35,0,0,0
2021-07-21 23:15,46,13,33,0,0,0
2021-07-21 23:30,41,25,16,0,0,0
2021-07-21 23:45,26,12,14,0,0,0
2021-07-22 00:00,40,28,12,0,0,0
2021-07-22 00:15,35,17,18,0,0,0
2021-07-22 00:30,22,7,15,0,0,0
2021-07-22 00:45,16,4,12,0,0,0
2021-07-22 01:00,18,3,15,0,0,0
2021-07-22 01:15,23,8,15,0,0,0
2021-07-22 01:30,10,3,7,0,0,0
2021-07-22 01:45,10,6,4,0,0,0
2021-07-22 02:00,3,1,2,0,0,0
2021-07-22 02:15,8,4,4,0,0,0
2021-07-22 02:30,13,3,10,0,0,0
2021-07-22 02:45,9,2,7,0,0,0
2021-07-22 03:00,6,3,3,0,0,0
2021-07-22 03:15,3,0,3,0,0,0
2021-07-22 03:30,9,5,4,0,0,0
2021-07-22 03:45,10,4,6,0,0,0
2021-07-22 04:00,1,0,1,0,0,0
2021-07-22 04:15,3,1,2,0,0,0
2021-07-22 04:30,4,3,1,0,0,0
2021-07-22 04:45,8,3,5,0,0,0
2021-07-22 05:00,5,4,1,0,0,0
2021-07-22 05:15,5,3,2,0,0,0
2021-07-22 05:30,22,8,14,0,0,0
2021-07-22 05:45,16,8,8,0,0,0
2021-07-22 06:00,28,12,16,0,0,0
2021-07-22 06:15,33,11,22,0,0,0
2021-07-22 06:30,47,19,28,0,0,0
2021-07-22 06:45,68,44,24,0,0,0
2021-07-22 07:00,74,36,38,0,0,0
2021-07-22 07:15,93,51,42,0,0,0
2021-07-22 07:30,101,49,52,0,0,0
2021-07-22 07:45,106,60,46,0,0,0
2021-07-22 08:00,105,56,49,0,0,0
2021-07-22 08:15,87,42,45,0,0,0
2021-07-22 08:30,115,65,50,0,0,0
2021-07-22 08:45,105,42,63,0,0,0
2021-07-22 09:00,106,52,54,0,0,0
2021-07-22 09:15,79,31,48,0,0,0
2021-07-22 09:30,79,30,49,0,0,0
2021-07-22 09:45,111,36,75,0,0,0
2021-07-22 10:00,88,38,50,0,0,0
2021-07-22 10:15,100,33,67,0,0,0
2021-07-22 10:30,110,50,60,0,0,0
2021-07-22 10:45,106,49,57,0,0,0
2021-07-22 11:00,105,39,66,0,0,0
2021-07-22 11:15,107,43,64,0,0,0
2021-07-22 11:30,100,48,52,0,0,0
2021-07-22 11:45,123,57,66,0,0,0
2021-07-22 12:00,131,61,70,0,0,0
2021-07-22 12:15,126,57,69,0,0,0
2021-07-22 12:30,121,56,65,0,0,0
2021-07-22 12:45,110,39,71,0,0,0
2021-07-22 13:00,103,42,61,0,0,0
2021-07-22 13:15,118,61,57,0,0,0
2021-07-22 13:30,102,46,56,0,0,0
2021-07-22 13:45,131,60,71,0,0,0
2021-07-22 14:00,118,59,59,0,0,0
2021-07-22 14:15,135,63,72,0,0,0
2021-07-22 14:30,151,75,76,0,0,0
2021-07-22 14:45,110,52,58,0,0,0
2021-07-22 15:00,94,57,37,0,0,0
2021-07-22 15:15,103,49,54,0,0,0
2021-07-22 15:30,109,57,52,0,0,0
2021-07-22 15:45,159,82,77,0,0,0
2021-07-22 16:00,122,59,63,0,0,0
2021-07-22 16:15,139,67,72,0,0,0
2021-07-22 16:30,168,92,76,0,0,0
2021-07-22 16:45,191,100,91,0,0,0
2021-07-22 17:00,141,79,62,0,0,0
2021-07-22 17:15,172,82,90,0,0,0
2021-07-22 17:30,151,68,83,0,0,0
2021-07-22 17:45,181,91,90,0,0,0
2021-07-22 18:00,160,91,69,0,0,0
2021-07-22 18:15,140,79,61,0,0,0
2021-07-22 18:30,138,69,69,0,0,0
2021-07-22 18:45,157,75,82,0,0,0
2021-07-22 19:00,128,72,56,0,0,0
2021-07-22 19:15,132,74,58,0,0,0
2021-07-22 19:30,102,64,38,0,0,0
2021-07-22 19:45,89,48,41,0,0,0
2021-07-22 20:00,127,56,71,0,0,0
2021-07-22 20:15,73,33,40,0,0,0
2021-07-22 20:30,83,29,54,0,0,0
2021-07-22 20:45,85,29,56,0,0,0
2021-07-22 21:00,100,42,58,0,0,0
2021-07-22 21:15,66,32,34,0,0,0
2021-07-22 21:30,78,32,46,0,0,0
2021-07-22 21:45,79,35,44,0,0,0
2021-07-22 22:00,75,33,42,0,0,0
2021-07-22 22:15,67,30,37,0,0,0
2021-07-22 22:30,67,32,35,0,0,0
2021-07-22 22:45,43,21,22,0,0,0
2021-07-22 23:00,52,19,33,0,0,0
2021-07-22 23:15,38,10,28,0,0,0
2021-07-22 23:30,45,8,37,0,0,0
2021-07-22 23:45,24,10,14,0,0,0
2021-07-23 00:00,47,13,34,0,0,0
2021-07-23 00:15,31,14,17,0,0,0
2021-07-23 00:30,25,9,16,0,0,0
2021-07-23 00:45,9,1,8,0,0,0
2021-07-23 01:00,20,7,13,0,0,0
2021-07-23 01:15,17,6,11,0,0,0
2021-07-23 01:30,16,0,16,0,0,0
2021-07-23 01:45,6,2,4,0,0,0
2021-07-23 02:00,8,2,6,0,0,0
2021-07-23 02:15,6,1,5,0,0,0
2021-07-23 02:30,4,4,0,0,0,0
2021-07-23 02:45,8,4,4,0,0,0
2021-07-23 03:00,7,7,0,0,0,0
2021-07-23 03:15,5,3,2,0,0,0
2021-07-23 03:30,0,0,0,0,0,0
2021-07-23 03:45,2,1,1,0,0,0
2021-07-23 04:00,2,0,2,0,0,0
2021-07-23 04:15,6,6,0,0,0,0
2021-07-23 04:30,5,3,2,0,0,0
2021-07-23 04:45,5,2,3,0,0,0
2021-07-23 05:00,3,1,2,0,0,0
2021-07-23 05:15,12,7,5,0,0,0
2021-07-23 05:30,16,8,8,0,0,0
2021-07-23 05:45,17,12,5,0,0,0
2021-07-23 06:00,28,9,19,0,0,0
2021-07-23 06:15,26,15,11,0,0,0
2021-07-23 06:30,44,20,24,0,0,0
2021-07-23 06:45,57,36,21,0,0,0
2021-07-23 07:00,83,57,26,0,0,0
2021-07-23 07:15,126,92,34,0,0,0
2021-07-23 07:30,129,77,52,0,0,0
2021-07-23 07:45,103,51,52,0,0,0
2021-07-23 08:00,93,49,44,0,0,0
2021-07-23 08:15,105,46,59,0,0,0
2021-07-23 08:30,112,52,60,0,0,0
2021-07-23 08:45,157,69,88,0,0,0
2021-07-23 09:00,72,31,41,0,0,0
2021-07-23 09:15,80,36,44,0,0,0
2021-07-23 09:30,77,33,44,0,0,0
2021-07-23 09:45,108,27,81,0,0,0
2021-07-23 10:00,101,43,58,0,0,0
2021-07-23 10:15,113,30,83,0,0,0
2021-07-23 10:30,109,50,59,0,0,0
2021-07-23 10:45,121,58,63,0,0,0
2021-07-23 11:00,126,64,62,0,0,0
2021-07-23 11:15,105,46,59,0,0,0
2021-07-23 11:30,97,46,51,0,0,0
2021-07-23 11:45,119,62,57,0,0,0
2021-07-23 12:00,127,49,78,0,0,0
2021-07-23 12:15,116,35,81,0,0,0
2021-07-23 12:30,109,55,54,0,0,0
2021-07-23 12:45,155,66,89,0,0,0
2021-07-23 13:00,126,54,72,0,0,0
2021-07-23 13:15,138,83,55,0,0,0
2021-07-23 13:30,136,48,88,0,0,0
2021-07-23 13:45,172,73,99,0,0,0
2021-07-23 14:00,152,67,85,0,0,0
2021-07-23 14:15,128,57,71,0,0,0
2021-07-23 14:30,158,77,81,0,0,0
2021-07-23 14:45,136,65,71,0,0,0
2021-07-23 15:00,173,83,90,0,0,0
2021-07-23 15:15,168,101,67,0,0,0
2021-07-23 15:30,142,63,79,0,0,0
2021-07-23 15:45,135,73,62,0,0,0
2021-07-23 16:00,122,57,65,0,0,0
2021-07-23 16:15,144,79,65,0,0,0
2021-07-23 16:30,153,56,97,0,0,0
2021-07-23 16:45,121,69,52,0,0,0
2021-07-23 17:00,135,61,74,0,0,0
2021-07-23 17:15,176,92,84,0,0,0
2021-07-23 17:30,126,67,59,0,0,0
2021-07-23 17:45,225,106,119,0,0,0
2021-07-23 18:00,166,79,87,0,0,0
2021-07-23 18:15,128,74,54,0,0,0
2021-07-23 18:30,145,70,75,0,0,0
2021-07-23 18:45,146,84,62,0,0,0
2021-07-23 19:00,125,83,42,0,0,0
2021-07-23 19:15,113,50,63,0,0,0
2021-07-23 19:30,130,69,61,0,0,0
2021-07-23 19:45,121,71,50,0,0,0
2021-07-23 20:00,112,48,64,0,0,0
2021-07-23 20:15,121,55,66,0,0,0
2021-07-23 20:30,87,56,31,0,0,0
2021-07-23 20:45,88,45,43,0,0,0
2021-07-23 21:00,78,30,48,0,0,0
2021-07-23 21:15,87,41,46,0,0,0
2021-07-23 21:30,81,33,48,0,0,0
2021-07-23 21:45,80,38,42,0,0,0
2021-07-23 22:00,69,39,30,0,0,0
2021-07-23 22:15,53,25,28,0,0,0
2021-07-23 22:30,74,33,41,0,0,0
2021-07-23 22:45,80,33,47,0,0,0
2021-07-23 23:00,61,24,37,0,0,0
2021-07-23 23:15,77,39,38,0,0,0
2021-07-23 23:30,69,35,34,0,0,0
2021-07-23 23:45,65,22,43,0,0,0
2021-07-24 00:00,59,21,38,0,0,0
2021-07-24 00:15,52,27,25,0,0,0
2021-07-24 00:30,69,29,40,0,0,0
2021-07-24 00:45,75,32,43,0,0,0
2021-07-24 01:00,27,15,12,0,0,0
2021-07-24 01:15,45,17,28,0,0,0
2021-07-24 01:30,40,9,31,0,0,0
2021-07-24 01:45,22,12,10,0,0,0
2021-07-24 02:00,37,11,26,0,0,0
2021-07-24 02:15,39,14,25,0,0,0
2021-07-24 02:30,17,4,13,0,0,0
2021-07-24 02:45,37,13,24,0,0,0
2021-07-24 03:00,18,1,17,0,0,0
2021-07-24 03:15,15,4,11,0,0,0
2021-07-24 03:30,10,5,5,0,0,0
2021-07-24 03:45,26,3,23,0,0,0
2021-07-24 04:00,14,3,11,0,0,0
2021-07-24 04:15,25,6,19,0,0,0
2021-07-24 04:30,20,4,16,0,0,0
2021-07-24 04:45,22,8,14,0,0,0
2021-07-24 05:00,12,0,12,0,0,0
2021-07-24 05:15,21,1,20,0,0,0
2021-07-24 05:30,15,6,9,0,0,0
2021-07-24 05:45,12,3,9,0,0,0
2021-07-24 06:00,7,3,4,0,0,0
2021-07-24 06:15,6,2,4,0,0,0
2021-07-24 06:30,10,3,7,0,0,0
2021-07-24 06:45,15,8,7,0,0,0
2021-07-24 07:00,8,5,3,0,0,0
2021-07-24 07:15,21,8,13,0,0,0
2021-07-24 07:30,25,7,18,0,0,0
2021-07-24 07:45,34,16,18,0,0,0
2021-07-24 08:00,35,22,13,0,0,0
2021-07-24 08:15,51,38,13,0,0,0
2021-07-24 08:30,43,24,19,0,0,0
2021-07-24 08:45,52,27,25,0,0,0
2021-07-24 09:00,47,16,31,0,0,0
2021-07-24 09:15,78,29,49,0,0,0
2021-07-24 09:30,43,14,29,0,0,0
2021-07-24 09:45,85,36,49,0,0,0
2021-07-24 10:00,73,21,52,0,0,0
2021-07-24 10:15,78,29,49,0,0,0
2021-07-24 10:30,79,21,58,0,0,0
2021-07-24 10:45,98,33,65,0,0,0
2021-07-24 11:00,107,47,60,0,0,0
2021-07-24 11:15,79,17,62,0,0,0
2021-07-24 11:30,86,43,43,0,0,0
2021-07-24 11:45,106,48,58,0,0,0
2021-07-24 12:00,95,48,47,0,0,0
2021-07-24 12:15,107,43,64,0,0,0
2021-07-24 12:30,68,36,32,0,0,0
2021-07-24 12:45,105,51,54,0,0,0
2021-07-24 13:00,92,47,45,0,0,0
2021-07-24 13:15,87,33,54,0,0,0
2021-07-24 13:30,98,48,50,0,0,0
2021-07-24 13:45,110,53,57,0,0,0
2021-07-24 14:00,125,62,63,0,0,0
2021-07-24 14:15,130,68,62,0,0,0
2021-07-24 14:30,111,70,41,0,0,0
2021-07-24 14:45,125,78,47,0,0,0
2021-07-24 15:00,108,59,49,0,0,0
2021-07-24 15:15,139,46,93,0,0,0
2021-07-24 15:30,118,44,74,0,0,0
2021-07-24 15:45,112,58,54,0,0,0
2021-07-24 16:00,103,54,49,0,0,0
2021-07-24 16:15,94,48,46,0,0,0
2021-07-24 16:30,84,34,50,0,0,0
2021-07-24 16:45,107,60,47,0,0,0
2021-07-24 17:00,72,31,41,0,0,0
2021-07-24 17:15,68,32,36,0,0,0
2021-07-24 17:30,66,28,38,0,0,0
2021-07-24 17:45,63,25,38,0,0,0
2021-07-24 18:00,84,37,47,0,0,0
2021-07-24 18:15,74,33,41,0,0,0
2021-07-24 18:30,67,22,45,0,0,0
2021-07-24 18:45,71,28,43,0,0,0
2021-07-24 19:00,62,29,33,0,0,0
2021-07-24 19:15,48,14,34,0,0,0
2021-07-24 19:30,42,13,29,0,0,0
2021-07-24 19:45,58,28,30,0,0,0
2021-07-24 20:00,69,25,44,0,0,0
2021-07-24 20:15,41,22,19,0,0,0
2021-07-24 20:30,41,28,13,0,0,0
2021-07-24 20:45,46,21,25,0,0,0
2021-07-24 21:00,43,19,24,0,0,0
2021-07-24 21:15,35,16,19,0,0,0
2021-07-24 21:30,17,5,12,0,0,0
2021-07-24 21:45,16,7,9,0,0,0
2021-07-24 22:00,32,15,17,0,0,0
2021-07-24 22:15,34,17,17,0,0,0
2021-07-24 22:30,33,9,24,0,0,0
2021-07-24 22:45,36,15,21,0,0,0
2021-07-24 23:00,46,20,26,0,0,0
2021-07-24 23:15,35,19,16,0,0,0
2021-07-24 23:30,22,7,15,0,0,0
2021-07-24 23:45,41,19,22,0,0,0
2021-07-25 00:00,24,16,8,0,0,0
2021-07-25 00:15,27,10,17,0,0,0
2021-07-25 00:30,35,20,15,0,0,0
2021-07-25 00:45,13,5,8,0,0,0
2021-07-25 01:00,29,12,17,0,0,0
2021-07-25 01:15,24,5,19,0,0,0
2021-07-25 01:30,20,6,14,0,0,0
2021-07-25 01:45,23,7,16,0,0,0
2021-07-25 02:00,36,14,22,0,0,0
2021-07-25 02:15,17,5,12,0,0,0
2021-07-25 02:30,14,8,6,0,0,0
2021-07-25 02:45,6,3,3,0,0,0
2021-07-25 03:00,13,7,6,0,0,0
2021-07-25 03:15,12,8,4,0,0,0
2021-07-25 03:30,9,3,6,0,0,0
2021-07-25 03:45,11,3,8,0,0,0
2021-07-25 04:00,4,0,4,0,0,0
2021-07-25 04:15,14,5,9,0,0,0
2021-07-25 04:30,14,4,10,0,0,0
2021-07-25 04:45,5,1,4,0,0,0
2021-07-25 05:00,5,0,5,0,0,0
2021-07-25 05:15,8,0,8,0,0,0
2021-07-25 05:30,10,5,5,0,0,0
2021-07-25 05:45,14,3,11,0,0,0
2021-07-25 06:00,2,0,2,0,0,0
2021-07-25 06:15,7,4,3,0,0,0
2021-07-25 06:30,10,5,5,0,0,0
2021-07-25 06:45,3,0,3,0,0,0
2021-07-25 07:00,7,3,4,0,0,0
2021-07-25 07:15,9,5,4,0,0,0
2021-07-25 07:30,14,6,8,0,0,0
2021-07-25 07:45,12,5,7,0,0,0
2021-07-25 08:00,9,2,7,0,0,0
2021-07-25 08:15,15,4,11,0,0,0
2021-07-25 08:30,13,7,6,0,0,0
2021-07-25 08:45,24,13,11,0,0,0
2021-07-25 09:00,26,8,18,0,0,0
2021-07-25 09:15,21,6,15,0,0,0
2021-07-25 09:30,24,9,15,0,0,0
2021-07-25 09:45,37,9,28,0,0,0
2021-07-25 10:00,27,11,16,0,0,0
2021-07-25 10:15,26,14,12,0,0,0
2021-07-25 10:30,45,18,27,0,0,0
2021-07-25 10:45,52,21,31,0,0,0
2021-07-25 11:00,59,29,30,0,0,0
2021-07-25 11:15,75,45,30,0,0,0
2021-07-25 11:30,65,32,33,0,0,0
2021-07-25 11:45,58,37,21,0,0,0
2021-07-25 12:00,47,23,24,0,0,0
2021-07-25 12:15,61,30,31,0,0,0
2021-07-25 12:30,48,24,24,0,0,0
2021-07-25 12:45,63,27,36,0,0,0
2021-07-25 13:00,74,39,35,0,0,0
2021-07-25 13:15,67,28,39,0,0,0
2021-07-25 13:30,79,37,42,0,0,0
2021-07-25 13:45,93,45,48,0,0,0
2021-07-25 14:00,107,64,43,0,0,0
2021-07-25 14:15,86,48,38,0,0,0
2021-07-25 14:30,90,52,38,0,0,0
2021-07-25 14:45,97,45,52,0,0,0
2021-07-25 15:00,113,53,60,0,0,0
2021-07-25 15:15,90,46,44,0,0,0
2021-07-25 15:30,95,51,44,0,0,0
2021-07-25 15:45,113,52,61,0,0,0
2021-07-25 16:00,101,50,51,0,0,0
2021-07-25 16:15,97,51,46,0,0,0
2021-07-25 16:30,93,42,51,0,0,0
2021-07-25 16:45,89,52,37,0,0,0
2021-07-25 17:00,97,44,53,0,0,0
2021-07-25 17:15,84,45,39,0,0,0
2021-07-25 17:30,102,52,50,0,0,0
2021-07-25 17:45,94,47,47,0,0,0
2021-07-25 18:00,80,34,46,0,0,0
2021-07-25 18:15,111,53,58,0,0,0
2021-07-25 18:30,76,34,42,0,0,0
2021-07-25 18:45,90,40,50,0,0,0
2021-07-25 19:00,83,35,48,0,0,0
2021-07-25 19:15,78,32,46,0,0,0
2021-07-25 19:30,84,26,58,0,0,0
2021-07-25 19:45,88,39,49,0,0,0
2021-07-25 20:00,80,33,47,0,0,0
2021-07-25 20:15,59,17,42,0,0,0
2021-07-25 20:30,43,14,29,0,0,0
2021-07-25 20:45,55,18,37,0,0,0
2021-07-25 21:00,55,21,34,0,0,0
2021-07-25 21:15,57,19,38,0,0,0
2021-07-25 21:30,49,14,35,0,0,0
2021-07-25 21:45,53,18,35,0,0,0
2021-07-25 22:00,38,12,26,0,0,0
2021-07-25 22:15,26,6,20,0,0,0
2021-07-25 22:30,40,14,26,0,0,0
2021-07-25 22:45,43,11,32,0,0,0
2021-07-25 23:00,41,12,29,0,0,0
2021-07-25 23:15,31,17,14,0,0,0
2021-07-25 23:30,11,5,6,0,0,0
2021-07-25 23:45,19,6,13,0,0,0
2021-07-26 00:00,13,6,7,0,0,0
2021-07-26 00:15,7,1,6,0,0,0
2021-07-26 00:30,22,2,20,0,0,0
2021-07-26 00:45,9,2,7,0,0,0
2021-07-26 01:00,13,4,9,0,0,0
2021-07-26 01:15,5,2,3,0,0,0
2021-07-26 01:30,5,3,2,0,0,0
2021-07-26 01:45,3,1,2,0,0,0
2021-07-26 02:00,13,3,10,0,0,0
2021-07-26 02:15,1,0,1,0,0,0
2021-07-26 02:30,0,0,0,0,0,0
2021-07-26 02:45,1,0,1,0,0,0
2021-07-26 03:00,4,2,2,0,0,0
2021-07-26 03:15,0,0,0,0,0,0
2021-07-26 03:30,1,1,0,0,0,0
2021-07-26 03:45,7,4,3,0,0,0
2021-07-26 04:00,1,0,1,0,0,0
2021-07-26 04:15,2,1,1,0,0,0
2021-07-26 04:30,6,2,4,0,0,0
2021-07-26 04:45,10,2,8,0,0,0
2021-07-26 05:00,3,2,1,0,0,0
2021-07-26 05:15,2,0,2,0,0,0
2021-07-26 05:30,16,7,9,0,0,0
2021-07-26 05:45,22,13,9,0,0,0
2021-07-26 06:00,15,5,10,0,0,0
2021-07-26 06:15,38,13,25,0,0,0
2021-07-26 06:30,46,19,27,0,0,0
2021-07-26 06:45,71,42,29,0,0,0
2021-07-26 07:00,82,50,32,0,0,0
2021-07-26 07:15,86,37,49,0,0,0
2021-07-26 07:30,104,51,53,0,0,0
2021-07-26 07:45,101,51,50,0,0,0
2021-07-26 08:00,120,72,48,0,0,0
2021-07-26 08:15,88,47,41,0,0,0
2021-07-26 08:30,138,70,68,0,0,0
2021-07-26 08:45,124,60,64,0,0,0
2021-07-26 09:00,86,46,40,0,0,0
2021-07-26 09:15,74,28,46,0,0,0
2021-07-26 09:30,86,36,50,0,0,0
2021-07-26 09:45,126,41,85,0,0,0
2021-07-26 10:00,117,66,51,0,0,0
2021-07-26 10:15,112,64,48,0,0,0
2021-07-26 10:30,121,69,52,0,0,0
2021-07-26 10:45,84,34,50,0,0,0
2021-07-26 11:00,100,43,57,0,0,0
2021-07-26 11:15,83,29,54,0,0,0
2021-07-26 11:30,107,50,57,0,0,0
2021-07-26 11:45,104,44,60,0,0,0
2021-07-26 12:00,104,41,63,0,0,0
2021-07-26 12:15,119,50,69,0,0,0
2021-07-26 12:30,102,46,56,0,0,0
2021-07-26 12:45,126,54,72,0,0,0
2021-07-26 13:00,124,54,70,0,0,0
2021-07-26 13:15,149,63,86,0,0,0
2021-07-26 13:30,127,60,67,0,0,0
2021-07-26 13:45,126,58,68,0,0,0
2021-07-26 14:00,113,55,58,0,0,0
2021-07-26 14:15,132,67,65,0,0,0
2021-07-26 14:30,126,64,62,0,0,0
2021-07-26 14:45,141,55,86,0,0,0
2021-07-26 15:00,145,81,64,0,0,0
2021-07-26 15:15,143,61,82,0,0,0
2021-07-26 15:30,132,57,75,0,0,0
2021-07-26 15:45,148,70,78,0,0,0
2021-07-26 16:00,178,70,108,0,0,0
2021-07-26 16:15,148,69,79,0,0,0
2021-07-26 16:30,165,75,90,0,0,0
2021-07-26 16:45,152,67,85,0,0,0
2021-07-26 17:00,155,62,93,0,0,0
2021-07-26 17:15,149,51,98,0,0,0
2021-07-26 17:30,142,59,83,0,0,0
2021-07-26 17:45,189,88,101,0,0,0
2021-07-26 18:00,175,91,84,0,0,0
2021-07-26 18:15,147,60,87,0,0,0
2021-07-26 18:30,138,66,72,0,0,0
2021-07-26 18:45,112,60,52,0,0,0
2021-07-26 19:00,89,44,45,0,0,0
2021-07-26 19:15,94,48,46,0,0,0
2021-07-26 19:30,97,39,58,0,0,0
2021-07-26 19:45,118,48,70,0,0,0
2021-07-26 20:00,105,46,59,0,0,0
2021-07-26 20:15,103,45,58,0,0,0
2021-07-26 20:30,91,51,40,0,0,0
2021-07-26 20:45,74,33,41,0,0,0
2021-07-26 21:00,66,34,32,0,0,0
2021-07-26 21:15,70,25,45,0,0,0
2021-07-26 21:30,71,31,40,0,0,0
2021-07-26 21:45,71,38,33,0,0,0
2021-07-26 22:00,75,28,47,0,0,0
2021-07-26 22:15,89,39,50,0,0,0
2021-07-26 22:30,31,10,21,0,0,0
2021-07-26 22:45,20,6,14,0,0,0
2021-07-26 23:00,13,6,7,0,0,0
2021-07-26 23:15,21,5,16,0,0,0
2021-07-26 23:30,15,5,10,0,0,0
2021-07-26 23:45,13,8,5,0,0,0
2021-07-27 00:00,17,5,12,0,0,0
2021-07-27 00:15,18,6,12,0,0,0
2021-07-27 00:30,25,19,6,0,0,0
2021-07-27 00:45,16,4,12,0,0,0
2021-07-27 01:00,10,4,6,0,0,0
2021-07-27 01:15,21,2,19,0,0,0
2021-07-27 01:30,6,2,4,0,0,0
2021-07-27 01:45,8,6,2,0,0,0
2021-07-27 02:00,7,1,6,0,0,0
2021-07-27 02:15,11,5,6,0,0,0
2021-07-27 02:30,6,1,5,0,0,0
2021-07-27 02:45,10,3,7,0,0,0
2021-07-27 03:00,6,1,5,0,0,0
2021-07-27 03:15,3,1,2,0,0,0
2021-07-27 03:30,1,1,0,0,0,0
2021-07-27 03:45,7,3,4,0,0,0
2021-07-27 04:00,2,2,0,0,0,0
2021-07-27 04:15,5,0,5,0,0,0
2021-07-27 04:30,6,1,5,0,0,0
2021-07-27 04:45,5,4,1,0,0,0
2021-07-27 05:00,5,2,3,0,0,0
2021-07-27 05:15,8,5,3,0,0,0
2021-07-27 05:30,25,7,18,0,0,0
2021-07-27 05:45,20,17,3,0,0,0
2021-07-27 06:00,20,8,12,0,0,0
2021-07-27 06:15,43,22,21,0,0,0
2021-07-27 06:30,49,23,26,0,0,0
2021-07-27 06:45,66,38,28,0,0,0
2021-07-27 07:00,74,38,36,0,0,0
2021-07-27 07:15,81,34,47,0,0,0
2021-07-27 07:30,85,36,49,0,0,0
2021-07-27 07:45,131,79,52,0,0,0
2021-07-27 08:00,86,43,43,0,0,0
2021-07-27 08:15,99,45,54,0,0,0
2021-07-27 08:30,131,74,57,0,0,0
2021-07-27 08:45,117,49,68,0,0,0
2021-07-27 09:00,90,26,64,0,0,0
2021-07-27 09:15,90,29,61,0,0,0
2021-07-27 09:30,90,25,65,0,0,0
2021-07-27 09:45,116,41,75,0,0,0
2021-07-27 10:00,89,33,56,0,0,0
2021-07-27 10:15,85,37,48,0,0,0
2021-07-27 10:30,101,43,58,0,0,0
2021-07-27 10:45,121,48,73,0,0,0
2021-07-27 11:00,82,39,43,0,0,0
2021-07-27 11:15,91,27,64,0,0,0
2021-07-27 11:30,115,50,65,0,0,0
2021-07-27 11:45,102,37,65,0,0,0
2021-07-27 12:00,98,29,69,0,0,0
2021-07-27 12:15,111,45,66,0,0,0
2021-07-27 12:30,112,44,68,0,0,0
2021-07-27 12:45,117,40,77,0,0,0
2021-07-27 13:00,129,61,68,0,0,0
2021-07-27 13:15,113,53,60,0,0,0
2021-07-27 13:30,115,61,54,0,0,0
2021-07-27 13:45,134,57,77,0,0,0
2021-07-27 14:00,142,73,69,0,0,0
2021-07-27 14:15,117,55,62,0,0,0
2021-07-27 14:30,125,56,69,0,0,0
2021-07-27 14:45,145,75,70,0,0,0
2021-07-27 15:00,96,37,59,0,0,0
2021-07-27 15:15,70,32,38,0,0,0
2021-07-27 15:30,118,50,68,0,0,0
2021-07-27 15:45,148,54,94,0,0,0
2021-07-27 16:00,142,64,78,0,0,0
2021-07-27 16:15,152,56,96,0,0,0
2021-07-27 16:30,151,66,85,0,0,0
2021-07-27 16:45,181,74,107,0,0,0
2021-07-27 17:00,146,54,92,0,0,0
2021-07-27 17:15,176,62,114,0,0,0
2021-07-27 17:30,140,58,82,0,0,0
2021-07-27 17:45,155,69,86,0,0,0
2021-07-27 18:00,84,42,42,0,0,0
2021-07-27 18:15,102,32,70,0,0,0
2021-07-27 18:30,52,16,36,0,0,0
2021-07-27 18:45,81,25,56,0,0,0
2021-07-27 19:00,65,21,44,0,0,0
2021-07-27 19:15,90,28,62,0,0,0
2021-07-27 19:30,63,17,46,0,0,0
2021-07-27 19:45,72,25,47,0,0,0
2021-07-27 20:00,87,39,48,0,0,0
2021-07-27 20:15,61,29,32,0,0,0
2021-07-27 20:30,61,27,34,0,0,0
2021-07-27 20:45,29,9,20,0,0,0
2021-07-27 21:00,39,16,23,0,0,0
2021-07-27 21:15,40,19,21,0,0,0
2021-07-27 21:30,33,18,15,0,0,0
2021-07-27 21:45,37,16,21,0,0,0
2021-07-27 22:00,42,8,34,0,0,0
2021-07-27 22:15,31,11,20,0,0,0
2021-07-27 22:30,40,12,28,0,0,0
2021-07-27 22:45,26,9,17,0,0,0
2021-07-27 23:00,27,12,15,0,0,0
2021-07-27 23:15,24,8,16,0,0,0
2021-07-27 23:30,22,5,17,0,0,0
2021-07-27 23:45,21,7,14,0,0,0
2021-07-28 00:00,7,7,0,0,0,0
2021-07-28 00:15,17,3,14,0,0,0
2021-07-28 00:30,6,4,2,0,0,0
2021-07-28 00:45,5,2,3,0,0,0
2021-07-28 01:00,5,4,1,0,0,0
2021-07-28 01:15,2,0,2,0,0,0
2021-07-28 01:30,2,1,1,0,0,0
2021-07-28 01:45,4,1,3,0,0,0
2021-07-28 02:00,5,1,4,0,0,0
2021-07-28 02:15,3,2,1,0,0,0
2021-07-28 02:30,4,1,3,0,0,0
2021-07-28 02:45,3,1,2,0,0,0
2021-07-28 03:00,2,0,2,0,0,0
2021-07-28 03:15,1,0,1,0,0,0
2021-07-28 03:30,5,4,1,0,0,0
2021-07-28 03:45,1,0,1,0,0,0
2021-07-28 04:00,1,1,0,0,0,0
2021-07-28 04:15,7,4,3,0,0,0
2021-07-28 04:30,7,4,3,0,0,0
2021-07-28 04:45,4,0,4,0,0,0
2021-07-28 05:00,3,3,0,0,0,0
2021-07-28 05:15,11,4,7,0,0,0
2021-07-28 05:30,13,6,7,0,0,0
2021-07-28 05:45,21,9,12,0,0,0
2021-07-28 06:00,28,13,15,0,0,0
2021-07-28 06:15,34,14,20,0,0,0
2021-07-28 06:30,35,16,19,0,0,0
2021-07-28 06:45,60,30,30,0,0,0
2021-07-28 07:00,68,36,32,0,0,0
2021-07-28 07:15,80,42,38,0,0,0
2021-07-28 07:30,100,34,66,0,0,0
2021-07-28 07:45,123,73,50,0,0,0
2021-07-28 08:00,88,44,44,0,0,0
2021-07-28 08:15,99,52,47,0,0,0
2021-07-28 08:30,111,59,52,0,0,0
2021-07-28 08:45,120,60,60,0,0,0
2021-07-28 09:00,74,43,31,0,0,0
2021-07-28 09:15,80,27,53,0,0,0
2021-07-28 09:30,96,38,58,0,0,0
2021-07-28 09:45,96,40,56,0,0,0
2021-07-28 10:00,78,43,35,0,0,0
2021-07-28 10:15,90,32,58,0,0,0
2021-07-28 10:30,95,29,66,0,0,0
2021-07-28 10:45,63,17,46,0,0,0
2021-07-28 11:00,88,38,50,0,0,0
2021-07-28 11:15,84,33,51,0,0,0
2021-07-28 11:30,48,16,32,0,0,0
2021-07-28 11:45,93,41,52,0,0,0
2021-07-28 12:00,106,41,65,0,0,0
2021-07-28 12:15,113,46,67,0,0,0
2021-07-28 12:30,118,55,63,0,0,0
2021-07-28 12:45,126,50,76,0,0,0
2021-07-28 13:00,113,42,71,0,0,0
2021-07-28 13:15,107,51,56,0,0,0
2021-07-28 13:30,93,46,47,0,0,0
2021-07-28 13:45,118,54,64,0,0,0
2021-07-28 14:00,124,58,66,0,0,0
2021-07-28 14:15,104,51,53,0,0,0
2021-07-28 14:30,109,43,66,0,0,0
2021-07-28 14:45,114,52,62,0,0,0
2021-07-28 15:00,110,52,58,0,0,0
2021-07-28 15:15,96,47,49,0,0,0
2021-07-28 15:30,106,48,58,0,0,0
2021-07-28 15:45,135,68,67,0,0,0
2021-07-28 16:00,137,65,72,0,0,0
2021-07-28 16:15,147,64,83,0,0,0
2021-07-28 16:30,151,80,71,0,0,0
2021-07-28 16:45,125,59,66,0,0,0
2021-07-28 17:00,153,65,88,0,0,0
2021-07-28 17:15,131,64,67,0,0,0
2021-07-28 17:30,125,56,69,0,0,0
2021-07-28 17:45,135,53,82,0,0,0
2021-07-28 18:00,143,58,85,0,0,0
2021-07-28 18:15,143,51,92,0,0,0
2021-07-28 18:30,119,56,63,0,0,0
2021-07-28 18:45,136,73,63,0,0,0
2021-07-28 19:00,96,41,55,0,0,0
2021-07-28 19:15,128,64,64,0,0,0
2021-07-28 19:30,71,37,34,0,0,0
2021-07-28 19:45,111,59,52,0,0,0
2021-07-28 20:00,97,52,45,0,0,0
2021-07-28 20:15,78,29,49,0,0,0
2021-07-28 20:30,93,37,56,0,0,0
2021-07-28 20:45,77,37,40,0,0,0
2021-07-28 21:00,71,35,36,0,0,0
2021-07-28 21:15,74,27,47,0,0,0
2021-07-28 21:30,68,29,39,0,0,0
2021-07-28 21:45,51,27,24,0,0,0
2021-07-28 22:00,54,19,35,0,0,0
2021-07-28 22:15,55,19,36,0,0,0
2021-07-28 22:30,44,17,27,0,0,0
2021-07-28 22:45,64,16,48,0,0,0
2021-07-28 23:00,42,13,29,0,0,0
2021-07-28 23:15,50,21,29,0,0,0
2021-07-28 23:30,34,9,25,0,0,0
2021-07-28 23:45,32,12,20,0,0,0
2021-07-29 00:00,28,13,15,0,0,0
2021-07-29 00:15,31,14,17,0,0,0
2021-07-29 00:30,22,9,13,0,0,0
2021-07-29 00:45,15,6,9,0,0,0
2021-07-29 01:00,25,8,17,0,0,0
2021-07-29 01:15,16,3,13,0,0,0
2021-07-29 01:30,9,1,8,0,0,0
2021-07-29 01:45,13,10,3,0,0,0
2021-07-29 02:00,10,3,7,0,0,0
2021-07-29 02:15,4,2,2,0,0,0
2021-07-29 02:30,6,2,4,0,0,0
2021-07-29 02:45,10,4,6,0,0,0
2021-07-29 03:00,10,1,9,0,0,0
2021-07-29 03:15,5,1,4,0,0,0
2021-07-29 03:30,3,0,3,0,0,0
2021-07-29 03:45,10,3,7,0,0,0
2021-07-29 04:00,2,2,0,0,0,0
2021-07-29 04:15,7,3,4,0,0,0
2021-07-29 04:30,6,2,4,0,0,0
2021-07-29 04:45,6,2,4,0,0,0
2021-07-29 05:00,7,6,1,0,0,0
2021-07-29 05:15,10,6,4,0,0,0
2021-07-29 05:30,15,5,10,0,0,0
2021-07-29 05:45,12,6,6,0,0,0
2021-07-29 06:00,15,5,10,0,0,0
2021-07-29 06:15,50,18,32,0,0,0
2021-07-29 06:30,48,15,33,0,0,0
2021-07-29 06:45,68,40,28,0,0,0
2021-07-29 07:00,76,44,32,0,0,0
2021-07-29 07:15,72,30,42,0,0,0
2021-07-29 07:30,107,50,57,0,0,0
2021-07-29 07:45,118,58,60,0,0,0
2021-07-29 08:00,99,54,45,0,0,0
2021-07-29 08:15,89,42,47,0,0,0
2021-07-29 08:30,125,69,56,0,0,0
2021-07-29 08:45,101,61,40,0,0,0
2021-07-29 09:00,82,30,52,0,0,0
2021-07-29 09:15,70,23,47,0,0,0
2021-07-29 09:30,79,31,48,0,0,0
2021-07-29 09:45,101,37,64,0,0,0
2021-07-29 10:00,86,34,52,0,0,0
2021-07-29 10:15,97,40,57,0,0,0
2021-07-29 10:30,102,41,61,0,0,0
2021-07-29 10:45,108,40,68,0,0,0
2021-07-29 11:00,92,35,57,0,0,0
2021-07-29 11:15,104,47,57,0,0,0
2021-07-29 11:30,106,44,62,0,0,0
2021-07-29 11:45,102,44,58,0,0,0
2021-07-29 12:00,116,38,78,0,0,0
2021-07-29 12:15,123,46,77,0,0,0
2021-07-29 12:30,104,55,49,0,0,0
2021-07-29 12:45,104,53,51,0,0,0
2021-07-29 13:00,120,48,72,0,0,0
2021-07-29 13:15,124,55,69,0,0,0
2021-07-29 13:30,109,46,63,0,0,0
2021-07-29 13:45,119,60,59,0,0,0
2021-07-29 14:00,117,53,64,0,0,0
2021-07-29 14:15,111,54,57,0,0,0
2021-07-29 14:30,101,49,52,0,0,0
2021-07-29 14:45,134,54,80,0,0,0
2021-07-29 15:00,121,53,68,0,0,0
2021-07-29 15:15,101,47,54,0,0,0
2021-07-29 15:30,132,45,87,0,0,0
2021-07-29 15:45,153,59,94,0,0,0
2021-07-29 16:00,114,49,65,0,0,0
2021-07-29 16:15,117,47,70,0,0,0
2021-07-29 16:30,139,50,89,0,0,0
2021-07-29 16:45,221,83,138,0,0,0
2021-07-29 17:00,140,69,71,0,0,0
2021-07-29 17:15,156,62,94,0,0,0
2021-07-29 17:30,141,49,92,0,0,0
2021-07-29 17:45,131,63,68,0,0,0
2021-07-29 18:00,157,67,90,0,0,0
2021-07-29 18:15,136,51,85,0,0,0
2021-07-29 18:30,129,49,80,0,0,0
2021-07-29 18:45,154,80,74,0,0,0
2021-07-29 19:00,132,72,60,0,0,0
2021-07-29 19:15,110,64,46,0,0,0
2021-07-29 19:30,109,47,62,0,0,0
2021-07-29 19:45,108,47,61,0,0,0
2021-07-29 20:00,70,33,37,0,0,0
2021-07-29 20:15,103,48,55,0,0,0
2021-07-29 20:30,77,32,45,0,0,0
2021-07-29 20:45,75,35,40,0,0,0
2021-07-29 21:00,78,34,44,0,0,0
2021-07-29 21:15,80,32,48,0,0,0
2021-07-29 21:30,69,22,47,0,0,0
2021-07-29 21:45,48,18,30,0,0,0
2021-07-29 22:00,60,22,38,0,0,0
2021-07-29 22:15,60,22,38,0,0,0
2021-07-29 22:30,70,28,42,0,0,0
2021-07-29 22:45,54,18,36,0,0,0
2021-07-29 23:00,50,28,22,0,0,0
2021-07-29 23:15,42,9,33,0,0,0
2021-07-29 23:30,43,10,33,0,0,0
2021-07-29 23:45,23,10,13,0,0,0
