Datetime,100031300 (HafenstraÃŸe),101031300 (Channel 1 IN),102031300 (Channel 2 OUT),100031300-status,101031300-status,102031300-status
2021-09-01 00:00,16,5,11,0,0,0
2021-09-01 00:15,17,10,7,0,0,0
2021-09-01 00:30,17,5,12,0,0,0
2021-09-01 00:45,13,5,8,0,0,0
2021-09-01 01:00,6,4,2,0,0,0
2021-09-01 01:15,5,2,3,0,0,0
2021-09-01 01:30,8,3,5,0,0,0
2021-09-01 01:45,1,0,1,0,0,0
2021-09-01 02:00,3,1,2,0,0,0
2021-09-01 02:15,4,4,0,0,0,0
2021-09-01 02:30,3,1,2,0,0,0
2021-09-01 02:45,2,2,0,0,0,0
2021-09-01 03:00,3,0,3,0,0,0
2021-09-01 03:15,0,0,0,0,0,0
2021-09-01 03:30,0,0,0,0,0,0
2021-09-01 03:45,1,1,0,0,0,0
2021-09-01 04:00,0,0,0,0,0,0
2021-09-01 04:15,8,1,7,0,0,0
2021-09-01 04:30,5,2,3,0,0,0
2021-09-01 04:45,6,1,5,0,0,0
2021-09-01 05:00,6,4,2,0,0,0
2021-09-01 05:15,7,4,3,0,0,0
2021-09-01 05:30,19,5,14,0,0,0
2021-09-01 05:45,19,9,10,0,0,0
2021-09-01 06:00,25,13,12,0,0,0
2021-09-01 06:15,36,15,21,0,0,0
2021-09-01 06:30,45,16,29,0,0,0
2021-09-01 06:45,73,41,32,0,0,0
2021-09-01 07:00,86,40,46,0,0,0
2021-09-01 07:15,96,44,52,0,0,0
2021-09-01 07:30,132,68,64,0,0,0
2021-09-01 07:45,178,79,99,0,0,0
2021-09-01 08:00,171,86,85,0,0,0
2021-09-01 08:15,144,74,70,0,0,0
2021-09-01 08:30,141,80,61,0,0,0
2021-09-01 08:45,171,81,90,0,0,0
2021-09-01 09:00,84,50,34,0,0,0
2021-09-01 09:15,94,46,48,0,0,0
2021-09-01 09:30,93,43,50,0,0,0
2021-09-01 09:45,118,41,77,0,0,0
2021-09-01 10:00,80,32,48,0,0,0
2021-09-01 10:15,101,48,53,0,0,0
2021-09-01 10:30,102,49,53,0,0,0
2021-09-01 10:45,81,39,42,0,0,0
2021-09-01 11:00,99,39,60,0,0,0
2021-09-01 11:15,92,45,47,0,0,0
2021-09-01 11:30,89,36,53,0,0,0
2021-09-01 11:45,93,58,35,0,0,0
2021-09-01 12:00,114,61,53,0,0,0
2021-09-01 12:15,126,51,75,0,0,0
2021-09-01 12:30,120,60,60,0,0,0
2021-09-01 12:45,145,68,77,0,0,0
2021-09-01 13:00,138,71,67,0,0,0
2021-09-01 13:15,135,60,75,0,0,0
2021-09-01 13:30,127,64,63,0,0,0
2021-09-01 13:45,133,76,57,0,0,0
2021-09-01 14:00,113,57,56,0,0,0
2021-09-01 14:15,111,64,47,0,0,0
2021-09-01 14:30,114,60,54,0,0,0
2021-09-01 14:45,135,67,68,0,0,0
2021-09-01 15:00,110,54,56,0,0,0
2021-09-01 15:15,110,60,50,0,0,0
2021-09-01 15:30,117,48,69,0,0,0
2021-09-01 15:45,169,78,91,0,0,0
2021-09-01 16:00,120,64,56,0,0,0
2021-09-01 16:15,155,80,75,0,0,0
2021-09-01 16:30,178,88,90,0,0,0
2021-09-01 16:45,162,78,84,0,0,0
2021-09-01 17:00,162,61,101,0,0,0
2021-09-01 17:15,157,83,74,0,0,0
2021-09-01 17:30,170,83,87,0,0,0
2021-09-01 17:45,181,85,96,0,0,0
2021-09-01 18:00,157,87,70,0,0,0
2021-09-01 18:15,135,56,79,0,0,0
2021-09-01 18:30,139,69,70,0,0,0
2021-09-01 18:45,135,76,59,0,0,0
2021-09-01 19:00,129,58,71,0,0,0
2021-09-01 19:15,132,68,64,0,0,0
2021-09-01 19:30,130,54,76,0,0,0
2021-09-01 19:45,115,53,62,0,0,0
2021-09-01 20:00,102,37,65,0,0,0
2021-09-01 20:15,90,47,43,0,0,0
2021-09-01 20:30,81,37,44,0,0,0
2021-09-01 20:45,84,39,45,0,0,0
2021-09-01 21:00,52,23,29,0,0,0
2021-09-01 21:15,71,20,51,0,0,0
2021-09-01 21:30,49,24,25,0,0,0
2021-09-01 21:45,47,20,27,0,0,0
2021-09-01 22:00,59,22,37,0,0,0
2021-09-01 22:15,76,19,57,0,0,0
2021-09-01 22:30,48,24,24,0,0,0
2021-09-01 22:45,36,17,19,0,0,0
2021-09-01 23:00,46,15,31,0,0,0
2021-09-01 23:15,41,21,20,0,0,0
2021-09-01 23:30,42,18,24,0,0,0
2021-09-01 23:45,27,10,17,0,0,0
2021-09-02 00:00,12,2,10,0,0,0
2021-09-02 00:15,17,5,12,0,0,0
2021-09-02 00:30,16,6,10,0,0,0
2021-09-02 00:45,7,0,7,0,0,0
2021-09-02 01:00,17,7,10,0,0,0
2021-09-02 01:15,9,4,5,0,0,0
2021-09-02 01:30,3,1,2,0,0,0
2021-09-02 01:45,6,2,4,0,0,0
2021-09-02 02:00,5,1,4,0,0,0
2021-09-02 02:15,9,2,7,0,0,0
2021-09-02 02:30,9,4,5,0,0,0
2021-09-02 02:45,12,6,6,0,0,0
2021-09-02 03:00,11,2,9,0,0,0
2021-09-02 03:15,3,1,2,0,0,0
2021-09-02 03:30,6,1,5,0,0,0
2021-09-02 03:45,7,3,4,0,0,0
2021-09-02 04:00,4,0,4,0,0,0
2021-09-02 04:15,1,0,1,0,0,0
2021-09-02 04:30,10,3,7,0,0,0
2021-09-02 04:45,2,0,2,0,0,0
2021-09-02 05:00,7,3,4,0,0,0
2021-09-02 05:15,7,5,2,0,0,0
2021-09-02 05:30,11,6,5,0,0,0
2021-09-02 05:45,17,9,8,0,0,0
2021-09-02 06:00,26,14,12,0,0,0
2021-09-02 06:15,40,14,26,0,0,0
2021-09-02 06:30,48,10,38,0,0,0
2021-09-02 06:45,91,51,40,0,0,0
2021-09-02 07:00,81,40,41,0,0,0
2021-09-02 07:15,101,55,46,0,0,0
2021-09-02 07:30,121,70,51,0,0,0
2021-09-02 07:45,193,94,99,0,0,0
2021-09-02 08:00,154,78,76,0,0,0
2021-09-02 08:15,162,85,77,0,0,0
2021-09-02 08:30,155,76,79,0,0,0
2021-09-02 08:45,119,61,58,0,0,0
2021-09-02 09:00,97,48,49,0,0,0
2021-09-02 09:15,104,40,64,0,0,0
2021-09-02 09:30,71,27,44,0,0,0
2021-09-02 09:45,104,40,64,0,0,0
2021-09-02 10:00,80,42,38,0,0,0
2021-09-02 10:15,92,41,51,0,0,0
2021-09-02 10:30,87,35,52,0,0,0
2021-09-02 10:45,98,47,51,0,0,0
2021-09-02 11:00,106,50,56,0,0,0
2021-09-02 11:15,91,42,49,0,0,0
2021-09-02 11:30,117,41,76,0,0,0
2021-09-02 11:45,121,64,57,0,0,0
2021-09-02 12:00,126,62,64,0,0,0
2021-09-02 12:15,104,48,56,0,0,0
2021-09-02 12:30,131,69,62,0,0,0
2021-09-02 12:45,121,56,65,0,0,0
2021-09-02 13:00,125,59,66,0,0,0
2021-09-02 13:15,107,45,62,0,0,0
2021-09-02 13:30,157,70,87,0,0,0
2021-09-02 13:45,113,65,48,0,0,0
2021-09-02 14:00,140,65,75,0,0,0
2021-09-02 14:15,110,56,54,0,0,0
2021-09-02 14:30,154,83,71,0,0,0
2021-09-02 14:45,141,65,76,0,0,0
2021-09-02 15:00,128,60,68,0,0,0
2021-09-02 15:15,131,68,63,0,0,0
2021-09-02 15:30,145,79,66,0,0,0
2021-09-02 15:45,132,69,63,0,0,0
2021-09-02 16:00,138,73,65,0,0,0
2021-09-02 16:15,158,64,94,0,0,0
2021-09-02 16:30,173,103,70,0,0,0
2021-09-02 16:45,196,95,101,0,0,0
2021-09-02 17:00,182,80,102,0,0,0
2021-09-02 17:15,211,92,119,0,0,0
2021-09-02 17:30,165,78,87,0,0,0
2021-09-02 17:45,199,107,92,0,0,0
2021-09-02 18:00,158,76,82,0,0,0
2021-09-02 18:15,150,61,89,0,0,0
2021-09-02 18:30,136,75,61,0,0,0
2021-09-02 18:45,142,64,78,0,0,0
2021-09-02 19:00,134,64,70,0,0,0
2021-09-02 19:15,120,56,64,0,0,0
2021-09-02 19:30,134,73,61,0,0,0
2021-09-02 19:45,125,67,58,0,0,0
2021-09-02 20:00,127,64,63,0,0,0
2021-09-02 20:15,95,37,58,0,0,0
2021-09-02 20:30,96,49,47,0,0,0
2021-09-02 20:45,78,38,40,0,0,0
2021-09-02 21:00,76,34,42,0,0,0
2021-09-02 21:15,75,37,38,0,0,0
2021-09-02 21:30,56,28,28,0,0,0
2021-09-02 21:45,72,32,40,0,0,0
2021-09-02 22:00,70,33,37,0,0,0
2021-09-02 22:15,73,25,48,0,0,0
2021-09-02 22:30,62,18,44,0,0,0
2021-09-02 22:45,56,13,43,0,0,0
2021-09-02 23:00,57,16,41,0,0,0
2021-09-02 23:15,57,34,23,0,0,0
2021-09-02 23:30,29,8,21,0,0,0
2021-09-02 23:45,24,6,18,0,0,0
2021-09-03 00:00,25,11,14,0,0,0
2021-09-03 00:15,32,8,24,0,0,0
2021-09-03 00:30,19,3,16,0,0,0
2021-09-03 00:45,12,7,5,0,0,0
2021-09-03 01:00,8,2,6,0,0,0
2021-09-03 01:15,10,1,9,0,0,0
2021-09-03 01:30,5,3,2,0,0,0
2021-09-03 01:45,5,2,3,0,0,0
2021-09-03 02:00,7,3,4,0,0,0
2021-09-03 02:15,4,1,3,0,0,0
2021-09-03 02:30,2,1,1,0,0,0
2021-09-03 02:45,3,1,2,0,0,0
2021-09-03 03:00,2,0,2,0,0,0
2021-09-03 03:15,1,0,1,0,0,0
2021-09-03 03:30,1,1,0,0,0,0
2021-09-03 03:45,0,0,0,0,0,0
2021-09-03 04:00,3,3,0,0,0,0
2021-09-03 04:15,3,0,3,0,0,0
2021-09-03 04:30,2,2,0,0,0,0
2021-09-03 04:45,6,2,4,0,0,0
2021-09-03 05:00,4,4,0,0,0,0
2021-09-03 05:15,8,3,5,0,0,0
2021-09-03 05:30,9,5,4,0,0,0
2021-09-03 05:45,21,14,7,0,0,0
2021-09-03 06:00,27,10,17,0,0,0
2021-09-03 06:15,31,9,22,0,0,0
2021-09-03 06:30,43,14,29,0,0,0
2021-09-03 06:45,71,44,27,0,0,0
2021-09-03 07:00,89,41,48,0,0,0
2021-09-03 07:15,92,41,51,0,0,0
2021-09-03 07:30,138,68,70,0,0,0
2021-09-03 07:45,163,73,90,0,0,0
2021-09-03 08:00,169,88,81,0,0,0
2021-09-03 08:15,109,57,52,0,0,0
2021-09-03 08:30,114,63,51,0,0,0
2021-09-03 08:45,108,46,62,0,0,0
2021-09-03 09:00,83,42,41,0,0,0
2021-09-03 09:15,88,32,56,0,0,0
2021-09-03 09:30,103,49,54,0,0,0
2021-09-03 09:45,89,35,54,0,0,0
2021-09-03 10:00,71,26,45,0,0,0
2021-09-03 10:15,77,38,39,0,0,0
2021-09-03 10:30,96,44,52,0,0,0
2021-09-03 10:45,84,41,43,0,0,0
2021-09-03 11:00,125,60,65,0,0,0
2021-09-03 11:15,95,44,51,0,0,0
2021-09-03 11:30,94,42,52,0,0,0
2021-09-03 11:45,116,49,67,0,0,0
2021-09-03 12:00,99,42,57,0,0,0
2021-09-03 12:15,129,67,62,0,0,0
2021-09-03 12:30,127,58,69,0,0,0
2021-09-03 12:45,143,57,86,0,0,0
2021-09-03 13:00,119,56,63,0,0,0
2021-09-03 13:15,115,51,64,0,0,0
2021-09-03 13:30,142,70,72,0,0,0
2021-09-03 13:45,125,61,64,0,0,0
2021-09-03 14:00,140,65,75,0,0,0
2021-09-03 14:15,167,59,108,0,0,0
2021-09-03 14:30,143,86,57,0,0,0
2021-09-03 14:45,152,73,79,0,0,0
2021-09-03 15:00,150,66,84,0,0,0
2021-09-03 15:15,117,49,68,0,0,0
2021-09-03 15:30,115,62,53,0,0,0
2021-09-03 15:45,139,66,73,0,0,0
2021-09-03 16:00,152,86,66,0,0,0
2021-09-03 16:15,144,85,59,0,0,0
2021-09-03 16:30,132,61,71,0,0,0
2021-09-03 16:45,175,89,86,0,0,0
2021-09-03 17:00,137,72,65,0,0,0
2021-09-03 17:15,119,59,60,0,0,0
2021-09-03 17:30,140,59,81,0,0,0
2021-09-03 17:45,175,106,69,0,0,0
2021-09-03 18:00,130,69,61,0,0,0
2021-09-03 18:15,137,79,58,0,0,0
2021-09-03 18:30,103,55,48,0,0,0
2021-09-03 18:45,151,84,67,0,0,0
2021-09-03 19:00,142,79,63,0,0,0
2021-09-03 19:15,130,78,52,0,0,0
2021-09-03 19:30,117,68,49,0,0,0
2021-09-03 19:45,132,69,63,0,0,0
2021-09-03 20:00,134,62,72,0,0,0
2021-09-03 20:15,98,59,39,0,0,0
2021-09-03 20:30,98,53,45,0,0,0
2021-09-03 20:45,92,49,43,0,0,0
2021-09-03 21:00,83,38,45,0,0,0
2021-09-03 21:15,70,39,31,0,0,0
2021-09-03 21:30,67,27,40,0,0,0
2021-09-03 21:45,80,37,43,0,0,0
2021-09-03 22:00,72,29,43,0,0,0
2021-09-03 22:15,82,41,41,0,0,0
2021-09-03 22:30,60,25,35,0,0,0
2021-09-03 22:45,74,18,56,0,0,0
2021-09-03 23:00,77,23,54,0,0,0
2021-09-03 23:15,70,27,43,0,0,0
2021-09-03 23:30,55,28,27,0,0,0
2021-09-03 23:45,53,31,22,0,0,0
2021-09-04 00:00,60,30,30,0,0,0
2021-09-04 00:15,69,32,37,0,0,0
2021-09-04 00:30,59,27,32,0,0,0
2021-09-04 00:45,48,20,28,0,0,0
2021-09-04 01:00,32,18,14,0,0,0
2021-09-04 01:15,33,7,26,0,0,0
2021-09-04 01:30,32,9,23,0,0,0
2021-09-04 01:45,47,11,36,0,0,0
2021-09-04 02:00,21,10,11,0,0,0
2021-09-04 02:15,38,16,22,0,0,0
2021-09-04 02:30,20,5,15,0,0,0
2021-09-04 02:45,17,3,14,0,0,0
2021-09-04 03:00,15,1,14,0,0,0
2021-09-04 03:15,12,4,8,0,0,0
2021-09-04 03:30,19,2,17,0,0,0
2021-09-04 03:45,22,6,16,0,0,0
2021-09-04 04:00,21,3,18,0,0,0
2021-09-04 04:15,17,2,15,0,0,0
2021-09-04 04:30,20,6,14,0,0,0
2021-09-04 04:45,15,2,13,0,0,0
2021-09-04 05:00,9,0,9,0,0,0
2021-09-04 05:15,15,0,15,0,0,0
2021-09-04 05:30,12,3,9,0,0,0
2021-09-04 05:45,22,6,16,0,0,0
2021-09-04 06:00,17,3,14,0,0,0
2021-09-04 06:15,16,5,11,0,0,0
2021-09-04 06:30,6,1,5,0,0,0
2021-09-04 06:45,6,2,4,0,0,0
2021-09-04 07:00,11,6,5,0,0,0
2021-09-04 07:15,20,12,8,0,0,0
2021-09-04 07:30,25,8,17,0,0,0
2021-09-04 07:45,21,12,9,0,0,0
2021-09-04 08:00,42,16,26,0,0,0
2021-09-04 08:15,35,11,24,0,0,0
2021-09-04 08:30,35,20,15,0,0,0
2021-09-04 08:45,41,18,23,0,0,0
2021-09-04 09:00,51,17,34,0,0,0
2021-09-04 09:15,36,17,19,0,0,0
2021-09-04 09:30,64,29,35,0,0,0
2021-09-04 09:45,86,28,58,0,0,0
2021-09-04 10:00,64,37,27,0,0,0
2021-09-04 10:15,84,37,47,0,0,0
2021-09-04 10:30,89,35,54,0,0,0
2021-09-04 10:45,93,32,61,0,0,0
2021-09-04 11:00,90,44,46,0,0,0
2021-09-04 11:15,110,54,56,0,0,0
2021-09-04 11:30,70,33,37,0,0,0
2021-09-04 11:45,82,46,36,0,0,0
2021-09-04 12:00,74,31,43,0,0,0
2021-09-04 12:15,86,37,49,0,0,0
2021-09-04 12:30,102,45,57,0,0,0
2021-09-04 12:45,126,53,73,0,0,0
2021-09-04 13:00,96,48,48,0,0,0
2021-09-04 13:15,102,46,56,0,0,0
2021-09-04 13:30,103,46,57,0,0,0
2021-09-04 13:45,116,60,56,0,0,0
2021-09-04 14:00,77,34,43,0,0,0
2021-09-04 14:15,101,51,50,0,0,0
2021-09-04 14:30,104,55,49,0,0,0
2021-09-04 14:45,113,64,49,0,0,0
2021-09-04 15:00,112,58,54,0,0,0
2021-09-04 15:15,90,46,44,0,0,0
2021-09-04 15:30,90,28,62,0,0,0
2021-09-04 15:45,109,44,65,0,0,0
2021-09-04 16:00,90,50,40,0,0,0
2021-09-04 16:15,117,70,47,0,0,0
2021-09-04 16:30,111,58,53,0,0,0
2021-09-04 16:45,120,68,52,0,0,0
2021-09-04 17:00,131,55,76,0,0,0
2021-09-04 17:15,90,48,42,0,0,0
2021-09-04 17:30,112,63,49,0,0,0
2021-09-04 17:45,117,58,59,0,0,0
2021-09-04 18:00,94,32,62,0,0,0
2021-09-04 18:15,130,86,44,0,0,0
2021-09-04 18:30,116,53,63,0,0,0
2021-09-04 18:45,98,49,49,0,0,0
2021-09-04 19:00,108,53,55,0,0,0
2021-09-04 19:15,116,59,57,0,0,0
2021-09-04 19:30,113,53,60,0,0,0
2021-09-04 19:45,116,50,66,0,0,0
2021-09-04 20:00,132,66,66,0,0,0
2021-09-04 20:15,108,49,59,0,0,0
2021-09-04 20:30,92,49,43,0,0,0
2021-09-04 20:45,91,38,53,0,0,0
2021-09-04 21:00,76,43,33,0,0,0
2021-09-04 21:15,73,35,38,0,0,0
2021-09-04 21:30,82,31,51,0,0,0
2021-09-04 21:45,61,30,31,0,0,0
2021-09-04 22:00,70,36,34,0,0,0
2021-09-04 22:15,80,33,47,0,0,0
2021-09-04 22:30,75,31,44,0,0,0
2021-09-04 22:45,52,20,32,0,0,0
2021-09-04 23:00,63,29,34,0,0,0
2021-09-04 23:15,58,31,27,0,0,0
2021-09-04 23:30,43,18,25,0,0,0
2021-09-04 23:45,65,38,27,0,0,0
2021-09-05 00:00,65,37,28,0,0,0
2021-09-05 00:15,50,27,23,0,0,0
2021-09-05 00:30,54,34,20,0,0,0
2021-09-05 00:45,32,23,9,0,0,0
2021-09-05 01:00,41,19,22,0,0,0
2021-09-05 01:15,50,20,30,0,0,0
2021-09-05 01:30,43,18,25,0,0,0
2021-09-05 01:45,24,3,21,0,0,0
2021-09-05 02:00,29,14,15,0,0,0
2021-09-05 02:15,24,8,16,0,0,0
2021-09-05 02:30,17,7,10,0,0,0
2021-09-05 02:45,22,12,10,0,0,0
2021-09-05 03:00,17,3,14,0,0,0
2021-09-05 03:15,15,4,11,0,0,0
2021-09-05 03:30,16,4,12,0,0,0
2021-09-05 03:45,16,1,15,0,0,0
2021-09-05 04:00,22,4,18,0,0,0
2021-09-05 04:15,24,2,22,0,0,0
2021-09-05 04:30,8,2,6,0,0,0
2021-09-05 04:45,12,3,9,0,0,0
2021-09-05 05:00,6,2,4,0,0,0
2021-09-05 05:15,7,0,7,0,0,0
2021-09-05 05:30,9,0,9,0,0,0
2021-09-05 05:45,8,1,7,0,0,0
2021-09-05 06:00,12,3,9,0,0,0
2021-09-05 06:15,11,4,7,0,0,0
2021-09-05 06:30,5,1,4,0,0,0
2021-09-05 06:45,5,2,3,0,0,0
2021-09-05 07:00,11,3,8,0,0,0
2021-09-05 07:15,10,5,5,0,0,0
2021-09-05 07:30,15,8,7,0,0,0
2021-09-05 07:45,12,4,8,0,0,0
2021-09-05 08:00,10,0,10,0,0,0
2021-09-05 08:15,7,4,3,0,0,0
2021-09-05 08:30,17,5,12,0,0,0
2021-09-05 08:45,26,12,14,0,0,0
2021-09-05 09:00,37,15,22,0,0,0
2021-09-05 09:15,22,10,12,0,0,0
2021-09-05 09:30,30,10,20,0,0,0
2021-09-05 09:45,38,17,21,0,0,0
2021-09-05 10:00,42,19,23,0,0,0
2021-09-05 10:15,64,17,47,0,0,0
2021-09-05 10:30,59,27,32,0,0,0
2021-09-05 10:45,59,30,29,0,0,0
2021-09-05 11:00,65,26,39,0,0,0
2021-09-05 11:15,50,16,34,0,0,0
2021-09-05 11:30,60,29,31,0,0,0
2021-09-05 11:45,41,14,27,0,0,0
2021-09-05 12:00,56,29,27,0,0,0
2021-09-05 12:15,96,51,45,0,0,0
2021-09-05 12:30,62,27,35,0,0,0
2021-09-05 12:45,87,43,44,0,0,0
2021-09-05 13:00,80,48,32,0,0,0
2021-09-05 13:15,66,27,39,0,0,0
2021-09-05 13:30,84,44,40,0,0,0
2021-09-05 13:45,96,46,50,0,0,0
2021-09-05 14:00,92,48,44,0,0,0
2021-09-05 14:15,106,54,52,0,0,0
2021-09-05 14:30,109,53,56,0,0,0
2021-09-05 14:45,112,50,62,0,0,0
2021-09-05 15:00,100,49,51,0,0,0
2021-09-05 15:15,105,52,53,0,0,0
2021-09-05 15:30,111,58,53,0,0,0
2021-09-05 15:45,131,64,67,0,0,0
2021-09-05 16:00,119,64,55,0,0,0
2021-09-05 16:15,99,63,36,0,0,0
2021-09-05 16:30,107,56,51,0,0,0
2021-09-05 16:45,114,65,49,0,0,0
2021-09-05 17:00,117,64,53,0,0,0
2021-09-05 17:15,103,48,55,0,0,0
2021-09-05 17:30,97,51,46,0,0,0
2021-09-05 17:45,124,72,52,0,0,0
2021-09-05 18:00,113,62,51,0,0,0
2021-09-05 18:15,85,46,39,0,0,0
2021-09-05 18:30,95,50,45,0,0,0
2021-09-05 18:45,85,36,49,0,0,0
2021-09-05 19:00,84,33,51,0,0,0
2021-09-05 19:15,110,56,54,0,0,0
2021-09-05 19:30,73,42,31,0,0,0
2021-09-05 19:45,102,44,58,0,0,0
2021-09-05 20:00,98,38,60,0,0,0
2021-09-05 20:15,97,31,66,0,0,0
2021-09-05 20:30,60,19,41,0,0,0
2021-09-05 20:45,54,24,30,0,0,0
2021-09-05 21:00,52,18,34,0,0,0
2021-09-05 21:15,57,15,42,0,0,0
2021-09-05 21:30,39,15,24,0,0,0
2021-09-05 21:45,55,17,38,0,0,0
2021-09-05 22:00,37,17,20,0,0,0
2021-09-05 22:15,56,10,46,0,0,0
2021-09-05 22:30,39,8,31,0,0,0
2021-09-05 22:45,33,9,24,0,0,0
2021-09-05 23:00,28,5,23,0,0,0
2021-09-05 23:15,44,12,32,0,0,0
2021-09-05 23:30,11,4,7,0,0,0
2021-09-05 23:45,8,3,5,0,0,0
2021-09-06 00:00,7,2,5,0,0,0
2021-09-06 00:15,14,3,11,0,0,0
2021-09-06 00:30,11,6,5,0,0,0
2021-09-06 00:45,4,1,3,0,0,0
2021-09-06 01:00,1,0,1,0,0,0
2021-09-06 01:15,8,2,6,0,0,0
2021-09-06 01:30,1,0,1,0,0,0
2021-09-06 01:45,2,0,2,0,0,0
2021-09-06 02:00,2,0,2,0,0,0
2021-09-06 02:15,1,0,1,0,0,0
2021-09-06 02:30,2,1,1,0,0,0
2021-09-06 02:45,4,1,3,0,0,0
2021-09-06 03:00,1,1,0,0,0,0
2021-09-06 03:15,0,0,0,0,0,0
2021-09-06 03:30,0,0,0,0,0,0
2021-09-06 03:45,0,0,0,0,0,0
2021-09-06 04:00,0,0,0,0,0,0
2021-09-06 04:15,1,1,0,0,0,0
2021-09-06 04:30,6,1,5,0,0,0
2021-09-06 04:45,4,0,4,0,0,0
2021-09-06 05:00,3,2,1,0,0,0
2021-09-06 05:15,10,9,1,0,0,0
2021-09-06 05:30,18,8,10,0,0,0
2021-09-06 05:45,22,12,10,0,0,0
2021-09-06 06:00,18,9,9,0,0,0
2021-09-06 06:15,28,12,16,0,0,0
2021-09-06 06:30,57,28,29,0,0,0
2021-09-06 06:45,75,44,31,0,0,0
2021-09-06 07:00,100,56,44,0,0,0
2021-09-06 07:15,87,45,42,0,0,0
2021-09-06 07:30,150,86,64,0,0,0
2021-09-06 07:45,163,82,81,0,0,0
2021-09-06 08:00,164,75,89,0,0,0
2021-09-06 08:15,136,72,64,0,0,0
2021-09-06 08:30,146,73,73,0,0,0
2021-09-06 08:45,122,63,59,0,0,0
2021-09-06 09:00,128,53,75,0,0,0
2021-09-06 09:15,93,35,58,0,0,0
2021-09-06 09:30,78,34,44,0,0,0
2021-09-06 09:45,113,42,71,0,0,0
2021-09-06 10:00,80,32,48,0,0,0
2021-09-06 10:15,99,48,51,0,0,0
2021-09-06 10:30,83,36,47,0,0,0
2021-09-06 10:45,86,28,58,0,0,0
2021-09-06 11:00,86,36,50,0,0,0
2021-09-06 11:15,82,41,41,0,0,0
2021-09-06 11:30,99,46,53,0,0,0
2021-09-06 11:45,107,37,70,0,0,0
2021-09-06 12:00,135,57,78,0,0,0
2021-09-06 12:15,100,47,53,0,0,0
2021-09-06 12:30,125,62,63,0,0,0
2021-09-06 12:45,138,56,82,0,0,0
2021-09-06 13:00,153,78,75,0,0,0
2021-09-06 13:15,141,76,65,0,0,0
2021-09-06 13:30,146,78,68,0,0,0
2021-09-06 13:45,122,67,55,0,0,0
2021-09-06 14:00,99,52,47,0,0,0
2021-09-06 14:15,146,80,66,0,0,0
2021-09-06 14:30,174,84,90,0,0,0
2021-09-06 14:45,157,77,80,0,0,0
2021-09-06 15:00,121,62,59,0,0,0
2021-09-06 15:15,130,67,63,0,0,0
2021-09-06 15:30,164,85,79,0,0,0
2021-09-06 15:45,128,68,60,0,0,0
2021-09-06 16:00,160,78,82,0,0,0
2021-09-06 16:15,144,78,66,0,0,0
2021-09-06 16:30,141,63,78,0,0,0
2021-09-06 16:45,155,72,83,0,0,0
2021-09-06 17:00,183,92,91,0,0,0
2021-09-06 17:15,188,94,94,0,0,0
2021-09-06 17:30,183,90,93,0,0,0
2021-09-06 17:45,197,88,109,0,0,0
2021-09-06 18:00,159,81,78,0,0,0
2021-09-06 18:15,123,76,47,0,0,0
2021-09-06 18:30,147,79,68,0,0,0
2021-09-06 18:45,145,86,59,0,0,0
2021-09-06 19:00,161,74,87,0,0,0
2021-09-06 19:15,125,62,63,0,0,0
2021-09-06 19:30,84,40,44,0,0,0
2021-09-06 19:45,107,57,50,0,0,0
2021-09-06 20:00,113,53,60,0,0,0
2021-09-06 20:15,73,36,37,0,0,0
2021-09-06 20:30,65,31,34,0,0,0
2021-09-06 20:45,69,34,35,0,0,0
2021-09-06 21:00,61,35,26,0,0,0
2021-09-06 21:15,69,24,45,0,0,0
2021-09-06 21:30,59,19,40,0,0,0
2021-09-06 21:45,32,16,16,0,0,0
2021-09-06 22:00,48,17,31,0,0,0
2021-09-06 22:15,65,19,46,0,0,0
2021-09-06 22:30,30,9,21,0,0,0
2021-09-06 22:45,39,12,27,0,0,0
2021-09-06 23:00,37,12,25,0,0,0
2021-09-06 23:15,28,7,21,0,0,0
2021-09-06 23:30,14,7,7,0,0,0
2021-09-06 23:45,15,5,10,0,0,0
2021-09-07 00:00,15,8,7,0,0,0
2021-09-07 00:15,17,3,14,0,0,0
2021-09-07 00:30,8,5,3,0,0,0
2021-09-07 00:45,8,1,7,0,0,0
2021-09-07 01:00,10,5,5,0,0,0
2021-09-07 01:15,8,0,8,0,0,0
2021-09-07 01:30,2,0,2,0,0,0
2021-09-07 01:45,5,1,4,0,0,0
2021-09-07 02:00,4,2,2,0,0,0
2021-09-07 02:15,1,0,1,0,0,0
2021-09-07 02:30,0,0,0,0,0,0
2021-09-07 02:45,1,1,0,0,0,0
2021-09-07 03:00,2,0,2,0,0,0
2021-09-07 03:15,1,0,1,0,0,0
2021-09-07 03:30,1,0,1,0,0,0
2021-09-07 03:45,2,1,1,0,0,0
2021-09-07 04:00,2,1,1,0,0,0
2021-09-07 04:15,4,1,3,0,0,0
2021-09-07 04:30,5,1,4,0,0,0
2021-09-07 04:45,4,1,3,0,0,0
2021-09-07 05:00,6,0,6,0,0,0
2021-09-07 05:15,12,7,5,0,0,0
2021-09-07 05:30,17,10,7,0,0,0
2021-09-07 05:45,18,12,6,0,0,0
2021-09-07 06:00,12,6,6,0,0,0
2021-09-07 06:15,28,11,17,0,0,0
2021-09-07 06:30,58,25,33,0,0,0
2021-09-07 06:45,71,43,28,0,0,0
2021-09-07 07:00,89,51,38,0,0,0
2021-09-07 07:15,111,54,57,0,0,0
2021-09-07 07:30,139,81,58,0,0,0
2021-09-07 07:45,170,88,82,0,0,0
2021-09-07 08:00,200,90,110,0,0,0
2021-09-07 08:15,156,70,86,0,0,0
2021-09-07 08:30,120,55,65,0,0,0
2021-09-07 08:45,144,78,66,0,0,0
2021-09-07 09:00,113,57,56,0,0,0
2021-09-07 09:15,97,48,49,0,0,0
2021-09-07 09:30,103,48,55,0,0,0
2021-09-07 09:45,105,35,70,0,0,0
2021-09-07 10:00,99,49,50,0,0,0
2021-09-07 10:15,68,24,44,0,0,0
2021-09-07 10:30,74,31,43,0,0,0
2021-09-07 10:45,101,40,61,0,0,0
2021-09-07 11:00,68,36,32,0,0,0
2021-09-07 11:15,109,50,59,0,0,0
2021-09-07 11:30,100,40,60,0,0,0
2021-09-07 11:45,105,57,48,0,0,0
2021-09-07 12:00,117,54,63,0,0,0
2021-09-07 12:15,96,37,59,0,0,0
2021-09-07 12:30,141,72,69,0,0,0
2021-09-07 12:45,105,48,57,0,0,0
2021-09-07 13:00,122,58,64,0,0,0
2021-09-07 13:15,130,68,62,0,0,0
2021-09-07 13:30,123,63,60,0,0,0
2021-09-07 13:45,134,75,59,0,0,0
2021-09-07 14:00,124,74,50,0,0,0
2021-09-07 14:15,118,71,47,0,0,0
2021-09-07 14:30,126,65,61,0,0,0
2021-09-07 14:45,135,56,79,0,0,0
2021-09-07 15:00,145,68,77,0,0,0
2021-09-07 15:15,133,70,63,0,0,0
2021-09-07 15:30,152,80,72,0,0,0
2021-09-07 15:45,150,87,63,0,0,0
2021-09-07 16:00,187,106,81,0,0,0
2021-09-07 16:15,172,88,84,0,0,0
2021-09-07 16:30,153,88,65,0,0,0
2021-09-07 16:45,187,91,96,0,0,0
2021-09-07 17:00,181,84,97,0,0,0
2021-09-07 17:15,178,88,90,0,0,0
2021-09-07 17:30,216,129,87,0,0,0
2021-09-07 17:45,236,121,115,0,0,0
2021-09-07 18:00,173,89,84,0,0,0
2021-09-07 18:15,135,67,68,0,0,0
2021-09-07 18:30,141,75,66,0,0,0
2021-09-07 18:45,138,83,55,0,0,0
2021-09-07 19:00,143,73,70,0,0,0
2021-09-07 19:15,126,70,56,0,0,0
2021-09-07 19:30,105,46,59,0,0,0
2021-09-07 19:45,122,73,49,0,0,0
2021-09-07 20:00,115,47,68,0,0,0
2021-09-07 20:15,92,50,42,0,0,0
2021-09-07 20:30,84,36,48,0,0,0
2021-09-07 20:45,92,34,58,0,0,0
2021-09-07 21:00,71,30,41,0,0,0
2021-09-07 21:15,67,38,29,0,0,0
2021-09-07 21:30,59,27,32,0,0,0
2021-09-07 21:45,58,22,36,0,0,0
2021-09-07 22:00,68,26,42,0,0,0
2021-09-07 22:15,78,31,47,0,0,0
2021-09-07 22:30,59,16,43,0,0,0
2021-09-07 22:45,68,28,40,0,0,0
2021-09-07 23:00,46,16,30,0,0,0
2021-09-07 23:15,25,5,20,0,0,0
2021-09-07 23:30,27,12,15,0,0,0
2021-09-07 23:45,33,9,24,0,0,0
2021-09-08 00:00,26,13,13,0,0,0
2021-09-08 00:15,15,6,9,0,0,0
2021-09-08 00:30,10,2,8,0,0,0
2021-09-08 00:45,12,5,7,0,0,0
2021-09-08 01:00,5,3,2,0,0,0
2021-09-08 01:15,8,6,2,0,0,0
2021-09-08 01:30,2,0,2,0,0,0
2021-09-08 01:45,2,0,2,0,0,0
2021-09-08 02:00,1,1,0,0,0,0
2021-09-08 02:15,0,0,0,0,0,0
2021-09-08 02:30,1,0,1,0,0,0
2021-09-08 02:45,3,0,3,0,0,0
2021-09-08 03:00,2,1,1,0,0,0
2021-09-08 03:15,0,0,0,0,0,0
2021-09-08 03:30,3,1,2,0,0,0
2021-09-08 03:45,1,0,1,0,0,0
2021-09-08 04:00,1,0,1,0,0,0
2021-09-08 04:15,3,2,1,0,0,0
2021-09-08 04:30,7,1,6,0,0,0
2021-09-08 04:45,6,2,4,0,0,0
2021-09-08 05:00,7,1,6,0,0,0
2021-09-08 05:15,12,5,7,0,0,0
2021-09-08 05:30,10,7,3,0,0,0
2021-09-08 05:45,21,11,10,0,0,0
2021-09-08 06:00,17,10,7,0,0,0
2021-09-08 06:15,42,18,24,0,0,0
2021-09-08 06:30,53,26,27,0,0,0
2021-09-08 06:45,84,40,44,0,0,0
2021-09-08 07:00,87,45,42,0,0,0
2021-09-08 07:15,119,57,62,0,0,0
2021-09-08 07:30,146,75,71,0,0,0
2021-09-08 07:45,171,92,79,0,0,0
2021-09-08 08:00,165,77,88,0,0,0
2021-09-08 08:15,131,59,72,0,0,0
2021-09-08 08:30,146,71,75,0,0,0
2021-09-08 08:45,139,58,81,0,0,0
2021-09-08 09:00,124,59,65,0,0,0
2021-09-08 09:15,95,32,63,0,0,0
2021-09-08 09:30,94,40,54,0,0,0
2021-09-08 09:45,143,62,81,0,0,0
2021-09-08 10:00,95,45,50,0,0,0
2021-09-08 10:15,96,34,62,0,0,0
2021-09-08 10:30,113,46,67,0,0,0
2021-09-08 10:45,105,49,56,0,0,0
2021-09-08 11:00,96,45,51,0,0,0
2021-09-08 11:15,98,33,65,0,0,0
2021-09-08 11:30,108,54,54,0,0,0
2021-09-08 11:45,101,51,50,0,0,0
2021-09-08 12:00,130,62,68,0,0,0
2021-09-08 12:15,118,58,60,0,0,0
2021-09-08 12:30,105,63,42,0,0,0
2021-09-08 12:45,121,62,59,0,0,0
2021-09-08 13:00,158,69,89,0,0,0
2021-09-08 13:15,160,84,76,0,0,0
2021-09-08 13:30,130,81,49,0,0,0
2021-09-08 13:45,122,63,59,0,0,0
2021-09-08 14:00,126,72,54,0,0,0
2021-09-08 14:15,156,94,62,0,0,0
2021-09-08 14:30,147,92,55,0,0,0
2021-09-08 14:45,165,102,63,0,0,0
2021-09-08 15:00,144,84,60,0,0,0
2021-09-08 15:15,136,65,71,0,0,0
2021-09-08 15:30,153,73,80,0,0,0
2021-09-08 15:45,177,93,84,0,0,0
2021-09-08 16:00,212,111,101,0,0,0
2021-09-08 16:15,170,94,76,0,0,0
2021-09-08 16:30,196,95,101,0,0,0
2021-09-08 16:45,218,119,99,0,0,0
2021-09-08 17:00,209,115,94,0,0,0
2021-09-08 17:15,196,81,115,0,0,0
2021-09-08 17:30,207,99,108,0,0,0
2021-09-08 17:45,196,86,110,0,0,0
2021-09-08 18:00,195,103,92,0,0,0
2021-09-08 18:15,196,94,102,0,0,0
2021-09-08 18:30,172,92,80,0,0,0
2021-09-08 18:45,167,86,81,0,0,0
2021-09-08 19:00,138,69,69,0,0,0
2021-09-08 19:15,163,80,83,0,0,0
2021-09-08 19:30,146,68,78,0,0,0
2021-09-08 19:45,159,77,82,0,0,0
2021-09-08 20:00,135,51,84,0,0,0
2021-09-08 20:15,125,54,71,0,0,0
2021-09-08 20:30,87,29,58,0,0,0
2021-09-08 20:45,82,29,53,0,0,0
2021-09-08 21:00,92,37,55,0,0,0
2021-09-08 21:15,90,42,48,0,0,0
2021-09-08 21:30,87,39,48,0,0,0
2021-09-08 21:45,64,29,35,0,0,0
2021-09-08 22:00,54,24,30,0,0,0
2021-09-08 22:15,58,21,37,0,0,0
2021-09-08 22:30,89,20,69,0,0,0
2021-09-08 22:45,58,19,39,0,0,0
2021-09-08 23:00,53,15,38,0,0,0
2021-09-08 23:15,36,9,27,0,0,0
2021-09-08 23:30,31,16,15,0,0,0
2021-09-08 23:45,27,10,17,0,0,0
2021-09-09 00:00,18,10,8,0,0,0
2021-09-09 00:15,28,14,14,0,0,0
2021-09-09 00:30,23,13,10,0,0,0
2021-09-09 00:45,15,4,11,0,0,0
2021-09-09 01:00,17,7,10,0,0,0
2021-09-09 01:15,19,5,14,0,0,0
2021-09-09 01:30,8,1,7,0,0,0
2021-09-09 01:45,7,4,3,0,0,0
2021-09-09 02:00,14,3,11,0,0,0
2021-09-09 02:15,10,4,6,0,0,0
2021-09-09 02:30,10,5,5,0,0,0
2021-09-09 02:45,13,6,7,0,0,0
2021-09-09 03:00,9,0,9,0,0,0
2021-09-09 03:15,6,3,3,0,0,0
2021-09-09 03:30,1,0,1,0,0,0
2021-09-09 03:45,3,1,2,0,0,0
2021-09-09 04:00,7,2,5,0,0,0
2021-09-09 04:15,3,2,1,0,0,0
2021-09-09 04:30,3,2,1,0,0,0
2021-09-09 04:45,10,6,4,0,0,0
2021-09-09 05:00,3,2,1,0,0,0
2021-09-09 05:15,10,5,5,0,0,0
2021-09-09 05:30,17,11,6,0,0,0
2021-09-09 05:45,20,10,10,0,0,0
2021-09-09 06:00,15,4,11,0,0,0
2021-09-09 06:15,31,10,21,0,0,0
2021-09-09 06:30,52,16,36,0,0,0
2021-09-09 06:45,80,43,37,0,0,0
2021-09-09 07:00,85,51,34,0,0,0
2021-09-09 07:15,114,64,50,0,0,0
2021-09-09 07:30,129,69,60,0,0,0
2021-09-09 07:45,191,107,84,0,0,0
2021-09-09 08:00,158,65,93,0,0,0
2021-09-09 08:15,143,63,80,0,0,0
2021-09-09 08:30,154,71,83,0,0,0
2021-09-09 08:45,141,71,70,0,0,0
2021-09-09 09:00,112,57,55,0,0,0
2021-09-09 09:15,87,36,51,0,0,0
2021-09-09 09:30,102,45,57,0,0,0
2021-09-09 09:45,116,55,61,0,0,0
2021-09-09 10:00,87,33,54,0,0,0
2021-09-09 10:15,94,40,54,0,0,0
2021-09-09 10:30,103,44,59,0,0,0
2021-09-09 10:45,106,43,63,0,0,0
2021-09-09 11:00,103,44,59,0,0,0
2021-09-09 11:15,97,56,41,0,0,0
2021-09-09 11:30,104,50,54,0,0,0
2021-09-09 11:45,146,72,74,0,0,0
2021-09-09 12:00,119,58,61,0,0,0
2021-09-09 12:15,102,46,56,0,0,0
2021-09-09 12:30,136,67,69,0,0,0
2021-09-09 12:45,149,69,80,0,0,0
2021-09-09 13:00,154,84,70,0,0,0
2021-09-09 13:15,128,49,79,0,0,0
2021-09-09 13:30,150,81,69,0,0,0
2021-09-09 13:45,146,77,69,0,0,0
2021-09-09 14:00,148,83,65,0,0,0
2021-09-09 14:15,140,68,72,0,0,0
2021-09-09 14:30,148,79,69,0,0,0
2021-09-09 14:45,158,71,87,0,0,0
2021-09-09 15:00,167,95,72,0,0,0
2021-09-09 15:15,134,82,52,0,0,0
2021-09-09 15:30,151,86,65,0,0,0
2021-09-09 15:45,178,95,83,0,0,0
2021-09-09 16:00,144,78,66,0,0,0
2021-09-09 16:15,167,88,79,0,0,0
2021-09-09 16:30,153,61,92,0,0,0
2021-09-09 16:45,192,88,104,0,0,0
2021-09-09 17:00,180,76,104,0,0,0
2021-09-09 17:15,136,69,67,0,0,0
2021-09-09 17:30,177,88,89,0,0,0
2021-09-09 17:45,171,103,68,0,0,0
2021-09-09 18:00,163,84,79,0,0,0
2021-09-09 18:15,183,102,81,0,0,0
2021-09-09 18:30,148,83,65,0,0,0
2021-09-09 18:45,155,80,75,0,0,0
2021-09-09 19:00,156,66,90,0,0,0
2021-09-09 19:15,130,68,62,0,0,0
2021-09-09 19:30,83,37,46,0,0,0
2021-09-09 19:45,106,52,54,0,0,0
2021-09-09 20:00,111,55,56,0,0,0
2021-09-09 20:15,90,39,51,0,0,0
2021-09-09 20:30,78,46,32,0,0,0
2021-09-09 20:45,64,23,41,0,0,0
2021-09-09 21:00,71,26,45,0,0,0
2021-09-09 21:15,71,34,37,0,0,0
2021-09-09 21:30,51,24,27,0,0,0
2021-09-09 21:45,34,15,19,0,0,0
2021-09-09 22:00,51,25,26,0,0,0
2021-09-09 22:15,58,19,39,0,0,0
2021-09-09 22:30,49,15,34,0,0,0
2021-09-09 22:45,46,14,32,0,0,0
2021-09-09 23:00,38,15,23,0,0,0
2021-09-09 23:15,38,10,28,0,0,0
2021-09-09 23:30,22,9,13,0,0,0
2021-09-09 23:45,20,6,14,0,0,0
2021-09-10 00:00,22,6,16,0,0,0
2021-09-10 00:15,14,7,7,0,0,0
2021-09-10 00:30,17,1,16,0,0,0
2021-09-10 00:45,5,2,3,0,0,0
2021-09-10 01:00,9,3,6,0,0,0
2021-09-10 01:15,12,2,10,0,0,0
2021-09-10 01:30,7,1,6,0,0,0
2021-09-10 01:45,15,4,11,0,0,0
2021-09-10 02:00,7,3,4,0,0,0
2021-09-10 02:15,2,0,2,0,0,0
2021-09-10 02:30,6,3,3,0,0,0
2021-09-10 02:45,4,1,3,0,0,0
2021-09-10 03:00,3,1,2,0,0,0
2021-09-10 03:15,3,3,0,0,0,0
2021-09-10 03:30,5,1,4,0,0,0
2021-09-10 03:45,0,0,0,0,0,0
2021-09-10 04:00,6,2,4,0,0,0
2021-09-10 04:15,0,0,0,0,0,0
2021-09-10 04:30,8,2,6,0,0,0
2021-09-10 04:45,6,2,4,0,0,0
2021-09-10 05:00,5,2,3,0,0,0
2021-09-10 05:15,18,12,6,0,0,0
2021-09-10 05:30,9,6,3,0,0,0
2021-09-10 05:45,14,10,4,0,0,0
2021-09-10 06:00,20,7,13,0,0,0
2021-09-10 06:15,25,9,16,0,0,0
2021-09-10 06:30,42,15,27,0,0,0
2021-09-10 06:45,78,41,37,0,0,0
2021-09-10 07:00,71,39,32,0,0,0
2021-09-10 07:15,93,48,45,0,0,0
2021-09-10 07:30,112,52,60,0,0,0
2021-09-10 07:45,176,80,96,0,0,0
2021-09-10 08:00,140,56,84,0,0,0
2021-09-10 08:15,123,63,60,0,0,0
2021-09-10 08:30,114,63,51,0,0,0
2021-09-10 08:45,116,54,62,0,0,0
2021-09-10 09:00,91,41,50,0,0,0
2021-09-10 09:15,87,36,51,0,0,0
2021-09-10 09:30,111,34,77,0,0,0
2021-09-10 09:45,113,50,63,0,0,0
2021-09-10 10:00,95,40,55,0,0,0
2021-09-10 10:15,99,45,54,0,0,0
2021-09-10 10:30,89,44,45,0,0,0
2021-09-10 10:45,102,39,63,0,0,0
2021-09-10 11:00,94,38,56,0,0,0
2021-09-10 11:15,108,41,67,0,0,0
2021-09-10 11:30,100,33,67,0,0,0
2021-09-10 11:45,121,51,70,0,0,0
2021-09-10 12:00,127,62,65,0,0,0
2021-09-10 12:15,106,47,59,0,0,0
2021-09-10 12:30,133,77,56,0,0,0
2021-09-10 12:45,119,56,63,0,0,0
2021-09-10 13:00,133,48,85,0,0,0
2021-09-10 13:15,139,67,72,0,0,0
2021-09-10 13:30,166,88,78,0,0,0
2021-09-10 13:45,130,55,75,0,0,0
2021-09-10 14:00,151,78,73,0,0,0
2021-09-10 14:15,147,72,75,0,0,0
2021-09-10 14:30,151,72,79,0,0,0
2021-09-10 14:45,124,59,65,0,0,0
2021-09-10 15:00,140,77,63,0,0,0
2021-09-10 15:15,128,62,66,0,0,0
2021-09-10 15:30,136,62,74,0,0,0
2021-09-10 15:45,120,67,53,0,0,0
2021-09-10 16:00,148,73,75,0,0,0
2021-09-10 16:15,120,62,58,0,0,0
2021-09-10 16:30,121,53,68,0,0,0
2021-09-10 16:45,112,54,58,0,0,0
2021-09-10 17:00,122,62,60,0,0,0
2021-09-10 17:15,104,55,49,0,0,0
2021-09-10 17:30,114,58,56,0,0,0
2021-09-10 17:45,106,60,46,0,0,0
2021-09-10 18:00,90,43,47,0,0,0
2021-09-10 18:15,110,42,68,0,0,0
2021-09-10 18:30,83,39,44,0,0,0
2021-09-10 18:45,127,69,58,0,0,0
2021-09-10 19:00,110,50,60,0,0,0
2021-09-10 19:15,91,51,40,0,0,0
2021-09-10 19:30,89,48,41,0,0,0
2021-09-10 19:45,103,39,64,0,0,0
2021-09-10 20:00,102,44,58,0,0,0
2021-09-10 20:15,111,60,51,0,0,0
2021-09-10 20:30,76,42,34,0,0,0
2021-09-10 20:45,51,19,32,0,0,0
2021-09-10 21:00,65,32,33,0,0,0
2021-09-10 21:15,60,27,33,0,0,0
2021-09-10 21:30,56,34,22,0,0,0
2021-09-10 21:45,40,18,22,0,0,0
2021-09-10 22:00,55,19,36,0,0,0
2021-09-10 22:15,73,39,34,0,0,0
2021-09-10 22:30,74,21,53,0,0,0
2021-09-10 22:45,69,28,41,0,0,0
2021-09-10 23:00,39,29,10,0,0,0
2021-09-10 23:15,52,16,36,0,0,0
2021-09-10 23:30,50,21,29,0,0,0
2021-09-10 23:45,39,30,9,0,0,0
2021-09-11 00:00,41,24,17,0,0,0
2021-09-11 00:15,40,20,20,0,0,0
2021-09-11 00:30,46,26,20,0,0,0
2021-09-11 00:45,55,13,42,0,0,0
2021-09-11 01:00,50,24,26,0,0,0
2021-09-11 01:15,41,10,31,0,0,0
2021-09-11 01:30,40,8,32,0,0,0
2021-09-11 01:45,29,6,23,0,0,0
2021-09-11 02:00,21,8,13,0,0,0
2021-09-11 02:15,23,4,19,0,0,0
2021-09-11 02:30,12,4,8,0,0,0
2021-09-11 02:45,26,11,15,0,0,0
2021-09-11 03:00,21,10,11,0,0,0
2021-09-11 03:15,12,6,6,0,0,0
2021-09-11 03:30,15,4,11,0,0,0
2021-09-11 03:45,23,6,17,0,0,0
2021-09-11 04:00,13,2,11,0,0,0
2021-09-11 04:15,20,6,14,0,0,0
2021-09-11 04:30,17,2,15,0,0,0
2021-09-11 04:45,12,1,11,0,0,0
2021-09-11 05:00,3,1,2,0,0,0
2021-09-11 05:15,26,4,22,0,0,0
2021-09-11 05:30,16,3,13,0,0,0
2021-09-11 05:45,14,0,14,0,0,0
2021-09-11 06:00,9,2,7,0,0,0
2021-09-11 06:15,9,3,6,0,0,0
2021-09-11 06:30,8,1,7,0,0,0
2021-09-11 06:45,14,4,10,0,0,0
2021-09-11 07:00,13,7,6,0,0,0
2021-09-11 07:15,23,9,14,0,0,0
2021-09-11 07:30,11,8,3,0,0,0
2021-09-11 07:45,25,14,11,0,0,0
2021-09-11 08:00,26,14,12,0,0,0
2021-09-11 08:15,39,15,24,0,0,0
2021-09-11 08:30,39,21,18,0,0,0
2021-09-11 08:45,49,25,24,0,0,0
2021-09-11 09:00,34,14,20,0,0,0
2021-09-11 09:15,62,27,35,0,0,0
2021-09-11 09:30,65,29,36,0,0,0
2021-09-11 09:45,88,38,50,0,0,0
2021-09-11 10:00,98,37,61,0,0,0
2021-09-11 10:15,66,28,38,0,0,0
2021-09-11 10:30,84,38,46,0,0,0
2021-09-11 10:45,100,47,53,0,0,0
2021-09-11 11:00,93,36,57,0,0,0
2021-09-11 11:15,99,45,54,0,0,0
2021-09-11 11:30,72,29,43,0,0,0
2021-09-11 11:45,87,46,41,0,0,0
2021-09-11 12:00,103,45,58,0,0,0
2021-09-11 12:15,94,39,55,0,0,0
2021-09-11 12:30,106,38,68,0,0,0
2021-09-11 12:45,112,46,66,0,0,0
2021-09-11 13:00,96,40,56,0,0,0
2021-09-11 13:15,108,42,66,0,0,0
2021-09-11 13:30,108,50,58,0,0,0
2021-09-11 13:45,105,62,43,0,0,0
2021-09-11 14:00,102,59,43,0,0,0
2021-09-11 14:15,90,42,48,0,0,0
2021-09-11 14:30,85,51,34,0,0,0
2021-09-11 14:45,123,64,59,0,0,0
2021-09-11 15:00,112,51,61,0,0,0
2021-09-11 15:15,118,54,64,0,0,0
2021-09-11 15:30,110,45,65,0,0,0
2021-09-11 15:45,96,50,46,0,0,0
2021-09-11 16:00,112,58,54,0,0,0
2021-09-11 16:15,81,34,47,0,0,0
2021-09-11 16:30,85,32,53,0,0,0
2021-09-11 16:45,109,56,53,0,0,0
2021-09-11 17:00,112,66,46,0,0,0
2021-09-11 17:15,90,46,44,0,0,0
2021-09-11 17:30,76,37,39,0,0,0
2021-09-11 17:45,108,57,51,0,0,0
2021-09-11 18:00,83,40,43,0,0,0
2021-09-11 18:15,79,48,31,0,0,0
2021-09-11 18:30,98,56,42,0,0,0
2021-09-11 18:45,106,59,47,0,0,0
2021-09-11 19:00,117,66,51,0,0,0
2021-09-11 19:15,106,46,60,0,0,0
2021-09-11 19:30,116,66,50,0,0,0
2021-09-11 19:45,128,62,66,0,0,0
2021-09-11 20:00,105,59,46,0,0,0
2021-09-11 20:15,71,37,34,0,0,0
2021-09-11 20:30,70,38,32,0,0,0
2021-09-11 20:45,70,43,27,0,0,0
2021-09-11 21:00,63,36,27,0,0,0
2021-09-11 21:15,39,16,23,0,0,0
2021-09-11 21:30,40,17,23,0,0,0
2021-09-11 21:45,57,29,28,0,0,0
2021-09-11 22:00,61,31,30,0,0,0
2021-09-11 22:15,60,31,29,0,0,0
2021-09-11 22:30,61,20,41,0,0,0
2021-09-11 22:45,59,26,33,0,0,0
2021-09-11 23:00,67,26,41,0,0,0
2021-09-11 23:15,59,12,47,0,0,0
2021-09-11 23:30,40,21,19,0,0,0
2021-09-11 23:45,47,23,24,0,0,0
2021-09-12 00:00,45,16,29,0,0,0
2021-09-12 00:15,35,20,15,0,0,0
2021-09-12 00:30,47,17,30,0,0,0
2021-09-12 00:45,66,39,27,0,0,0
2021-09-12 01:00,43,19,24,0,0,0
2021-09-12 01:15,39,16,23,0,0,0
2021-09-12 01:30,25,7,18,0,0,0
2021-09-12 01:45,34,19,15,0,0,0
2021-09-12 02:00,22,8,14,0,0,0
2021-09-12 02:15,40,13,27,0,0,0
2021-09-12 02:30,28,4,24,0,0,0
2021-09-12 02:45,24,6,18,0,0,0
2021-09-12 03:00,17,6,11,0,0,0
2021-09-12 03:15,21,4,17,0,0,0
2021-09-12 03:30,14,7,7,0,0,0
2021-09-12 03:45,19,1,18,0,0,0
2021-09-12 04:00,11,3,8,0,0,0
2021-09-12 04:15,22,4,18,0,0,0
2021-09-12 04:30,21,0,21,0,0,0
2021-09-12 04:45,15,4,11,0,0,0
2021-09-12 05:00,6,1,5,0,0,0
2021-09-12 05:15,14,3,11,0,0,0
2021-09-12 05:30,9,0,9,0,0,0
2021-09-12 05:45,4,4,0,0,0,0
2021-09-12 06:00,14,4,10,0,0,0
2021-09-12 06:15,6,2,4,0,0,0
2021-09-12 06:30,15,6,9,0,0,0
2021-09-12 06:45,8,1,7,0,0,0
2021-09-12 07:00,9,2,7,0,0,0
2021-09-12 07:15,10,3,7,0,0,0
2021-09-12 07:30,20,8,12,0,0,0
2021-09-12 07:45,15,5,10,0,0,0
2021-09-12 08:00,28,5,23,0,0,0
2021-09-12 08:15,39,3,36,0,0,0
2021-09-12 08:30,42,5,37,0,0,0
2021-09-12 08:45,49,13,36,0,0,0
2021-09-12 09:00,38,9,29,0,0,0
2021-09-12 09:15,33,22,11,0,0,0
2021-09-12 09:30,45,13,32,0,0,0
2021-09-12 09:45,90,38,52,0,0,0
2021-09-12 10:00,35,16,19,0,0,0
2021-09-12 10:15,54,23,31,0,0,0
2021-09-12 10:30,57,21,36,0,0,0
2021-09-12 10:45,63,21,42,0,0,0
2021-09-12 11:00,61,26,35,0,0,0
2021-09-12 11:15,65,26,39,0,0,0
2021-09-12 11:30,59,24,35,0,0,0
2021-09-12 11:45,56,28,28,0,0,0
2021-09-12 12:00,73,37,36,0,0,0
2021-09-12 12:15,72,35,37,0,0,0
2021-09-12 12:30,73,43,30,0,0,0
2021-09-12 12:45,69,40,29,0,0,0
2021-09-12 13:00,89,43,46,0,0,0
2021-09-12 13:15,80,37,43,0,0,0
2021-09-12 13:30,80,42,38,0,0,0
2021-09-12 13:45,85,50,35,0,0,0
2021-09-12 14:00,101,57,44,0,0,0
2021-09-12 14:15,89,52,37,0,0,0
2021-09-12 14:30,102,62,40,0,0,0
2021-09-12 14:45,107,56,51,0,0,0
2021-09-12 15:00,112,58,54,0,0,0
2021-09-12 15:15,80,37,43,0,0,0
2021-09-12 15:30,99,65,34,0,0,0
2021-09-12 15:45,89,47,42,0,0,0
2021-09-12 16:00,113,41,72,0,0,0
2021-09-12 16:15,84,38,46,0,0,0
2021-09-12 16:30,73,41,32,0,0,0
2021-09-12 16:45,111,60,51,0,0,0
2021-09-12 17:00,89,50,39,0,0,0
2021-09-12 17:15,81,41,40,0,0,0
2021-09-12 17:30,129,76,53,0,0,0
2021-09-12 17:45,112,66,46,0,0,0
2021-09-12 18:00,100,45,55,0,0,0
2021-09-12 18:15,107,45,62,0,0,0
2021-09-12 18:30,81,38,43,0,0,0
2021-09-12 18:45,101,60,41,0,0,0
2021-09-12 19:00,91,54,37,0,0,0
2021-09-12 19:15,81,45,36,0,0,0
2021-09-12 19:30,99,40,59,0,0,0
2021-09-12 19:45,77,35,42,0,0,0
2021-09-12 20:00,68,36,32,0,0,0
2021-09-12 20:15,47,17,30,0,0,0
2021-09-12 20:30,52,21,31,0,0,0
2021-09-12 20:45,47,23,24,0,0,0
2021-09-12 21:00,43,10,33,0,0,0
2021-09-12 21:15,41,17,24,0,0,0
2021-09-12 21:30,35,14,21,0,0,0
2021-09-12 21:45,37,9,28,0,0,0
2021-09-12 22:00,46,14,32,0,0,0
2021-09-12 22:15,62,8,54,0,0,0
2021-09-12 22:30,42,9,33,0,0,0
2021-09-12 22:45,34,11,23,0,0,0
2021-09-12 23:00,20,6,14,0,0,0
2021-09-12 23:15,22,6,16,0,0,0
2021-09-12 23:30,23,8,15,0,0,0
2021-09-12 23:45,10,2,8,0,0,0
2021-09-13 00:00,7,3,4,0,0,0
2021-09-13 00:15,11,3,8,0,0,0
2021-09-13 00:30,12,2,10,0,0,0
2021-09-13 00:45,10,3,7,0,0,0
2021-09-13 01:00,4,3,1,0,0,0
2021-09-13 01:15,3,1,2,0,0,0
2021-09-13 01:30,1,0,1,0,0,0
2021-09-13 01:45,3,1,2,0,0,0
2021-09-13 02:00,1,1,0,0,0,0
2021-09-13 02:15,1,0,1,0,0,0
2021-09-13 02:30,2,2,0,0,0,0
2021-09-13 02:45,0,0,0,0,0,0
2021-09-13 03:00,0,0,0,0,0,0
2021-09-13 03:15,1,1,0,0,0,0
2021-09-13 03:30,0,0,0,0,0,0
2021-09-13 03:45,0,0,0,0,0,0
2021-09-13 04:00,1,1,0,0,0,0
2021-09-13 04:15,2,2,0,0,0,0
2021-09-13 04:30,6,5,1,0,0,0
2021-09-13 04:45,9,2,7,0,0,0
2021-09-13 05:00,2,0,2,0,0,0
2021-09-13 05:15,6,5,1,0,0,0
2021-09-13 05:30,19,10,9,0,0,0
2021-09-13 05:45,19,10,9,0,0,0
2021-09-13 06:00,11,6,5,0,0,0
2021-09-13 06:15,30,10,20,0,0,0
2021-09-13 06:30,63,31,32,0,0,0
2021-09-13 06:45,82,44,38,0,0,0
2021-09-13 07:00,93,48,45,0,0,0
2021-09-13 07:15,77,47,30,0,0,0
2021-09-13 07:30,139,74,65,0,0,0
2021-09-13 07:45,214,95,119,0,0,0
2021-09-13 08:00,158,84,74,0,0,0
2021-09-13 08:15,153,83,70,0,0,0
2021-09-13 08:30,131,64,67,0,0,0
2021-09-13 08:45,135,73,62,0,0,0
2021-09-13 09:00,101,40,61,0,0,0
2021-09-13 09:15,95,42,53,0,0,0
2021-09-13 09:30,72,39,33,0,0,0
2021-09-13 09:45,92,35,57,0,0,0
2021-09-13 10:00,79,34,45,0,0,0
2021-09-13 10:15,102,45,57,0,0,0
2021-09-13 10:30,93,34,59,0,0,0
2021-09-13 10:45,92,34,58,0,0,0
2021-09-13 11:00,90,39,51,0,0,0
2021-09-13 11:15,98,47,51,0,0,0
2021-09-13 11:30,105,47,58,0,0,0
2021-09-13 11:45,105,42,63,0,0,0
2021-09-13 12:00,99,56,43,0,0,0
2021-09-13 12:15,105,52,53,0,0,0
2021-09-13 12:30,138,55,83,0,0,0
2021-09-13 12:45,141,63,78,0,0,0
2021-09-13 13:00,118,54,64,0,0,0
2021-09-13 13:15,125,58,67,0,0,0
2021-09-13 13:30,146,75,71,0,0,0
2021-09-13 13:45,130,63,67,0,0,0
2021-09-13 14:00,125,56,69,0,0,0
2021-09-13 14:15,128,76,52,0,0,0
2021-09-13 14:30,135,72,63,0,0,0
2021-09-13 14:45,129,56,73,0,0,0
2021-09-13 15:00,124,59,65,0,0,0
2021-09-13 15:15,119,52,67,0,0,0
2021-09-13 15:30,145,69,76,0,0,0
2021-09-13 15:45,154,81,73,0,0,0
2021-09-13 16:00,144,82,62,0,0,0
2021-09-13 16:15,162,77,85,0,0,0
2021-09-13 16:30,136,71,65,0,0,0
2021-09-13 16:45,187,100,87,0,0,0
2021-09-13 17:00,204,108,96,0,0,0
2021-09-13 17:15,206,98,108,0,0,0
2021-09-13 17:30,173,92,81,0,0,0
2021-09-13 17:45,169,105,64,0,0,0
2021-09-13 18:00,159,80,79,0,0,0
2021-09-13 18:15,147,81,66,0,0,0
2021-09-13 18:30,110,46,64,0,0,0
2021-09-13 18:45,123,67,56,0,0,0
2021-09-13 19:00,118,50,68,0,0,0
2021-09-13 19:15,123,65,58,0,0,0
2021-09-13 19:30,139,70,69,0,0,0
2021-09-13 19:45,98,48,50,0,0,0
2021-09-13 20:00,100,44,56,0,0,0
2021-09-13 20:15,64,30,34,0,0,0
2021-09-13 20:30,52,31,21,0,0,0
2021-09-13 20:45,66,40,26,0,0,0
2021-09-13 21:00,48,29,19,0,0,0
2021-09-13 21:15,52,21,31,0,0,0
2021-09-13 21:30,50,26,24,0,0,0
2021-09-13 21:45,53,20,33,0,0,0
2021-09-13 22:00,46,19,27,0,0,0
2021-09-13 22:15,49,16,33,0,0,0
2021-09-13 22:30,56,18,38,0,0,0
2021-09-13 22:45,30,11,19,0,0,0
2021-09-13 23:00,39,6,33,0,0,0
2021-09-13 23:15,26,8,18,0,0,0
2021-09-13 23:30,19,7,12,0,0,0
2021-09-13 23:45,15,5,10,0,0,0
2021-09-14 00:00,15,6,9,0,0,0
2021-09-14 00:15,7,4,3,0,0,0
2021-09-14 00:30,10,3,7,0,0,0
2021-09-14 00:45,7,1,6,0,0,0
2021-09-14 01:00,3,2,1,0,0,0
2021-09-14 01:15,6,3,3,0,0,0
2021-09-14 01:30,7,6,1,0,0,0
2021-09-14 01:45,3,1,2,0,0,0
2021-09-14 02:00,4,0,4,0,0,0
2021-09-14 02:15,1,0,1,0,0,0
2021-09-14 02:30,0,0,0,0,0,0
2021-09-14 02:45,2,0,2,0,0,0
2021-09-14 03:00,1,0,1,0,0,0
2021-09-14 03:15,3,2,1,0,0,0
2021-09-14 03:30,3,2,1,0,0,0
2021-09-14 03:45,3,1,2,0,0,0
2021-09-14 04:00,5,2,3,0,0,0
2021-09-14 04:15,4,3,1,0,0,0
2021-09-14 04:30,7,3,4,0,0,0
2021-09-14 04:45,5,1,4,0,0,0
2021-09-14 05:00,3,1,2,0,0,0
2021-09-14 05:15,8,5,3,0,0,0
2021-09-14 05:30,17,12,5,0,0,0
2021-09-14 05:45,29,21,8,0,0,0
2021-09-14 06:00,24,14,10,0,0,0
2021-09-14 06:15,37,15,22,0,0,0
2021-09-14 06:30,51,23,28,0,0,0
2021-09-14 06:45,83,57,26,0,0,0
2021-09-14 07:00,76,42,34,0,0,0
2021-09-14 07:15,92,53,39,0,0,0
2021-09-14 07:30,171,93,78,0,0,0
2021-09-14 07:45,197,105,92,0,0,0
2021-09-14 08:00,160,62,98,0,0,0
2021-09-14 08:15,142,57,85,0,0,0
2021-09-14 08:30,132,68,64,0,0,0
2021-09-14 08:45,136,66,70,0,0,0
2021-09-14 09:00,85,47,38,0,0,0
2021-09-14 09:15,107,53,54,0,0,0
2021-09-14 09:30,98,41,57,0,0,0
2021-09-14 09:45,91,44,47,0,0,0
2021-09-14 10:00,82,36,46,0,0,0
2021-09-14 10:15,85,33,52,0,0,0
2021-09-14 10:30,99,35,64,0,0,0
2021-09-14 10:45,96,45,51,0,0,0
2021-09-14 11:00,104,47,57,0,0,0
2021-09-14 11:15,91,38,53,0,0,0
2021-09-14 11:30,94,51,43,0,0,0
2021-09-14 11:45,122,52,70,0,0,0
2021-09-14 12:00,117,54,63,0,0,0
2021-09-14 12:15,120,64,56,0,0,0
2021-09-14 12:30,142,76,66,0,0,0
2021-09-14 12:45,119,57,62,0,0,0
2021-09-14 13:00,144,86,58,0,0,0
2021-09-14 13:15,131,60,71,0,0,0
2021-09-14 13:30,147,80,67,0,0,0
2021-09-14 13:45,120,60,60,0,0,0
2021-09-14 14:00,116,55,61,0,0,0
2021-09-14 14:15,141,66,75,0,0,0
2021-09-14 14:30,137,72,65,0,0,0
2021-09-14 14:45,149,75,74,0,0,0
2021-09-14 15:00,161,86,75,0,0,0
2021-09-14 15:15,128,60,68,0,0,0
2021-09-14 15:30,157,84,73,0,0,0
2021-09-14 15:45,151,77,74,0,0,0
2021-09-14 16:00,196,91,105,0,0,0
2021-09-14 16:15,187,94,93,0,0,0
2021-09-14 16:30,179,80,99,0,0,0
2021-09-14 16:45,209,107,102,0,0,0
2021-09-14 17:00,178,69,109,0,0,0
2021-09-14 17:15,166,86,80,0,0,0
2021-09-14 17:30,187,88,99,0,0,0
2021-09-14 17:45,194,86,108,0,0,0
2021-09-14 18:00,206,86,120,0,0,0
2021-09-14 18:15,138,59,79,0,0,0
2021-09-14 18:30,137,78,59,0,0,0
2021-09-14 18:45,135,78,57,0,0,0
2021-09-14 19:00,137,72,65,0,0,0
2021-09-14 19:15,110,73,37,0,0,0
2021-09-14 19:30,92,41,51,0,0,0
2021-09-14 19:45,118,55,63,0,0,0
2021-09-14 20:00,114,53,61,0,0,0
2021-09-14 20:15,84,47,37,0,0,0
2021-09-14 20:30,87,30,57,0,0,0
2021-09-14 20:45,72,30,42,0,0,0
2021-09-14 21:00,56,21,35,0,0,0
2021-09-14 21:15,63,22,41,0,0,0
2021-09-14 21:30,52,22,30,0,0,0
2021-09-14 21:45,60,22,38,0,0,0
2021-09-14 22:00,59,27,32,0,0,0
2021-09-14 22:15,66,23,43,0,0,0
2021-09-14 22:30,43,13,30,0,0,0
2021-09-14 22:45,24,8,16,0,0,0
2021-09-14 23:00,38,16,22,0,0,0
2021-09-14 23:15,42,21,21,0,0,0
2021-09-14 23:30,17,7,10,0,0,0
2021-09-14 23:45,27,9,18,0,0,0
2021-09-15 00:00,12,2,10,0,0,0
2021-09-15 00:15,11,2,9,0,0,0
2021-09-15 00:30,8,5,3,0,0,0
2021-09-15 00:45,8,1,7,0,0,0
2021-09-15 01:00,6,5,1,0,0,0
2021-09-15 01:15,9,0,9,0,0,0
2021-09-15 01:30,5,1,4,0,0,0
2021-09-15 01:45,5,1,4,0,0,0
2021-09-15 02:00,1,0,1,0,0,0
2021-09-15 02:15,2,2,0,0,0,0
2021-09-15 02:30,5,0,5,0,0,0
2021-09-15 02:45,1,0,1,0,0,0
2021-09-15 03:00,0,0,0,0,0,0
2021-09-15 03:15,3,0,3,0,0,0
2021-09-15 03:30,5,2,3,0,0,0
2021-09-15 03:45,2,0,2,0,0,0
2021-09-15 04:00,3,1,2,0,0,0
2021-09-15 04:15,4,2,2,0,0,0
2021-09-15 04:30,5,3,2,0,0,0
2021-09-15 04:45,5,4,1,0,0,0
2021-09-15 05:00,6,3,3,0,0,0
2021-09-15 05:15,7,4,3,0,0,0
2021-09-15 05:30,23,5,18,0,0,0
2021-09-15 05:45,26,16,10,0,0,0
2021-09-15 06:00,25,16,9,0,0,0
2021-09-15 06:15,28,11,17,0,0,0
2021-09-15 06:30,49,21,28,0,0,0
2021-09-15 06:45,66,37,29,0,0,0
2021-09-15 07:00,72,42,30,0,0,0
2021-09-15 07:15,79,33,46,0,0,0
2021-09-15 07:30,125,63,62,0,0,0
2021-09-15 07:45,168,73,95,0,0,0
2021-09-15 08:00,156,60,96,0,0,0
2021-09-15 08:15,111,52,59,0,0,0
2021-09-15 08:30,107,53,54,0,0,0
2021-09-15 08:45,101,42,59,0,0,0
2021-09-15 09:00,90,35,55,0,0,0
2021-09-15 09:15,65,27,38,0,0,0
2021-09-15 09:30,63,19,44,0,0,0
2021-09-15 09:45,82,26,56,0,0,0
2021-09-15 10:00,66,22,44,0,0,0
2021-09-15 10:15,60,23,37,0,0,0
2021-09-15 10:30,91,33,58,0,0,0
2021-09-15 10:45,87,27,60,0,0,0
2021-09-15 11:00,62,21,41,0,0,0
2021-09-15 11:15,80,28,52,0,0,0
2021-09-15 11:30,72,24,48,0,0,0
2021-09-15 11:45,83,22,61,0,0,0
2021-09-15 12:00,65,22,43,0,0,0
2021-09-15 12:15,82,31,51,0,0,0
2021-09-15 12:30,92,43,49,0,0,0
2021-09-15 12:45,85,31,54,0,0,0
2021-09-15 13:00,71,29,42,0,0,0
2021-09-15 13:15,62,21,41,0,0,0
2021-09-15 13:30,108,49,59,0,0,0
2021-09-15 13:45,113,50,63,0,0,0
2021-09-15 14:00,89,33,56,0,0,0
2021-09-15 14:15,89,46,43,0,0,0
2021-09-15 14:30,100,43,57,0,0,0
2021-09-15 14:45,97,49,48,0,0,0
2021-09-15 15:00,76,42,34,0,0,0
2021-09-15 15:15,98,44,54,0,0,0
2021-09-15 15:30,123,64,59,0,0,0
2021-09-15 15:45,116,59,57,0,0,0
2021-09-15 16:00,137,60,77,0,0,0
2021-09-15 16:15,141,76,65,0,0,0
2021-09-15 16:30,136,56,80,0,0,0
2021-09-15 16:45,141,63,78,0,0,0
2021-09-15 17:00,135,59,76,0,0,0
2021-09-15 17:15,152,65,87,0,0,0
2021-09-15 17:30,142,53,89,0,0,0
2021-09-15 17:45,134,60,74,0,0,0
2021-09-15 18:00,142,68,74,0,0,0
2021-09-15 18:15,131,52,79,0,0,0
2021-09-15 18:30,116,43,73,0,0,0
2021-09-15 18:45,111,58,53,0,0,0
2021-09-15 19:00,105,54,51,0,0,0
2021-09-15 19:15,110,52,58,0,0,0
2021-09-15 19:30,108,50,58,0,0,0
2021-09-15 19:45,86,47,39,0,0,0
2021-09-15 20:00,81,46,35,0,0,0
2021-09-15 20:15,67,40,27,0,0,0
2021-09-15 20:30,57,26,31,0,0,0
2021-09-15 20:45,64,28,36,0,0,0
2021-09-15 21:00,48,28,20,0,0,0
2021-09-15 21:15,58,33,25,0,0,0
2021-09-15 21:30,69,37,32,0,0,0
2021-09-15 21:45,62,28,34,0,0,0
2021-09-15 22:00,48,12,36,0,0,0
2021-09-15 22:15,40,14,26,0,0,0
2021-09-15 22:30,47,20,27,0,0,0
2021-09-15 22:45,55,13,42,0,0,0
2021-09-15 23:00,46,11,35,0,0,0
2021-09-15 23:15,42,12,30,0,0,0
2021-09-15 23:30,34,13,21,0,0,0
2021-09-15 23:45,32,9,23,0,0,0
2021-09-16 00:00,21,5,16,0,0,0
2021-09-16 00:15,9,6,3,0,0,0
2021-09-16 00:30,11,2,9,0,0,0
2021-09-16 00:45,14,1,13,0,0,0
2021-09-16 01:00,7,4,3,0,0,0
2021-09-16 01:15,11,3,8,0,0,0
2021-09-16 01:30,7,5,2,0,0,0
2021-09-16 01:45,6,1,5,0,0,0
2021-09-16 02:00,4,0,4,0,0,0
2021-09-16 02:15,6,2,4,0,0,0
2021-09-16 02:30,11,2,9,0,0,0
2021-09-16 02:45,7,5,2,0,0,0
2021-09-16 03:00,7,1,6,0,0,0
2021-09-16 03:15,17,0,17,0,0,0
2021-09-16 03:30,6,3,3,0,0,0
2021-09-16 03:45,0,0,0,0,0,0
2021-09-16 04:00,4,0,4,0,0,0
2021-09-16 04:15,2,2,0,0,0,0
2021-09-16 04:30,5,2,3,0,0,0
2021-09-16 04:45,7,5,2,0,0,0
2021-09-16 05:00,4,2,2,0,0,0
2021-09-16 05:15,6,2,4,0,0,0
2021-09-16 05:30,15,8,7,0,0,0
2021-09-16 05:45,17,8,9,0,0,0
2021-09-16 06:00,22,6,16,0,0,0
2021-09-16 06:15,38,18,20,0,0,0
2021-09-16 06:30,46,24,22,0,0,0
2021-09-16 06:45,79,45,34,0,0,0
2021-09-16 07:00,92,48,44,0,0,0
2021-09-16 07:15,94,48,46,0,0,0
2021-09-16 07:30,142,70,72,0,0,0
2021-09-16 07:45,203,110,93,0,0,0
2021-09-16 08:00,148,76,72,0,0,0
2021-09-16 08:15,131,76,55,0,0,0
2021-09-16 08:30,132,67,65,0,0,0
2021-09-16 08:45,132,61,71,0,0,0
2021-09-16 09:00,86,47,39,0,0,0
2021-09-16 09:15,67,26,41,0,0,0
2021-09-16 09:30,79,31,48,0,0,0
2021-09-16 09:45,92,43,49,0,0,0
2021-09-16 10:00,87,38,49,0,0,0
2021-09-16 10:15,94,43,51,0,0,0
2021-09-16 10:30,72,32,40,0,0,0
2021-09-16 10:45,112,52,60,0,0,0
2021-09-16 11:00,84,38,46,0,0,0
2021-09-16 11:15,79,39,40,0,0,0
2021-09-16 11:30,96,41,55,0,0,0
2021-09-16 11:45,123,55,68,0,0,0
2021-09-16 12:00,109,52,57,0,0,0
2021-09-16 12:15,122,69,53,0,0,0
2021-09-16 12:30,139,80,59,0,0,0
2021-09-16 12:45,145,61,84,0,0,0
2021-09-16 13:00,146,66,80,0,0,0
2021-09-16 13:15,121,57,64,0,0,0
2021-09-16 13:30,121,55,66,0,0,0
2021-09-16 13:45,148,75,73,0,0,0
2021-09-16 14:00,127,68,59,0,0,0
2021-09-16 14:15,127,70,57,0,0,0
2021-09-16 14:30,126,71,55,0,0,0
2021-09-16 14:45,136,71,65,0,0,0
2021-09-16 15:00,135,60,75,0,0,0
2021-09-16 15:15,151,70,81,0,0,0
2021-09-16 15:30,150,71,79,0,0,0
2021-09-16 15:45,129,60,69,0,0,0
2021-09-16 16:00,135,75,60,0,0,0
2021-09-16 16:15,133,68,65,0,0,0
2021-09-16 16:30,158,78,80,0,0,0
2021-09-16 16:45,178,77,101,0,0,0
2021-09-16 17:00,174,101,73,0,0,0
2021-09-16 17:15,194,99,95,0,0,0
2021-09-16 17:30,153,75,78,0,0,0
2021-09-16 17:45,169,89,80,0,0,0
2021-09-16 18:00,163,79,84,0,0,0
2021-09-16 18:15,151,78,73,0,0,0
2021-09-16 18:30,114,51,63,0,0,0
2021-09-16 18:45,139,88,51,0,0,0
2021-09-16 19:00,140,70,70,0,0,0
2021-09-16 19:15,142,87,55,0,0,0
2021-09-16 19:30,116,56,60,0,0,0
2021-09-16 19:45,111,52,59,0,0,0
2021-09-16 20:00,96,52,44,0,0,0
2021-09-16 20:15,75,34,41,0,0,0
2021-09-16 20:30,82,44,38,0,0,0
2021-09-16 20:45,72,29,43,0,0,0
2021-09-16 21:00,57,26,31,0,0,0
2021-09-16 21:15,62,26,36,0,0,0
2021-09-16 21:30,52,22,30,0,0,0
2021-09-16 21:45,50,28,22,0,0,0
2021-09-16 22:00,60,28,32,0,0,0
2021-09-16 22:15,42,10,32,0,0,0
2021-09-16 22:30,49,11,38,0,0,0
2021-09-16 22:45,41,14,27,0,0,0
2021-09-16 23:00,31,11,20,0,0,0
2021-09-16 23:15,31,8,23,0,0,0
2021-09-16 23:30,21,7,14,0,0,0
2021-09-16 23:45,33,7,26,0,0,0
2021-09-17 00:00,18,2,16,0,0,0
2021-09-17 00:15,21,4,17,0,0,0
2021-09-17 00:30,13,4,9,0,0,0
2021-09-17 00:45,13,8,5,0,0,0
2021-09-17 01:00,11,2,9,0,0,0
2021-09-17 01:15,8,3,5,0,0,0
2021-09-17 01:30,5,0,5,0,0,0
2021-09-17 01:45,3,1,2,0,0,0
2021-09-17 02:00,5,1,4,0,0,0
2021-09-17 02:15,1,0,1,0,0,0
2021-09-17 02:30,4,1,3,0,0,0
2021-09-17 02:45,0,0,0,0,0,0
2021-09-17 03:00,4,3,1,0,0,0
2021-09-17 03:15,1,0,1,0,0,0
2021-09-17 03:30,0,0,0,0,0,0
2021-09-17 03:45,1,0,1,0,0,0
2021-09-17 04:00,2,1,1,0,0,0
2021-09-17 04:15,9,3,6,0,0,0
2021-09-17 04:30,6,1,5,0,0,0
2021-09-17 04:45,6,2,4,0,0,0
2021-09-17 05:00,5,1,4,0,0,0
2021-09-17 05:15,6,3,3,0,0,0
2021-09-17 05:30,13,7,6,0,0,0
2021-09-17 05:45,18,12,6,0,0,0
2021-09-17 06:00,21,6,15,0,0,0
2021-09-17 06:15,22,11,11,0,0,0
2021-09-17 06:30,55,22,33,0,0,0
2021-09-17 06:45,70,38,32,0,0,0
2021-09-17 07:00,74,42,32,0,0,0
2021-09-17 07:15,107,53,54,0,0,0
2021-09-17 07:30,133,74,59,0,0,0
2021-09-17 07:45,159,69,90,0,0,0
2021-09-17 08:00,151,75,76,0,0,0
2021-09-17 08:15,118,55,63,0,0,0
2021-09-17 08:30,124,61,63,0,0,0
2021-09-17 08:45,150,79,71,0,0,0
2021-09-17 09:00,74,29,45,0,0,0
2021-09-17 09:15,78,33,45,0,0,0
2021-09-17 09:30,79,32,47,0,0,0
2021-09-17 09:45,114,50,64,0,0,0
2021-09-17 10:00,82,34,48,0,0,0
2021-09-17 10:15,100,43,57,0,0,0
2021-09-17 10:30,90,29,61,0,0,0
2021-09-17 10:45,86,39,47,0,0,0
2021-09-17 11:00,105,36,69,0,0,0
2021-09-17 11:15,90,42,48,0,0,0
2021-09-17 11:30,91,50,41,0,0,0
2021-09-17 11:45,112,57,55,0,0,0
2021-09-17 12:00,134,65,69,0,0,0
2021-09-17 12:15,118,57,61,0,0,0
2021-09-17 12:30,154,72,82,0,0,0
2021-09-17 12:45,157,71,86,0,0,0
2021-09-17 13:00,160,77,83,0,0,0
2021-09-17 13:15,114,48,66,0,0,0
2021-09-17 13:30,145,74,71,0,0,0
2021-09-17 13:45,141,78,63,0,0,0
2021-09-17 14:00,128,53,75,0,0,0
2021-09-17 14:15,137,78,59,0,0,0
2021-09-17 14:30,142,74,68,0,0,0
2021-09-17 14:45,146,67,79,0,0,0
2021-09-17 15:00,126,71,55,0,0,0
2021-09-17 15:15,118,68,50,0,0,0
2021-09-17 15:30,114,47,67,0,0,0
2021-09-17 15:45,144,84,60,0,0,0
2021-09-17 16:00,119,69,50,0,0,0
2021-09-17 16:15,132,61,71,0,0,0
2021-09-17 16:30,128,81,47,0,0,0
2021-09-17 16:45,124,63,61,0,0,0
2021-09-17 17:00,126,54,72,0,0,0
2021-09-17 17:15,135,82,53,0,0,0
2021-09-17 17:30,137,74,63,0,0,0
2021-09-17 17:45,159,67,92,0,0,0
2021-09-17 18:00,106,57,49,0,0,0
2021-09-17 18:15,133,73,60,0,0,0
2021-09-17 18:30,90,51,39,0,0,0
2021-09-17 18:45,138,84,54,0,0,0
2021-09-17 19:00,118,59,59,0,0,0
2021-09-17 19:15,123,73,50,0,0,0
2021-09-17 19:30,113,56,57,0,0,0
2021-09-17 19:45,126,73,53,0,0,0
2021-09-17 20:00,95,46,49,0,0,0
2021-09-17 20:15,117,69,48,0,0,0
2021-09-17 20:30,64,33,31,0,0,0
2021-09-17 20:45,76,29,47,0,0,0
2021-09-17 21:00,52,25,27,0,0,0
2021-09-17 21:15,60,26,34,0,0,0
2021-09-17 21:30,59,18,41,0,0,0
2021-09-17 21:45,60,25,35,0,0,0
2021-09-17 22:00,60,25,35,0,0,0
2021-09-17 22:15,43,20,23,0,0,0
2021-09-17 22:30,57,17,40,0,0,0
2021-09-17 22:45,49,12,37,0,0,0
2021-09-17 23:00,63,26,37,0,0,0
2021-09-17 23:15,47,12,35,0,0,0
2021-09-17 23:30,68,33,35,0,0,0
2021-09-17 23:45,62,14,48,0,0,0
2021-09-18 00:00,45,24,21,0,0,0
2021-09-18 00:15,46,12,34,0,0,0
2021-09-18 00:30,55,26,29,0,0,0
2021-09-18 00:45,30,11,19,0,0,0
2021-09-18 01:00,57,15,42,0,0,0
2021-09-18 01:15,42,17,25,0,0,0
2021-09-18 01:30,35,11,24,0,0,0
2021-09-18 01:45,35,12,23,0,0,0
2021-09-18 02:00,24,5,19,0,0,0
2021-09-18 02:15,29,9,20,0,0,0
2021-09-18 02:30,29,5,24,0,0,0
2021-09-18 02:45,33,12,21,0,0,0
2021-09-18 03:00,29,6,23,0,0,0
2021-09-18 03:15,15,2,13,0,0,0
2021-09-18 03:30,24,7,17,0,0,0
2021-09-18 03:45,25,6,19,0,0,0
2021-09-18 04:00,22,4,18,0,0,0
2021-09-18 04:15,9,2,7,0,0,0
2021-09-18 04:30,15,3,12,0,0,0
2021-09-18 04:45,9,1,8,0,0,0
2021-09-18 05:00,1,0,1,0,0,0
2021-09-18 05:15,15,0,15,0,0,0
2021-09-18 05:30,12,1,11,0,0,0
2021-09-18 05:45,19,4,15,0,0,0
2021-09-18 06:00,14,2,12,0,0,0
2021-09-18 06:15,18,5,13,0,0,0
2021-09-18 06:30,12,3,9,0,0,0
2021-09-18 06:45,11,1,10,0,0,0
2021-09-18 07:00,17,7,10,0,0,0
2021-09-18 07:15,13,5,8,0,0,0
2021-09-18 07:30,32,13,19,0,0,0
2021-09-18 07:45,26,17,9,0,0,0
2021-09-18 08:00,21,8,13,0,0,0
2021-09-18 08:15,26,15,11,0,0,0
2021-09-18 08:30,44,19,25,0,0,0
2021-09-18 08:45,53,15,38,0,0,0
2021-09-18 09:00,42,9,33,0,0,0
2021-09-18 09:15,47,19,28,0,0,0
2021-09-18 09:30,59,19,40,0,0,0
2021-09-18 09:45,68,28,40,0,0,0
2021-09-18 10:00,60,22,38,0,0,0
2021-09-18 10:15,75,28,47,0,0,0
2021-09-18 10:30,71,24,47,0,0,0
2021-09-18 10:45,85,44,41,0,0,0
2021-09-18 11:00,86,37,49,0,0,0
2021-09-18 11:15,71,29,42,0,0,0
2021-09-18 11:30,80,35,45,0,0,0
2021-09-18 11:45,85,33,52,0,0,0
2021-09-18 12:00,104,45,59,0,0,0
2021-09-18 12:15,121,65,56,0,0,0
2021-09-18 12:30,90,35,55,0,0,0
2021-09-18 12:45,99,38,61,0,0,0
2021-09-18 13:00,94,40,54,0,0,0
2021-09-18 13:15,75,28,47,0,0,0
2021-09-18 13:30,87,42,45,0,0,0
2021-09-18 13:45,114,65,49,0,0,0
2021-09-18 14:00,87,47,40,0,0,0
2021-09-18 14:15,112,38,74,0,0,0
2021-09-18 14:30,105,69,36,0,0,0
2021-09-18 14:45,108,48,60,0,0,0
2021-09-18 15:00,116,48,68,0,0,0
2021-09-18 15:15,117,59,58,0,0,0
2021-09-18 15:30,92,51,41,0,0,0
2021-09-18 15:45,114,64,50,0,0,0
2021-09-18 16:00,91,49,42,0,0,0
2021-09-18 16:15,87,49,38,0,0,0
2021-09-18 16:30,124,58,66,0,0,0
2021-09-18 16:45,102,62,40,0,0,0
2021-09-18 17:00,105,61,44,0,0,0
2021-09-18 17:15,120,62,58,0,0,0
2021-09-18 17:30,119,74,45,0,0,0
2021-09-18 17:45,136,72,64,0,0,0
2021-09-18 18:00,130,62,68,0,0,0
2021-09-18 18:15,96,59,37,0,0,0
2021-09-18 18:30,101,65,36,0,0,0
2021-09-18 18:45,76,48,28,0,0,0
2021-09-18 19:00,82,33,49,0,0,0
2021-09-18 19:15,90,51,39,0,0,0
2021-09-18 19:30,90,48,42,0,0,0
2021-09-18 19:45,120,75,45,0,0,0
2021-09-18 20:00,119,52,67,0,0,0
2021-09-18 20:15,81,37,44,0,0,0
2021-09-18 20:30,69,39,30,0,0,0
2021-09-18 20:45,57,36,21,0,0,0
2021-09-18 21:00,73,29,44,0,0,0
2021-09-18 21:15,79,32,47,0,0,0
2021-09-18 21:30,66,34,32,0,0,0
2021-09-18 21:45,53,23,30,0,0,0
2021-09-18 22:00,60,28,32,0,0,0
2021-09-18 22:15,47,21,26,0,0,0
2021-09-18 22:30,66,20,46,0,0,0
2021-09-18 22:45,57,20,37,0,0,0
2021-09-18 23:00,57,22,35,0,0,0
2021-09-18 23:15,44,16,28,0,0,0
2021-09-18 23:30,60,24,36,0,0,0
2021-09-18 23:45,58,18,40,0,0,0
2021-09-19 00:00,54,26,28,0,0,0
2021-09-19 00:15,55,31,24,0,0,0
2021-09-19 00:30,37,19,18,0,0,0
2021-09-19 00:45,44,21,23,0,0,0
2021-09-19 01:00,36,22,14,0,0,0
2021-09-19 01:15,47,22,25,0,0,0
2021-09-19 01:30,43,10,33,0,0,0
2021-09-19 01:45,34,17,17,0,0,0
2021-09-19 02:00,31,16,15,0,0,0
2021-09-19 02:15,33,9,24,0,0,0
2021-09-19 02:30,22,5,17,0,0,0
2021-09-19 02:45,22,7,15,0,0,0
2021-09-19 03:00,25,9,16,0,0,0
2021-09-19 03:15,26,10,16,0,0,0
2021-09-19 03:30,18,3,15,0,0,0
2021-09-19 03:45,23,4,19,0,0,0
2021-09-19 04:00,12,4,8,0,0,0
2021-09-19 04:15,21,3,18,0,0,0
2021-09-19 04:30,19,5,14,0,0,0
2021-09-19 04:45,17,1,16,0,0,0
2021-09-19 05:00,9,0,9,0,0,0
2021-09-19 05:15,8,4,4,0,0,0
2021-09-19 05:30,11,2,9,0,0,0
2021-09-19 05:45,11,6,5,0,0,0
2021-09-19 06:00,22,5,17,0,0,0
2021-09-19 06:15,11,7,4,0,0,0
2021-09-19 06:30,6,2,4,0,0,0
2021-09-19 06:45,9,1,8,0,0,0
2021-09-19 07:00,9,1,8,0,0,0
2021-09-19 07:15,12,2,10,0,0,0
2021-09-19 07:30,12,4,8,0,0,0
2021-09-19 07:45,12,3,9,0,0,0
2021-09-19 08:00,16,5,11,0,0,0
2021-09-19 08:15,11,4,7,0,0,0
2021-09-19 08:30,20,5,15,0,0,0
2021-09-19 08:45,24,8,16,0,0,0
2021-09-19 09:00,32,12,20,0,0,0
2021-09-19 09:15,35,14,21,0,0,0
2021-09-19 09:30,29,9,20,0,0,0
2021-09-19 09:45,52,19,33,0,0,0
2021-09-19 10:00,42,7,35,0,0,0
2021-09-19 10:15,44,15,29,0,0,0
2021-09-19 10:30,48,20,28,0,0,0
2021-09-19 10:45,54,18,36,0,0,0
2021-09-19 11:00,33,14,19,0,0,0
2021-09-19 11:15,42,16,26,0,0,0
2021-09-19 11:30,44,20,24,0,0,0
2021-09-19 11:45,47,19,28,0,0,0
2021-09-19 12:00,72,36,36,0,0,0
2021-09-19 12:15,56,24,32,0,0,0
2021-09-19 12:30,72,31,41,0,0,0
2021-09-19 12:45,75,29,46,0,0,0
2021-09-19 13:00,68,34,34,0,0,0
2021-09-19 13:15,74,37,37,0,0,0
2021-09-19 13:30,87,32,55,0,0,0
2021-09-19 13:45,83,29,54,0,0,0
2021-09-19 14:00,62,23,39,0,0,0
2021-09-19 14:15,88,42,46,0,0,0
2021-09-19 14:30,103,39,64,0,0,0
2021-09-19 14:45,79,38,41,0,0,0
2021-09-19 15:00,97,48,49,0,0,0
2021-09-19 15:15,91,48,43,0,0,0
2021-09-19 15:30,73,39,34,0,0,0
2021-09-19 15:45,77,33,44,0,0,0
2021-09-19 16:00,94,31,63,0,0,0
2021-09-19 16:15,69,38,31,0,0,0
2021-09-19 16:30,72,28,44,0,0,0
2021-09-19 16:45,80,38,42,0,0,0
2021-09-19 17:00,98,40,58,0,0,0
2021-09-19 17:15,80,40,40,0,0,0
2021-09-19 17:30,71,21,50,0,0,0
2021-09-19 17:45,96,48,48,0,0,0
2021-09-19 18:00,91,42,49,0,0,0
2021-09-19 18:15,88,32,56,0,0,0
2021-09-19 18:30,78,36,42,0,0,0
2021-09-19 18:45,67,39,28,0,0,0
2021-09-19 19:00,94,39,55,0,0,0
2021-09-19 19:15,78,37,41,0,0,0
2021-09-19 19:30,80,33,47,0,0,0
2021-09-19 19:45,76,32,44,0,0,0
2021-09-19 20:00,89,33,56,0,0,0
2021-09-19 20:15,54,32,22,0,0,0
2021-09-19 20:30,58,25,33,0,0,0
2021-09-19 20:45,30,12,18,0,0,0
2021-09-19 21:00,36,19,17,0,0,0
2021-09-19 21:15,40,23,17,0,0,0
2021-09-19 21:30,47,19,28,0,0,0
2021-09-19 21:45,25,8,17,0,0,0
2021-09-19 22:00,39,12,27,0,0,0
2021-09-19 22:15,32,6,26,0,0,0
2021-09-19 22:30,50,16,34,0,0,0
2021-09-19 22:45,12,6,6,0,0,0
2021-09-19 23:00,22,3,19,0,0,0
2021-09-19 23:15,25,7,18,0,0,0
2021-09-19 23:30,28,3,25,0,0,0
2021-09-19 23:45,20,4,16,0,0,0
2021-09-20 00:00,20,8,12,0,0,0
2021-09-20 00:15,7,5,2,0,0,0
2021-09-20 00:30,8,2,6,0,0,0
2021-09-20 00:45,2,1,1,0,0,0
2021-09-20 01:00,4,3,1,0,0,0
2021-09-20 01:15,4,1,3,0,0,0
2021-09-20 01:30,2,0,2,0,0,0
2021-09-20 01:45,6,1,5,0,0,0
2021-09-20 02:00,7,2,5,0,0,0
2021-09-20 02:15,4,1,3,0,0,0
2021-09-20 02:30,1,1,0,0,0,0
2021-09-20 02:45,0,0,0,0,0,0
2021-09-20 03:00,0,0,0,0,0,0
2021-09-20 03:15,0,0,0,0,0,0
2021-09-20 03:30,0,0,0,0,0,0
2021-09-20 03:45,1,1,0,0,0,0
2021-09-20 04:00,2,2,0,0,0,0
2021-09-20 04:15,0,0,0,0,0,0
2021-09-20 04:30,2,0,2,0,0,0
2021-09-20 04:45,9,4,5,0,0,0
2021-09-20 05:00,3,1,2,0,0,0
2021-09-20 05:15,5,3,2,0,0,0
2021-09-20 05:30,10,5,5,0,0,0
2021-09-20 05:45,17,13,4,0,0,0
2021-09-20 06:00,22,9,13,0,0,0
2021-09-20 06:15,28,12,16,0,0,0
2021-09-20 06:30,61,27,34,0,0,0
2021-09-20 06:45,73,43,30,0,0,0
2021-09-20 07:00,74,44,30,0,0,0
2021-09-20 07:15,96,43,53,0,0,0
2021-09-20 07:30,128,63,65,0,0,0
2021-09-20 07:45,172,93,79,0,0,0
2021-09-20 08:00,170,73,97,0,0,0
2021-09-20 08:15,155,77,78,0,0,0
2021-09-20 08:30,121,66,55,0,0,0
2021-09-20 08:45,144,71,73,0,0,0
2021-09-20 09:00,97,54,43,0,0,0
2021-09-20 09:15,104,39,65,0,0,0
2021-09-20 09:30,61,27,34,0,0,0
2021-09-20 09:45,106,42,64,0,0,0
2021-09-20 10:00,91,43,48,0,0,0
2021-09-20 10:15,92,41,51,0,0,0
2021-09-20 10:30,68,26,42,0,0,0
2021-09-20 10:45,113,48,65,0,0,0
2021-09-20 11:00,79,38,41,0,0,0
2021-09-20 11:15,103,43,60,0,0,0
2021-09-20 11:30,79,35,44,0,0,0
2021-09-20 11:45,116,55,61,0,0,0
2021-09-20 12:00,130,57,73,0,0,0
2021-09-20 12:15,134,67,67,0,0,0
2021-09-20 12:30,122,65,57,0,0,0
2021-09-20 12:45,133,58,75,0,0,0
2021-09-20 13:00,104,40,64,0,0,0
2021-09-20 13:15,137,71,66,0,0,0
2021-09-20 13:30,148,83,65,0,0,0
2021-09-20 13:45,137,67,70,0,0,0
2021-09-20 14:00,134,70,64,0,0,0
2021-09-20 14:15,121,67,54,0,0,0
2021-09-20 14:30,129,68,61,0,0,0
2021-09-20 14:45,115,58,57,0,0,0
2021-09-20 15:00,110,54,56,0,0,0
2021-09-20 15:15,132,68,64,0,0,0
2021-09-20 15:30,138,79,59,0,0,0
2021-09-20 15:45,168,92,76,0,0,0
2021-09-20 16:00,137,73,64,0,0,0
2021-09-20 16:15,147,70,77,0,0,0
2021-09-20 16:30,153,61,92,0,0,0
2021-09-20 16:45,151,68,83,0,0,0
2021-09-20 17:00,157,74,83,0,0,0
2021-09-20 17:15,157,69,88,0,0,0
2021-09-20 17:30,155,66,89,0,0,0
2021-09-20 17:45,184,91,93,0,0,0
2021-09-20 18:00,159,97,62,0,0,0
2021-09-20 18:15,136,66,70,0,0,0
2021-09-20 18:30,122,58,64,0,0,0
2021-09-20 18:45,131,71,60,0,0,0
2021-09-20 19:00,106,54,52,0,0,0
2021-09-20 19:15,154,76,78,0,0,0
2021-09-20 19:30,110,53,57,0,0,0
2021-09-20 19:45,109,60,49,0,0,0
2021-09-20 20:00,97,43,54,0,0,0
2021-09-20 20:15,67,38,29,0,0,0
2021-09-20 20:30,56,24,32,0,0,0
2021-09-20 20:45,54,20,34,0,0,0
2021-09-20 21:00,61,29,32,0,0,0
2021-09-20 21:15,59,20,39,0,0,0
2021-09-20 21:30,47,21,26,0,0,0
2021-09-20 21:45,53,15,38,0,0,0
2021-09-20 22:00,40,17,23,0,0,0
2021-09-20 22:15,47,10,37,0,0,0
2021-09-20 22:30,37,17,20,0,0,0
2021-09-20 22:45,30,8,22,0,0,0
2021-09-20 23:00,18,6,12,0,0,0
2021-09-20 23:15,39,10,29,0,0,0
2021-09-20 23:30,31,7,24,0,0,0
2021-09-20 23:45,23,4,19,0,0,0
2021-09-21 00:00,11,0,11,0,0,0
2021-09-21 00:15,12,6,6,0,0,0
2021-09-21 00:30,10,5,5,0,0,0
2021-09-21 00:45,3,1,2,0,0,0
2021-09-21 01:00,4,4,0,0,0,0
2021-09-21 01:15,3,1,2,0,0,0
2021-09-21 01:30,7,7,0,0,0,0
2021-09-21 01:45,7,3,4,0,0,0
2021-09-21 02:00,6,1,5,0,0,0
2021-09-21 02:15,3,1,2,0,0,0
2021-09-21 02:30,2,1,1,0,0,0
2021-09-21 02:45,2,0,2,0,0,0
2021-09-21 03:00,2,1,1,0,0,0
2021-09-21 03:15,0,0,0,0,0,0
2021-09-21 03:30,0,0,0,0,0,0
2021-09-21 03:45,1,0,1,0,0,0
2021-09-21 04:00,0,0,0,0,0,0
2021-09-21 04:15,2,1,1,0,0,0
2021-09-21 04:30,7,2,5,0,0,0
2021-09-21 04:45,1,0,1,0,0,0
2021-09-21 05:00,3,1,2,0,0,0
2021-09-21 05:15,10,7,3,0,0,0
2021-09-21 05:30,17,8,9,0,0,0
2021-09-21 05:45,26,16,10,0,0,0
2021-09-21 06:00,22,10,12,0,0,0
2021-09-21 06:15,30,13,17,0,0,0
2021-09-21 06:30,60,27,33,0,0,0
2021-09-21 06:45,82,45,37,0,0,0
2021-09-21 07:00,75,41,34,0,0,0
2021-09-21 07:15,96,50,46,0,0,0
2021-09-21 07:30,143,79,64,0,0,0
2021-09-21 07:45,165,74,91,0,0,0
2021-09-21 08:00,147,70,77,0,0,0
2021-09-21 08:15,154,70,84,0,0,0
2021-09-21 08:30,156,85,71,0,0,0
2021-09-21 08:45,139,59,80,0,0,0
2021-09-21 09:00,99,51,48,0,0,0
2021-09-21 09:15,90,49,41,0,0,0
2021-09-21 09:30,94,38,56,0,0,0
2021-09-21 09:45,109,49,60,0,0,0
2021-09-21 10:00,72,28,44,0,0,0
2021-09-21 10:15,70,32,38,0,0,0
2021-09-21 10:30,70,29,41,0,0,0
2021-09-21 10:45,92,36,56,0,0,0
2021-09-21 11:00,86,34,52,0,0,0
2021-09-21 11:15,92,44,48,0,0,0
2021-09-21 11:30,110,55,55,0,0,0
2021-09-21 11:45,118,59,59,0,0,0
2021-09-21 12:00,92,35,57,0,0,0
2021-09-21 12:15,105,46,59,0,0,0
2021-09-21 12:30,112,58,54,0,0,0
2021-09-21 12:45,140,66,74,0,0,0
2021-09-21 13:00,109,48,61,0,0,0
2021-09-21 13:15,142,76,66,0,0,0
2021-09-21 13:30,122,63,59,0,0,0
2021-09-21 13:45,133,74,59,0,0,0
2021-09-21 14:00,104,48,56,0,0,0
2021-09-21 14:15,110,65,45,0,0,0
2021-09-21 14:30,155,94,61,0,0,0
2021-09-21 14:45,118,61,57,0,0,0
2021-09-21 15:00,115,54,61,0,0,0
2021-09-21 15:15,138,71,67,0,0,0
2021-09-21 15:30,153,77,76,0,0,0
2021-09-21 15:45,148,72,76,0,0,0
2021-09-21 16:00,117,71,46,0,0,0
2021-09-21 16:15,167,88,79,0,0,0
2021-09-21 16:30,164,76,88,0,0,0
2021-09-21 16:45,182,86,96,0,0,0
2021-09-21 17:00,162,74,88,0,0,0
2021-09-21 17:15,201,110,91,0,0,0
2021-09-21 17:30,173,95,78,0,0,0
2021-09-21 17:45,167,79,88,0,0,0
2021-09-21 18:00,168,95,73,0,0,0
2021-09-21 18:15,158,82,76,0,0,0
2021-09-21 18:30,156,75,81,0,0,0
2021-09-21 18:45,144,76,68,0,0,0
2021-09-21 19:00,127,66,61,0,0,0
2021-09-21 19:15,117,58,59,0,0,0
2021-09-21 19:30,110,67,43,0,0,0
2021-09-21 19:45,103,70,33,0,0,0
2021-09-21 20:00,126,71,55,0,0,0
2021-09-21 20:15,72,35,37,0,0,0
2021-09-21 20:30,63,30,33,0,0,0
2021-09-21 20:45,51,26,25,0,0,0
2021-09-21 21:00,63,31,32,0,0,0
2021-09-21 21:15,51,21,30,0,0,0
2021-09-21 21:30,43,14,29,0,0,0
2021-09-21 21:45,58,29,29,0,0,0
2021-09-21 22:00,59,20,39,0,0,0
2021-09-21 22:15,38,15,23,0,0,0
2021-09-21 22:30,59,15,44,0,0,0
2021-09-21 22:45,54,16,38,0,0,0
2021-09-21 23:00,35,9,26,0,0,0
2021-09-21 23:15,46,12,34,0,0,0
2021-09-21 23:30,36,11,25,0,0,0
2021-09-21 23:45,13,4,9,0,0,0
2021-09-22 00:00,10,4,6,0,0,0
2021-09-22 00:15,19,5,14,0,0,0
2021-09-22 00:30,8,1,7,0,0,0
2021-09-22 00:45,6,0,6,0,0,0
2021-09-22 01:00,4,1,3,0,0,0
2021-09-22 01:15,2,1,1,0,0,0
2021-09-22 01:30,6,4,2,0,0,0
2021-09-22 01:45,4,2,2,0,0,0
2021-09-22 02:00,5,4,1,0,0,0
2021-09-22 02:15,3,0,3,0,0,0
2021-09-22 02:30,2,1,1,0,0,0
2021-09-22 02:45,2,0,2,0,0,0
2021-09-22 03:00,4,1,3,0,0,0
2021-09-22 03:15,1,1,0,0,0,0
2021-09-22 03:30,0,0,0,0,0,0
2021-09-22 03:45,1,1,0,0,0,0
2021-09-22 04:00,1,0,1,0,0,0
2021-09-22 04:15,5,3,2,0,0,0
2021-09-22 04:30,6,1,5,0,0,0
2021-09-22 04:45,6,3,3,0,0,0
2021-09-22 05:00,4,1,3,0,0,0
2021-09-22 05:15,7,5,2,0,0,0
2021-09-22 05:30,17,7,10,0,0,0
2021-09-22 05:45,23,15,8,0,0,0
2021-09-22 06:00,20,11,9,0,0,0
2021-09-22 06:15,51,16,35,0,0,0
2021-09-22 06:30,42,20,22,0,0,0
2021-09-22 06:45,81,46,35,0,0,0
2021-09-22 07:00,79,44,35,0,0,0
2021-09-22 07:15,95,52,43,0,0,0
2021-09-22 07:30,142,75,67,0,0,0
2021-09-22 07:45,181,93,88,0,0,0
2021-09-22 08:00,168,76,92,0,0,0
2021-09-22 08:15,150,73,77,0,0,0
2021-09-22 08:30,141,64,77,0,0,0
2021-09-22 08:45,129,54,75,0,0,0
2021-09-22 09:00,103,52,51,0,0,0
2021-09-22 09:15,87,42,45,0,0,0
2021-09-22 09:30,62,28,34,0,0,0
2021-09-22 09:45,100,45,55,0,0,0
2021-09-22 10:00,89,35,54,0,0,0
2021-09-22 10:15,81,39,42,0,0,0
2021-09-22 10:30,87,33,54,0,0,0
2021-09-22 10:45,88,36,52,0,0,0
2021-09-22 11:00,99,37,62,0,0,0
2021-09-22 11:15,92,36,56,0,0,0
2021-09-22 11:30,128,55,73,0,0,0
2021-09-22 11:45,99,40,59,0,0,0
2021-09-22 12:00,116,52,64,0,0,0
2021-09-22 12:15,129,65,64,0,0,0
2021-09-22 12:30,130,63,67,0,0,0
2021-09-22 12:45,137,54,83,0,0,0
2021-09-22 13:00,124,56,68,0,0,0
2021-09-22 13:15,127,63,64,0,0,0
2021-09-22 13:30,142,76,66,0,0,0
2021-09-22 13:45,141,75,66,0,0,0
2021-09-22 14:00,136,71,65,0,0,0
2021-09-22 14:15,109,58,51,0,0,0
2021-09-22 14:30,145,82,63,0,0,0
2021-09-22 14:45,135,66,69,0,0,0
2021-09-22 15:00,109,59,50,0,0,0
2021-09-22 15:15,120,63,57,0,0,0
2021-09-22 15:30,149,77,72,0,0,0
2021-09-22 15:45,145,77,68,0,0,0
2021-09-22 16:00,123,54,69,0,0,0
2021-09-22 16:15,140,79,61,0,0,0
2021-09-22 16:30,150,80,70,0,0,0
2021-09-22 16:45,161,94,67,0,0,0
2021-09-22 17:00,175,73,102,0,0,0
2021-09-22 17:15,200,79,121,0,0,0
2021-09-22 17:30,195,88,107,0,0,0
2021-09-22 17:45,184,94,90,0,0,0
2021-09-22 18:00,127,64,63,0,0,0
2021-09-22 18:15,140,83,57,0,0,0
2021-09-22 18:30,135,67,68,0,0,0
2021-09-22 18:45,129,72,57,0,0,0
2021-09-22 19:00,147,76,71,0,0,0
2021-09-22 19:15,122,73,49,0,0,0
2021-09-22 19:30,85,55,30,0,0,0
2021-09-22 19:45,109,59,50,0,0,0
2021-09-22 20:00,109,57,52,0,0,0
2021-09-22 20:15,96,45,51,0,0,0
2021-09-22 20:30,73,35,38,0,0,0
2021-09-22 20:45,75,39,36,0,0,0
2021-09-22 21:00,89,37,52,0,0,0
2021-09-22 21:15,55,26,29,0,0,0
2021-09-22 21:30,51,20,31,0,0,0
2021-09-22 21:45,66,29,37,0,0,0
2021-09-22 22:00,53,18,35,0,0,0
2021-09-22 22:15,67,24,43,0,0,0
2021-09-22 22:30,73,21,52,0,0,0
2021-09-22 22:45,39,16,23,0,0,0
2021-09-22 23:00,48,16,32,0,0,0
2021-09-22 23:15,50,16,34,0,0,0
2021-09-22 23:30,51,14,37,0,0,0
2021-09-22 23:45,39,11,28,0,0,0
2021-09-23 00:00,19,11,8,0,0,0
2021-09-23 00:15,24,6,18,0,0,0
2021-09-23 00:30,9,5,4,0,0,0
2021-09-23 00:45,6,1,5,0,0,0
2021-09-23 01:00,11,8,3,0,0,0
2021-09-23 01:15,12,5,7,0,0,0
2021-09-23 01:30,4,3,1,0,0,0
2021-09-23 01:45,11,6,5,0,0,0
2021-09-23 02:00,4,0,4,0,0,0
2021-09-23 02:15,13,3,10,0,0,0
2021-09-23 02:30,10,3,7,0,0,0
2021-09-23 02:45,6,1,5,0,0,0
2021-09-23 03:00,6,4,2,0,0,0
2021-09-23 03:15,9,2,7,0,0,0
2021-09-23 03:30,9,0,9,0,0,0
2021-09-23 03:45,1,0,1,0,0,0
2021-09-23 04:00,1,0,1,0,0,0
2021-09-23 04:15,5,2,3,0,0,0
2021-09-23 04:30,4,1,3,0,0,0
2021-09-23 04:45,4,2,2,0,0,0
2021-09-23 05:00,8,3,5,0,0,0
2021-09-23 05:15,8,7,1,0,0,0
2021-09-23 05:30,13,5,8,0,0,0
2021-09-23 05:45,22,10,12,0,0,0
2021-09-23 06:00,26,10,16,0,0,0
2021-09-23 06:15,42,17,25,0,0,0
2021-09-23 06:30,59,28,31,0,0,0
2021-09-23 06:45,75,37,38,0,0,0
2021-09-23 07:00,82,56,26,0,0,0
2021-09-23 07:15,101,53,48,0,0,0
2021-09-23 07:30,134,69,65,0,0,0
2021-09-23 07:45,199,101,98,0,0,0
2021-09-23 08:00,143,73,70,0,0,0
2021-09-23 08:15,146,73,73,0,0,0
2021-09-23 08:30,123,69,54,0,0,0
2021-09-23 08:45,158,97,61,0,0,0
2021-09-23 09:00,132,76,56,0,0,0
2021-09-23 09:15,111,60,51,0,0,0
2021-09-23 09:30,133,83,50,0,0,0
2021-09-23 09:45,112,53,59,0,0,0
2021-09-23 10:00,85,37,48,0,0,0
2021-09-23 10:15,80,31,49,0,0,0
2021-09-23 10:30,124,62,62,0,0,0
2021-09-23 10:45,89,40,49,0,0,0
2021-09-23 11:00,112,44,68,0,0,0
2021-09-23 11:15,94,46,48,0,0,0
2021-09-23 11:30,116,56,60,0,0,0
2021-09-23 11:45,94,45,49,0,0,0
2021-09-23 12:00,111,54,57,0,0,0
2021-09-23 12:15,180,72,108,0,0,0
2021-09-23 12:30,119,51,68,0,0,0
2021-09-23 12:45,118,56,62,0,0,0
2021-09-23 13:00,149,59,90,0,0,0
2021-09-23 13:15,142,63,79,0,0,0
2021-09-23 13:30,164,56,108,0,0,0
2021-09-23 13:45,171,68,103,0,0,0
2021-09-23 14:00,113,56,57,0,0,0
2021-09-23 14:15,134,73,61,0,0,0
2021-09-23 14:30,128,63,65,0,0,0
2021-09-23 14:45,147,79,68,0,0,0
2021-09-23 15:00,147,69,78,0,0,0
2021-09-23 15:15,123,53,70,0,0,0
2021-09-23 15:30,151,69,82,0,0,0
2021-09-23 15:45,156,88,68,0,0,0
2021-09-23 16:00,145,70,75,0,0,0
2021-09-23 16:15,134,71,63,0,0,0
2021-09-23 16:30,154,66,88,0,0,0
2021-09-23 16:45,129,71,58,0,0,0
2021-09-23 17:00,176,72,104,0,0,0
2021-09-23 17:15,160,64,96,0,0,0
2021-09-23 17:30,170,68,102,0,0,0
2021-09-23 17:45,156,73,83,0,0,0
2021-09-23 18:00,147,69,78,0,0,0
2021-09-23 18:15,134,64,70,0,0,0
2021-09-23 18:30,124,59,65,0,0,0
2021-09-23 18:45,153,78,75,0,0,0
2021-09-23 19:00,141,74,67,0,0,0
2021-09-23 19:15,129,60,69,0,0,0
2021-09-23 19:30,103,59,44,0,0,0
2021-09-23 19:45,116,69,47,0,0,0
2021-09-23 20:00,92,48,44,0,0,0
2021-09-23 20:15,76,35,41,0,0,0
2021-09-23 20:30,87,29,58,0,0,0
2021-09-23 20:45,49,19,30,0,0,0
2021-09-23 21:00,64,30,34,0,0,0
2021-09-23 21:15,49,14,35,0,0,0
2021-09-23 21:30,47,15,32,0,0,0
2021-09-23 21:45,51,28,23,0,0,0
2021-09-23 22:00,57,26,31,0,0,0
2021-09-23 22:15,67,21,46,0,0,0
2021-09-23 22:30,66,17,49,0,0,0
2021-09-23 22:45,45,6,39,0,0,0
2021-09-23 23:00,25,6,19,0,0,0
2021-09-23 23:15,31,10,21,0,0,0
2021-09-23 23:30,15,2,13,0,0,0
2021-09-23 23:45,17,5,12,0,0,0
2021-09-24 00:00,12,4,8,0,0,0
2021-09-24 00:15,20,6,14,0,0,0
2021-09-24 00:30,15,5,10,0,0,0
2021-09-24 00:45,6,4,2,0,0,0
2021-09-24 01:00,11,4,7,0,0,0
2021-09-24 01:15,3,2,1,0,0,0
2021-09-24 01:30,5,0,5,0,0,0
2021-09-24 01:45,4,2,2,0,0,0
2021-09-24 02:00,6,0,6,0,0,0
2021-09-24 02:15,3,1,2,0,0,0
2021-09-24 02:30,4,1,3,0,0,0
2021-09-24 02:45,8,3,5,0,0,0
2021-09-24 03:00,0,0,0,0,0,0
2021-09-24 03:15,3,1,2,0,0,0
2021-09-24 03:30,1,0,1,0,0,0
2021-09-24 03:45,3,1,2,0,0,0
2021-09-24 04:00,2,1,1,0,0,0
2021-09-24 04:15,2,0,2,0,0,0
2021-09-24 04:30,1,1,0,0,0,0
2021-09-24 04:45,6,2,4,0,0,0
2021-09-24 05:00,5,3,2,0,0,0
2021-09-24 05:15,14,6,8,0,0,0
2021-09-24 05:30,15,6,9,0,0,0
2021-09-24 05:45,16,8,8,0,0,0
2021-09-24 06:00,16,4,12,0,0,0
2021-09-24 06:15,24,8,16,0,0,0
2021-09-24 06:30,53,22,31,0,0,0
2021-09-24 06:45,72,44,28,0,0,0
2021-09-24 07:00,69,40,29,0,0,0
2021-09-24 07:15,72,32,40,0,0,0
2021-09-24 07:30,115,57,58,0,0,0
2021-09-24 07:45,162,82,80,0,0,0
2021-09-24 08:00,119,52,67,0,0,0
2021-09-24 08:15,138,71,67,0,0,0
2021-09-24 08:30,94,49,45,0,0,0
2021-09-24 08:45,114,50,64,0,0,0
2021-09-24 09:00,97,49,48,0,0,0
2021-09-24 09:15,77,30,47,0,0,0
2021-09-24 09:30,89,33,56,0,0,0
2021-09-24 09:45,100,41,59,0,0,0
2021-09-24 10:00,82,43,39,0,0,0
2021-09-24 10:15,71,31,40,0,0,0
2021-09-24 10:30,98,52,46,0,0,0
2021-09-24 10:45,100,39,61,0,0,0
2021-09-24 11:00,102,43,59,0,0,0
2021-09-24 11:15,103,31,72,0,0,0
2021-09-24 11:30,106,55,51,0,0,0
2021-09-24 11:45,111,52,59,0,0,0
2021-09-24 12:00,112,51,61,0,0,0
2021-09-24 12:15,118,55,63,0,0,0
2021-09-24 12:30,116,53,63,0,0,0
2021-09-24 12:45,138,51,87,0,0,0
2021-09-24 13:00,128,67,61,0,0,0
2021-09-24 13:15,116,55,61,0,0,0
2021-09-24 13:30,133,60,73,0,0,0
2021-09-24 13:45,155,76,79,0,0,0
2021-09-24 14:00,159,65,94,0,0,0
2021-09-24 14:15,151,62,89,0,0,0
2021-09-24 14:30,126,55,71,0,0,0
2021-09-24 14:45,170,90,80,0,0,0
2021-09-24 15:00,138,55,83,0,0,0
2021-09-24 15:15,95,43,52,0,0,0
2021-09-24 15:30,117,39,78,0,0,0
2021-09-24 15:45,115,47,68,0,0,0
2021-09-24 16:00,132,63,69,0,0,0
2021-09-24 16:15,138,75,63,0,0,0
2021-09-24 16:30,126,60,66,0,0,0
2021-09-24 16:45,136,77,59,0,0,0
2021-09-24 17:00,124,67,57,0,0,0
2021-09-24 17:15,142,64,78,0,0,0
2021-09-24 17:30,152,77,75,0,0,0
2021-09-24 17:45,137,84,53,0,0,0
2021-09-24 18:00,120,63,57,0,0,0
2021-09-24 18:15,109,56,53,0,0,0
2021-09-24 18:30,132,70,62,0,0,0
2021-09-24 18:45,93,49,44,0,0,0
2021-09-24 19:00,110,58,52,0,0,0
2021-09-24 19:15,94,55,39,0,0,0
2021-09-24 19:30,115,69,46,0,0,0
2021-09-24 19:45,105,57,48,0,0,0
2021-09-24 20:00,123,58,65,0,0,0
2021-09-24 20:15,127,71,56,0,0,0
2021-09-24 20:30,94,46,48,0,0,0
2021-09-24 20:45,76,35,41,0,0,0
2021-09-24 21:00,62,31,31,0,0,0
2021-09-24 21:15,73,36,37,0,0,0
2021-09-24 21:30,61,25,36,0,0,0
2021-09-24 21:45,68,36,32,0,0,0
2021-09-24 22:00,75,33,42,0,0,0
2021-09-24 22:15,50,25,25,0,0,0
2021-09-24 22:30,87,32,55,0,0,0
2021-09-24 22:45,48,25,23,0,0,0
2021-09-24 23:00,66,42,24,0,0,0
2021-09-24 23:15,46,18,28,0,0,0
2021-09-24 23:30,65,24,41,0,0,0
2021-09-24 23:45,66,40,26,0,0,0
2021-09-25 00:00,46,17,29,0,0,0
2021-09-25 00:15,40,17,23,0,0,0
2021-09-25 00:30,32,16,16,0,0,0
2021-09-25 00:45,31,9,22,0,0,0
2021-09-25 01:00,49,20,29,0,0,0
2021-09-25 01:15,40,19,21,0,0,0
2021-09-25 01:30,35,15,20,0,0,0
2021-09-25 01:45,29,10,19,0,0,0
2021-09-25 02:00,33,6,27,0,0,0
2021-09-25 02:15,36,10,26,0,0,0
2021-09-25 02:30,37,13,24,0,0,0
2021-09-25 02:45,30,14,16,0,0,0
2021-09-25 03:00,29,3,26,0,0,0
2021-09-25 03:15,31,11,20,0,0,0
2021-09-25 03:30,29,6,23,0,0,0
2021-09-25 03:45,16,3,13,0,0,0
2021-09-25 04:00,23,4,19,0,0,0
2021-09-25 04:15,11,3,8,0,0,0
2021-09-25 04:30,23,5,18,0,0,0
2021-09-25 04:45,27,7,20,0,0,0
2021-09-25 05:00,15,3,12,0,0,0
2021-09-25 05:15,17,2,15,0,0,0
2021-09-25 05:30,8,3,5,0,0,0
2021-09-25 05:45,27,11,16,0,0,0
2021-09-25 06:00,9,4,5,0,0,0
2021-09-25 06:15,14,2,12,0,0,0
2021-09-25 06:30,12,3,9,0,0,0
2021-09-25 06:45,12,7,5,0,0,0
2021-09-25 07:00,10,2,8,0,0,0
2021-09-25 07:15,11,6,5,0,0,0
2021-09-25 07:30,16,7,9,0,0,0
2021-09-25 07:45,40,14,26,0,0,0
2021-09-25 08:00,23,11,12,0,0,0
2021-09-25 08:15,34,20,14,0,0,0
2021-09-25 08:30,34,10,24,0,0,0
2021-09-25 08:45,57,26,31,0,0,0
2021-09-25 09:00,55,27,28,0,0,0
2021-09-25 09:15,56,22,34,0,0,0
2021-09-25 09:30,66,25,41,0,0,0
2021-09-25 09:45,97,53,44,0,0,0
2021-09-25 10:00,76,39,37,0,0,0
2021-09-25 10:15,78,27,51,0,0,0
2021-09-25 10:30,72,31,41,0,0,0
2021-09-25 10:45,98,37,61,0,0,0
2021-09-25 11:00,75,27,48,0,0,0
2021-09-25 11:15,85,30,55,0,0,0
2021-09-25 11:30,70,31,39,0,0,0
2021-09-25 11:45,81,32,49,0,0,0
2021-09-25 12:00,86,36,50,0,0,0
2021-09-25 12:15,119,45,74,0,0,0
2021-09-25 12:30,101,50,51,0,0,0
2021-09-25 12:45,109,34,75,0,0,0
2021-09-25 13:00,106,56,50,0,0,0
2021-09-25 13:15,103,57,46,0,0,0
2021-09-25 13:30,99,50,49,0,0,0
2021-09-25 13:45,105,50,55,0,0,0
2021-09-25 14:00,99,53,46,0,0,0
2021-09-25 14:15,121,56,65,0,0,0
2021-09-25 14:30,85,40,45,0,0,0
2021-09-25 14:45,102,46,56,0,0,0
2021-09-25 15:00,124,65,59,0,0,0
2021-09-25 15:15,118,50,68,0,0,0
2021-09-25 15:30,83,45,38,0,0,0
2021-09-25 15:45,110,63,47,0,0,0
2021-09-25 16:00,120,51,69,0,0,0
2021-09-25 16:15,104,61,43,0,0,0
2021-09-25 16:30,108,56,52,0,0,0
2021-09-25 16:45,92,59,33,0,0,0
2021-09-25 17:00,103,53,50,0,0,0
2021-09-25 17:15,132,72,60,0,0,0
2021-09-25 17:30,113,72,41,0,0,0
2021-09-25 17:45,116,61,55,0,0,0
2021-09-25 18:00,132,55,77,0,0,0
2021-09-25 18:15,139,75,64,0,0,0
2021-09-25 18:30,101,53,48,0,0,0
2021-09-25 18:45,74,37,37,0,0,0
2021-09-25 19:00,106,52,54,0,0,0
2021-09-25 19:15,97,57,40,0,0,0
2021-09-25 19:30,113,68,45,0,0,0
2021-09-25 19:45,105,51,54,0,0,0
2021-09-25 20:00,79,49,30,0,0,0
2021-09-25 20:15,94,58,36,0,0,0
2021-09-25 20:30,104,48,56,0,0,0
2021-09-25 20:45,56,28,28,0,0,0
2021-09-25 21:00,61,28,33,0,0,0
2021-09-25 21:15,63,34,29,0,0,0
2021-09-25 21:30,56,21,35,0,0,0
2021-09-25 21:45,62,26,36,0,0,0
2021-09-25 22:00,54,28,26,0,0,0
2021-09-25 22:15,49,25,24,0,0,0
2021-09-25 22:30,66,20,46,0,0,0
2021-09-25 22:45,57,27,30,0,0,0
2021-09-25 23:00,48,17,31,0,0,0
2021-09-25 23:15,63,22,41,0,0,0
2021-09-25 23:30,59,23,36,0,0,0
2021-09-25 23:45,36,14,22,0,0,0
