Datetime,100031300 (HafenstraÃŸe),101031300 (Channel 1 IN),102031300 (Channel 2 OUT),100031300-status,101031300-status,102031300-status
2021-06-01 00:00,19,9,10,0,0,0
2021-06-01 00:15,15,5,10,0,0,0
2021-06-01 00:30,11,5,6,0,0,0
2021-06-01 00:45,11,1,10,0,0,0
2021-06-01 01:00,4,2,2,0,0,0
2021-06-01 01:15,14,10,4,0,0,0
2021-06-01 01:30,12,6,6,0,0,0
2021-06-01 01:45,5,2,3,0,0,0
2021-06-01 02:00,3,0,3,0,0,0
2021-06-01 02:15,1,1,0,0,0,0
2021-06-01 02:30,6,2,4,0,0,0
2021-06-01 02:45,3,2,1,0,0,0
2021-06-01 03:00,2,2,0,0,0,0
2021-06-01 03:15,2,0,2,0,0,0
2021-06-01 03:30,5,5,0,0,0,0
2021-06-01 03:45,0,0,0,0,0,0
2021-06-01 04:00,3,1,2,0,0,0
2021-06-01 04:15,3,3,0,0,0,0
2021-06-01 04:30,9,4,5,0,0,0
2021-06-01 04:45,6,2,4,0,0,0
2021-06-01 05:00,5,2,3,0,0,0
2021-06-01 05:15,12,5,7,0,0,0
2021-06-01 05:30,17,7,10,0,0,0
2021-06-01 05:45,20,11,9,0,0,0
2021-06-01 06:00,30,13,17,0,0,0
2021-06-01 06:15,45,14,31,0,0,0
2021-06-01 06:30,64,24,40,0,0,0
2021-06-01 06:45,100,53,47,0,0,0
2021-06-01 07:00,103,45,58,0,0,0
2021-06-01 07:15,116,58,58,0,0,0
2021-06-01 07:30,124,73,51,0,0,0
2021-06-01 07:45,173,96,77,0,0,0
2021-06-01 08:00,173,79,94,0,0,0
2021-06-01 08:15,132,66,66,0,0,0
2021-06-01 08:30,141,71,70,0,0,0
2021-06-01 08:45,154,60,94,0,0,0
2021-06-01 09:00,116,52,64,0,0,0
2021-06-01 09:15,93,38,55,0,0,0
2021-06-01 09:30,85,43,42,0,0,0
2021-06-01 09:45,117,42,75,0,0,0
2021-06-01 10:00,95,37,58,0,0,0
2021-06-01 10:15,82,38,44,0,0,0
2021-06-01 10:30,116,52,64,0,0,0
2021-06-01 10:45,94,43,51,0,0,0
2021-06-01 11:00,115,47,68,0,0,0
2021-06-01 11:15,124,56,68,0,0,0
2021-06-01 11:30,112,49,63,0,0,0
2021-06-01 11:45,141,56,85,0,0,0
2021-06-01 12:00,115,40,75,0,0,0
2021-06-01 12:15,141,69,72,0,0,0
2021-06-01 12:30,110,49,61,0,0,0
2021-06-01 12:45,117,49,68,0,0,0
2021-06-01 13:00,148,83,65,0,0,0
2021-06-01 13:15,128,70,58,0,0,0
2021-06-01 13:30,135,76,59,0,0,0
2021-06-01 13:45,136,55,81,0,0,0
2021-06-01 14:00,159,68,91,0,0,0
2021-06-01 14:15,150,72,78,0,0,0
2021-06-01 14:30,153,77,76,0,0,0
2021-06-01 14:45,141,80,61,0,0,0
2021-06-01 15:00,140,74,66,0,0,0
2021-06-01 15:15,164,81,83,0,0,0
2021-06-01 15:30,162,83,79,0,0,0
2021-06-01 15:45,159,77,82,0,0,0
2021-06-01 16:00,173,93,80,0,0,0
2021-06-01 16:15,199,96,103,0,0,0
2021-06-01 16:30,163,87,76,0,0,0
2021-06-01 16:45,176,87,89,0,0,0
2021-06-01 17:00,186,108,78,0,0,0
2021-06-01 17:15,194,95,99,0,0,0
2021-06-01 17:30,185,86,99,0,0,0
2021-06-01 17:45,220,117,103,0,0,0
2021-06-01 18:00,220,130,90,0,0,0
2021-06-01 18:15,158,76,82,0,0,0
2021-06-01 18:30,153,80,73,0,0,0
2021-06-01 18:45,168,75,93,0,0,0
2021-06-01 19:00,152,83,69,0,0,0
2021-06-01 19:15,156,71,85,0,0,0
2021-06-01 19:30,134,59,75,0,0,0
2021-06-01 19:45,124,57,67,0,0,0
2021-06-01 20:00,98,45,53,0,0,0
2021-06-01 20:15,87,40,47,0,0,0
2021-06-01 20:30,95,36,59,0,0,0
2021-06-01 20:45,76,39,37,0,0,0
2021-06-01 21:00,72,32,40,0,0,0
2021-06-01 21:15,93,35,58,0,0,0
2021-06-01 21:30,83,25,58,0,0,0
2021-06-01 21:45,83,42,41,0,0,0
2021-06-01 22:00,63,25,38,0,0,0
2021-06-01 22:15,63,21,42,0,0,0
2021-06-01 22:30,62,24,38,0,0,0
2021-06-01 22:45,67,18,49,0,0,0
2021-06-01 23:00,51,17,34,0,0,0
2021-06-01 23:15,31,14,17,0,0,0
2021-06-01 23:30,29,8,21,0,0,0
2021-06-01 23:45,41,17,24,0,0,0
2021-06-02 00:00,17,4,13,0,0,0
2021-06-02 00:15,30,9,21,0,0,0
2021-06-02 00:30,16,5,11,0,0,0
2021-06-02 00:45,14,3,11,0,0,0
2021-06-02 01:00,7,1,6,0,0,0
2021-06-02 01:15,8,2,6,0,0,0
2021-06-02 01:30,8,3,5,0,0,0
2021-06-02 01:45,7,3,4,0,0,0
2021-06-02 02:00,0,0,0,0,0,0
2021-06-02 02:15,4,1,3,0,0,0
2021-06-02 02:30,2,1,1,0,0,0
2021-06-02 02:45,1,0,1,0,0,0
2021-06-02 03:00,1,0,1,0,0,0
2021-06-02 03:15,7,1,6,0,0,0
2021-06-02 03:30,6,0,6,0,0,0
2021-06-02 03:45,1,0,1,0,0,0
2021-06-02 04:00,3,1,2,0,0,0
2021-06-02 04:15,2,0,2,0,0,0
2021-06-02 04:30,11,3,8,0,0,0
2021-06-02 04:45,9,5,4,0,0,0
2021-06-02 05:00,7,5,2,0,0,0
2021-06-02 05:15,9,3,6,0,0,0
2021-06-02 05:30,13,8,5,0,0,0
2021-06-02 05:45,24,9,15,0,0,0
2021-06-02 06:00,26,15,11,0,0,0
2021-06-02 06:15,36,14,22,0,0,0
2021-06-02 06:30,49,16,33,0,0,0
2021-06-02 06:45,85,50,35,0,0,0
2021-06-02 07:00,93,50,43,0,0,0
2021-06-02 07:15,93,39,54,0,0,0
2021-06-02 07:30,141,78,63,0,0,0
2021-06-02 07:45,156,84,72,0,0,0
2021-06-02 08:00,130,60,70,0,0,0
2021-06-02 08:15,166,83,83,0,0,0
2021-06-02 08:30,158,76,82,0,0,0
2021-06-02 08:45,152,65,87,0,0,0
2021-06-02 09:00,110,49,61,0,0,0
2021-06-02 09:15,112,48,64,0,0,0
2021-06-02 09:30,92,37,55,0,0,0
2021-06-02 09:45,102,33,69,0,0,0
2021-06-02 10:00,118,59,59,0,0,0
2021-06-02 10:15,139,65,74,0,0,0
2021-06-02 10:30,106,50,56,0,0,0
2021-06-02 10:45,116,39,77,0,0,0
2021-06-02 11:00,110,54,56,0,0,0
2021-06-02 11:15,122,52,70,0,0,0
2021-06-02 11:30,113,62,51,0,0,0
2021-06-02 11:45,129,56,73,0,0,0
2021-06-02 12:00,137,52,85,0,0,0
2021-06-02 12:15,129,61,68,0,0,0
2021-06-02 12:30,138,71,67,0,0,0
2021-06-02 12:45,139,71,68,0,0,0
2021-06-02 13:00,166,77,89,0,0,0
2021-06-02 13:15,135,63,72,0,0,0
2021-06-02 13:30,138,76,62,0,0,0
2021-06-02 13:45,165,83,82,0,0,0
2021-06-02 14:00,130,66,64,0,0,0
2021-06-02 14:15,180,112,68,0,0,0
2021-06-02 14:30,143,83,60,0,0,0
2021-06-02 14:45,162,76,86,0,0,0
2021-06-02 15:00,130,53,77,0,0,0
2021-06-02 15:15,161,87,74,0,0,0
2021-06-02 15:30,125,76,49,0,0,0
2021-06-02 15:45,143,71,72,0,0,0
2021-06-02 16:00,161,78,83,0,0,0
2021-06-02 16:15,177,113,64,0,0,0
2021-06-02 16:30,208,98,110,0,0,0
2021-06-02 16:45,211,111,100,0,0,0
2021-06-02 17:00,204,93,111,0,0,0
2021-06-02 17:15,197,85,112,0,0,0
2021-06-02 17:30,210,89,121,0,0,0
2021-06-02 17:45,178,104,74,0,0,0
2021-06-02 18:00,189,98,91,0,0,0
2021-06-02 18:15,200,88,112,0,0,0
2021-06-02 18:30,159,76,83,0,0,0
2021-06-02 18:45,178,86,92,0,0,0
2021-06-02 19:00,145,77,68,0,0,0
2021-06-02 19:15,132,67,65,0,0,0
2021-06-02 19:30,130,53,77,0,0,0
2021-06-02 19:45,150,79,71,0,0,0
2021-06-02 20:00,150,69,81,0,0,0
2021-06-02 20:15,125,60,65,0,0,0
2021-06-02 20:30,90,39,51,0,0,0
2021-06-02 20:45,97,37,60,0,0,0
2021-06-02 21:00,104,47,57,0,0,0
2021-06-02 21:15,94,32,62,0,0,0
2021-06-02 21:30,68,25,43,0,0,0
2021-06-02 21:45,82,28,54,0,0,0
2021-06-02 22:00,86,28,58,0,0,0
2021-06-02 22:15,99,32,67,0,0,0
2021-06-02 22:30,82,35,47,0,0,0
2021-06-02 22:45,84,34,50,0,0,0
2021-06-02 23:00,65,21,44,0,0,0
2021-06-02 23:15,97,35,62,0,0,0
2021-06-02 23:30,63,32,31,0,0,0
2021-06-02 23:45,76,38,38,0,0,0
2021-06-03 00:00,84,21,63,0,0,0
2021-06-03 00:15,57,31,26,0,0,0
2021-06-03 00:30,57,20,37,0,0,0
2021-06-03 00:45,50,25,25,0,0,0
2021-06-03 01:00,46,21,25,0,0,0
2021-06-03 01:15,61,27,34,0,0,0
2021-06-03 01:30,42,18,24,0,0,0
2021-06-03 01:45,39,16,23,0,0,0
2021-06-03 02:00,46,22,24,0,0,0
2021-06-03 02:15,32,11,21,0,0,0
2021-06-03 02:30,34,21,13,0,0,0
2021-06-03 02:45,28,11,17,0,0,0
2021-06-03 03:00,29,8,21,0,0,0
2021-06-03 03:15,17,4,13,0,0,0
2021-06-03 03:30,15,4,11,0,0,0
2021-06-03 03:45,13,7,6,0,0,0
2021-06-03 04:00,18,4,14,0,0,0
2021-06-03 04:15,6,1,5,0,0,0
2021-06-03 04:30,7,3,4,0,0,0
2021-06-03 04:45,12,4,8,0,0,0
2021-06-03 05:00,4,2,2,0,0,0
2021-06-03 05:15,11,2,9,0,0,0
2021-06-03 05:30,10,0,10,0,0,0
2021-06-03 05:45,8,2,6,0,0,0
2021-06-03 06:00,14,6,8,0,0,0
2021-06-03 06:15,3,1,2,0,0,0
2021-06-03 06:30,7,1,6,0,0,0
2021-06-03 06:45,11,5,6,0,0,0
2021-06-03 07:00,21,7,14,0,0,0
2021-06-03 07:15,13,10,3,0,0,0
2021-06-03 07:30,5,4,1,0,0,0
2021-06-03 07:45,22,10,12,0,0,0
2021-06-03 08:00,17,7,10,0,0,0
2021-06-03 08:15,16,8,8,0,0,0
2021-06-03 08:30,19,9,10,0,0,0
2021-06-03 08:45,28,14,14,0,0,0
2021-06-03 09:00,28,9,19,0,0,0
2021-06-03 09:15,32,12,20,0,0,0
2021-06-03 09:30,51,26,25,0,0,0
2021-06-03 09:45,59,29,30,0,0,0
2021-06-03 10:00,56,18,38,0,0,0
2021-06-03 10:15,60,28,32,0,0,0
2021-06-03 10:30,45,24,21,0,0,0
2021-06-03 10:45,67,30,37,0,0,0
2021-06-03 11:00,71,28,43,0,0,0
2021-06-03 11:15,70,32,38,0,0,0
2021-06-03 11:30,76,35,41,0,0,0
2021-06-03 11:45,80,43,37,0,0,0
2021-06-03 12:00,68,34,34,0,0,0
2021-06-03 12:15,57,23,34,0,0,0
2021-06-03 12:30,73,31,42,0,0,0
2021-06-03 12:45,78,38,40,0,0,0
2021-06-03 13:00,88,36,52,0,0,0
2021-06-03 13:15,90,49,41,0,0,0
2021-06-03 13:30,80,38,42,0,0,0
2021-06-03 13:45,84,41,43,0,0,0
2021-06-03 14:00,86,43,43,0,0,0
2021-06-03 14:15,88,39,49,0,0,0
2021-06-03 14:30,79,36,43,0,0,0
2021-06-03 14:45,91,53,38,0,0,0
2021-06-03 15:00,86,47,39,0,0,0
2021-06-03 15:15,85,41,44,0,0,0
2021-06-03 15:30,78,43,35,0,0,0
2021-06-03 15:45,88,39,49,0,0,0
2021-06-03 16:00,81,32,49,0,0,0
2021-06-03 16:15,88,41,47,0,0,0
2021-06-03 16:30,83,28,55,0,0,0
2021-06-03 16:45,94,50,44,0,0,0
2021-06-03 17:00,87,43,44,0,0,0
2021-06-03 17:15,104,46,58,0,0,0
2021-06-03 17:30,96,38,58,0,0,0
2021-06-03 17:45,119,66,53,0,0,0
2021-06-03 18:00,98,37,61,0,0,0
2021-06-03 18:15,92,47,45,0,0,0
2021-06-03 18:30,82,23,59,0,0,0
2021-06-03 18:45,34,20,14,0,0,0
2021-06-03 19:00,31,16,15,0,0,0
2021-06-03 19:15,77,44,33,0,0,0
2021-06-03 19:30,78,31,47,0,0,0
2021-06-03 19:45,76,21,55,0,0,0
2021-06-03 20:00,64,23,41,0,0,0
2021-06-03 20:15,55,20,35,0,0,0
2021-06-03 20:30,75,29,46,0,0,0
2021-06-03 20:45,46,16,30,0,0,0
2021-06-03 21:00,36,13,23,0,0,0
2021-06-03 21:15,37,8,29,0,0,0
2021-06-03 21:30,31,8,23,0,0,0
2021-06-03 21:45,43,12,31,0,0,0
2021-06-03 22:00,31,14,17,0,0,0
2021-06-03 22:15,43,15,28,0,0,0
2021-06-03 22:30,30,8,22,0,0,0
2021-06-03 22:45,29,4,25,0,0,0
2021-06-03 23:00,25,11,14,0,0,0
2021-06-03 23:15,16,5,11,0,0,0
2021-06-03 23:30,18,3,15,0,0,0
2021-06-03 23:45,14,2,12,0,0,0
2021-06-04 00:00,14,7,7,0,0,0
2021-06-04 00:15,9,4,5,0,0,0
2021-06-04 00:30,5,3,2,0,0,0
2021-06-04 00:45,3,3,0,0,0,0
2021-06-04 01:00,9,3,6,0,0,0
2021-06-04 01:15,7,3,4,0,0,0
2021-06-04 01:30,3,1,2,0,0,0
2021-06-04 01:45,7,1,6,0,0,0
2021-06-04 02:00,5,4,1,0,0,0
2021-06-04 02:15,5,3,2,0,0,0
2021-06-04 02:30,4,2,2,0,0,0
2021-06-04 02:45,1,0,1,0,0,0
2021-06-04 03:00,1,0,1,0,0,0
2021-06-04 03:15,1,1,0,0,0,0
2021-06-04 03:30,1,0,1,0,0,0
2021-06-04 03:45,3,1,2,0,0,0
2021-06-04 04:00,4,2,2,0,0,0
2021-06-04 04:15,4,2,2,0,0,0
2021-06-04 04:30,6,2,4,0,0,0
2021-06-04 04:45,5,0,5,0,0,0
2021-06-04 05:00,5,3,2,0,0,0
2021-06-04 05:15,2,1,1,0,0,0
2021-06-04 05:30,10,3,7,0,0,0
2021-06-04 05:45,16,6,10,0,0,0
2021-06-04 06:00,23,5,18,0,0,0
2021-06-04 06:15,27,8,19,0,0,0
2021-06-04 06:30,32,15,17,0,0,0
2021-06-04 06:45,37,18,19,0,0,0
2021-06-04 07:00,59,29,30,0,0,0
2021-06-04 07:15,83,40,43,0,0,0
2021-06-04 07:30,64,34,30,0,0,0
2021-06-04 07:45,97,58,39,0,0,0
2021-06-04 08:00,93,47,46,0,0,0
2021-06-04 08:15,84,35,49,0,0,0
2021-06-04 08:30,89,44,45,0,0,0
2021-06-04 08:45,90,41,49,0,0,0
2021-06-04 09:00,80,32,48,0,0,0
2021-06-04 09:15,96,31,65,0,0,0
2021-06-04 09:30,89,44,45,0,0,0
2021-06-04 09:45,103,38,65,0,0,0
2021-06-04 10:00,102,32,70,0,0,0
2021-06-04 10:15,98,29,69,0,0,0
2021-06-04 10:30,108,51,57,0,0,0
2021-06-04 10:45,117,43,74,0,0,0
2021-06-04 11:00,104,36,68,0,0,0
2021-06-04 11:15,110,35,75,0,0,0
2021-06-04 11:30,103,51,52,0,0,0
2021-06-04 11:45,114,37,77,0,0,0
2021-06-04 12:00,126,66,60,0,0,0
2021-06-04 12:15,127,54,73,0,0,0
2021-06-04 12:30,136,78,58,0,0,0
2021-06-04 12:45,147,60,87,0,0,0
2021-06-04 13:00,126,61,65,0,0,0
2021-06-04 13:15,125,53,72,0,0,0
2021-06-04 13:30,138,60,78,0,0,0
2021-06-04 13:45,144,68,76,0,0,0
2021-06-04 14:00,134,57,77,0,0,0
2021-06-04 14:15,132,76,56,0,0,0
2021-06-04 14:30,123,53,70,0,0,0
2021-06-04 14:45,122,67,55,0,0,0
2021-06-04 15:00,117,57,60,0,0,0
2021-06-04 15:15,134,54,80,0,0,0
2021-06-04 15:30,144,70,74,0,0,0
2021-06-04 15:45,134,63,71,0,0,0
2021-06-04 16:00,142,75,67,0,0,0
2021-06-04 16:15,133,63,70,0,0,0
2021-06-04 16:30,150,96,54,0,0,0
2021-06-04 16:45,162,92,70,0,0,0
2021-06-04 17:00,122,57,65,0,0,0
2021-06-04 17:15,117,61,56,0,0,0
2021-06-04 17:30,146,78,68,0,0,0
2021-06-04 17:45,163,105,58,0,0,0
2021-06-04 18:00,135,69,66,0,0,0
2021-06-04 18:15,164,90,74,0,0,0
2021-06-04 18:30,118,49,69,0,0,0
2021-06-04 18:45,149,77,72,0,0,0
2021-06-04 19:00,132,69,63,0,0,0
2021-06-04 19:15,125,62,63,0,0,0
2021-06-04 19:30,142,70,72,0,0,0
2021-06-04 19:45,119,56,63,0,0,0
2021-06-04 20:00,124,59,65,0,0,0
2021-06-04 20:15,110,51,59,0,0,0
2021-06-04 20:30,84,35,49,0,0,0
2021-06-04 20:45,78,24,54,0,0,0
2021-06-04 21:00,92,29,63,0,0,0
2021-06-04 21:15,82,38,44,0,0,0
2021-06-04 21:30,87,30,57,0,0,0
2021-06-04 21:45,74,31,43,0,0,0
2021-06-04 22:00,72,38,34,0,0,0
2021-06-04 22:15,81,25,56,0,0,0
2021-06-04 22:30,82,27,55,0,0,0
2021-06-04 22:45,71,24,47,0,0,0
2021-06-04 23:00,52,20,32,0,0,0
2021-06-04 23:15,76,31,45,0,0,0
2021-06-04 23:30,56,18,38,0,0,0
2021-06-04 23:45,65,23,42,0,0,0
2021-06-05 00:00,39,13,26,0,0,0
2021-06-05 00:15,47,24,23,0,0,0
2021-06-05 00:30,47,25,22,0,0,0
2021-06-05 00:45,74,20,54,0,0,0
2021-06-05 01:00,37,10,27,0,0,0
2021-06-05 01:15,62,24,38,0,0,0
2021-06-05 01:30,20,8,12,0,0,0
2021-06-05 01:45,30,14,16,0,0,0
2021-06-05 02:00,24,17,7,0,0,0
2021-06-05 02:15,24,7,17,0,0,0
2021-06-05 02:30,24,10,14,0,0,0
2021-06-05 02:45,20,5,15,0,0,0
2021-06-05 03:00,15,6,9,0,0,0
2021-06-05 03:15,14,2,12,0,0,0
2021-06-05 03:30,12,2,10,0,0,0
2021-06-05 03:45,15,5,10,0,0,0
2021-06-05 04:00,11,5,6,0,0,0
2021-06-05 04:15,17,5,12,0,0,0
2021-06-05 04:30,10,5,5,0,0,0
2021-06-05 04:45,10,6,4,0,0,0
2021-06-05 05:00,6,1,5,0,0,0
2021-06-05 05:15,11,1,10,0,0,0
2021-06-05 05:30,13,4,9,0,0,0
2021-06-05 05:45,16,4,12,0,0,0
2021-06-05 06:00,7,5,2,0,0,0
2021-06-05 06:15,7,2,5,0,0,0
2021-06-05 06:30,9,1,8,0,0,0
2021-06-05 06:45,8,5,3,0,0,0
2021-06-05 07:00,17,6,11,0,0,0
2021-06-05 07:15,23,12,11,0,0,0
2021-06-05 07:30,22,12,10,0,0,0
2021-06-05 07:45,26,12,14,0,0,0
2021-06-05 08:00,28,9,19,0,0,0
2021-06-05 08:15,32,15,17,0,0,0
2021-06-05 08:30,41,23,18,0,0,0
2021-06-05 08:45,45,17,28,0,0,0
2021-06-05 09:00,47,25,22,0,0,0
2021-06-05 09:15,72,20,52,0,0,0
2021-06-05 09:30,57,18,39,0,0,0
2021-06-05 09:45,88,25,63,0,0,0
2021-06-05 10:00,78,26,52,0,0,0
2021-06-05 10:15,73,36,37,0,0,0
2021-06-05 10:30,69,21,48,0,0,0
2021-06-05 10:45,71,27,44,0,0,0
2021-06-05 11:00,75,45,30,0,0,0
2021-06-05 11:15,86,38,48,0,0,0
2021-06-05 11:30,113,47,66,0,0,0
2021-06-05 11:45,82,31,51,0,0,0
2021-06-05 12:00,103,48,55,0,0,0
2021-06-05 12:15,115,55,60,0,0,0
2021-06-05 12:30,77,35,42,0,0,0
2021-06-05 12:45,122,58,64,0,0,0
2021-06-05 13:00,77,31,46,0,0,0
2021-06-05 13:15,91,47,44,0,0,0
2021-06-05 13:30,105,57,48,0,0,0
2021-06-05 13:45,112,62,50,0,0,0
2021-06-05 14:00,109,55,54,0,0,0
2021-06-05 14:15,107,64,43,0,0,0
2021-06-05 14:30,92,50,42,0,0,0
2021-06-05 14:45,111,58,53,0,0,0
2021-06-05 15:00,87,39,48,0,0,0
2021-06-05 15:15,105,45,60,0,0,0
2021-06-05 15:30,75,28,47,0,0,0
2021-06-05 15:45,73,37,36,0,0,0
2021-06-05 16:00,70,29,41,0,0,0
2021-06-05 16:15,97,44,53,0,0,0
2021-06-05 16:30,77,35,42,0,0,0
2021-06-05 16:45,123,60,63,0,0,0
2021-06-05 17:00,71,41,30,0,0,0
2021-06-05 17:15,105,62,43,0,0,0
2021-06-05 17:30,110,47,63,0,0,0
2021-06-05 17:45,98,43,55,0,0,0
2021-06-05 18:00,90,34,56,0,0,0
2021-06-05 18:15,101,51,50,0,0,0
2021-06-05 18:30,94,38,56,0,0,0
2021-06-05 18:45,106,57,49,0,0,0
2021-06-05 19:00,123,46,77,0,0,0
2021-06-05 19:15,74,35,39,0,0,0
2021-06-05 19:30,82,32,50,0,0,0
2021-06-05 19:45,88,41,47,0,0,0
2021-06-05 20:00,96,51,45,0,0,0
2021-06-05 20:15,66,30,36,0,0,0
2021-06-05 20:30,77,31,46,0,0,0
2021-06-05 20:45,80,37,43,0,0,0
2021-06-05 21:00,63,23,40,0,0,0
2021-06-05 21:15,77,38,39,0,0,0
2021-06-05 21:30,58,29,29,0,0,0
2021-06-05 21:45,54,21,33,0,0,0
2021-06-05 22:00,56,19,37,0,0,0
2021-06-05 22:15,54,19,35,0,0,0
2021-06-05 22:30,52,22,30,0,0,0
2021-06-05 22:45,42,25,17,0,0,0
2021-06-05 23:00,55,19,36,0,0,0
2021-06-05 23:15,59,12,47,0,0,0
2021-06-05 23:30,50,19,31,0,0,0
2021-06-05 23:45,66,32,34,0,0,0
2021-06-06 00:00,50,18,32,0,0,0
2021-06-06 00:15,63,26,37,0,0,0
2021-06-06 00:30,40,11,29,0,0,0
2021-06-06 00:45,36,8,28,0,0,0
2021-06-06 01:00,36,12,24,0,0,0
2021-06-06 01:15,35,12,23,0,0,0
2021-06-06 01:30,32,12,20,0,0,0
2021-06-06 01:45,20,5,15,0,0,0
2021-06-06 02:00,17,6,11,0,0,0
2021-06-06 02:15,16,8,8,0,0,0
2021-06-06 02:30,20,11,9,0,0,0
2021-06-06 02:45,21,11,10,0,0,0
2021-06-06 03:00,26,10,16,0,0,0
2021-06-06 03:15,15,5,10,0,0,0
2021-06-06 03:30,16,5,11,0,0,0
2021-06-06 03:45,7,2,5,0,0,0
2021-06-06 04:00,11,3,8,0,0,0
2021-06-06 04:15,9,6,3,0,0,0
2021-06-06 04:30,4,0,4,0,0,0
2021-06-06 04:45,7,4,3,0,0,0
2021-06-06 05:00,13,2,11,0,0,0
2021-06-06 05:15,7,4,3,0,0,0
2021-06-06 05:30,11,2,9,0,0,0
2021-06-06 05:45,6,1,5,0,0,0
2021-06-06 06:00,3,1,2,0,0,0
2021-06-06 06:15,2,0,2,0,0,0
2021-06-06 06:30,5,2,3,0,0,0
2021-06-06 06:45,2,1,1,0,0,0
2021-06-06 07:00,7,2,5,0,0,0
2021-06-06 07:15,12,6,6,0,0,0
2021-06-06 07:30,6,3,3,0,0,0
2021-06-06 07:45,11,4,7,0,0,0
2021-06-06 08:00,7,5,2,0,0,0
2021-06-06 08:15,21,4,17,0,0,0
2021-06-06 08:30,15,8,7,0,0,0
2021-06-06 08:45,24,7,17,0,0,0
2021-06-06 09:00,26,8,18,0,0,0
2021-06-06 09:15,28,7,21,0,0,0
2021-06-06 09:30,32,17,15,0,0,0
2021-06-06 09:45,42,17,25,0,0,0
2021-06-06 10:00,49,18,31,0,0,0
2021-06-06 10:15,48,14,34,0,0,0
2021-06-06 10:30,53,20,33,0,0,0
2021-06-06 10:45,52,28,24,0,0,0
2021-06-06 11:00,47,19,28,0,0,0
2021-06-06 11:15,46,19,27,0,0,0
2021-06-06 11:30,72,27,45,0,0,0
2021-06-06 11:45,76,44,32,0,0,0
2021-06-06 12:00,60,23,37,0,0,0
2021-06-06 12:15,53,24,29,0,0,0
2021-06-06 12:30,94,44,50,0,0,0
2021-06-06 12:45,71,22,49,0,0,0
2021-06-06 13:00,68,13,55,0,0,0
2021-06-06 13:15,66,25,41,0,0,0
2021-06-06 13:30,64,33,31,0,0,0
2021-06-06 13:45,71,33,38,0,0,0
2021-06-06 14:00,86,40,46,0,0,0
2021-06-06 14:15,78,27,51,0,0,0
2021-06-06 14:30,71,34,37,0,0,0
2021-06-06 14:45,79,39,40,0,0,0
2021-06-06 15:00,89,43,46,0,0,0
2021-06-06 15:15,119,56,63,0,0,0
2021-06-06 15:30,82,40,42,0,0,0
2021-06-06 15:45,119,54,65,0,0,0
2021-06-06 16:00,109,47,62,0,0,0
2021-06-06 16:15,89,35,54,0,0,0
2021-06-06 16:30,108,57,51,0,0,0
2021-06-06 16:45,118,51,67,0,0,0
2021-06-06 17:00,80,44,36,0,0,0
2021-06-06 17:15,103,44,59,0,0,0
2021-06-06 17:30,113,46,67,0,0,0
2021-06-06 17:45,113,59,54,0,0,0
2021-06-06 18:00,80,32,48,0,0,0
2021-06-06 18:15,112,54,58,0,0,0
2021-06-06 18:30,83,39,44,0,0,0
2021-06-06 18:45,68,31,37,0,0,0
2021-06-06 19:00,85,36,49,0,0,0
2021-06-06 19:15,79,28,51,0,0,0
2021-06-06 19:30,61,25,36,0,0,0
2021-06-06 19:45,61,26,35,0,0,0
2021-06-06 20:00,53,18,35,0,0,0
2021-06-06 20:15,63,28,35,0,0,0
2021-06-06 20:30,60,21,39,0,0,0
2021-06-06 20:45,41,17,24,0,0,0
2021-06-06 21:00,37,12,25,0,0,0
2021-06-06 21:15,39,14,25,0,0,0
2021-06-06 21:30,52,20,32,0,0,0
2021-06-06 21:45,30,14,16,0,0,0
2021-06-06 22:00,33,15,18,0,0,0
2021-06-06 22:15,22,8,14,0,0,0
2021-06-06 22:30,21,8,13,0,0,0
2021-06-06 22:45,15,8,7,0,0,0
2021-06-06 23:00,18,8,10,0,0,0
2021-06-06 23:15,29,11,18,0,0,0
2021-06-06 23:30,16,5,11,0,0,0
2021-06-06 23:45,13,5,8,0,0,0
2021-06-07 00:00,10,2,8,0,0,0
2021-06-07 00:15,8,1,7,0,0,0
2021-06-07 00:30,6,4,2,0,0,0
2021-06-07 00:45,17,2,15,0,0,0
2021-06-07 01:00,3,2,1,0,0,0
2021-06-07 01:15,3,2,1,0,0,0
2021-06-07 01:30,6,2,4,0,0,0
2021-06-07 01:45,4,1,3,0,0,0
2021-06-07 02:00,0,0,0,0,0,0
2021-06-07 02:15,0,0,0,0,0,0
2021-06-07 02:30,0,0,0,0,0,0
2021-06-07 02:45,0,0,0,0,0,0
2021-06-07 03:00,3,1,2,0,0,0
2021-06-07 03:15,2,1,1,0,0,0
2021-06-07 03:30,2,2,0,0,0,0
2021-06-07 03:45,0,0,0,0,0,0
2021-06-07 04:00,1,0,1,0,0,0
2021-06-07 04:15,4,2,2,0,0,0
2021-06-07 04:30,3,1,2,0,0,0
2021-06-07 04:45,5,3,2,0,0,0
2021-06-07 05:00,5,1,4,0,0,0
2021-06-07 05:15,8,4,4,0,0,0
2021-06-07 05:30,22,12,10,0,0,0
2021-06-07 05:45,20,11,9,0,0,0
2021-06-07 06:00,27,11,16,0,0,0
2021-06-07 06:15,32,16,16,0,0,0
2021-06-07 06:30,61,29,32,0,0,0
2021-06-07 06:45,68,34,34,0,0,0
2021-06-07 07:00,92,51,41,0,0,0
2021-06-07 07:15,97,44,53,0,0,0
2021-06-07 07:30,132,59,73,0,0,0
2021-06-07 07:45,172,77,95,0,0,0
2021-06-07 08:00,153,76,77,0,0,0
2021-06-07 08:15,138,69,69,0,0,0
2021-06-07 08:30,117,55,62,0,0,0
2021-06-07 08:45,142,69,73,0,0,0
2021-06-07 09:00,87,40,47,0,0,0
2021-06-07 09:15,76,44,32,0,0,0
2021-06-07 09:30,83,31,52,0,0,0
2021-06-07 09:45,102,39,63,0,0,0
2021-06-07 10:00,93,43,50,0,0,0
2021-06-07 10:15,72,28,44,0,0,0
2021-06-07 10:30,93,49,44,0,0,0
2021-06-07 10:45,121,55,66,0,0,0
2021-06-07 11:00,81,42,39,0,0,0
2021-06-07 11:15,93,40,53,0,0,0
2021-06-07 11:30,105,60,45,0,0,0
2021-06-07 11:45,130,61,69,0,0,0
2021-06-07 12:00,114,53,61,0,0,0
2021-06-07 12:15,100,48,52,0,0,0
2021-06-07 12:30,123,45,78,0,0,0
2021-06-07 12:45,124,59,65,0,0,0
2021-06-07 13:00,132,55,77,0,0,0
2021-06-07 13:15,131,65,66,0,0,0
2021-06-07 13:30,138,77,61,0,0,0
2021-06-07 13:45,165,97,68,0,0,0
2021-06-07 14:00,137,61,76,0,0,0
2021-06-07 14:15,133,64,69,0,0,0
2021-06-07 14:30,111,59,52,0,0,0
2021-06-07 14:45,136,65,71,0,0,0
2021-06-07 15:00,132,60,72,0,0,0
2021-06-07 15:15,124,59,65,0,0,0
2021-06-07 15:30,156,73,83,0,0,0
2021-06-07 15:45,162,69,93,0,0,0
2021-06-07 16:00,161,71,90,0,0,0
2021-06-07 16:15,162,92,70,0,0,0
2021-06-07 16:30,178,84,94,0,0,0
2021-06-07 16:45,148,82,66,0,0,0
2021-06-07 17:00,168,69,99,0,0,0
2021-06-07 17:15,169,79,90,0,0,0
2021-06-07 17:30,171,91,80,0,0,0
2021-06-07 17:45,146,79,67,0,0,0
2021-06-07 18:00,156,74,82,0,0,0
2021-06-07 18:15,134,64,70,0,0,0
2021-06-07 18:30,132,73,59,0,0,0
2021-06-07 18:45,143,63,80,0,0,0
2021-06-07 19:00,130,62,68,0,0,0
2021-06-07 19:15,115,59,56,0,0,0
2021-06-07 19:30,105,41,64,0,0,0
2021-06-07 19:45,101,41,60,0,0,0
2021-06-07 20:00,85,39,46,0,0,0
2021-06-07 20:15,70,26,44,0,0,0
2021-06-07 20:30,59,33,26,0,0,0
2021-06-07 20:45,70,31,39,0,0,0
2021-06-07 21:00,56,20,36,0,0,0
2021-06-07 21:15,71,33,38,0,0,0
2021-06-07 21:30,46,16,30,0,0,0
2021-06-07 21:45,58,22,36,0,0,0
2021-06-07 22:00,65,14,51,0,0,0
2021-06-07 22:15,40,13,27,0,0,0
2021-06-07 22:30,45,17,28,0,0,0
2021-06-07 22:45,30,12,18,0,0,0
2021-06-07 23:00,31,10,21,0,0,0
2021-06-07 23:15,30,13,17,0,0,0
2021-06-07 23:30,20,8,12,0,0,0
2021-06-07 23:45,23,13,10,0,0,0
2021-06-08 00:00,13,6,7,0,0,0
2021-06-08 00:15,17,6,11,0,0,0
2021-06-08 00:30,7,2,5,0,0,0
2021-06-08 00:45,8,5,3,0,0,0
2021-06-08 01:00,2,0,2,0,0,0
2021-06-08 01:15,8,4,4,0,0,0
2021-06-08 01:30,6,0,6,0,0,0
2021-06-08 01:45,10,1,9,0,0,0
2021-06-08 02:00,3,0,3,0,0,0
2021-06-08 02:15,4,1,3,0,0,0
2021-06-08 02:30,5,3,2,0,0,0
2021-06-08 02:45,4,2,2,0,0,0
2021-06-08 03:00,2,0,2,0,0,0
2021-06-08 03:15,2,1,1,0,0,0
2021-06-08 03:30,1,0,1,0,0,0
2021-06-08 03:45,0,0,0,0,0,0
2021-06-08 04:00,1,0,1,0,0,0
2021-06-08 04:15,4,2,2,0,0,0
2021-06-08 04:30,8,2,6,0,0,0
2021-06-08 04:45,6,3,3,0,0,0
2021-06-08 05:00,2,0,2,0,0,0
2021-06-08 05:15,5,2,3,0,0,0
2021-06-08 05:30,19,9,10,0,0,0
2021-06-08 05:45,18,8,10,0,0,0
2021-06-08 06:00,31,16,15,0,0,0
2021-06-08 06:15,37,15,22,0,0,0
2021-06-08 06:30,42,19,23,0,0,0
2021-06-08 06:45,86,51,35,0,0,0
2021-06-08 07:00,87,47,40,0,0,0
2021-06-08 07:15,102,53,49,0,0,0
2021-06-08 07:30,138,71,67,0,0,0
2021-06-08 07:45,180,85,95,0,0,0
2021-06-08 08:00,173,83,90,0,0,0
2021-06-08 08:15,134,67,67,0,0,0
2021-06-08 08:30,133,60,73,0,0,0
2021-06-08 08:45,139,65,74,0,0,0
2021-06-08 09:00,117,58,59,0,0,0
2021-06-08 09:15,114,49,65,0,0,0
2021-06-08 09:30,97,39,58,0,0,0
2021-06-08 09:45,101,44,57,0,0,0
2021-06-08 10:00,85,34,51,0,0,0
2021-06-08 10:15,104,43,61,0,0,0
2021-06-08 10:30,98,38,60,0,0,0
2021-06-08 10:45,111,50,61,0,0,0
2021-06-08 11:00,105,51,54,0,0,0
2021-06-08 11:15,92,33,59,0,0,0
2021-06-08 11:30,128,67,61,0,0,0
2021-06-08 11:45,94,41,53,0,0,0
2021-06-08 12:00,121,55,66,0,0,0
2021-06-08 12:15,112,52,60,0,0,0
2021-06-08 12:30,124,57,67,0,0,0
2021-06-08 12:45,142,74,68,0,0,0
2021-06-08 13:00,126,67,59,0,0,0
2021-06-08 13:15,115,48,67,0,0,0
2021-06-08 13:30,140,69,71,0,0,0
2021-06-08 13:45,144,69,75,0,0,0
2021-06-08 14:00,151,77,74,0,0,0
2021-06-08 14:15,114,65,49,0,0,0
2021-06-08 14:30,151,73,78,0,0,0
2021-06-08 14:45,150,83,67,0,0,0
2021-06-08 15:00,133,72,61,0,0,0
2021-06-08 15:15,142,83,59,0,0,0
2021-06-08 15:30,136,66,70,0,0,0
2021-06-08 15:45,156,81,75,0,0,0
2021-06-08 16:00,157,84,73,0,0,0
2021-06-08 16:15,176,96,80,0,0,0
2021-06-08 16:30,169,83,86,0,0,0
2021-06-08 16:45,174,88,86,0,0,0
2021-06-08 17:00,192,85,107,0,0,0
2021-06-08 17:15,210,98,112,0,0,0
2021-06-08 17:30,192,93,99,0,0,0
2021-06-08 17:45,186,89,97,0,0,0
2021-06-08 18:00,155,71,84,0,0,0
2021-06-08 18:15,160,70,90,0,0,0
2021-06-08 18:30,168,72,96,0,0,0
2021-06-08 18:45,161,83,78,0,0,0
2021-06-08 19:00,131,65,66,0,0,0
2021-06-08 19:15,134,58,76,0,0,0
2021-06-08 19:30,102,53,49,0,0,0
2021-06-08 19:45,137,57,80,0,0,0
2021-06-08 20:00,101,55,46,0,0,0
2021-06-08 20:15,91,48,43,0,0,0
2021-06-08 20:30,69,41,28,0,0,0
2021-06-08 20:45,78,37,41,0,0,0
2021-06-08 21:00,94,40,54,0,0,0
2021-06-08 21:15,76,32,44,0,0,0
2021-06-08 21:30,78,29,49,0,0,0
2021-06-08 21:45,81,37,44,0,0,0
2021-06-08 22:00,51,22,29,0,0,0
2021-06-08 22:15,69,25,44,0,0,0
2021-06-08 22:30,48,23,25,0,0,0
2021-06-08 22:45,45,21,24,0,0,0
2021-06-08 23:00,68,22,46,0,0,0
2021-06-08 23:15,28,12,16,0,0,0
2021-06-08 23:30,27,8,19,0,0,0
2021-06-08 23:45,25,7,18,0,0,0
2021-06-09 00:00,16,8,8,0,0,0
2021-06-09 00:15,14,5,9,0,0,0
2021-06-09 00:30,19,7,12,0,0,0
2021-06-09 00:45,9,2,7,0,0,0
2021-06-09 01:00,12,2,10,0,0,0
2021-06-09 01:15,5,1,4,0,0,0
2021-06-09 01:30,3,3,0,0,0,0
2021-06-09 01:45,3,1,2,0,0,0
2021-06-09 02:00,3,2,1,0,0,0
2021-06-09 02:15,0,0,0,0,0,0
2021-06-09 02:30,3,1,2,0,0,0
2021-06-09 02:45,2,1,1,0,0,0
2021-06-09 03:00,3,0,3,0,0,0
2021-06-09 03:15,3,1,2,0,0,0
2021-06-09 03:30,3,1,2,0,0,0
2021-06-09 03:45,2,2,0,0,0,0
2021-06-09 04:00,0,0,0,0,0,0
2021-06-09 04:15,5,2,3,0,0,0
2021-06-09 04:30,2,1,1,0,0,0
2021-06-09 04:45,13,4,9,0,0,0
2021-06-09 05:00,6,3,3,0,0,0
2021-06-09 05:15,10,2,8,0,0,0
2021-06-09 05:30,18,7,11,0,0,0
2021-06-09 05:45,25,13,12,0,0,0
2021-06-09 06:00,22,11,11,0,0,0
2021-06-09 06:15,37,15,22,0,0,0
2021-06-09 06:30,49,26,23,0,0,0
2021-06-09 06:45,81,47,34,0,0,0
2021-06-09 07:00,97,53,44,0,0,0
2021-06-09 07:15,103,49,54,0,0,0
2021-06-09 07:30,152,79,73,0,0,0
2021-06-09 07:45,157,79,78,0,0,0
2021-06-09 08:00,184,76,108,0,0,0
2021-06-09 08:15,160,88,72,0,0,0
2021-06-09 08:30,134,64,70,0,0,0
2021-06-09 08:45,152,63,89,0,0,0
2021-06-09 09:00,104,43,61,0,0,0
2021-06-09 09:15,118,40,78,0,0,0
2021-06-09 09:30,93,31,62,0,0,0
2021-06-09 09:45,107,49,58,0,0,0
2021-06-09 10:00,118,58,60,0,0,0
2021-06-09 10:15,94,48,46,0,0,0
2021-06-09 10:30,100,38,62,0,0,0
2021-06-09 10:45,130,58,72,0,0,0
2021-06-09 11:00,91,39,52,0,0,0
2021-06-09 11:15,92,33,59,0,0,0
2021-06-09 11:30,113,50,63,0,0,0
2021-06-09 11:45,140,60,80,0,0,0
2021-06-09 12:00,143,54,89,0,0,0
2021-06-09 12:15,162,84,78,0,0,0
2021-06-09 12:30,148,80,68,0,0,0
2021-06-09 12:45,133,76,57,0,0,0
2021-06-09 13:00,128,62,66,0,0,0
2021-06-09 13:15,147,77,70,0,0,0
2021-06-09 13:30,125,66,59,0,0,0
2021-06-09 13:45,142,76,66,0,0,0
2021-06-09 14:00,125,63,62,0,0,0
2021-06-09 14:15,146,80,66,0,0,0
2021-06-09 14:30,145,70,75,0,0,0
2021-06-09 14:45,155,93,62,0,0,0
2021-06-09 15:00,111,73,38,0,0,0
2021-06-09 15:15,153,86,67,0,0,0
2021-06-09 15:30,171,87,84,0,0,0
2021-06-09 15:45,184,94,90,0,0,0
2021-06-09 16:00,167,86,81,0,0,0
2021-06-09 16:15,192,106,86,0,0,0
2021-06-09 16:30,149,75,74,0,0,0
2021-06-09 16:45,192,89,103,0,0,0
2021-06-09 17:00,179,85,94,0,0,0
2021-06-09 17:15,196,107,89,0,0,0
2021-06-09 17:30,193,104,89,0,0,0
2021-06-09 17:45,220,130,90,0,0,0
2021-06-09 18:00,196,103,93,0,0,0
2021-06-09 18:15,173,89,84,0,0,0
2021-06-09 18:30,167,81,86,0,0,0
2021-06-09 18:45,194,124,70,0,0,0
2021-06-09 19:00,187,102,85,0,0,0
2021-06-09 19:15,140,76,64,0,0,0
2021-06-09 19:30,128,76,52,0,0,0
2021-06-09 19:45,162,100,62,0,0,0
2021-06-09 20:00,133,65,68,0,0,0
2021-06-09 20:15,106,47,59,0,0,0
2021-06-09 20:30,84,36,48,0,0,0
2021-06-09 20:45,119,46,73,0,0,0
2021-06-09 21:00,91,38,53,0,0,0
2021-06-09 21:15,114,60,54,0,0,0
2021-06-09 21:30,87,31,56,0,0,0
2021-06-09 21:45,103,33,70,0,0,0
2021-06-09 22:00,83,33,50,0,0,0
2021-06-09 22:15,87,36,51,0,0,0
2021-06-09 22:30,61,24,37,0,0,0
2021-06-09 22:45,71,17,54,0,0,0
2021-06-09 23:00,63,13,50,0,0,0
2021-06-09 23:15,66,23,43,0,0,0
2021-06-09 23:30,59,19,40,0,0,0
2021-06-09 23:45,47,19,28,0,0,0
2021-06-10 00:00,36,15,21,0,0,0
2021-06-10 00:15,46,15,31,0,0,0
2021-06-10 00:30,22,16,6,0,0,0
2021-06-10 00:45,24,8,16,0,0,0
2021-06-10 01:00,28,11,17,0,0,0
2021-06-10 01:15,21,10,11,0,0,0
2021-06-10 01:30,9,3,6,0,0,0
2021-06-10 01:45,12,2,10,0,0,0
2021-06-10 02:00,8,3,5,0,0,0
2021-06-10 02:15,5,3,2,0,0,0
2021-06-10 02:30,10,2,8,0,0,0
2021-06-10 02:45,9,1,8,0,0,0
2021-06-10 03:00,1,1,0,0,0,0
2021-06-10 03:15,14,2,12,0,0,0
2021-06-10 03:30,1,1,0,0,0,0
2021-06-10 03:45,2,1,1,0,0,0
2021-06-10 04:00,1,1,0,0,0,0
2021-06-10 04:15,6,3,3,0,0,0
2021-06-10 04:30,4,1,3,0,0,0
2021-06-10 04:45,5,1,4,0,0,0
2021-06-10 05:00,6,3,3,0,0,0
2021-06-10 05:15,14,7,7,0,0,0
2021-06-10 05:30,20,7,13,0,0,0
2021-06-10 05:45,17,7,10,0,0,0
2021-06-10 06:00,21,12,9,0,0,0
2021-06-10 06:15,36,17,19,0,0,0
2021-06-10 06:30,38,19,19,0,0,0
2021-06-10 06:45,88,54,34,0,0,0
2021-06-10 07:00,89,50,39,0,0,0
2021-06-10 07:15,104,51,53,0,0,0
2021-06-10 07:30,137,70,67,0,0,0
2021-06-10 07:45,165,83,82,0,0,0
2021-06-10 08:00,172,80,92,0,0,0
2021-06-10 08:15,164,69,95,0,0,0
2021-06-10 08:30,138,75,63,0,0,0
2021-06-10 08:45,140,64,76,0,0,0
2021-06-10 09:00,100,37,63,0,0,0
2021-06-10 09:15,91,43,48,0,0,0
2021-06-10 09:30,104,56,48,0,0,0
2021-06-10 09:45,101,38,63,0,0,0
2021-06-10 10:00,113,55,58,0,0,0
2021-06-10 10:15,86,36,50,0,0,0
2021-06-10 10:30,91,36,55,0,0,0
2021-06-10 10:45,101,43,58,0,0,0
2021-06-10 11:00,109,45,64,0,0,0
2021-06-10 11:15,127,57,70,0,0,0
2021-06-10 11:30,125,48,77,0,0,0
2021-06-10 11:45,127,49,78,0,0,0
2021-06-10 12:00,135,69,66,0,0,0
2021-06-10 12:15,141,65,76,0,0,0
2021-06-10 12:30,102,57,45,0,0,0
2021-06-10 12:45,150,68,82,0,0,0
2021-06-10 13:00,140,69,71,0,0,0
2021-06-10 13:15,128,59,69,0,0,0
2021-06-10 13:30,136,81,55,0,0,0
2021-06-10 13:45,137,74,63,0,0,0
2021-06-10 14:00,135,56,79,0,0,0
2021-06-10 14:15,148,84,64,0,0,0
2021-06-10 14:30,169,79,90,0,0,0
2021-06-10 14:45,152,87,65,0,0,0
2021-06-10 15:00,142,65,77,0,0,0
2021-06-10 15:15,150,96,54,0,0,0
2021-06-10 15:30,176,99,77,0,0,0
2021-06-10 15:45,203,116,87,0,0,0
2021-06-10 16:00,205,90,115,0,0,0
2021-06-10 16:15,201,121,80,0,0,0
2021-06-10 16:30,157,74,83,0,0,0
2021-06-10 16:45,185,97,88,0,0,0
2021-06-10 17:00,197,95,102,0,0,0
2021-06-10 17:15,203,102,101,0,0,0
2021-06-10 17:30,177,89,88,0,0,0
2021-06-10 17:45,206,127,79,0,0,0
2021-06-10 18:00,217,98,119,0,0,0
2021-06-10 18:15,203,100,103,0,0,0
2021-06-10 18:30,168,81,87,0,0,0
2021-06-10 18:45,186,98,88,0,0,0
2021-06-10 19:00,154,64,90,0,0,0
2021-06-10 19:15,173,85,88,0,0,0
2021-06-10 19:30,130,58,72,0,0,0
2021-06-10 19:45,143,61,82,0,0,0
2021-06-10 20:00,109,54,55,0,0,0
2021-06-10 20:15,109,59,50,0,0,0
2021-06-10 20:30,113,53,60,0,0,0
2021-06-10 20:45,86,35,51,0,0,0
2021-06-10 21:00,90,36,54,0,0,0
2021-06-10 21:15,67,22,45,0,0,0
2021-06-10 21:30,111,42,69,0,0,0
2021-06-10 21:45,81,31,50,0,0,0
2021-06-10 22:00,91,32,59,0,0,0
2021-06-10 22:15,77,23,54,0,0,0
2021-06-10 22:30,95,32,63,0,0,0
2021-06-10 22:45,70,16,54,0,0,0
2021-06-10 23:00,59,26,33,0,0,0
2021-06-10 23:15,68,15,53,0,0,0
2021-06-10 23:30,44,8,36,0,0,0
2021-06-10 23:45,36,14,22,0,0,0
2021-06-11 00:00,28,11,17,0,0,0
2021-06-11 00:15,36,13,23,0,0,0
2021-06-11 00:30,11,5,6,0,0,0
2021-06-11 00:45,20,5,15,0,0,0
2021-06-11 01:00,20,5,15,0,0,0
2021-06-11 01:15,17,3,14,0,0,0
2021-06-11 01:30,17,6,11,0,0,0
2021-06-11 01:45,5,2,3,0,0,0
2021-06-11 02:00,6,1,5,0,0,0
2021-06-11 02:15,6,2,4,0,0,0
2021-06-11 02:30,2,1,1,0,0,0
2021-06-11 02:45,2,1,1,0,0,0
2021-06-11 03:00,3,2,1,0,0,0
2021-06-11 03:15,4,1,3,0,0,0
2021-06-11 03:30,1,0,1,0,0,0
2021-06-11 03:45,2,1,1,0,0,0
2021-06-11 04:00,3,1,2,0,0,0
2021-06-11 04:15,3,1,2,0,0,0
2021-06-11 04:30,14,4,10,0,0,0
2021-06-11 04:45,8,3,5,0,0,0
2021-06-11 05:00,7,4,3,0,0,0
2021-06-11 05:15,10,2,8,0,0,0
2021-06-11 05:30,14,6,8,0,0,0
2021-06-11 05:45,26,14,12,0,0,0
2021-06-11 06:00,28,10,18,0,0,0
2021-06-11 06:15,31,13,18,0,0,0
2021-06-11 06:30,44,26,18,0,0,0
2021-06-11 06:45,77,47,30,0,0,0
2021-06-11 07:00,81,42,39,0,0,0
2021-06-11 07:15,97,46,51,0,0,0
2021-06-11 07:30,118,61,57,0,0,0
2021-06-11 07:45,151,75,76,0,0,0
2021-06-11 08:00,160,71,89,0,0,0
2021-06-11 08:15,131,66,65,0,0,0
2021-06-11 08:30,123,73,50,0,0,0
2021-06-11 08:45,110,43,67,0,0,0
2021-06-11 09:00,127,63,64,0,0,0
2021-06-11 09:15,106,52,54,0,0,0
2021-06-11 09:30,92,33,59,0,0,0
2021-06-11 09:45,106,43,63,0,0,0
2021-06-11 10:00,102,53,49,0,0,0
2021-06-11 10:15,96,40,56,0,0,0
2021-06-11 10:30,108,56,52,0,0,0
2021-06-11 10:45,93,49,44,0,0,0
2021-06-11 11:00,104,50,54,0,0,0
2021-06-11 11:15,122,54,68,0,0,0
2021-06-11 11:30,122,53,69,0,0,0
2021-06-11 11:45,115,53,62,0,0,0
2021-06-11 12:00,104,53,51,0,0,0
2021-06-11 12:15,149,58,91,0,0,0
2021-06-11 12:30,147,68,79,0,0,0
2021-06-11 12:45,95,26,69,0,0,0
2021-06-11 13:00,151,59,92,0,0,0
2021-06-11 13:15,169,93,76,0,0,0
2021-06-11 13:30,144,70,74,0,0,0
2021-06-11 13:45,181,94,87,0,0,0
2021-06-11 14:00,137,64,73,0,0,0
2021-06-11 14:15,178,90,88,0,0,0
2021-06-11 14:30,135,61,74,0,0,0
2021-06-11 14:45,126,57,69,0,0,0
2021-06-11 15:00,149,81,68,0,0,0
2021-06-11 15:15,141,69,72,0,0,0
2021-06-11 15:30,168,89,79,0,0,0
2021-06-11 15:45,180,83,97,0,0,0
2021-06-11 16:00,199,100,99,0,0,0
2021-06-11 16:15,192,76,116,0,0,0
2021-06-11 16:30,168,87,81,0,0,0
2021-06-11 16:45,186,102,84,0,0,0
2021-06-11 17:00,133,75,58,0,0,0
2021-06-11 17:15,167,87,80,0,0,0
2021-06-11 17:30,215,94,121,0,0,0
2021-06-11 17:45,191,89,102,0,0,0
2021-06-11 18:00,186,78,108,0,0,0
2021-06-11 18:15,142,66,76,0,0,0
2021-06-11 18:30,195,90,105,0,0,0
2021-06-11 18:45,183,102,81,0,0,0
2021-06-11 19:00,193,98,95,0,0,0
2021-06-11 19:15,154,71,83,0,0,0
2021-06-11 19:30,157,82,75,0,0,0
2021-06-11 19:45,168,86,82,0,0,0
2021-06-11 20:00,128,65,63,0,0,0
2021-06-11 20:15,115,53,62,0,0,0
2021-06-11 20:30,151,68,83,0,0,0
2021-06-11 20:45,113,56,57,0,0,0
2021-06-11 21:00,116,48,68,0,0,0
2021-06-11 21:15,107,42,65,0,0,0
2021-06-11 21:30,94,42,52,0,0,0
2021-06-11 21:45,111,49,62,0,0,0
2021-06-11 22:00,74,31,43,0,0,0
2021-06-11 22:15,103,46,57,0,0,0
2021-06-11 22:30,100,40,60,0,0,0
2021-06-11 22:45,73,26,47,0,0,0
2021-06-11 23:00,87,25,62,0,0,0
2021-06-11 23:15,90,41,49,0,0,0
2021-06-11 23:30,78,22,56,0,0,0
2021-06-11 23:45,69,30,39,0,0,0
2021-06-12 00:00,81,35,46,0,0,0
2021-06-12 00:15,64,21,43,0,0,0
2021-06-12 00:30,75,41,34,0,0,0
2021-06-12 00:45,65,34,31,0,0,0
2021-06-12 01:00,69,21,48,0,0,0
2021-06-12 01:15,47,8,39,0,0,0
2021-06-12 01:30,71,19,52,0,0,0
2021-06-12 01:45,57,26,31,0,0,0
2021-06-12 02:00,53,17,36,0,0,0
2021-06-12 02:15,40,11,29,0,0,0
2021-06-12 02:30,44,12,32,0,0,0
2021-06-12 02:45,35,6,29,0,0,0
2021-06-12 03:00,32,12,20,0,0,0
2021-06-12 03:15,40,14,26,0,0,0
2021-06-12 03:30,36,2,34,0,0,0
2021-06-12 03:45,30,5,25,0,0,0
2021-06-12 04:00,26,6,20,0,0,0
2021-06-12 04:15,20,4,16,0,0,0
2021-06-12 04:30,15,2,13,0,0,0
2021-06-12 04:45,21,3,18,0,0,0
2021-06-12 05:00,15,1,14,0,0,0
2021-06-12 05:15,21,3,18,0,0,0
2021-06-12 05:30,16,2,14,0,0,0
2021-06-12 05:45,15,4,11,0,0,0
2021-06-12 06:00,11,3,8,0,0,0
2021-06-12 06:15,24,9,15,0,0,0
2021-06-12 06:30,12,4,8,0,0,0
2021-06-12 06:45,17,9,8,0,0,0
2021-06-12 07:00,7,2,5,0,0,0
2021-06-12 07:15,24,11,13,0,0,0
2021-06-12 07:30,38,15,23,0,0,0
2021-06-12 07:45,28,15,13,0,0,0
2021-06-12 08:00,23,10,13,0,0,0
2021-06-12 08:15,24,16,8,0,0,0
2021-06-12 08:30,54,27,27,0,0,0
2021-06-12 08:45,46,15,31,0,0,0
2021-06-12 09:00,61,27,34,0,0,0
2021-06-12 09:15,65,33,32,0,0,0
2021-06-12 09:30,59,21,38,0,0,0
2021-06-12 09:45,77,29,48,0,0,0
2021-06-12 10:00,83,33,50,0,0,0
2021-06-12 10:15,70,29,41,0,0,0
2021-06-12 10:30,74,24,50,0,0,0
2021-06-12 10:45,90,44,46,0,0,0
2021-06-12 11:00,64,37,27,0,0,0
2021-06-12 11:15,117,51,66,0,0,0
2021-06-12 11:30,103,43,60,0,0,0
2021-06-12 11:45,101,39,62,0,0,0
2021-06-12 12:00,99,48,51,0,0,0
2021-06-12 12:15,102,42,60,0,0,0
2021-06-12 12:30,94,40,54,0,0,0
2021-06-12 12:45,104,41,63,0,0,0
2021-06-12 13:00,112,46,66,0,0,0
2021-06-12 13:15,93,46,47,0,0,0
2021-06-12 13:30,93,50,43,0,0,0
2021-06-12 13:45,112,42,70,0,0,0
2021-06-12 14:00,116,44,72,0,0,0
2021-06-12 14:15,98,53,45,0,0,0
2021-06-12 14:30,138,62,76,0,0,0
2021-06-12 14:45,126,64,62,0,0,0
2021-06-12 15:00,118,61,57,0,0,0
2021-06-12 15:15,122,58,64,0,0,0
2021-06-12 15:30,120,59,61,0,0,0
2021-06-12 15:45,115,62,53,0,0,0
2021-06-12 16:00,134,69,65,0,0,0
2021-06-12 16:15,110,69,41,0,0,0
2021-06-12 16:30,135,72,63,0,0,0
2021-06-12 16:45,124,52,72,0,0,0
2021-06-12 17:00,125,66,59,0,0,0
2021-06-12 17:15,137,74,63,0,0,0
2021-06-12 17:30,127,61,66,0,0,0
2021-06-12 17:45,130,64,66,0,0,0
2021-06-12 18:00,135,68,67,0,0,0
2021-06-12 18:15,115,53,62,0,0,0
2021-06-12 18:30,108,62,46,0,0,0
2021-06-12 18:45,133,66,67,0,0,0
2021-06-12 19:00,136,73,63,0,0,0
2021-06-12 19:15,115,64,51,0,0,0
2021-06-12 19:30,101,56,45,0,0,0
2021-06-12 19:45,148,75,73,0,0,0
2021-06-12 20:00,143,76,67,0,0,0
2021-06-12 20:15,130,71,59,0,0,0
2021-06-12 20:30,118,53,65,0,0,0
2021-06-12 20:45,94,38,56,0,0,0
2021-06-12 21:00,131,80,51,0,0,0
2021-06-12 21:15,82,37,45,0,0,0
2021-06-12 21:30,77,33,44,0,0,0
2021-06-12 21:45,59,26,33,0,0,0
2021-06-12 22:00,64,19,45,0,0,0
2021-06-12 22:15,79,26,53,0,0,0
2021-06-12 22:30,85,25,60,0,0,0
2021-06-12 22:45,83,40,43,0,0,0
2021-06-12 23:00,78,32,46,0,0,0
2021-06-12 23:15,89,48,41,0,0,0
2021-06-12 23:30,99,31,68,0,0,0
2021-06-12 23:45,94,44,50,0,0,0
2021-06-13 00:00,55,14,41,0,0,0
2021-06-13 00:15,78,29,49,0,0,0
2021-06-13 00:30,64,27,37,0,0,0
2021-06-13 00:45,73,32,41,0,0,0
2021-06-13 01:00,63,18,45,0,0,0
2021-06-13 01:15,82,35,47,0,0,0
2021-06-13 01:30,54,20,34,0,0,0
2021-06-13 01:45,66,14,52,0,0,0
2021-06-13 02:00,42,17,25,0,0,0
2021-06-13 02:15,32,17,15,0,0,0
2021-06-13 02:30,49,12,37,0,0,0
2021-06-13 02:45,37,6,31,0,0,0
2021-06-13 03:00,58,15,43,0,0,0
2021-06-13 03:15,29,6,23,0,0,0
2021-06-13 03:30,30,6,24,0,0,0
2021-06-13 03:45,23,2,21,0,0,0
2021-06-13 04:00,31,8,23,0,0,0
2021-06-13 04:15,23,5,18,0,0,0
2021-06-13 04:30,16,5,11,0,0,0
2021-06-13 04:45,25,2,23,0,0,0
2021-06-13 05:00,6,1,5,0,0,0
2021-06-13 05:15,14,1,13,0,0,0
2021-06-13 05:30,17,4,13,0,0,0
2021-06-13 05:45,8,1,7,0,0,0
2021-06-13 06:00,7,1,6,0,0,0
2021-06-13 06:15,6,0,6,0,0,0
2021-06-13 06:30,10,2,8,0,0,0
2021-06-13 06:45,8,5,3,0,0,0
2021-06-13 07:00,11,6,5,0,0,0
2021-06-13 07:15,10,2,8,0,0,0
2021-06-13 07:30,10,3,7,0,0,0
2021-06-13 07:45,27,10,17,0,0,0
2021-06-13 08:00,18,7,11,0,0,0
2021-06-13 08:15,16,9,7,0,0,0
2021-06-13 08:30,10,3,7,0,0,0
2021-06-13 08:45,37,9,28,0,0,0
2021-06-13 09:00,13,4,9,0,0,0
2021-06-13 09:15,35,9,26,0,0,0
2021-06-13 09:30,35,13,22,0,0,0
2021-06-13 09:45,46,12,34,0,0,0
2021-06-13 10:00,38,16,22,0,0,0
2021-06-13 10:15,57,32,25,0,0,0
2021-06-13 10:30,56,17,39,0,0,0
2021-06-13 10:45,50,23,27,0,0,0
2021-06-13 11:00,41,16,25,0,0,0
2021-06-13 11:15,63,33,30,0,0,0
2021-06-13 11:30,61,22,39,0,0,0
2021-06-13 11:45,64,29,35,0,0,0
2021-06-13 12:00,70,37,33,0,0,0
2021-06-13 12:15,74,36,38,0,0,0
2021-06-13 12:30,64,36,28,0,0,0
2021-06-13 12:45,108,54,54,0,0,0
2021-06-13 13:00,82,27,55,0,0,0
2021-06-13 13:15,105,46,59,0,0,0
2021-06-13 13:30,94,48,46,0,0,0
2021-06-13 13:45,111,58,53,0,0,0
2021-06-13 14:00,112,53,59,0,0,0
2021-06-13 14:15,125,61,64,0,0,0
2021-06-13 14:30,88,48,40,0,0,0
2021-06-13 14:45,127,64,63,0,0,0
2021-06-13 15:00,106,51,55,0,0,0
2021-06-13 15:15,98,55,43,0,0,0
2021-06-13 15:30,157,89,68,0,0,0
2021-06-13 15:45,118,60,58,0,0,0
2021-06-13 16:00,104,58,46,0,0,0
2021-06-13 16:15,106,54,52,0,0,0
2021-06-13 16:30,129,56,73,0,0,0
2021-06-13 16:45,119,68,51,0,0,0
2021-06-13 17:00,137,66,71,0,0,0
2021-06-13 17:15,145,71,74,0,0,0
2021-06-13 17:30,134,83,51,0,0,0
2021-06-13 17:45,122,54,68,0,0,0
2021-06-13 18:00,94,41,53,0,0,0
2021-06-13 18:15,107,53,54,0,0,0
2021-06-13 18:30,100,52,48,0,0,0
2021-06-13 18:45,99,40,59,0,0,0
2021-06-13 19:00,113,41,72,0,0,0
2021-06-13 19:15,83,40,43,0,0,0
2021-06-13 19:30,82,40,42,0,0,0
2021-06-13 19:45,98,42,56,0,0,0
2021-06-13 20:00,119,51,68,0,0,0
2021-06-13 20:15,85,38,47,0,0,0
2021-06-13 20:30,82,31,51,0,0,0
2021-06-13 20:45,74,26,48,0,0,0
2021-06-13 21:00,75,26,49,0,0,0
2021-06-13 21:15,66,28,38,0,0,0
2021-06-13 21:30,65,28,37,0,0,0
2021-06-13 21:45,59,23,36,0,0,0
2021-06-13 22:00,62,20,42,0,0,0
2021-06-13 22:15,51,23,28,0,0,0
2021-06-13 22:30,39,9,30,0,0,0
2021-06-13 22:45,33,10,23,0,0,0
2021-06-13 23:00,38,9,29,0,0,0
2021-06-13 23:15,29,10,19,0,0,0
2021-06-13 23:30,23,5,18,0,0,0
2021-06-13 23:45,15,4,11,0,0,0
2021-06-14 00:00,14,5,9,0,0,0
2021-06-14 00:15,16,5,11,0,0,0
2021-06-14 00:30,14,3,11,0,0,0
2021-06-14 00:45,7,3,4,0,0,0
2021-06-14 01:00,8,2,6,0,0,0
2021-06-14 01:15,5,2,3,0,0,0
2021-06-14 01:30,2,1,1,0,0,0
2021-06-14 01:45,2,1,1,0,0,0
2021-06-14 02:00,2,0,2,0,0,0
2021-06-14 02:15,3,2,1,0,0,0
2021-06-14 02:30,0,0,0,0,0,0
2021-06-14 02:45,0,0,0,0,0,0
2021-06-14 03:00,0,0,0,0,0,0
2021-06-14 03:15,1,0,1,0,0,0
2021-06-14 03:30,0,0,0,0,0,0
2021-06-14 03:45,0,0,0,0,0,0
2021-06-14 04:00,1,0,1,0,0,0
2021-06-14 04:15,10,4,6,0,0,0
2021-06-14 04:30,2,1,1,0,0,0
2021-06-14 04:45,1,0,1,0,0,0
2021-06-14 05:00,3,0,3,0,0,0
2021-06-14 05:15,17,7,10,0,0,0
2021-06-14 05:30,17,6,11,0,0,0
2021-06-14 05:45,20,14,6,0,0,0
2021-06-14 06:00,22,11,11,0,0,0
2021-06-14 06:15,27,9,18,0,0,0
2021-06-14 06:30,53,25,28,0,0,0
2021-06-14 06:45,83,47,36,0,0,0
2021-06-14 07:00,91,46,45,0,0,0
2021-06-14 07:15,113,49,64,0,0,0
2021-06-14 07:30,133,63,70,0,0,0
2021-06-14 07:45,188,96,92,0,0,0
2021-06-14 08:00,154,67,87,0,0,0
2021-06-14 08:15,135,68,67,0,0,0
2021-06-14 08:30,119,70,49,0,0,0
2021-06-14 08:45,153,72,81,0,0,0
2021-06-14 09:00,99,38,61,0,0,0
2021-06-14 09:15,93,38,55,0,0,0
2021-06-14 09:30,98,38,60,0,0,0
2021-06-14 09:45,96,32,64,0,0,0
2021-06-14 10:00,89,40,49,0,0,0
2021-06-14 10:15,107,48,59,0,0,0
2021-06-14 10:30,98,43,55,0,0,0
2021-06-14 10:45,98,49,49,0,0,0
2021-06-14 11:00,87,34,53,0,0,0
2021-06-14 11:15,100,39,61,0,0,0
2021-06-14 11:30,111,47,64,0,0,0
2021-06-14 11:45,131,57,74,0,0,0
2021-06-14 12:00,145,60,85,0,0,0
2021-06-14 12:15,114,58,56,0,0,0
2021-06-14 12:30,111,60,51,0,0,0
2021-06-14 12:45,109,50,59,0,0,0
2021-06-14 13:00,125,67,58,0,0,0
2021-06-14 13:15,118,61,57,0,0,0
2021-06-14 13:30,128,77,51,0,0,0
2021-06-14 13:45,130,75,55,0,0,0
2021-06-14 14:00,148,83,65,0,0,0
2021-06-14 14:15,144,86,58,0,0,0
2021-06-14 14:30,157,89,68,0,0,0
2021-06-14 14:45,144,66,78,0,0,0
2021-06-14 15:00,175,96,79,0,0,0
2021-06-14 15:15,138,70,68,0,0,0
2021-06-14 15:30,150,78,72,0,0,0
2021-06-14 15:45,163,84,79,0,0,0
2021-06-14 16:00,199,107,92,0,0,0
2021-06-14 16:15,172,88,84,0,0,0
2021-06-14 16:30,188,101,87,0,0,0
2021-06-14 16:45,187,93,94,0,0,0
2021-06-14 17:00,186,90,96,0,0,0
2021-06-14 17:15,182,92,90,0,0,0
2021-06-14 17:30,173,95,78,0,0,0
2021-06-14 17:45,186,78,108,0,0,0
2021-06-14 18:00,161,77,84,0,0,0
2021-06-14 18:15,172,96,76,0,0,0
2021-06-14 18:30,160,87,73,0,0,0
2021-06-14 18:45,151,83,68,0,0,0
2021-06-14 19:00,157,70,87,0,0,0
2021-06-14 19:15,156,74,82,0,0,0
2021-06-14 19:30,127,64,63,0,0,0
2021-06-14 19:45,134,61,73,0,0,0
2021-06-14 20:00,126,60,66,0,0,0
2021-06-14 20:15,96,48,48,0,0,0
2021-06-14 20:30,89,35,54,0,0,0
2021-06-14 20:45,107,40,67,0,0,0
2021-06-14 21:00,96,52,44,0,0,0
2021-06-14 21:15,85,27,58,0,0,0
2021-06-14 21:30,81,30,51,0,0,0
2021-06-14 21:45,85,26,59,0,0,0
2021-06-14 22:00,69,20,49,0,0,0
2021-06-14 22:15,66,27,39,0,0,0
2021-06-14 22:30,57,20,37,0,0,0
2021-06-14 22:45,61,21,40,0,0,0
2021-06-14 23:00,47,9,38,0,0,0
2021-06-14 23:15,59,19,40,0,0,0
2021-06-14 23:30,30,10,20,0,0,0
2021-06-14 23:45,27,10,17,0,0,0
2021-06-15 00:00,23,9,14,0,0,0
2021-06-15 00:15,20,3,17,0,0,0
2021-06-15 00:30,18,6,12,0,0,0
2021-06-15 00:45,10,1,9,0,0,0
2021-06-15 01:00,10,1,9,0,0,0
2021-06-15 01:15,11,2,9,0,0,0
2021-06-15 01:30,9,5,4,0,0,0
2021-06-15 01:45,6,1,5,0,0,0
2021-06-15 02:00,2,0,2,0,0,0
2021-06-15 02:15,5,3,2,0,0,0
2021-06-15 02:30,3,1,2,0,0,0
2021-06-15 02:45,4,2,2,0,0,0
2021-06-15 03:00,1,0,1,0,0,0
2021-06-15 03:15,2,1,1,0,0,0
2021-06-15 03:30,0,0,0,0,0,0
2021-06-15 03:45,1,1,0,0,0,0
2021-06-15 04:00,2,0,2,0,0,0
2021-06-15 04:15,2,2,0,0,0,0
2021-06-15 04:30,3,2,1,0,0,0
2021-06-15 04:45,11,1,10,0,0,0
2021-06-15 05:00,4,2,2,0,0,0
2021-06-15 05:15,12,6,6,0,0,0
2021-06-15 05:30,17,3,14,0,0,0
2021-06-15 05:45,15,9,6,0,0,0
2021-06-15 06:00,31,11,20,0,0,0
2021-06-15 06:15,45,23,22,0,0,0
2021-06-15 06:30,59,30,29,0,0,0
2021-06-15 06:45,84,54,30,0,0,0
2021-06-15 07:00,84,38,46,0,0,0
2021-06-15 07:15,107,61,46,0,0,0
2021-06-15 07:30,149,64,85,0,0,0
2021-06-15 07:45,195,95,100,0,0,0
2021-06-15 08:00,164,87,77,0,0,0
2021-06-15 08:15,138,74,64,0,0,0
2021-06-15 08:30,118,57,61,0,0,0
2021-06-15 08:45,131,67,64,0,0,0
2021-06-15 09:00,104,50,54,0,0,0
2021-06-15 09:15,101,39,62,0,0,0
2021-06-15 09:30,111,53,58,0,0,0
2021-06-15 09:45,110,42,68,0,0,0
2021-06-15 10:00,122,55,67,0,0,0
2021-06-15 10:15,100,39,61,0,0,0
2021-06-15 10:30,105,50,55,0,0,0
2021-06-15 10:45,92,45,47,0,0,0
2021-06-15 11:00,94,39,55,0,0,0
2021-06-15 11:15,102,40,62,0,0,0
2021-06-15 11:30,104,53,51,0,0,0
2021-06-15 11:45,111,56,55,0,0,0
2021-06-15 12:00,119,49,70,0,0,0
2021-06-15 12:15,111,49,62,0,0,0
2021-06-15 12:30,119,47,72,0,0,0
2021-06-15 12:45,125,52,73,0,0,0
2021-06-15 13:00,157,80,77,0,0,0
2021-06-15 13:15,145,60,85,0,0,0
2021-06-15 13:30,131,67,64,0,0,0
2021-06-15 13:45,151,90,61,0,0,0
2021-06-15 14:00,122,55,67,0,0,0
2021-06-15 14:15,124,73,51,0,0,0
2021-06-15 14:30,128,61,67,0,0,0
2021-06-15 14:45,154,56,98,0,0,0
2021-06-15 15:00,131,65,66,0,0,0
2021-06-15 15:15,148,70,78,0,0,0
2021-06-15 15:30,151,77,74,0,0,0
2021-06-15 15:45,148,67,81,0,0,0
2021-06-15 16:00,148,69,79,0,0,0
2021-06-15 16:15,163,78,85,0,0,0
2021-06-15 16:30,181,87,94,0,0,0
2021-06-15 16:45,196,84,112,0,0,0
2021-06-15 17:00,158,85,73,0,0,0
2021-06-15 17:15,166,78,88,0,0,0
2021-06-15 17:30,154,79,75,0,0,0
2021-06-15 17:45,206,103,103,0,0,0
2021-06-15 18:00,188,108,80,0,0,0
2021-06-15 18:15,177,97,80,0,0,0
2021-06-15 18:30,165,96,69,0,0,0
2021-06-15 18:45,183,104,79,0,0,0
2021-06-15 19:00,171,90,81,0,0,0
2021-06-15 19:15,144,79,65,0,0,0
2021-06-15 19:30,146,85,61,0,0,0
2021-06-15 19:45,142,66,76,0,0,0
2021-06-15 20:00,181,83,98,0,0,0
2021-06-15 20:15,160,75,85,0,0,0
2021-06-15 20:30,103,58,45,0,0,0
2021-06-15 20:45,114,52,62,0,0,0
2021-06-15 21:00,80,35,45,0,0,0
2021-06-15 21:15,65,30,35,0,0,0
2021-06-15 21:30,53,18,35,0,0,0
2021-06-15 21:45,69,28,41,0,0,0
2021-06-15 22:00,43,15,28,0,0,0
2021-06-15 22:15,50,24,26,0,0,0
2021-06-15 22:30,40,16,24,0,0,0
2021-06-15 22:45,31,7,24,0,0,0
2021-06-15 23:00,173,62,111,0,0,0
2021-06-15 23:15,139,53,86,0,0,0
2021-06-15 23:30,88,37,51,0,0,0
2021-06-15 23:45,54,17,37,0,0,0
2021-06-16 00:00,42,9,33,0,0,0
2021-06-16 00:15,44,10,34,0,0,0
2021-06-16 00:30,28,8,20,0,0,0
2021-06-16 00:45,29,10,19,0,0,0
2021-06-16 01:00,14,7,7,0,0,0
2021-06-16 01:15,16,4,12,0,0,0
2021-06-16 01:30,15,10,5,0,0,0
2021-06-16 01:45,3,1,2,0,0,0
2021-06-16 02:00,9,1,8,0,0,0
2021-06-16 02:15,7,1,6,0,0,0
2021-06-16 02:30,7,4,3,0,0,0
2021-06-16 02:45,10,2,8,0,0,0
2021-06-16 03:00,5,1,4,0,0,0
2021-06-16 03:15,10,4,6,0,0,0
2021-06-16 03:30,7,1,6,0,0,0
2021-06-16 03:45,1,0,1,0,0,0
2021-06-16 04:00,3,0,3,0,0,0
2021-06-16 04:15,6,2,4,0,0,0
2021-06-16 04:30,3,2,1,0,0,0
2021-06-16 04:45,6,2,4,0,0,0
2021-06-16 05:00,5,0,5,0,0,0
2021-06-16 05:15,13,6,7,0,0,0
2021-06-16 05:30,26,7,19,0,0,0
2021-06-16 05:45,18,8,10,0,0,0
2021-06-16 06:00,25,16,9,0,0,0
2021-06-16 06:15,37,16,21,0,0,0
2021-06-16 06:30,53,30,23,0,0,0
2021-06-16 06:45,83,41,42,0,0,0
2021-06-16 07:00,95,51,44,0,0,0
2021-06-16 07:15,115,64,51,0,0,0
2021-06-16 07:30,127,62,65,0,0,0
2021-06-16 07:45,175,87,88,0,0,0
2021-06-16 08:00,157,65,92,0,0,0
2021-06-16 08:15,152,78,74,0,0,0
2021-06-16 08:30,115,53,62,0,0,0
2021-06-16 08:45,154,64,90,0,0,0
2021-06-16 09:00,121,63,58,0,0,0
2021-06-16 09:15,106,48,58,0,0,0
2021-06-16 09:30,103,56,47,0,0,0
2021-06-16 09:45,109,51,58,0,0,0
2021-06-16 10:00,128,65,63,0,0,0
2021-06-16 10:15,101,45,56,0,0,0
2021-06-16 10:30,93,38,55,0,0,0
2021-06-16 10:45,101,44,57,0,0,0
2021-06-16 11:00,128,54,74,0,0,0
2021-06-16 11:15,126,64,62,0,0,0
2021-06-16 11:30,83,19,64,0,0,0
2021-06-16 11:45,140,58,82,0,0,0
2021-06-16 12:00,128,66,62,0,0,0
2021-06-16 12:15,131,62,69,0,0,0
2021-06-16 12:30,118,61,57,0,0,0
2021-06-16 12:45,141,71,70,0,0,0
2021-06-16 13:00,144,69,75,0,0,0
2021-06-16 13:15,121,61,60,0,0,0
2021-06-16 13:30,156,96,60,0,0,0
2021-06-16 13:45,172,100,72,0,0,0
2021-06-16 14:00,167,102,65,0,0,0
2021-06-16 14:15,130,74,56,0,0,0
2021-06-16 14:30,136,86,50,0,0,0
2021-06-16 14:45,164,88,76,0,0,0
2021-06-16 15:00,150,67,83,0,0,0
2021-06-16 15:15,126,75,51,0,0,0
2021-06-16 15:30,159,79,80,0,0,0
2021-06-16 15:45,156,92,64,0,0,0
2021-06-16 16:00,202,117,85,0,0,0
2021-06-16 16:15,162,77,85,0,0,0
2021-06-16 16:30,178,83,95,0,0,0
2021-06-16 16:45,189,108,81,0,0,0
2021-06-16 17:00,194,109,85,0,0,0
2021-06-16 17:15,192,100,92,0,0,0
2021-06-16 17:30,188,98,90,0,0,0
2021-06-16 17:45,194,118,76,0,0,0
2021-06-16 18:00,191,106,85,0,0,0
2021-06-16 18:15,148,81,67,0,0,0
2021-06-16 18:30,166,75,91,0,0,0
2021-06-16 18:45,183,103,80,0,0,0
2021-06-16 19:00,178,89,89,0,0,0
2021-06-16 19:15,168,89,79,0,0,0
2021-06-16 19:30,157,95,62,0,0,0
2021-06-16 19:45,174,97,77,0,0,0
2021-06-16 20:00,146,64,82,0,0,0
2021-06-16 20:15,143,55,88,0,0,0
2021-06-16 20:30,125,56,69,0,0,0
2021-06-16 20:45,103,30,73,0,0,0
2021-06-16 21:00,98,45,53,0,0,0
2021-06-16 21:15,121,51,70,0,0,0
2021-06-16 21:30,89,31,58,0,0,0
2021-06-16 21:45,88,28,60,0,0,0
2021-06-16 22:00,102,37,65,0,0,0
2021-06-16 22:15,104,31,73,0,0,0
2021-06-16 22:30,68,24,44,0,0,0
2021-06-16 22:45,77,18,59,0,0,0
2021-06-16 23:00,68,19,49,0,0,0
2021-06-16 23:15,64,20,44,0,0,0
2021-06-16 23:30,60,14,46,0,0,0
2021-06-16 23:45,37,16,21,0,0,0
2021-06-17 00:00,28,5,23,0,0,0
2021-06-17 00:15,42,8,34,0,0,0
2021-06-17 00:30,20,3,17,0,0,0
2021-06-17 00:45,25,2,23,0,0,0
2021-06-17 01:00,27,6,21,0,0,0
2021-06-17 01:15,15,3,12,0,0,0
2021-06-17 01:30,22,8,14,0,0,0
2021-06-17 01:45,6,2,4,0,0,0
2021-06-17 02:00,16,3,13,0,0,0
2021-06-17 02:15,14,6,8,0,0,0
2021-06-17 02:30,7,1,6,0,0,0
2021-06-17 02:45,8,5,3,0,0,0
2021-06-17 03:00,9,1,8,0,0,0
2021-06-17 03:15,1,0,1,0,0,0
2021-06-17 03:30,1,1,0,0,0,0
2021-06-17 03:45,3,3,0,0,0,0
2021-06-17 04:00,1,0,1,0,0,0
2021-06-17 04:15,2,2,0,0,0,0
2021-06-17 04:30,8,3,5,0,0,0
2021-06-17 04:45,6,3,3,0,0,0
2021-06-17 05:00,4,3,1,0,0,0
2021-06-17 05:15,12,6,6,0,0,0
2021-06-17 05:30,18,7,11,0,0,0
2021-06-17 05:45,21,12,9,0,0,0
2021-06-17 06:00,16,6,10,0,0,0
2021-06-17 06:15,44,17,27,0,0,0
2021-06-17 06:30,51,25,26,0,0,0
2021-06-17 06:45,91,54,37,0,0,0
2021-06-17 07:00,75,36,39,0,0,0
2021-06-17 07:15,104,54,50,0,0,0
2021-06-17 07:30,134,74,60,0,0,0
2021-06-17 07:45,158,85,73,0,0,0
2021-06-17 08:00,158,57,101,0,0,0
2021-06-17 08:15,148,66,82,0,0,0
2021-06-17 08:30,121,57,64,0,0,0
2021-06-17 08:45,157,75,82,0,0,0
2021-06-17 09:00,109,51,58,0,0,0
2021-06-17 09:15,107,48,59,0,0,0
2021-06-17 09:30,82,39,43,0,0,0
2021-06-17 09:45,129,61,68,0,0,0
2021-06-17 10:00,84,37,47,0,0,0
2021-06-17 10:15,82,49,33,0,0,0
2021-06-17 10:30,99,40,59,0,0,0
2021-06-17 10:45,104,51,53,0,0,0
2021-06-17 11:00,104,49,55,0,0,0
2021-06-17 11:15,104,59,45,0,0,0
2021-06-17 11:30,120,49,71,0,0,0
2021-06-17 11:45,133,59,74,0,0,0
2021-06-17 12:00,129,77,52,0,0,0
2021-06-17 12:15,131,74,57,0,0,0
2021-06-17 12:30,127,66,61,0,0,0
2021-06-17 12:45,127,66,61,0,0,0
2021-06-17 13:00,144,78,66,0,0,0
2021-06-17 13:15,127,69,58,0,0,0
2021-06-17 13:30,126,63,63,0,0,0
2021-06-17 13:45,144,74,70,0,0,0
2021-06-17 14:00,106,51,55,0,0,0
2021-06-17 14:15,128,76,52,0,0,0
2021-06-17 14:30,126,64,62,0,0,0
2021-06-17 14:45,162,87,75,0,0,0
2021-06-17 15:00,126,57,69,0,0,0
2021-06-17 15:15,124,66,58,0,0,0
2021-06-17 15:30,158,94,64,0,0,0
2021-06-17 15:45,152,92,60,0,0,0
2021-06-17 16:00,175,112,63,0,0,0
2021-06-17 16:15,215,143,72,0,0,0
2021-06-17 16:30,172,90,82,0,0,0
2021-06-17 16:45,172,106,66,0,0,0
2021-06-17 17:00,188,106,82,0,0,0
2021-06-17 17:15,189,109,80,0,0,0
2021-06-17 17:30,203,119,84,0,0,0
2021-06-17 17:45,173,98,75,0,0,0
2021-06-17 18:00,217,129,88,0,0,0
2021-06-17 18:15,183,85,98,0,0,0
2021-06-17 18:30,170,76,94,0,0,0
2021-06-17 18:45,195,115,80,0,0,0
2021-06-17 19:00,129,69,60,0,0,0
2021-06-17 19:15,183,87,96,0,0,0
2021-06-17 19:30,135,62,73,0,0,0
2021-06-17 19:45,148,78,70,0,0,0
2021-06-17 20:00,142,48,94,0,0,0
2021-06-17 20:15,132,57,75,0,0,0
2021-06-17 20:30,99,45,54,0,0,0
2021-06-17 20:45,122,44,78,0,0,0
2021-06-17 21:00,108,40,68,0,0,0
2021-06-17 21:15,102,32,70,0,0,0
2021-06-17 21:30,104,33,71,0,0,0
2021-06-17 21:45,123,25,98,0,0,0
2021-06-17 22:00,98,35,63,0,0,0
2021-06-17 22:15,114,26,88,0,0,0
2021-06-17 22:30,75,23,52,0,0,0
2021-06-17 22:45,99,28,71,0,0,0
2021-06-17 23:00,74,19,55,0,0,0
2021-06-17 23:15,65,12,53,0,0,0
2021-06-17 23:30,65,17,48,0,0,0
2021-06-17 23:45,55,14,41,0,0,0
2021-06-18 00:00,36,10,26,0,0,0
2021-06-18 00:15,48,13,35,0,0,0
2021-06-18 00:30,27,2,25,0,0,0
2021-06-18 00:45,19,4,15,0,0,0
2021-06-18 01:00,33,4,29,0,0,0
2021-06-18 01:15,16,5,11,0,0,0
2021-06-18 01:30,8,3,5,0,0,0
2021-06-18 01:45,13,1,12,0,0,0
2021-06-18 02:00,3,1,2,0,0,0
2021-06-18 02:15,6,2,4,0,0,0
2021-06-18 02:30,2,0,2,0,0,0
2021-06-18 02:45,4,1,3,0,0,0
2021-06-18 03:00,7,5,2,0,0,0
2021-06-18 03:15,5,2,3,0,0,0
2021-06-18 03:30,0,0,0,0,0,0
2021-06-18 03:45,1,1,0,0,0,0
2021-06-18 04:00,1,0,1,0,0,0
2021-06-18 04:15,7,2,5,0,0,0
2021-06-18 04:30,3,1,2,0,0,0
2021-06-18 04:45,9,1,8,0,0,0
2021-06-18 05:00,1,0,1,0,0,0
2021-06-18 05:15,4,3,1,0,0,0
2021-06-18 05:30,26,6,20,0,0,0
2021-06-18 05:45,15,10,5,0,0,0
2021-06-18 06:00,30,18,12,0,0,0
2021-06-18 06:15,29,18,11,0,0,0
2021-06-18 06:30,39,16,23,0,0,0
2021-06-18 06:45,82,47,35,0,0,0
2021-06-18 07:00,73,40,33,0,0,0
2021-06-18 07:15,82,37,45,0,0,0
2021-06-18 07:30,126,65,61,0,0,0
2021-06-18 07:45,142,73,69,0,0,0
2021-06-18 08:00,143,55,88,0,0,0
2021-06-18 08:15,110,67,43,0,0,0
2021-06-18 08:30,116,42,74,0,0,0
2021-06-18 08:45,131,56,75,0,0,0
2021-06-18 09:00,92,42,50,0,0,0
2021-06-18 09:15,108,48,60,0,0,0
2021-06-18 09:30,112,56,56,0,0,0
2021-06-18 09:45,109,51,58,0,0,0
2021-06-18 10:00,80,34,46,0,0,0
2021-06-18 10:15,108,56,52,0,0,0
2021-06-18 10:30,97,51,46,0,0,0
2021-06-18 10:45,90,36,54,0,0,0
2021-06-18 11:00,110,48,62,0,0,0
2021-06-18 11:15,76,41,35,0,0,0
2021-06-18 11:30,122,59,63,0,0,0
2021-06-18 11:45,103,38,65,0,0,0
2021-06-18 12:00,129,67,62,0,0,0
2021-06-18 12:15,122,60,62,0,0,0
2021-06-18 12:30,124,62,62,0,0,0
2021-06-18 12:45,118,50,68,0,0,0
2021-06-18 13:00,139,66,73,0,0,0
2021-06-18 13:15,138,66,72,0,0,0
2021-06-18 13:30,144,70,74,0,0,0
2021-06-18 13:45,144,67,77,0,0,0
2021-06-18 14:00,137,60,77,0,0,0
2021-06-18 14:15,140,72,68,0,0,0
2021-06-18 14:30,147,62,85,0,0,0
2021-06-18 14:45,159,77,82,0,0,0
2021-06-18 15:00,121,54,67,0,0,0
2021-06-18 15:15,144,59,85,0,0,0
2021-06-18 15:30,128,69,59,0,0,0
2021-06-18 15:45,130,68,62,0,0,0
2021-06-18 16:00,127,72,55,0,0,0
2021-06-18 16:15,126,70,56,0,0,0
2021-06-18 16:30,143,74,69,0,0,0
2021-06-18 16:45,149,87,62,0,0,0
2021-06-18 17:00,147,91,56,0,0,0
2021-06-18 17:15,159,102,57,0,0,0
2021-06-18 17:30,135,75,60,0,0,0
2021-06-18 17:45,157,76,81,0,0,0
2021-06-18 18:00,139,67,72,0,0,0
2021-06-18 18:15,158,88,70,0,0,0
2021-06-18 18:30,150,82,68,0,0,0
2021-06-18 18:45,159,95,64,0,0,0
2021-06-18 19:00,109,55,54,0,0,0
2021-06-18 19:15,124,77,47,0,0,0
2021-06-18 19:30,142,84,58,0,0,0
2021-06-18 19:45,122,75,47,0,0,0
2021-06-18 20:00,144,78,66,0,0,0
2021-06-18 20:15,141,71,70,0,0,0
2021-06-18 20:30,109,59,50,0,0,0
2021-06-18 20:45,92,48,44,0,0,0
2021-06-18 21:00,104,55,49,0,0,0
2021-06-18 21:15,85,35,50,0,0,0
2021-06-18 21:30,81,42,39,0,0,0
2021-06-18 21:45,79,40,39,0,0,0
2021-06-18 22:00,85,40,45,0,0,0
2021-06-18 22:15,87,41,46,0,0,0
2021-06-18 22:30,70,24,46,0,0,0
2021-06-18 22:45,93,35,58,0,0,0
2021-06-18 23:00,77,22,55,0,0,0
2021-06-18 23:15,74,17,57,0,0,0
2021-06-18 23:30,92,32,60,0,0,0
2021-06-18 23:45,71,25,46,0,0,0
2021-06-19 00:00,78,33,45,0,0,0
2021-06-19 00:15,92,49,43,0,0,0
2021-06-19 00:30,68,25,43,0,0,0
2021-06-19 00:45,74,26,48,0,0,0
2021-06-19 01:00,68,23,45,0,0,0
2021-06-19 01:15,67,18,49,0,0,0
2021-06-19 01:30,47,12,35,0,0,0
2021-06-19 01:45,49,15,34,0,0,0
2021-06-19 02:00,61,13,48,0,0,0
2021-06-19 02:15,36,11,25,0,0,0
2021-06-19 02:30,38,8,30,0,0,0
2021-06-19 02:45,31,6,25,0,0,0
2021-06-19 03:00,24,4,20,0,0,0
2021-06-19 03:15,19,5,14,0,0,0
2021-06-19 03:30,25,5,20,0,0,0
2021-06-19 03:45,22,3,19,0,0,0
2021-06-19 04:00,22,9,13,0,0,0
2021-06-19 04:15,20,6,14,0,0,0
2021-06-19 04:30,12,2,10,0,0,0
2021-06-19 04:45,9,3,6,0,0,0
2021-06-19 05:00,5,0,5,0,0,0
2021-06-19 05:15,17,3,14,0,0,0
2021-06-19 05:30,17,3,14,0,0,0
2021-06-19 05:45,8,2,6,0,0,0
2021-06-19 06:00,12,3,9,0,0,0
2021-06-19 06:15,7,1,6,0,0,0
2021-06-19 06:30,14,5,9,0,0,0
2021-06-19 06:45,18,9,9,0,0,0
2021-06-19 07:00,25,12,13,0,0,0
2021-06-19 07:15,30,16,14,0,0,0
2021-06-19 07:30,32,14,18,0,0,0
2021-06-19 07:45,35,19,16,0,0,0
2021-06-19 08:00,28,16,12,0,0,0
2021-06-19 08:15,31,13,18,0,0,0
2021-06-19 08:30,43,18,25,0,0,0
2021-06-19 08:45,46,22,24,0,0,0
2021-06-19 09:00,44,14,30,0,0,0
2021-06-19 09:15,73,38,35,0,0,0
2021-06-19 09:30,67,21,46,0,0,0
2021-06-19 09:45,81,36,45,0,0,0
2021-06-19 10:00,87,34,53,0,0,0
2021-06-19 10:15,68,27,41,0,0,0
2021-06-19 10:30,74,29,45,0,0,0
2021-06-19 10:45,87,42,45,0,0,0
2021-06-19 11:00,85,47,38,0,0,0
2021-06-19 11:15,115,70,45,0,0,0
2021-06-19 11:30,86,31,55,0,0,0
2021-06-19 11:45,103,45,58,0,0,0
2021-06-19 12:00,78,41,37,0,0,0
2021-06-19 12:15,99,50,49,0,0,0
2021-06-19 12:30,100,42,58,0,0,0
2021-06-19 12:45,112,57,55,0,0,0
2021-06-19 13:00,121,61,60,0,0,0
2021-06-19 13:15,119,64,55,0,0,0
2021-06-19 13:30,108,50,58,0,0,0
2021-06-19 13:45,140,71,69,0,0,0
2021-06-19 14:00,112,59,53,0,0,0
2021-06-19 14:15,116,69,47,0,0,0
2021-06-19 14:30,140,72,68,0,0,0
2021-06-19 14:45,114,52,62,0,0,0
2021-06-19 15:00,117,70,47,0,0,0
2021-06-19 15:15,127,81,46,0,0,0
2021-06-19 15:30,138,68,70,0,0,0
2021-06-19 15:45,120,74,46,0,0,0
2021-06-19 16:00,128,61,67,0,0,0
2021-06-19 16:15,128,77,51,0,0,0
2021-06-19 16:30,129,68,61,0,0,0
2021-06-19 16:45,163,73,90,0,0,0
2021-06-19 17:00,180,76,104,0,0,0
2021-06-19 17:15,143,75,68,0,0,0
2021-06-19 17:30,194,91,103,0,0,0
2021-06-19 17:45,163,79,84,0,0,0
2021-06-19 18:00,104,49,55,0,0,0
2021-06-19 18:15,106,48,58,0,0,0
2021-06-19 18:30,99,63,36,0,0,0
2021-06-19 18:45,116,62,54,0,0,0
2021-06-19 19:00,66,28,38,0,0,0
2021-06-19 19:15,65,34,31,0,0,0
2021-06-19 19:30,77,39,38,0,0,0
2021-06-19 19:45,79,37,42,0,0,0
2021-06-19 20:00,109,42,67,0,0,0
2021-06-19 20:15,134,81,53,0,0,0
2021-06-19 20:30,126,65,61,0,0,0
2021-06-19 20:45,126,72,54,0,0,0
2021-06-19 21:00,99,54,45,0,0,0
2021-06-19 21:15,101,34,67,0,0,0
2021-06-19 21:30,96,57,39,0,0,0
2021-06-19 21:45,76,44,32,0,0,0
2021-06-19 22:00,96,37,59,0,0,0
2021-06-19 22:15,70,23,47,0,0,0
2021-06-19 22:30,67,26,41,0,0,0
2021-06-19 22:45,86,27,59,0,0,0
2021-06-19 23:00,92,28,64,0,0,0
2021-06-19 23:15,94,38,56,0,0,0
2021-06-19 23:30,85,34,51,0,0,0
2021-06-19 23:45,86,30,56,0,0,0
2021-06-20 00:00,59,22,37,0,0,0
2021-06-20 00:15,63,19,44,0,0,0
2021-06-20 00:30,68,24,44,0,0,0
2021-06-20 00:45,53,18,35,0,0,0
2021-06-20 01:00,87,22,65,0,0,0
2021-06-20 01:15,57,9,48,0,0,0
2021-06-20 01:30,36,8,28,0,0,0
2021-06-20 01:45,30,9,21,0,0,0
2021-06-20 02:00,23,5,18,0,0,0
2021-06-20 02:15,17,7,10,0,0,0
2021-06-20 02:30,27,10,17,0,0,0
2021-06-20 02:45,13,1,12,0,0,0
2021-06-20 03:00,10,2,8,0,0,0
2021-06-20 03:15,14,6,8,0,0,0
2021-06-20 03:30,6,2,4,0,0,0
2021-06-20 03:45,8,5,3,0,0,0
2021-06-20 04:00,15,1,14,0,0,0
2021-06-20 04:15,7,3,4,0,0,0
2021-06-20 04:30,4,3,1,0,0,0
2021-06-20 04:45,7,2,5,0,0,0
2021-06-20 05:00,0,0,0,0,0,0
2021-06-20 05:15,3,1,2,0,0,0
2021-06-20 05:30,13,2,11,0,0,0
2021-06-20 05:45,7,1,6,0,0,0
2021-06-20 06:00,4,1,3,0,0,0
2021-06-20 06:15,7,3,4,0,0,0
2021-06-20 06:30,14,3,11,0,0,0
2021-06-20 06:45,2,0,2,0,0,0
2021-06-20 07:00,7,2,5,0,0,0
2021-06-20 07:15,12,8,4,0,0,0
2021-06-20 07:30,16,4,12,0,0,0
2021-06-20 07:45,14,7,7,0,0,0
2021-06-20 08:00,8,4,4,0,0,0
2021-06-20 08:15,23,9,14,0,0,0
2021-06-20 08:30,19,4,15,0,0,0
2021-06-20 08:45,27,11,16,0,0,0
2021-06-20 09:00,22,10,12,0,0,0
2021-06-20 09:15,28,14,14,0,0,0
2021-06-20 09:30,29,12,17,0,0,0
2021-06-20 09:45,59,17,42,0,0,0
2021-06-20 10:00,46,24,22,0,0,0
2021-06-20 10:15,32,9,23,0,0,0
2021-06-20 10:30,64,31,33,0,0,0
2021-06-20 10:45,56,29,27,0,0,0
2021-06-20 11:00,50,26,24,0,0,0
2021-06-20 11:15,60,33,27,0,0,0
2021-06-20 11:30,60,27,33,0,0,0
2021-06-20 11:45,83,34,49,0,0,0
2021-06-20 12:00,68,41,27,0,0,0
2021-06-20 12:15,76,40,36,0,0,0
2021-06-20 12:30,67,35,32,0,0,0
2021-06-20 12:45,77,37,40,0,0,0
2021-06-20 13:00,81,33,48,0,0,0
2021-06-20 13:15,83,48,35,0,0,0
2021-06-20 13:30,62,29,33,0,0,0
2021-06-20 13:45,94,36,58,0,0,0
2021-06-20 14:00,88,46,42,0,0,0
2021-06-20 14:15,110,57,53,0,0,0
2021-06-20 14:30,99,55,44,0,0,0
2021-06-20 14:45,108,52,56,0,0,0
2021-06-20 15:00,72,29,43,0,0,0
2021-06-20 15:15,93,43,50,0,0,0
2021-06-20 15:30,118,58,60,0,0,0
2021-06-20 15:45,83,43,40,0,0,0
2021-06-20 16:00,111,57,54,0,0,0
2021-06-20 16:15,82,38,44,0,0,0
2021-06-20 16:30,91,52,39,0,0,0
2021-06-20 16:45,85,42,43,0,0,0
2021-06-20 17:00,101,47,54,0,0,0
2021-06-20 17:15,109,65,44,0,0,0
2021-06-20 17:30,79,43,36,0,0,0
2021-06-20 17:45,122,61,61,0,0,0
2021-06-20 18:00,106,61,45,0,0,0
2021-06-20 18:15,104,46,58,0,0,0
2021-06-20 18:30,96,43,53,0,0,0
2021-06-20 18:45,121,60,61,0,0,0
2021-06-20 19:00,103,42,61,0,0,0
2021-06-20 19:15,96,37,59,0,0,0
2021-06-20 19:30,103,40,63,0,0,0
2021-06-20 19:45,78,43,35,0,0,0
2021-06-20 20:00,111,36,75,0,0,0
2021-06-20 20:15,92,48,44,0,0,0
2021-06-20 20:30,68,26,42,0,0,0
2021-06-20 20:45,51,13,38,0,0,0
2021-06-20 21:00,74,29,45,0,0,0
2021-06-20 21:15,39,12,27,0,0,0
2021-06-20 21:30,32,10,22,0,0,0
2021-06-20 21:45,46,10,36,0,0,0
2021-06-20 22:00,41,8,33,0,0,0
2021-06-20 22:15,34,8,26,0,0,0
2021-06-20 22:30,31,8,23,0,0,0
2021-06-20 22:45,36,9,27,0,0,0
2021-06-20 23:00,17,7,10,0,0,0
2021-06-20 23:15,25,12,13,0,0,0
2021-06-20 23:30,15,4,11,0,0,0
2021-06-20 23:45,14,4,10,0,0,0
2021-06-21 00:00,19,6,13,0,0,0
2021-06-21 00:15,7,4,3,0,0,0
2021-06-21 00:30,26,2,24,0,0,0
2021-06-21 00:45,7,4,3,0,0,0
2021-06-21 01:00,8,3,5,0,0,0
2021-06-21 01:15,14,4,10,0,0,0
2021-06-21 01:30,6,2,4,0,0,0
2021-06-21 01:45,2,1,1,0,0,0
2021-06-21 02:00,2,1,1,0,0,0
2021-06-21 02:15,3,3,0,0,0,0
2021-06-21 02:30,1,0,1,0,0,0
2021-06-21 02:45,0,0,0,0,0,0
2021-06-21 03:00,0,0,0,0,0,0
2021-06-21 03:15,0,0,0,0,0,0
2021-06-21 03:30,0,0,0,0,0,0
2021-06-21 03:45,0,0,0,0,0,0
2021-06-21 04:00,2,1,1,0,0,0
2021-06-21 04:15,3,2,1,0,0,0
2021-06-21 04:30,4,3,1,0,0,0
2021-06-21 04:45,3,1,2,0,0,0
2021-06-21 05:00,0,0,0,0,0,0
2021-06-21 05:15,10,3,7,0,0,0
2021-06-21 05:30,10,2,8,0,0,0
2021-06-21 05:45,9,5,4,0,0,0
2021-06-21 06:00,24,6,18,0,0,0
2021-06-21 06:15,32,12,20,0,0,0
2021-06-21 06:30,36,14,22,0,0,0
2021-06-21 06:45,60,34,26,0,0,0
2021-06-21 07:00,66,30,36,0,0,0
2021-06-21 07:15,66,22,44,0,0,0
2021-06-21 07:30,106,52,54,0,0,0
2021-06-21 07:45,143,72,71,0,0,0
2021-06-21 08:00,166,79,87,0,0,0
2021-06-21 08:15,98,36,62,0,0,0
2021-06-21 08:30,111,41,70,0,0,0
2021-06-21 08:45,131,63,68,0,0,0
2021-06-21 09:00,93,41,52,0,0,0
2021-06-21 09:15,77,34,43,0,0,0
2021-06-21 09:30,92,24,68,0,0,0
2021-06-21 09:45,101,35,66,0,0,0
2021-06-21 10:00,108,44,64,0,0,0
2021-06-21 10:15,88,36,52,0,0,0
2021-06-21 10:30,71,39,32,0,0,0
2021-06-21 10:45,94,29,65,0,0,0
2021-06-21 11:00,78,40,38,0,0,0
2021-06-21 11:15,80,39,41,0,0,0
2021-06-21 11:30,110,52,58,0,0,0
2021-06-21 11:45,114,36,78,0,0,0
2021-06-21 12:00,91,34,57,0,0,0
2021-06-21 12:15,81,29,52,0,0,0
2021-06-21 12:30,107,41,66,0,0,0
2021-06-21 12:45,113,55,58,0,0,0
2021-06-21 13:00,111,52,59,0,0,0
2021-06-21 13:15,97,37,60,0,0,0
2021-06-21 13:30,110,49,61,0,0,0
2021-06-21 13:45,118,57,61,0,0,0
2021-06-21 14:00,98,53,45,0,0,0
2021-06-21 14:15,95,42,53,0,0,0
2021-06-21 14:30,98,47,51,0,0,0
2021-06-21 14:45,95,48,47,0,0,0
2021-06-21 15:00,106,60,46,0,0,0
2021-06-21 15:15,90,45,45,0,0,0
2021-06-21 15:30,97,38,59,0,0,0
2021-06-21 15:45,98,51,47,0,0,0
2021-06-21 16:00,103,48,55,0,0,0
2021-06-21 16:15,120,55,65,0,0,0
2021-06-21 16:30,119,53,66,0,0,0
2021-06-21 16:45,127,49,78,0,0,0
2021-06-21 17:00,135,57,78,0,0,0
2021-06-21 17:15,136,55,81,0,0,0
2021-06-21 17:30,146,67,79,0,0,0
2021-06-21 17:45,176,87,89,0,0,0
2021-06-21 18:00,126,65,61,0,0,0
2021-06-21 18:15,120,49,71,0,0,0
2021-06-21 18:30,129,57,72,0,0,0
2021-06-21 18:45,128,59,69,0,0,0
2021-06-21 19:00,127,61,66,0,0,0
2021-06-21 19:15,75,33,42,0,0,0
2021-06-21 19:30,79,35,44,0,0,0
2021-06-21 19:45,80,43,37,0,0,0
2021-06-21 20:00,80,40,40,0,0,0
2021-06-21 20:15,59,27,32,0,0,0
2021-06-21 20:30,62,26,36,0,0,0
2021-06-21 20:45,54,22,32,0,0,0
2021-06-21 21:00,53,11,42,0,0,0
2021-06-21 21:15,50,20,30,0,0,0
2021-06-21 21:30,44,20,24,0,0,0
2021-06-21 21:45,53,21,32,0,0,0
2021-06-21 22:00,27,7,20,0,0,0
2021-06-21 22:15,27,10,17,0,0,0
2021-06-21 22:30,23,9,14,0,0,0
2021-06-21 22:45,36,10,26,0,0,0
2021-06-21 23:00,29,12,17,0,0,0
2021-06-21 23:15,21,9,12,0,0,0
2021-06-21 23:30,18,8,10,0,0,0
2021-06-21 23:45,20,3,17,0,0,0
2021-06-22 00:00,10,5,5,0,0,0
2021-06-22 00:15,12,2,10,0,0,0
2021-06-22 00:30,3,2,1,0,0,0
2021-06-22 00:45,10,3,7,0,0,0
2021-06-22 01:00,5,3,2,0,0,0
2021-06-22 01:15,7,2,5,0,0,0
2021-06-22 01:30,5,0,5,0,0,0
2021-06-22 01:45,2,0,2,0,0,0
2021-06-22 02:00,3,0,3,0,0,0
2021-06-22 02:15,2,2,0,0,0,0
2021-06-22 02:30,1,1,0,0,0,0
2021-06-22 02:45,2,0,2,0,0,0
2021-06-22 03:00,2,0,2,0,0,0
2021-06-22 03:15,3,1,2,0,0,0
2021-06-22 03:30,3,2,1,0,0,0
2021-06-22 03:45,2,1,1,0,0,0
2021-06-22 04:00,3,1,2,0,0,0
2021-06-22 04:15,4,4,0,0,0,0
2021-06-22 04:30,3,1,2,0,0,0
2021-06-22 04:45,5,3,2,0,0,0
2021-06-22 05:00,4,2,2,0,0,0
2021-06-22 05:15,8,4,4,0,0,0
2021-06-22 05:30,18,5,13,0,0,0
2021-06-22 05:45,18,11,7,0,0,0
2021-06-22 06:00,29,14,15,0,0,0
2021-06-22 06:15,28,12,16,0,0,0
2021-06-22 06:30,48,24,24,0,0,0
2021-06-22 06:45,93,56,37,0,0,0
2021-06-22 07:00,84,39,45,0,0,0
2021-06-22 07:15,92,41,51,0,0,0
2021-06-22 07:30,124,65,59,0,0,0
2021-06-22 07:45,167,91,76,0,0,0
2021-06-22 08:00,154,61,93,0,0,0
2021-06-22 08:15,140,71,69,0,0,0
2021-06-22 08:30,146,79,67,0,0,0
2021-06-22 08:45,138,63,75,0,0,0
2021-06-22 09:00,105,35,70,0,0,0
2021-06-22 09:15,108,44,64,0,0,0
2021-06-22 09:30,90,41,49,0,0,0
2021-06-22 09:45,97,32,65,0,0,0
2021-06-22 10:00,91,33,58,0,0,0
2021-06-22 10:15,112,42,70,0,0,0
2021-06-22 10:30,77,32,45,0,0,0
2021-06-22 10:45,88,36,52,0,0,0
2021-06-22 11:00,90,46,44,0,0,0
2021-06-22 11:15,95,27,68,0,0,0
2021-06-22 11:30,94,37,57,0,0,0
2021-06-22 11:45,108,51,57,0,0,0
2021-06-22 12:00,127,51,76,0,0,0
2021-06-22 12:15,115,34,81,0,0,0
2021-06-22 12:30,122,51,71,0,0,0
2021-06-22 12:45,143,61,82,0,0,0
2021-06-22 13:00,126,63,63,0,0,0
2021-06-22 13:15,130,65,65,0,0,0
2021-06-22 13:30,144,81,63,0,0,0
2021-06-22 13:45,139,75,64,0,0,0
2021-06-22 14:00,117,64,53,0,0,0
2021-06-22 14:15,114,61,53,0,0,0
2021-06-22 14:30,100,53,47,0,0,0
2021-06-22 14:45,128,66,62,0,0,0
2021-06-22 15:00,110,47,63,0,0,0
2021-06-22 15:15,111,57,54,0,0,0
2021-06-22 15:30,139,76,63,0,0,0
2021-06-22 15:45,113,56,57,0,0,0
2021-06-22 16:00,167,85,82,0,0,0
2021-06-22 16:15,148,81,67,0,0,0
2021-06-22 16:30,143,60,83,0,0,0
2021-06-22 16:45,158,65,93,0,0,0
2021-06-22 17:00,151,65,86,0,0,0
2021-06-22 17:15,165,84,81,0,0,0
2021-06-22 17:30,170,81,89,0,0,0
2021-06-22 17:45,177,84,93,0,0,0
2021-06-22 18:00,155,70,85,0,0,0
2021-06-22 18:15,165,84,81,0,0,0
2021-06-22 18:30,139,73,66,0,0,0
2021-06-22 18:45,164,81,83,0,0,0
2021-06-22 19:00,132,64,68,0,0,0
2021-06-22 19:15,116,57,59,0,0,0
2021-06-22 19:30,103,54,49,0,0,0
2021-06-22 19:45,112,48,64,0,0,0
2021-06-22 20:00,85,37,48,0,0,0
2021-06-22 20:15,92,39,53,0,0,0
2021-06-22 20:30,70,28,42,0,0,0
2021-06-22 20:45,85,36,49,0,0,0
2021-06-22 21:00,70,28,42,0,0,0
2021-06-22 21:15,71,31,40,0,0,0
2021-06-22 21:30,36,16,20,0,0,0
2021-06-22 21:45,49,19,30,0,0,0
2021-06-22 22:00,42,19,23,0,0,0
2021-06-22 22:15,34,16,18,0,0,0
2021-06-22 22:30,44,26,18,0,0,0
2021-06-22 22:45,41,20,21,0,0,0
2021-06-22 23:00,37,8,29,0,0,0
2021-06-22 23:15,31,14,17,0,0,0
2021-06-22 23:30,23,7,16,0,0,0
2021-06-22 23:45,18,10,8,0,0,0
2021-06-23 00:00,19,4,15,0,0,0
2021-06-23 00:15,12,3,9,0,0,0
2021-06-23 00:30,10,1,9,0,0,0
2021-06-23 00:45,6,1,5,0,0,0
2021-06-23 01:00,8,5,3,0,0,0
2021-06-23 01:15,13,2,11,0,0,0
2021-06-23 01:30,6,0,6,0,0,0
2021-06-23 01:45,3,3,0,0,0,0
2021-06-23 02:00,5,2,3,0,0,0
2021-06-23 02:15,2,0,2,0,0,0
2021-06-23 02:30,3,0,3,0,0,0
2021-06-23 02:45,1,1,0,0,0,0
2021-06-23 03:00,6,0,6,0,0,0
2021-06-23 03:15,0,0,0,0,0,0
2021-06-23 03:30,3,3,0,0,0,0
2021-06-23 03:45,0,0,0,0,0,0
2021-06-23 04:00,2,0,2,0,0,0
2021-06-23 04:15,10,4,6,0,0,0
2021-06-23 04:30,5,1,4,0,0,0
2021-06-23 04:45,6,2,4,0,0,0
2021-06-23 05:00,3,1,2,0,0,0
2021-06-23 05:15,12,4,8,0,0,0
2021-06-23 05:30,20,8,12,0,0,0
2021-06-23 05:45,18,10,8,0,0,0
2021-06-23 06:00,16,10,6,0,0,0
2021-06-23 06:15,31,14,17,0,0,0
2021-06-23 06:30,58,32,26,0,0,0
2021-06-23 06:45,103,51,52,0,0,0
2021-06-23 07:00,80,42,38,0,0,0
2021-06-23 07:15,101,44,57,0,0,0
2021-06-23 07:30,158,77,81,0,0,0
2021-06-23 07:45,158,71,87,0,0,0
2021-06-23 08:00,162,77,85,0,0,0
2021-06-23 08:15,160,71,89,0,0,0
2021-06-23 08:30,129,65,64,0,0,0
2021-06-23 08:45,137,59,78,0,0,0
2021-06-23 09:00,112,44,68,0,0,0
2021-06-23 09:15,117,45,72,0,0,0
2021-06-23 09:30,86,40,46,0,0,0
2021-06-23 09:45,111,47,64,0,0,0
2021-06-23 10:00,95,39,56,0,0,0
2021-06-23 10:15,110,41,69,0,0,0
2021-06-23 10:30,112,57,55,0,0,0
2021-06-23 10:45,95,43,52,0,0,0
2021-06-23 11:00,99,38,61,0,0,0
2021-06-23 11:15,127,73,54,0,0,0
2021-06-23 11:30,88,40,48,0,0,0
2021-06-23 11:45,83,19,64,0,0,0
2021-06-23 12:00,110,52,58,0,0,0
2021-06-23 12:15,152,68,84,0,0,0
2021-06-23 12:30,120,66,54,0,0,0
2021-06-23 12:45,152,77,75,0,0,0
2021-06-23 13:00,138,68,70,0,0,0
2021-06-23 13:15,153,68,85,0,0,0
2021-06-23 13:30,152,85,67,0,0,0
2021-06-23 13:45,162,80,82,0,0,0
2021-06-23 14:00,145,69,76,0,0,0
2021-06-23 14:15,122,63,59,0,0,0
2021-06-23 14:30,133,69,64,0,0,0
2021-06-23 14:45,169,80,89,0,0,0
2021-06-23 15:00,144,90,54,0,0,0
2021-06-23 15:15,146,78,68,0,0,0
2021-06-23 15:30,147,93,54,0,0,0
2021-06-23 15:45,197,108,89,0,0,0
2021-06-23 16:00,148,77,71,0,0,0
2021-06-23 16:15,143,89,54,0,0,0
2021-06-23 16:30,158,86,72,0,0,0
2021-06-23 16:45,157,75,82,0,0,0
2021-06-23 17:00,188,81,107,0,0,0
2021-06-23 17:15,209,98,111,0,0,0
2021-06-23 17:30,169,83,86,0,0,0
2021-06-23 17:45,190,100,90,0,0,0
2021-06-23 18:00,165,85,80,0,0,0
2021-06-23 18:15,173,80,93,0,0,0
2021-06-23 18:30,156,77,79,0,0,0
2021-06-23 18:45,177,115,62,0,0,0
2021-06-23 19:00,166,90,76,0,0,0
2021-06-23 19:15,171,93,78,0,0,0
2021-06-23 19:30,129,76,53,0,0,0
2021-06-23 19:45,164,97,67,0,0,0
2021-06-23 20:00,165,95,70,0,0,0
2021-06-23 20:15,137,79,58,0,0,0
2021-06-23 20:30,126,69,57,0,0,0
2021-06-23 20:45,136,70,66,0,0,0
2021-06-23 21:00,93,47,46,0,0,0
2021-06-23 21:15,60,31,29,0,0,0
2021-06-23 21:30,41,17,24,0,0,0
2021-06-23 21:45,36,19,17,0,0,0
2021-06-23 22:00,49,17,32,0,0,0
2021-06-23 22:15,23,13,10,0,0,0
2021-06-23 22:30,31,13,18,0,0,0
2021-06-23 22:45,26,9,17,0,0,0
2021-06-23 23:00,146,44,102,0,0,0
2021-06-23 23:15,172,55,117,0,0,0
2021-06-23 23:30,163,42,121,0,0,0
2021-06-23 23:45,83,24,59,0,0,0
2021-06-24 00:00,70,25,45,0,0,0
2021-06-24 00:15,56,6,50,0,0,0
2021-06-24 00:30,26,14,12,0,0,0
2021-06-24 00:45,24,9,15,0,0,0
2021-06-24 01:00,11,4,7,0,0,0
2021-06-24 01:15,17,4,13,0,0,0
2021-06-24 01:30,15,9,6,0,0,0
2021-06-24 01:45,9,2,7,0,0,0
2021-06-24 02:00,10,6,4,0,0,0
2021-06-24 02:15,12,2,10,0,0,0
2021-06-24 02:30,5,2,3,0,0,0
2021-06-24 02:45,5,3,2,0,0,0
2021-06-24 03:00,2,0,2,0,0,0
2021-06-24 03:15,8,4,4,0,0,0
2021-06-24 03:30,10,3,7,0,0,0
2021-06-24 03:45,6,6,0,0,0,0
2021-06-24 04:00,3,2,1,0,0,0
2021-06-24 04:15,4,2,2,0,0,0
2021-06-24 04:30,9,8,1,0,0,0
2021-06-24 04:45,4,1,3,0,0,0
2021-06-24 05:00,1,1,0,0,0,0
2021-06-24 05:15,14,7,7,0,0,0
2021-06-24 05:30,14,5,9,0,0,0
2021-06-24 05:45,23,17,6,0,0,0
2021-06-24 06:00,18,5,13,0,0,0
2021-06-24 06:15,33,12,21,0,0,0
2021-06-24 06:30,49,22,27,0,0,0
2021-06-24 06:45,79,50,29,0,0,0
2021-06-24 07:00,76,34,42,0,0,0
2021-06-24 07:15,90,49,41,0,0,0
2021-06-24 07:30,128,67,61,0,0,0
2021-06-24 07:45,146,80,66,0,0,0
2021-06-24 08:00,140,60,80,0,0,0
2021-06-24 08:15,140,56,84,0,0,0
2021-06-24 08:30,139,71,68,0,0,0
2021-06-24 08:45,152,76,76,0,0,0
2021-06-24 09:00,103,50,53,0,0,0
2021-06-24 09:15,97,39,58,0,0,0
2021-06-24 09:30,114,52,62,0,0,0
2021-06-24 09:45,94,48,46,0,0,0
2021-06-24 10:00,75,35,40,0,0,0
2021-06-24 10:15,95,44,51,0,0,0
2021-06-24 10:30,92,39,53,0,0,0
2021-06-24 10:45,113,42,71,0,0,0
2021-06-24 11:00,107,54,53,0,0,0
2021-06-24 11:15,100,41,59,0,0,0
2021-06-24 11:30,104,48,56,0,0,0
2021-06-24 11:45,152,56,96,0,0,0
2021-06-24 12:00,106,49,57,0,0,0
2021-06-24 12:15,127,60,67,0,0,0
2021-06-24 12:30,106,57,49,0,0,0
2021-06-24 12:45,129,55,74,0,0,0
2021-06-24 13:00,127,62,65,0,0,0
2021-06-24 13:15,136,54,82,0,0,0
2021-06-24 13:30,116,51,65,0,0,0
2021-06-24 13:45,121,52,69,0,0,0
2021-06-24 14:00,142,67,75,0,0,0
2021-06-24 14:15,114,54,60,0,0,0
2021-06-24 14:30,129,52,77,0,0,0
2021-06-24 14:45,145,72,73,0,0,0
2021-06-24 15:00,98,44,54,0,0,0
2021-06-24 15:15,142,76,66,0,0,0
2021-06-24 15:30,123,57,66,0,0,0
2021-06-24 15:45,144,63,81,0,0,0
2021-06-24 16:00,149,62,87,0,0,0
2021-06-24 16:15,156,74,82,0,0,0
2021-06-24 16:30,142,58,84,0,0,0
2021-06-24 16:45,151,67,84,0,0,0
2021-06-24 17:00,170,69,101,0,0,0
2021-06-24 17:15,180,90,90,0,0,0
2021-06-24 17:30,169,78,91,0,0,0
2021-06-24 17:45,156,79,77,0,0,0
2021-06-24 18:00,179,84,95,0,0,0
2021-06-24 18:15,151,57,94,0,0,0
2021-06-24 18:30,158,79,79,0,0,0
2021-06-24 18:45,172,98,74,0,0,0
2021-06-24 19:00,141,78,63,0,0,0
2021-06-24 19:15,131,57,74,0,0,0
2021-06-24 19:30,146,52,94,0,0,0
2021-06-24 19:45,121,52,69,0,0,0
2021-06-24 20:00,128,58,70,0,0,0
2021-06-24 20:15,95,47,48,0,0,0
2021-06-24 20:30,83,48,35,0,0,0
2021-06-24 20:45,76,31,45,0,0,0
2021-06-24 21:00,72,34,38,0,0,0
2021-06-24 21:15,81,33,48,0,0,0
2021-06-24 21:30,88,36,52,0,0,0
2021-06-24 21:45,60,21,39,0,0,0
2021-06-24 22:00,61,21,40,0,0,0
2021-06-24 22:15,64,27,37,0,0,0
2021-06-24 22:30,71,22,49,0,0,0
2021-06-24 22:45,50,15,35,0,0,0
2021-06-24 23:00,41,17,24,0,0,0
2021-06-24 23:15,44,25,19,0,0,0
2021-06-24 23:30,38,9,29,0,0,0
2021-06-24 23:45,24,12,12,0,0,0
2021-06-25 00:00,24,4,20,0,0,0
2021-06-25 00:15,33,9,24,0,0,0
2021-06-25 00:30,24,7,17,0,0,0
2021-06-25 00:45,10,4,6,0,0,0
2021-06-25 01:00,9,4,5,0,0,0
2021-06-25 01:15,14,6,8,0,0,0
2021-06-25 01:30,6,4,2,0,0,0
2021-06-25 01:45,13,3,10,0,0,0
2021-06-25 02:00,9,2,7,0,0,0
2021-06-25 02:15,2,1,1,0,0,0
2021-06-25 02:30,6,3,3,0,0,0
2021-06-25 02:45,3,1,2,0,0,0
2021-06-25 03:00,1,0,1,0,0,0
2021-06-25 03:15,1,0,1,0,0,0
2021-06-25 03:30,3,3,0,0,0,0
2021-06-25 03:45,4,1,3,0,0,0
2021-06-25 04:00,0,0,0,0,0,0
2021-06-25 04:15,7,5,2,0,0,0
2021-06-25 04:30,8,3,5,0,0,0
2021-06-25 04:45,4,2,2,0,0,0
2021-06-25 05:00,8,2,6,0,0,0
2021-06-25 05:15,13,9,4,0,0,0
2021-06-25 05:30,13,4,9,0,0,0
2021-06-25 05:45,25,13,12,0,0,0
2021-06-25 06:00,24,10,14,0,0,0
2021-06-25 06:15,32,11,21,0,0,0
2021-06-25 06:30,55,22,33,0,0,0
2021-06-25 06:45,79,43,36,0,0,0
2021-06-25 07:00,79,44,35,0,0,0
2021-06-25 07:15,94,55,39,0,0,0
2021-06-25 07:30,124,60,64,0,0,0
2021-06-25 07:45,125,53,72,0,0,0
2021-06-25 08:00,139,65,74,0,0,0
2021-06-25 08:15,124,61,63,0,0,0
2021-06-25 08:30,105,56,49,0,0,0
2021-06-25 08:45,109,52,57,0,0,0
2021-06-25 09:00,96,62,34,0,0,0
2021-06-25 09:15,108,45,63,0,0,0
2021-06-25 09:30,99,43,56,0,0,0
2021-06-25 09:45,109,43,66,0,0,0
2021-06-25 10:00,123,54,69,0,0,0
2021-06-25 10:15,95,34,61,0,0,0
2021-06-25 10:30,98,34,64,0,0,0
2021-06-25 10:45,110,55,55,0,0,0
2021-06-25 11:00,120,54,66,0,0,0
2021-06-25 11:15,107,46,61,0,0,0
2021-06-25 11:30,91,39,52,0,0,0
2021-06-25 11:45,128,58,70,0,0,0
2021-06-25 12:00,130,60,70,0,0,0
2021-06-25 12:15,115,41,74,0,0,0
2021-06-25 12:30,127,46,81,0,0,0
2021-06-25 12:45,127,44,83,0,0,0
2021-06-25 13:00,134,68,66,0,0,0
2021-06-25 13:15,142,56,86,0,0,0
2021-06-25 13:30,142,66,76,0,0,0
2021-06-25 13:45,187,73,114,0,0,0
2021-06-25 14:00,160,59,101,0,0,0
2021-06-25 14:15,135,62,73,0,0,0
2021-06-25 14:30,146,79,67,0,0,0
2021-06-25 14:45,155,60,95,0,0,0
2021-06-25 15:00,132,59,73,0,0,0
2021-06-25 15:15,152,66,86,0,0,0
2021-06-25 15:30,151,82,69,0,0,0
2021-06-25 15:45,132,55,77,0,0,0
2021-06-25 16:00,133,74,59,0,0,0
2021-06-25 16:15,132,64,68,0,0,0
2021-06-25 16:30,145,83,62,0,0,0
2021-06-25 16:45,161,82,79,0,0,0
2021-06-25 17:00,157,80,77,0,0,0
2021-06-25 17:15,164,86,78,0,0,0
2021-06-25 17:30,157,91,66,0,0,0
2021-06-25 17:45,159,96,63,0,0,0
2021-06-25 18:00,131,76,55,0,0,0
2021-06-25 18:15,154,82,72,0,0,0
2021-06-25 18:30,104,55,49,0,0,0
2021-06-25 18:45,147,86,61,0,0,0
2021-06-25 19:00,146,95,51,0,0,0
2021-06-25 19:15,162,95,67,0,0,0
2021-06-25 19:30,134,64,70,0,0,0
2021-06-25 19:45,123,72,51,0,0,0
2021-06-25 20:00,125,77,48,0,0,0
2021-06-25 20:15,123,57,66,0,0,0
2021-06-25 20:30,117,50,67,0,0,0
2021-06-25 20:45,85,40,45,0,0,0
2021-06-25 21:00,92,38,54,0,0,0
2021-06-25 21:15,92,45,47,0,0,0
2021-06-25 21:30,84,43,41,0,0,0
2021-06-25 21:45,100,29,71,0,0,0
2021-06-25 22:00,93,51,42,0,0,0
2021-06-25 22:15,74,38,36,0,0,0
2021-06-25 22:30,77,29,48,0,0,0
2021-06-25 22:45,89,34,55,0,0,0
2021-06-25 23:00,69,39,30,0,0,0
2021-06-25 23:15,83,31,52,0,0,0
2021-06-25 23:30,62,22,40,0,0,0
2021-06-25 23:45,55,17,38,0,0,0
2021-06-26 00:00,46,20,26,0,0,0
2021-06-26 00:15,67,22,45,0,0,0
2021-06-26 00:30,58,16,42,0,0,0
2021-06-26 00:45,70,26,44,0,0,0
2021-06-26 01:00,56,22,34,0,0,0
2021-06-26 01:15,54,17,37,0,0,0
2021-06-26 01:30,42,18,24,0,0,0
2021-06-26 01:45,45,18,27,0,0,0
2021-06-26 02:00,38,10,28,0,0,0
2021-06-26 02:15,56,25,31,0,0,0
2021-06-26 02:30,44,11,33,0,0,0
2021-06-26 02:45,35,10,25,0,0,0
2021-06-26 03:00,26,12,14,0,0,0
2021-06-26 03:15,25,2,23,0,0,0
2021-06-26 03:30,24,6,18,0,0,0
2021-06-26 03:45,24,7,17,0,0,0
2021-06-26 04:00,21,5,16,0,0,0
2021-06-26 04:15,16,5,11,0,0,0
2021-06-26 04:30,13,1,12,0,0,0
2021-06-26 04:45,9,3,6,0,0,0
2021-06-26 05:00,4,1,3,0,0,0
2021-06-26 05:15,15,3,12,0,0,0
2021-06-26 05:30,12,5,7,0,0,0
2021-06-26 05:45,19,4,15,0,0,0
2021-06-26 06:00,10,3,7,0,0,0
2021-06-26 06:15,9,2,7,0,0,0
2021-06-26 06:30,20,5,15,0,0,0
2021-06-26 06:45,15,5,10,0,0,0
2021-06-26 07:00,10,4,6,0,0,0
2021-06-26 07:15,19,8,11,0,0,0
2021-06-26 07:30,34,18,16,0,0,0
2021-06-26 07:45,39,17,22,0,0,0
2021-06-26 08:00,24,14,10,0,0,0
2021-06-26 08:15,34,14,20,0,0,0
2021-06-26 08:30,47,19,28,0,0,0
2021-06-26 08:45,48,22,26,0,0,0
2021-06-26 09:00,64,25,39,0,0,0
2021-06-26 09:15,40,17,23,0,0,0
2021-06-26 09:30,76,28,48,0,0,0
2021-06-26 09:45,91,35,56,0,0,0
2021-06-26 10:00,89,34,55,0,0,0
2021-06-26 10:15,89,49,40,0,0,0
2021-06-26 10:30,74,39,35,0,0,0
2021-06-26 10:45,73,35,38,0,0,0
2021-06-26 11:00,109,40,69,0,0,0
2021-06-26 11:15,96,35,61,0,0,0
2021-06-26 11:30,116,44,72,0,0,0
2021-06-26 11:45,103,50,53,0,0,0
2021-06-26 12:00,91,49,42,0,0,0
2021-06-26 12:15,113,52,61,0,0,0
2021-06-26 12:30,122,66,56,0,0,0
2021-06-26 12:45,110,57,53,0,0,0
2021-06-26 13:00,108,53,55,0,0,0
2021-06-26 13:15,119,71,48,0,0,0
2021-06-26 13:30,120,65,55,0,0,0
2021-06-26 13:45,137,77,60,0,0,0
2021-06-26 14:00,117,52,65,0,0,0
2021-06-26 14:15,127,76,51,0,0,0
2021-06-26 14:30,114,52,62,0,0,0
2021-06-26 14:45,131,84,47,0,0,0
2021-06-26 15:00,113,53,60,0,0,0
2021-06-26 15:15,116,56,60,0,0,0
2021-06-26 15:30,103,42,61,0,0,0
2021-06-26 15:45,106,50,56,0,0,0
2021-06-26 16:00,118,56,62,0,0,0
2021-06-26 16:15,115,60,55,0,0,0
2021-06-26 16:30,115,58,57,0,0,0
2021-06-26 16:45,140,86,54,0,0,0
2021-06-26 17:00,161,79,82,0,0,0
2021-06-26 17:15,134,80,54,0,0,0
2021-06-26 17:30,130,57,73,0,0,0
2021-06-26 17:45,168,98,70,0,0,0
2021-06-26 18:00,136,74,62,0,0,0
2021-06-26 18:15,139,76,63,0,0,0
2021-06-26 18:30,145,95,50,0,0,0
2021-06-26 18:45,132,79,53,0,0,0
2021-06-26 19:00,128,56,72,0,0,0
2021-06-26 19:15,109,60,49,0,0,0
2021-06-26 19:30,113,57,56,0,0,0
2021-06-26 19:45,135,65,70,0,0,0
2021-06-26 20:00,144,69,75,0,0,0
2021-06-26 20:15,100,48,52,0,0,0
2021-06-26 20:30,116,47,69,0,0,0
2021-06-26 20:45,88,35,53,0,0,0
2021-06-26 21:00,85,50,35,0,0,0
2021-06-26 21:15,61,33,28,0,0,0
2021-06-26 21:30,73,27,46,0,0,0
2021-06-26 21:45,73,33,40,0,0,0
2021-06-26 22:00,82,32,50,0,0,0
2021-06-26 22:15,76,25,51,0,0,0
2021-06-26 22:30,80,31,49,0,0,0
2021-06-26 22:45,49,22,27,0,0,0
2021-06-26 23:00,76,42,34,0,0,0
2021-06-26 23:15,52,21,31,0,0,0
2021-06-26 23:30,69,28,41,0,0,0
2021-06-26 23:45,84,30,54,0,0,0
2021-06-27 00:00,73,21,52,0,0,0
2021-06-27 00:15,61,21,40,0,0,0
2021-06-27 00:30,59,20,39,0,0,0
2021-06-27 00:45,51,21,30,0,0,0
2021-06-27 01:00,44,17,27,0,0,0
2021-06-27 01:15,38,16,22,0,0,0
2021-06-27 01:30,47,16,31,0,0,0
2021-06-27 01:45,21,7,14,0,0,0
2021-06-27 02:00,35,6,29,0,0,0
2021-06-27 02:15,22,6,16,0,0,0
2021-06-27 02:30,34,12,22,0,0,0
2021-06-27 02:45,18,2,16,0,0,0
2021-06-27 03:00,37,7,30,0,0,0
2021-06-27 03:15,17,4,13,0,0,0
2021-06-27 03:30,13,1,12,0,0,0
2021-06-27 03:45,19,5,14,0,0,0
2021-06-27 04:00,23,3,20,0,0,0
2021-06-27 04:15,21,8,13,0,0,0
2021-06-27 04:30,29,9,20,0,0,0
2021-06-27 04:45,11,4,7,0,0,0
2021-06-27 05:00,7,0,7,0,0,0
2021-06-27 05:15,15,5,10,0,0,0
2021-06-27 05:30,6,2,4,0,0,0
2021-06-27 05:45,13,1,12,0,0,0
2021-06-27 06:00,11,1,10,0,0,0
2021-06-27 06:15,10,2,8,0,0,0
2021-06-27 06:30,20,4,16,0,0,0
2021-06-27 06:45,16,11,5,0,0,0
2021-06-27 07:00,5,3,2,0,0,0
2021-06-27 07:15,19,8,11,0,0,0
2021-06-27 07:30,10,4,6,0,0,0
2021-06-27 07:45,15,8,7,0,0,0
2021-06-27 08:00,8,3,5,0,0,0
2021-06-27 08:15,19,10,9,0,0,0
2021-06-27 08:30,26,6,20,0,0,0
2021-06-27 08:45,21,8,13,0,0,0
2021-06-27 09:00,31,14,17,0,0,0
2021-06-27 09:15,52,23,29,0,0,0
2021-06-27 09:30,42,18,24,0,0,0
2021-06-27 09:45,50,19,31,0,0,0
2021-06-27 10:00,54,15,39,0,0,0
2021-06-27 10:15,49,25,24,0,0,0
2021-06-27 10:30,52,21,31,0,0,0
2021-06-27 10:45,58,25,33,0,0,0
2021-06-27 11:00,43,16,27,0,0,0
2021-06-27 11:15,56,25,31,0,0,0
2021-06-27 11:30,63,18,45,0,0,0
2021-06-27 11:45,70,35,35,0,0,0
2021-06-27 12:00,54,25,29,0,0,0
2021-06-27 12:15,95,48,47,0,0,0
2021-06-27 12:30,62,29,33,0,0,0
2021-06-27 12:45,110,70,40,0,0,0
2021-06-27 13:00,85,47,38,0,0,0
2021-06-27 13:15,99,62,37,0,0,0
2021-06-27 13:30,87,44,43,0,0,0
2021-06-27 13:45,101,49,52,0,0,0
2021-06-27 14:00,138,64,74,0,0,0
2021-06-27 14:15,117,64,53,0,0,0
2021-06-27 14:30,103,51,52,0,0,0
2021-06-27 14:45,137,82,55,0,0,0
2021-06-27 15:00,112,67,45,0,0,0
2021-06-27 15:15,120,66,54,0,0,0
2021-06-27 15:30,106,64,42,0,0,0
2021-06-27 15:45,100,52,48,0,0,0
2021-06-27 16:00,113,63,50,0,0,0
2021-06-27 16:15,118,50,68,0,0,0
2021-06-27 16:30,109,47,62,0,0,0
2021-06-27 16:45,104,49,55,0,0,0
2021-06-27 17:00,124,62,62,0,0,0
2021-06-27 17:15,99,49,50,0,0,0
2021-06-27 17:30,128,66,62,0,0,0
2021-06-27 17:45,128,70,58,0,0,0
2021-06-27 18:00,110,59,51,0,0,0
2021-06-27 18:15,134,66,68,0,0,0
2021-06-27 18:30,136,63,73,0,0,0
2021-06-27 18:45,114,55,59,0,0,0
2021-06-27 19:00,89,39,50,0,0,0
2021-06-27 19:15,107,41,66,0,0,0
2021-06-27 19:30,113,57,56,0,0,0
2021-06-27 19:45,87,27,60,0,0,0
2021-06-27 20:00,72,26,46,0,0,0
2021-06-27 20:15,95,33,62,0,0,0
2021-06-27 20:30,72,30,42,0,0,0
2021-06-27 20:45,74,26,48,0,0,0
2021-06-27 21:00,46,13,33,0,0,0
2021-06-27 21:15,47,19,28,0,0,0
2021-06-27 21:30,42,15,27,0,0,0
2021-06-27 21:45,49,10,39,0,0,0
2021-06-27 22:00,33,14,19,0,0,0
2021-06-27 22:15,24,7,17,0,0,0
2021-06-27 22:30,17,9,8,0,0,0
2021-06-27 22:45,16,9,7,0,0,0
2021-06-27 23:00,33,7,26,0,0,0
2021-06-27 23:15,12,8,4,0,0,0
2021-06-27 23:30,13,4,9,0,0,0
2021-06-27 23:45,8,5,3,0,0,0
2021-06-28 00:00,6,2,4,0,0,0
2021-06-28 00:15,6,4,2,0,0,0
2021-06-28 00:30,6,4,2,0,0,0
2021-06-28 00:45,9,0,9,0,0,0
2021-06-28 01:00,5,2,3,0,0,0
2021-06-28 01:15,11,4,7,0,0,0
2021-06-28 01:30,2,1,1,0,0,0
2021-06-28 01:45,1,0,1,0,0,0
2021-06-28 02:00,1,1,0,0,0,0
2021-06-28 02:15,0,0,0,0,0,0
2021-06-28 02:30,0,0,0,0,0,0
2021-06-28 02:45,1,1,0,0,0,0
2021-06-28 03:00,0,0,0,0,0,0
2021-06-28 03:15,3,1,2,0,0,0
2021-06-28 03:30,0,0,0,0,0,0
2021-06-28 03:45,2,1,1,0,0,0
2021-06-28 04:00,0,0,0,0,0,0
2021-06-28 04:15,3,3,0,0,0,0
2021-06-28 04:30,5,3,2,0,0,0
2021-06-28 04:45,7,4,3,0,0,0
2021-06-28 05:00,9,2,7,0,0,0
2021-06-28 05:15,9,3,6,0,0,0
2021-06-28 05:30,16,7,9,0,0,0
2021-06-28 05:45,17,8,9,0,0,0
2021-06-28 06:00,22,9,13,0,0,0
2021-06-28 06:15,28,11,17,0,0,0
2021-06-28 06:30,60,28,32,0,0,0
2021-06-28 06:45,82,46,36,0,0,0
2021-06-28 07:00,72,36,36,0,0,0
2021-06-28 07:15,98,45,53,0,0,0
2021-06-28 07:30,105,50,55,0,0,0
2021-06-28 07:45,154,82,72,0,0,0
2021-06-28 08:00,137,66,71,0,0,0
2021-06-28 08:15,129,58,71,0,0,0
2021-06-28 08:30,104,52,52,0,0,0
2021-06-28 08:45,123,35,88,0,0,0
2021-06-28 09:00,95,41,54,0,0,0
2021-06-28 09:15,81,36,45,0,0,0
2021-06-28 09:30,74,31,43,0,0,0
2021-06-28 09:45,115,45,70,0,0,0
2021-06-28 10:00,95,47,48,0,0,0
2021-06-28 10:15,81,44,37,0,0,0
2021-06-28 10:30,99,38,61,0,0,0
2021-06-28 10:45,97,34,63,0,0,0
2021-06-28 11:00,90,48,42,0,0,0
2021-06-28 11:15,92,49,43,0,0,0
2021-06-28 11:30,110,47,63,0,0,0
2021-06-28 11:45,115,52,63,0,0,0
2021-06-28 12:00,116,50,66,0,0,0
2021-06-28 12:15,117,46,71,0,0,0
2021-06-28 12:30,136,72,64,0,0,0
2021-06-28 12:45,119,55,64,0,0,0
2021-06-28 13:00,149,78,71,0,0,0
2021-06-28 13:15,124,66,58,0,0,0
2021-06-28 13:30,119,56,63,0,0,0
2021-06-28 13:45,142,67,75,0,0,0
2021-06-28 14:00,155,89,66,0,0,0
2021-06-28 14:15,130,59,71,0,0,0
2021-06-28 14:30,145,69,76,0,0,0
2021-06-28 14:45,98,38,60,0,0,0
2021-06-28 15:00,74,39,35,0,0,0
2021-06-28 15:15,96,45,51,0,0,0
2021-06-28 15:30,105,46,59,0,0,0
2021-06-28 15:45,118,52,66,0,0,0
2021-06-28 16:00,123,53,70,0,0,0
2021-06-28 16:15,122,55,67,0,0,0
2021-06-28 16:30,149,68,81,0,0,0
2021-06-28 16:45,155,70,85,0,0,0
2021-06-28 17:00,142,63,79,0,0,0
2021-06-28 17:15,132,57,75,0,0,0
2021-06-28 17:30,123,54,69,0,0,0
2021-06-28 17:45,152,84,68,0,0,0
2021-06-28 18:00,97,43,54,0,0,0
2021-06-28 18:15,114,40,74,0,0,0
2021-06-28 18:30,104,50,54,0,0,0
2021-06-28 18:45,123,58,65,0,0,0
2021-06-28 19:00,100,53,47,0,0,0
2021-06-28 19:15,104,49,55,0,0,0
2021-06-28 19:30,102,53,49,0,0,0
2021-06-28 19:45,105,54,51,0,0,0
2021-06-28 20:00,62,36,26,0,0,0
2021-06-28 20:15,68,34,34,0,0,0
2021-06-28 20:30,54,23,31,0,0,0
2021-06-28 20:45,72,32,40,0,0,0
2021-06-28 21:00,63,26,37,0,0,0
2021-06-28 21:15,60,35,25,0,0,0
2021-06-28 21:30,54,28,26,0,0,0
2021-06-28 21:45,60,16,44,0,0,0
2021-06-28 22:00,52,14,38,0,0,0
2021-06-28 22:15,48,15,33,0,0,0
2021-06-28 22:30,35,10,25,0,0,0
2021-06-28 22:45,41,7,34,0,0,0
2021-06-28 23:00,27,13,14,0,0,0
2021-06-28 23:15,24,8,16,0,0,0
2021-06-28 23:30,20,10,10,0,0,0
2021-06-28 23:45,23,7,16,0,0,0
2021-06-29 00:00,32,18,14,0,0,0
2021-06-29 00:15,14,9,5,0,0,0
2021-06-29 00:30,7,3,4,0,0,0
2021-06-29 00:45,9,4,5,0,0,0
2021-06-29 01:00,8,1,7,0,0,0
2021-06-29 01:15,10,6,4,0,0,0
2021-06-29 01:30,14,6,8,0,0,0
2021-06-29 01:45,3,1,2,0,0,0
2021-06-29 02:00,0,0,0,0,0,0
2021-06-29 02:15,3,0,3,0,0,0
2021-06-29 02:30,4,1,3,0,0,0
2021-06-29 02:45,3,2,1,0,0,0
2021-06-29 03:00,0,0,0,0,0,0
2021-06-29 03:15,0,0,0,0,0,0
2021-06-29 03:30,0,0,0,0,0,0
2021-06-29 03:45,2,1,1,0,0,0
2021-06-29 04:00,0,0,0,0,0,0
2021-06-29 04:15,2,0,2,0,0,0
2021-06-29 04:30,5,2,3,0,0,0
2021-06-29 04:45,6,3,3,0,0,0
2021-06-29 05:00,9,1,8,0,0,0
2021-06-29 05:15,15,4,11,0,0,0
2021-06-29 05:30,17,8,9,0,0,0
2021-06-29 05:45,18,10,8,0,0,0
2021-06-29 06:00,14,6,8,0,0,0
2021-06-29 06:15,40,15,25,0,0,0
2021-06-29 06:30,53,30,23,0,0,0
2021-06-29 06:45,73,46,27,0,0,0
2021-06-29 07:00,83,53,30,0,0,0
2021-06-29 07:15,87,40,47,0,0,0
2021-06-29 07:30,127,57,70,0,0,0
2021-06-29 07:45,153,76,77,0,0,0
2021-06-29 08:00,142,67,75,0,0,0
2021-06-29 08:15,139,69,70,0,0,0
2021-06-29 08:30,161,68,93,0,0,0
2021-06-29 08:45,163,67,96,0,0,0
2021-06-29 09:00,95,42,53,0,0,0
2021-06-29 09:15,93,32,61,0,0,0
2021-06-29 09:30,99,36,63,0,0,0
2021-06-29 09:45,97,41,56,0,0,0
2021-06-29 10:00,72,25,47,0,0,0
2021-06-29 10:15,88,37,51,0,0,0
2021-06-29 10:30,107,50,57,0,0,0
2021-06-29 10:45,95,47,48,0,0,0
2021-06-29 11:00,91,48,43,0,0,0
2021-06-29 11:15,99,44,55,0,0,0
2021-06-29 11:30,102,46,56,0,0,0
2021-06-29 11:45,119,58,61,0,0,0
2021-06-29 12:00,113,55,58,0,0,0
2021-06-29 12:15,99,41,58,0,0,0
2021-06-29 12:30,94,38,56,0,0,0
2021-06-29 12:45,117,43,74,0,0,0
2021-06-29 13:00,104,38,66,0,0,0
2021-06-29 13:15,127,68,59,0,0,0
2021-06-29 13:30,118,56,62,0,0,0
2021-06-29 13:45,169,71,98,0,0,0
2021-06-29 14:00,129,57,72,0,0,0
2021-06-29 14:15,101,53,48,0,0,0
2021-06-29 14:30,104,49,55,0,0,0
2021-06-29 14:45,122,53,69,0,0,0
2021-06-29 15:00,129,67,62,0,0,0
2021-06-29 15:15,123,67,56,0,0,0
2021-06-29 15:30,135,65,70,0,0,0
2021-06-29 15:45,157,76,81,0,0,0
2021-06-29 16:00,142,62,80,0,0,0
2021-06-29 16:15,156,82,74,0,0,0
2021-06-29 16:30,151,76,75,0,0,0
2021-06-29 16:45,225,130,95,0,0,0
2021-06-29 17:00,238,131,107,0,0,0
2021-06-29 17:15,259,117,142,0,0,0
2021-06-29 17:30,263,107,156,0,0,0
2021-06-29 17:45,281,159,122,0,0,0
2021-06-29 18:00,165,80,85,0,0,0
2021-06-29 18:15,108,52,56,0,0,0
2021-06-29 18:30,82,45,37,0,0,0
2021-06-29 18:45,102,46,56,0,0,0
2021-06-29 19:00,92,45,47,0,0,0
2021-06-29 19:15,57,29,28,0,0,0
2021-06-29 19:30,53,29,24,0,0,0
2021-06-29 19:45,74,35,39,0,0,0
2021-06-29 20:00,138,51,87,0,0,0
2021-06-29 20:15,122,58,64,0,0,0
2021-06-29 20:30,105,35,70,0,0,0
2021-06-29 20:45,114,50,64,0,0,0
2021-06-29 21:00,111,56,55,0,0,0
2021-06-29 21:15,115,48,67,0,0,0
2021-06-29 21:30,90,38,52,0,0,0
2021-06-29 21:45,87,32,55,0,0,0
2021-06-29 22:00,91,36,55,0,0,0
2021-06-29 22:15,70,27,43,0,0,0
2021-06-29 22:30,77,33,44,0,0,0
2021-06-29 22:45,76,24,52,0,0,0
2021-06-29 23:00,59,30,29,0,0,0
2021-06-29 23:15,41,19,22,0,0,0
2021-06-29 23:30,39,8,31,0,0,0
2021-06-29 23:45,27,9,18,0,0,0
