Datetime,100031300 (HafenstraÃŸe),101031300 (Channel 1 IN),102031300 (Channel 2 OUT),100031300-status,101031300-status,102031300-status
2021-04-01 00:00,17,7,10,0,0,0
2021-04-01 00:15,12,6,6,0,0,0
2021-04-01 00:30,20,4,16,0,0,0
2021-04-01 00:45,11,2,9,0,0,0
2021-04-01 01:00,7,3,4,0,0,0
2021-04-01 01:15,10,4,6,0,0,0
2021-04-01 01:30,1,1,0,0,0,0
2021-04-01 01:45,8,4,4,0,0,0
2021-04-01 02:00,5,2,3,0,0,0
2021-04-01 02:15,2,1,1,0,0,0
2021-04-01 02:30,3,2,1,0,0,0
2021-04-01 02:45,2,0,2,0,0,0
2021-04-01 03:00,0,0,0,0,0,0
2021-04-01 03:15,0,0,0,0,0,0
2021-04-01 03:30,1,0,1,0,0,0
2021-04-01 03:45,1,0,1,0,0,0
2021-04-01 04:00,2,2,0,0,0,0
2021-04-01 04:15,4,0,4,0,0,0
2021-04-01 04:30,3,1,2,0,0,0
2021-04-01 04:45,3,2,1,0,0,0
2021-04-01 05:00,3,3,0,0,0,0
2021-04-01 05:15,11,5,6,0,0,0
2021-04-01 05:30,20,7,13,0,0,0
2021-04-01 05:45,15,8,7,0,0,0
2021-04-01 06:00,8,4,4,0,0,0
2021-04-01 06:15,20,7,13,0,0,0
2021-04-01 06:30,46,23,23,0,0,0
2021-04-01 06:45,49,23,26,0,0,0
2021-04-01 07:00,73,39,34,0,0,0
2021-04-01 07:15,84,41,43,0,0,0
2021-04-01 07:30,93,48,45,0,0,0
2021-04-01 07:45,93,53,40,0,0,0
2021-04-01 08:00,86,41,45,0,0,0
2021-04-01 08:15,96,48,48,0,0,0
2021-04-01 08:30,91,48,43,0,0,0
2021-04-01 08:45,116,52,64,0,0,0
2021-04-01 09:00,97,51,46,0,0,0
2021-04-01 09:15,89,40,49,0,0,0
2021-04-01 09:30,85,44,41,0,0,0
2021-04-01 09:45,102,44,58,0,0,0
2021-04-01 10:00,83,21,62,0,0,0
2021-04-01 10:15,83,46,37,0,0,0
2021-04-01 10:30,118,52,66,0,0,0
2021-04-01 10:45,115,45,70,0,0,0
2021-04-01 11:00,107,38,69,0,0,0
2021-04-01 11:15,106,42,64,0,0,0
2021-04-01 11:30,67,31,36,0,0,0
2021-04-01 11:45,109,46,63,0,0,0
2021-04-01 12:00,80,40,40,0,0,0
2021-04-01 12:15,126,55,71,0,0,0
2021-04-01 12:30,98,43,55,0,0,0
2021-04-01 12:45,118,59,59,0,0,0
2021-04-01 13:00,99,53,46,0,0,0
2021-04-01 13:15,107,46,61,0,0,0
2021-04-01 13:30,128,73,55,0,0,0
2021-04-01 13:45,90,42,48,0,0,0
2021-04-01 14:00,101,44,57,0,0,0
2021-04-01 14:15,119,58,61,0,0,0
2021-04-01 14:30,103,47,56,0,0,0
2021-04-01 14:45,128,69,59,0,0,0
2021-04-01 15:00,115,61,54,0,0,0
2021-04-01 15:15,137,73,64,0,0,0
2021-04-01 15:30,143,67,76,0,0,0
2021-04-01 15:45,128,65,63,0,0,0
2021-04-01 16:00,142,76,66,0,0,0
2021-04-01 16:15,116,48,68,0,0,0
2021-04-01 16:30,145,65,80,0,0,0
2021-04-01 16:45,122,61,61,0,0,0
2021-04-01 17:00,150,75,75,0,0,0
2021-04-01 17:15,127,57,70,0,0,0
2021-04-01 17:30,124,56,68,0,0,0
2021-04-01 17:45,125,50,75,0,0,0
2021-04-01 18:00,120,49,71,0,0,0
2021-04-01 18:15,153,81,72,0,0,0
2021-04-01 18:30,143,68,75,0,0,0
2021-04-01 18:45,104,47,57,0,0,0
2021-04-01 19:00,90,29,61,0,0,0
2021-04-01 19:15,97,51,46,0,0,0
2021-04-01 19:30,80,33,47,0,0,0
2021-04-01 19:45,97,40,57,0,0,0
2021-04-01 20:00,69,29,40,0,0,0
2021-04-01 20:15,67,31,36,0,0,0
2021-04-01 20:30,81,35,46,0,0,0
2021-04-01 20:45,29,15,14,0,0,0
2021-04-01 21:00,35,14,21,0,0,0
2021-04-01 21:15,36,13,23,0,0,0
2021-04-01 21:30,38,14,24,0,0,0
2021-04-01 21:45,27,10,17,0,0,0
2021-04-01 22:00,24,13,11,0,0,0
2021-04-01 22:15,31,12,19,0,0,0
2021-04-01 22:30,24,7,17,0,0,0
2021-04-01 22:45,34,7,27,0,0,0
2021-04-01 23:00,19,6,13,0,0,0
2021-04-01 23:15,15,2,13,0,0,0
2021-04-01 23:30,14,7,7,0,0,0
2021-04-01 23:45,12,4,8,0,0,0
2021-04-02 00:00,11,4,7,0,0,0
2021-04-02 00:15,16,4,12,0,0,0
2021-04-02 00:30,12,3,9,0,0,0
2021-04-02 00:45,10,3,7,0,0,0
2021-04-02 01:00,15,5,10,0,0,0
2021-04-02 01:15,8,4,4,0,0,0
2021-04-02 01:30,10,5,5,0,0,0
2021-04-02 01:45,1,1,0,0,0,0
2021-04-02 02:00,2,0,2,0,0,0
2021-04-02 02:15,6,3,3,0,0,0
2021-04-02 02:30,1,0,1,0,0,0
2021-04-02 02:45,3,1,2,0,0,0
2021-04-02 03:00,3,1,2,0,0,0
2021-04-02 03:15,4,2,2,0,0,0
2021-04-02 03:30,1,1,0,0,0,0
2021-04-02 03:45,0,0,0,0,0,0
2021-04-02 04:00,3,2,1,0,0,0
2021-04-02 04:15,2,2,0,0,0,0
2021-04-02 04:30,1,0,1,0,0,0
2021-04-02 04:45,2,2,0,0,0,0
2021-04-02 05:00,4,0,4,0,0,0
2021-04-02 05:15,0,0,0,0,0,0
2021-04-02 05:30,9,2,7,0,0,0
2021-04-02 05:45,3,1,2,0,0,0
2021-04-02 06:00,2,2,0,0,0,0
2021-04-02 06:15,5,0,5,0,0,0
2021-04-02 06:30,10,3,7,0,0,0
2021-04-02 06:45,9,5,4,0,0,0
2021-04-02 07:00,10,4,6,0,0,0
2021-04-02 07:15,12,10,2,0,0,0
2021-04-02 07:30,6,4,2,0,0,0
2021-04-02 07:45,14,4,10,0,0,0
2021-04-02 08:00,8,5,3,0,0,0
2021-04-02 08:15,16,9,7,0,0,0
2021-04-02 08:30,23,6,17,0,0,0
2021-04-02 08:45,12,6,6,0,0,0
2021-04-02 09:00,20,7,13,0,0,0
2021-04-02 09:15,24,2,22,0,0,0
2021-04-02 09:30,36,15,21,0,0,0
2021-04-02 09:45,33,11,22,0,0,0
2021-04-02 10:00,28,13,15,0,0,0
2021-04-02 10:15,41,25,16,0,0,0
2021-04-02 10:30,30,15,15,0,0,0
2021-04-02 10:45,34,10,24,0,0,0
2021-04-02 11:00,32,13,19,0,0,0
2021-04-02 11:15,39,14,25,0,0,0
2021-04-02 11:30,44,14,30,0,0,0
2021-04-02 11:45,45,19,26,0,0,0
2021-04-02 12:00,46,27,19,0,0,0
2021-04-02 12:15,34,10,24,0,0,0
2021-04-02 12:30,48,15,33,0,0,0
2021-04-02 12:45,42,16,26,0,0,0
2021-04-02 13:00,45,14,31,0,0,0
2021-04-02 13:15,68,34,34,0,0,0
2021-04-02 13:30,41,10,31,0,0,0
2021-04-02 13:45,70,28,42,0,0,0
2021-04-02 14:00,88,46,42,0,0,0
2021-04-02 14:15,55,28,27,0,0,0
2021-04-02 14:30,52,17,35,0,0,0
2021-04-02 14:45,55,19,36,0,0,0
2021-04-02 15:00,73,35,38,0,0,0
2021-04-02 15:15,60,27,33,0,0,0
2021-04-02 15:30,61,23,38,0,0,0
2021-04-02 15:45,54,24,30,0,0,0
2021-04-02 16:00,56,17,39,0,0,0
2021-04-02 16:15,59,31,28,0,0,0
2021-04-02 16:30,62,28,34,0,0,0
2021-04-02 16:45,50,20,30,0,0,0
2021-04-02 17:00,45,13,32,0,0,0
2021-04-02 17:15,67,24,43,0,0,0
2021-04-02 17:30,52,17,35,0,0,0
2021-04-02 17:45,48,22,26,0,0,0
2021-04-02 18:00,50,20,30,0,0,0
2021-04-02 18:15,48,16,32,0,0,0
2021-04-02 18:30,39,11,28,0,0,0
2021-04-02 18:45,43,17,26,0,0,0
2021-04-02 19:00,40,8,32,0,0,0
2021-04-02 19:15,30,9,21,0,0,0
2021-04-02 19:30,38,10,28,0,0,0
2021-04-02 19:45,42,23,19,0,0,0
2021-04-02 20:00,33,11,22,0,0,0
2021-04-02 20:15,31,11,20,0,0,0
2021-04-02 20:30,32,10,22,0,0,0
2021-04-02 20:45,24,11,13,0,0,0
2021-04-02 21:00,22,12,10,0,0,0
2021-04-02 21:15,20,10,10,0,0,0
2021-04-02 21:30,26,10,16,0,0,0
2021-04-02 21:45,22,5,17,0,0,0
2021-04-02 22:00,14,3,11,0,0,0
2021-04-02 22:15,10,1,9,0,0,0
2021-04-02 22:30,12,3,9,0,0,0
2021-04-02 22:45,12,6,6,0,0,0
2021-04-02 23:00,9,5,4,0,0,0
2021-04-02 23:15,12,4,8,0,0,0
2021-04-02 23:30,16,5,11,0,0,0
2021-04-02 23:45,16,5,11,0,0,0
2021-04-03 00:00,6,2,4,0,0,0
2021-04-03 00:15,9,1,8,0,0,0
2021-04-03 00:30,9,5,4,0,0,0
2021-04-03 00:45,7,2,5,0,0,0
2021-04-03 01:00,8,0,8,0,0,0
2021-04-03 01:15,11,9,2,0,0,0
2021-04-03 01:30,9,1,8,0,0,0
2021-04-03 01:45,8,4,4,0,0,0
2021-04-03 02:00,3,0,3,0,0,0
2021-04-03 02:15,4,1,3,0,0,0
2021-04-03 02:30,3,2,1,0,0,0
2021-04-03 02:45,3,1,2,0,0,0
2021-04-03 03:00,1,0,1,0,0,0
2021-04-03 03:15,1,0,1,0,0,0
2021-04-03 03:30,0,0,0,0,0,0
2021-04-03 03:45,4,1,3,0,0,0
2021-04-03 04:00,2,0,2,0,0,0
2021-04-03 04:15,0,0,0,0,0,0
2021-04-03 04:30,1,1,0,0,0,0
2021-04-03 04:45,1,1,0,0,0,0
2021-04-03 05:00,0,0,0,0,0,0
2021-04-03 05:15,3,0,3,0,0,0
2021-04-03 05:30,8,3,5,0,0,0
2021-04-03 05:45,9,2,7,0,0,0
2021-04-03 06:00,8,0,8,0,0,0
2021-04-03 06:15,6,1,5,0,0,0
2021-04-03 06:30,11,5,6,0,0,0
2021-04-03 06:45,8,5,3,0,0,0
2021-04-03 07:00,7,4,3,0,0,0
2021-04-03 07:15,20,10,10,0,0,0
2021-04-03 07:30,18,8,10,0,0,0
2021-04-03 07:45,20,8,12,0,0,0
2021-04-03 08:00,19,9,10,0,0,0
2021-04-03 08:15,14,5,9,0,0,0
2021-04-03 08:30,38,14,24,0,0,0
2021-04-03 08:45,39,20,19,0,0,0
2021-04-03 09:00,34,16,18,0,0,0
2021-04-03 09:15,35,15,20,0,0,0
2021-04-03 09:30,49,16,33,0,0,0
2021-04-03 09:45,46,20,26,0,0,0
2021-04-03 10:00,50,18,32,0,0,0
2021-04-03 10:15,54,14,40,0,0,0
2021-04-03 10:30,73,30,43,0,0,0
2021-04-03 10:45,67,35,32,0,0,0
2021-04-03 11:00,75,36,39,0,0,0
2021-04-03 11:15,63,30,33,0,0,0
2021-04-03 11:30,82,30,52,0,0,0
2021-04-03 11:45,76,29,47,0,0,0
2021-04-03 12:00,67,28,39,0,0,0
2021-04-03 12:15,67,26,41,0,0,0
2021-04-03 12:30,75,51,24,0,0,0
2021-04-03 12:45,66,24,42,0,0,0
2021-04-03 13:00,90,42,48,0,0,0
2021-04-03 13:15,78,43,35,0,0,0
2021-04-03 13:30,107,55,52,0,0,0
2021-04-03 13:45,78,40,38,0,0,0
2021-04-03 14:00,95,43,52,0,0,0
2021-04-03 14:15,84,42,42,0,0,0
2021-04-03 14:30,85,48,37,0,0,0
2021-04-03 14:45,92,47,45,0,0,0
2021-04-03 15:00,79,46,33,0,0,0
2021-04-03 15:15,73,36,37,0,0,0
2021-04-03 15:30,97,64,33,0,0,0
2021-04-03 15:45,80,42,38,0,0,0
2021-04-03 16:00,65,20,45,0,0,0
2021-04-03 16:15,75,30,45,0,0,0
2021-04-03 16:30,68,29,39,0,0,0
2021-04-03 16:45,76,43,33,0,0,0
2021-04-03 17:00,65,22,43,0,0,0
2021-04-03 17:15,58,26,32,0,0,0
2021-04-03 17:30,64,27,37,0,0,0
2021-04-03 17:45,69,31,38,0,0,0
2021-04-03 18:00,63,35,28,0,0,0
2021-04-03 18:15,75,39,36,0,0,0
2021-04-03 18:30,54,21,33,0,0,0
2021-04-03 18:45,62,15,47,0,0,0
2021-04-03 19:00,59,23,36,0,0,0
2021-04-03 19:15,60,28,32,0,0,0
2021-04-03 19:30,35,7,28,0,0,0
2021-04-03 19:45,35,14,21,0,0,0
2021-04-03 20:00,59,14,45,0,0,0
2021-04-03 20:15,28,11,17,0,0,0
2021-04-03 20:30,37,16,21,0,0,0
2021-04-03 20:45,22,9,13,0,0,0
2021-04-03 21:00,28,14,14,0,0,0
2021-04-03 21:15,29,12,17,0,0,0
2021-04-03 21:30,21,9,12,0,0,0
2021-04-03 21:45,21,11,10,0,0,0
2021-04-03 22:00,33,12,21,0,0,0
2021-04-03 22:15,22,11,11,0,0,0
2021-04-03 22:30,14,4,10,0,0,0
2021-04-03 22:45,10,4,6,0,0,0
2021-04-03 23:00,13,4,9,0,0,0
2021-04-03 23:15,15,8,7,0,0,0
2021-04-03 23:30,15,13,2,0,0,0
2021-04-03 23:45,7,1,6,0,0,0
2021-04-04 00:00,13,2,11,0,0,0
2021-04-04 00:15,10,5,5,0,0,0
2021-04-04 00:30,9,5,4,0,0,0
2021-04-04 00:45,7,2,5,0,0,0
2021-04-04 01:00,3,2,1,0,0,0
2021-04-04 01:15,8,2,6,0,0,0
2021-04-04 01:30,10,5,5,0,0,0
2021-04-04 01:45,4,3,1,0,0,0
2021-04-04 02:00,2,2,0,0,0,0
2021-04-04 02:15,5,4,1,0,0,0
2021-04-04 02:30,5,1,4,0,0,0
2021-04-04 02:45,4,2,2,0,0,0
2021-04-04 03:00,1,1,0,0,0,0
2021-04-04 03:15,3,2,1,0,0,0
2021-04-04 03:30,3,0,3,0,0,0
2021-04-04 03:45,4,3,1,0,0,0
2021-04-04 04:00,1,1,0,0,0,0
2021-04-04 04:15,2,0,2,0,0,0
2021-04-04 04:30,2,1,1,0,0,0
2021-04-04 04:45,3,0,3,0,0,0
2021-04-04 05:00,1,0,1,0,0,0
2021-04-04 05:15,1,0,1,0,0,0
2021-04-04 05:30,5,0,5,0,0,0
2021-04-04 05:45,7,4,3,0,0,0
2021-04-04 06:00,1,0,1,0,0,0
2021-04-04 06:15,1,0,1,0,0,0
2021-04-04 06:30,8,3,5,0,0,0
2021-04-04 06:45,2,2,0,0,0,0
2021-04-04 07:00,8,7,1,0,0,0
2021-04-04 07:15,7,3,4,0,0,0
2021-04-04 07:30,8,2,6,0,0,0
2021-04-04 07:45,6,5,1,0,0,0
2021-04-04 08:00,4,1,3,0,0,0
2021-04-04 08:15,7,5,2,0,0,0
2021-04-04 08:30,16,10,6,0,0,0
2021-04-04 08:45,9,4,5,0,0,0
2021-04-04 09:00,17,9,8,0,0,0
2021-04-04 09:15,17,8,9,0,0,0
2021-04-04 09:30,19,9,10,0,0,0
2021-04-04 09:45,15,3,12,0,0,0
2021-04-04 10:00,11,5,6,0,0,0
2021-04-04 10:15,24,11,13,0,0,0
2021-04-04 10:30,23,8,15,0,0,0
2021-04-04 10:45,20,9,11,0,0,0
2021-04-04 11:00,23,7,16,0,0,0
2021-04-04 11:15,18,6,12,0,0,0
2021-04-04 11:30,28,11,17,0,0,0
2021-04-04 11:45,34,16,18,0,0,0
2021-04-04 12:00,30,15,15,0,0,0
2021-04-04 12:15,54,26,28,0,0,0
2021-04-04 12:30,33,15,18,0,0,0
2021-04-04 12:45,29,12,17,0,0,0
2021-04-04 13:00,33,8,25,0,0,0
2021-04-04 13:15,40,23,17,0,0,0
2021-04-04 13:30,57,11,46,0,0,0
2021-04-04 13:45,43,23,20,0,0,0
2021-04-04 14:00,45,15,30,0,0,0
2021-04-04 14:15,51,19,32,0,0,0
2021-04-04 14:30,55,30,25,0,0,0
2021-04-04 14:45,52,24,28,0,0,0
2021-04-04 15:00,50,26,24,0,0,0
2021-04-04 15:15,51,17,34,0,0,0
2021-04-04 15:30,44,11,33,0,0,0
2021-04-04 15:45,42,21,21,0,0,0
2021-04-04 16:00,38,13,25,0,0,0
2021-04-04 16:15,32,14,18,0,0,0
2021-04-04 16:30,29,14,15,0,0,0
2021-04-04 16:45,35,12,23,0,0,0
2021-04-04 17:00,26,12,14,0,0,0
2021-04-04 17:15,38,15,23,0,0,0
2021-04-04 17:30,46,27,19,0,0,0
2021-04-04 17:45,46,21,25,0,0,0
2021-04-04 18:00,44,19,25,0,0,0
2021-04-04 18:15,28,10,18,0,0,0
2021-04-04 18:30,29,15,14,0,0,0
2021-04-04 18:45,35,14,21,0,0,0
2021-04-04 19:00,28,6,22,0,0,0
2021-04-04 19:15,32,8,24,0,0,0
2021-04-04 19:30,27,6,21,0,0,0
2021-04-04 19:45,45,17,28,0,0,0
2021-04-04 20:00,31,14,17,0,0,0
2021-04-04 20:15,28,9,19,0,0,0
2021-04-04 20:30,16,5,11,0,0,0
2021-04-04 20:45,25,10,15,0,0,0
2021-04-04 21:00,20,11,9,0,0,0
2021-04-04 21:15,39,25,14,0,0,0
2021-04-04 21:30,30,14,16,0,0,0
2021-04-04 21:45,16,6,10,0,0,0
2021-04-04 22:00,19,4,15,0,0,0
2021-04-04 22:15,12,6,6,0,0,0
2021-04-04 22:30,12,1,11,0,0,0
2021-04-04 22:45,15,9,6,0,0,0
2021-04-04 23:00,13,4,9,0,0,0
2021-04-04 23:15,9,4,5,0,0,0
2021-04-04 23:30,4,1,3,0,0,0
2021-04-04 23:45,8,3,5,0,0,0
2021-04-05 00:00,10,6,4,0,0,0
2021-04-05 00:15,5,1,4,0,0,0
2021-04-05 00:30,1,0,1,0,0,0
2021-04-05 00:45,6,2,4,0,0,0
2021-04-05 01:00,5,2,3,0,0,0
2021-04-05 01:15,4,1,3,0,0,0
2021-04-05 01:30,2,0,2,0,0,0
2021-04-05 01:45,2,0,2,0,0,0
2021-04-05 02:00,1,0,1,0,0,0
2021-04-05 02:15,0,0,0,0,0,0
2021-04-05 02:30,2,0,2,0,0,0
2021-04-05 02:45,0,0,0,0,0,0
2021-04-05 03:00,1,1,0,0,0,0
2021-04-05 03:15,1,0,1,0,0,0
2021-04-05 03:30,0,0,0,0,0,0
2021-04-05 03:45,0,0,0,0,0,0
2021-04-05 04:00,3,1,2,0,0,0
2021-04-05 04:15,1,0,1,0,0,0
2021-04-05 04:30,0,0,0,0,0,0
2021-04-05 04:45,2,1,1,0,0,0
2021-04-05 05:00,1,1,0,0,0,0
2021-04-05 05:15,0,0,0,0,0,0
2021-04-05 05:30,11,1,10,0,0,0
2021-04-05 05:45,1,0,1,0,0,0
2021-04-05 06:00,3,2,1,0,0,0
2021-04-05 06:15,4,3,1,0,0,0
2021-04-05 06:30,5,1,4,0,0,0
2021-04-05 06:45,2,2,0,0,0,0
2021-04-05 07:00,3,1,2,0,0,0
2021-04-05 07:15,9,6,3,0,0,0
2021-04-05 07:30,3,2,1,0,0,0
2021-04-05 07:45,7,3,4,0,0,0
2021-04-05 08:00,8,2,6,0,0,0
2021-04-05 08:15,12,8,4,0,0,0
2021-04-05 08:30,6,2,4,0,0,0
2021-04-05 08:45,9,5,4,0,0,0
2021-04-05 09:00,11,2,9,0,0,0
2021-04-05 09:15,15,4,11,0,0,0
2021-04-05 09:30,11,5,6,0,0,0
2021-04-05 09:45,14,6,8,0,0,0
2021-04-05 10:00,12,3,9,0,0,0
2021-04-05 10:15,22,9,13,0,0,0
2021-04-05 10:30,12,4,8,0,0,0
2021-04-05 10:45,19,6,13,0,0,0
2021-04-05 11:00,25,10,15,0,0,0
2021-04-05 11:15,24,11,13,0,0,0
2021-04-05 11:30,20,11,9,0,0,0
2021-04-05 11:45,22,5,17,0,0,0
2021-04-05 12:00,19,7,12,0,0,0
2021-04-05 12:15,25,10,15,0,0,0
2021-04-05 12:30,28,12,16,0,0,0
2021-04-05 12:45,30,7,23,0,0,0
2021-04-05 13:00,35,17,18,0,0,0
2021-04-05 13:15,29,11,18,0,0,0
2021-04-05 13:30,25,11,14,0,0,0
2021-04-05 13:45,45,23,22,0,0,0
2021-04-05 14:00,27,7,20,0,0,0
2021-04-05 14:15,42,15,27,0,0,0
2021-04-05 14:30,43,13,30,0,0,0
2021-04-05 14:45,48,18,30,0,0,0
2021-04-05 15:00,63,19,44,0,0,0
2021-04-05 15:15,52,14,38,0,0,0
2021-04-05 15:30,46,21,25,0,0,0
2021-04-05 15:45,59,22,37,0,0,0
2021-04-05 16:00,32,14,18,0,0,0
2021-04-05 16:15,37,18,19,0,0,0
2021-04-05 16:30,48,14,34,0,0,0
2021-04-05 16:45,52,15,37,0,0,0
2021-04-05 17:00,48,18,30,0,0,0
2021-04-05 17:15,48,16,32,0,0,0
2021-04-05 17:30,32,11,21,0,0,0
2021-04-05 17:45,41,15,26,0,0,0
2021-04-05 18:00,37,9,28,0,0,0
2021-04-05 18:15,46,25,21,0,0,0
2021-04-05 18:30,36,13,23,0,0,0
2021-04-05 18:45,40,17,23,0,0,0
2021-04-05 19:00,25,9,16,0,0,0
2021-04-05 19:15,32,12,20,0,0,0
2021-04-05 19:30,47,12,35,0,0,0
2021-04-05 19:45,30,12,18,0,0,0
2021-04-05 20:00,31,10,21,0,0,0
2021-04-05 20:15,27,8,19,0,0,0
2021-04-05 20:30,20,12,8,0,0,0
2021-04-05 20:45,16,8,8,0,0,0
2021-04-05 21:00,31,9,22,0,0,0
2021-04-05 21:15,17,9,8,0,0,0
2021-04-05 21:30,11,8,3,0,0,0
2021-04-05 21:45,18,10,8,0,0,0
2021-04-05 22:00,24,8,16,0,0,0
2021-04-05 22:15,14,7,7,0,0,0
2021-04-05 22:30,10,4,6,0,0,0
2021-04-05 22:45,9,3,6,0,0,0
2021-04-05 23:00,6,3,3,0,0,0
2021-04-05 23:15,4,2,2,0,0,0
2021-04-05 23:30,7,2,5,0,0,0
2021-04-05 23:45,8,2,6,0,0,0
2021-04-06 00:00,7,4,3,0,0,0
2021-04-06 00:15,4,1,3,0,0,0
2021-04-06 00:30,2,1,1,0,0,0
2021-04-06 00:45,1,0,1,0,0,0
2021-04-06 01:00,0,0,0,0,0,0
2021-04-06 01:15,3,2,1,0,0,0
2021-04-06 01:30,4,0,4,0,0,0
2021-04-06 01:45,1,0,1,0,0,0
2021-04-06 02:00,2,2,0,0,0,0
2021-04-06 02:15,4,4,0,0,0,0
2021-04-06 02:30,0,0,0,0,0,0
2021-04-06 02:45,0,0,0,0,0,0
2021-04-06 03:00,1,0,1,0,0,0
2021-04-06 03:15,1,0,1,0,0,0
2021-04-06 03:30,1,0,1,0,0,0
2021-04-06 03:45,0,0,0,0,0,0
2021-04-06 04:00,2,0,2,0,0,0
2021-04-06 04:15,4,2,2,0,0,0
2021-04-06 04:30,8,2,6,0,0,0
2021-04-06 04:45,4,2,2,0,0,0
2021-04-06 05:00,3,0,3,0,0,0
2021-04-06 05:15,2,2,0,0,0,0
2021-04-06 05:30,18,4,14,0,0,0
2021-04-06 05:45,18,12,6,0,0,0
2021-04-06 06:00,13,3,10,0,0,0
2021-04-06 06:15,23,6,17,0,0,0
2021-04-06 06:30,34,14,20,0,0,0
2021-04-06 06:45,55,37,18,0,0,0
2021-04-06 07:00,47,28,19,0,0,0
2021-04-06 07:15,55,26,29,0,0,0
2021-04-06 07:30,97,50,47,0,0,0
2021-04-06 07:45,90,37,53,0,0,0
2021-04-06 08:00,79,43,36,0,0,0
2021-04-06 08:15,65,29,36,0,0,0
2021-04-06 08:30,95,46,49,0,0,0
2021-04-06 08:45,94,42,52,0,0,0
2021-04-06 09:00,63,22,41,0,0,0
2021-04-06 09:15,62,27,35,0,0,0
2021-04-06 09:30,70,28,42,0,0,0
2021-04-06 09:45,83,42,41,0,0,0
2021-04-06 10:00,59,20,39,0,0,0
2021-04-06 10:15,61,20,41,0,0,0
2021-04-06 10:30,63,25,38,0,0,0
2021-04-06 10:45,90,41,49,0,0,0
2021-04-06 11:00,65,33,32,0,0,0
2021-04-06 11:15,62,25,37,0,0,0
2021-04-06 11:30,57,27,30,0,0,0
2021-04-06 11:45,82,41,41,0,0,0
2021-04-06 12:00,66,36,30,0,0,0
2021-04-06 12:15,67,34,33,0,0,0
2021-04-06 12:30,79,34,45,0,0,0
2021-04-06 12:45,66,23,43,0,0,0
2021-04-06 13:00,91,34,57,0,0,0
2021-04-06 13:15,79,41,38,0,0,0
2021-04-06 13:30,63,31,32,0,0,0
2021-04-06 13:45,92,40,52,0,0,0
2021-04-06 14:00,88,40,48,0,0,0
2021-04-06 14:15,89,43,46,0,0,0
2021-04-06 14:30,80,28,52,0,0,0
2021-04-06 14:45,51,21,30,0,0,0
2021-04-06 15:00,69,33,36,0,0,0
2021-04-06 15:15,80,35,45,0,0,0
2021-04-06 15:30,70,42,28,0,0,0
2021-04-06 15:45,86,36,50,0,0,0
2021-04-06 16:00,80,39,41,0,0,0
2021-04-06 16:15,76,39,37,0,0,0
2021-04-06 16:30,114,51,63,0,0,0
2021-04-06 16:45,133,60,73,0,0,0
2021-04-06 17:00,96,40,56,0,0,0
2021-04-06 17:15,123,40,83,0,0,0
2021-04-06 17:30,97,31,66,0,0,0
2021-04-06 17:45,111,43,68,0,0,0
2021-04-06 18:00,69,33,36,0,0,0
2021-04-06 18:15,74,35,39,0,0,0
2021-04-06 18:30,90,36,54,0,0,0
2021-04-06 18:45,70,30,40,0,0,0
2021-04-06 19:00,68,39,29,0,0,0
2021-04-06 19:15,56,19,37,0,0,0
2021-04-06 19:30,47,24,23,0,0,0
2021-04-06 19:45,47,19,28,0,0,0
2021-04-06 20:00,45,17,28,0,0,0
2021-04-06 20:15,37,16,21,0,0,0
2021-04-06 20:30,39,18,21,0,0,0
2021-04-06 20:45,30,13,17,0,0,0
2021-04-06 21:00,35,21,14,0,0,0
2021-04-06 21:15,33,9,24,0,0,0
2021-04-06 21:30,21,10,11,0,0,0
2021-04-06 21:45,14,8,6,0,0,0
2021-04-06 22:00,13,7,6,0,0,0
2021-04-06 22:15,10,2,8,0,0,0
2021-04-06 22:30,14,5,9,0,0,0
2021-04-06 22:45,10,7,3,0,0,0
2021-04-06 23:00,11,4,7,0,0,0
2021-04-06 23:15,13,9,4,0,0,0
2021-04-06 23:30,13,4,9,0,0,0
2021-04-06 23:45,10,7,3,0,0,0
2021-04-07 00:00,8,2,6,0,0,0
2021-04-07 00:15,3,2,1,0,0,0
2021-04-07 00:30,4,2,2,0,0,0
2021-04-07 00:45,2,1,1,0,0,0
2021-04-07 01:00,0,0,0,0,0,0
2021-04-07 01:15,3,1,2,0,0,0
2021-04-07 01:30,2,0,2,0,0,0
2021-04-07 01:45,1,0,1,0,0,0
2021-04-07 02:00,2,1,1,0,0,0
2021-04-07 02:15,2,0,2,0,0,0
2021-04-07 02:30,0,0,0,0,0,0
2021-04-07 02:45,1,0,1,0,0,0
2021-04-07 03:00,4,2,2,0,0,0
2021-04-07 03:15,0,0,0,0,0,0
2021-04-07 03:30,1,1,0,0,0,0
2021-04-07 03:45,1,0,1,0,0,0
2021-04-07 04:00,1,0,1,0,0,0
2021-04-07 04:15,10,2,8,0,0,0
2021-04-07 04:30,7,0,7,0,0,0
2021-04-07 04:45,4,2,2,0,0,0
2021-04-07 05:00,6,3,3,0,0,0
2021-04-07 05:15,8,2,6,0,0,0
2021-04-07 05:30,19,5,14,0,0,0
2021-04-07 05:45,15,7,8,0,0,0
2021-04-07 06:00,23,8,15,0,0,0
2021-04-07 06:15,30,9,21,0,0,0
2021-04-07 06:30,34,14,20,0,0,0
2021-04-07 06:45,52,30,22,0,0,0
2021-04-07 07:00,48,18,30,0,0,0
2021-04-07 07:15,65,30,35,0,0,0
2021-04-07 07:30,83,40,43,0,0,0
2021-04-07 07:45,83,43,40,0,0,0
2021-04-07 08:00,82,43,39,0,0,0
2021-04-07 08:15,83,40,43,0,0,0
2021-04-07 08:30,81,35,46,0,0,0
2021-04-07 08:45,85,32,53,0,0,0
2021-04-07 09:00,68,22,46,0,0,0
2021-04-07 09:15,64,24,40,0,0,0
2021-04-07 09:30,46,19,27,0,0,0
2021-04-07 09:45,72,29,43,0,0,0
2021-04-07 10:00,72,28,44,0,0,0
2021-04-07 10:15,65,25,40,0,0,0
2021-04-07 10:30,73,28,45,0,0,0
2021-04-07 10:45,74,24,50,0,0,0
2021-04-07 11:00,71,30,41,0,0,0
2021-04-07 11:15,73,25,48,0,0,0
2021-04-07 11:30,74,24,50,0,0,0
2021-04-07 11:45,83,33,50,0,0,0
2021-04-07 12:00,73,37,36,0,0,0
2021-04-07 12:15,74,28,46,0,0,0
2021-04-07 12:30,100,46,54,0,0,0
2021-04-07 12:45,79,38,41,0,0,0
2021-04-07 13:00,60,23,37,0,0,0
2021-04-07 13:15,94,40,54,0,0,0
2021-04-07 13:30,72,31,41,0,0,0
2021-04-07 13:45,76,27,49,0,0,0
2021-04-07 14:00,78,31,47,0,0,0
2021-04-07 14:15,79,25,54,0,0,0
2021-04-07 14:30,82,27,55,0,0,0
2021-04-07 14:45,84,33,51,0,0,0
2021-04-07 15:00,85,43,42,0,0,0
2021-04-07 15:15,67,34,33,0,0,0
2021-04-07 15:30,77,31,46,0,0,0
2021-04-07 15:45,78,31,47,0,0,0
2021-04-07 16:00,95,53,42,0,0,0
2021-04-07 16:15,129,49,80,0,0,0
2021-04-07 16:30,115,53,62,0,0,0
2021-04-07 16:45,117,59,58,0,0,0
2021-04-07 17:00,117,37,80,0,0,0
2021-04-07 17:15,112,49,63,0,0,0
2021-04-07 17:30,81,31,50,0,0,0
2021-04-07 17:45,99,35,64,0,0,0
2021-04-07 18:00,87,42,45,0,0,0
2021-04-07 18:15,101,48,53,0,0,0
2021-04-07 18:30,63,29,34,0,0,0
2021-04-07 18:45,66,18,48,0,0,0
2021-04-07 19:00,57,25,32,0,0,0
2021-04-07 19:15,53,25,28,0,0,0
2021-04-07 19:30,53,22,31,0,0,0
2021-04-07 19:45,69,20,49,0,0,0
2021-04-07 20:00,53,28,25,0,0,0
2021-04-07 20:15,44,18,26,0,0,0
2021-04-07 20:30,32,11,21,0,0,0
2021-04-07 20:45,29,7,22,0,0,0
2021-04-07 21:00,26,8,18,0,0,0
2021-04-07 21:15,27,12,15,0,0,0
2021-04-07 21:30,21,10,11,0,0,0
2021-04-07 21:45,17,5,12,0,0,0
2021-04-07 22:00,28,6,22,0,0,0
2021-04-07 22:15,17,5,12,0,0,0
2021-04-07 22:30,9,5,4,0,0,0
2021-04-07 22:45,17,8,9,0,0,0
2021-04-07 23:00,19,7,12,0,0,0
2021-04-07 23:15,21,13,8,0,0,0
2021-04-07 23:30,7,3,4,0,0,0
2021-04-07 23:45,3,1,2,0,0,0
2021-04-08 00:00,6,1,5,0,0,0
2021-04-08 00:15,10,7,3,0,0,0
2021-04-08 00:30,5,3,2,0,0,0
2021-04-08 00:45,7,4,3,0,0,0
2021-04-08 01:00,0,0,0,0,0,0
2021-04-08 01:15,2,0,2,0,0,0
2021-04-08 01:30,3,2,1,0,0,0
2021-04-08 01:45,8,3,5,0,0,0
2021-04-08 02:00,2,1,1,0,0,0
2021-04-08 02:15,3,1,2,0,0,0
2021-04-08 02:30,2,1,1,0,0,0
2021-04-08 02:45,2,1,1,0,0,0
2021-04-08 03:00,0,0,0,0,0,0
2021-04-08 03:15,2,1,1,0,0,0
2021-04-08 03:30,1,1,0,0,0,0
2021-04-08 03:45,1,0,1,0,0,0
2021-04-08 04:00,2,2,0,0,0,0
2021-04-08 04:15,5,1,4,0,0,0
2021-04-08 04:30,10,2,8,0,0,0
2021-04-08 04:45,8,1,7,0,0,0
2021-04-08 05:00,1,1,0,0,0,0
2021-04-08 05:15,11,6,5,0,0,0
2021-04-08 05:30,13,3,10,0,0,0
2021-04-08 05:45,11,6,5,0,0,0
2021-04-08 06:00,10,0,10,0,0,0
2021-04-08 06:15,19,8,11,0,0,0
2021-04-08 06:30,41,13,28,0,0,0
2021-04-08 06:45,55,33,22,0,0,0
2021-04-08 07:00,55,30,25,0,0,0
2021-04-08 07:15,89,38,51,0,0,0
2021-04-08 07:30,90,38,52,0,0,0
2021-04-08 07:45,107,47,60,0,0,0
2021-04-08 08:00,89,50,39,0,0,0
2021-04-08 08:15,91,49,42,0,0,0
2021-04-08 08:30,88,43,45,0,0,0
2021-04-08 08:45,78,31,47,0,0,0
2021-04-08 09:00,85,35,50,0,0,0
2021-04-08 09:15,51,14,37,0,0,0
2021-04-08 09:30,82,30,52,0,0,0
2021-04-08 09:45,71,24,47,0,0,0
2021-04-08 10:00,63,31,32,0,0,0
2021-04-08 10:15,65,34,31,0,0,0
2021-04-08 10:30,83,38,45,0,0,0
2021-04-08 10:45,85,38,47,0,0,0
2021-04-08 11:00,91,28,63,0,0,0
2021-04-08 11:15,90,36,54,0,0,0
2021-04-08 11:30,81,38,43,0,0,0
2021-04-08 11:45,93,43,50,0,0,0
2021-04-08 12:00,106,49,57,0,0,0
2021-04-08 12:15,109,51,58,0,0,0
2021-04-08 12:30,85,40,45,0,0,0
2021-04-08 12:45,94,43,51,0,0,0
2021-04-08 13:00,102,47,55,0,0,0
2021-04-08 13:15,83,27,56,0,0,0
2021-04-08 13:30,85,42,43,0,0,0
2021-04-08 13:45,97,42,55,0,0,0
2021-04-08 14:00,101,49,52,0,0,0
2021-04-08 14:15,109,43,66,0,0,0
2021-04-08 14:30,97,44,53,0,0,0
2021-04-08 14:45,95,42,53,0,0,0
2021-04-08 15:00,90,45,45,0,0,0
2021-04-08 15:15,94,52,42,0,0,0
2021-04-08 15:30,102,47,55,0,0,0
2021-04-08 15:45,99,35,64,0,0,0
2021-04-08 16:00,120,51,69,0,0,0
2021-04-08 16:15,126,64,62,0,0,0
2021-04-08 16:30,94,47,47,0,0,0
2021-04-08 16:45,130,65,65,0,0,0
2021-04-08 17:00,109,35,74,0,0,0
2021-04-08 17:15,130,65,65,0,0,0
2021-04-08 17:30,107,48,59,0,0,0
2021-04-08 17:45,124,56,68,0,0,0
2021-04-08 18:00,119,58,61,0,0,0
2021-04-08 18:15,108,44,64,0,0,0
2021-04-08 18:30,85,31,54,0,0,0
2021-04-08 18:45,77,28,49,0,0,0
2021-04-08 19:00,78,33,45,0,0,0
2021-04-08 19:15,72,36,36,0,0,0
2021-04-08 19:30,65,36,29,0,0,0
2021-04-08 19:45,70,34,36,0,0,0
2021-04-08 20:00,54,18,36,0,0,0
2021-04-08 20:15,56,27,29,0,0,0
2021-04-08 20:30,45,17,28,0,0,0
2021-04-08 20:45,31,17,14,0,0,0
2021-04-08 21:00,38,13,25,0,0,0
2021-04-08 21:15,33,19,14,0,0,0
2021-04-08 21:30,27,7,20,0,0,0
2021-04-08 21:45,25,15,10,0,0,0
2021-04-08 22:00,22,8,14,0,0,0
2021-04-08 22:15,17,7,10,0,0,0
2021-04-08 22:30,12,3,9,0,0,0
2021-04-08 22:45,20,7,13,0,0,0
2021-04-08 23:00,22,9,13,0,0,0
2021-04-08 23:15,15,7,8,0,0,0
2021-04-08 23:30,15,5,10,0,0,0
2021-04-08 23:45,10,4,6,0,0,0
2021-04-09 00:00,7,5,2,0,0,0
2021-04-09 00:15,8,3,5,0,0,0
2021-04-09 00:30,5,3,2,0,0,0
2021-04-09 00:45,7,1,6,0,0,0
2021-04-09 01:00,5,4,1,0,0,0
2021-04-09 01:15,3,0,3,0,0,0
2021-04-09 01:30,3,0,3,0,0,0
2021-04-09 01:45,7,1,6,0,0,0
2021-04-09 02:00,2,0,2,0,0,0
2021-04-09 02:15,3,2,1,0,0,0
2021-04-09 02:30,0,0,0,0,0,0
2021-04-09 02:45,3,3,0,0,0,0
2021-04-09 03:00,2,1,1,0,0,0
2021-04-09 03:15,0,0,0,0,0,0
2021-04-09 03:30,0,0,0,0,0,0
2021-04-09 03:45,4,2,2,0,0,0
2021-04-09 04:00,3,1,2,0,0,0
2021-04-09 04:15,4,2,2,0,0,0
2021-04-09 04:30,5,1,4,0,0,0
2021-04-09 04:45,5,2,3,0,0,0
2021-04-09 05:00,4,3,1,0,0,0
2021-04-09 05:15,3,1,2,0,0,0
2021-04-09 05:30,19,8,11,0,0,0
2021-04-09 05:45,23,9,14,0,0,0
2021-04-09 06:00,15,4,11,0,0,0
2021-04-09 06:15,27,11,16,0,0,0
2021-04-09 06:30,38,14,24,0,0,0
2021-04-09 06:45,64,33,31,0,0,0
2021-04-09 07:00,55,32,23,0,0,0
2021-04-09 07:15,58,22,36,0,0,0
2021-04-09 07:30,93,41,52,0,0,0
2021-04-09 07:45,112,52,60,0,0,0
2021-04-09 08:00,79,37,42,0,0,0
2021-04-09 08:15,106,53,53,0,0,0
2021-04-09 08:30,83,36,47,0,0,0
2021-04-09 08:45,109,48,61,0,0,0
2021-04-09 09:00,98,45,53,0,0,0
2021-04-09 09:15,73,26,47,0,0,0
2021-04-09 09:30,73,30,43,0,0,0
2021-04-09 09:45,71,27,44,0,0,0
2021-04-09 10:00,80,37,43,0,0,0
2021-04-09 10:15,69,30,39,0,0,0
2021-04-09 10:30,93,36,57,0,0,0
2021-04-09 10:45,75,29,46,0,0,0
2021-04-09 11:00,71,23,48,0,0,0
2021-04-09 11:15,78,28,50,0,0,0
2021-04-09 11:30,87,32,55,0,0,0
2021-04-09 11:45,109,40,69,0,0,0
2021-04-09 12:00,92,45,47,0,0,0
2021-04-09 12:15,95,49,46,0,0,0
2021-04-09 12:30,95,42,53,0,0,0
2021-04-09 12:45,95,47,48,0,0,0
2021-04-09 13:00,121,59,62,0,0,0
2021-04-09 13:15,105,52,53,0,0,0
2021-04-09 13:30,106,58,48,0,0,0
2021-04-09 13:45,116,53,63,0,0,0
2021-04-09 14:00,114,44,70,0,0,0
2021-04-09 14:15,111,44,67,0,0,0
2021-04-09 14:30,118,46,72,0,0,0
2021-04-09 14:45,127,50,77,0,0,0
2021-04-09 15:00,154,72,82,0,0,0
2021-04-09 15:15,98,57,41,0,0,0
2021-04-09 15:30,106,55,51,0,0,0
2021-04-09 15:45,111,63,48,0,0,0
2021-04-09 16:00,122,62,60,0,0,0
2021-04-09 16:15,110,60,50,0,0,0
2021-04-09 16:30,147,60,87,0,0,0
2021-04-09 16:45,121,60,61,0,0,0
2021-04-09 17:00,115,41,74,0,0,0
2021-04-09 17:15,124,47,77,0,0,0
2021-04-09 17:30,99,54,45,0,0,0
2021-04-09 17:45,105,48,57,0,0,0
2021-04-09 18:00,97,39,58,0,0,0
2021-04-09 18:15,93,48,45,0,0,0
2021-04-09 18:30,101,48,53,0,0,0
2021-04-09 18:45,94,53,41,0,0,0
2021-04-09 19:00,112,41,71,0,0,0
2021-04-09 19:15,85,33,52,0,0,0
2021-04-09 19:30,74,24,50,0,0,0
2021-04-09 19:45,81,32,49,0,0,0
2021-04-09 20:00,75,32,43,0,0,0
2021-04-09 20:15,41,26,15,0,0,0
2021-04-09 20:30,55,25,30,0,0,0
2021-04-09 20:45,45,22,23,0,0,0
2021-04-09 21:00,48,19,29,0,0,0
2021-04-09 21:15,35,6,29,0,0,0
2021-04-09 21:30,22,13,9,0,0,0
2021-04-09 21:45,36,10,26,0,0,0
2021-04-09 22:00,36,12,24,0,0,0
2021-04-09 22:15,17,10,7,0,0,0
2021-04-09 22:30,28,10,18,0,0,0
2021-04-09 22:45,19,8,11,0,0,0
2021-04-09 23:00,12,5,7,0,0,0
2021-04-09 23:15,10,4,6,0,0,0
2021-04-09 23:30,16,7,9,0,0,0
2021-04-09 23:45,15,5,10,0,0,0
2021-04-10 00:00,20,9,11,0,0,0
2021-04-10 00:15,16,10,6,0,0,0
2021-04-10 00:30,23,5,18,0,0,0
2021-04-10 00:45,14,10,4,0,0,0
2021-04-10 01:00,16,5,11,0,0,0
2021-04-10 01:15,8,6,2,0,0,0
2021-04-10 01:30,13,8,5,0,0,0
2021-04-10 01:45,6,3,3,0,0,0
2021-04-10 02:00,10,4,6,0,0,0
2021-04-10 02:15,5,0,5,0,0,0
2021-04-10 02:30,4,1,3,0,0,0
2021-04-10 02:45,5,2,3,0,0,0
2021-04-10 03:00,4,3,1,0,0,0
2021-04-10 03:15,3,3,0,0,0,0
2021-04-10 03:30,4,1,3,0,0,0
2021-04-10 03:45,8,2,6,0,0,0
2021-04-10 04:00,2,0,2,0,0,0
2021-04-10 04:15,0,0,0,0,0,0
2021-04-10 04:30,1,0,1,0,0,0
2021-04-10 04:45,5,4,1,0,0,0
2021-04-10 05:00,1,1,0,0,0,0
2021-04-10 05:15,4,0,4,0,0,0
2021-04-10 05:30,9,5,4,0,0,0
2021-04-10 05:45,11,3,8,0,0,0
2021-04-10 06:00,5,1,4,0,0,0
2021-04-10 06:15,5,0,5,0,0,0
2021-04-10 06:30,8,3,5,0,0,0
2021-04-10 06:45,8,5,3,0,0,0
2021-04-10 07:00,4,1,3,0,0,0
2021-04-10 07:15,13,4,9,0,0,0
2021-04-10 07:30,17,2,15,0,0,0
2021-04-10 07:45,20,7,13,0,0,0
2021-04-10 08:00,18,5,13,0,0,0
2021-04-10 08:15,13,5,8,0,0,0
2021-04-10 08:30,23,12,11,0,0,0
2021-04-10 08:45,31,14,17,0,0,0
2021-04-10 09:00,28,10,18,0,0,0
2021-04-10 09:15,37,14,23,0,0,0
2021-04-10 09:30,42,14,28,0,0,0
2021-04-10 09:45,49,23,26,0,0,0
2021-04-10 10:00,41,19,22,0,0,0
2021-04-10 10:15,40,12,28,0,0,0
2021-04-10 10:30,37,16,21,0,0,0
2021-04-10 10:45,57,12,45,0,0,0
2021-04-10 11:00,61,31,30,0,0,0
2021-04-10 11:15,52,20,32,0,0,0
2021-04-10 11:30,44,20,24,0,0,0
2021-04-10 11:45,61,23,38,0,0,0
2021-04-10 12:00,60,30,30,0,0,0
2021-04-10 12:15,88,36,52,0,0,0
2021-04-10 12:30,75,23,52,0,0,0
2021-04-10 12:45,67,29,38,0,0,0
2021-04-10 13:00,68,18,50,0,0,0
2021-04-10 13:15,71,32,39,0,0,0
2021-04-10 13:30,67,25,42,0,0,0
2021-04-10 13:45,71,30,41,0,0,0
2021-04-10 14:00,88,46,42,0,0,0
2021-04-10 14:15,74,43,31,0,0,0
2021-04-10 14:30,72,28,44,0,0,0
2021-04-10 14:45,47,23,24,0,0,0
2021-04-10 15:00,54,24,30,0,0,0
2021-04-10 15:15,75,33,42,0,0,0
2021-04-10 15:30,48,14,34,0,0,0
2021-04-10 15:45,53,29,24,0,0,0
2021-04-10 16:00,46,15,31,0,0,0
2021-04-10 16:15,64,28,36,0,0,0
2021-04-10 16:30,45,9,36,0,0,0
2021-04-10 16:45,38,17,21,0,0,0
2021-04-10 17:00,54,26,28,0,0,0
2021-04-10 17:15,46,24,22,0,0,0
2021-04-10 17:30,52,24,28,0,0,0
2021-04-10 17:45,68,28,40,0,0,0
2021-04-10 18:00,47,22,25,0,0,0
2021-04-10 18:15,40,19,21,0,0,0
2021-04-10 18:30,49,22,27,0,0,0
2021-04-10 18:45,64,18,46,0,0,0
2021-04-10 19:00,53,20,33,0,0,0
2021-04-10 19:15,48,19,29,0,0,0
2021-04-10 19:30,39,10,29,0,0,0
2021-04-10 19:45,43,24,19,0,0,0
2021-04-10 20:00,44,17,27,0,0,0
2021-04-10 20:15,33,12,21,0,0,0
2021-04-10 20:30,21,9,12,0,0,0
2021-04-10 20:45,28,12,16,0,0,0
2021-04-10 21:00,16,9,7,0,0,0
2021-04-10 21:15,15,6,9,0,0,0
2021-04-10 21:30,25,9,16,0,0,0
2021-04-10 21:45,8,5,3,0,0,0
2021-04-10 22:00,21,8,13,0,0,0
2021-04-10 22:15,21,9,12,0,0,0
2021-04-10 22:30,5,4,1,0,0,0
2021-04-10 22:45,12,5,7,0,0,0
2021-04-10 23:00,9,2,7,0,0,0
2021-04-10 23:15,15,5,10,0,0,0
2021-04-10 23:30,16,3,13,0,0,0
2021-04-10 23:45,11,6,5,0,0,0
2021-04-11 00:00,23,8,15,0,0,0
2021-04-11 00:15,11,4,7,0,0,0
2021-04-11 00:30,15,6,9,0,0,0
2021-04-11 00:45,17,11,6,0,0,0
2021-04-11 01:00,8,3,5,0,0,0
2021-04-11 01:15,5,4,1,0,0,0
2021-04-11 01:30,4,3,1,0,0,0
2021-04-11 01:45,7,2,5,0,0,0
2021-04-11 02:00,13,4,9,0,0,0
2021-04-11 02:15,3,1,2,0,0,0
2021-04-11 02:30,8,5,3,0,0,0
2021-04-11 02:45,4,2,2,0,0,0
2021-04-11 03:00,4,3,1,0,0,0
2021-04-11 03:15,4,2,2,0,0,0
2021-04-11 03:30,2,1,1,0,0,0
2021-04-11 03:45,3,2,1,0,0,0
2021-04-11 04:00,4,0,4,0,0,0
2021-04-11 04:15,3,1,2,0,0,0
2021-04-11 04:30,4,1,3,0,0,0
2021-04-11 04:45,4,2,2,0,0,0
2021-04-11 05:00,1,1,0,0,0,0
2021-04-11 05:15,0,0,0,0,0,0
2021-04-11 05:30,6,2,4,0,0,0
2021-04-11 05:45,2,1,1,0,0,0
2021-04-11 06:00,2,2,0,0,0,0
2021-04-11 06:15,4,0,4,0,0,0
2021-04-11 06:30,3,2,1,0,0,0
2021-04-11 06:45,4,0,4,0,0,0
2021-04-11 07:00,3,3,0,0,0,0
2021-04-11 07:15,4,2,2,0,0,0
2021-04-11 07:30,7,2,5,0,0,0
2021-04-11 07:45,6,5,1,0,0,0
2021-04-11 08:00,2,1,1,0,0,0
2021-04-11 08:15,3,2,1,0,0,0
2021-04-11 08:30,9,4,5,0,0,0
2021-04-11 08:45,18,9,9,0,0,0
2021-04-11 09:00,25,9,16,0,0,0
2021-04-11 09:15,24,10,14,0,0,0
2021-04-11 09:30,15,9,6,0,0,0
2021-04-11 09:45,23,13,10,0,0,0
2021-04-11 10:00,23,8,15,0,0,0
2021-04-11 10:15,23,6,17,0,0,0
2021-04-11 10:30,16,6,10,0,0,0
2021-04-11 10:45,17,7,10,0,0,0
2021-04-11 11:00,22,10,12,0,0,0
2021-04-11 11:15,35,8,27,0,0,0
2021-04-11 11:30,23,11,12,0,0,0
2021-04-11 11:45,26,7,19,0,0,0
2021-04-11 12:00,29,8,21,0,0,0
2021-04-11 12:15,35,7,28,0,0,0
2021-04-11 12:30,29,11,18,0,0,0
2021-04-11 12:45,41,12,29,0,0,0
2021-04-11 13:00,30,16,14,0,0,0
2021-04-11 13:15,42,21,21,0,0,0
2021-04-11 13:30,34,14,20,0,0,0
2021-04-11 13:45,51,14,37,0,0,0
2021-04-11 14:00,53,25,28,0,0,0
2021-04-11 14:15,35,13,22,0,0,0
2021-04-11 14:30,45,17,28,0,0,0
2021-04-11 14:45,45,14,31,0,0,0
2021-04-11 15:00,59,21,38,0,0,0
2021-04-11 15:15,45,21,24,0,0,0
2021-04-11 15:30,56,18,38,0,0,0
2021-04-11 15:45,47,21,26,0,0,0
2021-04-11 16:00,55,28,27,0,0,0
2021-04-11 16:15,59,32,27,0,0,0
2021-04-11 16:30,50,21,29,0,0,0
2021-04-11 16:45,57,24,33,0,0,0
2021-04-11 17:00,44,20,24,0,0,0
2021-04-11 17:15,51,23,28,0,0,0
2021-04-11 17:30,57,24,33,0,0,0
2021-04-11 17:45,60,27,33,0,0,0
2021-04-11 18:00,57,23,34,0,0,0
2021-04-11 18:15,48,18,30,0,0,0
2021-04-11 18:30,38,17,21,0,0,0
2021-04-11 18:45,53,26,27,0,0,0
2021-04-11 19:00,49,18,31,0,0,0
2021-04-11 19:15,52,16,36,0,0,0
2021-04-11 19:30,44,16,28,0,0,0
2021-04-11 19:45,35,13,22,0,0,0
2021-04-11 20:00,42,17,25,0,0,0
2021-04-11 20:15,30,18,12,0,0,0
2021-04-11 20:30,29,11,18,0,0,0
2021-04-11 20:45,44,20,24,0,0,0
2021-04-11 21:00,28,13,15,0,0,0
2021-04-11 21:15,25,11,14,0,0,0
2021-04-11 21:30,19,6,13,0,0,0
2021-04-11 21:45,12,4,8,0,0,0
2021-04-11 22:00,16,9,7,0,0,0
2021-04-11 22:15,16,8,8,0,0,0
2021-04-11 22:30,12,2,10,0,0,0
2021-04-11 22:45,7,1,6,0,0,0
2021-04-11 23:00,8,2,6,0,0,0
2021-04-11 23:15,7,3,4,0,0,0
2021-04-11 23:30,7,1,6,0,0,0
2021-04-11 23:45,3,1,2,0,0,0
2021-04-12 00:00,6,2,4,0,0,0
2021-04-12 00:15,2,0,2,0,0,0
2021-04-12 00:30,5,1,4,0,0,0
2021-04-12 00:45,1,1,0,0,0,0
2021-04-12 01:00,1,0,1,0,0,0
2021-04-12 01:15,2,0,2,0,0,0
2021-04-12 01:30,2,1,1,0,0,0
2021-04-12 01:45,1,1,0,0,0,0
2021-04-12 02:00,1,0,1,0,0,0
2021-04-12 02:15,1,0,1,0,0,0
2021-04-12 02:30,0,0,0,0,0,0
2021-04-12 02:45,0,0,0,0,0,0
2021-04-12 03:00,1,1,0,0,0,0
2021-04-12 03:15,1,0,1,0,0,0
2021-04-12 03:30,0,0,0,0,0,0
2021-04-12 03:45,0,0,0,0,0,0
2021-04-12 04:00,0,0,0,0,0,0
2021-04-12 04:15,3,0,3,0,0,0
2021-04-12 04:30,4,2,2,0,0,0
2021-04-12 04:45,4,2,2,0,0,0
2021-04-12 05:00,3,3,0,0,0,0
2021-04-12 05:15,8,3,5,0,0,0
2021-04-12 05:30,13,5,8,0,0,0
2021-04-12 05:45,17,7,10,0,0,0
2021-04-12 06:00,24,11,13,0,0,0
2021-04-12 06:15,30,9,21,0,0,0
2021-04-12 06:30,46,17,29,0,0,0
2021-04-12 06:45,72,38,34,0,0,0
2021-04-12 07:00,60,31,29,0,0,0
2021-04-12 07:15,82,41,41,0,0,0
2021-04-12 07:30,109,49,60,0,0,0
2021-04-12 07:45,106,55,51,0,0,0
2021-04-12 08:00,94,50,44,0,0,0
2021-04-12 08:15,123,64,59,0,0,0
2021-04-12 08:30,88,52,36,0,0,0
2021-04-12 08:45,102,50,52,0,0,0
2021-04-12 09:00,95,31,64,0,0,0
2021-04-12 09:15,76,30,46,0,0,0
2021-04-12 09:30,90,39,51,0,0,0
2021-04-12 09:45,89,32,57,0,0,0
2021-04-12 10:00,87,45,42,0,0,0
2021-04-12 10:15,69,26,43,0,0,0
2021-04-12 10:30,91,41,50,0,0,0
2021-04-12 10:45,95,58,37,0,0,0
2021-04-12 11:00,84,42,42,0,0,0
2021-04-12 11:15,86,41,45,0,0,0
2021-04-12 11:30,77,41,36,0,0,0
2021-04-12 11:45,76,34,42,0,0,0
2021-04-12 12:00,84,46,38,0,0,0
2021-04-12 12:15,110,44,66,0,0,0
2021-04-12 12:30,93,41,52,0,0,0
2021-04-12 12:45,105,40,65,0,0,0
2021-04-12 13:00,98,51,47,0,0,0
2021-04-12 13:15,93,47,46,0,0,0
2021-04-12 13:30,94,50,44,0,0,0
2021-04-12 13:45,95,46,49,0,0,0
2021-04-12 14:00,91,47,44,0,0,0
2021-04-12 14:15,101,58,43,0,0,0
2021-04-12 14:30,113,48,65,0,0,0
2021-04-12 14:45,93,43,50,0,0,0
2021-04-12 15:00,86,39,47,0,0,0
2021-04-12 15:15,97,38,59,0,0,0
2021-04-12 15:30,114,47,67,0,0,0
2021-04-12 15:45,120,47,73,0,0,0
2021-04-12 16:00,117,49,68,0,0,0
2021-04-12 16:15,92,33,59,0,0,0
2021-04-12 16:30,107,52,55,0,0,0
2021-04-12 16:45,124,65,59,0,0,0
2021-04-12 17:00,134,64,70,0,0,0
2021-04-12 17:15,117,47,70,0,0,0
2021-04-12 17:30,103,49,54,0,0,0
2021-04-12 17:45,120,54,66,0,0,0
2021-04-12 18:00,129,54,75,0,0,0
2021-04-12 18:15,88,40,48,0,0,0
2021-04-12 18:30,111,45,66,0,0,0
2021-04-12 18:45,91,48,43,0,0,0
2021-04-12 19:00,87,49,38,0,0,0
2021-04-12 19:15,77,40,37,0,0,0
2021-04-12 19:30,65,25,40,0,0,0
2021-04-12 19:45,64,28,36,0,0,0
2021-04-12 20:00,71,31,40,0,0,0
2021-04-12 20:15,64,21,43,0,0,0
2021-04-12 20:30,48,22,26,0,0,0
2021-04-12 20:45,33,14,19,0,0,0
2021-04-12 21:00,32,14,18,0,0,0
2021-04-12 21:15,24,10,14,0,0,0
2021-04-12 21:30,34,12,22,0,0,0
2021-04-12 21:45,32,15,17,0,0,0
2021-04-12 22:00,21,9,12,0,0,0
2021-04-12 22:15,21,8,13,0,0,0
2021-04-12 22:30,11,5,6,0,0,0
2021-04-12 22:45,11,5,6,0,0,0
2021-04-12 23:00,7,3,4,0,0,0
2021-04-12 23:15,15,8,7,0,0,0
2021-04-12 23:30,10,6,4,0,0,0
2021-04-12 23:45,6,3,3,0,0,0
2021-04-13 00:00,13,2,11,0,0,0
2021-04-13 00:15,6,4,2,0,0,0
2021-04-13 00:30,5,1,4,0,0,0
2021-04-13 00:45,3,0,3,0,0,0
2021-04-13 01:00,3,0,3,0,0,0
2021-04-13 01:15,2,1,1,0,0,0
2021-04-13 01:30,1,1,0,0,0,0
2021-04-13 01:45,0,0,0,0,0,0
2021-04-13 02:00,2,0,2,0,0,0
2021-04-13 02:15,0,0,0,0,0,0
2021-04-13 02:30,0,0,0,0,0,0
2021-04-13 02:45,1,1,0,0,0,0
2021-04-13 03:00,1,0,1,0,0,0
2021-04-13 03:15,2,1,1,0,0,0
2021-04-13 03:30,0,0,0,0,0,0
2021-04-13 03:45,1,0,1,0,0,0
2021-04-13 04:00,1,0,1,0,0,0
2021-04-13 04:15,4,4,0,0,0,0
2021-04-13 04:30,4,0,4,0,0,0
2021-04-13 04:45,8,3,5,0,0,0
2021-04-13 05:00,5,3,2,0,0,0
2021-04-13 05:15,5,2,3,0,0,0
2021-04-13 05:30,11,6,5,0,0,0
2021-04-13 05:45,15,9,6,0,0,0
2021-04-13 06:00,16,5,11,0,0,0
2021-04-13 06:15,32,16,16,0,0,0
2021-04-13 06:30,42,16,26,0,0,0
2021-04-13 06:45,64,40,24,0,0,0
2021-04-13 07:00,74,32,42,0,0,0
2021-04-13 07:15,83,35,48,0,0,0
2021-04-13 07:30,94,46,48,0,0,0
2021-04-13 07:45,126,72,54,0,0,0
2021-04-13 08:00,116,62,54,0,0,0
2021-04-13 08:15,130,68,62,0,0,0
2021-04-13 08:30,98,56,42,0,0,0
2021-04-13 08:45,105,41,64,0,0,0
2021-04-13 09:00,85,36,49,0,0,0
2021-04-13 09:15,87,32,55,0,0,0
2021-04-13 09:30,77,27,50,0,0,0
2021-04-13 09:45,85,32,53,0,0,0
2021-04-13 10:00,68,28,40,0,0,0
2021-04-13 10:15,73,25,48,0,0,0
2021-04-13 10:30,83,36,47,0,0,0
2021-04-13 10:45,91,41,50,0,0,0
2021-04-13 11:00,81,34,47,0,0,0
2021-04-13 11:15,91,41,50,0,0,0
2021-04-13 11:30,96,32,64,0,0,0
2021-04-13 11:45,87,33,54,0,0,0
2021-04-13 12:00,106,49,57,0,0,0
2021-04-13 12:15,90,31,59,0,0,0
2021-04-13 12:30,88,41,47,0,0,0
2021-04-13 12:45,91,45,46,0,0,0
2021-04-13 13:00,92,40,52,0,0,0
2021-04-13 13:15,118,53,65,0,0,0
2021-04-13 13:30,104,48,56,0,0,0
2021-04-13 13:45,122,57,65,0,0,0
2021-04-13 14:00,104,48,56,0,0,0
2021-04-13 14:15,115,58,57,0,0,0
2021-04-13 14:30,115,53,62,0,0,0
2021-04-13 14:45,110,35,75,0,0,0
2021-04-13 15:00,108,50,58,0,0,0
2021-04-13 15:15,103,60,43,0,0,0
2021-04-13 15:30,130,75,55,0,0,0
2021-04-13 15:45,126,62,64,0,0,0
2021-04-13 16:00,110,56,54,0,0,0
2021-04-13 16:15,131,56,75,0,0,0
2021-04-13 16:30,146,69,77,0,0,0
2021-04-13 16:45,128,58,70,0,0,0
2021-04-13 17:00,156,73,83,0,0,0
2021-04-13 17:15,154,77,77,0,0,0
2021-04-13 17:30,129,54,75,0,0,0
2021-04-13 17:45,129,62,67,0,0,0
2021-04-13 18:00,142,67,75,0,0,0
2021-04-13 18:15,114,54,60,0,0,0
2021-04-13 18:30,94,43,51,0,0,0
2021-04-13 18:45,115,45,70,0,0,0
2021-04-13 19:00,88,39,49,0,0,0
2021-04-13 19:15,82,40,42,0,0,0
2021-04-13 19:30,60,24,36,0,0,0
2021-04-13 19:45,57,22,35,0,0,0
2021-04-13 20:00,59,30,29,0,0,0
2021-04-13 20:15,66,29,37,0,0,0
2021-04-13 20:30,56,22,34,0,0,0
2021-04-13 20:45,33,10,23,0,0,0
2021-04-13 21:00,25,9,16,0,0,0
2021-04-13 21:15,40,21,19,0,0,0
2021-04-13 21:30,18,7,11,0,0,0
2021-04-13 21:45,23,11,12,0,0,0
2021-04-13 22:00,19,6,13,0,0,0
2021-04-13 22:15,18,8,10,0,0,0
2021-04-13 22:30,21,8,13,0,0,0
2021-04-13 22:45,15,5,10,0,0,0
2021-04-13 23:00,30,15,15,0,0,0
2021-04-13 23:15,11,4,7,0,0,0
2021-04-13 23:30,9,4,5,0,0,0
2021-04-13 23:45,14,6,8,0,0,0
2021-04-14 00:00,9,5,4,0,0,0
2021-04-14 00:15,10,6,4,0,0,0
2021-04-14 00:30,3,1,2,0,0,0
2021-04-14 00:45,3,2,1,0,0,0
2021-04-14 01:00,1,1,0,0,0,0
2021-04-14 01:15,7,4,3,0,0,0
2021-04-14 01:30,6,4,2,0,0,0
2021-04-14 01:45,2,2,0,0,0,0
2021-04-14 02:00,2,1,1,0,0,0
2021-04-14 02:15,2,2,0,0,0,0
2021-04-14 02:30,0,0,0,0,0,0
2021-04-14 02:45,3,1,2,0,0,0
2021-04-14 03:00,1,0,1,0,0,0
2021-04-14 03:15,1,1,0,0,0,0
2021-04-14 03:30,1,1,0,0,0,0
2021-04-14 03:45,2,0,2,0,0,0
2021-04-14 04:00,0,0,0,0,0,0
2021-04-14 04:15,8,1,7,0,0,0
2021-04-14 04:30,2,2,0,0,0,0
2021-04-14 04:45,11,4,7,0,0,0
2021-04-14 05:00,1,0,1,0,0,0
2021-04-14 05:15,8,4,4,0,0,0
2021-04-14 05:30,7,3,4,0,0,0
2021-04-14 05:45,19,10,9,0,0,0
2021-04-14 06:00,19,9,10,0,0,0
2021-04-14 06:15,29,11,18,0,0,0
2021-04-14 06:30,42,18,24,0,0,0
2021-04-14 06:45,66,26,40,0,0,0
2021-04-14 07:00,85,42,43,0,0,0
2021-04-14 07:15,80,41,39,0,0,0
2021-04-14 07:30,110,49,61,0,0,0
2021-04-14 07:45,116,60,56,0,0,0
2021-04-14 08:00,128,62,66,0,0,0
2021-04-14 08:15,123,60,63,0,0,0
2021-04-14 08:30,101,53,48,0,0,0
2021-04-14 08:45,123,43,80,0,0,0
2021-04-14 09:00,85,27,58,0,0,0
2021-04-14 09:15,65,25,40,0,0,0
2021-04-14 09:30,73,26,47,0,0,0
2021-04-14 09:45,90,30,60,0,0,0
2021-04-14 10:00,72,25,47,0,0,0
2021-04-14 10:15,85,31,54,0,0,0
2021-04-14 10:30,93,28,65,0,0,0
2021-04-14 10:45,90,36,54,0,0,0
2021-04-14 11:00,87,47,40,0,0,0
2021-04-14 11:15,89,28,61,0,0,0
2021-04-14 11:30,101,47,54,0,0,0
2021-04-14 11:45,79,27,52,0,0,0
2021-04-14 12:00,141,63,78,0,0,0
2021-04-14 12:15,98,40,58,0,0,0
2021-04-14 12:30,95,48,47,0,0,0
2021-04-14 12:45,118,59,59,0,0,0
2021-04-14 13:00,114,50,64,0,0,0
2021-04-14 13:15,122,69,53,0,0,0
2021-04-14 13:30,103,54,49,0,0,0
2021-04-14 13:45,93,38,55,0,0,0
2021-04-14 14:00,108,54,54,0,0,0
2021-04-14 14:15,115,50,65,0,0,0
2021-04-14 14:30,117,54,63,0,0,0
2021-04-14 14:45,105,55,50,0,0,0
2021-04-14 15:00,99,53,46,0,0,0
2021-04-14 15:15,105,49,56,0,0,0
2021-04-14 15:30,116,50,66,0,0,0
2021-04-14 15:45,99,45,54,0,0,0
2021-04-14 16:00,138,73,65,0,0,0
2021-04-14 16:15,114,54,60,0,0,0
2021-04-14 16:30,134,65,69,0,0,0
2021-04-14 16:45,128,66,62,0,0,0
2021-04-14 17:00,119,55,64,0,0,0
2021-04-14 17:15,149,56,93,0,0,0
2021-04-14 17:30,142,55,87,0,0,0
2021-04-14 17:45,114,49,65,0,0,0
2021-04-14 18:00,149,67,82,0,0,0
2021-04-14 18:15,110,43,67,0,0,0
2021-04-14 18:30,99,30,69,0,0,0
2021-04-14 18:45,97,50,47,0,0,0
2021-04-14 19:00,102,52,50,0,0,0
2021-04-14 19:15,83,38,45,0,0,0
2021-04-14 19:30,72,31,41,0,0,0
2021-04-14 19:45,72,38,34,0,0,0
2021-04-14 20:00,61,27,34,0,0,0
2021-04-14 20:15,52,24,28,0,0,0
2021-04-14 20:30,45,13,32,0,0,0
2021-04-14 20:45,38,19,19,0,0,0
2021-04-14 21:00,42,16,26,0,0,0
2021-04-14 21:15,34,16,18,0,0,0
2021-04-14 21:30,41,15,26,0,0,0
2021-04-14 21:45,26,16,10,0,0,0
2021-04-14 22:00,20,9,11,0,0,0
2021-04-14 22:15,16,9,7,0,0,0
2021-04-14 22:30,19,6,13,0,0,0
2021-04-14 22:45,12,6,6,0,0,0
2021-04-14 23:00,32,12,20,0,0,0
2021-04-14 23:15,15,6,9,0,0,0
2021-04-14 23:30,23,13,10,0,0,0
2021-04-14 23:45,9,3,6,0,0,0
2021-04-15 00:00,13,4,9,0,0,0
2021-04-15 00:15,8,3,5,0,0,0
2021-04-15 00:30,3,1,2,0,0,0
2021-04-15 00:45,6,2,4,0,0,0
2021-04-15 01:00,4,2,2,0,0,0
2021-04-15 01:15,5,1,4,0,0,0
2021-04-15 01:30,1,0,1,0,0,0
2021-04-15 01:45,3,1,2,0,0,0
2021-04-15 02:00,3,1,2,0,0,0
2021-04-15 02:15,0,0,0,0,0,0
2021-04-15 02:30,1,1,0,0,0,0
2021-04-15 02:45,1,0,1,0,0,0
2021-04-15 03:00,4,2,2,0,0,0
2021-04-15 03:15,3,0,3,0,0,0
2021-04-15 03:30,0,0,0,0,0,0
2021-04-15 03:45,0,0,0,0,0,0
2021-04-15 04:00,4,1,3,0,0,0
2021-04-15 04:15,4,4,0,0,0,0
2021-04-15 04:30,2,1,1,0,0,0
2021-04-15 04:45,11,3,8,0,0,0
2021-04-15 05:00,2,1,1,0,0,0
2021-04-15 05:15,10,5,5,0,0,0
2021-04-15 05:30,15,3,12,0,0,0
2021-04-15 05:45,27,16,11,0,0,0
2021-04-15 06:00,11,3,8,0,0,0
2021-04-15 06:15,29,7,22,0,0,0
2021-04-15 06:30,40,18,22,0,0,0
2021-04-15 06:45,72,38,34,0,0,0
2021-04-15 07:00,62,28,34,0,0,0
2021-04-15 07:15,88,46,42,0,0,0
2021-04-15 07:30,98,46,52,0,0,0
2021-04-15 07:45,120,69,51,0,0,0
2021-04-15 08:00,118,56,62,0,0,0
2021-04-15 08:15,134,67,67,0,0,0
2021-04-15 08:30,111,62,49,0,0,0
2021-04-15 08:45,123,61,62,0,0,0
2021-04-15 09:00,96,46,50,0,0,0
2021-04-15 09:15,59,21,38,0,0,0
2021-04-15 09:30,81,29,52,0,0,0
2021-04-15 09:45,118,45,73,0,0,0
2021-04-15 10:00,91,31,60,0,0,0
2021-04-15 10:15,45,24,21,0,0,0
2021-04-15 10:30,87,32,55,0,0,0
2021-04-15 10:45,89,27,62,0,0,0
2021-04-15 11:00,78,35,43,0,0,0
2021-04-15 11:15,98,33,65,0,0,0
2021-04-15 11:30,85,31,54,0,0,0
2021-04-15 11:45,122,48,74,0,0,0
2021-04-15 12:00,110,52,58,0,0,0
2021-04-15 12:15,104,42,62,0,0,0
2021-04-15 12:30,102,49,53,0,0,0
2021-04-15 12:45,108,51,57,0,0,0
2021-04-15 13:00,100,55,45,0,0,0
2021-04-15 13:15,132,62,70,0,0,0
2021-04-15 13:30,89,44,45,0,0,0
2021-04-15 13:45,122,60,62,0,0,0
2021-04-15 14:00,126,52,74,0,0,0
2021-04-15 14:15,132,63,69,0,0,0
2021-04-15 14:30,131,53,78,0,0,0
2021-04-15 14:45,122,53,69,0,0,0
2021-04-15 15:00,121,58,63,0,0,0
2021-04-15 15:15,129,68,61,0,0,0
2021-04-15 15:30,113,59,54,0,0,0
2021-04-15 15:45,146,65,81,0,0,0
2021-04-15 16:00,122,63,59,0,0,0
2021-04-15 16:15,134,66,68,0,0,0
2021-04-15 16:30,121,52,69,0,0,0
2021-04-15 16:45,145,65,80,0,0,0
2021-04-15 17:00,129,62,67,0,0,0
2021-04-15 17:15,167,72,95,0,0,0
2021-04-15 17:30,149,76,73,0,0,0
2021-04-15 17:45,158,69,89,0,0,0
2021-04-15 18:00,158,71,87,0,0,0
2021-04-15 18:15,141,62,79,0,0,0
2021-04-15 18:30,112,45,67,0,0,0
2021-04-15 18:45,99,53,46,0,0,0
2021-04-15 19:00,102,49,53,0,0,0
2021-04-15 19:15,83,38,45,0,0,0
2021-04-15 19:30,65,23,42,0,0,0
2021-04-15 19:45,82,24,58,0,0,0
2021-04-15 20:00,69,33,36,0,0,0
2021-04-15 20:15,64,26,38,0,0,0
2021-04-15 20:30,46,20,26,0,0,0
2021-04-15 20:45,36,13,23,0,0,0
2021-04-15 21:00,39,12,27,0,0,0
2021-04-15 21:15,31,15,16,0,0,0
2021-04-15 21:30,42,20,22,0,0,0
2021-04-15 21:45,27,12,15,0,0,0
2021-04-15 22:00,19,7,12,0,0,0
2021-04-15 22:15,16,5,11,0,0,0
2021-04-15 22:30,15,6,9,0,0,0
2021-04-15 22:45,28,7,21,0,0,0
2021-04-15 23:00,16,7,9,0,0,0
2021-04-15 23:15,22,11,11,0,0,0
2021-04-15 23:30,13,6,7,0,0,0
2021-04-15 23:45,12,6,6,0,0,0
2021-04-16 00:00,12,7,5,0,0,0
2021-04-16 00:15,15,5,10,0,0,0
2021-04-16 00:30,1,0,1,0,0,0
2021-04-16 00:45,5,2,3,0,0,0
2021-04-16 01:00,7,4,3,0,0,0
2021-04-16 01:15,0,0,0,0,0,0
2021-04-16 01:30,1,0,1,0,0,0
2021-04-16 01:45,4,0,4,0,0,0
2021-04-16 02:00,4,1,3,0,0,0
2021-04-16 02:15,2,0,2,0,0,0
2021-04-16 02:30,3,3,0,0,0,0
2021-04-16 02:45,1,1,0,0,0,0
2021-04-16 03:00,3,0,3,0,0,0
2021-04-16 03:15,1,1,0,0,0,0
2021-04-16 03:30,1,1,0,0,0,0
2021-04-16 03:45,2,0,2,0,0,0
2021-04-16 04:00,1,0,1,0,0,0
2021-04-16 04:15,3,2,1,0,0,0
2021-04-16 04:30,2,2,0,0,0,0
2021-04-16 04:45,9,5,4,0,0,0
2021-04-16 05:00,4,2,2,0,0,0
2021-04-16 05:15,6,4,2,0,0,0
2021-04-16 05:30,16,6,10,0,0,0
2021-04-16 05:45,22,13,9,0,0,0
2021-04-16 06:00,13,7,6,0,0,0
2021-04-16 06:15,35,12,23,0,0,0
2021-04-16 06:30,33,9,24,0,0,0
2021-04-16 06:45,59,32,27,0,0,0
2021-04-16 07:00,74,29,45,0,0,0
2021-04-16 07:15,83,44,39,0,0,0
2021-04-16 07:30,107,44,63,0,0,0
2021-04-16 07:45,109,62,47,0,0,0
2021-04-16 08:00,92,38,54,0,0,0
2021-04-16 08:15,95,42,53,0,0,0
2021-04-16 08:30,103,52,51,0,0,0
2021-04-16 08:45,128,51,77,0,0,0
2021-04-16 09:00,68,34,34,0,0,0
2021-04-16 09:15,101,34,67,0,0,0
2021-04-16 09:30,81,34,47,0,0,0
2021-04-16 09:45,79,32,47,0,0,0
2021-04-16 10:00,96,49,47,0,0,0
2021-04-16 10:15,97,41,56,0,0,0
2021-04-16 10:30,91,30,61,0,0,0
2021-04-16 10:45,90,45,45,0,0,0
2021-04-16 11:00,97,46,51,0,0,0
2021-04-16 11:15,86,28,58,0,0,0
2021-04-16 11:30,97,46,51,0,0,0
2021-04-16 11:45,99,43,56,0,0,0
2021-04-16 12:00,131,65,66,0,0,0
2021-04-16 12:15,103,54,49,0,0,0
2021-04-16 12:30,106,40,66,0,0,0
2021-04-16 12:45,98,38,60,0,0,0
2021-04-16 13:00,126,62,64,0,0,0
2021-04-16 13:15,123,60,63,0,0,0
2021-04-16 13:30,119,49,70,0,0,0
2021-04-16 13:45,101,53,48,0,0,0
2021-04-16 14:00,135,54,81,0,0,0
2021-04-16 14:15,128,57,71,0,0,0
2021-04-16 14:30,134,67,67,0,0,0
2021-04-16 14:45,161,79,82,0,0,0
2021-04-16 15:00,117,63,54,0,0,0
2021-04-16 15:15,149,72,77,0,0,0
2021-04-16 15:30,114,56,58,0,0,0
2021-04-16 15:45,130,54,76,0,0,0
2021-04-16 16:00,124,51,73,0,0,0
2021-04-16 16:15,131,54,77,0,0,0
2021-04-16 16:30,119,53,66,0,0,0
2021-04-16 16:45,119,49,70,0,0,0
2021-04-16 17:00,129,66,63,0,0,0
2021-04-16 17:15,126,63,63,0,0,0
2021-04-16 17:30,104,44,60,0,0,0
2021-04-16 17:45,107,50,57,0,0,0
2021-04-16 18:00,103,48,55,0,0,0
2021-04-16 18:15,91,45,46,0,0,0
2021-04-16 18:30,127,53,74,0,0,0
2021-04-16 18:45,112,51,61,0,0,0
2021-04-16 19:00,94,41,53,0,0,0
2021-04-16 19:15,74,25,49,0,0,0
2021-04-16 19:30,78,41,37,0,0,0
2021-04-16 19:45,66,31,35,0,0,0
2021-04-16 20:00,75,33,42,0,0,0
2021-04-16 20:15,80,36,44,0,0,0
2021-04-16 20:30,66,24,42,0,0,0
2021-04-16 20:45,62,31,31,0,0,0
2021-04-16 21:00,44,15,29,0,0,0
2021-04-16 21:15,40,15,25,0,0,0
2021-04-16 21:30,38,21,17,0,0,0
2021-04-16 21:45,25,10,15,0,0,0
2021-04-16 22:00,23,12,11,0,0,0
2021-04-16 22:15,33,7,26,0,0,0
2021-04-16 22:30,23,9,14,0,0,0
2021-04-16 22:45,32,20,12,0,0,0
2021-04-16 23:00,16,7,9,0,0,0
2021-04-16 23:15,24,7,17,0,0,0
2021-04-16 23:30,16,6,10,0,0,0
2021-04-16 23:45,18,4,14,0,0,0
2021-04-17 00:00,12,4,8,0,0,0
2021-04-17 00:15,31,16,15,0,0,0
2021-04-17 00:30,18,8,10,0,0,0
2021-04-17 00:45,25,5,20,0,0,0
2021-04-17 01:00,27,7,20,0,0,0
2021-04-17 01:15,15,7,8,0,0,0
2021-04-17 01:30,6,4,2,0,0,0
2021-04-17 01:45,5,2,3,0,0,0
2021-04-17 02:00,13,9,4,0,0,0
2021-04-17 02:15,6,2,4,0,0,0
2021-04-17 02:30,11,4,7,0,0,0
2021-04-17 02:45,5,0,5,0,0,0
2021-04-17 03:00,9,4,5,0,0,0
2021-04-17 03:15,6,2,4,0,0,0
2021-04-17 03:30,2,1,1,0,0,0
2021-04-17 03:45,2,1,1,0,0,0
2021-04-17 04:00,4,2,2,0,0,0
2021-04-17 04:15,0,0,0,0,0,0
2021-04-17 04:30,0,0,0,0,0,0
2021-04-17 04:45,4,1,3,0,0,0
2021-04-17 05:00,2,0,2,0,0,0
2021-04-17 05:15,11,2,9,0,0,0
2021-04-17 05:30,10,2,8,0,0,0
2021-04-17 05:45,14,5,9,0,0,0
2021-04-17 06:00,4,2,2,0,0,0
2021-04-17 06:15,6,1,5,0,0,0
2021-04-17 06:30,3,3,0,0,0,0
2021-04-17 06:45,14,6,8,0,0,0
2021-04-17 07:00,10,3,7,0,0,0
2021-04-17 07:15,12,7,5,0,0,0
2021-04-17 07:30,18,5,13,0,0,0
2021-04-17 07:45,20,6,14,0,0,0
2021-04-17 08:00,10,4,6,0,0,0
2021-04-17 08:15,35,15,20,0,0,0
2021-04-17 08:30,25,14,11,0,0,0
2021-04-17 08:45,34,10,24,0,0,0
2021-04-17 09:00,37,17,20,0,0,0
2021-04-17 09:15,46,20,26,0,0,0
2021-04-17 09:30,46,17,29,0,0,0
2021-04-17 09:45,55,15,40,0,0,0
2021-04-17 10:00,56,24,32,0,0,0
2021-04-17 10:15,70,30,40,0,0,0
2021-04-17 10:30,59,27,32,0,0,0
2021-04-17 10:45,70,23,47,0,0,0
2021-04-17 11:00,69,31,38,0,0,0
2021-04-17 11:15,63,22,41,0,0,0
2021-04-17 11:30,80,33,47,0,0,0
2021-04-17 11:45,85,41,44,0,0,0
2021-04-17 12:00,79,43,36,0,0,0
2021-04-17 12:15,86,38,48,0,0,0
2021-04-17 12:30,80,33,47,0,0,0
2021-04-17 12:45,95,41,54,0,0,0
2021-04-17 13:00,86,42,44,0,0,0
2021-04-17 13:15,84,41,43,0,0,0
2021-04-17 13:30,97,54,43,0,0,0
2021-04-17 13:45,102,50,52,0,0,0
2021-04-17 14:00,91,47,44,0,0,0
2021-04-17 14:15,77,40,37,0,0,0
2021-04-17 14:30,81,43,38,0,0,0
2021-04-17 14:45,107,56,51,0,0,0
2021-04-17 15:00,82,48,34,0,0,0
2021-04-17 15:15,86,35,51,0,0,0
2021-04-17 15:30,83,50,33,0,0,0
2021-04-17 15:45,103,47,56,0,0,0
2021-04-17 16:00,85,34,51,0,0,0
2021-04-17 16:15,95,44,51,0,0,0
2021-04-17 16:30,88,32,56,0,0,0
2021-04-17 16:45,70,29,41,0,0,0
2021-04-17 17:00,82,39,43,0,0,0
2021-04-17 17:15,58,26,32,0,0,0
2021-04-17 17:30,93,39,54,0,0,0
2021-04-17 17:45,94,36,58,0,0,0
2021-04-17 18:00,85,41,44,0,0,0
2021-04-17 18:15,86,38,48,0,0,0
2021-04-17 18:30,86,54,32,0,0,0
2021-04-17 18:45,80,36,44,0,0,0
2021-04-17 19:00,68,32,36,0,0,0
2021-04-17 19:15,69,33,36,0,0,0
2021-04-17 19:30,71,26,45,0,0,0
2021-04-17 19:45,87,36,51,0,0,0
2021-04-17 20:00,53,24,29,0,0,0
2021-04-17 20:15,54,35,19,0,0,0
2021-04-17 20:30,54,34,20,0,0,0
2021-04-17 20:45,45,22,23,0,0,0
2021-04-17 21:00,48,21,27,0,0,0
2021-04-17 21:15,40,15,25,0,0,0
2021-04-17 21:30,23,16,7,0,0,0
2021-04-17 21:45,39,16,23,0,0,0
2021-04-17 22:00,39,16,23,0,0,0
2021-04-17 22:15,33,10,23,0,0,0
2021-04-17 22:30,17,6,11,0,0,0
2021-04-17 22:45,21,7,14,0,0,0
2021-04-17 23:00,27,5,22,0,0,0
2021-04-17 23:15,30,14,16,0,0,0
2021-04-17 23:30,22,11,11,0,0,0
2021-04-17 23:45,16,8,8,0,0,0
2021-04-18 00:00,15,7,8,0,0,0
2021-04-18 00:15,18,6,12,0,0,0
2021-04-18 00:30,30,6,24,0,0,0
2021-04-18 00:45,19,7,12,0,0,0
2021-04-18 01:00,18,8,10,0,0,0
2021-04-18 01:15,7,2,5,0,0,0
2021-04-18 01:30,14,6,8,0,0,0
2021-04-18 01:45,9,5,4,0,0,0
2021-04-18 02:00,7,5,2,0,0,0
2021-04-18 02:15,5,2,3,0,0,0
2021-04-18 02:30,3,1,2,0,0,0
2021-04-18 02:45,13,4,9,0,0,0
2021-04-18 03:00,4,1,3,0,0,0
2021-04-18 03:15,4,2,2,0,0,0
2021-04-18 03:30,4,2,2,0,0,0
2021-04-18 03:45,3,1,2,0,0,0
2021-04-18 04:00,1,0,1,0,0,0
2021-04-18 04:15,1,1,0,0,0,0
2021-04-18 04:30,1,1,0,0,0,0
2021-04-18 04:45,6,1,5,0,0,0
2021-04-18 05:00,3,1,2,0,0,0
2021-04-18 05:15,6,2,4,0,0,0
2021-04-18 05:30,6,0,6,0,0,0
2021-04-18 05:45,5,3,2,0,0,0
2021-04-18 06:00,3,2,1,0,0,0
2021-04-18 06:15,4,2,2,0,0,0
2021-04-18 06:30,5,2,3,0,0,0
2021-04-18 06:45,11,8,3,0,0,0
2021-04-18 07:00,1,1,0,0,0,0
2021-04-18 07:15,9,5,4,0,0,0
2021-04-18 07:30,17,6,11,0,0,0
2021-04-18 07:45,6,3,3,0,0,0
2021-04-18 08:00,7,1,6,0,0,0
2021-04-18 08:15,8,0,8,0,0,0
2021-04-18 08:30,9,4,5,0,0,0
2021-04-18 08:45,15,3,12,0,0,0
2021-04-18 09:00,18,8,10,0,0,0
2021-04-18 09:15,14,2,12,0,0,0
2021-04-18 09:30,18,8,10,0,0,0
2021-04-18 09:45,35,13,22,0,0,0
2021-04-18 10:00,26,13,13,0,0,0
2021-04-18 10:15,35,11,24,0,0,0
2021-04-18 10:30,39,21,18,0,0,0
2021-04-18 10:45,33,18,15,0,0,0
2021-04-18 11:00,28,9,19,0,0,0
2021-04-18 11:15,40,15,25,0,0,0
2021-04-18 11:30,46,18,28,0,0,0
2021-04-18 11:45,47,24,23,0,0,0
2021-04-18 12:00,35,14,21,0,0,0
2021-04-18 12:15,73,34,39,0,0,0
2021-04-18 12:30,83,37,46,0,0,0
2021-04-18 12:45,66,29,37,0,0,0
2021-04-18 13:00,76,36,40,0,0,0
2021-04-18 13:15,44,19,25,0,0,0
2021-04-18 13:30,62,26,36,0,0,0
2021-04-18 13:45,72,29,43,0,0,0
2021-04-18 14:00,96,33,63,0,0,0
2021-04-18 14:15,86,30,56,0,0,0
2021-04-18 14:30,79,31,48,0,0,0
2021-04-18 14:45,98,38,60,0,0,0
2021-04-18 15:00,68,40,28,0,0,0
2021-04-18 15:15,70,30,40,0,0,0
2021-04-18 15:30,79,29,50,0,0,0
2021-04-18 15:45,72,34,38,0,0,0
2021-04-18 16:00,118,56,62,0,0,0
2021-04-18 16:15,86,37,49,0,0,0
2021-04-18 16:30,59,30,29,0,0,0
2021-04-18 16:45,60,29,31,0,0,0
2021-04-18 17:00,78,27,51,0,0,0
2021-04-18 17:15,78,40,38,0,0,0
2021-04-18 17:30,74,37,37,0,0,0
2021-04-18 17:45,76,32,44,0,0,0
2021-04-18 18:00,81,29,52,0,0,0
2021-04-18 18:15,73,32,41,0,0,0
2021-04-18 18:30,71,35,36,0,0,0
2021-04-18 18:45,76,30,46,0,0,0
2021-04-18 19:00,60,24,36,0,0,0
2021-04-18 19:15,72,23,49,0,0,0
2021-04-18 19:30,56,20,36,0,0,0
2021-04-18 19:45,83,35,48,0,0,0
2021-04-18 20:00,49,18,31,0,0,0
2021-04-18 20:15,45,25,20,0,0,0
2021-04-18 20:30,47,19,28,0,0,0
2021-04-18 20:45,33,17,16,0,0,0
2021-04-18 21:00,55,18,37,0,0,0
2021-04-18 21:15,17,9,8,0,0,0
2021-04-18 21:30,21,6,15,0,0,0
2021-04-18 21:45,17,9,8,0,0,0
2021-04-18 22:00,22,7,15,0,0,0
2021-04-18 22:15,13,5,8,0,0,0
2021-04-18 22:30,11,3,8,0,0,0
2021-04-18 22:45,13,7,6,0,0,0
2021-04-18 23:00,12,5,7,0,0,0
2021-04-18 23:15,12,3,9,0,0,0
2021-04-18 23:30,3,3,0,0,0,0
2021-04-18 23:45,12,8,4,0,0,0
2021-04-19 00:00,9,3,6,0,0,0
2021-04-19 00:15,6,3,3,0,0,0
2021-04-19 00:30,5,1,4,0,0,0
2021-04-19 00:45,0,0,0,0,0,0
2021-04-19 01:00,4,2,2,0,0,0
2021-04-19 01:15,1,0,1,0,0,0
2021-04-19 01:30,1,0,1,0,0,0
2021-04-19 01:45,3,1,2,0,0,0
2021-04-19 02:00,0,0,0,0,0,0
2021-04-19 02:15,1,0,1,0,0,0
2021-04-19 02:30,1,1,0,0,0,0
2021-04-19 02:45,4,0,4,0,0,0
2021-04-19 03:00,0,0,0,0,0,0
2021-04-19 03:15,2,1,1,0,0,0
2021-04-19 03:30,2,0,2,0,0,0
2021-04-19 03:45,1,0,1,0,0,0
2021-04-19 04:00,1,0,1,0,0,0
2021-04-19 04:15,3,2,1,0,0,0
2021-04-19 04:30,0,0,0,0,0,0
2021-04-19 04:45,5,2,3,0,0,0
2021-04-19 05:00,1,1,0,0,0,0
2021-04-19 05:15,6,4,2,0,0,0
2021-04-19 05:30,23,9,14,0,0,0
2021-04-19 05:45,19,7,12,0,0,0
2021-04-19 06:00,29,10,19,0,0,0
2021-04-19 06:15,37,12,25,0,0,0
2021-04-19 06:30,43,14,29,0,0,0
2021-04-19 06:45,68,39,29,0,0,0
2021-04-19 07:00,66,38,28,0,0,0
2021-04-19 07:15,87,42,45,0,0,0
2021-04-19 07:30,118,56,62,0,0,0
2021-04-19 07:45,121,66,55,0,0,0
2021-04-19 08:00,127,64,63,0,0,0
2021-04-19 08:15,117,60,57,0,0,0
2021-04-19 08:30,91,40,51,0,0,0
2021-04-19 08:45,99,48,51,0,0,0
2021-04-19 09:00,76,47,29,0,0,0
2021-04-19 09:15,86,32,54,0,0,0
2021-04-19 09:30,68,29,39,0,0,0
2021-04-19 09:45,87,31,56,0,0,0
2021-04-19 10:00,67,27,40,0,0,0
2021-04-19 10:15,81,36,45,0,0,0
2021-04-19 10:30,96,38,58,0,0,0
2021-04-19 10:45,75,32,43,0,0,0
2021-04-19 11:00,87,31,56,0,0,0
2021-04-19 11:15,74,27,47,0,0,0
2021-04-19 11:30,72,33,39,0,0,0
2021-04-19 11:45,82,37,45,0,0,0
2021-04-19 12:00,91,43,48,0,0,0
2021-04-19 12:15,98,47,51,0,0,0
2021-04-19 12:30,96,37,59,0,0,0
2021-04-19 12:45,106,47,59,0,0,0
2021-04-19 13:00,133,62,71,0,0,0
2021-04-19 13:15,100,50,50,0,0,0
2021-04-19 13:30,113,65,48,0,0,0
2021-04-19 13:45,115,59,56,0,0,0
2021-04-19 14:00,112,61,51,0,0,0
2021-04-19 14:15,123,56,67,0,0,0
2021-04-19 14:30,106,46,60,0,0,0
2021-04-19 14:45,118,40,78,0,0,0
2021-04-19 15:00,126,78,48,0,0,0
2021-04-19 15:15,103,49,54,0,0,0
2021-04-19 15:30,99,49,50,0,0,0
2021-04-19 15:45,142,70,72,0,0,0
2021-04-19 16:00,128,53,75,0,0,0
2021-04-19 16:15,143,58,85,0,0,0
2021-04-19 16:30,124,58,66,0,0,0
2021-04-19 16:45,129,64,65,0,0,0
2021-04-19 17:00,150,72,78,0,0,0
2021-04-19 17:15,143,64,79,0,0,0
2021-04-19 17:30,142,54,88,0,0,0
2021-04-19 17:45,132,61,71,0,0,0
2021-04-19 18:00,111,48,63,0,0,0
2021-04-19 18:15,120,58,62,0,0,0
2021-04-19 18:30,93,48,45,0,0,0
2021-04-19 18:45,106,46,60,0,0,0
2021-04-19 19:00,90,30,60,0,0,0
2021-04-19 19:15,74,47,27,0,0,0
2021-04-19 19:30,71,38,33,0,0,0
2021-04-19 19:45,75,37,38,0,0,0
2021-04-19 20:00,67,27,40,0,0,0
2021-04-19 20:15,46,18,28,0,0,0
2021-04-19 20:30,56,30,26,0,0,0
2021-04-19 20:45,38,13,25,0,0,0
2021-04-19 21:00,28,9,19,0,0,0
2021-04-19 21:15,28,10,18,0,0,0
2021-04-19 21:30,30,12,18,0,0,0
2021-04-19 21:45,20,6,14,0,0,0
2021-04-19 22:00,27,7,20,0,0,0
2021-04-19 22:15,16,5,11,0,0,0
2021-04-19 22:30,18,10,8,0,0,0
2021-04-19 22:45,14,5,9,0,0,0
2021-04-19 23:00,13,8,5,0,0,0
2021-04-19 23:15,15,7,8,0,0,0
2021-04-19 23:30,9,4,5,0,0,0
2021-04-19 23:45,4,0,4,0,0,0
2021-04-20 00:00,9,3,6,0,0,0
2021-04-20 00:15,13,6,7,0,0,0
2021-04-20 00:30,5,0,5,0,0,0
2021-04-20 00:45,3,1,2,0,0,0
2021-04-20 01:00,0,0,0,0,0,0
2021-04-20 01:15,4,1,3,0,0,0
2021-04-20 01:30,3,0,3,0,0,0
2021-04-20 01:45,3,1,2,0,0,0
2021-04-20 02:00,1,1,0,0,0,0
2021-04-20 02:15,0,0,0,0,0,0
2021-04-20 02:30,2,1,1,0,0,0
2021-04-20 02:45,0,0,0,0,0,0
2021-04-20 03:00,0,0,0,0,0,0
2021-04-20 03:15,1,0,1,0,0,0
2021-04-20 03:30,1,1,0,0,0,0
2021-04-20 03:45,1,0,1,0,0,0
2021-04-20 04:00,4,0,4,0,0,0
2021-04-20 04:15,2,2,0,0,0,0
2021-04-20 04:30,7,4,3,0,0,0
2021-04-20 04:45,0,0,0,0,0,0
2021-04-20 05:00,3,1,2,0,0,0
2021-04-20 05:15,10,4,6,0,0,0
2021-04-20 05:30,20,5,15,0,0,0
2021-04-20 05:45,20,12,8,0,0,0
2021-04-20 06:00,17,6,11,0,0,0
2021-04-20 06:15,39,11,28,0,0,0
2021-04-20 06:30,32,12,20,0,0,0
2021-04-20 06:45,84,47,37,0,0,0
2021-04-20 07:00,69,38,31,0,0,0
2021-04-20 07:15,91,42,49,0,0,0
2021-04-20 07:30,130,62,68,0,0,0
2021-04-20 07:45,155,86,69,0,0,0
2021-04-20 08:00,160,65,95,0,0,0
2021-04-20 08:15,114,51,63,0,0,0
2021-04-20 08:30,123,63,60,0,0,0
2021-04-20 08:45,133,80,53,0,0,0
2021-04-20 09:00,76,31,45,0,0,0
2021-04-20 09:15,85,34,51,0,0,0
2021-04-20 09:30,86,29,57,0,0,0
2021-04-20 09:45,87,37,50,0,0,0
2021-04-20 10:00,78,36,42,0,0,0
2021-04-20 10:15,76,34,42,0,0,0
2021-04-20 10:30,87,42,45,0,0,0
2021-04-20 10:45,86,40,46,0,0,0
2021-04-20 11:00,81,28,53,0,0,0
2021-04-20 11:15,94,42,52,0,0,0
2021-04-20 11:30,107,44,63,0,0,0
2021-04-20 11:45,90,44,46,0,0,0
2021-04-20 12:00,104,46,58,0,0,0
2021-04-20 12:15,134,55,79,0,0,0
2021-04-20 12:30,109,51,58,0,0,0
2021-04-20 12:45,102,47,55,0,0,0
2021-04-20 13:00,114,61,53,0,0,0
2021-04-20 13:15,130,56,74,0,0,0
2021-04-20 13:30,118,59,59,0,0,0
2021-04-20 13:45,123,50,73,0,0,0
2021-04-20 14:00,116,62,54,0,0,0
2021-04-20 14:15,103,52,51,0,0,0
2021-04-20 14:30,132,68,64,0,0,0
2021-04-20 14:45,145,69,76,0,0,0
2021-04-20 15:00,109,56,53,0,0,0
2021-04-20 15:15,120,53,67,0,0,0
2021-04-20 15:30,111,48,63,0,0,0
2021-04-20 15:45,169,75,94,0,0,0
2021-04-20 16:00,140,83,57,0,0,0
2021-04-20 16:15,117,49,68,0,0,0
2021-04-20 16:30,144,77,67,0,0,0
2021-04-20 16:45,174,83,91,0,0,0
2021-04-20 17:00,173,73,100,0,0,0
2021-04-20 17:15,145,67,78,0,0,0
2021-04-20 17:30,135,61,74,0,0,0
2021-04-20 17:45,152,73,79,0,0,0
2021-04-20 18:00,132,58,74,0,0,0
2021-04-20 18:15,134,56,78,0,0,0
2021-04-20 18:30,109,52,57,0,0,0
2021-04-20 18:45,113,49,64,0,0,0
2021-04-20 19:00,107,45,62,0,0,0
2021-04-20 19:15,99,46,53,0,0,0
2021-04-20 19:30,75,26,49,0,0,0
2021-04-20 19:45,102,46,56,0,0,0
2021-04-20 20:00,93,41,52,0,0,0
2021-04-20 20:15,73,36,37,0,0,0
2021-04-20 20:30,56,18,38,0,0,0
2021-04-20 20:45,52,28,24,0,0,0
2021-04-20 21:00,57,21,36,0,0,0
2021-04-20 21:15,49,22,27,0,0,0
2021-04-20 21:30,33,16,17,0,0,0
2021-04-20 21:45,33,16,17,0,0,0
2021-04-20 22:00,26,8,18,0,0,0
2021-04-20 22:15,25,16,9,0,0,0
2021-04-20 22:30,28,9,19,0,0,0
2021-04-20 22:45,13,9,4,0,0,0
2021-04-20 23:00,28,11,17,0,0,0
2021-04-20 23:15,20,11,9,0,0,0
2021-04-20 23:30,6,0,6,0,0,0
2021-04-20 23:45,10,6,4,0,0,0
2021-04-21 00:00,9,3,6,0,0,0
2021-04-21 00:15,10,5,5,0,0,0
2021-04-21 00:30,9,5,4,0,0,0
2021-04-21 00:45,1,0,1,0,0,0
2021-04-21 01:00,5,1,4,0,0,0
2021-04-21 01:15,12,6,6,0,0,0
2021-04-21 01:30,4,0,4,0,0,0
2021-04-21 01:45,2,0,2,0,0,0
2021-04-21 02:00,1,1,0,0,0,0
2021-04-21 02:15,1,0,1,0,0,0
2021-04-21 02:30,4,2,2,0,0,0
2021-04-21 02:45,1,0,1,0,0,0
2021-04-21 03:00,3,0,3,0,0,0
2021-04-21 03:15,1,0,1,0,0,0
2021-04-21 03:30,0,0,0,0,0,0
2021-04-21 03:45,2,0,2,0,0,0
2021-04-21 04:00,2,1,1,0,0,0
2021-04-21 04:15,3,2,1,0,0,0
2021-04-21 04:30,2,1,1,0,0,0
2021-04-21 04:45,7,2,5,0,0,0
2021-04-21 05:00,6,1,5,0,0,0
2021-04-21 05:15,20,11,9,0,0,0
2021-04-21 05:30,22,2,20,0,0,0
2021-04-21 05:45,22,9,13,0,0,0
2021-04-21 06:00,26,9,17,0,0,0
2021-04-21 06:15,36,12,24,0,0,0
2021-04-21 06:30,47,19,28,0,0,0
2021-04-21 06:45,73,36,37,0,0,0
2021-04-21 07:00,80,45,35,0,0,0
2021-04-21 07:15,89,34,55,0,0,0
2021-04-21 07:30,136,75,61,0,0,0
2021-04-21 07:45,111,46,65,0,0,0
2021-04-21 08:00,131,68,63,0,0,0
2021-04-21 08:15,128,70,58,0,0,0
2021-04-21 08:30,114,52,62,0,0,0
2021-04-21 08:45,109,46,63,0,0,0
2021-04-21 09:00,88,38,50,0,0,0
2021-04-21 09:15,80,42,38,0,0,0
2021-04-21 09:30,87,31,56,0,0,0
2021-04-21 09:45,84,29,55,0,0,0
2021-04-21 10:00,92,33,59,0,0,0
2021-04-21 10:15,88,33,55,0,0,0
2021-04-21 10:30,77,26,51,0,0,0
2021-04-21 10:45,131,70,61,0,0,0
2021-04-21 11:00,95,51,44,0,0,0
2021-04-21 11:15,69,34,35,0,0,0
2021-04-21 11:30,96,45,51,0,0,0
2021-04-21 11:45,107,53,54,0,0,0
2021-04-21 12:00,127,64,63,0,0,0
2021-04-21 12:15,120,53,67,0,0,0
2021-04-21 12:30,110,46,64,0,0,0
2021-04-21 12:45,112,57,55,0,0,0
2021-04-21 13:00,133,65,68,0,0,0
2021-04-21 13:15,111,58,53,0,0,0
2021-04-21 13:30,140,97,43,0,0,0
2021-04-21 13:45,116,63,53,0,0,0
2021-04-21 14:00,120,62,58,0,0,0
2021-04-21 14:15,118,43,75,0,0,0
2021-04-21 14:30,97,54,43,0,0,0
2021-04-21 14:45,113,53,60,0,0,0
2021-04-21 15:00,106,44,62,0,0,0
2021-04-21 15:15,114,58,56,0,0,0
2021-04-21 15:30,106,56,50,0,0,0
2021-04-21 15:45,116,55,61,0,0,0
2021-04-21 16:00,111,52,59,0,0,0
2021-04-21 16:15,127,70,57,0,0,0
2021-04-21 16:30,131,82,49,0,0,0
2021-04-21 16:45,128,67,61,0,0,0
2021-04-21 17:00,134,56,78,0,0,0
2021-04-21 17:15,150,61,89,0,0,0
2021-04-21 17:30,133,63,70,0,0,0
2021-04-21 17:45,166,73,93,0,0,0
2021-04-21 18:00,160,80,80,0,0,0
2021-04-21 18:15,119,50,69,0,0,0
2021-04-21 18:30,119,42,77,0,0,0
2021-04-21 18:45,132,70,62,0,0,0
2021-04-21 19:00,85,41,44,0,0,0
2021-04-21 19:15,104,56,48,0,0,0
2021-04-21 19:30,81,29,52,0,0,0
2021-04-21 19:45,85,37,48,0,0,0
2021-04-21 20:00,96,37,59,0,0,0
2021-04-21 20:15,73,24,49,0,0,0
2021-04-21 20:30,67,38,29,0,0,0
2021-04-21 20:45,53,16,37,0,0,0
2021-04-21 21:00,53,13,40,0,0,0
2021-04-21 21:15,40,15,25,0,0,0
2021-04-21 21:30,27,12,15,0,0,0
2021-04-21 21:45,27,15,12,0,0,0
2021-04-21 22:00,26,7,19,0,0,0
2021-04-21 22:15,16,9,7,0,0,0
2021-04-21 22:30,28,8,20,0,0,0
2021-04-21 22:45,16,6,10,0,0,0
2021-04-21 23:00,25,10,15,0,0,0
2021-04-21 23:15,9,5,4,0,0,0
2021-04-21 23:30,10,7,3,0,0,0
2021-04-21 23:45,11,3,8,0,0,0
2021-04-22 00:00,11,6,5,0,0,0
2021-04-22 00:15,11,2,9,0,0,0
2021-04-22 00:30,8,5,3,0,0,0
2021-04-22 00:45,5,1,4,0,0,0
2021-04-22 01:00,7,1,6,0,0,0
2021-04-22 01:15,4,0,4,0,0,0
2021-04-22 01:30,4,0,4,0,0,0
2021-04-22 01:45,1,1,0,0,0,0
2021-04-22 02:00,1,1,0,0,0,0
2021-04-22 02:15,2,2,0,0,0,0
2021-04-22 02:30,1,1,0,0,0,0
2021-04-22 02:45,2,2,0,0,0,0
2021-04-22 03:00,2,0,2,0,0,0
2021-04-22 03:15,0,0,0,0,0,0
2021-04-22 03:30,1,1,0,0,0,0
2021-04-22 03:45,1,0,1,0,0,0
2021-04-22 04:00,1,0,1,0,0,0
2021-04-22 04:15,3,2,1,0,0,0
2021-04-22 04:30,4,1,3,0,0,0
2021-04-22 04:45,8,1,7,0,0,0
2021-04-22 05:00,8,2,6,0,0,0
2021-04-22 05:15,9,5,4,0,0,0
2021-04-22 05:30,11,3,8,0,0,0
2021-04-22 05:45,18,13,5,0,0,0
2021-04-22 06:00,25,11,14,0,0,0
2021-04-22 06:15,27,8,19,0,0,0
2021-04-22 06:30,48,14,34,0,0,0
2021-04-22 06:45,80,46,34,0,0,0
2021-04-22 07:00,69,45,24,0,0,0
2021-04-22 07:15,96,49,47,0,0,0
2021-04-22 07:30,126,59,67,0,0,0
2021-04-22 07:45,137,63,74,0,0,0
2021-04-22 08:00,141,67,74,0,0,0
2021-04-22 08:15,124,72,52,0,0,0
2021-04-22 08:30,121,58,63,0,0,0
2021-04-22 08:45,108,56,52,0,0,0
2021-04-22 09:00,87,38,49,0,0,0
2021-04-22 09:15,67,30,37,0,0,0
2021-04-22 09:30,80,33,47,0,0,0
2021-04-22 09:45,98,40,58,0,0,0
2021-04-22 10:00,90,47,43,0,0,0
2021-04-22 10:15,89,40,49,0,0,0
2021-04-22 10:30,73,26,47,0,0,0
2021-04-22 10:45,105,38,67,0,0,0
2021-04-22 11:00,93,28,65,0,0,0
2021-04-22 11:15,81,29,52,0,0,0
2021-04-22 11:30,126,45,81,0,0,0
2021-04-22 11:45,98,45,53,0,0,0
2021-04-22 12:00,105,49,56,0,0,0
2021-04-22 12:15,108,51,57,0,0,0
2021-04-22 12:30,101,48,53,0,0,0
2021-04-22 12:45,103,51,52,0,0,0
2021-04-22 13:00,104,45,59,0,0,0
2021-04-22 13:15,112,58,54,0,0,0
2021-04-22 13:30,119,68,51,0,0,0
2021-04-22 13:45,127,61,66,0,0,0
2021-04-22 14:00,118,57,61,0,0,0
2021-04-22 14:15,103,60,43,0,0,0
2021-04-22 14:30,122,59,63,0,0,0
2021-04-22 14:45,123,53,70,0,0,0
2021-04-22 15:00,124,65,59,0,0,0
2021-04-22 15:15,127,67,60,0,0,0
2021-04-22 15:30,116,58,58,0,0,0
2021-04-22 15:45,119,56,63,0,0,0
2021-04-22 16:00,135,53,82,0,0,0
2021-04-22 16:15,123,62,61,0,0,0
2021-04-22 16:30,134,64,70,0,0,0
2021-04-22 16:45,166,62,104,0,0,0
2021-04-22 17:00,145,67,78,0,0,0
2021-04-22 17:15,142,66,76,0,0,0
2021-04-22 17:30,148,69,79,0,0,0
2021-04-22 17:45,139,64,75,0,0,0
2021-04-22 18:00,135,72,63,0,0,0
2021-04-22 18:15,127,60,67,0,0,0
2021-04-22 18:30,124,55,69,0,0,0
2021-04-22 18:45,102,38,64,0,0,0
2021-04-22 19:00,96,46,50,0,0,0
2021-04-22 19:15,80,41,39,0,0,0
2021-04-22 19:30,69,36,33,0,0,0
2021-04-22 19:45,74,31,43,0,0,0
2021-04-22 20:00,75,29,46,0,0,0
2021-04-22 20:15,55,24,31,0,0,0
2021-04-22 20:30,59,21,38,0,0,0
2021-04-22 20:45,58,21,37,0,0,0
2021-04-22 21:00,42,17,25,0,0,0
2021-04-22 21:15,55,25,30,0,0,0
2021-04-22 21:30,27,9,18,0,0,0
2021-04-22 21:45,41,18,23,0,0,0
2021-04-22 22:00,28,11,17,0,0,0
2021-04-22 22:15,18,11,7,0,0,0
2021-04-22 22:30,32,7,25,0,0,0
2021-04-22 22:45,17,3,14,0,0,0
2021-04-22 23:00,17,7,10,0,0,0
2021-04-22 23:15,22,9,13,0,0,0
2021-04-22 23:30,12,9,3,0,0,0
2021-04-22 23:45,12,8,4,0,0,0
2021-04-23 00:00,11,6,5,0,0,0
2021-04-23 00:15,10,3,7,0,0,0
2021-04-23 00:30,6,2,4,0,0,0
2021-04-23 00:45,2,0,2,0,0,0
2021-04-23 01:00,9,4,5,0,0,0
2021-04-23 01:15,1,0,1,0,0,0
2021-04-23 01:30,1,0,1,0,0,0
2021-04-23 01:45,4,3,1,0,0,0
2021-04-23 02:00,2,0,2,0,0,0
2021-04-23 02:15,2,0,2,0,0,0
2021-04-23 02:30,0,0,0,0,0,0
2021-04-23 02:45,0,0,0,0,0,0
2021-04-23 03:00,0,0,0,0,0,0
2021-04-23 03:15,0,0,0,0,0,0
2021-04-23 03:30,0,0,0,0,0,0
2021-04-23 03:45,4,2,2,0,0,0
2021-04-23 04:00,1,1,0,0,0,0
2021-04-23 04:15,5,3,2,0,0,0
2021-04-23 04:30,4,1,3,0,0,0
2021-04-23 04:45,8,1,7,0,0,0
2021-04-23 05:00,1,1,0,0,0,0
2021-04-23 05:15,9,4,5,0,0,0
2021-04-23 05:30,13,5,8,0,0,0
2021-04-23 05:45,19,11,8,0,0,0
2021-04-23 06:00,11,4,7,0,0,0
2021-04-23 06:15,24,9,15,0,0,0
2021-04-23 06:30,39,17,22,0,0,0
2021-04-23 06:45,72,45,27,0,0,0
2021-04-23 07:00,70,35,35,0,0,0
2021-04-23 07:15,91,46,45,0,0,0
2021-04-23 07:30,106,56,50,0,0,0
2021-04-23 07:45,125,66,59,0,0,0
2021-04-23 08:00,95,44,51,0,0,0
2021-04-23 08:15,120,51,69,0,0,0
2021-04-23 08:30,121,61,60,0,0,0
2021-04-23 08:45,95,38,57,0,0,0
2021-04-23 09:00,66,33,33,0,0,0
2021-04-23 09:15,83,33,50,0,0,0
2021-04-23 09:30,85,33,52,0,0,0
2021-04-23 09:45,100,37,63,0,0,0
2021-04-23 10:00,89,38,51,0,0,0
2021-04-23 10:15,84,27,57,0,0,0
2021-04-23 10:30,94,42,52,0,0,0
2021-04-23 10:45,90,47,43,0,0,0
2021-04-23 11:00,111,45,66,0,0,0
2021-04-23 11:15,94,42,52,0,0,0
2021-04-23 11:30,86,35,51,0,0,0
2021-04-23 11:45,87,42,45,0,0,0
2021-04-23 12:00,96,45,51,0,0,0
2021-04-23 12:15,110,52,58,0,0,0
2021-04-23 12:30,137,60,77,0,0,0
2021-04-23 12:45,125,62,63,0,0,0
2021-04-23 13:00,114,41,73,0,0,0
2021-04-23 13:15,137,63,74,0,0,0
2021-04-23 13:30,147,82,65,0,0,0
2021-04-23 13:45,131,71,60,0,0,0
2021-04-23 14:00,117,55,62,0,0,0
2021-04-23 14:15,138,57,81,0,0,0
2021-04-23 14:30,129,57,72,0,0,0
2021-04-23 14:45,115,51,64,0,0,0
2021-04-23 15:00,123,64,59,0,0,0
2021-04-23 15:15,119,69,50,0,0,0
2021-04-23 15:30,147,71,76,0,0,0
2021-04-23 15:45,132,71,61,0,0,0
2021-04-23 16:00,133,71,62,0,0,0
2021-04-23 16:15,132,60,72,0,0,0
2021-04-23 16:30,156,74,82,0,0,0
2021-04-23 16:45,132,69,63,0,0,0
2021-04-23 17:00,150,58,92,0,0,0
2021-04-23 17:15,130,48,82,0,0,0
2021-04-23 17:30,119,56,63,0,0,0
2021-04-23 17:45,117,66,51,0,0,0
2021-04-23 18:00,95,50,45,0,0,0
2021-04-23 18:15,107,53,54,0,0,0
2021-04-23 18:30,113,42,71,0,0,0
2021-04-23 18:45,103,43,60,0,0,0
2021-04-23 19:00,108,61,47,0,0,0
2021-04-23 19:15,73,37,36,0,0,0
2021-04-23 19:30,85,42,43,0,0,0
2021-04-23 19:45,95,36,59,0,0,0
2021-04-23 20:00,85,37,48,0,0,0
2021-04-23 20:15,80,38,42,0,0,0
2021-04-23 20:30,79,35,44,0,0,0
2021-04-23 20:45,68,32,36,0,0,0
2021-04-23 21:00,41,13,28,0,0,0
2021-04-23 21:15,55,24,31,0,0,0
2021-04-23 21:30,35,15,20,0,0,0
2021-04-23 21:45,36,20,16,0,0,0
2021-04-23 22:00,32,11,21,0,0,0
2021-04-23 22:15,32,11,21,0,0,0
2021-04-23 22:30,35,11,24,0,0,0
2021-04-23 22:45,25,9,16,0,0,0
2021-04-23 23:00,26,4,22,0,0,0
2021-04-23 23:15,19,14,5,0,0,0
2021-04-23 23:30,23,9,14,0,0,0
2021-04-23 23:45,28,9,19,0,0,0
2021-04-24 00:00,21,5,16,0,0,0
2021-04-24 00:15,24,16,8,0,0,0
2021-04-24 00:30,24,6,18,0,0,0
2021-04-24 00:45,14,5,9,0,0,0
2021-04-24 01:00,10,3,7,0,0,0
2021-04-24 01:15,10,6,4,0,0,0
2021-04-24 01:30,13,5,8,0,0,0
2021-04-24 01:45,9,4,5,0,0,0
2021-04-24 02:00,11,5,6,0,0,0
2021-04-24 02:15,6,3,3,0,0,0
2021-04-24 02:30,6,2,4,0,0,0
2021-04-24 02:45,3,0,3,0,0,0
2021-04-24 03:00,1,1,0,0,0,0
2021-04-24 03:15,11,10,1,0,0,0
2021-04-24 03:30,1,1,0,0,0,0
2021-04-24 03:45,0,0,0,0,0,0
2021-04-24 04:00,6,1,5,0,0,0
2021-04-24 04:15,2,0,2,0,0,0
2021-04-24 04:30,3,3,0,0,0,0
2021-04-24 04:45,6,2,4,0,0,0
2021-04-24 05:00,2,0,2,0,0,0
2021-04-24 05:15,8,3,5,0,0,0
2021-04-24 05:30,9,4,5,0,0,0
2021-04-24 05:45,12,2,10,0,0,0
2021-04-24 06:00,3,1,2,0,0,0
2021-04-24 06:15,6,0,6,0,0,0
2021-04-24 06:30,5,4,1,0,0,0
2021-04-24 06:45,7,3,4,0,0,0
2021-04-24 07:00,17,8,9,0,0,0
2021-04-24 07:15,18,9,9,0,0,0
2021-04-24 07:30,20,5,15,0,0,0
2021-04-24 07:45,13,6,7,0,0,0
2021-04-24 08:00,22,12,10,0,0,0
2021-04-24 08:15,22,13,9,0,0,0
2021-04-24 08:30,32,12,20,0,0,0
2021-04-24 08:45,39,20,19,0,0,0
2021-04-24 09:00,36,13,23,0,0,0
2021-04-24 09:15,42,16,26,0,0,0
2021-04-24 09:30,43,18,25,0,0,0
2021-04-24 09:45,50,20,30,0,0,0
2021-04-24 10:00,62,24,38,0,0,0
2021-04-24 10:15,54,19,35,0,0,0
2021-04-24 10:30,67,26,41,0,0,0
2021-04-24 10:45,74,28,46,0,0,0
2021-04-24 11:00,71,23,48,0,0,0
2021-04-24 11:15,67,25,42,0,0,0
2021-04-24 11:30,73,40,33,0,0,0
2021-04-24 11:45,92,34,58,0,0,0
2021-04-24 12:00,94,39,55,0,0,0
2021-04-24 12:15,101,40,61,0,0,0
2021-04-24 12:30,78,38,40,0,0,0
2021-04-24 12:45,108,55,53,0,0,0
2021-04-24 13:00,93,50,43,0,0,0
2021-04-24 13:15,94,45,49,0,0,0
2021-04-24 13:30,83,35,48,0,0,0
2021-04-24 13:45,97,45,52,0,0,0
2021-04-24 14:00,107,51,56,0,0,0
2021-04-24 14:15,87,43,44,0,0,0
2021-04-24 14:30,125,63,62,0,0,0
2021-04-24 14:45,115,59,56,0,0,0
2021-04-24 15:00,87,44,43,0,0,0
2021-04-24 15:15,161,101,60,0,0,0
2021-04-24 15:30,90,30,60,0,0,0
2021-04-24 15:45,97,45,52,0,0,0
2021-04-24 16:00,82,48,34,0,0,0
2021-04-24 16:15,89,41,48,0,0,0
2021-04-24 16:30,74,36,38,0,0,0
2021-04-24 16:45,108,51,57,0,0,0
2021-04-24 17:00,84,43,41,0,0,0
2021-04-24 17:15,79,25,54,0,0,0
2021-04-24 17:30,88,44,44,0,0,0
2021-04-24 17:45,72,30,42,0,0,0
2021-04-24 18:00,109,46,63,0,0,0
2021-04-24 18:15,100,50,50,0,0,0
2021-04-24 18:30,85,28,57,0,0,0
2021-04-24 18:45,83,41,42,0,0,0
2021-04-24 19:00,84,47,37,0,0,0
2021-04-24 19:15,81,44,37,0,0,0
2021-04-24 19:30,77,26,51,0,0,0
2021-04-24 19:45,58,25,33,0,0,0
2021-04-24 20:00,72,22,50,0,0,0
2021-04-24 20:15,73,33,40,0,0,0
2021-04-24 20:30,41,16,25,0,0,0
2021-04-24 20:45,52,16,36,0,0,0
2021-04-24 21:00,49,24,25,0,0,0
2021-04-24 21:15,35,20,15,0,0,0
2021-04-24 21:30,33,11,22,0,0,0
2021-04-24 21:45,40,16,24,0,0,0
2021-04-24 22:00,27,12,15,0,0,0
2021-04-24 22:15,23,6,17,0,0,0
2021-04-24 22:30,31,8,23,0,0,0
2021-04-24 22:45,23,10,13,0,0,0
2021-04-24 23:00,17,3,14,0,0,0
2021-04-24 23:15,19,5,14,0,0,0
2021-04-24 23:30,23,12,11,0,0,0
2021-04-24 23:45,11,2,9,0,0,0
2021-04-25 00:00,17,10,7,0,0,0
2021-04-25 00:15,9,7,2,0,0,0
2021-04-25 00:30,27,11,16,0,0,0
2021-04-25 00:45,10,5,5,0,0,0
2021-04-25 01:00,9,2,7,0,0,0
2021-04-25 01:15,8,3,5,0,0,0
2021-04-25 01:30,8,3,5,0,0,0
2021-04-25 01:45,10,7,3,0,0,0
2021-04-25 02:00,10,4,6,0,0,0
2021-04-25 02:15,6,1,5,0,0,0
2021-04-25 02:30,3,2,1,0,0,0
2021-04-25 02:45,4,2,2,0,0,0
2021-04-25 03:00,1,1,0,0,0,0
2021-04-25 03:15,2,0,2,0,0,0
2021-04-25 03:30,2,2,0,0,0,0
2021-04-25 03:45,4,3,1,0,0,0
2021-04-25 04:00,3,1,2,0,0,0
2021-04-25 04:15,2,1,1,0,0,0
2021-04-25 04:30,0,0,0,0,0,0
2021-04-25 04:45,5,1,4,0,0,0
2021-04-25 05:00,3,0,3,0,0,0
2021-04-25 05:15,0,0,0,0,0,0
2021-04-25 05:30,4,1,3,0,0,0
2021-04-25 05:45,7,4,3,0,0,0
2021-04-25 06:00,6,3,3,0,0,0
2021-04-25 06:15,1,0,1,0,0,0
2021-04-25 06:30,8,1,7,0,0,0
2021-04-25 06:45,7,1,6,0,0,0
2021-04-25 07:00,5,4,1,0,0,0
2021-04-25 07:15,11,7,4,0,0,0
2021-04-25 07:30,10,7,3,0,0,0
2021-04-25 07:45,7,1,6,0,0,0
2021-04-25 08:00,9,2,7,0,0,0
2021-04-25 08:15,6,1,5,0,0,0
2021-04-25 08:30,9,4,5,0,0,0
2021-04-25 08:45,19,6,13,0,0,0
2021-04-25 09:00,14,6,8,0,0,0
2021-04-25 09:15,25,10,15,0,0,0
2021-04-25 09:30,31,12,19,0,0,0
2021-04-25 09:45,34,14,20,0,0,0
2021-04-25 10:00,25,8,17,0,0,0
2021-04-25 10:15,25,7,18,0,0,0
2021-04-25 10:30,28,11,17,0,0,0
2021-04-25 10:45,34,12,22,0,0,0
2021-04-25 11:00,45,20,25,0,0,0
2021-04-25 11:15,30,14,16,0,0,0
2021-04-25 11:30,31,12,19,0,0,0
2021-04-25 11:45,51,22,29,0,0,0
2021-04-25 12:00,51,31,20,0,0,0
2021-04-25 12:15,50,23,27,0,0,0
2021-04-25 12:30,49,24,25,0,0,0
2021-04-25 12:45,48,17,31,0,0,0
2021-04-25 13:00,72,35,37,0,0,0
2021-04-25 13:15,64,31,33,0,0,0
2021-04-25 13:30,75,30,45,0,0,0
2021-04-25 13:45,78,29,49,0,0,0
2021-04-25 14:00,82,40,42,0,0,0
2021-04-25 14:15,77,30,47,0,0,0
2021-04-25 14:30,69,28,41,0,0,0
2021-04-25 14:45,96,38,58,0,0,0
2021-04-25 15:00,77,42,35,0,0,0
2021-04-25 15:15,73,33,40,0,0,0
2021-04-25 15:30,70,24,46,0,0,0
2021-04-25 15:45,66,32,34,0,0,0
2021-04-25 16:00,79,36,43,0,0,0
2021-04-25 16:15,66,27,39,0,0,0
2021-04-25 16:30,92,30,62,0,0,0
2021-04-25 16:45,65,34,31,0,0,0
2021-04-25 17:00,69,36,33,0,0,0
2021-04-25 17:15,80,28,52,0,0,0
2021-04-25 17:30,63,24,39,0,0,0
2021-04-25 17:45,94,32,62,0,0,0
2021-04-25 18:00,72,28,44,0,0,0
2021-04-25 18:15,85,46,39,0,0,0
2021-04-25 18:30,54,19,35,0,0,0
2021-04-25 18:45,69,29,40,0,0,0
2021-04-25 19:00,55,17,38,0,0,0
2021-04-25 19:15,52,26,26,0,0,0
2021-04-25 19:30,57,20,37,0,0,0
2021-04-25 19:45,66,28,38,0,0,0
2021-04-25 20:00,53,25,28,0,0,0
2021-04-25 20:15,48,21,27,0,0,0
2021-04-25 20:30,59,21,38,0,0,0
2021-04-25 20:45,33,12,21,0,0,0
2021-04-25 21:00,44,19,25,0,0,0
2021-04-25 21:15,40,17,23,0,0,0
2021-04-25 21:30,22,10,12,0,0,0
2021-04-25 21:45,24,14,10,0,0,0
2021-04-25 22:00,24,9,15,0,0,0
2021-04-25 22:15,17,5,12,0,0,0
2021-04-25 22:30,18,4,14,0,0,0
2021-04-25 22:45,6,2,4,0,0,0
2021-04-25 23:00,17,4,13,0,0,0
2021-04-25 23:15,14,10,4,0,0,0
2021-04-25 23:30,10,4,6,0,0,0
2021-04-25 23:45,6,2,4,0,0,0
2021-04-26 00:00,10,4,6,0,0,0
2021-04-26 00:15,3,1,2,0,0,0
2021-04-26 00:30,3,3,0,0,0,0
2021-04-26 00:45,1,1,0,0,0,0
2021-04-26 01:00,1,0,1,0,0,0
2021-04-26 01:15,3,1,2,0,0,0
2021-04-26 01:30,0,0,0,0,0,0
2021-04-26 01:45,1,0,1,0,0,0
2021-04-26 02:00,0,0,0,0,0,0
2021-04-26 02:15,0,0,0,0,0,0
2021-04-26 02:30,0,0,0,0,0,0
2021-04-26 02:45,0,0,0,0,0,0
2021-04-26 03:00,1,0,1,0,0,0
2021-04-26 03:15,0,0,0,0,0,0
2021-04-26 03:30,1,0,1,0,0,0
2021-04-26 03:45,1,0,1,0,0,0
2021-04-26 04:00,1,0,1,0,0,0
2021-04-26 04:15,4,2,2,0,0,0
2021-04-26 04:30,8,3,5,0,0,0
2021-04-26 04:45,2,1,1,0,0,0
2021-04-26 05:00,3,2,1,0,0,0
2021-04-26 05:15,13,7,6,0,0,0
2021-04-26 05:30,17,8,9,0,0,0
2021-04-26 05:45,19,10,9,0,0,0
2021-04-26 06:00,16,6,10,0,0,0
2021-04-26 06:15,31,8,23,0,0,0
2021-04-26 06:30,48,20,28,0,0,0
2021-04-26 06:45,64,43,21,0,0,0
2021-04-26 07:00,96,51,45,0,0,0
2021-04-26 07:15,108,52,56,0,0,0
2021-04-26 07:30,122,62,60,0,0,0
2021-04-26 07:45,133,59,74,0,0,0
2021-04-26 08:00,98,56,42,0,0,0
2021-04-26 08:15,117,51,66,0,0,0
2021-04-26 08:30,112,48,64,0,0,0
2021-04-26 08:45,118,51,67,0,0,0
2021-04-26 09:00,81,34,47,0,0,0
2021-04-26 09:15,72,31,41,0,0,0
2021-04-26 09:30,86,33,53,0,0,0
2021-04-26 09:45,87,26,61,0,0,0
2021-04-26 10:00,70,32,38,0,0,0
2021-04-26 10:15,68,32,36,0,0,0
2021-04-26 10:30,71,29,42,0,0,0
2021-04-26 10:45,87,37,50,0,0,0
2021-04-26 11:00,76,28,48,0,0,0
2021-04-26 11:15,76,33,43,0,0,0
2021-04-26 11:30,96,53,43,0,0,0
2021-04-26 11:45,92,40,52,0,0,0
2021-04-26 12:00,90,42,48,0,0,0
2021-04-26 12:15,108,39,69,0,0,0
2021-04-26 12:30,84,42,42,0,0,0
2021-04-26 12:45,91,40,51,0,0,0
2021-04-26 13:00,113,49,64,0,0,0
2021-04-26 13:15,126,67,59,0,0,0
2021-04-26 13:30,100,52,48,0,0,0
2021-04-26 13:45,90,39,51,0,0,0
2021-04-26 14:00,118,66,52,0,0,0
2021-04-26 14:15,133,59,74,0,0,0
2021-04-26 14:30,111,58,53,0,0,0
2021-04-26 14:45,104,53,51,0,0,0
2021-04-26 15:00,102,56,46,0,0,0
2021-04-26 15:15,102,55,47,0,0,0
2021-04-26 15:30,144,63,81,0,0,0
2021-04-26 15:45,153,64,89,0,0,0
2021-04-26 16:00,134,68,66,0,0,0
2021-04-26 16:15,136,66,70,0,0,0
2021-04-26 16:30,149,68,81,0,0,0
2021-04-26 16:45,174,79,95,0,0,0
2021-04-26 17:00,165,71,94,0,0,0
2021-04-26 17:15,160,82,78,0,0,0
2021-04-26 17:30,154,67,87,0,0,0
2021-04-26 17:45,174,102,72,0,0,0
2021-04-26 18:00,145,69,76,0,0,0
2021-04-26 18:15,136,64,72,0,0,0
2021-04-26 18:30,117,48,69,0,0,0
2021-04-26 18:45,94,51,43,0,0,0
2021-04-26 19:00,111,53,58,0,0,0
2021-04-26 19:15,90,46,44,0,0,0
2021-04-26 19:30,71,26,45,0,0,0
2021-04-26 19:45,84,38,46,0,0,0
2021-04-26 20:00,72,27,45,0,0,0
2021-04-26 20:15,55,31,24,0,0,0
2021-04-26 20:30,68,33,35,0,0,0
2021-04-26 20:45,41,13,28,0,0,0
2021-04-26 21:00,33,15,18,0,0,0
2021-04-26 21:15,45,21,24,0,0,0
2021-04-26 21:30,35,12,23,0,0,0
2021-04-26 21:45,30,20,10,0,0,0
2021-04-26 22:00,17,5,12,0,0,0
2021-04-26 22:15,11,5,6,0,0,0
2021-04-26 22:30,14,4,10,0,0,0
2021-04-26 22:45,13,9,4,0,0,0
2021-04-26 23:00,14,8,6,0,0,0
2021-04-26 23:15,11,4,7,0,0,0
2021-04-26 23:30,11,8,3,0,0,0
2021-04-26 23:45,2,1,1,0,0,0
2021-04-27 00:00,2,1,1,0,0,0
2021-04-27 00:15,8,3,5,0,0,0
2021-04-27 00:30,4,0,4,0,0,0
2021-04-27 00:45,1,0,1,0,0,0
2021-04-27 01:00,1,0,1,0,0,0
2021-04-27 01:15,1,0,1,0,0,0
2021-04-27 01:30,0,0,0,0,0,0
2021-04-27 01:45,2,2,0,0,0,0
2021-04-27 02:00,2,1,1,0,0,0
2021-04-27 02:15,3,0,3,0,0,0
2021-04-27 02:30,0,0,0,0,0,0
2021-04-27 02:45,1,0,1,0,0,0
2021-04-27 03:00,1,0,1,0,0,0
2021-04-27 03:15,2,0,2,0,0,0
2021-04-27 03:30,0,0,0,0,0,0
2021-04-27 03:45,2,1,1,0,0,0
2021-04-27 04:00,2,0,2,0,0,0
2021-04-27 04:15,2,0,2,0,0,0
2021-04-27 04:30,6,4,2,0,0,0
2021-04-27 04:45,2,1,1,0,0,0
2021-04-27 05:00,5,2,3,0,0,0
2021-04-27 05:15,13,4,9,0,0,0
2021-04-27 05:30,14,5,9,0,0,0
2021-04-27 05:45,21,12,9,0,0,0
2021-04-27 06:00,23,8,15,0,0,0
2021-04-27 06:15,29,7,22,0,0,0
2021-04-27 06:30,44,18,26,0,0,0
2021-04-27 06:45,61,38,23,0,0,0
2021-04-27 07:00,67,36,31,0,0,0
2021-04-27 07:15,92,44,48,0,0,0
2021-04-27 07:30,140,62,78,0,0,0
2021-04-27 07:45,131,75,56,0,0,0
2021-04-27 08:00,122,67,55,0,0,0
2021-04-27 08:15,135,58,77,0,0,0
2021-04-27 08:30,110,52,58,0,0,0
2021-04-27 08:45,120,61,59,0,0,0
2021-04-27 09:00,90,40,50,0,0,0
2021-04-27 09:15,72,28,44,0,0,0
2021-04-27 09:30,90,39,51,0,0,0
2021-04-27 09:45,92,42,50,0,0,0
2021-04-27 10:00,76,25,51,0,0,0
2021-04-27 10:15,86,35,51,0,0,0
2021-04-27 10:30,82,28,54,0,0,0
2021-04-27 10:45,100,33,67,0,0,0
2021-04-27 11:00,77,35,42,0,0,0
2021-04-27 11:15,105,38,67,0,0,0
2021-04-27 11:30,86,34,52,0,0,0
2021-04-27 11:45,112,52,60,0,0,0
2021-04-27 12:00,126,63,63,0,0,0
2021-04-27 12:15,89,40,49,0,0,0
2021-04-27 12:30,112,51,61,0,0,0
2021-04-27 12:45,102,60,42,0,0,0
2021-04-27 13:00,106,48,58,0,0,0
2021-04-27 13:15,132,59,73,0,0,0
2021-04-27 13:30,112,65,47,0,0,0
2021-04-27 13:45,120,51,69,0,0,0
2021-04-27 14:00,121,56,65,0,0,0
2021-04-27 14:15,124,67,57,0,0,0
2021-04-27 14:30,142,79,63,0,0,0
2021-04-27 14:45,130,57,73,0,0,0
2021-04-27 15:00,102,56,46,0,0,0
2021-04-27 15:15,126,63,63,0,0,0
2021-04-27 15:30,136,61,75,0,0,0
2021-04-27 15:45,133,63,70,0,0,0
2021-04-27 16:00,157,75,82,0,0,0
2021-04-27 16:15,143,63,80,0,0,0
2021-04-27 16:30,176,101,75,0,0,0
2021-04-27 16:45,155,71,84,0,0,0
2021-04-27 17:00,172,82,90,0,0,0
2021-04-27 17:15,152,70,82,0,0,0
2021-04-27 17:30,145,58,87,0,0,0
2021-04-27 17:45,163,84,79,0,0,0
2021-04-27 18:00,143,67,76,0,0,0
2021-04-27 18:15,142,66,76,0,0,0
2021-04-27 18:30,102,46,56,0,0,0
2021-04-27 18:45,128,67,61,0,0,0
2021-04-27 19:00,110,51,59,0,0,0
2021-04-27 19:15,105,46,59,0,0,0
2021-04-27 19:30,90,43,47,0,0,0
2021-04-27 19:45,91,40,51,0,0,0
2021-04-27 20:00,75,31,44,0,0,0
2021-04-27 20:15,74,35,39,0,0,0
2021-04-27 20:30,54,24,30,0,0,0
2021-04-27 20:45,54,24,30,0,0,0
2021-04-27 21:00,58,31,27,0,0,0
2021-04-27 21:15,44,23,21,0,0,0
2021-04-27 21:30,41,20,21,0,0,0
2021-04-27 21:45,20,8,12,0,0,0
2021-04-27 22:00,31,17,14,0,0,0
2021-04-27 22:15,22,10,12,0,0,0
2021-04-27 22:30,15,7,8,0,0,0
2021-04-27 22:45,14,4,10,0,0,0
2021-04-27 23:00,19,9,10,0,0,0
2021-04-27 23:15,13,10,3,0,0,0
2021-04-27 23:30,9,3,6,0,0,0
2021-04-27 23:45,11,7,4,0,0,0
2021-04-28 00:00,11,3,8,0,0,0
2021-04-28 00:15,7,2,5,0,0,0
2021-04-28 00:30,2,1,1,0,0,0
2021-04-28 00:45,6,3,3,0,0,0
2021-04-28 01:00,3,1,2,0,0,0
2021-04-28 01:15,3,2,1,0,0,0
2021-04-28 01:30,6,2,4,0,0,0
2021-04-28 01:45,0,0,0,0,0,0
2021-04-28 02:00,1,0,1,0,0,0
2021-04-28 02:15,1,0,1,0,0,0
2021-04-28 02:30,0,0,0,0,0,0
2021-04-28 02:45,1,0,1,0,0,0
2021-04-28 03:00,2,0,2,0,0,0
2021-04-28 03:15,3,2,1,0,0,0
2021-04-28 03:30,0,0,0,0,0,0
2021-04-28 03:45,1,0,1,0,0,0
2021-04-28 04:00,1,1,0,0,0,0
2021-04-28 04:15,2,0,2,0,0,0
2021-04-28 04:30,2,2,0,0,0,0
2021-04-28 04:45,4,0,4,0,0,0
2021-04-28 05:00,5,1,4,0,0,0
2021-04-28 05:15,13,4,9,0,0,0
2021-04-28 05:30,22,9,13,0,0,0
2021-04-28 05:45,26,12,14,0,0,0
2021-04-28 06:00,29,13,16,0,0,0
2021-04-28 06:15,38,17,21,0,0,0
2021-04-28 06:30,48,20,28,0,0,0
2021-04-28 06:45,76,42,34,0,0,0
2021-04-28 07:00,86,47,39,0,0,0
2021-04-28 07:15,92,33,59,0,0,0
2021-04-28 07:30,126,56,70,0,0,0
2021-04-28 07:45,152,77,75,0,0,0
2021-04-28 08:00,120,53,67,0,0,0
2021-04-28 08:15,117,48,69,0,0,0
2021-04-28 08:30,133,64,69,0,0,0
2021-04-28 08:45,112,48,64,0,0,0
2021-04-28 09:00,110,55,55,0,0,0
2021-04-28 09:15,73,35,38,0,0,0
2021-04-28 09:30,71,24,47,0,0,0
2021-04-28 09:45,78,32,46,0,0,0
2021-04-28 10:00,96,31,65,0,0,0
2021-04-28 10:15,85,26,59,0,0,0
2021-04-28 10:30,96,41,55,0,0,0
2021-04-28 10:45,91,32,59,0,0,0
2021-04-28 11:00,88,39,49,0,0,0
2021-04-28 11:15,103,40,63,0,0,0
2021-04-28 11:30,101,36,65,0,0,0
2021-04-28 11:45,135,71,64,0,0,0
2021-04-28 12:00,114,50,64,0,0,0
2021-04-28 12:15,120,52,68,0,0,0
2021-04-28 12:30,132,64,68,0,0,0
2021-04-28 12:45,122,53,69,0,0,0
2021-04-28 13:00,135,75,60,0,0,0
2021-04-28 13:15,118,63,55,0,0,0
2021-04-28 13:30,142,76,66,0,0,0
2021-04-28 13:45,147,73,74,0,0,0
2021-04-28 14:00,129,73,56,0,0,0
2021-04-28 14:15,125,74,51,0,0,0
2021-04-28 14:30,116,60,56,0,0,0
2021-04-28 14:45,140,66,74,0,0,0
2021-04-28 15:00,121,54,67,0,0,0
2021-04-28 15:15,156,83,73,0,0,0
2021-04-28 15:30,149,71,78,0,0,0
2021-04-28 15:45,134,72,62,0,0,0
2021-04-28 16:00,152,82,70,0,0,0
2021-04-28 16:15,153,78,75,0,0,0
2021-04-28 16:30,168,96,72,0,0,0
2021-04-28 16:45,157,82,75,0,0,0
2021-04-28 17:00,172,74,98,0,0,0
2021-04-28 17:15,164,90,74,0,0,0
2021-04-28 17:30,164,82,82,0,0,0
2021-04-28 17:45,174,71,103,0,0,0
2021-04-28 18:00,153,72,81,0,0,0
2021-04-28 18:15,161,74,87,0,0,0
2021-04-28 18:30,152,93,59,0,0,0
2021-04-28 18:45,138,71,67,0,0,0
2021-04-28 19:00,113,47,66,0,0,0
2021-04-28 19:15,120,54,66,0,0,0
2021-04-28 19:30,114,51,63,0,0,0
2021-04-28 19:45,106,46,60,0,0,0
2021-04-28 20:00,99,44,55,0,0,0
2021-04-28 20:15,79,37,42,0,0,0
2021-04-28 20:30,50,27,23,0,0,0
2021-04-28 20:45,84,43,41,0,0,0
2021-04-28 21:00,57,18,39,0,0,0
2021-04-28 21:15,46,23,23,0,0,0
2021-04-28 21:30,42,24,18,0,0,0
2021-04-28 21:45,48,17,31,0,0,0
2021-04-28 22:00,37,13,24,0,0,0
2021-04-28 22:15,26,12,14,0,0,0
2021-04-28 22:30,28,12,16,0,0,0
2021-04-28 22:45,20,10,10,0,0,0
2021-04-28 23:00,21,10,11,0,0,0
2021-04-28 23:15,20,13,7,0,0,0
2021-04-28 23:30,13,6,7,0,0,0
2021-04-28 23:45,17,9,8,0,0,0
2021-04-29 00:00,10,2,8,0,0,0
2021-04-29 00:15,1,0,1,0,0,0
2021-04-29 00:30,4,1,3,0,0,0
2021-04-29 00:45,8,3,5,0,0,0
2021-04-29 01:00,6,1,5,0,0,0
2021-04-29 01:15,9,3,6,0,0,0
2021-04-29 01:30,2,1,1,0,0,0
2021-04-29 01:45,1,1,0,0,0,0
2021-04-29 02:00,0,0,0,0,0,0
2021-04-29 02:15,1,1,0,0,0,0
2021-04-29 02:30,2,1,1,0,0,0
2021-04-29 02:45,3,1,2,0,0,0
2021-04-29 03:00,0,0,0,0,0,0
2021-04-29 03:15,5,2,3,0,0,0
2021-04-29 03:30,0,0,0,0,0,0
2021-04-29 03:45,0,0,0,0,0,0
2021-04-29 04:00,3,1,2,0,0,0
2021-04-29 04:15,5,1,4,0,0,0
2021-04-29 04:30,7,1,6,0,0,0
2021-04-29 04:45,9,2,7,0,0,0
2021-04-29 05:00,3,1,2,0,0,0
2021-04-29 05:15,11,7,4,0,0,0
2021-04-29 05:30,18,6,12,0,0,0
2021-04-29 05:45,24,14,10,0,0,0
2021-04-29 06:00,22,10,12,0,0,0
2021-04-29 06:15,29,10,19,0,0,0
2021-04-29 06:30,29,7,22,0,0,0
2021-04-29 06:45,70,48,22,0,0,0
2021-04-29 07:00,84,41,43,0,0,0
2021-04-29 07:15,86,42,44,0,0,0
2021-04-29 07:30,135,69,66,0,0,0
2021-04-29 07:45,130,67,63,0,0,0
2021-04-29 08:00,128,70,58,0,0,0
2021-04-29 08:15,114,63,51,0,0,0
2021-04-29 08:30,121,66,55,0,0,0
2021-04-29 08:45,117,54,63,0,0,0
2021-04-29 09:00,91,48,43,0,0,0
2021-04-29 09:15,90,42,48,0,0,0
2021-04-29 09:30,82,41,41,0,0,0
2021-04-29 09:45,97,42,55,0,0,0
2021-04-29 10:00,95,37,58,0,0,0
2021-04-29 10:15,86,31,55,0,0,0
2021-04-29 10:30,69,34,35,0,0,0
2021-04-29 10:45,95,41,54,0,0,0
2021-04-29 11:00,94,46,48,0,0,0
2021-04-29 11:15,89,31,58,0,0,0
2021-04-29 11:30,77,36,41,0,0,0
2021-04-29 11:45,105,59,46,0,0,0
2021-04-29 12:00,105,52,53,0,0,0
2021-04-29 12:15,119,51,68,0,0,0
2021-04-29 12:30,103,51,52,0,0,0
2021-04-29 12:45,84,40,44,0,0,0
2021-04-29 13:00,111,65,46,0,0,0
2021-04-29 13:15,100,50,50,0,0,0
2021-04-29 13:30,87,26,61,0,0,0
2021-04-29 13:45,127,54,73,0,0,0
2021-04-29 14:00,133,69,64,0,0,0
2021-04-29 14:15,136,63,73,0,0,0
2021-04-29 14:30,120,64,56,0,0,0
2021-04-29 14:45,134,54,80,0,0,0
2021-04-29 15:00,103,56,47,0,0,0
2021-04-29 15:15,131,63,68,0,0,0
2021-04-29 15:30,122,56,66,0,0,0
2021-04-29 15:45,123,57,66,0,0,0
2021-04-29 16:00,111,56,55,0,0,0
2021-04-29 16:15,141,71,70,0,0,0
2021-04-29 16:30,139,61,78,0,0,0
2021-04-29 16:45,127,46,81,0,0,0
2021-04-29 17:00,135,53,82,0,0,0
2021-04-29 17:15,138,50,88,0,0,0
2021-04-29 17:30,127,46,81,0,0,0
2021-04-29 17:45,108,48,60,0,0,0
2021-04-29 18:00,121,56,65,0,0,0
2021-04-29 18:15,116,48,68,0,0,0
2021-04-29 18:30,92,38,54,0,0,0
2021-04-29 18:45,93,43,50,0,0,0
2021-04-29 19:00,84,30,54,0,0,0
2021-04-29 19:15,91,36,55,0,0,0
2021-04-29 19:30,71,23,48,0,0,0
2021-04-29 19:45,60,29,31,0,0,0
2021-04-29 20:00,73,33,40,0,0,0
2021-04-29 20:15,63,24,39,0,0,0
2021-04-29 20:30,51,30,21,0,0,0
2021-04-29 20:45,29,13,16,0,0,0
2021-04-29 21:00,34,9,25,0,0,0
2021-04-29 21:15,24,9,15,0,0,0
2021-04-29 21:30,26,13,13,0,0,0
2021-04-29 21:45,26,15,11,0,0,0
2021-04-29 22:00,19,10,9,0,0,0
2021-04-29 22:15,13,5,8,0,0,0
2021-04-29 22:30,13,7,6,0,0,0
2021-04-29 22:45,16,6,10,0,0,0
2021-04-29 23:00,19,6,13,0,0,0
2021-04-29 23:15,8,4,4,0,0,0
2021-04-29 23:30,15,7,8,0,0,0
2021-04-29 23:45,8,2,6,0,0,0
