Datetime,100034982 (Hüfferstraße),101034982 (Hüfferstraße stadteinwärts),102034982 (Hüfferstraße stadtauswärts),100034982-status,101034982-status,102034982-status
2019-12-01 00:00,17,6,11,0,0,0
2019-12-01 00:15,30,5,25,0,0,0
2019-12-01 00:30,27,3,24,0,0,0
2019-12-01 00:45,18,4,14,0,0,0
2019-12-01 01:00,16,3,13,0,0,0
2019-12-01 01:15,20,2,18,0,0,0
2019-12-01 01:30,28,9,19,0,0,0
2019-12-01 01:45,12,4,8,0,0,0
2019-12-01 02:00,8,3,5,0,0,0
2019-12-01 02:15,11,4,7,0,0,0
2019-12-01 02:30,9,2,7,0,0,0
2019-12-01 02:45,9,2,7,0,0,0
2019-12-01 03:00,8,2,6,0,0,0
2019-12-01 03:15,18,2,16,0,0,0
2019-12-01 03:30,6,2,4,0,0,0
2019-12-01 03:45,4,0,4,0,0,0
2019-12-01 04:00,4,0,4,0,0,0
2019-12-01 04:15,2,1,1,0,0,0
2019-12-01 04:30,4,3,1,0,0,0
2019-12-01 04:45,8,0,8,0,0,0
2019-12-01 05:00,5,1,4,0,0,0
2019-12-01 05:15,3,1,2,0,0,0
2019-12-01 05:30,7,3,4,0,0,0
2019-12-01 05:45,6,0,6,0,0,0
2019-12-01 06:00,4,1,3,0,0,0
2019-12-01 06:15,1,0,1,0,0,0
2019-12-01 06:30,1,0,1,0,0,0
2019-12-01 06:45,7,5,2,0,0,0
2019-12-01 07:00,2,0,2,0,0,0
2019-12-01 07:15,0,0,0,0,0,0
2019-12-01 07:30,8,3,5,0,0,0
2019-12-01 07:45,7,2,5,0,0,0
2019-12-01 08:00,2,1,1,0,0,0
2019-12-01 08:15,12,7,5,0,0,0
2019-12-01 08:30,7,5,2,0,0,0
2019-12-01 08:45,6,5,1,0,0,0
2019-12-01 09:00,9,7,2,0,0,0
2019-12-01 09:15,11,4,7,0,0,0
2019-12-01 09:30,20,13,7,0,0,0
2019-12-01 09:45,16,9,7,0,0,0
2019-12-01 10:00,22,13,9,0,0,0
2019-12-01 10:15,14,9,5,0,0,0
2019-12-01 10:30,24,16,8,0,0,0
2019-12-01 10:45,26,16,10,0,0,0
2019-12-01 11:00,17,13,4,0,0,0
2019-12-01 11:15,22,15,7,0,0,0
2019-12-01 11:30,10,3,7,0,0,0
2019-12-01 11:45,33,11,22,0,0,0
2019-12-01 12:00,27,15,12,0,0,0
2019-12-01 12:15,43,14,29,0,0,0
2019-12-01 12:30,45,12,33,0,0,0
2019-12-01 12:45,34,13,21,0,0,0
2019-12-01 13:00,25,13,12,0,0,0
2019-12-01 13:15,50,14,36,0,0,0
2019-12-01 13:30,42,13,29,0,0,0
2019-12-01 13:45,46,18,28,0,0,0
2019-12-01 14:00,54,31,23,0,0,0
2019-12-01 14:15,41,20,21,0,0,0
2019-12-01 14:30,31,17,14,0,0,0
2019-12-01 14:45,64,32,32,0,0,0
2019-12-01 15:00,46,29,17,0,0,0
2019-12-01 15:15,59,29,30,0,0,0
2019-12-01 15:30,35,18,17,0,0,0
2019-12-01 15:45,42,20,22,0,0,0
2019-12-01 16:00,54,33,21,0,0,0
2019-12-01 16:15,37,13,24,0,0,0
2019-12-01 16:30,44,18,26,0,0,0
2019-12-01 16:45,50,26,24,0,0,0
2019-12-01 17:00,42,23,19,0,0,0
2019-12-01 17:15,48,23,25,0,0,0
2019-12-01 17:30,47,15,32,0,0,0
2019-12-01 17:45,65,32,33,0,0,0
2019-12-01 18:00,37,10,27,0,0,0
2019-12-01 18:15,60,16,44,0,0,0
2019-12-01 18:30,27,15,12,0,0,0
2019-12-01 18:45,34,12,22,0,0,0
2019-12-01 19:00,29,13,16,0,0,0
2019-12-01 19:15,32,7,25,0,0,0
2019-12-01 19:30,42,13,29,0,0,0
2019-12-01 19:45,33,8,25,0,0,0
2019-12-01 20:00,49,4,45,0,0,0
2019-12-01 20:15,41,2,39,0,0,0
2019-12-01 20:30,24,8,16,0,0,0
2019-12-01 20:45,17,4,13,0,0,0
2019-12-01 21:00,19,5,14,0,0,0
2019-12-01 21:15,16,4,12,0,0,0
2019-12-01 21:30,13,4,9,0,0,0
2019-12-01 21:45,9,4,5,0,0,0
2019-12-01 22:00,8,4,4,0,0,0
2019-12-01 22:15,10,2,8,0,0,0
2019-12-01 22:30,12,0,12,0,0,0
2019-12-01 22:45,10,5,5,0,0,0
2019-12-01 23:00,5,0,5,0,0,0
2019-12-01 23:15,4,2,2,0,0,0
2019-12-01 23:30,4,0,4,0,0,0
2019-12-01 23:45,6,4,2,0,0,0
2019-12-02 00:00,6,3,3,0,0,0
2019-12-02 00:15,2,0,2,0,0,0
2019-12-02 00:30,1,0,1,0,0,0
2019-12-02 00:45,0,0,0,0,0,0
2019-12-02 01:00,1,1,0,0,0,0
2019-12-02 01:15,3,0,3,0,0,0
2019-12-02 01:30,1,1,0,0,0,0
2019-12-02 01:45,1,1,0,0,0,0
2019-12-02 02:00,1,0,1,0,0,0
2019-12-02 02:15,0,0,0,0,0,0
2019-12-02 02:30,0,0,0,0,0,0
2019-12-02 02:45,1,0,1,0,0,0
2019-12-02 03:00,2,0,2,0,0,0
2019-12-02 03:15,1,1,0,0,0,0
2019-12-02 03:30,0,0,0,0,0,0
2019-12-02 03:45,0,0,0,0,0,0
2019-12-02 04:00,2,2,0,0,0,0
2019-12-02 04:15,2,0,2,0,0,0
2019-12-02 04:30,0,0,0,0,0,0
2019-12-02 04:45,1,1,0,0,0,0
2019-12-02 05:00,0,0,0,0,0,0
2019-12-02 05:15,1,0,1,0,0,0
2019-12-02 05:30,8,4,4,0,0,0
2019-12-02 05:45,15,6,9,0,0,0
2019-12-02 06:00,7,1,6,0,0,0
2019-12-02 06:15,19,8,11,0,0,0
2019-12-02 06:30,38,12,26,0,0,0
2019-12-02 06:45,42,17,25,0,0,0
2019-12-02 07:00,47,21,26,0,0,0
2019-12-02 07:15,114,40,74,0,0,0
2019-12-02 07:30,213,157,56,0,0,0
2019-12-02 07:45,223,80,143,0,0,0
2019-12-02 08:00,216,78,138,0,0,0
2019-12-02 08:15,160,51,109,0,0,0
2019-12-02 08:30,90,33,57,0,0,0
2019-12-02 08:45,160,60,100,0,0,0
2019-12-02 09:00,120,42,78,0,0,0
2019-12-02 09:15,67,31,36,0,0,0
2019-12-02 09:30,97,55,42,0,0,0
2019-12-02 09:45,175,64,111,0,0,0
2019-12-02 10:00,241,103,138,0,0,0
2019-12-02 10:15,90,51,39,0,0,0
2019-12-02 10:30,59,25,34,0,0,0
2019-12-02 10:45,68,31,37,0,0,0
2019-12-02 11:00,81,34,47,0,0,0
2019-12-02 11:15,78,39,39,0,0,0
2019-12-02 11:30,73,29,44,0,0,0
2019-12-02 11:45,200,80,120,0,0,0
2019-12-02 12:00,143,67,76,0,0,0
2019-12-02 12:15,115,46,69,0,0,0
2019-12-02 12:30,94,29,65,0,0,0
2019-12-02 12:45,119,39,80,0,0,0
2019-12-02 13:00,129,62,67,0,0,0
2019-12-02 13:15,122,42,80,0,0,0
2019-12-02 13:30,90,33,57,0,0,0
2019-12-02 13:45,216,92,124,0,0,0
2019-12-02 14:00,216,75,141,0,0,0
2019-12-02 14:15,111,55,56,0,0,0
2019-12-02 14:30,113,61,52,0,0,0
2019-12-02 14:45,137,62,75,0,0,0
2019-12-02 15:00,110,43,67,0,0,0
2019-12-02 15:15,127,73,54,0,0,0
2019-12-02 15:30,172,82,90,0,0,0
2019-12-02 15:45,242,118,124,0,0,0
2019-12-02 16:00,270,154,116,0,0,0
2019-12-02 16:15,145,73,72,0,0,0
2019-12-02 16:30,130,69,61,0,0,0
2019-12-02 16:45,155,90,65,0,0,0
2019-12-02 17:00,122,66,56,0,0,0
2019-12-02 17:15,149,89,60,0,0,0
2019-12-02 17:30,175,93,82,0,0,0
2019-12-02 17:45,248,169,79,0,0,0
2019-12-02 18:00,154,78,76,0,0,0
2019-12-02 18:15,133,66,67,0,0,0
2019-12-02 18:30,92,41,51,0,0,0
2019-12-02 18:45,88,34,54,0,0,0
2019-12-02 19:00,80,28,52,0,0,0
2019-12-02 19:15,74,33,41,0,0,0
2019-12-02 19:30,97,27,70,0,0,0
2019-12-02 19:45,104,36,68,0,0,0
2019-12-02 20:00,86,21,65,0,0,0
2019-12-02 20:15,69,14,55,0,0,0
2019-12-02 20:30,48,7,41,0,0,0
2019-12-02 20:45,35,8,27,0,0,0
2019-12-02 21:00,40,16,24,0,0,0
2019-12-02 21:15,56,12,44,0,0,0
2019-12-02 21:30,32,2,30,0,0,0
2019-12-02 21:45,32,9,23,0,0,0
2019-12-02 22:00,27,6,21,0,0,0
2019-12-02 22:15,32,10,22,0,0,0
2019-12-02 22:30,14,2,12,0,0,0
2019-12-02 22:45,24,0,24,0,0,0
2019-12-02 23:00,11,2,9,0,0,0
2019-12-02 23:15,18,7,11,0,0,0
2019-12-02 23:30,17,7,10,0,0,0
2019-12-02 23:45,5,1,4,0,0,0
2019-12-03 00:00,1,0,1,0,0,0
2019-12-03 00:15,5,2,3,0,0,0
2019-12-03 00:30,3,3,0,0,0,0
2019-12-03 00:45,5,3,2,0,0,0
2019-12-03 01:00,2,2,0,0,0,0
2019-12-03 01:15,0,0,0,0,0,0
2019-12-03 01:30,1,1,0,0,0,0
2019-12-03 01:45,4,4,0,0,0,0
2019-12-03 02:00,1,1,0,0,0,0
2019-12-03 02:15,1,0,1,0,0,0
2019-12-03 02:30,0,0,0,0,0,0
2019-12-03 02:45,1,1,0,0,0,0
2019-12-03 03:00,0,0,0,0,0,0
2019-12-03 03:15,0,0,0,0,0,0
2019-12-03 03:30,0,0,0,0,0,0
2019-12-03 03:45,1,1,0,0,0,0
2019-12-03 04:00,0,0,0,0,0,0
2019-12-03 04:15,1,0,1,0,0,0
2019-12-03 04:30,0,0,0,0,0,0
2019-12-03 04:45,0,0,0,0,0,0
2019-12-03 05:00,0,0,0,0,0,0
2019-12-03 05:15,3,1,2,0,0,0
2019-12-03 05:30,12,6,6,0,0,0
2019-12-03 05:45,7,3,4,0,0,0
2019-12-03 06:00,12,6,6,0,0,0
2019-12-03 06:15,21,9,12,0,0,0
2019-12-03 06:30,38,13,25,0,0,0
2019-12-03 06:45,56,30,26,0,0,0
2019-12-03 07:00,56,22,34,0,0,0
2019-12-03 07:15,99,49,50,0,0,0
2019-12-03 07:30,199,131,68,0,0,0
2019-12-03 07:45,254,90,164,0,0,0
2019-12-03 08:00,319,100,219,0,0,0
2019-12-03 08:15,194,78,116,0,0,0
2019-12-03 08:30,118,59,59,0,0,0
2019-12-03 08:45,143,55,88,0,0,0
2019-12-03 09:00,126,50,76,0,0,0
2019-12-03 09:15,93,41,52,0,0,0
2019-12-03 09:30,119,50,69,0,0,0
2019-12-03 09:45,236,82,154,0,0,0
2019-12-03 10:00,259,86,173,0,0,0
2019-12-03 10:15,90,39,51,0,0,0
2019-12-03 10:30,52,25,27,0,0,0
2019-12-03 10:45,68,30,38,0,0,0
2019-12-03 11:00,79,40,39,0,0,0
2019-12-03 11:15,74,47,27,0,0,0
2019-12-03 11:30,110,47,63,0,0,0
2019-12-03 11:45,290,154,136,0,0,0
2019-12-03 12:00,215,107,108,0,0,0
2019-12-03 12:15,130,52,78,0,0,0
2019-12-03 12:30,99,40,59,0,0,0
2019-12-03 12:45,111,55,56,0,0,0
2019-12-03 13:00,140,54,86,0,0,0
2019-12-03 13:15,164,54,110,0,0,0
2019-12-03 13:30,121,46,75,0,0,0
2019-12-03 13:45,268,118,150,0,0,0
2019-12-03 14:00,238,112,126,0,0,0
2019-12-03 14:15,113,59,54,0,0,0
2019-12-03 14:30,122,61,61,0,0,0
2019-12-03 14:45,150,81,69,0,0,0
2019-12-03 15:00,115,60,55,0,0,0
2019-12-03 15:15,125,71,54,0,0,0
2019-12-03 15:30,152,81,71,0,0,0
2019-12-03 15:45,221,114,107,0,0,0
2019-12-03 16:00,229,130,99,0,0,0
2019-12-03 16:15,140,79,61,0,0,0
2019-12-03 16:30,148,72,76,0,0,0
2019-12-03 16:45,180,105,75,0,0,0
2019-12-03 17:00,170,105,65,0,0,0
2019-12-03 17:15,160,85,75,0,0,0
2019-12-03 17:30,150,87,63,0,0,0
2019-12-03 17:45,227,121,106,0,0,0
2019-12-03 18:00,175,97,78,0,0,0
2019-12-03 18:15,122,56,66,0,0,0
2019-12-03 18:30,118,49,69,0,0,0
2019-12-03 18:45,109,43,66,0,0,0
2019-12-03 19:00,101,34,67,0,0,0
2019-12-03 19:15,84,28,56,0,0,0
2019-12-03 19:30,105,42,63,0,0,0
2019-12-03 19:45,139,61,78,0,0,0
2019-12-03 20:00,106,35,71,0,0,0
2019-12-03 20:15,67,18,49,0,0,0
2019-12-03 20:30,48,12,36,0,0,0
2019-12-03 20:45,55,12,43,0,0,0
2019-12-03 21:00,51,18,33,0,0,0
2019-12-03 21:15,56,29,27,0,0,0
2019-12-03 21:30,35,16,19,0,0,0
2019-12-03 21:45,43,10,33,0,0,0
2019-12-03 22:00,55,16,39,0,0,0
2019-12-03 22:15,33,9,24,0,0,0
2019-12-03 22:30,31,5,26,0,0,0
2019-12-03 22:45,49,31,18,0,0,0
2019-12-03 23:00,26,12,14,0,0,0
2019-12-03 23:15,49,23,26,0,0,0
2019-12-03 23:30,46,35,11,0,0,0
2019-12-03 23:45,23,11,12,0,0,0
2019-12-04 00:00,12,9,3,0,0,0
2019-12-04 00:15,17,11,6,0,0,0
2019-12-04 00:30,8,5,3,0,0,0
2019-12-04 00:45,4,1,3,0,0,0
2019-12-04 01:00,2,1,1,0,0,0
2019-12-04 01:15,7,2,5,0,0,0
2019-12-04 01:30,4,2,2,0,0,0
2019-12-04 01:45,2,2,0,0,0,0
2019-12-04 02:00,5,0,5,0,0,0
2019-12-04 02:15,2,0,2,0,0,0
2019-12-04 02:30,0,0,0,0,0,0
2019-12-04 02:45,3,1,2,0,0,0
2019-12-04 03:00,0,0,0,0,0,0
2019-12-04 03:15,2,0,2,0,0,0
2019-12-04 03:30,1,0,1,0,0,0
2019-12-04 03:45,0,0,0,0,0,0
2019-12-04 04:00,0,0,0,0,0,0
2019-12-04 04:15,1,0,1,0,0,0
2019-12-04 04:30,2,1,1,0,0,0
2019-12-04 04:45,0,0,0,0,0,0
2019-12-04 05:00,3,1,2,0,0,0
2019-12-04 05:15,2,0,2,0,0,0
2019-12-04 05:30,10,4,6,0,0,0
2019-12-04 05:45,11,3,8,0,0,0
2019-12-04 06:00,8,4,4,0,0,0
2019-12-04 06:15,13,8,5,0,0,0
2019-12-04 06:30,35,14,21,0,0,0
2019-12-04 06:45,45,22,23,0,0,0
2019-12-04 07:00,70,27,43,0,0,0
2019-12-04 07:15,82,41,41,0,0,0
2019-12-04 07:30,188,128,60,0,0,0
2019-12-04 07:45,263,103,160,0,0,0
2019-12-04 08:00,286,78,208,0,0,0
2019-12-04 08:15,178,68,110,0,0,0
2019-12-04 08:30,109,55,54,0,0,0
2019-12-04 08:45,158,67,91,0,0,0
2019-12-04 09:00,123,48,75,0,0,0
2019-12-04 09:15,105,51,54,0,0,0
2019-12-04 09:30,122,62,60,0,0,0
2019-12-04 09:45,266,125,141,0,0,0
2019-12-04 10:00,253,96,157,0,0,0
2019-12-04 10:15,136,72,64,0,0,0
2019-12-04 10:30,73,37,36,0,0,0
2019-12-04 10:45,110,50,60,0,0,0
2019-12-04 11:00,90,48,42,0,0,0
2019-12-04 11:15,128,54,74,0,0,0
2019-12-04 11:30,144,50,94,0,0,0
2019-12-04 11:45,236,117,119,0,0,0
2019-12-04 12:00,202,108,94,0,0,0
2019-12-04 12:15,190,99,91,0,0,0
2019-12-04 12:30,127,52,75,0,0,0
2019-12-04 12:45,124,54,70,0,0,0
2019-12-04 13:00,154,59,95,0,0,0
2019-12-04 13:15,142,60,82,0,0,0
2019-12-04 13:30,148,55,93,0,0,0
2019-12-04 13:45,244,115,129,0,0,0
2019-12-04 14:00,249,105,144,0,0,0
2019-12-04 14:15,148,56,92,0,0,0
2019-12-04 14:30,88,30,58,0,0,0
2019-12-04 14:45,126,61,65,0,0,0
2019-12-04 15:00,107,45,62,0,0,0
2019-12-04 15:15,144,84,60,0,0,0
2019-12-04 15:30,179,71,108,0,0,0
2019-12-04 15:45,230,119,111,0,0,0
2019-12-04 16:00,204,111,93,0,0,0
2019-12-04 16:15,191,99,92,0,0,0
2019-12-04 16:30,160,89,71,0,0,0
2019-12-04 16:45,190,122,68,0,0,0
2019-12-04 17:00,140,78,62,0,0,0
2019-12-04 17:15,160,90,70,0,0,0
2019-12-04 17:30,162,88,74,0,0,0
2019-12-04 17:45,230,131,99,0,0,0
2019-12-04 18:00,185,102,83,0,0,0
2019-12-04 18:15,164,87,77,0,0,0
2019-12-04 18:30,125,60,65,0,0,0
2019-12-04 18:45,128,46,82,0,0,0
2019-12-04 19:00,94,33,61,0,0,0
2019-12-04 19:15,110,44,66,0,0,0
2019-12-04 19:30,92,22,70,0,0,0
2019-12-04 19:45,109,38,71,0,0,0
2019-12-04 20:00,102,18,84,0,0,0
2019-12-04 20:15,93,21,72,0,0,0
2019-12-04 20:30,54,15,39,0,0,0
2019-12-04 20:45,76,23,53,0,0,0
2019-12-04 21:00,72,20,52,0,0,0
2019-12-04 21:15,43,13,30,0,0,0
2019-12-04 21:30,65,21,44,0,0,0
2019-12-04 21:45,54,16,38,0,0,0
2019-12-04 22:00,42,13,29,0,0,0
2019-12-04 22:15,51,17,34,0,0,0
2019-12-04 22:30,30,11,19,0,0,0
2019-12-04 22:45,33,6,27,0,0,0
2019-12-04 23:00,27,7,20,0,0,0
2019-12-04 23:15,17,3,14,0,0,0
2019-12-04 23:30,20,8,12,0,0,0
2019-12-04 23:45,16,8,8,0,0,0
2019-12-05 00:00,15,3,12,0,0,0
2019-12-05 00:15,24,18,6,0,0,0
2019-12-05 00:30,10,2,8,0,0,0
2019-12-05 00:45,7,6,1,0,0,0
2019-12-05 01:00,6,4,2,0,0,0
2019-12-05 01:15,21,17,4,0,0,0
2019-12-05 01:30,6,4,2,0,0,0
2019-12-05 01:45,3,2,1,0,0,0
2019-12-05 02:00,6,2,4,0,0,0
2019-12-05 02:15,13,10,3,0,0,0
2019-12-05 02:30,5,4,1,0,0,0
2019-12-05 02:45,7,3,4,0,0,0
2019-12-05 03:00,2,0,2,0,0,0
2019-12-05 03:15,1,0,1,0,0,0
2019-12-05 03:30,1,0,1,0,0,0
2019-12-05 03:45,0,0,0,0,0,0
2019-12-05 04:00,7,1,6,0,0,0
2019-12-05 04:15,3,0,3,0,0,0
2019-12-05 04:30,2,1,1,0,0,0
2019-12-05 04:45,1,1,0,0,0,0
2019-12-05 05:00,1,1,0,0,0,0
2019-12-05 05:15,1,0,1,0,0,0
2019-12-05 05:30,11,5,6,0,0,0
2019-12-05 05:45,14,6,8,0,0,0
2019-12-05 06:00,10,4,6,0,0,0
2019-12-05 06:15,18,10,8,0,0,0
2019-12-05 06:30,35,13,22,0,0,0
2019-12-05 06:45,40,18,22,0,0,0
2019-12-05 07:00,49,16,33,0,0,0
2019-12-05 07:15,94,37,57,0,0,0
2019-12-05 07:30,189,122,67,0,0,0
2019-12-05 07:45,261,107,154,0,0,0
2019-12-05 08:00,264,61,203,0,0,0
2019-12-05 08:15,157,57,100,0,0,0
2019-12-05 08:30,114,58,56,0,0,0
2019-12-05 08:45,157,72,85,0,0,0
2019-12-05 09:00,123,48,75,0,0,0
2019-12-05 09:15,89,44,45,0,0,0
2019-12-05 09:30,113,55,58,0,0,0
2019-12-05 09:45,163,78,85,0,0,0
2019-12-05 10:00,261,101,160,0,0,0
2019-12-05 10:15,75,34,41,0,0,0
2019-12-05 10:30,68,34,34,0,0,0
2019-12-05 10:45,78,35,43,0,0,0
2019-12-05 11:00,73,34,39,0,0,0
2019-12-05 11:15,96,47,49,0,0,0
2019-12-05 11:30,104,47,57,0,0,0
2019-12-05 11:45,222,112,110,0,0,0
2019-12-05 12:00,162,68,94,0,0,0
2019-12-05 12:15,124,55,69,0,0,0
2019-12-05 12:30,104,42,62,0,0,0
2019-12-05 12:45,99,48,51,0,0,0
2019-12-05 13:00,116,43,73,0,0,0
2019-12-05 13:15,118,39,79,0,0,0
2019-12-05 13:30,135,61,74,0,0,0
2019-12-05 13:45,280,128,152,0,0,0
2019-12-05 14:00,227,84,143,0,0,0
2019-12-05 14:15,108,59,49,0,0,0
2019-12-05 14:30,100,50,50,0,0,0
2019-12-05 14:45,119,63,56,0,0,0
2019-12-05 15:00,103,48,55,0,0,0
2019-12-05 15:15,101,58,43,0,0,0
2019-12-05 15:30,134,55,79,0,0,0
2019-12-05 15:45,279,173,106,0,0,0
2019-12-05 16:00,238,153,85,0,0,0
2019-12-05 16:15,155,84,71,0,0,0
2019-12-05 16:30,138,87,51,0,0,0
2019-12-05 16:45,161,96,65,0,0,0
2019-12-05 17:00,150,79,71,0,0,0
2019-12-05 17:15,149,79,70,0,0,0
2019-12-05 17:30,152,88,64,0,0,0
2019-12-05 17:45,203,116,87,0,0,0
2019-12-05 18:00,192,115,77,0,0,0
2019-12-05 18:15,127,78,49,0,0,0
2019-12-05 18:30,108,58,50,0,0,0
2019-12-05 18:45,100,54,46,0,0,0
2019-12-05 19:00,90,35,55,0,0,0
2019-12-05 19:15,77,42,35,0,0,0
2019-12-05 19:30,79,29,50,0,0,0
2019-12-05 19:45,92,34,58,0,0,0
2019-12-05 20:00,89,26,63,0,0,0
2019-12-05 20:15,72,25,47,0,0,0
2019-12-05 20:30,47,11,36,0,0,0
2019-12-05 20:45,33,10,23,0,0,0
2019-12-05 21:00,59,12,47,0,0,0
2019-12-05 21:15,53,16,37,0,0,0
2019-12-05 21:30,34,12,22,0,0,0
2019-12-05 21:45,42,10,32,0,0,0
2019-12-05 22:00,28,9,19,0,0,0
2019-12-05 22:15,34,12,22,0,0,0
2019-12-05 22:30,32,8,24,0,0,0
2019-12-05 22:45,29,7,22,0,0,0
2019-12-05 23:00,30,5,25,0,0,0
2019-12-05 23:15,26,16,10,0,0,0
2019-12-05 23:30,12,1,11,0,0,0
2019-12-05 23:45,12,8,4,0,0,0
2019-12-06 00:00,11,2,9,0,0,0
2019-12-06 00:15,13,2,11,0,0,0
2019-12-06 00:30,10,2,8,0,0,0
2019-12-06 00:45,7,2,5,0,0,0
2019-12-06 01:00,6,2,4,0,0,0
2019-12-06 01:15,5,1,4,0,0,0
2019-12-06 01:30,9,1,8,0,0,0
2019-12-06 01:45,1,0,1,0,0,0
2019-12-06 02:00,4,0,4,0,0,0
2019-12-06 02:15,2,0,2,0,0,0
2019-12-06 02:30,6,0,6,0,0,0
2019-12-06 02:45,10,0,10,0,0,0
2019-12-06 03:00,5,2,3,0,0,0
2019-12-06 03:15,4,0,4,0,0,0
2019-12-06 03:30,5,1,4,0,0,0
2019-12-06 03:45,2,0,2,0,0,0
2019-12-06 04:00,7,2,5,0,0,0
2019-12-06 04:15,0,0,0,0,0,0
2019-12-06 04:30,2,2,0,0,0,0
2019-12-06 04:45,0,0,0,0,0,0
2019-12-06 05:00,1,0,1,0,0,0
2019-12-06 05:15,0,0,0,0,0,0
2019-12-06 05:30,9,4,5,0,0,0
2019-12-06 05:45,9,4,5,0,0,0
2019-12-06 06:00,8,5,3,0,0,0
2019-12-06 06:15,12,5,7,0,0,0
2019-12-06 06:30,34,11,23,0,0,0
2019-12-06 06:45,31,17,14,0,0,0
2019-12-06 07:00,52,14,38,0,0,0
2019-12-06 07:15,72,29,43,0,0,0
2019-12-06 07:30,184,123,61,0,0,0
2019-12-06 07:45,209,83,126,0,0,0
2019-12-06 08:00,206,55,151,0,0,0
2019-12-06 08:15,119,40,79,0,0,0
2019-12-06 08:30,74,40,34,0,0,0
2019-12-06 08:45,108,48,60,0,0,0
2019-12-06 09:00,87,30,57,0,0,0
2019-12-06 09:15,76,26,50,0,0,0
2019-12-06 09:30,60,27,33,0,0,0
2019-12-06 09:45,135,59,76,0,0,0
2019-12-06 10:00,145,41,104,0,0,0
2019-12-06 10:15,62,25,37,0,0,0
2019-12-06 10:30,44,18,26,0,0,0
2019-12-06 10:45,60,22,38,0,0,0
2019-12-06 11:00,55,28,27,0,0,0
2019-12-06 11:15,50,21,29,0,0,0
2019-12-06 11:30,64,41,23,0,0,0
2019-12-06 11:45,140,67,73,0,0,0
2019-12-06 12:00,131,81,50,0,0,0
2019-12-06 12:15,128,55,73,0,0,0
2019-12-06 12:30,123,65,58,0,0,0
2019-12-06 12:45,134,85,49,0,0,0
2019-12-06 13:00,107,37,70,0,0,0
2019-12-06 13:15,78,58,20,0,0,0
2019-12-06 13:30,85,42,43,0,0,0
2019-12-06 13:45,141,70,71,0,0,0
2019-12-06 14:00,134,61,73,0,0,0
2019-12-06 14:15,92,42,50,0,0,0
2019-12-06 14:30,79,34,45,0,0,0
2019-12-06 14:45,78,31,47,0,0,0
2019-12-06 15:00,82,36,46,0,0,0
2019-12-06 15:15,94,63,31,0,0,0
2019-12-06 15:30,108,71,37,0,0,0
2019-12-06 15:45,111,58,53,0,0,0
2019-12-06 16:00,93,49,44,0,0,0
2019-12-06 16:15,89,46,43,0,0,0
2019-12-06 16:30,92,55,37,0,0,0
2019-12-06 16:45,76,43,33,0,0,0
2019-12-06 17:00,90,61,29,0,0,0
2019-12-06 17:15,83,47,36,0,0,0
2019-12-06 17:30,87,44,43,0,0,0
2019-12-06 17:45,60,34,26,0,0,0
2019-12-06 18:00,58,30,28,0,0,0
2019-12-06 18:15,59,25,34,0,0,0
2019-12-06 18:30,58,30,28,0,0,0
2019-12-06 18:45,77,56,21,0,0,0
2019-12-06 19:00,52,19,33,0,0,0
2019-12-06 19:15,42,22,20,0,0,0
2019-12-06 19:30,44,26,18,0,0,0
2019-12-06 19:45,36,16,20,0,0,0
2019-12-06 20:00,38,15,23,0,0,0
2019-12-06 20:15,44,19,25,0,0,0
2019-12-06 20:30,33,11,22,0,0,0
2019-12-06 20:45,34,8,26,0,0,0
2019-12-06 21:00,34,14,20,0,0,0
2019-12-06 21:15,29,11,18,0,0,0
2019-12-06 21:30,21,6,15,0,0,0
2019-12-06 21:45,27,7,20,0,0,0
2019-12-06 22:00,15,4,11,0,0,0
2019-12-06 22:15,28,3,25,0,0,0
2019-12-06 22:30,26,7,19,0,0,0
2019-12-06 22:45,22,4,18,0,0,0
2019-12-06 23:00,22,1,21,0,0,0
2019-12-06 23:15,23,7,16,0,0,0
2019-12-06 23:30,21,3,18,0,0,0
2019-12-06 23:45,22,9,13,0,0,0
2019-12-07 00:00,21,10,11,0,0,0
2019-12-07 00:15,12,3,9,0,0,0
2019-12-07 00:30,12,2,10,0,0,0
2019-12-07 00:45,18,5,13,0,0,0
2019-12-07 01:00,22,4,18,0,0,0
2019-12-07 01:15,18,3,15,0,0,0
2019-12-07 01:30,20,6,14,0,0,0
2019-12-07 01:45,10,5,5,0,0,0
2019-12-07 02:00,8,6,2,0,0,0
2019-12-07 02:15,7,4,3,0,0,0
2019-12-07 02:30,9,5,4,0,0,0
2019-12-07 02:45,9,7,2,0,0,0
2019-12-07 03:00,6,5,1,0,0,0
2019-12-07 03:15,9,6,3,0,0,0
2019-12-07 03:30,2,2,0,0,0,0
2019-12-07 03:45,2,2,0,0,0,0
2019-12-07 04:00,4,2,2,0,0,0
2019-12-07 04:15,14,3,11,0,0,0
2019-12-07 04:30,0,0,0,0,0,0
2019-12-07 04:45,3,2,1,0,0,0
2019-12-07 05:00,1,0,1,0,0,0
2019-12-07 05:15,1,1,0,0,0,0
2019-12-07 05:30,5,3,2,0,0,0
2019-12-07 05:45,6,1,5,0,0,0
2019-12-07 06:00,3,1,2,0,0,0
2019-12-07 06:15,2,0,2,0,0,0
2019-12-07 06:30,6,3,3,0,0,0
2019-12-07 06:45,7,5,2,0,0,0
2019-12-07 07:00,4,4,0,0,0,0
2019-12-07 07:15,5,0,5,0,0,0
2019-12-07 07:30,15,9,6,0,0,0
2019-12-07 07:45,31,22,9,0,0,0
2019-12-07 08:00,22,12,10,0,0,0
2019-12-07 08:15,19,14,5,0,0,0
2019-12-07 08:30,27,18,9,0,0,0
2019-12-07 08:45,43,22,21,0,0,0
2019-12-07 09:00,30,17,13,0,0,0
2019-12-07 09:15,44,34,10,0,0,0
2019-12-07 09:30,40,31,9,0,0,0
2019-12-07 09:45,71,50,21,0,0,0
2019-12-07 10:00,39,21,18,0,0,0
2019-12-07 10:15,47,37,10,0,0,0
2019-12-07 10:30,60,44,16,0,0,0
2019-12-07 10:45,57,33,24,0,0,0
2019-12-07 11:00,59,35,24,0,0,0
2019-12-07 11:15,32,16,16,0,0,0
2019-12-07 11:30,62,32,30,0,0,0
2019-12-07 11:45,61,30,31,0,0,0
2019-12-07 12:00,64,39,25,0,0,0
2019-12-07 12:15,65,32,33,0,0,0
2019-12-07 12:30,74,25,49,0,0,0
2019-12-07 12:45,60,17,43,0,0,0
2019-12-07 13:00,71,37,34,0,0,0
2019-12-07 13:15,77,36,41,0,0,0
2019-12-07 13:30,72,30,42,0,0,0
2019-12-07 13:45,81,36,45,0,0,0
2019-12-07 14:00,62,33,29,0,0,0
2019-12-07 14:15,61,27,34,0,0,0
2019-12-07 14:30,53,26,27,0,0,0
2019-12-07 14:45,48,17,31,0,0,0
2019-12-07 15:00,56,21,35,0,0,0
2019-12-07 15:15,50,17,33,0,0,0
2019-12-07 15:30,65,33,32,0,0,0
2019-12-07 15:45,47,19,28,0,0,0
2019-12-07 16:00,46,20,26,0,0,0
2019-12-07 16:15,58,27,31,0,0,0
2019-12-07 16:30,29,13,16,0,0,0
2019-12-07 16:45,42,26,16,0,0,0
2019-12-07 17:00,32,11,21,0,0,0
2019-12-07 17:15,63,42,21,0,0,0
2019-12-07 17:30,49,27,22,0,0,0
2019-12-07 17:45,62,31,31,0,0,0
2019-12-07 18:00,51,27,24,0,0,0
2019-12-07 18:15,43,21,22,0,0,0
2019-12-07 18:30,48,22,26,0,0,0
2019-12-07 18:45,57,23,34,0,0,0
2019-12-07 19:00,47,24,23,0,0,0
2019-12-07 19:15,45,26,19,0,0,0
2019-12-07 19:30,51,34,17,0,0,0
2019-12-07 19:45,41,18,23,0,0,0
2019-12-07 20:00,42,29,13,0,0,0
2019-12-07 20:15,40,9,31,0,0,0
2019-12-07 20:30,25,11,14,0,0,0
2019-12-07 20:45,55,23,32,0,0,0
2019-12-07 21:00,30,10,20,0,0,0
2019-12-07 21:15,32,10,22,0,0,0
2019-12-07 21:30,49,13,36,0,0,0
2019-12-07 21:45,33,14,19,0,0,0
2019-12-07 22:00,18,3,15,0,0,0
2019-12-07 22:15,21,7,14,0,0,0
2019-12-07 22:30,21,11,10,0,0,0
2019-12-07 22:45,39,9,30,0,0,0
2019-12-07 23:00,16,7,9,0,0,0
2019-12-07 23:15,15,3,12,0,0,0
2019-12-07 23:30,15,4,11,0,0,0
2019-12-07 23:45,25,11,14,0,0,0
2019-12-08 00:00,18,5,13,0,0,0
2019-12-08 00:15,18,11,7,0,0,0
2019-12-08 00:30,12,3,9,0,0,0
2019-12-08 00:45,7,2,5,0,0,0
2019-12-08 01:00,13,1,12,0,0,0
2019-12-08 01:15,7,1,6,0,0,0
2019-12-08 01:30,11,6,5,0,0,0
2019-12-08 01:45,8,1,7,0,0,0
2019-12-08 02:00,23,5,18,0,0,0
2019-12-08 02:15,9,1,8,0,0,0
2019-12-08 02:30,11,4,7,0,0,0
2019-12-08 02:45,6,1,5,0,0,0
2019-12-08 03:00,8,1,7,0,0,0
2019-12-08 03:15,10,0,10,0,0,0
2019-12-08 03:30,2,0,2,0,0,0
2019-12-08 03:45,3,0,3,0,0,0
2019-12-08 04:00,4,0,4,0,0,0
2019-12-08 04:15,3,0,3,0,0,0
2019-12-08 04:30,4,0,4,0,0,0
2019-12-08 04:45,3,1,2,0,0,0
2019-12-08 05:00,1,0,1,0,0,0
2019-12-08 05:15,1,0,1,0,0,0
2019-12-08 05:30,4,0,4,0,0,0
2019-12-08 05:45,5,0,5,0,0,0
2019-12-08 06:00,4,1,3,0,0,0
2019-12-08 06:15,0,0,0,0,0,0
2019-12-08 06:30,1,1,0,0,0,0
2019-12-08 06:45,3,2,1,0,0,0
2019-12-08 07:00,1,0,1,0,0,0
2019-12-08 07:15,0,0,0,0,0,0
2019-12-08 07:30,9,1,8,0,0,0
2019-12-08 07:45,7,4,3,0,0,0
2019-12-08 08:00,4,2,2,0,0,0
2019-12-08 08:15,3,1,2,0,0,0
2019-12-08 08:30,12,8,4,0,0,0
2019-12-08 08:45,9,3,6,0,0,0
2019-12-08 09:00,2,2,0,0,0,0
2019-12-08 09:15,21,14,7,0,0,0
2019-12-08 09:30,14,2,12,0,0,0
2019-12-08 09:45,10,7,3,0,0,0
2019-12-08 10:00,17,10,7,0,0,0
2019-12-08 10:15,16,11,5,0,0,0
2019-12-08 10:30,13,7,6,0,0,0
2019-12-08 10:45,22,15,7,0,0,0
2019-12-08 11:00,19,9,10,0,0,0
2019-12-08 11:15,17,5,12,0,0,0
2019-12-08 11:30,13,5,8,0,0,0
2019-12-08 11:45,16,7,9,0,0,0
2019-12-08 12:00,14,4,10,0,0,0
2019-12-08 12:15,20,8,12,0,0,0
2019-12-08 12:30,17,8,9,0,0,0
2019-12-08 12:45,19,10,9,0,0,0
2019-12-08 13:00,26,8,18,0,0,0
2019-12-08 13:15,24,8,16,0,0,0
2019-12-08 13:30,32,17,15,0,0,0
2019-12-08 13:45,29,18,11,0,0,0
2019-12-08 14:00,19,8,11,0,0,0
2019-12-08 14:15,19,8,11,0,0,0
2019-12-08 14:30,38,19,19,0,0,0
2019-12-08 14:45,25,11,14,0,0,0
2019-12-08 15:00,31,10,21,0,0,0
2019-12-08 15:15,16,8,8,0,0,0
2019-12-08 15:30,35,24,11,0,0,0
2019-12-08 15:45,52,34,18,0,0,0
2019-12-08 16:00,73,48,25,0,0,0
2019-12-08 16:15,48,36,12,0,0,0
2019-12-08 16:30,41,22,19,0,0,0
2019-12-08 16:45,33,14,19,0,0,0
2019-12-08 17:00,40,15,25,0,0,0
2019-12-08 17:15,38,16,22,0,0,0
2019-12-08 17:30,45,17,28,0,0,0
2019-12-08 17:45,65,15,50,0,0,0
2019-12-08 18:00,51,13,38,0,0,0
2019-12-08 18:15,48,26,22,0,0,0
2019-12-08 18:30,33,13,20,0,0,0
2019-12-08 18:45,47,21,26,0,0,0
2019-12-08 19:00,35,12,23,0,0,0
2019-12-08 19:15,26,8,18,0,0,0
2019-12-08 19:30,31,17,14,0,0,0
2019-12-08 19:45,49,16,33,0,0,0
2019-12-08 20:00,44,7,37,0,0,0
2019-12-08 20:15,36,9,27,0,0,0
2019-12-08 20:30,16,1,15,0,0,0
2019-12-08 20:45,17,7,10,0,0,0
2019-12-08 21:00,14,5,9,0,0,0
2019-12-08 21:15,18,5,13,0,0,0
2019-12-08 21:30,14,2,12,0,0,0
2019-12-08 21:45,15,6,9,0,0,0
2019-12-08 22:00,20,4,16,0,0,0
2019-12-08 22:15,22,7,15,0,0,0
2019-12-08 22:30,33,9,24,0,0,0
2019-12-08 22:45,22,3,19,0,0,0
2019-12-08 23:00,11,2,9,0,0,0
2019-12-08 23:15,4,0,4,0,0,0
2019-12-08 23:30,4,0,4,0,0,0
2019-12-08 23:45,7,4,3,0,0,0
2019-12-09 00:00,7,2,5,0,0,0
2019-12-09 00:15,0,0,0,0,0,0
2019-12-09 00:30,0,0,0,0,0,0
2019-12-09 00:45,7,4,3,0,0,0
2019-12-09 01:00,0,0,0,0,0,0
2019-12-09 01:15,1,1,0,0,0,0
2019-12-09 01:30,0,0,0,0,0,0
2019-12-09 01:45,3,2,1,0,0,0
2019-12-09 02:00,0,0,0,0,0,0
2019-12-09 02:15,1,0,1,0,0,0
2019-12-09 02:30,0,0,0,0,0,0
2019-12-09 02:45,2,0,2,0,0,0
2019-12-09 03:00,0,0,0,0,0,0
2019-12-09 03:15,4,0,4,0,0,0
2019-12-09 03:30,0,0,0,0,0,0
2019-12-09 03:45,0,0,0,0,0,0
2019-12-09 04:00,0,0,0,0,0,0
2019-12-09 04:15,0,0,0,0,0,0
2019-12-09 04:30,0,0,0,0,0,0
2019-12-09 04:45,2,2,0,0,0,0
2019-12-09 05:00,0,0,0,0,0,0
2019-12-09 05:15,0,0,0,0,0,0
2019-12-09 05:30,11,5,6,0,0,0
2019-12-09 05:45,16,6,10,0,0,0
2019-12-09 06:00,5,1,4,0,0,0
2019-12-09 06:15,17,6,11,0,0,0
2019-12-09 06:30,28,10,18,0,0,0
2019-12-09 06:45,33,11,22,0,0,0
2019-12-09 07:00,53,18,35,0,0,0
2019-12-09 07:15,82,40,42,0,0,0
2019-12-09 07:30,175,115,60,0,0,0
2019-12-09 07:45,221,75,146,0,0,0
2019-12-09 08:00,191,58,133,0,0,0
2019-12-09 08:15,138,39,99,0,0,0
2019-12-09 08:30,67,26,41,0,0,0
2019-12-09 08:45,109,31,78,0,0,0
2019-12-09 09:00,111,36,75,0,0,0
2019-12-09 09:15,47,14,33,0,0,0
2019-12-09 09:30,83,31,52,0,0,0
2019-12-09 09:45,110,30,80,0,0,0
2019-12-09 10:00,195,77,118,0,0,0
2019-12-09 10:15,68,27,41,0,0,0
2019-12-09 10:30,43,24,19,0,0,0
2019-12-09 10:45,45,24,21,0,0,0
2019-12-09 11:00,63,34,29,0,0,0
2019-12-09 11:15,58,28,30,0,0,0
2019-12-09 11:30,75,26,49,0,0,0
2019-12-09 11:45,154,56,98,0,0,0
2019-12-09 12:00,165,79,86,0,0,0
2019-12-09 12:15,94,41,53,0,0,0
2019-12-09 12:30,93,51,42,0,0,0
2019-12-09 12:45,102,46,56,0,0,0
2019-12-09 13:00,129,57,72,0,0,0
2019-12-09 13:15,109,43,66,0,0,0
2019-12-09 13:30,83,43,40,0,0,0
2019-12-09 13:45,190,65,125,0,0,0
2019-12-09 14:00,190,72,118,0,0,0
2019-12-09 14:15,92,39,53,0,0,0
2019-12-09 14:30,67,37,30,0,0,0
2019-12-09 14:45,118,52,66,0,0,0
2019-12-09 15:00,94,53,41,0,0,0
2019-12-09 15:15,93,67,26,0,0,0
2019-12-09 15:30,126,59,67,0,0,0
2019-12-09 15:45,247,138,109,0,0,0
2019-12-09 16:00,170,92,78,0,0,0
2019-12-09 16:15,147,76,71,0,0,0
2019-12-09 16:30,140,75,65,0,0,0
2019-12-09 16:45,122,72,50,0,0,0
2019-12-09 17:00,114,67,47,0,0,0
2019-12-09 17:15,93,52,41,0,0,0
2019-12-09 17:30,121,74,47,0,0,0
2019-12-09 17:45,249,156,93,0,0,0
2019-12-09 18:00,133,70,63,0,0,0
2019-12-09 18:15,79,43,36,0,0,0
2019-12-09 18:30,92,49,43,0,0,0
2019-12-09 18:45,101,61,40,0,0,0
2019-12-09 19:00,61,21,40,0,0,0
2019-12-09 19:15,75,33,42,0,0,0
2019-12-09 19:30,76,28,48,0,0,0
2019-12-09 19:45,104,38,66,0,0,0
2019-12-09 20:00,53,13,40,0,0,0
2019-12-09 20:15,31,10,21,0,0,0
2019-12-09 20:30,34,13,21,0,0,0
2019-12-09 20:45,39,14,25,0,0,0
2019-12-09 21:00,27,12,15,0,0,0
2019-12-09 21:15,32,6,26,0,0,0
2019-12-09 21:30,33,9,24,0,0,0
2019-12-09 21:45,28,5,23,0,0,0
2019-12-09 22:00,36,6,30,0,0,0
2019-12-09 22:15,50,7,43,0,0,0
2019-12-09 22:30,22,2,20,0,0,0
2019-12-09 22:45,17,2,15,0,0,0
2019-12-09 23:00,16,5,11,0,0,0
2019-12-09 23:15,12,1,11,0,0,0
2019-12-09 23:30,7,1,6,0,0,0
2019-12-09 23:45,15,3,12,0,0,0
2019-12-10 00:00,6,2,4,0,0,0
2019-12-10 00:15,4,4,0,0,0,0
2019-12-10 00:30,3,0,3,0,0,0
2019-12-10 00:45,5,0,5,0,0,0
2019-12-10 01:00,3,0,3,0,0,0
2019-12-10 01:15,1,0,1,0,0,0
2019-12-10 01:30,3,0,3,0,0,0
2019-12-10 01:45,1,1,0,0,0,0
2019-12-10 02:00,2,1,1,0,0,0
2019-12-10 02:15,5,0,5,0,0,0
2019-12-10 02:30,1,1,0,0,0,0
2019-12-10 02:45,2,2,0,0,0,0
2019-12-10 03:00,0,0,0,0,0,0
2019-12-10 03:15,0,0,0,0,0,0
2019-12-10 03:30,0,0,0,0,0,0
2019-12-10 03:45,0,0,0,0,0,0
2019-12-10 04:00,0,0,0,0,0,0
2019-12-10 04:15,0,0,0,0,0,0
2019-12-10 04:30,0,0,0,0,0,0
2019-12-10 04:45,1,1,0,0,0,0
2019-12-10 05:00,0,0,0,0,0,0
2019-12-10 05:15,2,0,2,0,0,0
2019-12-10 05:30,9,4,5,0,0,0
2019-12-10 05:45,10,4,6,0,0,0
2019-12-10 06:00,16,10,6,0,0,0
2019-12-10 06:15,16,10,6,0,0,0
2019-12-10 06:30,38,15,23,0,0,0
2019-12-10 06:45,40,14,26,0,0,0
2019-12-10 07:00,56,18,38,0,0,0
2019-12-10 07:15,97,43,54,0,0,0
2019-12-10 07:30,216,140,76,0,0,0
2019-12-10 07:45,247,103,144,0,0,0
2019-12-10 08:00,280,94,186,0,0,0
2019-12-10 08:15,185,65,120,0,0,0
2019-12-10 08:30,110,34,76,0,0,0
2019-12-10 08:45,161,66,95,0,0,0
2019-12-10 09:00,140,45,95,0,0,0
2019-12-10 09:15,96,44,52,0,0,0
2019-12-10 09:30,100,40,60,0,0,0
2019-12-10 09:45,249,93,156,0,0,0
2019-12-10 10:00,275,99,176,0,0,0
2019-12-10 10:15,101,46,55,0,0,0
2019-12-10 10:30,76,35,41,0,0,0
2019-12-10 10:45,59,37,22,0,0,0
2019-12-10 11:00,92,46,46,0,0,0
2019-12-10 11:15,95,47,48,0,0,0
2019-12-10 11:30,102,44,58,0,0,0
2019-12-10 11:45,275,144,131,0,0,0
2019-12-10 12:00,224,130,94,0,0,0
2019-12-10 12:15,116,64,52,0,0,0
2019-12-10 12:30,108,56,52,0,0,0
2019-12-10 12:45,108,50,58,0,0,0
2019-12-10 13:00,142,54,88,0,0,0
2019-12-10 13:15,138,52,86,0,0,0
2019-12-10 13:30,108,42,66,0,0,0
2019-12-10 13:45,302,140,162,0,0,0
2019-12-10 14:00,247,98,149,0,0,0
2019-12-10 14:15,104,41,63,0,0,0
2019-12-10 14:30,109,55,54,0,0,0
2019-12-10 14:45,132,70,62,0,0,0
2019-12-10 15:00,120,57,63,0,0,0
2019-12-10 15:15,127,75,52,0,0,0
2019-12-10 15:30,173,92,81,0,0,0
2019-12-10 15:45,224,121,103,0,0,0
2019-12-10 16:00,239,146,93,0,0,0
2019-12-10 16:15,175,93,82,0,0,0
2019-12-10 16:30,132,75,57,0,0,0
2019-12-10 16:45,171,100,71,0,0,0
2019-12-10 17:00,147,82,65,0,0,0
2019-12-10 17:15,127,77,50,0,0,0
2019-12-10 17:30,146,76,70,0,0,0
2019-12-10 17:45,242,150,92,0,0,0
2019-12-10 18:00,196,97,99,0,0,0
2019-12-10 18:15,136,61,75,0,0,0
2019-12-10 18:30,110,57,53,0,0,0
2019-12-10 18:45,135,70,65,0,0,0
2019-12-10 19:00,83,38,45,0,0,0
2019-12-10 19:15,87,38,49,0,0,0
2019-12-10 19:30,101,36,65,0,0,0
2019-12-10 19:45,129,41,88,0,0,0
2019-12-10 20:00,91,17,74,0,0,0
2019-12-10 20:15,65,17,48,0,0,0
2019-12-10 20:30,44,13,31,0,0,0
2019-12-10 20:45,48,16,32,0,0,0
2019-12-10 21:00,43,18,25,0,0,0
2019-12-10 21:15,46,16,30,0,0,0
2019-12-10 21:30,37,9,28,0,0,0
2019-12-10 21:45,46,9,37,0,0,0
2019-12-10 22:00,35,13,22,0,0,0
2019-12-10 22:15,39,13,26,0,0,0
2019-12-10 22:30,19,8,11,0,0,0
2019-12-10 22:45,34,6,28,0,0,0
2019-12-10 23:00,28,4,24,0,0,0
2019-12-10 23:15,12,0,12,0,0,0
2019-12-10 23:30,18,4,14,0,0,0
2019-12-10 23:45,20,5,15,0,0,0
2019-12-11 00:00,6,0,6,0,0,0
2019-12-11 00:15,7,0,7,0,0,0
2019-12-11 00:30,2,0,2,0,0,0
2019-12-11 00:45,5,2,3,0,0,0
2019-12-11 01:00,1,0,1,0,0,0
2019-12-11 01:15,3,1,2,0,0,0
2019-12-11 01:30,3,1,2,0,0,0
2019-12-11 01:45,4,1,3,0,0,0
2019-12-11 02:00,1,0,1,0,0,0
2019-12-11 02:15,3,1,2,0,0,0
2019-12-11 02:30,3,0,3,0,0,0
2019-12-11 02:45,0,0,0,0,0,0
2019-12-11 03:00,0,0,0,0,0,0
2019-12-11 03:15,3,0,3,0,0,0
2019-12-11 03:30,0,0,0,0,0,0
2019-12-11 03:45,0,0,0,0,0,0
2019-12-11 04:00,2,2,0,0,0,0
2019-12-11 04:15,0,0,0,0,0,0
2019-12-11 04:30,0,0,0,0,0,0
2019-12-11 04:45,1,0,1,0,0,0
2019-12-11 05:00,0,0,0,0,0,0
2019-12-11 05:15,0,0,0,0,0,0
2019-12-11 05:30,12,5,7,0,0,0
2019-12-11 05:45,15,5,10,0,0,0
2019-12-11 06:00,8,1,7,0,0,0
2019-12-11 06:15,11,4,7,0,0,0
2019-12-11 06:30,30,12,18,0,0,0
2019-12-11 06:45,41,16,25,0,0,0
2019-12-11 07:00,61,31,30,0,0,0
2019-12-11 07:15,80,38,42,0,0,0
2019-12-11 07:30,179,120,59,0,0,0
2019-12-11 07:45,237,83,154,0,0,0
2019-12-11 08:00,205,62,143,0,0,0
2019-12-11 08:15,144,58,86,0,0,0
2019-12-11 08:30,108,41,67,0,0,0
2019-12-11 08:45,131,56,75,0,0,0
2019-12-11 09:00,120,45,75,0,0,0
2019-12-11 09:15,85,30,55,0,0,0
2019-12-11 09:30,103,43,60,0,0,0
2019-12-11 09:45,170,77,93,0,0,0
2019-12-11 10:00,217,71,146,0,0,0
2019-12-11 10:15,94,41,53,0,0,0
2019-12-11 10:30,52,28,24,0,0,0
2019-12-11 10:45,64,23,41,0,0,0
2019-12-11 11:00,63,29,34,0,0,0
2019-12-11 11:15,94,35,59,0,0,0
2019-12-11 11:30,80,34,46,0,0,0
2019-12-11 11:45,199,82,117,0,0,0
2019-12-11 12:00,162,91,71,0,0,0
2019-12-11 12:15,123,57,66,0,0,0
2019-12-11 12:30,77,40,37,0,0,0
2019-12-11 12:45,106,50,56,0,0,0
2019-12-11 13:00,136,73,63,0,0,0
2019-12-11 13:15,121,50,71,0,0,0
2019-12-11 13:30,90,62,28,0,0,0
2019-12-11 13:45,218,109,109,0,0,0
2019-12-11 14:00,174,67,107,0,0,0
2019-12-11 14:15,66,41,25,0,0,0
2019-12-11 14:30,85,42,43,0,0,0
2019-12-11 14:45,88,31,57,0,0,0
2019-12-11 15:00,87,52,35,0,0,0
2019-12-11 15:15,85,49,36,0,0,0
2019-12-11 15:30,144,55,89,0,0,0
2019-12-11 15:45,202,94,108,0,0,0
2019-12-11 16:00,149,86,63,0,0,0
2019-12-11 16:15,114,65,49,0,0,0
2019-12-11 16:30,109,57,52,0,0,0
2019-12-11 16:45,158,90,68,0,0,0
2019-12-11 17:00,127,77,50,0,0,0
2019-12-11 17:15,129,74,55,0,0,0
2019-12-11 17:30,107,63,44,0,0,0
2019-12-11 17:45,216,138,78,0,0,0
2019-12-11 18:00,163,92,71,0,0,0
2019-12-11 18:15,109,58,51,0,0,0
2019-12-11 18:30,93,41,52,0,0,0
2019-12-11 18:45,121,65,56,0,0,0
2019-12-11 19:00,71,19,52,0,0,0
2019-12-11 19:15,97,34,63,0,0,0
2019-12-11 19:30,77,30,47,0,0,0
2019-12-11 19:45,89,28,61,0,0,0
2019-12-11 20:00,85,25,60,0,0,0
2019-12-11 20:15,61,20,41,0,0,0
2019-12-11 20:30,48,21,27,0,0,0
2019-12-11 20:45,58,19,39,0,0,0
2019-12-11 21:00,42,20,22,0,0,0
2019-12-11 21:15,28,8,20,0,0,0
2019-12-11 21:30,49,16,33,0,0,0
2019-12-11 21:45,33,10,23,0,0,0
2019-12-11 22:00,44,11,33,0,0,0
2019-12-11 22:15,29,12,17,0,0,0
2019-12-11 22:30,25,11,14,0,0,0
2019-12-11 22:45,29,6,23,0,0,0
2019-12-11 23:00,19,2,17,0,0,0
2019-12-11 23:15,10,3,7,0,0,0
2019-12-11 23:30,19,16,3,0,0,0
2019-12-11 23:45,26,12,14,0,0,0
2019-12-12 00:00,8,4,4,0,0,0
2019-12-12 00:15,20,16,4,0,0,0
2019-12-12 00:30,20,17,3,0,0,0
2019-12-12 00:45,9,3,6,0,0,0
2019-12-12 01:00,9,6,3,0,0,0
2019-12-12 01:15,2,0,2,0,0,0
2019-12-12 01:30,2,0,2,0,0,0
2019-12-12 01:45,6,4,2,0,0,0
2019-12-12 02:00,5,2,3,0,0,0
2019-12-12 02:15,4,0,4,0,0,0
2019-12-12 02:30,2,0,2,0,0,0
2019-12-12 02:45,11,1,10,0,0,0
2019-12-12 03:00,9,2,7,0,0,0
2019-12-12 03:15,6,0,6,0,0,0
2019-12-12 03:30,6,0,6,0,0,0
2019-12-12 03:45,2,0,2,0,0,0
2019-12-12 04:00,5,0,5,0,0,0
2019-12-12 04:15,1,0,1,0,0,0
2019-12-12 04:30,9,0,9,0,0,0
2019-12-12 04:45,8,3,5,0,0,0
2019-12-12 05:00,7,3,4,0,0,0
2019-12-12 05:15,5,0,5,0,0,0
2019-12-12 05:30,15,6,9,0,0,0
2019-12-12 05:45,12,2,10,0,0,0
2019-12-12 06:00,7,3,4,0,0,0
2019-12-12 06:15,15,8,7,0,0,0
2019-12-12 06:30,26,10,16,0,0,0
2019-12-12 06:45,28,9,19,0,0,0
2019-12-12 07:00,63,19,44,0,0,0
2019-12-12 07:15,94,36,58,0,0,0
2019-12-12 07:30,222,140,82,0,0,0
2019-12-12 07:45,245,92,153,0,0,0
2019-12-12 08:00,236,67,169,0,0,0
2019-12-12 08:15,168,68,100,0,0,0
2019-12-12 08:30,111,40,71,0,0,0
2019-12-12 08:45,129,49,80,0,0,0
2019-12-12 09:00,109,39,70,0,0,0
2019-12-12 09:15,91,40,51,0,0,0
2019-12-12 09:30,112,48,64,0,0,0
2019-12-12 09:45,131,66,65,0,0,0
2019-12-12 10:00,263,83,180,0,0,0
2019-12-12 10:15,98,51,47,0,0,0
2019-12-12 10:30,64,30,34,0,0,0
2019-12-12 10:45,63,33,30,0,0,0
2019-12-12 11:00,84,36,48,0,0,0
2019-12-12 11:15,113,53,60,0,0,0
2019-12-12 11:30,88,37,51,0,0,0
2019-12-12 11:45,229,82,147,0,0,0
2019-12-12 12:00,192,91,101,0,0,0
2019-12-12 12:15,110,48,62,0,0,0
2019-12-12 12:30,130,62,68,0,0,0
2019-12-12 12:45,108,57,51,0,0,0
2019-12-12 13:00,115,53,62,0,0,0
2019-12-12 13:15,139,63,76,0,0,0
2019-12-12 13:30,117,48,69,0,0,0
2019-12-12 13:45,241,110,131,0,0,0
2019-12-12 14:00,235,81,154,0,0,0
2019-12-12 14:15,134,73,61,0,0,0
2019-12-12 14:30,132,69,63,0,0,0
2019-12-12 14:45,124,59,65,0,0,0
2019-12-12 15:00,104,58,46,0,0,0
2019-12-12 15:15,143,69,74,0,0,0
2019-12-12 15:30,187,105,82,0,0,0
2019-12-12 15:45,258,135,123,0,0,0
2019-12-12 16:00,228,120,108,0,0,0
2019-12-12 16:15,176,100,76,0,0,0
2019-12-12 16:30,143,76,67,0,0,0
2019-12-12 16:45,174,119,55,0,0,0
2019-12-12 17:00,174,108,66,0,0,0
2019-12-12 17:15,166,102,64,0,0,0
2019-12-12 17:30,165,101,64,0,0,0
2019-12-12 17:45,223,141,82,0,0,0
2019-12-12 18:00,158,99,59,0,0,0
2019-12-12 18:15,159,88,71,0,0,0
2019-12-12 18:30,87,33,54,0,0,0
2019-12-12 18:45,100,51,49,0,0,0
2019-12-12 19:00,106,40,66,0,0,0
2019-12-12 19:15,82,39,43,0,0,0
2019-12-12 19:30,83,11,72,0,0,0
2019-12-12 19:45,88,33,55,0,0,0
2019-12-12 20:00,103,20,83,0,0,0
2019-12-12 20:15,94,22,72,0,0,0
2019-12-12 20:30,49,10,39,0,0,0
2019-12-12 20:45,30,8,22,0,0,0
2019-12-12 21:00,71,11,60,0,0,0
2019-12-12 21:15,38,17,21,0,0,0
2019-12-12 21:30,50,12,38,0,0,0
2019-12-12 21:45,41,12,29,0,0,0
2019-12-12 22:00,42,13,29,0,0,0
2019-12-12 22:15,39,16,23,0,0,0
2019-12-12 22:30,29,4,25,0,0,0
2019-12-12 22:45,28,2,26,0,0,0
2019-12-12 23:00,17,4,13,0,0,0
2019-12-12 23:15,18,4,14,0,0,0
2019-12-12 23:30,19,2,17,0,0,0
2019-12-12 23:45,15,8,7,0,0,0
2019-12-13 00:00,21,7,14,0,0,0
2019-12-13 00:15,18,0,18,0,0,0
2019-12-13 00:30,14,3,11,0,0,0
2019-12-13 00:45,16,9,7,0,0,0
2019-12-13 01:00,10,2,8,0,0,0
2019-12-13 01:15,11,1,10,0,0,0
2019-12-13 01:30,4,1,3,0,0,0
2019-12-13 01:45,6,1,5,0,0,0
2019-12-13 02:00,4,2,2,0,0,0
2019-12-13 02:15,2,1,1,0,0,0
2019-12-13 02:30,0,0,0,0,0,0
2019-12-13 02:45,4,0,4,0,0,0
2019-12-13 03:00,3,0,3,0,0,0
2019-12-13 03:15,4,0,4,0,0,0
2019-12-13 03:30,3,0,3,0,0,0
2019-12-13 03:45,3,0,3,0,0,0
2019-12-13 04:00,6,2,4,0,0,0
2019-12-13 04:15,5,1,4,0,0,0
2019-12-13 04:30,2,0,2,0,0,0
2019-12-13 04:45,10,0,10,0,0,0
2019-12-13 05:00,3,1,2,0,0,0
2019-12-13 05:15,1,0,1,0,0,0
2019-12-13 05:30,6,3,3,0,0,0
2019-12-13 05:45,8,3,5,0,0,0
2019-12-13 06:00,12,6,6,0,0,0
2019-12-13 06:15,9,2,7,0,0,0
2019-12-13 06:30,33,13,20,0,0,0
2019-12-13 06:45,34,11,23,0,0,0
2019-12-13 07:00,47,18,29,0,0,0
2019-12-13 07:15,95,42,53,0,0,0
2019-12-13 07:30,191,133,58,0,0,0
2019-12-13 07:45,207,75,132,0,0,0
2019-12-13 08:00,203,56,147,0,0,0
2019-12-13 08:15,126,44,82,0,0,0
2019-12-13 08:30,90,40,50,0,0,0
2019-12-13 08:45,138,48,90,0,0,0
2019-12-13 09:00,85,36,49,0,0,0
2019-12-13 09:15,74,36,38,0,0,0
2019-12-13 09:30,103,31,72,0,0,0
2019-12-13 09:45,180,69,111,0,0,0
2019-12-13 10:00,200,69,131,0,0,0
2019-12-13 10:15,72,32,40,0,0,0
2019-12-13 10:30,49,27,22,0,0,0
2019-12-13 10:45,73,36,37,0,0,0
2019-12-13 11:00,80,33,47,0,0,0
2019-12-13 11:15,92,42,50,0,0,0
2019-12-13 11:30,94,45,49,0,0,0
2019-12-13 11:45,151,94,57,0,0,0
2019-12-13 12:00,147,85,62,0,0,0
2019-12-13 12:15,130,55,75,0,0,0
2019-12-13 12:30,98,48,50,0,0,0
2019-12-13 12:45,103,61,42,0,0,0
2019-12-13 13:00,101,30,71,0,0,0
2019-12-13 13:15,148,70,78,0,0,0
2019-12-13 13:30,122,60,62,0,0,0
2019-12-13 13:45,142,73,69,0,0,0
2019-12-13 14:00,149,58,91,0,0,0
2019-12-13 14:15,113,58,55,0,0,0
2019-12-13 14:30,94,45,49,0,0,0
2019-12-13 14:45,111,45,66,0,0,0
2019-12-13 15:00,110,61,49,0,0,0
2019-12-13 15:15,135,70,65,0,0,0
2019-12-13 15:30,118,61,57,0,0,0
2019-12-13 15:45,136,78,58,0,0,0
2019-12-13 16:00,105,55,50,0,0,0
2019-12-13 16:15,131,75,56,0,0,0
2019-12-13 16:30,103,57,46,0,0,0
2019-12-13 16:45,100,61,39,0,0,0
2019-12-13 17:00,84,52,32,0,0,0
2019-12-13 17:15,107,62,45,0,0,0
2019-12-13 17:30,103,45,58,0,0,0
2019-12-13 17:45,120,68,52,0,0,0
2019-12-13 18:00,94,46,48,0,0,0
2019-12-13 18:15,77,32,45,0,0,0
2019-12-13 18:30,58,34,24,0,0,0
2019-12-13 18:45,72,36,36,0,0,0
2019-12-13 19:00,52,17,35,0,0,0
2019-12-13 19:15,59,25,34,0,0,0
2019-12-13 19:30,72,33,39,0,0,0
2019-12-13 19:45,55,18,37,0,0,0
2019-12-13 20:00,53,29,24,0,0,0
2019-12-13 20:15,52,19,33,0,0,0
2019-12-13 20:30,45,19,26,0,0,0
2019-12-13 20:45,23,8,15,0,0,0
2019-12-13 21:00,50,27,23,0,0,0
2019-12-13 21:15,38,16,22,0,0,0
2019-12-13 21:30,23,11,12,0,0,0
2019-12-13 21:45,29,12,17,0,0,0
2019-12-13 22:00,19,4,15,0,0,0
2019-12-13 22:15,30,12,18,0,0,0
2019-12-13 22:30,30,11,19,0,0,0
2019-12-13 22:45,29,5,24,0,0,0
2019-12-13 23:00,37,8,29,0,0,0
2019-12-13 23:15,15,2,13,0,0,0
2019-12-13 23:30,25,5,20,0,0,0
2019-12-13 23:45,18,7,11,0,0,0
2019-12-14 00:00,21,6,15,0,0,0
2019-12-14 00:15,10,3,7,0,0,0
2019-12-14 00:30,22,6,16,0,0,0
2019-12-14 00:45,15,5,10,0,0,0
2019-12-14 01:00,18,2,16,0,0,0
2019-12-14 01:15,10,2,8,0,0,0
2019-12-14 01:30,13,3,10,0,0,0
2019-12-14 01:45,13,7,6,0,0,0
2019-12-14 02:00,16,5,11,0,0,0
2019-12-14 02:15,8,4,4,0,0,0
2019-12-14 02:30,13,3,10,0,0,0
2019-12-14 02:45,4,0,4,0,0,0
2019-12-14 03:00,9,4,5,0,0,0
2019-12-14 03:15,5,3,2,0,0,0
2019-12-14 03:30,7,1,6,0,0,0
2019-12-14 03:45,2,0,2,0,0,0
2019-12-14 04:00,7,0,7,0,0,0
2019-12-14 04:15,7,0,7,0,0,0
2019-12-14 04:30,4,1,3,0,0,0
2019-12-14 04:45,2,1,1,0,0,0
2019-12-14 05:00,4,2,2,0,0,0
2019-12-14 05:15,1,0,1,0,0,0
2019-12-14 05:30,1,0,1,0,0,0
2019-12-14 05:45,8,2,6,0,0,0
2019-12-14 06:00,3,2,1,0,0,0
2019-12-14 06:15,1,1,0,0,0,0
2019-12-14 06:30,3,2,1,0,0,0
2019-12-14 06:45,5,3,2,0,0,0
2019-12-14 07:00,3,3,0,0,0,0
2019-12-14 07:15,7,4,3,0,0,0
2019-12-14 07:30,6,3,3,0,0,0
2019-12-14 07:45,8,4,4,0,0,0
2019-12-14 08:00,31,7,24,0,0,0
2019-12-14 08:15,14,5,9,0,0,0
2019-12-14 08:30,20,16,4,0,0,0
2019-12-14 08:45,41,26,15,0,0,0
2019-12-14 09:00,24,16,8,0,0,0
2019-12-14 09:15,54,41,13,0,0,0
2019-12-14 09:30,38,29,9,0,0,0
2019-12-14 09:45,39,27,12,0,0,0
2019-12-14 10:00,47,26,21,0,0,0
2019-12-14 10:15,51,30,21,0,0,0
2019-12-14 10:30,51,33,18,0,0,0
2019-12-14 10:45,65,41,24,0,0,0
2019-12-14 11:00,79,50,29,0,0,0
2019-12-14 11:15,61,42,19,0,0,0
2019-12-14 11:30,66,41,25,0,0,0
2019-12-14 11:45,51,35,16,0,0,0
2019-12-14 12:00,58,42,16,0,0,0
2019-12-14 12:15,67,32,35,0,0,0
2019-12-14 12:30,71,36,35,0,0,0
2019-12-14 12:45,101,60,41,0,0,0
2019-12-14 13:00,75,39,36,0,0,0
2019-12-14 13:15,78,33,45,0,0,0
2019-12-14 13:30,65,25,40,0,0,0
2019-12-14 13:45,66,28,38,0,0,0
2019-12-14 14:00,85,39,46,0,0,0
2019-12-14 14:15,69,34,35,0,0,0
2019-12-14 14:30,62,27,35,0,0,0
2019-12-14 14:45,61,29,32,0,0,0
2019-12-14 15:00,62,19,43,0,0,0
2019-12-14 15:15,68,20,48,0,0,0
2019-12-14 15:30,38,17,21,0,0,0
2019-12-14 15:45,50,19,31,0,0,0
2019-12-14 16:00,46,18,28,0,0,0
2019-12-14 16:15,42,19,23,0,0,0
2019-12-14 16:30,55,31,24,0,0,0
2019-12-14 16:45,53,30,23,0,0,0
2019-12-14 17:00,49,25,24,0,0,0
2019-12-14 17:15,44,18,26,0,0,0
2019-12-14 17:30,50,25,25,0,0,0
2019-12-14 17:45,65,27,38,0,0,0
2019-12-14 18:00,46,16,30,0,0,0
2019-12-14 18:15,69,19,50,0,0,0
2019-12-14 18:30,42,14,28,0,0,0
2019-12-14 18:45,43,17,26,0,0,0
2019-12-14 19:00,38,16,22,0,0,0
2019-12-14 19:15,40,23,17,0,0,0
2019-12-14 19:30,43,21,22,0,0,0
2019-12-14 19:45,29,7,22,0,0,0
2019-12-14 20:00,33,7,26,0,0,0
2019-12-14 20:15,24,1,23,0,0,0
2019-12-14 20:30,22,3,19,0,0,0
2019-12-14 20:45,27,10,17,0,0,0
2019-12-14 21:00,28,5,23,0,0,0
2019-12-14 21:15,35,13,22,0,0,0
2019-12-14 21:30,24,11,13,0,0,0
2019-12-14 21:45,20,3,17,0,0,0
2019-12-14 22:00,14,6,8,0,0,0
2019-12-14 22:15,14,1,13,0,0,0
2019-12-14 22:30,18,3,15,0,0,0
2019-12-14 22:45,17,2,15,0,0,0
2019-12-14 23:00,17,3,14,0,0,0
2019-12-14 23:15,16,10,6,0,0,0
2019-12-14 23:30,8,0,8,0,0,0
2019-12-14 23:45,19,5,14,0,0,0
2019-12-15 00:00,8,2,6,0,0,0
2019-12-15 00:15,7,1,6,0,0,0
2019-12-15 00:30,11,1,10,0,0,0
2019-12-15 00:45,23,14,9,0,0,0
2019-12-15 01:00,10,0,10,0,0,0
2019-12-15 01:15,12,2,10,0,0,0
2019-12-15 01:30,17,8,9,0,0,0
2019-12-15 01:45,7,3,4,0,0,0
2019-12-15 02:00,5,1,4,0,0,0
2019-12-15 02:15,12,1,11,0,0,0
2019-12-15 02:30,5,1,4,0,0,0
2019-12-15 02:45,10,2,8,0,0,0
2019-12-15 03:00,2,1,1,0,0,0
2019-12-15 03:15,4,1,3,0,0,0
2019-12-15 03:30,1,0,1,0,0,0
2019-12-15 03:45,5,1,4,0,0,0
2019-12-15 04:00,8,0,8,0,0,0
2019-12-15 04:15,8,5,3,0,0,0
2019-12-15 04:30,2,1,1,0,0,0
2019-12-15 04:45,6,1,5,0,0,0
2019-12-15 05:00,2,1,1,0,0,0
2019-12-15 05:15,1,0,1,0,0,0
2019-12-15 05:30,8,0,8,0,0,0
2019-12-15 05:45,4,1,3,0,0,0
2019-12-15 06:00,4,1,3,0,0,0
2019-12-15 06:15,3,2,1,0,0,0
2019-12-15 06:30,0,0,0,0,0,0
2019-12-15 06:45,1,1,0,0,0,0
2019-12-15 07:00,1,0,1,0,0,0
2019-12-15 07:15,1,1,0,0,0,0
2019-12-15 07:30,4,1,3,0,0,0
2019-12-15 07:45,6,2,4,0,0,0
2019-12-15 08:00,2,1,1,0,0,0
2019-12-15 08:15,2,1,1,0,0,0
2019-12-15 08:30,9,5,4,0,0,0
2019-12-15 08:45,9,4,5,0,0,0
2019-12-15 09:00,4,4,0,0,0,0
2019-12-15 09:15,11,7,4,0,0,0
2019-12-15 09:30,17,9,8,0,0,0
2019-12-15 09:45,32,22,10,0,0,0
2019-12-15 10:00,16,8,8,0,0,0
2019-12-15 10:15,27,17,10,0,0,0
2019-12-15 10:30,15,14,1,0,0,0
2019-12-15 10:45,15,10,5,0,0,0
2019-12-15 11:00,17,10,7,0,0,0
2019-12-15 11:15,14,5,9,0,0,0
2019-12-15 11:30,32,20,12,0,0,0
2019-12-15 11:45,25,11,14,0,0,0
2019-12-15 12:00,26,8,18,0,0,0
2019-12-15 12:15,32,7,25,0,0,0
2019-12-15 12:30,31,14,17,0,0,0
2019-12-15 12:45,33,15,18,0,0,0
2019-12-15 13:00,33,20,13,0,0,0
2019-12-15 13:15,52,26,26,0,0,0
2019-12-15 13:30,45,20,25,0,0,0
2019-12-15 13:45,43,22,21,0,0,0
2019-12-15 14:00,39,12,27,0,0,0
2019-12-15 14:15,48,29,19,0,0,0
2019-12-15 14:30,64,31,33,0,0,0
2019-12-15 14:45,48,26,22,0,0,0
2019-12-15 15:00,48,28,20,0,0,0
2019-12-15 15:15,53,34,19,0,0,0
2019-12-15 15:30,43,23,20,0,0,0
2019-12-15 15:45,63,41,22,0,0,0
2019-12-15 16:00,69,27,42,0,0,0
2019-12-15 16:15,38,14,24,0,0,0
2019-12-15 16:30,47,12,35,0,0,0
2019-12-15 16:45,54,25,29,0,0,0
2019-12-15 17:00,46,16,30,0,0,0
2019-12-15 17:15,44,22,22,0,0,0
2019-12-15 17:30,43,6,37,0,0,0
2019-12-15 17:45,62,25,37,0,0,0
2019-12-15 18:00,31,10,21,0,0,0
2019-12-15 18:15,40,14,26,0,0,0
2019-12-15 18:30,55,27,28,0,0,0
2019-12-15 18:45,24,8,16,0,0,0
2019-12-15 19:00,42,15,27,0,0,0
2019-12-15 19:15,43,16,27,0,0,0
2019-12-15 19:30,37,16,21,0,0,0
2019-12-15 19:45,36,6,30,0,0,0
2019-12-15 20:00,45,14,31,0,0,0
2019-12-15 20:15,24,2,22,0,0,0
2019-12-15 20:30,25,6,19,0,0,0
2019-12-15 20:45,34,12,22,0,0,0
2019-12-15 21:00,22,2,20,0,0,0
2019-12-15 21:15,17,7,10,0,0,0
2019-12-15 21:30,22,10,12,0,0,0
2019-12-15 21:45,16,0,16,0,0,0
2019-12-15 22:00,13,5,8,0,0,0
2019-12-15 22:15,17,9,8,0,0,0
2019-12-15 22:30,12,3,9,0,0,0
2019-12-15 22:45,33,7,26,0,0,0
2019-12-15 23:00,14,6,8,0,0,0
2019-12-15 23:15,2,0,2,0,0,0
2019-12-15 23:30,6,1,5,0,0,0
2019-12-15 23:45,2,0,2,0,0,0
2019-12-16 00:00,3,2,1,0,0,0
2019-12-16 00:15,5,2,3,0,0,0
2019-12-16 00:30,2,1,1,0,0,0
2019-12-16 00:45,4,1,3,0,0,0
2019-12-16 01:00,1,0,1,0,0,0
2019-12-16 01:15,1,1,0,0,0,0
2019-12-16 01:30,0,0,0,0,0,0
2019-12-16 01:45,4,3,1,0,0,0
2019-12-16 02:00,1,0,1,0,0,0
2019-12-16 02:15,2,1,1,0,0,0
2019-12-16 02:30,0,0,0,0,0,0
2019-12-16 02:45,0,0,0,0,0,0
2019-12-16 03:00,1,1,0,0,0,0
2019-12-16 03:15,1,0,1,0,0,0
2019-12-16 03:30,0,0,0,0,0,0
2019-12-16 03:45,0,0,0,0,0,0
2019-12-16 04:00,1,0,1,0,0,0
2019-12-16 04:15,0,0,0,0,0,0
2019-12-16 04:30,1,1,0,0,0,0
2019-12-16 04:45,0,0,0,0,0,0
2019-12-16 05:00,1,0,1,0,0,0
2019-12-16 05:15,1,1,0,0,0,0
2019-12-16 05:30,8,3,5,0,0,0
2019-12-16 05:45,12,4,8,0,0,0
2019-12-16 06:00,5,3,2,0,0,0
2019-12-16 06:15,20,7,13,0,0,0
2019-12-16 06:30,27,11,16,0,0,0
2019-12-16 06:45,37,16,21,0,0,0
2019-12-16 07:00,56,18,38,0,0,0
2019-12-16 07:15,91,34,57,0,0,0
2019-12-16 07:30,235,159,76,0,0,0
2019-12-16 07:45,210,79,131,0,0,0
2019-12-16 08:00,199,43,156,0,0,0
2019-12-16 08:15,114,33,81,0,0,0
2019-12-16 08:30,104,43,61,0,0,0
2019-12-16 08:45,129,52,77,0,0,0
2019-12-16 09:00,119,31,88,0,0,0
2019-12-16 09:15,79,34,45,0,0,0
2019-12-16 09:30,109,41,68,0,0,0
2019-12-16 09:45,139,67,72,0,0,0
2019-12-16 10:00,271,119,152,0,0,0
2019-12-16 10:15,104,58,46,0,0,0
2019-12-16 10:30,77,40,37,0,0,0
2019-12-16 10:45,70,33,37,0,0,0
2019-12-16 11:00,106,42,64,0,0,0
2019-12-16 11:15,93,46,47,0,0,0
2019-12-16 11:30,96,39,57,0,0,0
2019-12-16 11:45,208,86,122,0,0,0
2019-12-16 12:00,161,68,93,0,0,0
2019-12-16 12:15,109,48,61,0,0,0
2019-12-16 12:30,112,47,65,0,0,0
2019-12-16 12:45,132,63,69,0,0,0
2019-12-16 13:00,128,62,66,0,0,0
2019-12-16 13:15,126,64,62,0,0,0
2019-12-16 13:30,105,41,64,0,0,0
2019-12-16 13:45,207,97,110,0,0,0
2019-12-16 14:00,201,73,128,0,0,0
2019-12-16 14:15,117,55,62,0,0,0
2019-12-16 14:30,115,52,63,0,0,0
2019-12-16 14:45,115,47,68,0,0,0
2019-12-16 15:00,129,58,71,0,0,0
2019-12-16 15:15,91,57,34,0,0,0
2019-12-16 15:30,149,66,83,0,0,0
2019-12-16 15:45,260,141,119,0,0,0
2019-12-16 16:00,206,124,82,0,0,0
2019-12-16 16:15,136,71,65,0,0,0
2019-12-16 16:30,132,72,60,0,0,0
2019-12-16 16:45,164,109,55,0,0,0
2019-12-16 17:00,122,76,46,0,0,0
2019-12-16 17:15,127,74,53,0,0,0
2019-12-16 17:30,140,68,72,0,0,0
2019-12-16 17:45,229,124,105,0,0,0
2019-12-16 18:00,164,84,80,0,0,0
2019-12-16 18:15,143,61,82,0,0,0
2019-12-16 18:30,92,40,52,0,0,0
2019-12-16 18:45,107,43,64,0,0,0
2019-12-16 19:00,76,30,46,0,0,0
2019-12-16 19:15,108,30,78,0,0,0
2019-12-16 19:30,99,33,66,0,0,0
2019-12-16 19:45,90,29,61,0,0,0
2019-12-16 20:00,78,21,57,0,0,0
2019-12-16 20:15,60,13,47,0,0,0
2019-12-16 20:30,62,11,51,0,0,0
2019-12-16 20:45,50,9,41,0,0,0
2019-12-16 21:00,22,8,14,0,0,0
2019-12-16 21:15,36,11,25,0,0,0
2019-12-16 21:30,42,11,31,0,0,0
2019-12-16 21:45,48,17,31,0,0,0
2019-12-16 22:00,35,9,26,0,0,0
2019-12-16 22:15,16,4,12,0,0,0
2019-12-16 22:30,18,7,11,0,0,0
2019-12-16 22:45,22,14,8,0,0,0
2019-12-16 23:00,17,1,16,0,0,0
2019-12-16 23:15,31,11,20,0,0,0
2019-12-16 23:30,67,54,13,0,0,0
2019-12-16 23:45,26,14,12,0,0,0
2019-12-17 00:00,11,7,4,0,0,0
2019-12-17 00:15,7,2,5,0,0,0
2019-12-17 00:30,9,5,4,0,0,0
2019-12-17 00:45,6,0,6,0,0,0
2019-12-17 01:00,1,0,1,0,0,0
2019-12-17 01:15,2,1,1,0,0,0
2019-12-17 01:30,3,2,1,0,0,0
2019-12-17 01:45,1,0,1,0,0,0
2019-12-17 02:00,3,1,2,0,0,0
2019-12-17 02:15,0,0,0,0,0,0
2019-12-17 02:30,1,0,1,0,0,0
2019-12-17 02:45,3,1,2,0,0,0
2019-12-17 03:00,0,0,0,0,0,0
2019-12-17 03:15,1,1,0,0,0,0
2019-12-17 03:30,0,0,0,0,0,0
2019-12-17 03:45,2,2,0,0,0,0
2019-12-17 04:00,1,0,1,0,0,0
2019-12-17 04:15,1,1,0,0,0,0
2019-12-17 04:30,0,0,0,0,0,0
2019-12-17 04:45,0,0,0,0,0,0
2019-12-17 05:00,4,3,1,0,0,0
2019-12-17 05:15,0,0,0,0,0,0
2019-12-17 05:30,7,2,5,0,0,0
2019-12-17 05:45,7,1,6,0,0,0
2019-12-17 06:00,12,4,8,0,0,0
2019-12-17 06:15,25,13,12,0,0,0
2019-12-17 06:30,25,14,11,0,0,0
2019-12-17 06:45,58,28,30,0,0,0
2019-12-17 07:00,51,20,31,0,0,0
2019-12-17 07:15,71,37,34,0,0,0
2019-12-17 07:30,238,162,76,0,0,0
2019-12-17 07:45,224,74,150,0,0,0
2019-12-17 08:00,284,86,198,0,0,0
2019-12-17 08:15,149,57,92,0,0,0
2019-12-17 08:30,129,45,84,0,0,0
2019-12-17 08:45,141,69,72,0,0,0
2019-12-17 09:00,129,47,82,0,0,0
2019-12-17 09:15,92,46,46,0,0,0
2019-12-17 09:30,144,70,74,0,0,0
2019-12-17 09:45,219,77,142,0,0,0
2019-12-17 10:00,277,86,191,0,0,0
2019-12-17 10:15,97,43,54,0,0,0
2019-12-17 10:30,91,41,50,0,0,0
2019-12-17 10:45,93,32,61,0,0,0
2019-12-17 11:00,90,42,48,0,0,0
2019-12-17 11:15,107,56,51,0,0,0
2019-12-17 11:30,134,66,68,0,0,0
2019-12-17 11:45,294,158,136,0,0,0
2019-12-17 12:00,203,114,89,0,0,0
2019-12-17 12:15,150,62,88,0,0,0
2019-12-17 12:30,133,71,62,0,0,0
2019-12-17 12:45,170,83,87,0,0,0
2019-12-17 13:00,170,66,104,0,0,0
2019-12-17 13:15,168,52,116,0,0,0
2019-12-17 13:30,141,57,84,0,0,0
2019-12-17 13:45,263,140,123,0,0,0
2019-12-17 14:00,197,87,110,0,0,0
2019-12-17 14:15,123,69,54,0,0,0
2019-12-17 14:30,133,63,70,0,0,0
2019-12-17 14:45,170,86,84,0,0,0
2019-12-17 15:00,157,71,86,0,0,0
2019-12-17 15:15,156,88,68,0,0,0
2019-12-17 15:30,168,91,77,0,0,0
2019-12-17 15:45,231,112,119,0,0,0
2019-12-17 16:00,214,114,100,0,0,0
2019-12-17 16:15,164,81,83,0,0,0
2019-12-17 16:30,196,115,81,0,0,0
2019-12-17 16:45,169,92,77,0,0,0
2019-12-17 17:00,175,109,66,0,0,0
2019-12-17 17:15,165,100,65,0,0,0
2019-12-17 17:30,154,82,72,0,0,0
2019-12-17 17:45,233,143,90,0,0,0
2019-12-17 18:00,207,116,91,0,0,0
2019-12-17 18:15,144,63,81,0,0,0
2019-12-17 18:30,96,38,58,0,0,0
2019-12-17 18:45,127,46,81,0,0,0
2019-12-17 19:00,110,33,77,0,0,0
2019-12-17 19:15,126,59,67,0,0,0
2019-12-17 19:30,75,34,41,0,0,0
2019-12-17 19:45,121,49,72,0,0,0
2019-12-17 20:00,97,21,76,0,0,0
2019-12-17 20:15,80,22,58,0,0,0
2019-12-17 20:30,45,13,32,0,0,0
2019-12-17 20:45,50,19,31,0,0,0
2019-12-17 21:00,54,19,35,0,0,0
2019-12-17 21:15,33,10,23,0,0,0
2019-12-17 21:30,46,18,28,0,0,0
2019-12-17 21:45,43,10,33,0,0,0
2019-12-17 22:00,42,17,25,0,0,0
2019-12-17 22:15,37,10,27,0,0,0
2019-12-17 22:30,31,3,28,0,0,0
2019-12-17 22:45,30,6,24,0,0,0
2019-12-17 23:00,31,5,26,0,0,0
2019-12-17 23:15,17,1,16,0,0,0
2019-12-17 23:30,12,0,12,0,0,0
2019-12-17 23:45,28,6,22,0,0,0
2019-12-18 00:00,17,6,11,0,0,0
2019-12-18 00:15,10,3,7,0,0,0
2019-12-18 00:30,17,4,13,0,0,0
2019-12-18 00:45,7,1,6,0,0,0
2019-12-18 01:00,5,0,5,0,0,0
2019-12-18 01:15,11,6,5,0,0,0
2019-12-18 01:30,7,4,3,0,0,0
2019-12-18 01:45,4,0,4,0,0,0
2019-12-18 02:00,3,0,3,0,0,0
2019-12-18 02:15,5,2,3,0,0,0
2019-12-18 02:30,4,0,4,0,0,0
2019-12-18 02:45,3,1,2,0,0,0
2019-12-18 03:00,0,0,0,0,0,0
2019-12-18 03:15,1,0,1,0,0,0
2019-12-18 03:30,0,0,0,0,0,0
2019-12-18 03:45,0,0,0,0,0,0
2019-12-18 04:00,0,0,0,0,0,0
2019-12-18 04:15,0,0,0,0,0,0
2019-12-18 04:30,1,0,1,0,0,0
2019-12-18 04:45,0,0,0,0,0,0
2019-12-18 05:00,3,2,1,0,0,0
2019-12-18 05:15,2,2,0,0,0,0
2019-12-18 05:30,9,3,6,0,0,0
2019-12-18 05:45,14,4,10,0,0,0
2019-12-18 06:00,10,5,5,0,0,0
2019-12-18 06:15,22,11,11,0,0,0
2019-12-18 06:30,42,18,24,0,0,0
2019-12-18 06:45,51,25,26,0,0,0
2019-12-18 07:00,50,20,30,0,0,0
2019-12-18 07:15,75,37,38,0,0,0
2019-12-18 07:30,234,150,84,0,0,0
2019-12-18 07:45,259,106,153,0,0,0
2019-12-18 08:00,256,61,195,0,0,0
2019-12-18 08:15,149,56,93,0,0,0
2019-12-18 08:30,108,39,69,0,0,0
2019-12-18 08:45,152,64,88,0,0,0
2019-12-18 09:00,130,62,68,0,0,0
2019-12-18 09:15,119,54,65,0,0,0
2019-12-18 09:30,141,60,81,0,0,0
2019-12-18 09:45,220,107,113,0,0,0
2019-12-18 10:00,231,101,130,0,0,0
2019-12-18 10:15,135,73,62,0,0,0
2019-12-18 10:30,98,58,40,0,0,0
2019-12-18 10:45,112,51,61,0,0,0
2019-12-18 11:00,124,65,59,0,0,0
2019-12-18 11:15,151,73,78,0,0,0
2019-12-18 11:30,126,51,75,0,0,0
2019-12-18 11:45,280,134,146,0,0,0
2019-12-18 12:00,201,115,86,0,0,0
2019-12-18 12:15,151,79,72,0,0,0
2019-12-18 12:30,166,75,91,0,0,0
2019-12-18 12:45,146,71,75,0,0,0
2019-12-18 13:00,188,96,92,0,0,0
2019-12-18 13:15,162,65,97,0,0,0
2019-12-18 13:30,140,61,79,0,0,0
2019-12-18 13:45,252,110,142,0,0,0
2019-12-18 14:00,225,67,158,0,0,0
2019-12-18 14:15,139,64,75,0,0,0
2019-12-18 14:30,122,57,65,0,0,0
2019-12-18 14:45,159,78,81,0,0,0
2019-12-18 15:00,164,91,73,0,0,0
2019-12-18 15:15,150,76,74,0,0,0
2019-12-18 15:30,199,87,112,0,0,0
2019-12-18 15:45,238,117,121,0,0,0
2019-12-18 16:00,199,98,101,0,0,0
2019-12-18 16:15,151,85,66,0,0,0
2019-12-18 16:30,155,95,60,0,0,0
2019-12-18 16:45,158,82,76,0,0,0
2019-12-18 17:00,164,81,83,0,0,0
2019-12-18 17:15,161,79,82,0,0,0
2019-12-18 17:30,178,102,76,0,0,0
2019-12-18 17:45,259,162,97,0,0,0
2019-12-18 18:00,190,116,74,0,0,0
2019-12-18 18:15,145,86,59,0,0,0
2019-12-18 18:30,119,48,71,0,0,0
2019-12-18 18:45,116,52,64,0,0,0
2019-12-18 19:00,88,41,47,0,0,0
2019-12-18 19:15,86,32,54,0,0,0
2019-12-18 19:30,86,38,48,0,0,0
2019-12-18 19:45,112,42,70,0,0,0
2019-12-18 20:00,104,22,82,0,0,0
2019-12-18 20:15,87,22,65,0,0,0
2019-12-18 20:30,55,14,41,0,0,0
2019-12-18 20:45,48,13,35,0,0,0
2019-12-18 21:00,42,18,24,0,0,0
2019-12-18 21:15,62,20,42,0,0,0
2019-12-18 21:30,79,17,62,0,0,0
2019-12-18 21:45,36,12,24,0,0,0
2019-12-18 22:00,43,13,30,0,0,0
2019-12-18 22:15,53,9,44,0,0,0
2019-12-18 22:30,35,6,29,0,0,0
2019-12-18 22:45,37,5,32,0,0,0
2019-12-18 23:00,26,10,16,0,0,0
2019-12-18 23:15,21,7,14,0,0,0
2019-12-18 23:30,25,16,9,0,0,0
2019-12-18 23:45,35,7,28,0,0,0
2019-12-19 00:00,17,4,13,0,0,0
2019-12-19 00:15,31,20,11,0,0,0
2019-12-19 00:30,11,6,5,0,0,0
2019-12-19 00:45,19,10,9,0,0,0
2019-12-19 01:00,8,0,8,0,0,0
2019-12-19 01:15,4,1,3,0,0,0
2019-12-19 01:30,7,1,6,0,0,0
2019-12-19 01:45,10,0,10,0,0,0
2019-12-19 02:00,5,0,5,0,0,0
2019-12-19 02:15,8,3,5,0,0,0
2019-12-19 02:30,10,2,8,0,0,0
2019-12-19 02:45,4,1,3,0,0,0
2019-12-19 03:00,9,0,9,0,0,0
2019-12-19 03:15,14,1,13,0,0,0
2019-12-19 03:30,9,0,9,0,0,0
2019-12-19 03:45,6,0,6,0,0,0
2019-12-19 04:00,6,0,6,0,0,0
2019-12-19 04:15,7,0,7,0,0,0
2019-12-19 04:30,0,0,0,0,0,0
2019-12-19 04:45,9,1,8,0,0,0
2019-12-19 05:00,2,0,2,0,0,0
2019-12-19 05:15,6,0,6,0,0,0
2019-12-19 05:30,15,4,11,0,0,0
2019-12-19 05:45,10,3,7,0,0,0
2019-12-19 06:00,9,1,8,0,0,0
2019-12-19 06:15,18,11,7,0,0,0
2019-12-19 06:30,32,17,15,0,0,0
2019-12-19 06:45,46,23,23,0,0,0
2019-12-19 07:00,44,15,29,0,0,0
2019-12-19 07:15,98,38,60,0,0,0
2019-12-19 07:30,194,125,69,0,0,0
2019-12-19 07:45,267,85,182,0,0,0
2019-12-19 08:00,242,64,178,0,0,0
2019-12-19 08:15,124,50,74,0,0,0
2019-12-19 08:30,122,56,66,0,0,0
2019-12-19 08:45,115,48,67,0,0,0
2019-12-19 09:00,117,40,77,0,0,0
2019-12-19 09:15,90,46,44,0,0,0
2019-12-19 09:30,121,67,54,0,0,0
2019-12-19 09:45,184,111,73,0,0,0
2019-12-19 10:00,272,117,155,0,0,0
2019-12-19 10:15,130,86,44,0,0,0
2019-12-19 10:30,76,33,43,0,0,0
2019-12-19 10:45,109,56,53,0,0,0
2019-12-19 11:00,106,57,49,0,0,0
2019-12-19 11:15,117,69,48,0,0,0
2019-12-19 11:30,136,53,83,0,0,0
2019-12-19 11:45,235,94,141,0,0,0
2019-12-19 12:00,217,96,121,0,0,0
2019-12-19 12:15,147,59,88,0,0,0
2019-12-19 12:30,148,66,82,0,0,0
2019-12-19 12:45,140,79,61,0,0,0
2019-12-19 13:00,148,61,87,0,0,0
2019-12-19 13:15,193,86,107,0,0,0
2019-12-19 13:30,137,58,79,0,0,0
2019-12-19 13:45,197,96,101,0,0,0
2019-12-19 14:00,252,110,142,0,0,0
2019-12-19 14:15,153,70,83,0,0,0
2019-12-19 14:30,132,62,70,0,0,0
2019-12-19 14:45,154,75,79,0,0,0
2019-12-19 15:00,126,60,66,0,0,0
2019-12-19 15:15,159,71,88,0,0,0
2019-12-19 15:30,205,98,107,0,0,0
2019-12-19 15:45,270,147,123,0,0,0
2019-12-19 16:00,238,120,118,0,0,0
2019-12-19 16:15,179,88,91,0,0,0
2019-12-19 16:30,163,85,78,0,0,0
2019-12-19 16:45,174,109,65,0,0,0
2019-12-19 17:00,138,79,59,0,0,0
2019-12-19 17:15,182,97,85,0,0,0
2019-12-19 17:30,162,90,72,0,0,0
2019-12-19 17:45,202,109,93,0,0,0
2019-12-19 18:00,196,115,81,0,0,0
2019-12-19 18:15,145,72,73,0,0,0
2019-12-19 18:30,101,47,54,0,0,0
2019-12-19 18:45,126,57,69,0,0,0
2019-12-19 19:00,124,52,72,0,0,0
2019-12-19 19:15,107,44,63,0,0,0
2019-12-19 19:30,81,14,67,0,0,0
2019-12-19 19:45,109,25,84,0,0,0
2019-12-19 20:00,72,15,57,0,0,0
2019-12-19 20:15,69,19,50,0,0,0
2019-12-19 20:30,75,19,56,0,0,0
2019-12-19 20:45,50,8,42,0,0,0
2019-12-19 21:00,39,9,30,0,0,0
2019-12-19 21:15,37,19,18,0,0,0
2019-12-19 21:30,50,15,35,0,0,0
2019-12-19 21:45,46,19,27,0,0,0
2019-12-19 22:00,29,5,24,0,0,0
2019-12-19 22:15,59,17,42,0,0,0
2019-12-19 22:30,34,2,32,0,0,0
2019-12-19 22:45,23,6,17,0,0,0
2019-12-19 23:00,25,5,20,0,0,0
2019-12-19 23:15,20,4,16,0,0,0
2019-12-19 23:30,34,6,28,0,0,0
2019-12-19 23:45,13,5,8,0,0,0
2019-12-20 00:00,24,7,17,0,0,0
2019-12-20 00:15,20,8,12,0,0,0
2019-12-20 00:30,16,7,9,0,0,0
2019-12-20 00:45,23,5,18,0,0,0
2019-12-20 01:00,8,2,6,0,0,0
2019-12-20 01:15,11,3,8,0,0,0
2019-12-20 01:30,15,5,10,0,0,0
2019-12-20 01:45,10,0,10,0,0,0
2019-12-20 02:00,9,4,5,0,0,0
2019-12-20 02:15,6,1,5,0,0,0
2019-12-20 02:30,7,3,4,0,0,0
2019-12-20 02:45,2,1,1,0,0,0
2019-12-20 03:00,4,0,4,0,0,0
2019-12-20 03:15,3,0,3,0,0,0
2019-12-20 03:30,4,0,4,0,0,0
2019-12-20 03:45,0,0,0,0,0,0
2019-12-20 04:00,0,0,0,0,0,0
2019-12-20 04:15,2,2,0,0,0,0
2019-12-20 04:30,1,0,1,0,0,0
2019-12-20 04:45,3,0,3,0,0,0
2019-12-20 05:00,1,0,1,0,0,0
2019-12-20 05:15,1,0,1,0,0,0
2019-12-20 05:30,14,6,8,0,0,0
2019-12-20 05:45,8,4,4,0,0,0
2019-12-20 06:00,15,6,9,0,0,0
2019-12-20 06:15,19,3,16,0,0,0
2019-12-20 06:30,19,5,14,0,0,0
2019-12-20 06:45,41,18,23,0,0,0
2019-12-20 07:00,54,19,35,0,0,0
2019-12-20 07:15,81,33,48,0,0,0
2019-12-20 07:30,158,83,75,0,0,0
2019-12-20 07:45,186,48,138,0,0,0
2019-12-20 08:00,167,47,120,0,0,0
2019-12-20 08:15,130,81,49,0,0,0
2019-12-20 08:30,119,69,50,0,0,0
2019-12-20 08:45,124,42,82,0,0,0
2019-12-20 09:00,101,49,52,0,0,0
2019-12-20 09:15,106,58,48,0,0,0
2019-12-20 09:30,107,59,48,0,0,0
2019-12-20 09:45,198,111,87,0,0,0
2019-12-20 10:00,176,78,98,0,0,0
2019-12-20 10:15,82,37,45,0,0,0
2019-12-20 10:30,112,55,57,0,0,0
2019-12-20 10:45,115,55,60,0,0,0
2019-12-20 11:00,110,57,53,0,0,0
2019-12-20 11:15,104,49,55,0,0,0
2019-12-20 11:30,131,70,61,0,0,0
2019-12-20 11:45,174,87,87,0,0,0
2019-12-20 12:00,158,92,66,0,0,0
2019-12-20 12:15,161,71,90,0,0,0
2019-12-20 12:30,154,79,75,0,0,0
2019-12-20 12:45,130,72,58,0,0,0
2019-12-20 13:00,142,40,102,0,0,0
2019-12-20 13:15,140,54,86,0,0,0
2019-12-20 13:30,117,59,58,0,0,0
2019-12-20 13:45,127,60,67,0,0,0
2019-12-20 14:00,105,48,57,0,0,0
2019-12-20 14:15,100,41,59,0,0,0
2019-12-20 14:30,111,59,52,0,0,0
2019-12-20 14:45,110,59,51,0,0,0
2019-12-20 15:00,120,55,65,0,0,0
2019-12-20 15:15,126,68,58,0,0,0
2019-12-20 15:30,98,41,57,0,0,0
2019-12-20 15:45,134,67,67,0,0,0
2019-12-20 16:00,131,77,54,0,0,0
2019-12-20 16:15,115,62,53,0,0,0
2019-12-20 16:30,110,60,50,0,0,0
2019-12-20 16:45,115,54,61,0,0,0
2019-12-20 17:00,96,52,44,0,0,0
2019-12-20 17:15,86,49,37,0,0,0
2019-12-20 17:30,69,33,36,0,0,0
2019-12-20 17:45,129,70,59,0,0,0
2019-12-20 18:00,69,36,33,0,0,0
2019-12-20 18:15,81,40,41,0,0,0
2019-12-20 18:30,72,31,41,0,0,0
2019-12-20 18:45,96,51,45,0,0,0
2019-12-20 19:00,74,25,49,0,0,0
2019-12-20 19:15,74,32,42,0,0,0
2019-12-20 19:30,59,24,35,0,0,0
2019-12-20 19:45,80,46,34,0,0,0
2019-12-20 20:00,46,13,33,0,0,0
2019-12-20 20:15,33,12,21,0,0,0
2019-12-20 20:30,55,26,29,0,0,0
2019-12-20 20:45,35,6,29,0,0,0
2019-12-20 21:00,45,13,32,0,0,0
2019-12-20 21:15,25,6,19,0,0,0
2019-12-20 21:30,38,10,28,0,0,0
2019-12-20 21:45,29,9,20,0,0,0
2019-12-20 22:00,19,7,12,0,0,0
2019-12-20 22:15,15,3,12,0,0,0
2019-12-20 22:30,27,5,22,0,0,0
2019-12-20 22:45,27,5,22,0,0,0
2019-12-20 23:00,24,10,14,0,0,0
2019-12-20 23:15,17,5,12,0,0,0
2019-12-20 23:30,12,1,11,0,0,0
2019-12-20 23:45,11,4,7,0,0,0
2019-12-21 00:00,26,4,22,0,0,0
2019-12-21 00:15,18,3,15,0,0,0
2019-12-21 00:30,26,3,23,0,0,0
2019-12-21 00:45,7,2,5,0,0,0
2019-12-21 01:00,14,5,9,0,0,0
2019-12-21 01:15,13,2,11,0,0,0
2019-12-21 01:30,16,6,10,0,0,0
2019-12-21 01:45,6,0,6,0,0,0
2019-12-21 02:00,7,0,7,0,0,0
2019-12-21 02:15,8,1,7,0,0,0
2019-12-21 02:30,12,1,11,0,0,0
2019-12-21 02:45,10,1,9,0,0,0
2019-12-21 03:00,12,5,7,0,0,0
2019-12-21 03:15,13,0,13,0,0,0
2019-12-21 03:30,10,4,6,0,0,0
2019-12-21 03:45,9,0,9,0,0,0
2019-12-21 04:00,7,0,7,0,0,0
2019-12-21 04:15,11,1,10,0,0,0
2019-12-21 04:30,2,0,2,0,0,0
2019-12-21 04:45,4,0,4,0,0,0
2019-12-21 05:00,2,0,2,0,0,0
2019-12-21 05:15,3,1,2,0,0,0
2019-12-21 05:30,8,2,6,0,0,0
2019-12-21 05:45,9,0,9,0,0,0
2019-12-21 06:00,8,2,6,0,0,0
2019-12-21 06:15,5,3,2,0,0,0
2019-12-21 06:30,7,2,5,0,0,0
2019-12-21 06:45,5,3,2,0,0,0
2019-12-21 07:00,4,1,3,0,0,0
2019-12-21 07:15,1,1,0,0,0,0
2019-12-21 07:30,11,5,6,0,0,0
2019-12-21 07:45,17,11,6,0,0,0
2019-12-21 08:00,24,16,8,0,0,0
2019-12-21 08:15,14,11,3,0,0,0
2019-12-21 08:30,35,23,12,0,0,0
2019-12-21 08:45,25,19,6,0,0,0
2019-12-21 09:00,36,29,7,0,0,0
2019-12-21 09:15,41,30,11,0,0,0
2019-12-21 09:30,47,37,10,0,0,0
2019-12-21 09:45,67,46,21,0,0,0
2019-12-21 10:00,55,42,13,0,0,0
2019-12-21 10:15,69,49,20,0,0,0
2019-12-21 10:30,72,43,29,0,0,0
2019-12-21 10:45,98,69,29,0,0,0
2019-12-21 11:00,73,47,26,0,0,0
2019-12-21 11:15,91,56,35,0,0,0
2019-12-21 11:30,95,46,49,0,0,0
2019-12-21 11:45,95,56,39,0,0,0
2019-12-21 12:00,88,43,45,0,0,0
2019-12-21 12:15,87,40,47,0,0,0
2019-12-21 12:30,91,40,51,0,0,0
2019-12-21 12:45,104,55,49,0,0,0
2019-12-21 13:00,87,50,37,0,0,0
2019-12-21 13:15,94,41,53,0,0,0
2019-12-21 13:30,111,67,44,0,0,0
2019-12-21 13:45,88,51,37,0,0,0
2019-12-21 14:00,86,46,40,0,0,0
2019-12-21 14:15,72,33,39,0,0,0
2019-12-21 14:30,73,29,44,0,0,0
2019-12-21 14:45,93,43,50,0,0,0
2019-12-21 15:00,81,33,48,0,0,0
2019-12-21 15:15,79,30,49,0,0,0
2019-12-21 15:30,67,26,41,0,0,0
2019-12-21 15:45,92,43,49,0,0,0
2019-12-21 16:00,69,39,30,0,0,0
2019-12-21 16:15,70,30,40,0,0,0
2019-12-21 16:30,82,45,37,0,0,0
2019-12-21 16:45,83,30,53,0,0,0
2019-12-21 17:00,47,12,35,0,0,0
2019-12-21 17:15,56,19,37,0,0,0
2019-12-21 17:30,61,24,37,0,0,0
2019-12-21 17:45,91,35,56,0,0,0
2019-12-21 18:00,73,25,48,0,0,0
2019-12-21 18:15,88,29,59,0,0,0
2019-12-21 18:30,59,22,37,0,0,0
2019-12-21 18:45,58,24,34,0,0,0
2019-12-21 19:00,54,14,40,0,0,0
2019-12-21 19:15,53,24,29,0,0,0
2019-12-21 19:30,34,6,28,0,0,0
2019-12-21 19:45,56,13,43,0,0,0
2019-12-21 20:00,44,13,31,0,0,0
2019-12-21 20:15,32,10,22,0,0,0
2019-12-21 20:30,36,14,22,0,0,0
2019-12-21 20:45,21,13,8,0,0,0
2019-12-21 21:00,38,21,17,0,0,0
2019-12-21 21:15,27,6,21,0,0,0
2019-12-21 21:30,28,7,21,0,0,0
2019-12-21 21:45,20,1,19,0,0,0
2019-12-21 22:00,13,5,8,0,0,0
2019-12-21 22:15,6,3,3,0,0,0
2019-12-21 22:30,16,5,11,0,0,0
2019-12-21 22:45,19,4,15,0,0,0
2019-12-21 23:00,13,1,12,0,0,0
2019-12-21 23:15,13,1,12,0,0,0
2019-12-21 23:30,29,7,22,0,0,0
2019-12-21 23:45,25,2,23,0,0,0
2019-12-22 00:00,14,2,12,0,0,0
2019-12-22 00:15,21,2,19,0,0,0
2019-12-22 00:30,12,1,11,0,0,0
2019-12-22 00:45,11,4,7,0,0,0
2019-12-22 01:00,7,1,6,0,0,0
2019-12-22 01:15,3,0,3,0,0,0
2019-12-22 01:30,12,1,11,0,0,0
2019-12-22 01:45,5,0,5,0,0,0
2019-12-22 02:00,2,0,2,0,0,0
2019-12-22 02:15,3,0,3,0,0,0
2019-12-22 02:30,4,0,4,0,0,0
2019-12-22 02:45,4,1,3,0,0,0
2019-12-22 03:00,2,0,2,0,0,0
2019-12-22 03:15,1,1,0,0,0,0
2019-12-22 03:30,2,0,2,0,0,0
2019-12-22 03:45,4,0,4,0,0,0
2019-12-22 04:00,4,0,4,0,0,0
2019-12-22 04:15,2,0,2,0,0,0
2019-12-22 04:30,5,0,5,0,0,0
2019-12-22 04:45,4,1,3,0,0,0
2019-12-22 05:00,2,0,2,0,0,0
2019-12-22 05:15,1,0,1,0,0,0
2019-12-22 05:30,12,2,10,0,0,0
2019-12-22 05:45,4,0,4,0,0,0
2019-12-22 06:00,6,1,5,0,0,0
2019-12-22 06:15,2,0,2,0,0,0
2019-12-22 06:30,2,1,1,0,0,0
2019-12-22 06:45,3,2,1,0,0,0
2019-12-22 07:00,0,0,0,0,0,0
2019-12-22 07:15,5,1,4,0,0,0
2019-12-22 07:30,4,2,2,0,0,0
2019-12-22 07:45,7,4,3,0,0,0
2019-12-22 08:00,9,2,7,0,0,0
2019-12-22 08:15,3,1,2,0,0,0
2019-12-22 08:30,4,1,3,0,0,0
2019-12-22 08:45,9,5,4,0,0,0
2019-12-22 09:00,7,6,1,0,0,0
2019-12-22 09:15,9,6,3,0,0,0
2019-12-22 09:30,21,13,8,0,0,0
2019-12-22 09:45,13,12,1,0,0,0
2019-12-22 10:00,27,20,7,0,0,0
2019-12-22 10:15,21,9,12,0,0,0
2019-12-22 10:30,12,6,6,0,0,0
2019-12-22 10:45,18,13,5,0,0,0
2019-12-22 11:00,15,9,6,0,0,0
2019-12-22 11:15,21,13,8,0,0,0
2019-12-22 11:30,32,16,16,0,0,0
2019-12-22 11:45,17,7,10,0,0,0
2019-12-22 12:00,33,22,11,0,0,0
2019-12-22 12:15,22,8,14,0,0,0
2019-12-22 12:30,39,16,23,0,0,0
2019-12-22 12:45,44,19,25,0,0,0
2019-12-22 13:00,23,8,15,0,0,0
2019-12-22 13:15,18,7,11,0,0,0
2019-12-22 13:30,26,6,20,0,0,0
2019-12-22 13:45,37,21,16,0,0,0
2019-12-22 14:00,35,11,24,0,0,0
2019-12-22 14:15,21,10,11,0,0,0
2019-12-22 14:30,18,16,2,0,0,0
2019-12-22 14:45,29,10,19,0,0,0
2019-12-22 15:00,35,23,12,0,0,0
2019-12-22 15:15,35,20,15,0,0,0
2019-12-22 15:30,24,9,15,0,0,0
2019-12-22 15:45,26,12,14,0,0,0
2019-12-22 16:00,22,10,12,0,0,0
2019-12-22 16:15,20,14,6,0,0,0
2019-12-22 16:30,36,16,20,0,0,0
2019-12-22 16:45,34,16,18,0,0,0
2019-12-22 17:00,33,17,16,0,0,0
2019-12-22 17:15,26,6,20,0,0,0
2019-12-22 17:30,15,8,7,0,0,0
2019-12-22 17:45,61,37,24,0,0,0
2019-12-22 18:00,30,15,15,0,0,0
2019-12-22 18:15,26,10,16,0,0,0
2019-12-22 18:30,23,10,13,0,0,0
2019-12-22 18:45,21,7,14,0,0,0
2019-12-22 19:00,28,13,15,0,0,0
2019-12-22 19:15,19,6,13,0,0,0
2019-12-22 19:30,12,3,9,0,0,0
2019-12-22 19:45,24,3,21,0,0,0
2019-12-22 20:00,18,5,13,0,0,0
2019-12-22 20:15,17,5,12,0,0,0
2019-12-22 20:30,16,3,13,0,0,0
2019-12-22 20:45,18,7,11,0,0,0
2019-12-22 21:00,12,12,0,0,0,0
2019-12-22 21:15,16,6,10,0,0,0
2019-12-22 21:30,9,2,7,0,0,0
2019-12-22 21:45,1,1,0,0,0,0
2019-12-22 22:00,11,4,7,0,0,0
2019-12-22 22:15,9,0,9,0,0,0
2019-12-22 22:30,12,2,10,0,0,0
2019-12-22 22:45,3,2,1,0,0,0
2019-12-22 23:00,8,5,3,0,0,0
2019-12-22 23:15,8,5,3,0,0,0
2019-12-22 23:30,3,0,3,0,0,0
2019-12-22 23:45,6,0,6,0,0,0
2019-12-23 00:00,5,0,5,0,0,0
2019-12-23 00:15,5,0,5,0,0,0
2019-12-23 00:30,0,0,0,0,0,0
2019-12-23 00:45,4,0,4,0,0,0
2019-12-23 01:00,7,2,5,0,0,0
2019-12-23 01:15,7,0,7,0,0,0
2019-12-23 01:30,1,0,1,0,0,0
2019-12-23 01:45,6,4,2,0,0,0
2019-12-23 02:00,3,2,1,0,0,0
2019-12-23 02:15,0,0,0,0,0,0
2019-12-23 02:30,0,0,0,0,0,0
2019-12-23 02:45,4,2,2,0,0,0
2019-12-23 03:00,4,0,4,0,0,0
2019-12-23 03:15,1,1,0,0,0,0
2019-12-23 03:30,1,1,0,0,0,0
2019-12-23 03:45,3,2,1,0,0,0
2019-12-23 04:00,5,0,5,0,0,0
2019-12-23 04:15,0,0,0,0,0,0
2019-12-23 04:30,0,0,0,0,0,0
2019-12-23 04:45,2,0,2,0,0,0
2019-12-23 05:00,0,0,0,0,0,0
2019-12-23 05:15,2,2,0,0,0,0
2019-12-23 05:30,5,2,3,0,0,0
2019-12-23 05:45,7,1,6,0,0,0
2019-12-23 06:00,9,3,6,0,0,0
2019-12-23 06:15,7,4,3,0,0,0
2019-12-23 06:30,18,8,10,0,0,0
2019-12-23 06:45,20,8,12,0,0,0
2019-12-23 07:00,14,6,8,0,0,0
2019-12-23 07:15,28,8,20,0,0,0
2019-12-23 07:30,26,10,16,0,0,0
2019-12-23 07:45,24,11,13,0,0,0
2019-12-23 08:00,36,17,19,0,0,0
2019-12-23 08:15,28,11,17,0,0,0
2019-12-23 08:30,32,13,19,0,0,0
2019-12-23 08:45,22,15,7,0,0,0
2019-12-23 09:00,38,22,16,0,0,0
2019-12-23 09:15,25,14,11,0,0,0
2019-12-23 09:30,27,11,16,0,0,0
2019-12-23 09:45,59,45,14,0,0,0
2019-12-23 10:00,44,32,12,0,0,0
2019-12-23 10:15,61,39,22,0,0,0
2019-12-23 10:30,54,36,18,0,0,0
2019-12-23 10:45,54,34,20,0,0,0
2019-12-23 11:00,71,36,35,0,0,0
2019-12-23 11:15,56,41,15,0,0,0
2019-12-23 11:30,57,37,20,0,0,0
2019-12-23 11:45,84,49,35,0,0,0
2019-12-23 12:00,66,29,37,0,0,0
2019-12-23 12:15,56,29,27,0,0,0
2019-12-23 12:30,83,34,49,0,0,0
2019-12-23 12:45,63,30,33,0,0,0
2019-12-23 13:00,77,40,37,0,0,0
2019-12-23 13:15,81,35,46,0,0,0
2019-12-23 13:30,104,61,43,0,0,0
2019-12-23 13:45,66,28,38,0,0,0
2019-12-23 14:00,75,41,34,0,0,0
2019-12-23 14:15,72,35,37,0,0,0
2019-12-23 14:30,77,35,42,0,0,0
2019-12-23 14:45,78,35,43,0,0,0
2019-12-23 15:00,72,35,37,0,0,0
2019-12-23 15:15,82,37,45,0,0,0
2019-12-23 15:30,98,52,46,0,0,0
2019-12-23 15:45,100,39,61,0,0,0
2019-12-23 16:00,64,31,33,0,0,0
2019-12-23 16:15,64,26,38,0,0,0
2019-12-23 16:30,74,22,52,0,0,0
2019-12-23 16:45,62,32,30,0,0,0
2019-12-23 17:00,75,40,35,0,0,0
2019-12-23 17:15,62,24,38,0,0,0
2019-12-23 17:30,77,33,44,0,0,0
2019-12-23 17:45,73,36,37,0,0,0
2019-12-23 18:00,49,16,33,0,0,0
2019-12-23 18:15,64,36,28,0,0,0
2019-12-23 18:30,51,26,25,0,0,0
2019-12-23 18:45,46,11,35,0,0,0
2019-12-23 19:00,27,11,16,0,0,0
2019-12-23 19:15,44,23,21,0,0,0
2019-12-23 19:30,21,11,10,0,0,0
2019-12-23 19:45,47,13,34,0,0,0
2019-12-23 20:00,43,21,22,0,0,0
2019-12-23 20:15,32,10,22,0,0,0
2019-12-23 20:30,16,11,5,0,0,0
2019-12-23 20:45,20,5,15,0,0,0
2019-12-23 21:00,4,3,1,0,0,0
2019-12-23 21:15,9,6,3,0,0,0
2019-12-23 21:30,25,17,8,0,0,0
2019-12-23 21:45,17,7,10,0,0,0
2019-12-23 22:00,12,6,6,0,0,0
2019-12-23 22:15,7,2,5,0,0,0
2019-12-23 22:30,9,3,6,0,0,0
2019-12-23 22:45,6,2,4,0,0,0
2019-12-23 23:00,22,4,18,0,0,0
2019-12-23 23:15,14,3,11,0,0,0
2019-12-23 23:30,15,2,13,0,0,0
2019-12-23 23:45,14,10,4,0,0,0
2019-12-24 00:00,13,3,10,0,0,0
2019-12-24 00:15,6,1,5,0,0,0
2019-12-24 00:30,5,0,5,0,0,0
2019-12-24 00:45,6,1,5,0,0,0
2019-12-24 01:00,7,0,7,0,0,0
2019-12-24 01:15,11,0,11,0,0,0
2019-12-24 01:30,5,0,5,0,0,0
2019-12-24 01:45,6,0,6,0,0,0
2019-12-24 02:00,7,1,6,0,0,0
2019-12-24 02:15,8,0,8,0,0,0
2019-12-24 02:30,12,1,11,0,0,0
2019-12-24 02:45,11,0,11,0,0,0
2019-12-24 03:00,9,1,8,0,0,0
2019-12-24 03:15,12,1,11,0,0,0
2019-12-24 03:30,6,0,6,0,0,0
2019-12-24 03:45,5,0,5,0,0,0
2019-12-24 04:00,2,0,2,0,0,0
2019-12-24 04:15,0,0,0,0,0,0
2019-12-24 04:30,4,0,4,0,0,0
2019-12-24 04:45,4,0,4,0,0,0
2019-12-24 05:00,0,0,0,0,0,0
2019-12-24 05:15,3,2,1,0,0,0
2019-12-24 05:30,2,1,1,0,0,0
2019-12-24 05:45,11,3,8,0,0,0
2019-12-24 06:00,3,1,2,0,0,0
2019-12-24 06:15,3,3,0,0,0,0
2019-12-24 06:30,8,5,3,0,0,0
2019-12-24 06:45,7,4,3,0,0,0
2019-12-24 07:00,12,9,3,0,0,0
2019-12-24 07:15,20,11,9,0,0,0
2019-12-24 07:30,15,10,5,0,0,0
2019-12-24 07:45,28,20,8,0,0,0
2019-12-24 08:00,18,9,9,0,0,0
2019-12-24 08:15,30,18,12,0,0,0
2019-12-24 08:30,38,22,16,0,0,0
2019-12-24 08:45,42,22,20,0,0,0
2019-12-24 09:00,41,22,19,0,0,0
2019-12-24 09:15,45,26,19,0,0,0
2019-12-24 09:30,33,24,9,0,0,0
2019-12-24 09:45,42,23,19,0,0,0
2019-12-24 10:00,47,23,24,0,0,0
2019-12-24 10:15,41,17,24,0,0,0
2019-12-24 10:30,40,21,19,0,0,0
2019-12-24 10:45,41,16,25,0,0,0
2019-12-24 11:00,29,11,18,0,0,0
2019-12-24 11:15,17,3,14,0,0,0
2019-12-24 11:30,31,19,12,0,0,0
2019-12-24 11:45,19,6,13,0,0,0
2019-12-24 12:00,32,9,23,0,0,0
2019-12-24 12:15,25,10,15,0,0,0
2019-12-24 12:30,24,10,14,0,0,0
2019-12-24 12:45,12,4,8,0,0,0
2019-12-24 13:00,25,6,19,0,0,0
2019-12-24 13:15,23,5,18,0,0,0
2019-12-24 13:30,27,10,17,0,0,0
2019-12-24 13:45,22,10,12,0,0,0
2019-12-24 14:00,14,3,11,0,0,0
2019-12-24 14:15,12,3,9,0,0,0
2019-12-24 14:30,4,1,3,0,0,0
2019-12-24 14:45,15,5,10,0,0,0
2019-12-24 15:00,8,4,4,0,0,0
2019-12-24 15:15,10,5,5,0,0,0
2019-12-24 15:30,9,1,8,0,0,0
2019-12-24 15:45,7,1,6,0,0,0
2019-12-24 16:00,10,7,3,0,0,0
2019-12-24 16:15,11,10,1,0,0,0
2019-12-24 16:30,19,14,5,0,0,0
2019-12-24 16:45,11,3,8,0,0,0
2019-12-24 17:00,5,2,3,0,0,0
2019-12-24 17:15,3,2,1,0,0,0
2019-12-24 17:30,5,2,3,0,0,0
2019-12-24 17:45,8,6,2,0,0,0
2019-12-24 18:00,3,1,2,0,0,0
2019-12-24 18:15,2,1,1,0,0,0
2019-12-24 18:30,12,2,10,0,0,0
2019-12-24 18:45,16,2,14,0,0,0
2019-12-24 19:00,4,1,3,0,0,0
2019-12-24 19:15,1,0,1,0,0,0
2019-12-24 19:30,5,1,4,0,0,0
2019-12-24 19:45,6,3,3,0,0,0
2019-12-24 20:00,5,2,3,0,0,0
2019-12-24 20:15,5,1,4,0,0,0
2019-12-24 20:30,4,4,0,0,0,0
2019-12-24 20:45,2,2,0,0,0,0
2019-12-24 21:00,1,0,1,0,0,0
2019-12-24 21:15,2,0,2,0,0,0
2019-12-24 21:30,4,2,2,0,0,0
2019-12-24 21:45,4,2,2,0,0,0
2019-12-24 22:00,4,3,1,0,0,0
2019-12-24 22:15,4,3,1,0,0,0
2019-12-24 22:30,5,5,0,0,0,0
2019-12-24 22:45,7,6,1,0,0,0
2019-12-24 23:00,1,1,0,0,0,0
2019-12-24 23:15,2,1,1,0,0,0
2019-12-24 23:30,5,2,3,0,0,0
2019-12-24 23:45,5,5,0,0,0,0
2019-12-25 00:00,3,3,0,0,0,0
2019-12-25 00:15,5,4,1,0,0,0
2019-12-25 00:30,3,2,1,0,0,0
2019-12-25 00:45,8,2,6,0,0,0
2019-12-25 01:00,1,1,0,0,0,0
2019-12-25 01:15,6,0,6,0,0,0
2019-12-25 01:30,0,0,0,0,0,0
2019-12-25 01:45,0,0,0,0,0,0
2019-12-25 02:00,1,0,1,0,0,0
2019-12-25 02:15,0,0,0,0,0,0
2019-12-25 02:30,0,0,0,0,0,0
2019-12-25 02:45,0,0,0,0,0,0
2019-12-25 03:00,2,0,2,0,0,0
2019-12-25 03:15,1,0,1,0,0,0
2019-12-25 03:30,0,0,0,0,0,0
2019-12-25 03:45,0,0,0,0,0,0
2019-12-25 04:00,0,0,0,0,0,0
2019-12-25 04:15,0,0,0,0,0,0
2019-12-25 04:30,0,0,0,0,0,0
2019-12-25 04:45,0,0,0,0,0,0
2019-12-25 05:00,0,0,0,0,0,0
2019-12-25 05:15,0,0,0,0,0,0
2019-12-25 05:30,2,1,1,0,0,0
2019-12-25 05:45,2,0,2,0,0,0
2019-12-25 06:00,4,0,4,0,0,0
2019-12-25 06:15,1,1,0,0,0,0
2019-12-25 06:30,5,5,0,0,0,0
2019-12-25 06:45,0,0,0,0,0,0
2019-12-25 07:00,1,0,1,0,0,0
2019-12-25 07:15,3,2,1,0,0,0
2019-12-25 07:30,2,1,1,0,0,0
2019-12-25 07:45,1,0,1,0,0,0
2019-12-25 08:00,1,0,1,0,0,0
2019-12-25 08:15,1,1,0,0,0,0
2019-12-25 08:30,1,0,1,0,0,0
2019-12-25 08:45,3,2,1,0,0,0
2019-12-25 09:00,1,0,1,0,0,0
2019-12-25 09:15,1,1,0,0,0,0
2019-12-25 09:30,5,5,0,0,0,0
2019-12-25 09:45,4,2,2,0,0,0
2019-12-25 10:00,2,1,1,0,0,0
2019-12-25 10:15,8,2,6,0,0,0
2019-12-25 10:30,4,1,3,0,0,0
2019-12-25 10:45,9,4,5,0,0,0
2019-12-25 11:00,3,0,3,0,0,0
2019-12-25 11:15,5,1,4,0,0,0
2019-12-25 11:30,12,5,7,0,0,0
2019-12-25 11:45,7,0,7,0,0,0
2019-12-25 12:00,10,3,7,0,0,0
2019-12-25 12:15,5,0,5,0,0,0
2019-12-25 12:30,16,5,11,0,0,0
2019-12-25 12:45,14,6,8,0,0,0
2019-12-25 13:00,4,1,3,0,0,0
2019-12-25 13:15,6,3,3,0,0,0
2019-12-25 13:30,15,6,9,0,0,0
2019-12-25 13:45,12,5,7,0,0,0
2019-12-25 14:00,10,4,6,0,0,0
2019-12-25 14:15,17,9,8,0,0,0
2019-12-25 14:30,8,4,4,0,0,0
2019-12-25 14:45,9,4,5,0,0,0
2019-12-25 15:00,10,5,5,0,0,0
2019-12-25 15:15,11,5,6,0,0,0
2019-12-25 15:30,14,7,7,0,0,0
2019-12-25 15:45,10,8,2,0,0,0
2019-12-25 16:00,7,2,5,0,0,0
2019-12-25 16:15,11,8,3,0,0,0
2019-12-25 16:30,8,3,5,0,0,0
2019-12-25 16:45,11,4,7,0,0,0
2019-12-25 17:00,17,5,12,0,0,0
2019-12-25 17:15,18,5,13,0,0,0
2019-12-25 17:30,5,1,4,0,0,0
2019-12-25 17:45,16,3,13,0,0,0
2019-12-25 18:00,6,1,5,0,0,0
2019-12-25 18:15,14,11,3,0,0,0
2019-12-25 18:30,13,3,10,0,0,0
2019-12-25 18:45,14,4,10,0,0,0
2019-12-25 19:00,8,3,5,0,0,0
2019-12-25 19:15,10,3,7,0,0,0
2019-12-25 19:30,8,5,3,0,0,0
2019-12-25 19:45,5,0,5,0,0,0
2019-12-25 20:00,5,2,3,0,0,0
2019-12-25 20:15,5,3,2,0,0,0
2019-12-25 20:30,4,1,3,0,0,0
2019-12-25 20:45,8,6,2,0,0,0
2019-12-25 21:00,11,7,4,0,0,0
2019-12-25 21:15,4,3,1,0,0,0
2019-12-25 21:30,3,1,2,0,0,0
2019-12-25 21:45,9,3,6,0,0,0
2019-12-25 22:00,4,2,2,0,0,0
2019-12-25 22:15,4,1,3,0,0,0
2019-12-25 22:30,3,2,1,0,0,0
2019-12-25 22:45,1,0,1,0,0,0
2019-12-25 23:00,0,0,0,0,0,0
2019-12-25 23:15,4,3,1,0,0,0
2019-12-25 23:30,0,0,0,0,0,0
2019-12-25 23:45,1,1,0,0,0,0
2019-12-26 00:00,6,6,0,0,0,0
2019-12-26 00:15,1,0,1,0,0,0
2019-12-26 00:30,3,1,2,0,0,0
2019-12-26 00:45,3,2,1,0,0,0
2019-12-26 01:00,0,0,0,0,0,0
2019-12-26 01:15,2,1,1,0,0,0
2019-12-26 01:30,1,0,1,0,0,0
2019-12-26 01:45,1,1,0,0,0,0
2019-12-26 02:00,8,4,4,0,0,0
2019-12-26 02:15,1,1,0,0,0,0
2019-12-26 02:30,2,0,2,0,0,0
2019-12-26 02:45,0,0,0,0,0,0
2019-12-26 03:00,0,0,0,0,0,0
2019-12-26 03:15,2,0,2,0,0,0
2019-12-26 03:30,0,0,0,0,0,0
2019-12-26 03:45,1,0,1,0,0,0
2019-12-26 04:00,0,0,0,0,0,0
2019-12-26 04:15,1,1,0,0,0,0
2019-12-26 04:30,0,0,0,0,0,0
2019-12-26 04:45,1,0,1,0,0,0
2019-12-26 05:00,0,0,0,0,0,0
2019-12-26 05:15,2,0,2,0,0,0
2019-12-26 05:30,2,0,2,0,0,0
2019-12-26 05:45,3,0,3,0,0,0
2019-12-26 06:00,2,0,2,0,0,0
2019-12-26 06:15,2,1,1,0,0,0
2019-12-26 06:30,2,2,0,0,0,0
2019-12-26 06:45,5,1,4,0,0,0
2019-12-26 07:00,0,0,0,0,0,0
2019-12-26 07:15,2,1,1,0,0,0
2019-12-26 07:30,5,2,3,0,0,0
2019-12-26 07:45,6,2,4,0,0,0
2019-12-26 08:00,4,1,3,0,0,0
2019-12-26 08:15,7,3,4,0,0,0
2019-12-26 08:30,2,2,0,0,0,0
2019-12-26 08:45,3,3,0,0,0,0
2019-12-26 09:00,11,6,5,0,0,0
2019-12-26 09:15,2,2,0,0,0,0
2019-12-26 09:30,6,5,1,0,0,0
2019-12-26 09:45,7,6,1,0,0,0
2019-12-26 10:00,8,6,2,0,0,0
2019-12-26 10:15,13,9,4,0,0,0
2019-12-26 10:30,11,7,4,0,0,0
2019-12-26 10:45,7,5,2,0,0,0
2019-12-26 11:00,6,2,4,0,0,0
2019-12-26 11:15,16,12,4,0,0,0
2019-12-26 11:30,20,11,9,0,0,0
2019-12-26 11:45,23,8,15,0,0,0
2019-12-26 12:00,13,6,7,0,0,0
2019-12-26 12:15,12,6,6,0,0,0
2019-12-26 12:30,21,12,9,0,0,0
2019-12-26 12:45,29,6,23,0,0,0
2019-12-26 13:00,12,3,9,0,0,0
2019-12-26 13:15,9,2,7,0,0,0
2019-12-26 13:30,14,7,7,0,0,0
2019-12-26 13:45,17,7,10,0,0,0
2019-12-26 14:00,16,8,8,0,0,0
2019-12-26 14:15,12,5,7,0,0,0
2019-12-26 14:30,20,9,11,0,0,0
2019-12-26 14:45,20,17,3,0,0,0
2019-12-26 15:00,22,15,7,0,0,0
2019-12-26 15:15,13,10,3,0,0,0
2019-12-26 15:30,37,26,11,0,0,0
2019-12-26 15:45,35,22,13,0,0,0
2019-12-26 16:00,22,10,12,0,0,0
2019-12-26 16:15,31,21,10,0,0,0
2019-12-26 16:30,34,13,21,0,0,0
2019-12-26 16:45,23,12,11,0,0,0
2019-12-26 17:00,17,8,9,0,0,0
2019-12-26 17:15,19,11,8,0,0,0
2019-12-26 17:30,28,5,23,0,0,0
2019-12-26 17:45,18,3,15,0,0,0
2019-12-26 18:00,32,9,23,0,0,0
2019-12-26 18:15,16,9,7,0,0,0
2019-12-26 18:30,9,6,3,0,0,0
2019-12-26 18:45,16,12,4,0,0,0
2019-12-26 19:00,9,6,3,0,0,0
2019-12-26 19:15,13,5,8,0,0,0
2019-12-26 19:30,18,3,15,0,0,0
2019-12-26 19:45,13,1,12,0,0,0
2019-12-26 20:00,18,8,10,0,0,0
2019-12-26 20:15,10,7,3,0,0,0
2019-12-26 20:30,11,5,6,0,0,0
2019-12-26 20:45,7,3,4,0,0,0
2019-12-26 21:00,24,8,16,0,0,0
2019-12-26 21:15,18,8,10,0,0,0
2019-12-26 21:30,8,4,4,0,0,0
2019-12-26 21:45,5,2,3,0,0,0
2019-12-26 22:00,5,3,2,0,0,0
2019-12-26 22:15,2,0,2,0,0,0
2019-12-26 22:30,8,2,6,0,0,0
2019-12-26 22:45,7,0,7,0,0,0
2019-12-26 23:00,4,1,3,0,0,0
2019-12-26 23:15,7,1,6,0,0,0
2019-12-26 23:30,2,1,1,0,0,0
2019-12-26 23:45,3,2,1,0,0,0
2019-12-27 00:00,2,2,0,0,0,0
2019-12-27 00:15,5,1,4,0,0,0
2019-12-27 00:30,5,3,2,0,0,0
2019-12-27 00:45,2,0,2,0,0,0
2019-12-27 01:00,3,0,3,0,0,0
2019-12-27 01:15,4,0,4,0,0,0
2019-12-27 01:30,3,1,2,0,0,0
2019-12-27 01:45,4,2,2,0,0,0
2019-12-27 02:00,0,0,0,0,0,0
2019-12-27 02:15,2,0,2,0,0,0
2019-12-27 02:30,1,1,0,0,0,0
2019-12-27 02:45,4,1,3,0,0,0
2019-12-27 03:00,3,0,3,0,0,0
2019-12-27 03:15,5,0,5,0,0,0
2019-12-27 03:30,0,0,0,0,0,0
2019-12-27 03:45,1,0,1,0,0,0
2019-12-27 04:00,0,0,0,0,0,0
2019-12-27 04:15,0,0,0,0,0,0
2019-12-27 04:30,0,0,0,0,0,0
2019-12-27 04:45,2,0,2,0,0,0
2019-12-27 05:00,2,1,1,0,0,0
2019-12-27 05:15,1,0,1,0,0,0
2019-12-27 05:30,6,1,5,0,0,0
2019-12-27 05:45,7,1,6,0,0,0
2019-12-27 06:00,1,1,0,0,0,0
2019-12-27 06:15,7,4,3,0,0,0
2019-12-27 06:30,13,5,8,0,0,0
2019-12-27 06:45,21,5,16,0,0,0
2019-12-27 07:00,19,7,12,0,0,0
2019-12-27 07:15,22,9,13,0,0,0
2019-12-27 07:30,28,11,17,0,0,0
2019-12-27 07:45,35,13,22,0,0,0
2019-12-27 08:00,19,6,13,0,0,0
2019-12-27 08:15,22,10,12,0,0,0
2019-12-27 08:30,15,6,9,0,0,0
2019-12-27 08:45,25,19,6,0,0,0
2019-12-27 09:00,17,10,7,0,0,0
2019-12-27 09:15,26,19,7,0,0,0
2019-12-27 09:30,18,10,8,0,0,0
2019-12-27 09:45,41,26,15,0,0,0
2019-12-27 10:00,36,23,13,0,0,0
2019-12-27 10:15,35,32,3,0,0,0
2019-12-27 10:30,40,30,10,0,0,0
2019-12-27 10:45,43,29,14,0,0,0
2019-12-27 11:00,52,34,18,0,0,0
2019-12-27 11:15,31,16,15,0,0,0
2019-12-27 11:30,45,22,23,0,0,0
2019-12-27 11:45,50,27,23,0,0,0
2019-12-27 12:00,43,19,24,0,0,0
2019-12-27 12:15,61,32,29,0,0,0
2019-12-27 12:30,66,32,34,0,0,0
2019-12-27 12:45,54,30,24,0,0,0
2019-12-27 13:00,50,20,30,0,0,0
2019-12-27 13:15,63,22,41,0,0,0
2019-12-27 13:30,58,38,20,0,0,0
2019-12-27 13:45,66,23,43,0,0,0
2019-12-27 14:00,59,24,35,0,0,0
2019-12-27 14:15,59,32,27,0,0,0
2019-12-27 14:30,64,30,34,0,0,0
2019-12-27 14:45,75,35,40,0,0,0
2019-12-27 15:00,93,51,42,0,0,0
2019-12-27 15:15,79,40,39,0,0,0
2019-12-27 15:30,57,32,25,0,0,0
2019-12-27 15:45,87,48,39,0,0,0
2019-12-27 16:00,70,28,42,0,0,0
2019-12-27 16:15,56,23,33,0,0,0
2019-12-27 16:30,77,33,44,0,0,0
2019-12-27 16:45,69,19,50,0,0,0
2019-12-27 17:00,55,21,34,0,0,0
2019-12-27 17:15,54,18,36,0,0,0
2019-12-27 17:30,44,17,27,0,0,0
2019-12-27 17:45,45,17,28,0,0,0
2019-12-27 18:00,38,9,29,0,0,0
2019-12-27 18:15,39,17,22,0,0,0
2019-12-27 18:30,36,17,19,0,0,0
2019-12-27 18:45,55,30,25,0,0,0
2019-12-27 19:00,36,13,23,0,0,0
2019-12-27 19:15,33,11,22,0,0,0
2019-12-27 19:30,26,8,18,0,0,0
2019-12-27 19:45,40,18,22,0,0,0
2019-12-27 20:00,28,15,13,0,0,0
2019-12-27 20:15,17,3,14,0,0,0
2019-12-27 20:30,13,4,9,0,0,0
2019-12-27 20:45,22,7,15,0,0,0
2019-12-27 21:00,18,5,13,0,0,0
2019-12-27 21:15,26,11,15,0,0,0
2019-12-27 21:30,15,8,7,0,0,0
2019-12-27 21:45,11,6,5,0,0,0
2019-12-27 22:00,10,1,9,0,0,0
2019-12-27 22:15,11,2,9,0,0,0
2019-12-27 22:30,11,4,7,0,0,0
2019-12-27 22:45,7,2,5,0,0,0
2019-12-27 23:00,6,0,6,0,0,0
2019-12-27 23:15,7,2,5,0,0,0
2019-12-27 23:30,6,1,5,0,0,0
2019-12-27 23:45,15,6,9,0,0,0
2019-12-28 00:00,11,0,11,0,0,0
2019-12-28 00:15,4,0,4,0,0,0
2019-12-28 00:30,17,8,9,0,0,0
2019-12-28 00:45,4,1,3,0,0,0
2019-12-28 01:00,17,7,10,0,0,0
2019-12-28 01:15,11,7,4,0,0,0
2019-12-28 01:30,2,1,1,0,0,0
2019-12-28 01:45,4,0,4,0,0,0
2019-12-28 02:00,9,4,5,0,0,0
2019-12-28 02:15,2,0,2,0,0,0
2019-12-28 02:30,4,0,4,0,0,0
2019-12-28 02:45,3,0,3,0,0,0
2019-12-28 03:00,0,0,0,0,0,0
2019-12-28 03:15,4,1,3,0,0,0
2019-12-28 03:30,0,0,0,0,0,0
2019-12-28 03:45,4,0,4,0,0,0
2019-12-28 04:00,0,0,0,0,0,0
2019-12-28 04:15,2,1,1,0,0,0
2019-12-28 04:30,1,1,0,0,0,0
2019-12-28 04:45,2,0,2,0,0,0
2019-12-28 05:00,1,0,1,0,0,0
2019-12-28 05:15,7,0,7,0,0,0
2019-12-28 05:30,4,1,3,0,0,0
2019-12-28 05:45,6,1,5,0,0,0
2019-12-28 06:00,1,1,0,0,0,0
2019-12-28 06:15,7,1,6,0,0,0
2019-12-28 06:30,6,5,1,0,0,0
2019-12-28 06:45,8,7,1,0,0,0
2019-12-28 07:00,4,3,1,0,0,0
2019-12-28 07:15,3,1,2,0,0,0
2019-12-28 07:30,11,6,5,0,0,0
2019-12-28 07:45,11,3,8,0,0,0
2019-12-28 08:00,2,1,1,0,0,0
2019-12-28 08:15,5,5,0,0,0,0
2019-12-28 08:30,12,11,1,0,0,0
2019-12-28 08:45,15,10,5,0,0,0
2019-12-28 09:00,21,16,5,0,0,0
2019-12-28 09:15,19,16,3,0,0,0
2019-12-28 09:30,29,23,6,0,0,0
2019-12-28 09:45,37,31,6,0,0,0
2019-12-28 10:00,36,29,7,0,0,0
2019-12-28 10:15,40,27,13,0,0,0
2019-12-28 10:30,51,30,21,0,0,0
2019-12-28 10:45,47,36,11,0,0,0
2019-12-28 11:00,39,24,15,0,0,0
2019-12-28 11:15,48,28,20,0,0,0
2019-12-28 11:30,68,41,27,0,0,0
2019-12-28 11:45,65,34,31,0,0,0
2019-12-28 12:00,76,37,39,0,0,0
2019-12-28 12:15,57,30,27,0,0,0
2019-12-28 12:30,75,37,38,0,0,0
2019-12-28 12:45,53,25,28,0,0,0
2019-12-28 13:00,74,38,36,0,0,0
2019-12-28 13:15,78,35,43,0,0,0
2019-12-28 13:30,52,25,27,0,0,0
2019-12-28 13:45,85,43,42,0,0,0
2019-12-28 14:00,56,29,27,0,0,0
2019-12-28 14:15,67,29,38,0,0,0
2019-12-28 14:30,54,18,36,0,0,0
2019-12-28 14:45,55,25,30,0,0,0
2019-12-28 15:00,49,19,30,0,0,0
2019-12-28 15:15,50,28,22,0,0,0
2019-12-28 15:30,51,12,39,0,0,0
2019-12-28 15:45,46,19,27,0,0,0
2019-12-28 16:00,66,24,42,0,0,0
2019-12-28 16:15,43,5,38,0,0,0
2019-12-28 16:30,48,11,37,0,0,0
2019-12-28 16:45,32,7,25,0,0,0
2019-12-28 17:00,40,9,31,0,0,0
2019-12-28 17:15,54,20,34,0,0,0
2019-12-28 17:30,31,6,25,0,0,0
2019-12-28 17:45,38,10,28,0,0,0
2019-12-28 18:00,35,6,29,0,0,0
2019-12-28 18:15,34,12,22,0,0,0
2019-12-28 18:30,23,11,12,0,0,0
2019-12-28 18:45,21,12,9,0,0,0
2019-12-28 19:00,24,16,8,0,0,0
2019-12-28 19:15,25,16,9,0,0,0
2019-12-28 19:30,18,6,12,0,0,0
2019-12-28 19:45,17,7,10,0,0,0
2019-12-28 20:00,32,11,21,0,0,0
2019-12-28 20:15,15,4,11,0,0,0
2019-12-28 20:30,15,3,12,0,0,0
2019-12-28 20:45,24,11,13,0,0,0
2019-12-28 21:00,21,17,4,0,0,0
2019-12-28 21:15,14,7,7,0,0,0
2019-12-28 21:30,18,5,13,0,0,0
2019-12-28 21:45,17,6,11,0,0,0
2019-12-28 22:00,7,3,4,0,0,0
2019-12-28 22:15,7,0,7,0,0,0
2019-12-28 22:30,12,6,6,0,0,0
2019-12-28 22:45,17,0,17,0,0,0
2019-12-28 23:00,12,1,11,0,0,0
2019-12-28 23:15,9,2,7,0,0,0
2019-12-28 23:30,7,1,6,0,0,0
2019-12-28 23:45,1,0,1,0,0,0
2019-12-29 00:00,4,2,2,0,0,0
2019-12-29 00:15,14,11,3,0,0,0
2019-12-29 00:30,6,0,6,0,0,0
2019-12-29 00:45,8,4,4,0,0,0
2019-12-29 01:00,8,2,6,0,0,0
2019-12-29 01:15,6,2,4,0,0,0
2019-12-29 01:30,5,1,4,0,0,0
2019-12-29 01:45,5,0,5,0,0,0
2019-12-29 02:00,1,0,1,0,0,0
2019-12-29 02:15,3,0,3,0,0,0
2019-12-29 02:30,3,0,3,0,0,0
2019-12-29 02:45,3,0,3,0,0,0
2019-12-29 03:00,5,1,4,0,0,0
2019-12-29 03:15,4,0,4,0,0,0
2019-12-29 03:30,2,0,2,0,0,0
2019-12-29 03:45,4,1,3,0,0,0
2019-12-29 04:00,3,0,3,0,0,0
2019-12-29 04:15,0,0,0,0,0,0
2019-12-29 04:30,2,0,2,0,0,0
2019-12-29 04:45,3,3,0,0,0,0
2019-12-29 05:00,2,0,2,0,0,0
2019-12-29 05:15,4,0,4,0,0,0
2019-12-29 05:30,4,0,4,0,0,0
2019-12-29 05:45,2,0,2,0,0,0
2019-12-29 06:00,2,1,1,0,0,0
2019-12-29 06:15,3,0,3,0,0,0
2019-12-29 06:30,5,4,1,0,0,0
2019-12-29 06:45,3,0,3,0,0,0
2019-12-29 07:00,3,2,1,0,0,0
2019-12-29 07:15,2,1,1,0,0,0
2019-12-29 07:30,3,1,2,0,0,0
2019-12-29 07:45,8,1,7,0,0,0
2019-12-29 08:00,5,2,3,0,0,0
2019-12-29 08:15,4,4,0,0,0,0
2019-12-29 08:30,2,2,0,0,0,0
2019-12-29 08:45,5,4,1,0,0,0
2019-12-29 09:00,8,5,3,0,0,0
2019-12-29 09:15,7,4,3,0,0,0
2019-12-29 09:30,10,7,3,0,0,0
2019-12-29 09:45,19,14,5,0,0,0
2019-12-29 10:00,14,6,8,0,0,0
2019-12-29 10:15,8,5,3,0,0,0
2019-12-29 10:30,10,4,6,0,0,0
2019-12-29 10:45,11,7,4,0,0,0
2019-12-29 11:00,19,11,8,0,0,0
2019-12-29 11:15,11,9,2,0,0,0
2019-12-29 11:30,9,4,5,0,0,0
2019-12-29 11:45,11,9,2,0,0,0
2019-12-29 12:00,10,3,7,0,0,0
2019-12-29 12:15,15,6,9,0,0,0
2019-12-29 12:30,18,6,12,0,0,0
2019-12-29 12:45,14,7,7,0,0,0
2019-12-29 13:00,27,10,17,0,0,0
2019-12-29 13:15,11,4,7,0,0,0
2019-12-29 13:30,14,4,10,0,0,0
2019-12-29 13:45,23,8,15,0,0,0
2019-12-29 14:00,16,8,8,0,0,0
2019-12-29 14:15,24,17,7,0,0,0
2019-12-29 14:30,38,27,11,0,0,0
2019-12-29 14:45,39,16,23,0,0,0
2019-12-29 15:00,26,7,19,0,0,0
2019-12-29 15:15,28,13,15,0,0,0
2019-12-29 15:30,36,22,14,0,0,0
2019-12-29 15:45,38,23,15,0,0,0
2019-12-29 16:00,25,14,11,0,0,0
2019-12-29 16:15,21,12,9,0,0,0
2019-12-29 16:30,35,14,21,0,0,0
2019-12-29 16:45,39,20,19,0,0,0
2019-12-29 17:00,34,12,22,0,0,0
2019-12-29 17:15,26,13,13,0,0,0
2019-12-29 17:30,29,7,22,0,0,0
2019-12-29 17:45,58,16,42,0,0,0
2019-12-29 18:00,16,5,11,0,0,0
2019-12-29 18:15,29,15,14,0,0,0
2019-12-29 18:30,16,4,12,0,0,0
2019-12-29 18:45,10,6,4,0,0,0
2019-12-29 19:00,11,4,7,0,0,0
2019-12-29 19:15,13,3,10,0,0,0
2019-12-29 19:30,25,12,13,0,0,0
2019-12-29 19:45,25,11,14,0,0,0
2019-12-29 20:00,20,5,15,0,0,0
2019-12-29 20:15,11,5,6,0,0,0
2019-12-29 20:30,9,4,5,0,0,0
2019-12-29 20:45,8,4,4,0,0,0
2019-12-29 21:00,15,7,8,0,0,0
2019-12-29 21:15,11,3,8,0,0,0
2019-12-29 21:30,13,1,12,0,0,0
2019-12-29 21:45,4,0,4,0,0,0
2019-12-29 22:00,5,4,1,0,0,0
2019-12-29 22:15,6,6,0,0,0,0
2019-12-29 22:30,4,2,2,0,0,0
2019-12-29 22:45,12,1,11,0,0,0
2019-12-29 23:00,7,1,6,0,0,0
2019-12-29 23:15,3,2,1,0,0,0
2019-12-29 23:30,2,0,2,0,0,0
2019-12-29 23:45,3,1,2,0,0,0
2019-12-30 00:00,7,2,5,0,0,0
2019-12-30 00:15,4,0,4,0,0,0
2019-12-30 00:30,3,2,1,0,0,0
2019-12-30 00:45,0,0,0,0,0,0
2019-12-30 01:00,2,2,0,0,0,0
2019-12-30 01:15,1,0,1,0,0,0
2019-12-30 01:30,7,1,6,0,0,0
2019-12-30 01:45,0,0,0,0,0,0
2019-12-30 02:00,6,4,2,0,0,0
2019-12-30 02:15,3,1,2,0,0,0
2019-12-30 02:30,0,0,0,0,0,0
2019-12-30 02:45,2,0,2,0,0,0
2019-12-30 03:00,5,3,2,0,0,0
2019-12-30 03:15,0,0,0,0,0,0
2019-12-30 03:30,1,0,1,0,0,0
2019-12-30 03:45,1,0,1,0,0,0
2019-12-30 04:00,0,0,0,0,0,0
2019-12-30 04:15,0,0,0,0,0,0
2019-12-30 04:30,0,0,0,0,0,0
2019-12-30 04:45,1,0,1,0,0,0
2019-12-30 05:00,2,2,0,0,0,0
2019-12-30 05:15,1,1,0,0,0,0
2019-12-30 05:30,5,2,3,0,0,0
2019-12-30 05:45,5,1,4,0,0,0
2019-12-30 06:00,5,2,3,0,0,0
2019-12-30 06:15,3,1,2,0,0,0
2019-12-30 06:30,14,3,11,0,0,0
2019-12-30 06:45,25,7,18,0,0,0
2019-12-30 07:00,25,10,15,0,0,0
2019-12-30 07:15,21,9,12,0,0,0
2019-12-30 07:30,27,11,16,0,0,0
2019-12-30 07:45,38,14,24,0,0,0
2019-12-30 08:00,26,12,14,0,0,0
2019-12-30 08:15,25,14,11,0,0,0
2019-12-30 08:30,22,9,13,0,0,0
2019-12-30 08:45,20,7,13,0,0,0
2019-12-30 09:00,12,5,7,0,0,0
2019-12-30 09:15,37,31,6,0,0,0
2019-12-30 09:30,20,8,12,0,0,0
2019-12-30 09:45,31,15,16,0,0,0
2019-12-30 10:00,27,17,10,0,0,0
2019-12-30 10:15,32,22,10,0,0,0
2019-12-30 10:30,45,29,16,0,0,0
2019-12-30 10:45,50,36,14,0,0,0
2019-12-30 11:00,34,15,19,0,0,0
2019-12-30 11:15,55,30,25,0,0,0
2019-12-30 11:30,42,27,15,0,0,0
2019-12-30 11:45,58,31,27,0,0,0
2019-12-30 12:00,44,21,23,0,0,0
2019-12-30 12:15,54,21,33,0,0,0
2019-12-30 12:30,58,26,32,0,0,0
2019-12-30 12:45,45,24,21,0,0,0
2019-12-30 13:00,63,26,37,0,0,0
2019-12-30 13:15,44,24,20,0,0,0
2019-12-30 13:30,64,35,29,0,0,0
2019-12-30 13:45,41,23,18,0,0,0
2019-12-30 14:00,69,35,34,0,0,0
2019-12-30 14:15,54,32,22,0,0,0
2019-12-30 14:30,71,49,22,0,0,0
2019-12-30 14:45,89,58,31,0,0,0
2019-12-30 15:00,59,26,33,0,0,0
2019-12-30 15:15,82,50,32,0,0,0
2019-12-30 15:30,73,27,46,0,0,0
2019-12-30 15:45,71,33,38,0,0,0
2019-12-30 16:00,68,20,48,0,0,0
2019-12-30 16:15,87,32,55,0,0,0
2019-12-30 16:30,61,28,33,0,0,0
2019-12-30 16:45,69,26,43,0,0,0
2019-12-30 17:00,42,14,28,0,0,0
2019-12-30 17:15,47,24,23,0,0,0
2019-12-30 17:30,59,23,36,0,0,0
2019-12-30 17:45,77,17,60,0,0,0
2019-12-30 18:00,36,17,19,0,0,0
2019-12-30 18:15,26,9,17,0,0,0
2019-12-30 18:30,30,10,20,0,0,0
2019-12-30 18:45,44,13,31,0,0,0
2019-12-30 19:00,41,16,25,0,0,0
2019-12-30 19:15,36,18,18,0,0,0
2019-12-30 19:30,27,12,15,0,0,0
2019-12-30 19:45,33,13,20,0,0,0
2019-12-30 20:00,26,5,21,0,0,0
2019-12-30 20:15,25,9,16,0,0,0
2019-12-30 20:30,19,5,14,0,0,0
2019-12-30 20:45,11,6,5,0,0,0
2019-12-30 21:00,18,8,10,0,0,0
2019-12-30 21:15,8,2,6,0,0,0
2019-12-30 21:30,12,1,11,0,0,0
2019-12-30 21:45,5,1,4,0,0,0
2019-12-30 22:00,2,0,2,0,0,0
2019-12-30 22:15,5,2,3,0,0,0
2019-12-30 22:30,11,2,9,0,0,0
2019-12-30 22:45,19,0,19,0,0,0
2019-12-30 23:00,11,4,7,0,0,0
2019-12-30 23:15,11,3,8,0,0,0
2019-12-30 23:30,7,2,5,0,0,0
2019-12-30 23:45,4,0,4,0,0,0
2019-12-31 00:00,5,0,5,0,0,0
2019-12-31 00:15,5,1,4,0,0,0
2019-12-31 00:30,5,4,1,0,0,0
2019-12-31 00:45,6,2,4,0,0,0
2019-12-31 01:00,8,1,7,0,0,0
2019-12-31 01:15,2,0,2,0,0,0
2019-12-31 01:30,4,0,4,0,0,0
2019-12-31 01:45,5,0,5,0,0,0
2019-12-31 02:00,1,0,1,0,0,0
2019-12-31 02:15,2,0,2,0,0,0
2019-12-31 02:30,4,3,1,0,0,0
2019-12-31 02:45,0,0,0,0,0,0
2019-12-31 03:00,2,0,2,0,0,0
2019-12-31 03:15,0,0,0,0,0,0
2019-12-31 03:30,0,0,0,0,0,0
2019-12-31 03:45,0,0,0,0,0,0
2019-12-31 04:00,0,0,0,0,0,0
2019-12-31 04:15,0,0,0,0,0,0
2019-12-31 04:30,1,0,1,0,0,0
2019-12-31 04:45,2,0,2,0,0,0
2019-12-31 05:00,0,0,0,0,0,0
2019-12-31 05:15,0,0,0,0,0,0
2019-12-31 05:30,11,1,10,0,0,0
2019-12-31 05:45,9,3,6,0,0,0
2019-12-31 06:00,1,0,1,0,0,0
2019-12-31 06:15,1,0,1,0,0,0
2019-12-31 06:30,7,5,2,0,0,0
2019-12-31 06:45,5,4,1,0,0,0
2019-12-31 07:00,8,6,2,0,0,0
2019-12-31 07:15,4,2,2,0,0,0
2019-12-31 07:30,8,5,3,0,0,0
2019-12-31 07:45,7,4,3,0,0,0
2019-12-31 08:00,20,11,9,0,0,0
2019-12-31 08:15,13,8,5,0,0,0
2019-12-31 08:30,16,10,6,0,0,0
2019-12-31 08:45,23,16,7,0,0,0
2019-12-31 09:00,29,15,14,0,0,0
2019-12-31 09:15,38,28,10,0,0,0
2019-12-31 09:30,31,19,12,0,0,0
2019-12-31 09:45,41,25,16,0,0,0
2019-12-31 10:00,48,27,21,0,0,0
2019-12-31 10:15,40,28,12,0,0,0
2019-12-31 10:30,40,29,11,0,0,0
2019-12-31 10:45,63,43,20,0,0,0
2019-12-31 11:00,44,33,11,0,0,0
2019-12-31 11:15,57,33,24,0,0,0
2019-12-31 11:30,70,41,29,0,0,0
2019-12-31 11:45,62,27,35,0,0,0
2019-12-31 12:00,65,27,38,0,0,0
2019-12-31 12:15,78,33,45,0,0,0
2019-12-31 12:30,50,18,32,0,0,0
2019-12-31 12:45,61,13,48,0,0,0
2019-12-31 13:00,54,11,43,0,0,0
2019-12-31 13:15,56,11,45,0,0,0
2019-12-31 13:30,35,9,26,0,0,0
2019-12-31 13:45,43,13,30,0,0,0
2019-12-31 14:00,48,7,41,0,0,0
2019-12-31 14:15,36,13,23,0,0,0
2019-12-31 14:30,38,17,21,0,0,0
2019-12-31 14:45,22,5,17,0,0,0
2019-12-31 15:00,28,4,24,0,0,0
2019-12-31 15:15,24,15,9,0,0,0
2019-12-31 15:30,23,8,15,0,0,0
2019-12-31 15:45,25,11,14,0,0,0
2019-12-31 16:00,23,9,14,0,0,0
2019-12-31 16:15,13,3,10,0,0,0
2019-12-31 16:30,12,7,5,0,0,0
2019-12-31 16:45,21,11,10,0,0,0
2019-12-31 17:00,18,6,12,0,0,0
2019-12-31 17:15,14,6,8,0,0,0
2019-12-31 17:30,24,10,14,0,0,0
2019-12-31 17:45,27,12,15,0,0,0
2019-12-31 18:00,35,7,28,0,0,0
2019-12-31 18:15,35,13,22,0,0,0
2019-12-31 18:30,31,21,10,0,0,0
2019-12-31 18:45,34,14,20,0,0,0
2019-12-31 19:00,37,14,23,0,0,0
2019-12-31 19:15,11,4,7,0,0,0
2019-12-31 19:30,33,14,19,0,0,0
2019-12-31 19:45,22,12,10,0,0,0
2019-12-31 20:00,26,11,15,0,0,0
2019-12-31 20:15,12,4,8,0,0,0
2019-12-31 20:30,16,5,11,0,0,0
2019-12-31 20:45,18,15,3,0,0,0
2019-12-31 21:00,11,9,2,0,0,0
2019-12-31 21:15,6,5,1,0,0,0
2019-12-31 21:30,25,17,8,0,0,0
2019-12-31 21:45,13,5,8,0,0,0
2019-12-31 22:00,8,8,0,0,0,0
2019-12-31 22:15,9,1,8,0,0,0
2019-12-31 22:30,6,4,2,0,0,0
2019-12-31 22:45,9,5,4,0,0,0
2019-12-31 23:00,16,13,3,0,0,0
2019-12-31 23:15,13,10,3,0,0,0
2019-12-31 23:30,19,7,12,0,0,0
2019-12-31 23:45,17,10,7,0,0,0
