Datetime,100034982 (Hüfferstraße),101034982 (Hüfferstraße stadteinwärts),102034982 (Hüfferstraße stadtauswärts),100034982-status,101034982-status,102034982-status
2019-10-01 00:00,10,1,9,0,0,0
2019-10-01 00:15,1,0,1,0,0,0
2019-10-01 00:30,9,1,8,0,0,0
2019-10-01 00:45,5,0,5,0,0,0
2019-10-01 01:00,5,2,3,0,0,0
2019-10-01 01:15,2,0,2,0,0,0
2019-10-01 01:30,4,2,2,0,0,0
2019-10-01 01:45,9,2,7,0,0,0
2019-10-01 02:00,5,1,4,0,0,0
2019-10-01 02:15,4,0,4,0,0,0
2019-10-01 02:30,1,1,0,0,0,0
2019-10-01 02:45,3,1,2,0,0,0
2019-10-01 03:00,2,1,1,0,0,0
2019-10-01 03:15,0,0,0,0,0,0
2019-10-01 03:30,0,0,0,0,0,0
2019-10-01 03:45,2,0,2,0,0,0
2019-10-01 04:00,1,0,1,0,0,0
2019-10-01 04:15,1,0,1,0,0,0
2019-10-01 04:30,0,0,0,0,0,0
2019-10-01 04:45,1,0,1,0,0,0
2019-10-01 05:00,0,0,0,0,0,0
2019-10-01 05:15,1,1,0,0,0,0
2019-10-01 05:30,8,2,6,0,0,0
2019-10-01 05:45,10,5,5,0,0,0
2019-10-01 06:00,9,4,5,0,0,0
2019-10-01 06:15,11,5,6,0,0,0
2019-10-01 06:30,24,7,17,0,0,0
2019-10-01 06:45,39,16,23,0,0,0
2019-10-01 07:00,40,13,27,0,0,0
2019-10-01 07:15,83,39,44,0,0,0
2019-10-01 07:30,169,126,43,0,0,0
2019-10-01 07:45,182,89,93,0,0,0
2019-10-01 08:00,125,54,71,0,0,0
2019-10-01 08:15,127,41,86,0,0,0
2019-10-01 08:30,103,46,57,0,0,0
2019-10-01 08:45,112,43,69,0,0,0
2019-10-01 09:00,58,17,41,0,0,0
2019-10-01 09:15,51,15,36,0,0,0
2019-10-01 09:30,56,23,33,0,0,0
2019-10-01 09:45,93,39,54,0,0,0
2019-10-01 10:00,44,12,32,0,0,0
2019-10-01 10:15,48,18,30,0,0,0
2019-10-01 10:30,30,7,23,0,0,0
2019-10-01 10:45,44,17,27,0,0,0
2019-10-01 11:00,47,24,23,0,0,0
2019-10-01 11:15,46,20,26,0,0,0
2019-10-01 11:30,46,18,28,0,0,0
2019-10-01 11:45,66,35,31,0,0,0
2019-10-01 12:00,65,32,33,0,0,0
2019-10-01 12:15,67,34,33,0,0,0
2019-10-01 12:30,86,36,50,0,0,0
2019-10-01 12:45,86,23,63,0,0,0
2019-10-01 13:00,96,33,63,0,0,0
2019-10-01 13:15,98,24,74,0,0,0
2019-10-01 13:30,68,31,37,0,0,0
2019-10-01 13:45,100,57,43,0,0,0
2019-10-01 14:00,96,38,58,0,0,0
2019-10-01 14:15,89,43,46,0,0,0
2019-10-01 14:30,90,50,40,0,0,0
2019-10-01 14:45,80,42,38,0,0,0
2019-10-01 15:00,102,49,53,0,0,0
2019-10-01 15:15,107,70,37,0,0,0
2019-10-01 15:30,93,47,46,0,0,0
2019-10-01 15:45,133,78,55,0,0,0
2019-10-01 16:00,127,79,48,0,0,0
2019-10-01 16:15,103,51,52,0,0,0
2019-10-01 16:30,100,53,47,0,0,0
2019-10-01 16:45,93,36,57,0,0,0
2019-10-01 17:00,95,49,46,0,0,0
2019-10-01 17:15,121,56,65,0,0,0
2019-10-01 17:30,93,48,45,0,0,0
2019-10-01 17:45,117,59,58,0,0,0
2019-10-01 18:00,106,45,61,0,0,0
2019-10-01 18:15,79,32,47,0,0,0
2019-10-01 18:30,81,38,43,0,0,0
2019-10-01 18:45,92,37,55,0,0,0
2019-10-01 19:00,64,30,34,0,0,0
2019-10-01 19:15,79,34,45,0,0,0
2019-10-01 19:30,62,28,34,0,0,0
2019-10-01 19:45,69,42,27,0,0,0
2019-10-01 20:00,62,24,38,0,0,0
2019-10-01 20:15,38,15,23,0,0,0
2019-10-01 20:30,30,11,19,0,0,0
2019-10-01 20:45,31,19,12,0,0,0
2019-10-01 21:00,20,9,11,0,0,0
2019-10-01 21:15,28,11,17,0,0,0
2019-10-01 21:30,34,12,22,0,0,0
2019-10-01 21:45,18,7,11,0,0,0
2019-10-01 22:00,31,6,25,0,0,0
2019-10-01 22:15,31,7,24,0,0,0
2019-10-01 22:30,26,8,18,0,0,0
2019-10-01 22:45,17,3,14,0,0,0
2019-10-01 23:00,25,7,18,0,0,0
2019-10-01 23:15,24,5,19,0,0,0
2019-10-01 23:30,17,2,15,0,0,0
2019-10-01 23:45,17,1,16,0,0,0
2019-10-02 00:00,11,2,9,0,0,0
2019-10-02 00:15,16,8,8,0,0,0
2019-10-02 00:30,19,11,8,0,0,0
2019-10-02 00:45,5,3,2,0,0,0
2019-10-02 01:00,20,4,16,0,0,0
2019-10-02 01:15,13,4,9,0,0,0
2019-10-02 01:30,7,3,4,0,0,0
2019-10-02 01:45,4,3,1,0,0,0
2019-10-02 02:00,5,3,2,0,0,0
2019-10-02 02:15,14,9,5,0,0,0
2019-10-02 02:30,8,3,5,0,0,0
2019-10-02 02:45,6,3,3,0,0,0
2019-10-02 03:00,10,8,2,0,0,0
2019-10-02 03:15,12,8,4,0,0,0
2019-10-02 03:30,7,5,2,0,0,0
2019-10-02 03:45,7,1,6,0,0,0
2019-10-02 04:00,12,2,10,0,0,0
2019-10-02 04:15,5,4,1,0,0,0
2019-10-02 04:30,4,1,3,0,0,0
2019-10-02 04:45,2,2,0,0,0,0
2019-10-02 05:00,2,0,2,0,0,0
2019-10-02 05:15,5,2,3,0,0,0
2019-10-02 05:30,10,1,9,0,0,0
2019-10-02 05:45,7,4,3,0,0,0
2019-10-02 06:00,8,3,5,0,0,0
2019-10-02 06:15,17,8,9,0,0,0
2019-10-02 06:30,39,17,22,0,0,0
2019-10-02 06:45,37,16,21,0,0,0
2019-10-02 07:00,57,20,37,0,0,0
2019-10-02 07:15,105,51,54,0,0,0
2019-10-02 07:30,245,184,61,0,0,0
2019-10-02 07:45,190,88,102,0,0,0
2019-10-02 08:00,131,56,75,0,0,0
2019-10-02 08:15,136,54,82,0,0,0
2019-10-02 08:30,166,66,100,0,0,0
2019-10-02 08:45,138,62,76,0,0,0
2019-10-02 09:00,97,40,57,0,0,0
2019-10-02 09:15,107,52,55,0,0,0
2019-10-02 09:30,114,57,57,0,0,0
2019-10-02 09:45,152,75,77,0,0,0
2019-10-02 10:00,87,50,37,0,0,0
2019-10-02 10:15,87,51,36,0,0,0
2019-10-02 10:30,86,54,32,0,0,0
2019-10-02 10:45,125,78,47,0,0,0
2019-10-02 11:00,100,49,51,0,0,0
2019-10-02 11:15,110,61,49,0,0,0
2019-10-02 11:30,148,70,78,0,0,0
2019-10-02 11:45,120,58,62,0,0,0
2019-10-02 12:00,117,72,45,0,0,0
2019-10-02 12:15,145,59,86,0,0,0
2019-10-02 12:30,131,63,68,0,0,0
2019-10-02 12:45,126,46,80,0,0,0
2019-10-02 13:00,151,68,83,0,0,0
2019-10-02 13:15,180,68,112,0,0,0
2019-10-02 13:30,132,60,72,0,0,0
2019-10-02 13:45,160,71,89,0,0,0
2019-10-02 14:00,147,60,87,0,0,0
2019-10-02 14:15,113,48,65,0,0,0
2019-10-02 14:30,106,48,58,0,0,0
2019-10-02 14:45,149,64,85,0,0,0
2019-10-02 15:00,161,68,93,0,0,0
2019-10-02 15:15,140,71,69,0,0,0
2019-10-02 15:30,150,61,89,0,0,0
2019-10-02 15:45,176,78,98,0,0,0
2019-10-02 16:00,142,76,66,0,0,0
2019-10-02 16:15,127,67,60,0,0,0
2019-10-02 16:30,166,73,93,0,0,0
2019-10-02 16:45,153,66,87,0,0,0
2019-10-02 17:00,159,86,73,0,0,0
2019-10-02 17:15,129,68,61,0,0,0
2019-10-02 17:30,140,65,75,0,0,0
2019-10-02 17:45,137,61,76,0,0,0
2019-10-02 18:00,127,48,79,0,0,0
2019-10-02 18:15,133,59,74,0,0,0
2019-10-02 18:30,105,45,60,0,0,0
2019-10-02 18:45,112,46,66,0,0,0
2019-10-02 19:00,105,42,63,0,0,0
2019-10-02 19:15,74,41,33,0,0,0
2019-10-02 19:30,82,30,52,0,0,0
2019-10-02 19:45,87,37,50,0,0,0
2019-10-02 20:00,72,30,42,0,0,0
2019-10-02 20:15,66,20,46,0,0,0
2019-10-02 20:30,46,19,27,0,0,0
2019-10-02 20:45,36,13,23,0,0,0
2019-10-02 21:00,53,27,26,0,0,0
2019-10-02 21:15,41,21,20,0,0,0
2019-10-02 21:30,33,12,21,0,0,0
2019-10-02 21:45,40,13,27,0,0,0
2019-10-02 22:00,21,8,13,0,0,0
2019-10-02 22:15,16,8,8,0,0,0
2019-10-02 22:30,39,18,21,0,0,0
2019-10-02 22:45,21,8,13,0,0,0
2019-10-02 23:00,20,11,9,0,0,0
2019-10-02 23:15,20,9,11,0,0,0
2019-10-02 23:30,24,1,23,0,0,0
2019-10-02 23:45,34,13,21,0,0,0
2019-10-03 00:00,12,2,10,0,0,0
2019-10-03 00:15,54,33,21,0,0,0
2019-10-03 00:30,13,2,11,0,0,0
2019-10-03 00:45,35,17,18,0,0,0
2019-10-03 01:00,21,10,11,0,0,0
2019-10-03 01:15,13,0,13,0,0,0
2019-10-03 01:30,17,6,11,0,0,0
2019-10-03 01:45,12,0,12,0,0,0
2019-10-03 02:00,17,1,16,0,0,0
2019-10-03 02:15,16,1,15,0,0,0
2019-10-03 02:30,16,1,15,0,0,0
2019-10-03 02:45,9,1,8,0,0,0
2019-10-03 03:00,19,1,18,0,0,0
2019-10-03 03:15,12,1,11,0,0,0
2019-10-03 03:30,27,1,26,0,0,0
2019-10-03 03:45,7,0,7,0,0,0
2019-10-03 04:00,7,0,7,0,0,0
2019-10-03 04:15,12,2,10,0,0,0
2019-10-03 04:30,5,0,5,0,0,0
2019-10-03 04:45,6,1,5,0,0,0
2019-10-03 05:00,0,0,0,0,0,0
2019-10-03 05:15,2,2,0,0,0,0
2019-10-03 05:30,16,2,14,0,0,0
2019-10-03 05:45,9,3,6,0,0,0
2019-10-03 06:00,7,0,7,0,0,0
2019-10-03 06:15,4,3,1,0,0,0
2019-10-03 06:30,3,1,2,0,0,0
2019-10-03 06:45,15,8,7,0,0,0
2019-10-03 07:00,6,3,3,0,0,0
2019-10-03 07:15,11,5,6,0,0,0
2019-10-03 07:30,21,12,9,0,0,0
2019-10-03 07:45,21,9,12,0,0,0
2019-10-03 08:00,10,5,5,0,0,0
2019-10-03 08:15,16,11,5,0,0,0
2019-10-03 08:30,28,18,10,0,0,0
2019-10-03 08:45,20,7,13,0,0,0
2019-10-03 09:00,20,10,10,0,0,0
2019-10-03 09:15,28,15,13,0,0,0
2019-10-03 09:30,38,24,14,0,0,0
2019-10-03 09:45,52,24,28,0,0,0
2019-10-03 10:00,45,28,17,0,0,0
2019-10-03 10:15,33,23,10,0,0,0
2019-10-03 10:30,29,18,11,0,0,0
2019-10-03 10:45,40,21,19,0,0,0
2019-10-03 11:00,47,17,30,0,0,0
2019-10-03 11:15,65,24,41,0,0,0
2019-10-03 11:30,105,33,72,0,0,0
2019-10-03 11:45,104,32,72,0,0,0
2019-10-03 12:00,91,24,67,0,0,0
2019-10-03 12:15,77,25,52,0,0,0
2019-10-03 12:30,117,33,84,0,0,0
2019-10-03 12:45,120,35,85,0,0,0
2019-10-03 13:00,80,24,56,0,0,0
2019-10-03 13:15,114,50,64,0,0,0
2019-10-03 13:30,121,54,67,0,0,0
2019-10-03 13:45,98,41,57,0,0,0
2019-10-03 14:00,71,44,27,0,0,0
2019-10-03 14:15,68,38,30,0,0,0
2019-10-03 14:30,69,33,36,0,0,0
2019-10-03 14:45,75,41,34,0,0,0
2019-10-03 15:00,79,44,35,0,0,0
2019-10-03 15:15,84,37,47,0,0,0
2019-10-03 15:30,91,36,55,0,0,0
2019-10-03 15:45,123,77,46,0,0,0
2019-10-03 16:00,49,19,30,0,0,0
2019-10-03 16:15,32,18,14,0,0,0
2019-10-03 16:30,72,12,60,0,0,0
2019-10-03 16:45,92,22,70,0,0,0
2019-10-03 17:00,80,19,61,0,0,0
2019-10-03 17:15,57,13,44,0,0,0
2019-10-03 17:30,58,24,34,0,0,0
2019-10-03 17:45,47,13,34,0,0,0
2019-10-03 18:00,49,12,37,0,0,0
2019-10-03 18:15,36,15,21,0,0,0
2019-10-03 18:30,49,14,35,0,0,0
2019-10-03 18:45,59,23,36,0,0,0
2019-10-03 19:00,47,13,34,0,0,0
2019-10-03 19:15,48,19,29,0,0,0
2019-10-03 19:30,32,15,17,0,0,0
2019-10-03 19:45,62,28,34,0,0,0
2019-10-03 20:00,60,14,46,0,0,0
2019-10-03 20:15,37,12,25,0,0,0
2019-10-03 20:30,27,13,14,0,0,0
2019-10-03 20:45,30,15,15,0,0,0
2019-10-03 21:00,25,14,11,0,0,0
2019-10-03 21:15,27,10,17,0,0,0
2019-10-03 21:30,15,3,12,0,0,0
2019-10-03 21:45,33,15,18,0,0,0
2019-10-03 22:00,21,5,16,0,0,0
2019-10-03 22:15,15,7,8,0,0,0
2019-10-03 22:30,11,4,7,0,0,0
2019-10-03 22:45,14,3,11,0,0,0
2019-10-03 23:00,22,12,10,0,0,0
2019-10-03 23:15,39,25,14,0,0,0
2019-10-03 23:30,17,7,10,0,0,0
2019-10-03 23:45,11,6,5,0,0,0
2019-10-04 00:00,6,1,5,0,0,0
2019-10-04 00:15,12,4,8,0,0,0
2019-10-04 00:30,6,6,0,0,0,0
2019-10-04 00:45,14,2,12,0,0,0
2019-10-04 01:00,17,11,6,0,0,0
2019-10-04 01:15,8,6,2,0,0,0
2019-10-04 01:30,11,4,7,0,0,0
2019-10-04 01:45,10,4,6,0,0,0
2019-10-04 02:00,13,4,9,0,0,0
2019-10-04 02:15,11,0,11,0,0,0
2019-10-04 02:30,4,1,3,0,0,0
2019-10-04 02:45,17,3,14,0,0,0
2019-10-04 03:00,11,0,11,0,0,0
2019-10-04 03:15,13,11,2,0,0,0
2019-10-04 03:30,5,0,5,0,0,0
2019-10-04 03:45,4,1,3,0,0,0
2019-10-04 04:00,4,0,4,0,0,0
2019-10-04 04:15,0,0,0,0,0,0
2019-10-04 04:30,2,1,1,0,0,0
2019-10-04 04:45,5,3,2,0,0,0
2019-10-04 05:00,0,0,0,0,0,0
2019-10-04 05:15,10,3,7,0,0,0
2019-10-04 05:30,15,4,11,0,0,0
2019-10-04 05:45,8,3,5,0,0,0
2019-10-04 06:00,3,1,2,0,0,0
2019-10-04 06:15,14,5,9,0,0,0
2019-10-04 06:30,19,7,12,0,0,0
2019-10-04 06:45,41,9,32,0,0,0
2019-10-04 07:00,39,16,23,0,0,0
2019-10-04 07:15,50,20,30,0,0,0
2019-10-04 07:30,96,49,47,0,0,0
2019-10-04 07:45,90,37,53,0,0,0
2019-10-04 08:00,90,32,58,0,0,0
2019-10-04 08:15,82,35,47,0,0,0
2019-10-04 08:30,67,35,32,0,0,0
2019-10-04 08:45,83,42,41,0,0,0
2019-10-04 09:00,46,20,26,0,0,0
2019-10-04 09:15,50,34,16,0,0,0
2019-10-04 09:30,72,29,43,0,0,0
2019-10-04 09:45,84,48,36,0,0,0
2019-10-04 10:00,53,29,24,0,0,0
2019-10-04 10:15,57,24,33,0,0,0
2019-10-04 10:30,52,22,30,0,0,0
2019-10-04 10:45,62,36,26,0,0,0
2019-10-04 11:00,79,42,37,0,0,0
2019-10-04 11:15,83,45,38,0,0,0
2019-10-04 11:30,59,28,31,0,0,0
2019-10-04 11:45,55,29,26,0,0,0
2019-10-04 12:00,67,32,35,0,0,0
2019-10-04 12:15,69,23,46,0,0,0
2019-10-04 12:30,65,29,36,0,0,0
2019-10-04 12:45,100,43,57,0,0,0
2019-10-04 13:00,74,41,33,0,0,0
2019-10-04 13:15,85,40,45,0,0,0
2019-10-04 13:30,59,28,31,0,0,0
2019-10-04 13:45,70,25,45,0,0,0
2019-10-04 14:00,54,16,38,0,0,0
2019-10-04 14:15,92,61,31,0,0,0
2019-10-04 14:30,84,45,39,0,0,0
2019-10-04 14:45,61,24,37,0,0,0
2019-10-04 15:00,95,49,46,0,0,0
2019-10-04 15:15,71,39,32,0,0,0
2019-10-04 15:30,51,27,24,0,0,0
2019-10-04 15:45,61,22,39,0,0,0
2019-10-04 16:00,59,21,38,0,0,0
2019-10-04 16:15,59,30,29,0,0,0
2019-10-04 16:30,44,18,26,0,0,0
2019-10-04 16:45,65,39,26,0,0,0
2019-10-04 17:00,49,27,22,0,0,0
2019-10-04 17:15,74,33,41,0,0,0
2019-10-04 17:30,34,14,20,0,0,0
2019-10-04 17:45,58,34,24,0,0,0
2019-10-04 18:00,47,16,31,0,0,0
2019-10-04 18:15,49,24,25,0,0,0
2019-10-04 18:30,46,21,25,0,0,0
2019-10-04 18:45,40,11,29,0,0,0
2019-10-04 19:00,30,12,18,0,0,0
2019-10-04 19:15,35,14,21,0,0,0
2019-10-04 19:30,23,9,14,0,0,0
2019-10-04 19:45,22,11,11,0,0,0
2019-10-04 20:00,37,18,19,0,0,0
2019-10-04 20:15,26,6,20,0,0,0
2019-10-04 20:30,19,10,9,0,0,0
2019-10-04 20:45,15,5,10,0,0,0
2019-10-04 21:00,26,16,10,0,0,0
2019-10-04 21:15,18,7,11,0,0,0
2019-10-04 21:30,21,13,8,0,0,0
2019-10-04 21:45,10,5,5,0,0,0
2019-10-04 22:00,12,7,5,0,0,0
2019-10-04 22:15,9,5,4,0,0,0
2019-10-04 22:30,18,6,12,0,0,0
2019-10-04 22:45,16,5,11,0,0,0
2019-10-04 23:00,18,3,15,0,0,0
2019-10-04 23:15,6,2,4,0,0,0
2019-10-04 23:30,11,6,5,0,0,0
2019-10-04 23:45,12,1,11,0,0,0
2019-10-05 00:00,4,2,2,0,0,0
2019-10-05 00:15,8,4,4,0,0,0
2019-10-05 00:30,4,0,4,0,0,0
2019-10-05 00:45,9,5,4,0,0,0
2019-10-05 01:00,6,1,5,0,0,0
2019-10-05 01:15,4,0,4,0,0,0
2019-10-05 01:30,4,2,2,0,0,0
2019-10-05 01:45,4,1,3,0,0,0
2019-10-05 02:00,9,7,2,0,0,0
2019-10-05 02:15,8,0,8,0,0,0
2019-10-05 02:30,3,0,3,0,0,0
2019-10-05 02:45,10,2,8,0,0,0
2019-10-05 03:00,6,1,5,0,0,0
2019-10-05 03:15,7,0,7,0,0,0
2019-10-05 03:30,2,0,2,0,0,0
2019-10-05 03:45,8,1,7,0,0,0
2019-10-05 04:00,9,0,9,0,0,0
2019-10-05 04:15,5,2,3,0,0,0
2019-10-05 04:30,4,1,3,0,0,0
2019-10-05 04:45,4,2,2,0,0,0
2019-10-05 05:00,1,0,1,0,0,0
2019-10-05 05:15,3,1,2,0,0,0
2019-10-05 05:30,10,1,9,0,0,0
2019-10-05 05:45,6,1,5,0,0,0
2019-10-05 06:00,1,0,1,0,0,0
2019-10-05 06:15,7,3,4,0,0,0
2019-10-05 06:30,10,5,5,0,0,0
2019-10-05 06:45,16,8,8,0,0,0
2019-10-05 07:00,5,3,2,0,0,0
2019-10-05 07:15,13,8,5,0,0,0
2019-10-05 07:30,8,4,4,0,0,0
2019-10-05 07:45,19,6,13,0,0,0
2019-10-05 08:00,24,12,12,0,0,0
2019-10-05 08:15,25,18,7,0,0,0
2019-10-05 08:30,21,15,6,0,0,0
2019-10-05 08:45,35,21,14,0,0,0
2019-10-05 09:00,23,10,13,0,0,0
2019-10-05 09:15,42,30,12,0,0,0
2019-10-05 09:30,36,26,10,0,0,0
2019-10-05 09:45,72,55,17,0,0,0
2019-10-05 10:00,58,43,15,0,0,0
2019-10-05 10:15,68,44,24,0,0,0
2019-10-05 10:30,66,46,20,0,0,0
2019-10-05 10:45,94,70,24,0,0,0
2019-10-05 11:00,105,64,41,0,0,0
2019-10-05 11:15,69,44,25,0,0,0
2019-10-05 11:30,87,55,32,0,0,0
2019-10-05 11:45,108,55,53,0,0,0
2019-10-05 12:00,86,46,40,0,0,0
2019-10-05 12:15,125,70,55,0,0,0
2019-10-05 12:30,129,48,81,0,0,0
2019-10-05 12:45,117,65,52,0,0,0
2019-10-05 13:00,134,72,62,0,0,0
2019-10-05 13:15,94,41,53,0,0,0
2019-10-05 13:30,97,48,49,0,0,0
2019-10-05 13:45,104,51,53,0,0,0
2019-10-05 14:00,86,41,45,0,0,0
2019-10-05 14:15,120,55,65,0,0,0
2019-10-05 14:30,97,36,61,0,0,0
2019-10-05 14:45,108,48,60,0,0,0
2019-10-05 15:00,78,27,51,0,0,0
2019-10-05 15:15,85,37,48,0,0,0
2019-10-05 15:30,77,22,55,0,0,0
2019-10-05 15:45,87,41,46,0,0,0
2019-10-05 16:00,66,23,43,0,0,0
2019-10-05 16:15,80,36,44,0,0,0
2019-10-05 16:30,89,42,47,0,0,0
2019-10-05 16:45,70,33,37,0,0,0
2019-10-05 17:00,61,19,42,0,0,0
2019-10-05 17:15,79,44,35,0,0,0
2019-10-05 17:30,67,25,42,0,0,0
2019-10-05 17:45,64,25,39,0,0,0
2019-10-05 18:00,80,23,57,0,0,0
2019-10-05 18:15,64,17,47,0,0,0
2019-10-05 18:30,59,27,32,0,0,0
2019-10-05 18:45,58,25,33,0,0,0
2019-10-05 19:00,57,18,39,0,0,0
2019-10-05 19:15,46,22,24,0,0,0
2019-10-05 19:30,23,10,13,0,0,0
2019-10-05 19:45,41,16,25,0,0,0
2019-10-05 20:00,42,11,31,0,0,0
2019-10-05 20:15,40,13,27,0,0,0
2019-10-05 20:30,29,4,25,0,0,0
2019-10-05 20:45,30,12,18,0,0,0
2019-10-05 21:00,37,15,22,0,0,0
2019-10-05 21:15,20,7,13,0,0,0
2019-10-05 21:30,32,11,21,0,0,0
2019-10-05 21:45,22,3,19,0,0,0
2019-10-05 22:00,18,6,12,0,0,0
2019-10-05 22:15,20,5,15,0,0,0
2019-10-05 22:30,28,10,18,0,0,0
2019-10-05 22:45,24,6,18,0,0,0
2019-10-05 23:00,18,10,8,0,0,0
2019-10-05 23:15,15,1,14,0,0,0
2019-10-05 23:30,18,7,11,0,0,0
2019-10-05 23:45,7,1,6,0,0,0
2019-10-06 00:00,15,3,12,0,0,0
2019-10-06 00:15,11,4,7,0,0,0
2019-10-06 00:30,12,4,8,0,0,0
2019-10-06 00:45,18,9,9,0,0,0
2019-10-06 01:00,16,3,13,0,0,0
2019-10-06 01:15,16,5,11,0,0,0
2019-10-06 01:30,4,3,1,0,0,0
2019-10-06 01:45,15,8,7,0,0,0
2019-10-06 02:00,7,1,6,0,0,0
2019-10-06 02:15,3,0,3,0,0,0
2019-10-06 02:30,4,3,1,0,0,0
2019-10-06 02:45,11,6,5,0,0,0
2019-10-06 03:00,7,1,6,0,0,0
2019-10-06 03:15,3,0,3,0,0,0
2019-10-06 03:30,9,4,5,0,0,0
2019-10-06 03:45,8,3,5,0,0,0
2019-10-06 04:00,3,1,2,0,0,0
2019-10-06 04:15,5,3,2,0,0,0
2019-10-06 04:30,6,1,5,0,0,0
2019-10-06 04:45,1,1,0,0,0,0
2019-10-06 05:00,0,0,0,0,0,0
2019-10-06 05:15,1,0,1,0,0,0
2019-10-06 05:30,11,4,7,0,0,0
2019-10-06 05:45,9,6,3,0,0,0
2019-10-06 06:00,2,1,1,0,0,0
2019-10-06 06:15,6,1,5,0,0,0
2019-10-06 06:30,6,4,2,0,0,0
2019-10-06 06:45,5,2,3,0,0,0
2019-10-06 07:00,2,2,0,0,0,0
2019-10-06 07:15,2,0,2,0,0,0
2019-10-06 07:30,5,1,4,0,0,0
2019-10-06 07:45,14,2,12,0,0,0
2019-10-06 08:00,12,3,9,0,0,0
2019-10-06 08:15,10,6,4,0,0,0
2019-10-06 08:30,12,6,6,0,0,0
2019-10-06 08:45,12,7,5,0,0,0
2019-10-06 09:00,6,3,3,0,0,0
2019-10-06 09:15,12,6,6,0,0,0
2019-10-06 09:30,19,11,8,0,0,0
2019-10-06 09:45,31,20,11,0,0,0
2019-10-06 10:00,19,12,7,0,0,0
2019-10-06 10:15,19,11,8,0,0,0
2019-10-06 10:30,23,16,7,0,0,0
2019-10-06 10:45,41,25,16,0,0,0
2019-10-06 11:00,28,12,16,0,0,0
2019-10-06 11:15,41,20,21,0,0,0
2019-10-06 11:30,34,16,18,0,0,0
2019-10-06 11:45,22,9,13,0,0,0
2019-10-06 12:00,27,15,12,0,0,0
2019-10-06 12:15,36,10,26,0,0,0
2019-10-06 12:30,37,10,27,0,0,0
2019-10-06 12:45,52,19,33,0,0,0
2019-10-06 13:00,33,18,15,0,0,0
2019-10-06 13:15,46,14,32,0,0,0
2019-10-06 13:30,36,11,25,0,0,0
2019-10-06 13:45,42,18,24,0,0,0
2019-10-06 14:00,51,25,26,0,0,0
2019-10-06 14:15,63,40,23,0,0,0
2019-10-06 14:30,44,24,20,0,0,0
2019-10-06 14:45,51,24,27,0,0,0
2019-10-06 15:00,34,12,22,0,0,0
2019-10-06 15:15,32,13,19,0,0,0
2019-10-06 15:30,42,20,22,0,0,0
2019-10-06 15:45,35,22,13,0,0,0
2019-10-06 16:00,38,12,26,0,0,0
2019-10-06 16:15,34,19,15,0,0,0
2019-10-06 16:30,24,10,14,0,0,0
2019-10-06 16:45,50,22,28,0,0,0
2019-10-06 17:00,42,19,23,0,0,0
2019-10-06 17:15,32,12,20,0,0,0
2019-10-06 17:30,41,16,25,0,0,0
2019-10-06 17:45,29,11,18,0,0,0
2019-10-06 18:00,22,15,7,0,0,0
2019-10-06 18:15,46,20,26,0,0,0
2019-10-06 18:30,24,14,10,0,0,0
2019-10-06 18:45,40,19,21,0,0,0
2019-10-06 19:00,17,5,12,0,0,0
2019-10-06 19:15,24,12,12,0,0,0
2019-10-06 19:30,23,9,14,0,0,0
2019-10-06 19:45,26,9,17,0,0,0
2019-10-06 20:00,25,4,21,0,0,0
2019-10-06 20:15,21,9,12,0,0,0
2019-10-06 20:30,13,8,5,0,0,0
2019-10-06 20:45,14,6,8,0,0,0
2019-10-06 21:00,14,2,12,0,0,0
2019-10-06 21:15,9,5,4,0,0,0
2019-10-06 21:30,11,4,7,0,0,0
2019-10-06 21:45,8,1,7,0,0,0
2019-10-06 22:00,15,4,11,0,0,0
2019-10-06 22:15,6,1,5,0,0,0
2019-10-06 22:30,9,1,8,0,0,0
2019-10-06 22:45,6,4,2,0,0,0
2019-10-06 23:00,8,1,7,0,0,0
2019-10-06 23:15,7,3,4,0,0,0
2019-10-06 23:30,2,0,2,0,0,0
2019-10-06 23:45,3,2,1,0,0,0
2019-10-07 00:00,6,4,2,0,0,0
2019-10-07 00:15,2,0,2,0,0,0
2019-10-07 00:30,0,0,0,0,0,0
2019-10-07 00:45,3,2,1,0,0,0
2019-10-07 01:00,1,0,1,0,0,0
2019-10-07 01:15,2,2,0,0,0,0
2019-10-07 01:30,0,0,0,0,0,0
2019-10-07 01:45,1,0,1,0,0,0
2019-10-07 02:00,0,0,0,0,0,0
2019-10-07 02:15,1,0,1,0,0,0
2019-10-07 02:30,0,0,0,0,0,0
2019-10-07 02:45,2,0,2,0,0,0
2019-10-07 03:00,0,0,0,0,0,0
2019-10-07 03:15,1,1,0,0,0,0
2019-10-07 03:30,0,0,0,0,0,0
2019-10-07 03:45,1,0,1,0,0,0
2019-10-07 04:00,1,0,1,0,0,0
2019-10-07 04:15,0,0,0,0,0,0
2019-10-07 04:30,0,0,0,0,0,0
2019-10-07 04:45,3,2,1,0,0,0
2019-10-07 05:00,2,2,0,0,0,0
2019-10-07 05:15,1,1,0,0,0,0
2019-10-07 05:30,14,6,8,0,0,0
2019-10-07 05:45,11,6,5,0,0,0
2019-10-07 06:00,6,3,3,0,0,0
2019-10-07 06:15,21,8,13,0,0,0
2019-10-07 06:30,43,16,27,0,0,0
2019-10-07 06:45,53,18,35,0,0,0
2019-10-07 07:00,70,26,44,0,0,0
2019-10-07 07:15,141,49,92,0,0,0
2019-10-07 07:30,245,165,80,0,0,0
2019-10-07 07:45,273,107,166,0,0,0
2019-10-07 08:00,231,67,164,0,0,0
2019-10-07 08:15,172,60,112,0,0,0
2019-10-07 08:30,155,43,112,0,0,0
2019-10-07 08:45,191,72,119,0,0,0
2019-10-07 09:00,168,64,104,0,0,0
2019-10-07 09:15,107,57,50,0,0,0
2019-10-07 09:30,112,55,57,0,0,0
2019-10-07 09:45,180,89,91,0,0,0
2019-10-07 10:00,164,109,55,0,0,0
2019-10-07 10:15,104,52,52,0,0,0
2019-10-07 10:30,114,57,57,0,0,0
2019-10-07 10:45,106,58,48,0,0,0
2019-10-07 11:00,79,38,41,0,0,0
2019-10-07 11:15,112,48,64,0,0,0
2019-10-07 11:30,138,70,68,0,0,0
2019-10-07 11:45,310,101,209,0,0,0
2019-10-07 12:00,273,128,145,0,0,0
2019-10-07 12:15,137,73,64,0,0,0
2019-10-07 12:30,155,73,82,0,0,0
2019-10-07 12:45,213,133,80,0,0,0
2019-10-07 13:00,183,83,100,0,0,0
2019-10-07 13:15,225,116,109,0,0,0
2019-10-07 13:30,159,91,68,0,0,0
2019-10-07 13:45,239,119,120,0,0,0
2019-10-07 14:00,195,81,114,0,0,0
2019-10-07 14:15,155,72,83,0,0,0
2019-10-07 14:30,155,73,82,0,0,0
2019-10-07 14:45,190,86,104,0,0,0
2019-10-07 15:00,153,66,87,0,0,0
2019-10-07 15:15,151,83,68,0,0,0
2019-10-07 15:30,214,90,124,0,0,0
2019-10-07 15:45,302,126,176,0,0,0
2019-10-07 16:00,248,139,109,0,0,0
2019-10-07 16:15,172,82,90,0,0,0
2019-10-07 16:30,143,74,69,0,0,0
2019-10-07 16:45,148,68,80,0,0,0
2019-10-07 17:00,167,93,74,0,0,0
2019-10-07 17:15,197,116,81,0,0,0
2019-10-07 17:30,183,77,106,0,0,0
2019-10-07 17:45,167,91,76,0,0,0
2019-10-07 18:00,141,59,82,0,0,0
2019-10-07 18:15,112,54,58,0,0,0
2019-10-07 18:30,82,34,48,0,0,0
2019-10-07 18:45,132,59,73,0,0,0
2019-10-07 19:00,106,42,64,0,0,0
2019-10-07 19:15,78,33,45,0,0,0
2019-10-07 19:30,68,34,34,0,0,0
2019-10-07 19:45,100,45,55,0,0,0
2019-10-07 20:00,79,32,47,0,0,0
2019-10-07 20:15,50,29,21,0,0,0
2019-10-07 20:30,37,11,26,0,0,0
2019-10-07 20:45,26,14,12,0,0,0
2019-10-07 21:00,46,23,23,0,0,0
2019-10-07 21:15,48,23,25,0,0,0
2019-10-07 21:30,41,14,27,0,0,0
2019-10-07 21:45,39,14,25,0,0,0
2019-10-07 22:00,31,4,27,0,0,0
2019-10-07 22:15,33,8,25,0,0,0
2019-10-07 22:30,25,3,22,0,0,0
2019-10-07 22:45,26,5,21,0,0,0
2019-10-07 23:00,24,11,13,0,0,0
2019-10-07 23:15,18,7,11,0,0,0
2019-10-07 23:30,16,4,12,0,0,0
2019-10-07 23:45,9,3,6,0,0,0
2019-10-08 00:00,7,1,6,0,0,0
2019-10-08 00:15,5,2,3,0,0,0
2019-10-08 00:30,5,0,5,0,0,0
2019-10-08 00:45,5,1,4,0,0,0
2019-10-08 01:00,5,1,4,0,0,0
2019-10-08 01:15,2,0,2,0,0,0
2019-10-08 01:30,2,1,1,0,0,0
2019-10-08 01:45,2,0,2,0,0,0
2019-10-08 02:00,2,0,2,0,0,0
2019-10-08 02:15,1,0,1,0,0,0
2019-10-08 02:30,0,0,0,0,0,0
2019-10-08 02:45,0,0,0,0,0,0
2019-10-08 03:00,0,0,0,0,0,0
2019-10-08 03:15,2,0,2,0,0,0
2019-10-08 03:30,0,0,0,0,0,0
2019-10-08 03:45,0,0,0,0,0,0
2019-10-08 04:00,0,0,0,0,0,0
2019-10-08 04:15,0,0,0,0,0,0
2019-10-08 04:30,1,0,1,0,0,0
2019-10-08 04:45,4,1,3,0,0,0
2019-10-08 05:00,2,2,0,0,0,0
2019-10-08 05:15,3,1,2,0,0,0
2019-10-08 05:30,13,3,10,0,0,0
2019-10-08 05:45,14,6,8,0,0,0
2019-10-08 06:00,6,3,3,0,0,0
2019-10-08 06:15,12,1,11,0,0,0
2019-10-08 06:30,35,5,30,0,0,0
2019-10-08 06:45,34,14,20,0,0,0
2019-10-08 07:00,60,17,43,0,0,0
2019-10-08 07:15,94,25,69,0,0,0
2019-10-08 07:30,200,115,85,0,0,0
2019-10-08 07:45,274,87,187,0,0,0
2019-10-08 08:00,284,63,221,0,0,0
2019-10-08 08:15,122,55,67,0,0,0
2019-10-08 08:30,109,36,73,0,0,0
2019-10-08 08:45,122,41,81,0,0,0
2019-10-08 09:00,136,45,91,0,0,0
2019-10-08 09:15,81,46,35,0,0,0
2019-10-08 09:30,94,28,66,0,0,0
2019-10-08 09:45,165,49,116,0,0,0
2019-10-08 10:00,170,73,97,0,0,0
2019-10-08 10:15,89,52,37,0,0,0
2019-10-08 10:30,80,43,37,0,0,0
2019-10-08 10:45,93,49,44,0,0,0
2019-10-08 11:00,89,41,48,0,0,0
2019-10-08 11:15,115,50,65,0,0,0
2019-10-08 11:30,120,38,82,0,0,0
2019-10-08 11:45,186,105,81,0,0,0
2019-10-08 12:00,200,106,94,0,0,0
2019-10-08 12:15,130,66,64,0,0,0
2019-10-08 12:30,123,69,54,0,0,0
2019-10-08 12:45,127,64,63,0,0,0
2019-10-08 13:00,148,66,82,0,0,0
2019-10-08 13:15,149,64,85,0,0,0
2019-10-08 13:30,135,82,53,0,0,0
2019-10-08 13:45,206,94,112,0,0,0
2019-10-08 14:00,204,92,112,0,0,0
2019-10-08 14:15,101,58,43,0,0,0
2019-10-08 14:30,88,38,50,0,0,0
2019-10-08 14:45,116,55,61,0,0,0
2019-10-08 15:00,127,71,56,0,0,0
2019-10-08 15:15,104,50,54,0,0,0
2019-10-08 15:30,132,69,63,0,0,0
2019-10-08 15:45,224,152,72,0,0,0
2019-10-08 16:00,177,113,64,0,0,0
2019-10-08 16:15,119,73,46,0,0,0
2019-10-08 16:30,162,76,86,0,0,0
2019-10-08 16:45,146,92,54,0,0,0
2019-10-08 17:00,145,76,69,0,0,0
2019-10-08 17:15,133,80,53,0,0,0
2019-10-08 17:30,106,48,58,0,0,0
2019-10-08 17:45,200,95,105,0,0,0
2019-10-08 18:00,126,59,67,0,0,0
2019-10-08 18:15,120,53,67,0,0,0
2019-10-08 18:30,101,40,61,0,0,0
2019-10-08 18:45,99,37,62,0,0,0
2019-10-08 19:00,81,35,46,0,0,0
2019-10-08 19:15,97,46,51,0,0,0
2019-10-08 19:30,70,28,42,0,0,0
2019-10-08 19:45,75,29,46,0,0,0
2019-10-08 20:00,62,24,38,0,0,0
2019-10-08 20:15,54,15,39,0,0,0
2019-10-08 20:30,44,18,26,0,0,0
2019-10-08 20:45,39,7,32,0,0,0
2019-10-08 21:00,36,19,17,0,0,0
2019-10-08 21:15,22,9,13,0,0,0
2019-10-08 21:30,34,10,24,0,0,0
2019-10-08 21:45,37,14,23,0,0,0
2019-10-08 22:00,22,3,19,0,0,0
2019-10-08 22:15,44,17,27,0,0,0
2019-10-08 22:30,30,8,22,0,0,0
2019-10-08 22:45,24,3,21,0,0,0
2019-10-08 23:00,14,4,10,0,0,0
2019-10-08 23:15,15,3,12,0,0,0
2019-10-08 23:30,20,1,19,0,0,0
2019-10-08 23:45,12,3,9,0,0,0
2019-10-09 00:00,22,2,20,0,0,0
2019-10-09 00:15,23,2,21,0,0,0
2019-10-09 00:30,17,4,13,0,0,0
2019-10-09 00:45,15,6,9,0,0,0
2019-10-09 01:00,5,1,4,0,0,0
2019-10-09 01:15,9,2,7,0,0,0
2019-10-09 01:30,7,1,6,0,0,0
2019-10-09 01:45,8,0,8,0,0,0
2019-10-09 02:00,1,0,1,0,0,0
2019-10-09 02:15,5,1,4,0,0,0
2019-10-09 02:30,5,0,5,0,0,0
2019-10-09 02:45,1,0,1,0,0,0
2019-10-09 03:00,0,0,0,0,0,0
2019-10-09 03:15,5,0,5,0,0,0
2019-10-09 03:30,0,0,0,0,0,0
2019-10-09 03:45,2,0,2,0,0,0
2019-10-09 04:00,1,1,0,0,0,0
2019-10-09 04:15,7,0,7,0,0,0
2019-10-09 04:30,1,1,0,0,0,0
2019-10-09 04:45,2,1,1,0,0,0
2019-10-09 05:00,1,1,0,0,0,0
2019-10-09 05:15,9,1,8,0,0,0
2019-10-09 05:30,19,12,7,0,0,0
2019-10-09 05:45,15,7,8,0,0,0
2019-10-09 06:00,3,0,3,0,0,0
2019-10-09 06:15,11,5,6,0,0,0
2019-10-09 06:30,39,15,24,0,0,0
2019-10-09 06:45,59,24,35,0,0,0
2019-10-09 07:00,78,31,47,0,0,0
2019-10-09 07:15,112,40,72,0,0,0
2019-10-09 07:30,291,166,125,0,0,0
2019-10-09 07:45,332,119,213,0,0,0
2019-10-09 08:00,281,71,210,0,0,0
2019-10-09 08:15,128,68,60,0,0,0
2019-10-09 08:30,149,54,95,0,0,0
2019-10-09 08:45,166,74,92,0,0,0
2019-10-09 09:00,159,46,113,0,0,0
2019-10-09 09:15,110,50,60,0,0,0
2019-10-09 09:30,137,60,77,0,0,0
2019-10-09 09:45,227,112,115,0,0,0
2019-10-09 10:00,197,83,114,0,0,0
2019-10-09 10:15,103,43,60,0,0,0
2019-10-09 10:30,94,45,49,0,0,0
2019-10-09 10:45,93,41,52,0,0,0
2019-10-09 11:00,122,45,77,0,0,0
2019-10-09 11:15,100,55,45,0,0,0
2019-10-09 11:30,146,58,88,0,0,0
2019-10-09 11:45,202,89,113,0,0,0
2019-10-09 12:00,234,137,97,0,0,0
2019-10-09 12:15,197,104,93,0,0,0
2019-10-09 12:30,165,73,92,0,0,0
2019-10-09 12:45,191,103,88,0,0,0
2019-10-09 13:00,179,87,92,0,0,0
2019-10-09 13:15,151,50,101,0,0,0
2019-10-09 13:30,144,71,73,0,0,0
2019-10-09 13:45,257,120,137,0,0,0
2019-10-09 14:00,181,74,107,0,0,0
2019-10-09 14:15,142,59,83,0,0,0
2019-10-09 14:30,127,57,70,0,0,0
2019-10-09 14:45,141,78,63,0,0,0
2019-10-09 15:00,136,68,68,0,0,0
2019-10-09 15:15,89,41,48,0,0,0
2019-10-09 15:30,119,35,84,0,0,0
2019-10-09 15:45,205,103,102,0,0,0
2019-10-09 16:00,168,100,68,0,0,0
2019-10-09 16:15,158,78,80,0,0,0
2019-10-09 16:30,123,72,51,0,0,0
2019-10-09 16:45,127,55,72,0,0,0
2019-10-09 17:00,162,69,93,0,0,0
2019-10-09 17:15,137,75,62,0,0,0
2019-10-09 17:30,131,80,51,0,0,0
2019-10-09 17:45,183,93,90,0,0,0
2019-10-09 18:00,133,66,67,0,0,0
2019-10-09 18:15,106,60,46,0,0,0
2019-10-09 18:30,99,58,41,0,0,0
2019-10-09 18:45,147,82,65,0,0,0
2019-10-09 19:00,66,27,39,0,0,0
2019-10-09 19:15,87,48,39,0,0,0
2019-10-09 19:30,101,72,29,0,0,0
2019-10-09 19:45,91,49,42,0,0,0
2019-10-09 20:00,67,37,30,0,0,0
2019-10-09 20:15,52,13,39,0,0,0
2019-10-09 20:30,42,24,18,0,0,0
2019-10-09 20:45,62,14,48,0,0,0
2019-10-09 21:00,52,24,28,0,0,0
2019-10-09 21:15,39,9,30,0,0,0
2019-10-09 21:30,30,9,21,0,0,0
2019-10-09 21:45,46,17,29,0,0,0
2019-10-09 22:00,26,7,19,0,0,0
2019-10-09 22:15,22,4,18,0,0,0
2019-10-09 22:30,29,8,21,0,0,0
2019-10-09 22:45,36,11,25,0,0,0
2019-10-09 23:00,23,7,16,0,0,0
2019-10-09 23:15,30,18,12,0,0,0
2019-10-09 23:30,25,13,12,0,0,0
2019-10-09 23:45,6,0,6,0,0,0
2019-10-10 00:00,27,21,6,0,0,0
2019-10-10 00:15,16,9,7,0,0,0
2019-10-10 00:30,9,1,8,0,0,0
2019-10-10 00:45,4,1,3,0,0,0
2019-10-10 01:00,7,1,6,0,0,0
2019-10-10 01:15,6,1,5,0,0,0
2019-10-10 01:30,11,2,9,0,0,0
2019-10-10 01:45,7,2,5,0,0,0
2019-10-10 02:00,7,0,7,0,0,0
2019-10-10 02:15,14,0,14,0,0,0
2019-10-10 02:30,5,0,5,0,0,0
2019-10-10 02:45,13,0,13,0,0,0
2019-10-10 03:00,7,0,7,0,0,0
2019-10-10 03:15,8,0,8,0,0,0
2019-10-10 03:30,11,0,11,0,0,0
2019-10-10 03:45,4,0,4,0,0,0
2019-10-10 04:00,5,3,2,0,0,0
2019-10-10 04:15,14,0,14,0,0,0
2019-10-10 04:30,1,0,1,0,0,0
2019-10-10 04:45,4,3,1,0,0,0
2019-10-10 05:00,2,2,0,0,0,0
2019-10-10 05:15,7,1,6,0,0,0
2019-10-10 05:30,13,6,7,0,0,0
2019-10-10 05:45,16,4,12,0,0,0
2019-10-10 06:00,4,1,3,0,0,0
2019-10-10 06:15,16,5,11,0,0,0
2019-10-10 06:30,37,17,20,0,0,0
2019-10-10 06:45,47,11,36,0,0,0
2019-10-10 07:00,51,20,31,0,0,0
2019-10-10 07:15,114,34,80,0,0,0
2019-10-10 07:30,289,163,126,0,0,0
2019-10-10 07:45,289,84,205,0,0,0
2019-10-10 08:00,281,79,202,0,0,0
2019-10-10 08:15,153,57,96,0,0,0
2019-10-10 08:30,131,50,81,0,0,0
2019-10-10 08:45,141,56,85,0,0,0
2019-10-10 09:00,144,57,87,0,0,0
2019-10-10 09:15,89,42,47,0,0,0
2019-10-10 09:30,116,62,54,0,0,0
2019-10-10 09:45,200,93,107,0,0,0
2019-10-10 10:00,208,97,111,0,0,0
2019-10-10 10:15,93,51,42,0,0,0
2019-10-10 10:30,90,55,35,0,0,0
2019-10-10 10:45,88,34,54,0,0,0
2019-10-10 11:00,92,55,37,0,0,0
2019-10-10 11:15,105,40,65,0,0,0
2019-10-10 11:30,108,37,71,0,0,0
2019-10-10 11:45,188,83,105,0,0,0
2019-10-10 12:00,216,93,123,0,0,0
2019-10-10 12:15,127,48,79,0,0,0
2019-10-10 12:30,118,46,72,0,0,0
2019-10-10 12:45,119,65,54,0,0,0
2019-10-10 13:00,176,92,84,0,0,0
2019-10-10 13:15,125,45,80,0,0,0
2019-10-10 13:30,131,58,73,0,0,0
2019-10-10 13:45,201,98,103,0,0,0
2019-10-10 14:00,221,98,123,0,0,0
2019-10-10 14:15,118,67,51,0,0,0
2019-10-10 14:30,118,57,61,0,0,0
2019-10-10 14:45,133,64,69,0,0,0
2019-10-10 15:00,139,73,66,0,0,0
2019-10-10 15:15,117,69,48,0,0,0
2019-10-10 15:30,150,84,66,0,0,0
2019-10-10 15:45,214,122,92,0,0,0
2019-10-10 16:00,192,107,85,0,0,0
2019-10-10 16:15,154,83,71,0,0,0
2019-10-10 16:30,137,75,62,0,0,0
2019-10-10 16:45,150,75,75,0,0,0
2019-10-10 17:00,202,129,73,0,0,0
2019-10-10 17:15,166,101,65,0,0,0
2019-10-10 17:30,167,82,85,0,0,0
2019-10-10 17:45,162,101,61,0,0,0
2019-10-10 18:00,130,59,71,0,0,0
2019-10-10 18:15,120,65,55,0,0,0
2019-10-10 18:30,97,34,63,0,0,0
2019-10-10 18:45,100,62,38,0,0,0
2019-10-10 19:00,86,28,58,0,0,0
2019-10-10 19:15,67,28,39,0,0,0
2019-10-10 19:30,74,35,39,0,0,0
2019-10-10 19:45,85,30,55,0,0,0
2019-10-10 20:00,67,22,45,0,0,0
2019-10-10 20:15,49,15,34,0,0,0
2019-10-10 20:30,35,18,17,0,0,0
2019-10-10 20:45,35,16,19,0,0,0
2019-10-10 21:00,36,21,15,0,0,0
2019-10-10 21:15,25,9,16,0,0,0
2019-10-10 21:30,44,10,34,0,0,0
2019-10-10 21:45,39,5,34,0,0,0
2019-10-10 22:00,50,7,43,0,0,0
2019-10-10 22:15,34,12,22,0,0,0
2019-10-10 22:30,31,4,27,0,0,0
2019-10-10 22:45,41,3,38,0,0,0
2019-10-10 23:00,24,7,17,0,0,0
2019-10-10 23:15,19,5,14,0,0,0
2019-10-10 23:30,33,6,27,0,0,0
2019-10-10 23:45,20,1,19,0,0,0
2019-10-11 00:00,26,3,23,0,0,0
2019-10-11 00:15,23,3,20,0,0,0
2019-10-11 00:30,26,7,19,0,0,0
2019-10-11 00:45,17,4,13,0,0,0
2019-10-11 01:00,14,2,12,0,0,0
2019-10-11 01:15,19,6,13,0,0,0
2019-10-11 01:30,6,3,3,0,0,0
2019-10-11 01:45,8,3,5,0,0,0
2019-10-11 02:00,8,4,4,0,0,0
2019-10-11 02:15,3,1,2,0,0,0
2019-10-11 02:30,7,2,5,0,0,0
2019-10-11 02:45,8,5,3,0,0,0
2019-10-11 03:00,6,1,5,0,0,0
2019-10-11 03:15,1,0,1,0,0,0
2019-10-11 03:30,2,0,2,0,0,0
2019-10-11 03:45,7,4,3,0,0,0
2019-10-11 04:00,1,0,1,0,0,0
2019-10-11 04:15,0,0,0,0,0,0
2019-10-11 04:30,0,0,0,0,0,0
2019-10-11 04:45,3,1,2,0,0,0
2019-10-11 05:00,9,3,6,0,0,0
2019-10-11 05:15,1,1,0,0,0,0
2019-10-11 05:30,11,3,8,0,0,0
2019-10-11 05:45,11,5,6,0,0,0
2019-10-11 06:00,6,5,1,0,0,0
2019-10-11 06:15,13,4,9,0,0,0
2019-10-11 06:30,33,11,22,0,0,0
2019-10-11 06:45,57,18,39,0,0,0
2019-10-11 07:00,62,24,38,0,0,0
2019-10-11 07:15,112,38,74,0,0,0
2019-10-11 07:30,252,148,104,0,0,0
2019-10-11 07:45,292,99,193,0,0,0
2019-10-11 08:00,230,54,176,0,0,0
2019-10-11 08:15,143,62,81,0,0,0
2019-10-11 08:30,98,53,45,0,0,0
2019-10-11 08:45,103,39,64,0,0,0
2019-10-11 09:00,102,28,74,0,0,0
2019-10-11 09:15,80,34,46,0,0,0
2019-10-11 09:30,84,25,59,0,0,0
2019-10-11 09:45,165,66,99,0,0,0
2019-10-11 10:00,174,78,96,0,0,0
2019-10-11 10:15,85,44,41,0,0,0
2019-10-11 10:30,66,33,33,0,0,0
2019-10-11 10:45,71,24,47,0,0,0
2019-10-11 11:00,101,57,44,0,0,0
2019-10-11 11:15,82,45,37,0,0,0
2019-10-11 11:30,125,58,67,0,0,0
2019-10-11 11:45,232,123,109,0,0,0
2019-10-11 12:00,240,157,83,0,0,0
2019-10-11 12:15,153,71,82,0,0,0
2019-10-11 12:30,121,61,60,0,0,0
2019-10-11 12:45,102,51,51,0,0,0
2019-10-11 13:00,181,92,89,0,0,0
2019-10-11 13:15,119,46,73,0,0,0
2019-10-11 13:30,116,63,53,0,0,0
2019-10-11 13:45,157,91,66,0,0,0
2019-10-11 14:00,144,70,74,0,0,0
2019-10-11 14:15,116,49,67,0,0,0
2019-10-11 14:30,103,59,44,0,0,0
2019-10-11 14:45,123,78,45,0,0,0
2019-10-11 15:00,117,63,54,0,0,0
2019-10-11 15:15,104,53,51,0,0,0
2019-10-11 15:30,103,58,45,0,0,0
2019-10-11 15:45,140,85,55,0,0,0
2019-10-11 16:00,94,55,39,0,0,0
2019-10-11 16:15,98,55,43,0,0,0
2019-10-11 16:30,87,44,43,0,0,0
2019-10-11 16:45,108,58,50,0,0,0
2019-10-11 17:00,101,50,51,0,0,0
2019-10-11 17:15,84,47,37,0,0,0
2019-10-11 17:30,80,34,46,0,0,0
2019-10-11 17:45,89,42,47,0,0,0
2019-10-11 18:00,82,40,42,0,0,0
2019-10-11 18:15,76,46,30,0,0,0
2019-10-11 18:30,72,31,41,0,0,0
2019-10-11 18:45,82,35,47,0,0,0
2019-10-11 19:00,43,23,20,0,0,0
2019-10-11 19:15,65,37,28,0,0,0
2019-10-11 19:30,51,25,26,0,0,0
2019-10-11 19:45,74,52,22,0,0,0
2019-10-11 20:00,62,31,31,0,0,0
2019-10-11 20:15,50,16,34,0,0,0
2019-10-11 20:30,44,16,28,0,0,0
2019-10-11 20:45,38,20,18,0,0,0
2019-10-11 21:00,29,14,15,0,0,0
2019-10-11 21:15,26,13,13,0,0,0
2019-10-11 21:30,32,16,16,0,0,0
2019-10-11 21:45,30,10,20,0,0,0
2019-10-11 22:00,27,7,20,0,0,0
2019-10-11 22:15,19,5,14,0,0,0
2019-10-11 22:30,33,7,26,0,0,0
2019-10-11 22:45,16,3,13,0,0,0
2019-10-11 23:00,21,3,18,0,0,0
2019-10-11 23:15,20,3,17,0,0,0
2019-10-11 23:30,14,4,10,0,0,0
2019-10-11 23:45,17,0,17,0,0,0
2019-10-12 00:00,15,3,12,0,0,0
2019-10-12 00:15,28,15,13,0,0,0
2019-10-12 00:30,21,4,17,0,0,0
2019-10-12 00:45,21,8,13,0,0,0
2019-10-12 01:00,11,3,8,0,0,0
2019-10-12 01:15,10,1,9,0,0,0
2019-10-12 01:30,10,0,10,0,0,0
2019-10-12 01:45,11,5,6,0,0,0
2019-10-12 02:00,9,0,9,0,0,0
2019-10-12 02:15,6,3,3,0,0,0
2019-10-12 02:30,5,0,5,0,0,0
2019-10-12 02:45,7,2,5,0,0,0
2019-10-12 03:00,5,2,3,0,0,0
2019-10-12 03:15,4,0,4,0,0,0
2019-10-12 03:30,6,0,6,0,0,0
2019-10-12 03:45,9,0,9,0,0,0
2019-10-12 04:00,1,1,0,0,0,0
2019-10-12 04:15,6,1,5,0,0,0
2019-10-12 04:30,2,0,2,0,0,0
2019-10-12 04:45,5,0,5,0,0,0
2019-10-12 05:00,3,1,2,0,0,0
2019-10-12 05:15,1,1,0,0,0,0
2019-10-12 05:30,4,1,3,0,0,0
2019-10-12 05:45,7,3,4,0,0,0
2019-10-12 06:00,7,5,2,0,0,0
2019-10-12 06:15,7,4,3,0,0,0
2019-10-12 06:30,9,6,3,0,0,0
2019-10-12 06:45,8,4,4,0,0,0
2019-10-12 07:00,12,11,1,0,0,0
2019-10-12 07:15,18,4,14,0,0,0
2019-10-12 07:30,22,11,11,0,0,0
2019-10-12 07:45,9,4,5,0,0,0
2019-10-12 08:00,29,17,12,0,0,0
2019-10-12 08:15,17,9,8,0,0,0
2019-10-12 08:30,21,18,3,0,0,0
2019-10-12 08:45,36,28,8,0,0,0
2019-10-12 09:00,30,20,10,0,0,0
2019-10-12 09:15,39,25,14,0,0,0
2019-10-12 09:30,44,29,15,0,0,0
2019-10-12 09:45,64,53,11,0,0,0
2019-10-12 10:00,78,57,21,0,0,0
2019-10-12 10:15,74,51,23,0,0,0
2019-10-12 10:30,58,49,9,0,0,0
2019-10-12 10:45,80,57,23,0,0,0
2019-10-12 11:00,59,34,25,0,0,0
2019-10-12 11:15,82,62,20,0,0,0
2019-10-12 11:30,83,47,36,0,0,0
2019-10-12 11:45,104,69,35,0,0,0
2019-10-12 12:00,75,31,44,0,0,0
2019-10-12 12:15,103,53,50,0,0,0
2019-10-12 12:30,103,48,55,0,0,0
2019-10-12 12:45,89,45,44,0,0,0
2019-10-12 13:00,109,59,50,0,0,0
2019-10-12 13:15,82,36,46,0,0,0
2019-10-12 13:30,98,48,50,0,0,0
2019-10-12 13:45,84,31,53,0,0,0
2019-10-12 14:00,96,32,64,0,0,0
2019-10-12 14:15,98,30,68,0,0,0
2019-10-12 14:30,97,36,61,0,0,0
2019-10-12 14:45,83,43,40,0,0,0
2019-10-12 15:00,83,27,56,0,0,0
2019-10-12 15:15,56,26,30,0,0,0
2019-10-12 15:30,102,20,82,0,0,0
2019-10-12 15:45,96,37,59,0,0,0
2019-10-12 16:00,70,27,43,0,0,0
2019-10-12 16:15,62,32,30,0,0,0
2019-10-12 16:30,71,27,44,0,0,0
2019-10-12 16:45,57,28,29,0,0,0
2019-10-12 17:00,62,19,43,0,0,0
2019-10-12 17:15,61,22,39,0,0,0
2019-10-12 17:30,77,39,38,0,0,0
2019-10-12 17:45,75,20,55,0,0,0
2019-10-12 18:00,69,19,50,0,0,0
2019-10-12 18:15,48,11,37,0,0,0
2019-10-12 18:30,67,30,37,0,0,0
2019-10-12 18:45,68,29,39,0,0,0
2019-10-12 19:00,49,19,30,0,0,0
2019-10-12 19:15,39,24,15,0,0,0
2019-10-12 19:30,37,14,23,0,0,0
2019-10-12 19:45,55,17,38,0,0,0
2019-10-12 20:00,51,16,35,0,0,0
2019-10-12 20:15,28,18,10,0,0,0
2019-10-12 20:30,30,17,13,0,0,0
2019-10-12 20:45,38,16,22,0,0,0
2019-10-12 21:00,35,13,22,0,0,0
2019-10-12 21:15,26,7,19,0,0,0
2019-10-12 21:30,24,9,15,0,0,0
2019-10-12 21:45,21,4,17,0,0,0
2019-10-12 22:00,18,8,10,0,0,0
2019-10-12 22:15,22,7,15,0,0,0
2019-10-12 22:30,16,4,12,0,0,0
2019-10-12 22:45,11,2,9,0,0,0
2019-10-12 23:00,13,3,10,0,0,0
2019-10-12 23:15,15,2,13,0,0,0
2019-10-12 23:30,20,5,15,0,0,0
2019-10-12 23:45,19,5,14,0,0,0
2019-10-13 00:00,25,6,19,0,0,0
2019-10-13 00:15,12,4,8,0,0,0
2019-10-13 00:30,8,3,5,0,0,0
2019-10-13 00:45,21,1,20,0,0,0
2019-10-13 01:00,16,4,12,0,0,0
2019-10-13 01:15,10,6,4,0,0,0
2019-10-13 01:30,11,4,7,0,0,0
2019-10-13 01:45,16,4,12,0,0,0
2019-10-13 02:00,5,1,4,0,0,0
2019-10-13 02:15,3,0,3,0,0,0
2019-10-13 02:30,13,1,12,0,0,0
2019-10-13 02:45,13,3,10,0,0,0
2019-10-13 03:00,4,1,3,0,0,0
2019-10-13 03:15,11,0,11,0,0,0
2019-10-13 03:30,4,2,2,0,0,0
2019-10-13 03:45,6,2,4,0,0,0
2019-10-13 04:00,10,2,8,0,0,0
2019-10-13 04:15,5,1,4,0,0,0
2019-10-13 04:30,2,1,1,0,0,0
2019-10-13 04:45,7,0,7,0,0,0
2019-10-13 05:00,0,0,0,0,0,0
2019-10-13 05:15,3,0,3,0,0,0
2019-10-13 05:30,0,0,0,0,0,0
2019-10-13 05:45,5,2,3,0,0,0
2019-10-13 06:00,1,1,0,0,0,0
2019-10-13 06:15,5,3,2,0,0,0
2019-10-13 06:30,4,2,2,0,0,0
2019-10-13 06:45,7,4,3,0,0,0
2019-10-13 07:00,1,1,0,0,0,0
2019-10-13 07:15,5,0,5,0,0,0
2019-10-13 07:30,7,3,4,0,0,0
2019-10-13 07:45,5,3,2,0,0,0
2019-10-13 08:00,10,7,3,0,0,0
2019-10-13 08:15,8,6,2,0,0,0
2019-10-13 08:30,11,9,2,0,0,0
2019-10-13 08:45,23,19,4,0,0,0
2019-10-13 09:00,11,8,3,0,0,0
2019-10-13 09:15,10,6,4,0,0,0
2019-10-13 09:30,23,18,5,0,0,0
2019-10-13 09:45,22,15,7,0,0,0
2019-10-13 10:00,17,7,10,0,0,0
2019-10-13 10:15,20,7,13,0,0,0
2019-10-13 10:30,25,13,12,0,0,0
2019-10-13 10:45,36,14,22,0,0,0
2019-10-13 11:00,22,16,6,0,0,0
2019-10-13 11:15,33,17,16,0,0,0
2019-10-13 11:30,39,8,31,0,0,0
2019-10-13 11:45,50,13,37,0,0,0
2019-10-13 12:00,55,19,36,0,0,0
2019-10-13 12:15,66,12,54,0,0,0
2019-10-13 12:30,41,11,30,0,0,0
2019-10-13 12:45,42,16,26,0,0,0
2019-10-13 13:00,40,12,28,0,0,0
2019-10-13 13:15,51,26,25,0,0,0
2019-10-13 13:30,35,16,19,0,0,0
2019-10-13 13:45,62,29,33,0,0,0
2019-10-13 14:00,53,21,32,0,0,0
2019-10-13 14:15,53,24,29,0,0,0
2019-10-13 14:30,66,39,27,0,0,0
2019-10-13 14:45,73,29,44,0,0,0
2019-10-13 15:00,43,17,26,0,0,0
2019-10-13 15:15,42,24,18,0,0,0
2019-10-13 15:30,59,24,35,0,0,0
2019-10-13 15:45,57,30,27,0,0,0
2019-10-13 16:00,62,35,27,0,0,0
2019-10-13 16:15,81,43,38,0,0,0
2019-10-13 16:30,54,27,27,0,0,0
2019-10-13 16:45,65,17,48,0,0,0
2019-10-13 17:00,60,22,38,0,0,0
2019-10-13 17:15,46,23,23,0,0,0
2019-10-13 17:30,67,31,36,0,0,0
2019-10-13 17:45,73,39,34,0,0,0
2019-10-13 18:00,54,26,28,0,0,0
2019-10-13 18:15,48,24,24,0,0,0
2019-10-13 18:30,35,15,20,0,0,0
2019-10-13 18:45,46,26,20,0,0,0
2019-10-13 19:00,39,7,32,0,0,0
2019-10-13 19:15,32,17,15,0,0,0
2019-10-13 19:30,42,18,24,0,0,0
2019-10-13 19:45,44,12,32,0,0,0
2019-10-13 20:00,36,10,26,0,0,0
2019-10-13 20:15,35,11,24,0,0,0
2019-10-13 20:30,25,6,19,0,0,0
2019-10-13 20:45,18,6,12,0,0,0
2019-10-13 21:00,18,6,12,0,0,0
2019-10-13 21:15,11,4,7,0,0,0
2019-10-13 21:30,18,0,18,0,0,0
2019-10-13 21:45,24,7,17,0,0,0
2019-10-13 22:00,19,4,15,0,0,0
2019-10-13 22:15,5,2,3,0,0,0
2019-10-13 22:30,14,4,10,0,0,0
2019-10-13 22:45,10,0,10,0,0,0
2019-10-13 23:00,13,5,8,0,0,0
2019-10-13 23:15,2,0,2,0,0,0
2019-10-13 23:30,6,3,3,0,0,0
2019-10-13 23:45,5,2,3,0,0,0
2019-10-14 00:00,6,1,5,0,0,0
2019-10-14 00:15,3,0,3,0,0,0
2019-10-14 00:30,1,0,1,0,0,0
2019-10-14 00:45,1,1,0,0,0,0
2019-10-14 01:00,2,1,1,0,0,0
2019-10-14 01:15,1,1,0,0,0,0
2019-10-14 01:30,2,1,1,0,0,0
2019-10-14 01:45,1,0,1,0,0,0
2019-10-14 02:00,0,0,0,0,0,0
2019-10-14 02:15,0,0,0,0,0,0
2019-10-14 02:30,0,0,0,0,0,0
2019-10-14 02:45,0,0,0,0,0,0
2019-10-14 03:00,0,0,0,0,0,0
2019-10-14 03:15,2,1,1,0,0,0
2019-10-14 03:30,2,0,2,0,0,0
2019-10-14 03:45,0,0,0,0,0,0
2019-10-14 04:00,3,1,2,0,0,0
2019-10-14 04:15,2,1,1,0,0,0
2019-10-14 04:30,0,0,0,0,0,0
2019-10-14 04:45,3,2,1,0,0,0
2019-10-14 05:00,2,0,2,0,0,0
2019-10-14 05:15,1,1,0,0,0,0
2019-10-14 05:30,15,6,9,0,0,0
2019-10-14 05:45,14,9,5,0,0,0
2019-10-14 06:00,3,1,2,0,0,0
2019-10-14 06:15,16,6,10,0,0,0
2019-10-14 06:30,60,16,44,0,0,0
2019-10-14 06:45,41,17,24,0,0,0
2019-10-14 07:00,55,23,32,0,0,0
2019-10-14 07:15,74,25,49,0,0,0
2019-10-14 07:30,109,34,75,0,0,0
2019-10-14 07:45,240,70,170,0,0,0
2019-10-14 08:00,283,82,201,0,0,0
2019-10-14 08:15,172,47,125,0,0,0
2019-10-14 08:30,97,37,60,0,0,0
2019-10-14 08:45,151,60,91,0,0,0
2019-10-14 09:00,100,49,51,0,0,0
2019-10-14 09:15,94,58,36,0,0,0
2019-10-14 09:30,115,39,76,0,0,0
2019-10-14 09:45,270,124,146,0,0,0
2019-10-14 10:00,272,132,140,0,0,0
2019-10-14 10:15,99,51,48,0,0,0
2019-10-14 10:30,69,36,33,0,0,0
2019-10-14 10:45,88,48,40,0,0,0
2019-10-14 11:00,81,37,44,0,0,0
2019-10-14 11:15,114,62,52,0,0,0
2019-10-14 11:30,160,76,84,0,0,0
2019-10-14 11:45,299,117,182,0,0,0
2019-10-14 12:00,276,157,119,0,0,0
2019-10-14 12:15,143,63,80,0,0,0
2019-10-14 12:30,128,45,83,0,0,0
2019-10-14 12:45,104,45,59,0,0,0
2019-10-14 13:00,134,77,57,0,0,0
2019-10-14 13:15,130,64,66,0,0,0
2019-10-14 13:30,134,70,64,0,0,0
2019-10-14 13:45,293,130,163,0,0,0
2019-10-14 14:00,241,106,135,0,0,0
2019-10-14 14:15,111,56,55,0,0,0
2019-10-14 14:30,104,45,59,0,0,0
2019-10-14 14:45,127,66,61,0,0,0
2019-10-14 15:00,128,67,61,0,0,0
2019-10-14 15:15,146,91,55,0,0,0
2019-10-14 15:30,159,76,83,0,0,0
2019-10-14 15:45,382,251,131,0,0,0
2019-10-14 16:00,249,158,91,0,0,0
2019-10-14 16:15,172,92,80,0,0,0
2019-10-14 16:30,153,83,70,0,0,0
2019-10-14 16:45,132,74,58,0,0,0
2019-10-14 17:00,162,86,76,0,0,0
2019-10-14 17:15,162,104,58,0,0,0
2019-10-14 17:30,193,98,95,0,0,0
2019-10-14 17:45,275,162,113,0,0,0
2019-10-14 18:00,179,81,98,0,0,0
2019-10-14 18:15,129,55,74,0,0,0
2019-10-14 18:30,86,32,54,0,0,0
2019-10-14 18:45,114,54,60,0,0,0
2019-10-14 19:00,92,31,61,0,0,0
2019-10-14 19:15,139,66,73,0,0,0
2019-10-14 19:30,117,50,67,0,0,0
2019-10-14 19:45,104,45,59,0,0,0
2019-10-14 20:00,94,27,67,0,0,0
2019-10-14 20:15,63,25,38,0,0,0
2019-10-14 20:30,56,13,43,0,0,0
2019-10-14 20:45,59,16,43,0,0,0
2019-10-14 21:00,47,15,32,0,0,0
2019-10-14 21:15,35,15,20,0,0,0
2019-10-14 21:30,23,7,16,0,0,0
2019-10-14 21:45,19,10,9,0,0,0
2019-10-14 22:00,27,11,16,0,0,0
2019-10-14 22:15,33,16,17,0,0,0
2019-10-14 22:30,29,15,14,0,0,0
2019-10-14 22:45,25,3,22,0,0,0
2019-10-14 23:00,19,2,17,0,0,0
2019-10-14 23:15,19,9,10,0,0,0
2019-10-14 23:30,17,3,14,0,0,0
2019-10-14 23:45,15,2,13,0,0,0
2019-10-15 00:00,5,1,4,0,0,0
2019-10-15 00:15,10,0,10,0,0,0
2019-10-15 00:30,7,2,5,0,0,0
2019-10-15 00:45,4,0,4,0,0,0
2019-10-15 01:00,7,0,7,0,0,0
2019-10-15 01:15,4,2,2,0,0,0
2019-10-15 01:30,2,1,1,0,0,0
2019-10-15 01:45,1,0,1,0,0,0
2019-10-15 02:00,5,0,5,0,0,0
2019-10-15 02:15,0,0,0,0,0,0
2019-10-15 02:30,4,0,4,0,0,0
2019-10-15 02:45,0,0,0,0,0,0
2019-10-15 03:00,0,0,0,0,0,0
2019-10-15 03:15,5,0,5,0,0,0
2019-10-15 03:30,3,0,3,0,0,0
2019-10-15 03:45,1,1,0,0,0,0
2019-10-15 04:00,1,1,0,0,0,0
2019-10-15 04:15,0,0,0,0,0,0
2019-10-15 04:30,1,1,0,0,0,0
2019-10-15 04:45,1,0,1,0,0,0
2019-10-15 05:00,0,0,0,0,0,0
2019-10-15 05:15,2,1,1,0,0,0
2019-10-15 05:30,15,5,10,0,0,0
2019-10-15 05:45,13,6,7,0,0,0
2019-10-15 06:00,5,2,3,0,0,0
2019-10-15 06:15,20,8,12,0,0,0
2019-10-15 06:30,38,10,28,0,0,0
2019-10-15 06:45,51,19,32,0,0,0
2019-10-15 07:00,61,26,35,0,0,0
2019-10-15 07:15,74,29,45,0,0,0
2019-10-15 07:30,124,40,84,0,0,0
2019-10-15 07:45,275,96,179,0,0,0
2019-10-15 08:00,311,93,218,0,0,0
2019-10-15 08:15,156,60,96,0,0,0
2019-10-15 08:30,112,46,66,0,0,0
2019-10-15 08:45,179,72,107,0,0,0
2019-10-15 09:00,133,53,80,0,0,0
2019-10-15 09:15,101,46,55,0,0,0
2019-10-15 09:30,144,59,85,0,0,0
2019-10-15 09:45,276,115,161,0,0,0
2019-10-15 10:00,269,123,146,0,0,0
2019-10-15 10:15,91,38,53,0,0,0
2019-10-15 10:30,79,36,43,0,0,0
2019-10-15 10:45,90,49,41,0,0,0
2019-10-15 11:00,81,40,41,0,0,0
2019-10-15 11:15,114,59,55,0,0,0
2019-10-15 11:30,112,52,60,0,0,0
2019-10-15 11:45,355,195,160,0,0,0
2019-10-15 12:00,274,156,118,0,0,0
2019-10-15 12:15,151,66,85,0,0,0
2019-10-15 12:30,108,51,57,0,0,0
2019-10-15 12:45,145,69,76,0,0,0
2019-10-15 13:00,166,101,65,0,0,0
2019-10-15 13:15,135,77,58,0,0,0
2019-10-15 13:30,150,77,73,0,0,0
2019-10-15 13:45,377,193,184,0,0,0
2019-10-15 14:00,225,98,127,0,0,0
2019-10-15 14:15,136,65,71,0,0,0
2019-10-15 14:30,160,67,93,0,0,0
2019-10-15 14:45,116,67,49,0,0,0
2019-10-15 15:00,112,59,53,0,0,0
2019-10-15 15:15,118,65,53,0,0,0
2019-10-15 15:30,164,69,95,0,0,0
2019-10-15 15:45,300,180,120,0,0,0
2019-10-15 16:00,223,117,106,0,0,0
2019-10-15 16:15,147,81,66,0,0,0
2019-10-15 16:30,136,66,70,0,0,0
2019-10-15 16:45,143,76,67,0,0,0
2019-10-15 17:00,156,79,77,0,0,0
2019-10-15 17:15,149,82,67,0,0,0
2019-10-15 17:30,134,67,67,0,0,0
2019-10-15 17:45,210,78,132,0,0,0
2019-10-15 18:00,165,79,86,0,0,0
2019-10-15 18:15,116,57,59,0,0,0
2019-10-15 18:30,87,47,40,0,0,0
2019-10-15 18:45,76,28,48,0,0,0
2019-10-15 19:00,66,27,39,0,0,0
2019-10-15 19:15,104,59,45,0,0,0
2019-10-15 19:30,80,37,43,0,0,0
2019-10-15 19:45,84,26,58,0,0,0
2019-10-15 20:00,58,23,35,0,0,0
2019-10-15 20:15,44,18,26,0,0,0
2019-10-15 20:30,38,11,27,0,0,0
2019-10-15 20:45,34,22,12,0,0,0
2019-10-15 21:00,43,18,25,0,0,0
2019-10-15 21:15,30,9,21,0,0,0
2019-10-15 21:30,36,16,20,0,0,0
2019-10-15 21:45,22,6,16,0,0,0
2019-10-15 22:00,28,11,17,0,0,0
2019-10-15 22:15,35,23,12,0,0,0
2019-10-15 22:30,23,6,17,0,0,0
2019-10-15 22:45,21,4,17,0,0,0
2019-10-15 23:00,22,12,10,0,0,0
2019-10-15 23:15,16,1,15,0,0,0
2019-10-15 23:30,16,5,11,0,0,0
2019-10-15 23:45,10,0,10,0,0,0
2019-10-16 00:00,12,3,9,0,0,0
2019-10-16 00:15,16,15,1,0,0,0
2019-10-16 00:30,10,3,7,0,0,0
2019-10-16 00:45,15,10,5,0,0,0
2019-10-16 01:00,8,6,2,0,0,0
2019-10-16 01:15,1,1,0,0,0,0
2019-10-16 01:30,3,2,1,0,0,0
2019-10-16 01:45,2,0,2,0,0,0
2019-10-16 02:00,2,0,2,0,0,0
2019-10-16 02:15,4,1,3,0,0,0
2019-10-16 02:30,11,0,11,0,0,0
2019-10-16 02:45,9,0,9,0,0,0
2019-10-16 03:00,0,0,0,0,0,0
2019-10-16 03:15,5,1,4,0,0,0
2019-10-16 03:30,11,0,11,0,0,0
2019-10-16 03:45,11,1,10,0,0,0
2019-10-16 04:00,9,1,8,0,0,0
2019-10-16 04:15,5,0,5,0,0,0
2019-10-16 04:30,5,0,5,0,0,0
2019-10-16 04:45,3,0,3,0,0,0
2019-10-16 05:00,0,0,0,0,0,0
2019-10-16 05:15,3,1,2,0,0,0
2019-10-16 05:30,9,3,6,0,0,0
2019-10-16 05:45,10,5,5,0,0,0
2019-10-16 06:00,6,2,4,0,0,0
2019-10-16 06:15,10,3,7,0,0,0
2019-10-16 06:30,40,10,30,0,0,0
2019-10-16 06:45,52,19,33,0,0,0
2019-10-16 07:00,50,18,32,0,0,0
2019-10-16 07:15,79,36,43,0,0,0
2019-10-16 07:30,119,23,96,0,0,0
2019-10-16 07:45,293,100,193,0,0,0
2019-10-16 08:00,293,74,219,0,0,0
2019-10-16 08:15,131,56,75,0,0,0
2019-10-16 08:30,123,62,61,0,0,0
2019-10-16 08:45,132,65,67,0,0,0
2019-10-16 09:00,126,51,75,0,0,0
2019-10-16 09:15,94,38,56,0,0,0
2019-10-16 09:30,134,50,84,0,0,0
2019-10-16 09:45,262,104,158,0,0,0
2019-10-16 10:00,267,104,163,0,0,0
2019-10-16 10:15,85,42,43,0,0,0
2019-10-16 10:30,88,50,38,0,0,0
2019-10-16 10:45,131,62,69,0,0,0
2019-10-16 11:00,128,82,46,0,0,0
2019-10-16 11:15,117,67,50,0,0,0
2019-10-16 11:30,161,90,71,0,0,0
2019-10-16 11:45,340,183,157,0,0,0
2019-10-16 12:00,252,143,109,0,0,0
2019-10-16 12:15,160,78,82,0,0,0
2019-10-16 12:30,118,58,60,0,0,0
2019-10-16 12:45,145,79,66,0,0,0
2019-10-16 13:00,183,100,83,0,0,0
2019-10-16 13:15,129,58,71,0,0,0
2019-10-16 13:30,135,69,66,0,0,0
2019-10-16 13:45,280,153,127,0,0,0
2019-10-16 14:00,219,129,90,0,0,0
2019-10-16 14:15,139,58,81,0,0,0
2019-10-16 14:30,94,45,49,0,0,0
2019-10-16 14:45,126,57,69,0,0,0
2019-10-16 15:00,136,60,76,0,0,0
2019-10-16 15:15,148,82,66,0,0,0
2019-10-16 15:30,146,80,66,0,0,0
2019-10-16 15:45,222,123,99,0,0,0
2019-10-16 16:00,188,92,96,0,0,0
2019-10-16 16:15,124,62,62,0,0,0
2019-10-16 16:30,130,62,68,0,0,0
2019-10-16 16:45,123,56,67,0,0,0
2019-10-16 17:00,166,82,84,0,0,0
2019-10-16 17:15,146,78,68,0,0,0
2019-10-16 17:30,153,68,85,0,0,0
2019-10-16 17:45,226,125,101,0,0,0
2019-10-16 18:00,168,81,87,0,0,0
2019-10-16 18:15,102,39,63,0,0,0
2019-10-16 18:30,87,46,41,0,0,0
2019-10-16 18:45,100,47,53,0,0,0
2019-10-16 19:00,83,45,38,0,0,0
2019-10-16 19:15,74,30,44,0,0,0
2019-10-16 19:30,79,31,48,0,0,0
2019-10-16 19:45,71,28,43,0,0,0
2019-10-16 20:00,82,33,49,0,0,0
2019-10-16 20:15,51,27,24,0,0,0
2019-10-16 20:30,39,14,25,0,0,0
2019-10-16 20:45,35,11,24,0,0,0
2019-10-16 21:00,35,15,20,0,0,0
2019-10-16 21:15,34,16,18,0,0,0
2019-10-16 21:30,23,12,11,0,0,0
2019-10-16 21:45,31,11,20,0,0,0
2019-10-16 22:00,23,6,17,0,0,0
2019-10-16 22:15,34,10,24,0,0,0
2019-10-16 22:30,37,12,25,0,0,0
2019-10-16 22:45,28,5,23,0,0,0
2019-10-16 23:00,16,3,13,0,0,0
2019-10-16 23:15,8,3,5,0,0,0
2019-10-16 23:30,14,3,11,0,0,0
2019-10-16 23:45,22,12,10,0,0,0
2019-10-17 00:00,24,11,13,0,0,0
2019-10-17 00:15,9,2,7,0,0,0
2019-10-17 00:30,9,4,5,0,0,0
2019-10-17 00:45,17,8,9,0,0,0
2019-10-17 01:00,7,2,5,0,0,0
2019-10-17 01:15,4,2,2,0,0,0
2019-10-17 01:30,11,4,7,0,0,0
2019-10-17 01:45,13,3,10,0,0,0
2019-10-17 02:00,4,1,3,0,0,0
2019-10-17 02:15,5,1,4,0,0,0
2019-10-17 02:30,8,2,6,0,0,0
2019-10-17 02:45,10,0,10,0,0,0
2019-10-17 03:00,12,1,11,0,0,0
2019-10-17 03:15,6,1,5,0,0,0
2019-10-17 03:30,12,3,9,0,0,0
2019-10-17 03:45,8,4,4,0,0,0
2019-10-17 04:00,7,1,6,0,0,0
2019-10-17 04:15,0,0,0,0,0,0
2019-10-17 04:30,8,5,3,0,0,0
2019-10-17 04:45,5,0,5,0,0,0
2019-10-17 05:00,2,2,0,0,0,0
2019-10-17 05:15,5,2,3,0,0,0
2019-10-17 05:30,13,5,8,0,0,0
2019-10-17 05:45,12,4,8,0,0,0
2019-10-17 06:00,10,6,4,0,0,0
2019-10-17 06:15,11,3,8,0,0,0
2019-10-17 06:30,27,6,21,0,0,0
2019-10-17 06:45,52,21,31,0,0,0
2019-10-17 07:00,58,19,39,0,0,0
2019-10-17 07:15,80,33,47,0,0,0
2019-10-17 07:30,117,26,91,0,0,0
2019-10-17 07:45,230,63,167,0,0,0
2019-10-17 08:00,282,71,211,0,0,0
2019-10-17 08:15,158,37,121,0,0,0
2019-10-17 08:30,99,48,51,0,0,0
2019-10-17 08:45,111,41,70,0,0,0
2019-10-17 09:00,95,25,70,0,0,0
2019-10-17 09:15,87,38,49,0,0,0
2019-10-17 09:30,87,45,42,0,0,0
2019-10-17 09:45,236,124,112,0,0,0
2019-10-17 10:00,258,115,143,0,0,0
2019-10-17 10:15,87,47,40,0,0,0
2019-10-17 10:30,67,33,34,0,0,0
2019-10-17 10:45,75,40,35,0,0,0
2019-10-17 11:00,72,30,42,0,0,0
2019-10-17 11:15,83,35,48,0,0,0
2019-10-17 11:30,133,63,70,0,0,0
2019-10-17 11:45,199,90,109,0,0,0
2019-10-17 12:00,194,87,107,0,0,0
2019-10-17 12:15,109,49,60,0,0,0
2019-10-17 12:30,98,38,60,0,0,0
2019-10-17 12:45,89,45,44,0,0,0
2019-10-17 13:00,111,59,52,0,0,0
2019-10-17 13:15,86,41,45,0,0,0
2019-10-17 13:30,116,63,53,0,0,0
2019-10-17 13:45,273,131,142,0,0,0
2019-10-17 14:00,207,121,86,0,0,0
2019-10-17 14:15,111,62,49,0,0,0
2019-10-17 14:30,96,63,33,0,0,0
2019-10-17 14:45,94,57,37,0,0,0
2019-10-17 15:00,80,42,38,0,0,0
2019-10-17 15:15,108,74,34,0,0,0
2019-10-17 15:30,134,70,64,0,0,0
2019-10-17 15:45,249,149,100,0,0,0
2019-10-17 16:00,204,118,86,0,0,0
2019-10-17 16:15,123,66,57,0,0,0
2019-10-17 16:30,138,74,64,0,0,0
2019-10-17 16:45,145,83,62,0,0,0
2019-10-17 17:00,123,62,61,0,0,0
2019-10-17 17:15,126,55,71,0,0,0
2019-10-17 17:30,145,87,58,0,0,0
2019-10-17 17:45,183,79,104,0,0,0
2019-10-17 18:00,137,73,64,0,0,0
2019-10-17 18:15,77,43,34,0,0,0
2019-10-17 18:30,75,55,20,0,0,0
2019-10-17 18:45,104,61,43,0,0,0
2019-10-17 19:00,67,25,42,0,0,0
2019-10-17 19:15,51,30,21,0,0,0
2019-10-17 19:30,72,27,45,0,0,0
2019-10-17 19:45,69,31,38,0,0,0
2019-10-17 20:00,59,20,39,0,0,0
2019-10-17 20:15,35,15,20,0,0,0
2019-10-17 20:30,36,16,20,0,0,0
2019-10-17 20:45,28,11,17,0,0,0
2019-10-17 21:00,37,14,23,0,0,0
2019-10-17 21:15,27,3,24,0,0,0
2019-10-17 21:30,34,16,18,0,0,0
2019-10-17 21:45,24,13,11,0,0,0
2019-10-17 22:00,21,8,13,0,0,0
2019-10-17 22:15,28,7,21,0,0,0
2019-10-17 22:30,19,8,11,0,0,0
2019-10-17 22:45,21,7,14,0,0,0
2019-10-17 23:00,27,5,22,0,0,0
2019-10-17 23:15,27,3,24,0,0,0
2019-10-17 23:30,18,4,14,0,0,0
2019-10-17 23:45,25,3,22,0,0,0
2019-10-18 00:00,27,12,15,0,0,0
2019-10-18 00:15,10,7,3,0,0,0
2019-10-18 00:30,8,1,7,0,0,0
2019-10-18 00:45,4,3,1,0,0,0
2019-10-18 01:00,2,0,2,0,0,0
2019-10-18 01:15,2,1,1,0,0,0
2019-10-18 01:30,6,1,5,0,0,0
2019-10-18 01:45,3,1,2,0,0,0
2019-10-18 02:00,4,0,4,0,0,0
2019-10-18 02:15,4,0,4,0,0,0
2019-10-18 02:30,4,0,4,0,0,0
2019-10-18 02:45,4,0,4,0,0,0
2019-10-18 03:00,2,0,2,0,0,0
2019-10-18 03:15,8,0,8,0,0,0
2019-10-18 03:30,6,1,5,0,0,0
2019-10-18 03:45,2,0,2,0,0,0
2019-10-18 04:00,3,1,2,0,0,0
2019-10-18 04:15,1,1,0,0,0,0
2019-10-18 04:30,3,0,3,0,0,0
2019-10-18 04:45,6,2,4,0,0,0
2019-10-18 05:00,0,0,0,0,0,0
2019-10-18 05:15,2,2,0,0,0,0
2019-10-18 05:30,6,1,5,0,0,0
2019-10-18 05:45,7,2,5,0,0,0
2019-10-18 06:00,9,4,5,0,0,0
2019-10-18 06:15,12,6,6,0,0,0
2019-10-18 06:30,28,6,22,0,0,0
2019-10-18 06:45,42,17,25,0,0,0
2019-10-18 07:00,55,18,37,0,0,0
2019-10-18 07:15,56,17,39,0,0,0
2019-10-18 07:30,129,30,99,0,0,0
2019-10-18 07:45,212,58,154,0,0,0
2019-10-18 08:00,237,62,175,0,0,0
2019-10-18 08:15,131,41,90,0,0,0
2019-10-18 08:30,83,36,47,0,0,0
2019-10-18 08:45,118,36,82,0,0,0
2019-10-18 09:00,118,55,63,0,0,0
2019-10-18 09:15,92,41,51,0,0,0
2019-10-18 09:30,91,30,61,0,0,0
2019-10-18 09:45,195,119,76,0,0,0
2019-10-18 10:00,223,132,91,0,0,0
2019-10-18 10:15,85,45,40,0,0,0
2019-10-18 10:30,63,36,27,0,0,0
2019-10-18 10:45,71,34,37,0,0,0
2019-10-18 11:00,107,40,67,0,0,0
2019-10-18 11:15,109,58,51,0,0,0
2019-10-18 11:30,101,48,53,0,0,0
2019-10-18 11:45,214,128,86,0,0,0
2019-10-18 12:00,147,86,61,0,0,0
2019-10-18 12:15,129,70,59,0,0,0
2019-10-18 12:30,130,67,63,0,0,0
2019-10-18 12:45,148,84,64,0,0,0
2019-10-18 13:00,96,54,42,0,0,0
2019-10-18 13:15,101,57,44,0,0,0
2019-10-18 13:30,102,54,48,0,0,0
2019-10-18 13:45,155,89,66,0,0,0
2019-10-18 14:00,96,47,49,0,0,0
2019-10-18 14:15,80,46,34,0,0,0
2019-10-18 14:30,99,52,47,0,0,0
2019-10-18 14:45,90,58,32,0,0,0
2019-10-18 15:00,98,53,45,0,0,0
2019-10-18 15:15,130,89,41,0,0,0
2019-10-18 15:30,73,34,39,0,0,0
2019-10-18 15:45,143,80,63,0,0,0
2019-10-18 16:00,105,48,57,0,0,0
2019-10-18 16:15,93,67,26,0,0,0
2019-10-18 16:30,95,50,45,0,0,0
2019-10-18 16:45,83,50,33,0,0,0
2019-10-18 17:00,92,46,46,0,0,0
2019-10-18 17:15,102,60,42,0,0,0
2019-10-18 17:30,92,41,51,0,0,0
2019-10-18 17:45,86,36,50,0,0,0
2019-10-18 18:00,76,39,37,0,0,0
2019-10-18 18:15,82,37,45,0,0,0
2019-10-18 18:30,71,41,30,0,0,0
2019-10-18 18:45,74,35,39,0,0,0
2019-10-18 19:00,72,39,33,0,0,0
2019-10-18 19:15,52,30,22,0,0,0
2019-10-18 19:30,60,29,31,0,0,0
2019-10-18 19:45,64,36,28,0,0,0
2019-10-18 20:00,39,22,17,0,0,0
2019-10-18 20:15,44,25,19,0,0,0
2019-10-18 20:30,31,16,15,0,0,0
2019-10-18 20:45,40,17,23,0,0,0
2019-10-18 21:00,30,15,15,0,0,0
2019-10-18 21:15,24,8,16,0,0,0
2019-10-18 21:30,28,13,15,0,0,0
2019-10-18 21:45,21,6,15,0,0,0
2019-10-18 22:00,18,9,9,0,0,0
2019-10-18 22:15,16,2,14,0,0,0
2019-10-18 22:30,29,7,22,0,0,0
2019-10-18 22:45,11,5,6,0,0,0
2019-10-18 23:00,14,2,12,0,0,0
2019-10-18 23:15,26,10,16,0,0,0
2019-10-18 23:30,22,5,17,0,0,0
2019-10-18 23:45,36,4,32,0,0,0
2019-10-19 00:00,16,8,8,0,0,0
2019-10-19 00:15,18,8,10,0,0,0
2019-10-19 00:30,11,5,6,0,0,0
2019-10-19 00:45,6,3,3,0,0,0
2019-10-19 01:00,30,14,16,0,0,0
2019-10-19 01:15,13,3,10,0,0,0
2019-10-19 01:30,6,1,5,0,0,0
2019-10-19 01:45,12,5,7,0,0,0
2019-10-19 02:00,2,1,1,0,0,0
2019-10-19 02:15,11,3,8,0,0,0
2019-10-19 02:30,6,1,5,0,0,0
2019-10-19 02:45,6,2,4,0,0,0
2019-10-19 03:00,13,1,12,0,0,0
2019-10-19 03:15,5,1,4,0,0,0
2019-10-19 03:30,9,0,9,0,0,0
2019-10-19 03:45,9,0,9,0,0,0
2019-10-19 04:00,12,1,11,0,0,0
2019-10-19 04:15,6,1,5,0,0,0
2019-10-19 04:30,4,2,2,0,0,0
2019-10-19 04:45,9,1,8,0,0,0
2019-10-19 05:00,2,0,2,0,0,0
2019-10-19 05:15,1,1,0,0,0,0
2019-10-19 05:30,8,2,6,0,0,0
2019-10-19 05:45,3,0,3,0,0,0
2019-10-19 06:00,5,3,2,0,0,0
2019-10-19 06:15,5,2,3,0,0,0
2019-10-19 06:30,9,4,5,0,0,0
2019-10-19 06:45,13,8,5,0,0,0
2019-10-19 07:00,7,3,4,0,0,0
2019-10-19 07:15,16,9,7,0,0,0
2019-10-19 07:30,11,5,6,0,0,0
2019-10-19 07:45,12,7,5,0,0,0
2019-10-19 08:00,11,4,7,0,0,0
2019-10-19 08:15,20,16,4,0,0,0
2019-10-19 08:30,33,21,12,0,0,0
2019-10-19 08:45,36,22,14,0,0,0
2019-10-19 09:00,40,16,24,0,0,0
2019-10-19 09:15,35,25,10,0,0,0
2019-10-19 09:30,30,23,7,0,0,0
2019-10-19 09:45,40,29,11,0,0,0
2019-10-19 10:00,48,24,24,0,0,0
2019-10-19 10:15,54,31,23,0,0,0
2019-10-19 10:30,51,30,21,0,0,0
2019-10-19 10:45,57,38,19,0,0,0
2019-10-19 11:00,49,27,22,0,0,0
2019-10-19 11:15,54,40,14,0,0,0
2019-10-19 11:30,77,58,19,0,0,0
2019-10-19 11:45,52,36,16,0,0,0
2019-10-19 12:00,72,42,30,0,0,0
2019-10-19 12:15,85,43,42,0,0,0
2019-10-19 12:30,65,34,31,0,0,0
2019-10-19 12:45,69,39,30,0,0,0
2019-10-19 13:00,59,39,20,0,0,0
2019-10-19 13:15,81,40,41,0,0,0
2019-10-19 13:30,73,25,48,0,0,0
2019-10-19 13:45,79,36,43,0,0,0
2019-10-19 14:00,65,33,32,0,0,0
2019-10-19 14:15,68,24,44,0,0,0
2019-10-19 14:30,91,36,55,0,0,0
2019-10-19 14:45,55,23,32,0,0,0
2019-10-19 15:00,66,39,27,0,0,0
2019-10-19 15:15,42,14,28,0,0,0
2019-10-19 15:30,38,16,22,0,0,0
2019-10-19 15:45,52,18,34,0,0,0
2019-10-19 16:00,54,20,34,0,0,0
2019-10-19 16:15,20,2,18,0,0,0
2019-10-19 16:30,25,6,19,0,0,0
2019-10-19 16:45,39,13,26,0,0,0
2019-10-19 17:00,42,13,29,0,0,0
2019-10-19 17:15,44,8,36,0,0,0
2019-10-19 17:30,53,32,21,0,0,0
2019-10-19 17:45,37,15,22,0,0,0
2019-10-19 18:00,25,9,16,0,0,0
2019-10-19 18:15,42,10,32,0,0,0
2019-10-19 18:30,27,5,22,0,0,0
2019-10-19 18:45,39,16,23,0,0,0
2019-10-19 19:00,30,9,21,0,0,0
2019-10-19 19:15,29,12,17,0,0,0
2019-10-19 19:30,19,5,14,0,0,0
2019-10-19 19:45,24,9,15,0,0,0
2019-10-19 20:00,30,11,19,0,0,0
2019-10-19 20:15,30,20,10,0,0,0
2019-10-19 20:30,24,10,14,0,0,0
2019-10-19 20:45,8,6,2,0,0,0
2019-10-19 21:00,23,14,9,0,0,0
2019-10-19 21:15,16,7,9,0,0,0
2019-10-19 21:30,15,9,6,0,0,0
2019-10-19 21:45,23,18,5,0,0,0
2019-10-19 22:00,16,3,13,0,0,0
2019-10-19 22:15,18,6,12,0,0,0
2019-10-19 22:30,19,5,14,0,0,0
2019-10-19 22:45,6,1,5,0,0,0
2019-10-19 23:00,9,1,8,0,0,0
2019-10-19 23:15,11,4,7,0,0,0
2019-10-19 23:30,14,9,5,0,0,0
2019-10-19 23:45,20,2,18,0,0,0
2019-10-20 00:00,15,9,6,0,0,0
2019-10-20 00:15,19,3,16,0,0,0
2019-10-20 00:30,13,3,10,0,0,0
2019-10-20 00:45,12,2,10,0,0,0
2019-10-20 01:00,19,14,5,0,0,0
2019-10-20 01:15,12,4,8,0,0,0
2019-10-20 01:30,3,2,1,0,0,0
2019-10-20 01:45,9,0,9,0,0,0
2019-10-20 02:00,11,4,7,0,0,0
2019-10-20 02:15,4,3,1,0,0,0
2019-10-20 02:30,3,2,1,0,0,0
2019-10-20 02:45,8,4,4,0,0,0
2019-10-20 03:00,5,0,5,0,0,0
2019-10-20 03:15,7,5,2,0,0,0
2019-10-20 03:30,8,2,6,0,0,0
2019-10-20 03:45,3,1,2,0,0,0
2019-10-20 04:00,4,0,4,0,0,0
2019-10-20 04:15,10,2,8,0,0,0
2019-10-20 04:30,2,1,1,0,0,0
2019-10-20 04:45,4,3,1,0,0,0
2019-10-20 05:00,0,0,0,0,0,0
2019-10-20 05:15,4,2,2,0,0,0
2019-10-20 05:30,9,0,9,0,0,0
2019-10-20 05:45,8,6,2,0,0,0
2019-10-20 06:00,5,1,4,0,0,0
2019-10-20 06:15,1,0,1,0,0,0
2019-10-20 06:30,4,1,3,0,0,0
2019-10-20 06:45,3,2,1,0,0,0
2019-10-20 07:00,2,0,2,0,0,0
2019-10-20 07:15,3,2,1,0,0,0
2019-10-20 07:30,4,1,3,0,0,0
2019-10-20 07:45,9,5,4,0,0,0
2019-10-20 08:00,2,1,1,0,0,0
2019-10-20 08:15,6,6,0,0,0,0
2019-10-20 08:30,8,7,1,0,0,0
2019-10-20 08:45,9,7,2,0,0,0
2019-10-20 09:00,13,6,7,0,0,0
2019-10-20 09:15,9,6,3,0,0,0
2019-10-20 09:30,19,14,5,0,0,0
2019-10-20 09:45,22,15,7,0,0,0
2019-10-20 10:00,23,14,9,0,0,0
2019-10-20 10:15,12,7,5,0,0,0
2019-10-20 10:30,16,12,4,0,0,0
2019-10-20 10:45,39,26,13,0,0,0
2019-10-20 11:00,17,13,4,0,0,0
2019-10-20 11:15,21,11,10,0,0,0
2019-10-20 11:30,29,13,16,0,0,0
2019-10-20 11:45,37,23,14,0,0,0
2019-10-20 12:00,30,16,14,0,0,0
2019-10-20 12:15,33,10,23,0,0,0
2019-10-20 12:30,25,10,15,0,0,0
2019-10-20 12:45,22,3,19,0,0,0
2019-10-20 13:00,24,9,15,0,0,0
2019-10-20 13:15,22,7,15,0,0,0
2019-10-20 13:30,20,7,13,0,0,0
2019-10-20 13:45,15,6,9,0,0,0
2019-10-20 14:00,23,12,11,0,0,0
2019-10-20 14:15,19,3,16,0,0,0
2019-10-20 14:30,32,18,14,0,0,0
2019-10-20 14:45,43,19,24,0,0,0
2019-10-20 15:00,20,8,12,0,0,0
2019-10-20 15:15,18,4,14,0,0,0
2019-10-20 15:30,28,14,14,0,0,0
2019-10-20 15:45,25,15,10,0,0,0
2019-10-20 16:00,19,6,13,0,0,0
2019-10-20 16:15,14,3,11,0,0,0
2019-10-20 16:30,15,5,10,0,0,0
2019-10-20 16:45,21,8,13,0,0,0
2019-10-20 17:00,20,10,10,0,0,0
2019-10-20 17:15,10,6,4,0,0,0
2019-10-20 17:30,22,12,10,0,0,0
2019-10-20 17:45,26,15,11,0,0,0
2019-10-20 18:00,17,8,9,0,0,0
2019-10-20 18:15,14,7,7,0,0,0
2019-10-20 18:30,17,10,7,0,0,0
2019-10-20 18:45,13,6,7,0,0,0
2019-10-20 19:00,22,12,10,0,0,0
2019-10-20 19:15,18,6,12,0,0,0
2019-10-20 19:30,26,7,19,0,0,0
2019-10-20 19:45,13,5,8,0,0,0
2019-10-20 20:00,13,2,11,0,0,0
2019-10-20 20:15,21,7,14,0,0,0
2019-10-20 20:30,26,7,19,0,0,0
2019-10-20 20:45,18,2,16,0,0,0
2019-10-20 21:00,15,12,3,0,0,0
2019-10-20 21:15,13,5,8,0,0,0
2019-10-20 21:30,13,6,7,0,0,0
2019-10-20 21:45,6,0,6,0,0,0
2019-10-20 22:00,8,3,5,0,0,0
2019-10-20 22:15,9,4,5,0,0,0
2019-10-20 22:30,6,1,5,0,0,0
2019-10-20 22:45,7,1,6,0,0,0
2019-10-20 23:00,7,1,6,0,0,0
2019-10-20 23:15,2,0,2,0,0,0
2019-10-20 23:30,6,0,6,0,0,0
2019-10-20 23:45,2,0,2,0,0,0
2019-10-21 00:00,3,2,1,0,0,0
2019-10-21 00:15,2,2,0,0,0,0
2019-10-21 00:30,0,0,0,0,0,0
2019-10-21 00:45,4,1,3,0,0,0
2019-10-21 01:00,1,1,0,0,0,0
2019-10-21 01:15,3,2,1,0,0,0
2019-10-21 01:30,1,0,1,0,0,0
2019-10-21 01:45,0,0,0,0,0,0
2019-10-21 02:00,3,1,2,0,0,0
2019-10-21 02:15,1,0,1,0,0,0
2019-10-21 02:30,0,0,0,0,0,0
2019-10-21 02:45,0,0,0,0,0,0
2019-10-21 03:00,0,0,0,0,0,0
2019-10-21 03:15,0,0,0,0,0,0
2019-10-21 03:30,0,0,0,0,0,0
2019-10-21 03:45,0,0,0,0,0,0
2019-10-21 04:00,0,0,0,0,0,0
2019-10-21 04:15,0,0,0,0,0,0
2019-10-21 04:30,1,1,0,0,0,0
2019-10-21 04:45,2,1,1,0,0,0
2019-10-21 05:00,1,1,0,0,0,0
2019-10-21 05:15,5,1,4,0,0,0
2019-10-21 05:30,6,0,6,0,0,0
2019-10-21 05:45,9,5,4,0,0,0
2019-10-21 06:00,3,0,3,0,0,0
2019-10-21 06:15,20,7,13,0,0,0
2019-10-21 06:30,39,10,29,0,0,0
2019-10-21 06:45,40,17,23,0,0,0
2019-10-21 07:00,45,18,27,0,0,0
2019-10-21 07:15,73,25,48,0,0,0
2019-10-21 07:30,140,40,100,0,0,0
2019-10-21 07:45,209,77,132,0,0,0
2019-10-21 08:00,274,88,186,0,0,0
2019-10-21 08:15,141,42,99,0,0,0
2019-10-21 08:30,107,39,68,0,0,0
2019-10-21 08:45,98,30,68,0,0,0
2019-10-21 09:00,91,35,56,0,0,0
2019-10-21 09:15,83,33,50,0,0,0
2019-10-21 09:30,104,49,55,0,0,0
2019-10-21 09:45,210,97,113,0,0,0
2019-10-21 10:00,229,109,120,0,0,0
2019-10-21 10:15,80,48,32,0,0,0
2019-10-21 10:30,53,31,22,0,0,0
2019-10-21 10:45,68,29,39,0,0,0
2019-10-21 11:00,92,53,39,0,0,0
2019-10-21 11:15,81,44,37,0,0,0
2019-10-21 11:30,81,38,43,0,0,0
2019-10-21 11:45,304,128,176,0,0,0
2019-10-21 12:00,224,116,108,0,0,0
2019-10-21 12:15,124,62,62,0,0,0
2019-10-21 12:30,125,61,64,0,0,0
2019-10-21 12:45,90,37,53,0,0,0
2019-10-21 13:00,106,52,54,0,0,0
2019-10-21 13:15,94,51,43,0,0,0
2019-10-21 13:30,117,47,70,0,0,0
2019-10-21 13:45,225,102,123,0,0,0
2019-10-21 14:00,221,100,121,0,0,0
2019-10-21 14:15,114,56,58,0,0,0
2019-10-21 14:30,117,65,52,0,0,0
2019-10-21 14:45,110,61,49,0,0,0
2019-10-21 15:00,114,67,47,0,0,0
2019-10-21 15:15,109,70,39,0,0,0
2019-10-21 15:30,156,81,75,0,0,0
2019-10-21 15:45,302,189,113,0,0,0
2019-10-21 16:00,245,148,97,0,0,0
2019-10-21 16:15,153,94,59,0,0,0
2019-10-21 16:30,138,76,62,0,0,0
2019-10-21 16:45,137,66,71,0,0,0
2019-10-21 17:00,140,76,64,0,0,0
2019-10-21 17:15,119,65,54,0,0,0
2019-10-21 17:30,182,89,93,0,0,0
2019-10-21 17:45,288,170,118,0,0,0
2019-10-21 18:00,190,98,92,0,0,0
2019-10-21 18:15,94,32,62,0,0,0
2019-10-21 18:30,127,59,68,0,0,0
2019-10-21 18:45,102,49,53,0,0,0
2019-10-21 19:00,85,48,37,0,0,0
2019-10-21 19:15,86,39,47,0,0,0
2019-10-21 19:30,111,54,57,0,0,0
2019-10-21 19:45,107,43,64,0,0,0
2019-10-21 20:00,78,35,43,0,0,0
2019-10-21 20:15,51,18,33,0,0,0
2019-10-21 20:30,47,9,38,0,0,0
2019-10-21 20:45,42,18,24,0,0,0
2019-10-21 21:00,41,26,15,0,0,0
2019-10-21 21:15,25,15,10,0,0,0
2019-10-21 21:30,35,12,23,0,0,0
2019-10-21 21:45,32,9,23,0,0,0
2019-10-21 22:00,30,19,11,0,0,0
2019-10-21 22:15,24,9,15,0,0,0
2019-10-21 22:30,31,6,25,0,0,0
2019-10-21 22:45,20,3,17,0,0,0
2019-10-21 23:00,12,2,10,0,0,0
2019-10-21 23:15,16,5,11,0,0,0
2019-10-21 23:30,18,2,16,0,0,0
2019-10-21 23:45,4,0,4,0,0,0
2019-10-22 00:00,12,6,6,0,0,0
2019-10-22 00:15,16,3,13,0,0,0
2019-10-22 00:30,6,0,6,0,0,0
2019-10-22 00:45,6,1,5,0,0,0
2019-10-22 01:00,4,0,4,0,0,0
2019-10-22 01:15,0,0,0,0,0,0
2019-10-22 01:30,7,1,6,0,0,0
2019-10-22 01:45,1,0,1,0,0,0
2019-10-22 02:00,6,0,6,0,0,0
2019-10-22 02:15,3,0,3,0,0,0
2019-10-22 02:30,4,0,4,0,0,0
2019-10-22 02:45,1,0,1,0,0,0
2019-10-22 03:00,0,0,0,0,0,0
2019-10-22 03:15,3,1,2,0,0,0
2019-10-22 03:30,3,0,3,0,0,0
2019-10-22 03:45,4,0,4,0,0,0
2019-10-22 04:00,0,0,0,0,0,0
2019-10-22 04:15,1,1,0,0,0,0
2019-10-22 04:30,0,0,0,0,0,0
2019-10-22 04:45,1,0,1,0,0,0
2019-10-22 05:00,2,1,1,0,0,0
2019-10-22 05:15,1,0,1,0,0,0
2019-10-22 05:30,9,3,6,0,0,0
2019-10-22 05:45,12,4,8,0,0,0
2019-10-22 06:00,8,5,3,0,0,0
2019-10-22 06:15,19,6,13,0,0,0
2019-10-22 06:30,40,18,22,0,0,0
2019-10-22 06:45,52,19,33,0,0,0
2019-10-22 07:00,65,21,44,0,0,0
2019-10-22 07:15,70,25,45,0,0,0
2019-10-22 07:30,129,35,94,0,0,0
2019-10-22 07:45,199,63,136,0,0,0
2019-10-22 08:00,389,122,267,0,0,0
2019-10-22 08:15,160,51,109,0,0,0
2019-10-22 08:30,124,43,81,0,0,0
2019-10-22 08:45,140,50,90,0,0,0
2019-10-22 09:00,141,59,82,0,0,0
2019-10-22 09:15,95,36,59,0,0,0
2019-10-22 09:30,114,39,75,0,0,0
2019-10-22 09:45,268,95,173,0,0,0
2019-10-22 10:00,276,98,178,0,0,0
2019-10-22 10:15,106,62,44,0,0,0
2019-10-22 10:30,67,31,36,0,0,0
2019-10-22 10:45,91,37,54,0,0,0
2019-10-22 11:00,94,46,48,0,0,0
2019-10-22 11:15,126,58,68,0,0,0
2019-10-22 11:30,153,79,74,0,0,0
2019-10-22 11:45,320,178,142,0,0,0
2019-10-22 12:00,245,134,111,0,0,0
2019-10-22 12:15,139,65,74,0,0,0
2019-10-22 12:30,105,44,61,0,0,0
2019-10-22 12:45,131,59,72,0,0,0
2019-10-22 13:00,148,82,66,0,0,0
2019-10-22 13:15,89,45,44,0,0,0
2019-10-22 13:30,140,64,76,0,0,0
2019-10-22 13:45,356,169,187,0,0,0
2019-10-22 14:00,182,84,98,0,0,0
2019-10-22 14:15,121,63,58,0,0,0
2019-10-22 14:30,109,64,45,0,0,0
2019-10-22 14:45,124,65,59,0,0,0
2019-10-22 15:00,118,56,62,0,0,0
2019-10-22 15:15,106,60,46,0,0,0
2019-10-22 15:30,163,104,59,0,0,0
2019-10-22 15:45,294,170,124,0,0,0
2019-10-22 16:00,215,114,101,0,0,0
2019-10-22 16:15,173,103,70,0,0,0
2019-10-22 16:30,158,95,63,0,0,0
2019-10-22 16:45,172,96,76,0,0,0
2019-10-22 17:00,150,81,69,0,0,0
2019-10-22 17:15,143,70,73,0,0,0
2019-10-22 17:30,171,89,82,0,0,0
2019-10-22 17:45,278,145,133,0,0,0
2019-10-22 18:00,164,85,79,0,0,0
2019-10-22 18:15,118,53,65,0,0,0
2019-10-22 18:30,89,38,51,0,0,0
2019-10-22 18:45,112,57,55,0,0,0
2019-10-22 19:00,84,33,51,0,0,0
2019-10-22 19:15,124,44,80,0,0,0
2019-10-22 19:30,108,42,66,0,0,0
2019-10-22 19:45,101,35,66,0,0,0
2019-10-22 20:00,72,31,41,0,0,0
2019-10-22 20:15,53,12,41,0,0,0
2019-10-22 20:30,37,18,19,0,0,0
2019-10-22 20:45,35,17,18,0,0,0
2019-10-22 21:00,39,20,19,0,0,0
2019-10-22 21:15,60,27,33,0,0,0
2019-10-22 21:30,45,19,26,0,0,0
2019-10-22 21:45,33,12,21,0,0,0
2019-10-22 22:00,46,14,32,0,0,0
2019-10-22 22:15,35,14,21,0,0,0
2019-10-22 22:30,28,8,20,0,0,0
2019-10-22 22:45,28,5,23,0,0,0
2019-10-22 23:00,34,13,21,0,0,0
2019-10-22 23:15,24,6,18,0,0,0
2019-10-22 23:30,17,2,15,0,0,0
2019-10-22 23:45,29,12,17,0,0,0
2019-10-23 00:00,12,1,11,0,0,0
2019-10-23 00:15,15,4,11,0,0,0
2019-10-23 00:30,10,0,10,0,0,0
2019-10-23 00:45,6,1,5,0,0,0
2019-10-23 01:00,6,1,5,0,0,0
2019-10-23 01:15,4,1,3,0,0,0
2019-10-23 01:30,7,2,5,0,0,0
2019-10-23 01:45,6,0,6,0,0,0
2019-10-23 02:00,12,0,12,0,0,0
2019-10-23 02:15,5,0,5,0,0,0
2019-10-23 02:30,5,0,5,0,0,0
2019-10-23 02:45,2,0,2,0,0,0
2019-10-23 03:00,12,0,12,0,0,0
2019-10-23 03:15,1,1,0,0,0,0
2019-10-23 03:30,0,0,0,0,0,0
2019-10-23 03:45,4,0,4,0,0,0
2019-10-23 04:00,0,0,0,0,0,0
2019-10-23 04:15,0,0,0,0,0,0
2019-10-23 04:30,0,0,0,0,0,0
2019-10-23 04:45,1,0,1,0,0,0
2019-10-23 05:00,1,1,0,0,0,0
2019-10-23 05:15,1,0,1,0,0,0
2019-10-23 05:30,14,4,10,0,0,0
2019-10-23 05:45,11,4,7,0,0,0
2019-10-23 06:00,4,1,3,0,0,0
2019-10-23 06:15,18,6,12,0,0,0
2019-10-23 06:30,48,20,28,0,0,0
2019-10-23 06:45,48,25,23,0,0,0
2019-10-23 07:00,59,23,36,0,0,0
2019-10-23 07:15,77,31,46,0,0,0
2019-10-23 07:30,133,44,89,0,0,0
2019-10-23 07:45,280,77,203,0,0,0
2019-10-23 08:00,326,90,236,0,0,0
2019-10-23 08:15,191,66,125,0,0,0
2019-10-23 08:30,139,54,85,0,0,0
2019-10-23 08:45,158,70,88,0,0,0
2019-10-23 09:00,134,47,87,0,0,0
2019-10-23 09:15,110,36,74,0,0,0
2019-10-23 09:30,146,55,91,0,0,0
2019-10-23 09:45,288,126,162,0,0,0
2019-10-23 10:00,339,141,198,0,0,0
2019-10-23 10:15,115,53,62,0,0,0
2019-10-23 10:30,77,44,33,0,0,0
2019-10-23 10:45,119,61,58,0,0,0
2019-10-23 11:00,106,53,53,0,0,0
2019-10-23 11:15,106,45,61,0,0,0
2019-10-23 11:30,139,65,74,0,0,0
2019-10-23 11:45,361,148,213,0,0,0
2019-10-23 12:00,228,120,108,0,0,0
2019-10-23 12:15,211,100,111,0,0,0
2019-10-23 12:30,159,66,93,0,0,0
2019-10-23 12:45,179,87,92,0,0,0
2019-10-23 13:00,196,122,74,0,0,0
2019-10-23 13:15,142,59,83,0,0,0
2019-10-23 13:30,151,63,88,0,0,0
2019-10-23 13:45,303,157,146,0,0,0
2019-10-23 14:00,239,116,123,0,0,0
2019-10-23 14:15,126,60,66,0,0,0
2019-10-23 14:30,116,54,62,0,0,0
2019-10-23 14:45,163,78,85,0,0,0
2019-10-23 15:00,142,73,69,0,0,0
2019-10-23 15:15,161,99,62,0,0,0
2019-10-23 15:30,154,92,62,0,0,0
2019-10-23 15:45,274,152,122,0,0,0
2019-10-23 16:00,236,118,118,0,0,0
2019-10-23 16:15,162,101,61,0,0,0
2019-10-23 16:30,134,76,58,0,0,0
2019-10-23 16:45,152,84,68,0,0,0
2019-10-23 17:00,163,81,82,0,0,0
2019-10-23 17:15,153,84,69,0,0,0
2019-10-23 17:30,167,86,81,0,0,0
2019-10-23 17:45,263,136,127,0,0,0
2019-10-23 18:00,188,77,111,0,0,0
2019-10-23 18:15,127,63,64,0,0,0
2019-10-23 18:30,94,40,54,0,0,0
2019-10-23 18:45,102,51,51,0,0,0
2019-10-23 19:00,105,50,55,0,0,0
2019-10-23 19:15,93,40,53,0,0,0
2019-10-23 19:30,105,49,56,0,0,0
2019-10-23 19:45,86,31,55,0,0,0
2019-10-23 20:00,66,24,42,0,0,0
2019-10-23 20:15,56,23,33,0,0,0
2019-10-23 20:30,52,16,36,0,0,0
2019-10-23 20:45,57,22,35,0,0,0
2019-10-23 21:00,45,20,25,0,0,0
2019-10-23 21:15,41,8,33,0,0,0
2019-10-23 21:30,31,12,19,0,0,0
2019-10-23 21:45,40,14,26,0,0,0
2019-10-23 22:00,36,4,32,0,0,0
2019-10-23 22:15,28,14,14,0,0,0
2019-10-23 22:30,31,7,24,0,0,0
2019-10-23 22:45,34,7,27,0,0,0
2019-10-23 23:00,25,10,15,0,0,0
2019-10-23 23:15,23,7,16,0,0,0
2019-10-23 23:30,26,7,19,0,0,0
2019-10-23 23:45,18,3,15,0,0,0
2019-10-24 00:00,10,5,5,0,0,0
2019-10-24 00:15,17,10,7,0,0,0
2019-10-24 00:30,15,8,7,0,0,0
2019-10-24 00:45,10,1,9,0,0,0
2019-10-24 01:00,8,1,7,0,0,0
2019-10-24 01:15,7,1,6,0,0,0
2019-10-24 01:30,12,5,7,0,0,0
2019-10-24 01:45,3,0,3,0,0,0
2019-10-24 02:00,9,4,5,0,0,0
2019-10-24 02:15,11,0,11,0,0,0
2019-10-24 02:30,4,1,3,0,0,0
2019-10-24 02:45,5,0,5,0,0,0
2019-10-24 03:00,8,2,6,0,0,0
2019-10-24 03:15,7,1,6,0,0,0
2019-10-24 03:30,3,1,2,0,0,0
2019-10-24 03:45,2,0,2,0,0,0
2019-10-24 04:00,7,3,4,0,0,0
2019-10-24 04:15,4,0,4,0,0,0
2019-10-24 04:30,1,0,1,0,0,0
2019-10-24 04:45,3,0,3,0,0,0
2019-10-24 05:00,1,1,0,0,0,0
2019-10-24 05:15,4,1,3,0,0,0
2019-10-24 05:30,10,5,5,0,0,0
2019-10-24 05:45,9,5,4,0,0,0
2019-10-24 06:00,10,5,5,0,0,0
2019-10-24 06:15,21,8,13,0,0,0
2019-10-24 06:30,41,16,25,0,0,0
2019-10-24 06:45,52,25,27,0,0,0
2019-10-24 07:00,70,24,46,0,0,0
2019-10-24 07:15,73,23,50,0,0,0
2019-10-24 07:30,141,46,95,0,0,0
2019-10-24 07:45,215,66,149,0,0,0
2019-10-24 08:00,305,60,245,0,0,0
2019-10-24 08:15,182,69,113,0,0,0
2019-10-24 08:30,110,42,68,0,0,0
2019-10-24 08:45,137,51,86,0,0,0
2019-10-24 09:00,160,52,108,0,0,0
2019-10-24 09:15,92,40,52,0,0,0
2019-10-24 09:30,95,50,45,0,0,0
2019-10-24 09:45,202,97,105,0,0,0
2019-10-24 10:00,302,119,183,0,0,0
2019-10-24 10:15,92,44,48,0,0,0
2019-10-24 10:30,57,26,31,0,0,0
2019-10-24 10:45,74,24,50,0,0,0
2019-10-24 11:00,94,29,65,0,0,0
2019-10-24 11:15,99,54,45,0,0,0
2019-10-24 11:30,111,51,60,0,0,0
2019-10-24 11:45,258,113,145,0,0,0
2019-10-24 12:00,253,109,144,0,0,0
2019-10-24 12:15,128,58,70,0,0,0
2019-10-24 12:30,130,54,76,0,0,0
2019-10-24 12:45,109,63,46,0,0,0
2019-10-24 13:00,121,70,51,0,0,0
2019-10-24 13:15,101,43,58,0,0,0
2019-10-24 13:30,146,72,74,0,0,0
2019-10-24 13:45,304,152,152,0,0,0
2019-10-24 14:00,256,103,153,0,0,0
2019-10-24 14:15,122,50,72,0,0,0
2019-10-24 14:30,111,53,58,0,0,0
2019-10-24 14:45,139,72,67,0,0,0
2019-10-24 15:00,118,63,55,0,0,0
2019-10-24 15:15,158,88,70,0,0,0
2019-10-24 15:30,141,82,59,0,0,0
2019-10-24 15:45,302,179,123,0,0,0
2019-10-24 16:00,266,136,130,0,0,0
2019-10-24 16:15,156,88,68,0,0,0
2019-10-24 16:30,164,104,60,0,0,0
2019-10-24 16:45,161,78,83,0,0,0
2019-10-24 17:00,140,77,63,0,0,0
2019-10-24 17:15,147,68,79,0,0,0
2019-10-24 17:30,185,99,86,0,0,0
2019-10-24 17:45,260,117,143,0,0,0
2019-10-24 18:00,178,87,91,0,0,0
2019-10-24 18:15,126,58,68,0,0,0
2019-10-24 18:30,86,37,49,0,0,0
2019-10-24 18:45,127,63,64,0,0,0
2019-10-24 19:00,77,33,44,0,0,0
2019-10-24 19:15,97,57,40,0,0,0
2019-10-24 19:30,82,32,50,0,0,0
2019-10-24 19:45,104,43,61,0,0,0
2019-10-24 20:00,82,36,46,0,0,0
2019-10-24 20:15,48,17,31,0,0,0
2019-10-24 20:30,35,10,25,0,0,0
2019-10-24 20:45,55,18,37,0,0,0
2019-10-24 21:00,32,16,16,0,0,0
2019-10-24 21:15,36,14,22,0,0,0
2019-10-24 21:30,46,20,26,0,0,0
2019-10-24 21:45,36,8,28,0,0,0
2019-10-24 22:00,38,15,23,0,0,0
2019-10-24 22:15,26,13,13,0,0,0
2019-10-24 22:30,32,3,29,0,0,0
2019-10-24 22:45,39,16,23,0,0,0
2019-10-24 23:00,48,14,34,0,0,0
2019-10-24 23:15,14,1,13,0,0,0
2019-10-24 23:30,19,6,13,0,0,0
2019-10-24 23:45,11,4,7,0,0,0
2019-10-25 00:00,5,1,4,0,0,0
2019-10-25 00:15,18,5,13,0,0,0
2019-10-25 00:30,4,2,2,0,0,0
2019-10-25 00:45,9,3,6,0,0,0
2019-10-25 01:00,4,3,1,0,0,0
2019-10-25 01:15,6,3,3,0,0,0
2019-10-25 01:30,11,2,9,0,0,0
2019-10-25 01:45,4,1,3,0,0,0
2019-10-25 02:00,2,1,1,0,0,0
2019-10-25 02:15,10,1,9,0,0,0
2019-10-25 02:30,7,0,7,0,0,0
2019-10-25 02:45,11,1,10,0,0,0
2019-10-25 03:00,4,0,4,0,0,0
2019-10-25 03:15,1,1,0,0,0,0
2019-10-25 03:30,4,0,4,0,0,0
2019-10-25 03:45,0,0,0,0,0,0
2019-10-25 04:00,3,2,1,0,0,0
2019-10-25 04:15,1,0,1,0,0,0
2019-10-25 04:30,0,0,0,0,0,0
2019-10-25 04:45,3,0,3,0,0,0
2019-10-25 05:00,2,2,0,0,0,0
2019-10-25 05:15,7,2,5,0,0,0
2019-10-25 05:30,3,1,2,0,0,0
2019-10-25 05:45,14,4,10,0,0,0
2019-10-25 06:00,6,2,4,0,0,0
2019-10-25 06:15,25,7,18,0,0,0
2019-10-25 06:30,34,14,20,0,0,0
2019-10-25 06:45,39,16,23,0,0,0
2019-10-25 07:00,54,21,33,0,0,0
2019-10-25 07:15,64,17,47,0,0,0
2019-10-25 07:30,149,49,100,0,0,0
2019-10-25 07:45,203,47,156,0,0,0
2019-10-25 08:00,280,58,222,0,0,0
2019-10-25 08:15,109,34,75,0,0,0
2019-10-25 08:30,113,44,69,0,0,0
2019-10-25 08:45,142,46,96,0,0,0
2019-10-25 09:00,122,57,65,0,0,0
2019-10-25 09:15,78,31,47,0,0,0
2019-10-25 09:30,108,53,55,0,0,0
2019-10-25 09:45,199,96,103,0,0,0
2019-10-25 10:00,219,116,103,0,0,0
2019-10-25 10:15,105,51,54,0,0,0
2019-10-25 10:30,75,47,28,0,0,0
2019-10-25 10:45,101,46,55,0,0,0
2019-10-25 11:00,103,45,58,0,0,0
2019-10-25 11:15,87,38,49,0,0,0
2019-10-25 11:30,105,55,50,0,0,0
2019-10-25 11:45,237,131,106,0,0,0
2019-10-25 12:00,169,97,72,0,0,0
2019-10-25 12:15,148,72,76,0,0,0
2019-10-25 12:30,142,76,66,0,0,0
2019-10-25 12:45,149,63,86,0,0,0
2019-10-25 13:00,159,84,75,0,0,0
2019-10-25 13:15,111,62,49,0,0,0
2019-10-25 13:30,134,72,62,0,0,0
2019-10-25 13:45,242,130,112,0,0,0
2019-10-25 14:00,152,82,70,0,0,0
2019-10-25 14:15,119,64,55,0,0,0
2019-10-25 14:30,119,50,69,0,0,0
2019-10-25 14:45,148,69,79,0,0,0
2019-10-25 15:00,148,78,70,0,0,0
2019-10-25 15:15,106,50,56,0,0,0
2019-10-25 15:30,124,72,52,0,0,0
2019-10-25 15:45,138,73,65,0,0,0
2019-10-25 16:00,133,77,56,0,0,0
2019-10-25 16:15,106,58,48,0,0,0
2019-10-25 16:30,108,56,52,0,0,0
2019-10-25 16:45,119,57,62,0,0,0
2019-10-25 17:00,98,58,40,0,0,0
2019-10-25 17:15,86,40,46,0,0,0
2019-10-25 17:30,103,33,70,0,0,0
2019-10-25 17:45,119,56,63,0,0,0
2019-10-25 18:00,109,46,63,0,0,0
2019-10-25 18:15,86,43,43,0,0,0
2019-10-25 18:30,85,41,44,0,0,0
2019-10-25 18:45,86,43,43,0,0,0
2019-10-25 19:00,91,42,49,0,0,0
2019-10-25 19:15,70,29,41,0,0,0
2019-10-25 19:30,69,37,32,0,0,0
2019-10-25 19:45,66,32,34,0,0,0
2019-10-25 20:00,81,43,38,0,0,0
2019-10-25 20:15,62,22,40,0,0,0
2019-10-25 20:30,41,10,31,0,0,0
2019-10-25 20:45,58,30,28,0,0,0
2019-10-25 21:00,45,27,18,0,0,0
2019-10-25 21:15,31,13,18,0,0,0
2019-10-25 21:30,34,8,26,0,0,0
2019-10-25 21:45,49,27,22,0,0,0
2019-10-25 22:00,39,13,26,0,0,0
2019-10-25 22:15,24,6,18,0,0,0
2019-10-25 22:30,36,12,24,0,0,0
2019-10-25 22:45,18,4,14,0,0,0
2019-10-25 23:00,16,3,13,0,0,0
2019-10-25 23:15,16,3,13,0,0,0
2019-10-25 23:30,22,9,13,0,0,0
2019-10-25 23:45,19,2,17,0,0,0
2019-10-26 00:00,24,13,11,0,0,0
2019-10-26 00:15,15,0,15,0,0,0
2019-10-26 00:30,28,8,20,0,0,0
2019-10-26 00:45,7,2,5,0,0,0
2019-10-26 01:00,18,7,11,0,0,0
2019-10-26 01:15,19,7,12,0,0,0
2019-10-26 01:30,19,4,15,0,0,0
2019-10-26 01:45,9,0,9,0,0,0
2019-10-26 02:00,11,4,7,0,0,0
2019-10-26 02:15,16,1,15,0,0,0
2019-10-26 02:30,14,3,11,0,0,0
2019-10-26 02:45,20,4,16,0,0,0
2019-10-26 03:00,6,0,6,0,0,0
2019-10-26 03:15,17,1,16,0,0,0
2019-10-26 03:30,9,0,9,0,0,0
2019-10-26 03:45,13,2,11,0,0,0
2019-10-26 04:00,5,2,3,0,0,0
2019-10-26 04:15,4,0,4,0,0,0
2019-10-26 04:30,1,0,1,0,0,0
2019-10-26 04:45,13,4,9,0,0,0
2019-10-26 05:00,3,3,0,0,0,0
2019-10-26 05:15,2,1,1,0,0,0
2019-10-26 05:30,11,0,11,0,0,0
2019-10-26 05:45,11,0,11,0,0,0
2019-10-26 06:00,8,3,5,0,0,0
2019-10-26 06:15,3,2,1,0,0,0
2019-10-26 06:30,12,9,3,0,0,0
2019-10-26 06:45,7,4,3,0,0,0
2019-10-26 07:00,8,5,3,0,0,0
2019-10-26 07:15,4,3,1,0,0,0
2019-10-26 07:30,10,6,4,0,0,0
2019-10-26 07:45,19,7,12,0,0,0
2019-10-26 08:00,23,14,9,0,0,0
2019-10-26 08:15,14,12,2,0,0,0
2019-10-26 08:30,30,20,10,0,0,0
2019-10-26 08:45,48,27,21,0,0,0
2019-10-26 09:00,24,15,9,0,0,0
2019-10-26 09:15,51,40,11,0,0,0
2019-10-26 09:30,53,34,19,0,0,0
2019-10-26 09:45,87,53,34,0,0,0
2019-10-26 10:00,67,43,24,0,0,0
2019-10-26 10:15,79,57,22,0,0,0
2019-10-26 10:30,75,44,31,0,0,0
2019-10-26 10:45,99,74,25,0,0,0
2019-10-26 11:00,79,52,27,0,0,0
2019-10-26 11:15,65,48,17,0,0,0
2019-10-26 11:30,83,49,34,0,0,0
2019-10-26 11:45,96,52,44,0,0,0
2019-10-26 12:00,96,54,42,0,0,0
2019-10-26 12:15,104,38,66,0,0,0
2019-10-26 12:30,102,42,60,0,0,0
2019-10-26 12:45,102,59,43,0,0,0
2019-10-26 13:00,95,56,39,0,0,0
2019-10-26 13:15,126,69,57,0,0,0
2019-10-26 13:30,91,33,58,0,0,0
2019-10-26 13:45,127,60,67,0,0,0
2019-10-26 14:00,128,52,76,0,0,0
2019-10-26 14:15,115,49,66,0,0,0
2019-10-26 14:30,115,44,71,0,0,0
2019-10-26 14:45,117,45,72,0,0,0
2019-10-26 15:00,100,45,55,0,0,0
2019-10-26 15:15,107,51,56,0,0,0
2019-10-26 15:30,120,60,60,0,0,0
2019-10-26 15:45,73,40,33,0,0,0
2019-10-26 16:00,90,32,58,0,0,0
2019-10-26 16:15,86,36,50,0,0,0
2019-10-26 16:30,84,24,60,0,0,0
2019-10-26 16:45,77,38,39,0,0,0
2019-10-26 17:00,82,25,57,0,0,0
2019-10-26 17:15,85,41,44,0,0,0
2019-10-26 17:30,109,39,70,0,0,0
2019-10-26 17:45,108,56,52,0,0,0
2019-10-26 18:00,103,40,63,0,0,0
2019-10-26 18:15,104,48,56,0,0,0
2019-10-26 18:30,69,26,43,0,0,0
2019-10-26 18:45,67,31,36,0,0,0
2019-10-26 19:00,58,11,47,0,0,0
2019-10-26 19:15,63,30,33,0,0,0
2019-10-26 19:30,66,26,40,0,0,0
2019-10-26 19:45,62,41,21,0,0,0
2019-10-26 20:00,52,17,35,0,0,0
2019-10-26 20:15,42,17,25,0,0,0
2019-10-26 20:30,41,16,25,0,0,0
2019-10-26 20:45,31,8,23,0,0,0
2019-10-26 21:00,28,15,13,0,0,0
2019-10-26 21:15,41,14,27,0,0,0
2019-10-26 21:30,22,3,19,0,0,0
2019-10-26 21:45,29,9,20,0,0,0
2019-10-26 22:00,31,4,27,0,0,0
2019-10-26 22:15,18,5,13,0,0,0
2019-10-26 22:30,30,8,22,0,0,0
2019-10-26 22:45,28,6,22,0,0,0
2019-10-26 23:00,34,10,24,0,0,0
2019-10-26 23:15,22,2,20,0,0,0
2019-10-26 23:30,24,7,17,0,0,0
2019-10-26 23:45,15,5,10,0,0,0
2019-10-27 00:00,18,4,14,0,0,0
2019-10-27 00:15,26,4,22,0,0,0
2019-10-27 00:30,20,3,17,0,0,0
2019-10-27 00:45,26,8,18,0,0,0
2019-10-27 01:00,17,6,11,0,0,0
2019-10-27 01:15,12,3,9,0,0,0
2019-10-27 01:30,8,2,6,0,0,0
2019-10-27 01:45,22,6,16,0,0,0
2019-10-27 02:00,14,2,12,0,0,0
2019-10-27 02:15,19,5,14,0,0,0
2019-10-27 02:30,14,1,13,0,0,0
2019-10-27 02:45,12,3,9,0,0,0
2019-10-27 03:00,5,0,5,0,0,0
2019-10-27 03:15,7,0,7,0,0,0
2019-10-27 03:30,10,2,8,0,0,0
2019-10-27 03:45,1,0,1,0,0,0
2019-10-27 04:00,1,0,1,0,0,0
2019-10-27 04:15,1,0,1,0,0,0
2019-10-27 04:30,0,0,0,0,0,0
2019-10-27 04:45,1,0,1,0,0,0
2019-10-27 05:00,0,0,0,0,0,0
2019-10-27 05:15,5,1,4,0,0,0
2019-10-27 05:30,5,1,4,0,0,0
2019-10-27 05:45,3,0,3,0,0,0
2019-10-27 06:00,4,0,4,0,0,0
2019-10-27 06:15,2,2,0,0,0,0
2019-10-27 06:30,5,2,3,0,0,0
2019-10-27 06:45,4,2,2,0,0,0
2019-10-27 07:00,4,0,4,0,0,0
2019-10-27 07:15,4,3,1,0,0,0
2019-10-27 07:30,4,3,1,0,0,0
2019-10-27 07:45,7,4,3,0,0,0
2019-10-27 08:00,8,7,1,0,0,0
2019-10-27 08:15,15,11,4,0,0,0
2019-10-27 08:30,14,10,4,0,0,0
2019-10-27 08:45,10,6,4,0,0,0
2019-10-27 09:00,13,3,10,0,0,0
2019-10-27 09:15,29,12,17,0,0,0
2019-10-27 09:30,30,16,14,0,0,0
2019-10-27 09:45,49,32,17,0,0,0
2019-10-27 10:00,25,16,9,0,0,0
2019-10-27 10:15,27,13,14,0,0,0
2019-10-27 10:30,30,14,16,0,0,0
2019-10-27 10:45,40,26,14,0,0,0
2019-10-27 11:00,25,19,6,0,0,0
2019-10-27 11:15,60,41,19,0,0,0
2019-10-27 11:30,53,27,26,0,0,0
2019-10-27 11:45,46,28,18,0,0,0
2019-10-27 12:00,61,33,28,0,0,0
2019-10-27 12:15,43,24,19,0,0,0
2019-10-27 12:30,62,18,44,0,0,0
2019-10-27 12:45,76,40,36,0,0,0
2019-10-27 13:00,51,22,29,0,0,0
2019-10-27 13:15,58,42,16,0,0,0
2019-10-27 13:30,52,24,28,0,0,0
2019-10-27 13:45,63,29,34,0,0,0
2019-10-27 14:00,49,19,30,0,0,0
2019-10-27 14:15,73,38,35,0,0,0
2019-10-27 14:30,81,40,41,0,0,0
2019-10-27 14:45,96,47,49,0,0,0
2019-10-27 15:00,82,47,35,0,0,0
2019-10-27 15:15,48,28,20,0,0,0
2019-10-27 15:30,65,36,29,0,0,0
2019-10-27 15:45,83,42,41,0,0,0
2019-10-27 16:00,91,36,55,0,0,0
2019-10-27 16:15,86,47,39,0,0,0
2019-10-27 16:30,62,24,38,0,0,0
2019-10-27 16:45,67,21,46,0,0,0
2019-10-27 17:00,61,26,35,0,0,0
2019-10-27 17:15,78,39,39,0,0,0
2019-10-27 17:30,66,25,41,0,0,0
2019-10-27 17:45,82,30,52,0,0,0
2019-10-27 18:00,69,25,44,0,0,0
2019-10-27 18:15,40,8,32,0,0,0
2019-10-27 18:30,48,15,33,0,0,0
2019-10-27 18:45,35,18,17,0,0,0
2019-10-27 19:00,35,12,23,0,0,0
2019-10-27 19:15,51,13,38,0,0,0
2019-10-27 19:30,55,15,40,0,0,0
2019-10-27 19:45,45,18,27,0,0,0
2019-10-27 20:00,41,9,32,0,0,0
2019-10-27 20:15,34,8,26,0,0,0
2019-10-27 20:30,33,9,24,0,0,0
2019-10-27 20:45,20,6,14,0,0,0
2019-10-27 21:00,17,7,10,0,0,0
2019-10-27 21:15,16,7,9,0,0,0
2019-10-27 21:30,19,3,16,0,0,0
2019-10-27 21:45,27,14,13,0,0,0
2019-10-27 22:00,24,11,13,0,0,0
2019-10-27 22:15,13,7,6,0,0,0
2019-10-27 22:30,18,4,14,0,0,0
2019-10-27 22:45,15,10,5,0,0,0
2019-10-27 23:00,11,3,8,0,0,0
2019-10-27 23:15,10,3,7,0,0,0
2019-10-27 23:30,6,0,6,0,0,0
2019-10-27 23:45,11,5,6,0,0,0
2019-10-28 00:00,4,1,3,0,0,0
2019-10-28 00:15,3,2,1,0,0,0
2019-10-28 00:30,0,0,0,0,0,0
2019-10-28 00:45,2,1,1,0,0,0
2019-10-28 01:00,6,0,6,0,0,0
2019-10-28 01:15,0,0,0,0,0,0
2019-10-28 01:30,0,0,0,0,0,0
2019-10-28 01:45,1,1,0,0,0,0
2019-10-28 02:00,1,0,1,0,0,0
2019-10-28 02:15,2,0,2,0,0,0
2019-10-28 02:30,2,0,2,0,0,0
2019-10-28 02:45,2,0,2,0,0,0
2019-10-28 03:00,0,0,0,0,0,0
2019-10-28 03:15,0,0,0,0,0,0
2019-10-28 03:30,3,1,2,0,0,0
2019-10-28 03:45,0,0,0,0,0,0
2019-10-28 04:00,0,0,0,0,0,0
2019-10-28 04:15,0,0,0,0,0,0
2019-10-28 04:30,0,0,0,0,0,0
2019-10-28 04:45,1,1,0,0,0,0
2019-10-28 05:00,2,0,2,0,0,0
2019-10-28 05:15,2,1,1,0,0,0
2019-10-28 05:30,18,6,12,0,0,0
2019-10-28 05:45,12,6,6,0,0,0
2019-10-28 06:00,7,3,4,0,0,0
2019-10-28 06:15,18,9,9,0,0,0
2019-10-28 06:30,44,18,26,0,0,0
2019-10-28 06:45,53,25,28,0,0,0
2019-10-28 07:00,84,28,56,0,0,0
2019-10-28 07:15,148,84,64,0,0,0
2019-10-28 07:30,275,174,101,0,0,0
2019-10-28 07:45,275,100,175,0,0,0
2019-10-28 08:00,272,80,192,0,0,0
2019-10-28 08:15,207,71,136,0,0,0
2019-10-28 08:30,136,61,75,0,0,0
2019-10-28 08:45,160,64,96,0,0,0
2019-10-28 09:00,163,48,115,0,0,0
2019-10-28 09:15,88,46,42,0,0,0
2019-10-28 09:30,105,45,60,0,0,0
2019-10-28 09:45,198,84,114,0,0,0
2019-10-28 10:00,270,144,126,0,0,0
2019-10-28 10:15,84,47,37,0,0,0
2019-10-28 10:30,71,41,30,0,0,0
2019-10-28 10:45,87,36,51,0,0,0
2019-10-28 11:00,92,43,49,0,0,0
2019-10-28 11:15,86,41,45,0,0,0
2019-10-28 11:30,96,35,61,0,0,0
2019-10-28 11:45,313,121,192,0,0,0
2019-10-28 12:00,225,116,109,0,0,0
2019-10-28 12:15,126,52,74,0,0,0
2019-10-28 12:30,141,42,99,0,0,0
2019-10-28 12:45,127,53,74,0,0,0
2019-10-28 13:00,137,80,57,0,0,0
2019-10-28 13:15,138,62,76,0,0,0
2019-10-28 13:30,106,37,69,0,0,0
2019-10-28 13:45,263,123,140,0,0,0
2019-10-28 14:00,228,91,137,0,0,0
2019-10-28 14:15,160,89,71,0,0,0
2019-10-28 14:30,138,61,77,0,0,0
2019-10-28 14:45,155,54,101,0,0,0
2019-10-28 15:00,107,47,60,0,0,0
2019-10-28 15:15,116,75,41,0,0,0
2019-10-28 15:30,182,70,112,0,0,0
2019-10-28 15:45,371,190,181,0,0,0
2019-10-28 16:00,279,135,144,0,0,0
2019-10-28 16:15,159,72,87,0,0,0
2019-10-28 16:30,147,66,81,0,0,0
2019-10-28 16:45,184,109,75,0,0,0
2019-10-28 17:00,176,97,79,0,0,0
2019-10-28 17:15,160,88,72,0,0,0
2019-10-28 17:30,192,99,93,0,0,0
2019-10-28 17:45,347,213,134,0,0,0
2019-10-28 18:00,198,110,88,0,0,0
2019-10-28 18:15,124,58,66,0,0,0
2019-10-28 18:30,99,47,52,0,0,0
2019-10-28 18:45,108,59,49,0,0,0
2019-10-28 19:00,94,43,51,0,0,0
2019-10-28 19:15,87,41,46,0,0,0
2019-10-28 19:30,77,33,44,0,0,0
2019-10-28 19:45,139,64,75,0,0,0
2019-10-28 20:00,98,43,55,0,0,0
2019-10-28 20:15,47,12,35,0,0,0
2019-10-28 20:30,48,12,36,0,0,0
2019-10-28 20:45,48,14,34,0,0,0
2019-10-28 21:00,40,12,28,0,0,0
2019-10-28 21:15,34,10,24,0,0,0
2019-10-28 21:30,59,18,41,0,0,0
2019-10-28 21:45,38,5,33,0,0,0
2019-10-28 22:00,34,11,23,0,0,0
2019-10-28 22:15,35,9,26,0,0,0
2019-10-28 22:30,24,7,17,0,0,0
2019-10-28 22:45,23,2,21,0,0,0
2019-10-28 23:00,18,8,10,0,0,0
2019-10-28 23:15,16,2,14,0,0,0
2019-10-28 23:30,13,3,10,0,0,0
2019-10-28 23:45,8,2,6,0,0,0
2019-10-29 00:00,8,2,6,0,0,0
2019-10-29 00:15,5,0,5,0,0,0
2019-10-29 00:30,7,6,1,0,0,0
2019-10-29 00:45,4,1,3,0,0,0
2019-10-29 01:00,8,3,5,0,0,0
2019-10-29 01:15,1,1,0,0,0,0
2019-10-29 01:30,2,0,2,0,0,0
2019-10-29 01:45,0,0,0,0,0,0
2019-10-29 02:00,1,0,1,0,0,0
2019-10-29 02:15,0,0,0,0,0,0
2019-10-29 02:30,0,0,0,0,0,0
2019-10-29 02:45,1,1,0,0,0,0
2019-10-29 03:00,0,0,0,0,0,0
2019-10-29 03:15,2,0,2,0,0,0
2019-10-29 03:30,3,1,2,0,0,0
2019-10-29 03:45,0,0,0,0,0,0
2019-10-29 04:00,0,0,0,0,0,0
2019-10-29 04:15,0,0,0,0,0,0
2019-10-29 04:30,1,1,0,0,0,0
2019-10-29 04:45,6,2,4,0,0,0
2019-10-29 05:00,0,0,0,0,0,0
2019-10-29 05:15,6,3,3,0,0,0
2019-10-29 05:30,15,5,10,0,0,0
2019-10-29 05:45,15,4,11,0,0,0
2019-10-29 06:00,6,1,5,0,0,0
2019-10-29 06:15,15,6,9,0,0,0
2019-10-29 06:30,53,20,33,0,0,0
2019-10-29 06:45,41,16,25,0,0,0
2019-10-29 07:00,77,23,54,0,0,0
2019-10-29 07:15,119,58,61,0,0,0
2019-10-29 07:30,291,170,121,0,0,0
2019-10-29 07:45,328,132,196,0,0,0
2019-10-29 08:00,364,110,254,0,0,0
2019-10-29 08:15,171,76,95,0,0,0
2019-10-29 08:30,119,48,71,0,0,0
2019-10-29 08:45,202,87,115,0,0,0
2019-10-29 09:00,182,68,114,0,0,0
2019-10-29 09:15,118,50,68,0,0,0
2019-10-29 09:30,133,65,68,0,0,0
2019-10-29 09:45,274,94,180,0,0,0
2019-10-29 10:00,300,118,182,0,0,0
2019-10-29 10:15,98,47,51,0,0,0
2019-10-29 10:30,79,32,47,0,0,0
2019-10-29 10:45,83,33,50,0,0,0
2019-10-29 11:00,114,44,70,0,0,0
2019-10-29 11:15,99,53,46,0,0,0
2019-10-29 11:30,127,68,59,0,0,0
2019-10-29 11:45,359,183,176,0,0,0
2019-10-29 12:00,307,166,141,0,0,0
2019-10-29 12:15,159,62,97,0,0,0
2019-10-29 12:30,123,51,72,0,0,0
2019-10-29 12:45,109,48,61,0,0,0
2019-10-29 13:00,182,59,123,0,0,0
2019-10-29 13:15,134,44,90,0,0,0
2019-10-29 13:30,144,63,81,0,0,0
2019-10-29 13:45,364,163,201,0,0,0
2019-10-29 14:00,240,120,120,0,0,0
2019-10-29 14:15,115,60,55,0,0,0
2019-10-29 14:30,128,56,72,0,0,0
2019-10-29 14:45,161,81,80,0,0,0
2019-10-29 15:00,127,59,68,0,0,0
2019-10-29 15:15,147,94,53,0,0,0
2019-10-29 15:30,197,100,97,0,0,0
2019-10-29 15:45,310,151,159,0,0,0
2019-10-29 16:00,260,149,111,0,0,0
2019-10-29 16:15,149,88,61,0,0,0
2019-10-29 16:30,161,95,66,0,0,0
2019-10-29 16:45,180,95,85,0,0,0
2019-10-29 17:00,154,83,71,0,0,0
2019-10-29 17:15,152,91,61,0,0,0
2019-10-29 17:30,166,75,91,0,0,0
2019-10-29 17:45,292,162,130,0,0,0
2019-10-29 18:00,242,125,117,0,0,0
2019-10-29 18:15,176,86,90,0,0,0
2019-10-29 18:30,134,55,79,0,0,0
2019-10-29 18:45,107,33,74,0,0,0
2019-10-29 19:00,101,32,69,0,0,0
2019-10-29 19:15,122,54,68,0,0,0
2019-10-29 19:30,107,47,60,0,0,0
2019-10-29 19:45,127,65,62,0,0,0
2019-10-29 20:00,101,43,58,0,0,0
2019-10-29 20:15,79,21,58,0,0,0
2019-10-29 20:30,39,14,25,0,0,0
2019-10-29 20:45,59,19,40,0,0,0
2019-10-29 21:00,51,26,25,0,0,0
2019-10-29 21:15,47,26,21,0,0,0
2019-10-29 21:30,36,17,19,0,0,0
2019-10-29 21:45,53,16,37,0,0,0
2019-10-29 22:00,61,13,48,0,0,0
2019-10-29 22:15,35,7,28,0,0,0
2019-10-29 22:30,46,13,33,0,0,0
2019-10-29 22:45,30,5,25,0,0,0
2019-10-29 23:00,26,4,22,0,0,0
2019-10-29 23:15,12,1,11,0,0,0
2019-10-29 23:30,21,10,11,0,0,0
2019-10-29 23:45,17,3,14,0,0,0
2019-10-30 00:00,15,7,8,0,0,0
2019-10-30 00:15,11,0,11,0,0,0
2019-10-30 00:30,5,2,3,0,0,0
2019-10-30 00:45,2,1,1,0,0,0
2019-10-30 01:00,8,0,8,0,0,0
2019-10-30 01:15,3,0,3,0,0,0
2019-10-30 01:30,4,1,3,0,0,0
2019-10-30 01:45,6,0,6,0,0,0
2019-10-30 02:00,5,1,4,0,0,0
2019-10-30 02:15,2,0,2,0,0,0
2019-10-30 02:30,1,0,1,0,0,0
2019-10-30 02:45,1,1,0,0,0,0
2019-10-30 03:00,0,0,0,0,0,0
2019-10-30 03:15,9,2,7,0,0,0
2019-10-30 03:30,1,0,1,0,0,0
2019-10-30 03:45,0,0,0,0,0,0
2019-10-30 04:00,0,0,0,0,0,0
2019-10-30 04:15,1,0,1,0,0,0
2019-10-30 04:30,0,0,0,0,0,0
2019-10-30 04:45,1,0,1,0,0,0
2019-10-30 05:00,1,0,1,0,0,0
2019-10-30 05:15,0,0,0,0,0,0
2019-10-30 05:30,14,6,8,0,0,0
2019-10-30 05:45,18,8,10,0,0,0
2019-10-30 06:00,5,3,2,0,0,0
2019-10-30 06:15,23,11,12,0,0,0
2019-10-30 06:30,45,23,22,0,0,0
2019-10-30 06:45,43,22,21,0,0,0
2019-10-30 07:00,84,37,47,0,0,0
2019-10-30 07:15,96,45,51,0,0,0
2019-10-30 07:30,239,163,76,0,0,0
2019-10-30 07:45,300,108,192,0,0,0
2019-10-30 08:00,341,82,259,0,0,0
2019-10-30 08:15,223,74,149,0,0,0
2019-10-30 08:30,132,61,71,0,0,0
2019-10-30 08:45,181,73,108,0,0,0
2019-10-30 09:00,158,59,99,0,0,0
2019-10-30 09:15,130,69,61,0,0,0
2019-10-30 09:30,141,60,81,0,0,0
2019-10-30 09:45,291,125,166,0,0,0
2019-10-30 10:00,260,103,157,0,0,0
2019-10-30 10:15,127,75,52,0,0,0
2019-10-30 10:30,98,35,63,0,0,0
2019-10-30 10:45,114,55,59,0,0,0
2019-10-30 11:00,83,34,49,0,0,0
2019-10-30 11:15,94,43,51,0,0,0
2019-10-30 11:30,136,72,64,0,0,0
2019-10-30 11:45,265,122,143,0,0,0
2019-10-30 12:00,250,118,132,0,0,0
2019-10-30 12:15,186,98,88,0,0,0
2019-10-30 12:30,160,66,94,0,0,0
2019-10-30 12:45,171,76,95,0,0,0
2019-10-30 13:00,173,79,94,0,0,0
2019-10-30 13:15,186,69,117,0,0,0
2019-10-30 13:30,167,78,89,0,0,0
2019-10-30 13:45,324,159,165,0,0,0
2019-10-30 14:00,233,114,119,0,0,0
2019-10-30 14:15,135,63,72,0,0,0
2019-10-30 14:30,120,53,67,0,0,0
2019-10-30 14:45,133,58,75,0,0,0
2019-10-30 15:00,144,58,86,0,0,0
2019-10-30 15:15,148,74,74,0,0,0
2019-10-30 15:30,230,112,118,0,0,0
2019-10-30 15:45,303,115,188,0,0,0
2019-10-30 16:00,223,116,107,0,0,0
2019-10-30 16:15,181,95,86,0,0,0
2019-10-30 16:30,145,77,68,0,0,0
2019-10-30 16:45,182,103,79,0,0,0
2019-10-30 17:00,148,71,77,0,0,0
2019-10-30 17:15,176,90,86,0,0,0
2019-10-30 17:30,189,109,80,0,0,0
2019-10-30 17:45,273,141,132,0,0,0
2019-10-30 18:00,190,94,96,0,0,0
2019-10-30 18:15,139,70,69,0,0,0
2019-10-30 18:30,86,36,50,0,0,0
2019-10-30 18:45,136,72,64,0,0,0
2019-10-30 19:00,92,43,49,0,0,0
2019-10-30 19:15,111,57,54,0,0,0
2019-10-30 19:30,104,43,61,0,0,0
2019-10-30 19:45,126,62,64,0,0,0
2019-10-30 20:00,80,32,48,0,0,0
2019-10-30 20:15,70,23,47,0,0,0
2019-10-30 20:30,62,24,38,0,0,0
2019-10-30 20:45,68,22,46,0,0,0
2019-10-30 21:00,71,23,48,0,0,0
2019-10-30 21:15,46,17,29,0,0,0
2019-10-30 21:30,30,8,22,0,0,0
2019-10-30 21:45,50,11,39,0,0,0
2019-10-30 22:00,52,19,33,0,0,0
2019-10-30 22:15,39,7,32,0,0,0
2019-10-30 22:30,32,4,28,0,0,0
2019-10-30 22:45,32,6,26,0,0,0
2019-10-30 23:00,23,3,20,0,0,0
2019-10-30 23:15,23,0,23,0,0,0
2019-10-30 23:30,11,0,11,0,0,0
2019-10-30 23:45,15,4,11,0,0,0
2019-10-31 00:00,9,0,9,0,0,0
2019-10-31 00:15,11,3,8,0,0,0
2019-10-31 00:30,3,1,2,0,0,0
2019-10-31 00:45,10,3,7,0,0,0
2019-10-31 01:00,5,4,1,0,0,0
2019-10-31 01:15,4,3,1,0,0,0
2019-10-31 01:30,8,3,5,0,0,0
2019-10-31 01:45,1,1,0,0,0,0
2019-10-31 02:00,4,0,4,0,0,0
2019-10-31 02:15,2,1,1,0,0,0
2019-10-31 02:30,2,1,1,0,0,0
2019-10-31 02:45,6,0,6,0,0,0
2019-10-31 03:00,3,0,3,0,0,0
2019-10-31 03:15,1,0,1,0,0,0
2019-10-31 03:30,7,4,3,0,0,0
2019-10-31 03:45,1,1,0,0,0,0
2019-10-31 04:00,2,0,2,0,0,0
2019-10-31 04:15,1,0,1,0,0,0
2019-10-31 04:30,2,0,2,0,0,0
2019-10-31 04:45,2,1,1,0,0,0
2019-10-31 05:00,3,1,2,0,0,0
2019-10-31 05:15,2,1,1,0,0,0
2019-10-31 05:30,14,7,7,0,0,0
2019-10-31 05:45,8,4,4,0,0,0
2019-10-31 06:00,5,2,3,0,0,0
2019-10-31 06:15,22,13,9,0,0,0
2019-10-31 06:30,36,9,27,0,0,0
2019-10-31 06:45,42,18,24,0,0,0
2019-10-31 07:00,52,15,37,0,0,0
2019-10-31 07:15,99,44,55,0,0,0
2019-10-31 07:30,244,146,98,0,0,0
2019-10-31 07:45,257,78,179,0,0,0
2019-10-31 08:00,288,64,224,0,0,0
2019-10-31 08:15,168,77,91,0,0,0
2019-10-31 08:30,115,41,74,0,0,0
2019-10-31 08:45,154,59,95,0,0,0
2019-10-31 09:00,149,60,89,0,0,0
2019-10-31 09:15,91,39,52,0,0,0
2019-10-31 09:30,108,49,59,0,0,0
2019-10-31 09:45,224,104,120,0,0,0
2019-10-31 10:00,301,140,161,0,0,0
2019-10-31 10:15,96,53,43,0,0,0
2019-10-31 10:30,74,36,38,0,0,0
2019-10-31 10:45,69,36,33,0,0,0
2019-10-31 11:00,82,23,59,0,0,0
2019-10-31 11:15,85,40,45,0,0,0
2019-10-31 11:30,115,43,72,0,0,0
2019-10-31 11:45,256,124,132,0,0,0
2019-10-31 12:00,199,107,92,0,0,0
2019-10-31 12:15,113,48,65,0,0,0
2019-10-31 12:30,120,43,77,0,0,0
2019-10-31 12:45,130,59,71,0,0,0
2019-10-31 13:00,159,60,99,0,0,0
2019-10-31 13:15,133,58,75,0,0,0
2019-10-31 13:30,142,59,83,0,0,0
2019-10-31 13:45,273,123,150,0,0,0
2019-10-31 14:00,279,123,156,0,0,0
2019-10-31 14:15,151,77,74,0,0,0
2019-10-31 14:30,127,63,64,0,0,0
2019-10-31 14:45,127,70,57,0,0,0
2019-10-31 15:00,137,69,68,0,0,0
2019-10-31 15:15,156,76,80,0,0,0
2019-10-31 15:30,164,77,87,0,0,0
2019-10-31 15:45,266,168,98,0,0,0
2019-10-31 16:00,239,134,105,0,0,0
2019-10-31 16:15,171,83,88,0,0,0
2019-10-31 16:30,162,91,71,0,0,0
2019-10-31 16:45,151,81,70,0,0,0
2019-10-31 17:00,139,63,76,0,0,0
2019-10-31 17:15,126,54,72,0,0,0
2019-10-31 17:30,154,77,77,0,0,0
2019-10-31 17:45,196,110,86,0,0,0
2019-10-31 18:00,142,76,66,0,0,0
2019-10-31 18:15,116,46,70,0,0,0
2019-10-31 18:30,103,42,61,0,0,0
2019-10-31 18:45,85,34,51,0,0,0
2019-10-31 19:00,91,46,45,0,0,0
2019-10-31 19:15,87,48,39,0,0,0
2019-10-31 19:30,77,27,50,0,0,0
2019-10-31 19:45,100,41,59,0,0,0
2019-10-31 20:00,71,22,49,0,0,0
2019-10-31 20:15,57,28,29,0,0,0
2019-10-31 20:30,43,18,25,0,0,0
2019-10-31 20:45,48,21,27,0,0,0
2019-10-31 21:00,56,22,34,0,0,0
2019-10-31 21:15,40,15,25,0,0,0
2019-10-31 21:30,36,11,25,0,0,0
2019-10-31 21:45,43,28,15,0,0,0
2019-10-31 22:00,38,11,27,0,0,0
2019-10-31 22:15,35,19,16,0,0,0
2019-10-31 22:30,41,17,24,0,0,0
2019-10-31 22:45,21,7,14,0,0,0
2019-10-31 23:00,38,11,27,0,0,0
2019-10-31 23:15,8,0,8,0,0,0
2019-10-31 23:30,21,4,17,0,0,0
2019-10-31 23:45,26,16,10,0,0,0
