Datetime,100034982 (Hüfferstraße),101034982 (Hüfferstraße stadteinwärts),102034982 (Hüfferstraße stadtauswärts),100034982-status,101034982-status,102034982-status
2020-01-01 00:00,1,1,0,0,0,0
2020-01-01 00:15,9,0,9,0,0,0
2020-01-01 00:30,4,2,2,0,0,0
2020-01-01 00:45,32,2,30,0,0,0
2020-01-01 01:00,18,9,9,0,0,0
2020-01-01 01:15,17,8,9,0,0,0
2020-01-01 01:30,9,4,5,0,0,0
2020-01-01 01:45,12,1,11,0,0,0
2020-01-01 02:00,13,7,6,0,0,0
2020-01-01 02:15,27,10,17,0,0,0
2020-01-01 02:30,12,2,10,0,0,0
2020-01-01 02:45,21,8,13,0,0,0
2020-01-01 03:00,14,5,9,0,0,0
2020-01-01 03:15,17,6,11,0,0,0
2020-01-01 03:30,19,8,11,0,0,0
2020-01-01 03:45,13,2,11,0,0,0
2020-01-01 04:00,17,6,11,0,0,0
2020-01-01 04:15,16,2,14,0,0,0
2020-01-01 04:30,11,4,7,0,0,0
2020-01-01 04:45,13,2,11,0,0,0
2020-01-01 05:00,13,0,13,0,0,0
2020-01-01 05:15,4,0,4,0,0,0
2020-01-01 05:30,22,8,14,0,0,0
2020-01-01 05:45,14,4,10,0,0,0
2020-01-01 06:00,11,3,8,0,0,0
2020-01-01 06:15,8,2,6,0,0,0
2020-01-01 06:30,3,3,0,0,0,0
2020-01-01 06:45,3,1,2,0,0,0
2020-01-01 07:00,5,1,4,0,0,0
2020-01-01 07:15,1,1,0,0,0,0
2020-01-01 07:30,0,0,0,0,0,0
2020-01-01 07:45,6,1,5,0,0,0
2020-01-01 08:00,1,0,1,0,0,0
2020-01-01 08:15,0,0,0,0,0,0
2020-01-01 08:30,6,2,4,0,0,0
2020-01-01 08:45,1,1,0,0,0,0
2020-01-01 09:00,2,1,1,0,0,0
2020-01-01 09:15,4,2,2,0,0,0
2020-01-01 09:30,3,1,2,0,0,0
2020-01-01 09:45,1,0,1,0,0,0
2020-01-01 10:00,6,2,4,0,0,0
2020-01-01 10:15,1,0,1,0,0,0
2020-01-01 10:30,2,1,1,0,0,0
2020-01-01 10:45,4,2,2,0,0,0
2020-01-01 11:00,4,3,1,0,0,0
2020-01-01 11:15,9,4,5,0,0,0
2020-01-01 11:30,11,9,2,0,0,0
2020-01-01 11:45,7,3,4,0,0,0
2020-01-01 12:00,5,2,3,0,0,0
2020-01-01 12:15,19,13,6,0,0,0
2020-01-01 12:30,25,12,13,0,0,0
2020-01-01 12:45,8,5,3,0,0,0
2020-01-01 13:00,8,6,2,0,0,0
2020-01-01 13:15,7,3,4,0,0,0
2020-01-01 13:30,9,5,4,0,0,0
2020-01-01 13:45,23,10,13,0,0,0
2020-01-01 14:00,15,9,6,0,0,0
2020-01-01 14:15,20,11,9,0,0,0
2020-01-01 14:30,20,9,11,0,0,0
2020-01-01 14:45,24,10,14,0,0,0
2020-01-01 15:00,14,4,10,0,0,0
2020-01-01 15:15,21,7,14,0,0,0
2020-01-01 15:30,9,2,7,0,0,0
2020-01-01 15:45,24,13,11,0,0,0
2020-01-01 16:00,22,7,15,0,0,0
2020-01-01 16:15,24,12,12,0,0,0
2020-01-01 16:30,21,7,14,0,0,0
2020-01-01 16:45,11,3,8,0,0,0
2020-01-01 17:00,17,5,12,0,0,0
2020-01-01 17:15,10,7,3,0,0,0
2020-01-01 17:30,15,1,14,0,0,0
2020-01-01 17:45,17,2,15,0,0,0
2020-01-01 18:00,8,6,2,0,0,0
2020-01-01 18:15,21,16,5,0,0,0
2020-01-01 18:30,8,2,6,0,0,0
2020-01-01 18:45,4,4,0,0,0,0
2020-01-01 19:00,13,7,6,0,0,0
2020-01-01 19:15,17,4,13,0,0,0
2020-01-01 19:30,11,6,5,0,0,0
2020-01-01 19:45,7,2,5,0,0,0
2020-01-01 20:00,8,4,4,0,0,0
2020-01-01 20:15,17,5,12,0,0,0
2020-01-01 20:30,7,4,3,0,0,0
2020-01-01 20:45,7,3,4,0,0,0
2020-01-01 21:00,16,8,8,0,0,0
2020-01-01 21:15,1,1,0,0,0,0
2020-01-01 21:30,4,1,3,0,0,0
2020-01-01 21:45,3,0,3,0,0,0
2020-01-01 22:00,6,2,4,0,0,0
2020-01-01 22:15,2,2,0,0,0,0
2020-01-01 22:30,7,4,3,0,0,0
2020-01-01 22:45,5,1,4,0,0,0
2020-01-01 23:00,2,2,0,0,0,0
2020-01-01 23:15,2,2,0,0,0,0
2020-01-01 23:30,1,0,1,0,0,0
2020-01-01 23:45,1,0,1,0,0,0
2020-01-02 00:00,2,1,1,0,0,0
2020-01-02 00:15,0,0,0,0,0,0
2020-01-02 00:30,1,1,0,0,0,0
2020-01-02 00:45,2,1,1,0,0,0
2020-01-02 01:00,3,1,2,0,0,0
2020-01-02 01:15,0,0,0,0,0,0
2020-01-02 01:30,2,2,0,0,0,0
2020-01-02 01:45,0,0,0,0,0,0
2020-01-02 02:00,2,1,1,0,0,0
2020-01-02 02:15,0,0,0,0,0,0
2020-01-02 02:30,0,0,0,0,0,0
2020-01-02 02:45,1,1,0,0,0,0
2020-01-02 03:00,0,0,0,0,0,0
2020-01-02 03:15,0,0,0,0,0,0
2020-01-02 03:30,0,0,0,0,0,0
2020-01-02 03:45,0,0,0,0,0,0
2020-01-02 04:00,0,0,0,0,0,0
2020-01-02 04:15,0,0,0,0,0,0
2020-01-02 04:30,0,0,0,0,0,0
2020-01-02 04:45,1,1,0,0,0,0
2020-01-02 05:00,1,1,0,0,0,0
2020-01-02 05:15,0,0,0,0,0,0
2020-01-02 05:30,5,3,2,0,0,0
2020-01-02 05:45,9,2,7,0,0,0
2020-01-02 06:00,1,0,1,0,0,0
2020-01-02 06:15,12,7,5,0,0,0
2020-01-02 06:30,25,7,18,0,0,0
2020-01-02 06:45,27,8,19,0,0,0
2020-01-02 07:00,37,13,24,0,0,0
2020-01-02 07:15,40,18,22,0,0,0
2020-01-02 07:30,38,15,23,0,0,0
2020-01-02 07:45,61,21,40,0,0,0
2020-01-02 08:00,49,21,28,0,0,0
2020-01-02 08:15,46,21,25,0,0,0
2020-01-02 08:30,41,23,18,0,0,0
2020-01-02 08:45,35,17,18,0,0,0
2020-01-02 09:00,38,21,17,0,0,0
2020-01-02 09:15,32,17,15,0,0,0
2020-01-02 09:30,27,16,11,0,0,0
2020-01-02 09:45,45,31,14,0,0,0
2020-01-02 10:00,26,16,10,0,0,0
2020-01-02 10:15,28,25,3,0,0,0
2020-01-02 10:30,29,16,13,0,0,0
2020-01-02 10:45,37,18,19,0,0,0
2020-01-02 11:00,30,20,10,0,0,0
2020-01-02 11:15,31,11,20,0,0,0
2020-01-02 11:30,51,27,24,0,0,0
2020-01-02 11:45,55,31,24,0,0,0
2020-01-02 12:00,33,18,15,0,0,0
2020-01-02 12:15,51,28,23,0,0,0
2020-01-02 12:30,32,10,22,0,0,0
2020-01-02 12:45,50,21,29,0,0,0
2020-01-02 13:00,48,25,23,0,0,0
2020-01-02 13:15,48,24,24,0,0,0
2020-01-02 13:30,45,14,31,0,0,0
2020-01-02 13:45,61,35,26,0,0,0
2020-01-02 14:00,55,31,24,0,0,0
2020-01-02 14:15,43,28,15,0,0,0
2020-01-02 14:30,44,20,24,0,0,0
2020-01-02 14:45,48,20,28,0,0,0
2020-01-02 15:00,52,23,29,0,0,0
2020-01-02 15:15,63,34,29,0,0,0
2020-01-02 15:30,55,30,25,0,0,0
2020-01-02 15:45,58,28,30,0,0,0
2020-01-02 16:00,67,43,24,0,0,0
2020-01-02 16:15,76,46,30,0,0,0
2020-01-02 16:30,65,27,38,0,0,0
2020-01-02 16:45,56,26,30,0,0,0
2020-01-02 17:00,83,34,49,0,0,0
2020-01-02 17:15,67,30,37,0,0,0
2020-01-02 17:30,87,32,55,0,0,0
2020-01-02 17:45,42,17,25,0,0,0
2020-01-02 18:00,55,19,36,0,0,0
2020-01-02 18:15,59,15,44,0,0,0
2020-01-02 18:30,34,8,26,0,0,0
2020-01-02 18:45,46,19,27,0,0,0
2020-01-02 19:00,44,19,25,0,0,0
2020-01-02 19:15,31,8,23,0,0,0
2020-01-02 19:30,35,17,18,0,0,0
2020-01-02 19:45,23,8,15,0,0,0
2020-01-02 20:00,30,7,23,0,0,0
2020-01-02 20:15,21,9,12,0,0,0
2020-01-02 20:30,17,4,13,0,0,0
2020-01-02 20:45,11,0,11,0,0,0
2020-01-02 21:00,11,6,5,0,0,0
2020-01-02 21:15,22,8,14,0,0,0
2020-01-02 21:30,15,1,14,0,0,0
2020-01-02 21:45,11,2,9,0,0,0
2020-01-02 22:00,13,5,8,0,0,0
2020-01-02 22:15,6,0,6,0,0,0
2020-01-02 22:30,11,5,6,0,0,0
2020-01-02 22:45,10,1,9,0,0,0
2020-01-02 23:00,6,4,2,0,0,0
2020-01-02 23:15,7,3,4,0,0,0
2020-01-02 23:30,3,0,3,0,0,0
2020-01-02 23:45,7,2,5,0,0,0
2020-01-03 00:00,7,2,5,0,0,0
2020-01-03 00:15,1,0,1,0,0,0
2020-01-03 00:30,4,1,3,0,0,0
2020-01-03 00:45,0,0,0,0,0,0
2020-01-03 01:00,1,1,0,0,0,0
2020-01-03 01:15,2,1,1,0,0,0
2020-01-03 01:30,1,0,1,0,0,0
2020-01-03 01:45,2,2,0,0,0,0
2020-01-03 02:00,1,0,1,0,0,0
2020-01-03 02:15,0,0,0,0,0,0
2020-01-03 02:30,1,0,1,0,0,0
2020-01-03 02:45,0,0,0,0,0,0
2020-01-03 03:00,3,1,2,0,0,0
2020-01-03 03:15,0,0,0,0,0,0
2020-01-03 03:30,0,0,0,0,0,0
2020-01-03 03:45,0,0,0,0,0,0
2020-01-03 04:00,0,0,0,0,0,0
2020-01-03 04:15,0,0,0,0,0,0
2020-01-03 04:30,1,1,0,0,0,0
2020-01-03 04:45,1,0,1,0,0,0
2020-01-03 05:00,0,0,0,0,0,0
2020-01-03 05:15,0,0,0,0,0,0
2020-01-03 05:30,6,4,2,0,0,0
2020-01-03 05:45,8,2,6,0,0,0
2020-01-03 06:00,6,2,4,0,0,0
2020-01-03 06:15,12,6,6,0,0,0
2020-01-03 06:30,19,5,14,0,0,0
2020-01-03 06:45,40,15,25,0,0,0
2020-01-03 07:00,34,14,20,0,0,0
2020-01-03 07:15,40,14,26,0,0,0
2020-01-03 07:30,38,12,26,0,0,0
2020-01-03 07:45,64,23,41,0,0,0
2020-01-03 08:00,46,22,24,0,0,0
2020-01-03 08:15,50,19,31,0,0,0
2020-01-03 08:30,36,18,18,0,0,0
2020-01-03 08:45,54,29,25,0,0,0
2020-01-03 09:00,36,21,15,0,0,0
2020-01-03 09:15,48,38,10,0,0,0
2020-01-03 09:30,42,21,21,0,0,0
2020-01-03 09:45,31,20,11,0,0,0
2020-01-03 10:00,37,18,19,0,0,0
2020-01-03 10:15,30,20,10,0,0,0
2020-01-03 10:30,31,16,15,0,0,0
2020-01-03 10:45,40,25,15,0,0,0
2020-01-03 11:00,33,20,13,0,0,0
2020-01-03 11:15,31,19,12,0,0,0
2020-01-03 11:30,47,18,29,0,0,0
2020-01-03 11:45,65,31,34,0,0,0
2020-01-03 12:00,51,22,29,0,0,0
2020-01-03 12:15,59,19,40,0,0,0
2020-01-03 12:30,32,14,18,0,0,0
2020-01-03 12:45,50,29,21,0,0,0
2020-01-03 13:00,38,17,21,0,0,0
2020-01-03 13:15,51,21,30,0,0,0
2020-01-03 13:30,47,19,28,0,0,0
2020-01-03 13:45,40,18,22,0,0,0
2020-01-03 14:00,58,30,28,0,0,0
2020-01-03 14:15,70,31,39,0,0,0
2020-01-03 14:30,44,16,28,0,0,0
2020-01-03 14:45,49,24,25,0,0,0
2020-01-03 15:00,47,21,26,0,0,0
2020-01-03 15:15,40,23,17,0,0,0
2020-01-03 15:30,40,13,27,0,0,0
2020-01-03 15:45,44,26,18,0,0,0
2020-01-03 16:00,58,19,39,0,0,0
2020-01-03 16:15,39,21,18,0,0,0
2020-01-03 16:30,51,27,24,0,0,0
2020-01-03 16:45,39,14,25,0,0,0
2020-01-03 17:00,33,17,16,0,0,0
2020-01-03 17:15,35,18,17,0,0,0
2020-01-03 17:30,46,19,27,0,0,0
2020-01-03 17:45,36,9,27,0,0,0
2020-01-03 18:00,38,11,27,0,0,0
2020-01-03 18:15,26,15,11,0,0,0
2020-01-03 18:30,30,14,16,0,0,0
2020-01-03 18:45,36,19,17,0,0,0
2020-01-03 19:00,24,10,14,0,0,0
2020-01-03 19:15,21,6,15,0,0,0
2020-01-03 19:30,18,11,7,0,0,0
2020-01-03 19:45,23,6,17,0,0,0
2020-01-03 20:00,19,6,13,0,0,0
2020-01-03 20:15,26,13,13,0,0,0
2020-01-03 20:30,15,8,7,0,0,0
2020-01-03 20:45,26,12,14,0,0,0
2020-01-03 21:00,16,9,7,0,0,0
2020-01-03 21:15,25,10,15,0,0,0
2020-01-03 21:30,10,5,5,0,0,0
2020-01-03 21:45,10,5,5,0,0,0
2020-01-03 22:00,7,5,2,0,0,0
2020-01-03 22:15,22,9,13,0,0,0
2020-01-03 22:30,10,5,5,0,0,0
2020-01-03 22:45,10,7,3,0,0,0
2020-01-03 23:00,5,1,4,0,0,0
2020-01-03 23:15,9,3,6,0,0,0
2020-01-03 23:30,2,1,1,0,0,0
2020-01-03 23:45,14,8,6,0,0,0
2020-01-04 00:00,7,3,4,0,0,0
2020-01-04 00:15,7,1,6,0,0,0
2020-01-04 00:30,6,0,6,0,0,0
2020-01-04 00:45,3,0,3,0,0,0
2020-01-04 01:00,6,2,4,0,0,0
2020-01-04 01:15,4,0,4,0,0,0
2020-01-04 01:30,7,2,5,0,0,0
2020-01-04 01:45,5,1,4,0,0,0
2020-01-04 02:00,3,0,3,0,0,0
2020-01-04 02:15,9,2,7,0,0,0
2020-01-04 02:30,2,0,2,0,0,0
2020-01-04 02:45,1,1,0,0,0,0
2020-01-04 03:00,6,0,6,0,0,0
2020-01-04 03:15,3,2,1,0,0,0
2020-01-04 03:30,0,0,0,0,0,0
2020-01-04 03:45,0,0,0,0,0,0
2020-01-04 04:00,1,0,1,0,0,0
2020-01-04 04:15,0,0,0,0,0,0
2020-01-04 04:30,0,0,0,0,0,0
2020-01-04 04:45,2,0,2,0,0,0
2020-01-04 05:00,2,0,2,0,0,0
2020-01-04 05:15,1,0,1,0,0,0
2020-01-04 05:30,2,1,1,0,0,0
2020-01-04 05:45,4,2,2,0,0,0
2020-01-04 06:00,2,0,2,0,0,0
2020-01-04 06:15,4,0,4,0,0,0
2020-01-04 06:30,4,2,2,0,0,0
2020-01-04 06:45,7,6,1,0,0,0
2020-01-04 07:00,1,0,1,0,0,0
2020-01-04 07:15,7,1,6,0,0,0
2020-01-04 07:30,11,6,5,0,0,0
2020-01-04 07:45,11,5,6,0,0,0
2020-01-04 08:00,13,6,7,0,0,0
2020-01-04 08:15,4,1,3,0,0,0
2020-01-04 08:30,14,9,5,0,0,0
2020-01-04 08:45,11,7,4,0,0,0
2020-01-04 09:00,22,14,8,0,0,0
2020-01-04 09:15,28,20,8,0,0,0
2020-01-04 09:30,28,25,3,0,0,0
2020-01-04 09:45,61,49,12,0,0,0
2020-01-04 10:00,34,30,4,0,0,0
2020-01-04 10:15,46,28,18,0,0,0
2020-01-04 10:30,55,36,19,0,0,0
2020-01-04 10:45,45,31,14,0,0,0
2020-01-04 11:00,71,38,33,0,0,0
2020-01-04 11:15,58,41,17,0,0,0
2020-01-04 11:30,65,45,20,0,0,0
2020-01-04 11:45,70,41,29,0,0,0
2020-01-04 12:00,60,36,24,0,0,0
2020-01-04 12:15,83,39,44,0,0,0
2020-01-04 12:30,68,36,32,0,0,0
2020-01-04 12:45,60,26,34,0,0,0
2020-01-04 13:00,61,29,32,0,0,0
2020-01-04 13:15,77,37,40,0,0,0
2020-01-04 13:30,55,18,37,0,0,0
2020-01-04 13:45,63,27,36,0,0,0
2020-01-04 14:00,59,25,34,0,0,0
2020-01-04 14:15,61,18,43,0,0,0
2020-01-04 14:30,34,13,21,0,0,0
2020-01-04 14:45,54,34,20,0,0,0
2020-01-04 15:00,49,14,35,0,0,0
2020-01-04 15:15,44,19,25,0,0,0
2020-01-04 15:30,43,10,33,0,0,0
2020-01-04 15:45,39,24,15,0,0,0
2020-01-04 16:00,39,11,28,0,0,0
2020-01-04 16:15,45,12,33,0,0,0
2020-01-04 16:30,33,9,24,0,0,0
2020-01-04 16:45,43,20,23,0,0,0
2020-01-04 17:00,30,10,20,0,0,0
2020-01-04 17:15,29,2,27,0,0,0
2020-01-04 17:30,30,13,17,0,0,0
2020-01-04 17:45,42,16,26,0,0,0
2020-01-04 18:00,29,8,21,0,0,0
2020-01-04 18:15,46,13,33,0,0,0
2020-01-04 18:30,27,9,18,0,0,0
2020-01-04 18:45,15,10,5,0,0,0
2020-01-04 19:00,31,11,20,0,0,0
2020-01-04 19:15,34,13,21,0,0,0
2020-01-04 19:30,16,7,9,0,0,0
2020-01-04 19:45,37,15,22,0,0,0
2020-01-04 20:00,16,10,6,0,0,0
2020-01-04 20:15,23,9,14,0,0,0
2020-01-04 20:30,21,6,15,0,0,0
2020-01-04 20:45,13,8,5,0,0,0
2020-01-04 21:00,22,14,8,0,0,0
2020-01-04 21:15,24,15,9,0,0,0
2020-01-04 21:30,12,5,7,0,0,0
2020-01-04 21:45,6,4,2,0,0,0
2020-01-04 22:00,3,2,1,0,0,0
2020-01-04 22:15,7,1,6,0,0,0
2020-01-04 22:30,14,3,11,0,0,0
2020-01-04 22:45,6,1,5,0,0,0
2020-01-04 23:00,8,2,6,0,0,0
2020-01-04 23:15,7,2,5,0,0,0
2020-01-04 23:30,6,2,4,0,0,0
2020-01-04 23:45,6,1,5,0,0,0
2020-01-05 00:00,6,3,3,0,0,0
2020-01-05 00:15,12,7,5,0,0,0
2020-01-05 00:30,12,5,7,0,0,0
2020-01-05 00:45,5,1,4,0,0,0
2020-01-05 01:00,14,4,10,0,0,0
2020-01-05 01:15,5,4,1,0,0,0
2020-01-05 01:30,7,2,5,0,0,0
2020-01-05 01:45,5,1,4,0,0,0
2020-01-05 02:00,11,1,10,0,0,0
2020-01-05 02:15,4,2,2,0,0,0
2020-01-05 02:30,7,0,7,0,0,0
2020-01-05 02:45,2,0,2,0,0,0
2020-01-05 03:00,6,1,5,0,0,0
2020-01-05 03:15,6,3,3,0,0,0
2020-01-05 03:30,3,0,3,0,0,0
2020-01-05 03:45,6,0,6,0,0,0
2020-01-05 04:00,3,0,3,0,0,0
2020-01-05 04:15,2,1,1,0,0,0
2020-01-05 04:30,6,3,3,0,0,0
2020-01-05 04:45,0,0,0,0,0,0
2020-01-05 05:00,1,0,1,0,0,0
2020-01-05 05:15,1,0,1,0,0,0
2020-01-05 05:30,6,0,6,0,0,0
2020-01-05 05:45,1,1,0,0,0,0
2020-01-05 06:00,1,0,1,0,0,0
2020-01-05 06:15,0,0,0,0,0,0
2020-01-05 06:30,3,2,1,0,0,0
2020-01-05 06:45,7,5,2,0,0,0
2020-01-05 07:00,0,0,0,0,0,0
2020-01-05 07:15,4,2,2,0,0,0
2020-01-05 07:30,3,0,3,0,0,0
2020-01-05 07:45,7,1,6,0,0,0
2020-01-05 08:00,8,3,5,0,0,0
2020-01-05 08:15,3,1,2,0,0,0
2020-01-05 08:30,2,1,1,0,0,0
2020-01-05 08:45,12,7,5,0,0,0
2020-01-05 09:00,11,6,5,0,0,0
2020-01-05 09:15,11,6,5,0,0,0
2020-01-05 09:30,15,11,4,0,0,0
2020-01-05 09:45,23,22,1,0,0,0
2020-01-05 10:00,21,14,7,0,0,0
2020-01-05 10:15,12,5,7,0,0,0
2020-01-05 10:30,18,10,8,0,0,0
2020-01-05 10:45,13,7,6,0,0,0
2020-01-05 11:00,16,8,8,0,0,0
2020-01-05 11:15,22,16,6,0,0,0
2020-01-05 11:30,19,8,11,0,0,0
2020-01-05 11:45,21,12,9,0,0,0
2020-01-05 12:00,25,10,15,0,0,0
2020-01-05 12:15,21,6,15,0,0,0
2020-01-05 12:30,31,17,14,0,0,0
2020-01-05 12:45,39,21,18,0,0,0
2020-01-05 13:00,23,13,10,0,0,0
2020-01-05 13:15,26,11,15,0,0,0
2020-01-05 13:30,16,7,9,0,0,0
2020-01-05 13:45,26,11,15,0,0,0
2020-01-05 14:00,42,16,26,0,0,0
2020-01-05 14:15,25,11,14,0,0,0
2020-01-05 14:30,30,18,12,0,0,0
2020-01-05 14:45,25,11,14,0,0,0
2020-01-05 15:00,33,14,19,0,0,0
2020-01-05 15:15,28,8,20,0,0,0
2020-01-05 15:30,38,17,21,0,0,0
2020-01-05 15:45,40,14,26,0,0,0
2020-01-05 16:00,43,25,18,0,0,0
2020-01-05 16:15,44,14,30,0,0,0
2020-01-05 16:30,25,10,15,0,0,0
2020-01-05 16:45,32,10,22,0,0,0
2020-01-05 17:00,38,17,21,0,0,0
2020-01-05 17:15,36,21,15,0,0,0
2020-01-05 17:30,47,19,28,0,0,0
2020-01-05 17:45,50,7,43,0,0,0
2020-01-05 18:00,41,17,24,0,0,0
2020-01-05 18:15,22,10,12,0,0,0
2020-01-05 18:30,32,9,23,0,0,0
2020-01-05 18:45,30,13,17,0,0,0
2020-01-05 19:00,32,17,15,0,0,0
2020-01-05 19:15,18,8,10,0,0,0
2020-01-05 19:30,24,11,13,0,0,0
2020-01-05 19:45,27,10,17,0,0,0
2020-01-05 20:00,27,9,18,0,0,0
2020-01-05 20:15,29,18,11,0,0,0
2020-01-05 20:30,14,3,11,0,0,0
2020-01-05 20:45,5,3,2,0,0,0
2020-01-05 21:00,11,1,10,0,0,0
2020-01-05 21:15,14,6,8,0,0,0
2020-01-05 21:30,15,5,10,0,0,0
2020-01-05 21:45,13,7,6,0,0,0
2020-01-05 22:00,14,8,6,0,0,0
2020-01-05 22:15,5,0,5,0,0,0
2020-01-05 22:30,13,2,11,0,0,0
2020-01-05 22:45,10,2,8,0,0,0
2020-01-05 23:00,7,3,4,0,0,0
2020-01-05 23:15,5,1,4,0,0,0
2020-01-05 23:30,4,2,2,0,0,0
2020-01-05 23:45,5,2,3,0,0,0
2020-01-06 00:00,7,3,4,0,0,0
2020-01-06 00:15,3,0,3,0,0,0
2020-01-06 00:30,1,1,0,0,0,0
2020-01-06 00:45,2,0,2,0,0,0
2020-01-06 01:00,1,1,0,0,0,0
2020-01-06 01:15,2,2,0,0,0,0
2020-01-06 01:30,4,0,4,0,0,0
2020-01-06 01:45,1,1,0,0,0,0
2020-01-06 02:00,1,0,1,0,0,0
2020-01-06 02:15,0,0,0,0,0,0
2020-01-06 02:30,2,0,2,0,0,0
2020-01-06 02:45,0,0,0,0,0,0
2020-01-06 03:00,1,0,1,0,0,0
2020-01-06 03:15,1,0,1,0,0,0
2020-01-06 03:30,0,0,0,0,0,0
2020-01-06 03:45,1,0,1,0,0,0
2020-01-06 04:00,0,0,0,0,0,0
2020-01-06 04:15,0,0,0,0,0,0
2020-01-06 04:30,0,0,0,0,0,0
2020-01-06 04:45,0,0,0,0,0,0
2020-01-06 05:00,2,2,0,0,0,0
2020-01-06 05:15,4,1,3,0,0,0
2020-01-06 05:30,10,3,7,0,0,0
2020-01-06 05:45,12,4,8,0,0,0
2020-01-06 06:00,6,3,3,0,0,0
2020-01-06 06:15,39,20,19,0,0,0
2020-01-06 06:30,47,14,33,0,0,0
2020-01-06 06:45,40,16,24,0,0,0
2020-01-06 07:00,52,16,36,0,0,0
2020-01-06 07:15,80,32,48,0,0,0
2020-01-06 07:30,83,29,54,0,0,0
2020-01-06 07:45,132,56,76,0,0,0
2020-01-06 08:00,126,46,80,0,0,0
2020-01-06 08:15,89,34,55,0,0,0
2020-01-06 08:30,111,39,72,0,0,0
2020-01-06 08:45,117,51,66,0,0,0
2020-01-06 09:00,88,38,50,0,0,0
2020-01-06 09:15,55,19,36,0,0,0
2020-01-06 09:30,75,22,53,0,0,0
2020-01-06 09:45,112,51,61,0,0,0
2020-01-06 10:00,75,26,49,0,0,0
2020-01-06 10:15,64,31,33,0,0,0
2020-01-06 10:30,50,26,24,0,0,0
2020-01-06 10:45,85,38,47,0,0,0
2020-01-06 11:00,72,40,32,0,0,0
2020-01-06 11:15,65,35,30,0,0,0
2020-01-06 11:30,71,35,36,0,0,0
2020-01-06 11:45,107,45,62,0,0,0
2020-01-06 12:00,85,35,50,0,0,0
2020-01-06 12:15,76,37,39,0,0,0
2020-01-06 12:30,85,37,48,0,0,0
2020-01-06 12:45,92,55,37,0,0,0
2020-01-06 13:00,92,29,63,0,0,0
2020-01-06 13:15,88,33,55,0,0,0
2020-01-06 13:30,72,26,46,0,0,0
2020-01-06 13:45,98,46,52,0,0,0
2020-01-06 14:00,107,47,60,0,0,0
2020-01-06 14:15,110,59,51,0,0,0
2020-01-06 14:30,116,66,50,0,0,0
2020-01-06 14:45,101,45,56,0,0,0
2020-01-06 15:00,94,48,46,0,0,0
2020-01-06 15:15,116,72,44,0,0,0
2020-01-06 15:30,125,60,65,0,0,0
2020-01-06 15:45,109,57,52,0,0,0
2020-01-06 16:00,129,79,50,0,0,0
2020-01-06 16:15,141,74,67,0,0,0
2020-01-06 16:30,116,59,57,0,0,0
2020-01-06 16:45,118,68,50,0,0,0
2020-01-06 17:00,119,63,56,0,0,0
2020-01-06 17:15,120,48,72,0,0,0
2020-01-06 17:30,101,41,60,0,0,0
2020-01-06 17:45,145,67,78,0,0,0
2020-01-06 18:00,113,52,61,0,0,0
2020-01-06 18:15,89,30,59,0,0,0
2020-01-06 18:30,72,25,47,0,0,0
2020-01-06 18:45,79,34,45,0,0,0
2020-01-06 19:00,76,27,49,0,0,0
2020-01-06 19:15,47,21,26,0,0,0
2020-01-06 19:30,55,26,29,0,0,0
2020-01-06 19:45,54,23,31,0,0,0
2020-01-06 20:00,65,22,43,0,0,0
2020-01-06 20:15,40,15,25,0,0,0
2020-01-06 20:30,29,7,22,0,0,0
2020-01-06 20:45,24,6,18,0,0,0
2020-01-06 21:00,36,19,17,0,0,0
2020-01-06 21:15,26,11,15,0,0,0
2020-01-06 21:30,14,7,7,0,0,0
2020-01-06 21:45,16,4,12,0,0,0
2020-01-06 22:00,20,7,13,0,0,0
2020-01-06 22:15,19,4,15,0,0,0
2020-01-06 22:30,13,2,11,0,0,0
2020-01-06 22:45,18,9,9,0,0,0
2020-01-06 23:00,7,2,5,0,0,0
2020-01-06 23:15,13,4,9,0,0,0
2020-01-06 23:30,7,3,4,0,0,0
2020-01-06 23:45,6,1,5,0,0,0
2020-01-07 00:00,8,7,1,0,0,0
2020-01-07 00:15,0,0,0,0,0,0
2020-01-07 00:30,0,0,0,0,0,0
2020-01-07 00:45,2,2,0,0,0,0
2020-01-07 01:00,3,2,1,0,0,0
2020-01-07 01:15,1,1,0,0,0,0
2020-01-07 01:30,0,0,0,0,0,0
2020-01-07 01:45,2,1,1,0,0,0
2020-01-07 02:00,1,0,1,0,0,0
2020-01-07 02:15,0,0,0,0,0,0
2020-01-07 02:30,0,0,0,0,0,0
2020-01-07 02:45,2,1,1,0,0,0
2020-01-07 03:00,0,0,0,0,0,0
2020-01-07 03:15,1,0,1,0,0,0
2020-01-07 03:30,0,0,0,0,0,0
2020-01-07 03:45,0,0,0,0,0,0
2020-01-07 04:00,0,0,0,0,0,0
2020-01-07 04:15,0,0,0,0,0,0
2020-01-07 04:30,0,0,0,0,0,0
2020-01-07 04:45,2,0,2,0,0,0
2020-01-07 05:00,3,3,0,0,0,0
2020-01-07 05:15,3,1,2,0,0,0
2020-01-07 05:30,15,6,9,0,0,0
2020-01-07 05:45,7,4,3,0,0,0
2020-01-07 06:00,10,5,5,0,0,0
2020-01-07 06:15,23,13,10,0,0,0
2020-01-07 06:30,36,18,18,0,0,0
2020-01-07 06:45,49,23,26,0,0,0
2020-01-07 07:00,54,17,37,0,0,0
2020-01-07 07:15,107,55,52,0,0,0
2020-01-07 07:30,239,157,82,0,0,0
2020-01-07 07:45,287,107,180,0,0,0
2020-01-07 08:00,329,91,238,0,0,0
2020-01-07 08:15,139,68,71,0,0,0
2020-01-07 08:30,103,25,78,0,0,0
2020-01-07 08:45,156,54,102,0,0,0
2020-01-07 09:00,143,62,81,0,0,0
2020-01-07 09:15,77,37,40,0,0,0
2020-01-07 09:30,111,31,80,0,0,0
2020-01-07 09:45,216,84,132,0,0,0
2020-01-07 10:00,261,110,151,0,0,0
2020-01-07 10:15,83,40,43,0,0,0
2020-01-07 10:30,67,25,42,0,0,0
2020-01-07 10:45,62,30,32,0,0,0
2020-01-07 11:00,69,28,41,0,0,0
2020-01-07 11:15,90,36,54,0,0,0
2020-01-07 11:30,95,36,59,0,0,0
2020-01-07 11:45,256,133,123,0,0,0
2020-01-07 12:00,172,93,79,0,0,0
2020-01-07 12:15,125,60,65,0,0,0
2020-01-07 12:30,95,39,56,0,0,0
2020-01-07 12:45,135,74,61,0,0,0
2020-01-07 13:00,160,52,108,0,0,0
2020-01-07 13:15,128,30,98,0,0,0
2020-01-07 13:30,129,49,80,0,0,0
2020-01-07 13:45,236,109,127,0,0,0
2020-01-07 14:00,215,93,122,0,0,0
2020-01-07 14:15,102,53,49,0,0,0
2020-01-07 14:30,93,47,46,0,0,0
2020-01-07 14:45,135,62,73,0,0,0
2020-01-07 15:00,95,41,54,0,0,0
2020-01-07 15:15,114,68,46,0,0,0
2020-01-07 15:30,150,84,66,0,0,0
2020-01-07 15:45,248,120,128,0,0,0
2020-01-07 16:00,172,101,71,0,0,0
2020-01-07 16:15,142,79,63,0,0,0
2020-01-07 16:30,115,63,52,0,0,0
2020-01-07 16:45,120,60,60,0,0,0
2020-01-07 17:00,140,83,57,0,0,0
2020-01-07 17:15,135,71,64,0,0,0
2020-01-07 17:30,141,65,76,0,0,0
2020-01-07 17:45,185,79,106,0,0,0
2020-01-07 18:00,176,78,98,0,0,0
2020-01-07 18:15,110,35,75,0,0,0
2020-01-07 18:30,85,35,50,0,0,0
2020-01-07 18:45,104,52,52,0,0,0
2020-01-07 19:00,75,32,43,0,0,0
2020-01-07 19:15,75,24,51,0,0,0
2020-01-07 19:30,44,20,24,0,0,0
2020-01-07 19:45,99,53,46,0,0,0
2020-01-07 20:00,73,32,41,0,0,0
2020-01-07 20:15,37,13,24,0,0,0
2020-01-07 20:30,24,12,12,0,0,0
2020-01-07 20:45,27,9,18,0,0,0
2020-01-07 21:00,31,15,16,0,0,0
2020-01-07 21:15,37,11,26,0,0,0
2020-01-07 21:30,19,5,14,0,0,0
2020-01-07 21:45,31,12,19,0,0,0
2020-01-07 22:00,20,5,15,0,0,0
2020-01-07 22:15,17,6,11,0,0,0
2020-01-07 22:30,25,5,20,0,0,0
2020-01-07 22:45,24,5,19,0,0,0
2020-01-07 23:00,15,2,13,0,0,0
2020-01-07 23:15,16,4,12,0,0,0
2020-01-07 23:30,9,3,6,0,0,0
2020-01-07 23:45,6,2,4,0,0,0
2020-01-08 00:00,7,2,5,0,0,0
2020-01-08 00:15,10,4,6,0,0,0
2020-01-08 00:30,3,0,3,0,0,0
2020-01-08 00:45,2,1,1,0,0,0
2020-01-08 01:00,8,2,6,0,0,0
2020-01-08 01:15,6,2,4,0,0,0
2020-01-08 01:30,2,0,2,0,0,0
2020-01-08 01:45,0,0,0,0,0,0
2020-01-08 02:00,1,0,1,0,0,0
2020-01-08 02:15,0,0,0,0,0,0
2020-01-08 02:30,4,2,2,0,0,0
2020-01-08 02:45,1,0,1,0,0,0
2020-01-08 03:00,0,0,0,0,0,0
2020-01-08 03:15,3,0,3,0,0,0
2020-01-08 03:30,0,0,0,0,0,0
2020-01-08 03:45,0,0,0,0,0,0
2020-01-08 04:00,0,0,0,0,0,0
2020-01-08 04:15,1,0,1,0,0,0
2020-01-08 04:30,0,0,0,0,0,0
2020-01-08 04:45,1,0,1,0,0,0
2020-01-08 05:00,1,0,1,0,0,0
2020-01-08 05:15,2,2,0,0,0,0
2020-01-08 05:30,11,4,7,0,0,0
2020-01-08 05:45,12,4,8,0,0,0
2020-01-08 06:00,7,3,4,0,0,0
2020-01-08 06:15,22,10,12,0,0,0
2020-01-08 06:30,34,15,19,0,0,0
2020-01-08 06:45,42,16,26,0,0,0
2020-01-08 07:00,58,22,36,0,0,0
2020-01-08 07:15,96,56,40,0,0,0
2020-01-08 07:30,242,158,84,0,0,0
2020-01-08 07:45,265,91,174,0,0,0
2020-01-08 08:00,316,83,233,0,0,0
2020-01-08 08:15,172,59,113,0,0,0
2020-01-08 08:30,123,45,78,0,0,0
2020-01-08 08:45,156,53,103,0,0,0
2020-01-08 09:00,128,42,86,0,0,0
2020-01-08 09:15,83,35,48,0,0,0
2020-01-08 09:30,96,46,50,0,0,0
2020-01-08 09:45,173,72,101,0,0,0
2020-01-08 10:00,190,75,115,0,0,0
2020-01-08 10:15,96,45,51,0,0,0
2020-01-08 10:30,81,38,43,0,0,0
2020-01-08 10:45,78,40,38,0,0,0
2020-01-08 11:00,76,35,41,0,0,0
2020-01-08 11:15,62,24,38,0,0,0
2020-01-08 11:30,81,49,32,0,0,0
2020-01-08 11:45,190,82,108,0,0,0
2020-01-08 12:00,143,75,68,0,0,0
2020-01-08 12:15,146,64,82,0,0,0
2020-01-08 12:30,98,45,53,0,0,0
2020-01-08 12:45,99,50,49,0,0,0
2020-01-08 13:00,135,56,79,0,0,0
2020-01-08 13:15,129,45,84,0,0,0
2020-01-08 13:30,125,40,85,0,0,0
2020-01-08 13:45,190,73,117,0,0,0
2020-01-08 14:00,186,70,116,0,0,0
2020-01-08 14:15,113,41,72,0,0,0
2020-01-08 14:30,95,58,37,0,0,0
2020-01-08 14:45,119,52,67,0,0,0
2020-01-08 15:00,95,39,56,0,0,0
2020-01-08 15:15,78,32,46,0,0,0
2020-01-08 15:30,150,70,80,0,0,0
2020-01-08 15:45,171,77,94,0,0,0
2020-01-08 16:00,155,75,80,0,0,0
2020-01-08 16:15,136,71,65,0,0,0
2020-01-08 16:30,113,77,36,0,0,0
2020-01-08 16:45,129,61,68,0,0,0
2020-01-08 17:00,98,57,41,0,0,0
2020-01-08 17:15,118,58,60,0,0,0
2020-01-08 17:30,118,61,57,0,0,0
2020-01-08 17:45,201,130,71,0,0,0
2020-01-08 18:00,141,70,71,0,0,0
2020-01-08 18:15,85,39,46,0,0,0
2020-01-08 18:30,61,26,35,0,0,0
2020-01-08 18:45,95,57,38,0,0,0
2020-01-08 19:00,62,26,36,0,0,0
2020-01-08 19:15,61,22,39,0,0,0
2020-01-08 19:30,56,23,33,0,0,0
2020-01-08 19:45,78,30,48,0,0,0
2020-01-08 20:00,72,19,53,0,0,0
2020-01-08 20:15,53,22,31,0,0,0
2020-01-08 20:30,42,21,21,0,0,0
2020-01-08 20:45,33,9,24,0,0,0
2020-01-08 21:00,28,13,15,0,0,0
2020-01-08 21:15,24,11,13,0,0,0
2020-01-08 21:30,35,6,29,0,0,0
2020-01-08 21:45,23,4,19,0,0,0
2020-01-08 22:00,26,6,20,0,0,0
2020-01-08 22:15,37,17,20,0,0,0
2020-01-08 22:30,30,5,25,0,0,0
2020-01-08 22:45,23,8,15,0,0,0
2020-01-08 23:00,13,1,12,0,0,0
2020-01-08 23:15,14,3,11,0,0,0
2020-01-08 23:30,10,6,4,0,0,0
2020-01-08 23:45,16,5,11,0,0,0
2020-01-09 00:00,2,1,1,0,0,0
2020-01-09 00:15,4,2,2,0,0,0
2020-01-09 00:30,8,0,8,0,0,0
2020-01-09 00:45,4,3,1,0,0,0
2020-01-09 01:00,4,1,3,0,0,0
2020-01-09 01:15,7,3,4,0,0,0
2020-01-09 01:30,4,4,0,0,0,0
2020-01-09 01:45,1,0,1,0,0,0
2020-01-09 02:00,2,1,1,0,0,0
2020-01-09 02:15,3,0,3,0,0,0
2020-01-09 02:30,4,0,4,0,0,0
2020-01-09 02:45,1,1,0,0,0,0
2020-01-09 03:00,2,0,2,0,0,0
2020-01-09 03:15,0,0,0,0,0,0
2020-01-09 03:30,1,0,1,0,0,0
2020-01-09 03:45,0,0,0,0,0,0
2020-01-09 04:00,0,0,0,0,0,0
2020-01-09 04:15,2,0,2,0,0,0
2020-01-09 04:30,0,0,0,0,0,0
2020-01-09 04:45,4,0,4,0,0,0
2020-01-09 05:00,1,1,0,0,0,0
2020-01-09 05:15,5,0,5,0,0,0
2020-01-09 05:30,13,3,10,0,0,0
2020-01-09 05:45,14,5,9,0,0,0
2020-01-09 06:00,12,5,7,0,0,0
2020-01-09 06:15,19,13,6,0,0,0
2020-01-09 06:30,38,11,27,0,0,0
2020-01-09 06:45,53,19,34,0,0,0
2020-01-09 07:00,65,23,42,0,0,0
2020-01-09 07:15,106,41,65,0,0,0
2020-01-09 07:30,251,160,91,0,0,0
2020-01-09 07:45,256,83,173,0,0,0
2020-01-09 08:00,254,63,191,0,0,0
2020-01-09 08:15,162,65,97,0,0,0
2020-01-09 08:30,110,28,82,0,0,0
2020-01-09 08:45,153,60,93,0,0,0
2020-01-09 09:00,147,49,98,0,0,0
2020-01-09 09:15,88,32,56,0,0,0
2020-01-09 09:30,112,44,68,0,0,0
2020-01-09 09:45,159,81,78,0,0,0
2020-01-09 10:00,249,107,142,0,0,0
2020-01-09 10:15,72,29,43,0,0,0
2020-01-09 10:30,81,35,46,0,0,0
2020-01-09 10:45,73,35,38,0,0,0
2020-01-09 11:00,69,36,33,0,0,0
2020-01-09 11:15,85,32,53,0,0,0
2020-01-09 11:30,79,31,48,0,0,0
2020-01-09 11:45,227,88,139,0,0,0
2020-01-09 12:00,170,74,96,0,0,0
2020-01-09 12:15,116,52,64,0,0,0
2020-01-09 12:30,88,28,60,0,0,0
2020-01-09 12:45,86,37,49,0,0,0
2020-01-09 13:00,108,43,65,0,0,0
2020-01-09 13:15,122,42,80,0,0,0
2020-01-09 13:30,104,49,55,0,0,0
2020-01-09 13:45,181,66,115,0,0,0
2020-01-09 14:00,208,74,134,0,0,0
2020-01-09 14:15,124,58,66,0,0,0
2020-01-09 14:30,100,44,56,0,0,0
2020-01-09 14:45,109,45,64,0,0,0
2020-01-09 15:00,117,58,59,0,0,0
2020-01-09 15:15,99,56,43,0,0,0
2020-01-09 15:30,139,67,72,0,0,0
2020-01-09 15:45,220,137,83,0,0,0
2020-01-09 16:00,211,123,88,0,0,0
2020-01-09 16:15,137,60,77,0,0,0
2020-01-09 16:30,117,74,43,0,0,0
2020-01-09 16:45,130,79,51,0,0,0
2020-01-09 17:00,132,68,64,0,0,0
2020-01-09 17:15,118,65,53,0,0,0
2020-01-09 17:30,136,83,53,0,0,0
2020-01-09 17:45,191,109,82,0,0,0
2020-01-09 18:00,159,79,80,0,0,0
2020-01-09 18:15,89,26,63,0,0,0
2020-01-09 18:30,91,42,49,0,0,0
2020-01-09 18:45,73,36,37,0,0,0
2020-01-09 19:00,86,34,52,0,0,0
2020-01-09 19:15,64,33,31,0,0,0
2020-01-09 19:30,90,34,56,0,0,0
2020-01-09 19:45,93,39,54,0,0,0
2020-01-09 20:00,52,16,36,0,0,0
2020-01-09 20:15,32,11,21,0,0,0
2020-01-09 20:30,26,10,16,0,0,0
2020-01-09 20:45,32,16,16,0,0,0
2020-01-09 21:00,31,19,12,0,0,0
2020-01-09 21:15,27,9,18,0,0,0
2020-01-09 21:30,16,2,14,0,0,0
2020-01-09 21:45,34,15,19,0,0,0
2020-01-09 22:00,43,7,36,0,0,0
2020-01-09 22:15,29,11,18,0,0,0
2020-01-09 22:30,22,3,19,0,0,0
2020-01-09 22:45,22,1,21,0,0,0
2020-01-09 23:00,18,3,15,0,0,0
2020-01-09 23:15,19,2,17,0,0,0
2020-01-09 23:30,10,3,7,0,0,0
2020-01-09 23:45,9,1,8,0,0,0
2020-01-10 00:00,10,8,2,0,0,0
2020-01-10 00:15,10,6,4,0,0,0
2020-01-10 00:30,7,2,5,0,0,0
2020-01-10 00:45,6,2,4,0,0,0
2020-01-10 01:00,9,2,7,0,0,0
2020-01-10 01:15,5,5,0,0,0,0
2020-01-10 01:30,2,1,1,0,0,0
2020-01-10 01:45,2,0,2,0,0,0
2020-01-10 02:00,0,0,0,0,0,0
2020-01-10 02:15,2,0,2,0,0,0
2020-01-10 02:30,1,0,1,0,0,0
2020-01-10 02:45,2,2,0,0,0,0
2020-01-10 03:00,0,0,0,0,0,0
2020-01-10 03:15,0,0,0,0,0,0
2020-01-10 03:30,2,0,2,0,0,0
2020-01-10 03:45,0,0,0,0,0,0
2020-01-10 04:00,0,0,0,0,0,0
2020-01-10 04:15,1,1,0,0,0,0
2020-01-10 04:30,1,0,1,0,0,0
2020-01-10 04:45,1,0,1,0,0,0
2020-01-10 05:00,1,0,1,0,0,0
2020-01-10 05:15,1,0,1,0,0,0
2020-01-10 05:30,12,4,8,0,0,0
2020-01-10 05:45,10,3,7,0,0,0
2020-01-10 06:00,11,3,8,0,0,0
2020-01-10 06:15,14,6,8,0,0,0
2020-01-10 06:30,34,15,19,0,0,0
2020-01-10 06:45,39,20,19,0,0,0
2020-01-10 07:00,52,19,33,0,0,0
2020-01-10 07:15,102,56,46,0,0,0
2020-01-10 07:30,242,164,78,0,0,0
2020-01-10 07:45,283,119,164,0,0,0
2020-01-10 08:00,261,87,174,0,0,0
2020-01-10 08:15,123,52,71,0,0,0
2020-01-10 08:30,118,56,62,0,0,0
2020-01-10 08:45,151,59,92,0,0,0
2020-01-10 09:00,125,50,75,0,0,0
2020-01-10 09:15,88,48,40,0,0,0
2020-01-10 09:30,85,43,42,0,0,0
2020-01-10 09:45,172,69,103,0,0,0
2020-01-10 10:00,181,72,109,0,0,0
2020-01-10 10:15,67,26,41,0,0,0
2020-01-10 10:30,65,28,37,0,0,0
2020-01-10 10:45,79,26,53,0,0,0
2020-01-10 11:00,72,30,42,0,0,0
2020-01-10 11:15,92,44,48,0,0,0
2020-01-10 11:30,100,46,54,0,0,0
2020-01-10 11:45,163,93,70,0,0,0
2020-01-10 12:00,185,103,82,0,0,0
2020-01-10 12:15,131,46,85,0,0,0
2020-01-10 12:30,154,70,84,0,0,0
2020-01-10 12:45,109,60,49,0,0,0
2020-01-10 13:00,135,50,85,0,0,0
2020-01-10 13:15,146,47,99,0,0,0
2020-01-10 13:30,130,40,90,0,0,0
2020-01-10 13:45,172,68,104,0,0,0
2020-01-10 14:00,169,65,104,0,0,0
2020-01-10 14:15,125,61,64,0,0,0
2020-01-10 14:30,87,41,46,0,0,0
2020-01-10 14:45,125,64,61,0,0,0
2020-01-10 15:00,153,75,78,0,0,0
2020-01-10 15:15,99,51,48,0,0,0
2020-01-10 15:30,96,52,44,0,0,0
2020-01-10 15:45,133,67,66,0,0,0
2020-01-10 16:00,118,56,62,0,0,0
2020-01-10 16:15,93,52,41,0,0,0
2020-01-10 16:30,116,65,51,0,0,0
2020-01-10 16:45,103,52,51,0,0,0
2020-01-10 17:00,100,51,49,0,0,0
2020-01-10 17:15,97,50,47,0,0,0
2020-01-10 17:30,90,56,34,0,0,0
2020-01-10 17:45,142,75,67,0,0,0
2020-01-10 18:00,86,63,23,0,0,0
2020-01-10 18:15,84,45,39,0,0,0
2020-01-10 18:30,68,31,37,0,0,0
2020-01-10 18:45,75,54,21,0,0,0
2020-01-10 19:00,76,46,30,0,0,0
2020-01-10 19:15,84,43,41,0,0,0
2020-01-10 19:30,70,35,35,0,0,0
2020-01-10 19:45,68,42,26,0,0,0
2020-01-10 20:00,77,49,28,0,0,0
2020-01-10 20:15,68,36,32,0,0,0
2020-01-10 20:30,53,29,24,0,0,0
2020-01-10 20:45,39,16,23,0,0,0
2020-01-10 21:00,42,23,19,0,0,0
2020-01-10 21:15,31,14,17,0,0,0
2020-01-10 21:30,40,14,26,0,0,0
2020-01-10 21:45,34,7,27,0,0,0
2020-01-10 22:00,23,7,16,0,0,0
2020-01-10 22:15,40,7,33,0,0,0
2020-01-10 22:30,43,11,32,0,0,0
2020-01-10 22:45,27,8,19,0,0,0
2020-01-10 23:00,10,1,9,0,0,0
2020-01-10 23:15,20,7,13,0,0,0
2020-01-10 23:30,34,7,27,0,0,0
2020-01-10 23:45,26,9,17,0,0,0
2020-01-11 00:00,23,3,20,0,0,0
2020-01-11 00:15,28,5,23,0,0,0
2020-01-11 00:30,10,0,10,0,0,0
2020-01-11 00:45,22,2,20,0,0,0
2020-01-11 01:00,9,1,8,0,0,0
2020-01-11 01:15,24,11,13,0,0,0
2020-01-11 01:30,8,0,8,0,0,0
2020-01-11 01:45,8,0,8,0,0,0
2020-01-11 02:00,13,4,9,0,0,0
2020-01-11 02:15,12,0,12,0,0,0
2020-01-11 02:30,8,3,5,0,0,0
2020-01-11 02:45,8,1,7,0,0,0
2020-01-11 03:00,8,4,4,0,0,0
2020-01-11 03:15,9,1,8,0,0,0
2020-01-11 03:30,3,1,2,0,0,0
2020-01-11 03:45,0,0,0,0,0,0
2020-01-11 04:00,2,0,2,0,0,0
2020-01-11 04:15,6,2,4,0,0,0
2020-01-11 04:30,3,0,3,0,0,0
2020-01-11 04:45,2,0,2,0,0,0
2020-01-11 05:00,0,0,0,0,0,0
2020-01-11 05:15,0,0,0,0,0,0
2020-01-11 05:30,6,0,6,0,0,0
2020-01-11 05:45,10,2,8,0,0,0
2020-01-11 06:00,6,4,2,0,0,0
2020-01-11 06:15,3,1,2,0,0,0
2020-01-11 06:30,5,4,1,0,0,0
2020-01-11 06:45,6,4,2,0,0,0
2020-01-11 07:00,4,1,3,0,0,0
2020-01-11 07:15,5,3,2,0,0,0
2020-01-11 07:30,9,6,3,0,0,0
2020-01-11 07:45,31,12,19,0,0,0
2020-01-11 08:00,19,14,5,0,0,0
2020-01-11 08:15,27,17,10,0,0,0
2020-01-11 08:30,25,13,12,0,0,0
2020-01-11 08:45,42,23,19,0,0,0
2020-01-11 09:00,37,26,11,0,0,0
2020-01-11 09:15,55,39,16,0,0,0
2020-01-11 09:30,40,25,15,0,0,0
2020-01-11 09:45,66,44,22,0,0,0
2020-01-11 10:00,74,57,17,0,0,0
2020-01-11 10:15,52,37,15,0,0,0
2020-01-11 10:30,62,42,20,0,0,0
2020-01-11 10:45,82,51,31,0,0,0
2020-01-11 11:00,94,69,25,0,0,0
2020-01-11 11:15,62,38,24,0,0,0
2020-01-11 11:30,80,53,27,0,0,0
2020-01-11 11:45,119,67,52,0,0,0
2020-01-11 12:00,106,63,43,0,0,0
2020-01-11 12:15,96,45,51,0,0,0
2020-01-11 12:30,92,40,52,0,0,0
2020-01-11 12:45,100,49,51,0,0,0
2020-01-11 13:00,118,54,64,0,0,0
2020-01-11 13:15,89,30,59,0,0,0
2020-01-11 13:30,118,39,79,0,0,0
2020-01-11 13:45,89,41,48,0,0,0
2020-01-11 14:00,104,46,58,0,0,0
2020-01-11 14:15,95,35,60,0,0,0
2020-01-11 14:30,93,34,59,0,0,0
2020-01-11 14:45,94,25,69,0,0,0
2020-01-11 15:00,103,32,71,0,0,0
2020-01-11 15:15,70,28,42,0,0,0
2020-01-11 15:30,68,32,36,0,0,0
2020-01-11 15:45,82,38,44,0,0,0
2020-01-11 16:00,60,23,37,0,0,0
2020-01-11 16:15,68,21,47,0,0,0
2020-01-11 16:30,81,32,49,0,0,0
2020-01-11 16:45,51,16,35,0,0,0
2020-01-11 17:00,63,31,32,0,0,0
2020-01-11 17:15,58,20,38,0,0,0
2020-01-11 17:30,63,20,43,0,0,0
2020-01-11 17:45,60,32,28,0,0,0
2020-01-11 18:00,70,23,47,0,0,0
2020-01-11 18:15,67,20,47,0,0,0
2020-01-11 18:30,52,12,40,0,0,0
2020-01-11 18:45,40,21,19,0,0,0
2020-01-11 19:00,68,22,46,0,0,0
2020-01-11 19:15,20,8,12,0,0,0
2020-01-11 19:30,37,13,24,0,0,0
2020-01-11 19:45,45,27,18,0,0,0
2020-01-11 20:00,40,13,27,0,0,0
2020-01-11 20:15,32,17,15,0,0,0
2020-01-11 20:30,28,11,17,0,0,0
2020-01-11 20:45,19,12,7,0,0,0
2020-01-11 21:00,26,13,13,0,0,0
2020-01-11 21:15,34,16,18,0,0,0
2020-01-11 21:30,16,3,13,0,0,0
2020-01-11 21:45,22,9,13,0,0,0
2020-01-11 22:00,28,14,14,0,0,0
2020-01-11 22:15,23,4,19,0,0,0
2020-01-11 22:30,23,9,14,0,0,0
2020-01-11 22:45,26,8,18,0,0,0
2020-01-11 23:00,19,6,13,0,0,0
2020-01-11 23:15,13,4,9,0,0,0
2020-01-11 23:30,22,5,17,0,0,0
2020-01-11 23:45,15,2,13,0,0,0
2020-01-12 00:00,17,4,13,0,0,0
2020-01-12 00:15,25,11,14,0,0,0
2020-01-12 00:30,35,22,13,0,0,0
2020-01-12 00:45,11,0,11,0,0,0
2020-01-12 01:00,16,8,8,0,0,0
2020-01-12 01:15,21,8,13,0,0,0
2020-01-12 01:30,12,4,8,0,0,0
2020-01-12 01:45,9,0,9,0,0,0
2020-01-12 02:00,11,3,8,0,0,0
2020-01-12 02:15,14,3,11,0,0,0
2020-01-12 02:30,6,1,5,0,0,0
2020-01-12 02:45,9,0,9,0,0,0
2020-01-12 03:00,9,0,9,0,0,0
2020-01-12 03:15,7,0,7,0,0,0
2020-01-12 03:30,11,3,8,0,0,0
2020-01-12 03:45,9,7,2,0,0,0
2020-01-12 04:00,7,1,6,0,0,0
2020-01-12 04:15,7,0,7,0,0,0
2020-01-12 04:30,0,0,0,0,0,0
2020-01-12 04:45,4,0,4,0,0,0
2020-01-12 05:00,3,0,3,0,0,0
2020-01-12 05:15,1,0,1,0,0,0
2020-01-12 05:30,3,0,3,0,0,0
2020-01-12 05:45,10,1,9,0,0,0
2020-01-12 06:00,1,1,0,0,0,0
2020-01-12 06:15,0,0,0,0,0,0
2020-01-12 06:30,5,4,1,0,0,0
2020-01-12 06:45,4,3,1,0,0,0
2020-01-12 07:00,2,2,0,0,0,0
2020-01-12 07:15,2,1,1,0,0,0
2020-01-12 07:30,3,1,2,0,0,0
2020-01-12 07:45,17,12,5,0,0,0
2020-01-12 08:00,17,9,8,0,0,0
2020-01-12 08:15,10,3,7,0,0,0
2020-01-12 08:30,14,9,5,0,0,0
2020-01-12 08:45,11,8,3,0,0,0
2020-01-12 09:00,16,10,6,0,0,0
2020-01-12 09:15,14,7,7,0,0,0
2020-01-12 09:30,20,13,7,0,0,0
2020-01-12 09:45,43,31,12,0,0,0
2020-01-12 10:00,26,14,12,0,0,0
2020-01-12 10:15,22,11,11,0,0,0
2020-01-12 10:30,32,19,13,0,0,0
2020-01-12 10:45,32,19,13,0,0,0
2020-01-12 11:00,32,22,10,0,0,0
2020-01-12 11:15,23,8,15,0,0,0
2020-01-12 11:30,20,8,12,0,0,0
2020-01-12 11:45,27,14,13,0,0,0
2020-01-12 12:00,22,11,11,0,0,0
2020-01-12 12:15,27,15,12,0,0,0
2020-01-12 12:30,38,11,27,0,0,0
2020-01-12 12:45,26,13,13,0,0,0
2020-01-12 13:00,25,13,12,0,0,0
2020-01-12 13:15,45,17,28,0,0,0
2020-01-12 13:30,19,1,18,0,0,0
2020-01-12 13:45,36,15,21,0,0,0
2020-01-12 14:00,29,12,17,0,0,0
2020-01-12 14:15,31,18,13,0,0,0
2020-01-12 14:30,26,11,15,0,0,0
2020-01-12 14:45,27,15,12,0,0,0
2020-01-12 15:00,22,15,7,0,0,0
2020-01-12 15:15,24,10,14,0,0,0
2020-01-12 15:30,37,13,24,0,0,0
2020-01-12 15:45,35,24,11,0,0,0
2020-01-12 16:00,32,13,19,0,0,0
2020-01-12 16:15,22,12,10,0,0,0
2020-01-12 16:30,29,11,18,0,0,0
2020-01-12 16:45,25,8,17,0,0,0
2020-01-12 17:00,31,10,21,0,0,0
2020-01-12 17:15,23,11,12,0,0,0
2020-01-12 17:30,30,10,20,0,0,0
2020-01-12 17:45,19,9,10,0,0,0
2020-01-12 18:00,22,11,11,0,0,0
2020-01-12 18:15,37,16,21,0,0,0
2020-01-12 18:30,29,10,19,0,0,0
2020-01-12 18:45,30,18,12,0,0,0
2020-01-12 19:00,19,5,14,0,0,0
2020-01-12 19:15,20,8,12,0,0,0
2020-01-12 19:30,28,13,15,0,0,0
2020-01-12 19:45,26,12,14,0,0,0
2020-01-12 20:00,26,3,23,0,0,0
2020-01-12 20:15,23,6,17,0,0,0
2020-01-12 20:30,24,8,16,0,0,0
2020-01-12 20:45,17,3,14,0,0,0
2020-01-12 21:00,15,7,8,0,0,0
2020-01-12 21:15,8,3,5,0,0,0
2020-01-12 21:30,17,6,11,0,0,0
2020-01-12 21:45,10,3,7,0,0,0
2020-01-12 22:00,15,6,9,0,0,0
2020-01-12 22:15,10,4,6,0,0,0
2020-01-12 22:30,12,6,6,0,0,0
2020-01-12 22:45,8,1,7,0,0,0
2020-01-12 23:00,12,5,7,0,0,0
2020-01-12 23:15,8,1,7,0,0,0
2020-01-12 23:30,3,1,2,0,0,0
2020-01-12 23:45,6,1,5,0,0,0
2020-01-13 00:00,3,3,0,0,0,0
2020-01-13 00:15,0,0,0,0,0,0
2020-01-13 00:30,4,2,2,0,0,0
2020-01-13 00:45,6,3,3,0,0,0
2020-01-13 01:00,1,0,1,0,0,0
2020-01-13 01:15,1,0,1,0,0,0
2020-01-13 01:30,0,0,0,0,0,0
2020-01-13 01:45,2,1,1,0,0,0
2020-01-13 02:00,0,0,0,0,0,0
2020-01-13 02:15,3,0,3,0,0,0
2020-01-13 02:30,1,0,1,0,0,0
2020-01-13 02:45,0,0,0,0,0,0
2020-01-13 03:00,0,0,0,0,0,0
2020-01-13 03:15,1,1,0,0,0,0
2020-01-13 03:30,0,0,0,0,0,0
2020-01-13 03:45,0,0,0,0,0,0
2020-01-13 04:00,2,2,0,0,0,0
2020-01-13 04:15,1,1,0,0,0,0
2020-01-13 04:30,0,0,0,0,0,0
2020-01-13 04:45,1,1,0,0,0,0
2020-01-13 05:00,1,1,0,0,0,0
2020-01-13 05:15,2,2,0,0,0,0
2020-01-13 05:30,11,6,5,0,0,0
2020-01-13 05:45,10,4,6,0,0,0
2020-01-13 06:00,7,3,4,0,0,0
2020-01-13 06:15,32,15,17,0,0,0
2020-01-13 06:30,34,12,22,0,0,0
2020-01-13 06:45,43,17,26,0,0,0
2020-01-13 07:00,68,30,38,0,0,0
2020-01-13 07:15,94,40,54,0,0,0
2020-01-13 07:30,250,165,85,0,0,0
2020-01-13 07:45,247,87,160,0,0,0
2020-01-13 08:00,251,80,171,0,0,0
2020-01-13 08:15,150,47,103,0,0,0
2020-01-13 08:30,118,40,78,0,0,0
2020-01-13 08:45,173,60,113,0,0,0
2020-01-13 09:00,129,44,85,0,0,0
2020-01-13 09:15,79,32,47,0,0,0
2020-01-13 09:30,111,55,56,0,0,0
2020-01-13 09:45,175,69,106,0,0,0
2020-01-13 10:00,238,98,140,0,0,0
2020-01-13 10:15,80,42,38,0,0,0
2020-01-13 10:30,70,34,36,0,0,0
2020-01-13 10:45,70,24,46,0,0,0
2020-01-13 11:00,99,45,54,0,0,0
2020-01-13 11:15,99,40,59,0,0,0
2020-01-13 11:30,108,40,68,0,0,0
2020-01-13 11:45,202,69,133,0,0,0
2020-01-13 12:00,154,76,78,0,0,0
2020-01-13 12:15,120,63,57,0,0,0
2020-01-13 12:30,101,40,61,0,0,0
2020-01-13 12:45,110,48,62,0,0,0
2020-01-13 13:00,135,59,76,0,0,0
2020-01-13 13:15,126,49,77,0,0,0
2020-01-13 13:30,120,53,67,0,0,0
2020-01-13 13:45,198,85,113,0,0,0
2020-01-13 14:00,190,83,107,0,0,0
2020-01-13 14:15,111,59,52,0,0,0
2020-01-13 14:30,96,46,50,0,0,0
2020-01-13 14:45,129,58,71,0,0,0
2020-01-13 15:00,111,48,63,0,0,0
2020-01-13 15:15,120,61,59,0,0,0
2020-01-13 15:30,153,71,82,0,0,0
2020-01-13 15:45,279,156,123,0,0,0
2020-01-13 16:00,209,101,108,0,0,0
2020-01-13 16:15,135,67,68,0,0,0
2020-01-13 16:30,120,59,61,0,0,0
2020-01-13 16:45,136,80,56,0,0,0
2020-01-13 17:00,142,70,72,0,0,0
2020-01-13 17:15,125,58,67,0,0,0
2020-01-13 17:30,158,84,74,0,0,0
2020-01-13 17:45,195,97,98,0,0,0
2020-01-13 18:00,140,64,76,0,0,0
2020-01-13 18:15,120,54,66,0,0,0
2020-01-13 18:30,88,41,47,0,0,0
2020-01-13 18:45,110,44,66,0,0,0
2020-01-13 19:00,92,40,52,0,0,0
2020-01-13 19:15,82,39,43,0,0,0
2020-01-13 19:30,83,42,41,0,0,0
2020-01-13 19:45,102,45,57,0,0,0
2020-01-13 20:00,57,24,33,0,0,0
2020-01-13 20:15,37,11,26,0,0,0
2020-01-13 20:30,43,11,32,0,0,0
2020-01-13 20:45,37,5,32,0,0,0
2020-01-13 21:00,38,9,29,0,0,0
2020-01-13 21:15,40,9,31,0,0,0
2020-01-13 21:30,21,3,18,0,0,0
2020-01-13 21:45,30,5,25,0,0,0
2020-01-13 22:00,29,12,17,0,0,0
2020-01-13 22:15,30,7,23,0,0,0
2020-01-13 22:30,21,4,17,0,0,0
2020-01-13 22:45,18,4,14,0,0,0
2020-01-13 23:00,8,3,5,0,0,0
2020-01-13 23:15,14,5,9,0,0,0
2020-01-13 23:30,7,2,5,0,0,0
2020-01-13 23:45,8,2,6,0,0,0
2020-01-14 00:00,14,8,6,0,0,0
2020-01-14 00:15,5,1,4,0,0,0
2020-01-14 00:30,5,4,1,0,0,0
2020-01-14 00:45,2,0,2,0,0,0
2020-01-14 01:00,2,1,1,0,0,0
2020-01-14 01:15,4,0,4,0,0,0
2020-01-14 01:30,0,0,0,0,0,0
2020-01-14 01:45,0,0,0,0,0,0
2020-01-14 02:00,0,0,0,0,0,0
2020-01-14 02:15,0,0,0,0,0,0
2020-01-14 02:30,2,0,2,0,0,0
2020-01-14 02:45,0,0,0,0,0,0
2020-01-14 03:00,0,0,0,0,0,0
2020-01-14 03:15,0,0,0,0,0,0
2020-01-14 03:30,0,0,0,0,0,0
2020-01-14 03:45,0,0,0,0,0,0
2020-01-14 04:00,0,0,0,0,0,0
2020-01-14 04:15,2,0,2,0,0,0
2020-01-14 04:30,1,1,0,0,0,0
2020-01-14 04:45,0,0,0,0,0,0
2020-01-14 05:00,1,1,0,0,0,0
2020-01-14 05:15,4,2,2,0,0,0
2020-01-14 05:30,12,7,5,0,0,0
2020-01-14 05:45,16,4,12,0,0,0
2020-01-14 06:00,4,1,3,0,0,0
2020-01-14 06:15,22,7,15,0,0,0
2020-01-14 06:30,32,9,23,0,0,0
2020-01-14 06:45,48,17,31,0,0,0
2020-01-14 07:00,50,16,34,0,0,0
2020-01-14 07:15,79,37,42,0,0,0
2020-01-14 07:30,172,118,54,0,0,0
2020-01-14 07:45,221,76,145,0,0,0
2020-01-14 08:00,276,73,203,0,0,0
2020-01-14 08:15,153,64,89,0,0,0
2020-01-14 08:30,107,42,65,0,0,0
2020-01-14 08:45,153,53,100,0,0,0
2020-01-14 09:00,138,47,91,0,0,0
2020-01-14 09:15,85,43,42,0,0,0
2020-01-14 09:30,111,51,60,0,0,0
2020-01-14 09:45,199,61,138,0,0,0
2020-01-14 10:00,252,93,159,0,0,0
2020-01-14 10:15,93,44,49,0,0,0
2020-01-14 10:30,82,32,50,0,0,0
2020-01-14 10:45,65,33,32,0,0,0
2020-01-14 11:00,58,23,35,0,0,0
2020-01-14 11:15,81,38,43,0,0,0
2020-01-14 11:30,93,41,52,0,0,0
2020-01-14 11:45,231,133,98,0,0,0
2020-01-14 12:00,202,88,114,0,0,0
2020-01-14 12:15,109,35,74,0,0,0
2020-01-14 12:30,109,51,58,0,0,0
2020-01-14 12:45,122,55,67,0,0,0
2020-01-14 13:00,155,63,92,0,0,0
2020-01-14 13:15,133,47,86,0,0,0
2020-01-14 13:30,121,45,76,0,0,0
2020-01-14 13:45,244,112,132,0,0,0
2020-01-14 14:00,150,68,82,0,0,0
2020-01-14 14:15,101,52,49,0,0,0
2020-01-14 14:30,95,48,47,0,0,0
2020-01-14 14:45,115,48,67,0,0,0
2020-01-14 15:00,92,50,42,0,0,0
2020-01-14 15:15,111,62,49,0,0,0
2020-01-14 15:30,102,47,55,0,0,0
2020-01-14 15:45,188,121,67,0,0,0
2020-01-14 16:00,175,91,84,0,0,0
2020-01-14 16:15,123,64,59,0,0,0
2020-01-14 16:30,134,87,47,0,0,0
2020-01-14 16:45,123,74,49,0,0,0
2020-01-14 17:00,120,67,53,0,0,0
2020-01-14 17:15,127,64,63,0,0,0
2020-01-14 17:30,128,76,52,0,0,0
2020-01-14 17:45,164,92,72,0,0,0
2020-01-14 18:00,161,88,73,0,0,0
2020-01-14 18:15,119,55,64,0,0,0
2020-01-14 18:30,80,37,43,0,0,0
2020-01-14 18:45,108,52,56,0,0,0
2020-01-14 19:00,86,42,44,0,0,0
2020-01-14 19:15,105,55,50,0,0,0
2020-01-14 19:30,63,24,39,0,0,0
2020-01-14 19:45,98,42,56,0,0,0
2020-01-14 20:00,72,29,43,0,0,0
2020-01-14 20:15,47,14,33,0,0,0
2020-01-14 20:30,33,8,25,0,0,0
2020-01-14 20:45,43,16,27,0,0,0
2020-01-14 21:00,25,11,14,0,0,0
2020-01-14 21:15,54,21,33,0,0,0
2020-01-14 21:30,37,12,25,0,0,0
2020-01-14 21:45,47,6,41,0,0,0
2020-01-14 22:00,35,7,28,0,0,0
2020-01-14 22:15,34,11,23,0,0,0
2020-01-14 22:30,30,6,24,0,0,0
2020-01-14 22:45,27,3,24,0,0,0
2020-01-14 23:00,13,3,10,0,0,0
2020-01-14 23:15,20,5,15,0,0,0
2020-01-14 23:30,16,1,15,0,0,0
2020-01-14 23:45,9,4,5,0,0,0
2020-01-15 00:00,8,4,4,0,0,0
2020-01-15 00:15,8,3,5,0,0,0
2020-01-15 00:30,1,1,0,0,0,0
2020-01-15 00:45,4,0,4,0,0,0
2020-01-15 01:00,4,0,4,0,0,0
2020-01-15 01:15,6,5,1,0,0,0
2020-01-15 01:30,0,0,0,0,0,0
2020-01-15 01:45,1,1,0,0,0,0
2020-01-15 02:00,0,0,0,0,0,0
2020-01-15 02:15,0,0,0,0,0,0
2020-01-15 02:30,0,0,0,0,0,0
2020-01-15 02:45,0,0,0,0,0,0
2020-01-15 03:00,0,0,0,0,0,0
2020-01-15 03:15,2,0,2,0,0,0
2020-01-15 03:30,0,0,0,0,0,0
2020-01-15 03:45,0,0,0,0,0,0
2020-01-15 04:00,0,0,0,0,0,0
2020-01-15 04:15,1,0,1,0,0,0
2020-01-15 04:30,0,0,0,0,0,0
2020-01-15 04:45,0,0,0,0,0,0
2020-01-15 05:00,1,0,1,0,0,0
2020-01-15 05:15,2,2,0,0,0,0
2020-01-15 05:30,12,6,6,0,0,0
2020-01-15 05:45,18,5,13,0,0,0
2020-01-15 06:00,6,4,2,0,0,0
2020-01-15 06:15,25,14,11,0,0,0
2020-01-15 06:30,38,16,22,0,0,0
2020-01-15 06:45,57,21,36,0,0,0
2020-01-15 07:00,67,23,44,0,0,0
2020-01-15 07:15,105,56,49,0,0,0
2020-01-15 07:30,256,161,95,0,0,0
2020-01-15 07:45,304,98,206,0,0,0
2020-01-15 08:00,289,95,194,0,0,0
2020-01-15 08:15,147,58,89,0,0,0
2020-01-15 08:30,123,45,78,0,0,0
2020-01-15 08:45,185,66,119,0,0,0
2020-01-15 09:00,125,52,73,0,0,0
2020-01-15 09:15,118,54,64,0,0,0
2020-01-15 09:30,178,58,120,0,0,0
2020-01-15 09:45,197,89,108,0,0,0
2020-01-15 10:00,236,91,145,0,0,0
2020-01-15 10:15,88,36,52,0,0,0
2020-01-15 10:30,80,34,46,0,0,0
2020-01-15 10:45,102,44,58,0,0,0
2020-01-15 11:00,99,48,51,0,0,0
2020-01-15 11:15,140,74,66,0,0,0
2020-01-15 11:30,139,60,79,0,0,0
2020-01-15 11:45,271,128,143,0,0,0
2020-01-15 12:00,188,100,88,0,0,0
2020-01-15 12:15,178,103,75,0,0,0
2020-01-15 12:30,124,48,76,0,0,0
2020-01-15 12:45,152,68,84,0,0,0
2020-01-15 13:00,150,72,78,0,0,0
2020-01-15 13:15,150,50,100,0,0,0
2020-01-15 13:30,141,66,75,0,0,0
2020-01-15 13:45,212,76,136,0,0,0
2020-01-15 14:00,196,73,123,0,0,0
2020-01-15 14:15,115,62,53,0,0,0
2020-01-15 14:30,118,53,65,0,0,0
2020-01-15 14:45,132,56,76,0,0,0
2020-01-15 15:00,113,50,63,0,0,0
2020-01-15 15:15,136,73,63,0,0,0
2020-01-15 15:30,160,67,93,0,0,0
2020-01-15 15:45,227,81,146,0,0,0
2020-01-15 16:00,165,76,89,0,0,0
2020-01-15 16:15,137,67,70,0,0,0
2020-01-15 16:30,126,41,85,0,0,0
2020-01-15 16:45,148,72,76,0,0,0
2020-01-15 17:00,139,74,65,0,0,0
2020-01-15 17:15,130,61,69,0,0,0
2020-01-15 17:30,126,59,67,0,0,0
2020-01-15 17:45,168,95,73,0,0,0
2020-01-15 18:00,165,99,66,0,0,0
2020-01-15 18:15,110,52,58,0,0,0
2020-01-15 18:30,94,52,42,0,0,0
2020-01-15 18:45,96,58,38,0,0,0
2020-01-15 19:00,67,31,36,0,0,0
2020-01-15 19:15,71,40,31,0,0,0
2020-01-15 19:30,57,21,36,0,0,0
2020-01-15 19:45,85,32,53,0,0,0
2020-01-15 20:00,65,22,43,0,0,0
2020-01-15 20:15,48,24,24,0,0,0
2020-01-15 20:30,43,18,25,0,0,0
2020-01-15 20:45,38,7,31,0,0,0
2020-01-15 21:00,29,8,21,0,0,0
2020-01-15 21:15,43,8,35,0,0,0
2020-01-15 21:30,38,12,26,0,0,0
2020-01-15 21:45,28,5,23,0,0,0
2020-01-15 22:00,37,15,22,0,0,0
2020-01-15 22:15,26,6,20,0,0,0
2020-01-15 22:30,25,8,17,0,0,0
2020-01-15 22:45,23,9,14,0,0,0
2020-01-15 23:00,17,4,13,0,0,0
2020-01-15 23:15,11,3,8,0,0,0
2020-01-15 23:30,9,0,9,0,0,0
2020-01-15 23:45,8,3,5,0,0,0
2020-01-16 00:00,7,5,2,0,0,0
2020-01-16 00:15,4,2,2,0,0,0
2020-01-16 00:30,4,2,2,0,0,0
2020-01-16 00:45,7,5,2,0,0,0
2020-01-16 01:00,4,0,4,0,0,0
2020-01-16 01:15,3,1,2,0,0,0
2020-01-16 01:30,2,0,2,0,0,0
2020-01-16 01:45,4,2,2,0,0,0
2020-01-16 02:00,1,0,1,0,0,0
2020-01-16 02:15,1,0,1,0,0,0
2020-01-16 02:30,10,3,7,0,0,0
2020-01-16 02:45,0,0,0,0,0,0
2020-01-16 03:00,0,0,0,0,0,0
2020-01-16 03:15,0,0,0,0,0,0
2020-01-16 03:30,1,0,1,0,0,0
2020-01-16 03:45,0,0,0,0,0,0
2020-01-16 04:00,2,0,2,0,0,0
2020-01-16 04:15,0,0,0,0,0,0
2020-01-16 04:30,0,0,0,0,0,0
2020-01-16 04:45,1,0,1,0,0,0
2020-01-16 05:00,0,0,0,0,0,0
2020-01-16 05:15,4,3,1,0,0,0
2020-01-16 05:30,10,2,8,0,0,0
2020-01-16 05:45,17,4,13,0,0,0
2020-01-16 06:00,9,7,2,0,0,0
2020-01-16 06:15,25,17,8,0,0,0
2020-01-16 06:30,35,14,21,0,0,0
2020-01-16 06:45,51,20,31,0,0,0
2020-01-16 07:00,62,23,39,0,0,0
2020-01-16 07:15,111,48,63,0,0,0
2020-01-16 07:30,265,164,101,0,0,0
2020-01-16 07:45,307,108,199,0,0,0
2020-01-16 08:00,253,69,184,0,0,0
2020-01-16 08:15,183,54,129,0,0,0
2020-01-16 08:30,117,45,72,0,0,0
2020-01-16 08:45,126,66,60,0,0,0
2020-01-16 09:00,144,54,90,0,0,0
2020-01-16 09:15,104,63,41,0,0,0
2020-01-16 09:30,133,50,83,0,0,0
2020-01-16 09:45,196,93,103,0,0,0
2020-01-16 10:00,214,69,145,0,0,0
2020-01-16 10:15,82,42,40,0,0,0
2020-01-16 10:30,91,43,48,0,0,0
2020-01-16 10:45,80,35,45,0,0,0
2020-01-16 11:00,64,21,43,0,0,0
2020-01-16 11:15,92,43,49,0,0,0
2020-01-16 11:30,109,65,44,0,0,0
2020-01-16 11:45,208,93,115,0,0,0
2020-01-16 12:00,213,96,117,0,0,0
2020-01-16 12:15,131,61,70,0,0,0
2020-01-16 12:30,97,37,60,0,0,0
2020-01-16 12:45,129,49,80,0,0,0
2020-01-16 13:00,126,53,73,0,0,0
2020-01-16 13:15,135,40,95,0,0,0
2020-01-16 13:30,131,57,74,0,0,0
2020-01-16 13:45,222,111,111,0,0,0
2020-01-16 14:00,220,80,140,0,0,0
2020-01-16 14:15,119,58,61,0,0,0
2020-01-16 14:30,117,63,54,0,0,0
2020-01-16 14:45,150,78,72,0,0,0
2020-01-16 15:00,127,65,62,0,0,0
2020-01-16 15:15,134,82,52,0,0,0
2020-01-16 15:30,171,85,86,0,0,0
2020-01-16 15:45,223,119,104,0,0,0
2020-01-16 16:00,248,118,130,0,0,0
2020-01-16 16:15,150,88,62,0,0,0
2020-01-16 16:30,145,84,61,0,0,0
2020-01-16 16:45,130,73,57,0,0,0
2020-01-16 17:00,142,61,81,0,0,0
2020-01-16 17:15,137,70,67,0,0,0
2020-01-16 17:30,165,78,87,0,0,0
2020-01-16 17:45,202,116,86,0,0,0
2020-01-16 18:00,159,75,84,0,0,0
2020-01-16 18:15,129,62,67,0,0,0
2020-01-16 18:30,109,59,50,0,0,0
2020-01-16 18:45,104,48,56,0,0,0
2020-01-16 19:00,111,58,53,0,0,0
2020-01-16 19:15,80,43,37,0,0,0
2020-01-16 19:30,91,32,59,0,0,0
2020-01-16 19:45,88,39,49,0,0,0
2020-01-16 20:00,73,23,50,0,0,0
2020-01-16 20:15,50,21,29,0,0,0
2020-01-16 20:30,42,15,27,0,0,0
2020-01-16 20:45,36,15,21,0,0,0
2020-01-16 21:00,33,13,20,0,0,0
2020-01-16 21:15,29,8,21,0,0,0
2020-01-16 21:30,37,9,28,0,0,0
2020-01-16 21:45,29,8,21,0,0,0
2020-01-16 22:00,32,11,21,0,0,0
2020-01-16 22:15,37,16,21,0,0,0
2020-01-16 22:30,36,6,30,0,0,0
2020-01-16 22:45,25,2,23,0,0,0
2020-01-16 23:00,21,5,16,0,0,0
2020-01-16 23:15,23,3,20,0,0,0
2020-01-16 23:30,24,10,14,0,0,0
2020-01-16 23:45,13,3,10,0,0,0
2020-01-17 00:00,16,6,10,0,0,0
2020-01-17 00:15,10,5,5,0,0,0
2020-01-17 00:30,8,0,8,0,0,0
2020-01-17 00:45,6,1,5,0,0,0
2020-01-17 01:00,2,1,1,0,0,0
2020-01-17 01:15,4,1,3,0,0,0
2020-01-17 01:30,2,0,2,0,0,0
2020-01-17 01:45,2,0,2,0,0,0
2020-01-17 02:00,3,0,3,0,0,0
2020-01-17 02:15,1,0,1,0,0,0
2020-01-17 02:30,0,0,0,0,0,0
2020-01-17 02:45,1,0,1,0,0,0
2020-01-17 03:00,0,0,0,0,0,0
2020-01-17 03:15,0,0,0,0,0,0
2020-01-17 03:30,0,0,0,0,0,0
2020-01-17 03:45,0,0,0,0,0,0
2020-01-17 04:00,2,1,1,0,0,0
2020-01-17 04:15,2,2,0,0,0,0
2020-01-17 04:30,0,0,0,0,0,0
2020-01-17 04:45,4,1,3,0,0,0
2020-01-17 05:00,3,0,3,0,0,0
2020-01-17 05:15,4,1,3,0,0,0
2020-01-17 05:30,7,5,2,0,0,0
2020-01-17 05:45,7,3,4,0,0,0
2020-01-17 06:00,9,4,5,0,0,0
2020-01-17 06:15,24,8,16,0,0,0
2020-01-17 06:30,21,9,12,0,0,0
2020-01-17 06:45,46,17,29,0,0,0
2020-01-17 07:00,62,23,39,0,0,0
2020-01-17 07:15,95,40,55,0,0,0
2020-01-17 07:30,219,147,72,0,0,0
2020-01-17 07:45,269,107,162,0,0,0
2020-01-17 08:00,222,69,153,0,0,0
2020-01-17 08:15,147,46,101,0,0,0
2020-01-17 08:30,87,29,58,0,0,0
2020-01-17 08:45,144,55,89,0,0,0
2020-01-17 09:00,108,49,59,0,0,0
2020-01-17 09:15,92,45,47,0,0,0
2020-01-17 09:30,96,34,62,0,0,0
2020-01-17 09:45,186,68,118,0,0,0
2020-01-17 10:00,198,91,107,0,0,0
2020-01-17 10:15,87,52,35,0,0,0
2020-01-17 10:30,92,38,54,0,0,0
2020-01-17 10:45,85,34,51,0,0,0
2020-01-17 11:00,67,40,27,0,0,0
2020-01-17 11:15,92,41,51,0,0,0
2020-01-17 11:30,112,54,58,0,0,0
2020-01-17 11:45,163,78,85,0,0,0
2020-01-17 12:00,159,89,70,0,0,0
2020-01-17 12:15,155,71,84,0,0,0
2020-01-17 12:30,122,54,68,0,0,0
2020-01-17 12:45,135,63,72,0,0,0
2020-01-17 13:00,132,54,78,0,0,0
2020-01-17 13:15,188,62,126,0,0,0
2020-01-17 13:30,134,52,82,0,0,0
2020-01-17 13:45,187,71,116,0,0,0
2020-01-17 14:00,159,68,91,0,0,0
2020-01-17 14:15,122,48,74,0,0,0
2020-01-17 14:30,95,41,54,0,0,0
2020-01-17 14:45,116,56,60,0,0,0
2020-01-17 15:00,111,64,47,0,0,0
2020-01-17 15:15,92,50,42,0,0,0
2020-01-17 15:30,117,62,55,0,0,0
2020-01-17 15:45,107,64,43,0,0,0
2020-01-17 16:00,122,72,50,0,0,0
2020-01-17 16:15,83,48,35,0,0,0
2020-01-17 16:30,110,56,54,0,0,0
2020-01-17 16:45,94,50,44,0,0,0
2020-01-17 17:00,81,35,46,0,0,0
2020-01-17 17:15,104,56,48,0,0,0
2020-01-17 17:30,102,48,54,0,0,0
2020-01-17 17:45,104,53,51,0,0,0
2020-01-17 18:00,88,43,45,0,0,0
2020-01-17 18:15,94,32,62,0,0,0
2020-01-17 18:30,57,23,34,0,0,0
2020-01-17 18:45,78,33,45,0,0,0
2020-01-17 19:00,88,38,50,0,0,0
2020-01-17 19:15,51,19,32,0,0,0
2020-01-17 19:30,47,20,27,0,0,0
2020-01-17 19:45,54,31,23,0,0,0
2020-01-17 20:00,66,34,32,0,0,0
2020-01-17 20:15,62,41,21,0,0,0
2020-01-17 20:30,39,8,31,0,0,0
2020-01-17 20:45,33,15,18,0,0,0
2020-01-17 21:00,27,9,18,0,0,0
2020-01-17 21:15,37,11,26,0,0,0
2020-01-17 21:30,29,11,18,0,0,0
2020-01-17 21:45,24,8,16,0,0,0
2020-01-17 22:00,33,9,24,0,0,0
2020-01-17 22:15,46,10,36,0,0,0
2020-01-17 22:30,30,5,25,0,0,0
2020-01-17 22:45,22,9,13,0,0,0
2020-01-17 23:00,22,8,14,0,0,0
2020-01-17 23:15,16,3,13,0,0,0
2020-01-17 23:30,16,1,15,0,0,0
2020-01-17 23:45,20,5,15,0,0,0
2020-01-18 00:00,27,9,18,0,0,0
2020-01-18 00:15,23,8,15,0,0,0
2020-01-18 00:30,18,13,5,0,0,0
2020-01-18 00:45,29,11,18,0,0,0
2020-01-18 01:00,23,17,6,0,0,0
2020-01-18 01:15,20,9,11,0,0,0
2020-01-18 01:30,7,2,5,0,0,0
2020-01-18 01:45,11,5,6,0,0,0
2020-01-18 02:00,5,2,3,0,0,0
2020-01-18 02:15,13,9,4,0,0,0
2020-01-18 02:30,6,3,3,0,0,0
2020-01-18 02:45,7,7,0,0,0,0
2020-01-18 03:00,7,2,5,0,0,0
2020-01-18 03:15,6,3,3,0,0,0
2020-01-18 03:30,5,1,4,0,0,0
2020-01-18 03:45,1,0,1,0,0,0
2020-01-18 04:00,6,2,4,0,0,0
2020-01-18 04:15,2,1,1,0,0,0
2020-01-18 04:30,5,0,5,0,0,0
2020-01-18 04:45,0,0,0,0,0,0
2020-01-18 05:00,4,2,2,0,0,0
2020-01-18 05:15,0,0,0,0,0,0
2020-01-18 05:30,2,1,1,0,0,0
2020-01-18 05:45,5,2,3,0,0,0
2020-01-18 06:00,4,1,3,0,0,0
2020-01-18 06:15,5,3,2,0,0,0
2020-01-18 06:30,4,3,1,0,0,0
2020-01-18 06:45,5,3,2,0,0,0
2020-01-18 07:00,11,10,1,0,0,0
2020-01-18 07:15,5,3,2,0,0,0
2020-01-18 07:30,17,6,11,0,0,0
2020-01-18 07:45,37,24,13,0,0,0
2020-01-18 08:00,37,11,26,0,0,0
2020-01-18 08:15,29,16,13,0,0,0
2020-01-18 08:30,25,12,13,0,0,0
2020-01-18 08:45,47,27,20,0,0,0
2020-01-18 09:00,32,23,9,0,0,0
2020-01-18 09:15,47,34,13,0,0,0
2020-01-18 09:30,53,31,22,0,0,0
2020-01-18 09:45,63,41,22,0,0,0
2020-01-18 10:00,47,35,12,0,0,0
2020-01-18 10:15,55,40,15,0,0,0
2020-01-18 10:30,62,32,30,0,0,0
2020-01-18 10:45,73,44,29,0,0,0
2020-01-18 11:00,86,56,30,0,0,0
2020-01-18 11:15,76,47,29,0,0,0
2020-01-18 11:30,70,45,25,0,0,0
2020-01-18 11:45,89,67,22,0,0,0
2020-01-18 12:00,92,54,38,0,0,0
2020-01-18 12:15,75,44,31,0,0,0
2020-01-18 12:30,76,39,37,0,0,0
2020-01-18 12:45,79,42,37,0,0,0
2020-01-18 13:00,97,39,58,0,0,0
2020-01-18 13:15,68,38,30,0,0,0
2020-01-18 13:30,79,21,58,0,0,0
2020-01-18 13:45,72,29,43,0,0,0
2020-01-18 14:00,98,39,59,0,0,0
2020-01-18 14:15,83,40,43,0,0,0
2020-01-18 14:30,57,22,35,0,0,0
2020-01-18 14:45,94,35,59,0,0,0
2020-01-18 15:00,66,22,44,0,0,0
2020-01-18 15:15,49,18,31,0,0,0
2020-01-18 15:30,50,17,33,0,0,0
2020-01-18 15:45,71,24,47,0,0,0
2020-01-18 16:00,47,16,31,0,0,0
2020-01-18 16:15,67,16,51,0,0,0
2020-01-18 16:30,41,12,29,0,0,0
2020-01-18 16:45,43,10,33,0,0,0
2020-01-18 17:00,29,8,21,0,0,0
2020-01-18 17:15,47,24,23,0,0,0
2020-01-18 17:30,44,14,30,0,0,0
2020-01-18 17:45,56,19,37,0,0,0
2020-01-18 18:00,50,15,35,0,0,0
2020-01-18 18:15,48,10,38,0,0,0
2020-01-18 18:30,36,11,25,0,0,0
2020-01-18 18:45,47,29,18,0,0,0
2020-01-18 19:00,42,17,25,0,0,0
2020-01-18 19:15,54,27,27,0,0,0
2020-01-18 19:30,52,28,24,0,0,0
2020-01-18 19:45,58,27,31,0,0,0
2020-01-18 20:00,29,13,16,0,0,0
2020-01-18 20:15,38,15,23,0,0,0
2020-01-18 20:30,22,9,13,0,0,0
2020-01-18 20:45,21,14,7,0,0,0
2020-01-18 21:00,20,15,5,0,0,0
2020-01-18 21:15,16,6,10,0,0,0
2020-01-18 21:30,17,6,11,0,0,0
2020-01-18 21:45,14,3,11,0,0,0
2020-01-18 22:00,7,1,6,0,0,0
2020-01-18 22:15,9,2,7,0,0,0
2020-01-18 22:30,19,5,14,0,0,0
2020-01-18 22:45,26,8,18,0,0,0
2020-01-18 23:00,12,2,10,0,0,0
2020-01-18 23:15,12,4,8,0,0,0
2020-01-18 23:30,19,8,11,0,0,0
2020-01-18 23:45,10,2,8,0,0,0
2020-01-19 00:00,23,5,18,0,0,0
2020-01-19 00:15,20,11,9,0,0,0
2020-01-19 00:30,23,4,19,0,0,0
2020-01-19 00:45,19,2,17,0,0,0
2020-01-19 01:00,17,8,9,0,0,0
2020-01-19 01:15,7,2,5,0,0,0
2020-01-19 01:30,5,0,5,0,0,0
2020-01-19 01:45,1,1,0,0,0,0
2020-01-19 02:00,8,1,7,0,0,0
2020-01-19 02:15,4,1,3,0,0,0
2020-01-19 02:30,3,0,3,0,0,0
2020-01-19 02:45,1,0,1,0,0,0
2020-01-19 03:00,3,0,3,0,0,0
2020-01-19 03:15,5,1,4,0,0,0
2020-01-19 03:30,5,0,5,0,0,0
2020-01-19 03:45,2,0,2,0,0,0
2020-01-19 04:00,1,0,1,0,0,0
2020-01-19 04:15,7,0,7,0,0,0
2020-01-19 04:30,3,0,3,0,0,0
2020-01-19 04:45,3,0,3,0,0,0
2020-01-19 05:00,3,0,3,0,0,0
2020-01-19 05:15,2,0,2,0,0,0
2020-01-19 05:30,1,0,1,0,0,0
2020-01-19 05:45,5,0,5,0,0,0
2020-01-19 06:00,5,0,5,0,0,0
2020-01-19 06:15,1,0,1,0,0,0
2020-01-19 06:30,3,2,1,0,0,0
2020-01-19 06:45,11,3,8,0,0,0
2020-01-19 07:00,0,0,0,0,0,0
2020-01-19 07:15,6,4,2,0,0,0
2020-01-19 07:30,5,1,4,0,0,0
2020-01-19 07:45,18,8,10,0,0,0
2020-01-19 08:00,7,7,0,0,0,0
2020-01-19 08:15,9,7,2,0,0,0
2020-01-19 08:30,7,3,4,0,0,0
2020-01-19 08:45,33,17,16,0,0,0
2020-01-19 09:00,21,18,3,0,0,0
2020-01-19 09:15,29,22,7,0,0,0
2020-01-19 09:30,26,21,5,0,0,0
2020-01-19 09:45,45,30,15,0,0,0
2020-01-19 10:00,20,7,13,0,0,0
2020-01-19 10:15,24,14,10,0,0,0
2020-01-19 10:30,29,12,17,0,0,0
2020-01-19 10:45,19,10,9,0,0,0
2020-01-19 11:00,19,10,9,0,0,0
2020-01-19 11:15,21,12,9,0,0,0
2020-01-19 11:30,17,8,9,0,0,0
2020-01-19 11:45,25,15,10,0,0,0
2020-01-19 12:00,48,7,41,0,0,0
2020-01-19 12:15,44,14,30,0,0,0
2020-01-19 12:30,53,15,38,0,0,0
2020-01-19 12:45,56,23,33,0,0,0
2020-01-19 13:00,41,22,19,0,0,0
2020-01-19 13:15,50,10,40,0,0,0
2020-01-19 13:30,47,14,33,0,0,0
2020-01-19 13:45,69,29,40,0,0,0
2020-01-19 14:00,65,29,36,0,0,0
2020-01-19 14:15,34,11,23,0,0,0
2020-01-19 14:30,43,12,31,0,0,0
2020-01-19 14:45,50,28,22,0,0,0
2020-01-19 15:00,41,20,21,0,0,0
2020-01-19 15:15,52,29,23,0,0,0
2020-01-19 15:30,61,26,35,0,0,0
2020-01-19 15:45,64,26,38,0,0,0
2020-01-19 16:00,41,20,21,0,0,0
2020-01-19 16:15,35,14,21,0,0,0
2020-01-19 16:30,46,26,20,0,0,0
2020-01-19 16:45,49,17,32,0,0,0
2020-01-19 17:00,51,20,31,0,0,0
2020-01-19 17:15,38,15,23,0,0,0
2020-01-19 17:30,45,18,27,0,0,0
2020-01-19 17:45,43,21,22,0,0,0
2020-01-19 18:00,42,25,17,0,0,0
2020-01-19 18:15,34,16,18,0,0,0
2020-01-19 18:30,32,14,18,0,0,0
2020-01-19 18:45,42,22,20,0,0,0
2020-01-19 19:00,24,9,15,0,0,0
2020-01-19 19:15,46,13,33,0,0,0
2020-01-19 19:30,50,34,16,0,0,0
2020-01-19 19:45,31,11,20,0,0,0
2020-01-19 20:00,19,7,12,0,0,0
2020-01-19 20:15,31,7,24,0,0,0
2020-01-19 20:30,20,6,14,0,0,0
2020-01-19 20:45,23,7,16,0,0,0
2020-01-19 21:00,19,5,14,0,0,0
2020-01-19 21:15,12,4,8,0,0,0
2020-01-19 21:30,15,6,9,0,0,0
2020-01-19 21:45,10,2,8,0,0,0
2020-01-19 22:00,14,2,12,0,0,0
2020-01-19 22:15,12,1,11,0,0,0
2020-01-19 22:30,14,3,11,0,0,0
2020-01-19 22:45,42,0,42,0,0,0
2020-01-19 23:00,12,0,12,0,0,0
2020-01-19 23:15,9,3,6,0,0,0
2020-01-19 23:30,11,4,7,0,0,0
2020-01-19 23:45,3,2,1,0,0,0
2020-01-20 00:00,1,1,0,0,0,0
2020-01-20 00:15,15,6,9,0,0,0
2020-01-20 00:30,8,1,7,0,0,0
2020-01-20 00:45,1,0,1,0,0,0
2020-01-20 01:00,1,0,1,0,0,0
2020-01-20 01:15,0,0,0,0,0,0
2020-01-20 01:30,1,1,0,0,0,0
2020-01-20 01:45,0,0,0,0,0,0
2020-01-20 02:00,2,0,2,0,0,0
2020-01-20 02:15,0,0,0,0,0,0
2020-01-20 02:30,1,1,0,0,0,0
2020-01-20 02:45,0,0,0,0,0,0
2020-01-20 03:00,1,0,1,0,0,0
2020-01-20 03:15,0,0,0,0,0,0
2020-01-20 03:30,0,0,0,0,0,0
2020-01-20 03:45,2,0,2,0,0,0
2020-01-20 04:00,0,0,0,0,0,0
2020-01-20 04:15,1,1,0,0,0,0
2020-01-20 04:30,0,0,0,0,0,0
2020-01-20 04:45,3,1,2,0,0,0
2020-01-20 05:00,0,0,0,0,0,0
2020-01-20 05:15,0,0,0,0,0,0
2020-01-20 05:30,11,5,6,0,0,0
2020-01-20 05:45,13,4,9,0,0,0
2020-01-20 06:00,12,6,6,0,0,0
2020-01-20 06:15,22,10,12,0,0,0
2020-01-20 06:30,37,13,24,0,0,0
2020-01-20 06:45,54,17,37,0,0,0
2020-01-20 07:00,62,21,41,0,0,0
2020-01-20 07:15,110,58,52,0,0,0
2020-01-20 07:30,209,128,81,0,0,0
2020-01-20 07:45,236,109,127,0,0,0
2020-01-20 08:00,203,80,123,0,0,0
2020-01-20 08:15,181,55,126,0,0,0
2020-01-20 08:30,108,39,69,0,0,0
2020-01-20 08:45,130,57,73,0,0,0
2020-01-20 09:00,99,37,62,0,0,0
2020-01-20 09:15,101,50,51,0,0,0
2020-01-20 09:30,88,33,55,0,0,0
2020-01-20 09:45,172,60,112,0,0,0
2020-01-20 10:00,244,105,139,0,0,0
2020-01-20 10:15,86,33,53,0,0,0
2020-01-20 10:30,65,30,35,0,0,0
2020-01-20 10:45,68,26,42,0,0,0
2020-01-20 11:00,68,23,45,0,0,0
2020-01-20 11:15,92,43,49,0,0,0
2020-01-20 11:30,82,30,52,0,0,0
2020-01-20 11:45,164,57,107,0,0,0
2020-01-20 12:00,153,63,90,0,0,0
2020-01-20 12:15,135,70,65,0,0,0
2020-01-20 12:30,90,27,63,0,0,0
2020-01-20 12:45,102,45,57,0,0,0
2020-01-20 13:00,110,48,62,0,0,0
2020-01-20 13:15,112,37,75,0,0,0
2020-01-20 13:30,104,44,60,0,0,0
2020-01-20 13:45,184,80,104,0,0,0
2020-01-20 14:00,174,65,109,0,0,0
2020-01-20 14:15,115,60,55,0,0,0
2020-01-20 14:30,123,64,59,0,0,0
2020-01-20 14:45,125,52,73,0,0,0
2020-01-20 15:00,100,42,58,0,0,0
2020-01-20 15:15,116,71,45,0,0,0
2020-01-20 15:30,125,52,73,0,0,0
2020-01-20 15:45,265,142,123,0,0,0
2020-01-20 16:00,197,112,85,0,0,0
2020-01-20 16:15,151,83,68,0,0,0
2020-01-20 16:30,140,79,61,0,0,0
2020-01-20 16:45,145,76,69,0,0,0
2020-01-20 17:00,138,76,62,0,0,0
2020-01-20 17:15,114,63,51,0,0,0
2020-01-20 17:30,165,87,78,0,0,0
2020-01-20 17:45,162,88,74,0,0,0
2020-01-20 18:00,161,58,103,0,0,0
2020-01-20 18:15,125,56,69,0,0,0
2020-01-20 18:30,103,40,63,0,0,0
2020-01-20 18:45,114,60,54,0,0,0
2020-01-20 19:00,73,23,50,0,0,0
2020-01-20 19:15,55,30,25,0,0,0
2020-01-20 19:30,51,24,27,0,0,0
2020-01-20 19:45,71,25,46,0,0,0
2020-01-20 20:00,63,19,44,0,0,0
2020-01-20 20:15,45,20,25,0,0,0
2020-01-20 20:30,36,12,24,0,0,0
2020-01-20 20:45,36,12,24,0,0,0
2020-01-20 21:00,37,12,25,0,0,0
2020-01-20 21:15,38,10,28,0,0,0
2020-01-20 21:30,24,8,16,0,0,0
2020-01-20 21:45,32,6,26,0,0,0
2020-01-20 22:00,28,7,21,0,0,0
2020-01-20 22:15,38,9,29,0,0,0
2020-01-20 22:30,21,3,18,0,0,0
2020-01-20 22:45,19,3,16,0,0,0
2020-01-20 23:00,15,2,13,0,0,0
2020-01-20 23:15,8,2,6,0,0,0
2020-01-20 23:30,12,3,9,0,0,0
2020-01-20 23:45,5,4,1,0,0,0
2020-01-21 00:00,10,3,7,0,0,0
2020-01-21 00:15,5,2,3,0,0,0
2020-01-21 00:30,7,1,6,0,0,0
2020-01-21 00:45,1,0,1,0,0,0
2020-01-21 01:00,3,0,3,0,0,0
2020-01-21 01:15,3,0,3,0,0,0
2020-01-21 01:30,1,0,1,0,0,0
2020-01-21 01:45,0,0,0,0,0,0
2020-01-21 02:00,0,0,0,0,0,0
2020-01-21 02:15,1,1,0,0,0,0
2020-01-21 02:30,1,0,1,0,0,0
2020-01-21 02:45,0,0,0,0,0,0
2020-01-21 03:00,0,0,0,0,0,0
2020-01-21 03:15,0,0,0,0,0,0
2020-01-21 03:30,0,0,0,0,0,0
2020-01-21 03:45,0,0,0,0,0,0
2020-01-21 04:00,0,0,0,0,0,0
2020-01-21 04:15,2,1,1,0,0,0
2020-01-21 04:30,0,0,0,0,0,0
2020-01-21 04:45,1,0,1,0,0,0
2020-01-21 05:00,2,1,1,0,0,0
2020-01-21 05:15,3,3,0,0,0,0
2020-01-21 05:30,12,4,8,0,0,0
2020-01-21 05:45,18,6,12,0,0,0
2020-01-21 06:00,10,7,3,0,0,0
2020-01-21 06:15,17,6,11,0,0,0
2020-01-21 06:30,36,14,22,0,0,0
2020-01-21 06:45,54,23,31,0,0,0
2020-01-21 07:00,69,18,51,0,0,0
2020-01-21 07:15,73,34,39,0,0,0
2020-01-21 07:30,225,157,68,0,0,0
2020-01-21 07:45,284,116,168,0,0,0
2020-01-21 08:00,259,86,173,0,0,0
2020-01-21 08:15,173,64,109,0,0,0
2020-01-21 08:30,115,48,67,0,0,0
2020-01-21 08:45,159,58,101,0,0,0
2020-01-21 09:00,115,47,68,0,0,0
2020-01-21 09:15,92,36,56,0,0,0
2020-01-21 09:30,100,36,64,0,0,0
2020-01-21 09:45,188,71,117,0,0,0
2020-01-21 10:00,226,83,143,0,0,0
2020-01-21 10:15,53,29,24,0,0,0
2020-01-21 10:30,63,18,45,0,0,0
2020-01-21 10:45,67,32,35,0,0,0
2020-01-21 11:00,82,36,46,0,0,0
2020-01-21 11:15,75,38,37,0,0,0
2020-01-21 11:30,101,44,57,0,0,0
2020-01-21 11:45,244,116,128,0,0,0
2020-01-21 12:00,177,86,91,0,0,0
2020-01-21 12:15,120,47,73,0,0,0
2020-01-21 12:30,98,43,55,0,0,0
2020-01-21 12:45,113,49,64,0,0,0
2020-01-21 13:00,159,56,103,0,0,0
2020-01-21 13:15,146,43,103,0,0,0
2020-01-21 13:30,108,47,61,0,0,0
2020-01-21 13:45,235,92,143,0,0,0
2020-01-21 14:00,177,68,109,0,0,0
2020-01-21 14:15,119,56,63,0,0,0
2020-01-21 14:30,99,54,45,0,0,0
2020-01-21 14:45,122,47,75,0,0,0
2020-01-21 15:00,134,53,81,0,0,0
2020-01-21 15:15,116,71,45,0,0,0
2020-01-21 15:30,183,102,81,0,0,0
2020-01-21 15:45,241,128,113,0,0,0
2020-01-21 16:00,171,101,70,0,0,0
2020-01-21 16:15,142,83,59,0,0,0
2020-01-21 16:30,130,73,57,0,0,0
2020-01-21 16:45,140,69,71,0,0,0
2020-01-21 17:00,135,68,67,0,0,0
2020-01-21 17:15,150,61,89,0,0,0
2020-01-21 17:30,132,63,69,0,0,0
2020-01-21 17:45,173,68,105,0,0,0
2020-01-21 18:00,177,75,102,0,0,0
2020-01-21 18:15,120,45,75,0,0,0
2020-01-21 18:30,78,37,41,0,0,0
2020-01-21 18:45,118,60,58,0,0,0
2020-01-21 19:00,94,37,57,0,0,0
2020-01-21 19:15,69,34,35,0,0,0
2020-01-21 19:30,73,31,42,0,0,0
2020-01-21 19:45,86,39,47,0,0,0
2020-01-21 20:00,77,26,51,0,0,0
2020-01-21 20:15,49,14,35,0,0,0
2020-01-21 20:30,46,13,33,0,0,0
2020-01-21 20:45,38,12,26,0,0,0
2020-01-21 21:00,31,16,15,0,0,0
2020-01-21 21:15,33,14,19,0,0,0
2020-01-21 21:30,32,14,18,0,0,0
2020-01-21 21:45,46,16,30,0,0,0
2020-01-21 22:00,43,4,39,0,0,0
2020-01-21 22:15,34,13,21,0,0,0
2020-01-21 22:30,33,4,29,0,0,0
2020-01-21 22:45,16,3,13,0,0,0
2020-01-21 23:00,11,4,7,0,0,0
2020-01-21 23:15,17,1,16,0,0,0
2020-01-21 23:30,8,1,7,0,0,0
2020-01-21 23:45,11,8,3,0,0,0
2020-01-22 00:00,6,1,5,0,0,0
2020-01-22 00:15,5,4,1,0,0,0
2020-01-22 00:30,9,4,5,0,0,0
2020-01-22 00:45,1,0,1,0,0,0
2020-01-22 01:00,4,0,4,0,0,0
2020-01-22 01:15,8,6,2,0,0,0
2020-01-22 01:30,2,0,2,0,0,0
2020-01-22 01:45,2,0,2,0,0,0
2020-01-22 02:00,1,0,1,0,0,0
2020-01-22 02:15,2,1,1,0,0,0
2020-01-22 02:30,0,0,0,0,0,0
2020-01-22 02:45,0,0,0,0,0,0
2020-01-22 03:00,0,0,0,0,0,0
2020-01-22 03:15,0,0,0,0,0,0
2020-01-22 03:30,1,0,1,0,0,0
2020-01-22 03:45,0,0,0,0,0,0
2020-01-22 04:00,0,0,0,0,0,0
2020-01-22 04:15,0,0,0,0,0,0
2020-01-22 04:30,0,0,0,0,0,0
2020-01-22 04:45,4,2,2,0,0,0
2020-01-22 05:00,0,0,0,0,0,0
2020-01-22 05:15,0,0,0,0,0,0
2020-01-22 05:30,13,3,10,0,0,0
2020-01-22 05:45,9,2,7,0,0,0
2020-01-22 06:00,8,2,6,0,0,0
2020-01-22 06:15,17,7,10,0,0,0
2020-01-22 06:30,37,18,19,0,0,0
2020-01-22 06:45,55,23,32,0,0,0
2020-01-22 07:00,53,16,37,0,0,0
2020-01-22 07:15,106,59,47,0,0,0
2020-01-22 07:30,197,125,72,0,0,0
2020-01-22 07:45,260,117,143,0,0,0
2020-01-22 08:00,258,85,173,0,0,0
2020-01-22 08:15,163,53,110,0,0,0
2020-01-22 08:30,112,37,75,0,0,0
2020-01-22 08:45,172,76,96,0,0,0
2020-01-22 09:00,125,51,74,0,0,0
2020-01-22 09:15,96,37,59,0,0,0
2020-01-22 09:30,118,51,67,0,0,0
2020-01-22 09:45,143,49,94,0,0,0
2020-01-22 10:00,199,81,118,0,0,0
2020-01-22 10:15,85,48,37,0,0,0
2020-01-22 10:30,79,30,49,0,0,0
2020-01-22 10:45,85,34,51,0,0,0
2020-01-22 11:00,78,38,40,0,0,0
2020-01-22 11:15,100,52,48,0,0,0
2020-01-22 11:30,94,41,53,0,0,0
2020-01-22 11:45,162,92,70,0,0,0
2020-01-22 12:00,164,70,94,0,0,0
2020-01-22 12:15,102,51,51,0,0,0
2020-01-22 12:30,102,34,68,0,0,0
2020-01-22 12:45,89,44,45,0,0,0
2020-01-22 13:00,126,51,75,0,0,0
2020-01-22 13:15,141,49,92,0,0,0
2020-01-22 13:30,142,54,88,0,0,0
2020-01-22 13:45,173,75,98,0,0,0
2020-01-22 14:00,180,66,114,0,0,0
2020-01-22 14:15,96,51,45,0,0,0
2020-01-22 14:30,72,37,35,0,0,0
2020-01-22 14:45,113,40,73,0,0,0
2020-01-22 15:00,107,47,60,0,0,0
2020-01-22 15:15,100,51,49,0,0,0
2020-01-22 15:30,164,64,100,0,0,0
2020-01-22 15:45,171,74,97,0,0,0
2020-01-22 16:00,190,83,107,0,0,0
2020-01-22 16:15,135,68,67,0,0,0
2020-01-22 16:30,105,61,44,0,0,0
2020-01-22 16:45,119,72,47,0,0,0
2020-01-22 17:00,131,63,68,0,0,0
2020-01-22 17:15,112,61,51,0,0,0
2020-01-22 17:30,116,58,58,0,0,0
2020-01-22 17:45,170,86,84,0,0,0
2020-01-22 18:00,120,59,61,0,0,0
2020-01-22 18:15,92,34,58,0,0,0
2020-01-22 18:30,79,43,36,0,0,0
2020-01-22 18:45,96,51,45,0,0,0
2020-01-22 19:00,65,36,29,0,0,0
2020-01-22 19:15,61,26,35,0,0,0
2020-01-22 19:30,63,19,44,0,0,0
2020-01-22 19:45,78,25,53,0,0,0
2020-01-22 20:00,62,29,33,0,0,0
2020-01-22 20:15,54,22,32,0,0,0
2020-01-22 20:30,35,10,25,0,0,0
2020-01-22 20:45,37,11,26,0,0,0
2020-01-22 21:00,33,10,23,0,0,0
2020-01-22 21:15,48,9,39,0,0,0
2020-01-22 21:30,29,10,19,0,0,0
2020-01-22 21:45,33,7,26,0,0,0
2020-01-22 22:00,37,11,26,0,0,0
2020-01-22 22:15,39,15,24,0,0,0
2020-01-22 22:30,40,21,19,0,0,0
2020-01-22 22:45,19,4,15,0,0,0
2020-01-22 23:00,16,6,10,0,0,0
2020-01-22 23:15,12,5,7,0,0,0
2020-01-22 23:30,11,6,5,0,0,0
2020-01-22 23:45,9,6,3,0,0,0
2020-01-23 00:00,13,9,4,0,0,0
2020-01-23 00:15,3,2,1,0,0,0
2020-01-23 00:30,4,2,2,0,0,0
2020-01-23 00:45,3,1,2,0,0,0
2020-01-23 01:00,1,0,1,0,0,0
2020-01-23 01:15,0,0,0,0,0,0
2020-01-23 01:30,1,0,1,0,0,0
2020-01-23 01:45,3,3,0,0,0,0
2020-01-23 02:00,4,0,4,0,0,0
2020-01-23 02:15,0,0,0,0,0,0
2020-01-23 02:30,4,1,3,0,0,0
2020-01-23 02:45,2,0,2,0,0,0
2020-01-23 03:00,3,0,3,0,0,0
2020-01-23 03:15,3,0,3,0,0,0
2020-01-23 03:30,0,0,0,0,0,0
2020-01-23 03:45,0,0,0,0,0,0
2020-01-23 04:00,1,0,1,0,0,0
2020-01-23 04:15,2,1,1,0,0,0
2020-01-23 04:30,0,0,0,0,0,0
2020-01-23 04:45,1,0,1,0,0,0
2020-01-23 05:00,1,1,0,0,0,0
2020-01-23 05:15,1,0,1,0,0,0
2020-01-23 05:30,10,5,5,0,0,0
2020-01-23 05:45,11,5,6,0,0,0
2020-01-23 06:00,7,0,7,0,0,0
2020-01-23 06:15,21,12,9,0,0,0
2020-01-23 06:30,32,8,24,0,0,0
2020-01-23 06:45,48,21,27,0,0,0
2020-01-23 07:00,57,19,38,0,0,0
2020-01-23 07:15,102,37,65,0,0,0
2020-01-23 07:30,270,142,128,0,0,0
2020-01-23 07:45,257,92,165,0,0,0
2020-01-23 08:00,197,61,136,0,0,0
2020-01-23 08:15,153,53,100,0,0,0
2020-01-23 08:30,125,53,72,0,0,0
2020-01-23 08:45,139,56,83,0,0,0
2020-01-23 09:00,122,65,57,0,0,0
2020-01-23 09:15,73,39,34,0,0,0
2020-01-23 09:30,90,42,48,0,0,0
2020-01-23 09:45,142,68,74,0,0,0
2020-01-23 10:00,195,92,103,0,0,0
2020-01-23 10:15,82,41,41,0,0,0
2020-01-23 10:30,63,21,42,0,0,0
2020-01-23 10:45,78,37,41,0,0,0
2020-01-23 11:00,64,28,36,0,0,0
2020-01-23 11:15,90,34,56,0,0,0
2020-01-23 11:30,87,32,55,0,0,0
2020-01-23 11:45,184,70,114,0,0,0
2020-01-23 12:00,175,65,110,0,0,0
2020-01-23 12:15,126,44,82,0,0,0
2020-01-23 12:30,95,33,62,0,0,0
2020-01-23 12:45,109,46,63,0,0,0
2020-01-23 13:00,130,52,78,0,0,0
2020-01-23 13:15,134,55,79,0,0,0
2020-01-23 13:30,96,50,46,0,0,0
2020-01-23 13:45,166,76,90,0,0,0
2020-01-23 14:00,211,84,127,0,0,0
2020-01-23 14:15,118,65,53,0,0,0
2020-01-23 14:30,94,35,59,0,0,0
2020-01-23 14:45,114,50,64,0,0,0
2020-01-23 15:00,92,44,48,0,0,0
2020-01-23 15:15,99,63,36,0,0,0
2020-01-23 15:30,130,59,71,0,0,0
2020-01-23 15:45,189,106,83,0,0,0
2020-01-23 16:00,179,121,58,0,0,0
2020-01-23 16:15,176,95,81,0,0,0
2020-01-23 16:30,96,44,52,0,0,0
2020-01-23 16:45,146,82,64,0,0,0
2020-01-23 17:00,146,69,77,0,0,0
2020-01-23 17:15,119,64,55,0,0,0
2020-01-23 17:30,118,65,53,0,0,0
2020-01-23 17:45,149,88,61,0,0,0
2020-01-23 18:00,138,75,63,0,0,0
2020-01-23 18:15,95,38,57,0,0,0
2020-01-23 18:30,74,38,36,0,0,0
2020-01-23 18:45,98,42,56,0,0,0
2020-01-23 19:00,54,19,35,0,0,0
2020-01-23 19:15,77,36,41,0,0,0
2020-01-23 19:30,79,36,43,0,0,0
2020-01-23 19:45,78,27,51,0,0,0
2020-01-23 20:00,67,27,40,0,0,0
2020-01-23 20:15,47,15,32,0,0,0
2020-01-23 20:30,31,9,22,0,0,0
2020-01-23 20:45,24,11,13,0,0,0
2020-01-23 21:00,27,8,19,0,0,0
2020-01-23 21:15,28,4,24,0,0,0
2020-01-23 21:30,28,14,14,0,0,0
2020-01-23 21:45,36,11,25,0,0,0
2020-01-23 22:00,28,5,23,0,0,0
2020-01-23 22:15,32,13,19,0,0,0
2020-01-23 22:30,29,4,25,0,0,0
2020-01-23 22:45,24,3,21,0,0,0
2020-01-23 23:00,22,4,18,0,0,0
2020-01-23 23:15,12,6,6,0,0,0
2020-01-23 23:30,27,9,18,0,0,0
2020-01-23 23:45,10,1,9,0,0,0
2020-01-24 00:00,16,5,11,0,0,0
2020-01-24 00:15,4,0,4,0,0,0
2020-01-24 00:30,3,0,3,0,0,0
2020-01-24 00:45,3,1,2,0,0,0
2020-01-24 01:00,3,1,2,0,0,0
2020-01-24 01:15,4,2,2,0,0,0
2020-01-24 01:30,1,1,0,0,0,0
2020-01-24 01:45,3,0,3,0,0,0
2020-01-24 02:00,4,1,3,0,0,0
2020-01-24 02:15,0,0,0,0,0,0
2020-01-24 02:30,1,0,1,0,0,0
2020-01-24 02:45,1,0,1,0,0,0
2020-01-24 03:00,0,0,0,0,0,0
2020-01-24 03:15,1,1,0,0,0,0
2020-01-24 03:30,2,2,0,0,0,0
2020-01-24 03:45,0,0,0,0,0,0
2020-01-24 04:00,0,0,0,0,0,0
2020-01-24 04:15,1,1,0,0,0,0
2020-01-24 04:30,1,1,0,0,0,0
2020-01-24 04:45,2,1,1,0,0,0
2020-01-24 05:00,1,1,0,0,0,0
2020-01-24 05:15,3,1,2,0,0,0
2020-01-24 05:30,5,4,1,0,0,0
2020-01-24 05:45,15,3,12,0,0,0
2020-01-24 06:00,4,1,3,0,0,0
2020-01-24 06:15,16,7,9,0,0,0
2020-01-24 06:30,27,10,17,0,0,0
2020-01-24 06:45,57,20,37,0,0,0
2020-01-24 07:00,62,16,46,0,0,0
2020-01-24 07:15,119,49,70,0,0,0
2020-01-24 07:30,202,124,78,0,0,0
2020-01-24 07:45,248,119,129,0,0,0
2020-01-24 08:00,172,46,126,0,0,0
2020-01-24 08:15,147,59,88,0,0,0
2020-01-24 08:30,109,52,57,0,0,0
2020-01-24 08:45,139,53,86,0,0,0
2020-01-24 09:00,90,36,54,0,0,0
2020-01-24 09:15,83,34,49,0,0,0
2020-01-24 09:30,98,39,59,0,0,0
2020-01-24 09:45,144,62,82,0,0,0
2020-01-24 10:00,142,62,80,0,0,0
2020-01-24 10:15,75,40,35,0,0,0
2020-01-24 10:30,95,53,42,0,0,0
2020-01-24 10:45,79,39,40,0,0,0
2020-01-24 11:00,60,31,29,0,0,0
2020-01-24 11:15,90,40,50,0,0,0
2020-01-24 11:30,104,55,49,0,0,0
2020-01-24 11:45,175,93,82,0,0,0
2020-01-24 12:00,150,79,71,0,0,0
2020-01-24 12:15,126,48,78,0,0,0
2020-01-24 12:30,109,53,56,0,0,0
2020-01-24 12:45,121,57,64,0,0,0
2020-01-24 13:00,141,48,93,0,0,0
2020-01-24 13:15,121,53,68,0,0,0
2020-01-24 13:30,153,61,92,0,0,0
2020-01-24 13:45,169,91,78,0,0,0
2020-01-24 14:00,148,61,87,0,0,0
2020-01-24 14:15,106,46,60,0,0,0
2020-01-24 14:30,82,35,47,0,0,0
2020-01-24 14:45,108,46,62,0,0,0
2020-01-24 15:00,119,51,68,0,0,0
2020-01-24 15:15,118,58,60,0,0,0
2020-01-24 15:30,117,68,49,0,0,0
2020-01-24 15:45,105,58,47,0,0,0
2020-01-24 16:00,135,55,80,0,0,0
2020-01-24 16:15,95,54,41,0,0,0
2020-01-24 16:30,98,44,54,0,0,0
2020-01-24 16:45,109,51,58,0,0,0
2020-01-24 17:00,69,31,38,0,0,0
2020-01-24 17:15,75,40,35,0,0,0
2020-01-24 17:30,65,30,35,0,0,0
2020-01-24 17:45,82,41,41,0,0,0
2020-01-24 18:00,86,46,40,0,0,0
2020-01-24 18:15,80,40,40,0,0,0
2020-01-24 18:30,49,27,22,0,0,0
2020-01-24 18:45,60,28,32,0,0,0
2020-01-24 19:00,66,29,37,0,0,0
2020-01-24 19:15,72,40,32,0,0,0
2020-01-24 19:30,44,19,25,0,0,0
2020-01-24 19:45,56,32,24,0,0,0
2020-01-24 20:00,53,23,30,0,0,0
2020-01-24 20:15,43,18,25,0,0,0
2020-01-24 20:30,17,8,9,0,0,0
2020-01-24 20:45,33,18,15,0,0,0
2020-01-24 21:00,22,11,11,0,0,0
2020-01-24 21:15,28,12,16,0,0,0
2020-01-24 21:30,25,6,19,0,0,0
2020-01-24 21:45,18,7,11,0,0,0
2020-01-24 22:00,23,10,13,0,0,0
2020-01-24 22:15,23,4,19,0,0,0
2020-01-24 22:30,25,7,18,0,0,0
2020-01-24 22:45,47,16,31,0,0,0
2020-01-24 23:00,23,7,16,0,0,0
2020-01-24 23:15,13,3,10,0,0,0
2020-01-24 23:30,11,3,8,0,0,0
2020-01-24 23:45,14,6,8,0,0,0
2020-01-25 00:00,26,7,19,0,0,0
2020-01-25 00:15,9,1,8,0,0,0
2020-01-25 00:30,13,6,7,0,0,0
2020-01-25 00:45,13,2,11,0,0,0
2020-01-25 01:00,10,3,7,0,0,0
2020-01-25 01:15,8,1,7,0,0,0
2020-01-25 01:30,3,0,3,0,0,0
2020-01-25 01:45,6,3,3,0,0,0
2020-01-25 02:00,9,7,2,0,0,0
2020-01-25 02:15,7,0,7,0,0,0
2020-01-25 02:30,9,3,6,0,0,0
2020-01-25 02:45,2,0,2,0,0,0
2020-01-25 03:00,3,1,2,0,0,0
2020-01-25 03:15,4,0,4,0,0,0
2020-01-25 03:30,7,1,6,0,0,0
2020-01-25 03:45,3,1,2,0,0,0
2020-01-25 04:00,7,0,7,0,0,0
2020-01-25 04:15,5,3,2,0,0,0
2020-01-25 04:30,6,0,6,0,0,0
2020-01-25 04:45,1,0,1,0,0,0
2020-01-25 05:00,2,0,2,0,0,0
2020-01-25 05:15,1,0,1,0,0,0
2020-01-25 05:30,5,1,4,0,0,0
2020-01-25 05:45,3,0,3,0,0,0
2020-01-25 06:00,1,1,0,0,0,0
2020-01-25 06:15,2,1,1,0,0,0
2020-01-25 06:30,4,2,2,0,0,0
2020-01-25 06:45,12,12,0,0,0,0
2020-01-25 07:00,5,3,2,0,0,0
2020-01-25 07:15,20,4,16,0,0,0
2020-01-25 07:30,34,11,23,0,0,0
2020-01-25 07:45,37,23,14,0,0,0
2020-01-25 08:00,18,11,7,0,0,0
2020-01-25 08:15,24,18,6,0,0,0
2020-01-25 08:30,27,19,8,0,0,0
2020-01-25 08:45,54,36,18,0,0,0
2020-01-25 09:00,36,26,10,0,0,0
2020-01-25 09:15,35,22,13,0,0,0
2020-01-25 09:30,36,21,15,0,0,0
2020-01-25 09:45,64,37,27,0,0,0
2020-01-25 10:00,73,40,33,0,0,0
2020-01-25 10:15,72,52,20,0,0,0
2020-01-25 10:30,52,32,20,0,0,0
2020-01-25 10:45,67,42,25,0,0,0
2020-01-25 11:00,62,40,22,0,0,0
2020-01-25 11:15,82,45,37,0,0,0
2020-01-25 11:30,66,38,28,0,0,0
2020-01-25 11:45,82,45,37,0,0,0
2020-01-25 12:00,61,35,26,0,0,0
2020-01-25 12:15,75,41,34,0,0,0
2020-01-25 12:30,97,44,53,0,0,0
2020-01-25 12:45,76,43,33,0,0,0
2020-01-25 13:00,90,49,41,0,0,0
2020-01-25 13:15,96,49,47,0,0,0
2020-01-25 13:30,55,16,39,0,0,0
2020-01-25 13:45,83,39,44,0,0,0
2020-01-25 14:00,61,24,37,0,0,0
2020-01-25 14:15,92,31,61,0,0,0
2020-01-25 14:30,48,18,30,0,0,0
2020-01-25 14:45,60,23,37,0,0,0
2020-01-25 15:00,75,38,37,0,0,0
2020-01-25 15:15,66,21,45,0,0,0
2020-01-25 15:30,54,21,33,0,0,0
2020-01-25 15:45,55,23,32,0,0,0
2020-01-25 16:00,51,18,33,0,0,0
2020-01-25 16:15,60,20,40,0,0,0
2020-01-25 16:30,49,23,26,0,0,0
2020-01-25 16:45,43,17,26,0,0,0
2020-01-25 17:00,57,20,37,0,0,0
2020-01-25 17:15,43,19,24,0,0,0
2020-01-25 17:30,68,27,41,0,0,0
2020-01-25 17:45,62,22,40,0,0,0
2020-01-25 18:00,62,21,41,0,0,0
2020-01-25 18:15,48,21,27,0,0,0
2020-01-25 18:30,46,18,28,0,0,0
2020-01-25 18:45,63,31,32,0,0,0
2020-01-25 19:00,44,22,22,0,0,0
2020-01-25 19:15,57,19,38,0,0,0
2020-01-25 19:30,33,16,17,0,0,0
2020-01-25 19:45,40,15,25,0,0,0
2020-01-25 20:00,38,11,27,0,0,0
2020-01-25 20:15,32,16,16,0,0,0
2020-01-25 20:30,20,12,8,0,0,0
2020-01-25 20:45,18,6,12,0,0,0
2020-01-25 21:00,34,14,20,0,0,0
2020-01-25 21:15,27,13,14,0,0,0
2020-01-25 21:30,21,14,7,0,0,0
2020-01-25 21:45,27,7,20,0,0,0
2020-01-25 22:00,21,5,16,0,0,0
2020-01-25 22:15,5,2,3,0,0,0
2020-01-25 22:30,18,6,12,0,0,0
2020-01-25 22:45,12,5,7,0,0,0
2020-01-25 23:00,8,2,6,0,0,0
2020-01-25 23:15,13,7,6,0,0,0
2020-01-25 23:30,9,2,7,0,0,0
2020-01-25 23:45,9,1,8,0,0,0
2020-01-26 00:00,21,4,17,0,0,0
2020-01-26 00:15,14,4,10,0,0,0
2020-01-26 00:30,19,0,19,0,0,0
2020-01-26 00:45,16,3,13,0,0,0
2020-01-26 01:00,17,7,10,0,0,0
2020-01-26 01:15,2,0,2,0,0,0
2020-01-26 01:30,12,9,3,0,0,0
2020-01-26 01:45,5,0,5,0,0,0
2020-01-26 02:00,10,0,10,0,0,0
2020-01-26 02:15,10,2,8,0,0,0
2020-01-26 02:30,12,1,11,0,0,0
2020-01-26 02:45,7,2,5,0,0,0
2020-01-26 03:00,4,0,4,0,0,0
2020-01-26 03:15,3,0,3,0,0,0
2020-01-26 03:30,2,0,2,0,0,0
2020-01-26 03:45,1,1,0,0,0,0
2020-01-26 04:00,2,1,1,0,0,0
2020-01-26 04:15,6,0,6,0,0,0
2020-01-26 04:30,8,0,8,0,0,0
2020-01-26 04:45,2,1,1,0,0,0
2020-01-26 05:00,0,0,0,0,0,0
2020-01-26 05:15,0,0,0,0,0,0
2020-01-26 05:30,2,0,2,0,0,0
2020-01-26 05:45,7,0,7,0,0,0
2020-01-26 06:00,5,2,3,0,0,0
2020-01-26 06:15,1,0,1,0,0,0
2020-01-26 06:30,6,0,6,0,0,0
2020-01-26 06:45,6,1,5,0,0,0
2020-01-26 07:00,3,1,2,0,0,0
2020-01-26 07:15,1,1,0,0,0,0
2020-01-26 07:30,10,5,5,0,0,0
2020-01-26 07:45,29,18,11,0,0,0
2020-01-26 08:00,16,10,6,0,0,0
2020-01-26 08:15,6,3,3,0,0,0
2020-01-26 08:30,12,8,4,0,0,0
2020-01-26 08:45,17,8,9,0,0,0
2020-01-26 09:00,23,17,6,0,0,0
2020-01-26 09:15,16,11,5,0,0,0
2020-01-26 09:30,17,13,4,0,0,0
2020-01-26 09:45,37,23,14,0,0,0
2020-01-26 10:00,21,15,6,0,0,0
2020-01-26 10:15,25,16,9,0,0,0
2020-01-26 10:30,13,4,9,0,0,0
2020-01-26 10:45,27,13,14,0,0,0
2020-01-26 11:00,31,19,12,0,0,0
2020-01-26 11:15,15,5,10,0,0,0
2020-01-26 11:30,26,13,13,0,0,0
2020-01-26 11:45,34,18,16,0,0,0
2020-01-26 12:00,34,11,23,0,0,0
2020-01-26 12:15,42,19,23,0,0,0
2020-01-26 12:30,30,12,18,0,0,0
2020-01-26 12:45,24,14,10,0,0,0
2020-01-26 13:00,34,13,21,0,0,0
2020-01-26 13:15,28,9,19,0,0,0
2020-01-26 13:30,52,15,37,0,0,0
2020-01-26 13:45,28,10,18,0,0,0
2020-01-26 14:00,44,26,18,0,0,0
2020-01-26 14:15,56,31,25,0,0,0
2020-01-26 14:30,50,27,23,0,0,0
2020-01-26 14:45,56,32,24,0,0,0
2020-01-26 15:00,44,17,27,0,0,0
2020-01-26 15:15,41,19,22,0,0,0
2020-01-26 15:30,54,20,34,0,0,0
2020-01-26 15:45,28,7,21,0,0,0
2020-01-26 16:00,62,21,41,0,0,0
2020-01-26 16:15,44,20,24,0,0,0
2020-01-26 16:30,57,18,39,0,0,0
2020-01-26 16:45,51,22,29,0,0,0
2020-01-26 17:00,33,10,23,0,0,0
2020-01-26 17:15,40,15,25,0,0,0
2020-01-26 17:30,40,15,25,0,0,0
2020-01-26 17:45,50,23,27,0,0,0
2020-01-26 18:00,24,9,15,0,0,0
2020-01-26 18:15,30,10,20,0,0,0
2020-01-26 18:30,17,13,4,0,0,0
2020-01-26 18:45,40,22,18,0,0,0
2020-01-26 19:00,29,12,17,0,0,0
2020-01-26 19:15,39,17,22,0,0,0
2020-01-26 19:30,26,8,18,0,0,0
2020-01-26 19:45,27,7,20,0,0,0
2020-01-26 20:00,24,10,14,0,0,0
2020-01-26 20:15,23,7,16,0,0,0
2020-01-26 20:30,20,3,17,0,0,0
2020-01-26 20:45,20,7,13,0,0,0
2020-01-26 21:00,12,3,9,0,0,0
2020-01-26 21:15,9,4,5,0,0,0
2020-01-26 21:30,16,5,11,0,0,0
2020-01-26 21:45,11,2,9,0,0,0
2020-01-26 22:00,14,3,11,0,0,0
2020-01-26 22:15,8,3,5,0,0,0
2020-01-26 22:30,12,5,7,0,0,0
2020-01-26 22:45,14,1,13,0,0,0
2020-01-26 23:00,8,1,7,0,0,0
2020-01-26 23:15,7,4,3,0,0,0
2020-01-26 23:30,7,0,7,0,0,0
2020-01-26 23:45,5,3,2,0,0,0
2020-01-27 00:00,6,6,0,0,0,0
2020-01-27 00:15,5,3,2,0,0,0
2020-01-27 00:30,4,0,4,0,0,0
2020-01-27 00:45,0,0,0,0,0,0
2020-01-27 01:00,1,0,1,0,0,0
2020-01-27 01:15,3,3,0,0,0,0
2020-01-27 01:30,0,0,0,0,0,0
2020-01-27 01:45,0,0,0,0,0,0
2020-01-27 02:00,5,0,5,0,0,0
2020-01-27 02:15,1,0,1,0,0,0
2020-01-27 02:30,0,0,0,0,0,0
2020-01-27 02:45,0,0,0,0,0,0
2020-01-27 03:00,0,0,0,0,0,0
2020-01-27 03:15,1,1,0,0,0,0
2020-01-27 03:30,0,0,0,0,0,0
2020-01-27 03:45,0,0,0,0,0,0
2020-01-27 04:00,0,0,0,0,0,0
2020-01-27 04:15,3,2,1,0,0,0
2020-01-27 04:30,0,0,0,0,0,0
2020-01-27 04:45,2,0,2,0,0,0
2020-01-27 05:00,1,1,0,0,0,0
2020-01-27 05:15,6,4,2,0,0,0
2020-01-27 05:30,19,10,9,0,0,0
2020-01-27 05:45,9,2,7,0,0,0
2020-01-27 06:00,10,5,5,0,0,0
2020-01-27 06:15,22,8,14,0,0,0
2020-01-27 06:30,26,6,20,0,0,0
2020-01-27 06:45,37,14,23,0,0,0
2020-01-27 07:00,53,17,36,0,0,0
2020-01-27 07:15,79,32,47,0,0,0
2020-01-27 07:30,190,131,59,0,0,0
2020-01-27 07:45,222,91,131,0,0,0
2020-01-27 08:00,136,67,69,0,0,0
2020-01-27 08:15,146,48,98,0,0,0
2020-01-27 08:30,96,38,58,0,0,0
2020-01-27 08:45,137,50,87,0,0,0
2020-01-27 09:00,81,31,50,0,0,0
2020-01-27 09:15,79,34,45,0,0,0
2020-01-27 09:30,92,35,57,0,0,0
2020-01-27 09:45,151,68,83,0,0,0
2020-01-27 10:00,148,50,98,0,0,0
2020-01-27 10:15,84,45,39,0,0,0
2020-01-27 10:30,86,39,47,0,0,0
2020-01-27 10:45,92,40,52,0,0,0
2020-01-27 11:00,84,39,45,0,0,0
2020-01-27 11:15,65,28,37,0,0,0
2020-01-27 11:30,103,38,65,0,0,0
2020-01-27 11:45,123,41,82,0,0,0
2020-01-27 12:00,112,44,68,0,0,0
2020-01-27 12:15,92,40,52,0,0,0
2020-01-27 12:30,89,33,56,0,0,0
2020-01-27 12:45,73,26,47,0,0,0
2020-01-27 13:00,139,52,87,0,0,0
2020-01-27 13:15,113,47,66,0,0,0
2020-01-27 13:30,107,39,68,0,0,0
2020-01-27 13:45,113,48,65,0,0,0
2020-01-27 14:00,119,47,72,0,0,0
2020-01-27 14:15,98,50,48,0,0,0
2020-01-27 14:30,110,50,60,0,0,0
2020-01-27 14:45,97,33,64,0,0,0
2020-01-27 15:00,82,41,41,0,0,0
2020-01-27 15:15,105,61,44,0,0,0
2020-01-27 15:30,114,62,52,0,0,0
2020-01-27 15:45,170,99,71,0,0,0
2020-01-27 16:00,152,83,69,0,0,0
2020-01-27 16:15,121,75,46,0,0,0
2020-01-27 16:30,120,57,63,0,0,0
2020-01-27 16:45,121,68,53,0,0,0
2020-01-27 17:00,91,39,52,0,0,0
2020-01-27 17:15,144,87,57,0,0,0
2020-01-27 17:30,117,54,63,0,0,0
2020-01-27 17:45,127,67,60,0,0,0
2020-01-27 18:00,105,36,69,0,0,0
2020-01-27 18:15,62,30,32,0,0,0
2020-01-27 18:30,77,29,48,0,0,0
2020-01-27 18:45,88,42,46,0,0,0
2020-01-27 19:00,59,23,36,0,0,0
2020-01-27 19:15,70,28,42,0,0,0
2020-01-27 19:30,58,22,36,0,0,0
2020-01-27 19:45,55,23,32,0,0,0
2020-01-27 20:00,59,17,42,0,0,0
2020-01-27 20:15,53,22,31,0,0,0
2020-01-27 20:30,23,7,16,0,0,0
2020-01-27 20:45,27,8,19,0,0,0
2020-01-27 21:00,28,9,19,0,0,0
2020-01-27 21:15,28,8,20,0,0,0
2020-01-27 21:30,19,2,17,0,0,0
2020-01-27 21:45,31,9,22,0,0,0
2020-01-27 22:00,24,9,15,0,0,0
2020-01-27 22:15,14,6,8,0,0,0
2020-01-27 22:30,22,7,15,0,0,0
2020-01-27 22:45,9,2,7,0,0,0
2020-01-27 23:00,19,5,14,0,0,0
2020-01-27 23:15,12,7,5,0,0,0
2020-01-27 23:30,7,1,6,0,0,0
2020-01-27 23:45,12,5,7,0,0,0
2020-01-28 00:00,6,4,2,0,0,0
2020-01-28 00:15,3,0,3,0,0,0
2020-01-28 00:30,1,0,1,0,0,0
2020-01-28 00:45,0,0,0,0,0,0
2020-01-28 01:00,0,0,0,0,0,0
2020-01-28 01:15,8,4,4,0,0,0
2020-01-28 01:30,2,0,2,0,0,0
2020-01-28 01:45,0,0,0,0,0,0
2020-01-28 02:00,1,1,0,0,0,0
2020-01-28 02:15,1,0,1,0,0,0
2020-01-28 02:30,0,0,0,0,0,0
2020-01-28 02:45,1,0,1,0,0,0
2020-01-28 03:00,1,0,1,0,0,0
2020-01-28 03:15,1,1,0,0,0,0
2020-01-28 03:30,0,0,0,0,0,0
2020-01-28 03:45,0,0,0,0,0,0
2020-01-28 04:00,0,0,0,0,0,0
2020-01-28 04:15,1,1,0,0,0,0
2020-01-28 04:30,0,0,0,0,0,0
2020-01-28 04:45,3,1,2,0,0,0
2020-01-28 05:00,1,1,0,0,0,0
2020-01-28 05:15,5,2,3,0,0,0
2020-01-28 05:30,11,4,7,0,0,0
2020-01-28 05:45,10,5,5,0,0,0
2020-01-28 06:00,4,1,3,0,0,0
2020-01-28 06:15,19,5,14,0,0,0
2020-01-28 06:30,41,12,29,0,0,0
2020-01-28 06:45,34,10,24,0,0,0
2020-01-28 07:00,70,20,50,0,0,0
2020-01-28 07:15,75,38,37,0,0,0
2020-01-28 07:30,183,126,57,0,0,0
2020-01-28 07:45,245,103,142,0,0,0
2020-01-28 08:00,151,59,92,0,0,0
2020-01-28 08:15,133,45,88,0,0,0
2020-01-28 08:30,99,41,58,0,0,0
2020-01-28 08:45,136,47,89,0,0,0
2020-01-28 09:00,81,30,51,0,0,0
2020-01-28 09:15,80,37,43,0,0,0
2020-01-28 09:30,97,46,51,0,0,0
2020-01-28 09:45,123,40,83,0,0,0
2020-01-28 10:00,101,40,61,0,0,0
2020-01-28 10:15,59,18,41,0,0,0
2020-01-28 10:30,68,34,34,0,0,0
2020-01-28 10:45,67,30,37,0,0,0
2020-01-28 11:00,64,35,29,0,0,0
2020-01-28 11:15,73,33,40,0,0,0
2020-01-28 11:30,82,41,41,0,0,0
2020-01-28 11:45,120,55,65,0,0,0
2020-01-28 12:00,90,41,49,0,0,0
2020-01-28 12:15,108,52,56,0,0,0
2020-01-28 12:30,73,27,46,0,0,0
2020-01-28 12:45,95,45,50,0,0,0
2020-01-28 13:00,122,33,89,0,0,0
2020-01-28 13:15,123,29,94,0,0,0
2020-01-28 13:30,129,48,81,0,0,0
2020-01-28 13:45,135,57,78,0,0,0
2020-01-28 14:00,138,54,84,0,0,0
2020-01-28 14:15,88,40,48,0,0,0
2020-01-28 14:30,102,45,57,0,0,0
2020-01-28 14:45,99,46,53,0,0,0
2020-01-28 15:00,86,46,40,0,0,0
2020-01-28 15:15,119,61,58,0,0,0
2020-01-28 15:30,139,80,59,0,0,0
2020-01-28 15:45,132,64,68,0,0,0
2020-01-28 16:00,130,71,59,0,0,0
2020-01-28 16:15,94,46,48,0,0,0
2020-01-28 16:30,131,73,58,0,0,0
2020-01-28 16:45,127,66,61,0,0,0
2020-01-28 17:00,115,65,50,0,0,0
2020-01-28 17:15,98,47,51,0,0,0
2020-01-28 17:30,114,48,66,0,0,0
2020-01-28 17:45,112,57,55,0,0,0
2020-01-28 18:00,96,47,49,0,0,0
2020-01-28 18:15,80,36,44,0,0,0
2020-01-28 18:30,76,31,45,0,0,0
2020-01-28 18:45,114,60,54,0,0,0
2020-01-28 19:00,64,44,20,0,0,0
2020-01-28 19:15,87,50,37,0,0,0
2020-01-28 19:30,45,24,21,0,0,0
2020-01-28 19:45,53,32,21,0,0,0
2020-01-28 20:00,45,11,34,0,0,0
2020-01-28 20:15,50,23,27,0,0,0
2020-01-28 20:30,35,17,18,0,0,0
2020-01-28 20:45,36,10,26,0,0,0
2020-01-28 21:00,43,15,28,0,0,0
2020-01-28 21:15,30,12,18,0,0,0
2020-01-28 21:30,26,10,16,0,0,0
2020-01-28 21:45,31,5,26,0,0,0
2020-01-28 22:00,19,2,17,0,0,0
2020-01-28 22:15,28,10,18,0,0,0
2020-01-28 22:30,12,1,11,0,0,0
2020-01-28 22:45,17,2,15,0,0,0
2020-01-28 23:00,12,5,7,0,0,0
2020-01-28 23:15,0,0,0,0,0,0
2020-01-28 23:30,10,0,10,0,0,0
2020-01-28 23:45,9,2,7,0,0,0
2020-01-29 00:00,4,3,1,0,0,0
2020-01-29 00:15,4,0,4,0,0,0
2020-01-29 00:30,5,2,3,0,0,0
2020-01-29 00:45,2,0,2,0,0,0
2020-01-29 01:00,1,0,1,0,0,0
2020-01-29 01:15,2,1,1,0,0,0
2020-01-29 01:30,3,0,3,0,0,0
2020-01-29 01:45,4,0,4,0,0,0
2020-01-29 02:00,0,0,0,0,0,0
2020-01-29 02:15,2,0,2,0,0,0
2020-01-29 02:30,5,0,5,0,0,0
2020-01-29 02:45,0,0,0,0,0,0
2020-01-29 03:00,0,0,0,0,0,0
2020-01-29 03:15,2,2,0,0,0,0
2020-01-29 03:30,0,0,0,0,0,0
2020-01-29 03:45,0,0,0,0,0,0
2020-01-29 04:00,0,0,0,0,0,0
2020-01-29 04:15,1,1,0,0,0,0
2020-01-29 04:30,1,0,1,0,0,0
2020-01-29 04:45,2,0,2,0,0,0
2020-01-29 05:00,2,1,1,0,0,0
2020-01-29 05:15,0,0,0,0,0,0
2020-01-29 05:30,12,4,8,0,0,0
2020-01-29 05:45,14,5,9,0,0,0
2020-01-29 06:00,4,1,3,0,0,0
2020-01-29 06:15,19,6,13,0,0,0
2020-01-29 06:30,34,10,24,0,0,0
2020-01-29 06:45,56,25,31,0,0,0
2020-01-29 07:00,71,28,43,0,0,0
2020-01-29 07:15,88,42,46,0,0,0
2020-01-29 07:30,237,133,104,0,0,0
2020-01-29 07:45,252,108,144,0,0,0
2020-01-29 08:00,166,58,108,0,0,0
2020-01-29 08:15,151,66,85,0,0,0
2020-01-29 08:30,115,47,68,0,0,0
2020-01-29 08:45,147,66,81,0,0,0
2020-01-29 09:00,104,42,62,0,0,0
2020-01-29 09:15,120,68,52,0,0,0
2020-01-29 09:30,115,45,70,0,0,0
2020-01-29 09:45,145,69,76,0,0,0
2020-01-29 10:00,138,55,83,0,0,0
2020-01-29 10:15,77,37,40,0,0,0
2020-01-29 10:30,91,44,47,0,0,0
2020-01-29 10:45,75,35,40,0,0,0
2020-01-29 11:00,100,48,52,0,0,0
2020-01-29 11:15,96,48,48,0,0,0
2020-01-29 11:30,106,33,73,0,0,0
2020-01-29 11:45,113,45,68,0,0,0
2020-01-29 12:00,103,52,51,0,0,0
2020-01-29 12:15,109,49,60,0,0,0
2020-01-29 12:30,89,30,59,0,0,0
2020-01-29 12:45,88,43,45,0,0,0
2020-01-29 13:00,97,44,53,0,0,0
2020-01-29 13:15,123,48,75,0,0,0
2020-01-29 13:30,109,57,52,0,0,0
2020-01-29 13:45,138,61,77,0,0,0
2020-01-29 14:00,117,35,82,0,0,0
2020-01-29 14:15,106,46,60,0,0,0
2020-01-29 14:30,87,49,38,0,0,0
2020-01-29 14:45,96,46,50,0,0,0
2020-01-29 15:00,105,41,64,0,0,0
2020-01-29 15:15,122,56,66,0,0,0
2020-01-29 15:30,123,47,76,0,0,0
2020-01-29 15:45,150,80,70,0,0,0
2020-01-29 16:00,141,72,69,0,0,0
2020-01-29 16:15,104,52,52,0,0,0
2020-01-29 16:30,121,71,50,0,0,0
2020-01-29 16:45,94,50,44,0,0,0
2020-01-29 17:00,108,48,60,0,0,0
2020-01-29 17:15,107,56,51,0,0,0
2020-01-29 17:30,119,58,61,0,0,0
2020-01-29 17:45,98,55,43,0,0,0
2020-01-29 18:00,105,54,51,0,0,0
2020-01-29 18:15,112,60,52,0,0,0
2020-01-29 18:30,90,37,53,0,0,0
2020-01-29 18:45,72,31,41,0,0,0
2020-01-29 19:00,78,37,41,0,0,0
2020-01-29 19:15,69,38,31,0,0,0
2020-01-29 19:30,60,26,34,0,0,0
2020-01-29 19:45,89,37,52,0,0,0
2020-01-29 20:00,46,16,30,0,0,0
2020-01-29 20:15,47,8,39,0,0,0
2020-01-29 20:30,44,14,30,0,0,0
2020-01-29 20:45,45,8,37,0,0,0
2020-01-29 21:00,24,8,16,0,0,0
2020-01-29 21:15,32,11,21,0,0,0
2020-01-29 21:30,25,5,20,0,0,0
2020-01-29 21:45,33,12,21,0,0,0
2020-01-29 22:00,27,7,20,0,0,0
2020-01-29 22:15,31,6,25,0,0,0
2020-01-29 22:30,27,11,16,0,0,0
2020-01-29 22:45,16,4,12,0,0,0
2020-01-29 23:00,20,11,9,0,0,0
2020-01-29 23:15,14,1,13,0,0,0
2020-01-29 23:30,8,2,6,0,0,0
2020-01-29 23:45,7,4,3,0,0,0
2020-01-30 00:00,6,3,3,0,0,0
2020-01-30 00:15,5,1,4,0,0,0
2020-01-30 00:30,4,0,4,0,0,0
2020-01-30 00:45,2,0,2,0,0,0
2020-01-30 01:00,3,0,3,0,0,0
2020-01-30 01:15,8,1,7,0,0,0
2020-01-30 01:30,5,2,3,0,0,0
2020-01-30 01:45,2,0,2,0,0,0
2020-01-30 02:00,0,0,0,0,0,0
2020-01-30 02:15,4,0,4,0,0,0
2020-01-30 02:30,6,2,4,0,0,0
2020-01-30 02:45,1,0,1,0,0,0
2020-01-30 03:00,2,0,2,0,0,0
2020-01-30 03:15,2,1,1,0,0,0
2020-01-30 03:30,1,1,0,0,0,0
2020-01-30 03:45,1,0,1,0,0,0
2020-01-30 04:00,3,2,1,0,0,0
2020-01-30 04:15,0,0,0,0,0,0
2020-01-30 04:30,2,2,0,0,0,0
2020-01-30 04:45,1,0,1,0,0,0
2020-01-30 05:00,0,0,0,0,0,0
2020-01-30 05:15,3,2,1,0,0,0
2020-01-30 05:30,6,1,5,0,0,0
2020-01-30 05:45,16,7,9,0,0,0
2020-01-30 06:00,12,4,8,0,0,0
2020-01-30 06:15,18,5,13,0,0,0
2020-01-30 06:30,29,9,20,0,0,0
2020-01-30 06:45,39,17,22,0,0,0
2020-01-30 07:00,64,20,44,0,0,0
2020-01-30 07:15,90,36,54,0,0,0
2020-01-30 07:30,231,124,107,0,0,0
2020-01-30 07:45,233,86,147,0,0,0
2020-01-30 08:00,158,44,114,0,0,0
2020-01-30 08:15,145,74,71,0,0,0
2020-01-30 08:30,112,41,71,0,0,0
2020-01-30 08:45,153,61,92,0,0,0
2020-01-30 09:00,85,32,53,0,0,0
2020-01-30 09:15,114,69,45,0,0,0
2020-01-30 09:30,85,45,40,0,0,0
2020-01-30 09:45,118,47,71,0,0,0
2020-01-30 10:00,121,48,73,0,0,0
2020-01-30 10:15,86,41,45,0,0,0
2020-01-30 10:30,67,39,28,0,0,0
2020-01-30 10:45,90,46,44,0,0,0
2020-01-30 11:00,77,37,40,0,0,0
2020-01-30 11:15,88,40,48,0,0,0
2020-01-30 11:30,92,39,53,0,0,0
2020-01-30 11:45,122,49,73,0,0,0
2020-01-30 12:00,121,49,72,0,0,0
2020-01-30 12:15,120,49,71,0,0,0
2020-01-30 12:30,107,39,68,0,0,0
2020-01-30 12:45,92,32,60,0,0,0
2020-01-30 13:00,160,53,107,0,0,0
2020-01-30 13:15,130,44,86,0,0,0
2020-01-30 13:30,88,29,59,0,0,0
2020-01-30 13:45,157,63,94,0,0,0
2020-01-30 14:00,141,53,88,0,0,0
2020-01-30 14:15,115,73,42,0,0,0
2020-01-30 14:30,134,60,74,0,0,0
2020-01-30 14:45,136,71,65,0,0,0
2020-01-30 15:00,94,43,51,0,0,0
2020-01-30 15:15,109,63,46,0,0,0
2020-01-30 15:30,126,66,60,0,0,0
2020-01-30 15:45,149,78,71,0,0,0
2020-01-30 16:00,132,81,51,0,0,0
2020-01-30 16:15,124,66,58,0,0,0
2020-01-30 16:30,115,51,64,0,0,0
2020-01-30 16:45,109,59,50,0,0,0
2020-01-30 17:00,125,65,60,0,0,0
2020-01-30 17:15,117,52,65,0,0,0
2020-01-30 17:30,123,71,52,0,0,0
2020-01-30 17:45,155,74,81,0,0,0
2020-01-30 18:00,134,69,65,0,0,0
2020-01-30 18:15,113,40,73,0,0,0
2020-01-30 18:30,84,32,52,0,0,0
2020-01-30 18:45,93,48,45,0,0,0
2020-01-30 19:00,83,31,52,0,0,0
2020-01-30 19:15,76,41,35,0,0,0
2020-01-30 19:30,78,42,36,0,0,0
2020-01-30 19:45,100,39,61,0,0,0
2020-01-30 20:00,64,30,34,0,0,0
2020-01-30 20:15,49,21,28,0,0,0
2020-01-30 20:30,31,19,12,0,0,0
2020-01-30 20:45,27,12,15,0,0,0
2020-01-30 21:00,32,13,19,0,0,0
2020-01-30 21:15,39,10,29,0,0,0
2020-01-30 21:30,26,8,18,0,0,0
2020-01-30 21:45,32,8,24,0,0,0
2020-01-30 22:00,22,4,18,0,0,0
2020-01-30 22:15,13,2,11,0,0,0
2020-01-30 22:30,25,6,19,0,0,0
2020-01-30 22:45,26,11,15,0,0,0
2020-01-30 23:00,26,12,14,0,0,0
2020-01-30 23:15,14,1,13,0,0,0
2020-01-30 23:30,12,0,12,0,0,0
2020-01-30 23:45,16,4,12,0,0,0
2020-01-31 00:00,10,5,5,0,0,0
2020-01-31 00:15,6,4,2,0,0,0
2020-01-31 00:30,11,3,8,0,0,0
2020-01-31 00:45,1,0,1,0,0,0
2020-01-31 01:00,6,2,4,0,0,0
2020-01-31 01:15,5,0,5,0,0,0
2020-01-31 01:30,3,0,3,0,0,0
2020-01-31 01:45,9,6,3,0,0,0
2020-01-31 02:00,0,0,0,0,0,0
2020-01-31 02:15,1,0,1,0,0,0
2020-01-31 02:30,1,0,1,0,0,0
2020-01-31 02:45,3,0,3,0,0,0
2020-01-31 03:00,4,0,4,0,0,0
2020-01-31 03:15,6,1,5,0,0,0
2020-01-31 03:30,2,0,2,0,0,0
2020-01-31 03:45,0,0,0,0,0,0
2020-01-31 04:00,0,0,0,0,0,0
2020-01-31 04:15,0,0,0,0,0,0
2020-01-31 04:30,1,1,0,0,0,0
2020-01-31 04:45,4,1,3,0,0,0
2020-01-31 05:00,3,3,0,0,0,0
2020-01-31 05:15,3,1,2,0,0,0
2020-01-31 05:30,12,4,8,0,0,0
2020-01-31 05:45,12,4,8,0,0,0
2020-01-31 06:00,10,4,6,0,0,0
2020-01-31 06:15,26,7,19,0,0,0
2020-01-31 06:30,31,10,21,0,0,0
2020-01-31 06:45,45,17,28,0,0,0
2020-01-31 07:00,61,29,32,0,0,0
2020-01-31 07:15,82,35,47,0,0,0
2020-01-31 07:30,220,135,85,0,0,0
2020-01-31 07:45,199,95,104,0,0,0
2020-01-31 08:00,140,37,103,0,0,0
2020-01-31 08:15,127,50,77,0,0,0
2020-01-31 08:30,113,48,65,0,0,0
2020-01-31 08:45,105,44,61,0,0,0
2020-01-31 09:00,79,35,44,0,0,0
2020-01-31 09:15,95,35,60,0,0,0
2020-01-31 09:30,96,37,59,0,0,0
2020-01-31 09:45,107,48,59,0,0,0
2020-01-31 10:00,111,62,49,0,0,0
2020-01-31 10:15,111,30,81,0,0,0
2020-01-31 10:30,103,34,69,0,0,0
2020-01-31 10:45,110,51,59,0,0,0
2020-01-31 11:00,141,76,65,0,0,0
2020-01-31 11:15,110,52,58,0,0,0
2020-01-31 11:30,129,78,51,0,0,0
2020-01-31 11:45,130,63,67,0,0,0
2020-01-31 12:00,98,54,44,0,0,0
2020-01-31 12:15,109,51,58,0,0,0
2020-01-31 12:30,134,66,68,0,0,0
2020-01-31 12:45,118,55,63,0,0,0
2020-01-31 13:00,139,57,82,0,0,0
2020-01-31 13:15,102,48,54,0,0,0
2020-01-31 13:30,121,51,70,0,0,0
2020-01-31 13:45,137,71,66,0,0,0
2020-01-31 14:00,111,48,63,0,0,0
2020-01-31 14:15,118,54,64,0,0,0
2020-01-31 14:30,125,63,62,0,0,0
2020-01-31 14:45,116,68,48,0,0,0
2020-01-31 15:00,120,68,52,0,0,0
2020-01-31 15:15,115,69,46,0,0,0
2020-01-31 15:30,110,60,50,0,0,0
2020-01-31 15:45,130,67,63,0,0,0
2020-01-31 16:00,125,65,60,0,0,0
2020-01-31 16:15,98,54,44,0,0,0
2020-01-31 16:30,101,54,47,0,0,0
2020-01-31 16:45,90,40,50,0,0,0
2020-01-31 17:00,77,35,42,0,0,0
2020-01-31 17:15,81,49,32,0,0,0
2020-01-31 17:30,89,39,50,0,0,0
2020-01-31 17:45,92,45,47,0,0,0
2020-01-31 18:00,82,36,46,0,0,0
2020-01-31 18:15,84,47,37,0,0,0
2020-01-31 18:30,68,34,34,0,0,0
2020-01-31 18:45,60,25,35,0,0,0
2020-01-31 19:00,69,34,35,0,0,0
2020-01-31 19:15,73,47,26,0,0,0
2020-01-31 19:30,61,24,37,0,0,0
2020-01-31 19:45,53,25,28,0,0,0
2020-01-31 20:00,44,20,24,0,0,0
2020-01-31 20:15,49,21,28,0,0,0
2020-01-31 20:30,43,17,26,0,0,0
2020-01-31 20:45,31,11,20,0,0,0
2020-01-31 21:00,30,15,15,0,0,0
2020-01-31 21:15,24,8,16,0,0,0
2020-01-31 21:30,11,3,8,0,0,0
2020-01-31 21:45,12,2,10,0,0,0
2020-01-31 22:00,28,15,13,0,0,0
2020-01-31 22:15,24,5,19,0,0,0
2020-01-31 22:30,33,5,28,0,0,0
2020-01-31 22:45,21,7,14,0,0,0
2020-01-31 23:00,16,5,11,0,0,0
2020-01-31 23:15,11,2,9,0,0,0
2020-01-31 23:30,25,7,18,0,0,0
2020-01-31 23:45,26,1,25,0,0,0
