Datetime,100034982 (Hüfferstraße),101034982 (Hüfferstraße stadteinwärts),102034982 (Hüfferstraße stadtauswärts),100034982-status,101034982-status,102034982-status
2020-08-01 00:00,27,7,20,0,0,0
2020-08-01 00:15,36,11,25,0,0,0
2020-08-01 00:30,26,2,24,0,0,0
2020-08-01 00:45,17,4,13,0,0,0
2020-08-01 01:00,11,5,6,0,0,0
2020-08-01 01:15,22,4,18,0,0,0
2020-08-01 01:30,11,3,8,0,0,0
2020-08-01 01:45,8,1,7,0,0,0
2020-08-01 02:00,17,3,14,0,0,0
2020-08-01 02:15,12,1,11,0,0,0
2020-08-01 02:30,8,2,6,0,0,0
2020-08-01 02:45,5,0,5,0,0,0
2020-08-01 03:00,8,0,8,0,0,0
2020-08-01 03:15,5,0,5,0,0,0
2020-08-01 03:30,3,0,3,0,0,0
2020-08-01 03:45,3,1,2,0,0,0
2020-08-01 04:00,1,0,1,0,0,0
2020-08-01 04:15,4,1,3,0,0,0
2020-08-01 04:30,4,2,2,0,0,0
2020-08-01 04:45,2,2,0,0,0,0
2020-08-01 05:00,3,3,0,0,0,0
2020-08-01 05:15,3,1,2,0,0,0
2020-08-01 05:30,11,0,11,0,0,0
2020-08-01 05:45,1,1,0,0,0,0
2020-08-01 06:00,2,1,1,0,0,0
2020-08-01 06:15,0,0,0,0,0,0
2020-08-01 06:30,9,5,4,0,0,0
2020-08-01 06:45,14,11,3,0,0,0
2020-08-01 07:00,12,10,2,0,0,0
2020-08-01 07:15,11,8,3,0,0,0
2020-08-01 07:30,37,28,9,0,0,0
2020-08-01 07:45,31,22,9,0,0,0
2020-08-01 08:00,26,15,11,0,0,0
2020-08-01 08:15,15,13,2,0,0,0
2020-08-01 08:30,22,17,5,0,0,0
2020-08-01 08:45,57,34,23,0,0,0
2020-08-01 09:00,39,31,8,0,0,0
2020-08-01 09:15,43,31,12,0,0,0
2020-08-01 09:30,39,20,19,0,0,0
2020-08-01 09:45,72,47,25,0,0,0
2020-08-01 10:00,47,34,13,0,0,0
2020-08-01 10:15,63,34,29,0,0,0
2020-08-01 10:30,75,41,34,0,0,0
2020-08-01 10:45,74,37,37,0,0,0
2020-08-01 11:00,59,22,37,0,0,0
2020-08-01 11:15,53,28,25,0,0,0
2020-08-01 11:30,66,34,32,0,0,0
2020-08-01 11:45,74,37,37,0,0,0
2020-08-01 12:00,68,42,26,0,0,0
2020-08-01 12:15,79,45,34,0,0,0
2020-08-01 12:30,100,48,52,0,0,0
2020-08-01 12:45,97,55,42,0,0,0
2020-08-01 13:00,89,44,45,0,0,0
2020-08-01 13:15,66,30,36,0,0,0
2020-08-01 13:30,99,42,57,0,0,0
2020-08-01 13:45,71,39,32,0,0,0
2020-08-01 14:00,76,29,47,0,0,0
2020-08-01 14:15,67,35,32,0,0,0
2020-08-01 14:30,78,27,51,0,0,0
2020-08-01 14:45,75,28,47,0,0,0
2020-08-01 15:00,45,12,33,0,0,0
2020-08-01 15:15,59,22,37,0,0,0
2020-08-01 15:30,68,23,45,0,0,0
2020-08-01 15:45,66,33,33,0,0,0
2020-08-01 16:00,71,32,39,0,0,0
2020-08-01 16:15,60,21,39,0,0,0
2020-08-01 16:30,39,24,15,0,0,0
2020-08-01 16:45,69,34,35,0,0,0
2020-08-01 17:00,50,22,28,0,0,0
2020-08-01 17:15,43,18,25,0,0,0
2020-08-01 17:30,70,20,50,0,0,0
2020-08-01 17:45,64,23,41,0,0,0
2020-08-01 18:00,72,31,41,0,0,0
2020-08-01 18:15,61,20,41,0,0,0
2020-08-01 18:30,54,25,29,0,0,0
2020-08-01 18:45,72,31,41,0,0,0
2020-08-01 19:00,53,19,34,0,0,0
2020-08-01 19:15,59,23,36,0,0,0
2020-08-01 19:30,37,17,20,0,0,0
2020-08-01 19:45,54,24,30,0,0,0
2020-08-01 20:00,56,22,34,0,0,0
2020-08-01 20:15,22,11,11,0,0,0
2020-08-01 20:30,45,22,23,0,0,0
2020-08-01 20:45,34,14,20,0,0,0
2020-08-01 21:00,22,7,15,0,0,0
2020-08-01 21:15,30,10,20,0,0,0
2020-08-01 21:30,39,16,23,0,0,0
2020-08-01 21:45,19,5,14,0,0,0
2020-08-01 22:00,21,9,12,0,0,0
2020-08-01 22:15,38,12,26,0,0,0
2020-08-01 22:30,24,7,17,0,0,0
2020-08-01 22:45,23,8,15,0,0,0
2020-08-01 23:00,22,5,17,0,0,0
2020-08-01 23:15,23,3,20,0,0,0
2020-08-01 23:30,25,7,18,0,0,0
2020-08-01 23:45,50,4,46,0,0,0
2020-08-02 00:00,20,2,18,0,0,0
2020-08-02 00:15,27,3,24,0,0,0
2020-08-02 00:30,13,7,6,0,0,0
2020-08-02 00:45,19,9,10,0,0,0
2020-08-02 01:00,14,3,11,0,0,0
2020-08-02 01:15,10,4,6,0,0,0
2020-08-02 01:30,13,9,4,0,0,0
2020-08-02 01:45,7,0,7,0,0,0
2020-08-02 02:00,4,0,4,0,0,0
2020-08-02 02:15,5,3,2,0,0,0
2020-08-02 02:30,7,1,6,0,0,0
2020-08-02 02:45,7,1,6,0,0,0
2020-08-02 03:00,4,0,4,0,0,0
2020-08-02 03:15,13,1,12,0,0,0
2020-08-02 03:30,7,4,3,0,0,0
2020-08-02 03:45,4,0,4,0,0,0
2020-08-02 04:00,5,2,3,0,0,0
2020-08-02 04:15,5,3,2,0,0,0
2020-08-02 04:30,0,0,0,0,0,0
2020-08-02 04:45,4,0,4,0,0,0
2020-08-02 05:00,1,0,1,0,0,0
2020-08-02 05:15,1,0,1,0,0,0
2020-08-02 05:30,3,0,3,0,0,0
2020-08-02 05:45,1,0,1,0,0,0
2020-08-02 06:00,2,2,0,0,0,0
2020-08-02 06:15,5,3,2,0,0,0
2020-08-02 06:30,5,1,4,0,0,0
2020-08-02 06:45,0,0,0,0,0,0
2020-08-02 07:00,0,0,0,0,0,0
2020-08-02 07:15,3,2,1,0,0,0
2020-08-02 07:30,8,4,4,0,0,0
2020-08-02 07:45,7,5,2,0,0,0
2020-08-02 08:00,6,2,4,0,0,0
2020-08-02 08:15,7,5,2,0,0,0
2020-08-02 08:30,8,5,3,0,0,0
2020-08-02 08:45,12,3,9,0,0,0
2020-08-02 09:00,7,5,2,0,0,0
2020-08-02 09:15,11,3,8,0,0,0
2020-08-02 09:30,12,7,5,0,0,0
2020-08-02 09:45,38,22,16,0,0,0
2020-08-02 10:00,23,12,11,0,0,0
2020-08-02 10:15,26,13,13,0,0,0
2020-08-02 10:30,28,7,21,0,0,0
2020-08-02 10:45,28,22,6,0,0,0
2020-08-02 11:00,44,23,21,0,0,0
2020-08-02 11:15,36,21,15,0,0,0
2020-08-02 11:30,36,21,15,0,0,0
2020-08-02 11:45,44,19,25,0,0,0
2020-08-02 12:00,24,13,11,0,0,0
2020-08-02 12:15,44,26,18,0,0,0
2020-08-02 12:30,55,29,26,0,0,0
2020-08-02 12:45,59,27,32,0,0,0
2020-08-02 13:00,42,19,23,0,0,0
2020-08-02 13:15,53,21,32,0,0,0
2020-08-02 13:30,45,16,29,0,0,0
2020-08-02 13:45,38,20,18,0,0,0
2020-08-02 14:00,54,23,31,0,0,0
2020-08-02 14:15,56,30,26,0,0,0
2020-08-02 14:30,55,23,32,0,0,0
2020-08-02 14:45,50,34,16,0,0,0
2020-08-02 15:00,56,18,38,0,0,0
2020-08-02 15:15,74,38,36,0,0,0
2020-08-02 15:30,58,32,26,0,0,0
2020-08-02 15:45,60,26,34,0,0,0
2020-08-02 16:00,39,20,19,0,0,0
2020-08-02 16:15,42,22,20,0,0,0
2020-08-02 16:30,51,27,24,0,0,0
2020-08-02 16:45,40,16,24,0,0,0
2020-08-02 17:00,29,6,23,0,0,0
2020-08-02 17:15,35,14,21,0,0,0
2020-08-02 17:30,44,23,21,0,0,0
2020-08-02 17:45,56,34,22,0,0,0
2020-08-02 18:00,52,22,30,0,0,0
2020-08-02 18:15,53,12,41,0,0,0
2020-08-02 18:30,42,19,23,0,0,0
2020-08-02 18:45,64,41,23,0,0,0
2020-08-02 19:00,30,11,19,0,0,0
2020-08-02 19:15,41,21,20,0,0,0
2020-08-02 19:30,50,22,28,0,0,0
2020-08-02 19:45,42,17,25,0,0,0
2020-08-02 20:00,27,7,20,0,0,0
2020-08-02 20:15,26,8,18,0,0,0
2020-08-02 20:30,37,25,12,0,0,0
2020-08-02 20:45,40,15,25,0,0,0
2020-08-02 21:00,31,13,18,0,0,0
2020-08-02 21:15,16,10,6,0,0,0
2020-08-02 21:30,17,8,9,0,0,0
2020-08-02 21:45,26,2,24,0,0,0
2020-08-02 22:00,17,5,12,0,0,0
2020-08-02 22:15,12,4,8,0,0,0
2020-08-02 22:30,18,1,17,0,0,0
2020-08-02 22:45,10,2,8,0,0,0
2020-08-02 23:00,13,3,10,0,0,0
2020-08-02 23:15,10,3,7,0,0,0
2020-08-02 23:30,6,1,5,0,0,0
2020-08-02 23:45,24,4,20,0,0,0
2020-08-03 00:00,17,1,16,0,0,0
2020-08-03 00:15,10,2,8,0,0,0
2020-08-03 00:30,0,0,0,0,0,0
2020-08-03 00:45,4,2,2,0,0,0
2020-08-03 01:00,1,0,1,0,0,0
2020-08-03 01:15,3,1,2,0,0,0
2020-08-03 01:30,0,0,0,0,0,0
2020-08-03 01:45,1,0,1,0,0,0
2020-08-03 02:00,1,0,1,0,0,0
2020-08-03 02:15,1,1,0,0,0,0
2020-08-03 02:30,0,0,0,0,0,0
2020-08-03 02:45,3,0,3,0,0,0
2020-08-03 03:00,0,0,0,0,0,0
2020-08-03 03:15,0,0,0,0,0,0
2020-08-03 03:30,0,0,0,0,0,0
2020-08-03 03:45,1,0,1,0,0,0
2020-08-03 04:00,0,0,0,0,0,0
2020-08-03 04:15,0,0,0,0,0,0
2020-08-03 04:30,0,0,0,0,0,0
2020-08-03 04:45,1,0,1,0,0,0
2020-08-03 05:00,2,1,1,0,0,0
2020-08-03 05:15,0,0,0,0,0,0
2020-08-03 05:30,10,4,6,0,0,0
2020-08-03 05:45,19,5,14,0,0,0
2020-08-03 06:00,7,6,1,0,0,0
2020-08-03 06:15,21,8,13,0,0,0
2020-08-03 06:30,31,16,15,0,0,0
2020-08-03 06:45,53,27,26,0,0,0
2020-08-03 07:00,66,24,42,0,0,0
2020-08-03 07:15,61,23,38,0,0,0
2020-08-03 07:30,88,37,51,0,0,0
2020-08-03 07:45,107,41,66,0,0,0
2020-08-03 08:00,76,31,45,0,0,0
2020-08-03 08:15,66,38,28,0,0,0
2020-08-03 08:30,66,30,36,0,0,0
2020-08-03 08:45,104,44,60,0,0,0
2020-08-03 09:00,68,37,31,0,0,0
2020-08-03 09:15,65,41,24,0,0,0
2020-08-03 09:30,55,26,29,0,0,0
2020-08-03 09:45,97,55,42,0,0,0
2020-08-03 10:00,62,24,38,0,0,0
2020-08-03 10:15,68,35,33,0,0,0
2020-08-03 10:30,61,34,27,0,0,0
2020-08-03 10:45,74,55,19,0,0,0
2020-08-03 11:00,75,43,32,0,0,0
2020-08-03 11:15,64,34,30,0,0,0
2020-08-03 11:30,75,37,38,0,0,0
2020-08-03 11:45,89,48,41,0,0,0
2020-08-03 12:00,67,27,40,0,0,0
2020-08-03 12:15,73,28,45,0,0,0
2020-08-03 12:30,95,37,58,0,0,0
2020-08-03 12:45,85,37,48,0,0,0
2020-08-03 13:00,88,45,43,0,0,0
2020-08-03 13:15,85,32,53,0,0,0
2020-08-03 13:30,86,43,43,0,0,0
2020-08-03 13:45,97,51,46,0,0,0
2020-08-03 14:00,120,67,53,0,0,0
2020-08-03 14:15,101,51,50,0,0,0
2020-08-03 14:30,82,46,36,0,0,0
2020-08-03 14:45,87,46,41,0,0,0
2020-08-03 15:00,86,58,28,0,0,0
2020-08-03 15:15,86,51,35,0,0,0
2020-08-03 15:30,113,67,46,0,0,0
2020-08-03 15:45,137,71,66,0,0,0
2020-08-03 16:00,112,50,62,0,0,0
2020-08-03 16:15,149,63,86,0,0,0
2020-08-03 16:30,103,55,48,0,0,0
2020-08-03 16:45,132,58,74,0,0,0
2020-08-03 17:00,141,76,65,0,0,0
2020-08-03 17:15,130,52,78,0,0,0
2020-08-03 17:30,95,46,49,0,0,0
2020-08-03 17:45,122,56,66,0,0,0
2020-08-03 18:00,106,35,71,0,0,0
2020-08-03 18:15,102,31,71,0,0,0
2020-08-03 18:30,87,32,55,0,0,0
2020-08-03 18:45,108,41,67,0,0,0
2020-08-03 19:00,64,26,38,0,0,0
2020-08-03 19:15,58,20,38,0,0,0
2020-08-03 19:30,45,14,31,0,0,0
2020-08-03 19:45,61,19,42,0,0,0
2020-08-03 20:00,64,26,38,0,0,0
2020-08-03 20:15,39,11,28,0,0,0
2020-08-03 20:30,45,17,28,0,0,0
2020-08-03 20:45,32,11,21,0,0,0
2020-08-03 21:00,46,27,19,0,0,0
2020-08-03 21:15,34,19,15,0,0,0
2020-08-03 21:30,21,9,12,0,0,0
2020-08-03 21:45,40,14,26,0,0,0
2020-08-03 22:00,28,15,13,0,0,0
2020-08-03 22:15,36,10,26,0,0,0
2020-08-03 22:30,24,2,22,0,0,0
2020-08-03 22:45,7,2,5,0,0,0
2020-08-03 23:00,17,3,14,0,0,0
2020-08-03 23:15,7,3,4,0,0,0
2020-08-03 23:30,18,3,15,0,0,0
2020-08-03 23:45,42,4,38,0,0,0
2020-08-04 00:00,4,1,3,0,0,0
2020-08-04 00:15,7,2,5,0,0,0
2020-08-04 00:30,11,3,8,0,0,0
2020-08-04 00:45,3,3,0,0,0,0
2020-08-04 01:00,8,4,4,0,0,0
2020-08-04 01:15,8,2,6,0,0,0
2020-08-04 01:30,5,1,4,0,0,0
2020-08-04 01:45,6,1,5,0,0,0
2020-08-04 02:00,4,1,3,0,0,0
2020-08-04 02:15,1,0,1,0,0,0
2020-08-04 02:30,2,0,2,0,0,0
2020-08-04 02:45,2,0,2,0,0,0
2020-08-04 03:00,2,2,0,0,0,0
2020-08-04 03:15,3,1,2,0,0,0
2020-08-04 03:30,1,0,1,0,0,0
2020-08-04 03:45,3,2,1,0,0,0
2020-08-04 04:00,2,2,0,0,0,0
2020-08-04 04:15,1,0,1,0,0,0
2020-08-04 04:30,2,1,1,0,0,0
2020-08-04 04:45,1,0,1,0,0,0
2020-08-04 05:00,4,3,1,0,0,0
2020-08-04 05:15,3,2,1,0,0,0
2020-08-04 05:30,12,4,8,0,0,0
2020-08-04 05:45,15,1,14,0,0,0
2020-08-04 06:00,7,4,3,0,0,0
2020-08-04 06:15,22,11,11,0,0,0
2020-08-04 06:30,33,16,17,0,0,0
2020-08-04 06:45,68,23,45,0,0,0
2020-08-04 07:00,59,26,33,0,0,0
2020-08-04 07:15,64,30,34,0,0,0
2020-08-04 07:30,91,34,57,0,0,0
2020-08-04 07:45,121,50,71,0,0,0
2020-08-04 08:00,98,44,54,0,0,0
2020-08-04 08:15,63,28,35,0,0,0
2020-08-04 08:30,77,35,42,0,0,0
2020-08-04 08:45,95,33,62,0,0,0
2020-08-04 09:00,76,42,34,0,0,0
2020-08-04 09:15,67,35,32,0,0,0
2020-08-04 09:30,82,43,39,0,0,0
2020-08-04 09:45,94,52,42,0,0,0
2020-08-04 10:00,65,42,23,0,0,0
2020-08-04 10:15,58,31,27,0,0,0
2020-08-04 10:30,48,29,19,0,0,0
2020-08-04 10:45,54,26,28,0,0,0
2020-08-04 11:00,70,40,30,0,0,0
2020-08-04 11:15,68,31,37,0,0,0
2020-08-04 11:30,87,47,40,0,0,0
2020-08-04 11:45,66,38,28,0,0,0
2020-08-04 12:00,75,33,42,0,0,0
2020-08-04 12:15,77,36,41,0,0,0
2020-08-04 12:30,84,33,51,0,0,0
2020-08-04 12:45,82,42,40,0,0,0
2020-08-04 13:00,102,48,54,0,0,0
2020-08-04 13:15,92,43,49,0,0,0
2020-08-04 13:30,66,30,36,0,0,0
2020-08-04 13:45,94,57,37,0,0,0
2020-08-04 14:00,105,54,51,0,0,0
2020-08-04 14:15,97,60,37,0,0,0
2020-08-04 14:30,89,51,38,0,0,0
2020-08-04 14:45,88,43,45,0,0,0
2020-08-04 15:00,104,54,50,0,0,0
2020-08-04 15:15,107,66,41,0,0,0
2020-08-04 15:30,118,57,61,0,0,0
2020-08-04 15:45,97,59,38,0,0,0
2020-08-04 16:00,125,66,59,0,0,0
2020-08-04 16:15,104,45,59,0,0,0
2020-08-04 16:30,116,60,56,0,0,0
2020-08-04 16:45,123,54,69,0,0,0
2020-08-04 17:00,133,66,67,0,0,0
2020-08-04 17:15,136,58,78,0,0,0
2020-08-04 17:30,125,53,72,0,0,0
2020-08-04 17:45,141,64,77,0,0,0
2020-08-04 18:00,102,37,65,0,0,0
2020-08-04 18:15,108,43,65,0,0,0
2020-08-04 18:30,97,39,58,0,0,0
2020-08-04 18:45,95,40,55,0,0,0
2020-08-04 19:00,49,16,33,0,0,0
2020-08-04 19:15,68,20,48,0,0,0
2020-08-04 19:30,46,19,27,0,0,0
2020-08-04 19:45,65,22,43,0,0,0
2020-08-04 20:00,64,26,38,0,0,0
2020-08-04 20:15,61,13,48,0,0,0
2020-08-04 20:30,60,20,40,0,0,0
2020-08-04 20:45,33,15,18,0,0,0
2020-08-04 21:00,56,29,27,0,0,0
2020-08-04 21:15,40,16,24,0,0,0
2020-08-04 21:30,45,14,31,0,0,0
2020-08-04 21:45,42,17,25,0,0,0
2020-08-04 22:00,28,6,22,0,0,0
2020-08-04 22:15,23,7,16,0,0,0
2020-08-04 22:30,27,6,21,0,0,0
2020-08-04 22:45,20,4,16,0,0,0
2020-08-04 23:00,19,7,12,0,0,0
2020-08-04 23:15,16,6,10,0,0,0
2020-08-04 23:30,14,4,10,0,0,0
2020-08-04 23:45,18,3,15,0,0,0
2020-08-05 00:00,47,3,44,0,0,0
2020-08-05 00:15,5,0,5,0,0,0
2020-08-05 00:30,3,1,2,0,0,0
2020-08-05 00:45,10,2,8,0,0,0
2020-08-05 01:00,1,0,1,0,0,0
2020-08-05 01:15,5,3,2,0,0,0
2020-08-05 01:30,6,0,6,0,0,0
2020-08-05 01:45,8,0,8,0,0,0
2020-08-05 02:00,0,0,0,0,0,0
2020-08-05 02:15,3,0,3,0,0,0
2020-08-05 02:30,4,3,1,0,0,0
2020-08-05 02:45,1,0,1,0,0,0
2020-08-05 03:00,1,1,0,0,0,0
2020-08-05 03:15,0,0,0,0,0,0
2020-08-05 03:30,0,0,0,0,0,0
2020-08-05 03:45,1,0,1,0,0,0
2020-08-05 04:00,0,0,0,0,0,0
2020-08-05 04:15,2,1,1,0,0,0
2020-08-05 04:30,1,0,1,0,0,0
2020-08-05 04:45,0,0,0,0,0,0
2020-08-05 05:00,1,1,0,0,0,0
2020-08-05 05:15,0,0,0,0,0,0
2020-08-05 05:30,16,3,13,0,0,0
2020-08-05 05:45,21,2,19,0,0,0
2020-08-05 06:00,7,2,5,0,0,0
2020-08-05 06:15,16,11,5,0,0,0
2020-08-05 06:30,42,21,21,0,0,0
2020-08-05 06:45,62,28,34,0,0,0
2020-08-05 07:00,65,34,31,0,0,0
2020-08-05 07:15,75,35,40,0,0,0
2020-08-05 07:30,106,41,65,0,0,0
2020-08-05 07:45,120,42,78,0,0,0
2020-08-05 08:00,88,39,49,0,0,0
2020-08-05 08:15,94,45,49,0,0,0
2020-08-05 08:30,72,33,39,0,0,0
2020-08-05 08:45,100,40,60,0,0,0
2020-08-05 09:00,86,46,40,0,0,0
2020-08-05 09:15,91,48,43,0,0,0
2020-08-05 09:30,93,58,35,0,0,0
2020-08-05 09:45,101,60,41,0,0,0
2020-08-05 10:00,86,48,38,0,0,0
2020-08-05 10:15,93,61,32,0,0,0
2020-08-05 10:30,85,35,50,0,0,0
2020-08-05 10:45,91,57,34,0,0,0
2020-08-05 11:00,116,63,53,0,0,0
2020-08-05 11:15,100,64,36,0,0,0
2020-08-05 11:30,108,39,69,0,0,0
2020-08-05 11:45,113,49,64,0,0,0
2020-08-05 12:00,98,47,51,0,0,0
2020-08-05 12:15,145,61,84,0,0,0
2020-08-05 12:30,121,50,71,0,0,0
2020-08-05 12:45,99,54,45,0,0,0
2020-08-05 13:00,123,54,69,0,0,0
2020-08-05 13:15,139,57,82,0,0,0
2020-08-05 13:30,113,63,50,0,0,0
2020-08-05 13:45,114,64,50,0,0,0
2020-08-05 14:00,130,58,72,0,0,0
2020-08-05 14:15,123,59,64,0,0,0
2020-08-05 14:30,107,32,75,0,0,0
2020-08-05 14:45,106,54,52,0,0,0
2020-08-05 15:00,112,57,55,0,0,0
2020-08-05 15:15,111,65,46,0,0,0
2020-08-05 15:30,88,56,32,0,0,0
2020-08-05 15:45,107,55,52,0,0,0
2020-08-05 16:00,126,58,68,0,0,0
2020-08-05 16:15,98,49,49,0,0,0
2020-08-05 16:30,137,69,68,0,0,0
2020-08-05 16:45,128,54,74,0,0,0
2020-08-05 17:00,120,59,61,0,0,0
2020-08-05 17:15,108,55,53,0,0,0
2020-08-05 17:30,105,47,58,0,0,0
2020-08-05 17:45,138,66,72,0,0,0
2020-08-05 18:00,121,49,72,0,0,0
2020-08-05 18:15,99,49,50,0,0,0
2020-08-05 18:30,99,32,67,0,0,0
2020-08-05 18:45,98,43,55,0,0,0
2020-08-05 19:00,88,39,49,0,0,0
2020-08-05 19:15,67,22,45,0,0,0
2020-08-05 19:30,77,34,43,0,0,0
2020-08-05 19:45,91,46,45,0,0,0
2020-08-05 20:00,63,25,38,0,0,0
2020-08-05 20:15,68,41,27,0,0,0
2020-08-05 20:30,60,27,33,0,0,0
2020-08-05 20:45,62,23,39,0,0,0
2020-08-05 21:00,65,46,19,0,0,0
2020-08-05 21:15,56,26,30,0,0,0
2020-08-05 21:30,45,25,20,0,0,0
2020-08-05 21:45,42,12,30,0,0,0
2020-08-05 22:00,31,2,29,0,0,0
2020-08-05 22:15,63,15,48,0,0,0
2020-08-05 22:30,41,12,29,0,0,0
2020-08-05 22:45,32,7,25,0,0,0
2020-08-05 23:00,18,5,13,0,0,0
2020-08-05 23:15,23,10,13,0,0,0
2020-08-05 23:30,27,8,19,0,0,0
2020-08-05 23:45,49,2,47,0,0,0
2020-08-06 00:00,18,2,16,0,0,0
2020-08-06 00:15,11,5,6,0,0,0
2020-08-06 00:30,23,6,17,0,0,0
2020-08-06 00:45,6,3,3,0,0,0
2020-08-06 01:00,8,1,7,0,0,0
2020-08-06 01:15,5,3,2,0,0,0
2020-08-06 01:30,12,0,12,0,0,0
2020-08-06 01:45,3,1,2,0,0,0
2020-08-06 02:00,5,0,5,0,0,0
2020-08-06 02:15,0,0,0,0,0,0
2020-08-06 02:30,0,0,0,0,0,0
2020-08-06 02:45,4,0,4,0,0,0
2020-08-06 03:00,1,0,1,0,0,0
2020-08-06 03:15,1,0,1,0,0,0
2020-08-06 03:30,0,0,0,0,0,0
2020-08-06 03:45,1,0,1,0,0,0
2020-08-06 04:00,0,0,0,0,0,0
2020-08-06 04:15,3,1,2,0,0,0
2020-08-06 04:30,0,0,0,0,0,0
2020-08-06 04:45,1,0,1,0,0,0
2020-08-06 05:00,1,0,1,0,0,0
2020-08-06 05:15,2,1,1,0,0,0
2020-08-06 05:30,11,3,8,0,0,0
2020-08-06 05:45,22,4,18,0,0,0
2020-08-06 06:00,4,2,2,0,0,0
2020-08-06 06:15,22,12,10,0,0,0
2020-08-06 06:30,38,16,22,0,0,0
2020-08-06 06:45,61,19,42,0,0,0
2020-08-06 07:00,70,23,47,0,0,0
2020-08-06 07:15,77,34,43,0,0,0
2020-08-06 07:30,99,46,53,0,0,0
2020-08-06 07:45,137,59,78,0,0,0
2020-08-06 08:00,91,39,52,0,0,0
2020-08-06 08:15,100,49,51,0,0,0
2020-08-06 08:30,102,47,55,0,0,0
2020-08-06 08:45,118,66,52,0,0,0
2020-08-06 09:00,78,46,32,0,0,0
2020-08-06 09:15,91,46,45,0,0,0
2020-08-06 09:30,77,44,33,0,0,0
2020-08-06 09:45,105,66,39,0,0,0
2020-08-06 10:00,61,31,30,0,0,0
2020-08-06 10:15,63,32,31,0,0,0
2020-08-06 10:30,64,39,25,0,0,0
2020-08-06 10:45,82,47,35,0,0,0
2020-08-06 11:00,66,38,28,0,0,0
2020-08-06 11:15,62,23,39,0,0,0
2020-08-06 11:30,75,46,29,0,0,0
2020-08-06 11:45,69,36,33,0,0,0
2020-08-06 12:00,82,44,38,0,0,0
2020-08-06 12:15,92,30,62,0,0,0
2020-08-06 12:30,109,31,78,0,0,0
2020-08-06 12:45,114,60,54,0,0,0
2020-08-06 13:00,91,46,45,0,0,0
2020-08-06 13:15,77,34,43,0,0,0
2020-08-06 13:30,77,42,35,0,0,0
2020-08-06 13:45,73,41,32,0,0,0
2020-08-06 14:00,107,47,60,0,0,0
2020-08-06 14:15,110,62,48,0,0,0
2020-08-06 14:30,133,70,63,0,0,0
2020-08-06 14:45,106,58,48,0,0,0
2020-08-06 15:00,86,53,33,0,0,0
2020-08-06 15:15,104,52,52,0,0,0
2020-08-06 15:30,91,46,45,0,0,0
2020-08-06 15:45,94,44,50,0,0,0
2020-08-06 16:00,141,85,56,0,0,0
2020-08-06 16:15,116,66,50,0,0,0
2020-08-06 16:30,108,53,55,0,0,0
2020-08-06 16:45,146,69,77,0,0,0
2020-08-06 17:00,119,71,48,0,0,0
2020-08-06 17:15,129,64,65,0,0,0
2020-08-06 17:30,110,39,71,0,0,0
2020-08-06 17:45,146,66,80,0,0,0
2020-08-06 18:00,116,51,65,0,0,0
2020-08-06 18:15,115,45,70,0,0,0
2020-08-06 18:30,86,38,48,0,0,0
2020-08-06 18:45,103,66,37,0,0,0
2020-08-06 19:00,67,28,39,0,0,0
2020-08-06 19:15,73,32,41,0,0,0
2020-08-06 19:30,65,28,37,0,0,0
2020-08-06 19:45,63,22,41,0,0,0
2020-08-06 20:00,95,49,46,0,0,0
2020-08-06 20:15,67,27,40,0,0,0
2020-08-06 20:30,60,26,34,0,0,0
2020-08-06 20:45,48,19,29,0,0,0
2020-08-06 21:00,55,25,30,0,0,0
2020-08-06 21:15,44,17,27,0,0,0
2020-08-06 21:30,40,11,29,0,0,0
2020-08-06 21:45,41,9,32,0,0,0
2020-08-06 22:00,51,22,29,0,0,0
2020-08-06 22:15,43,9,34,0,0,0
2020-08-06 22:30,35,5,30,0,0,0
2020-08-06 22:45,32,5,27,0,0,0
2020-08-06 23:00,29,6,23,0,0,0
2020-08-06 23:15,26,10,16,0,0,0
2020-08-06 23:30,13,1,12,0,0,0
2020-08-06 23:45,17,0,17,0,0,0
2020-08-07 00:00,25,5,20,0,0,0
2020-08-07 00:15,43,1,42,0,0,0
2020-08-07 00:30,21,6,15,0,0,0
2020-08-07 00:45,10,5,5,0,0,0
2020-08-07 01:00,3,0,3,0,0,0
2020-08-07 01:15,3,2,1,0,0,0
2020-08-07 01:30,6,1,5,0,0,0
2020-08-07 01:45,7,0,7,0,0,0
2020-08-07 02:00,5,1,4,0,0,0
2020-08-07 02:15,2,1,1,0,0,0
2020-08-07 02:30,2,0,2,0,0,0
2020-08-07 02:45,0,0,0,0,0,0
2020-08-07 03:00,6,2,4,0,0,0
2020-08-07 03:15,2,0,2,0,0,0
2020-08-07 03:30,0,0,0,0,0,0
2020-08-07 03:45,2,0,2,0,0,0
2020-08-07 04:00,0,0,0,0,0,0
2020-08-07 04:15,2,0,2,0,0,0
2020-08-07 04:30,5,1,4,0,0,0
2020-08-07 04:45,0,0,0,0,0,0
2020-08-07 05:00,1,0,1,0,0,0
2020-08-07 05:15,1,1,0,0,0,0
2020-08-07 05:30,13,3,10,0,0,0
2020-08-07 05:45,15,5,10,0,0,0
2020-08-07 06:00,8,5,3,0,0,0
2020-08-07 06:15,19,11,8,0,0,0
2020-08-07 06:30,46,21,25,0,0,0
2020-08-07 06:45,60,28,32,0,0,0
2020-08-07 07:00,64,29,35,0,0,0
2020-08-07 07:15,55,24,31,0,0,0
2020-08-07 07:30,71,34,37,0,0,0
2020-08-07 07:45,130,50,80,0,0,0
2020-08-07 08:00,88,48,40,0,0,0
2020-08-07 08:15,56,17,39,0,0,0
2020-08-07 08:30,78,38,40,0,0,0
2020-08-07 08:45,101,58,43,0,0,0
2020-08-07 09:00,74,36,38,0,0,0
2020-08-07 09:15,64,38,26,0,0,0
2020-08-07 09:30,80,47,33,0,0,0
2020-08-07 09:45,65,39,26,0,0,0
2020-08-07 10:00,73,40,33,0,0,0
2020-08-07 10:15,61,32,29,0,0,0
2020-08-07 10:30,64,38,26,0,0,0
2020-08-07 10:45,67,36,31,0,0,0
2020-08-07 11:00,63,39,24,0,0,0
2020-08-07 11:15,79,36,43,0,0,0
2020-08-07 11:30,65,30,35,0,0,0
2020-08-07 11:45,74,43,31,0,0,0
2020-08-07 12:00,104,47,57,0,0,0
2020-08-07 12:15,91,39,52,0,0,0
2020-08-07 12:30,102,48,54,0,0,0
2020-08-07 12:45,83,25,58,0,0,0
2020-08-07 13:00,101,54,47,0,0,0
2020-08-07 13:15,104,49,55,0,0,0
2020-08-07 13:30,84,44,40,0,0,0
2020-08-07 13:45,92,46,46,0,0,0
2020-08-07 14:00,92,35,57,0,0,0
2020-08-07 14:15,95,43,52,0,0,0
2020-08-07 14:30,83,43,40,0,0,0
2020-08-07 14:45,92,40,52,0,0,0
2020-08-07 15:00,99,46,53,0,0,0
2020-08-07 15:15,106,59,47,0,0,0
2020-08-07 15:30,96,45,51,0,0,0
2020-08-07 15:45,88,52,36,0,0,0
2020-08-07 16:00,71,33,38,0,0,0
2020-08-07 16:15,88,42,46,0,0,0
2020-08-07 16:30,60,25,35,0,0,0
2020-08-07 16:45,98,54,44,0,0,0
2020-08-07 17:00,78,35,43,0,0,0
2020-08-07 17:15,79,40,39,0,0,0
2020-08-07 17:30,87,27,60,0,0,0
2020-08-07 17:45,82,46,36,0,0,0
2020-08-07 18:00,72,30,42,0,0,0
2020-08-07 18:15,68,37,31,0,0,0
2020-08-07 18:30,75,32,43,0,0,0
2020-08-07 18:45,73,32,41,0,0,0
2020-08-07 19:00,73,29,44,0,0,0
2020-08-07 19:15,69,38,31,0,0,0
2020-08-07 19:30,58,26,32,0,0,0
2020-08-07 19:45,65,34,31,0,0,0
2020-08-07 20:00,76,37,39,0,0,0
2020-08-07 20:15,55,22,33,0,0,0
2020-08-07 20:30,52,25,27,0,0,0
2020-08-07 20:45,45,29,16,0,0,0
2020-08-07 21:00,74,48,26,0,0,0
2020-08-07 21:15,38,17,21,0,0,0
2020-08-07 21:30,38,17,21,0,0,0
2020-08-07 21:45,49,25,24,0,0,0
2020-08-07 22:00,35,11,24,0,0,0
2020-08-07 22:15,21,6,15,0,0,0
2020-08-07 22:30,25,4,21,0,0,0
2020-08-07 22:45,19,3,16,0,0,0
2020-08-07 23:00,27,8,19,0,0,0
2020-08-07 23:15,54,5,49,0,0,0
2020-08-07 23:30,36,6,30,0,0,0
2020-08-07 23:45,34,7,27,0,0,0
2020-08-08 00:00,23,5,18,0,0,0
2020-08-08 00:15,24,6,18,0,0,0
2020-08-08 00:30,21,9,12,0,0,0
2020-08-08 00:45,13,2,11,0,0,0
2020-08-08 01:00,14,4,10,0,0,0
2020-08-08 01:15,14,5,9,0,0,0
2020-08-08 01:30,14,3,11,0,0,0
2020-08-08 01:45,13,2,11,0,0,0
2020-08-08 02:00,11,6,5,0,0,0
2020-08-08 02:15,10,1,9,0,0,0
2020-08-08 02:30,7,2,5,0,0,0
2020-08-08 02:45,3,1,2,0,0,0
2020-08-08 03:00,1,1,0,0,0,0
2020-08-08 03:15,3,1,2,0,0,0
2020-08-08 03:30,5,3,2,0,0,0
2020-08-08 03:45,8,3,5,0,0,0
2020-08-08 04:00,1,0,1,0,0,0
2020-08-08 04:15,5,1,4,0,0,0
2020-08-08 04:30,4,1,3,0,0,0
2020-08-08 04:45,3,0,3,0,0,0
2020-08-08 05:00,1,0,1,0,0,0
2020-08-08 05:15,3,1,2,0,0,0
2020-08-08 05:30,7,2,5,0,0,0
2020-08-08 05:45,7,3,4,0,0,0
2020-08-08 06:00,3,2,1,0,0,0
2020-08-08 06:15,8,5,3,0,0,0
2020-08-08 06:30,9,5,4,0,0,0
2020-08-08 06:45,17,11,6,0,0,0
2020-08-08 07:00,15,11,4,0,0,0
2020-08-08 07:15,7,4,3,0,0,0
2020-08-08 07:30,32,22,10,0,0,0
2020-08-08 07:45,36,19,17,0,0,0
2020-08-08 08:00,27,20,7,0,0,0
2020-08-08 08:15,22,14,8,0,0,0
2020-08-08 08:30,44,34,10,0,0,0
2020-08-08 08:45,52,30,22,0,0,0
2020-08-08 09:00,56,40,16,0,0,0
2020-08-08 09:15,58,32,26,0,0,0
2020-08-08 09:30,77,56,21,0,0,0
2020-08-08 09:45,110,66,44,0,0,0
2020-08-08 10:00,78,45,33,0,0,0
2020-08-08 10:15,69,37,32,0,0,0
2020-08-08 10:30,59,25,34,0,0,0
2020-08-08 10:45,101,66,35,0,0,0
2020-08-08 11:00,66,32,34,0,0,0
2020-08-08 11:15,64,39,25,0,0,0
2020-08-08 11:30,80,35,45,0,0,0
2020-08-08 11:45,79,46,33,0,0,0
2020-08-08 12:00,95,37,58,0,0,0
2020-08-08 12:15,75,28,47,0,0,0
2020-08-08 12:30,95,39,56,0,0,0
2020-08-08 12:45,78,35,43,0,0,0
2020-08-08 13:00,66,32,34,0,0,0
2020-08-08 13:15,58,24,34,0,0,0
2020-08-08 13:30,71,33,38,0,0,0
2020-08-08 13:45,61,24,37,0,0,0
2020-08-08 14:00,80,45,35,0,0,0
2020-08-08 14:15,72,30,42,0,0,0
2020-08-08 14:30,75,21,54,0,0,0
2020-08-08 14:45,56,16,40,0,0,0
2020-08-08 15:00,53,12,41,0,0,0
2020-08-08 15:15,38,11,27,0,0,0
2020-08-08 15:30,60,21,39,0,0,0
2020-08-08 15:45,48,23,25,0,0,0
2020-08-08 16:00,50,29,21,0,0,0
2020-08-08 16:15,47,23,24,0,0,0
2020-08-08 16:30,42,20,22,0,0,0
2020-08-08 16:45,46,26,20,0,0,0
2020-08-08 17:00,58,27,31,0,0,0
2020-08-08 17:15,48,23,25,0,0,0
2020-08-08 17:30,54,27,27,0,0,0
2020-08-08 17:45,55,26,29,0,0,0
2020-08-08 18:00,45,18,27,0,0,0
2020-08-08 18:15,44,19,25,0,0,0
2020-08-08 18:30,58,18,40,0,0,0
2020-08-08 18:45,65,38,27,0,0,0
2020-08-08 19:00,53,20,33,0,0,0
2020-08-08 19:15,36,18,18,0,0,0
2020-08-08 19:30,48,22,26,0,0,0
2020-08-08 19:45,57,33,24,0,0,0
2020-08-08 20:00,56,29,27,0,0,0
2020-08-08 20:15,46,23,23,0,0,0
2020-08-08 20:30,29,10,19,0,0,0
2020-08-08 20:45,55,28,27,0,0,0
2020-08-08 21:00,58,28,30,0,0,0
2020-08-08 21:15,45,23,22,0,0,0
2020-08-08 21:30,29,11,18,0,0,0
2020-08-08 21:45,31,6,25,0,0,0
2020-08-08 22:00,37,6,31,0,0,0
2020-08-08 22:15,28,15,13,0,0,0
2020-08-08 22:30,49,19,30,0,0,0
2020-08-08 22:45,21,9,12,0,0,0
2020-08-08 23:00,35,8,27,0,0,0
2020-08-08 23:15,16,6,10,0,0,0
2020-08-08 23:30,26,7,19,0,0,0
2020-08-08 23:45,38,2,36,0,0,0
2020-08-09 00:00,82,2,80,0,0,0
2020-08-09 00:15,24,3,21,0,0,0
2020-08-09 00:30,17,2,15,0,0,0
2020-08-09 00:45,14,0,14,0,0,0
2020-08-09 01:00,8,0,8,0,0,0
2020-08-09 01:15,15,7,8,0,0,0
2020-08-09 01:30,5,0,5,0,0,0
2020-08-09 01:45,15,3,12,0,0,0
2020-08-09 02:00,13,4,9,0,0,0
2020-08-09 02:15,11,5,6,0,0,0
2020-08-09 02:30,13,4,9,0,0,0
2020-08-09 02:45,1,1,0,0,0,0
2020-08-09 03:00,7,2,5,0,0,0
2020-08-09 03:15,5,2,3,0,0,0
2020-08-09 03:30,4,1,3,0,0,0
2020-08-09 03:45,4,0,4,0,0,0
2020-08-09 04:00,3,0,3,0,0,0
2020-08-09 04:15,2,1,1,0,0,0
2020-08-09 04:30,3,1,2,0,0,0
2020-08-09 04:45,1,0,1,0,0,0
2020-08-09 05:00,0,0,0,0,0,0
2020-08-09 05:15,1,0,1,0,0,0
2020-08-09 05:30,3,1,2,0,0,0
2020-08-09 05:45,11,1,10,0,0,0
2020-08-09 06:00,1,0,1,0,0,0
2020-08-09 06:15,2,1,1,0,0,0
2020-08-09 06:30,3,1,2,0,0,0
2020-08-09 06:45,4,2,2,0,0,0
2020-08-09 07:00,2,1,1,0,0,0
2020-08-09 07:15,4,3,1,0,0,0
2020-08-09 07:30,8,2,6,0,0,0
2020-08-09 07:45,13,6,7,0,0,0
2020-08-09 08:00,12,3,9,0,0,0
2020-08-09 08:15,13,6,7,0,0,0
2020-08-09 08:30,17,9,8,0,0,0
2020-08-09 08:45,10,4,6,0,0,0
2020-08-09 09:00,20,8,12,0,0,0
2020-08-09 09:15,26,16,10,0,0,0
2020-08-09 09:30,30,9,21,0,0,0
2020-08-09 09:45,36,31,5,0,0,0
2020-08-09 10:00,34,27,7,0,0,0
2020-08-09 10:15,28,13,15,0,0,0
2020-08-09 10:30,38,15,23,0,0,0
2020-08-09 10:45,38,21,17,0,0,0
2020-08-09 11:00,47,19,28,0,0,0
2020-08-09 11:15,35,18,17,0,0,0
2020-08-09 11:30,34,17,17,0,0,0
2020-08-09 11:45,56,36,20,0,0,0
2020-08-09 12:00,21,10,11,0,0,0
2020-08-09 12:15,39,16,23,0,0,0
2020-08-09 12:30,34,10,24,0,0,0
2020-08-09 12:45,30,16,14,0,0,0
2020-08-09 13:00,43,13,30,0,0,0
2020-08-09 13:15,27,13,14,0,0,0
2020-08-09 13:30,32,8,24,0,0,0
2020-08-09 13:45,41,26,15,0,0,0
2020-08-09 14:00,40,23,17,0,0,0
2020-08-09 14:15,41,24,17,0,0,0
2020-08-09 14:30,33,16,17,0,0,0
2020-08-09 14:45,40,17,23,0,0,0
2020-08-09 15:00,36,15,21,0,0,0
2020-08-09 15:15,54,40,14,0,0,0
2020-08-09 15:30,20,8,12,0,0,0
2020-08-09 15:45,37,24,13,0,0,0
2020-08-09 16:00,27,13,14,0,0,0
2020-08-09 16:15,48,16,32,0,0,0
2020-08-09 16:30,37,16,21,0,0,0
2020-08-09 16:45,27,7,20,0,0,0
2020-08-09 17:00,33,20,13,0,0,0
2020-08-09 17:15,34,12,22,0,0,0
2020-08-09 17:30,34,16,18,0,0,0
2020-08-09 17:45,48,15,33,0,0,0
2020-08-09 18:00,45,13,32,0,0,0
2020-08-09 18:15,55,21,34,0,0,0
2020-08-09 18:30,11,2,9,0,0,0
2020-08-09 18:45,28,16,12,0,0,0
2020-08-09 19:00,24,9,15,0,0,0
2020-08-09 19:15,25,13,12,0,0,0
2020-08-09 19:30,13,6,7,0,0,0
2020-08-09 19:45,16,9,7,0,0,0
2020-08-09 20:00,31,12,19,0,0,0
2020-08-09 20:15,26,15,11,0,0,0
2020-08-09 20:30,34,23,11,0,0,0
2020-08-09 20:45,24,9,15,0,0,0
2020-08-09 21:00,35,16,19,0,0,0
2020-08-09 21:15,18,11,7,0,0,0
2020-08-09 21:30,16,1,15,0,0,0
2020-08-09 21:45,19,5,14,0,0,0
2020-08-09 22:00,14,3,11,0,0,0
2020-08-09 22:15,12,2,10,0,0,0
2020-08-09 22:30,13,4,9,0,0,0
2020-08-09 22:45,7,2,5,0,0,0
2020-08-09 23:00,8,2,6,0,0,0
2020-08-09 23:15,16,7,9,0,0,0
2020-08-09 23:30,7,1,6,0,0,0
2020-08-09 23:45,7,1,6,0,0,0
2020-08-10 00:00,14,0,14,0,0,0
2020-08-10 00:15,17,0,17,0,0,0
2020-08-10 00:30,2,0,2,0,0,0
2020-08-10 00:45,0,0,0,0,0,0
2020-08-10 01:00,3,0,3,0,0,0
2020-08-10 01:15,6,1,5,0,0,0
2020-08-10 01:30,3,0,3,0,0,0
2020-08-10 01:45,0,0,0,0,0,0
2020-08-10 02:00,3,2,1,0,0,0
2020-08-10 02:15,0,0,0,0,0,0
2020-08-10 02:30,0,0,0,0,0,0
2020-08-10 02:45,0,0,0,0,0,0
2020-08-10 03:00,0,0,0,0,0,0
2020-08-10 03:15,0,0,0,0,0,0
2020-08-10 03:30,3,1,2,0,0,0
2020-08-10 03:45,1,1,0,0,0,0
2020-08-10 04:00,2,0,2,0,0,0
2020-08-10 04:15,1,0,1,0,0,0
2020-08-10 04:30,0,0,0,0,0,0
2020-08-10 04:45,2,0,2,0,0,0
2020-08-10 05:00,1,1,0,0,0,0
2020-08-10 05:15,1,0,1,0,0,0
2020-08-10 05:30,14,6,8,0,0,0
2020-08-10 05:45,16,6,10,0,0,0
2020-08-10 06:00,14,5,9,0,0,0
2020-08-10 06:15,21,7,14,0,0,0
2020-08-10 06:30,38,11,27,0,0,0
2020-08-10 06:45,58,29,29,0,0,0
2020-08-10 07:00,60,26,34,0,0,0
2020-08-10 07:15,72,31,41,0,0,0
2020-08-10 07:30,102,38,64,0,0,0
2020-08-10 07:45,153,62,91,0,0,0
2020-08-10 08:00,69,26,43,0,0,0
2020-08-10 08:15,93,43,50,0,0,0
2020-08-10 08:30,106,41,65,0,0,0
2020-08-10 08:45,95,42,53,0,0,0
2020-08-10 09:00,64,33,31,0,0,0
2020-08-10 09:15,64,32,32,0,0,0
2020-08-10 09:30,63,33,30,0,0,0
2020-08-10 09:45,103,64,39,0,0,0
2020-08-10 10:00,79,48,31,0,0,0
2020-08-10 10:15,74,43,31,0,0,0
2020-08-10 10:30,65,23,42,0,0,0
2020-08-10 10:45,69,47,22,0,0,0
2020-08-10 11:00,60,32,28,0,0,0
2020-08-10 11:15,77,40,37,0,0,0
2020-08-10 11:30,70,24,46,0,0,0
2020-08-10 11:45,90,39,51,0,0,0
2020-08-10 12:00,89,48,41,0,0,0
2020-08-10 12:15,93,40,53,0,0,0
2020-08-10 12:30,76,27,49,0,0,0
2020-08-10 12:45,90,34,56,0,0,0
2020-08-10 13:00,84,37,47,0,0,0
2020-08-10 13:15,71,29,42,0,0,0
2020-08-10 13:30,79,36,43,0,0,0
2020-08-10 13:45,86,45,41,0,0,0
2020-08-10 14:00,90,43,47,0,0,0
2020-08-10 14:15,75,43,32,0,0,0
2020-08-10 14:30,85,35,50,0,0,0
2020-08-10 14:45,103,49,54,0,0,0
2020-08-10 15:00,111,63,48,0,0,0
2020-08-10 15:15,107,49,58,0,0,0
2020-08-10 15:30,88,42,46,0,0,0
2020-08-10 15:45,84,41,43,0,0,0
2020-08-10 16:00,90,41,49,0,0,0
2020-08-10 16:15,107,49,58,0,0,0
2020-08-10 16:30,105,55,50,0,0,0
2020-08-10 16:45,104,54,50,0,0,0
2020-08-10 17:00,109,44,65,0,0,0
2020-08-10 17:15,120,54,66,0,0,0
2020-08-10 17:30,104,51,53,0,0,0
2020-08-10 17:45,117,48,69,0,0,0
2020-08-10 18:00,107,55,52,0,0,0
2020-08-10 18:15,80,27,53,0,0,0
2020-08-10 18:30,78,27,51,0,0,0
2020-08-10 18:45,63,25,38,0,0,0
2020-08-10 19:00,66,29,37,0,0,0
2020-08-10 19:15,79,28,51,0,0,0
2020-08-10 19:30,56,23,33,0,0,0
2020-08-10 19:45,51,19,32,0,0,0
2020-08-10 20:00,62,31,31,0,0,0
2020-08-10 20:15,60,29,31,0,0,0
2020-08-10 20:30,50,19,31,0,0,0
2020-08-10 20:45,37,14,23,0,0,0
2020-08-10 21:00,40,23,17,0,0,0
2020-08-10 21:15,37,19,18,0,0,0
2020-08-10 21:30,27,9,18,0,0,0
2020-08-10 21:45,15,10,5,0,0,0
2020-08-10 22:00,37,13,24,0,0,0
2020-08-10 22:15,38,12,26,0,0,0
2020-08-10 22:30,18,4,14,0,0,0
2020-08-10 22:45,21,5,16,0,0,0
2020-08-10 23:00,26,0,26,0,0,0
2020-08-10 23:15,12,2,10,0,0,0
2020-08-10 23:30,23,3,20,0,0,0
2020-08-10 23:45,23,5,18,0,0,0
2020-08-11 00:00,13,4,9,0,0,0
2020-08-11 00:15,12,2,10,0,0,0
2020-08-11 00:30,12,1,11,0,0,0
2020-08-11 00:45,7,0,7,0,0,0
2020-08-11 01:00,2,1,1,0,0,0
2020-08-11 01:15,5,1,4,0,0,0
2020-08-11 01:30,4,0,4,0,0,0
2020-08-11 01:45,2,0,2,0,0,0
2020-08-11 02:00,3,1,2,0,0,0
2020-08-11 02:15,2,0,2,0,0,0
2020-08-11 02:30,4,3,1,0,0,0
2020-08-11 02:45,2,0,2,0,0,0
2020-08-11 03:00,1,0,1,0,0,0
2020-08-11 03:15,1,1,0,0,0,0
2020-08-11 03:30,1,0,1,0,0,0
2020-08-11 03:45,2,0,2,0,0,0
2020-08-11 04:00,0,0,0,0,0,0
2020-08-11 04:15,0,0,0,0,0,0
2020-08-11 04:30,2,0,2,0,0,0
2020-08-11 04:45,1,1,0,0,0,0
2020-08-11 05:00,4,2,2,0,0,0
2020-08-11 05:15,5,2,3,0,0,0
2020-08-11 05:30,11,4,7,0,0,0
2020-08-11 05:45,21,7,14,0,0,0
2020-08-11 06:00,9,3,6,0,0,0
2020-08-11 06:15,22,6,16,0,0,0
2020-08-11 06:30,49,21,28,0,0,0
2020-08-11 06:45,66,25,41,0,0,0
2020-08-11 07:00,75,30,45,0,0,0
2020-08-11 07:15,67,24,43,0,0,0
2020-08-11 07:30,114,36,78,0,0,0
2020-08-11 07:45,121,40,81,0,0,0
2020-08-11 08:00,100,49,51,0,0,0
2020-08-11 08:15,91,33,58,0,0,0
2020-08-11 08:30,109,53,56,0,0,0
2020-08-11 08:45,106,50,56,0,0,0
2020-08-11 09:00,77,47,30,0,0,0
2020-08-11 09:15,69,31,38,0,0,0
2020-08-11 09:30,77,43,34,0,0,0
2020-08-11 09:45,103,63,40,0,0,0
2020-08-11 10:00,70,42,28,0,0,0
2020-08-11 10:15,71,38,33,0,0,0
2020-08-11 10:30,79,34,45,0,0,0
2020-08-11 10:45,77,34,43,0,0,0
2020-08-11 11:00,64,34,30,0,0,0
2020-08-11 11:15,65,39,26,0,0,0
2020-08-11 11:30,77,49,28,0,0,0
2020-08-11 11:45,74,44,30,0,0,0
2020-08-11 12:00,71,36,35,0,0,0
2020-08-11 12:15,79,32,47,0,0,0
2020-08-11 12:30,82,32,50,0,0,0
2020-08-11 12:45,71,34,37,0,0,0
2020-08-11 13:00,89,34,55,0,0,0
2020-08-11 13:15,85,46,39,0,0,0
2020-08-11 13:30,74,20,54,0,0,0
2020-08-11 13:45,85,41,44,0,0,0
2020-08-11 14:00,103,40,63,0,0,0
2020-08-11 14:15,69,32,37,0,0,0
2020-08-11 14:30,79,49,30,0,0,0
2020-08-11 14:45,115,52,63,0,0,0
2020-08-11 15:00,122,66,56,0,0,0
2020-08-11 15:15,110,61,49,0,0,0
2020-08-11 15:30,99,42,57,0,0,0
2020-08-11 15:45,111,54,57,0,0,0
2020-08-11 16:00,121,55,66,0,0,0
2020-08-11 16:15,117,60,57,0,0,0
2020-08-11 16:30,121,51,70,0,0,0
2020-08-11 16:45,122,55,67,0,0,0
2020-08-11 17:00,104,52,52,0,0,0
2020-08-11 17:15,90,39,51,0,0,0
2020-08-11 17:30,117,40,77,0,0,0
2020-08-11 17:45,113,54,59,0,0,0
2020-08-11 18:00,97,37,60,0,0,0
2020-08-11 18:15,100,33,67,0,0,0
2020-08-11 18:30,83,31,52,0,0,0
2020-08-11 18:45,87,40,47,0,0,0
2020-08-11 19:00,77,27,50,0,0,0
2020-08-11 19:15,81,35,46,0,0,0
2020-08-11 19:30,55,25,30,0,0,0
2020-08-11 19:45,62,27,35,0,0,0
2020-08-11 20:00,79,36,43,0,0,0
2020-08-11 20:15,56,23,33,0,0,0
2020-08-11 20:30,52,20,32,0,0,0
2020-08-11 20:45,48,21,27,0,0,0
2020-08-11 21:00,52,26,26,0,0,0
2020-08-11 21:15,48,31,17,0,0,0
2020-08-11 21:30,62,19,43,0,0,0
2020-08-11 21:45,52,11,41,0,0,0
2020-08-11 22:00,30,6,24,0,0,0
2020-08-11 22:15,22,12,10,0,0,0
2020-08-11 22:30,36,8,28,0,0,0
2020-08-11 22:45,28,4,24,0,0,0
2020-08-11 23:00,19,4,15,0,0,0
2020-08-11 23:15,16,4,12,0,0,0
2020-08-11 23:30,32,5,27,0,0,0
2020-08-11 23:45,20,2,18,0,0,0
2020-08-12 00:00,11,2,9,0,0,0
2020-08-12 00:15,8,1,7,0,0,0
2020-08-12 00:30,7,3,4,0,0,0
2020-08-12 00:45,7,0,7,0,0,0
2020-08-12 01:00,3,1,2,0,0,0
2020-08-12 01:15,6,2,4,0,0,0
2020-08-12 01:30,0,0,0,0,0,0
2020-08-12 01:45,2,0,2,0,0,0
2020-08-12 02:00,3,1,2,0,0,0
2020-08-12 02:15,5,2,3,0,0,0
2020-08-12 02:30,1,1,0,0,0,0
2020-08-12 02:45,0,0,0,0,0,0
2020-08-12 03:00,2,1,1,0,0,0
2020-08-12 03:15,0,0,0,0,0,0
2020-08-12 03:30,3,2,1,0,0,0
2020-08-12 03:45,1,0,1,0,0,0
2020-08-12 04:00,1,0,1,0,0,0
2020-08-12 04:15,0,0,0,0,0,0
2020-08-12 04:30,2,0,2,0,0,0
2020-08-12 04:45,1,0,1,0,0,0
2020-08-12 05:00,0,0,0,0,0,0
2020-08-12 05:15,3,2,1,0,0,0
2020-08-12 05:30,12,5,7,0,0,0
2020-08-12 05:45,18,5,13,0,0,0
2020-08-12 06:00,13,6,7,0,0,0
2020-08-12 06:15,17,8,9,0,0,0
2020-08-12 06:30,44,16,28,0,0,0
2020-08-12 06:45,59,25,34,0,0,0
2020-08-12 07:00,71,30,41,0,0,0
2020-08-12 07:15,143,100,43,0,0,0
2020-08-12 07:30,258,184,74,0,0,0
2020-08-12 07:45,180,81,99,0,0,0
2020-08-12 08:00,78,30,48,0,0,0
2020-08-12 08:15,104,49,55,0,0,0
2020-08-12 08:30,118,50,68,0,0,0
2020-08-12 08:45,119,67,52,0,0,0
2020-08-12 09:00,106,62,44,0,0,0
2020-08-12 09:15,98,65,33,0,0,0
2020-08-12 09:30,170,107,63,0,0,0
2020-08-12 09:45,127,81,46,0,0,0
2020-08-12 10:00,97,51,46,0,0,0
2020-08-12 10:15,86,40,46,0,0,0
2020-08-12 10:30,71,33,38,0,0,0
2020-08-12 10:45,102,46,56,0,0,0
2020-08-12 11:00,103,28,75,0,0,0
2020-08-12 11:15,233,62,171,0,0,0
2020-08-12 11:30,84,29,55,0,0,0
2020-08-12 11:45,101,34,67,0,0,0
2020-08-12 12:00,128,49,79,0,0,0
2020-08-12 12:15,94,41,53,0,0,0
2020-08-12 12:30,106,43,63,0,0,0
2020-08-12 12:45,85,28,57,0,0,0
2020-08-12 13:00,101,37,64,0,0,0
2020-08-12 13:15,136,56,80,0,0,0
2020-08-12 13:30,100,31,69,0,0,0
2020-08-12 13:45,89,38,51,0,0,0
2020-08-12 14:00,79,35,44,0,0,0
2020-08-12 14:15,70,32,38,0,0,0
2020-08-12 14:30,110,53,57,0,0,0
2020-08-12 14:45,84,47,37,0,0,0
2020-08-12 15:00,102,45,57,0,0,0
2020-08-12 15:15,97,59,38,0,0,0
2020-08-12 15:30,99,43,56,0,0,0
2020-08-12 15:45,101,40,61,0,0,0
2020-08-12 16:00,93,49,44,0,0,0
2020-08-12 16:15,118,54,64,0,0,0
2020-08-12 16:30,108,54,54,0,0,0
2020-08-12 16:45,111,51,60,0,0,0
2020-08-12 17:00,110,53,57,0,0,0
2020-08-12 17:15,90,49,41,0,0,0
2020-08-12 17:30,101,35,66,0,0,0
2020-08-12 17:45,137,64,73,0,0,0
2020-08-12 18:00,94,51,43,0,0,0
2020-08-12 18:15,100,43,57,0,0,0
2020-08-12 18:30,88,32,56,0,0,0
2020-08-12 18:45,86,40,46,0,0,0
2020-08-12 19:00,105,35,70,0,0,0
2020-08-12 19:15,95,42,53,0,0,0
2020-08-12 19:30,56,23,33,0,0,0
2020-08-12 19:45,83,34,49,0,0,0
2020-08-12 20:00,59,22,37,0,0,0
2020-08-12 20:15,50,18,32,0,0,0
2020-08-12 20:30,55,27,28,0,0,0
2020-08-12 20:45,48,18,30,0,0,0
2020-08-12 21:00,51,15,36,0,0,0
2020-08-12 21:15,46,22,24,0,0,0
2020-08-12 21:30,47,22,25,0,0,0
2020-08-12 21:45,31,13,18,0,0,0
2020-08-12 22:00,33,5,28,0,0,0
2020-08-12 22:15,40,16,24,0,0,0
2020-08-12 22:30,34,9,25,0,0,0
2020-08-12 22:45,34,15,19,0,0,0
2020-08-12 23:00,20,7,13,0,0,0
2020-08-12 23:15,11,0,11,0,0,0
2020-08-12 23:30,15,0,15,0,0,0
2020-08-12 23:45,37,4,33,0,0,0
2020-08-13 00:00,13,4,9,0,0,0
2020-08-13 00:15,9,0,9,0,0,0
2020-08-13 00:30,10,3,7,0,0,0
2020-08-13 00:45,8,0,8,0,0,0
2020-08-13 01:00,6,2,4,0,0,0
2020-08-13 01:15,9,8,1,0,0,0
2020-08-13 01:30,7,0,7,0,0,0
2020-08-13 01:45,3,1,2,0,0,0
2020-08-13 02:00,1,0,1,0,0,0
2020-08-13 02:15,0,0,0,0,0,0
2020-08-13 02:30,0,0,0,0,0,0
2020-08-13 02:45,3,1,2,0,0,0
2020-08-13 03:00,1,0,1,0,0,0
2020-08-13 03:15,0,0,0,0,0,0
2020-08-13 03:30,1,0,1,0,0,0
2020-08-13 03:45,1,1,0,0,0,0
2020-08-13 04:00,1,0,1,0,0,0
2020-08-13 04:15,1,0,1,0,0,0
2020-08-13 04:30,3,1,2,0,0,0
2020-08-13 04:45,4,2,2,0,0,0
2020-08-13 05:00,1,1,0,0,0,0
2020-08-13 05:15,0,0,0,0,0,0
2020-08-13 05:30,20,12,8,0,0,0
2020-08-13 05:45,18,8,10,0,0,0
2020-08-13 06:00,8,2,6,0,0,0
2020-08-13 06:15,21,13,8,0,0,0
2020-08-13 06:30,51,16,35,0,0,0
2020-08-13 06:45,42,19,23,0,0,0
2020-08-13 07:00,77,36,41,0,0,0
2020-08-13 07:15,139,97,42,0,0,0
2020-08-13 07:30,304,232,72,0,0,0
2020-08-13 07:45,177,79,98,0,0,0
2020-08-13 08:00,96,34,62,0,0,0
2020-08-13 08:15,90,39,51,0,0,0
2020-08-13 08:30,86,40,46,0,0,0
2020-08-13 08:45,99,50,49,0,0,0
2020-08-13 09:00,75,38,37,0,0,0
2020-08-13 09:15,61,29,32,0,0,0
2020-08-13 09:30,106,57,49,0,0,0
2020-08-13 09:45,84,45,39,0,0,0
2020-08-13 10:00,55,32,23,0,0,0
2020-08-13 10:15,55,26,29,0,0,0
2020-08-13 10:30,49,21,28,0,0,0
2020-08-13 10:45,66,38,28,0,0,0
2020-08-13 11:00,103,39,64,0,0,0
2020-08-13 11:15,176,32,144,0,0,0
2020-08-13 11:30,81,36,45,0,0,0
2020-08-13 11:45,76,30,46,0,0,0
2020-08-13 12:00,61,26,35,0,0,0
2020-08-13 12:15,132,42,90,0,0,0
2020-08-13 12:30,90,26,64,0,0,0
2020-08-13 12:45,91,36,55,0,0,0
2020-08-13 13:00,119,41,78,0,0,0
2020-08-13 13:15,72,31,41,0,0,0
2020-08-13 13:30,96,44,52,0,0,0
2020-08-13 13:45,85,45,40,0,0,0
2020-08-13 14:00,78,34,44,0,0,0
2020-08-13 14:15,78,33,45,0,0,0
2020-08-13 14:30,88,41,47,0,0,0
2020-08-13 14:45,99,48,51,0,0,0
2020-08-13 15:00,111,55,56,0,0,0
2020-08-13 15:15,111,58,53,0,0,0
2020-08-13 15:30,101,54,47,0,0,0
2020-08-13 15:45,116,61,55,0,0,0
2020-08-13 16:00,111,54,57,0,0,0
2020-08-13 16:15,106,46,60,0,0,0
2020-08-13 16:30,128,64,64,0,0,0
2020-08-13 16:45,104,52,52,0,0,0
2020-08-13 17:00,99,48,51,0,0,0
2020-08-13 17:15,103,48,55,0,0,0
2020-08-13 17:30,91,41,50,0,0,0
2020-08-13 17:45,129,57,72,0,0,0
2020-08-13 18:00,115,54,61,0,0,0
2020-08-13 18:15,114,46,68,0,0,0
2020-08-13 18:30,84,36,48,0,0,0
2020-08-13 18:45,96,42,54,0,0,0
2020-08-13 19:00,85,36,49,0,0,0
2020-08-13 19:15,51,17,34,0,0,0
2020-08-13 19:30,55,23,32,0,0,0
2020-08-13 19:45,50,13,37,0,0,0
2020-08-13 20:00,50,26,24,0,0,0
2020-08-13 20:15,41,18,23,0,0,0
2020-08-13 20:30,50,26,24,0,0,0
2020-08-13 20:45,46,14,32,0,0,0
2020-08-13 21:00,44,17,27,0,0,0
2020-08-13 21:15,39,7,32,0,0,0
2020-08-13 21:30,55,16,39,0,0,0
2020-08-13 21:45,20,4,16,0,0,0
2020-08-13 22:00,21,4,17,0,0,0
2020-08-13 22:15,17,2,15,0,0,0
2020-08-13 22:30,14,5,9,0,0,0
2020-08-13 22:45,19,6,13,0,0,0
2020-08-13 23:00,21,7,14,0,0,0
2020-08-13 23:15,15,2,13,0,0,0
2020-08-13 23:30,7,2,5,0,0,0
2020-08-13 23:45,8,4,4,0,0,0
2020-08-14 00:00,12,2,10,0,0,0
2020-08-14 00:15,8,2,6,0,0,0
2020-08-14 00:30,5,0,5,0,0,0
2020-08-14 00:45,5,2,3,0,0,0
2020-08-14 01:00,4,1,3,0,0,0
2020-08-14 01:15,6,2,4,0,0,0
2020-08-14 01:30,1,1,0,0,0,0
2020-08-14 01:45,5,1,4,0,0,0
2020-08-14 02:00,1,0,1,0,0,0
2020-08-14 02:15,1,0,1,0,0,0
2020-08-14 02:30,0,0,0,0,0,0
2020-08-14 02:45,1,0,1,0,0,0
2020-08-14 03:00,1,0,1,0,0,0
2020-08-14 03:15,0,0,0,0,0,0
2020-08-14 03:30,2,0,2,0,0,0
2020-08-14 03:45,1,0,1,0,0,0
2020-08-14 04:00,0,0,0,0,0,0
2020-08-14 04:15,2,0,2,0,0,0
2020-08-14 04:30,1,0,1,0,0,0
2020-08-14 04:45,3,0,3,0,0,0
2020-08-14 05:00,1,1,0,0,0,0
2020-08-14 05:15,4,3,1,0,0,0
2020-08-14 05:30,8,3,5,0,0,0
2020-08-14 05:45,14,5,9,0,0,0
2020-08-14 06:00,4,1,3,0,0,0
2020-08-14 06:15,21,12,9,0,0,0
2020-08-14 06:30,35,13,22,0,0,0
2020-08-14 06:45,38,11,27,0,0,0
2020-08-14 07:00,63,26,37,0,0,0
2020-08-14 07:15,104,56,48,0,0,0
2020-08-14 07:30,284,232,52,0,0,0
2020-08-14 07:45,198,74,124,0,0,0
2020-08-14 08:00,90,38,52,0,0,0
2020-08-14 08:15,78,34,44,0,0,0
2020-08-14 08:30,75,29,46,0,0,0
2020-08-14 08:45,81,50,31,0,0,0
2020-08-14 09:00,68,38,30,0,0,0
2020-08-14 09:15,75,46,29,0,0,0
2020-08-14 09:30,78,47,31,0,0,0
2020-08-14 09:45,69,45,24,0,0,0
2020-08-14 10:00,83,50,33,0,0,0
2020-08-14 10:15,46,26,20,0,0,0
2020-08-14 10:30,52,24,28,0,0,0
2020-08-14 10:45,69,27,42,0,0,0
2020-08-14 11:00,89,50,39,0,0,0
2020-08-14 11:15,65,29,36,0,0,0
2020-08-14 11:30,74,42,32,0,0,0
2020-08-14 11:45,81,44,37,0,0,0
2020-08-14 12:00,80,48,32,0,0,0
2020-08-14 12:15,97,33,64,0,0,0
2020-08-14 12:30,98,35,63,0,0,0
2020-08-14 12:45,96,35,61,0,0,0
2020-08-14 13:00,194,55,139,0,0,0
2020-08-14 13:15,179,40,139,0,0,0
2020-08-14 13:30,81,30,51,0,0,0
2020-08-14 13:45,123,57,66,0,0,0
2020-08-14 14:00,107,42,65,0,0,0
2020-08-14 14:15,99,41,58,0,0,0
2020-08-14 14:30,81,30,51,0,0,0
2020-08-14 14:45,129,56,73,0,0,0
2020-08-14 15:00,115,52,63,0,0,0
2020-08-14 15:15,100,53,47,0,0,0
2020-08-14 15:30,85,48,37,0,0,0
2020-08-14 15:45,85,42,43,0,0,0
2020-08-14 16:00,87,29,58,0,0,0
2020-08-14 16:15,84,41,43,0,0,0
2020-08-14 16:30,99,42,57,0,0,0
2020-08-14 16:45,91,32,59,0,0,0
2020-08-14 17:00,86,43,43,0,0,0
2020-08-14 17:15,92,41,51,0,0,0
2020-08-14 17:30,71,35,36,0,0,0
2020-08-14 17:45,78,30,48,0,0,0
2020-08-14 18:00,74,31,43,0,0,0
2020-08-14 18:15,90,34,56,0,0,0
2020-08-14 18:30,59,28,31,0,0,0
2020-08-14 18:45,79,36,43,0,0,0
2020-08-14 19:00,79,34,45,0,0,0
2020-08-14 19:15,64,24,40,0,0,0
2020-08-14 19:30,52,20,32,0,0,0
2020-08-14 19:45,61,33,28,0,0,0
2020-08-14 20:00,48,32,16,0,0,0
2020-08-14 20:15,68,35,33,0,0,0
2020-08-14 20:30,40,24,16,0,0,0
2020-08-14 20:45,45,16,29,0,0,0
2020-08-14 21:00,44,21,23,0,0,0
2020-08-14 21:15,47,18,29,0,0,0
2020-08-14 21:30,37,12,25,0,0,0
2020-08-14 21:45,37,14,23,0,0,0
2020-08-14 22:00,23,7,16,0,0,0
2020-08-14 22:15,37,16,21,0,0,0
2020-08-14 22:30,14,4,10,0,0,0
2020-08-14 22:45,39,6,33,0,0,0
2020-08-14 23:00,34,12,22,0,0,0
2020-08-14 23:15,19,3,16,0,0,0
2020-08-14 23:30,20,9,11,0,0,0
2020-08-14 23:45,13,2,11,0,0,0
2020-08-15 00:00,29,8,21,0,0,0
2020-08-15 00:15,14,3,11,0,0,0
2020-08-15 00:30,12,0,12,0,0,0
2020-08-15 00:45,25,1,24,0,0,0
2020-08-15 01:00,8,3,5,0,0,0
2020-08-15 01:15,12,6,6,0,0,0
2020-08-15 01:30,11,1,10,0,0,0
2020-08-15 01:45,9,1,8,0,0,0
2020-08-15 02:00,11,4,7,0,0,0
2020-08-15 02:15,3,0,3,0,0,0
2020-08-15 02:30,10,3,7,0,0,0
2020-08-15 02:45,8,2,6,0,0,0
2020-08-15 03:00,6,1,5,0,0,0
2020-08-15 03:15,2,0,2,0,0,0
2020-08-15 03:30,2,0,2,0,0,0
2020-08-15 03:45,10,6,4,0,0,0
2020-08-15 04:00,0,0,0,0,0,0
2020-08-15 04:15,1,0,1,0,0,0
2020-08-15 04:30,1,0,1,0,0,0
2020-08-15 04:45,2,2,0,0,0,0
2020-08-15 05:00,0,0,0,0,0,0
2020-08-15 05:15,0,0,0,0,0,0
2020-08-15 05:30,9,3,6,0,0,0
2020-08-15 05:45,11,5,6,0,0,0
2020-08-15 06:00,1,1,0,0,0,0
2020-08-15 06:15,6,4,2,0,0,0
2020-08-15 06:30,10,8,2,0,0,0
2020-08-15 06:45,9,8,1,0,0,0
2020-08-15 07:00,18,11,7,0,0,0
2020-08-15 07:15,10,9,1,0,0,0
2020-08-15 07:30,33,11,22,0,0,0
2020-08-15 07:45,27,15,12,0,0,0
2020-08-15 08:00,22,10,12,0,0,0
2020-08-15 08:15,22,15,7,0,0,0
2020-08-15 08:30,24,15,9,0,0,0
2020-08-15 08:45,44,27,17,0,0,0
2020-08-15 09:00,32,21,11,0,0,0
2020-08-15 09:15,42,29,13,0,0,0
2020-08-15 09:30,52,35,17,0,0,0
2020-08-15 09:45,67,43,24,0,0,0
2020-08-15 10:00,74,48,26,0,0,0
2020-08-15 10:15,64,41,23,0,0,0
2020-08-15 10:30,75,47,28,0,0,0
2020-08-15 10:45,85,55,30,0,0,0
2020-08-15 11:00,61,33,28,0,0,0
2020-08-15 11:15,69,53,16,0,0,0
2020-08-15 11:30,78,50,28,0,0,0
2020-08-15 11:45,91,42,49,0,0,0
2020-08-15 12:00,80,52,28,0,0,0
2020-08-15 12:15,104,36,68,0,0,0
2020-08-15 12:30,58,17,41,0,0,0
2020-08-15 12:45,121,51,70,0,0,0
2020-08-15 13:00,79,30,49,0,0,0
2020-08-15 13:15,84,34,50,0,0,0
2020-08-15 13:30,85,46,39,0,0,0
2020-08-15 13:45,53,18,35,0,0,0
2020-08-15 14:00,75,27,48,0,0,0
2020-08-15 14:15,65,28,37,0,0,0
2020-08-15 14:30,59,21,38,0,0,0
2020-08-15 14:45,54,25,29,0,0,0
2020-08-15 15:00,68,22,46,0,0,0
2020-08-15 15:15,57,21,36,0,0,0
2020-08-15 15:30,84,39,45,0,0,0
2020-08-15 15:45,53,20,33,0,0,0
2020-08-15 16:00,57,17,40,0,0,0
2020-08-15 16:15,49,24,25,0,0,0
2020-08-15 16:30,56,26,30,0,0,0
2020-08-15 16:45,65,38,27,0,0,0
2020-08-15 17:00,55,27,28,0,0,0
2020-08-15 17:15,45,14,31,0,0,0
2020-08-15 17:30,66,26,40,0,0,0
2020-08-15 17:45,63,29,34,0,0,0
2020-08-15 18:00,60,34,26,0,0,0
2020-08-15 18:15,56,22,34,0,0,0
2020-08-15 18:30,56,24,32,0,0,0
2020-08-15 18:45,66,24,42,0,0,0
2020-08-15 19:00,60,22,38,0,0,0
2020-08-15 19:15,55,24,31,0,0,0
2020-08-15 19:30,32,10,22,0,0,0
2020-08-15 19:45,56,20,36,0,0,0
2020-08-15 20:00,51,21,30,0,0,0
2020-08-15 20:15,41,19,22,0,0,0
2020-08-15 20:30,22,6,16,0,0,0
2020-08-15 20:45,68,32,36,0,0,0
2020-08-15 21:00,43,18,25,0,0,0
2020-08-15 21:15,17,4,13,0,0,0
2020-08-15 21:30,27,5,22,0,0,0
2020-08-15 21:45,27,17,10,0,0,0
2020-08-15 22:00,28,8,20,0,0,0
2020-08-15 22:15,20,9,11,0,0,0
2020-08-15 22:30,29,4,25,0,0,0
2020-08-15 22:45,18,5,13,0,0,0
2020-08-15 23:00,28,13,15,0,0,0
2020-08-15 23:15,13,2,11,0,0,0
2020-08-15 23:30,37,6,31,0,0,0
2020-08-15 23:45,28,4,24,0,0,0
2020-08-16 00:00,29,4,25,0,0,0
2020-08-16 00:15,15,1,14,0,0,0
2020-08-16 00:30,7,4,3,0,0,0
2020-08-16 00:45,18,4,14,0,0,0
2020-08-16 01:00,6,1,5,0,0,0
2020-08-16 01:15,15,6,9,0,0,0
2020-08-16 01:30,12,4,8,0,0,0
2020-08-16 01:45,14,5,9,0,0,0
2020-08-16 02:00,12,4,8,0,0,0
2020-08-16 02:15,4,1,3,0,0,0
2020-08-16 02:30,4,2,2,0,0,0
2020-08-16 02:45,6,2,4,0,0,0
2020-08-16 03:00,2,0,2,0,0,0
2020-08-16 03:15,11,4,7,0,0,0
2020-08-16 03:30,4,2,2,0,0,0
2020-08-16 03:45,6,3,3,0,0,0
2020-08-16 04:00,0,0,0,0,0,0
2020-08-16 04:15,3,1,2,0,0,0
2020-08-16 04:30,1,0,1,0,0,0
2020-08-16 04:45,1,0,1,0,0,0
2020-08-16 05:00,1,0,1,0,0,0
2020-08-16 05:15,0,0,0,0,0,0
2020-08-16 05:30,2,0,2,0,0,0
2020-08-16 05:45,6,0,6,0,0,0
2020-08-16 06:00,9,8,1,0,0,0
2020-08-16 06:15,3,0,3,0,0,0
2020-08-16 06:30,9,8,1,0,0,0
2020-08-16 06:45,5,1,4,0,0,0
2020-08-16 07:00,5,1,4,0,0,0
2020-08-16 07:15,7,2,5,0,0,0
2020-08-16 07:30,8,1,7,0,0,0
2020-08-16 07:45,9,3,6,0,0,0
2020-08-16 08:00,5,3,2,0,0,0
2020-08-16 08:15,10,7,3,0,0,0
2020-08-16 08:30,11,6,5,0,0,0
2020-08-16 08:45,15,4,11,0,0,0
2020-08-16 09:00,14,5,9,0,0,0
2020-08-16 09:15,20,15,5,0,0,0
2020-08-16 09:30,12,6,6,0,0,0
2020-08-16 09:45,44,26,18,0,0,0
2020-08-16 10:00,37,14,23,0,0,0
2020-08-16 10:15,19,7,12,0,0,0
2020-08-16 10:30,38,22,16,0,0,0
2020-08-16 10:45,26,15,11,0,0,0
2020-08-16 11:00,29,14,15,0,0,0
2020-08-16 11:15,34,13,21,0,0,0
2020-08-16 11:30,32,12,20,0,0,0
2020-08-16 11:45,48,22,26,0,0,0
2020-08-16 12:00,50,21,29,0,0,0
2020-08-16 12:15,59,31,28,0,0,0
2020-08-16 12:30,55,26,29,0,0,0
2020-08-16 12:45,53,35,18,0,0,0
2020-08-16 13:00,70,40,30,0,0,0
2020-08-16 13:15,39,11,28,0,0,0
2020-08-16 13:30,45,16,29,0,0,0
2020-08-16 13:45,85,36,49,0,0,0
2020-08-16 14:00,67,32,35,0,0,0
2020-08-16 14:15,58,21,37,0,0,0
2020-08-16 14:30,64,45,19,0,0,0
2020-08-16 14:45,56,24,32,0,0,0
2020-08-16 15:00,39,21,18,0,0,0
2020-08-16 15:15,40,18,22,0,0,0
2020-08-16 15:30,45,23,22,0,0,0
2020-08-16 15:45,39,25,14,0,0,0
2020-08-16 16:00,48,29,19,0,0,0
2020-08-16 16:15,69,38,31,0,0,0
2020-08-16 16:30,43,17,26,0,0,0
2020-08-16 16:45,52,25,27,0,0,0
2020-08-16 17:00,73,43,30,0,0,0
2020-08-16 17:15,39,13,26,0,0,0
2020-08-16 17:30,60,14,46,0,0,0
2020-08-16 17:45,56,22,34,0,0,0
2020-08-16 18:00,49,8,41,0,0,0
2020-08-16 18:15,60,21,39,0,0,0
2020-08-16 18:30,60,23,37,0,0,0
2020-08-16 18:45,48,19,29,0,0,0
2020-08-16 19:00,52,24,28,0,0,0
2020-08-16 19:15,56,10,46,0,0,0
2020-08-16 19:30,32,9,23,0,0,0
2020-08-16 19:45,55,14,41,0,0,0
2020-08-16 20:00,53,18,35,0,0,0
2020-08-16 20:15,45,16,29,0,0,0
2020-08-16 20:30,42,18,24,0,0,0
2020-08-16 20:45,39,11,28,0,0,0
2020-08-16 21:00,34,8,26,0,0,0
2020-08-16 21:15,19,10,9,0,0,0
2020-08-16 21:30,24,6,18,0,0,0
2020-08-16 21:45,18,7,11,0,0,0
2020-08-16 22:00,17,12,5,0,0,0
2020-08-16 22:15,30,26,4,0,0,0
2020-08-16 22:30,26,13,13,0,0,0
2020-08-16 22:45,10,0,10,0,0,0
2020-08-16 23:00,13,2,11,0,0,0
2020-08-16 23:15,9,4,5,0,0,0
2020-08-16 23:30,6,2,4,0,0,0
2020-08-16 23:45,5,1,4,0,0,0
2020-08-17 00:00,0,0,0,0,0,0
2020-08-17 00:15,4,0,4,0,0,0
2020-08-17 00:30,2,0,2,0,0,0
2020-08-17 00:45,1,0,1,0,0,0
2020-08-17 01:00,3,0,3,0,0,0
2020-08-17 01:15,0,0,0,0,0,0
2020-08-17 01:30,1,0,1,0,0,0
2020-08-17 01:45,2,1,1,0,0,0
2020-08-17 02:00,1,0,1,0,0,0
2020-08-17 02:15,2,1,1,0,0,0
2020-08-17 02:30,0,0,0,0,0,0
2020-08-17 02:45,0,0,0,0,0,0
2020-08-17 03:00,1,1,0,0,0,0
2020-08-17 03:15,0,0,0,0,0,0
2020-08-17 03:30,0,0,0,0,0,0
2020-08-17 03:45,1,0,1,0,0,0
2020-08-17 04:00,0,0,0,0,0,0
2020-08-17 04:15,0,0,0,0,0,0
2020-08-17 04:30,0,0,0,0,0,0
2020-08-17 04:45,1,0,1,0,0,0
2020-08-17 05:00,1,1,0,0,0,0
2020-08-17 05:15,4,2,2,0,0,0
2020-08-17 05:30,14,7,7,0,0,0
2020-08-17 05:45,17,3,14,0,0,0
2020-08-17 06:00,7,5,2,0,0,0
2020-08-17 06:15,20,12,8,0,0,0
2020-08-17 06:30,49,19,30,0,0,0
2020-08-17 06:45,43,12,31,0,0,0
2020-08-17 07:00,57,24,33,0,0,0
2020-08-17 07:15,113,67,46,0,0,0
2020-08-17 07:30,331,254,77,0,0,0
2020-08-17 07:45,173,69,104,0,0,0
2020-08-17 08:00,94,38,56,0,0,0
2020-08-17 08:15,95,39,56,0,0,0
2020-08-17 08:30,99,41,58,0,0,0
2020-08-17 08:45,110,57,53,0,0,0
2020-08-17 09:00,79,35,44,0,0,0
2020-08-17 09:15,66,34,32,0,0,0
2020-08-17 09:30,59,33,26,0,0,0
2020-08-17 09:45,65,39,26,0,0,0
2020-08-17 10:00,42,24,18,0,0,0
2020-08-17 10:15,42,17,25,0,0,0
2020-08-17 10:30,53,21,32,0,0,0
2020-08-17 10:45,56,34,22,0,0,0
2020-08-17 11:00,67,36,31,0,0,0
2020-08-17 11:15,64,26,38,0,0,0
2020-08-17 11:30,63,39,24,0,0,0
2020-08-17 11:45,54,36,18,0,0,0
2020-08-17 12:00,63,27,36,0,0,0
2020-08-17 12:15,82,35,47,0,0,0
2020-08-17 12:30,92,30,62,0,0,0
2020-08-17 12:45,89,34,55,0,0,0
2020-08-17 13:00,144,33,111,0,0,0
2020-08-17 13:15,97,29,68,0,0,0
2020-08-17 13:30,87,34,53,0,0,0
2020-08-17 13:45,92,36,56,0,0,0
2020-08-17 14:00,130,38,92,0,0,0
2020-08-17 14:15,84,45,39,0,0,0
2020-08-17 14:30,86,50,36,0,0,0
2020-08-17 14:45,91,45,46,0,0,0
2020-08-17 15:00,93,50,43,0,0,0
2020-08-17 15:15,110,67,43,0,0,0
2020-08-17 15:30,139,38,101,0,0,0
2020-08-17 15:45,142,60,82,0,0,0
2020-08-17 16:00,101,58,43,0,0,0
2020-08-17 16:15,113,53,60,0,0,0
2020-08-17 16:30,86,45,41,0,0,0
2020-08-17 16:45,156,75,81,0,0,0
2020-08-17 17:00,110,51,59,0,0,0
2020-08-17 17:15,130,62,68,0,0,0
2020-08-17 17:30,95,45,50,0,0,0
2020-08-17 17:45,109,55,54,0,0,0
2020-08-17 18:00,103,49,54,0,0,0
2020-08-17 18:15,112,43,69,0,0,0
2020-08-17 18:30,83,24,59,0,0,0
2020-08-17 18:45,81,28,53,0,0,0
2020-08-17 19:00,78,25,53,0,0,0
2020-08-17 19:15,51,7,44,0,0,0
2020-08-17 19:30,25,12,13,0,0,0
2020-08-17 19:45,28,14,14,0,0,0
2020-08-17 20:00,47,19,28,0,0,0
2020-08-17 20:15,55,24,31,0,0,0
2020-08-17 20:30,31,8,23,0,0,0
2020-08-17 20:45,42,22,20,0,0,0
2020-08-17 21:00,24,12,12,0,0,0
2020-08-17 21:15,13,4,9,0,0,0
2020-08-17 21:30,23,6,17,0,0,0
2020-08-17 21:45,15,5,10,0,0,0
2020-08-17 22:00,22,2,20,0,0,0
2020-08-17 22:15,15,3,12,0,0,0
2020-08-17 22:30,16,3,13,0,0,0
2020-08-17 22:45,9,2,7,0,0,0
2020-08-17 23:00,15,1,14,0,0,0
2020-08-17 23:15,4,1,3,0,0,0
2020-08-17 23:30,5,3,2,0,0,0
2020-08-17 23:45,14,2,12,0,0,0
2020-08-18 00:00,10,0,10,0,0,0
2020-08-18 00:15,4,1,3,0,0,0
2020-08-18 00:30,3,1,2,0,0,0
2020-08-18 00:45,5,0,5,0,0,0
2020-08-18 01:00,6,1,5,0,0,0
2020-08-18 01:15,2,0,2,0,0,0
2020-08-18 01:30,1,0,1,0,0,0
2020-08-18 01:45,1,0,1,0,0,0
2020-08-18 02:00,0,0,0,0,0,0
2020-08-18 02:15,0,0,0,0,0,0
2020-08-18 02:30,1,0,1,0,0,0
2020-08-18 02:45,0,0,0,0,0,0
2020-08-18 03:00,0,0,0,0,0,0
2020-08-18 03:15,0,0,0,0,0,0
2020-08-18 03:30,0,0,0,0,0,0
2020-08-18 03:45,1,0,1,0,0,0
2020-08-18 04:00,1,0,1,0,0,0
2020-08-18 04:15,0,0,0,0,0,0
2020-08-18 04:30,1,1,0,0,0,0
2020-08-18 04:45,1,0,1,0,0,0
2020-08-18 05:00,0,0,0,0,0,0
2020-08-18 05:15,3,2,1,0,0,0
2020-08-18 05:30,13,3,10,0,0,0
2020-08-18 05:45,12,1,11,0,0,0
2020-08-18 06:00,6,4,2,0,0,0
2020-08-18 06:15,20,9,11,0,0,0
2020-08-18 06:30,31,17,14,0,0,0
2020-08-18 06:45,58,13,45,0,0,0
2020-08-18 07:00,76,34,42,0,0,0
2020-08-18 07:15,105,62,43,0,0,0
2020-08-18 07:30,316,244,72,0,0,0
2020-08-18 07:45,179,76,103,0,0,0
2020-08-18 08:00,125,40,85,0,0,0
2020-08-18 08:15,109,54,55,0,0,0
2020-08-18 08:30,93,29,64,0,0,0
2020-08-18 08:45,101,49,52,0,0,0
2020-08-18 09:00,80,39,41,0,0,0
2020-08-18 09:15,83,45,38,0,0,0
2020-08-18 09:30,88,49,39,0,0,0
2020-08-18 09:45,91,43,48,0,0,0
2020-08-18 10:00,52,30,22,0,0,0
2020-08-18 10:15,62,29,33,0,0,0
2020-08-18 10:30,69,33,36,0,0,0
2020-08-18 10:45,67,36,31,0,0,0
2020-08-18 11:00,73,37,36,0,0,0
2020-08-18 11:15,58,26,32,0,0,0
2020-08-18 11:30,72,37,35,0,0,0
2020-08-18 11:45,75,41,34,0,0,0
2020-08-18 12:00,80,39,41,0,0,0
2020-08-18 12:15,84,32,52,0,0,0
2020-08-18 12:30,120,48,72,0,0,0
2020-08-18 12:45,102,52,50,0,0,0
2020-08-18 13:00,169,47,122,0,0,0
2020-08-18 13:15,145,39,106,0,0,0
2020-08-18 13:30,104,50,54,0,0,0
2020-08-18 13:45,134,63,71,0,0,0
2020-08-18 14:00,162,61,101,0,0,0
2020-08-18 14:15,110,49,61,0,0,0
2020-08-18 14:30,89,43,46,0,0,0
2020-08-18 14:45,118,62,56,0,0,0
2020-08-18 15:00,104,49,55,0,0,0
2020-08-18 15:15,102,61,41,0,0,0
2020-08-18 15:30,128,55,73,0,0,0
2020-08-18 15:45,131,62,69,0,0,0
2020-08-18 16:00,109,60,49,0,0,0
2020-08-18 16:15,119,61,58,0,0,0
2020-08-18 16:30,122,64,58,0,0,0
2020-08-18 16:45,156,78,78,0,0,0
2020-08-18 17:00,138,72,66,0,0,0
2020-08-18 17:15,112,66,46,0,0,0
2020-08-18 17:30,148,61,87,0,0,0
2020-08-18 17:45,134,51,83,0,0,0
2020-08-18 18:00,89,33,56,0,0,0
2020-08-18 18:15,110,51,59,0,0,0
2020-08-18 18:30,99,34,65,0,0,0
2020-08-18 18:45,101,47,54,0,0,0
2020-08-18 19:00,70,27,43,0,0,0
2020-08-18 19:15,73,20,53,0,0,0
2020-08-18 19:30,58,26,32,0,0,0
2020-08-18 19:45,65,21,44,0,0,0
2020-08-18 20:00,49,15,34,0,0,0
2020-08-18 20:15,44,22,22,0,0,0
2020-08-18 20:30,35,19,16,0,0,0
2020-08-18 20:45,39,15,24,0,0,0
2020-08-18 21:00,62,27,35,0,0,0
2020-08-18 21:15,31,15,16,0,0,0
2020-08-18 21:30,29,7,22,0,0,0
2020-08-18 21:45,15,2,13,0,0,0
2020-08-18 22:00,42,11,31,0,0,0
2020-08-18 22:15,37,8,29,0,0,0
2020-08-18 22:30,17,6,11,0,0,0
2020-08-18 22:45,22,5,17,0,0,0
2020-08-18 23:00,17,6,11,0,0,0
2020-08-18 23:15,19,2,17,0,0,0
2020-08-18 23:30,25,2,23,0,0,0
2020-08-18 23:45,11,2,9,0,0,0
2020-08-19 00:00,8,4,4,0,0,0
2020-08-19 00:15,4,1,3,0,0,0
2020-08-19 00:30,10,0,10,0,0,0
2020-08-19 00:45,4,0,4,0,0,0
2020-08-19 01:00,5,0,5,0,0,0
2020-08-19 01:15,1,0,1,0,0,0
2020-08-19 01:30,0,0,0,0,0,0
2020-08-19 01:45,4,1,3,0,0,0
2020-08-19 02:00,5,2,3,0,0,0
2020-08-19 02:15,1,1,0,0,0,0
2020-08-19 02:30,2,0,2,0,0,0
2020-08-19 02:45,0,0,0,0,0,0
2020-08-19 03:00,0,0,0,0,0,0
2020-08-19 03:15,0,0,0,0,0,0
2020-08-19 03:30,1,0,1,0,0,0
2020-08-19 03:45,2,0,2,0,0,0
2020-08-19 04:00,0,0,0,0,0,0
2020-08-19 04:15,0,0,0,0,0,0
2020-08-19 04:30,1,0,1,0,0,0
2020-08-19 04:45,3,0,3,0,0,0
2020-08-19 05:00,1,1,0,0,0,0
2020-08-19 05:15,4,4,0,0,0,0
2020-08-19 05:30,17,7,10,0,0,0
2020-08-19 05:45,14,5,9,0,0,0
2020-08-19 06:00,8,2,6,0,0,0
2020-08-19 06:15,20,12,8,0,0,0
2020-08-19 06:30,42,18,24,0,0,0
2020-08-19 06:45,52,21,31,0,0,0
2020-08-19 07:00,83,34,49,0,0,0
2020-08-19 07:15,126,71,55,0,0,0
2020-08-19 07:30,329,257,72,0,0,0
2020-08-19 07:45,201,90,111,0,0,0
2020-08-19 08:00,124,43,81,0,0,0
2020-08-19 08:15,106,50,56,0,0,0
2020-08-19 08:30,102,36,66,0,0,0
2020-08-19 08:45,126,73,53,0,0,0
2020-08-19 09:00,107,52,55,0,0,0
2020-08-19 09:15,100,61,39,0,0,0
2020-08-19 09:30,83,43,40,0,0,0
2020-08-19 09:45,100,50,50,0,0,0
2020-08-19 10:00,77,49,28,0,0,0
2020-08-19 10:15,101,58,43,0,0,0
2020-08-19 10:30,113,65,48,0,0,0
2020-08-19 10:45,95,60,35,0,0,0
2020-08-19 11:00,95,40,55,0,0,0
2020-08-19 11:15,92,48,44,0,0,0
2020-08-19 11:30,119,40,79,0,0,0
2020-08-19 11:45,92,40,52,0,0,0
2020-08-19 12:00,87,45,42,0,0,0
2020-08-19 12:15,136,49,87,0,0,0
2020-08-19 12:30,111,36,75,0,0,0
2020-08-19 12:45,125,49,76,0,0,0
2020-08-19 13:00,160,54,106,0,0,0
2020-08-19 13:15,144,52,92,0,0,0
2020-08-19 13:30,102,41,61,0,0,0
2020-08-19 13:45,114,55,59,0,0,0
2020-08-19 14:00,154,53,101,0,0,0
2020-08-19 14:15,112,43,69,0,0,0
2020-08-19 14:30,137,63,74,0,0,0
2020-08-19 14:45,108,42,66,0,0,0
2020-08-19 15:00,101,33,68,0,0,0
2020-08-19 15:15,130,79,51,0,0,0
2020-08-19 15:30,182,51,131,0,0,0
2020-08-19 15:45,148,71,77,0,0,0
2020-08-19 16:00,132,64,68,0,0,0
2020-08-19 16:15,133,74,59,0,0,0
2020-08-19 16:30,139,81,58,0,0,0
2020-08-19 16:45,128,60,68,0,0,0
2020-08-19 17:00,133,64,69,0,0,0
2020-08-19 17:15,132,67,65,0,0,0
2020-08-19 17:30,123,56,67,0,0,0
2020-08-19 17:45,135,65,70,0,0,0
2020-08-19 18:00,124,54,70,0,0,0
2020-08-19 18:15,71,30,41,0,0,0
2020-08-19 18:30,103,42,61,0,0,0
2020-08-19 18:45,112,62,50,0,0,0
2020-08-19 19:00,89,41,48,0,0,0
2020-08-19 19:15,101,47,54,0,0,0
2020-08-19 19:30,78,23,55,0,0,0
2020-08-19 19:45,80,33,47,0,0,0
2020-08-19 20:00,58,27,31,0,0,0
2020-08-19 20:15,62,21,41,0,0,0
2020-08-19 20:30,57,23,34,0,0,0
2020-08-19 20:45,69,27,42,0,0,0
2020-08-19 21:00,52,31,21,0,0,0
2020-08-19 21:15,44,23,21,0,0,0
2020-08-19 21:30,31,14,17,0,0,0
2020-08-19 21:45,29,7,22,0,0,0
2020-08-19 22:00,29,6,23,0,0,0
2020-08-19 22:15,36,7,29,0,0,0
2020-08-19 22:30,39,3,36,0,0,0
2020-08-19 22:45,17,0,17,0,0,0
2020-08-19 23:00,38,13,25,0,0,0
2020-08-19 23:15,36,5,31,0,0,0
2020-08-19 23:30,31,2,29,0,0,0
2020-08-19 23:45,12,3,9,0,0,0
2020-08-20 00:00,14,2,12,0,0,0
2020-08-20 00:15,15,7,8,0,0,0
2020-08-20 00:30,19,2,17,0,0,0
2020-08-20 00:45,2,0,2,0,0,0
2020-08-20 01:00,1,0,1,0,0,0
2020-08-20 01:15,3,1,2,0,0,0
2020-08-20 01:30,3,1,2,0,0,0
2020-08-20 01:45,7,1,6,0,0,0
2020-08-20 02:00,2,0,2,0,0,0
2020-08-20 02:15,0,0,0,0,0,0
2020-08-20 02:30,2,1,1,0,0,0
2020-08-20 02:45,2,0,2,0,0,0
2020-08-20 03:00,0,0,0,0,0,0
2020-08-20 03:15,1,0,1,0,0,0
2020-08-20 03:30,4,1,3,0,0,0
2020-08-20 03:45,2,0,2,0,0,0
2020-08-20 04:00,0,0,0,0,0,0
2020-08-20 04:15,0,0,0,0,0,0
2020-08-20 04:30,0,0,0,0,0,0
2020-08-20 04:45,1,0,1,0,0,0
2020-08-20 05:00,3,1,2,0,0,0
2020-08-20 05:15,1,1,0,0,0,0
2020-08-20 05:30,11,6,5,0,0,0
2020-08-20 05:45,15,3,12,0,0,0
2020-08-20 06:00,6,4,2,0,0,0
2020-08-20 06:15,13,7,6,0,0,0
2020-08-20 06:30,45,21,24,0,0,0
2020-08-20 06:45,51,19,32,0,0,0
2020-08-20 07:00,53,17,36,0,0,0
2020-08-20 07:15,112,64,48,0,0,0
2020-08-20 07:30,325,258,67,0,0,0
2020-08-20 07:45,169,76,93,0,0,0
2020-08-20 08:00,105,44,61,0,0,0
2020-08-20 08:15,90,40,50,0,0,0
2020-08-20 08:30,106,42,64,0,0,0
2020-08-20 08:45,113,57,56,0,0,0
2020-08-20 09:00,71,38,33,0,0,0
2020-08-20 09:15,86,45,41,0,0,0
2020-08-20 09:30,88,40,48,0,0,0
2020-08-20 09:45,83,45,38,0,0,0
2020-08-20 10:00,58,34,24,0,0,0
2020-08-20 10:15,67,27,40,0,0,0
2020-08-20 10:30,59,35,24,0,0,0
2020-08-20 10:45,76,36,40,0,0,0
2020-08-20 11:00,65,34,31,0,0,0
2020-08-20 11:15,73,44,29,0,0,0
2020-08-20 11:30,77,30,47,0,0,0
2020-08-20 11:45,92,35,57,0,0,0
2020-08-20 12:00,73,38,35,0,0,0
2020-08-20 12:15,97,29,68,0,0,0
2020-08-20 12:30,77,25,52,0,0,0
2020-08-20 12:45,138,75,63,0,0,0
2020-08-20 13:00,125,41,84,0,0,0
2020-08-20 13:15,138,46,92,0,0,0
2020-08-20 13:30,89,50,39,0,0,0
2020-08-20 13:45,117,52,65,0,0,0
2020-08-20 14:00,122,30,92,0,0,0
2020-08-20 14:15,110,56,54,0,0,0
2020-08-20 14:30,113,55,58,0,0,0
2020-08-20 14:45,124,71,53,0,0,0
2020-08-20 15:00,123,50,73,0,0,0
2020-08-20 15:15,113,61,52,0,0,0
2020-08-20 15:30,159,73,86,0,0,0
2020-08-20 15:45,134,52,82,0,0,0
2020-08-20 16:00,134,68,66,0,0,0
2020-08-20 16:15,119,57,62,0,0,0
2020-08-20 16:30,128,56,72,0,0,0
2020-08-20 16:45,134,70,64,0,0,0
2020-08-20 17:00,125,64,61,0,0,0
2020-08-20 17:15,129,45,84,0,0,0
2020-08-20 17:30,95,40,55,0,0,0
2020-08-20 17:45,135,57,78,0,0,0
2020-08-20 18:00,109,42,67,0,0,0
2020-08-20 18:15,109,40,69,0,0,0
2020-08-20 18:30,99,32,67,0,0,0
2020-08-20 18:45,87,33,54,0,0,0
2020-08-20 19:00,79,38,41,0,0,0
2020-08-20 19:15,80,35,45,0,0,0
2020-08-20 19:30,67,28,39,0,0,0
2020-08-20 19:45,77,26,51,0,0,0
2020-08-20 20:00,67,27,40,0,0,0
2020-08-20 20:15,45,23,22,0,0,0
2020-08-20 20:30,35,13,22,0,0,0
2020-08-20 20:45,54,19,35,0,0,0
2020-08-20 21:00,44,14,30,0,0,0
2020-08-20 21:15,31,8,23,0,0,0
2020-08-20 21:30,37,11,26,0,0,0
2020-08-20 21:45,30,4,26,0,0,0
2020-08-20 22:00,25,9,16,0,0,0
2020-08-20 22:15,39,9,30,0,0,0
2020-08-20 22:30,24,4,20,0,0,0
2020-08-20 22:45,31,7,24,0,0,0
2020-08-20 23:00,26,2,24,0,0,0
2020-08-20 23:15,16,1,15,0,0,0
2020-08-20 23:30,10,2,8,0,0,0
2020-08-20 23:45,13,2,11,0,0,0
2020-08-21 00:00,15,3,12,0,0,0
2020-08-21 00:15,8,1,7,0,0,0
2020-08-21 00:30,13,4,9,0,0,0
2020-08-21 00:45,6,1,5,0,0,0
2020-08-21 01:00,9,2,7,0,0,0
2020-08-21 01:15,3,1,2,0,0,0
2020-08-21 01:30,3,2,1,0,0,0
2020-08-21 01:45,4,1,3,0,0,0
2020-08-21 02:00,4,0,4,0,0,0
2020-08-21 02:15,0,0,0,0,0,0
2020-08-21 02:30,1,0,1,0,0,0
2020-08-21 02:45,0,0,0,0,0,0
2020-08-21 03:00,0,0,0,0,0,0
2020-08-21 03:15,2,0,2,0,0,0
2020-08-21 03:30,3,2,1,0,0,0
2020-08-21 03:45,0,0,0,0,0,0
2020-08-21 04:00,0,0,0,0,0,0
2020-08-21 04:15,0,0,0,0,0,0
2020-08-21 04:30,0,0,0,0,0,0
2020-08-21 04:45,1,0,1,0,0,0
2020-08-21 05:00,1,1,0,0,0,0
2020-08-21 05:15,1,1,0,0,0,0
2020-08-21 05:30,10,6,4,0,0,0
2020-08-21 05:45,11,2,9,0,0,0
2020-08-21 06:00,8,5,3,0,0,0
2020-08-21 06:15,15,8,7,0,0,0
2020-08-21 06:30,41,11,30,0,0,0
2020-08-21 06:45,33,7,26,0,0,0
2020-08-21 07:00,54,17,37,0,0,0
2020-08-21 07:15,78,39,39,0,0,0
2020-08-21 07:30,153,119,34,0,0,0
2020-08-21 07:45,115,63,52,0,0,0
2020-08-21 08:00,69,28,41,0,0,0
2020-08-21 08:15,82,25,57,0,0,0
2020-08-21 08:30,70,26,44,0,0,0
2020-08-21 08:45,98,40,58,0,0,0
2020-08-21 09:00,45,27,18,0,0,0
2020-08-21 09:15,48,28,20,0,0,0
2020-08-21 09:30,59,34,25,0,0,0
2020-08-21 09:45,66,34,32,0,0,0
2020-08-21 10:00,58,35,23,0,0,0
2020-08-21 10:15,60,33,27,0,0,0
2020-08-21 10:30,38,27,11,0,0,0
2020-08-21 10:45,53,34,19,0,0,0
2020-08-21 11:00,51,26,25,0,0,0
2020-08-21 11:15,50,25,25,0,0,0
2020-08-21 11:30,67,34,33,0,0,0
2020-08-21 11:45,60,38,22,0,0,0
2020-08-21 12:00,74,25,49,0,0,0
2020-08-21 12:15,88,41,47,0,0,0
2020-08-21 12:30,86,31,55,0,0,0
2020-08-21 12:45,64,34,30,0,0,0
2020-08-21 13:00,111,39,72,0,0,0
2020-08-21 13:15,110,36,74,0,0,0
2020-08-21 13:30,83,35,48,0,0,0
2020-08-21 13:45,115,57,58,0,0,0
2020-08-21 14:00,101,37,64,0,0,0
2020-08-21 14:15,106,66,40,0,0,0
2020-08-21 14:30,81,38,43,0,0,0
2020-08-21 14:45,83,33,50,0,0,0
2020-08-21 15:00,118,62,56,0,0,0
2020-08-21 15:15,100,54,46,0,0,0
2020-08-21 15:30,81,43,38,0,0,0
2020-08-21 15:45,84,54,30,0,0,0
2020-08-21 16:00,93,46,47,0,0,0
2020-08-21 16:15,89,47,42,0,0,0
2020-08-21 16:30,99,45,54,0,0,0
2020-08-21 16:45,99,48,51,0,0,0
2020-08-21 17:00,40,16,24,0,0,0
2020-08-21 17:15,49,26,23,0,0,0
2020-08-21 17:30,70,25,45,0,0,0
2020-08-21 17:45,66,22,44,0,0,0
2020-08-21 18:00,83,46,37,0,0,0
2020-08-21 18:15,85,35,50,0,0,0
2020-08-21 18:30,60,33,27,0,0,0
2020-08-21 18:45,77,47,30,0,0,0
2020-08-21 19:00,60,31,29,0,0,0
2020-08-21 19:15,28,15,13,0,0,0
2020-08-21 19:30,49,17,32,0,0,0
2020-08-21 19:45,65,31,34,0,0,0
2020-08-21 20:00,36,18,18,0,0,0
2020-08-21 20:15,45,16,29,0,0,0
2020-08-21 20:30,40,12,28,0,0,0
2020-08-21 20:45,34,17,17,0,0,0
2020-08-21 21:00,37,19,18,0,0,0
2020-08-21 21:15,34,19,15,0,0,0
2020-08-21 21:30,18,5,13,0,0,0
2020-08-21 21:45,11,2,9,0,0,0
2020-08-21 22:00,19,2,17,0,0,0
2020-08-21 22:15,34,6,28,0,0,0
2020-08-21 22:30,17,3,14,0,0,0
2020-08-21 22:45,26,1,25,0,0,0
2020-08-21 23:00,36,14,22,0,0,0
2020-08-21 23:15,27,10,17,0,0,0
2020-08-21 23:30,31,8,23,0,0,0
2020-08-21 23:45,22,11,11,0,0,0
2020-08-22 00:00,14,2,12,0,0,0
2020-08-22 00:15,17,7,10,0,0,0
2020-08-22 00:30,14,2,12,0,0,0
2020-08-22 00:45,19,1,18,0,0,0
2020-08-22 01:00,7,1,6,0,0,0
2020-08-22 01:15,17,3,14,0,0,0
2020-08-22 01:30,10,5,5,0,0,0
2020-08-22 01:45,4,1,3,0,0,0
2020-08-22 02:00,5,0,5,0,0,0
2020-08-22 02:15,11,0,11,0,0,0
2020-08-22 02:30,3,2,1,0,0,0
2020-08-22 02:45,4,0,4,0,0,0
2020-08-22 03:00,6,3,3,0,0,0
2020-08-22 03:15,1,0,1,0,0,0
2020-08-22 03:30,4,0,4,0,0,0
2020-08-22 03:45,2,2,0,0,0,0
2020-08-22 04:00,1,0,1,0,0,0
2020-08-22 04:15,1,0,1,0,0,0
2020-08-22 04:30,2,0,2,0,0,0
2020-08-22 04:45,2,1,1,0,0,0
2020-08-22 05:00,1,0,1,0,0,0
2020-08-22 05:15,2,2,0,0,0,0
2020-08-22 05:30,9,4,5,0,0,0
2020-08-22 05:45,10,1,9,0,0,0
2020-08-22 06:00,1,0,1,0,0,0
2020-08-22 06:15,6,3,3,0,0,0
2020-08-22 06:30,9,8,1,0,0,0
2020-08-22 06:45,15,12,3,0,0,0
2020-08-22 07:00,5,5,0,0,0,0
2020-08-22 07:15,12,7,5,0,0,0
2020-08-22 07:30,12,8,4,0,0,0
2020-08-22 07:45,25,15,10,0,0,0
2020-08-22 08:00,21,11,10,0,0,0
2020-08-22 08:15,22,13,9,0,0,0
2020-08-22 08:30,27,14,13,0,0,0
2020-08-22 08:45,45,31,14,0,0,0
2020-08-22 09:00,42,28,14,0,0,0
2020-08-22 09:15,40,29,11,0,0,0
2020-08-22 09:30,57,40,17,0,0,0
2020-08-22 09:45,69,45,24,0,0,0
2020-08-22 10:00,91,36,55,0,0,0
2020-08-22 10:15,104,71,33,0,0,0
2020-08-22 10:30,89,54,35,0,0,0
2020-08-22 10:45,76,54,22,0,0,0
2020-08-22 11:00,105,55,50,0,0,0
2020-08-22 11:15,83,46,37,0,0,0
2020-08-22 11:30,84,45,39,0,0,0
2020-08-22 11:45,107,64,43,0,0,0
2020-08-22 12:00,91,47,44,0,0,0
2020-08-22 12:15,116,52,64,0,0,0
2020-08-22 12:30,85,34,51,0,0,0
2020-08-22 12:45,94,38,56,0,0,0
2020-08-22 13:00,79,29,50,0,0,0
2020-08-22 13:15,76,31,45,0,0,0
2020-08-22 13:30,119,38,81,0,0,0
2020-08-22 13:45,135,73,62,0,0,0
2020-08-22 14:00,96,48,48,0,0,0
2020-08-22 14:15,110,46,64,0,0,0
2020-08-22 14:30,104,43,61,0,0,0
2020-08-22 14:45,64,30,34,0,0,0
2020-08-22 15:00,78,36,42,0,0,0
2020-08-22 15:15,62,22,40,0,0,0
2020-08-22 15:30,69,28,41,0,0,0
2020-08-22 15:45,96,47,49,0,0,0
2020-08-22 16:00,56,23,33,0,0,0
2020-08-22 16:15,66,29,37,0,0,0
2020-08-22 16:30,68,26,42,0,0,0
2020-08-22 16:45,79,31,48,0,0,0
2020-08-22 17:00,77,26,51,0,0,0
2020-08-22 17:15,103,38,65,0,0,0
2020-08-22 17:30,62,32,30,0,0,0
2020-08-22 17:45,81,28,53,0,0,0
2020-08-22 18:00,92,23,69,0,0,0
2020-08-22 18:15,91,32,59,0,0,0
2020-08-22 18:30,55,16,39,0,0,0
2020-08-22 18:45,60,22,38,0,0,0
2020-08-22 19:00,78,25,53,0,0,0
2020-08-22 19:15,54,18,36,0,0,0
2020-08-22 19:30,46,19,27,0,0,0
2020-08-22 19:45,55,21,34,0,0,0
2020-08-22 20:00,40,21,19,0,0,0
2020-08-22 20:15,42,29,13,0,0,0
2020-08-22 20:30,29,16,13,0,0,0
2020-08-22 20:45,30,21,9,0,0,0
2020-08-22 21:00,41,29,12,0,0,0
2020-08-22 21:15,20,9,11,0,0,0
2020-08-22 21:30,26,9,17,0,0,0
2020-08-22 21:45,22,8,14,0,0,0
2020-08-22 22:00,28,20,8,0,0,0
2020-08-22 22:15,27,11,16,0,0,0
2020-08-22 22:30,37,15,22,0,0,0
2020-08-22 22:45,29,8,21,0,0,0
2020-08-22 23:00,27,5,22,0,0,0
2020-08-22 23:15,17,8,9,0,0,0
2020-08-22 23:30,14,7,7,0,0,0
2020-08-22 23:45,76,4,72,0,0,0
2020-08-23 00:00,26,5,21,0,0,0
2020-08-23 00:15,18,4,14,0,0,0
2020-08-23 00:30,20,1,19,0,0,0
2020-08-23 00:45,10,1,9,0,0,0
2020-08-23 01:00,11,6,5,0,0,0
2020-08-23 01:15,7,2,5,0,0,0
2020-08-23 01:30,13,2,11,0,0,0
2020-08-23 01:45,10,2,8,0,0,0
2020-08-23 02:00,5,0,5,0,0,0
2020-08-23 02:15,13,1,12,0,0,0
2020-08-23 02:30,9,4,5,0,0,0
2020-08-23 02:45,3,1,2,0,0,0
2020-08-23 03:00,4,1,3,0,0,0
2020-08-23 03:15,11,1,10,0,0,0
2020-08-23 03:30,3,0,3,0,0,0
2020-08-23 03:45,0,0,0,0,0,0
2020-08-23 04:00,1,0,1,0,0,0
2020-08-23 04:15,4,0,4,0,0,0
2020-08-23 04:30,1,0,1,0,0,0
2020-08-23 04:45,2,0,2,0,0,0
2020-08-23 05:00,0,0,0,0,0,0
2020-08-23 05:15,4,1,3,0,0,0
2020-08-23 05:30,8,1,7,0,0,0
2020-08-23 05:45,7,2,5,0,0,0
2020-08-23 06:00,1,0,1,0,0,0
2020-08-23 06:15,4,2,2,0,0,0
2020-08-23 06:30,6,2,4,0,0,0
2020-08-23 06:45,0,0,0,0,0,0
2020-08-23 07:00,1,1,0,0,0,0
2020-08-23 07:15,7,3,4,0,0,0
2020-08-23 07:30,5,1,4,0,0,0
2020-08-23 07:45,9,2,7,0,0,0
2020-08-23 08:00,4,4,0,0,0,0
2020-08-23 08:15,13,5,8,0,0,0
2020-08-23 08:30,5,5,0,0,0,0
2020-08-23 08:45,11,5,6,0,0,0
2020-08-23 09:00,9,7,2,0,0,0
2020-08-23 09:15,26,19,7,0,0,0
2020-08-23 09:30,36,22,14,0,0,0
2020-08-23 09:45,18,15,3,0,0,0
2020-08-23 10:00,39,23,16,0,0,0
2020-08-23 10:15,26,11,15,0,0,0
2020-08-23 10:30,43,16,27,0,0,0
2020-08-23 10:45,36,28,8,0,0,0
2020-08-23 11:00,40,13,27,0,0,0
2020-08-23 11:15,28,9,19,0,0,0
2020-08-23 11:30,46,22,24,0,0,0
2020-08-23 11:45,50,14,36,0,0,0
2020-08-23 12:00,38,17,21,0,0,0
2020-08-23 12:15,29,6,23,0,0,0
2020-08-23 12:30,42,17,25,0,0,0
2020-08-23 12:45,51,13,38,0,0,0
2020-08-23 13:00,39,14,25,0,0,0
2020-08-23 13:15,35,10,25,0,0,0
2020-08-23 13:30,36,17,19,0,0,0
2020-08-23 13:45,44,27,17,0,0,0
2020-08-23 14:00,35,19,16,0,0,0
2020-08-23 14:15,43,28,15,0,0,0
2020-08-23 14:30,56,24,32,0,0,0
2020-08-23 14:45,52,28,24,0,0,0
2020-08-23 15:00,42,16,26,0,0,0
2020-08-23 15:15,49,18,31,0,0,0
2020-08-23 15:30,56,32,24,0,0,0
2020-08-23 15:45,55,31,24,0,0,0
2020-08-23 16:00,58,29,29,0,0,0
2020-08-23 16:15,44,22,22,0,0,0
2020-08-23 16:30,49,16,33,0,0,0
2020-08-23 16:45,43,28,15,0,0,0
2020-08-23 17:00,44,12,32,0,0,0
2020-08-23 17:15,30,9,21,0,0,0
2020-08-23 17:30,55,29,26,0,0,0
2020-08-23 17:45,46,21,25,0,0,0
2020-08-23 18:00,41,18,23,0,0,0
2020-08-23 18:15,32,10,22,0,0,0
2020-08-23 18:30,35,14,21,0,0,0
2020-08-23 18:45,26,11,15,0,0,0
2020-08-23 19:00,36,8,28,0,0,0
2020-08-23 19:15,20,7,13,0,0,0
2020-08-23 19:30,39,11,28,0,0,0
2020-08-23 19:45,27,9,18,0,0,0
2020-08-23 20:00,25,13,12,0,0,0
2020-08-23 20:15,43,16,27,0,0,0
2020-08-23 20:30,39,22,17,0,0,0
2020-08-23 20:45,22,13,9,0,0,0
2020-08-23 21:00,23,10,13,0,0,0
2020-08-23 21:15,22,8,14,0,0,0
2020-08-23 21:30,8,2,6,0,0,0
2020-08-23 21:45,8,3,5,0,0,0
2020-08-23 22:00,21,7,14,0,0,0
2020-08-23 22:15,15,4,11,0,0,0
2020-08-23 22:30,16,2,14,0,0,0
2020-08-23 22:45,38,5,33,0,0,0
2020-08-23 23:00,12,3,9,0,0,0
2020-08-23 23:15,20,4,16,0,0,0
2020-08-23 23:30,23,7,16,0,0,0
2020-08-23 23:45,7,1,6,0,0,0
2020-08-24 00:00,2,2,0,0,0,0
2020-08-24 00:15,3,2,1,0,0,0
2020-08-24 00:30,1,1,0,0,0,0
2020-08-24 00:45,2,1,1,0,0,0
2020-08-24 01:00,3,0,3,0,0,0
2020-08-24 01:15,2,0,2,0,0,0
2020-08-24 01:30,0,0,0,0,0,0
2020-08-24 01:45,3,0,3,0,0,0
2020-08-24 02:00,3,0,3,0,0,0
2020-08-24 02:15,2,0,2,0,0,0
2020-08-24 02:30,1,0,1,0,0,0
2020-08-24 02:45,1,0,1,0,0,0
2020-08-24 03:00,2,0,2,0,0,0
2020-08-24 03:15,0,0,0,0,0,0
2020-08-24 03:30,1,1,0,0,0,0
2020-08-24 03:45,0,0,0,0,0,0
2020-08-24 04:00,1,1,0,0,0,0
2020-08-24 04:15,0,0,0,0,0,0
2020-08-24 04:30,2,0,2,0,0,0
2020-08-24 04:45,2,0,2,0,0,0
2020-08-24 05:00,1,1,0,0,0,0
2020-08-24 05:15,3,3,0,0,0,0
2020-08-24 05:30,8,3,5,0,0,0
2020-08-24 05:45,12,4,8,0,0,0
2020-08-24 06:00,7,5,2,0,0,0
2020-08-24 06:15,16,7,9,0,0,0
2020-08-24 06:30,46,23,23,0,0,0
2020-08-24 06:45,51,24,27,0,0,0
2020-08-24 07:00,51,24,27,0,0,0
2020-08-24 07:15,111,61,50,0,0,0
2020-08-24 07:30,304,241,63,0,0,0
2020-08-24 07:45,148,75,73,0,0,0
2020-08-24 08:00,90,41,49,0,0,0
2020-08-24 08:15,94,34,60,0,0,0
2020-08-24 08:30,99,50,49,0,0,0
2020-08-24 08:45,114,47,67,0,0,0
2020-08-24 09:00,74,40,34,0,0,0
2020-08-24 09:15,60,32,28,0,0,0
2020-08-24 09:30,63,32,31,0,0,0
2020-08-24 09:45,54,28,26,0,0,0
2020-08-24 10:00,53,24,29,0,0,0
2020-08-24 10:15,67,44,23,0,0,0
2020-08-24 10:30,66,45,21,0,0,0
2020-08-24 10:45,50,28,22,0,0,0
2020-08-24 11:00,58,32,26,0,0,0
2020-08-24 11:15,65,34,31,0,0,0
2020-08-24 11:30,53,32,21,0,0,0
2020-08-24 11:45,54,28,26,0,0,0
2020-08-24 12:00,55,24,31,0,0,0
2020-08-24 12:15,60,26,34,0,0,0
2020-08-24 12:30,79,33,46,0,0,0
2020-08-24 12:45,33,15,18,0,0,0
2020-08-24 13:00,116,18,98,0,0,0
2020-08-24 13:15,93,28,65,0,0,0
2020-08-24 13:30,72,21,51,0,0,0
2020-08-24 13:45,79,34,45,0,0,0
2020-08-24 14:00,96,38,58,0,0,0
2020-08-24 14:15,68,31,37,0,0,0
2020-08-24 14:30,55,24,31,0,0,0
2020-08-24 14:45,68,34,34,0,0,0
2020-08-24 15:00,132,58,74,0,0,0
2020-08-24 15:15,100,53,47,0,0,0
2020-08-24 15:30,105,39,66,0,0,0
2020-08-24 15:45,98,49,49,0,0,0
2020-08-24 16:00,110,62,48,0,0,0
2020-08-24 16:15,110,54,56,0,0,0
2020-08-24 16:30,123,52,71,0,0,0
2020-08-24 16:45,113,66,47,0,0,0
2020-08-24 17:00,104,52,52,0,0,0
2020-08-24 17:15,103,53,50,0,0,0
2020-08-24 17:30,79,42,37,0,0,0
2020-08-24 17:45,102,46,56,0,0,0
2020-08-24 18:00,88,36,52,0,0,0
2020-08-24 18:15,75,23,52,0,0,0
2020-08-24 18:30,91,38,53,0,0,0
2020-08-24 18:45,91,37,54,0,0,0
2020-08-24 19:00,66,24,42,0,0,0
2020-08-24 19:15,75,39,36,0,0,0
2020-08-24 19:30,45,18,27,0,0,0
2020-08-24 19:45,35,15,20,0,0,0
2020-08-24 20:00,47,22,25,0,0,0
2020-08-24 20:15,36,15,21,0,0,0
2020-08-24 20:30,32,13,19,0,0,0
2020-08-24 20:45,31,5,26,0,0,0
2020-08-24 21:00,40,15,25,0,0,0
2020-08-24 21:15,30,4,26,0,0,0
2020-08-24 21:30,17,5,12,0,0,0
2020-08-24 21:45,26,4,22,0,0,0
2020-08-24 22:00,16,5,11,0,0,0
2020-08-24 22:15,14,3,11,0,0,0
2020-08-24 22:30,17,4,13,0,0,0
2020-08-24 22:45,7,1,6,0,0,0
2020-08-24 23:00,16,1,15,0,0,0
2020-08-24 23:15,8,2,6,0,0,0
2020-08-24 23:30,4,2,2,0,0,0
2020-08-24 23:45,5,2,3,0,0,0
2020-08-25 00:00,6,1,5,0,0,0
2020-08-25 00:15,3,0,3,0,0,0
2020-08-25 00:30,2,1,1,0,0,0
2020-08-25 00:45,3,0,3,0,0,0
2020-08-25 01:00,2,0,2,0,0,0
2020-08-25 01:15,3,1,2,0,0,0
2020-08-25 01:30,0,0,0,0,0,0
2020-08-25 01:45,1,0,1,0,0,0
2020-08-25 02:00,0,0,0,0,0,0
2020-08-25 02:15,1,0,1,0,0,0
2020-08-25 02:30,0,0,0,0,0,0
2020-08-25 02:45,0,0,0,0,0,0
2020-08-25 03:00,0,0,0,0,0,0
2020-08-25 03:15,0,0,0,0,0,0
2020-08-25 03:30,1,0,1,0,0,0
2020-08-25 03:45,0,0,0,0,0,0
2020-08-25 04:00,0,0,0,0,0,0
2020-08-25 04:15,0,0,0,0,0,0
2020-08-25 04:30,0,0,0,0,0,0
2020-08-25 04:45,2,0,2,0,0,0
2020-08-25 05:00,3,3,0,0,0,0
2020-08-25 05:15,1,1,0,0,0,0
2020-08-25 05:30,9,4,5,0,0,0
2020-08-25 05:45,10,3,7,0,0,0
2020-08-25 06:00,7,2,5,0,0,0
2020-08-25 06:15,16,7,9,0,0,0
2020-08-25 06:30,32,12,20,0,0,0
2020-08-25 06:45,55,24,31,0,0,0
2020-08-25 07:00,55,25,30,0,0,0
2020-08-25 07:15,103,55,48,0,0,0
2020-08-25 07:30,264,199,65,0,0,0
2020-08-25 07:45,179,76,103,0,0,0
2020-08-25 08:00,118,41,77,0,0,0
2020-08-25 08:15,102,50,52,0,0,0
2020-08-25 08:30,108,59,49,0,0,0
2020-08-25 08:45,130,69,61,0,0,0
2020-08-25 09:00,75,45,30,0,0,0
2020-08-25 09:15,75,44,31,0,0,0
2020-08-25 09:30,72,45,27,0,0,0
2020-08-25 09:45,57,29,28,0,0,0
2020-08-25 10:00,51,29,22,0,0,0
2020-08-25 10:15,73,43,30,0,0,0
2020-08-25 10:30,57,33,24,0,0,0
2020-08-25 10:45,77,34,43,0,0,0
2020-08-25 11:00,69,37,32,0,0,0
2020-08-25 11:15,82,47,35,0,0,0
2020-08-25 11:30,114,45,69,0,0,0
2020-08-25 11:45,74,32,42,0,0,0
2020-08-25 12:00,68,26,42,0,0,0
2020-08-25 12:15,79,30,49,0,0,0
2020-08-25 12:30,94,38,56,0,0,0
2020-08-25 12:45,99,51,48,0,0,0
2020-08-25 13:00,129,40,89,0,0,0
2020-08-25 13:15,134,26,108,0,0,0
2020-08-25 13:30,104,46,58,0,0,0
2020-08-25 13:45,87,43,44,0,0,0
2020-08-25 14:00,109,32,77,0,0,0
2020-08-25 14:15,96,46,50,0,0,0
2020-08-25 14:30,107,53,54,0,0,0
2020-08-25 14:45,109,50,59,0,0,0
2020-08-25 15:00,97,52,45,0,0,0
2020-08-25 15:15,110,49,61,0,0,0
2020-08-25 15:30,124,57,67,0,0,0
2020-08-25 15:45,73,37,36,0,0,0
2020-08-25 16:00,77,37,40,0,0,0
2020-08-25 16:15,98,47,51,0,0,0
2020-08-25 16:30,80,36,44,0,0,0
2020-08-25 16:45,118,61,57,0,0,0
2020-08-25 17:00,84,34,50,0,0,0
2020-08-25 17:15,103,36,67,0,0,0
2020-08-25 17:30,90,48,42,0,0,0
2020-08-25 17:45,90,32,58,0,0,0
2020-08-25 18:00,72,26,46,0,0,0
2020-08-25 18:15,83,34,49,0,0,0
2020-08-25 18:30,84,39,45,0,0,0
2020-08-25 18:45,86,43,43,0,0,0
2020-08-25 19:00,72,43,29,0,0,0
2020-08-25 19:15,74,37,37,0,0,0
2020-08-25 19:30,48,22,26,0,0,0
2020-08-25 19:45,64,34,30,0,0,0
2020-08-25 20:00,58,22,36,0,0,0
2020-08-25 20:15,37,18,19,0,0,0
2020-08-25 20:30,38,9,29,0,0,0
2020-08-25 20:45,23,12,11,0,0,0
2020-08-25 21:00,38,15,23,0,0,0
2020-08-25 21:15,18,7,11,0,0,0
2020-08-25 21:30,21,9,12,0,0,0
2020-08-25 21:45,16,5,11,0,0,0
2020-08-25 22:00,27,3,24,0,0,0
2020-08-25 22:15,36,8,28,0,0,0
2020-08-25 22:30,27,1,26,0,0,0
2020-08-25 22:45,24,6,18,0,0,0
2020-08-25 23:00,14,9,5,0,0,0
2020-08-25 23:15,2,0,2,0,0,0
2020-08-25 23:30,1,0,1,0,0,0
2020-08-25 23:45,7,1,6,0,0,0
2020-08-26 00:00,10,3,7,0,0,0
2020-08-26 00:15,5,3,2,0,0,0
2020-08-26 00:30,5,2,3,0,0,0
2020-08-26 00:45,4,2,2,0,0,0
2020-08-26 01:00,3,3,0,0,0,0
2020-08-26 01:15,3,1,2,0,0,0
2020-08-26 01:30,1,0,1,0,0,0
2020-08-26 01:45,4,0,4,0,0,0
2020-08-26 02:00,1,0,1,0,0,0
2020-08-26 02:15,1,0,1,0,0,0
2020-08-26 02:30,1,0,1,0,0,0
2020-08-26 02:45,0,0,0,0,0,0
2020-08-26 03:00,0,0,0,0,0,0
2020-08-26 03:15,0,0,0,0,0,0
2020-08-26 03:30,0,0,0,0,0,0
2020-08-26 03:45,1,0,1,0,0,0
2020-08-26 04:00,0,0,0,0,0,0
2020-08-26 04:15,0,0,0,0,0,0
2020-08-26 04:30,0,0,0,0,0,0
2020-08-26 04:45,1,1,0,0,0,0
2020-08-26 05:00,1,1,0,0,0,0
2020-08-26 05:15,3,2,1,0,0,0
2020-08-26 05:30,6,1,5,0,0,0
2020-08-26 05:45,13,4,9,0,0,0
2020-08-26 06:00,4,1,3,0,0,0
2020-08-26 06:15,14,5,9,0,0,0
2020-08-26 06:30,32,17,15,0,0,0
2020-08-26 06:45,30,11,19,0,0,0
2020-08-26 07:00,34,12,22,0,0,0
2020-08-26 07:15,77,41,36,0,0,0
2020-08-26 07:30,198,145,53,0,0,0
2020-08-26 07:45,135,66,69,0,0,0
2020-08-26 08:00,70,25,45,0,0,0
2020-08-26 08:15,79,37,42,0,0,0
2020-08-26 08:30,85,48,37,0,0,0
2020-08-26 08:45,86,36,50,0,0,0
2020-08-26 09:00,91,49,42,0,0,0
2020-08-26 09:15,77,41,36,0,0,0
2020-08-26 09:30,57,23,34,0,0,0
2020-08-26 09:45,62,37,25,0,0,0
2020-08-26 10:00,52,24,28,0,0,0
2020-08-26 10:15,25,16,9,0,0,0
2020-08-26 10:30,44,24,20,0,0,0
2020-08-26 10:45,32,21,11,0,0,0
2020-08-26 11:00,52,26,26,0,0,0
2020-08-26 11:15,56,30,26,0,0,0
2020-08-26 11:30,48,23,25,0,0,0
2020-08-26 11:45,52,30,22,0,0,0
2020-08-26 12:00,56,18,38,0,0,0
2020-08-26 12:15,58,26,32,0,0,0
2020-08-26 12:30,62,26,36,0,0,0
2020-08-26 12:45,47,17,30,0,0,0
2020-08-26 13:00,89,36,53,0,0,0
2020-08-26 13:15,75,15,60,0,0,0
2020-08-26 13:30,63,31,32,0,0,0
2020-08-26 13:45,72,34,38,0,0,0
2020-08-26 14:00,78,33,45,0,0,0
2020-08-26 14:15,56,28,28,0,0,0
2020-08-26 14:30,52,21,31,0,0,0
2020-08-26 14:45,58,23,35,0,0,0
2020-08-26 15:00,82,43,39,0,0,0
2020-08-26 15:15,63,36,27,0,0,0
2020-08-26 15:30,114,35,79,0,0,0
2020-08-26 15:45,85,39,46,0,0,0
2020-08-26 16:00,82,48,34,0,0,0
2020-08-26 16:15,82,46,36,0,0,0
2020-08-26 16:30,74,36,38,0,0,0
2020-08-26 16:45,83,44,39,0,0,0
2020-08-26 17:00,59,38,21,0,0,0
2020-08-26 17:15,84,46,38,0,0,0
2020-08-26 17:30,64,33,31,0,0,0
2020-08-26 17:45,64,29,35,0,0,0
2020-08-26 18:00,71,31,40,0,0,0
2020-08-26 18:15,69,28,41,0,0,0
2020-08-26 18:30,46,18,28,0,0,0
2020-08-26 18:45,52,22,30,0,0,0
2020-08-26 19:00,54,29,25,0,0,0
2020-08-26 19:15,72,40,32,0,0,0
2020-08-26 19:30,37,15,22,0,0,0
2020-08-26 19:45,37,14,23,0,0,0
2020-08-26 20:00,39,18,21,0,0,0
2020-08-26 20:15,35,17,18,0,0,0
2020-08-26 20:30,22,8,14,0,0,0
2020-08-26 20:45,26,15,11,0,0,0
2020-08-26 21:00,29,12,17,0,0,0
2020-08-26 21:15,19,8,11,0,0,0
2020-08-26 21:30,26,13,13,0,0,0
2020-08-26 21:45,18,9,9,0,0,0
2020-08-26 22:00,17,3,14,0,0,0
2020-08-26 22:15,17,2,15,0,0,0
2020-08-26 22:30,15,5,10,0,0,0
2020-08-26 22:45,11,4,7,0,0,0
2020-08-26 23:00,7,1,6,0,0,0
2020-08-26 23:15,14,3,11,0,0,0
2020-08-26 23:30,5,1,4,0,0,0
2020-08-26 23:45,9,3,6,0,0,0
2020-08-27 00:00,5,0,5,0,0,0
2020-08-27 00:15,3,0,3,0,0,0
2020-08-27 00:30,2,0,2,0,0,0
2020-08-27 00:45,7,2,5,0,0,0
2020-08-27 01:00,5,0,5,0,0,0
2020-08-27 01:15,9,6,3,0,0,0
2020-08-27 01:30,3,0,3,0,0,0
2020-08-27 01:45,3,1,2,0,0,0
2020-08-27 02:00,1,0,1,0,0,0
2020-08-27 02:15,0,0,0,0,0,0
2020-08-27 02:30,0,0,0,0,0,0
2020-08-27 02:45,2,1,1,0,0,0
2020-08-27 03:00,0,0,0,0,0,0
2020-08-27 03:15,4,2,2,0,0,0
2020-08-27 03:30,1,0,1,0,0,0
2020-08-27 03:45,1,0,1,0,0,0
2020-08-27 04:00,2,0,2,0,0,0
2020-08-27 04:15,0,0,0,0,0,0
2020-08-27 04:30,0,0,0,0,0,0
2020-08-27 04:45,0,0,0,0,0,0
2020-08-27 05:00,2,1,1,0,0,0
2020-08-27 05:15,1,1,0,0,0,0
2020-08-27 05:30,10,6,4,0,0,0
2020-08-27 05:45,17,4,13,0,0,0
2020-08-27 06:00,4,2,2,0,0,0
2020-08-27 06:15,20,13,7,0,0,0
2020-08-27 06:30,43,26,17,0,0,0
2020-08-27 06:45,51,30,21,0,0,0
2020-08-27 07:00,63,22,41,0,0,0
2020-08-27 07:15,100,59,41,0,0,0
2020-08-27 07:30,310,264,46,0,0,0
2020-08-27 07:45,197,99,98,0,0,0
2020-08-27 08:00,128,59,69,0,0,0
2020-08-27 08:15,99,43,56,0,0,0
2020-08-27 08:30,118,67,51,0,0,0
2020-08-27 08:45,134,67,67,0,0,0
2020-08-27 09:00,79,49,30,0,0,0
2020-08-27 09:15,74,39,35,0,0,0
2020-08-27 09:30,69,35,34,0,0,0
2020-08-27 09:45,83,54,29,0,0,0
2020-08-27 10:00,77,43,34,0,0,0
2020-08-27 10:15,55,40,15,0,0,0
2020-08-27 10:30,75,31,44,0,0,0
2020-08-27 10:45,59,36,23,0,0,0
2020-08-27 11:00,84,58,26,0,0,0
2020-08-27 11:15,98,54,44,0,0,0
2020-08-27 11:30,84,46,38,0,0,0
2020-08-27 11:45,94,36,58,0,0,0
2020-08-27 12:00,85,43,42,0,0,0
2020-08-27 12:15,110,47,63,0,0,0
2020-08-27 12:30,80,29,51,0,0,0
2020-08-27 12:45,104,52,52,0,0,0
2020-08-27 13:00,128,45,83,0,0,0
2020-08-27 13:15,110,43,67,0,0,0
2020-08-27 13:30,73,40,33,0,0,0
2020-08-27 13:45,106,53,53,0,0,0
2020-08-27 14:00,130,47,83,0,0,0
2020-08-27 14:15,115,61,54,0,0,0
2020-08-27 14:30,89,56,33,0,0,0
2020-08-27 14:45,126,64,62,0,0,0
2020-08-27 15:00,111,56,55,0,0,0
2020-08-27 15:15,110,50,60,0,0,0
2020-08-27 15:30,148,58,90,0,0,0
2020-08-27 15:45,125,57,68,0,0,0
2020-08-27 16:00,152,90,62,0,0,0
2020-08-27 16:15,137,76,61,0,0,0
2020-08-27 16:30,145,93,52,0,0,0
2020-08-27 16:45,137,78,59,0,0,0
2020-08-27 17:00,126,68,58,0,0,0
2020-08-27 17:15,155,67,88,0,0,0
2020-08-27 17:30,117,69,48,0,0,0
2020-08-27 17:45,115,51,64,0,0,0
2020-08-27 18:00,123,60,63,0,0,0
2020-08-27 18:15,111,37,74,0,0,0
2020-08-27 18:30,83,24,59,0,0,0
2020-08-27 18:45,111,47,64,0,0,0
2020-08-27 19:00,80,36,44,0,0,0
2020-08-27 19:15,83,36,47,0,0,0
2020-08-27 19:30,55,21,34,0,0,0
2020-08-27 19:45,77,28,49,0,0,0
2020-08-27 20:00,71,18,53,0,0,0
2020-08-27 20:15,38,11,27,0,0,0
2020-08-27 20:30,51,18,33,0,0,0
2020-08-27 20:45,32,14,18,0,0,0
2020-08-27 21:00,43,19,24,0,0,0
2020-08-27 21:15,46,19,27,0,0,0
2020-08-27 21:30,35,9,26,0,0,0
2020-08-27 21:45,38,12,26,0,0,0
2020-08-27 22:00,29,6,23,0,0,0
2020-08-27 22:15,18,5,13,0,0,0
2020-08-27 22:30,26,4,22,0,0,0
2020-08-27 22:45,9,1,8,0,0,0
2020-08-27 23:00,15,5,10,0,0,0
2020-08-27 23:15,11,2,9,0,0,0
2020-08-27 23:30,7,3,4,0,0,0
2020-08-27 23:45,4,0,4,0,0,0
2020-08-28 00:00,8,3,5,0,0,0
2020-08-28 00:15,8,1,7,0,0,0
2020-08-28 00:30,3,1,2,0,0,0
2020-08-28 00:45,1,0,1,0,0,0
2020-08-28 01:00,1,0,1,0,0,0
2020-08-28 01:15,1,0,1,0,0,0
2020-08-28 01:30,0,0,0,0,0,0
2020-08-28 01:45,3,1,2,0,0,0
2020-08-28 02:00,4,3,1,0,0,0
2020-08-28 02:15,2,0,2,0,0,0
2020-08-28 02:30,3,1,2,0,0,0
2020-08-28 02:45,0,0,0,0,0,0
2020-08-28 03:00,0,0,0,0,0,0
2020-08-28 03:15,0,0,0,0,0,0
2020-08-28 03:30,1,0,1,0,0,0
2020-08-28 03:45,1,0,1,0,0,0
2020-08-28 04:00,1,1,0,0,0,0
2020-08-28 04:15,4,3,1,0,0,0
2020-08-28 04:30,0,0,0,0,0,0
2020-08-28 04:45,0,0,0,0,0,0
2020-08-28 05:00,2,2,0,0,0,0
2020-08-28 05:15,0,0,0,0,0,0
2020-08-28 05:30,9,4,5,0,0,0
2020-08-28 05:45,12,5,7,0,0,0
2020-08-28 06:00,9,3,6,0,0,0
2020-08-28 06:15,21,12,9,0,0,0
2020-08-28 06:30,29,13,16,0,0,0
2020-08-28 06:45,42,20,22,0,0,0
2020-08-28 07:00,61,29,32,0,0,0
2020-08-28 07:15,86,49,37,0,0,0
2020-08-28 07:30,274,219,55,0,0,0
2020-08-28 07:45,163,82,81,0,0,0
2020-08-28 08:00,97,47,50,0,0,0
2020-08-28 08:15,96,41,55,0,0,0
2020-08-28 08:30,92,43,49,0,0,0
2020-08-28 08:45,102,54,48,0,0,0
2020-08-28 09:00,83,49,34,0,0,0
2020-08-28 09:15,78,36,42,0,0,0
2020-08-28 09:30,45,28,17,0,0,0
2020-08-28 09:45,62,45,17,0,0,0
2020-08-28 10:00,56,20,36,0,0,0
2020-08-28 10:15,59,34,25,0,0,0
2020-08-28 10:30,46,23,23,0,0,0
2020-08-28 10:45,52,29,23,0,0,0
2020-08-28 11:00,43,21,22,0,0,0
2020-08-28 11:15,78,42,36,0,0,0
2020-08-28 11:30,71,44,27,0,0,0
2020-08-28 11:45,71,32,39,0,0,0
2020-08-28 12:00,80,42,38,0,0,0
2020-08-28 12:15,95,32,63,0,0,0
2020-08-28 12:30,108,43,65,0,0,0
2020-08-28 12:45,112,53,59,0,0,0
2020-08-28 13:00,179,44,135,0,0,0
2020-08-28 13:15,129,36,93,0,0,0
2020-08-28 13:30,106,37,69,0,0,0
2020-08-28 13:45,96,41,55,0,0,0
2020-08-28 14:00,127,52,75,0,0,0
2020-08-28 14:15,94,49,45,0,0,0
2020-08-28 14:30,96,33,63,0,0,0
2020-08-28 14:45,114,57,57,0,0,0
2020-08-28 15:00,117,69,48,0,0,0
2020-08-28 15:15,112,59,53,0,0,0
2020-08-28 15:30,101,54,47,0,0,0
2020-08-28 15:45,105,48,57,0,0,0
2020-08-28 16:00,96,58,38,0,0,0
2020-08-28 16:15,113,59,54,0,0,0
2020-08-28 16:30,101,60,41,0,0,0
2020-08-28 16:45,89,41,48,0,0,0
2020-08-28 17:00,93,35,58,0,0,0
2020-08-28 17:15,88,51,37,0,0,0
2020-08-28 17:30,90,47,43,0,0,0
2020-08-28 17:45,97,40,57,0,0,0
2020-08-28 18:00,89,36,53,0,0,0
2020-08-28 18:15,68,25,43,0,0,0
2020-08-28 18:30,68,29,39,0,0,0
2020-08-28 18:45,74,39,35,0,0,0
2020-08-28 19:00,73,37,36,0,0,0
2020-08-28 19:15,70,28,42,0,0,0
2020-08-28 19:30,73,35,38,0,0,0
2020-08-28 19:45,45,20,25,0,0,0
2020-08-28 20:00,54,24,30,0,0,0
2020-08-28 20:15,51,23,28,0,0,0
2020-08-28 20:30,50,20,30,0,0,0
2020-08-28 20:45,60,21,39,0,0,0
2020-08-28 21:00,30,7,23,0,0,0
2020-08-28 21:15,27,12,15,0,0,0
2020-08-28 21:30,15,5,10,0,0,0
2020-08-28 21:45,20,2,18,0,0,0
2020-08-28 22:00,13,6,7,0,0,0
2020-08-28 22:15,42,7,35,0,0,0
2020-08-28 22:30,12,5,7,0,0,0
2020-08-28 22:45,15,1,14,0,0,0
2020-08-28 23:00,25,6,19,0,0,0
2020-08-28 23:15,19,5,14,0,0,0
2020-08-28 23:30,20,1,19,0,0,0
2020-08-28 23:45,10,1,9,0,0,0
2020-08-29 00:00,15,5,10,0,0,0
2020-08-29 00:15,20,9,11,0,0,0
2020-08-29 00:30,13,4,9,0,0,0
2020-08-29 00:45,4,1,3,0,0,0
2020-08-29 01:00,8,2,6,0,0,0
2020-08-29 01:15,15,4,11,0,0,0
2020-08-29 01:30,4,3,1,0,0,0
2020-08-29 01:45,5,1,4,0,0,0
2020-08-29 02:00,9,0,9,0,0,0
2020-08-29 02:15,8,1,7,0,0,0
2020-08-29 02:30,6,0,6,0,0,0
2020-08-29 02:45,3,1,2,0,0,0
2020-08-29 03:00,1,0,1,0,0,0
2020-08-29 03:15,5,1,4,0,0,0
2020-08-29 03:30,1,0,1,0,0,0
2020-08-29 03:45,1,0,1,0,0,0
2020-08-29 04:00,2,0,2,0,0,0
2020-08-29 04:15,3,1,2,0,0,0
2020-08-29 04:30,2,0,2,0,0,0
2020-08-29 04:45,1,1,0,0,0,0
2020-08-29 05:00,1,1,0,0,0,0
2020-08-29 05:15,2,1,1,0,0,0
2020-08-29 05:30,7,1,6,0,0,0
2020-08-29 05:45,4,2,2,0,0,0
2020-08-29 06:00,0,0,0,0,0,0
2020-08-29 06:15,2,2,0,0,0,0
2020-08-29 06:30,5,3,2,0,0,0
2020-08-29 06:45,11,7,4,0,0,0
2020-08-29 07:00,9,5,4,0,0,0
2020-08-29 07:15,11,7,4,0,0,0
2020-08-29 07:30,17,7,10,0,0,0
2020-08-29 07:45,11,6,5,0,0,0
2020-08-29 08:00,25,19,6,0,0,0
2020-08-29 08:15,25,14,11,0,0,0
2020-08-29 08:30,24,15,9,0,0,0
2020-08-29 08:45,35,17,18,0,0,0
2020-08-29 09:00,29,18,11,0,0,0
2020-08-29 09:15,62,49,13,0,0,0
2020-08-29 09:30,58,39,19,0,0,0
2020-08-29 09:45,96,54,42,0,0,0
2020-08-29 10:00,68,55,13,0,0,0
2020-08-29 10:15,87,55,32,0,0,0
2020-08-29 10:30,88,52,36,0,0,0
2020-08-29 10:45,60,45,15,0,0,0
2020-08-29 11:00,96,68,28,0,0,0
2020-08-29 11:15,92,60,32,0,0,0
2020-08-29 11:30,61,31,30,0,0,0
2020-08-29 11:45,110,61,49,0,0,0
2020-08-29 12:00,91,50,41,0,0,0
2020-08-29 12:15,89,51,38,0,0,0
2020-08-29 12:30,92,49,43,0,0,0
2020-08-29 12:45,82,42,40,0,0,0
2020-08-29 13:00,143,69,74,0,0,0
2020-08-29 13:15,89,33,56,0,0,0
2020-08-29 13:30,83,30,53,0,0,0
2020-08-29 13:45,90,42,48,0,0,0
2020-08-29 14:00,118,60,58,0,0,0
2020-08-29 14:15,98,37,61,0,0,0
2020-08-29 14:30,98,34,64,0,0,0
2020-08-29 14:45,84,31,53,0,0,0
2020-08-29 15:00,94,43,51,0,0,0
2020-08-29 15:15,89,35,54,0,0,0
2020-08-29 15:30,92,40,52,0,0,0
2020-08-29 15:45,94,54,40,0,0,0
2020-08-29 16:00,68,37,31,0,0,0
2020-08-29 16:15,78,26,52,0,0,0
2020-08-29 16:30,67,36,31,0,0,0
2020-08-29 16:45,80,49,31,0,0,0
2020-08-29 17:00,58,25,33,0,0,0
2020-08-29 17:15,73,31,42,0,0,0
2020-08-29 17:30,69,30,39,0,0,0
2020-08-29 17:45,77,24,53,0,0,0
2020-08-29 18:00,68,28,40,0,0,0
2020-08-29 18:15,67,22,45,0,0,0
2020-08-29 18:30,64,20,44,0,0,0
2020-08-29 18:45,70,42,28,0,0,0
2020-08-29 19:00,75,20,55,0,0,0
2020-08-29 19:15,68,23,45,0,0,0
2020-08-29 19:30,42,17,25,0,0,0
2020-08-29 19:45,29,10,19,0,0,0
2020-08-29 20:00,52,27,25,0,0,0
2020-08-29 20:15,35,22,13,0,0,0
2020-08-29 20:30,28,11,17,0,0,0
2020-08-29 20:45,33,13,20,0,0,0
2020-08-29 21:00,23,10,13,0,0,0
2020-08-29 21:15,33,9,24,0,0,0
2020-08-29 21:30,31,9,22,0,0,0
2020-08-29 21:45,36,12,24,0,0,0
2020-08-29 22:00,24,3,21,0,0,0
2020-08-29 22:15,21,7,14,0,0,0
2020-08-29 22:30,26,5,21,0,0,0
2020-08-29 22:45,38,13,25,0,0,0
2020-08-29 23:00,23,4,19,0,0,0
2020-08-29 23:15,17,4,13,0,0,0
2020-08-29 23:30,14,4,10,0,0,0
2020-08-29 23:45,16,2,14,0,0,0
2020-08-30 00:00,19,5,14,0,0,0
2020-08-30 00:15,13,2,11,0,0,0
2020-08-30 00:30,16,2,14,0,0,0
2020-08-30 00:45,8,1,7,0,0,0
2020-08-30 01:00,12,6,6,0,0,0
2020-08-30 01:15,13,4,9,0,0,0
2020-08-30 01:30,11,4,7,0,0,0
2020-08-30 01:45,3,1,2,0,0,0
2020-08-30 02:00,8,2,6,0,0,0
2020-08-30 02:15,12,5,7,0,0,0
2020-08-30 02:30,2,0,2,0,0,0
2020-08-30 02:45,3,0,3,0,0,0
2020-08-30 03:00,6,0,6,0,0,0
2020-08-30 03:15,6,2,4,0,0,0
2020-08-30 03:30,2,0,2,0,0,0
2020-08-30 03:45,0,0,0,0,0,0
2020-08-30 04:00,2,1,1,0,0,0
2020-08-30 04:15,2,0,2,0,0,0
2020-08-30 04:30,1,0,1,0,0,0
2020-08-30 04:45,1,0,1,0,0,0
2020-08-30 05:00,2,1,1,0,0,0
2020-08-30 05:15,8,0,8,0,0,0
2020-08-30 05:30,6,1,5,0,0,0
2020-08-30 05:45,2,0,2,0,0,0
2020-08-30 06:00,0,0,0,0,0,0
2020-08-30 06:15,2,1,1,0,0,0
2020-08-30 06:30,2,1,1,0,0,0
2020-08-30 06:45,2,2,0,0,0,0
2020-08-30 07:00,3,1,2,0,0,0
2020-08-30 07:15,8,5,3,0,0,0
2020-08-30 07:30,3,3,0,0,0,0
2020-08-30 07:45,12,4,8,0,0,0
2020-08-30 08:00,5,5,0,0,0,0
2020-08-30 08:15,10,1,9,0,0,0
2020-08-30 08:30,8,7,1,0,0,0
2020-08-30 08:45,7,3,4,0,0,0
2020-08-30 09:00,9,3,6,0,0,0
2020-08-30 09:15,10,6,4,0,0,0
2020-08-30 09:30,35,22,13,0,0,0
2020-08-30 09:45,35,20,15,0,0,0
2020-08-30 10:00,33,9,24,0,0,0
2020-08-30 10:15,16,5,11,0,0,0
2020-08-30 10:30,17,11,6,0,0,0
2020-08-30 10:45,24,10,14,0,0,0
2020-08-30 11:00,46,26,20,0,0,0
2020-08-30 11:15,21,8,13,0,0,0
2020-08-30 11:30,23,11,12,0,0,0
2020-08-30 11:45,20,10,10,0,0,0
2020-08-30 12:00,53,25,28,0,0,0
2020-08-30 12:15,37,13,24,0,0,0
2020-08-30 12:30,54,41,13,0,0,0
2020-08-30 12:45,55,30,25,0,0,0
2020-08-30 13:00,31,11,20,0,0,0
2020-08-30 13:15,40,19,21,0,0,0
2020-08-30 13:30,40,20,20,0,0,0
2020-08-30 13:45,52,23,29,0,0,0
2020-08-30 14:00,61,31,30,0,0,0
2020-08-30 14:15,52,25,27,0,0,0
2020-08-30 14:30,40,21,19,0,0,0
2020-08-30 14:45,49,19,30,0,0,0
2020-08-30 15:00,53,18,35,0,0,0
2020-08-30 15:15,50,15,35,0,0,0
2020-08-30 15:30,60,22,38,0,0,0
2020-08-30 15:45,77,40,37,0,0,0
2020-08-30 16:00,60,23,37,0,0,0
2020-08-30 16:15,51,28,23,0,0,0
2020-08-30 16:30,45,30,15,0,0,0
2020-08-30 16:45,70,26,44,0,0,0
2020-08-30 17:00,77,30,47,0,0,0
2020-08-30 17:15,53,24,29,0,0,0
2020-08-30 17:30,60,30,30,0,0,0
2020-08-30 17:45,48,24,24,0,0,0
2020-08-30 18:00,57,19,38,0,0,0
2020-08-30 18:15,72,26,46,0,0,0
2020-08-30 18:30,59,24,35,0,0,0
2020-08-30 18:45,37,16,21,0,0,0
2020-08-30 19:00,40,17,23,0,0,0
2020-08-30 19:15,30,17,13,0,0,0
2020-08-30 19:30,41,16,25,0,0,0
2020-08-30 19:45,29,10,19,0,0,0
2020-08-30 20:00,34,9,25,0,0,0
2020-08-30 20:15,21,7,14,0,0,0
2020-08-30 20:30,22,8,14,0,0,0
2020-08-30 20:45,29,8,21,0,0,0
2020-08-30 21:00,26,4,22,0,0,0
2020-08-30 21:15,25,9,16,0,0,0
2020-08-30 21:30,19,5,14,0,0,0
2020-08-30 21:45,12,4,8,0,0,0
2020-08-30 22:00,15,2,13,0,0,0
2020-08-30 22:15,13,1,12,0,0,0
2020-08-30 22:30,2,0,2,0,0,0
2020-08-30 22:45,11,2,9,0,0,0
2020-08-30 23:00,10,5,5,0,0,0
2020-08-30 23:15,10,3,7,0,0,0
2020-08-30 23:30,7,0,7,0,0,0
2020-08-30 23:45,1,0,1,0,0,0
2020-08-31 00:00,4,2,2,0,0,0
2020-08-31 00:15,2,0,2,0,0,0
2020-08-31 00:30,3,0,3,0,0,0
2020-08-31 00:45,0,0,0,0,0,0
2020-08-31 01:00,3,0,3,0,0,0
2020-08-31 01:15,2,0,2,0,0,0
2020-08-31 01:30,2,0,2,0,0,0
2020-08-31 01:45,0,0,0,0,0,0
2020-08-31 02:00,0,0,0,0,0,0
2020-08-31 02:15,0,0,0,0,0,0
2020-08-31 02:30,1,1,0,0,0,0
2020-08-31 02:45,0,0,0,0,0,0
2020-08-31 03:00,1,1,0,0,0,0
2020-08-31 03:15,0,0,0,0,0,0
2020-08-31 03:30,1,0,1,0,0,0
2020-08-31 03:45,1,0,1,0,0,0
2020-08-31 04:00,0,0,0,0,0,0
2020-08-31 04:15,1,0,1,0,0,0
2020-08-31 04:30,0,0,0,0,0,0
2020-08-31 04:45,3,1,2,0,0,0
2020-08-31 05:00,0,0,0,0,0,0
2020-08-31 05:15,2,2,0,0,0,0
2020-08-31 05:30,12,5,7,0,0,0
2020-08-31 05:45,17,4,13,0,0,0
2020-08-31 06:00,9,5,4,0,0,0
2020-08-31 06:15,18,9,9,0,0,0
2020-08-31 06:30,42,18,24,0,0,0
2020-08-31 06:45,55,24,31,0,0,0
2020-08-31 07:00,75,31,44,0,0,0
2020-08-31 07:15,100,61,39,0,0,0
2020-08-31 07:30,273,209,64,0,0,0
2020-08-31 07:45,179,103,76,0,0,0
2020-08-31 08:00,83,26,57,0,0,0
2020-08-31 08:15,81,34,47,0,0,0
2020-08-31 08:30,94,48,46,0,0,0
2020-08-31 08:45,93,56,37,0,0,0
2020-08-31 09:00,79,30,49,0,0,0
2020-08-31 09:15,85,43,42,0,0,0
2020-08-31 09:30,90,50,40,0,0,0
2020-08-31 09:45,56,33,23,0,0,0
2020-08-31 10:00,69,31,38,0,0,0
2020-08-31 10:15,63,32,31,0,0,0
2020-08-31 10:30,44,27,17,0,0,0
2020-08-31 10:45,60,28,32,0,0,0
2020-08-31 11:00,68,39,29,0,0,0
2020-08-31 11:15,56,28,28,0,0,0
2020-08-31 11:30,67,34,33,0,0,0
2020-08-31 11:45,63,32,31,0,0,0
2020-08-31 12:00,73,39,34,0,0,0
2020-08-31 12:15,76,30,46,0,0,0
2020-08-31 12:30,88,30,58,0,0,0
2020-08-31 12:45,91,39,52,0,0,0
2020-08-31 13:00,137,42,95,0,0,0
2020-08-31 13:15,129,44,85,0,0,0
2020-08-31 13:30,99,34,65,0,0,0
2020-08-31 13:45,83,39,44,0,0,0
2020-08-31 14:00,120,41,79,0,0,0
2020-08-31 14:15,103,49,54,0,0,0
2020-08-31 14:30,108,56,52,0,0,0
2020-08-31 14:45,115,60,55,0,0,0
2020-08-31 15:00,132,62,70,0,0,0
2020-08-31 15:15,104,51,53,0,0,0
2020-08-31 15:30,176,63,113,0,0,0
2020-08-31 15:45,146,52,94,0,0,0
2020-08-31 16:00,110,60,50,0,0,0
2020-08-31 16:15,135,63,72,0,0,0
2020-08-31 16:30,126,69,57,0,0,0
2020-08-31 16:45,128,56,72,0,0,0
2020-08-31 17:00,117,58,59,0,0,0
2020-08-31 17:15,141,60,81,0,0,0
2020-08-31 17:30,93,36,57,0,0,0
2020-08-31 17:45,105,40,65,0,0,0
2020-08-31 18:00,120,51,69,0,0,0
2020-08-31 18:15,114,43,71,0,0,0
2020-08-31 18:30,90,40,50,0,0,0
2020-08-31 18:45,90,27,63,0,0,0
2020-08-31 19:00,87,30,57,0,0,0
2020-08-31 19:15,99,49,50,0,0,0
2020-08-31 19:30,57,26,31,0,0,0
2020-08-31 19:45,62,27,35,0,0,0
2020-08-31 20:00,44,17,27,0,0,0
2020-08-31 20:15,31,17,14,0,0,0
2020-08-31 20:30,22,5,17,0,0,0
2020-08-31 20:45,35,13,22,0,0,0
2020-08-31 21:00,48,25,23,0,0,0
2020-08-31 21:15,29,14,15,0,0,0
2020-08-31 21:30,37,8,29,0,0,0
2020-08-31 21:45,30,8,22,0,0,0
2020-08-31 22:00,23,8,15,0,0,0
2020-08-31 22:15,25,6,19,0,0,0
2020-08-31 22:30,18,0,18,0,0,0
2020-08-31 22:45,14,2,12,0,0,0
2020-08-31 23:00,17,5,12,0,0,0
2020-08-31 23:15,15,0,15,0,0,0
2020-08-31 23:30,13,4,9,0,0,0
2020-08-31 23:45,8,0,8,0,0,0
