Datetime,100034982 (Hüfferstraße),101034982 (Hüfferstraße stadteinwärts),102034982 (Hüfferstraße stadtauswärts),100034982-status,101034982-status,102034982-status
2020-05-01 00:00,3,2,1,0,0,0
2020-05-01 00:15,6,4,2,0,0,0
2020-05-01 00:30,1,0,1,0,0,0
2020-05-01 00:45,3,0,3,0,0,0
2020-05-01 01:00,7,2,5,0,0,0
2020-05-01 01:15,4,1,3,0,0,0
2020-05-01 01:30,0,0,0,0,0,0
2020-05-01 01:45,1,0,1,0,0,0
2020-05-01 02:00,2,2,0,0,0,0
2020-05-01 02:15,4,4,0,0,0,0
2020-05-01 02:30,0,0,0,0,0,0
2020-05-01 02:45,2,1,1,0,0,0
2020-05-01 03:00,1,0,1,0,0,0
2020-05-01 03:15,0,0,0,0,0,0
2020-05-01 03:30,1,0,1,0,0,0
2020-05-01 03:45,0,0,0,0,0,0
2020-05-01 04:00,0,0,0,0,0,0
2020-05-01 04:15,1,1,0,0,0,0
2020-05-01 04:30,0,0,0,0,0,0
2020-05-01 04:45,1,1,0,0,0,0
2020-05-01 05:00,0,0,0,0,0,0
2020-05-01 05:15,0,0,0,0,0,0
2020-05-01 05:30,6,1,5,0,0,0
2020-05-01 05:45,10,1,9,0,0,0
2020-05-01 06:00,1,1,0,0,0,0
2020-05-01 06:15,3,0,3,0,0,0
2020-05-01 06:30,8,5,3,0,0,0
2020-05-01 06:45,1,0,1,0,0,0
2020-05-01 07:00,8,3,5,0,0,0
2020-05-01 07:15,1,0,1,0,0,0
2020-05-01 07:30,4,0,4,0,0,0
2020-05-01 07:45,2,1,1,0,0,0
2020-05-01 08:00,6,3,3,0,0,0
2020-05-01 08:15,7,4,3,0,0,0
2020-05-01 08:30,10,5,5,0,0,0
2020-05-01 08:45,14,8,6,0,0,0
2020-05-01 09:00,3,2,1,0,0,0
2020-05-01 09:15,7,4,3,0,0,0
2020-05-01 09:30,5,3,2,0,0,0
2020-05-01 09:45,14,5,9,0,0,0
2020-05-01 10:00,10,2,8,0,0,0
2020-05-01 10:15,7,4,3,0,0,0
2020-05-01 10:30,12,4,8,0,0,0
2020-05-01 10:45,27,11,16,0,0,0
2020-05-01 11:00,15,6,9,0,0,0
2020-05-01 11:15,16,9,7,0,0,0
2020-05-01 11:30,15,6,9,0,0,0
2020-05-01 11:45,33,15,18,0,0,0
2020-05-01 12:00,21,11,10,0,0,0
2020-05-01 12:15,43,18,25,0,0,0
2020-05-01 12:30,19,6,13,0,0,0
2020-05-01 12:45,23,14,9,0,0,0
2020-05-01 13:00,29,16,13,0,0,0
2020-05-01 13:15,15,7,8,0,0,0
2020-05-01 13:30,31,19,12,0,0,0
2020-05-01 13:45,26,13,13,0,0,0
2020-05-01 14:00,28,12,16,0,0,0
2020-05-01 14:15,30,23,7,0,0,0
2020-05-01 14:30,28,12,16,0,0,0
2020-05-01 14:45,29,14,15,0,0,0
2020-05-01 15:00,21,11,10,0,0,0
2020-05-01 15:15,25,12,13,0,0,0
2020-05-01 15:30,30,19,11,0,0,0
2020-05-01 15:45,34,11,23,0,0,0
2020-05-01 16:00,31,18,13,0,0,0
2020-05-01 16:15,43,18,25,0,0,0
2020-05-01 16:30,30,19,11,0,0,0
2020-05-01 16:45,27,10,17,0,0,0
2020-05-01 17:00,26,5,21,0,0,0
2020-05-01 17:15,13,3,10,0,0,0
2020-05-01 17:30,14,2,12,0,0,0
2020-05-01 17:45,12,6,6,0,0,0
2020-05-01 18:00,25,14,11,0,0,0
2020-05-01 18:15,15,7,8,0,0,0
2020-05-01 18:30,11,5,6,0,0,0
2020-05-01 18:45,10,4,6,0,0,0
2020-05-01 19:00,16,3,13,0,0,0
2020-05-01 19:15,10,5,5,0,0,0
2020-05-01 19:30,12,7,5,0,0,0
2020-05-01 19:45,14,7,7,0,0,0
2020-05-01 20:00,13,3,10,0,0,0
2020-05-01 20:15,6,5,1,0,0,0
2020-05-01 20:30,13,7,6,0,0,0
2020-05-01 20:45,13,4,9,0,0,0
2020-05-01 21:00,12,8,4,0,0,0
2020-05-01 21:15,7,3,4,0,0,0
2020-05-01 21:30,6,3,3,0,0,0
2020-05-01 21:45,2,2,0,0,0,0
2020-05-01 22:00,5,2,3,0,0,0
2020-05-01 22:15,2,1,1,0,0,0
2020-05-01 22:30,5,2,3,0,0,0
2020-05-01 22:45,1,0,1,0,0,0
2020-05-01 23:00,7,1,6,0,0,0
2020-05-01 23:15,5,3,2,0,0,0
2020-05-01 23:30,2,1,1,0,0,0
2020-05-01 23:45,2,0,2,0,0,0
2020-05-02 00:00,7,6,1,0,0,0
2020-05-02 00:15,4,2,2,0,0,0
2020-05-02 00:30,5,2,3,0,0,0
2020-05-02 00:45,4,3,1,0,0,0
2020-05-02 01:00,1,1,0,0,0,0
2020-05-02 01:15,1,0,1,0,0,0
2020-05-02 01:30,4,3,1,0,0,0
2020-05-02 01:45,1,1,0,0,0,0
2020-05-02 02:00,0,0,0,0,0,0
2020-05-02 02:15,0,0,0,0,0,0
2020-05-02 02:30,2,2,0,0,0,0
2020-05-02 02:45,0,0,0,0,0,0
2020-05-02 03:00,0,0,0,0,0,0
2020-05-02 03:15,2,1,1,0,0,0
2020-05-02 03:30,1,0,1,0,0,0
2020-05-02 03:45,0,0,0,0,0,0
2020-05-02 04:00,1,1,0,0,0,0
2020-05-02 04:15,0,0,0,0,0,0
2020-05-02 04:30,3,2,1,0,0,0
2020-05-02 04:45,0,0,0,0,0,0
2020-05-02 05:00,1,1,0,0,0,0
2020-05-02 05:15,2,0,2,0,0,0
2020-05-02 05:30,5,2,3,0,0,0
2020-05-02 05:45,6,1,5,0,0,0
2020-05-02 06:00,0,0,0,0,0,0
2020-05-02 06:15,5,1,4,0,0,0
2020-05-02 06:30,13,12,1,0,0,0
2020-05-02 06:45,11,8,3,0,0,0
2020-05-02 07:00,13,9,4,0,0,0
2020-05-02 07:15,12,6,6,0,0,0
2020-05-02 07:30,16,13,3,0,0,0
2020-05-02 07:45,15,6,9,0,0,0
2020-05-02 08:00,8,1,7,0,0,0
2020-05-02 08:15,22,10,12,0,0,0
2020-05-02 08:30,15,6,9,0,0,0
2020-05-02 08:45,21,15,6,0,0,0
2020-05-02 09:00,11,8,3,0,0,0
2020-05-02 09:15,19,7,12,0,0,0
2020-05-02 09:30,23,14,9,0,0,0
2020-05-02 09:45,23,11,12,0,0,0
2020-05-02 10:00,13,8,5,0,0,0
2020-05-02 10:15,30,21,9,0,0,0
2020-05-02 10:30,25,21,4,0,0,0
2020-05-02 10:45,44,30,14,0,0,0
2020-05-02 11:00,56,37,19,0,0,0
2020-05-02 11:15,45,30,15,0,0,0
2020-05-02 11:30,60,36,24,0,0,0
2020-05-02 11:45,56,35,21,0,0,0
2020-05-02 12:00,66,37,29,0,0,0
2020-05-02 12:15,59,17,42,0,0,0
2020-05-02 12:30,56,12,44,0,0,0
2020-05-02 12:45,51,14,37,0,0,0
2020-05-02 13:00,38,15,23,0,0,0
2020-05-02 13:15,45,20,25,0,0,0
2020-05-02 13:30,22,7,15,0,0,0
2020-05-02 13:45,35,15,20,0,0,0
2020-05-02 14:00,27,12,15,0,0,0
2020-05-02 14:15,41,22,19,0,0,0
2020-05-02 14:30,40,22,18,0,0,0
2020-05-02 14:45,30,18,12,0,0,0
2020-05-02 15:00,25,11,14,0,0,0
2020-05-02 15:15,40,17,23,0,0,0
2020-05-02 15:30,40,15,25,0,0,0
2020-05-02 15:45,34,15,19,0,0,0
2020-05-02 16:00,35,21,14,0,0,0
2020-05-02 16:15,31,17,14,0,0,0
2020-05-02 16:30,29,13,16,0,0,0
2020-05-02 16:45,29,16,13,0,0,0
2020-05-02 17:00,42,13,29,0,0,0
2020-05-02 17:15,44,18,26,0,0,0
2020-05-02 17:30,29,7,22,0,0,0
2020-05-02 17:45,36,17,19,0,0,0
2020-05-02 18:00,37,10,27,0,0,0
2020-05-02 18:15,21,4,17,0,0,0
2020-05-02 18:30,27,16,11,0,0,0
2020-05-02 18:45,7,3,4,0,0,0
2020-05-02 19:00,20,6,14,0,0,0
2020-05-02 19:15,22,5,17,0,0,0
2020-05-02 19:30,13,5,8,0,0,0
2020-05-02 19:45,16,10,6,0,0,0
2020-05-02 20:00,23,9,14,0,0,0
2020-05-02 20:15,19,7,12,0,0,0
2020-05-02 20:30,5,3,2,0,0,0
2020-05-02 20:45,7,5,2,0,0,0
2020-05-02 21:00,14,7,7,0,0,0
2020-05-02 21:15,15,10,5,0,0,0
2020-05-02 21:30,12,6,6,0,0,0
2020-05-02 21:45,6,2,4,0,0,0
2020-05-02 22:00,10,5,5,0,0,0
2020-05-02 22:15,3,1,2,0,0,0
2020-05-02 22:30,3,0,3,0,0,0
2020-05-02 22:45,7,3,4,0,0,0
2020-05-02 23:00,5,2,3,0,0,0
2020-05-02 23:15,3,2,1,0,0,0
2020-05-02 23:30,4,1,3,0,0,0
2020-05-02 23:45,2,1,1,0,0,0
2020-05-03 00:00,5,3,2,0,0,0
2020-05-03 00:15,0,0,0,0,0,0
2020-05-03 00:30,5,2,3,0,0,0
2020-05-03 00:45,5,1,4,0,0,0
2020-05-03 01:00,3,0,3,0,0,0
2020-05-03 01:15,0,0,0,0,0,0
2020-05-03 01:30,5,3,2,0,0,0
2020-05-03 01:45,3,1,2,0,0,0
2020-05-03 02:00,1,0,1,0,0,0
2020-05-03 02:15,1,0,1,0,0,0
2020-05-03 02:30,3,3,0,0,0,0
2020-05-03 02:45,0,0,0,0,0,0
2020-05-03 03:00,1,0,1,0,0,0
2020-05-03 03:15,3,1,2,0,0,0
2020-05-03 03:30,0,0,0,0,0,0
2020-05-03 03:45,0,0,0,0,0,0
2020-05-03 04:00,0,0,0,0,0,0
2020-05-03 04:15,0,0,0,0,0,0
2020-05-03 04:30,1,1,0,0,0,0
2020-05-03 04:45,0,0,0,0,0,0
2020-05-03 05:00,1,0,1,0,0,0
2020-05-03 05:15,1,0,1,0,0,0
2020-05-03 05:30,5,1,4,0,0,0
2020-05-03 05:45,6,1,5,0,0,0
2020-05-03 06:00,1,1,0,0,0,0
2020-05-03 06:15,6,3,3,0,0,0
2020-05-03 06:30,8,5,3,0,0,0
2020-05-03 06:45,5,1,4,0,0,0
2020-05-03 07:00,1,0,1,0,0,0
2020-05-03 07:15,5,2,3,0,0,0
2020-05-03 07:30,2,0,2,0,0,0
2020-05-03 07:45,3,0,3,0,0,0
2020-05-03 08:00,7,5,2,0,0,0
2020-05-03 08:15,1,0,1,0,0,0
2020-05-03 08:30,10,8,2,0,0,0
2020-05-03 08:45,3,1,2,0,0,0
2020-05-03 09:00,4,1,3,0,0,0
2020-05-03 09:15,3,1,2,0,0,0
2020-05-03 09:30,15,8,7,0,0,0
2020-05-03 09:45,8,6,2,0,0,0
2020-05-03 10:00,12,5,7,0,0,0
2020-05-03 10:15,24,15,9,0,0,0
2020-05-03 10:30,12,2,10,0,0,0
2020-05-03 10:45,25,11,14,0,0,0
2020-05-03 11:00,19,10,9,0,0,0
2020-05-03 11:15,21,7,14,0,0,0
2020-05-03 11:30,23,9,14,0,0,0
2020-05-03 11:45,35,20,15,0,0,0
2020-05-03 12:00,25,10,15,0,0,0
2020-05-03 12:15,23,9,14,0,0,0
2020-05-03 12:30,40,14,26,0,0,0
2020-05-03 12:45,35,9,26,0,0,0
2020-05-03 13:00,32,18,14,0,0,0
2020-05-03 13:15,27,7,20,0,0,0
2020-05-03 13:30,35,12,23,0,0,0
2020-05-03 13:45,40,13,27,0,0,0
2020-05-03 14:00,35,13,22,0,0,0
2020-05-03 14:15,46,25,21,0,0,0
2020-05-03 14:30,33,25,8,0,0,0
2020-05-03 14:45,51,26,25,0,0,0
2020-05-03 15:00,44,22,22,0,0,0
2020-05-03 15:15,45,20,25,0,0,0
2020-05-03 15:30,51,16,35,0,0,0
2020-05-03 15:45,51,28,23,0,0,0
2020-05-03 16:00,41,15,26,0,0,0
2020-05-03 16:15,49,22,27,0,0,0
2020-05-03 16:30,30,10,20,0,0,0
2020-05-03 16:45,53,28,25,0,0,0
2020-05-03 17:00,40,11,29,0,0,0
2020-05-03 17:15,36,16,20,0,0,0
2020-05-03 17:30,34,18,16,0,0,0
2020-05-03 17:45,36,11,25,0,0,0
2020-05-03 18:00,41,16,25,0,0,0
2020-05-03 18:15,33,12,21,0,0,0
2020-05-03 18:30,28,14,14,0,0,0
2020-05-03 18:45,22,8,14,0,0,0
2020-05-03 19:00,15,3,12,0,0,0
2020-05-03 19:15,10,6,4,0,0,0
2020-05-03 19:30,22,5,17,0,0,0
2020-05-03 19:45,24,11,13,0,0,0
2020-05-03 20:00,17,8,9,0,0,0
2020-05-03 20:15,14,3,11,0,0,0
2020-05-03 20:30,15,6,9,0,0,0
2020-05-03 20:45,12,7,5,0,0,0
2020-05-03 21:00,14,3,11,0,0,0
2020-05-03 21:15,12,5,7,0,0,0
2020-05-03 21:30,6,4,2,0,0,0
2020-05-03 21:45,8,1,7,0,0,0
2020-05-03 22:00,12,2,10,0,0,0
2020-05-03 22:15,4,0,4,0,0,0
2020-05-03 22:30,4,1,3,0,0,0
2020-05-03 22:45,8,4,4,0,0,0
2020-05-03 23:00,4,3,1,0,0,0
2020-05-03 23:15,5,2,3,0,0,0
2020-05-03 23:30,4,1,3,0,0,0
2020-05-03 23:45,4,1,3,0,0,0
2020-05-04 00:00,0,0,0,0,0,0
2020-05-04 00:15,3,2,1,0,0,0
2020-05-04 00:30,0,0,0,0,0,0
2020-05-04 00:45,4,3,1,0,0,0
2020-05-04 01:00,3,1,2,0,0,0
2020-05-04 01:15,2,2,0,0,0,0
2020-05-04 01:30,0,0,0,0,0,0
2020-05-04 01:45,3,1,2,0,0,0
2020-05-04 02:00,0,0,0,0,0,0
2020-05-04 02:15,1,0,1,0,0,0
2020-05-04 02:30,0,0,0,0,0,0
2020-05-04 02:45,0,0,0,0,0,0
2020-05-04 03:00,0,0,0,0,0,0
2020-05-04 03:15,0,0,0,0,0,0
2020-05-04 03:30,0,0,0,0,0,0
2020-05-04 03:45,0,0,0,0,0,0
2020-05-04 04:00,0,0,0,0,0,0
2020-05-04 04:15,0,0,0,0,0,0
2020-05-04 04:30,1,0,1,0,0,0
2020-05-04 04:45,2,1,1,0,0,0
2020-05-04 05:00,1,1,0,0,0,0
2020-05-04 05:15,5,1,4,0,0,0
2020-05-04 05:30,8,0,8,0,0,0
2020-05-04 05:45,9,3,6,0,0,0
2020-05-04 06:00,8,5,3,0,0,0
2020-05-04 06:15,15,5,10,0,0,0
2020-05-04 06:30,39,13,26,0,0,0
2020-05-04 06:45,32,9,23,0,0,0
2020-05-04 07:00,40,14,26,0,0,0
2020-05-04 07:15,47,19,28,0,0,0
2020-05-04 07:30,64,29,35,0,0,0
2020-05-04 07:45,85,42,43,0,0,0
2020-05-04 08:00,64,31,33,0,0,0
2020-05-04 08:15,62,34,28,0,0,0
2020-05-04 08:30,46,19,27,0,0,0
2020-05-04 08:45,54,21,33,0,0,0
2020-05-04 09:00,42,16,26,0,0,0
2020-05-04 09:15,39,19,20,0,0,0
2020-05-04 09:30,47,34,13,0,0,0
2020-05-04 09:45,30,16,14,0,0,0
2020-05-04 10:00,44,22,22,0,0,0
2020-05-04 10:15,37,22,15,0,0,0
2020-05-04 10:30,31,15,16,0,0,0
2020-05-04 10:45,35,15,20,0,0,0
2020-05-04 11:00,41,22,19,0,0,0
2020-05-04 11:15,34,24,10,0,0,0
2020-05-04 11:30,51,28,23,0,0,0
2020-05-04 11:45,65,28,37,0,0,0
2020-05-04 12:00,56,19,37,0,0,0
2020-05-04 12:15,56,17,39,0,0,0
2020-05-04 12:30,56,17,39,0,0,0
2020-05-04 12:45,67,30,37,0,0,0
2020-05-04 13:00,49,18,31,0,0,0
2020-05-04 13:15,57,21,36,0,0,0
2020-05-04 13:30,72,36,36,0,0,0
2020-05-04 13:45,59,24,35,0,0,0
2020-05-04 14:00,62,27,35,0,0,0
2020-05-04 14:15,57,35,22,0,0,0
2020-05-04 14:30,59,33,26,0,0,0
2020-05-04 14:45,59,40,19,0,0,0
2020-05-04 15:00,54,32,22,0,0,0
2020-05-04 15:15,72,40,32,0,0,0
2020-05-04 15:30,66,42,24,0,0,0
2020-05-04 15:45,59,28,31,0,0,0
2020-05-04 16:00,93,46,47,0,0,0
2020-05-04 16:15,92,42,50,0,0,0
2020-05-04 16:30,101,43,58,0,0,0
2020-05-04 16:45,75,36,39,0,0,0
2020-05-04 17:00,86,47,39,0,0,0
2020-05-04 17:15,98,50,48,0,0,0
2020-05-04 17:30,74,30,44,0,0,0
2020-05-04 17:45,63,25,38,0,0,0
2020-05-04 18:00,72,28,44,0,0,0
2020-05-04 18:15,62,17,45,0,0,0
2020-05-04 18:30,48,13,35,0,0,0
2020-05-04 18:45,47,12,35,0,0,0
2020-05-04 19:00,51,22,29,0,0,0
2020-05-04 19:15,38,8,30,0,0,0
2020-05-04 19:30,25,9,16,0,0,0
2020-05-04 19:45,23,14,9,0,0,0
2020-05-04 20:00,40,14,26,0,0,0
2020-05-04 20:15,37,13,24,0,0,0
2020-05-04 20:30,18,6,12,0,0,0
2020-05-04 20:45,16,7,9,0,0,0
2020-05-04 21:00,19,9,10,0,0,0
2020-05-04 21:15,25,13,12,0,0,0
2020-05-04 21:30,6,2,4,0,0,0
2020-05-04 21:45,8,2,6,0,0,0
2020-05-04 22:00,13,4,9,0,0,0
2020-05-04 22:15,8,5,3,0,0,0
2020-05-04 22:30,6,5,1,0,0,0
2020-05-04 22:45,6,3,3,0,0,0
2020-05-04 23:00,10,5,5,0,0,0
2020-05-04 23:15,5,1,4,0,0,0
2020-05-04 23:30,3,3,0,0,0,0
2020-05-04 23:45,6,3,3,0,0,0
2020-05-05 00:00,0,0,0,0,0,0
2020-05-05 00:15,4,1,3,0,0,0
2020-05-05 00:30,3,3,0,0,0,0
2020-05-05 00:45,5,2,3,0,0,0
2020-05-05 01:00,1,0,1,0,0,0
2020-05-05 01:15,2,2,0,0,0,0
2020-05-05 01:30,1,1,0,0,0,0
2020-05-05 01:45,0,0,0,0,0,0
2020-05-05 02:00,3,1,2,0,0,0
2020-05-05 02:15,0,0,0,0,0,0
2020-05-05 02:30,0,0,0,0,0,0
2020-05-05 02:45,1,1,0,0,0,0
2020-05-05 03:00,0,0,0,0,0,0
2020-05-05 03:15,0,0,0,0,0,0
2020-05-05 03:30,1,1,0,0,0,0
2020-05-05 03:45,0,0,0,0,0,0
2020-05-05 04:00,0,0,0,0,0,0
2020-05-05 04:15,0,0,0,0,0,0
2020-05-05 04:30,3,0,3,0,0,0
2020-05-05 04:45,5,4,1,0,0,0
2020-05-05 05:00,3,0,3,0,0,0
2020-05-05 05:15,4,2,2,0,0,0
2020-05-05 05:30,16,3,13,0,0,0
2020-05-05 05:45,15,4,11,0,0,0
2020-05-05 06:00,18,10,8,0,0,0
2020-05-05 06:15,22,7,15,0,0,0
2020-05-05 06:30,23,11,12,0,0,0
2020-05-05 06:45,55,17,38,0,0,0
2020-05-05 07:00,63,16,47,0,0,0
2020-05-05 07:15,51,17,34,0,0,0
2020-05-05 07:30,78,33,45,0,0,0
2020-05-05 07:45,113,37,76,0,0,0
2020-05-05 08:00,81,38,43,0,0,0
2020-05-05 08:15,70,35,35,0,0,0
2020-05-05 08:30,66,36,30,0,0,0
2020-05-05 08:45,71,27,44,0,0,0
2020-05-05 09:00,64,34,30,0,0,0
2020-05-05 09:15,48,24,24,0,0,0
2020-05-05 09:30,60,41,19,0,0,0
2020-05-05 09:45,47,25,22,0,0,0
2020-05-05 10:00,49,17,32,0,0,0
2020-05-05 10:15,51,18,33,0,0,0
2020-05-05 10:30,59,27,32,0,0,0
2020-05-05 10:45,64,35,29,0,0,0
2020-05-05 11:00,62,23,39,0,0,0
2020-05-05 11:15,34,14,20,0,0,0
2020-05-05 11:30,64,26,38,0,0,0
2020-05-05 11:45,54,29,25,0,0,0
2020-05-05 12:00,47,23,24,0,0,0
2020-05-05 12:15,58,21,37,0,0,0
2020-05-05 12:30,55,23,32,0,0,0
2020-05-05 12:45,67,27,40,0,0,0
2020-05-05 13:00,80,33,47,0,0,0
2020-05-05 13:15,76,35,41,0,0,0
2020-05-05 13:30,68,30,38,0,0,0
2020-05-05 13:45,67,26,41,0,0,0
2020-05-05 14:00,79,44,35,0,0,0
2020-05-05 14:15,70,37,33,0,0,0
2020-05-05 14:30,75,41,34,0,0,0
2020-05-05 14:45,69,33,36,0,0,0
2020-05-05 15:00,93,57,36,0,0,0
2020-05-05 15:15,74,50,24,0,0,0
2020-05-05 15:30,93,47,46,0,0,0
2020-05-05 15:45,99,54,45,0,0,0
2020-05-05 16:00,109,58,51,0,0,0
2020-05-05 16:15,103,49,54,0,0,0
2020-05-05 16:30,123,57,66,0,0,0
2020-05-05 16:45,97,53,44,0,0,0
2020-05-05 17:00,90,50,40,0,0,0
2020-05-05 17:15,95,40,55,0,0,0
2020-05-05 17:30,91,39,52,0,0,0
2020-05-05 17:45,110,44,66,0,0,0
2020-05-05 18:00,113,55,58,0,0,0
2020-05-05 18:15,100,41,59,0,0,0
2020-05-05 18:30,64,26,38,0,0,0
2020-05-05 18:45,65,19,46,0,0,0
2020-05-05 19:00,57,16,41,0,0,0
2020-05-05 19:15,31,7,24,0,0,0
2020-05-05 19:30,50,18,32,0,0,0
2020-05-05 19:45,30,10,20,0,0,0
2020-05-05 20:00,32,9,23,0,0,0
2020-05-05 20:15,34,9,25,0,0,0
2020-05-05 20:30,28,5,23,0,0,0
2020-05-05 20:45,12,5,7,0,0,0
2020-05-05 21:00,20,14,6,0,0,0
2020-05-05 21:15,22,11,11,0,0,0
2020-05-05 21:30,17,8,9,0,0,0
2020-05-05 21:45,10,7,3,0,0,0
2020-05-05 22:00,15,7,8,0,0,0
2020-05-05 22:15,5,3,2,0,0,0
2020-05-05 22:30,10,5,5,0,0,0
2020-05-05 22:45,10,6,4,0,0,0
2020-05-05 23:00,4,0,4,0,0,0
2020-05-05 23:15,6,2,4,0,0,0
2020-05-05 23:30,1,0,1,0,0,0
2020-05-05 23:45,3,0,3,0,0,0
2020-05-06 00:00,2,1,1,0,0,0
2020-05-06 00:15,4,3,1,0,0,0
2020-05-06 00:30,0,0,0,0,0,0
2020-05-06 00:45,1,0,1,0,0,0
2020-05-06 01:00,0,0,0,0,0,0
2020-05-06 01:15,1,1,0,0,0,0
2020-05-06 01:30,0,0,0,0,0,0
2020-05-06 01:45,0,0,0,0,0,0
2020-05-06 02:00,2,0,2,0,0,0
2020-05-06 02:15,0,0,0,0,0,0
2020-05-06 02:30,0,0,0,0,0,0
2020-05-06 02:45,5,2,3,0,0,0
2020-05-06 03:00,0,0,0,0,0,0
2020-05-06 03:15,0,0,0,0,0,0
2020-05-06 03:30,0,0,0,0,0,0
2020-05-06 03:45,0,0,0,0,0,0
2020-05-06 04:00,1,1,0,0,0,0
2020-05-06 04:15,0,0,0,0,0,0
2020-05-06 04:30,0,0,0,0,0,0
2020-05-06 04:45,5,1,4,0,0,0
2020-05-06 05:00,2,1,1,0,0,0
2020-05-06 05:15,2,2,0,0,0,0
2020-05-06 05:30,8,2,6,0,0,0
2020-05-06 05:45,12,1,11,0,0,0
2020-05-06 06:00,14,7,7,0,0,0
2020-05-06 06:15,18,6,12,0,0,0
2020-05-06 06:30,41,11,30,0,0,0
2020-05-06 06:45,42,18,24,0,0,0
2020-05-06 07:00,61,28,33,0,0,0
2020-05-06 07:15,75,33,42,0,0,0
2020-05-06 07:30,97,49,48,0,0,0
2020-05-06 07:45,143,50,93,0,0,0
2020-05-06 08:00,85,40,45,0,0,0
2020-05-06 08:15,68,30,38,0,0,0
2020-05-06 08:30,84,42,42,0,0,0
2020-05-06 08:45,78,39,39,0,0,0
2020-05-06 09:00,68,28,40,0,0,0
2020-05-06 09:15,79,41,38,0,0,0
2020-05-06 09:30,69,43,26,0,0,0
2020-05-06 09:45,79,32,47,0,0,0
2020-05-06 10:00,70,36,34,0,0,0
2020-05-06 10:15,82,47,35,0,0,0
2020-05-06 10:30,74,52,22,0,0,0
2020-05-06 10:45,90,55,35,0,0,0
2020-05-06 11:00,78,29,49,0,0,0
2020-05-06 11:15,113,53,60,0,0,0
2020-05-06 11:30,78,26,52,0,0,0
2020-05-06 11:45,87,39,48,0,0,0
2020-05-06 12:00,97,39,58,0,0,0
2020-05-06 12:15,131,52,79,0,0,0
2020-05-06 12:30,100,36,64,0,0,0
2020-05-06 12:45,91,39,52,0,0,0
2020-05-06 13:00,101,47,54,0,0,0
2020-05-06 13:15,95,46,49,0,0,0
2020-05-06 13:30,70,28,42,0,0,0
2020-05-06 13:45,93,41,52,0,0,0
2020-05-06 14:00,90,39,51,0,0,0
2020-05-06 14:15,101,40,61,0,0,0
2020-05-06 14:30,104,45,59,0,0,0
2020-05-06 14:45,77,33,44,0,0,0
2020-05-06 15:00,86,40,46,0,0,0
2020-05-06 15:15,99,53,46,0,0,0
2020-05-06 15:30,87,55,32,0,0,0
2020-05-06 15:45,92,40,52,0,0,0
2020-05-06 16:00,93,50,43,0,0,0
2020-05-06 16:15,112,62,50,0,0,0
2020-05-06 16:30,111,51,60,0,0,0
2020-05-06 16:45,103,48,55,0,0,0
2020-05-06 17:00,113,54,59,0,0,0
2020-05-06 17:15,77,38,39,0,0,0
2020-05-06 17:30,105,45,60,0,0,0
2020-05-06 17:45,82,27,55,0,0,0
2020-05-06 18:00,88,32,56,0,0,0
2020-05-06 18:15,58,26,32,0,0,0
2020-05-06 18:30,68,24,44,0,0,0
2020-05-06 18:45,65,27,38,0,0,0
2020-05-06 19:00,59,25,34,0,0,0
2020-05-06 19:15,63,29,34,0,0,0
2020-05-06 19:30,50,16,34,0,0,0
2020-05-06 19:45,31,16,15,0,0,0
2020-05-06 20:00,19,6,13,0,0,0
2020-05-06 20:15,46,31,15,0,0,0
2020-05-06 20:30,27,7,20,0,0,0
2020-05-06 20:45,14,8,6,0,0,0
2020-05-06 21:00,19,11,8,0,0,0
2020-05-06 21:15,9,3,6,0,0,0
2020-05-06 21:30,11,7,4,0,0,0
2020-05-06 21:45,18,12,6,0,0,0
2020-05-06 22:00,11,4,7,0,0,0
2020-05-06 22:15,9,5,4,0,0,0
2020-05-06 22:30,12,4,8,0,0,0
2020-05-06 22:45,9,2,7,0,0,0
2020-05-06 23:00,5,4,1,0,0,0
2020-05-06 23:15,5,1,4,0,0,0
2020-05-06 23:30,4,2,2,0,0,0
2020-05-06 23:45,1,0,1,0,0,0
2020-05-07 00:00,7,1,6,0,0,0
2020-05-07 00:15,6,5,1,0,0,0
2020-05-07 00:30,3,0,3,0,0,0
2020-05-07 00:45,2,1,1,0,0,0
2020-05-07 01:00,0,0,0,0,0,0
2020-05-07 01:15,1,0,1,0,0,0
2020-05-07 01:30,0,0,0,0,0,0
2020-05-07 01:45,0,0,0,0,0,0
2020-05-07 02:00,1,0,1,0,0,0
2020-05-07 02:15,0,0,0,0,0,0
2020-05-07 02:30,0,0,0,0,0,0
2020-05-07 02:45,1,1,0,0,0,0
2020-05-07 03:00,0,0,0,0,0,0
2020-05-07 03:15,0,0,0,0,0,0
2020-05-07 03:30,0,0,0,0,0,0
2020-05-07 03:45,1,0,1,0,0,0
2020-05-07 04:00,0,0,0,0,0,0
2020-05-07 04:15,0,0,0,0,0,0
2020-05-07 04:30,3,3,0,0,0,0
2020-05-07 04:45,1,0,1,0,0,0
2020-05-07 05:00,0,0,0,0,0,0
2020-05-07 05:15,4,1,3,0,0,0
2020-05-07 05:30,11,4,7,0,0,0
2020-05-07 05:45,16,3,13,0,0,0
2020-05-07 06:00,4,3,1,0,0,0
2020-05-07 06:15,16,8,8,0,0,0
2020-05-07 06:30,31,10,21,0,0,0
2020-05-07 06:45,49,19,30,0,0,0
2020-05-07 07:00,70,25,45,0,0,0
2020-05-07 07:15,79,33,46,0,0,0
2020-05-07 07:30,65,27,38,0,0,0
2020-05-07 07:45,122,38,84,0,0,0
2020-05-07 08:00,76,36,40,0,0,0
2020-05-07 08:15,60,36,24,0,0,0
2020-05-07 08:30,80,31,49,0,0,0
2020-05-07 08:45,65,36,29,0,0,0
2020-05-07 09:00,61,22,39,0,0,0
2020-05-07 09:15,57,31,26,0,0,0
2020-05-07 09:30,65,38,27,0,0,0
2020-05-07 09:45,67,35,32,0,0,0
2020-05-07 10:00,41,20,21,0,0,0
2020-05-07 10:15,64,35,29,0,0,0
2020-05-07 10:30,40,21,19,0,0,0
2020-05-07 10:45,54,32,22,0,0,0
2020-05-07 11:00,65,30,35,0,0,0
2020-05-07 11:15,62,29,33,0,0,0
2020-05-07 11:30,54,22,32,0,0,0
2020-05-07 11:45,51,15,36,0,0,0
2020-05-07 12:00,86,36,50,0,0,0
2020-05-07 12:15,63,27,36,0,0,0
2020-05-07 12:30,80,42,38,0,0,0
2020-05-07 12:45,79,30,49,0,0,0
2020-05-07 13:00,79,37,42,0,0,0
2020-05-07 13:15,59,16,43,0,0,0
2020-05-07 13:30,85,42,43,0,0,0
2020-05-07 13:45,81,40,41,0,0,0
2020-05-07 14:00,87,47,40,0,0,0
2020-05-07 14:15,94,47,47,0,0,0
2020-05-07 14:30,83,49,34,0,0,0
2020-05-07 14:45,114,53,61,0,0,0
2020-05-07 15:00,87,41,46,0,0,0
2020-05-07 15:15,102,56,46,0,0,0
2020-05-07 15:30,99,41,58,0,0,0
2020-05-07 15:45,122,63,59,0,0,0
2020-05-07 16:00,109,60,49,0,0,0
2020-05-07 16:15,120,61,59,0,0,0
2020-05-07 16:30,129,64,65,0,0,0
2020-05-07 16:45,108,53,55,0,0,0
2020-05-07 17:00,119,55,64,0,0,0
2020-05-07 17:15,97,45,52,0,0,0
2020-05-07 17:30,113,53,60,0,0,0
2020-05-07 17:45,97,41,56,0,0,0
2020-05-07 18:00,84,32,52,0,0,0
2020-05-07 18:15,87,37,50,0,0,0
2020-05-07 18:30,60,26,34,0,0,0
2020-05-07 18:45,83,25,58,0,0,0
2020-05-07 19:00,64,17,47,0,0,0
2020-05-07 19:15,52,24,28,0,0,0
2020-05-07 19:30,36,8,28,0,0,0
2020-05-07 19:45,39,21,18,0,0,0
2020-05-07 20:00,49,21,28,0,0,0
2020-05-07 20:15,32,16,16,0,0,0
2020-05-07 20:30,20,10,10,0,0,0
2020-05-07 20:45,25,8,17,0,0,0
2020-05-07 21:00,16,3,13,0,0,0
2020-05-07 21:15,17,7,10,0,0,0
2020-05-07 21:30,24,11,13,0,0,0
2020-05-07 21:45,17,7,10,0,0,0
2020-05-07 22:00,13,1,12,0,0,0
2020-05-07 22:15,8,1,7,0,0,0
2020-05-07 22:30,12,6,6,0,0,0
2020-05-07 22:45,8,6,2,0,0,0
2020-05-07 23:00,9,2,7,0,0,0
2020-05-07 23:15,6,3,3,0,0,0
2020-05-07 23:30,3,1,2,0,0,0
2020-05-07 23:45,5,4,1,0,0,0
2020-05-08 00:00,4,1,3,0,0,0
2020-05-08 00:15,3,0,3,0,0,0
2020-05-08 00:30,2,1,1,0,0,0
2020-05-08 00:45,1,0,1,0,0,0
2020-05-08 01:00,2,0,2,0,0,0
2020-05-08 01:15,4,3,1,0,0,0
2020-05-08 01:30,6,5,1,0,0,0
2020-05-08 01:45,1,0,1,0,0,0
2020-05-08 02:00,1,1,0,0,0,0
2020-05-08 02:15,0,0,0,0,0,0
2020-05-08 02:30,3,2,1,0,0,0
2020-05-08 02:45,0,0,0,0,0,0
2020-05-08 03:00,0,0,0,0,0,0
2020-05-08 03:15,0,0,0,0,0,0
2020-05-08 03:30,0,0,0,0,0,0
2020-05-08 03:45,0,0,0,0,0,0
2020-05-08 04:00,0,0,0,0,0,0
2020-05-08 04:15,3,2,1,0,0,0
2020-05-08 04:30,0,0,0,0,0,0
2020-05-08 04:45,1,0,1,0,0,0
2020-05-08 05:00,2,0,2,0,0,0
2020-05-08 05:15,4,3,1,0,0,0
2020-05-08 05:30,11,5,6,0,0,0
2020-05-08 05:45,15,3,12,0,0,0
2020-05-08 06:00,5,3,2,0,0,0
2020-05-08 06:15,19,8,11,0,0,0
2020-05-08 06:30,37,12,25,0,0,0
2020-05-08 06:45,49,23,26,0,0,0
2020-05-08 07:00,50,21,29,0,0,0
2020-05-08 07:15,51,22,29,0,0,0
2020-05-08 07:30,78,33,45,0,0,0
2020-05-08 07:45,101,40,61,0,0,0
2020-05-08 08:00,66,29,37,0,0,0
2020-05-08 08:15,57,30,27,0,0,0
2020-05-08 08:30,69,32,37,0,0,0
2020-05-08 08:45,76,41,35,0,0,0
2020-05-08 09:00,52,29,23,0,0,0
2020-05-08 09:15,41,18,23,0,0,0
2020-05-08 09:30,51,34,17,0,0,0
2020-05-08 09:45,52,31,21,0,0,0
2020-05-08 10:00,60,33,27,0,0,0
2020-05-08 10:15,44,22,22,0,0,0
2020-05-08 10:30,62,32,30,0,0,0
2020-05-08 10:45,76,37,39,0,0,0
2020-05-08 11:00,62,28,34,0,0,0
2020-05-08 11:15,64,30,34,0,0,0
2020-05-08 11:30,54,28,26,0,0,0
2020-05-08 11:45,72,32,40,0,0,0
2020-05-08 12:00,67,29,38,0,0,0
2020-05-08 12:15,83,36,47,0,0,0
2020-05-08 12:30,62,25,37,0,0,0
2020-05-08 12:45,88,43,45,0,0,0
2020-05-08 13:00,79,28,51,0,0,0
2020-05-08 13:15,84,28,56,0,0,0
2020-05-08 13:30,78,30,48,0,0,0
2020-05-08 13:45,86,37,49,0,0,0
2020-05-08 14:00,66,34,32,0,0,0
2020-05-08 14:15,90,46,44,0,0,0
2020-05-08 14:30,67,31,36,0,0,0
2020-05-08 14:45,73,41,32,0,0,0
2020-05-08 15:00,76,44,32,0,0,0
2020-05-08 15:15,84,50,34,0,0,0
2020-05-08 15:30,81,36,45,0,0,0
2020-05-08 15:45,96,45,51,0,0,0
2020-05-08 16:00,82,44,38,0,0,0
2020-05-08 16:15,86,36,50,0,0,0
2020-05-08 16:30,96,47,49,0,0,0
2020-05-08 16:45,104,47,57,0,0,0
2020-05-08 17:00,75,30,45,0,0,0
2020-05-08 17:15,78,42,36,0,0,0
2020-05-08 17:30,83,40,43,0,0,0
2020-05-08 17:45,83,32,51,0,0,0
2020-05-08 18:00,79,31,48,0,0,0
2020-05-08 18:15,64,27,37,0,0,0
2020-05-08 18:30,66,29,37,0,0,0
2020-05-08 18:45,53,12,41,0,0,0
2020-05-08 19:00,43,13,30,0,0,0
2020-05-08 19:15,47,16,31,0,0,0
2020-05-08 19:30,47,22,25,0,0,0
2020-05-08 19:45,24,8,16,0,0,0
2020-05-08 20:00,28,9,19,0,0,0
2020-05-08 20:15,17,8,9,0,0,0
2020-05-08 20:30,25,11,14,0,0,0
2020-05-08 20:45,32,13,19,0,0,0
2020-05-08 21:00,24,17,7,0,0,0
2020-05-08 21:15,27,11,16,0,0,0
2020-05-08 21:30,20,4,16,0,0,0
2020-05-08 21:45,20,6,14,0,0,0
2020-05-08 22:00,11,7,4,0,0,0
2020-05-08 22:15,11,5,6,0,0,0
2020-05-08 22:30,9,4,5,0,0,0
2020-05-08 22:45,17,5,12,0,0,0
2020-05-08 23:00,2,1,1,0,0,0
2020-05-08 23:15,7,4,3,0,0,0
2020-05-08 23:30,8,3,5,0,0,0
2020-05-08 23:45,6,2,4,0,0,0
2020-05-09 00:00,9,3,6,0,0,0
2020-05-09 00:15,9,5,4,0,0,0
2020-05-09 00:30,5,0,5,0,0,0
2020-05-09 00:45,9,1,8,0,0,0
2020-05-09 01:00,4,0,4,0,0,0
2020-05-09 01:15,4,2,2,0,0,0
2020-05-09 01:30,4,1,3,0,0,0
2020-05-09 01:45,1,1,0,0,0,0
2020-05-09 02:00,2,2,0,0,0,0
2020-05-09 02:15,1,1,0,0,0,0
2020-05-09 02:30,1,0,1,0,0,0
2020-05-09 02:45,4,1,3,0,0,0
2020-05-09 03:00,1,0,1,0,0,0
2020-05-09 03:15,2,1,1,0,0,0
2020-05-09 03:30,1,1,0,0,0,0
2020-05-09 03:45,1,0,1,0,0,0
2020-05-09 04:00,0,0,0,0,0,0
2020-05-09 04:15,1,1,0,0,0,0
2020-05-09 04:30,0,0,0,0,0,0
2020-05-09 04:45,0,0,0,0,0,0
2020-05-09 05:00,0,0,0,0,0,0
2020-05-09 05:15,2,1,1,0,0,0
2020-05-09 05:30,8,2,6,0,0,0
2020-05-09 05:45,7,1,6,0,0,0
2020-05-09 06:00,3,2,1,0,0,0
2020-05-09 06:15,2,2,0,0,0,0
2020-05-09 06:30,11,8,3,0,0,0
2020-05-09 06:45,10,10,0,0,0,0
2020-05-09 07:00,17,12,5,0,0,0
2020-05-09 07:15,14,9,5,0,0,0
2020-05-09 07:30,23,12,11,0,0,0
2020-05-09 07:45,22,9,13,0,0,0
2020-05-09 08:00,28,19,9,0,0,0
2020-05-09 08:15,26,16,10,0,0,0
2020-05-09 08:30,38,26,12,0,0,0
2020-05-09 08:45,59,33,26,0,0,0
2020-05-09 09:00,46,32,14,0,0,0
2020-05-09 09:15,52,35,17,0,0,0
2020-05-09 09:30,69,51,18,0,0,0
2020-05-09 09:45,64,39,25,0,0,0
2020-05-09 10:00,85,54,31,0,0,0
2020-05-09 10:15,81,49,32,0,0,0
2020-05-09 10:30,90,56,34,0,0,0
2020-05-09 10:45,90,50,40,0,0,0
2020-05-09 11:00,114,61,53,0,0,0
2020-05-09 11:15,97,67,30,0,0,0
2020-05-09 11:30,75,39,36,0,0,0
2020-05-09 11:45,94,42,52,0,0,0
2020-05-09 12:00,105,54,51,0,0,0
2020-05-09 12:15,102,47,55,0,0,0
2020-05-09 12:30,132,73,59,0,0,0
2020-05-09 12:45,129,53,76,0,0,0
2020-05-09 13:00,102,54,48,0,0,0
2020-05-09 13:15,105,58,47,0,0,0
2020-05-09 13:30,94,49,45,0,0,0
2020-05-09 13:45,103,46,57,0,0,0
2020-05-09 14:00,110,41,69,0,0,0
2020-05-09 14:15,74,23,51,0,0,0
2020-05-09 14:30,106,29,77,0,0,0
2020-05-09 14:45,65,31,34,0,0,0
2020-05-09 15:00,75,21,54,0,0,0
2020-05-09 15:15,86,24,62,0,0,0
2020-05-09 15:30,58,18,40,0,0,0
2020-05-09 15:45,72,29,43,0,0,0
2020-05-09 16:00,64,29,35,0,0,0
2020-05-09 16:15,74,33,41,0,0,0
2020-05-09 16:30,55,18,37,0,0,0
2020-05-09 16:45,58,24,34,0,0,0
2020-05-09 17:00,78,24,54,0,0,0
2020-05-09 17:15,73,30,43,0,0,0
2020-05-09 17:30,64,20,44,0,0,0
2020-05-09 17:45,74,17,57,0,0,0
2020-05-09 18:00,61,21,40,0,0,0
2020-05-09 18:15,63,17,46,0,0,0
2020-05-09 18:30,53,11,42,0,0,0
2020-05-09 18:45,50,20,30,0,0,0
2020-05-09 19:00,38,10,28,0,0,0
2020-05-09 19:15,38,16,22,0,0,0
2020-05-09 19:30,25,8,17,0,0,0
2020-05-09 19:45,36,8,28,0,0,0
2020-05-09 20:00,34,16,18,0,0,0
2020-05-09 20:15,17,4,13,0,0,0
2020-05-09 20:30,22,9,13,0,0,0
2020-05-09 20:45,14,3,11,0,0,0
2020-05-09 21:00,19,8,11,0,0,0
2020-05-09 21:15,15,7,8,0,0,0
2020-05-09 21:30,18,8,10,0,0,0
2020-05-09 21:45,24,10,14,0,0,0
2020-05-09 22:00,15,3,12,0,0,0
2020-05-09 22:15,16,7,9,0,0,0
2020-05-09 22:30,16,10,6,0,0,0
2020-05-09 22:45,9,4,5,0,0,0
2020-05-09 23:00,5,1,4,0,0,0
2020-05-09 23:15,10,3,7,0,0,0
2020-05-09 23:30,15,4,11,0,0,0
2020-05-09 23:45,4,1,3,0,0,0
2020-05-10 00:00,6,3,3,0,0,0
2020-05-10 00:15,4,2,2,0,0,0
2020-05-10 00:30,5,3,2,0,0,0
2020-05-10 00:45,5,1,4,0,0,0
2020-05-10 01:00,11,4,7,0,0,0
2020-05-10 01:15,6,2,4,0,0,0
2020-05-10 01:30,10,6,4,0,0,0
2020-05-10 01:45,1,1,0,0,0,0
2020-05-10 02:00,1,0,1,0,0,0
2020-05-10 02:15,5,2,3,0,0,0
2020-05-10 02:30,0,0,0,0,0,0
2020-05-10 02:45,0,0,0,0,0,0
2020-05-10 03:00,1,1,0,0,0,0
2020-05-10 03:15,2,0,2,0,0,0
2020-05-10 03:30,0,0,0,0,0,0
2020-05-10 03:45,0,0,0,0,0,0
2020-05-10 04:00,0,0,0,0,0,0
2020-05-10 04:15,0,0,0,0,0,0
2020-05-10 04:30,0,0,0,0,0,0
2020-05-10 04:45,2,1,1,0,0,0
2020-05-10 05:00,1,0,1,0,0,0
2020-05-10 05:15,0,0,0,0,0,0
2020-05-10 05:30,5,0,5,0,0,0
2020-05-10 05:45,7,4,3,0,0,0
2020-05-10 06:00,0,0,0,0,0,0
2020-05-10 06:15,4,2,2,0,0,0
2020-05-10 06:30,4,0,4,0,0,0
2020-05-10 06:45,6,5,1,0,0,0
2020-05-10 07:00,1,0,1,0,0,0
2020-05-10 07:15,4,1,3,0,0,0
2020-05-10 07:30,3,1,2,0,0,0
2020-05-10 07:45,3,1,2,0,0,0
2020-05-10 08:00,2,1,1,0,0,0
2020-05-10 08:15,9,2,7,0,0,0
2020-05-10 08:30,15,11,4,0,0,0
2020-05-10 08:45,6,5,1,0,0,0
2020-05-10 09:00,12,5,7,0,0,0
2020-05-10 09:15,8,5,3,0,0,0
2020-05-10 09:30,10,3,7,0,0,0
2020-05-10 09:45,11,3,8,0,0,0
2020-05-10 10:00,6,3,3,0,0,0
2020-05-10 10:15,21,11,10,0,0,0
2020-05-10 10:30,34,13,21,0,0,0
2020-05-10 10:45,25,11,14,0,0,0
2020-05-10 11:00,17,8,9,0,0,0
2020-05-10 11:15,27,15,12,0,0,0
2020-05-10 11:30,32,16,16,0,0,0
2020-05-10 11:45,22,7,15,0,0,0
2020-05-10 12:00,31,14,17,0,0,0
2020-05-10 12:15,27,15,12,0,0,0
2020-05-10 12:30,36,18,18,0,0,0
2020-05-10 12:45,40,14,26,0,0,0
2020-05-10 13:00,23,8,15,0,0,0
2020-05-10 13:15,36,18,18,0,0,0
2020-05-10 13:30,30,18,12,0,0,0
2020-05-10 13:45,19,5,14,0,0,0
2020-05-10 14:00,35,18,17,0,0,0
2020-05-10 14:15,57,21,36,0,0,0
2020-05-10 14:30,33,13,20,0,0,0
2020-05-10 14:45,43,8,35,0,0,0
2020-05-10 15:00,39,17,22,0,0,0
2020-05-10 15:15,51,21,30,0,0,0
2020-05-10 15:30,29,11,18,0,0,0
2020-05-10 15:45,50,26,24,0,0,0
2020-05-10 16:00,34,21,13,0,0,0
2020-05-10 16:15,22,8,14,0,0,0
2020-05-10 16:30,28,12,16,0,0,0
2020-05-10 16:45,34,10,24,0,0,0
2020-05-10 17:00,46,22,24,0,0,0
2020-05-10 17:15,21,6,15,0,0,0
2020-05-10 17:30,38,15,23,0,0,0
2020-05-10 17:45,42,11,31,0,0,0
2020-05-10 18:00,35,14,21,0,0,0
2020-05-10 18:15,27,9,18,0,0,0
2020-05-10 18:30,30,15,15,0,0,0
2020-05-10 18:45,17,5,12,0,0,0
2020-05-10 19:00,20,7,13,0,0,0
2020-05-10 19:15,18,7,11,0,0,0
2020-05-10 19:30,28,10,18,0,0,0
2020-05-10 19:45,16,8,8,0,0,0
2020-05-10 20:00,13,2,11,0,0,0
2020-05-10 20:15,6,2,4,0,0,0
2020-05-10 20:30,9,4,5,0,0,0
2020-05-10 20:45,6,3,3,0,0,0
2020-05-10 21:00,14,8,6,0,0,0
2020-05-10 21:15,13,8,5,0,0,0
2020-05-10 21:30,3,0,3,0,0,0
2020-05-10 21:45,5,2,3,0,0,0
2020-05-10 22:00,10,6,4,0,0,0
2020-05-10 22:15,2,1,1,0,0,0
2020-05-10 22:30,5,2,3,0,0,0
2020-05-10 22:45,4,2,2,0,0,0
2020-05-10 23:00,3,2,1,0,0,0
2020-05-10 23:15,3,3,0,0,0,0
2020-05-10 23:30,6,3,3,0,0,0
2020-05-10 23:45,1,0,1,0,0,0
2020-05-11 00:00,0,0,0,0,0,0
2020-05-11 00:15,0,0,0,0,0,0
2020-05-11 00:30,1,0,1,0,0,0
2020-05-11 00:45,0,0,0,0,0,0
2020-05-11 01:00,3,2,1,0,0,0
2020-05-11 01:15,2,1,1,0,0,0
2020-05-11 01:30,0,0,0,0,0,0
2020-05-11 01:45,0,0,0,0,0,0
2020-05-11 02:00,1,1,0,0,0,0
2020-05-11 02:15,0,0,0,0,0,0
2020-05-11 02:30,0,0,0,0,0,0
2020-05-11 02:45,0,0,0,0,0,0
2020-05-11 03:00,1,1,0,0,0,0
2020-05-11 03:15,1,1,0,0,0,0
2020-05-11 03:30,0,0,0,0,0,0
2020-05-11 03:45,0,0,0,0,0,0
2020-05-11 04:00,0,0,0,0,0,0
2020-05-11 04:15,0,0,0,0,0,0
2020-05-11 04:30,0,0,0,0,0,0
2020-05-11 04:45,2,0,2,0,0,0
2020-05-11 05:00,1,0,1,0,0,0
2020-05-11 05:15,2,2,0,0,0,0
2020-05-11 05:30,12,5,7,0,0,0
2020-05-11 05:45,13,2,11,0,0,0
2020-05-11 06:00,10,7,3,0,0,0
2020-05-11 06:15,17,7,10,0,0,0
2020-05-11 06:30,35,10,25,0,0,0
2020-05-11 06:45,38,14,24,0,0,0
2020-05-11 07:00,48,13,35,0,0,0
2020-05-11 07:15,73,26,47,0,0,0
2020-05-11 07:30,93,39,54,0,0,0
2020-05-11 07:45,117,49,68,0,0,0
2020-05-11 08:00,74,21,53,0,0,0
2020-05-11 08:15,65,26,39,0,0,0
2020-05-11 08:30,78,38,40,0,0,0
2020-05-11 08:45,82,32,50,0,0,0
2020-05-11 09:00,49,22,27,0,0,0
2020-05-11 09:15,43,21,22,0,0,0
2020-05-11 09:30,41,19,22,0,0,0
2020-05-11 09:45,43,24,19,0,0,0
2020-05-11 10:00,38,21,17,0,0,0
2020-05-11 10:15,51,35,16,0,0,0
2020-05-11 10:30,40,21,19,0,0,0
2020-05-11 10:45,34,16,18,0,0,0
2020-05-11 11:00,48,22,26,0,0,0
2020-05-11 11:15,44,14,30,0,0,0
2020-05-11 11:30,46,21,25,0,0,0
2020-05-11 11:45,50,28,22,0,0,0
2020-05-11 12:00,57,27,30,0,0,0
2020-05-11 12:15,71,29,42,0,0,0
2020-05-11 12:30,49,24,25,0,0,0
2020-05-11 12:45,50,22,28,0,0,0
2020-05-11 13:00,71,28,43,0,0,0
2020-05-11 13:15,86,32,54,0,0,0
2020-05-11 13:30,54,29,25,0,0,0
2020-05-11 13:45,69,38,31,0,0,0
2020-05-11 14:00,61,35,26,0,0,0
2020-05-11 14:15,65,36,29,0,0,0
2020-05-11 14:30,51,21,30,0,0,0
2020-05-11 14:45,52,21,31,0,0,0
2020-05-11 15:00,51,34,17,0,0,0
2020-05-11 15:15,64,34,30,0,0,0
2020-05-11 15:30,78,35,43,0,0,0
2020-05-11 15:45,89,52,37,0,0,0
2020-05-11 16:00,78,38,40,0,0,0
2020-05-11 16:15,64,32,32,0,0,0
2020-05-11 16:30,75,38,37,0,0,0
2020-05-11 16:45,89,48,41,0,0,0
2020-05-11 17:00,84,47,37,0,0,0
2020-05-11 17:15,73,29,44,0,0,0
2020-05-11 17:30,62,24,38,0,0,0
2020-05-11 17:45,82,44,38,0,0,0
2020-05-11 18:00,64,24,40,0,0,0
2020-05-11 18:15,54,22,32,0,0,0
2020-05-11 18:30,51,14,37,0,0,0
2020-05-11 18:45,38,18,20,0,0,0
2020-05-11 19:00,39,19,20,0,0,0
2020-05-11 19:15,32,11,21,0,0,0
2020-05-11 19:30,25,10,15,0,0,0
2020-05-11 19:45,30,9,21,0,0,0
2020-05-11 20:00,30,14,16,0,0,0
2020-05-11 20:15,18,5,13,0,0,0
2020-05-11 20:30,16,5,11,0,0,0
2020-05-11 20:45,23,11,12,0,0,0
2020-05-11 21:00,16,8,8,0,0,0
2020-05-11 21:15,16,7,9,0,0,0
2020-05-11 21:30,15,3,12,0,0,0
2020-05-11 21:45,10,3,7,0,0,0
2020-05-11 22:00,4,1,3,0,0,0
2020-05-11 22:15,6,3,3,0,0,0
2020-05-11 22:30,9,3,6,0,0,0
2020-05-11 22:45,3,1,2,0,0,0
2020-05-11 23:00,2,0,2,0,0,0
2020-05-11 23:15,4,1,3,0,0,0
2020-05-11 23:30,8,2,6,0,0,0
2020-05-11 23:45,5,4,1,0,0,0
2020-05-12 00:00,4,0,4,0,0,0
2020-05-12 00:15,2,2,0,0,0,0
2020-05-12 00:30,4,1,3,0,0,0
2020-05-12 00:45,2,2,0,0,0,0
2020-05-12 01:00,1,0,1,0,0,0
2020-05-12 01:15,1,0,1,0,0,0
2020-05-12 01:30,4,0,4,0,0,0
2020-05-12 01:45,1,1,0,0,0,0
2020-05-12 02:00,1,0,1,0,0,0
2020-05-12 02:15,0,0,0,0,0,0
2020-05-12 02:30,0,0,0,0,0,0
2020-05-12 02:45,1,1,0,0,0,0
2020-05-12 03:00,0,0,0,0,0,0
2020-05-12 03:15,0,0,0,0,0,0
2020-05-12 03:30,0,0,0,0,0,0
2020-05-12 03:45,0,0,0,0,0,0
2020-05-12 04:00,2,0,2,0,0,0
2020-05-12 04:15,1,1,0,0,0,0
2020-05-12 04:30,0,0,0,0,0,0
2020-05-12 04:45,4,0,4,0,0,0
2020-05-12 05:00,1,1,0,0,0,0
2020-05-12 05:15,4,2,2,0,0,0
2020-05-12 05:30,8,3,5,0,0,0
2020-05-12 05:45,17,4,13,0,0,0
2020-05-12 06:00,15,7,8,0,0,0
2020-05-12 06:15,17,8,9,0,0,0
2020-05-12 06:30,37,7,30,0,0,0
2020-05-12 06:45,43,14,29,0,0,0
2020-05-12 07:00,60,16,44,0,0,0
2020-05-12 07:15,60,25,35,0,0,0
2020-05-12 07:30,86,35,51,0,0,0
2020-05-12 07:45,102,40,62,0,0,0
2020-05-12 08:00,77,37,40,0,0,0
2020-05-12 08:15,85,45,40,0,0,0
2020-05-12 08:30,65,32,33,0,0,0
2020-05-12 08:45,60,36,24,0,0,0
2020-05-12 09:00,73,39,34,0,0,0
2020-05-12 09:15,54,35,19,0,0,0
2020-05-12 09:30,55,30,25,0,0,0
2020-05-12 09:45,60,29,31,0,0,0
2020-05-12 10:00,38,13,25,0,0,0
2020-05-12 10:15,57,27,30,0,0,0
2020-05-12 10:30,46,24,22,0,0,0
2020-05-12 10:45,57,25,32,0,0,0
2020-05-12 11:00,43,21,22,0,0,0
2020-05-12 11:15,53,19,34,0,0,0
2020-05-12 11:30,60,22,38,0,0,0
2020-05-12 11:45,74,34,40,0,0,0
2020-05-12 12:00,55,22,33,0,0,0
2020-05-12 12:15,73,20,53,0,0,0
2020-05-12 12:30,60,24,36,0,0,0
2020-05-12 12:45,58,34,24,0,0,0
2020-05-12 13:00,81,24,57,0,0,0
2020-05-12 13:15,66,33,33,0,0,0
2020-05-12 13:30,77,25,52,0,0,0
2020-05-12 13:45,87,41,46,0,0,0
2020-05-12 14:00,85,37,48,0,0,0
2020-05-12 14:15,86,44,42,0,0,0
2020-05-12 14:30,56,26,30,0,0,0
2020-05-12 14:45,66,34,32,0,0,0
2020-05-12 15:00,65,38,27,0,0,0
2020-05-12 15:15,82,44,38,0,0,0
2020-05-12 15:30,76,45,31,0,0,0
2020-05-12 15:45,104,59,45,0,0,0
2020-05-12 16:00,93,47,46,0,0,0
2020-05-12 16:15,82,38,44,0,0,0
2020-05-12 16:30,74,40,34,0,0,0
2020-05-12 16:45,96,42,54,0,0,0
2020-05-12 17:00,106,61,45,0,0,0
2020-05-12 17:15,81,40,41,0,0,0
2020-05-12 17:30,63,35,28,0,0,0
2020-05-12 17:45,80,41,39,0,0,0
2020-05-12 18:00,94,28,66,0,0,0
2020-05-12 18:15,79,29,50,0,0,0
2020-05-12 18:30,58,22,36,0,0,0
2020-05-12 18:45,54,19,35,0,0,0
2020-05-12 19:00,41,13,28,0,0,0
2020-05-12 19:15,25,9,16,0,0,0
2020-05-12 19:30,37,15,22,0,0,0
2020-05-12 19:45,26,14,12,0,0,0
2020-05-12 20:00,24,6,18,0,0,0
2020-05-12 20:15,31,11,20,0,0,0
2020-05-12 20:30,17,8,9,0,0,0
2020-05-12 20:45,12,4,8,0,0,0
2020-05-12 21:00,16,7,9,0,0,0
2020-05-12 21:15,10,8,2,0,0,0
2020-05-12 21:30,24,7,17,0,0,0
2020-05-12 21:45,6,0,6,0,0,0
2020-05-12 22:00,20,8,12,0,0,0
2020-05-12 22:15,7,1,6,0,0,0
2020-05-12 22:30,9,5,4,0,0,0
2020-05-12 22:45,9,6,3,0,0,0
2020-05-12 23:00,10,1,9,0,0,0
2020-05-12 23:15,14,2,12,0,0,0
2020-05-12 23:30,5,2,3,0,0,0
2020-05-12 23:45,7,3,4,0,0,0
2020-05-13 00:00,3,1,2,0,0,0
2020-05-13 00:15,3,2,1,0,0,0
2020-05-13 00:30,2,0,2,0,0,0
2020-05-13 00:45,4,1,3,0,0,0
2020-05-13 01:00,1,1,0,0,0,0
2020-05-13 01:15,3,2,1,0,0,0
2020-05-13 01:30,0,0,0,0,0,0
2020-05-13 01:45,1,0,1,0,0,0
2020-05-13 02:00,0,0,0,0,0,0
2020-05-13 02:15,1,1,0,0,0,0
2020-05-13 02:30,1,1,0,0,0,0
2020-05-13 02:45,0,0,0,0,0,0
2020-05-13 03:00,0,0,0,0,0,0
2020-05-13 03:15,1,0,1,0,0,0
2020-05-13 03:30,0,0,0,0,0,0
2020-05-13 03:45,0,0,0,0,0,0
2020-05-13 04:00,0,0,0,0,0,0
2020-05-13 04:15,2,1,1,0,0,0
2020-05-13 04:30,0,0,0,0,0,0
2020-05-13 04:45,3,0,3,0,0,0
2020-05-13 05:00,1,0,1,0,0,0
2020-05-13 05:15,5,3,2,0,0,0
2020-05-13 05:30,13,3,10,0,0,0
2020-05-13 05:45,17,4,13,0,0,0
2020-05-13 06:00,4,3,1,0,0,0
2020-05-13 06:15,18,11,7,0,0,0
2020-05-13 06:30,39,12,27,0,0,0
2020-05-13 06:45,49,21,28,0,0,0
2020-05-13 07:00,74,25,49,0,0,0
2020-05-13 07:15,56,21,35,0,0,0
2020-05-13 07:30,108,56,52,0,0,0
2020-05-13 07:45,123,49,74,0,0,0
2020-05-13 08:00,78,35,43,0,0,0
2020-05-13 08:15,89,45,44,0,0,0
2020-05-13 08:30,92,40,52,0,0,0
2020-05-13 08:45,76,38,38,0,0,0
2020-05-13 09:00,84,44,40,0,0,0
2020-05-13 09:15,69,33,36,0,0,0
2020-05-13 09:30,74,51,23,0,0,0
2020-05-13 09:45,83,51,32,0,0,0
2020-05-13 10:00,64,33,31,0,0,0
2020-05-13 10:15,69,39,30,0,0,0
2020-05-13 10:30,82,37,45,0,0,0
2020-05-13 10:45,77,36,41,0,0,0
2020-05-13 11:00,75,34,41,0,0,0
2020-05-13 11:15,73,36,37,0,0,0
2020-05-13 11:30,96,44,52,0,0,0
2020-05-13 11:45,81,32,49,0,0,0
2020-05-13 12:00,94,41,53,0,0,0
2020-05-13 12:15,82,29,53,0,0,0
2020-05-13 12:30,95,40,55,0,0,0
2020-05-13 12:45,94,45,49,0,0,0
2020-05-13 13:00,108,51,57,0,0,0
2020-05-13 13:15,107,37,70,0,0,0
2020-05-13 13:30,91,35,56,0,0,0
2020-05-13 13:45,101,40,61,0,0,0
2020-05-13 14:00,69,25,44,0,0,0
2020-05-13 14:15,80,34,46,0,0,0
2020-05-13 14:30,89,37,52,0,0,0
2020-05-13 14:45,81,35,46,0,0,0
2020-05-13 15:00,68,30,38,0,0,0
2020-05-13 15:15,77,45,32,0,0,0
2020-05-13 15:30,69,34,35,0,0,0
2020-05-13 15:45,77,32,45,0,0,0
2020-05-13 16:00,86,49,37,0,0,0
2020-05-13 16:15,92,51,41,0,0,0
2020-05-13 16:30,72,46,26,0,0,0
2020-05-13 16:45,99,56,43,0,0,0
2020-05-13 17:00,83,41,42,0,0,0
2020-05-13 17:15,83,42,41,0,0,0
2020-05-13 17:30,67,31,36,0,0,0
2020-05-13 17:45,78,33,45,0,0,0
2020-05-13 18:00,82,27,55,0,0,0
2020-05-13 18:15,48,20,28,0,0,0
2020-05-13 18:30,42,13,29,0,0,0
2020-05-13 18:45,29,13,16,0,0,0
2020-05-13 19:00,52,18,34,0,0,0
2020-05-13 19:15,32,10,22,0,0,0
2020-05-13 19:30,25,10,15,0,0,0
2020-05-13 19:45,34,16,18,0,0,0
2020-05-13 20:00,31,7,24,0,0,0
2020-05-13 20:15,27,14,13,0,0,0
2020-05-13 20:30,19,6,13,0,0,0
2020-05-13 20:45,25,9,16,0,0,0
2020-05-13 21:00,24,13,11,0,0,0
2020-05-13 21:15,15,5,10,0,0,0
2020-05-13 21:30,17,6,11,0,0,0
2020-05-13 21:45,11,3,8,0,0,0
2020-05-13 22:00,4,0,4,0,0,0
2020-05-13 22:15,9,0,9,0,0,0
2020-05-13 22:30,9,4,5,0,0,0
2020-05-13 22:45,5,3,2,0,0,0
2020-05-13 23:00,8,2,6,0,0,0
2020-05-13 23:15,2,0,2,0,0,0
2020-05-13 23:30,4,1,3,0,0,0
2020-05-13 23:45,9,3,6,0,0,0
2020-05-14 00:00,2,0,2,0,0,0
2020-05-14 00:15,3,2,1,0,0,0
2020-05-14 00:30,0,0,0,0,0,0
2020-05-14 00:45,3,3,0,0,0,0
2020-05-14 01:00,3,0,3,0,0,0
2020-05-14 01:15,1,0,1,0,0,0
2020-05-14 01:30,3,0,3,0,0,0
2020-05-14 01:45,1,0,1,0,0,0
2020-05-14 02:00,2,0,2,0,0,0
2020-05-14 02:15,0,0,0,0,0,0
2020-05-14 02:30,0,0,0,0,0,0
2020-05-14 02:45,1,1,0,0,0,0
2020-05-14 03:00,0,0,0,0,0,0
2020-05-14 03:15,0,0,0,0,0,0
2020-05-14 03:30,1,0,1,0,0,0
2020-05-14 03:45,0,0,0,0,0,0
2020-05-14 04:00,0,0,0,0,0,0
2020-05-14 04:15,2,1,1,0,0,0
2020-05-14 04:30,2,2,0,0,0,0
2020-05-14 04:45,2,1,1,0,0,0
2020-05-14 05:00,5,1,4,0,0,0
2020-05-14 05:15,3,2,1,0,0,0
2020-05-14 05:30,13,4,9,0,0,0
2020-05-14 05:45,20,4,16,0,0,0
2020-05-14 06:00,4,4,0,0,0,0
2020-05-14 06:15,19,5,14,0,0,0
2020-05-14 06:30,28,11,17,0,0,0
2020-05-14 06:45,52,15,37,0,0,0
2020-05-14 07:00,54,22,32,0,0,0
2020-05-14 07:15,50,18,32,0,0,0
2020-05-14 07:30,102,42,60,0,0,0
2020-05-14 07:45,118,49,69,0,0,0
2020-05-14 08:00,87,36,51,0,0,0
2020-05-14 08:15,84,42,42,0,0,0
2020-05-14 08:30,69,34,35,0,0,0
2020-05-14 08:45,71,36,35,0,0,0
2020-05-14 09:00,67,29,38,0,0,0
2020-05-14 09:15,60,26,34,0,0,0
2020-05-14 09:30,42,21,21,0,0,0
2020-05-14 09:45,55,34,21,0,0,0
2020-05-14 10:00,43,18,25,0,0,0
2020-05-14 10:15,41,22,19,0,0,0
2020-05-14 10:30,62,30,32,0,0,0
2020-05-14 10:45,58,28,30,0,0,0
2020-05-14 11:00,46,23,23,0,0,0
2020-05-14 11:15,73,32,41,0,0,0
2020-05-14 11:30,71,33,38,0,0,0
2020-05-14 11:45,71,43,28,0,0,0
2020-05-14 12:00,80,31,49,0,0,0
2020-05-14 12:15,81,34,47,0,0,0
2020-05-14 12:30,90,30,60,0,0,0
2020-05-14 12:45,83,36,47,0,0,0
2020-05-14 13:00,82,34,48,0,0,0
2020-05-14 13:15,61,27,34,0,0,0
2020-05-14 13:30,59,23,36,0,0,0
2020-05-14 13:45,86,47,39,0,0,0
2020-05-14 14:00,74,35,39,0,0,0
2020-05-14 14:15,68,38,30,0,0,0
2020-05-14 14:30,75,35,40,0,0,0
2020-05-14 14:45,87,52,35,0,0,0
2020-05-14 15:00,91,50,41,0,0,0
2020-05-14 15:15,75,49,26,0,0,0
2020-05-14 15:30,77,43,34,0,0,0
2020-05-14 15:45,79,38,41,0,0,0
2020-05-14 16:00,104,43,61,0,0,0
2020-05-14 16:15,105,57,48,0,0,0
2020-05-14 16:30,99,47,52,0,0,0
2020-05-14 16:45,96,51,45,0,0,0
2020-05-14 17:00,93,45,48,0,0,0
2020-05-14 17:15,100,50,50,0,0,0
2020-05-14 17:30,88,43,45,0,0,0
2020-05-14 17:45,94,30,64,0,0,0
2020-05-14 18:00,77,31,46,0,0,0
2020-05-14 18:15,87,40,47,0,0,0
2020-05-14 18:30,80,27,53,0,0,0
2020-05-14 18:45,63,26,37,0,0,0
2020-05-14 19:00,63,29,34,0,0,0
2020-05-14 19:15,26,8,18,0,0,0
2020-05-14 19:30,44,14,30,0,0,0
2020-05-14 19:45,34,12,22,0,0,0
2020-05-14 20:00,39,20,19,0,0,0
2020-05-14 20:15,33,10,23,0,0,0
2020-05-14 20:30,32,13,19,0,0,0
2020-05-14 20:45,16,6,10,0,0,0
2020-05-14 21:00,22,15,7,0,0,0
2020-05-14 21:15,21,10,11,0,0,0
2020-05-14 21:30,23,11,12,0,0,0
2020-05-14 21:45,12,4,8,0,0,0
2020-05-14 22:00,8,1,7,0,0,0
2020-05-14 22:15,10,4,6,0,0,0
2020-05-14 22:30,15,9,6,0,0,0
2020-05-14 22:45,0,0,0,0,0,0
2020-05-14 23:00,11,2,9,0,0,0
2020-05-14 23:15,10,4,6,0,0,0
2020-05-14 23:30,3,3,0,0,0,0
2020-05-14 23:45,12,5,7,0,0,0
2020-05-15 00:00,5,1,4,0,0,0
2020-05-15 00:15,8,5,3,0,0,0
2020-05-15 00:30,4,1,3,0,0,0
2020-05-15 00:45,2,1,1,0,0,0
2020-05-15 01:00,2,0,2,0,0,0
2020-05-15 01:15,7,2,5,0,0,0
2020-05-15 01:30,5,1,4,0,0,0
2020-05-15 01:45,0,0,0,0,0,0
2020-05-15 02:00,2,1,1,0,0,0
2020-05-15 02:15,0,0,0,0,0,0
2020-05-15 02:30,2,0,2,0,0,0
2020-05-15 02:45,3,0,3,0,0,0
2020-05-15 03:00,0,0,0,0,0,0
2020-05-15 03:15,0,0,0,0,0,0
2020-05-15 03:30,0,0,0,0,0,0
2020-05-15 03:45,0,0,0,0,0,0
2020-05-15 04:00,1,0,1,0,0,0
2020-05-15 04:15,4,3,1,0,0,0
2020-05-15 04:30,1,1,0,0,0,0
2020-05-15 04:45,4,0,4,0,0,0
2020-05-15 05:00,1,1,0,0,0,0
2020-05-15 05:15,5,5,0,0,0,0
2020-05-15 05:30,7,3,4,0,0,0
2020-05-15 05:45,11,3,8,0,0,0
2020-05-15 06:00,6,6,0,0,0,0
2020-05-15 06:15,8,5,3,0,0,0
2020-05-15 06:30,35,13,22,0,0,0
2020-05-15 06:45,52,18,34,0,0,0
2020-05-15 07:00,40,14,26,0,0,0
2020-05-15 07:15,57,21,36,0,0,0
2020-05-15 07:30,104,49,55,0,0,0
2020-05-15 07:45,111,44,67,0,0,0
2020-05-15 08:00,66,18,48,0,0,0
2020-05-15 08:15,75,28,47,0,0,0
2020-05-15 08:30,67,39,28,0,0,0
2020-05-15 08:45,73,37,36,0,0,0
2020-05-15 09:00,48,17,31,0,0,0
2020-05-15 09:15,55,29,26,0,0,0
2020-05-15 09:30,51,29,22,0,0,0
2020-05-15 09:45,60,31,29,0,0,0
2020-05-15 10:00,49,22,27,0,0,0
2020-05-15 10:15,42,30,12,0,0,0
2020-05-15 10:30,53,23,30,0,0,0
2020-05-15 10:45,48,28,20,0,0,0
2020-05-15 11:00,59,26,33,0,0,0
2020-05-15 11:15,67,41,26,0,0,0
2020-05-15 11:30,67,31,36,0,0,0
2020-05-15 11:45,60,26,34,0,0,0
2020-05-15 12:00,79,41,38,0,0,0
2020-05-15 12:15,93,24,69,0,0,0
2020-05-15 12:30,96,49,47,0,0,0
2020-05-15 12:45,79,31,48,0,0,0
2020-05-15 13:00,73,38,35,0,0,0
2020-05-15 13:15,91,35,56,0,0,0
2020-05-15 13:30,86,41,45,0,0,0
2020-05-15 13:45,84,39,45,0,0,0
2020-05-15 14:00,68,33,35,0,0,0
2020-05-15 14:15,84,50,34,0,0,0
2020-05-15 14:30,87,45,42,0,0,0
2020-05-15 14:45,76,44,32,0,0,0
2020-05-15 15:00,82,40,42,0,0,0
2020-05-15 15:15,88,51,37,0,0,0
2020-05-15 15:30,83,49,34,0,0,0
2020-05-15 15:45,88,37,51,0,0,0
2020-05-15 16:00,80,47,33,0,0,0
2020-05-15 16:15,113,59,54,0,0,0
2020-05-15 16:30,69,43,26,0,0,0
2020-05-15 16:45,85,32,53,0,0,0
2020-05-15 17:00,70,32,38,0,0,0
2020-05-15 17:15,68,26,42,0,0,0
2020-05-15 17:30,59,31,28,0,0,0
2020-05-15 17:45,86,38,48,0,0,0
2020-05-15 18:00,76,33,43,0,0,0
2020-05-15 18:15,58,27,31,0,0,0
2020-05-15 18:30,43,10,33,0,0,0
2020-05-15 18:45,48,23,25,0,0,0
2020-05-15 19:00,54,18,36,0,0,0
2020-05-15 19:15,47,22,25,0,0,0
2020-05-15 19:30,33,20,13,0,0,0
2020-05-15 19:45,29,13,16,0,0,0
2020-05-15 20:00,24,11,13,0,0,0
2020-05-15 20:15,33,14,19,0,0,0
2020-05-15 20:30,15,7,8,0,0,0
2020-05-15 20:45,24,9,15,0,0,0
2020-05-15 21:00,29,16,13,0,0,0
2020-05-15 21:15,20,6,14,0,0,0
2020-05-15 21:30,22,7,15,0,0,0
2020-05-15 21:45,13,5,8,0,0,0
2020-05-15 22:00,8,5,3,0,0,0
2020-05-15 22:15,7,3,4,0,0,0
2020-05-15 22:30,15,4,11,0,0,0
2020-05-15 22:45,10,2,8,0,0,0
2020-05-15 23:00,13,4,9,0,0,0
2020-05-15 23:15,5,0,5,0,0,0
2020-05-15 23:30,8,4,4,0,0,0
2020-05-15 23:45,7,1,6,0,0,0
2020-05-16 00:00,3,2,1,0,0,0
2020-05-16 00:15,7,3,4,0,0,0
2020-05-16 00:30,3,2,1,0,0,0
2020-05-16 00:45,6,2,4,0,0,0
2020-05-16 01:00,6,1,5,0,0,0
2020-05-16 01:15,5,1,4,0,0,0
2020-05-16 01:30,4,0,4,0,0,0
2020-05-16 01:45,4,1,3,0,0,0
2020-05-16 02:00,3,0,3,0,0,0
2020-05-16 02:15,1,0,1,0,0,0
2020-05-16 02:30,4,0,4,0,0,0
2020-05-16 02:45,0,0,0,0,0,0
2020-05-16 03:00,1,1,0,0,0,0
2020-05-16 03:15,0,0,0,0,0,0
2020-05-16 03:30,2,0,2,0,0,0
2020-05-16 03:45,2,0,2,0,0,0
2020-05-16 04:00,0,0,0,0,0,0
2020-05-16 04:15,3,3,0,0,0,0
2020-05-16 04:30,2,2,0,0,0,0
2020-05-16 04:45,2,1,1,0,0,0
2020-05-16 05:00,0,0,0,0,0,0
2020-05-16 05:15,3,2,1,0,0,0
2020-05-16 05:30,8,2,6,0,0,0
2020-05-16 05:45,10,0,10,0,0,0
2020-05-16 06:00,3,3,0,0,0,0
2020-05-16 06:15,4,4,0,0,0,0
2020-05-16 06:30,8,3,5,0,0,0
2020-05-16 06:45,19,18,1,0,0,0
2020-05-16 07:00,16,12,4,0,0,0
2020-05-16 07:15,11,5,6,0,0,0
2020-05-16 07:30,31,19,12,0,0,0
2020-05-16 07:45,31,12,19,0,0,0
2020-05-16 08:00,23,13,10,0,0,0
2020-05-16 08:15,25,14,11,0,0,0
2020-05-16 08:30,23,16,7,0,0,0
2020-05-16 08:45,42,25,17,0,0,0
2020-05-16 09:00,31,19,12,0,0,0
2020-05-16 09:15,29,19,10,0,0,0
2020-05-16 09:30,54,46,8,0,0,0
2020-05-16 09:45,62,47,15,0,0,0
2020-05-16 10:00,54,32,22,0,0,0
2020-05-16 10:15,72,50,22,0,0,0
2020-05-16 10:30,70,40,30,0,0,0
2020-05-16 10:45,85,52,33,0,0,0
2020-05-16 11:00,102,59,43,0,0,0
2020-05-16 11:15,112,52,60,0,0,0
2020-05-16 11:30,81,50,31,0,0,0
2020-05-16 11:45,81,48,33,0,0,0
2020-05-16 12:00,101,50,51,0,0,0
2020-05-16 12:15,73,24,49,0,0,0
2020-05-16 12:30,87,39,48,0,0,0
2020-05-16 12:45,92,38,54,0,0,0
2020-05-16 13:00,87,30,57,0,0,0
2020-05-16 13:15,96,49,47,0,0,0
2020-05-16 13:30,87,51,36,0,0,0
2020-05-16 13:45,100,57,43,0,0,0
2020-05-16 14:00,82,28,54,0,0,0
2020-05-16 14:15,103,52,51,0,0,0
2020-05-16 14:30,73,21,52,0,0,0
2020-05-16 14:45,106,52,54,0,0,0
2020-05-16 15:00,87,22,65,0,0,0
2020-05-16 15:15,83,32,51,0,0,0
2020-05-16 15:30,80,27,53,0,0,0
2020-05-16 15:45,72,33,39,0,0,0
2020-05-16 16:00,74,31,43,0,0,0
2020-05-16 16:15,55,21,34,0,0,0
2020-05-16 16:30,65,26,39,0,0,0
2020-05-16 16:45,61,18,43,0,0,0
2020-05-16 17:00,40,19,21,0,0,0
2020-05-16 17:15,65,25,40,0,0,0
2020-05-16 17:30,73,36,37,0,0,0
2020-05-16 17:45,55,26,29,0,0,0
2020-05-16 18:00,61,25,36,0,0,0
2020-05-16 18:15,55,18,37,0,0,0
2020-05-16 18:30,54,25,29,0,0,0
2020-05-16 18:45,45,19,26,0,0,0
2020-05-16 19:00,45,13,32,0,0,0
2020-05-16 19:15,44,15,29,0,0,0
2020-05-16 19:30,35,13,22,0,0,0
2020-05-16 19:45,31,14,17,0,0,0
2020-05-16 20:00,25,10,15,0,0,0
2020-05-16 20:15,27,9,18,0,0,0
2020-05-16 20:30,20,9,11,0,0,0
2020-05-16 20:45,32,13,19,0,0,0
2020-05-16 21:00,14,7,7,0,0,0
2020-05-16 21:15,14,6,8,0,0,0
2020-05-16 21:30,8,2,6,0,0,0
2020-05-16 21:45,17,5,12,0,0,0
2020-05-16 22:00,10,4,6,0,0,0
2020-05-16 22:15,8,3,5,0,0,0
2020-05-16 22:30,15,4,11,0,0,0
2020-05-16 22:45,15,2,13,0,0,0
2020-05-16 23:00,8,1,7,0,0,0
2020-05-16 23:15,7,1,6,0,0,0
2020-05-16 23:30,20,7,13,0,0,0
2020-05-16 23:45,8,1,7,0,0,0
2020-05-17 00:00,16,4,12,0,0,0
2020-05-17 00:15,5,1,4,0,0,0
2020-05-17 00:30,9,1,8,0,0,0
2020-05-17 00:45,6,0,6,0,0,0
2020-05-17 01:00,13,4,9,0,0,0
2020-05-17 01:15,4,1,3,0,0,0
2020-05-17 01:30,5,1,4,0,0,0
2020-05-17 01:45,14,1,13,0,0,0
2020-05-17 02:00,5,1,4,0,0,0
2020-05-17 02:15,7,0,7,0,0,0
2020-05-17 02:30,1,0,1,0,0,0
2020-05-17 02:45,2,1,1,0,0,0
2020-05-17 03:00,0,0,0,0,0,0
2020-05-17 03:15,2,0,2,0,0,0
2020-05-17 03:30,1,0,1,0,0,0
2020-05-17 03:45,2,1,1,0,0,0
2020-05-17 04:00,1,0,1,0,0,0
2020-05-17 04:15,0,0,0,0,0,0
2020-05-17 04:30,0,0,0,0,0,0
2020-05-17 04:45,2,1,1,0,0,0
2020-05-17 05:00,1,0,1,0,0,0
2020-05-17 05:15,2,0,2,0,0,0
2020-05-17 05:30,6,0,6,0,0,0
2020-05-17 05:45,6,0,6,0,0,0
2020-05-17 06:00,5,4,1,0,0,0
2020-05-17 06:15,3,1,2,0,0,0
2020-05-17 06:30,5,2,3,0,0,0
2020-05-17 06:45,2,2,0,0,0,0
2020-05-17 07:00,6,0,6,0,0,0
2020-05-17 07:15,5,3,2,0,0,0
2020-05-17 07:30,5,1,4,0,0,0
2020-05-17 07:45,8,7,1,0,0,0
2020-05-17 08:00,2,1,1,0,0,0
2020-05-17 08:15,10,3,7,0,0,0
2020-05-17 08:30,4,3,1,0,0,0
2020-05-17 08:45,9,4,5,0,0,0
2020-05-17 09:00,8,6,2,0,0,0
2020-05-17 09:15,22,10,12,0,0,0
2020-05-17 09:30,20,14,6,0,0,0
2020-05-17 09:45,15,9,6,0,0,0
2020-05-17 10:00,27,11,16,0,0,0
2020-05-17 10:15,21,5,16,0,0,0
2020-05-17 10:30,31,15,16,0,0,0
2020-05-17 10:45,28,15,13,0,0,0
2020-05-17 11:00,42,18,24,0,0,0
2020-05-17 11:15,41,12,29,0,0,0
2020-05-17 11:30,22,11,11,0,0,0
2020-05-17 11:45,32,10,22,0,0,0
2020-05-17 12:00,38,17,21,0,0,0
2020-05-17 12:15,33,18,15,0,0,0
2020-05-17 12:30,34,10,24,0,0,0
2020-05-17 12:45,40,18,22,0,0,0
2020-05-17 13:00,49,13,36,0,0,0
2020-05-17 13:15,38,16,22,0,0,0
2020-05-17 13:30,45,18,27,0,0,0
2020-05-17 13:45,44,28,16,0,0,0
2020-05-17 14:00,59,20,39,0,0,0
2020-05-17 14:15,61,27,34,0,0,0
2020-05-17 14:30,54,24,30,0,0,0
2020-05-17 14:45,46,20,26,0,0,0
2020-05-17 15:00,36,15,21,0,0,0
2020-05-17 15:15,59,17,42,0,0,0
2020-05-17 15:30,55,18,37,0,0,0
2020-05-17 15:45,66,26,40,0,0,0
2020-05-17 16:00,45,15,30,0,0,0
2020-05-17 16:15,45,17,28,0,0,0
2020-05-17 16:30,58,21,37,0,0,0
2020-05-17 16:45,53,28,25,0,0,0
2020-05-17 17:00,54,18,36,0,0,0
2020-05-17 17:15,30,17,13,0,0,0
2020-05-17 17:30,46,24,22,0,0,0
2020-05-17 17:45,43,23,20,0,0,0
2020-05-17 18:00,58,39,19,0,0,0
2020-05-17 18:15,37,13,24,0,0,0
2020-05-17 18:30,29,12,17,0,0,0
2020-05-17 18:45,28,15,13,0,0,0
2020-05-17 19:00,34,13,21,0,0,0
2020-05-17 19:15,27,6,21,0,0,0
2020-05-17 19:30,35,12,23,0,0,0
2020-05-17 19:45,20,12,8,0,0,0
2020-05-17 20:00,19,3,16,0,0,0
2020-05-17 20:15,26,12,14,0,0,0
2020-05-17 20:30,20,5,15,0,0,0
2020-05-17 20:45,27,12,15,0,0,0
2020-05-17 21:00,19,5,14,0,0,0
2020-05-17 21:15,14,8,6,0,0,0
2020-05-17 21:30,15,1,14,0,0,0
2020-05-17 21:45,12,6,6,0,0,0
2020-05-17 22:00,6,3,3,0,0,0
2020-05-17 22:15,8,5,3,0,0,0
2020-05-17 22:30,7,1,6,0,0,0
2020-05-17 22:45,9,3,6,0,0,0
2020-05-17 23:00,8,4,4,0,0,0
2020-05-17 23:15,6,0,6,0,0,0
2020-05-17 23:30,4,2,2,0,0,0
2020-05-17 23:45,4,1,3,0,0,0
2020-05-18 00:00,0,0,0,0,0,0
2020-05-18 00:15,1,1,0,0,0,0
2020-05-18 00:30,2,1,1,0,0,0
2020-05-18 00:45,0,0,0,0,0,0
2020-05-18 01:00,1,0,1,0,0,0
2020-05-18 01:15,1,1,0,0,0,0
2020-05-18 01:30,1,0,1,0,0,0
2020-05-18 01:45,0,0,0,0,0,0
2020-05-18 02:00,1,0,1,0,0,0
2020-05-18 02:15,0,0,0,0,0,0
2020-05-18 02:30,0,0,0,0,0,0
2020-05-18 02:45,0,0,0,0,0,0
2020-05-18 03:00,0,0,0,0,0,0
2020-05-18 03:15,0,0,0,0,0,0
2020-05-18 03:30,1,0,1,0,0,0
2020-05-18 03:45,0,0,0,0,0,0
2020-05-18 04:00,0,0,0,0,0,0
2020-05-18 04:15,0,0,0,0,0,0
2020-05-18 04:30,0,0,0,0,0,0
2020-05-18 04:45,3,0,3,0,0,0
2020-05-18 05:00,3,1,2,0,0,0
2020-05-18 05:15,2,2,0,0,0,0
2020-05-18 05:30,20,5,15,0,0,0
2020-05-18 05:45,16,3,13,0,0,0
2020-05-18 06:00,6,4,2,0,0,0
2020-05-18 06:15,21,8,13,0,0,0
2020-05-18 06:30,29,12,17,0,0,0
2020-05-18 06:45,57,18,39,0,0,0
2020-05-18 07:00,41,13,28,0,0,0
2020-05-18 07:15,78,23,55,0,0,0
2020-05-18 07:30,113,52,61,0,0,0
2020-05-18 07:45,133,50,83,0,0,0
2020-05-18 08:00,104,47,57,0,0,0
2020-05-18 08:15,81,31,50,0,0,0
2020-05-18 08:30,73,40,33,0,0,0
2020-05-18 08:45,83,39,44,0,0,0
2020-05-18 09:00,68,34,34,0,0,0
2020-05-18 09:15,45,30,15,0,0,0
2020-05-18 09:30,65,35,30,0,0,0
2020-05-18 09:45,71,30,41,0,0,0
2020-05-18 10:00,52,34,18,0,0,0
2020-05-18 10:15,45,22,23,0,0,0
2020-05-18 10:30,53,24,29,0,0,0
2020-05-18 10:45,55,24,31,0,0,0
2020-05-18 11:00,43,27,16,0,0,0
2020-05-18 11:15,64,29,35,0,0,0
2020-05-18 11:30,72,31,41,0,0,0
2020-05-18 11:45,65,31,34,0,0,0
2020-05-18 12:00,61,26,35,0,0,0
2020-05-18 12:15,67,25,42,0,0,0
2020-05-18 12:30,53,32,21,0,0,0
2020-05-18 12:45,89,50,39,0,0,0
2020-05-18 13:00,72,23,49,0,0,0
2020-05-18 13:15,72,34,38,0,0,0
2020-05-18 13:30,82,36,46,0,0,0
2020-05-18 13:45,95,39,56,0,0,0
2020-05-18 14:00,75,32,43,0,0,0
2020-05-18 14:15,71,36,35,0,0,0
2020-05-18 14:30,70,35,35,0,0,0
2020-05-18 14:45,97,41,56,0,0,0
2020-05-18 15:00,91,44,47,0,0,0
2020-05-18 15:15,85,50,35,0,0,0
2020-05-18 15:30,80,43,37,0,0,0
2020-05-18 15:45,108,62,46,0,0,0
2020-05-18 16:00,112,59,53,0,0,0
2020-05-18 16:15,107,64,43,0,0,0
2020-05-18 16:30,112,50,62,0,0,0
2020-05-18 16:45,106,43,63,0,0,0
2020-05-18 17:00,115,50,65,0,0,0
2020-05-18 17:15,112,46,66,0,0,0
2020-05-18 17:30,97,47,50,0,0,0
2020-05-18 17:45,103,51,52,0,0,0
2020-05-18 18:00,106,34,72,0,0,0
2020-05-18 18:15,72,24,48,0,0,0
2020-05-18 18:30,87,26,61,0,0,0
2020-05-18 18:45,64,22,42,0,0,0
2020-05-18 19:00,55,19,36,0,0,0
2020-05-18 19:15,65,25,40,0,0,0
2020-05-18 19:30,35,8,27,0,0,0
2020-05-18 19:45,55,24,31,0,0,0
2020-05-18 20:00,52,21,31,0,0,0
2020-05-18 20:15,32,11,21,0,0,0
2020-05-18 20:30,24,13,11,0,0,0
2020-05-18 20:45,26,8,18,0,0,0
2020-05-18 21:00,21,7,14,0,0,0
2020-05-18 21:15,17,7,10,0,0,0
2020-05-18 21:30,16,6,10,0,0,0
2020-05-18 21:45,19,4,15,0,0,0
2020-05-18 22:00,10,1,9,0,0,0
2020-05-18 22:15,9,1,8,0,0,0
2020-05-18 22:30,13,6,7,0,0,0
2020-05-18 22:45,6,3,3,0,0,0
2020-05-18 23:00,12,1,11,0,0,0
2020-05-18 23:15,8,3,5,0,0,0
2020-05-18 23:30,8,4,4,0,0,0
2020-05-18 23:45,4,0,4,0,0,0
2020-05-19 00:00,4,4,0,0,0,0
2020-05-19 00:15,4,2,2,0,0,0
2020-05-19 00:30,6,2,4,0,0,0
2020-05-19 00:45,2,1,1,0,0,0
2020-05-19 01:00,4,2,2,0,0,0
2020-05-19 01:15,1,0,1,0,0,0
2020-05-19 01:30,6,2,4,0,0,0
2020-05-19 01:45,2,1,1,0,0,0
2020-05-19 02:00,1,0,1,0,0,0
2020-05-19 02:15,0,0,0,0,0,0
2020-05-19 02:30,0,0,0,0,0,0
2020-05-19 02:45,0,0,0,0,0,0
2020-05-19 03:00,0,0,0,0,0,0
2020-05-19 03:15,0,0,0,0,0,0
2020-05-19 03:30,0,0,0,0,0,0
2020-05-19 03:45,0,0,0,0,0,0
2020-05-19 04:00,0,0,0,0,0,0
2020-05-19 04:15,0,0,0,0,0,0
2020-05-19 04:30,0,0,0,0,0,0
2020-05-19 04:45,3,0,3,0,0,0
2020-05-19 05:00,3,2,1,0,0,0
2020-05-19 05:15,1,1,0,0,0,0
2020-05-19 05:30,16,4,12,0,0,0
2020-05-19 05:45,19,4,15,0,0,0
2020-05-19 06:00,8,3,5,0,0,0
2020-05-19 06:15,18,7,11,0,0,0
2020-05-19 06:30,31,12,19,0,0,0
2020-05-19 06:45,62,24,38,0,0,0
2020-05-19 07:00,64,20,44,0,0,0
2020-05-19 07:15,50,17,33,0,0,0
2020-05-19 07:30,110,51,59,0,0,0
2020-05-19 07:45,140,53,87,0,0,0
2020-05-19 08:00,74,26,48,0,0,0
2020-05-19 08:15,85,44,41,0,0,0
2020-05-19 08:30,70,29,41,0,0,0
2020-05-19 08:45,84,34,50,0,0,0
2020-05-19 09:00,63,25,38,0,0,0
2020-05-19 09:15,57,32,25,0,0,0
2020-05-19 09:30,56,30,26,0,0,0
2020-05-19 09:45,53,38,15,0,0,0
2020-05-19 10:00,46,17,29,0,0,0
2020-05-19 10:15,45,30,15,0,0,0
2020-05-19 10:30,64,31,33,0,0,0
2020-05-19 10:45,72,37,35,0,0,0
2020-05-19 11:00,61,22,39,0,0,0
2020-05-19 11:15,64,37,27,0,0,0
2020-05-19 11:30,48,27,21,0,0,0
2020-05-19 11:45,72,37,35,0,0,0
2020-05-19 12:00,71,33,38,0,0,0
2020-05-19 12:15,68,40,28,0,0,0
2020-05-19 12:30,56,21,35,0,0,0
2020-05-19 12:45,87,35,52,0,0,0
2020-05-19 13:00,86,28,58,0,0,0
2020-05-19 13:15,68,28,40,0,0,0
2020-05-19 13:30,73,31,42,0,0,0
2020-05-19 13:45,105,49,56,0,0,0
2020-05-19 14:00,76,30,46,0,0,0
2020-05-19 14:15,100,43,57,0,0,0
2020-05-19 14:30,72,33,39,0,0,0
2020-05-19 14:45,95,59,36,0,0,0
2020-05-19 15:00,88,45,43,0,0,0
2020-05-19 15:15,101,61,40,0,0,0
2020-05-19 15:30,79,36,43,0,0,0
2020-05-19 15:45,129,72,57,0,0,0
2020-05-19 16:00,109,57,52,0,0,0
2020-05-19 16:15,85,34,51,0,0,0
2020-05-19 16:30,108,60,48,0,0,0
2020-05-19 16:45,146,72,74,0,0,0
2020-05-19 17:00,102,45,57,0,0,0
2020-05-19 17:15,123,64,59,0,0,0
2020-05-19 17:30,106,42,64,0,0,0
2020-05-19 17:45,117,58,59,0,0,0
2020-05-19 18:00,78,29,49,0,0,0
2020-05-19 18:15,86,22,64,0,0,0
2020-05-19 18:30,77,27,50,0,0,0
2020-05-19 18:45,90,33,57,0,0,0
2020-05-19 19:00,54,22,32,0,0,0
2020-05-19 19:15,41,19,22,0,0,0
2020-05-19 19:30,55,25,30,0,0,0
2020-05-19 19:45,39,14,25,0,0,0
2020-05-19 20:00,43,14,29,0,0,0
2020-05-19 20:15,25,12,13,0,0,0
2020-05-19 20:30,21,9,12,0,0,0
2020-05-19 20:45,23,13,10,0,0,0
2020-05-19 21:00,32,15,17,0,0,0
2020-05-19 21:15,24,6,18,0,0,0
2020-05-19 21:30,22,4,18,0,0,0
2020-05-19 21:45,24,10,14,0,0,0
2020-05-19 22:00,10,4,6,0,0,0
2020-05-19 22:15,14,7,7,0,0,0
2020-05-19 22:30,10,3,7,0,0,0
2020-05-19 22:45,15,7,8,0,0,0
2020-05-19 23:00,9,1,8,0,0,0
2020-05-19 23:15,4,3,1,0,0,0
2020-05-19 23:30,10,5,5,0,0,0
2020-05-19 23:45,7,3,4,0,0,0
2020-05-20 00:00,5,3,2,0,0,0
2020-05-20 00:15,1,0,1,0,0,0
2020-05-20 00:30,4,2,2,0,0,0
2020-05-20 00:45,6,4,2,0,0,0
2020-05-20 01:00,5,1,4,0,0,0
2020-05-20 01:15,1,1,0,0,0,0
2020-05-20 01:30,5,2,3,0,0,0
2020-05-20 01:45,0,0,0,0,0,0
2020-05-20 02:00,0,0,0,0,0,0
2020-05-20 02:15,0,0,0,0,0,0
2020-05-20 02:30,0,0,0,0,0,0
2020-05-20 02:45,2,0,2,0,0,0
2020-05-20 03:00,1,1,0,0,0,0
2020-05-20 03:15,0,0,0,0,0,0
2020-05-20 03:30,0,0,0,0,0,0
2020-05-20 03:45,0,0,0,0,0,0
2020-05-20 04:00,0,0,0,0,0,0
2020-05-20 04:15,1,1,0,0,0,0
2020-05-20 04:30,0,0,0,0,0,0
2020-05-20 04:45,5,2,3,0,0,0
2020-05-20 05:00,0,0,0,0,0,0
2020-05-20 05:15,6,3,3,0,0,0
2020-05-20 05:30,16,5,11,0,0,0
2020-05-20 05:45,19,6,13,0,0,0
2020-05-20 06:00,6,2,4,0,0,0
2020-05-20 06:15,19,11,8,0,0,0
2020-05-20 06:30,32,11,21,0,0,0
2020-05-20 06:45,51,24,27,0,0,0
2020-05-20 07:00,62,26,36,0,0,0
2020-05-20 07:15,79,27,52,0,0,0
2020-05-20 07:30,104,54,50,0,0,0
2020-05-20 07:45,144,67,77,0,0,0
2020-05-20 08:00,104,43,61,0,0,0
2020-05-20 08:15,83,51,32,0,0,0
2020-05-20 08:30,92,43,49,0,0,0
2020-05-20 08:45,96,43,53,0,0,0
2020-05-20 09:00,82,44,38,0,0,0
2020-05-20 09:15,78,38,40,0,0,0
2020-05-20 09:30,84,42,42,0,0,0
2020-05-20 09:45,76,37,39,0,0,0
2020-05-20 10:00,74,40,34,0,0,0
2020-05-20 10:15,82,47,35,0,0,0
2020-05-20 10:30,86,55,31,0,0,0
2020-05-20 10:45,92,41,51,0,0,0
2020-05-20 11:00,72,42,30,0,0,0
2020-05-20 11:15,84,40,44,0,0,0
2020-05-20 11:30,93,44,49,0,0,0
2020-05-20 11:45,86,35,51,0,0,0
2020-05-20 12:00,97,38,59,0,0,0
2020-05-20 12:15,114,59,55,0,0,0
2020-05-20 12:30,105,49,56,0,0,0
2020-05-20 12:45,110,48,62,0,0,0
2020-05-20 13:00,101,30,71,0,0,0
2020-05-20 13:15,121,54,67,0,0,0
2020-05-20 13:30,89,44,45,0,0,0
2020-05-20 13:45,92,33,59,0,0,0
2020-05-20 14:00,81,32,49,0,0,0
2020-05-20 14:15,103,49,54,0,0,0
2020-05-20 14:30,97,53,44,0,0,0
2020-05-20 14:45,100,46,54,0,0,0
2020-05-20 15:00,81,43,38,0,0,0
2020-05-20 15:15,105,49,56,0,0,0
2020-05-20 15:30,89,44,45,0,0,0
2020-05-20 15:45,95,38,57,0,0,0
2020-05-20 16:00,87,50,37,0,0,0
2020-05-20 16:15,86,45,41,0,0,0
2020-05-20 16:30,80,35,45,0,0,0
2020-05-20 16:45,83,41,42,0,0,0
2020-05-20 17:00,72,40,32,0,0,0
2020-05-20 17:15,95,43,52,0,0,0
2020-05-20 17:30,95,48,47,0,0,0
2020-05-20 17:45,64,30,34,0,0,0
2020-05-20 18:00,89,41,48,0,0,0
2020-05-20 18:15,80,29,51,0,0,0
2020-05-20 18:30,72,34,38,0,0,0
2020-05-20 18:45,74,31,43,0,0,0
2020-05-20 19:00,58,24,34,0,0,0
2020-05-20 19:15,43,20,23,0,0,0
2020-05-20 19:30,33,13,20,0,0,0
2020-05-20 19:45,42,23,19,0,0,0
2020-05-20 20:00,42,15,27,0,0,0
2020-05-20 20:15,43,18,25,0,0,0
2020-05-20 20:30,32,10,22,0,0,0
2020-05-20 20:45,33,8,25,0,0,0
2020-05-20 21:00,25,12,13,0,0,0
2020-05-20 21:15,23,9,14,0,0,0
2020-05-20 21:30,19,5,14,0,0,0
2020-05-20 21:45,16,7,9,0,0,0
2020-05-20 22:00,15,2,13,0,0,0
2020-05-20 22:15,22,14,8,0,0,0
2020-05-20 22:30,10,1,9,0,0,0
2020-05-20 22:45,8,6,2,0,0,0
2020-05-20 23:00,13,6,7,0,0,0
2020-05-20 23:15,15,4,11,0,0,0
2020-05-20 23:30,15,6,9,0,0,0
2020-05-20 23:45,9,2,7,0,0,0
2020-05-21 00:00,11,2,9,0,0,0
2020-05-21 00:15,10,1,9,0,0,0
2020-05-21 00:30,15,3,12,0,0,0
2020-05-21 00:45,5,2,3,0,0,0
2020-05-21 01:00,7,2,5,0,0,0
2020-05-21 01:15,3,3,0,0,0,0
2020-05-21 01:30,2,0,2,0,0,0
2020-05-21 01:45,0,0,0,0,0,0
2020-05-21 02:00,5,0,5,0,0,0
2020-05-21 02:15,0,0,0,0,0,0
2020-05-21 02:30,2,0,2,0,0,0
2020-05-21 02:45,0,0,0,0,0,0
2020-05-21 03:00,1,1,0,0,0,0
2020-05-21 03:15,1,0,1,0,0,0
2020-05-21 03:30,2,1,1,0,0,0
2020-05-21 03:45,4,0,4,0,0,0
2020-05-21 04:00,0,0,0,0,0,0
2020-05-21 04:15,1,0,1,0,0,0
2020-05-21 04:30,1,1,0,0,0,0
2020-05-21 04:45,0,0,0,0,0,0
2020-05-21 05:00,0,0,0,0,0,0
2020-05-21 05:15,3,1,2,0,0,0
2020-05-21 05:30,7,3,4,0,0,0
2020-05-21 05:45,9,0,9,0,0,0
2020-05-21 06:00,3,1,2,0,0,0
2020-05-21 06:15,4,1,3,0,0,0
2020-05-21 06:30,7,5,2,0,0,0
2020-05-21 06:45,2,0,2,0,0,0
2020-05-21 07:00,6,4,2,0,0,0
2020-05-21 07:15,5,3,2,0,0,0
2020-05-21 07:30,5,2,3,0,0,0
2020-05-21 07:45,5,1,4,0,0,0
2020-05-21 08:00,10,5,5,0,0,0
2020-05-21 08:15,14,7,7,0,0,0
2020-05-21 08:30,10,6,4,0,0,0
2020-05-21 08:45,15,6,9,0,0,0
2020-05-21 09:00,5,3,2,0,0,0
2020-05-21 09:15,18,6,12,0,0,0
2020-05-21 09:30,16,6,10,0,0,0
2020-05-21 09:45,46,28,18,0,0,0
2020-05-21 10:00,25,10,15,0,0,0
2020-05-21 10:15,18,6,12,0,0,0
2020-05-21 10:30,33,16,17,0,0,0
2020-05-21 10:45,52,22,30,0,0,0
2020-05-21 11:00,25,6,19,0,0,0
2020-05-21 11:15,38,16,22,0,0,0
2020-05-21 11:30,34,12,22,0,0,0
2020-05-21 11:45,45,21,24,0,0,0
2020-05-21 12:00,56,27,29,0,0,0
2020-05-21 12:15,45,16,29,0,0,0
2020-05-21 12:30,44,23,21,0,0,0
2020-05-21 12:45,56,24,32,0,0,0
2020-05-21 13:00,45,24,21,0,0,0
2020-05-21 13:15,54,26,28,0,0,0
2020-05-21 13:30,53,31,22,0,0,0
2020-05-21 13:45,52,29,23,0,0,0
2020-05-21 14:00,53,22,31,0,0,0
2020-05-21 14:15,68,34,34,0,0,0
2020-05-21 14:30,62,32,30,0,0,0
2020-05-21 14:45,57,21,36,0,0,0
2020-05-21 15:00,47,21,26,0,0,0
2020-05-21 15:15,57,25,32,0,0,0
2020-05-21 15:30,69,26,43,0,0,0
2020-05-21 15:45,59,22,37,0,0,0
2020-05-21 16:00,55,24,31,0,0,0
2020-05-21 16:15,86,38,48,0,0,0
2020-05-21 16:30,45,23,22,0,0,0
2020-05-21 16:45,67,34,33,0,0,0
2020-05-21 17:00,45,16,29,0,0,0
2020-05-21 17:15,52,26,26,0,0,0
2020-05-21 17:30,45,26,19,0,0,0
2020-05-21 17:45,65,34,31,0,0,0
2020-05-21 18:00,73,32,41,0,0,0
2020-05-21 18:15,64,23,41,0,0,0
2020-05-21 18:30,54,33,21,0,0,0
2020-05-21 18:45,63,30,33,0,0,0
2020-05-21 19:00,52,9,43,0,0,0
2020-05-21 19:15,39,15,24,0,0,0
2020-05-21 19:30,31,5,26,0,0,0
2020-05-21 19:45,46,15,31,0,0,0
2020-05-21 20:00,43,11,32,0,0,0
2020-05-21 20:15,28,19,9,0,0,0
2020-05-21 20:30,33,14,19,0,0,0
2020-05-21 20:45,17,7,10,0,0,0
2020-05-21 21:00,23,9,14,0,0,0
2020-05-21 21:15,23,10,13,0,0,0
2020-05-21 21:30,17,4,13,0,0,0
2020-05-21 21:45,14,2,12,0,0,0
2020-05-21 22:00,16,4,12,0,0,0
2020-05-21 22:15,20,5,15,0,0,0
2020-05-21 22:30,12,2,10,0,0,0
2020-05-21 22:45,21,8,13,0,0,0
2020-05-21 23:00,16,3,13,0,0,0
2020-05-21 23:15,6,2,4,0,0,0
2020-05-21 23:30,7,4,3,0,0,0
2020-05-21 23:45,12,2,10,0,0,0
2020-05-22 00:00,10,4,6,0,0,0
2020-05-22 00:15,5,0,5,0,0,0
2020-05-22 00:30,3,1,2,0,0,0
2020-05-22 00:45,3,1,2,0,0,0
2020-05-22 01:00,2,2,0,0,0,0
2020-05-22 01:15,4,2,2,0,0,0
2020-05-22 01:30,0,0,0,0,0,0
2020-05-22 01:45,2,1,1,0,0,0
2020-05-22 02:00,2,0,2,0,0,0
2020-05-22 02:15,1,0,1,0,0,0
2020-05-22 02:30,0,0,0,0,0,0
2020-05-22 02:45,2,1,1,0,0,0
2020-05-22 03:00,0,0,0,0,0,0
2020-05-22 03:15,2,1,1,0,0,0
2020-05-22 03:30,2,1,1,0,0,0
2020-05-22 03:45,0,0,0,0,0,0
2020-05-22 04:00,0,0,0,0,0,0
2020-05-22 04:15,2,2,0,0,0,0
2020-05-22 04:30,0,0,0,0,0,0
2020-05-22 04:45,3,0,3,0,0,0
2020-05-22 05:00,0,0,0,0,0,0
2020-05-22 05:15,2,2,0,0,0,0
2020-05-22 05:30,7,5,2,0,0,0
2020-05-22 05:45,15,0,15,0,0,0
2020-05-22 06:00,3,0,3,0,0,0
2020-05-22 06:15,15,9,6,0,0,0
2020-05-22 06:30,24,7,17,0,0,0
2020-05-22 06:45,28,13,15,0,0,0
2020-05-22 07:00,38,16,22,0,0,0
2020-05-22 07:15,29,14,15,0,0,0
2020-05-22 07:30,56,19,37,0,0,0
2020-05-22 07:45,59,20,39,0,0,0
2020-05-22 08:00,53,21,32,0,0,0
2020-05-22 08:15,58,39,19,0,0,0
2020-05-22 08:30,53,32,21,0,0,0
2020-05-22 08:45,50,22,28,0,0,0
2020-05-22 09:00,34,20,14,0,0,0
2020-05-22 09:15,53,34,19,0,0,0
2020-05-22 09:30,45,25,20,0,0,0
2020-05-22 09:45,58,34,24,0,0,0
2020-05-22 10:00,48,27,21,0,0,0
2020-05-22 10:15,57,30,27,0,0,0
2020-05-22 10:30,56,22,34,0,0,0
2020-05-22 10:45,67,43,24,0,0,0
2020-05-22 11:00,84,48,36,0,0,0
2020-05-22 11:15,55,27,28,0,0,0
2020-05-22 11:30,58,25,33,0,0,0
2020-05-22 11:45,93,57,36,0,0,0
2020-05-22 12:00,101,44,57,0,0,0
2020-05-22 12:15,79,35,44,0,0,0
2020-05-22 12:30,84,39,45,0,0,0
2020-05-22 12:45,84,41,43,0,0,0
2020-05-22 13:00,73,31,42,0,0,0
2020-05-22 13:15,86,41,45,0,0,0
2020-05-22 13:30,85,42,43,0,0,0
2020-05-22 13:45,100,59,41,0,0,0
2020-05-22 14:00,84,49,35,0,0,0
2020-05-22 14:15,74,36,38,0,0,0
2020-05-22 14:30,80,37,43,0,0,0
2020-05-22 14:45,78,33,45,0,0,0
2020-05-22 15:00,83,44,39,0,0,0
2020-05-22 15:15,76,40,36,0,0,0
2020-05-22 15:30,81,35,46,0,0,0
2020-05-22 15:45,80,45,35,0,0,0
2020-05-22 16:00,88,52,36,0,0,0
2020-05-22 16:15,51,17,34,0,0,0
2020-05-22 16:30,63,25,38,0,0,0
2020-05-22 16:45,67,25,42,0,0,0
2020-05-22 17:00,61,25,36,0,0,0
2020-05-22 17:15,62,28,34,0,0,0
2020-05-22 17:30,45,22,23,0,0,0
2020-05-22 17:45,42,22,20,0,0,0
2020-05-22 18:00,51,18,33,0,0,0
2020-05-22 18:15,40,15,25,0,0,0
2020-05-22 18:30,41,23,18,0,0,0
2020-05-22 18:45,47,20,27,0,0,0
2020-05-22 19:00,45,9,36,0,0,0
2020-05-22 19:15,36,14,22,0,0,0
2020-05-22 19:30,36,14,22,0,0,0
2020-05-22 19:45,35,24,11,0,0,0
2020-05-22 20:00,25,9,16,0,0,0
2020-05-22 20:15,16,6,10,0,0,0
2020-05-22 20:30,15,12,3,0,0,0
2020-05-22 20:45,21,8,13,0,0,0
2020-05-22 21:00,31,15,16,0,0,0
2020-05-22 21:15,15,6,9,0,0,0
2020-05-22 21:30,16,10,6,0,0,0
2020-05-22 21:45,19,4,15,0,0,0
2020-05-22 22:00,9,1,8,0,0,0
2020-05-22 22:15,9,3,6,0,0,0
2020-05-22 22:30,6,0,6,0,0,0
2020-05-22 22:45,18,6,12,0,0,0
2020-05-22 23:00,13,4,9,0,0,0
2020-05-22 23:15,7,1,6,0,0,0
2020-05-22 23:30,2,1,1,0,0,0
2020-05-22 23:45,17,5,12,0,0,0
2020-05-23 00:00,3,1,2,0,0,0
2020-05-23 00:15,14,5,9,0,0,0
2020-05-23 00:30,5,2,3,0,0,0
2020-05-23 00:45,9,7,2,0,0,0
2020-05-23 01:00,7,1,6,0,0,0
2020-05-23 01:15,4,3,1,0,0,0
2020-05-23 01:30,4,0,4,0,0,0
2020-05-23 01:45,8,3,5,0,0,0
2020-05-23 02:00,2,1,1,0,0,0
2020-05-23 02:15,5,3,2,0,0,0
2020-05-23 02:30,2,0,2,0,0,0
2020-05-23 02:45,0,0,0,0,0,0
2020-05-23 03:00,1,0,1,0,0,0
2020-05-23 03:15,2,0,2,0,0,0
2020-05-23 03:30,1,0,1,0,0,0
2020-05-23 03:45,0,0,0,0,0,0
2020-05-23 04:00,0,0,0,0,0,0
2020-05-23 04:15,2,2,0,0,0,0
2020-05-23 04:30,1,1,0,0,0,0
2020-05-23 04:45,3,3,0,0,0,0
2020-05-23 05:00,0,0,0,0,0,0
2020-05-23 05:15,2,1,1,0,0,0
2020-05-23 05:30,5,1,4,0,0,0
2020-05-23 05:45,4,0,4,0,0,0
2020-05-23 06:00,3,0,3,0,0,0
2020-05-23 06:15,4,2,2,0,0,0
2020-05-23 06:30,7,6,1,0,0,0
2020-05-23 06:45,9,9,0,0,0,0
2020-05-23 07:00,16,11,5,0,0,0
2020-05-23 07:15,8,6,2,0,0,0
2020-05-23 07:30,13,8,5,0,0,0
2020-05-23 07:45,19,12,7,0,0,0
2020-05-23 08:00,18,13,5,0,0,0
2020-05-23 08:15,26,16,10,0,0,0
2020-05-23 08:30,22,8,14,0,0,0
2020-05-23 08:45,34,26,8,0,0,0
2020-05-23 09:00,44,26,18,0,0,0
2020-05-23 09:15,39,24,15,0,0,0
2020-05-23 09:30,36,23,13,0,0,0
2020-05-23 09:45,64,30,34,0,0,0
2020-05-23 10:00,52,39,13,0,0,0
2020-05-23 10:15,61,37,24,0,0,0
2020-05-23 10:30,84,57,27,0,0,0
2020-05-23 10:45,64,37,27,0,0,0
2020-05-23 11:00,74,39,35,0,0,0
2020-05-23 11:15,81,49,32,0,0,0
2020-05-23 11:30,61,39,22,0,0,0
2020-05-23 11:45,82,51,31,0,0,0
2020-05-23 12:00,68,42,26,0,0,0
2020-05-23 12:15,80,39,41,0,0,0
2020-05-23 12:30,107,41,66,0,0,0
2020-05-23 12:45,111,56,55,0,0,0
2020-05-23 13:00,76,37,39,0,0,0
2020-05-23 13:15,92,53,39,0,0,0
2020-05-23 13:30,97,40,57,0,0,0
2020-05-23 13:45,93,44,49,0,0,0
2020-05-23 14:00,89,35,54,0,0,0
2020-05-23 14:15,76,28,48,0,0,0
2020-05-23 14:30,59,26,33,0,0,0
2020-05-23 14:45,70,35,35,0,0,0
2020-05-23 15:00,84,31,53,0,0,0
2020-05-23 15:15,57,28,29,0,0,0
2020-05-23 15:30,73,35,38,0,0,0
2020-05-23 15:45,67,37,30,0,0,0
2020-05-23 16:00,69,27,42,0,0,0
2020-05-23 16:15,56,22,34,0,0,0
2020-05-23 16:30,54,19,35,0,0,0
2020-05-23 16:45,89,49,40,0,0,0
2020-05-23 17:00,64,27,37,0,0,0
2020-05-23 17:15,54,16,38,0,0,0
2020-05-23 17:30,81,22,59,0,0,0
2020-05-23 17:45,61,25,36,0,0,0
2020-05-23 18:00,70,24,46,0,0,0
2020-05-23 18:15,64,19,45,0,0,0
2020-05-23 18:30,66,17,49,0,0,0
2020-05-23 18:45,48,17,31,0,0,0
2020-05-23 19:00,48,17,31,0,0,0
2020-05-23 19:15,37,21,16,0,0,0
2020-05-23 19:30,23,10,13,0,0,0
2020-05-23 19:45,28,8,20,0,0,0
2020-05-23 20:00,31,10,21,0,0,0
2020-05-23 20:15,26,8,18,0,0,0
2020-05-23 20:30,24,12,12,0,0,0
2020-05-23 20:45,18,9,9,0,0,0
2020-05-23 21:00,31,16,15,0,0,0
2020-05-23 21:15,11,7,4,0,0,0
2020-05-23 21:30,14,5,9,0,0,0
2020-05-23 21:45,10,2,8,0,0,0
2020-05-23 22:00,13,4,9,0,0,0
2020-05-23 22:15,13,0,13,0,0,0
2020-05-23 22:30,10,2,8,0,0,0
2020-05-23 22:45,18,7,11,0,0,0
2020-05-23 23:00,7,1,6,0,0,0
2020-05-23 23:15,5,3,2,0,0,0
2020-05-23 23:30,9,4,5,0,0,0
2020-05-23 23:45,6,1,5,0,0,0
2020-05-24 00:00,16,7,9,0,0,0
2020-05-24 00:15,11,1,10,0,0,0
2020-05-24 00:30,11,2,9,0,0,0
2020-05-24 00:45,9,1,8,0,0,0
2020-05-24 01:00,5,2,3,0,0,0
2020-05-24 01:15,5,3,2,0,0,0
2020-05-24 01:30,4,0,4,0,0,0
2020-05-24 01:45,8,1,7,0,0,0
2020-05-24 02:00,1,1,0,0,0,0
2020-05-24 02:15,9,4,5,0,0,0
2020-05-24 02:30,5,0,5,0,0,0
2020-05-24 02:45,4,1,3,0,0,0
2020-05-24 03:00,5,1,4,0,0,0
2020-05-24 03:15,2,0,2,0,0,0
2020-05-24 03:30,0,0,0,0,0,0
2020-05-24 03:45,1,0,1,0,0,0
2020-05-24 04:00,4,0,4,0,0,0
2020-05-24 04:15,1,0,1,0,0,0
2020-05-24 04:30,1,1,0,0,0,0
2020-05-24 04:45,1,0,1,0,0,0
2020-05-24 05:00,0,0,0,0,0,0
2020-05-24 05:15,2,1,1,0,0,0
2020-05-24 05:30,3,1,2,0,0,0
2020-05-24 05:45,5,1,4,0,0,0
2020-05-24 06:00,2,1,1,0,0,0
2020-05-24 06:15,2,2,0,0,0,0
2020-05-24 06:30,5,1,4,0,0,0
2020-05-24 06:45,1,0,1,0,0,0
2020-05-24 07:00,1,0,1,0,0,0
2020-05-24 07:15,2,0,2,0,0,0
2020-05-24 07:30,3,1,2,0,0,0
2020-05-24 07:45,12,8,4,0,0,0
2020-05-24 08:00,3,3,0,0,0,0
2020-05-24 08:15,8,3,5,0,0,0
2020-05-24 08:30,7,3,4,0,0,0
2020-05-24 08:45,8,3,5,0,0,0
2020-05-24 09:00,11,4,7,0,0,0
2020-05-24 09:15,4,2,2,0,0,0
2020-05-24 09:30,26,6,20,0,0,0
2020-05-24 09:45,20,14,6,0,0,0
2020-05-24 10:00,25,8,17,0,0,0
2020-05-24 10:15,19,2,17,0,0,0
2020-05-24 10:30,26,12,14,0,0,0
2020-05-24 10:45,25,5,20,0,0,0
2020-05-24 11:00,44,18,26,0,0,0
2020-05-24 11:15,28,15,13,0,0,0
2020-05-24 11:30,34,19,15,0,0,0
2020-05-24 11:45,17,11,6,0,0,0
2020-05-24 12:00,26,11,15,0,0,0
2020-05-24 12:15,32,13,19,0,0,0
2020-05-24 12:30,18,4,14,0,0,0
2020-05-24 12:45,19,9,10,0,0,0
2020-05-24 13:00,23,8,15,0,0,0
2020-05-24 13:15,17,10,7,0,0,0
2020-05-24 13:30,18,8,10,0,0,0
2020-05-24 13:45,20,12,8,0,0,0
2020-05-24 14:00,16,3,13,0,0,0
2020-05-24 14:15,25,13,12,0,0,0
2020-05-24 14:30,20,12,8,0,0,0
2020-05-24 14:45,14,4,10,0,0,0
2020-05-24 15:00,19,11,8,0,0,0
2020-05-24 15:15,18,11,7,0,0,0
2020-05-24 15:30,21,10,11,0,0,0
2020-05-24 15:45,31,18,13,0,0,0
2020-05-24 16:00,24,8,16,0,0,0
2020-05-24 16:15,15,4,11,0,0,0
2020-05-24 16:30,17,7,10,0,0,0
2020-05-24 16:45,15,7,8,0,0,0
2020-05-24 17:00,7,2,5,0,0,0
2020-05-24 17:15,19,8,11,0,0,0
2020-05-24 17:30,17,8,9,0,0,0
2020-05-24 17:45,14,5,9,0,0,0
2020-05-24 18:00,15,10,5,0,0,0
2020-05-24 18:15,27,8,19,0,0,0
2020-05-24 18:30,20,12,8,0,0,0
2020-05-24 18:45,10,7,3,0,0,0
2020-05-24 19:00,7,2,5,0,0,0
2020-05-24 19:15,12,2,10,0,0,0
2020-05-24 19:30,14,2,12,0,0,0
2020-05-24 19:45,15,4,11,0,0,0
2020-05-24 20:00,15,3,12,0,0,0
2020-05-24 20:15,9,6,3,0,0,0
2020-05-24 20:30,22,6,16,0,0,0
2020-05-24 20:45,9,3,6,0,0,0
2020-05-24 21:00,10,6,4,0,0,0
2020-05-24 21:15,5,3,2,0,0,0
2020-05-24 21:30,6,2,4,0,0,0
2020-05-24 21:45,13,2,11,0,0,0
2020-05-24 22:00,7,3,4,0,0,0
2020-05-24 22:15,6,2,4,0,0,0
2020-05-24 22:30,5,2,3,0,0,0
2020-05-24 22:45,4,2,2,0,0,0
2020-05-24 23:00,10,7,3,0,0,0
2020-05-24 23:15,2,1,1,0,0,0
2020-05-24 23:30,1,0,1,0,0,0
2020-05-24 23:45,3,0,3,0,0,0
2020-05-25 00:00,2,0,2,0,0,0
2020-05-25 00:15,4,2,2,0,0,0
2020-05-25 00:30,0,0,0,0,0,0
2020-05-25 00:45,0,0,0,0,0,0
2020-05-25 01:00,4,1,3,0,0,0
2020-05-25 01:15,0,0,0,0,0,0
2020-05-25 01:30,3,0,3,0,0,0
2020-05-25 01:45,2,1,1,0,0,0
2020-05-25 02:00,2,0,2,0,0,0
2020-05-25 02:15,0,0,0,0,0,0
2020-05-25 02:30,0,0,0,0,0,0
2020-05-25 02:45,0,0,0,0,0,0
2020-05-25 03:00,0,0,0,0,0,0
2020-05-25 03:15,0,0,0,0,0,0
2020-05-25 03:30,0,0,0,0,0,0
2020-05-25 03:45,0,0,0,0,0,0
2020-05-25 04:00,0,0,0,0,0,0
2020-05-25 04:15,1,1,0,0,0,0
2020-05-25 04:30,0,0,0,0,0,0
2020-05-25 04:45,4,1,3,0,0,0
2020-05-25 05:00,0,0,0,0,0,0
2020-05-25 05:15,2,1,1,0,0,0
2020-05-25 05:30,14,4,10,0,0,0
2020-05-25 05:45,19,4,15,0,0,0
2020-05-25 06:00,10,7,3,0,0,0
2020-05-25 06:15,17,8,9,0,0,0
2020-05-25 06:30,36,15,21,0,0,0
2020-05-25 06:45,51,19,32,0,0,0
2020-05-25 07:00,57,17,40,0,0,0
2020-05-25 07:15,70,30,40,0,0,0
2020-05-25 07:30,122,69,53,0,0,0
2020-05-25 07:45,126,54,72,0,0,0
2020-05-25 08:00,81,31,50,0,0,0
2020-05-25 08:15,67,26,41,0,0,0
2020-05-25 08:30,63,33,30,0,0,0
2020-05-25 08:45,65,31,34,0,0,0
2020-05-25 09:00,53,31,22,0,0,0
2020-05-25 09:15,50,19,31,0,0,0
2020-05-25 09:30,55,36,19,0,0,0
2020-05-25 09:45,46,27,19,0,0,0
2020-05-25 10:00,70,40,30,0,0,0
2020-05-25 10:15,72,44,28,0,0,0
2020-05-25 10:30,52,22,30,0,0,0
2020-05-25 10:45,45,25,20,0,0,0
2020-05-25 11:00,53,29,24,0,0,0
2020-05-25 11:15,61,30,31,0,0,0
2020-05-25 11:30,46,24,22,0,0,0
2020-05-25 11:45,64,32,32,0,0,0
2020-05-25 12:00,67,38,29,0,0,0
2020-05-25 12:15,71,28,43,0,0,0
2020-05-25 12:30,83,44,39,0,0,0
2020-05-25 12:45,72,36,36,0,0,0
2020-05-25 13:00,71,21,50,0,0,0
2020-05-25 13:15,81,23,58,0,0,0
2020-05-25 13:30,63,23,40,0,0,0
2020-05-25 13:45,61,33,28,0,0,0
2020-05-25 14:00,57,23,34,0,0,0
2020-05-25 14:15,81,46,35,0,0,0
2020-05-25 14:30,68,37,31,0,0,0
2020-05-25 14:45,79,44,35,0,0,0
2020-05-25 15:00,68,31,37,0,0,0
2020-05-25 15:15,93,47,46,0,0,0
2020-05-25 15:30,77,44,33,0,0,0
2020-05-25 15:45,83,45,38,0,0,0
2020-05-25 16:00,98,48,50,0,0,0
2020-05-25 16:15,102,48,54,0,0,0
2020-05-25 16:30,99,47,52,0,0,0
2020-05-25 16:45,81,32,49,0,0,0
2020-05-25 17:00,100,47,53,0,0,0
2020-05-25 17:15,98,59,39,0,0,0
2020-05-25 17:30,90,41,49,0,0,0
2020-05-25 17:45,96,46,50,0,0,0
2020-05-25 18:00,69,25,44,0,0,0
2020-05-25 18:15,86,31,55,0,0,0
2020-05-25 18:30,88,37,51,0,0,0
2020-05-25 18:45,55,18,37,0,0,0
2020-05-25 19:00,54,26,28,0,0,0
2020-05-25 19:15,59,17,42,0,0,0
2020-05-25 19:30,48,22,26,0,0,0
2020-05-25 19:45,39,11,28,0,0,0
2020-05-25 20:00,37,13,24,0,0,0
2020-05-25 20:15,40,19,21,0,0,0
2020-05-25 20:30,34,19,15,0,0,0
2020-05-25 20:45,19,0,19,0,0,0
2020-05-25 21:00,26,14,12,0,0,0
2020-05-25 21:15,16,7,9,0,0,0
2020-05-25 21:30,19,9,10,0,0,0
2020-05-25 21:45,16,6,10,0,0,0
2020-05-25 22:00,11,6,5,0,0,0
2020-05-25 22:15,7,1,6,0,0,0
2020-05-25 22:30,7,5,2,0,0,0
2020-05-25 22:45,17,7,10,0,0,0
2020-05-25 23:00,4,1,3,0,0,0
2020-05-25 23:15,9,6,3,0,0,0
2020-05-25 23:30,8,3,5,0,0,0
2020-05-25 23:45,4,1,3,0,0,0
2020-05-26 00:00,6,0,6,0,0,0
2020-05-26 00:15,7,4,3,0,0,0
2020-05-26 00:30,1,0,1,0,0,0
2020-05-26 00:45,1,1,0,0,0,0
2020-05-26 01:00,2,1,1,0,0,0
2020-05-26 01:15,1,0,1,0,0,0
2020-05-26 01:30,1,1,0,0,0,0
2020-05-26 01:45,0,0,0,0,0,0
2020-05-26 02:00,2,0,2,0,0,0
2020-05-26 02:15,0,0,0,0,0,0
2020-05-26 02:30,1,0,1,0,0,0
2020-05-26 02:45,0,0,0,0,0,0
2020-05-26 03:00,0,0,0,0,0,0
2020-05-26 03:15,1,1,0,0,0,0
2020-05-26 03:30,0,0,0,0,0,0
2020-05-26 03:45,0,0,0,0,0,0
2020-05-26 04:00,0,0,0,0,0,0
2020-05-26 04:15,0,0,0,0,0,0
2020-05-26 04:30,1,0,1,0,0,0
2020-05-26 04:45,2,0,2,0,0,0
2020-05-26 05:00,0,0,0,0,0,0
2020-05-26 05:15,3,1,2,0,0,0
2020-05-26 05:30,8,2,6,0,0,0
2020-05-26 05:45,20,4,16,0,0,0
2020-05-26 06:00,6,4,2,0,0,0
2020-05-26 06:15,16,9,7,0,0,0
2020-05-26 06:30,33,14,19,0,0,0
2020-05-26 06:45,62,24,38,0,0,0
2020-05-26 07:00,59,13,46,0,0,0
2020-05-26 07:15,81,49,32,0,0,0
2020-05-26 07:30,141,92,49,0,0,0
2020-05-26 07:45,141,57,84,0,0,0
2020-05-26 08:00,88,34,54,0,0,0
2020-05-26 08:15,68,37,31,0,0,0
2020-05-26 08:30,79,34,45,0,0,0
2020-05-26 08:45,70,41,29,0,0,0
2020-05-26 09:00,54,18,36,0,0,0
2020-05-26 09:15,66,42,24,0,0,0
2020-05-26 09:30,75,28,47,0,0,0
2020-05-26 09:45,67,30,37,0,0,0
2020-05-26 10:00,58,33,25,0,0,0
2020-05-26 10:15,94,38,56,0,0,0
2020-05-26 10:30,59,26,33,0,0,0
2020-05-26 10:45,60,31,29,0,0,0
2020-05-26 11:00,58,31,27,0,0,0
2020-05-26 11:15,56,34,22,0,0,0
2020-05-26 11:30,80,30,50,0,0,0
2020-05-26 11:45,61,33,28,0,0,0
2020-05-26 12:00,63,30,33,0,0,0
2020-05-26 12:15,68,30,38,0,0,0
2020-05-26 12:30,77,36,41,0,0,0
2020-05-26 12:45,88,42,46,0,0,0
2020-05-26 13:00,112,41,71,0,0,0
2020-05-26 13:15,110,33,77,0,0,0
2020-05-26 13:30,87,43,44,0,0,0
2020-05-26 13:45,93,54,39,0,0,0
2020-05-26 14:00,83,46,37,0,0,0
2020-05-26 14:15,84,34,50,0,0,0
2020-05-26 14:30,70,38,32,0,0,0
2020-05-26 14:45,119,53,66,0,0,0
2020-05-26 15:00,95,58,37,0,0,0
2020-05-26 15:15,116,58,58,0,0,0
2020-05-26 15:30,105,53,52,0,0,0
2020-05-26 15:45,113,73,40,0,0,0
2020-05-26 16:00,127,65,62,0,0,0
2020-05-26 16:15,102,49,53,0,0,0
2020-05-26 16:30,116,67,49,0,0,0
2020-05-26 16:45,127,62,65,0,0,0
2020-05-26 17:00,116,63,53,0,0,0
2020-05-26 17:15,121,48,73,0,0,0
2020-05-26 17:30,91,39,52,0,0,0
2020-05-26 17:45,136,66,70,0,0,0
2020-05-26 18:00,92,37,55,0,0,0
2020-05-26 18:15,111,38,73,0,0,0
2020-05-26 18:30,96,42,54,0,0,0
2020-05-26 18:45,72,20,52,0,0,0
2020-05-26 19:00,69,31,38,0,0,0
2020-05-26 19:15,74,23,51,0,0,0
2020-05-26 19:30,44,17,27,0,0,0
2020-05-26 19:45,48,17,31,0,0,0
2020-05-26 20:00,51,16,35,0,0,0
2020-05-26 20:15,37,16,21,0,0,0
2020-05-26 20:30,29,8,21,0,0,0
2020-05-26 20:45,33,17,16,0,0,0
2020-05-26 21:00,27,10,17,0,0,0
2020-05-26 21:15,26,6,20,0,0,0
2020-05-26 21:30,23,7,16,0,0,0
2020-05-26 21:45,28,1,27,0,0,0
2020-05-26 22:00,16,7,9,0,0,0
2020-05-26 22:15,13,5,8,0,0,0
2020-05-26 22:30,24,10,14,0,0,0
2020-05-26 22:45,12,3,9,0,0,0
2020-05-26 23:00,10,3,7,0,0,0
2020-05-26 23:15,9,3,6,0,0,0
2020-05-26 23:30,6,0,6,0,0,0
2020-05-26 23:45,5,0,5,0,0,0
2020-05-27 00:00,9,2,7,0,0,0
2020-05-27 00:15,2,0,2,0,0,0
2020-05-27 00:30,6,1,5,0,0,0
2020-05-27 00:45,8,5,3,0,0,0
2020-05-27 01:00,2,2,0,0,0,0
2020-05-27 01:15,5,1,4,0,0,0
2020-05-27 01:30,5,0,5,0,0,0
2020-05-27 01:45,1,1,0,0,0,0
2020-05-27 02:00,3,1,2,0,0,0
2020-05-27 02:15,2,2,0,0,0,0
2020-05-27 02:30,1,0,1,0,0,0
2020-05-27 02:45,0,0,0,0,0,0
2020-05-27 03:00,0,0,0,0,0,0
2020-05-27 03:15,0,0,0,0,0,0
2020-05-27 03:30,1,0,1,0,0,0
2020-05-27 03:45,0,0,0,0,0,0
2020-05-27 04:00,0,0,0,0,0,0
2020-05-27 04:15,2,2,0,0,0,0
2020-05-27 04:30,0,0,0,0,0,0
2020-05-27 04:45,6,2,4,0,0,0
2020-05-27 05:00,0,0,0,0,0,0
2020-05-27 05:15,2,1,1,0,0,0
2020-05-27 05:30,9,1,8,0,0,0
2020-05-27 05:45,20,3,17,0,0,0
2020-05-27 06:00,6,1,5,0,0,0
2020-05-27 06:15,17,11,6,0,0,0
2020-05-27 06:30,36,17,19,0,0,0
2020-05-27 06:45,50,23,27,0,0,0
2020-05-27 07:00,67,26,41,0,0,0
2020-05-27 07:15,96,55,41,0,0,0
2020-05-27 07:30,130,81,49,0,0,0
2020-05-27 07:45,166,74,92,0,0,0
2020-05-27 08:00,94,41,53,0,0,0
2020-05-27 08:15,88,42,46,0,0,0
2020-05-27 08:30,79,42,37,0,0,0
2020-05-27 08:45,96,41,55,0,0,0
2020-05-27 09:00,66,30,36,0,0,0
2020-05-27 09:15,69,36,33,0,0,0
2020-05-27 09:30,90,50,40,0,0,0
2020-05-27 09:45,86,54,32,0,0,0
2020-05-27 10:00,74,41,33,0,0,0
2020-05-27 10:15,97,62,35,0,0,0
2020-05-27 10:30,85,50,35,0,0,0
2020-05-27 10:45,87,47,40,0,0,0
2020-05-27 11:00,78,39,39,0,0,0
2020-05-27 11:15,83,52,31,0,0,0
2020-05-27 11:30,109,52,57,0,0,0
2020-05-27 11:45,116,49,67,0,0,0
2020-05-27 12:00,114,50,64,0,0,0
2020-05-27 12:15,104,35,69,0,0,0
2020-05-27 12:30,110,51,59,0,0,0
2020-05-27 12:45,92,39,53,0,0,0
2020-05-27 13:00,157,56,101,0,0,0
2020-05-27 13:15,137,47,90,0,0,0
2020-05-27 13:30,113,48,65,0,0,0
2020-05-27 13:45,114,47,67,0,0,0
2020-05-27 14:00,97,34,63,0,0,0
2020-05-27 14:15,101,42,59,0,0,0
2020-05-27 14:30,102,48,54,0,0,0
2020-05-27 14:45,106,46,60,0,0,0
2020-05-27 15:00,83,27,56,0,0,0
2020-05-27 15:15,102,44,58,0,0,0
2020-05-27 15:30,93,47,46,0,0,0
2020-05-27 15:45,123,58,65,0,0,0
2020-05-27 16:00,104,43,61,0,0,0
2020-05-27 16:15,110,55,55,0,0,0
2020-05-27 16:30,132,77,55,0,0,0
2020-05-27 16:45,111,44,67,0,0,0
2020-05-27 17:00,98,49,49,0,0,0
2020-05-27 17:15,81,42,39,0,0,0
2020-05-27 17:30,88,38,50,0,0,0
2020-05-27 17:45,110,54,56,0,0,0
2020-05-27 18:00,120,42,78,0,0,0
2020-05-27 18:15,117,38,79,0,0,0
2020-05-27 18:30,92,38,54,0,0,0
2020-05-27 18:45,91,33,58,0,0,0
2020-05-27 19:00,70,24,46,0,0,0
2020-05-27 19:15,55,22,33,0,0,0
2020-05-27 19:30,68,25,43,0,0,0
2020-05-27 19:45,63,28,35,0,0,0
2020-05-27 20:00,51,19,32,0,0,0
2020-05-27 20:15,46,28,18,0,0,0
2020-05-27 20:30,43,19,24,0,0,0
2020-05-27 20:45,47,18,29,0,0,0
2020-05-27 21:00,43,24,19,0,0,0
2020-05-27 21:15,37,17,20,0,0,0
2020-05-27 21:30,24,10,14,0,0,0
2020-05-27 21:45,24,13,11,0,0,0
2020-05-27 22:00,18,4,14,0,0,0
2020-05-27 22:15,26,12,14,0,0,0
2020-05-27 22:30,18,5,13,0,0,0
2020-05-27 22:45,20,5,15,0,0,0
2020-05-27 23:00,25,11,14,0,0,0
2020-05-27 23:15,8,1,7,0,0,0
2020-05-27 23:30,2,1,1,0,0,0
2020-05-27 23:45,13,9,4,0,0,0
2020-05-28 00:00,11,5,6,0,0,0
2020-05-28 00:15,9,4,5,0,0,0
2020-05-28 00:30,1,1,0,0,0,0
2020-05-28 00:45,5,3,2,0,0,0
2020-05-28 01:00,0,0,0,0,0,0
2020-05-28 01:15,5,2,3,0,0,0
2020-05-28 01:30,4,1,3,0,0,0
2020-05-28 01:45,4,1,3,0,0,0
2020-05-28 02:00,5,0,5,0,0,0
2020-05-28 02:15,6,1,5,0,0,0
2020-05-28 02:30,2,0,2,0,0,0
2020-05-28 02:45,2,1,1,0,0,0
2020-05-28 03:00,0,0,0,0,0,0
2020-05-28 03:15,2,2,0,0,0,0
2020-05-28 03:30,0,0,0,0,0,0
2020-05-28 03:45,2,2,0,0,0,0
2020-05-28 04:00,0,0,0,0,0,0
2020-05-28 04:15,2,2,0,0,0,0
2020-05-28 04:30,2,1,1,0,0,0
2020-05-28 04:45,2,0,2,0,0,0
2020-05-28 05:00,4,3,1,0,0,0
2020-05-28 05:15,2,1,1,0,0,0
2020-05-28 05:30,15,4,11,0,0,0
2020-05-28 05:45,18,3,15,0,0,0
2020-05-28 06:00,10,7,3,0,0,0
2020-05-28 06:15,18,8,10,0,0,0
2020-05-28 06:30,26,10,16,0,0,0
2020-05-28 06:45,46,22,24,0,0,0
2020-05-28 07:00,59,21,38,0,0,0
2020-05-28 07:15,61,26,35,0,0,0
2020-05-28 07:30,136,85,51,0,0,0
2020-05-28 07:45,117,39,78,0,0,0
2020-05-28 08:00,95,53,42,0,0,0
2020-05-28 08:15,76,34,42,0,0,0
2020-05-28 08:30,77,46,31,0,0,0
2020-05-28 08:45,95,40,55,0,0,0
2020-05-28 09:00,50,25,25,0,0,0
2020-05-28 09:15,82,43,39,0,0,0
2020-05-28 09:30,65,36,29,0,0,0
2020-05-28 09:45,72,44,28,0,0,0
2020-05-28 10:00,56,33,23,0,0,0
2020-05-28 10:15,68,47,21,0,0,0
2020-05-28 10:30,67,33,34,0,0,0
2020-05-28 10:45,61,35,26,0,0,0
2020-05-28 11:00,57,37,20,0,0,0
2020-05-28 11:15,68,32,36,0,0,0
2020-05-28 11:30,108,55,53,0,0,0
2020-05-28 11:45,71,36,35,0,0,0
2020-05-28 12:00,77,41,36,0,0,0
2020-05-28 12:15,98,33,65,0,0,0
2020-05-28 12:30,85,34,51,0,0,0
2020-05-28 12:45,89,42,47,0,0,0
2020-05-28 13:00,130,26,104,0,0,0
2020-05-28 13:15,104,38,66,0,0,0
2020-05-28 13:30,80,35,45,0,0,0
2020-05-28 13:45,123,59,64,0,0,0
2020-05-28 14:00,85,33,52,0,0,0
2020-05-28 14:15,107,58,49,0,0,0
2020-05-28 14:30,93,45,48,0,0,0
2020-05-28 14:45,95,49,46,0,0,0
2020-05-28 15:00,100,51,49,0,0,0
2020-05-28 15:15,110,56,54,0,0,0
2020-05-28 15:30,102,43,59,0,0,0
2020-05-28 15:45,119,59,60,0,0,0
2020-05-28 16:00,113,57,56,0,0,0
2020-05-28 16:15,124,69,55,0,0,0
2020-05-28 16:30,112,50,62,0,0,0
2020-05-28 16:45,131,59,72,0,0,0
2020-05-28 17:00,137,70,67,0,0,0
2020-05-28 17:15,113,49,64,0,0,0
2020-05-28 17:30,123,62,61,0,0,0
2020-05-28 17:45,102,41,61,0,0,0
2020-05-28 18:00,113,53,60,0,0,0
2020-05-28 18:15,117,50,67,0,0,0
2020-05-28 18:30,83,35,48,0,0,0
2020-05-28 18:45,96,39,57,0,0,0
2020-05-28 19:00,67,28,39,0,0,0
2020-05-28 19:15,81,24,57,0,0,0
2020-05-28 19:30,58,30,28,0,0,0
2020-05-28 19:45,56,25,31,0,0,0
2020-05-28 20:00,38,13,25,0,0,0
2020-05-28 20:15,49,20,29,0,0,0
2020-05-28 20:30,30,9,21,0,0,0
2020-05-28 20:45,24,5,19,0,0,0
2020-05-28 21:00,37,12,25,0,0,0
2020-05-28 21:15,36,13,23,0,0,0
2020-05-28 21:30,24,9,15,0,0,0
2020-05-28 21:45,24,3,21,0,0,0
2020-05-28 22:00,20,6,14,0,0,0
2020-05-28 22:15,23,4,19,0,0,0
2020-05-28 22:30,25,3,22,0,0,0
2020-05-28 22:45,16,3,13,0,0,0
2020-05-28 23:00,19,7,12,0,0,0
2020-05-28 23:15,10,1,9,0,0,0
2020-05-28 23:30,9,3,6,0,0,0
2020-05-28 23:45,10,6,4,0,0,0
2020-05-29 00:00,7,0,7,0,0,0
2020-05-29 00:15,9,1,8,0,0,0
2020-05-29 00:30,1,0,1,0,0,0
2020-05-29 00:45,4,2,2,0,0,0
2020-05-29 01:00,3,0,3,0,0,0
2020-05-29 01:15,3,3,0,0,0,0
2020-05-29 01:30,2,2,0,0,0,0
2020-05-29 01:45,2,1,1,0,0,0
2020-05-29 02:00,0,0,0,0,0,0
2020-05-29 02:15,0,0,0,0,0,0
2020-05-29 02:30,0,0,0,0,0,0
2020-05-29 02:45,0,0,0,0,0,0
2020-05-29 03:00,1,1,0,0,0,0
2020-05-29 03:15,0,0,0,0,0,0
2020-05-29 03:30,0,0,0,0,0,0
2020-05-29 03:45,1,1,0,0,0,0
2020-05-29 04:00,0,0,0,0,0,0
2020-05-29 04:15,3,1,2,0,0,0
2020-05-29 04:30,1,0,1,0,0,0
2020-05-29 04:45,1,0,1,0,0,0
2020-05-29 05:00,1,0,1,0,0,0
2020-05-29 05:15,3,3,0,0,0,0
2020-05-29 05:30,9,6,3,0,0,0
2020-05-29 05:45,14,4,10,0,0,0
2020-05-29 06:00,7,5,2,0,0,0
2020-05-29 06:15,14,7,7,0,0,0
2020-05-29 06:30,31,15,16,0,0,0
2020-05-29 06:45,36,16,20,0,0,0
2020-05-29 07:00,60,21,39,0,0,0
2020-05-29 07:15,62,37,25,0,0,0
2020-05-29 07:30,105,59,46,0,0,0
2020-05-29 07:45,120,50,70,0,0,0
2020-05-29 08:00,71,24,47,0,0,0
2020-05-29 08:15,72,32,40,0,0,0
2020-05-29 08:30,58,29,29,0,0,0
2020-05-29 08:45,92,48,44,0,0,0
2020-05-29 09:00,67,38,29,0,0,0
2020-05-29 09:15,49,25,24,0,0,0
2020-05-29 09:30,49,26,23,0,0,0
2020-05-29 09:45,83,55,28,0,0,0
2020-05-29 10:00,55,33,22,0,0,0
2020-05-29 10:15,56,35,21,0,0,0
2020-05-29 10:30,85,46,39,0,0,0
2020-05-29 10:45,60,28,32,0,0,0
2020-05-29 11:00,64,27,37,0,0,0
2020-05-29 11:15,79,42,37,0,0,0
2020-05-29 11:30,56,17,39,0,0,0
2020-05-29 11:45,76,33,43,0,0,0
2020-05-29 12:00,81,43,38,0,0,0
2020-05-29 12:15,100,44,56,0,0,0
2020-05-29 12:30,93,37,56,0,0,0
2020-05-29 12:45,96,48,48,0,0,0
2020-05-29 13:00,110,47,63,0,0,0
2020-05-29 13:15,145,41,104,0,0,0
2020-05-29 13:30,114,49,65,0,0,0
2020-05-29 13:45,120,44,76,0,0,0
2020-05-29 14:00,87,34,53,0,0,0
2020-05-29 14:15,85,45,40,0,0,0
2020-05-29 14:30,87,46,41,0,0,0
2020-05-29 14:45,106,49,57,0,0,0
2020-05-29 15:00,108,43,65,0,0,0
2020-05-29 15:15,96,47,49,0,0,0
2020-05-29 15:30,90,44,46,0,0,0
2020-05-29 15:45,100,56,44,0,0,0
2020-05-29 16:00,112,49,63,0,0,0
2020-05-29 16:15,120,59,61,0,0,0
2020-05-29 16:30,97,47,50,0,0,0
2020-05-29 16:45,86,43,43,0,0,0
2020-05-29 17:00,94,36,58,0,0,0
2020-05-29 17:15,93,44,49,0,0,0
2020-05-29 17:30,100,45,55,0,0,0
2020-05-29 17:45,95,43,52,0,0,0
2020-05-29 18:00,71,32,39,0,0,0
2020-05-29 18:15,82,40,42,0,0,0
2020-05-29 18:30,57,21,36,0,0,0
2020-05-29 18:45,78,35,43,0,0,0
2020-05-29 19:00,65,30,35,0,0,0
2020-05-29 19:15,44,23,21,0,0,0
2020-05-29 19:30,65,28,37,0,0,0
2020-05-29 19:45,44,22,22,0,0,0
2020-05-29 20:00,60,22,38,0,0,0
2020-05-29 20:15,28,12,16,0,0,0
2020-05-29 20:30,32,13,19,0,0,0
2020-05-29 20:45,33,14,19,0,0,0
2020-05-29 21:00,27,15,12,0,0,0
2020-05-29 21:15,19,8,11,0,0,0
2020-05-29 21:30,26,11,15,0,0,0
2020-05-29 21:45,25,13,12,0,0,0
2020-05-29 22:00,25,15,10,0,0,0
2020-05-29 22:15,15,0,15,0,0,0
2020-05-29 22:30,17,2,15,0,0,0
2020-05-29 22:45,21,5,16,0,0,0
2020-05-29 23:00,15,5,10,0,0,0
2020-05-29 23:15,18,7,11,0,0,0
2020-05-29 23:30,8,1,7,0,0,0
2020-05-29 23:45,8,0,8,0,0,0
2020-05-30 00:00,21,6,15,0,0,0
2020-05-30 00:15,11,5,6,0,0,0
2020-05-30 00:30,16,8,8,0,0,0
2020-05-30 00:45,17,8,9,0,0,0
2020-05-30 01:00,10,5,5,0,0,0
2020-05-30 01:15,8,3,5,0,0,0
2020-05-30 01:30,7,2,5,0,0,0
2020-05-30 01:45,7,4,3,0,0,0
2020-05-30 02:00,3,0,3,0,0,0
2020-05-30 02:15,7,3,4,0,0,0
2020-05-30 02:30,2,0,2,0,0,0
2020-05-30 02:45,11,5,6,0,0,0
2020-05-30 03:00,2,0,2,0,0,0
2020-05-30 03:15,3,1,2,0,0,0
2020-05-30 03:30,2,0,2,0,0,0
2020-05-30 03:45,0,0,0,0,0,0
2020-05-30 04:00,2,0,2,0,0,0
2020-05-30 04:15,3,2,1,0,0,0
2020-05-30 04:30,1,1,0,0,0,0
2020-05-30 04:45,3,2,1,0,0,0
2020-05-30 05:00,4,2,2,0,0,0
2020-05-30 05:15,2,2,0,0,0,0
2020-05-30 05:30,15,3,12,0,0,0
2020-05-30 05:45,8,2,6,0,0,0
2020-05-30 06:00,8,5,3,0,0,0
2020-05-30 06:15,4,3,1,0,0,0
2020-05-30 06:30,7,5,2,0,0,0
2020-05-30 06:45,16,12,4,0,0,0
2020-05-30 07:00,6,6,0,0,0,0
2020-05-30 07:15,19,11,8,0,0,0
2020-05-30 07:30,36,24,12,0,0,0
2020-05-30 07:45,33,22,11,0,0,0
2020-05-30 08:00,36,21,15,0,0,0
2020-05-30 08:15,26,17,9,0,0,0
2020-05-30 08:30,26,21,5,0,0,0
2020-05-30 08:45,46,26,20,0,0,0
2020-05-30 09:00,46,24,22,0,0,0
2020-05-30 09:15,49,33,16,0,0,0
2020-05-30 09:30,55,42,13,0,0,0
2020-05-30 09:45,83,53,30,0,0,0
2020-05-30 10:00,73,49,24,0,0,0
2020-05-30 10:15,84,47,37,0,0,0
2020-05-30 10:30,68,47,21,0,0,0
2020-05-30 10:45,89,53,36,0,0,0
2020-05-30 11:00,88,57,31,0,0,0
2020-05-30 11:15,101,63,38,0,0,0
2020-05-30 11:30,102,49,53,0,0,0
2020-05-30 11:45,124,77,47,0,0,0
2020-05-30 12:00,84,51,33,0,0,0
2020-05-30 12:15,98,38,60,0,0,0
2020-05-30 12:30,115,48,67,0,0,0
2020-05-30 12:45,113,48,65,0,0,0
2020-05-30 13:00,102,42,60,0,0,0
2020-05-30 13:15,86,38,48,0,0,0
2020-05-30 13:30,83,36,47,0,0,0
2020-05-30 13:45,96,45,51,0,0,0
2020-05-30 14:00,76,42,34,0,0,0
2020-05-30 14:15,103,45,58,0,0,0
2020-05-30 14:30,78,25,53,0,0,0
2020-05-30 14:45,66,27,39,0,0,0
2020-05-30 15:00,85,34,51,0,0,0
2020-05-30 15:15,90,33,57,0,0,0
2020-05-30 15:30,91,35,56,0,0,0
2020-05-30 15:45,54,27,27,0,0,0
2020-05-30 16:00,64,27,37,0,0,0
2020-05-30 16:15,75,29,46,0,0,0
2020-05-30 16:30,99,43,56,0,0,0
2020-05-30 16:45,74,35,39,0,0,0
2020-05-30 17:00,89,37,52,0,0,0
2020-05-30 17:15,81,29,52,0,0,0
2020-05-30 17:30,63,36,27,0,0,0
2020-05-30 17:45,66,23,43,0,0,0
2020-05-30 18:00,69,20,49,0,0,0
2020-05-30 18:15,90,48,42,0,0,0
2020-05-30 18:30,75,29,46,0,0,0
2020-05-30 18:45,48,24,24,0,0,0
2020-05-30 19:00,64,22,42,0,0,0
2020-05-30 19:15,53,18,35,0,0,0
2020-05-30 19:30,39,6,33,0,0,0
2020-05-30 19:45,40,8,32,0,0,0
2020-05-30 20:00,29,14,15,0,0,0
2020-05-30 20:15,28,9,19,0,0,0
2020-05-30 20:30,27,11,16,0,0,0
2020-05-30 20:45,35,12,23,0,0,0
2020-05-30 21:00,29,13,16,0,0,0
2020-05-30 21:15,31,9,22,0,0,0
2020-05-30 21:30,12,4,8,0,0,0
2020-05-30 21:45,30,14,16,0,0,0
2020-05-30 22:00,25,6,19,0,0,0
2020-05-30 22:15,24,7,17,0,0,0
2020-05-30 22:30,15,3,12,0,0,0
2020-05-30 22:45,33,8,25,0,0,0
2020-05-30 23:00,24,4,20,0,0,0
2020-05-30 23:15,12,6,6,0,0,0
2020-05-30 23:30,15,4,11,0,0,0
2020-05-30 23:45,23,4,19,0,0,0
2020-05-31 00:00,4,1,3,0,0,0
2020-05-31 00:15,16,6,10,0,0,0
2020-05-31 00:30,25,8,17,0,0,0
2020-05-31 00:45,7,4,3,0,0,0
2020-05-31 01:00,12,2,10,0,0,0
2020-05-31 01:15,7,0,7,0,0,0
2020-05-31 01:30,7,3,4,0,0,0
2020-05-31 01:45,8,4,4,0,0,0
2020-05-31 02:00,7,3,4,0,0,0
2020-05-31 02:15,5,0,5,0,0,0
2020-05-31 02:30,0,0,0,0,0,0
2020-05-31 02:45,2,0,2,0,0,0
2020-05-31 03:00,1,1,0,0,0,0
2020-05-31 03:15,0,0,0,0,0,0
2020-05-31 03:30,1,1,0,0,0,0
2020-05-31 03:45,2,1,1,0,0,0
2020-05-31 04:00,0,0,0,0,0,0
2020-05-31 04:15,1,0,1,0,0,0
2020-05-31 04:30,2,1,1,0,0,0
2020-05-31 04:45,1,0,1,0,0,0
2020-05-31 05:00,2,0,2,0,0,0
2020-05-31 05:15,1,0,1,0,0,0
2020-05-31 05:30,8,0,8,0,0,0
2020-05-31 05:45,8,0,8,0,0,0
2020-05-31 06:00,1,0,1,0,0,0
2020-05-31 06:15,1,1,0,0,0,0
2020-05-31 06:30,3,1,2,0,0,0
2020-05-31 06:45,4,3,1,0,0,0
2020-05-31 07:00,1,1,0,0,0,0
2020-05-31 07:15,1,1,0,0,0,0
2020-05-31 07:30,12,4,8,0,0,0
2020-05-31 07:45,14,7,7,0,0,0
2020-05-31 08:00,11,5,6,0,0,0
2020-05-31 08:15,8,3,5,0,0,0
2020-05-31 08:30,8,5,3,0,0,0
2020-05-31 08:45,18,12,6,0,0,0
2020-05-31 09:00,16,5,11,0,0,0
2020-05-31 09:15,15,6,9,0,0,0
2020-05-31 09:30,15,4,11,0,0,0
2020-05-31 09:45,35,21,14,0,0,0
2020-05-31 10:00,22,5,17,0,0,0
2020-05-31 10:15,14,6,8,0,0,0
2020-05-31 10:30,20,8,12,0,0,0
2020-05-31 10:45,47,28,19,0,0,0
2020-05-31 11:00,33,13,20,0,0,0
2020-05-31 11:15,45,23,22,0,0,0
2020-05-31 11:30,51,22,29,0,0,0
2020-05-31 11:45,42,19,23,0,0,0
2020-05-31 12:00,38,22,16,0,0,0
2020-05-31 12:15,40,12,28,0,0,0
2020-05-31 12:30,42,16,26,0,0,0
2020-05-31 12:45,28,6,22,0,0,0
2020-05-31 13:00,80,25,55,0,0,0
2020-05-31 13:15,39,9,30,0,0,0
2020-05-31 13:30,39,18,21,0,0,0
2020-05-31 13:45,48,18,30,0,0,0
2020-05-31 14:00,49,25,24,0,0,0
2020-05-31 14:15,55,26,29,0,0,0
2020-05-31 14:30,42,22,20,0,0,0
2020-05-31 14:45,47,13,34,0,0,0
2020-05-31 15:00,50,23,27,0,0,0
2020-05-31 15:15,73,28,45,0,0,0
2020-05-31 15:30,53,24,29,0,0,0
2020-05-31 15:45,50,22,28,0,0,0
2020-05-31 16:00,37,17,20,0,0,0
2020-05-31 16:15,54,25,29,0,0,0
2020-05-31 16:30,48,30,18,0,0,0
2020-05-31 16:45,49,19,30,0,0,0
2020-05-31 17:00,52,14,38,0,0,0
2020-05-31 17:15,52,23,29,0,0,0
2020-05-31 17:30,45,19,26,0,0,0
2020-05-31 17:45,49,22,27,0,0,0
2020-05-31 18:00,51,13,38,0,0,0
2020-05-31 18:15,33,14,19,0,0,0
2020-05-31 18:30,51,25,26,0,0,0
2020-05-31 18:45,48,15,33,0,0,0
2020-05-31 19:00,22,11,11,0,0,0
2020-05-31 19:15,53,27,26,0,0,0
2020-05-31 19:30,25,8,17,0,0,0
2020-05-31 19:45,45,20,25,0,0,0
2020-05-31 20:00,30,15,15,0,0,0
2020-05-31 20:15,32,11,21,0,0,0
2020-05-31 20:30,43,17,26,0,0,0
2020-05-31 20:45,25,14,11,0,0,0
2020-05-31 21:00,20,7,13,0,0,0
2020-05-31 21:15,22,7,15,0,0,0
2020-05-31 21:30,13,4,9,0,0,0
2020-05-31 21:45,18,6,12,0,0,0
2020-05-31 22:00,21,5,16,0,0,0
2020-05-31 22:15,15,5,10,0,0,0
2020-05-31 22:30,12,2,10,0,0,0
2020-05-31 22:45,13,8,5,0,0,0
2020-05-31 23:00,10,6,4,0,0,0
2020-05-31 23:15,15,5,10,0,0,0
2020-05-31 23:30,7,5,2,0,0,0
2020-05-31 23:45,15,7,8,0,0,0
