Datetime,100034982 (Hüfferstraße),101034982 (Hüfferstraße stadteinwärts),102034982 (Hüfferstraße stadtauswärts),100034982-status,101034982-status,102034982-status
2020-09-01 00:00,8,3,5,0,0,0
2020-09-01 00:15,7,1,6,0,0,0
2020-09-01 00:30,6,2,4,0,0,0
2020-09-01 00:45,1,0,1,0,0,0
2020-09-01 01:00,1,1,0,0,0,0
2020-09-01 01:15,1,0,1,0,0,0
2020-09-01 01:30,3,1,2,0,0,0
2020-09-01 01:45,0,0,0,0,0,0
2020-09-01 02:00,1,1,0,0,0,0
2020-09-01 02:15,0,0,0,0,0,0
2020-09-01 02:30,2,2,0,0,0,0
2020-09-01 02:45,1,0,1,0,0,0
2020-09-01 03:00,2,0,2,0,0,0
2020-09-01 03:15,0,0,0,0,0,0
2020-09-01 03:30,2,1,1,0,0,0
2020-09-01 03:45,1,0,1,0,0,0
2020-09-01 04:00,0,0,0,0,0,0
2020-09-01 04:15,0,0,0,0,0,0
2020-09-01 04:30,2,0,2,0,0,0
2020-09-01 04:45,1,0,1,0,0,0
2020-09-01 05:00,1,1,0,0,0,0
2020-09-01 05:15,0,0,0,0,0,0
2020-09-01 05:30,6,2,4,0,0,0
2020-09-01 05:45,14,2,12,0,0,0
2020-09-01 06:00,11,8,3,0,0,0
2020-09-01 06:15,15,7,8,0,0,0
2020-09-01 06:30,49,20,29,0,0,0
2020-09-01 06:45,55,26,29,0,0,0
2020-09-01 07:00,83,33,50,0,0,0
2020-09-01 07:15,101,54,47,0,0,0
2020-09-01 07:30,271,216,55,0,0,0
2020-09-01 07:45,150,71,79,0,0,0
2020-09-01 08:00,115,45,70,0,0,0
2020-09-01 08:15,106,59,47,0,0,0
2020-09-01 08:30,96,44,52,0,0,0
2020-09-01 08:45,110,52,58,0,0,0
2020-09-01 09:00,85,46,39,0,0,0
2020-09-01 09:15,59,36,23,0,0,0
2020-09-01 09:30,70,41,29,0,0,0
2020-09-01 09:45,87,44,43,0,0,0
2020-09-01 10:00,51,23,28,0,0,0
2020-09-01 10:15,55,27,28,0,0,0
2020-09-01 10:30,56,24,32,0,0,0
2020-09-01 10:45,63,34,29,0,0,0
2020-09-01 11:00,60,31,29,0,0,0
2020-09-01 11:15,56,34,22,0,0,0
2020-09-01 11:30,77,48,29,0,0,0
2020-09-01 11:45,84,44,40,0,0,0
2020-09-01 12:00,78,35,43,0,0,0
2020-09-01 12:15,90,39,51,0,0,0
2020-09-01 12:30,109,51,58,0,0,0
2020-09-01 12:45,86,37,49,0,0,0
2020-09-01 13:00,171,46,125,0,0,0
2020-09-01 13:15,133,38,95,0,0,0
2020-09-01 13:30,90,34,56,0,0,0
2020-09-01 13:45,117,43,74,0,0,0
2020-09-01 14:00,120,47,73,0,0,0
2020-09-01 14:15,90,48,42,0,0,0
2020-09-01 14:30,99,36,63,0,0,0
2020-09-01 14:45,106,56,50,0,0,0
2020-09-01 15:00,111,45,66,0,0,0
2020-09-01 15:15,96,67,29,0,0,0
2020-09-01 15:30,126,57,69,0,0,0
2020-09-01 15:45,106,41,65,0,0,0
2020-09-01 16:00,125,69,56,0,0,0
2020-09-01 16:15,129,72,57,0,0,0
2020-09-01 16:30,139,64,75,0,0,0
2020-09-01 16:45,152,77,75,0,0,0
2020-09-01 17:00,123,45,78,0,0,0
2020-09-01 17:15,103,55,48,0,0,0
2020-09-01 17:30,132,50,82,0,0,0
2020-09-01 17:45,127,62,65,0,0,0
2020-09-01 18:00,95,45,50,0,0,0
2020-09-01 18:15,123,50,73,0,0,0
2020-09-01 18:30,81,34,47,0,0,0
2020-09-01 18:45,99,41,58,0,0,0
2020-09-01 19:00,68,30,38,0,0,0
2020-09-01 19:15,66,30,36,0,0,0
2020-09-01 19:30,47,15,32,0,0,0
2020-09-01 19:45,71,20,51,0,0,0
2020-09-01 20:00,61,19,42,0,0,0
2020-09-01 20:15,37,16,21,0,0,0
2020-09-01 20:30,40,4,36,0,0,0
2020-09-01 20:45,34,12,22,0,0,0
2020-09-01 21:00,40,21,19,0,0,0
2020-09-01 21:15,39,24,15,0,0,0
2020-09-01 21:30,23,6,17,0,0,0
2020-09-01 21:45,23,9,14,0,0,0
2020-09-01 22:00,31,7,24,0,0,0
2020-09-01 22:15,16,2,14,0,0,0
2020-09-01 22:30,17,2,15,0,0,0
2020-09-01 22:45,16,4,12,0,0,0
2020-09-01 23:00,17,10,7,0,0,0
2020-09-01 23:15,11,0,11,0,0,0
2020-09-01 23:30,7,0,7,0,0,0
2020-09-01 23:45,6,2,4,0,0,0
2020-09-02 00:00,7,3,4,0,0,0
2020-09-02 00:15,6,0,6,0,0,0
2020-09-02 00:30,3,1,2,0,0,0
2020-09-02 00:45,3,0,3,0,0,0
2020-09-02 01:00,1,0,1,0,0,0
2020-09-02 01:15,3,2,1,0,0,0
2020-09-02 01:30,6,1,5,0,0,0
2020-09-02 01:45,4,1,3,0,0,0
2020-09-02 02:00,3,1,2,0,0,0
2020-09-02 02:15,0,0,0,0,0,0
2020-09-02 02:30,0,0,0,0,0,0
2020-09-02 02:45,1,0,1,0,0,0
2020-09-02 03:00,1,0,1,0,0,0
2020-09-02 03:15,0,0,0,0,0,0
2020-09-02 03:30,0,0,0,0,0,0
2020-09-02 03:45,0,0,0,0,0,0
2020-09-02 04:00,0,0,0,0,0,0
2020-09-02 04:15,1,1,0,0,0,0
2020-09-02 04:30,2,1,1,0,0,0
2020-09-02 04:45,1,0,1,0,0,0
2020-09-02 05:00,4,2,2,0,0,0
2020-09-02 05:15,4,4,0,0,0,0
2020-09-02 05:30,10,4,6,0,0,0
2020-09-02 05:45,18,3,15,0,0,0
2020-09-02 06:00,9,4,5,0,0,0
2020-09-02 06:15,16,8,8,0,0,0
2020-09-02 06:30,42,14,28,0,0,0
2020-09-02 06:45,66,23,43,0,0,0
2020-09-02 07:00,56,25,31,0,0,0
2020-09-02 07:15,131,70,61,0,0,0
2020-09-02 07:30,281,220,61,0,0,0
2020-09-02 07:45,197,106,91,0,0,0
2020-09-02 08:00,116,50,66,0,0,0
2020-09-02 08:15,89,45,44,0,0,0
2020-09-02 08:30,114,46,68,0,0,0
2020-09-02 08:45,110,57,53,0,0,0
2020-09-02 09:00,89,54,35,0,0,0
2020-09-02 09:15,99,62,37,0,0,0
2020-09-02 09:30,87,54,33,0,0,0
2020-09-02 09:45,103,55,48,0,0,0
2020-09-02 10:00,66,41,25,0,0,0
2020-09-02 10:15,70,38,32,0,0,0
2020-09-02 10:30,71,39,32,0,0,0
2020-09-02 10:45,68,44,24,0,0,0
2020-09-02 11:00,66,37,29,0,0,0
2020-09-02 11:15,75,38,37,0,0,0
2020-09-02 11:30,75,35,40,0,0,0
2020-09-02 11:45,111,68,43,0,0,0
2020-09-02 12:00,110,53,57,0,0,0
2020-09-02 12:15,149,54,95,0,0,0
2020-09-02 12:30,127,39,88,0,0,0
2020-09-02 12:45,118,54,64,0,0,0
2020-09-02 13:00,160,57,103,0,0,0
2020-09-02 13:15,114,30,84,0,0,0
2020-09-02 13:30,95,41,54,0,0,0
2020-09-02 13:45,123,45,78,0,0,0
2020-09-02 14:00,124,40,84,0,0,0
2020-09-02 14:15,122,47,75,0,0,0
2020-09-02 14:30,114,54,60,0,0,0
2020-09-02 14:45,130,57,73,0,0,0
2020-09-02 15:00,115,50,65,0,0,0
2020-09-02 15:15,131,76,55,0,0,0
2020-09-02 15:30,159,49,110,0,0,0
2020-09-02 15:45,154,70,84,0,0,0
2020-09-02 16:00,158,85,73,0,0,0
2020-09-02 16:15,121,55,66,0,0,0
2020-09-02 16:30,144,63,81,0,0,0
2020-09-02 16:45,137,72,65,0,0,0
2020-09-02 17:00,129,63,66,0,0,0
2020-09-02 17:15,129,73,56,0,0,0
2020-09-02 17:30,115,58,57,0,0,0
2020-09-02 17:45,116,47,69,0,0,0
2020-09-02 18:00,94,32,62,0,0,0
2020-09-02 18:15,98,39,59,0,0,0
2020-09-02 18:30,122,54,68,0,0,0
2020-09-02 18:45,101,45,56,0,0,0
2020-09-02 19:00,89,39,50,0,0,0
2020-09-02 19:15,69,33,36,0,0,0
2020-09-02 19:30,57,23,34,0,0,0
2020-09-02 19:45,65,28,37,0,0,0
2020-09-02 20:00,51,16,35,0,0,0
2020-09-02 20:15,52,17,35,0,0,0
2020-09-02 20:30,42,19,23,0,0,0
2020-09-02 20:45,46,18,28,0,0,0
2020-09-02 21:00,45,24,21,0,0,0
2020-09-02 21:15,30,10,20,0,0,0
2020-09-02 21:30,31,7,24,0,0,0
2020-09-02 21:45,33,7,26,0,0,0
2020-09-02 22:00,33,4,29,0,0,0
2020-09-02 22:15,36,7,29,0,0,0
2020-09-02 22:30,21,1,20,0,0,0
2020-09-02 22:45,21,3,18,0,0,0
2020-09-02 23:00,13,3,10,0,0,0
2020-09-02 23:15,21,4,17,0,0,0
2020-09-02 23:30,14,2,12,0,0,0
2020-09-02 23:45,2,0,2,0,0,0
2020-09-03 00:00,15,2,13,0,0,0
2020-09-03 00:15,4,1,3,0,0,0
2020-09-03 00:30,4,0,4,0,0,0
2020-09-03 00:45,3,1,2,0,0,0
2020-09-03 01:00,6,0,6,0,0,0
2020-09-03 01:15,1,0,1,0,0,0
2020-09-03 01:30,4,1,3,0,0,0
2020-09-03 01:45,1,0,1,0,0,0
2020-09-03 02:00,1,0,1,0,0,0
2020-09-03 02:15,2,0,2,0,0,0
2020-09-03 02:30,1,0,1,0,0,0
2020-09-03 02:45,4,0,4,0,0,0
2020-09-03 03:00,3,0,3,0,0,0
2020-09-03 03:15,1,0,1,0,0,0
2020-09-03 03:30,0,0,0,0,0,0
2020-09-03 03:45,1,1,0,0,0,0
2020-09-03 04:00,1,0,1,0,0,0
2020-09-03 04:15,6,0,6,0,0,0
2020-09-03 04:30,2,0,2,0,0,0
2020-09-03 04:45,4,0,4,0,0,0
2020-09-03 05:00,1,1,0,0,0,0
2020-09-03 05:15,2,1,1,0,0,0
2020-09-03 05:30,5,3,2,0,0,0
2020-09-03 05:45,21,3,18,0,0,0
2020-09-03 06:00,7,3,4,0,0,0
2020-09-03 06:15,21,14,7,0,0,0
2020-09-03 06:30,36,12,24,0,0,0
2020-09-03 06:45,60,21,39,0,0,0
2020-09-03 07:00,67,31,36,0,0,0
2020-09-03 07:15,89,47,42,0,0,0
2020-09-03 07:30,233,178,55,0,0,0
2020-09-03 07:45,186,93,93,0,0,0
2020-09-03 08:00,94,36,58,0,0,0
2020-09-03 08:15,95,50,45,0,0,0
2020-09-03 08:30,93,56,37,0,0,0
2020-09-03 08:45,98,52,46,0,0,0
2020-09-03 09:00,71,34,37,0,0,0
2020-09-03 09:15,78,48,30,0,0,0
2020-09-03 09:30,80,40,40,0,0,0
2020-09-03 09:45,64,28,36,0,0,0
2020-09-03 10:00,39,18,21,0,0,0
2020-09-03 10:15,30,13,17,0,0,0
2020-09-03 10:30,47,21,26,0,0,0
2020-09-03 10:45,34,19,15,0,0,0
2020-09-03 11:00,55,23,32,0,0,0
2020-09-03 11:15,36,13,23,0,0,0
2020-09-03 11:30,55,26,29,0,0,0
2020-09-03 11:45,59,23,36,0,0,0
2020-09-03 12:00,46,18,28,0,0,0
2020-09-03 12:15,67,18,49,0,0,0
2020-09-03 12:30,70,20,50,0,0,0
2020-09-03 12:45,64,34,30,0,0,0
2020-09-03 13:00,104,25,79,0,0,0
2020-09-03 13:15,101,18,83,0,0,0
2020-09-03 13:30,61,28,33,0,0,0
2020-09-03 13:45,65,32,33,0,0,0
2020-09-03 14:00,75,30,45,0,0,0
2020-09-03 14:15,79,33,46,0,0,0
2020-09-03 14:30,60,30,30,0,0,0
2020-09-03 14:45,56,28,28,0,0,0
2020-09-03 15:00,71,38,33,0,0,0
2020-09-03 15:15,60,40,20,0,0,0
2020-09-03 15:30,105,30,75,0,0,0
2020-09-03 15:45,77,37,40,0,0,0
2020-09-03 16:00,66,38,28,0,0,0
2020-09-03 16:15,85,44,41,0,0,0
2020-09-03 16:30,72,37,35,0,0,0
2020-09-03 16:45,101,48,53,0,0,0
2020-09-03 17:00,91,53,38,0,0,0
2020-09-03 17:15,91,50,41,0,0,0
2020-09-03 17:30,66,40,26,0,0,0
2020-09-03 17:45,94,48,46,0,0,0
2020-09-03 18:00,81,40,41,0,0,0
2020-09-03 18:15,65,36,29,0,0,0
2020-09-03 18:30,56,33,23,0,0,0
2020-09-03 18:45,60,30,30,0,0,0
2020-09-03 19:00,55,20,35,0,0,0
2020-09-03 19:15,45,18,27,0,0,0
2020-09-03 19:30,50,21,29,0,0,0
2020-09-03 19:45,55,24,31,0,0,0
2020-09-03 20:00,37,14,23,0,0,0
2020-09-03 20:15,26,8,18,0,0,0
2020-09-03 20:30,28,9,19,0,0,0
2020-09-03 20:45,19,9,10,0,0,0
2020-09-03 21:00,29,13,16,0,0,0
2020-09-03 21:15,18,7,11,0,0,0
2020-09-03 21:30,30,14,16,0,0,0
2020-09-03 21:45,15,7,8,0,0,0
2020-09-03 22:00,19,6,13,0,0,0
2020-09-03 22:15,14,5,9,0,0,0
2020-09-03 22:30,10,4,6,0,0,0
2020-09-03 22:45,14,3,11,0,0,0
2020-09-03 23:00,13,5,8,0,0,0
2020-09-03 23:15,22,6,16,0,0,0
2020-09-03 23:30,8,2,6,0,0,0
2020-09-03 23:45,8,6,2,0,0,0
2020-09-04 00:00,6,2,4,0,0,0
2020-09-04 00:15,7,1,6,0,0,0
2020-09-04 00:30,5,0,5,0,0,0
2020-09-04 00:45,3,0,3,0,0,0
2020-09-04 01:00,1,0,1,0,0,0
2020-09-04 01:15,3,2,1,0,0,0
2020-09-04 01:30,0,0,0,0,0,0
2020-09-04 01:45,4,0,4,0,0,0
2020-09-04 02:00,4,0,4,0,0,0
2020-09-04 02:15,0,0,0,0,0,0
2020-09-04 02:30,1,0,1,0,0,0
2020-09-04 02:45,0,0,0,0,0,0
2020-09-04 03:00,1,0,1,0,0,0
2020-09-04 03:15,1,0,1,0,0,0
2020-09-04 03:30,1,1,0,0,0,0
2020-09-04 03:45,0,0,0,0,0,0
2020-09-04 04:00,0,0,0,0,0,0
2020-09-04 04:15,0,0,0,0,0,0
2020-09-04 04:30,6,4,2,0,0,0
2020-09-04 04:45,1,0,1,0,0,0
2020-09-04 05:00,1,1,0,0,0,0
2020-09-04 05:15,0,0,0,0,0,0
2020-09-04 05:30,8,3,5,0,0,0
2020-09-04 05:45,9,1,8,0,0,0
2020-09-04 06:00,5,2,3,0,0,0
2020-09-04 06:15,8,1,7,0,0,0
2020-09-04 06:30,23,10,13,0,0,0
2020-09-04 06:45,40,17,23,0,0,0
2020-09-04 07:00,51,20,31,0,0,0
2020-09-04 07:15,83,51,32,0,0,0
2020-09-04 07:30,238,194,44,0,0,0
2020-09-04 07:45,160,75,85,0,0,0
2020-09-04 08:00,93,37,56,0,0,0
2020-09-04 08:15,88,43,45,0,0,0
2020-09-04 08:30,87,48,39,0,0,0
2020-09-04 08:45,110,58,52,0,0,0
2020-09-04 09:00,72,44,28,0,0,0
2020-09-04 09:15,69,42,27,0,0,0
2020-09-04 09:30,65,35,30,0,0,0
2020-09-04 09:45,73,39,34,0,0,0
2020-09-04 10:00,73,35,38,0,0,0
2020-09-04 10:15,51,21,30,0,0,0
2020-09-04 10:30,52,31,21,0,0,0
2020-09-04 10:45,59,34,25,0,0,0
2020-09-04 11:00,69,39,30,0,0,0
2020-09-04 11:15,80,27,53,0,0,0
2020-09-04 11:30,84,46,38,0,0,0
2020-09-04 11:45,78,43,35,0,0,0
2020-09-04 12:00,91,45,46,0,0,0
2020-09-04 12:15,119,48,71,0,0,0
2020-09-04 12:30,96,43,53,0,0,0
2020-09-04 12:45,94,50,44,0,0,0
2020-09-04 13:00,143,49,94,0,0,0
2020-09-04 13:15,149,47,102,0,0,0
2020-09-04 13:30,89,34,55,0,0,0
2020-09-04 13:45,104,57,47,0,0,0
2020-09-04 14:00,127,62,65,0,0,0
2020-09-04 14:15,120,60,60,0,0,0
2020-09-04 14:30,106,42,64,0,0,0
2020-09-04 14:45,134,62,72,0,0,0
2020-09-04 15:00,124,50,74,0,0,0
2020-09-04 15:15,126,63,63,0,0,0
2020-09-04 15:30,134,52,82,0,0,0
2020-09-04 15:45,91,48,43,0,0,0
2020-09-04 16:00,114,62,52,0,0,0
2020-09-04 16:15,82,53,29,0,0,0
2020-09-04 16:30,106,64,42,0,0,0
2020-09-04 16:45,94,44,50,0,0,0
2020-09-04 17:00,95,44,51,0,0,0
2020-09-04 17:15,137,69,68,0,0,0
2020-09-04 17:30,79,34,45,0,0,0
2020-09-04 17:45,78,27,51,0,0,0
2020-09-04 18:00,78,37,41,0,0,0
2020-09-04 18:15,87,32,55,0,0,0
2020-09-04 18:30,79,31,48,0,0,0
2020-09-04 18:45,79,28,51,0,0,0
2020-09-04 19:00,81,31,50,0,0,0
2020-09-04 19:15,72,28,44,0,0,0
2020-09-04 19:30,61,36,25,0,0,0
2020-09-04 19:45,51,19,32,0,0,0
2020-09-04 20:00,55,22,33,0,0,0
2020-09-04 20:15,31,15,16,0,0,0
2020-09-04 20:30,43,30,13,0,0,0
2020-09-04 20:45,26,10,16,0,0,0
2020-09-04 21:00,37,17,20,0,0,0
2020-09-04 21:15,22,8,14,0,0,0
2020-09-04 21:30,27,11,16,0,0,0
2020-09-04 21:45,15,9,6,0,0,0
2020-09-04 22:00,12,4,8,0,0,0
2020-09-04 22:15,31,8,23,0,0,0
2020-09-04 22:30,20,2,18,0,0,0
2020-09-04 22:45,23,2,21,0,0,0
2020-09-04 23:00,32,7,25,0,0,0
2020-09-04 23:15,7,2,5,0,0,0
2020-09-04 23:30,29,9,20,0,0,0
2020-09-04 23:45,14,4,10,0,0,0
2020-09-05 00:00,15,1,14,0,0,0
2020-09-05 00:15,17,9,8,0,0,0
2020-09-05 00:30,13,5,8,0,0,0
2020-09-05 00:45,5,1,4,0,0,0
2020-09-05 01:00,10,1,9,0,0,0
2020-09-05 01:15,8,2,6,0,0,0
2020-09-05 01:30,14,4,10,0,0,0
2020-09-05 01:45,16,2,14,0,0,0
2020-09-05 02:00,9,2,7,0,0,0
2020-09-05 02:15,9,2,7,0,0,0
2020-09-05 02:30,2,1,1,0,0,0
2020-09-05 02:45,6,0,6,0,0,0
2020-09-05 03:00,7,2,5,0,0,0
2020-09-05 03:15,8,2,6,0,0,0
2020-09-05 03:30,4,1,3,0,0,0
2020-09-05 03:45,10,6,4,0,0,0
2020-09-05 04:00,0,0,0,0,0,0
2020-09-05 04:15,4,2,2,0,0,0
2020-09-05 04:30,5,2,3,0,0,0
2020-09-05 04:45,3,1,2,0,0,0
2020-09-05 05:00,1,0,1,0,0,0
2020-09-05 05:15,2,1,1,0,0,0
2020-09-05 05:30,6,1,5,0,0,0
2020-09-05 05:45,8,1,7,0,0,0
2020-09-05 06:00,3,0,3,0,0,0
2020-09-05 06:15,3,3,0,0,0,0
2020-09-05 06:30,7,6,1,0,0,0
2020-09-05 06:45,9,9,0,0,0,0
2020-09-05 07:00,5,2,3,0,0,0
2020-09-05 07:15,10,7,3,0,0,0
2020-09-05 07:30,9,4,5,0,0,0
2020-09-05 07:45,9,4,5,0,0,0
2020-09-05 08:00,24,19,5,0,0,0
2020-09-05 08:15,13,10,3,0,0,0
2020-09-05 08:30,19,13,6,0,0,0
2020-09-05 08:45,23,17,6,0,0,0
2020-09-05 09:00,28,20,8,0,0,0
2020-09-05 09:15,25,19,6,0,0,0
2020-09-05 09:30,40,21,19,0,0,0
2020-09-05 09:45,40,30,10,0,0,0
2020-09-05 10:00,41,24,17,0,0,0
2020-09-05 10:15,24,11,13,0,0,0
2020-09-05 10:30,37,20,17,0,0,0
2020-09-05 10:45,24,12,12,0,0,0
2020-09-05 11:00,24,11,13,0,0,0
2020-09-05 11:15,29,17,12,0,0,0
2020-09-05 11:30,24,18,6,0,0,0
2020-09-05 11:45,63,40,23,0,0,0
2020-09-05 12:00,44,34,10,0,0,0
2020-09-05 12:15,62,39,23,0,0,0
2020-09-05 12:30,87,51,36,0,0,0
2020-09-05 12:45,79,51,28,0,0,0
2020-09-05 13:00,65,42,23,0,0,0
2020-09-05 13:15,58,39,19,0,0,0
2020-09-05 13:30,74,50,24,0,0,0
2020-09-05 13:45,105,60,45,0,0,0
2020-09-05 14:00,99,67,32,0,0,0
2020-09-05 14:15,91,35,56,0,0,0
2020-09-05 14:30,77,46,31,0,0,0
2020-09-05 14:45,60,26,34,0,0,0
2020-09-05 15:00,78,35,43,0,0,0
2020-09-05 15:15,83,41,42,0,0,0
2020-09-05 15:30,52,17,35,0,0,0
2020-09-05 15:45,69,18,51,0,0,0
2020-09-05 16:00,86,29,57,0,0,0
2020-09-05 16:15,44,13,31,0,0,0
2020-09-05 16:30,55,19,36,0,0,0
2020-09-05 16:45,45,21,24,0,0,0
2020-09-05 17:00,62,24,38,0,0,0
2020-09-05 17:15,41,24,17,0,0,0
2020-09-05 17:30,46,16,30,0,0,0
2020-09-05 17:45,57,25,32,0,0,0
2020-09-05 18:00,85,37,48,0,0,0
2020-09-05 18:15,39,15,24,0,0,0
2020-09-05 18:30,54,16,38,0,0,0
2020-09-05 18:45,78,44,34,0,0,0
2020-09-05 19:00,76,27,49,0,0,0
2020-09-05 19:15,58,29,29,0,0,0
2020-09-05 19:30,56,32,24,0,0,0
2020-09-05 19:45,44,24,20,0,0,0
2020-09-05 20:00,43,24,19,0,0,0
2020-09-05 20:15,23,9,14,0,0,0
2020-09-05 20:30,30,13,17,0,0,0
2020-09-05 20:45,34,19,15,0,0,0
2020-09-05 21:00,37,17,20,0,0,0
2020-09-05 21:15,17,7,10,0,0,0
2020-09-05 21:30,23,13,10,0,0,0
2020-09-05 21:45,21,9,12,0,0,0
2020-09-05 22:00,23,5,18,0,0,0
2020-09-05 22:15,24,7,17,0,0,0
2020-09-05 22:30,33,5,28,0,0,0
2020-09-05 22:45,10,1,9,0,0,0
2020-09-05 23:00,16,5,11,0,0,0
2020-09-05 23:15,17,9,8,0,0,0
2020-09-05 23:30,20,15,5,0,0,0
2020-09-05 23:45,11,1,10,0,0,0
2020-09-06 00:00,14,3,11,0,0,0
2020-09-06 00:15,11,3,8,0,0,0
2020-09-06 00:30,13,6,7,0,0,0
2020-09-06 00:45,11,4,7,0,0,0
2020-09-06 01:00,14,10,4,0,0,0
2020-09-06 01:15,9,2,7,0,0,0
2020-09-06 01:30,5,2,3,0,0,0
2020-09-06 01:45,11,1,10,0,0,0
2020-09-06 02:00,4,0,4,0,0,0
2020-09-06 02:15,4,0,4,0,0,0
2020-09-06 02:30,4,2,2,0,0,0
2020-09-06 02:45,11,0,11,0,0,0
2020-09-06 03:00,4,0,4,0,0,0
2020-09-06 03:15,6,0,6,0,0,0
2020-09-06 03:30,3,0,3,0,0,0
2020-09-06 03:45,2,1,1,0,0,0
2020-09-06 04:00,2,0,2,0,0,0
2020-09-06 04:15,1,0,1,0,0,0
2020-09-06 04:30,7,6,1,0,0,0
2020-09-06 04:45,1,1,0,0,0,0
2020-09-06 05:00,2,0,2,0,0,0
2020-09-06 05:15,3,1,2,0,0,0
2020-09-06 05:30,4,3,1,0,0,0
2020-09-06 05:45,5,1,4,0,0,0
2020-09-06 06:00,11,6,5,0,0,0
2020-09-06 06:15,2,0,2,0,0,0
2020-09-06 06:30,6,3,3,0,0,0
2020-09-06 06:45,4,3,1,0,0,0
2020-09-06 07:00,0,0,0,0,0,0
2020-09-06 07:15,5,1,4,0,0,0
2020-09-06 07:30,11,3,8,0,0,0
2020-09-06 07:45,10,5,5,0,0,0
2020-09-06 08:00,10,4,6,0,0,0
2020-09-06 08:15,7,3,4,0,0,0
2020-09-06 08:30,7,4,3,0,0,0
2020-09-06 08:45,8,4,4,0,0,0
2020-09-06 09:00,12,6,6,0,0,0
2020-09-06 09:15,18,10,8,0,0,0
2020-09-06 09:30,12,10,2,0,0,0
2020-09-06 09:45,30,23,7,0,0,0
2020-09-06 10:00,29,8,21,0,0,0
2020-09-06 10:15,41,16,25,0,0,0
2020-09-06 10:30,27,11,16,0,0,0
2020-09-06 10:45,22,13,9,0,0,0
2020-09-06 11:00,28,11,17,0,0,0
2020-09-06 11:15,37,15,22,0,0,0
2020-09-06 11:30,24,12,12,0,0,0
2020-09-06 11:45,48,16,32,0,0,0
2020-09-06 12:00,40,22,18,0,0,0
2020-09-06 12:15,22,6,16,0,0,0
2020-09-06 12:30,36,17,19,0,0,0
2020-09-06 12:45,51,29,22,0,0,0
2020-09-06 13:00,50,19,31,0,0,0
2020-09-06 13:15,62,27,35,0,0,0
2020-09-06 13:30,42,20,22,0,0,0
2020-09-06 13:45,67,27,40,0,0,0
2020-09-06 14:00,58,32,26,0,0,0
2020-09-06 14:15,48,33,15,0,0,0
2020-09-06 14:30,58,21,37,0,0,0
2020-09-06 14:45,53,17,36,0,0,0
2020-09-06 15:00,31,18,13,0,0,0
2020-09-06 15:15,72,28,44,0,0,0
2020-09-06 15:30,37,19,18,0,0,0
2020-09-06 15:45,60,26,34,0,0,0
2020-09-06 16:00,25,7,18,0,0,0
2020-09-06 16:15,46,28,18,0,0,0
2020-09-06 16:30,67,36,31,0,0,0
2020-09-06 16:45,66,22,44,0,0,0
2020-09-06 17:00,47,22,25,0,0,0
2020-09-06 17:15,60,30,30,0,0,0
2020-09-06 17:30,34,10,24,0,0,0
2020-09-06 17:45,56,20,36,0,0,0
2020-09-06 18:00,39,24,15,0,0,0
2020-09-06 18:15,42,27,15,0,0,0
2020-09-06 18:30,37,13,24,0,0,0
2020-09-06 18:45,40,10,30,0,0,0
2020-09-06 19:00,20,12,8,0,0,0
2020-09-06 19:15,22,12,10,0,0,0
2020-09-06 19:30,41,17,24,0,0,0
2020-09-06 19:45,50,15,35,0,0,0
2020-09-06 20:00,31,9,22,0,0,0
2020-09-06 20:15,24,14,10,0,0,0
2020-09-06 20:30,12,0,12,0,0,0
2020-09-06 20:45,23,6,17,0,0,0
2020-09-06 21:00,16,2,14,0,0,0
2020-09-06 21:15,13,4,9,0,0,0
2020-09-06 21:30,9,4,5,0,0,0
2020-09-06 21:45,9,1,8,0,0,0
2020-09-06 22:00,19,4,15,0,0,0
2020-09-06 22:15,8,0,8,0,0,0
2020-09-06 22:30,13,2,11,0,0,0
2020-09-06 22:45,24,1,23,0,0,0
2020-09-06 23:00,10,1,9,0,0,0
2020-09-06 23:15,10,6,4,0,0,0
2020-09-06 23:30,4,3,1,0,0,0
2020-09-06 23:45,6,1,5,0,0,0
2020-09-07 00:00,2,0,2,0,0,0
2020-09-07 00:15,2,0,2,0,0,0
2020-09-07 00:30,0,0,0,0,0,0
2020-09-07 00:45,0,0,0,0,0,0
2020-09-07 01:00,2,1,1,0,0,0
2020-09-07 01:15,1,0,1,0,0,0
2020-09-07 01:30,1,0,1,0,0,0
2020-09-07 01:45,2,0,2,0,0,0
2020-09-07 02:00,1,0,1,0,0,0
2020-09-07 02:15,0,0,0,0,0,0
2020-09-07 02:30,2,0,2,0,0,0
2020-09-07 02:45,0,0,0,0,0,0
2020-09-07 03:00,1,1,0,0,0,0
2020-09-07 03:15,2,0,2,0,0,0
2020-09-07 03:30,0,0,0,0,0,0
2020-09-07 03:45,2,2,0,0,0,0
2020-09-07 04:00,1,0,1,0,0,0
2020-09-07 04:15,0,0,0,0,0,0
2020-09-07 04:30,1,1,0,0,0,0
2020-09-07 04:45,2,0,2,0,0,0
2020-09-07 05:00,1,1,0,0,0,0
2020-09-07 05:15,3,1,2,0,0,0
2020-09-07 05:30,10,3,7,0,0,0
2020-09-07 05:45,15,7,8,0,0,0
2020-09-07 06:00,9,8,1,0,0,0
2020-09-07 06:15,23,14,9,0,0,0
2020-09-07 06:30,54,14,40,0,0,0
2020-09-07 06:45,64,31,33,0,0,0
2020-09-07 07:00,57,24,33,0,0,0
2020-09-07 07:15,93,47,46,0,0,0
2020-09-07 07:30,282,225,57,0,0,0
2020-09-07 07:45,172,82,90,0,0,0
2020-09-07 08:00,99,40,59,0,0,0
2020-09-07 08:15,98,33,65,0,0,0
2020-09-07 08:30,92,46,46,0,0,0
2020-09-07 08:45,123,57,66,0,0,0
2020-09-07 09:00,79,41,38,0,0,0
2020-09-07 09:15,62,30,32,0,0,0
2020-09-07 09:30,73,43,30,0,0,0
2020-09-07 09:45,76,47,29,0,0,0
2020-09-07 10:00,63,33,30,0,0,0
2020-09-07 10:15,57,31,26,0,0,0
2020-09-07 10:30,55,21,34,0,0,0
2020-09-07 10:45,50,27,23,0,0,0
2020-09-07 11:00,73,36,37,0,0,0
2020-09-07 11:15,75,49,26,0,0,0
2020-09-07 11:30,82,39,43,0,0,0
2020-09-07 11:45,60,31,29,0,0,0
2020-09-07 12:00,90,40,50,0,0,0
2020-09-07 12:15,78,31,47,0,0,0
2020-09-07 12:30,94,32,62,0,0,0
2020-09-07 12:45,88,42,46,0,0,0
2020-09-07 13:00,114,34,80,0,0,0
2020-09-07 13:15,100,28,72,0,0,0
2020-09-07 13:30,74,33,41,0,0,0
2020-09-07 13:45,75,31,44,0,0,0
2020-09-07 14:00,127,47,80,0,0,0
2020-09-07 14:15,99,44,55,0,0,0
2020-09-07 14:30,103,53,50,0,0,0
2020-09-07 14:45,101,58,43,0,0,0
2020-09-07 15:00,111,62,49,0,0,0
2020-09-07 15:15,104,55,49,0,0,0
2020-09-07 15:30,134,50,84,0,0,0
2020-09-07 15:45,163,60,103,0,0,0
2020-09-07 16:00,141,75,66,0,0,0
2020-09-07 16:15,124,62,62,0,0,0
2020-09-07 16:30,138,64,74,0,0,0
2020-09-07 16:45,143,64,79,0,0,0
2020-09-07 17:00,119,61,58,0,0,0
2020-09-07 17:15,131,59,72,0,0,0
2020-09-07 17:30,101,45,56,0,0,0
2020-09-07 17:45,132,53,79,0,0,0
2020-09-07 18:00,100,36,64,0,0,0
2020-09-07 18:15,98,42,56,0,0,0
2020-09-07 18:30,76,31,45,0,0,0
2020-09-07 18:45,109,38,71,0,0,0
2020-09-07 19:00,88,34,54,0,0,0
2020-09-07 19:15,85,41,44,0,0,0
2020-09-07 19:30,59,24,35,0,0,0
2020-09-07 19:45,69,39,30,0,0,0
2020-09-07 20:00,59,18,41,0,0,0
2020-09-07 20:15,50,22,28,0,0,0
2020-09-07 20:30,26,9,17,0,0,0
2020-09-07 20:45,43,13,30,0,0,0
2020-09-07 21:00,22,15,7,0,0,0
2020-09-07 21:15,22,7,15,0,0,0
2020-09-07 21:30,34,13,21,0,0,0
2020-09-07 21:45,26,2,24,0,0,0
2020-09-07 22:00,24,4,20,0,0,0
2020-09-07 22:15,27,6,21,0,0,0
2020-09-07 22:30,22,3,19,0,0,0
2020-09-07 22:45,13,1,12,0,0,0
2020-09-07 23:00,7,2,5,0,0,0
2020-09-07 23:15,12,6,6,0,0,0
2020-09-07 23:30,8,2,6,0,0,0
2020-09-07 23:45,12,4,8,0,0,0
2020-09-08 00:00,2,0,2,0,0,0
2020-09-08 00:15,7,2,5,0,0,0
2020-09-08 00:30,6,0,6,0,0,0
2020-09-08 00:45,2,0,2,0,0,0
2020-09-08 01:00,2,2,0,0,0,0
2020-09-08 01:15,4,0,4,0,0,0
2020-09-08 01:30,1,0,1,0,0,0
2020-09-08 01:45,3,1,2,0,0,0
2020-09-08 02:00,3,0,3,0,0,0
2020-09-08 02:15,0,0,0,0,0,0
2020-09-08 02:30,2,1,1,0,0,0
2020-09-08 02:45,2,0,2,0,0,0
2020-09-08 03:00,0,0,0,0,0,0
2020-09-08 03:15,0,0,0,0,0,0
2020-09-08 03:30,0,0,0,0,0,0
2020-09-08 03:45,1,0,1,0,0,0
2020-09-08 04:00,0,0,0,0,0,0
2020-09-08 04:15,0,0,0,0,0,0
2020-09-08 04:30,4,2,2,0,0,0
2020-09-08 04:45,3,0,3,0,0,0
2020-09-08 05:00,1,1,0,0,0,0
2020-09-08 05:15,2,2,0,0,0,0
2020-09-08 05:30,8,2,6,0,0,0
2020-09-08 05:45,12,4,8,0,0,0
2020-09-08 06:00,10,6,4,0,0,0
2020-09-08 06:15,23,11,12,0,0,0
2020-09-08 06:30,46,24,22,0,0,0
2020-09-08 06:45,54,24,30,0,0,0
2020-09-08 07:00,78,36,42,0,0,0
2020-09-08 07:15,86,47,39,0,0,0
2020-09-08 07:30,288,233,55,0,0,0
2020-09-08 07:45,189,91,98,0,0,0
2020-09-08 08:00,122,47,75,0,0,0
2020-09-08 08:15,113,53,60,0,0,0
2020-09-08 08:30,110,49,61,0,0,0
2020-09-08 08:45,104,52,52,0,0,0
2020-09-08 09:00,88,48,40,0,0,0
2020-09-08 09:15,79,43,36,0,0,0
2020-09-08 09:30,84,51,33,0,0,0
2020-09-08 09:45,71,42,29,0,0,0
2020-09-08 10:00,50,24,26,0,0,0
2020-09-08 10:15,57,23,34,0,0,0
2020-09-08 10:30,52,21,31,0,0,0
2020-09-08 10:45,49,26,23,0,0,0
2020-09-08 11:00,68,40,28,0,0,0
2020-09-08 11:15,58,30,28,0,0,0
2020-09-08 11:30,72,32,40,0,0,0
2020-09-08 11:45,75,38,37,0,0,0
2020-09-08 12:00,86,37,49,0,0,0
2020-09-08 12:15,87,36,51,0,0,0
2020-09-08 12:30,92,34,58,0,0,0
2020-09-08 12:45,109,56,53,0,0,0
2020-09-08 13:00,136,53,83,0,0,0
2020-09-08 13:15,150,39,111,0,0,0
2020-09-08 13:30,72,36,36,0,0,0
2020-09-08 13:45,104,56,48,0,0,0
2020-09-08 14:00,108,35,73,0,0,0
2020-09-08 14:15,105,52,53,0,0,0
2020-09-08 14:30,99,42,57,0,0,0
2020-09-08 14:45,113,37,76,0,0,0
2020-09-08 15:00,93,43,50,0,0,0
2020-09-08 15:15,100,54,46,0,0,0
2020-09-08 15:30,126,80,46,0,0,0
2020-09-08 15:45,124,47,77,0,0,0
2020-09-08 16:00,116,52,64,0,0,0
2020-09-08 16:15,121,61,60,0,0,0
2020-09-08 16:30,128,58,70,0,0,0
2020-09-08 16:45,111,62,49,0,0,0
2020-09-08 17:00,124,51,73,0,0,0
2020-09-08 17:15,108,42,66,0,0,0
2020-09-08 17:30,116,65,51,0,0,0
2020-09-08 17:45,108,47,61,0,0,0
2020-09-08 18:00,113,36,77,0,0,0
2020-09-08 18:15,90,22,68,0,0,0
2020-09-08 18:30,89,41,48,0,0,0
2020-09-08 18:45,58,33,25,0,0,0
2020-09-08 19:00,81,32,49,0,0,0
2020-09-08 19:15,67,30,37,0,0,0
2020-09-08 19:30,57,17,40,0,0,0
2020-09-08 19:45,50,20,30,0,0,0
2020-09-08 20:00,54,25,29,0,0,0
2020-09-08 20:15,42,19,23,0,0,0
2020-09-08 20:30,23,4,19,0,0,0
2020-09-08 20:45,25,9,16,0,0,0
2020-09-08 21:00,35,19,16,0,0,0
2020-09-08 21:15,25,11,14,0,0,0
2020-09-08 21:30,21,8,13,0,0,0
2020-09-08 21:45,25,6,19,0,0,0
2020-09-08 22:00,24,7,17,0,0,0
2020-09-08 22:15,21,3,18,0,0,0
2020-09-08 22:30,19,1,18,0,0,0
2020-09-08 22:45,14,1,13,0,0,0
2020-09-08 23:00,8,1,7,0,0,0
2020-09-08 23:15,10,0,10,0,0,0
2020-09-08 23:30,20,8,12,0,0,0
2020-09-08 23:45,10,5,5,0,0,0
2020-09-09 00:00,12,4,8,0,0,0
2020-09-09 00:15,3,0,3,0,0,0
2020-09-09 00:30,1,0,1,0,0,0
2020-09-09 00:45,2,2,0,0,0,0
2020-09-09 01:00,3,0,3,0,0,0
2020-09-09 01:15,2,0,2,0,0,0
2020-09-09 01:30,5,3,2,0,0,0
2020-09-09 01:45,2,0,2,0,0,0
2020-09-09 02:00,1,0,1,0,0,0
2020-09-09 02:15,1,1,0,0,0,0
2020-09-09 02:30,2,2,0,0,0,0
2020-09-09 02:45,0,0,0,0,0,0
2020-09-09 03:00,2,2,0,0,0,0
2020-09-09 03:15,1,0,1,0,0,0
2020-09-09 03:30,0,0,0,0,0,0
2020-09-09 03:45,2,1,1,0,0,0
2020-09-09 04:00,0,0,0,0,0,0
2020-09-09 04:15,0,0,0,0,0,0
2020-09-09 04:30,2,1,1,0,0,0
2020-09-09 04:45,3,1,2,0,0,0
2020-09-09 05:00,0,0,0,0,0,0
2020-09-09 05:15,4,1,3,0,0,0
2020-09-09 05:30,15,6,9,0,0,0
2020-09-09 05:45,10,3,7,0,0,0
2020-09-09 06:00,9,7,2,0,0,0
2020-09-09 06:15,25,10,15,0,0,0
2020-09-09 06:30,47,20,27,0,0,0
2020-09-09 06:45,56,28,28,0,0,0
2020-09-09 07:00,56,18,38,0,0,0
2020-09-09 07:15,103,56,47,0,0,0
2020-09-09 07:30,272,216,56,0,0,0
2020-09-09 07:45,182,87,95,0,0,0
2020-09-09 08:00,109,48,61,0,0,0
2020-09-09 08:15,106,41,65,0,0,0
2020-09-09 08:30,100,52,48,0,0,0
2020-09-09 08:45,102,50,52,0,0,0
2020-09-09 09:00,91,50,41,0,0,0
2020-09-09 09:15,76,45,31,0,0,0
2020-09-09 09:30,91,55,36,0,0,0
2020-09-09 09:45,106,57,49,0,0,0
2020-09-09 10:00,71,33,38,0,0,0
2020-09-09 10:15,80,42,38,0,0,0
2020-09-09 10:30,73,36,37,0,0,0
2020-09-09 10:45,71,37,34,0,0,0
2020-09-09 11:00,97,57,40,0,0,0
2020-09-09 11:15,80,31,49,0,0,0
2020-09-09 11:30,62,31,31,0,0,0
2020-09-09 11:45,102,41,61,0,0,0
2020-09-09 12:00,109,56,53,0,0,0
2020-09-09 12:15,143,58,85,0,0,0
2020-09-09 12:30,115,39,76,0,0,0
2020-09-09 12:45,115,54,61,0,0,0
2020-09-09 13:00,131,35,96,0,0,0
2020-09-09 13:15,117,35,82,0,0,0
2020-09-09 13:30,113,42,71,0,0,0
2020-09-09 13:45,109,52,57,0,0,0
2020-09-09 14:00,142,42,100,0,0,0
2020-09-09 14:15,99,36,63,0,0,0
2020-09-09 14:30,80,39,41,0,0,0
2020-09-09 14:45,131,62,69,0,0,0
2020-09-09 15:00,112,56,56,0,0,0
2020-09-09 15:15,114,45,69,0,0,0
2020-09-09 15:30,157,57,100,0,0,0
2020-09-09 15:45,121,48,73,0,0,0
2020-09-09 16:00,97,48,49,0,0,0
2020-09-09 16:15,97,51,46,0,0,0
2020-09-09 16:30,134,81,53,0,0,0
2020-09-09 16:45,119,52,67,0,0,0
2020-09-09 17:00,110,60,50,0,0,0
2020-09-09 17:15,101,45,56,0,0,0
2020-09-09 17:30,111,59,52,0,0,0
2020-09-09 17:45,89,35,54,0,0,0
2020-09-09 18:00,83,29,54,0,0,0
2020-09-09 18:15,97,48,49,0,0,0
2020-09-09 18:30,82,37,45,0,0,0
2020-09-09 18:45,75,40,35,0,0,0
2020-09-09 19:00,72,26,46,0,0,0
2020-09-09 19:15,69,37,32,0,0,0
2020-09-09 19:30,65,26,39,0,0,0
2020-09-09 19:45,65,25,40,0,0,0
2020-09-09 20:00,45,13,32,0,0,0
2020-09-09 20:15,49,11,38,0,0,0
2020-09-09 20:30,25,12,13,0,0,0
2020-09-09 20:45,33,11,22,0,0,0
2020-09-09 21:00,36,17,19,0,0,0
2020-09-09 21:15,25,12,13,0,0,0
2020-09-09 21:30,24,6,18,0,0,0
2020-09-09 21:45,32,13,19,0,0,0
2020-09-09 22:00,22,11,11,0,0,0
2020-09-09 22:15,25,5,20,0,0,0
2020-09-09 22:30,15,2,13,0,0,0
2020-09-09 22:45,15,3,12,0,0,0
2020-09-09 23:00,10,1,9,0,0,0
2020-09-09 23:15,4,2,2,0,0,0
2020-09-09 23:30,7,4,3,0,0,0
2020-09-09 23:45,9,1,8,0,0,0
2020-09-10 00:00,7,2,5,0,0,0
2020-09-10 00:15,5,0,5,0,0,0
2020-09-10 00:30,3,1,2,0,0,0
2020-09-10 00:45,3,0,3,0,0,0
2020-09-10 01:00,6,2,4,0,0,0
2020-09-10 01:15,2,1,1,0,0,0
2020-09-10 01:30,3,1,2,0,0,0
2020-09-10 01:45,3,1,2,0,0,0
2020-09-10 02:00,0,0,0,0,0,0
2020-09-10 02:15,1,0,1,0,0,0
2020-09-10 02:30,3,1,2,0,0,0
2020-09-10 02:45,0,0,0,0,0,0
2020-09-10 03:00,0,0,0,0,0,0
2020-09-10 03:15,0,0,0,0,0,0
2020-09-10 03:30,1,0,1,0,0,0
2020-09-10 03:45,2,0,2,0,0,0
2020-09-10 04:00,0,0,0,0,0,0
2020-09-10 04:15,0,0,0,0,0,0
2020-09-10 04:30,1,0,1,0,0,0
2020-09-10 04:45,3,1,2,0,0,0
2020-09-10 05:00,2,1,1,0,0,0
2020-09-10 05:15,1,1,0,0,0,0
2020-09-10 05:30,5,3,2,0,0,0
2020-09-10 05:45,19,7,12,0,0,0
2020-09-10 06:00,5,4,1,0,0,0
2020-09-10 06:15,22,12,10,0,0,0
2020-09-10 06:30,48,27,21,0,0,0
2020-09-10 06:45,58,33,25,0,0,0
2020-09-10 07:00,57,19,38,0,0,0
2020-09-10 07:15,81,44,37,0,0,0
2020-09-10 07:30,283,220,63,0,0,0
2020-09-10 07:45,184,83,101,0,0,0
2020-09-10 08:00,107,39,68,0,0,0
2020-09-10 08:15,92,41,51,0,0,0
2020-09-10 08:30,116,53,63,0,0,0
2020-09-10 08:45,126,73,53,0,0,0
2020-09-10 09:00,89,49,40,0,0,0
2020-09-10 09:15,81,41,40,0,0,0
2020-09-10 09:30,72,36,36,0,0,0
2020-09-10 09:45,87,53,34,0,0,0
2020-09-10 10:00,57,32,25,0,0,0
2020-09-10 10:15,59,30,29,0,0,0
2020-09-10 10:30,75,44,31,0,0,0
2020-09-10 10:45,66,34,32,0,0,0
2020-09-10 11:00,73,37,36,0,0,0
2020-09-10 11:15,87,49,38,0,0,0
2020-09-10 11:30,69,26,43,0,0,0
2020-09-10 11:45,67,33,34,0,0,0
2020-09-10 12:00,70,42,28,0,0,0
2020-09-10 12:15,88,35,53,0,0,0
2020-09-10 12:30,103,43,60,0,0,0
2020-09-10 12:45,94,35,59,0,0,0
2020-09-10 13:00,113,42,71,0,0,0
2020-09-10 13:15,121,39,82,0,0,0
2020-09-10 13:30,88,38,50,0,0,0
2020-09-10 13:45,81,36,45,0,0,0
2020-09-10 14:00,135,47,88,0,0,0
2020-09-10 14:15,107,43,64,0,0,0
2020-09-10 14:30,107,35,72,0,0,0
2020-09-10 14:45,107,48,59,0,0,0
2020-09-10 15:00,109,50,59,0,0,0
2020-09-10 15:15,121,59,62,0,0,0
2020-09-10 15:30,137,60,77,0,0,0
2020-09-10 15:45,110,62,48,0,0,0
2020-09-10 16:00,143,82,61,0,0,0
2020-09-10 16:15,108,52,56,0,0,0
2020-09-10 16:30,112,63,49,0,0,0
2020-09-10 16:45,140,67,73,0,0,0
2020-09-10 17:00,124,65,59,0,0,0
2020-09-10 17:15,135,62,73,0,0,0
2020-09-10 17:30,113,44,69,0,0,0
2020-09-10 17:45,134,52,82,0,0,0
2020-09-10 18:00,106,51,55,0,0,0
2020-09-10 18:15,111,43,68,0,0,0
2020-09-10 18:30,71,31,40,0,0,0
2020-09-10 18:45,90,34,56,0,0,0
2020-09-10 19:00,81,27,54,0,0,0
2020-09-10 19:15,76,27,49,0,0,0
2020-09-10 19:30,72,27,45,0,0,0
2020-09-10 19:45,63,27,36,0,0,0
2020-09-10 20:00,48,17,31,0,0,0
2020-09-10 20:15,43,18,25,0,0,0
2020-09-10 20:30,31,10,21,0,0,0
2020-09-10 20:45,17,4,13,0,0,0
2020-09-10 21:00,42,13,29,0,0,0
2020-09-10 21:15,26,8,18,0,0,0
2020-09-10 21:30,28,9,19,0,0,0
2020-09-10 21:45,28,7,21,0,0,0
2020-09-10 22:00,21,5,16,0,0,0
2020-09-10 22:15,28,8,20,0,0,0
2020-09-10 22:30,11,2,9,0,0,0
2020-09-10 22:45,23,4,19,0,0,0
2020-09-10 23:00,24,14,10,0,0,0
2020-09-10 23:15,10,5,5,0,0,0
2020-09-10 23:30,11,3,8,0,0,0
2020-09-10 23:45,10,2,8,0,0,0
2020-09-11 00:00,7,0,7,0,0,0
2020-09-11 00:15,8,1,7,0,0,0
2020-09-11 00:30,8,3,5,0,0,0
2020-09-11 00:45,4,3,1,0,0,0
2020-09-11 01:00,2,0,2,0,0,0
2020-09-11 01:15,4,1,3,0,0,0
2020-09-11 01:30,3,1,2,0,0,0
2020-09-11 01:45,4,0,4,0,0,0
2020-09-11 02:00,0,0,0,0,0,0
2020-09-11 02:15,0,0,0,0,0,0
2020-09-11 02:30,1,1,0,0,0,0
2020-09-11 02:45,0,0,0,0,0,0
2020-09-11 03:00,2,0,2,0,0,0
2020-09-11 03:15,0,0,0,0,0,0
2020-09-11 03:30,0,0,0,0,0,0
2020-09-11 03:45,1,1,0,0,0,0
2020-09-11 04:00,3,0,3,0,0,0
2020-09-11 04:15,3,3,0,0,0,0
2020-09-11 04:30,2,1,1,0,0,0
2020-09-11 04:45,1,0,1,0,0,0
2020-09-11 05:00,1,1,0,0,0,0
2020-09-11 05:15,7,4,3,0,0,0
2020-09-11 05:30,8,3,5,0,0,0
2020-09-11 05:45,11,4,7,0,0,0
2020-09-11 06:00,5,3,2,0,0,0
2020-09-11 06:15,10,5,5,0,0,0
2020-09-11 06:30,39,16,23,0,0,0
2020-09-11 06:45,42,21,21,0,0,0
2020-09-11 07:00,70,30,40,0,0,0
2020-09-11 07:15,81,46,35,0,0,0
2020-09-11 07:30,259,209,50,0,0,0
2020-09-11 07:45,158,66,92,0,0,0
2020-09-11 08:00,93,41,52,0,0,0
2020-09-11 08:15,88,43,45,0,0,0
2020-09-11 08:30,109,52,57,0,0,0
2020-09-11 08:45,103,57,46,0,0,0
2020-09-11 09:00,77,41,36,0,0,0
2020-09-11 09:15,84,52,32,0,0,0
2020-09-11 09:30,84,45,39,0,0,0
2020-09-11 09:45,78,45,33,0,0,0
2020-09-11 10:00,71,39,32,0,0,0
2020-09-11 10:15,44,26,18,0,0,0
2020-09-11 10:30,47,24,23,0,0,0
2020-09-11 10:45,108,53,55,0,0,0
2020-09-11 11:00,105,39,66,0,0,0
2020-09-11 11:15,93,42,51,0,0,0
2020-09-11 11:30,56,29,27,0,0,0
2020-09-11 11:45,88,51,37,0,0,0
2020-09-11 12:00,96,58,38,0,0,0
2020-09-11 12:15,105,41,64,0,0,0
2020-09-11 12:30,131,53,78,0,0,0
2020-09-11 12:45,105,45,60,0,0,0
2020-09-11 13:00,151,46,105,0,0,0
2020-09-11 13:15,141,40,101,0,0,0
2020-09-11 13:30,125,46,79,0,0,0
2020-09-11 13:45,128,56,72,0,0,0
2020-09-11 14:00,142,57,85,0,0,0
2020-09-11 14:15,108,53,55,0,0,0
2020-09-11 14:30,107,45,62,0,0,0
2020-09-11 14:45,118,42,76,0,0,0
2020-09-11 15:00,112,48,64,0,0,0
2020-09-11 15:15,124,58,66,0,0,0
2020-09-11 15:30,96,47,49,0,0,0
2020-09-11 15:45,144,60,84,0,0,0
2020-09-11 16:00,102,66,36,0,0,0
2020-09-11 16:15,138,75,63,0,0,0
2020-09-11 16:30,96,43,53,0,0,0
2020-09-11 16:45,94,58,36,0,0,0
2020-09-11 17:00,88,47,41,0,0,0
2020-09-11 17:15,108,61,47,0,0,0
2020-09-11 17:30,114,53,61,0,0,0
2020-09-11 17:45,100,49,51,0,0,0
2020-09-11 18:00,101,34,67,0,0,0
2020-09-11 18:15,91,39,52,0,0,0
2020-09-11 18:30,75,38,37,0,0,0
2020-09-11 18:45,99,50,49,0,0,0
2020-09-11 19:00,89,30,59,0,0,0
2020-09-11 19:15,83,35,48,0,0,0
2020-09-11 19:30,61,34,27,0,0,0
2020-09-11 19:45,59,25,34,0,0,0
2020-09-11 20:00,50,19,31,0,0,0
2020-09-11 20:15,48,22,26,0,0,0
2020-09-11 20:30,53,27,26,0,0,0
2020-09-11 20:45,34,17,17,0,0,0
2020-09-11 21:00,33,9,24,0,0,0
2020-09-11 21:15,32,11,21,0,0,0
2020-09-11 21:30,30,12,18,0,0,0
2020-09-11 21:45,17,6,11,0,0,0
2020-09-11 22:00,16,6,10,0,0,0
2020-09-11 22:15,24,5,19,0,0,0
2020-09-11 22:30,28,4,24,0,0,0
2020-09-11 22:45,19,5,14,0,0,0
2020-09-11 23:00,26,3,23,0,0,0
2020-09-11 23:15,13,5,8,0,0,0
2020-09-11 23:30,24,8,16,0,0,0
2020-09-11 23:45,23,5,18,0,0,0
2020-09-12 00:00,18,6,12,0,0,0
2020-09-12 00:15,23,3,20,0,0,0
2020-09-12 00:30,9,2,7,0,0,0
2020-09-12 00:45,11,2,9,0,0,0
2020-09-12 01:00,9,2,7,0,0,0
2020-09-12 01:15,11,5,6,0,0,0
2020-09-12 01:30,13,2,11,0,0,0
2020-09-12 01:45,7,0,7,0,0,0
2020-09-12 02:00,7,1,6,0,0,0
2020-09-12 02:15,3,0,3,0,0,0
2020-09-12 02:30,7,3,4,0,0,0
2020-09-12 02:45,4,1,3,0,0,0
2020-09-12 03:00,3,0,3,0,0,0
2020-09-12 03:15,4,0,4,0,0,0
2020-09-12 03:30,1,0,1,0,0,0
2020-09-12 03:45,4,0,4,0,0,0
2020-09-12 04:00,1,0,1,0,0,0
2020-09-12 04:15,0,0,0,0,0,0
2020-09-12 04:30,5,1,4,0,0,0
2020-09-12 04:45,6,1,5,0,0,0
2020-09-12 05:00,0,0,0,0,0,0
2020-09-12 05:15,3,1,2,0,0,0
2020-09-12 05:30,2,1,1,0,0,0
2020-09-12 05:45,9,1,8,0,0,0
2020-09-12 06:00,1,0,1,0,0,0
2020-09-12 06:15,6,3,3,0,0,0
2020-09-12 06:30,6,5,1,0,0,0
2020-09-12 06:45,13,10,3,0,0,0
2020-09-12 07:00,12,11,1,0,0,0
2020-09-12 07:15,22,17,5,0,0,0
2020-09-12 07:30,16,6,10,0,0,0
2020-09-12 07:45,30,19,11,0,0,0
2020-09-12 08:00,16,11,5,0,0,0
2020-09-12 08:15,34,20,14,0,0,0
2020-09-12 08:30,31,17,14,0,0,0
2020-09-12 08:45,51,35,16,0,0,0
2020-09-12 09:00,30,21,9,0,0,0
2020-09-12 09:15,63,39,24,0,0,0
2020-09-12 09:30,64,48,16,0,0,0
2020-09-12 09:45,77,56,21,0,0,0
2020-09-12 10:00,66,43,23,0,0,0
2020-09-12 10:15,75,50,25,0,0,0
2020-09-12 10:30,101,65,36,0,0,0
2020-09-12 10:45,78,51,27,0,0,0
2020-09-12 11:00,84,51,33,0,0,0
2020-09-12 11:15,76,47,29,0,0,0
2020-09-12 11:30,83,45,38,0,0,0
2020-09-12 11:45,104,60,44,0,0,0
2020-09-12 12:00,105,54,51,0,0,0
2020-09-12 12:15,112,61,51,0,0,0
2020-09-12 12:30,96,48,48,0,0,0
2020-09-12 12:45,84,42,42,0,0,0
2020-09-12 13:00,90,47,43,0,0,0
2020-09-12 13:15,70,27,43,0,0,0
2020-09-12 13:30,114,72,42,0,0,0
2020-09-12 13:45,101,48,53,0,0,0
2020-09-12 14:00,112,45,67,0,0,0
2020-09-12 14:15,106,34,72,0,0,0
2020-09-12 14:30,87,30,57,0,0,0
2020-09-12 14:45,116,26,90,0,0,0
2020-09-12 15:00,78,34,44,0,0,0
2020-09-12 15:15,80,31,49,0,0,0
2020-09-12 15:30,84,48,36,0,0,0
2020-09-12 15:45,77,35,42,0,0,0
2020-09-12 16:00,96,31,65,0,0,0
2020-09-12 16:15,57,15,42,0,0,0
2020-09-12 16:30,70,29,41,0,0,0
2020-09-12 16:45,92,38,54,0,0,0
2020-09-12 17:00,72,27,45,0,0,0
2020-09-12 17:15,75,25,50,0,0,0
2020-09-12 17:30,79,29,50,0,0,0
2020-09-12 17:45,66,31,35,0,0,0
2020-09-12 18:00,58,15,43,0,0,0
2020-09-12 18:15,81,25,56,0,0,0
2020-09-12 18:30,58,14,44,0,0,0
2020-09-12 18:45,77,36,41,0,0,0
2020-09-12 19:00,40,8,32,0,0,0
2020-09-12 19:15,60,26,34,0,0,0
2020-09-12 19:30,45,25,20,0,0,0
2020-09-12 19:45,58,27,31,0,0,0
2020-09-12 20:00,40,14,26,0,0,0
2020-09-12 20:15,43,28,15,0,0,0
2020-09-12 20:30,44,21,23,0,0,0
2020-09-12 20:45,28,6,22,0,0,0
2020-09-12 21:00,38,14,24,0,0,0
2020-09-12 21:15,29,18,11,0,0,0
2020-09-12 21:30,30,11,19,0,0,0
2020-09-12 21:45,23,7,16,0,0,0
2020-09-12 22:00,15,1,14,0,0,0
2020-09-12 22:15,26,3,23,0,0,0
2020-09-12 22:30,14,2,12,0,0,0
2020-09-12 22:45,30,2,28,0,0,0
2020-09-12 23:00,15,2,13,0,0,0
2020-09-12 23:15,18,3,15,0,0,0
2020-09-12 23:30,25,3,22,0,0,0
2020-09-12 23:45,20,6,14,0,0,0
2020-09-13 00:00,22,7,15,0,0,0
2020-09-13 00:15,23,7,16,0,0,0
2020-09-13 00:30,18,5,13,0,0,0
2020-09-13 00:45,17,5,12,0,0,0
2020-09-13 01:00,11,3,8,0,0,0
2020-09-13 01:15,12,2,10,0,0,0
2020-09-13 01:30,10,0,10,0,0,0
2020-09-13 01:45,9,3,6,0,0,0
2020-09-13 02:00,8,0,8,0,0,0
2020-09-13 02:15,4,1,3,0,0,0
2020-09-13 02:30,9,0,9,0,0,0
2020-09-13 02:45,9,5,4,0,0,0
2020-09-13 03:00,6,0,6,0,0,0
2020-09-13 03:15,12,2,10,0,0,0
2020-09-13 03:30,3,1,2,0,0,0
2020-09-13 03:45,2,1,1,0,0,0
2020-09-13 04:00,2,0,2,0,0,0
2020-09-13 04:15,2,0,2,0,0,0
2020-09-13 04:30,2,1,1,0,0,0
2020-09-13 04:45,0,0,0,0,0,0
2020-09-13 05:00,2,0,2,0,0,0
2020-09-13 05:15,0,0,0,0,0,0
2020-09-13 05:30,3,0,3,0,0,0
2020-09-13 05:45,7,0,7,0,0,0
2020-09-13 06:00,0,0,0,0,0,0
2020-09-13 06:15,2,1,1,0,0,0
2020-09-13 06:30,7,3,4,0,0,0
2020-09-13 06:45,3,1,2,0,0,0
2020-09-13 07:00,1,1,0,0,0,0
2020-09-13 07:15,10,6,4,0,0,0
2020-09-13 07:30,7,1,6,0,0,0
2020-09-13 07:45,10,4,6,0,0,0
2020-09-13 08:00,10,5,5,0,0,0
2020-09-13 08:15,8,7,1,0,0,0
2020-09-13 08:30,18,13,5,0,0,0
2020-09-13 08:45,10,4,6,0,0,0
2020-09-13 09:00,19,10,9,0,0,0
2020-09-13 09:15,15,11,4,0,0,0
2020-09-13 09:30,26,18,8,0,0,0
2020-09-13 09:45,50,32,18,0,0,0
2020-09-13 10:00,25,11,14,0,0,0
2020-09-13 10:15,39,27,12,0,0,0
2020-09-13 10:30,36,12,24,0,0,0
2020-09-13 10:45,28,17,11,0,0,0
2020-09-13 11:00,31,10,21,0,0,0
2020-09-13 11:15,44,20,24,0,0,0
2020-09-13 11:30,26,12,14,0,0,0
2020-09-13 11:45,36,18,18,0,0,0
2020-09-13 12:00,52,34,18,0,0,0
2020-09-13 12:15,50,28,22,0,0,0
2020-09-13 12:30,71,37,34,0,0,0
2020-09-13 12:45,54,20,34,0,0,0
2020-09-13 13:00,68,27,41,0,0,0
2020-09-13 13:15,42,23,19,0,0,0
2020-09-13 13:30,51,23,28,0,0,0
2020-09-13 13:45,66,30,36,0,0,0
2020-09-13 14:00,69,34,35,0,0,0
2020-09-13 14:15,76,25,51,0,0,0
2020-09-13 14:30,74,20,54,0,0,0
2020-09-13 14:45,60,27,33,0,0,0
2020-09-13 15:00,57,28,29,0,0,0
2020-09-13 15:15,63,29,34,0,0,0
2020-09-13 15:30,68,23,45,0,0,0
2020-09-13 15:45,70,27,43,0,0,0
2020-09-13 16:00,58,26,32,0,0,0
2020-09-13 16:15,62,24,38,0,0,0
2020-09-13 16:30,66,26,40,0,0,0
2020-09-13 16:45,56,23,33,0,0,0
2020-09-13 17:00,80,35,45,0,0,0
2020-09-13 17:15,75,25,50,0,0,0
2020-09-13 17:30,74,31,43,0,0,0
2020-09-13 17:45,74,28,46,0,0,0
2020-09-13 18:00,66,25,41,0,0,0
2020-09-13 18:15,78,33,45,0,0,0
2020-09-13 18:30,58,24,34,0,0,0
2020-09-13 18:45,62,25,37,0,0,0
2020-09-13 19:00,56,16,40,0,0,0
2020-09-13 19:15,33,15,18,0,0,0
2020-09-13 19:30,40,12,28,0,0,0
2020-09-13 19:45,32,13,19,0,0,0
2020-09-13 20:00,50,14,36,0,0,0
2020-09-13 20:15,42,22,20,0,0,0
2020-09-13 20:30,32,9,23,0,0,0
2020-09-13 20:45,28,19,9,0,0,0
2020-09-13 21:00,35,11,24,0,0,0
2020-09-13 21:15,16,11,5,0,0,0
2020-09-13 21:30,16,7,9,0,0,0
2020-09-13 21:45,24,9,15,0,0,0
2020-09-13 22:00,14,1,13,0,0,0
2020-09-13 22:15,23,10,13,0,0,0
2020-09-13 22:30,14,3,11,0,0,0
2020-09-13 22:45,25,10,15,0,0,0
2020-09-13 23:00,9,3,6,0,0,0
2020-09-13 23:15,10,3,7,0,0,0
2020-09-13 23:30,13,3,10,0,0,0
2020-09-13 23:45,10,5,5,0,0,0
2020-09-14 00:00,8,5,3,0,0,0
2020-09-14 00:15,2,1,1,0,0,0
2020-09-14 00:30,0,0,0,0,0,0
2020-09-14 00:45,3,2,1,0,0,0
2020-09-14 01:00,2,0,2,0,0,0
2020-09-14 01:15,5,0,5,0,0,0
2020-09-14 01:30,2,1,1,0,0,0
2020-09-14 01:45,0,0,0,0,0,0
2020-09-14 02:00,2,0,2,0,0,0
2020-09-14 02:15,0,0,0,0,0,0
2020-09-14 02:30,1,1,0,0,0,0
2020-09-14 02:45,2,1,1,0,0,0
2020-09-14 03:00,1,1,0,0,0,0
2020-09-14 03:15,1,0,1,0,0,0
2020-09-14 03:30,0,0,0,0,0,0
2020-09-14 03:45,2,1,1,0,0,0
2020-09-14 04:00,1,0,1,0,0,0
2020-09-14 04:15,0,0,0,0,0,0
2020-09-14 04:30,1,0,1,0,0,0
2020-09-14 04:45,3,1,2,0,0,0
2020-09-14 05:00,1,1,0,0,0,0
2020-09-14 05:15,0,0,0,0,0,0
2020-09-14 05:30,10,4,6,0,0,0
2020-09-14 05:45,19,5,14,0,0,0
2020-09-14 06:00,11,7,4,0,0,0
2020-09-14 06:15,18,6,12,0,0,0
2020-09-14 06:30,43,13,30,0,0,0
2020-09-14 06:45,50,22,28,0,0,0
2020-09-14 07:00,60,26,34,0,0,0
2020-09-14 07:15,87,49,38,0,0,0
2020-09-14 07:30,285,219,66,0,0,0
2020-09-14 07:45,151,72,79,0,0,0
2020-09-14 08:00,106,40,66,0,0,0
2020-09-14 08:15,108,40,68,0,0,0
2020-09-14 08:30,102,46,56,0,0,0
2020-09-14 08:45,108,59,49,0,0,0
2020-09-14 09:00,71,36,35,0,0,0
2020-09-14 09:15,75,39,36,0,0,0
2020-09-14 09:30,61,35,26,0,0,0
2020-09-14 09:45,64,29,35,0,0,0
2020-09-14 10:00,62,27,35,0,0,0
2020-09-14 10:15,61,38,23,0,0,0
2020-09-14 10:30,56,25,31,0,0,0
2020-09-14 10:45,64,31,33,0,0,0
2020-09-14 11:00,53,32,21,0,0,0
2020-09-14 11:15,68,31,37,0,0,0
2020-09-14 11:30,71,42,29,0,0,0
2020-09-14 11:45,94,58,36,0,0,0
2020-09-14 12:00,77,33,44,0,0,0
2020-09-14 12:15,88,36,52,0,0,0
2020-09-14 12:30,65,21,44,0,0,0
2020-09-14 12:45,82,39,43,0,0,0
2020-09-14 13:00,139,37,102,0,0,0
2020-09-14 13:15,100,1,99,0,0,0
2020-09-14 13:30,72,25,47,0,0,0
2020-09-14 13:45,92,37,55,0,0,0
2020-09-14 14:00,117,41,76,0,0,0
2020-09-14 14:15,88,49,39,0,0,0
2020-09-14 14:30,70,35,35,0,0,0
2020-09-14 14:45,106,56,50,0,0,0
2020-09-14 15:00,110,56,54,0,0,0
2020-09-14 15:15,110,57,53,0,0,0
2020-09-14 15:30,130,55,75,0,0,0
2020-09-14 15:45,138,69,69,0,0,0
2020-09-14 16:00,119,58,61,0,0,0
2020-09-14 16:15,152,77,75,0,0,0
2020-09-14 16:30,106,57,49,0,0,0
2020-09-14 16:45,135,56,79,0,0,0
2020-09-14 17:00,120,65,55,0,0,0
2020-09-14 17:15,126,61,65,0,0,0
2020-09-14 17:30,111,49,62,0,0,0
2020-09-14 17:45,119,54,65,0,0,0
2020-09-14 18:00,99,40,59,0,0,0
2020-09-14 18:15,87,32,55,0,0,0
2020-09-14 18:30,83,24,59,0,0,0
2020-09-14 18:45,81,32,49,0,0,0
2020-09-14 19:00,73,25,48,0,0,0
2020-09-14 19:15,64,23,41,0,0,0
2020-09-14 19:30,70,36,34,0,0,0
2020-09-14 19:45,69,25,44,0,0,0
2020-09-14 20:00,67,24,43,0,0,0
2020-09-14 20:15,69,19,50,0,0,0
2020-09-14 20:30,49,15,34,0,0,0
2020-09-14 20:45,48,23,25,0,0,0
2020-09-14 21:00,41,20,21,0,0,0
2020-09-14 21:15,29,11,18,0,0,0
2020-09-14 21:30,27,8,19,0,0,0
2020-09-14 21:45,33,14,19,0,0,0
2020-09-14 22:00,15,1,14,0,0,0
2020-09-14 22:15,22,4,18,0,0,0
2020-09-14 22:30,18,3,15,0,0,0
2020-09-14 22:45,26,7,19,0,0,0
2020-09-14 23:00,13,4,9,0,0,0
2020-09-14 23:15,17,2,15,0,0,0
2020-09-14 23:30,13,2,11,0,0,0
2020-09-14 23:45,9,1,8,0,0,0
2020-09-15 00:00,12,0,12,0,0,0
2020-09-15 00:15,6,3,3,0,0,0
2020-09-15 00:30,6,0,6,0,0,0
2020-09-15 00:45,3,0,3,0,0,0
2020-09-15 01:00,3,0,3,0,0,0
2020-09-15 01:15,3,1,2,0,0,0
2020-09-15 01:30,2,1,1,0,0,0
2020-09-15 01:45,0,0,0,0,0,0
2020-09-15 02:00,0,0,0,0,0,0
2020-09-15 02:15,0,0,0,0,0,0
2020-09-15 02:30,3,0,3,0,0,0
2020-09-15 02:45,0,0,0,0,0,0
2020-09-15 03:00,2,1,1,0,0,0
2020-09-15 03:15,2,0,2,0,0,0
2020-09-15 03:30,0,0,0,0,0,0
2020-09-15 03:45,1,0,1,0,0,0
2020-09-15 04:00,2,0,2,0,0,0
2020-09-15 04:15,0,0,0,0,0,0
2020-09-15 04:30,2,1,1,0,0,0
2020-09-15 04:45,4,1,3,0,0,0
2020-09-15 05:00,1,1,0,0,0,0
2020-09-15 05:15,1,0,1,0,0,0
2020-09-15 05:30,12,3,9,0,0,0
2020-09-15 05:45,13,2,11,0,0,0
2020-09-15 06:00,7,4,3,0,0,0
2020-09-15 06:15,36,18,18,0,0,0
2020-09-15 06:30,44,18,26,0,0,0
2020-09-15 06:45,52,23,29,0,0,0
2020-09-15 07:00,64,20,44,0,0,0
2020-09-15 07:15,104,53,51,0,0,0
2020-09-15 07:30,280,199,81,0,0,0
2020-09-15 07:45,168,73,95,0,0,0
2020-09-15 08:00,103,43,60,0,0,0
2020-09-15 08:15,93,44,49,0,0,0
2020-09-15 08:30,120,52,68,0,0,0
2020-09-15 08:45,127,51,76,0,0,0
2020-09-15 09:00,78,35,43,0,0,0
2020-09-15 09:15,61,40,21,0,0,0
2020-09-15 09:30,84,48,36,0,0,0
2020-09-15 09:45,79,43,36,0,0,0
2020-09-15 10:00,56,32,24,0,0,0
2020-09-15 10:15,87,51,36,0,0,0
2020-09-15 10:30,58,30,28,0,0,0
2020-09-15 10:45,67,44,23,0,0,0
2020-09-15 11:00,64,33,31,0,0,0
2020-09-15 11:15,79,32,47,0,0,0
2020-09-15 11:30,81,37,44,0,0,0
2020-09-15 11:45,89,42,47,0,0,0
2020-09-15 12:00,89,43,46,0,0,0
2020-09-15 12:15,83,35,48,0,0,0
2020-09-15 12:30,99,51,48,0,0,0
2020-09-15 12:45,94,39,55,0,0,0
2020-09-15 13:00,192,40,152,0,0,0
2020-09-15 13:15,108,21,87,0,0,0
2020-09-15 13:30,81,26,55,0,0,0
2020-09-15 13:45,88,37,51,0,0,0
2020-09-15 14:00,129,52,77,0,0,0
2020-09-15 14:15,102,50,52,0,0,0
2020-09-15 14:30,91,42,49,0,0,0
2020-09-15 14:45,99,43,56,0,0,0
2020-09-15 15:00,106,56,50,0,0,0
2020-09-15 15:15,129,74,55,0,0,0
2020-09-15 15:30,131,59,72,0,0,0
2020-09-15 15:45,140,85,55,0,0,0
2020-09-15 16:00,129,60,69,0,0,0
2020-09-15 16:15,138,68,70,0,0,0
2020-09-15 16:30,131,64,67,0,0,0
2020-09-15 16:45,116,56,60,0,0,0
2020-09-15 17:00,140,72,68,0,0,0
2020-09-15 17:15,117,63,54,0,0,0
2020-09-15 17:30,127,56,71,0,0,0
2020-09-15 17:45,139,61,78,0,0,0
2020-09-15 18:00,111,37,74,0,0,0
2020-09-15 18:15,102,35,67,0,0,0
2020-09-15 18:30,114,41,73,0,0,0
2020-09-15 18:45,90,37,53,0,0,0
2020-09-15 19:00,106,42,64,0,0,0
2020-09-15 19:15,79,32,47,0,0,0
2020-09-15 19:30,76,28,48,0,0,0
2020-09-15 19:45,69,24,45,0,0,0
2020-09-15 20:00,71,26,45,0,0,0
2020-09-15 20:15,50,9,41,0,0,0
2020-09-15 20:30,34,12,22,0,0,0
2020-09-15 20:45,38,12,26,0,0,0
2020-09-15 21:00,43,23,20,0,0,0
2020-09-15 21:15,40,13,27,0,0,0
2020-09-15 21:30,49,19,30,0,0,0
2020-09-15 21:45,34,8,26,0,0,0
2020-09-15 22:00,27,4,23,0,0,0
2020-09-15 22:15,38,14,24,0,0,0
2020-09-15 22:30,18,7,11,0,0,0
2020-09-15 22:45,19,3,16,0,0,0
2020-09-15 23:00,13,2,11,0,0,0
2020-09-15 23:15,17,7,10,0,0,0
2020-09-15 23:30,13,1,12,0,0,0
2020-09-15 23:45,7,1,6,0,0,0
2020-09-16 00:00,7,2,5,0,0,0
2020-09-16 00:15,7,4,3,0,0,0
2020-09-16 00:30,5,1,4,0,0,0
2020-09-16 00:45,2,2,0,0,0,0
2020-09-16 01:00,4,1,3,0,0,0
2020-09-16 01:15,1,1,0,0,0,0
2020-09-16 01:30,0,0,0,0,0,0
2020-09-16 01:45,2,1,1,0,0,0
2020-09-16 02:00,0,0,0,0,0,0
2020-09-16 02:15,0,0,0,0,0,0
2020-09-16 02:30,2,2,0,0,0,0
2020-09-16 02:45,0,0,0,0,0,0
2020-09-16 03:00,1,0,1,0,0,0
2020-09-16 03:15,0,0,0,0,0,0
2020-09-16 03:30,0,0,0,0,0,0
2020-09-16 03:45,1,0,1,0,0,0
2020-09-16 04:00,0,0,0,0,0,0
2020-09-16 04:15,1,1,0,0,0,0
2020-09-16 04:30,0,0,0,0,0,0
2020-09-16 04:45,3,1,2,0,0,0
2020-09-16 05:00,1,1,0,0,0,0
2020-09-16 05:15,1,1,0,0,0,0
2020-09-16 05:30,11,4,7,0,0,0
2020-09-16 05:45,17,2,15,0,0,0
2020-09-16 06:00,8,4,4,0,0,0
2020-09-16 06:15,18,10,8,0,0,0
2020-09-16 06:30,39,20,19,0,0,0
2020-09-16 06:45,63,32,31,0,0,0
2020-09-16 07:00,65,24,41,0,0,0
2020-09-16 07:15,109,51,58,0,0,0
2020-09-16 07:30,303,233,70,0,0,0
2020-09-16 07:45,178,80,98,0,0,0
2020-09-16 08:00,113,50,63,0,0,0
2020-09-16 08:15,104,51,53,0,0,0
2020-09-16 08:30,121,63,58,0,0,0
2020-09-16 08:45,133,73,60,0,0,0
2020-09-16 09:00,97,50,47,0,0,0
2020-09-16 09:15,95,61,34,0,0,0
2020-09-16 09:30,76,46,30,0,0,0
2020-09-16 09:45,82,47,35,0,0,0
2020-09-16 10:00,71,46,25,0,0,0
2020-09-16 10:15,62,34,28,0,0,0
2020-09-16 10:30,67,32,35,0,0,0
2020-09-16 10:45,83,45,38,0,0,0
2020-09-16 11:00,96,50,46,0,0,0
2020-09-16 11:15,97,55,42,0,0,0
2020-09-16 11:30,94,31,63,0,0,0
2020-09-16 11:45,101,52,49,0,0,0
2020-09-16 12:00,104,61,43,0,0,0
2020-09-16 12:15,126,43,83,0,0,0
2020-09-16 12:30,104,44,60,0,0,0
2020-09-16 12:45,116,48,68,0,0,0
2020-09-16 13:00,117,49,68,0,0,0
2020-09-16 13:15,140,28,112,0,0,0
2020-09-16 13:30,98,46,52,0,0,0
2020-09-16 13:45,105,36,69,0,0,0
2020-09-16 14:00,128,41,87,0,0,0
2020-09-16 14:15,90,47,43,0,0,0
2020-09-16 14:30,93,52,41,0,0,0
2020-09-16 14:45,106,47,59,0,0,0
2020-09-16 15:00,103,52,51,0,0,0
2020-09-16 15:15,100,45,55,0,0,0
2020-09-16 15:30,126,49,77,0,0,0
2020-09-16 15:45,120,51,69,0,0,0
2020-09-16 16:00,123,61,62,0,0,0
2020-09-16 16:15,101,49,52,0,0,0
2020-09-16 16:30,141,82,59,0,0,0
2020-09-16 16:45,117,60,57,0,0,0
2020-09-16 17:00,139,78,61,0,0,0
2020-09-16 17:15,107,53,54,0,0,0
2020-09-16 17:30,104,60,44,0,0,0
2020-09-16 17:45,126,61,65,0,0,0
2020-09-16 18:00,102,44,58,0,0,0
2020-09-16 18:15,111,49,62,0,0,0
2020-09-16 18:30,84,40,44,0,0,0
2020-09-16 18:45,78,49,29,0,0,0
2020-09-16 19:00,102,57,45,0,0,0
2020-09-16 19:15,66,37,29,0,0,0
2020-09-16 19:30,71,32,39,0,0,0
2020-09-16 19:45,62,19,43,0,0,0
2020-09-16 20:00,69,36,33,0,0,0
2020-09-16 20:15,46,24,22,0,0,0
2020-09-16 20:30,48,13,35,0,0,0
2020-09-16 20:45,34,17,17,0,0,0
2020-09-16 21:00,33,16,17,0,0,0
2020-09-16 21:15,40,8,32,0,0,0
2020-09-16 21:30,41,16,25,0,0,0
2020-09-16 21:45,45,15,30,0,0,0
2020-09-16 22:00,28,7,21,0,0,0
2020-09-16 22:15,23,7,16,0,0,0
2020-09-16 22:30,13,3,10,0,0,0
2020-09-16 22:45,11,2,9,0,0,0
2020-09-16 23:00,14,2,12,0,0,0
2020-09-16 23:15,11,4,7,0,0,0
2020-09-16 23:30,12,4,8,0,0,0
2020-09-16 23:45,20,6,14,0,0,0
2020-09-17 00:00,5,2,3,0,0,0
2020-09-17 00:15,6,3,3,0,0,0
2020-09-17 00:30,1,1,0,0,0,0
2020-09-17 00:45,2,0,2,0,0,0
2020-09-17 01:00,4,1,3,0,0,0
2020-09-17 01:15,4,2,2,0,0,0
2020-09-17 01:30,4,3,1,0,0,0
2020-09-17 01:45,2,1,1,0,0,0
2020-09-17 02:00,1,0,1,0,0,0
2020-09-17 02:15,0,0,0,0,0,0
2020-09-17 02:30,7,0,7,0,0,0
2020-09-17 02:45,1,1,0,0,0,0
2020-09-17 03:00,1,0,1,0,0,0
2020-09-17 03:15,1,0,1,0,0,0
2020-09-17 03:30,1,1,0,0,0,0
2020-09-17 03:45,1,1,0,0,0,0
2020-09-17 04:00,0,0,0,0,0,0
2020-09-17 04:15,1,1,0,0,0,0
2020-09-17 04:30,2,0,2,0,0,0
2020-09-17 04:45,2,0,2,0,0,0
2020-09-17 05:00,6,0,6,0,0,0
2020-09-17 05:15,4,4,0,0,0,0
2020-09-17 05:30,7,4,3,0,0,0
2020-09-17 05:45,9,4,5,0,0,0
2020-09-17 06:00,5,3,2,0,0,0
2020-09-17 06:15,16,7,9,0,0,0
2020-09-17 06:30,30,12,18,0,0,0
2020-09-17 06:45,47,26,21,0,0,0
2020-09-17 07:00,53,25,28,0,0,0
2020-09-17 07:15,95,55,40,0,0,0
2020-09-17 07:30,242,193,49,0,0,0
2020-09-17 07:45,183,95,88,0,0,0
2020-09-17 08:00,95,51,44,0,0,0
2020-09-17 08:15,97,52,45,0,0,0
2020-09-17 08:30,90,46,44,0,0,0
2020-09-17 08:45,89,53,36,0,0,0
2020-09-17 09:00,73,47,26,0,0,0
2020-09-17 09:15,72,45,27,0,0,0
2020-09-17 09:30,66,34,32,0,0,0
2020-09-17 09:45,65,36,29,0,0,0
2020-09-17 10:00,63,32,31,0,0,0
2020-09-17 10:15,43,25,18,0,0,0
2020-09-17 10:30,56,35,21,0,0,0
2020-09-17 10:45,69,39,30,0,0,0
2020-09-17 11:00,50,31,19,0,0,0
2020-09-17 11:15,68,33,35,0,0,0
2020-09-17 11:30,69,32,37,0,0,0
2020-09-17 11:45,92,59,33,0,0,0
2020-09-17 12:00,102,71,31,0,0,0
2020-09-17 12:15,84,32,52,0,0,0
2020-09-17 12:30,76,26,50,0,0,0
2020-09-17 12:45,112,47,65,0,0,0
2020-09-17 13:00,88,24,64,0,0,0
2020-09-17 13:15,132,54,78,0,0,0
2020-09-17 13:30,82,42,40,0,0,0
2020-09-17 13:45,98,56,42,0,0,0
2020-09-17 14:00,106,39,67,0,0,0
2020-09-17 14:15,106,54,52,0,0,0
2020-09-17 14:30,83,32,51,0,0,0
2020-09-17 14:45,91,48,43,0,0,0
2020-09-17 15:00,116,56,60,0,0,0
2020-09-17 15:15,132,73,59,0,0,0
2020-09-17 15:30,125,54,71,0,0,0
2020-09-17 15:45,126,66,60,0,0,0
2020-09-17 16:00,109,66,43,0,0,0
2020-09-17 16:15,127,60,67,0,0,0
2020-09-17 16:30,123,73,50,0,0,0
2020-09-17 16:45,107,73,34,0,0,0
2020-09-17 17:00,131,59,72,0,0,0
2020-09-17 17:15,117,62,55,0,0,0
2020-09-17 17:30,111,52,59,0,0,0
2020-09-17 17:45,135,58,77,0,0,0
2020-09-17 18:00,127,57,70,0,0,0
2020-09-17 18:15,104,44,60,0,0,0
2020-09-17 18:30,83,36,47,0,0,0
2020-09-17 18:45,74,40,34,0,0,0
2020-09-17 19:00,70,34,36,0,0,0
2020-09-17 19:15,68,22,46,0,0,0
2020-09-17 19:30,59,23,36,0,0,0
2020-09-17 19:45,61,26,35,0,0,0
2020-09-17 20:00,63,20,43,0,0,0
2020-09-17 20:15,36,11,25,0,0,0
2020-09-17 20:30,32,14,18,0,0,0
2020-09-17 20:45,41,12,29,0,0,0
2020-09-17 21:00,40,22,18,0,0,0
2020-09-17 21:15,30,15,15,0,0,0
2020-09-17 21:30,24,13,11,0,0,0
2020-09-17 21:45,36,5,31,0,0,0
2020-09-17 22:00,19,4,15,0,0,0
2020-09-17 22:15,29,5,24,0,0,0
2020-09-17 22:30,14,7,7,0,0,0
2020-09-17 22:45,13,2,11,0,0,0
2020-09-17 23:00,10,0,10,0,0,0
2020-09-17 23:15,16,6,10,0,0,0
2020-09-17 23:30,13,0,13,0,0,0
2020-09-17 23:45,9,1,8,0,0,0
2020-09-18 00:00,3,1,2,0,0,0
2020-09-18 00:15,5,1,4,0,0,0
2020-09-18 00:30,2,1,1,0,0,0
2020-09-18 00:45,3,1,2,0,0,0
2020-09-18 01:00,5,2,3,0,0,0
2020-09-18 01:15,1,0,1,0,0,0
2020-09-18 01:30,3,1,2,0,0,0
2020-09-18 01:45,2,0,2,0,0,0
2020-09-18 02:00,1,0,1,0,0,0
2020-09-18 02:15,1,0,1,0,0,0
2020-09-18 02:30,1,1,0,0,0,0
2020-09-18 02:45,1,1,0,0,0,0
2020-09-18 03:00,0,0,0,0,0,0
2020-09-18 03:15,1,0,1,0,0,0
2020-09-18 03:30,2,1,1,0,0,0
2020-09-18 03:45,1,0,1,0,0,0
2020-09-18 04:00,1,0,1,0,0,0
2020-09-18 04:15,0,0,0,0,0,0
2020-09-18 04:30,3,1,2,0,0,0
2020-09-18 04:45,3,1,2,0,0,0
2020-09-18 05:00,3,2,1,0,0,0
2020-09-18 05:15,1,0,1,0,0,0
2020-09-18 05:30,2,0,2,0,0,0
2020-09-18 05:45,9,1,8,0,0,0
2020-09-18 06:00,5,2,3,0,0,0
2020-09-18 06:15,12,8,4,0,0,0
2020-09-18 06:30,28,13,15,0,0,0
2020-09-18 06:45,31,16,15,0,0,0
2020-09-18 07:00,39,17,22,0,0,0
2020-09-18 07:15,69,39,30,0,0,0
2020-09-18 07:30,249,206,43,0,0,0
2020-09-18 07:45,145,84,61,0,0,0
2020-09-18 08:00,92,44,48,0,0,0
2020-09-18 08:15,78,37,41,0,0,0
2020-09-18 08:30,61,34,27,0,0,0
2020-09-18 08:45,76,48,28,0,0,0
2020-09-18 09:00,75,48,27,0,0,0
2020-09-18 09:15,63,45,18,0,0,0
2020-09-18 09:30,68,46,22,0,0,0
2020-09-18 09:45,70,41,29,0,0,0
2020-09-18 10:00,53,29,24,0,0,0
2020-09-18 10:15,71,41,30,0,0,0
2020-09-18 10:30,64,38,26,0,0,0
2020-09-18 10:45,74,36,38,0,0,0
2020-09-18 11:00,51,38,13,0,0,0
2020-09-18 11:15,58,30,28,0,0,0
2020-09-18 11:30,75,39,36,0,0,0
2020-09-18 11:45,51,30,21,0,0,0
2020-09-18 12:00,85,49,36,0,0,0
2020-09-18 12:15,98,46,52,0,0,0
2020-09-18 12:30,91,35,56,0,0,0
2020-09-18 12:45,69,33,36,0,0,0
2020-09-18 13:00,141,37,104,0,0,0
2020-09-18 13:15,150,32,118,0,0,0
2020-09-18 13:30,96,38,58,0,0,0
2020-09-18 13:45,118,59,59,0,0,0
2020-09-18 14:00,133,67,66,0,0,0
2020-09-18 14:15,122,60,62,0,0,0
2020-09-18 14:30,86,44,42,0,0,0
2020-09-18 14:45,128,41,87,0,0,0
2020-09-18 15:00,118,54,64,0,0,0
2020-09-18 15:15,114,68,46,0,0,0
2020-09-18 15:30,101,42,59,0,0,0
2020-09-18 15:45,95,47,48,0,0,0
2020-09-18 16:00,115,66,49,0,0,0
2020-09-18 16:15,108,58,50,0,0,0
2020-09-18 16:30,99,58,41,0,0,0
2020-09-18 16:45,93,47,46,0,0,0
2020-09-18 17:00,104,50,54,0,0,0
2020-09-18 17:15,91,39,52,0,0,0
2020-09-18 17:30,115,59,56,0,0,0
2020-09-18 17:45,80,40,40,0,0,0
2020-09-18 18:00,78,35,43,0,0,0
2020-09-18 18:15,81,47,34,0,0,0
2020-09-18 18:30,81,34,47,0,0,0
2020-09-18 18:45,66,30,36,0,0,0
2020-09-18 19:00,79,32,47,0,0,0
2020-09-18 19:15,58,29,29,0,0,0
2020-09-18 19:30,59,25,34,0,0,0
2020-09-18 19:45,60,32,28,0,0,0
2020-09-18 20:00,34,13,21,0,0,0
2020-09-18 20:15,43,15,28,0,0,0
2020-09-18 20:30,44,18,26,0,0,0
2020-09-18 20:45,24,10,14,0,0,0
2020-09-18 21:00,34,12,22,0,0,0
2020-09-18 21:15,23,10,13,0,0,0
2020-09-18 21:30,26,8,18,0,0,0
2020-09-18 21:45,23,8,15,0,0,0
2020-09-18 22:00,17,7,10,0,0,0
2020-09-18 22:15,28,17,11,0,0,0
2020-09-18 22:30,26,14,12,0,0,0
2020-09-18 22:45,30,15,15,0,0,0
2020-09-18 23:00,15,5,10,0,0,0
2020-09-18 23:15,17,4,13,0,0,0
2020-09-18 23:30,20,4,16,0,0,0
2020-09-18 23:45,16,1,15,0,0,0
2020-09-19 00:00,16,12,4,0,0,0
2020-09-19 00:15,16,5,11,0,0,0
2020-09-19 00:30,6,2,4,0,0,0
2020-09-19 00:45,12,1,11,0,0,0
2020-09-19 01:00,6,1,5,0,0,0
2020-09-19 01:15,9,0,9,0,0,0
2020-09-19 01:30,10,1,9,0,0,0
2020-09-19 01:45,5,3,2,0,0,0
2020-09-19 02:00,9,2,7,0,0,0
2020-09-19 02:15,9,2,7,0,0,0
2020-09-19 02:30,7,3,4,0,0,0
2020-09-19 02:45,2,1,1,0,0,0
2020-09-19 03:00,4,0,4,0,0,0
2020-09-19 03:15,1,1,0,0,0,0
2020-09-19 03:30,5,0,5,0,0,0
2020-09-19 03:45,3,0,3,0,0,0
2020-09-19 04:00,4,0,4,0,0,0
2020-09-19 04:15,0,0,0,0,0,0
2020-09-19 04:30,2,2,0,0,0,0
2020-09-19 04:45,4,2,2,0,0,0
2020-09-19 05:00,3,0,3,0,0,0
2020-09-19 05:15,4,2,2,0,0,0
2020-09-19 05:30,7,2,5,0,0,0
2020-09-19 05:45,5,3,2,0,0,0
2020-09-19 06:00,0,0,0,0,0,0
2020-09-19 06:15,7,5,2,0,0,0
2020-09-19 06:30,7,6,1,0,0,0
2020-09-19 06:45,5,4,1,0,0,0
2020-09-19 07:00,6,5,1,0,0,0
2020-09-19 07:15,8,5,3,0,0,0
2020-09-19 07:30,19,9,10,0,0,0
2020-09-19 07:45,18,8,10,0,0,0
2020-09-19 08:00,14,7,7,0,0,0
2020-09-19 08:15,20,12,8,0,0,0
2020-09-19 08:30,39,30,9,0,0,0
2020-09-19 08:45,33,22,11,0,0,0
2020-09-19 09:00,35,27,8,0,0,0
2020-09-19 09:15,56,40,16,0,0,0
2020-09-19 09:30,47,34,13,0,0,0
2020-09-19 09:45,60,44,16,0,0,0
2020-09-19 10:00,70,40,30,0,0,0
2020-09-19 10:15,83,55,28,0,0,0
2020-09-19 10:30,72,38,34,0,0,0
2020-09-19 10:45,88,58,30,0,0,0
2020-09-19 11:00,89,55,34,0,0,0
2020-09-19 11:15,97,66,31,0,0,0
2020-09-19 11:30,99,54,45,0,0,0
2020-09-19 11:45,85,54,31,0,0,0
2020-09-19 12:00,84,42,42,0,0,0
2020-09-19 12:15,95,45,50,0,0,0
2020-09-19 12:30,97,64,33,0,0,0
2020-09-19 12:45,86,48,38,0,0,0
2020-09-19 13:00,116,61,55,0,0,0
2020-09-19 13:15,76,38,38,0,0,0
2020-09-19 13:30,101,43,58,0,0,0
2020-09-19 13:45,95,46,49,0,0,0
2020-09-19 14:00,97,39,58,0,0,0
2020-09-19 14:15,86,34,52,0,0,0
2020-09-19 14:30,118,51,67,0,0,0
2020-09-19 14:45,87,33,54,0,0,0
2020-09-19 15:00,86,36,50,0,0,0
2020-09-19 15:15,88,23,65,0,0,0
2020-09-19 15:30,56,25,31,0,0,0
2020-09-19 15:45,81,39,42,0,0,0
2020-09-19 16:00,73,30,43,0,0,0
2020-09-19 16:15,83,31,52,0,0,0
2020-09-19 16:30,87,52,35,0,0,0
2020-09-19 16:45,61,21,40,0,0,0
2020-09-19 17:00,51,18,33,0,0,0
2020-09-19 17:15,87,36,51,0,0,0
2020-09-19 17:30,75,35,40,0,0,0
2020-09-19 17:45,71,29,42,0,0,0
2020-09-19 18:00,69,22,47,0,0,0
2020-09-19 18:15,72,45,27,0,0,0
2020-09-19 18:30,62,21,41,0,0,0
2020-09-19 18:45,68,26,42,0,0,0
2020-09-19 19:00,62,21,41,0,0,0
2020-09-19 19:15,60,23,37,0,0,0
2020-09-19 19:30,62,30,32,0,0,0
2020-09-19 19:45,42,16,26,0,0,0
2020-09-19 20:00,55,18,37,0,0,0
2020-09-19 20:15,45,22,23,0,0,0
2020-09-19 20:30,32,16,16,0,0,0
2020-09-19 20:45,33,11,22,0,0,0
2020-09-19 21:00,37,19,18,0,0,0
2020-09-19 21:15,29,14,15,0,0,0
2020-09-19 21:30,20,3,17,0,0,0
2020-09-19 21:45,22,6,16,0,0,0
2020-09-19 22:00,25,6,19,0,0,0
2020-09-19 22:15,18,10,8,0,0,0
2020-09-19 22:30,20,3,17,0,0,0
2020-09-19 22:45,22,2,20,0,0,0
2020-09-19 23:00,24,7,17,0,0,0
2020-09-19 23:15,22,9,13,0,0,0
2020-09-19 23:30,10,3,7,0,0,0
2020-09-19 23:45,8,1,7,0,0,0
2020-09-20 00:00,6,3,3,0,0,0
2020-09-20 00:15,10,0,10,0,0,0
2020-09-20 00:30,9,2,7,0,0,0
2020-09-20 00:45,11,3,8,0,0,0
2020-09-20 01:00,4,2,2,0,0,0
2020-09-20 01:15,8,1,7,0,0,0
2020-09-20 01:30,2,1,1,0,0,0
2020-09-20 01:45,1,0,1,0,0,0
2020-09-20 02:00,8,3,5,0,0,0
2020-09-20 02:15,5,2,3,0,0,0
2020-09-20 02:30,3,0,3,0,0,0
2020-09-20 02:45,5,1,4,0,0,0
2020-09-20 03:00,5,1,4,0,0,0
2020-09-20 03:15,2,0,2,0,0,0
2020-09-20 03:30,5,1,4,0,0,0
2020-09-20 03:45,1,0,1,0,0,0
2020-09-20 04:00,2,1,1,0,0,0
2020-09-20 04:15,0,0,0,0,0,0
2020-09-20 04:30,3,1,2,0,0,0
2020-09-20 04:45,0,0,0,0,0,0
2020-09-20 05:00,0,0,0,0,0,0
2020-09-20 05:15,2,1,1,0,0,0
2020-09-20 05:30,6,1,5,0,0,0
2020-09-20 05:45,10,2,8,0,0,0
2020-09-20 06:00,1,1,0,0,0,0
2020-09-20 06:15,4,2,2,0,0,0
2020-09-20 06:30,4,2,2,0,0,0
2020-09-20 06:45,4,2,2,0,0,0
2020-09-20 07:00,1,0,1,0,0,0
2020-09-20 07:15,4,1,3,0,0,0
2020-09-20 07:30,11,6,5,0,0,0
2020-09-20 07:45,19,6,13,0,0,0
2020-09-20 08:00,9,3,6,0,0,0
2020-09-20 08:15,9,4,5,0,0,0
2020-09-20 08:30,9,6,3,0,0,0
2020-09-20 08:45,12,5,7,0,0,0
2020-09-20 09:00,22,15,7,0,0,0
2020-09-20 09:15,23,15,8,0,0,0
2020-09-20 09:30,31,17,14,0,0,0
2020-09-20 09:45,39,25,14,0,0,0
2020-09-20 10:00,38,23,15,0,0,0
2020-09-20 10:15,46,22,24,0,0,0
2020-09-20 10:30,17,11,6,0,0,0
2020-09-20 10:45,57,37,20,0,0,0
2020-09-20 11:00,27,17,10,0,0,0
2020-09-20 11:15,52,28,24,0,0,0
2020-09-20 11:30,52,25,27,0,0,0
2020-09-20 11:45,45,16,29,0,0,0
2020-09-20 12:00,22,13,9,0,0,0
2020-09-20 12:15,69,22,47,0,0,0
2020-09-20 12:30,40,10,30,0,0,0
2020-09-20 12:45,55,16,39,0,0,0
2020-09-20 13:00,38,13,25,0,0,0
2020-09-20 13:15,34,16,18,0,0,0
2020-09-20 13:30,42,23,19,0,0,0
2020-09-20 13:45,51,35,16,0,0,0
2020-09-20 14:00,66,31,35,0,0,0
2020-09-20 14:15,79,45,34,0,0,0
2020-09-20 14:30,77,34,43,0,0,0
2020-09-20 14:45,74,41,33,0,0,0
2020-09-20 15:00,64,33,31,0,0,0
2020-09-20 15:15,76,44,32,0,0,0
2020-09-20 15:30,79,30,49,0,0,0
2020-09-20 15:45,60,38,22,0,0,0
2020-09-20 16:00,69,23,46,0,0,0
2020-09-20 16:15,39,21,18,0,0,0
2020-09-20 16:30,80,37,43,0,0,0
2020-09-20 16:45,55,20,35,0,0,0
2020-09-20 17:00,57,26,31,0,0,0
2020-09-20 17:15,54,19,35,0,0,0
2020-09-20 17:30,49,14,35,0,0,0
2020-09-20 17:45,66,27,39,0,0,0
2020-09-20 18:00,51,21,30,0,0,0
2020-09-20 18:15,57,22,35,0,0,0
2020-09-20 18:30,51,14,37,0,0,0
2020-09-20 18:45,42,19,23,0,0,0
2020-09-20 19:00,36,14,22,0,0,0
2020-09-20 19:15,44,17,27,0,0,0
2020-09-20 19:30,39,9,30,0,0,0
2020-09-20 19:45,36,15,21,0,0,0
2020-09-20 20:00,28,10,18,0,0,0
2020-09-20 20:15,29,8,21,0,0,0
2020-09-20 20:30,13,0,13,0,0,0
2020-09-20 20:45,18,10,8,0,0,0
2020-09-20 21:00,22,10,12,0,0,0
2020-09-20 21:15,20,8,12,0,0,0
2020-09-20 21:30,33,21,12,0,0,0
2020-09-20 21:45,32,22,10,0,0,0
2020-09-20 22:00,19,9,10,0,0,0
2020-09-20 22:15,9,3,6,0,0,0
2020-09-20 22:30,10,3,7,0,0,0
2020-09-20 22:45,7,3,4,0,0,0
2020-09-20 23:00,10,1,9,0,0,0
2020-09-20 23:15,4,1,3,0,0,0
2020-09-20 23:30,8,2,6,0,0,0
2020-09-20 23:45,5,1,4,0,0,0
2020-09-21 00:00,5,0,5,0,0,0
2020-09-21 00:15,4,0,4,0,0,0
2020-09-21 00:30,0,0,0,0,0,0
2020-09-21 00:45,3,2,1,0,0,0
2020-09-21 01:00,1,0,1,0,0,0
2020-09-21 01:15,0,0,0,0,0,0
2020-09-21 01:30,0,0,0,0,0,0
2020-09-21 01:45,0,0,0,0,0,0
2020-09-21 02:00,1,0,1,0,0,0
2020-09-21 02:15,0,0,0,0,0,0
2020-09-21 02:30,1,0,1,0,0,0
2020-09-21 02:45,1,1,0,0,0,0
2020-09-21 03:00,0,0,0,0,0,0
2020-09-21 03:15,0,0,0,0,0,0
2020-09-21 03:30,0,0,0,0,0,0
2020-09-21 03:45,0,0,0,0,0,0
2020-09-21 04:00,0,0,0,0,0,0
2020-09-21 04:15,0,0,0,0,0,0
2020-09-21 04:30,4,2,2,0,0,0
2020-09-21 04:45,1,1,0,0,0,0
2020-09-21 05:00,1,1,0,0,0,0
2020-09-21 05:15,2,1,1,0,0,0
2020-09-21 05:30,9,6,3,0,0,0
2020-09-21 05:45,18,5,13,0,0,0
2020-09-21 06:00,7,5,2,0,0,0
2020-09-21 06:15,14,9,5,0,0,0
2020-09-21 06:30,42,18,24,0,0,0
2020-09-21 06:45,51,20,31,0,0,0
2020-09-21 07:00,48,29,19,0,0,0
2020-09-21 07:15,88,57,31,0,0,0
2020-09-21 07:30,239,195,44,0,0,0
2020-09-21 07:45,158,85,73,0,0,0
2020-09-21 08:00,100,41,59,0,0,0
2020-09-21 08:15,77,36,41,0,0,0
2020-09-21 08:30,80,42,38,0,0,0
2020-09-21 08:45,100,55,45,0,0,0
2020-09-21 09:00,69,46,23,0,0,0
2020-09-21 09:15,57,33,24,0,0,0
2020-09-21 09:30,57,32,25,0,0,0
2020-09-21 09:45,77,49,28,0,0,0
2020-09-21 10:00,55,25,30,0,0,0
2020-09-21 10:15,49,28,21,0,0,0
2020-09-21 10:30,60,38,22,0,0,0
2020-09-21 10:45,52,21,31,0,0,0
2020-09-21 11:00,58,30,28,0,0,0
2020-09-21 11:15,60,32,28,0,0,0
2020-09-21 11:30,69,41,28,0,0,0
2020-09-21 11:45,81,41,40,0,0,0
2020-09-21 12:00,78,37,41,0,0,0
2020-09-21 12:15,62,29,33,0,0,0
2020-09-21 12:30,78,36,42,0,0,0
2020-09-21 12:45,79,34,45,0,0,0
2020-09-21 13:00,112,45,67,0,0,0
2020-09-21 13:15,154,43,111,0,0,0
2020-09-21 13:30,73,28,45,0,0,0
2020-09-21 13:45,90,48,42,0,0,0
2020-09-21 14:00,107,38,69,0,0,0
2020-09-21 14:15,63,35,28,0,0,0
2020-09-21 14:30,93,47,46,0,0,0
2020-09-21 14:45,84,33,51,0,0,0
2020-09-21 15:00,90,46,44,0,0,0
2020-09-21 15:15,101,62,39,0,0,0
2020-09-21 15:30,140,53,87,0,0,0
2020-09-21 15:45,122,64,58,0,0,0
2020-09-21 16:00,116,67,49,0,0,0
2020-09-21 16:15,111,54,57,0,0,0
2020-09-21 16:30,111,55,56,0,0,0
2020-09-21 16:45,104,61,43,0,0,0
2020-09-21 17:00,140,63,77,0,0,0
2020-09-21 17:15,135,66,69,0,0,0
2020-09-21 17:30,109,43,66,0,0,0
2020-09-21 17:45,106,54,52,0,0,0
2020-09-21 18:00,112,50,62,0,0,0
2020-09-21 18:15,71,34,37,0,0,0
2020-09-21 18:30,88,35,53,0,0,0
2020-09-21 18:45,82,25,57,0,0,0
2020-09-21 19:00,77,28,49,0,0,0
2020-09-21 19:15,65,25,40,0,0,0
2020-09-21 19:30,47,26,21,0,0,0
2020-09-21 19:45,43,18,25,0,0,0
2020-09-21 20:00,48,21,27,0,0,0
2020-09-21 20:15,47,17,30,0,0,0
2020-09-21 20:30,37,12,25,0,0,0
2020-09-21 20:45,27,5,22,0,0,0
2020-09-21 21:00,21,15,6,0,0,0
2020-09-21 21:15,26,12,14,0,0,0
2020-09-21 21:30,30,8,22,0,0,0
2020-09-21 21:45,29,13,16,0,0,0
2020-09-21 22:00,21,5,16,0,0,0
2020-09-21 22:15,24,4,20,0,0,0
2020-09-21 22:30,21,6,15,0,0,0
2020-09-21 22:45,21,5,16,0,0,0
2020-09-21 23:00,15,6,9,0,0,0
2020-09-21 23:15,6,0,6,0,0,0
2020-09-21 23:30,6,1,5,0,0,0
2020-09-21 23:45,6,0,6,0,0,0
2020-09-22 00:00,6,1,5,0,0,0
2020-09-22 00:15,2,2,0,0,0,0
2020-09-22 00:30,8,1,7,0,0,0
2020-09-22 00:45,4,3,1,0,0,0
2020-09-22 01:00,4,3,1,0,0,0
2020-09-22 01:15,0,0,0,0,0,0
2020-09-22 01:30,5,0,5,0,0,0
2020-09-22 01:45,6,2,4,0,0,0
2020-09-22 02:00,1,0,1,0,0,0
2020-09-22 02:15,1,0,1,0,0,0
2020-09-22 02:30,0,0,0,0,0,0
2020-09-22 02:45,2,0,2,0,0,0
2020-09-22 03:00,0,0,0,0,0,0
2020-09-22 03:15,0,0,0,0,0,0
2020-09-22 03:30,0,0,0,0,0,0
2020-09-22 03:45,0,0,0,0,0,0
2020-09-22 04:00,3,0,3,0,0,0
2020-09-22 04:15,0,0,0,0,0,0
2020-09-22 04:30,2,1,1,0,0,0
2020-09-22 04:45,3,1,2,0,0,0
2020-09-22 05:00,1,1,0,0,0,0
2020-09-22 05:15,4,2,2,0,0,0
2020-09-22 05:30,14,9,5,0,0,0
2020-09-22 05:45,13,1,12,0,0,0
2020-09-22 06:00,8,6,2,0,0,0
2020-09-22 06:15,10,8,2,0,0,0
2020-09-22 06:30,34,19,15,0,0,0
2020-09-22 06:45,46,17,29,0,0,0
2020-09-22 07:00,53,25,28,0,0,0
2020-09-22 07:15,81,50,31,0,0,0
2020-09-22 07:30,213,180,33,0,0,0
2020-09-22 07:45,151,75,76,0,0,0
2020-09-22 08:00,106,54,52,0,0,0
2020-09-22 08:15,90,42,48,0,0,0
2020-09-22 08:30,90,53,37,0,0,0
2020-09-22 08:45,98,58,40,0,0,0
2020-09-22 09:00,70,35,35,0,0,0
2020-09-22 09:15,66,35,31,0,0,0
2020-09-22 09:30,80,44,36,0,0,0
2020-09-22 09:45,68,46,22,0,0,0
2020-09-22 10:00,50,31,19,0,0,0
2020-09-22 10:15,69,40,29,0,0,0
2020-09-22 10:30,50,32,18,0,0,0
2020-09-22 10:45,61,30,31,0,0,0
2020-09-22 11:00,60,28,32,0,0,0
2020-09-22 11:15,68,37,31,0,0,0
2020-09-22 11:30,79,36,43,0,0,0
2020-09-22 11:45,82,46,36,0,0,0
2020-09-22 12:00,80,42,38,0,0,0
2020-09-22 12:15,85,39,46,0,0,0
2020-09-22 12:30,79,44,35,0,0,0
2020-09-22 12:45,94,47,47,0,0,0
2020-09-22 13:00,174,47,127,0,0,0
2020-09-22 13:15,115,32,83,0,0,0
2020-09-22 13:30,77,29,48,0,0,0
2020-09-22 13:45,107,58,49,0,0,0
2020-09-22 14:00,110,55,55,0,0,0
2020-09-22 14:15,113,46,67,0,0,0
2020-09-22 14:30,95,45,50,0,0,0
2020-09-22 14:45,101,40,61,0,0,0
2020-09-22 15:00,99,58,41,0,0,0
2020-09-22 15:15,102,54,48,0,0,0
2020-09-22 15:30,104,49,55,0,0,0
2020-09-22 15:45,115,55,60,0,0,0
2020-09-22 16:00,118,58,60,0,0,0
2020-09-22 16:15,136,76,60,0,0,0
2020-09-22 16:30,130,51,79,0,0,0
2020-09-22 16:45,112,54,58,0,0,0
2020-09-22 17:00,147,75,72,0,0,0
2020-09-22 17:15,104,54,50,0,0,0
2020-09-22 17:30,111,51,60,0,0,0
2020-09-22 17:45,124,51,73,0,0,0
2020-09-22 18:00,116,50,66,0,0,0
2020-09-22 18:15,80,37,43,0,0,0
2020-09-22 18:30,82,42,40,0,0,0
2020-09-22 18:45,78,37,41,0,0,0
2020-09-22 19:00,81,40,41,0,0,0
2020-09-22 19:15,82,33,49,0,0,0
2020-09-22 19:30,57,23,34,0,0,0
2020-09-22 19:45,57,20,37,0,0,0
2020-09-22 20:00,58,24,34,0,0,0
2020-09-22 20:15,32,11,21,0,0,0
2020-09-22 20:30,31,11,20,0,0,0
2020-09-22 20:45,30,15,15,0,0,0
2020-09-22 21:00,38,18,20,0,0,0
2020-09-22 21:15,25,6,19,0,0,0
2020-09-22 21:30,30,12,18,0,0,0
2020-09-22 21:45,31,9,22,0,0,0
2020-09-22 22:00,33,9,24,0,0,0
2020-09-22 22:15,27,6,21,0,0,0
2020-09-22 22:30,14,10,4,0,0,0
2020-09-22 22:45,14,5,9,0,0,0
2020-09-22 23:00,7,1,6,0,0,0
2020-09-22 23:15,8,1,7,0,0,0
2020-09-22 23:30,10,5,5,0,0,0
2020-09-22 23:45,2,1,1,0,0,0
2020-09-23 00:00,5,1,4,0,0,0
2020-09-23 00:15,4,1,3,0,0,0
2020-09-23 00:30,4,0,4,0,0,0
2020-09-23 00:45,9,2,7,0,0,0
2020-09-23 01:00,6,1,5,0,0,0
2020-09-23 01:15,3,1,2,0,0,0
2020-09-23 01:30,1,1,0,0,0,0
2020-09-23 01:45,4,0,4,0,0,0
2020-09-23 02:00,1,0,1,0,0,0
2020-09-23 02:15,1,0,1,0,0,0
2020-09-23 02:30,0,0,0,0,0,0
2020-09-23 02:45,1,1,0,0,0,0
2020-09-23 03:00,0,0,0,0,0,0
2020-09-23 03:15,1,0,1,0,0,0
2020-09-23 03:30,0,0,0,0,0,0
2020-09-23 03:45,0,0,0,0,0,0
2020-09-23 04:00,0,0,0,0,0,0
2020-09-23 04:15,0,0,0,0,0,0
2020-09-23 04:30,4,2,2,0,0,0
2020-09-23 04:45,1,0,1,0,0,0
2020-09-23 05:00,1,1,0,0,0,0
2020-09-23 05:15,0,0,0,0,0,0
2020-09-23 05:30,14,7,7,0,0,0
2020-09-23 05:45,15,3,12,0,0,0
2020-09-23 06:00,8,3,5,0,0,0
2020-09-23 06:15,20,13,7,0,0,0
2020-09-23 06:30,35,17,18,0,0,0
2020-09-23 06:45,44,21,23,0,0,0
2020-09-23 07:00,39,18,21,0,0,0
2020-09-23 07:15,95,54,41,0,0,0
2020-09-23 07:30,210,160,50,0,0,0
2020-09-23 07:45,181,99,82,0,0,0
2020-09-23 08:00,84,28,56,0,0,0
2020-09-23 08:15,99,49,50,0,0,0
2020-09-23 08:30,86,43,43,0,0,0
2020-09-23 08:45,134,84,50,0,0,0
2020-09-23 09:00,99,57,42,0,0,0
2020-09-23 09:15,87,46,41,0,0,0
2020-09-23 09:30,71,48,23,0,0,0
2020-09-23 09:45,74,41,33,0,0,0
2020-09-23 10:00,56,32,24,0,0,0
2020-09-23 10:15,68,51,17,0,0,0
2020-09-23 10:30,66,30,36,0,0,0
2020-09-23 10:45,91,50,41,0,0,0
2020-09-23 11:00,75,32,43,0,0,0
2020-09-23 11:15,85,43,42,0,0,0
2020-09-23 11:30,91,48,43,0,0,0
2020-09-23 11:45,107,56,51,0,0,0
2020-09-23 12:00,88,46,42,0,0,0
2020-09-23 12:15,117,57,60,0,0,0
2020-09-23 12:30,99,36,63,0,0,0
2020-09-23 12:45,113,53,60,0,0,0
2020-09-23 13:00,137,52,85,0,0,0
2020-09-23 13:15,118,32,86,0,0,0
2020-09-23 13:30,81,39,42,0,0,0
2020-09-23 13:45,106,46,60,0,0,0
2020-09-23 14:00,140,34,106,0,0,0
2020-09-23 14:15,102,56,46,0,0,0
2020-09-23 14:30,92,39,53,0,0,0
2020-09-23 14:45,116,58,58,0,0,0
2020-09-23 15:00,118,49,69,0,0,0
2020-09-23 15:15,97,51,46,0,0,0
2020-09-23 15:30,115,49,66,0,0,0
2020-09-23 15:45,131,74,57,0,0,0
2020-09-23 16:00,133,66,67,0,0,0
2020-09-23 16:15,144,66,78,0,0,0
2020-09-23 16:30,111,62,49,0,0,0
2020-09-23 16:45,124,68,56,0,0,0
2020-09-23 17:00,139,69,70,0,0,0
2020-09-23 17:15,120,63,57,0,0,0
2020-09-23 17:30,104,48,56,0,0,0
2020-09-23 17:45,107,55,52,0,0,0
2020-09-23 18:00,106,39,67,0,0,0
2020-09-23 18:15,110,45,65,0,0,0
2020-09-23 18:30,96,45,51,0,0,0
2020-09-23 18:45,81,34,47,0,0,0
2020-09-23 19:00,77,33,44,0,0,0
2020-09-23 19:15,66,19,47,0,0,0
2020-09-23 19:30,53,23,30,0,0,0
2020-09-23 19:45,56,24,32,0,0,0
2020-09-23 20:00,49,18,31,0,0,0
2020-09-23 20:15,38,13,25,0,0,0
2020-09-23 20:30,34,13,21,0,0,0
2020-09-23 20:45,31,10,21,0,0,0
2020-09-23 21:00,39,17,22,0,0,0
2020-09-23 21:15,30,11,19,0,0,0
2020-09-23 21:30,17,7,10,0,0,0
2020-09-23 21:45,19,6,13,0,0,0
2020-09-23 22:00,26,7,19,0,0,0
2020-09-23 22:15,23,9,14,0,0,0
2020-09-23 22:30,29,5,24,0,0,0
2020-09-23 22:45,20,5,15,0,0,0
2020-09-23 23:00,12,2,10,0,0,0
2020-09-23 23:15,8,2,6,0,0,0
2020-09-23 23:30,13,4,9,0,0,0
2020-09-23 23:45,7,3,4,0,0,0
2020-09-24 00:00,4,4,0,0,0,0
2020-09-24 00:15,3,1,2,0,0,0
2020-09-24 00:30,8,0,8,0,0,0
2020-09-24 00:45,5,2,3,0,0,0
2020-09-24 01:00,4,0,4,0,0,0
2020-09-24 01:15,6,2,4,0,0,0
2020-09-24 01:30,2,2,0,0,0,0
2020-09-24 01:45,2,0,2,0,0,0
2020-09-24 02:00,5,1,4,0,0,0
2020-09-24 02:15,3,0,3,0,0,0
2020-09-24 02:30,0,0,0,0,0,0
2020-09-24 02:45,3,2,1,0,0,0
2020-09-24 03:00,2,1,1,0,0,0
2020-09-24 03:15,1,0,1,0,0,0
2020-09-24 03:30,0,0,0,0,0,0
2020-09-24 03:45,2,1,1,0,0,0
2020-09-24 04:00,2,0,2,0,0,0
2020-09-24 04:15,5,4,1,0,0,0
2020-09-24 04:30,2,1,1,0,0,0
2020-09-24 04:45,1,1,0,0,0,0
2020-09-24 05:00,1,1,0,0,0,0
2020-09-24 05:15,1,1,0,0,0,0
2020-09-24 05:30,8,4,4,0,0,0
2020-09-24 05:45,19,8,11,0,0,0
2020-09-24 06:00,9,3,6,0,0,0
2020-09-24 06:15,19,14,5,0,0,0
2020-09-24 06:30,32,16,16,0,0,0
2020-09-24 06:45,48,19,29,0,0,0
2020-09-24 07:00,45,25,20,0,0,0
2020-09-24 07:15,76,47,29,0,0,0
2020-09-24 07:30,253,215,38,0,0,0
2020-09-24 07:45,170,91,79,0,0,0
2020-09-24 08:00,81,26,55,0,0,0
2020-09-24 08:15,105,39,66,0,0,0
2020-09-24 08:30,94,44,50,0,0,0
2020-09-24 08:45,107,64,43,0,0,0
2020-09-24 09:00,60,36,24,0,0,0
2020-09-24 09:15,69,41,28,0,0,0
2020-09-24 09:30,72,42,30,0,0,0
2020-09-24 09:45,66,40,26,0,0,0
2020-09-24 10:00,54,28,26,0,0,0
2020-09-24 10:15,43,25,18,0,0,0
2020-09-24 10:30,57,39,18,0,0,0
2020-09-24 10:45,84,49,35,0,0,0
2020-09-24 11:00,58,27,31,0,0,0
2020-09-24 11:15,59,38,21,0,0,0
2020-09-24 11:30,89,53,36,0,0,0
2020-09-24 11:45,69,30,39,0,0,0
2020-09-24 12:00,86,43,43,0,0,0
2020-09-24 12:15,115,57,58,0,0,0
2020-09-24 12:30,83,36,47,0,0,0
2020-09-24 12:45,87,33,54,0,0,0
2020-09-24 13:00,93,24,69,0,0,0
2020-09-24 13:15,96,27,69,0,0,0
2020-09-24 13:30,74,38,36,0,0,0
2020-09-24 13:45,96,45,51,0,0,0
2020-09-24 14:00,116,54,62,0,0,0
2020-09-24 14:15,94,49,45,0,0,0
2020-09-24 14:30,78,37,41,0,0,0
2020-09-24 14:45,100,45,55,0,0,0
2020-09-24 15:00,80,41,39,0,0,0
2020-09-24 15:15,100,52,48,0,0,0
2020-09-24 15:30,123,46,77,0,0,0
2020-09-24 15:45,116,69,47,0,0,0
2020-09-24 16:00,121,69,52,0,0,0
2020-09-24 16:15,120,65,55,0,0,0
2020-09-24 16:30,125,56,69,0,0,0
2020-09-24 16:45,124,71,53,0,0,0
2020-09-24 17:00,115,55,60,0,0,0
2020-09-24 17:15,109,42,67,0,0,0
2020-09-24 17:30,110,61,49,0,0,0
2020-09-24 17:45,96,51,45,0,0,0
2020-09-24 18:00,114,52,62,0,0,0
2020-09-24 18:15,104,43,61,0,0,0
2020-09-24 18:30,68,25,43,0,0,0
2020-09-24 18:45,82,39,43,0,0,0
2020-09-24 19:00,65,29,36,0,0,0
2020-09-24 19:15,48,17,31,0,0,0
2020-09-24 19:30,66,40,26,0,0,0
2020-09-24 19:45,47,21,26,0,0,0
2020-09-24 20:00,41,17,24,0,0,0
2020-09-24 20:15,43,21,22,0,0,0
2020-09-24 20:30,29,8,21,0,0,0
2020-09-24 20:45,40,22,18,0,0,0
2020-09-24 21:00,23,14,9,0,0,0
2020-09-24 21:15,26,15,11,0,0,0
2020-09-24 21:30,23,11,12,0,0,0
2020-09-24 21:45,25,5,20,0,0,0
2020-09-24 22:00,18,7,11,0,0,0
2020-09-24 22:15,20,2,18,0,0,0
2020-09-24 22:30,30,14,16,0,0,0
2020-09-24 22:45,29,4,25,0,0,0
2020-09-24 23:00,13,3,10,0,0,0
2020-09-24 23:15,12,2,10,0,0,0
2020-09-24 23:30,5,0,5,0,0,0
2020-09-24 23:45,9,2,7,0,0,0
2020-09-25 00:00,13,5,8,0,0,0
2020-09-25 00:15,7,0,7,0,0,0
2020-09-25 00:30,5,4,1,0,0,0
2020-09-25 00:45,1,0,1,0,0,0
2020-09-25 01:00,2,1,1,0,0,0
2020-09-25 01:15,1,1,0,0,0,0
2020-09-25 01:30,0,0,0,0,0,0
2020-09-25 01:45,1,0,1,0,0,0
2020-09-25 02:00,0,0,0,0,0,0
2020-09-25 02:15,2,0,2,0,0,0
2020-09-25 02:30,1,0,1,0,0,0
2020-09-25 02:45,0,0,0,0,0,0
2020-09-25 03:00,2,1,1,0,0,0
2020-09-25 03:15,1,0,1,0,0,0
2020-09-25 03:30,0,0,0,0,0,0
2020-09-25 03:45,0,0,0,0,0,0
2020-09-25 04:00,0,0,0,0,0,0
2020-09-25 04:15,0,0,0,0,0,0
2020-09-25 04:30,1,1,0,0,0,0
2020-09-25 04:45,1,0,1,0,0,0
2020-09-25 05:00,1,1,0,0,0,0
2020-09-25 05:15,1,1,0,0,0,0
2020-09-25 05:30,8,4,4,0,0,0
2020-09-25 05:45,12,4,8,0,0,0
2020-09-25 06:00,7,6,1,0,0,0
2020-09-25 06:15,13,7,6,0,0,0
2020-09-25 06:30,19,7,12,0,0,0
2020-09-25 06:45,29,15,14,0,0,0
2020-09-25 07:00,38,18,20,0,0,0
2020-09-25 07:15,73,49,24,0,0,0
2020-09-25 07:30,250,217,33,0,0,0
2020-09-25 07:45,137,70,67,0,0,0
2020-09-25 08:00,97,44,53,0,0,0
2020-09-25 08:15,93,49,44,0,0,0
2020-09-25 08:30,62,33,29,0,0,0
2020-09-25 08:45,100,56,44,0,0,0
2020-09-25 09:00,67,32,35,0,0,0
2020-09-25 09:15,76,49,27,0,0,0
2020-09-25 09:30,94,60,34,0,0,0
2020-09-25 09:45,77,52,25,0,0,0
2020-09-25 10:00,63,42,21,0,0,0
2020-09-25 10:15,61,39,22,0,0,0
2020-09-25 10:30,67,30,37,0,0,0
2020-09-25 10:45,76,55,21,0,0,0
2020-09-25 11:00,40,27,13,0,0,0
2020-09-25 11:15,61,26,35,0,0,0
2020-09-25 11:30,59,39,20,0,0,0
2020-09-25 11:45,79,36,43,0,0,0
2020-09-25 12:00,74,29,45,0,0,0
2020-09-25 12:15,94,38,56,0,0,0
2020-09-25 12:30,80,31,49,0,0,0
2020-09-25 12:45,78,38,40,0,0,0
2020-09-25 13:00,127,30,97,0,0,0
2020-09-25 13:15,124,29,95,0,0,0
2020-09-25 13:30,82,36,46,0,0,0
2020-09-25 13:45,99,47,52,0,0,0
2020-09-25 14:00,131,52,79,0,0,0
2020-09-25 14:15,85,41,44,0,0,0
2020-09-25 14:30,109,58,51,0,0,0
2020-09-25 14:45,104,48,56,0,0,0
2020-09-25 15:00,89,44,45,0,0,0
2020-09-25 15:15,114,77,37,0,0,0
2020-09-25 15:30,87,44,43,0,0,0
2020-09-25 15:45,105,48,57,0,0,0
2020-09-25 16:00,99,56,43,0,0,0
2020-09-25 16:15,85,46,39,0,0,0
2020-09-25 16:30,78,40,38,0,0,0
2020-09-25 16:45,87,60,27,0,0,0
2020-09-25 17:00,92,42,50,0,0,0
2020-09-25 17:15,96,56,40,0,0,0
2020-09-25 17:30,80,34,46,0,0,0
2020-09-25 17:45,73,40,33,0,0,0
2020-09-25 18:00,78,27,51,0,0,0
2020-09-25 18:15,67,35,32,0,0,0
2020-09-25 18:30,57,24,33,0,0,0
2020-09-25 18:45,58,30,28,0,0,0
2020-09-25 19:00,69,30,39,0,0,0
2020-09-25 19:15,51,31,20,0,0,0
2020-09-25 19:30,53,30,23,0,0,0
2020-09-25 19:45,39,10,29,0,0,0
2020-09-25 20:00,49,24,25,0,0,0
2020-09-25 20:15,30,15,15,0,0,0
2020-09-25 20:30,24,10,14,0,0,0
2020-09-25 20:45,40,12,28,0,0,0
2020-09-25 21:00,21,9,12,0,0,0
2020-09-25 21:15,29,13,16,0,0,0
2020-09-25 21:30,19,5,14,0,0,0
2020-09-25 21:45,22,8,14,0,0,0
2020-09-25 22:00,19,6,13,0,0,0
2020-09-25 22:15,14,4,10,0,0,0
2020-09-25 22:30,19,5,14,0,0,0
2020-09-25 22:45,12,5,7,0,0,0
2020-09-25 23:00,11,3,8,0,0,0
2020-09-25 23:15,19,5,14,0,0,0
2020-09-25 23:30,9,2,7,0,0,0
2020-09-25 23:45,16,7,9,0,0,0
2020-09-26 00:00,16,3,13,0,0,0
2020-09-26 00:15,14,0,14,0,0,0
2020-09-26 00:30,8,3,5,0,0,0
2020-09-26 00:45,9,1,8,0,0,0
2020-09-26 01:00,11,10,1,0,0,0
2020-09-26 01:15,13,7,6,0,0,0
2020-09-26 01:30,7,2,5,0,0,0
2020-09-26 01:45,3,1,2,0,0,0
2020-09-26 02:00,8,0,8,0,0,0
2020-09-26 02:15,1,0,1,0,0,0
2020-09-26 02:30,3,1,2,0,0,0
2020-09-26 02:45,8,2,6,0,0,0
2020-09-26 03:00,10,2,8,0,0,0
2020-09-26 03:15,5,0,5,0,0,0
2020-09-26 03:30,0,0,0,0,0,0
2020-09-26 03:45,3,2,1,0,0,0
2020-09-26 04:00,0,0,0,0,0,0
2020-09-26 04:15,2,1,1,0,0,0
2020-09-26 04:30,3,1,2,0,0,0
2020-09-26 04:45,2,1,1,0,0,0
2020-09-26 05:00,1,0,1,0,0,0
2020-09-26 05:15,0,0,0,0,0,0
2020-09-26 05:30,1,1,0,0,0,0
2020-09-26 05:45,5,2,3,0,0,0
2020-09-26 06:00,1,0,1,0,0,0
2020-09-26 06:15,2,2,0,0,0,0
2020-09-26 06:30,0,0,0,0,0,0
2020-09-26 06:45,12,9,3,0,0,0
2020-09-26 07:00,6,3,3,0,0,0
2020-09-26 07:15,9,6,3,0,0,0
2020-09-26 07:30,14,7,7,0,0,0
2020-09-26 07:45,16,7,9,0,0,0
2020-09-26 08:00,11,4,7,0,0,0
2020-09-26 08:15,20,15,5,0,0,0
2020-09-26 08:30,26,14,12,0,0,0
2020-09-26 08:45,41,15,26,0,0,0
2020-09-26 09:00,18,15,3,0,0,0
2020-09-26 09:15,46,32,14,0,0,0
2020-09-26 09:30,51,32,19,0,0,0
2020-09-26 09:45,46,31,15,0,0,0
2020-09-26 10:00,51,32,19,0,0,0
2020-09-26 10:15,56,34,22,0,0,0
2020-09-26 10:30,61,38,23,0,0,0
2020-09-26 10:45,75,51,24,0,0,0
2020-09-26 11:00,71,47,24,0,0,0
2020-09-26 11:15,66,30,36,0,0,0
2020-09-26 11:30,84,57,27,0,0,0
2020-09-26 11:45,72,44,28,0,0,0
2020-09-26 12:00,81,52,29,0,0,0
2020-09-26 12:15,67,37,30,0,0,0
2020-09-26 12:30,90,46,44,0,0,0
2020-09-26 12:45,107,59,48,0,0,0
2020-09-26 13:00,80,28,52,0,0,0
2020-09-26 13:15,65,31,34,0,0,0
2020-09-26 13:30,72,35,37,0,0,0
2020-09-26 13:45,95,54,41,0,0,0
2020-09-26 14:00,79,40,39,0,0,0
2020-09-26 14:15,87,43,44,0,0,0
2020-09-26 14:30,57,27,30,0,0,0
2020-09-26 14:45,55,18,37,0,0,0
2020-09-26 15:00,64,22,42,0,0,0
2020-09-26 15:15,69,22,47,0,0,0
2020-09-26 15:30,57,28,29,0,0,0
2020-09-26 15:45,48,31,17,0,0,0
2020-09-26 16:00,48,23,25,0,0,0
2020-09-26 16:15,66,25,41,0,0,0
2020-09-26 16:30,55,24,31,0,0,0
2020-09-26 16:45,60,24,36,0,0,0
2020-09-26 17:00,59,28,31,0,0,0
2020-09-26 17:15,50,20,30,0,0,0
2020-09-26 17:30,37,15,22,0,0,0
2020-09-26 17:45,54,24,30,0,0,0
2020-09-26 18:00,56,29,27,0,0,0
2020-09-26 18:15,37,13,24,0,0,0
2020-09-26 18:30,24,5,19,0,0,0
2020-09-26 18:45,35,19,16,0,0,0
2020-09-26 19:00,32,12,20,0,0,0
2020-09-26 19:15,23,6,17,0,0,0
2020-09-26 19:30,29,19,10,0,0,0
2020-09-26 19:45,29,13,16,0,0,0
2020-09-26 20:00,17,7,10,0,0,0
2020-09-26 20:15,18,9,9,0,0,0
2020-09-26 20:30,19,8,11,0,0,0
2020-09-26 20:45,13,9,4,0,0,0
2020-09-26 21:00,6,3,3,0,0,0
2020-09-26 21:15,10,4,6,0,0,0
2020-09-26 21:30,10,4,6,0,0,0
2020-09-26 21:45,3,2,1,0,0,0
2020-09-26 22:00,15,4,11,0,0,0
2020-09-26 22:15,11,6,5,0,0,0
2020-09-26 22:30,10,4,6,0,0,0
2020-09-26 22:45,4,1,3,0,0,0
2020-09-26 23:00,8,2,6,0,0,0
2020-09-26 23:15,7,3,4,0,0,0
2020-09-26 23:30,9,1,8,0,0,0
2020-09-26 23:45,6,3,3,0,0,0
2020-09-27 00:00,11,5,6,0,0,0
2020-09-27 00:15,3,2,1,0,0,0
2020-09-27 00:30,5,3,2,0,0,0
2020-09-27 00:45,12,7,5,0,0,0
2020-09-27 01:00,6,0,6,0,0,0
2020-09-27 01:15,7,2,5,0,0,0
2020-09-27 01:30,4,2,2,0,0,0
2020-09-27 01:45,1,0,1,0,0,0
2020-09-27 02:00,3,1,2,0,0,0
2020-09-27 02:15,2,0,2,0,0,0
2020-09-27 02:30,6,3,3,0,0,0
2020-09-27 02:45,4,0,4,0,0,0
2020-09-27 03:00,7,0,7,0,0,0
2020-09-27 03:15,2,1,1,0,0,0
2020-09-27 03:30,2,0,2,0,0,0
2020-09-27 03:45,0,0,0,0,0,0
2020-09-27 04:00,3,0,3,0,0,0
2020-09-27 04:15,0,0,0,0,0,0
2020-09-27 04:30,2,0,2,0,0,0
2020-09-27 04:45,0,0,0,0,0,0
2020-09-27 05:00,0,0,0,0,0,0
2020-09-27 05:15,1,1,0,0,0,0
2020-09-27 05:30,3,0,3,0,0,0
2020-09-27 05:45,6,0,6,0,0,0
2020-09-27 06:00,1,1,0,0,0,0
2020-09-27 06:15,0,0,0,0,0,0
2020-09-27 06:30,1,0,1,0,0,0
2020-09-27 06:45,4,3,1,0,0,0
2020-09-27 07:00,3,0,3,0,0,0
2020-09-27 07:15,3,3,0,0,0,0
2020-09-27 07:30,6,3,3,0,0,0
2020-09-27 07:45,3,1,2,0,0,0
2020-09-27 08:00,7,3,4,0,0,0
2020-09-27 08:15,15,12,3,0,0,0
2020-09-27 08:30,4,2,2,0,0,0
2020-09-27 08:45,15,12,3,0,0,0
2020-09-27 09:00,7,5,2,0,0,0
2020-09-27 09:15,17,13,4,0,0,0
2020-09-27 09:30,21,14,7,0,0,0
2020-09-27 09:45,24,10,14,0,0,0
2020-09-27 10:00,24,15,9,0,0,0
2020-09-27 10:15,11,5,6,0,0,0
2020-09-27 10:30,36,16,20,0,0,0
2020-09-27 10:45,23,11,12,0,0,0
2020-09-27 11:00,22,15,7,0,0,0
2020-09-27 11:15,26,8,18,0,0,0
2020-09-27 11:30,38,16,22,0,0,0
2020-09-27 11:45,28,13,15,0,0,0
2020-09-27 12:00,40,13,27,0,0,0
2020-09-27 12:15,39,22,17,0,0,0
2020-09-27 12:30,33,15,18,0,0,0
2020-09-27 12:45,40,15,25,0,0,0
2020-09-27 13:00,26,12,14,0,0,0
2020-09-27 13:15,32,18,14,0,0,0
2020-09-27 13:30,39,20,19,0,0,0
2020-09-27 13:45,53,23,30,0,0,0
2020-09-27 14:00,36,22,14,0,0,0
2020-09-27 14:15,43,20,23,0,0,0
2020-09-27 14:30,34,14,20,0,0,0
2020-09-27 14:45,53,17,36,0,0,0
2020-09-27 15:00,30,15,15,0,0,0
2020-09-27 15:15,28,18,10,0,0,0
2020-09-27 15:30,30,16,14,0,0,0
2020-09-27 15:45,47,22,25,0,0,0
2020-09-27 16:00,45,23,22,0,0,0
2020-09-27 16:15,29,16,13,0,0,0
2020-09-27 16:30,48,19,29,0,0,0
2020-09-27 16:45,41,21,20,0,0,0
2020-09-27 17:00,45,18,27,0,0,0
2020-09-27 17:15,42,19,23,0,0,0
2020-09-27 17:30,45,26,19,0,0,0
2020-09-27 17:45,43,18,25,0,0,0
2020-09-27 18:00,34,17,17,0,0,0
2020-09-27 18:15,39,26,13,0,0,0
2020-09-27 18:30,21,6,15,0,0,0
2020-09-27 18:45,43,26,17,0,0,0
2020-09-27 19:00,37,25,12,0,0,0
2020-09-27 19:15,29,13,16,0,0,0
2020-09-27 19:30,21,9,12,0,0,0
2020-09-27 19:45,30,12,18,0,0,0
2020-09-27 20:00,22,13,9,0,0,0
2020-09-27 20:15,16,4,12,0,0,0
2020-09-27 20:30,21,4,17,0,0,0
2020-09-27 20:45,8,3,5,0,0,0
2020-09-27 21:00,16,4,12,0,0,0
2020-09-27 21:15,13,4,9,0,0,0
2020-09-27 21:30,10,4,6,0,0,0
2020-09-27 21:45,10,6,4,0,0,0
2020-09-27 22:00,9,0,9,0,0,0
2020-09-27 22:15,13,1,12,0,0,0
2020-09-27 22:30,7,0,7,0,0,0
2020-09-27 22:45,3,1,2,0,0,0
2020-09-27 23:00,4,2,2,0,0,0
2020-09-27 23:15,3,1,2,0,0,0
2020-09-27 23:30,3,1,2,0,0,0
2020-09-27 23:45,3,2,1,0,0,0
2020-09-28 00:00,4,0,4,0,0,0
2020-09-28 00:15,3,0,3,0,0,0
2020-09-28 00:30,0,0,0,0,0,0
2020-09-28 00:45,5,1,4,0,0,0
2020-09-28 01:00,6,4,2,0,0,0
2020-09-28 01:15,2,1,1,0,0,0
2020-09-28 01:30,1,0,1,0,0,0
2020-09-28 01:45,1,0,1,0,0,0
2020-09-28 02:00,2,0,2,0,0,0
2020-09-28 02:15,1,0,1,0,0,0
2020-09-28 02:30,2,2,0,0,0,0
2020-09-28 02:45,4,0,4,0,0,0
2020-09-28 03:00,1,1,0,0,0,0
2020-09-28 03:15,0,0,0,0,0,0
2020-09-28 03:30,0,0,0,0,0,0
2020-09-28 03:45,0,0,0,0,0,0
2020-09-28 04:00,0,0,0,0,0,0
2020-09-28 04:15,3,1,2,0,0,0
2020-09-28 04:30,2,1,1,0,0,0
2020-09-28 04:45,2,2,0,0,0,0
2020-09-28 05:00,2,2,0,0,0,0
2020-09-28 05:15,0,0,0,0,0,0
2020-09-28 05:30,9,3,6,0,0,0
2020-09-28 05:45,15,6,9,0,0,0
2020-09-28 06:00,7,2,5,0,0,0
2020-09-28 06:15,17,8,9,0,0,0
2020-09-28 06:30,32,12,20,0,0,0
2020-09-28 06:45,47,18,29,0,0,0
2020-09-28 07:00,42,17,25,0,0,0
2020-09-28 07:15,70,45,25,0,0,0
2020-09-28 07:30,236,186,50,0,0,0
2020-09-28 07:45,132,64,68,0,0,0
2020-09-28 08:00,89,36,53,0,0,0
2020-09-28 08:15,98,46,52,0,0,0
2020-09-28 08:30,77,40,37,0,0,0
2020-09-28 08:45,101,59,42,0,0,0
2020-09-28 09:00,60,37,23,0,0,0
2020-09-28 09:15,69,39,30,0,0,0
2020-09-28 09:30,50,30,20,0,0,0
2020-09-28 09:45,71,38,33,0,0,0
2020-09-28 10:00,43,20,23,0,0,0
2020-09-28 10:15,43,30,13,0,0,0
2020-09-28 10:30,50,29,21,0,0,0
2020-09-28 10:45,58,35,23,0,0,0
2020-09-28 11:00,45,20,25,0,0,0
2020-09-28 11:15,46,22,24,0,0,0
2020-09-28 11:30,60,34,26,0,0,0
2020-09-28 11:45,70,40,30,0,0,0
2020-09-28 12:00,54,30,24,0,0,0
2020-09-28 12:15,43,19,24,0,0,0
2020-09-28 12:30,59,12,47,0,0,0
2020-09-28 12:45,77,25,52,0,0,0
2020-09-28 13:00,85,27,58,0,0,0
2020-09-28 13:15,79,33,46,0,0,0
2020-09-28 13:30,60,32,28,0,0,0
2020-09-28 13:45,60,21,39,0,0,0
2020-09-28 14:00,101,45,56,0,0,0
2020-09-28 14:15,91,49,42,0,0,0
2020-09-28 14:30,69,39,30,0,0,0
2020-09-28 14:45,83,46,37,0,0,0
2020-09-28 15:00,67,39,28,0,0,0
2020-09-28 15:15,74,45,29,0,0,0
2020-09-28 15:30,141,48,93,0,0,0
2020-09-28 15:45,97,48,49,0,0,0
2020-09-28 16:00,92,48,44,0,0,0
2020-09-28 16:15,112,63,49,0,0,0
2020-09-28 16:30,92,51,41,0,0,0
2020-09-28 16:45,99,53,46,0,0,0
2020-09-28 17:00,106,63,43,0,0,0
2020-09-28 17:15,71,36,35,0,0,0
2020-09-28 17:30,93,42,51,0,0,0
2020-09-28 17:45,97,56,41,0,0,0
2020-09-28 18:00,101,41,60,0,0,0
2020-09-28 18:15,80,32,48,0,0,0
2020-09-28 18:30,58,24,34,0,0,0
2020-09-28 18:45,81,43,38,0,0,0
2020-09-28 19:00,49,21,28,0,0,0
2020-09-28 19:15,48,18,30,0,0,0
2020-09-28 19:30,48,22,26,0,0,0
2020-09-28 19:45,34,13,21,0,0,0
2020-09-28 20:00,37,10,27,0,0,0
2020-09-28 20:15,31,10,21,0,0,0
2020-09-28 20:30,20,6,14,0,0,0
2020-09-28 20:45,19,3,16,0,0,0
2020-09-28 21:00,32,17,15,0,0,0
2020-09-28 21:15,17,6,11,0,0,0
2020-09-28 21:30,23,6,17,0,0,0
2020-09-28 21:45,19,5,14,0,0,0
2020-09-28 22:00,11,4,7,0,0,0
2020-09-28 22:15,14,4,10,0,0,0
2020-09-28 22:30,8,2,6,0,0,0
2020-09-28 22:45,8,1,7,0,0,0
2020-09-28 23:00,3,0,3,0,0,0
2020-09-28 23:15,6,1,5,0,0,0
2020-09-28 23:30,3,0,3,0,0,0
2020-09-28 23:45,4,2,2,0,0,0
2020-09-29 00:00,7,3,4,0,0,0
2020-09-29 00:15,8,3,5,0,0,0
2020-09-29 00:30,3,2,1,0,0,0
2020-09-29 00:45,0,0,0,0,0,0
2020-09-29 01:00,0,0,0,0,0,0
2020-09-29 01:15,4,2,2,0,0,0
2020-09-29 01:30,1,0,1,0,0,0
2020-09-29 01:45,0,0,0,0,0,0
2020-09-29 02:00,0,0,0,0,0,0
2020-09-29 02:15,2,0,2,0,0,0
2020-09-29 02:30,1,0,1,0,0,0
2020-09-29 02:45,0,0,0,0,0,0
2020-09-29 03:00,0,0,0,0,0,0
2020-09-29 03:15,1,0,1,0,0,0
2020-09-29 03:30,0,0,0,0,0,0
2020-09-29 03:45,0,0,0,0,0,0
2020-09-29 04:00,0,0,0,0,0,0
2020-09-29 04:15,0,0,0,0,0,0
2020-09-29 04:30,1,0,1,0,0,0
2020-09-29 04:45,2,2,0,0,0,0
2020-09-29 05:00,2,1,1,0,0,0
2020-09-29 05:15,3,3,0,0,0,0
2020-09-29 05:30,10,2,8,0,0,0
2020-09-29 05:45,14,4,10,0,0,0
2020-09-29 06:00,11,7,4,0,0,0
2020-09-29 06:15,17,12,5,0,0,0
2020-09-29 06:30,39,16,23,0,0,0
2020-09-29 06:45,47,20,27,0,0,0
2020-09-29 07:00,43,18,25,0,0,0
2020-09-29 07:15,82,50,32,0,0,0
2020-09-29 07:30,231,190,41,0,0,0
2020-09-29 07:45,165,92,73,0,0,0
2020-09-29 08:00,88,34,54,0,0,0
2020-09-29 08:15,101,43,58,0,0,0
2020-09-29 08:30,71,37,34,0,0,0
2020-09-29 08:45,126,84,42,0,0,0
2020-09-29 09:00,76,47,29,0,0,0
2020-09-29 09:15,75,36,39,0,0,0
2020-09-29 09:30,54,30,24,0,0,0
2020-09-29 09:45,72,29,43,0,0,0
2020-09-29 10:00,84,51,33,0,0,0
2020-09-29 10:15,60,36,24,0,0,0
2020-09-29 10:30,57,30,27,0,0,0
2020-09-29 10:45,70,40,30,0,0,0
2020-09-29 11:00,69,45,24,0,0,0
2020-09-29 11:15,57,24,33,0,0,0
2020-09-29 11:30,61,36,25,0,0,0
2020-09-29 11:45,78,42,36,0,0,0
2020-09-29 12:00,77,38,39,0,0,0
2020-09-29 12:15,83,40,43,0,0,0
2020-09-29 12:30,74,26,48,0,0,0
2020-09-29 12:45,74,25,49,0,0,0
2020-09-29 13:00,139,35,104,0,0,0
2020-09-29 13:15,115,36,79,0,0,0
2020-09-29 13:30,84,43,41,0,0,0
2020-09-29 13:45,83,27,56,0,0,0
2020-09-29 14:00,112,36,76,0,0,0
2020-09-29 14:15,90,34,56,0,0,0
2020-09-29 14:30,78,32,46,0,0,0
2020-09-29 14:45,99,46,53,0,0,0
2020-09-29 15:00,109,61,48,0,0,0
2020-09-29 15:15,107,64,43,0,0,0
2020-09-29 15:30,88,46,42,0,0,0
2020-09-29 15:45,103,60,43,0,0,0
2020-09-29 16:00,95,52,43,0,0,0
2020-09-29 16:15,92,55,37,0,0,0
2020-09-29 16:30,89,47,42,0,0,0
2020-09-29 16:45,93,43,50,0,0,0
2020-09-29 17:00,78,29,49,0,0,0
2020-09-29 17:15,95,48,47,0,0,0
2020-09-29 17:30,99,53,46,0,0,0
2020-09-29 17:45,92,49,43,0,0,0
2020-09-29 18:00,78,33,45,0,0,0
2020-09-29 18:15,84,37,47,0,0,0
2020-09-29 18:30,56,26,30,0,0,0
2020-09-29 18:45,85,38,47,0,0,0
2020-09-29 19:00,50,27,23,0,0,0
2020-09-29 19:15,58,29,29,0,0,0
2020-09-29 19:30,35,15,20,0,0,0
2020-09-29 19:45,40,14,26,0,0,0
2020-09-29 20:00,27,9,18,0,0,0
2020-09-29 20:15,34,9,25,0,0,0
2020-09-29 20:30,21,9,12,0,0,0
2020-09-29 20:45,23,10,13,0,0,0
2020-09-29 21:00,32,16,16,0,0,0
2020-09-29 21:15,21,9,12,0,0,0
2020-09-29 21:30,15,4,11,0,0,0
2020-09-29 21:45,19,7,12,0,0,0
2020-09-29 22:00,24,4,20,0,0,0
2020-09-29 22:15,22,8,14,0,0,0
2020-09-29 22:30,17,10,7,0,0,0
2020-09-29 22:45,14,2,12,0,0,0
2020-09-29 23:00,6,1,5,0,0,0
2020-09-29 23:15,12,5,7,0,0,0
2020-09-29 23:30,11,0,11,0,0,0
2020-09-29 23:45,5,4,1,0,0,0
2020-09-30 00:00,4,1,3,0,0,0
2020-09-30 00:15,3,1,2,0,0,0
2020-09-30 00:30,7,1,6,0,0,0
2020-09-30 00:45,1,0,1,0,0,0
2020-09-30 01:00,3,2,1,0,0,0
2020-09-30 01:15,3,3,0,0,0,0
2020-09-30 01:30,2,0,2,0,0,0
2020-09-30 01:45,0,0,0,0,0,0
2020-09-30 02:00,3,2,1,0,0,0
2020-09-30 02:15,1,0,1,0,0,0
2020-09-30 02:30,0,0,0,0,0,0
2020-09-30 02:45,1,0,1,0,0,0
2020-09-30 03:00,1,0,1,0,0,0
2020-09-30 03:15,0,0,0,0,0,0
2020-09-30 03:30,0,0,0,0,0,0
2020-09-30 03:45,0,0,0,0,0,0
2020-09-30 04:00,0,0,0,0,0,0
2020-09-30 04:15,0,0,0,0,0,0
2020-09-30 04:30,1,0,1,0,0,0
2020-09-30 04:45,2,0,2,0,0,0
2020-09-30 05:00,2,1,1,0,0,0
2020-09-30 05:15,0,0,0,0,0,0
2020-09-30 05:30,7,4,3,0,0,0
2020-09-30 05:45,16,4,12,0,0,0
2020-09-30 06:00,6,1,5,0,0,0
2020-09-30 06:15,13,7,6,0,0,0
2020-09-30 06:30,31,16,15,0,0,0
2020-09-30 06:45,38,15,23,0,0,0
2020-09-30 07:00,43,18,25,0,0,0
2020-09-30 07:15,85,48,37,0,0,0
2020-09-30 07:30,241,190,51,0,0,0
2020-09-30 07:45,176,99,77,0,0,0
2020-09-30 08:00,82,33,49,0,0,0
2020-09-30 08:15,117,51,66,0,0,0
2020-09-30 08:30,91,49,42,0,0,0
2020-09-30 08:45,105,67,38,0,0,0
2020-09-30 09:00,91,50,41,0,0,0
2020-09-30 09:15,73,46,27,0,0,0
2020-09-30 09:30,63,35,28,0,0,0
2020-09-30 09:45,93,43,50,0,0,0
2020-09-30 10:00,63,35,28,0,0,0
2020-09-30 10:15,72,46,26,0,0,0
2020-09-30 10:30,84,59,25,0,0,0
2020-09-30 10:45,72,42,30,0,0,0
2020-09-30 11:00,78,35,43,0,0,0
2020-09-30 11:15,82,47,35,0,0,0
2020-09-30 11:30,72,38,34,0,0,0
2020-09-30 11:45,98,43,55,0,0,0
2020-09-30 12:00,84,43,41,0,0,0
2020-09-30 12:15,114,48,66,0,0,0
2020-09-30 12:30,106,42,64,0,0,0
2020-09-30 12:45,90,32,58,0,0,0
2020-09-30 13:00,119,38,81,0,0,0
2020-09-30 13:15,118,46,72,0,0,0
2020-09-30 13:30,108,43,65,0,0,0
2020-09-30 13:45,100,47,53,0,0,0
2020-09-30 14:00,119,37,82,0,0,0
2020-09-30 14:15,87,40,47,0,0,0
2020-09-30 14:30,89,32,57,0,0,0
2020-09-30 14:45,110,50,60,0,0,0
2020-09-30 15:00,108,48,60,0,0,0
2020-09-30 15:15,116,64,52,0,0,0
2020-09-30 15:30,142,79,63,0,0,0
2020-09-30 15:45,152,76,76,0,0,0
2020-09-30 16:00,109,62,47,0,0,0
2020-09-30 16:15,95,60,35,0,0,0
2020-09-30 16:30,132,73,59,0,0,0
2020-09-30 16:45,113,56,57,0,0,0
2020-09-30 17:00,118,62,56,0,0,0
2020-09-30 17:15,114,61,53,0,0,0
2020-09-30 17:30,100,48,52,0,0,0
2020-09-30 17:45,126,60,66,0,0,0
2020-09-30 18:00,106,42,64,0,0,0
2020-09-30 18:15,78,29,49,0,0,0
2020-09-30 18:30,71,31,40,0,0,0
2020-09-30 18:45,80,33,47,0,0,0
2020-09-30 19:00,71,24,47,0,0,0
2020-09-30 19:15,70,30,40,0,0,0
2020-09-30 19:30,38,19,19,0,0,0
2020-09-30 19:45,55,21,34,0,0,0
2020-09-30 20:00,43,21,22,0,0,0
2020-09-30 20:15,41,16,25,0,0,0
2020-09-30 20:30,20,9,11,0,0,0
2020-09-30 20:45,21,8,13,0,0,0
2020-09-30 21:00,29,13,16,0,0,0
2020-09-30 21:15,21,6,15,0,0,0
2020-09-30 21:30,21,10,11,0,0,0
2020-09-30 21:45,42,15,27,0,0,0
2020-09-30 22:00,22,3,19,0,0,0
2020-09-30 22:15,12,4,8,0,0,0
2020-09-30 22:30,20,10,10,0,0,0
2020-09-30 22:45,20,9,11,0,0,0
2020-09-30 23:00,18,4,14,0,0,0
2020-09-30 23:15,13,1,12,0,0,0
2020-09-30 23:30,9,4,5,0,0,0
2020-09-30 23:45,12,4,8,0,0,0
