Datetime,100034982 (Hüfferstraße),101034982 (Hüfferstraße stadteinwärts),102034982 (Hüfferstraße stadtauswärts),100034982-status,101034982-status,102034982-status
2020-12-01 00:00,4,2,2,0,0,0
2020-12-01 00:15,1,0,1,0,0,0
2020-12-01 00:30,0,0,0,0,0,0
2020-12-01 00:45,2,2,0,0,0,0
2020-12-01 01:00,1,0,1,0,0,0
2020-12-01 01:15,0,0,0,0,0,0
2020-12-01 01:30,1,0,1,0,0,0
2020-12-01 01:45,0,0,0,0,0,0
2020-12-01 02:00,2,0,2,0,0,0
2020-12-01 02:15,1,1,0,0,0,0
2020-12-01 02:30,0,0,0,0,0,0
2020-12-01 02:45,0,0,0,0,0,0
2020-12-01 03:00,0,0,0,0,0,0
2020-12-01 03:15,0,0,0,0,0,0
2020-12-01 03:30,0,0,0,0,0,0
2020-12-01 03:45,0,0,0,0,0,0
2020-12-01 04:00,0,0,0,0,0,0
2020-12-01 04:15,1,0,1,0,0,0
2020-12-01 04:30,1,0,1,0,0,0
2020-12-01 04:45,2,1,1,0,0,0
2020-12-01 05:00,0,0,0,0,0,0
2020-12-01 05:15,5,3,2,0,0,0
2020-12-01 05:30,15,7,8,0,0,0
2020-12-01 05:45,11,4,7,0,0,0
2020-12-01 06:00,6,4,2,0,0,0
2020-12-01 06:15,20,8,12,0,0,0
2020-12-01 06:30,22,10,12,0,0,0
2020-12-01 06:45,61,24,37,0,0,0
2020-12-01 07:00,50,18,32,0,0,0
2020-12-01 07:15,60,14,46,0,0,0
2020-12-01 07:30,94,38,56,0,0,0
2020-12-01 07:45,170,84,86,0,0,0
2020-12-01 08:00,179,126,53,0,0,0
2020-12-01 08:15,104,58,46,0,0,0
2020-12-01 08:30,82,40,42,0,0,0
2020-12-01 08:45,95,51,44,0,0,0
2020-12-01 09:00,49,27,22,0,0,0
2020-12-01 09:15,58,27,31,0,0,0
2020-12-01 09:30,50,27,23,0,0,0
2020-12-01 09:45,68,32,36,0,0,0
2020-12-01 10:00,52,16,36,0,0,0
2020-12-01 10:15,38,23,15,0,0,0
2020-12-01 10:30,28,9,19,0,0,0
2020-12-01 10:45,29,14,15,0,0,0
2020-12-01 11:00,42,23,19,0,0,0
2020-12-01 11:15,32,8,24,0,0,0
2020-12-01 11:30,29,12,17,0,0,0
2020-12-01 11:45,41,15,26,0,0,0
2020-12-01 12:00,49,8,41,0,0,0
2020-12-01 12:15,64,27,37,0,0,0
2020-12-01 12:30,49,18,31,0,0,0
2020-12-01 12:45,55,23,32,0,0,0
2020-12-01 13:00,54,19,35,0,0,0
2020-12-01 13:15,60,15,45,0,0,0
2020-12-01 13:30,116,14,102,0,0,0
2020-12-01 13:45,77,33,44,0,0,0
2020-12-01 14:00,51,23,28,0,0,0
2020-12-01 14:15,90,38,52,0,0,0
2020-12-01 14:30,89,30,59,0,0,0
2020-12-01 14:45,64,31,33,0,0,0
2020-12-01 15:00,60,26,34,0,0,0
2020-12-01 15:15,78,52,26,0,0,0
2020-12-01 15:30,55,25,30,0,0,0
2020-12-01 15:45,80,35,45,0,0,0
2020-12-01 16:00,104,48,56,0,0,0
2020-12-01 16:15,76,40,36,0,0,0
2020-12-01 16:30,93,49,44,0,0,0
2020-12-01 16:45,93,50,43,0,0,0
2020-12-01 17:00,74,37,37,0,0,0
2020-12-01 17:15,55,30,25,0,0,0
2020-12-01 17:30,71,40,31,0,0,0
2020-12-01 17:45,49,15,34,0,0,0
2020-12-01 18:00,55,26,29,0,0,0
2020-12-01 18:15,63,26,37,0,0,0
2020-12-01 18:30,61,28,33,0,0,0
2020-12-01 18:45,42,12,30,0,0,0
2020-12-01 19:00,38,18,20,0,0,0
2020-12-01 19:15,35,15,20,0,0,0
2020-12-01 19:30,28,15,13,0,0,0
2020-12-01 19:45,25,12,13,0,0,0
2020-12-01 20:00,21,5,16,0,0,0
2020-12-01 20:15,23,10,13,0,0,0
2020-12-01 20:30,18,8,10,0,0,0
2020-12-01 20:45,16,9,7,0,0,0
2020-12-01 21:00,18,10,8,0,0,0
2020-12-01 21:15,6,4,2,0,0,0
2020-12-01 21:30,7,5,2,0,0,0
2020-12-01 21:45,9,4,5,0,0,0
2020-12-01 22:00,6,0,6,0,0,0
2020-12-01 22:15,6,2,4,0,0,0
2020-12-01 22:30,5,2,3,0,0,0
2020-12-01 22:45,3,2,1,0,0,0
2020-12-01 23:00,7,5,2,0,0,0
2020-12-01 23:15,2,2,0,0,0,0
2020-12-01 23:30,6,2,4,0,0,0
2020-12-01 23:45,5,2,3,0,0,0
2020-12-02 00:00,5,2,3,0,0,0
2020-12-02 00:15,7,2,5,0,0,0
2020-12-02 00:30,1,1,0,0,0,0
2020-12-02 00:45,0,0,0,0,0,0
2020-12-02 01:00,0,0,0,0,0,0
2020-12-02 01:15,2,0,2,0,0,0
2020-12-02 01:30,1,0,1,0,0,0
2020-12-02 01:45,1,0,1,0,0,0
2020-12-02 02:00,1,0,1,0,0,0
2020-12-02 02:15,0,0,0,0,0,0
2020-12-02 02:30,2,0,2,0,0,0
2020-12-02 02:45,0,0,0,0,0,0
2020-12-02 03:00,0,0,0,0,0,0
2020-12-02 03:15,0,0,0,0,0,0
2020-12-02 03:30,1,1,0,0,0,0
2020-12-02 03:45,0,0,0,0,0,0
2020-12-02 04:00,0,0,0,0,0,0
2020-12-02 04:15,1,0,1,0,0,0
2020-12-02 04:30,0,0,0,0,0,0
2020-12-02 04:45,1,0,1,0,0,0
2020-12-02 05:00,1,1,0,0,0,0
2020-12-02 05:15,1,1,0,0,0,0
2020-12-02 05:30,6,1,5,0,0,0
2020-12-02 05:45,12,4,8,0,0,0
2020-12-02 06:00,7,1,6,0,0,0
2020-12-02 06:15,18,7,11,0,0,0
2020-12-02 06:30,33,17,16,0,0,0
2020-12-02 06:45,51,20,31,0,0,0
2020-12-02 07:00,46,21,25,0,0,0
2020-12-02 07:15,77,24,53,0,0,0
2020-12-02 07:30,78,34,44,0,0,0
2020-12-02 07:45,158,83,75,0,0,0
2020-12-02 08:00,240,157,83,0,0,0
2020-12-02 08:15,107,60,47,0,0,0
2020-12-02 08:30,80,42,38,0,0,0
2020-12-02 08:45,98,60,38,0,0,0
2020-12-02 09:00,89,52,37,0,0,0
2020-12-02 09:15,60,31,29,0,0,0
2020-12-02 09:30,60,37,23,0,0,0
2020-12-02 09:45,74,40,34,0,0,0
2020-12-02 10:00,66,45,21,0,0,0
2020-12-02 10:15,56,23,33,0,0,0
2020-12-02 10:30,63,29,34,0,0,0
2020-12-02 10:45,61,31,30,0,0,0
2020-12-02 11:00,64,33,31,0,0,0
2020-12-02 11:15,86,35,51,0,0,0
2020-12-02 11:30,70,30,40,0,0,0
2020-12-02 11:45,102,42,60,0,0,0
2020-12-02 12:00,88,39,49,0,0,0
2020-12-02 12:15,85,41,44,0,0,0
2020-12-02 12:30,88,30,58,0,0,0
2020-12-02 12:45,109,30,79,0,0,0
2020-12-02 13:00,85,38,47,0,0,0
2020-12-02 13:15,60,19,41,0,0,0
2020-12-02 13:30,194,43,151,0,0,0
2020-12-02 13:45,95,37,58,0,0,0
2020-12-02 14:00,86,37,49,0,0,0
2020-12-02 14:15,78,33,45,0,0,0
2020-12-02 14:30,90,37,53,0,0,0
2020-12-02 14:45,93,50,43,0,0,0
2020-12-02 15:00,92,45,47,0,0,0
2020-12-02 15:15,92,48,44,0,0,0
2020-12-02 15:30,98,45,53,0,0,0
2020-12-02 15:45,104,34,70,0,0,0
2020-12-02 16:00,110,59,51,0,0,0
2020-12-02 16:15,97,52,45,0,0,0
2020-12-02 16:30,115,56,59,0,0,0
2020-12-02 16:45,100,45,55,0,0,0
2020-12-02 17:00,96,30,66,0,0,0
2020-12-02 17:15,84,40,44,0,0,0
2020-12-02 17:30,89,38,51,0,0,0
2020-12-02 17:45,83,35,48,0,0,0
2020-12-02 18:00,75,38,37,0,0,0
2020-12-02 18:15,64,21,43,0,0,0
2020-12-02 18:30,61,14,47,0,0,0
2020-12-02 18:45,50,24,26,0,0,0
2020-12-02 19:00,37,17,20,0,0,0
2020-12-02 19:15,43,19,24,0,0,0
2020-12-02 19:30,37,11,26,0,0,0
2020-12-02 19:45,30,15,15,0,0,0
2020-12-02 20:00,26,8,18,0,0,0
2020-12-02 20:15,31,15,16,0,0,0
2020-12-02 20:30,19,9,10,0,0,0
2020-12-02 20:45,8,4,4,0,0,0
2020-12-02 21:00,13,8,5,0,0,0
2020-12-02 21:15,12,6,6,0,0,0
2020-12-02 21:30,10,6,4,0,0,0
2020-12-02 21:45,15,4,11,0,0,0
2020-12-02 22:00,15,4,11,0,0,0
2020-12-02 22:15,11,3,8,0,0,0
2020-12-02 22:30,13,6,7,0,0,0
2020-12-02 22:45,8,2,6,0,0,0
2020-12-02 23:00,8,4,4,0,0,0
2020-12-02 23:15,5,4,1,0,0,0
2020-12-02 23:30,6,2,4,0,0,0
2020-12-02 23:45,5,4,1,0,0,0
2020-12-03 00:00,10,5,5,0,0,0
2020-12-03 00:15,6,2,4,0,0,0
2020-12-03 00:30,3,0,3,0,0,0
2020-12-03 00:45,0,0,0,0,0,0
2020-12-03 01:00,2,1,1,0,0,0
2020-12-03 01:15,2,2,0,0,0,0
2020-12-03 01:30,0,0,0,0,0,0
2020-12-03 01:45,0,0,0,0,0,0
2020-12-03 02:00,0,0,0,0,0,0
2020-12-03 02:15,0,0,0,0,0,0
2020-12-03 02:30,1,0,1,0,0,0
2020-12-03 02:45,2,0,2,0,0,0
2020-12-03 03:00,0,0,0,0,0,0
2020-12-03 03:15,0,0,0,0,0,0
2020-12-03 03:30,4,4,0,0,0,0
2020-12-03 03:45,1,0,1,0,0,0
2020-12-03 04:00,1,1,0,0,0,0
2020-12-03 04:15,1,0,1,0,0,0
2020-12-03 04:30,0,0,0,0,0,0
2020-12-03 04:45,0,0,0,0,0,0
2020-12-03 05:00,0,0,0,0,0,0
2020-12-03 05:15,1,1,0,0,0,0
2020-12-03 05:30,8,1,7,0,0,0
2020-12-03 05:45,15,8,7,0,0,0
2020-12-03 06:00,9,3,6,0,0,0
2020-12-03 06:15,17,5,12,0,0,0
2020-12-03 06:30,33,18,15,0,0,0
2020-12-03 06:45,39,14,25,0,0,0
2020-12-03 07:00,46,15,31,0,0,0
2020-12-03 07:15,63,20,43,0,0,0
2020-12-03 07:30,99,42,57,0,0,0
2020-12-03 07:45,202,111,91,0,0,0
2020-12-03 08:00,188,134,54,0,0,0
2020-12-03 08:15,108,57,51,0,0,0
2020-12-03 08:30,82,33,49,0,0,0
2020-12-03 08:45,85,48,37,0,0,0
2020-12-03 09:00,68,40,28,0,0,0
2020-12-03 09:15,64,27,37,0,0,0
2020-12-03 09:30,38,25,13,0,0,0
2020-12-03 09:45,48,19,29,0,0,0
2020-12-03 10:00,47,20,27,0,0,0
2020-12-03 10:15,37,22,15,0,0,0
2020-12-03 10:30,39,15,24,0,0,0
2020-12-03 10:45,47,20,27,0,0,0
2020-12-03 11:00,34,16,18,0,0,0
2020-12-03 11:15,36,18,18,0,0,0
2020-12-03 11:30,61,29,32,0,0,0
2020-12-03 11:45,74,34,40,0,0,0
2020-12-03 12:00,64,36,28,0,0,0
2020-12-03 12:15,61,30,31,0,0,0
2020-12-03 12:30,62,22,40,0,0,0
2020-12-03 12:45,93,33,60,0,0,0
2020-12-03 13:00,59,24,35,0,0,0
2020-12-03 13:15,55,21,34,0,0,0
2020-12-03 13:30,123,29,94,0,0,0
2020-12-03 13:45,81,39,42,0,0,0
2020-12-03 14:00,72,34,38,0,0,0
2020-12-03 14:15,83,35,48,0,0,0
2020-12-03 14:30,86,33,53,0,0,0
2020-12-03 14:45,80,41,39,0,0,0
2020-12-03 15:00,81,42,39,0,0,0
2020-12-03 15:15,80,47,33,0,0,0
2020-12-03 15:30,97,52,45,0,0,0
2020-12-03 15:45,112,50,62,0,0,0
2020-12-03 16:00,108,55,53,0,0,0
2020-12-03 16:15,94,45,49,0,0,0
2020-12-03 16:30,86,29,57,0,0,0
2020-12-03 16:45,106,46,60,0,0,0
2020-12-03 17:00,110,49,61,0,0,0
2020-12-03 17:15,91,43,48,0,0,0
2020-12-03 17:30,62,29,33,0,0,0
2020-12-03 17:45,74,39,35,0,0,0
2020-12-03 18:00,62,27,35,0,0,0
2020-12-03 18:15,64,28,36,0,0,0
2020-12-03 18:30,54,24,30,0,0,0
2020-12-03 18:45,72,22,50,0,0,0
2020-12-03 19:00,54,22,32,0,0,0
2020-12-03 19:15,36,9,27,0,0,0
2020-12-03 19:30,30,14,16,0,0,0
2020-12-03 19:45,32,12,20,0,0,0
2020-12-03 20:00,31,13,18,0,0,0
2020-12-03 20:15,27,12,15,0,0,0
2020-12-03 20:30,13,5,8,0,0,0
2020-12-03 20:45,8,3,5,0,0,0
2020-12-03 21:00,18,9,9,0,0,0
2020-12-03 21:15,10,5,5,0,0,0
2020-12-03 21:30,11,5,6,0,0,0
2020-12-03 21:45,8,6,2,0,0,0
2020-12-03 22:00,6,2,4,0,0,0
2020-12-03 22:15,9,6,3,0,0,0
2020-12-03 22:30,3,2,1,0,0,0
2020-12-03 22:45,11,0,11,0,0,0
2020-12-03 23:00,10,3,7,0,0,0
2020-12-03 23:15,4,3,1,0,0,0
2020-12-03 23:30,8,2,6,0,0,0
2020-12-03 23:45,7,3,4,0,0,0
2020-12-04 00:00,5,3,2,0,0,0
2020-12-04 00:15,4,2,2,0,0,0
2020-12-04 00:30,0,0,0,0,0,0
2020-12-04 00:45,2,1,1,0,0,0
2020-12-04 01:00,2,1,1,0,0,0
2020-12-04 01:15,2,1,1,0,0,0
2020-12-04 01:30,1,0,1,0,0,0
2020-12-04 01:45,1,0,1,0,0,0
2020-12-04 02:00,0,0,0,0,0,0
2020-12-04 02:15,0,0,0,0,0,0
2020-12-04 02:30,1,0,1,0,0,0
2020-12-04 02:45,0,0,0,0,0,0
2020-12-04 03:00,0,0,0,0,0,0
2020-12-04 03:15,0,0,0,0,0,0
2020-12-04 03:30,0,0,0,0,0,0
2020-12-04 03:45,0,0,0,0,0,0
2020-12-04 04:00,0,0,0,0,0,0
2020-12-04 04:15,2,1,1,0,0,0
2020-12-04 04:30,2,1,1,0,0,0
2020-12-04 04:45,0,0,0,0,0,0
2020-12-04 05:00,0,0,0,0,0,0
2020-12-04 05:15,1,1,0,0,0,0
2020-12-04 05:30,9,4,5,0,0,0
2020-12-04 05:45,6,2,4,0,0,0
2020-12-04 06:00,9,4,5,0,0,0
2020-12-04 06:15,13,3,10,0,0,0
2020-12-04 06:30,32,7,25,0,0,0
2020-12-04 06:45,34,12,22,0,0,0
2020-12-04 07:00,42,13,29,0,0,0
2020-12-04 07:15,54,18,36,0,0,0
2020-12-04 07:30,71,34,37,0,0,0
2020-12-04 07:45,153,93,60,0,0,0
2020-12-04 08:00,165,116,49,0,0,0
2020-12-04 08:15,77,39,38,0,0,0
2020-12-04 08:30,74,35,39,0,0,0
2020-12-04 08:45,75,36,39,0,0,0
2020-12-04 09:00,60,31,29,0,0,0
2020-12-04 09:15,62,39,23,0,0,0
2020-12-04 09:30,50,30,20,0,0,0
2020-12-04 09:45,77,49,28,0,0,0
2020-12-04 10:00,55,39,16,0,0,0
2020-12-04 10:15,46,33,13,0,0,0
2020-12-04 10:30,51,32,19,0,0,0
2020-12-04 10:45,51,25,26,0,0,0
2020-12-04 11:00,49,23,26,0,0,0
2020-12-04 11:15,55,30,25,0,0,0
2020-12-04 11:30,69,31,38,0,0,0
2020-12-04 11:45,83,44,39,0,0,0
2020-12-04 12:00,79,40,39,0,0,0
2020-12-04 12:15,88,28,60,0,0,0
2020-12-04 12:30,84,40,44,0,0,0
2020-12-04 12:45,94,39,55,0,0,0
2020-12-04 13:00,75,32,43,0,0,0
2020-12-04 13:15,92,46,46,0,0,0
2020-12-04 13:30,142,35,107,0,0,0
2020-12-04 13:45,95,31,64,0,0,0
2020-12-04 14:00,75,35,40,0,0,0
2020-12-04 14:15,82,36,46,0,0,0
2020-12-04 14:30,137,51,86,0,0,0
2020-12-04 14:45,93,27,66,0,0,0
2020-12-04 15:00,108,56,52,0,0,0
2020-12-04 15:15,98,52,46,0,0,0
2020-12-04 15:30,78,42,36,0,0,0
2020-12-04 15:45,106,54,52,0,0,0
2020-12-04 16:00,63,25,38,0,0,0
2020-12-04 16:15,97,52,45,0,0,0
2020-12-04 16:30,81,41,40,0,0,0
2020-12-04 16:45,101,48,53,0,0,0
2020-12-04 17:00,76,43,33,0,0,0
2020-12-04 17:15,71,33,38,0,0,0
2020-12-04 17:30,65,28,37,0,0,0
2020-12-04 17:45,56,26,30,0,0,0
2020-12-04 18:00,71,37,34,0,0,0
2020-12-04 18:15,65,34,31,0,0,0
2020-12-04 18:30,42,17,25,0,0,0
2020-12-04 18:45,58,18,40,0,0,0
2020-12-04 19:00,47,13,34,0,0,0
2020-12-04 19:15,44,17,27,0,0,0
2020-12-04 19:30,21,11,10,0,0,0
2020-12-04 19:45,29,10,19,0,0,0
2020-12-04 20:00,33,13,20,0,0,0
2020-12-04 20:15,20,6,14,0,0,0
2020-12-04 20:30,21,4,17,0,0,0
2020-12-04 20:45,8,2,6,0,0,0
2020-12-04 21:00,21,11,10,0,0,0
2020-12-04 21:15,10,6,4,0,0,0
2020-12-04 21:30,14,5,9,0,0,0
2020-12-04 21:45,17,2,15,0,0,0
2020-12-04 22:00,4,1,3,0,0,0
2020-12-04 22:15,7,5,2,0,0,0
2020-12-04 22:30,10,6,4,0,0,0
2020-12-04 22:45,4,1,3,0,0,0
2020-12-04 23:00,4,1,3,0,0,0
2020-12-04 23:15,5,1,4,0,0,0
2020-12-04 23:30,5,1,4,0,0,0
2020-12-04 23:45,4,1,3,0,0,0
2020-12-05 00:00,8,4,4,0,0,0
2020-12-05 00:15,7,1,6,0,0,0
2020-12-05 00:30,4,2,2,0,0,0
2020-12-05 00:45,2,0,2,0,0,0
2020-12-05 01:00,8,8,0,0,0,0
2020-12-05 01:15,11,4,7,0,0,0
2020-12-05 01:30,4,2,2,0,0,0
2020-12-05 01:45,3,0,3,0,0,0
2020-12-05 02:00,3,3,0,0,0,0
2020-12-05 02:15,1,0,1,0,0,0
2020-12-05 02:30,2,1,1,0,0,0
2020-12-05 02:45,1,0,1,0,0,0
2020-12-05 03:00,2,0,2,0,0,0
2020-12-05 03:15,1,1,0,0,0,0
2020-12-05 03:30,2,0,2,0,0,0
2020-12-05 03:45,0,0,0,0,0,0
2020-12-05 04:00,1,1,0,0,0,0
2020-12-05 04:15,1,1,0,0,0,0
2020-12-05 04:30,1,0,1,0,0,0
2020-12-05 04:45,1,1,0,0,0,0
2020-12-05 05:00,0,0,0,0,0,0
2020-12-05 05:15,1,0,1,0,0,0
2020-12-05 05:30,5,0,5,0,0,0
2020-12-05 05:45,3,2,1,0,0,0
2020-12-05 06:00,3,1,2,0,0,0
2020-12-05 06:15,1,0,1,0,0,0
2020-12-05 06:30,8,5,3,0,0,0
2020-12-05 06:45,15,10,5,0,0,0
2020-12-05 07:00,8,4,4,0,0,0
2020-12-05 07:15,6,3,3,0,0,0
2020-12-05 07:30,9,3,6,0,0,0
2020-12-05 07:45,21,12,9,0,0,0
2020-12-05 08:00,8,5,3,0,0,0
2020-12-05 08:15,20,12,8,0,0,0
2020-12-05 08:30,16,14,2,0,0,0
2020-12-05 08:45,24,15,9,0,0,0
2020-12-05 09:00,28,16,12,0,0,0
2020-12-05 09:15,33,23,10,0,0,0
2020-12-05 09:30,34,23,11,0,0,0
2020-12-05 09:45,52,33,19,0,0,0
2020-12-05 10:00,57,30,27,0,0,0
2020-12-05 10:15,65,53,12,0,0,0
2020-12-05 10:30,57,37,20,0,0,0
2020-12-05 10:45,51,29,22,0,0,0
2020-12-05 11:00,58,37,21,0,0,0
2020-12-05 11:15,91,53,38,0,0,0
2020-12-05 11:30,77,47,30,0,0,0
2020-12-05 11:45,93,59,34,0,0,0
2020-12-05 12:00,90,45,45,0,0,0
2020-12-05 12:15,85,37,48,0,0,0
2020-12-05 12:30,89,50,39,0,0,0
2020-12-05 12:45,72,39,33,0,0,0
2020-12-05 13:00,92,40,52,0,0,0
2020-12-05 13:15,92,37,55,0,0,0
2020-12-05 13:30,95,43,52,0,0,0
2020-12-05 13:45,85,39,46,0,0,0
2020-12-05 14:00,92,34,58,0,0,0
2020-12-05 14:15,100,47,53,0,0,0
2020-12-05 14:30,73,38,35,0,0,0
2020-12-05 14:45,81,37,44,0,0,0
2020-12-05 15:00,70,31,39,0,0,0
2020-12-05 15:15,94,44,50,0,0,0
2020-12-05 15:30,52,22,30,0,0,0
2020-12-05 15:45,57,15,42,0,0,0
2020-12-05 16:00,62,28,34,0,0,0
2020-12-05 16:15,68,19,49,0,0,0
2020-12-05 16:30,54,15,39,0,0,0
2020-12-05 16:45,53,23,30,0,0,0
2020-12-05 17:00,53,17,36,0,0,0
2020-12-05 17:15,62,34,28,0,0,0
2020-12-05 17:30,27,12,15,0,0,0
2020-12-05 17:45,34,8,26,0,0,0
2020-12-05 18:00,44,12,32,0,0,0
2020-12-05 18:15,46,13,33,0,0,0
2020-12-05 18:30,30,6,24,0,0,0
2020-12-05 18:45,33,9,24,0,0,0
2020-12-05 19:00,42,12,30,0,0,0
2020-12-05 19:15,36,7,29,0,0,0
2020-12-05 19:30,32,10,22,0,0,0
2020-12-05 19:45,19,3,16,0,0,0
2020-12-05 20:00,18,6,12,0,0,0
2020-12-05 20:15,21,5,16,0,0,0
2020-12-05 20:30,13,6,7,0,0,0
2020-12-05 20:45,15,4,11,0,0,0
2020-12-05 21:00,13,5,8,0,0,0
2020-12-05 21:15,11,2,9,0,0,0
2020-12-05 21:30,6,4,2,0,0,0
2020-12-05 21:45,2,0,2,0,0,0
2020-12-05 22:00,11,5,6,0,0,0
2020-12-05 22:15,3,1,2,0,0,0
2020-12-05 22:30,8,2,6,0,0,0
2020-12-05 22:45,7,3,4,0,0,0
2020-12-05 23:00,4,2,2,0,0,0
2020-12-05 23:15,8,1,7,0,0,0
2020-12-05 23:30,11,3,8,0,0,0
2020-12-05 23:45,7,6,1,0,0,0
2020-12-06 00:00,9,6,3,0,0,0
2020-12-06 00:15,6,3,3,0,0,0
2020-12-06 00:30,4,2,2,0,0,0
2020-12-06 00:45,3,2,1,0,0,0
2020-12-06 01:00,7,3,4,0,0,0
2020-12-06 01:15,8,4,4,0,0,0
2020-12-06 01:30,3,0,3,0,0,0
2020-12-06 01:45,1,0,1,0,0,0
2020-12-06 02:00,1,0,1,0,0,0
2020-12-06 02:15,4,2,2,0,0,0
2020-12-06 02:30,2,0,2,0,0,0
2020-12-06 02:45,1,0,1,0,0,0
2020-12-06 03:00,0,0,0,0,0,0
2020-12-06 03:15,0,0,0,0,0,0
2020-12-06 03:30,0,0,0,0,0,0
2020-12-06 03:45,0,0,0,0,0,0
2020-12-06 04:00,0,0,0,0,0,0
2020-12-06 04:15,0,0,0,0,0,0
2020-12-06 04:30,0,0,0,0,0,0
2020-12-06 04:45,0,0,0,0,0,0
2020-12-06 05:00,0,0,0,0,0,0
2020-12-06 05:15,2,0,2,0,0,0
2020-12-06 05:30,6,0,6,0,0,0
2020-12-06 05:45,0,0,0,0,0,0
2020-12-06 06:00,0,0,0,0,0,0
2020-12-06 06:15,1,1,0,0,0,0
2020-12-06 06:30,3,3,0,0,0,0
2020-12-06 06:45,7,2,5,0,0,0
2020-12-06 07:00,2,0,2,0,0,0
2020-12-06 07:15,1,0,1,0,0,0
2020-12-06 07:30,8,3,5,0,0,0
2020-12-06 07:45,11,1,10,0,0,0
2020-12-06 08:00,2,1,1,0,0,0
2020-12-06 08:15,7,2,5,0,0,0
2020-12-06 08:30,15,8,7,0,0,0
2020-12-06 08:45,5,0,5,0,0,0
2020-12-06 09:00,5,5,0,0,0,0
2020-12-06 09:15,6,4,2,0,0,0
2020-12-06 09:30,11,6,5,0,0,0
2020-12-06 09:45,15,6,9,0,0,0
2020-12-06 10:00,13,6,7,0,0,0
2020-12-06 10:15,5,3,2,0,0,0
2020-12-06 10:30,7,4,3,0,0,0
2020-12-06 10:45,28,13,15,0,0,0
2020-12-06 11:00,13,6,7,0,0,0
2020-12-06 11:15,16,11,5,0,0,0
2020-12-06 11:30,18,8,10,0,0,0
2020-12-06 11:45,17,13,4,0,0,0
2020-12-06 12:00,12,6,6,0,0,0
2020-12-06 12:15,26,6,20,0,0,0
2020-12-06 12:30,15,2,13,0,0,0
2020-12-06 12:45,29,7,22,0,0,0
2020-12-06 13:00,13,9,4,0,0,0
2020-12-06 13:15,16,7,9,0,0,0
2020-12-06 13:30,25,12,13,0,0,0
2020-12-06 13:45,23,13,10,0,0,0
2020-12-06 14:00,18,7,11,0,0,0
2020-12-06 14:15,36,22,14,0,0,0
2020-12-06 14:30,21,11,10,0,0,0
2020-12-06 14:45,32,13,19,0,0,0
2020-12-06 15:00,21,12,9,0,0,0
2020-12-06 15:15,20,11,9,0,0,0
2020-12-06 15:30,32,13,19,0,0,0
2020-12-06 15:45,18,5,13,0,0,0
2020-12-06 16:00,14,6,8,0,0,0
2020-12-06 16:15,18,7,11,0,0,0
2020-12-06 16:30,19,9,10,0,0,0
2020-12-06 16:45,16,8,8,0,0,0
2020-12-06 17:00,30,10,20,0,0,0
2020-12-06 17:15,23,5,18,0,0,0
2020-12-06 17:30,31,13,18,0,0,0
2020-12-06 17:45,28,11,17,0,0,0
2020-12-06 18:00,21,3,18,0,0,0
2020-12-06 18:15,26,13,13,0,0,0
2020-12-06 18:30,19,8,11,0,0,0
2020-12-06 18:45,8,3,5,0,0,0
2020-12-06 19:00,10,6,4,0,0,0
2020-12-06 19:15,16,4,12,0,0,0
2020-12-06 19:30,17,6,11,0,0,0
2020-12-06 19:45,6,5,1,0,0,0
2020-12-06 20:00,18,6,12,0,0,0
2020-12-06 20:15,18,8,10,0,0,0
2020-12-06 20:30,14,2,12,0,0,0
2020-12-06 20:45,4,2,2,0,0,0
2020-12-06 21:00,11,3,8,0,0,0
2020-12-06 21:15,11,5,6,0,0,0
2020-12-06 21:30,2,0,2,0,0,0
2020-12-06 21:45,5,0,5,0,0,0
2020-12-06 22:00,8,7,1,0,0,0
2020-12-06 22:15,1,0,1,0,0,0
2020-12-06 22:30,2,1,1,0,0,0
2020-12-06 22:45,0,0,0,0,0,0
2020-12-06 23:00,2,1,1,0,0,0
2020-12-06 23:15,5,3,2,0,0,0
2020-12-06 23:30,0,0,0,0,0,0
2020-12-06 23:45,2,0,2,0,0,0
2020-12-07 00:00,2,1,1,0,0,0
2020-12-07 00:15,3,0,3,0,0,0
2020-12-07 00:30,0,0,0,0,0,0
2020-12-07 00:45,1,1,0,0,0,0
2020-12-07 01:00,0,0,0,0,0,0
2020-12-07 01:15,0,0,0,0,0,0
2020-12-07 01:30,0,0,0,0,0,0
2020-12-07 01:45,0,0,0,0,0,0
2020-12-07 02:00,0,0,0,0,0,0
2020-12-07 02:15,0,0,0,0,0,0
2020-12-07 02:30,0,0,0,0,0,0
2020-12-07 02:45,0,0,0,0,0,0
2020-12-07 03:00,0,0,0,0,0,0
2020-12-07 03:15,0,0,0,0,0,0
2020-12-07 03:30,0,0,0,0,0,0
2020-12-07 03:45,0,0,0,0,0,0
2020-12-07 04:00,0,0,0,0,0,0
2020-12-07 04:15,1,0,1,0,0,0
2020-12-07 04:30,0,0,0,0,0,0
2020-12-07 04:45,0,0,0,0,0,0
2020-12-07 05:00,0,0,0,0,0,0
2020-12-07 05:15,3,1,2,0,0,0
2020-12-07 05:30,7,1,6,0,0,0
2020-12-07 05:45,12,6,6,0,0,0
2020-12-07 06:00,9,6,3,0,0,0
2020-12-07 06:15,18,6,12,0,0,0
2020-12-07 06:30,26,4,22,0,0,0
2020-12-07 06:45,41,16,25,0,0,0
2020-12-07 07:00,38,12,26,0,0,0
2020-12-07 07:15,58,22,36,0,0,0
2020-12-07 07:30,101,47,54,0,0,0
2020-12-07 07:45,134,70,64,0,0,0
2020-12-07 08:00,204,155,49,0,0,0
2020-12-07 08:15,85,43,42,0,0,0
2020-12-07 08:30,85,41,44,0,0,0
2020-12-07 08:45,84,41,43,0,0,0
2020-12-07 09:00,67,34,33,0,0,0
2020-12-07 09:15,53,24,29,0,0,0
2020-12-07 09:30,44,24,20,0,0,0
2020-12-07 09:45,52,28,24,0,0,0
2020-12-07 10:00,55,26,29,0,0,0
2020-12-07 10:15,35,21,14,0,0,0
2020-12-07 10:30,43,24,19,0,0,0
2020-12-07 10:45,58,30,28,0,0,0
2020-12-07 11:00,29,12,17,0,0,0
2020-12-07 11:15,40,14,26,0,0,0
2020-12-07 11:30,38,14,24,0,0,0
2020-12-07 11:45,44,18,26,0,0,0
2020-12-07 12:00,49,18,31,0,0,0
2020-12-07 12:15,51,17,34,0,0,0
2020-12-07 12:30,55,22,33,0,0,0
2020-12-07 12:45,51,27,24,0,0,0
2020-12-07 13:00,54,16,38,0,0,0
2020-12-07 13:15,48,20,28,0,0,0
2020-12-07 13:30,108,23,85,0,0,0
2020-12-07 13:45,49,21,28,0,0,0
2020-12-07 14:00,58,23,35,0,0,0
2020-12-07 14:15,53,26,27,0,0,0
2020-12-07 14:30,73,26,47,0,0,0
2020-12-07 14:45,61,31,30,0,0,0
2020-12-07 15:00,54,27,27,0,0,0
2020-12-07 15:15,86,55,31,0,0,0
2020-12-07 15:30,74,35,39,0,0,0
2020-12-07 15:45,55,9,46,0,0,0
2020-12-07 16:00,107,56,51,0,0,0
2020-12-07 16:15,91,50,41,0,0,0
2020-12-07 16:30,65,32,33,0,0,0
2020-12-07 16:45,91,46,45,0,0,0
2020-12-07 17:00,80,40,40,0,0,0
2020-12-07 17:15,84,40,44,0,0,0
2020-12-07 17:30,66,27,39,0,0,0
2020-12-07 17:45,69,25,44,0,0,0
2020-12-07 18:00,65,25,40,0,0,0
2020-12-07 18:15,71,30,41,0,0,0
2020-12-07 18:30,58,21,37,0,0,0
2020-12-07 18:45,51,24,27,0,0,0
2020-12-07 19:00,35,16,19,0,0,0
2020-12-07 19:15,34,14,20,0,0,0
2020-12-07 19:30,26,8,18,0,0,0
2020-12-07 19:45,27,12,15,0,0,0
2020-12-07 20:00,23,9,14,0,0,0
2020-12-07 20:15,18,6,12,0,0,0
2020-12-07 20:30,8,3,5,0,0,0
2020-12-07 20:45,5,2,3,0,0,0
2020-12-07 21:00,16,7,9,0,0,0
2020-12-07 21:15,14,7,7,0,0,0
2020-12-07 21:30,13,7,6,0,0,0
2020-12-07 21:45,6,2,4,0,0,0
2020-12-07 22:00,5,3,2,0,0,0
2020-12-07 22:15,5,2,3,0,0,0
2020-12-07 22:30,12,2,10,0,0,0
2020-12-07 22:45,6,1,5,0,0,0
2020-12-07 23:00,4,2,2,0,0,0
2020-12-07 23:15,3,2,1,0,0,0
2020-12-07 23:30,1,1,0,0,0,0
2020-12-07 23:45,3,2,1,0,0,0
2020-12-08 00:00,4,0,4,0,0,0
2020-12-08 00:15,0,0,0,0,0,0
2020-12-08 00:30,0,0,0,0,0,0
2020-12-08 00:45,1,1,0,0,0,0
2020-12-08 01:00,0,0,0,0,0,0
2020-12-08 01:15,0,0,0,0,0,0
2020-12-08 01:30,0,0,0,0,0,0
2020-12-08 01:45,0,0,0,0,0,0
2020-12-08 02:00,2,2,0,0,0,0
2020-12-08 02:15,0,0,0,0,0,0
2020-12-08 02:30,1,1,0,0,0,0
2020-12-08 02:45,0,0,0,0,0,0
2020-12-08 03:00,0,0,0,0,0,0
2020-12-08 03:15,0,0,0,0,0,0
2020-12-08 03:30,0,0,0,0,0,0
2020-12-08 03:45,0,0,0,0,0,0
2020-12-08 04:00,0,0,0,0,0,0
2020-12-08 04:15,0,0,0,0,0,0
2020-12-08 04:30,2,0,2,0,0,0
2020-12-08 04:45,0,0,0,0,0,0
2020-12-08 05:00,0,0,0,0,0,0
2020-12-08 05:15,1,1,0,0,0,0
2020-12-08 05:30,9,2,7,0,0,0
2020-12-08 05:45,17,7,10,0,0,0
2020-12-08 06:00,8,5,3,0,0,0
2020-12-08 06:15,19,8,11,0,0,0
2020-12-08 06:30,41,8,33,0,0,0
2020-12-08 06:45,58,22,36,0,0,0
2020-12-08 07:00,51,12,39,0,0,0
2020-12-08 07:15,81,24,57,0,0,0
2020-12-08 07:30,106,48,58,0,0,0
2020-12-08 07:45,186,103,83,0,0,0
2020-12-08 08:00,211,151,60,0,0,0
2020-12-08 08:15,104,55,49,0,0,0
2020-12-08 08:30,89,42,47,0,0,0
2020-12-08 08:45,115,52,63,0,0,0
2020-12-08 09:00,55,26,29,0,0,0
2020-12-08 09:15,53,20,33,0,0,0
2020-12-08 09:30,67,35,32,0,0,0
2020-12-08 09:45,73,48,25,0,0,0
2020-12-08 10:00,54,27,27,0,0,0
2020-12-08 10:15,44,25,19,0,0,0
2020-12-08 10:30,38,18,20,0,0,0
2020-12-08 10:45,54,25,29,0,0,0
2020-12-08 11:00,49,21,28,0,0,0
2020-12-08 11:15,53,19,34,0,0,0
2020-12-08 11:30,54,25,29,0,0,0
2020-12-08 11:45,50,26,24,0,0,0
2020-12-08 12:00,86,33,53,0,0,0
2020-12-08 12:15,86,28,58,0,0,0
2020-12-08 12:30,58,24,34,0,0,0
2020-12-08 12:45,79,28,51,0,0,0
2020-12-08 13:00,80,26,54,0,0,0
2020-12-08 13:15,97,36,61,0,0,0
2020-12-08 13:30,131,22,109,0,0,0
2020-12-08 13:45,94,36,58,0,0,0
2020-12-08 14:00,86,43,43,0,0,0
2020-12-08 14:15,93,43,50,0,0,0
2020-12-08 14:30,82,31,51,0,0,0
2020-12-08 14:45,72,32,40,0,0,0
2020-12-08 15:00,86,36,50,0,0,0
2020-12-08 15:15,125,64,61,0,0,0
2020-12-08 15:30,87,49,38,0,0,0
2020-12-08 15:45,98,43,55,0,0,0
2020-12-08 16:00,112,50,62,0,0,0
2020-12-08 16:15,106,45,61,0,0,0
2020-12-08 16:30,98,39,59,0,0,0
2020-12-08 16:45,100,49,51,0,0,0
2020-12-08 17:00,97,54,43,0,0,0
2020-12-08 17:15,94,55,39,0,0,0
2020-12-08 17:30,75,35,40,0,0,0
2020-12-08 17:45,72,25,47,0,0,0
2020-12-08 18:00,94,49,45,0,0,0
2020-12-08 18:15,68,18,50,0,0,0
2020-12-08 18:30,81,34,47,0,0,0
2020-12-08 18:45,50,21,29,0,0,0
2020-12-08 19:00,46,13,33,0,0,0
2020-12-08 19:15,51,13,38,0,0,0
2020-12-08 19:30,35,11,24,0,0,0
2020-12-08 19:45,46,13,33,0,0,0
2020-12-08 20:00,22,4,18,0,0,0
2020-12-08 20:15,27,6,21,0,0,0
2020-12-08 20:30,18,4,14,0,0,0
2020-12-08 20:45,13,9,4,0,0,0
2020-12-08 21:00,9,4,5,0,0,0
2020-12-08 21:15,16,8,8,0,0,0
2020-12-08 21:30,8,6,2,0,0,0
2020-12-08 21:45,14,6,8,0,0,0
2020-12-08 22:00,11,6,5,0,0,0
2020-12-08 22:15,1,1,0,0,0,0
2020-12-08 22:30,11,4,7,0,0,0
2020-12-08 22:45,8,6,2,0,0,0
2020-12-08 23:00,6,1,5,0,0,0
2020-12-08 23:15,8,1,7,0,0,0
2020-12-08 23:30,6,4,2,0,0,0
2020-12-08 23:45,1,0,1,0,0,0
2020-12-09 00:00,2,1,1,0,0,0
2020-12-09 00:15,3,1,2,0,0,0
2020-12-09 00:30,1,1,0,0,0,0
2020-12-09 00:45,4,1,3,0,0,0
2020-12-09 01:00,1,0,1,0,0,0
2020-12-09 01:15,2,2,0,0,0,0
2020-12-09 01:30,0,0,0,0,0,0
2020-12-09 01:45,1,1,0,0,0,0
2020-12-09 02:00,1,1,0,0,0,0
2020-12-09 02:15,0,0,0,0,0,0
2020-12-09 02:30,1,0,1,0,0,0
2020-12-09 02:45,0,0,0,0,0,0
2020-12-09 03:00,1,1,0,0,0,0
2020-12-09 03:15,0,0,0,0,0,0
2020-12-09 03:30,0,0,0,0,0,0
2020-12-09 03:45,0,0,0,0,0,0
2020-12-09 04:00,0,0,0,0,0,0
2020-12-09 04:15,2,0,2,0,0,0
2020-12-09 04:30,0,0,0,0,0,0
2020-12-09 04:45,0,0,0,0,0,0
2020-12-09 05:00,0,0,0,0,0,0
2020-12-09 05:15,2,2,0,0,0,0
2020-12-09 05:30,11,1,10,0,0,0
2020-12-09 05:45,16,5,11,0,0,0
2020-12-09 06:00,9,6,3,0,0,0
2020-12-09 06:15,17,8,9,0,0,0
2020-12-09 06:30,33,12,21,0,0,0
2020-12-09 06:45,70,21,49,0,0,0
2020-12-09 07:00,37,13,24,0,0,0
2020-12-09 07:15,80,25,55,0,0,0
2020-12-09 07:30,94,41,53,0,0,0
2020-12-09 07:45,179,101,78,0,0,0
2020-12-09 08:00,220,132,88,0,0,0
2020-12-09 08:15,110,47,63,0,0,0
2020-12-09 08:30,89,48,41,0,0,0
2020-12-09 08:45,112,50,62,0,0,0
2020-12-09 09:00,60,27,33,0,0,0
2020-12-09 09:15,65,31,34,0,0,0
2020-12-09 09:30,69,26,43,0,0,0
2020-12-09 09:45,88,45,43,0,0,0
2020-12-09 10:00,75,46,29,0,0,0
2020-12-09 10:15,73,35,38,0,0,0
2020-12-09 10:30,53,27,26,0,0,0
2020-12-09 10:45,74,37,37,0,0,0
2020-12-09 11:00,66,32,34,0,0,0
2020-12-09 11:15,60,26,34,0,0,0
2020-12-09 11:30,87,37,50,0,0,0
2020-12-09 11:45,67,37,30,0,0,0
2020-12-09 12:00,82,40,42,0,0,0
2020-12-09 12:15,102,30,72,0,0,0
2020-12-09 12:30,106,28,78,0,0,0
2020-12-09 12:45,133,43,90,0,0,0
2020-12-09 13:00,115,34,81,0,0,0
2020-12-09 13:15,93,42,51,0,0,0
2020-12-09 13:30,154,48,106,0,0,0
2020-12-09 13:45,117,44,73,0,0,0
2020-12-09 14:00,87,34,53,0,0,0
2020-12-09 14:15,90,44,46,0,0,0
2020-12-09 14:30,113,33,80,0,0,0
2020-12-09 14:45,96,42,54,0,0,0
2020-12-09 15:00,103,50,53,0,0,0
2020-12-09 15:15,93,53,40,0,0,0
2020-12-09 15:30,92,51,41,0,0,0
2020-12-09 15:45,122,44,78,0,0,0
2020-12-09 16:00,135,59,76,0,0,0
2020-12-09 16:15,108,57,51,0,0,0
2020-12-09 16:30,104,55,49,0,0,0
2020-12-09 16:45,101,47,54,0,0,0
2020-12-09 17:00,88,35,53,0,0,0
2020-12-09 17:15,92,48,44,0,0,0
2020-12-09 17:30,80,28,52,0,0,0
2020-12-09 17:45,89,39,50,0,0,0
2020-12-09 18:00,80,32,48,0,0,0
2020-12-09 18:15,72,22,50,0,0,0
2020-12-09 18:30,69,29,40,0,0,0
2020-12-09 18:45,52,25,27,0,0,0
2020-12-09 19:00,50,16,34,0,0,0
2020-12-09 19:15,50,23,27,0,0,0
2020-12-09 19:30,35,12,23,0,0,0
2020-12-09 19:45,37,14,23,0,0,0
2020-12-09 20:00,38,13,25,0,0,0
2020-12-09 20:15,37,11,26,0,0,0
2020-12-09 20:30,23,8,15,0,0,0
2020-12-09 20:45,6,2,4,0,0,0
2020-12-09 21:00,15,12,3,0,0,0
2020-12-09 21:15,19,15,4,0,0,0
2020-12-09 21:30,12,4,8,0,0,0
2020-12-09 21:45,12,7,5,0,0,0
2020-12-09 22:00,14,4,10,0,0,0
2020-12-09 22:15,10,1,9,0,0,0
2020-12-09 22:30,13,7,6,0,0,0
2020-12-09 22:45,7,3,4,0,0,0
2020-12-09 23:00,11,4,7,0,0,0
2020-12-09 23:15,10,6,4,0,0,0
2020-12-09 23:30,9,1,8,0,0,0
2020-12-09 23:45,10,1,9,0,0,0
2020-12-10 00:00,7,2,5,0,0,0
2020-12-10 00:15,5,0,5,0,0,0
2020-12-10 00:30,4,1,3,0,0,0
2020-12-10 00:45,1,1,0,0,0,0
2020-12-10 01:00,2,1,1,0,0,0
2020-12-10 01:15,1,1,0,0,0,0
2020-12-10 01:30,0,0,0,0,0,0
2020-12-10 01:45,0,0,0,0,0,0
2020-12-10 02:00,0,0,0,0,0,0
2020-12-10 02:15,0,0,0,0,0,0
2020-12-10 02:30,0,0,0,0,0,0
2020-12-10 02:45,0,0,0,0,0,0
2020-12-10 03:00,0,0,0,0,0,0
2020-12-10 03:15,0,0,0,0,0,0
2020-12-10 03:30,0,0,0,0,0,0
2020-12-10 03:45,0,0,0,0,0,0
2020-12-10 04:00,0,0,0,0,0,0
2020-12-10 04:15,1,0,1,0,0,0
2020-12-10 04:30,0,0,0,0,0,0
2020-12-10 04:45,0,0,0,0,0,0
2020-12-10 05:00,0,0,0,0,0,0
2020-12-10 05:15,3,3,0,0,0,0
2020-12-10 05:30,12,5,7,0,0,0
2020-12-10 05:45,10,4,6,0,0,0
2020-12-10 06:00,7,2,5,0,0,0
2020-12-10 06:15,9,4,5,0,0,0
2020-12-10 06:30,22,9,13,0,0,0
2020-12-10 06:45,40,10,30,0,0,0
2020-12-10 07:00,43,13,30,0,0,0
2020-12-10 07:15,80,18,62,0,0,0
2020-12-10 07:30,100,37,63,0,0,0
2020-12-10 07:45,178,96,82,0,0,0
2020-12-10 08:00,214,158,56,0,0,0
2020-12-10 08:15,109,38,71,0,0,0
2020-12-10 08:30,81,38,43,0,0,0
2020-12-10 08:45,88,49,39,0,0,0
2020-12-10 09:00,58,23,35,0,0,0
2020-12-10 09:15,56,27,29,0,0,0
2020-12-10 09:30,46,22,24,0,0,0
2020-12-10 09:45,57,20,37,0,0,0
2020-12-10 10:00,49,30,19,0,0,0
2020-12-10 10:15,34,15,19,0,0,0
2020-12-10 10:30,28,19,9,0,0,0
2020-12-10 10:45,73,42,31,0,0,0
2020-12-10 11:00,62,25,37,0,0,0
2020-12-10 11:15,46,21,25,0,0,0
2020-12-10 11:30,57,25,32,0,0,0
2020-12-10 11:45,79,30,49,0,0,0
2020-12-10 12:00,94,52,42,0,0,0
2020-12-10 12:15,70,28,42,0,0,0
2020-12-10 12:30,81,19,62,0,0,0
2020-12-10 12:45,100,34,66,0,0,0
2020-12-10 13:00,62,20,42,0,0,0
2020-12-10 13:15,74,26,48,0,0,0
2020-12-10 13:30,124,41,83,0,0,0
2020-12-10 13:45,95,43,52,0,0,0
2020-12-10 14:00,86,36,50,0,0,0
2020-12-10 14:15,98,43,55,0,0,0
2020-12-10 14:30,108,25,83,0,0,0
2020-12-10 14:45,97,44,53,0,0,0
2020-12-10 15:00,94,56,38,0,0,0
2020-12-10 15:15,90,48,42,0,0,0
2020-12-10 15:30,104,49,55,0,0,0
2020-12-10 15:45,122,41,81,0,0,0
2020-12-10 16:00,132,55,77,0,0,0
2020-12-10 16:15,128,58,70,0,0,0
2020-12-10 16:30,102,59,43,0,0,0
2020-12-10 16:45,112,56,56,0,0,0
2020-12-10 17:00,118,59,59,0,0,0
2020-12-10 17:15,93,44,49,0,0,0
2020-12-10 17:30,88,41,47,0,0,0
2020-12-10 17:45,85,30,55,0,0,0
2020-12-10 18:00,90,39,51,0,0,0
2020-12-10 18:15,87,41,46,0,0,0
2020-12-10 18:30,49,15,34,0,0,0
2020-12-10 18:45,48,21,27,0,0,0
2020-12-10 19:00,52,15,37,0,0,0
2020-12-10 19:15,45,11,34,0,0,0
2020-12-10 19:30,40,19,21,0,0,0
2020-12-10 19:45,29,15,14,0,0,0
2020-12-10 20:00,24,5,19,0,0,0
2020-12-10 20:15,23,5,18,0,0,0
2020-12-10 20:30,14,7,7,0,0,0
2020-12-10 20:45,11,3,8,0,0,0
2020-12-10 21:00,17,6,11,0,0,0
2020-12-10 21:15,14,9,5,0,0,0
2020-12-10 21:30,5,4,1,0,0,0
2020-12-10 21:45,10,5,5,0,0,0
2020-12-10 22:00,6,2,4,0,0,0
2020-12-10 22:15,11,4,7,0,0,0
2020-12-10 22:30,10,4,6,0,0,0
2020-12-10 22:45,6,6,0,0,0,0
2020-12-10 23:00,4,1,3,0,0,0
2020-12-10 23:15,4,1,3,0,0,0
2020-12-10 23:30,7,3,4,0,0,0
2020-12-10 23:45,2,1,1,0,0,0
2020-12-11 00:00,5,2,3,0,0,0
2020-12-11 00:15,2,2,0,0,0,0
2020-12-11 00:30,2,2,0,0,0,0
2020-12-11 00:45,4,1,3,0,0,0
2020-12-11 01:00,1,0,1,0,0,0
2020-12-11 01:15,2,1,1,0,0,0
2020-12-11 01:30,0,0,0,0,0,0
2020-12-11 01:45,2,0,2,0,0,0
2020-12-11 02:00,2,0,2,0,0,0
2020-12-11 02:15,1,1,0,0,0,0
2020-12-11 02:30,2,1,1,0,0,0
2020-12-11 02:45,0,0,0,0,0,0
2020-12-11 03:00,3,0,3,0,0,0
2020-12-11 03:15,0,0,0,0,0,0
2020-12-11 03:30,1,1,0,0,0,0
2020-12-11 03:45,0,0,0,0,0,0
2020-12-11 04:00,1,0,1,0,0,0
2020-12-11 04:15,1,0,1,0,0,0
2020-12-11 04:30,2,2,0,0,0,0
2020-12-11 04:45,1,0,1,0,0,0
2020-12-11 05:00,0,0,0,0,0,0
2020-12-11 05:15,1,1,0,0,0,0
2020-12-11 05:30,7,2,5,0,0,0
2020-12-11 05:45,10,3,7,0,0,0
2020-12-11 06:00,7,2,5,0,0,0
2020-12-11 06:15,19,5,14,0,0,0
2020-12-11 06:30,25,5,20,0,0,0
2020-12-11 06:45,31,12,19,0,0,0
2020-12-11 07:00,35,11,24,0,0,0
2020-12-11 07:15,63,21,42,0,0,0
2020-12-11 07:30,97,43,54,0,0,0
2020-12-11 07:45,138,66,72,0,0,0
2020-12-11 08:00,178,128,50,0,0,0
2020-12-11 08:15,91,30,61,0,0,0
2020-12-11 08:30,72,37,35,0,0,0
2020-12-11 08:45,78,39,39,0,0,0
2020-12-11 09:00,47,27,20,0,0,0
2020-12-11 09:15,50,27,23,0,0,0
2020-12-11 09:30,50,30,20,0,0,0
2020-12-11 09:45,81,55,26,0,0,0
2020-12-11 10:00,65,32,33,0,0,0
2020-12-11 10:15,76,37,39,0,0,0
2020-12-11 10:30,72,42,30,0,0,0
2020-12-11 10:45,69,43,26,0,0,0
2020-12-11 11:00,76,44,32,0,0,0
2020-12-11 11:15,53,23,30,0,0,0
2020-12-11 11:30,65,30,35,0,0,0
2020-12-11 11:45,81,49,32,0,0,0
2020-12-11 12:00,87,33,54,0,0,0
2020-12-11 12:15,85,45,40,0,0,0
2020-12-11 12:30,117,40,77,0,0,0
2020-12-11 12:45,101,36,65,0,0,0
2020-12-11 13:00,98,35,63,0,0,0
2020-12-11 13:15,88,38,50,0,0,0
2020-12-11 13:30,189,39,150,0,0,0
2020-12-11 13:45,90,36,54,0,0,0
2020-12-11 14:00,89,39,50,0,0,0
2020-12-11 14:15,98,31,67,0,0,0
2020-12-11 14:30,122,38,84,0,0,0
2020-12-11 14:45,107,42,65,0,0,0
2020-12-11 15:00,92,41,51,0,0,0
2020-12-11 15:15,103,52,51,0,0,0
2020-12-11 15:30,96,49,47,0,0,0
2020-12-11 15:45,113,56,57,0,0,0
2020-12-11 16:00,73,36,37,0,0,0
2020-12-11 16:15,82,47,35,0,0,0
2020-12-11 16:30,91,46,45,0,0,0
2020-12-11 16:45,109,52,57,0,0,0
2020-12-11 17:00,85,33,52,0,0,0
2020-12-11 17:15,101,37,64,0,0,0
2020-12-11 17:30,56,24,32,0,0,0
2020-12-11 17:45,73,32,41,0,0,0
2020-12-11 18:00,74,33,41,0,0,0
2020-12-11 18:15,56,24,32,0,0,0
2020-12-11 18:30,49,19,30,0,0,0
2020-12-11 18:45,71,15,56,0,0,0
2020-12-11 19:00,48,19,29,0,0,0
2020-12-11 19:15,29,5,24,0,0,0
2020-12-11 19:30,53,27,26,0,0,0
2020-12-11 19:45,36,9,27,0,0,0
2020-12-11 20:00,39,13,26,0,0,0
2020-12-11 20:15,29,9,20,0,0,0
2020-12-11 20:30,23,6,17,0,0,0
2020-12-11 20:45,22,9,13,0,0,0
2020-12-11 21:00,21,12,9,0,0,0
2020-12-11 21:15,18,9,9,0,0,0
2020-12-11 21:30,12,4,8,0,0,0
2020-12-11 21:45,13,5,8,0,0,0
2020-12-11 22:00,5,2,3,0,0,0
2020-12-11 22:15,8,6,2,0,0,0
2020-12-11 22:30,8,2,6,0,0,0
2020-12-11 22:45,2,1,1,0,0,0
2020-12-11 23:00,3,3,0,0,0,0
2020-12-11 23:15,6,0,6,0,0,0
2020-12-11 23:30,10,3,7,0,0,0
2020-12-11 23:45,8,5,3,0,0,0
2020-12-12 00:00,5,2,3,0,0,0
2020-12-12 00:15,5,2,3,0,0,0
2020-12-12 00:30,5,1,4,0,0,0
2020-12-12 00:45,5,0,5,0,0,0
2020-12-12 01:00,3,0,3,0,0,0
2020-12-12 01:15,4,4,0,0,0,0
2020-12-12 01:30,1,0,1,0,0,0
2020-12-12 01:45,0,0,0,0,0,0
2020-12-12 02:00,1,0,1,0,0,0
2020-12-12 02:15,2,0,2,0,0,0
2020-12-12 02:30,1,0,1,0,0,0
2020-12-12 02:45,3,2,1,0,0,0
2020-12-12 03:00,3,1,2,0,0,0
2020-12-12 03:15,1,0,1,0,0,0
2020-12-12 03:30,0,0,0,0,0,0
2020-12-12 03:45,1,0,1,0,0,0
2020-12-12 04:00,0,0,0,0,0,0
2020-12-12 04:15,3,2,1,0,0,0
2020-12-12 04:30,1,1,0,0,0,0
2020-12-12 04:45,1,0,1,0,0,0
2020-12-12 05:00,0,0,0,0,0,0
2020-12-12 05:15,2,0,2,0,0,0
2020-12-12 05:30,4,1,3,0,0,0
2020-12-12 05:45,4,1,3,0,0,0
2020-12-12 06:00,4,2,2,0,0,0
2020-12-12 06:15,3,3,0,0,0,0
2020-12-12 06:30,8,6,2,0,0,0
2020-12-12 06:45,15,11,4,0,0,0
2020-12-12 07:00,8,5,3,0,0,0
2020-12-12 07:15,12,9,3,0,0,0
2020-12-12 07:30,23,13,10,0,0,0
2020-12-12 07:45,12,9,3,0,0,0
2020-12-12 08:00,14,3,11,0,0,0
2020-12-12 08:15,20,18,2,0,0,0
2020-12-12 08:30,20,10,10,0,0,0
2020-12-12 08:45,42,28,14,0,0,0
2020-12-12 09:00,31,20,11,0,0,0
2020-12-12 09:15,45,32,13,0,0,0
2020-12-12 09:30,47,25,22,0,0,0
2020-12-12 09:45,56,37,19,0,0,0
2020-12-12 10:00,49,29,20,0,0,0
2020-12-12 10:15,73,42,31,0,0,0
2020-12-12 10:30,81,48,33,0,0,0
2020-12-12 10:45,70,37,33,0,0,0
2020-12-12 11:00,80,56,24,0,0,0
2020-12-12 11:15,61,35,26,0,0,0
2020-12-12 11:30,68,35,33,0,0,0
2020-12-12 11:45,86,50,36,0,0,0
2020-12-12 12:00,81,31,50,0,0,0
2020-12-12 12:15,96,44,52,0,0,0
2020-12-12 12:30,63,28,35,0,0,0
2020-12-12 12:45,81,38,43,0,0,0
2020-12-12 13:00,74,21,53,0,0,0
2020-12-12 13:15,64,23,41,0,0,0
2020-12-12 13:30,73,27,46,0,0,0
2020-12-12 13:45,64,26,38,0,0,0
2020-12-12 14:00,54,25,29,0,0,0
2020-12-12 14:15,66,23,43,0,0,0
2020-12-12 14:30,71,29,42,0,0,0
2020-12-12 14:45,67,23,44,0,0,0
2020-12-12 15:00,41,16,25,0,0,0
2020-12-12 15:15,45,13,32,0,0,0
2020-12-12 15:30,59,24,35,0,0,0
2020-12-12 15:45,59,26,33,0,0,0
2020-12-12 16:00,70,31,39,0,0,0
2020-12-12 16:15,57,27,30,0,0,0
2020-12-12 16:30,46,20,26,0,0,0
2020-12-12 16:45,47,18,29,0,0,0
2020-12-12 17:00,50,25,25,0,0,0
2020-12-12 17:15,29,9,20,0,0,0
2020-12-12 17:30,41,11,30,0,0,0
2020-12-12 17:45,45,10,35,0,0,0
2020-12-12 18:00,42,16,26,0,0,0
2020-12-12 18:15,31,9,22,0,0,0
2020-12-12 18:30,47,30,17,0,0,0
2020-12-12 18:45,48,15,33,0,0,0
2020-12-12 19:00,21,6,15,0,0,0
2020-12-12 19:15,56,22,34,0,0,0
2020-12-12 19:30,38,7,31,0,0,0
2020-12-12 19:45,27,9,18,0,0,0
2020-12-12 20:00,28,12,16,0,0,0
2020-12-12 20:15,18,2,16,0,0,0
2020-12-12 20:30,14,6,8,0,0,0
2020-12-12 20:45,9,5,4,0,0,0
2020-12-12 21:00,10,5,5,0,0,0
2020-12-12 21:15,10,2,8,0,0,0
2020-12-12 21:30,8,1,7,0,0,0
2020-12-12 21:45,14,4,10,0,0,0
2020-12-12 22:00,5,3,2,0,0,0
2020-12-12 22:15,6,4,2,0,0,0
2020-12-12 22:30,4,2,2,0,0,0
2020-12-12 22:45,5,0,5,0,0,0
2020-12-12 23:00,4,3,1,0,0,0
2020-12-12 23:15,11,6,5,0,0,0
2020-12-12 23:30,10,8,2,0,0,0
2020-12-12 23:45,11,0,11,0,0,0
2020-12-13 00:00,10,5,5,0,0,0
2020-12-13 00:15,1,0,1,0,0,0
2020-12-13 00:30,3,1,2,0,0,0
2020-12-13 00:45,4,2,2,0,0,0
2020-12-13 01:00,1,1,0,0,0,0
2020-12-13 01:15,4,0,4,0,0,0
2020-12-13 01:30,1,1,0,0,0,0
2020-12-13 01:45,0,0,0,0,0,0
2020-12-13 02:00,1,1,0,0,0,0
2020-12-13 02:15,4,4,0,0,0,0
2020-12-13 02:30,2,0,2,0,0,0
2020-12-13 02:45,1,1,0,0,0,0
2020-12-13 03:00,1,0,1,0,0,0
2020-12-13 03:15,1,0,1,0,0,0
2020-12-13 03:30,0,0,0,0,0,0
2020-12-13 03:45,1,1,0,0,0,0
2020-12-13 04:00,1,1,0,0,0,0
2020-12-13 04:15,2,1,1,0,0,0
2020-12-13 04:30,1,1,0,0,0,0
2020-12-13 04:45,0,0,0,0,0,0
2020-12-13 05:00,0,0,0,0,0,0
2020-12-13 05:15,0,0,0,0,0,0
2020-12-13 05:30,3,1,2,0,0,0
2020-12-13 05:45,5,0,5,0,0,0
2020-12-13 06:00,1,0,1,0,0,0
2020-12-13 06:15,0,0,0,0,0,0
2020-12-13 06:30,8,4,4,0,0,0
2020-12-13 06:45,0,0,0,0,0,0
2020-12-13 07:00,2,1,1,0,0,0
2020-12-13 07:15,1,0,1,0,0,0
2020-12-13 07:30,1,1,0,0,0,0
2020-12-13 07:45,8,1,7,0,0,0
2020-12-13 08:00,7,4,3,0,0,0
2020-12-13 08:15,5,1,4,0,0,0
2020-12-13 08:30,5,1,4,0,0,0
2020-12-13 08:45,3,1,2,0,0,0
2020-12-13 09:00,4,1,3,0,0,0
2020-12-13 09:15,10,6,4,0,0,0
2020-12-13 09:30,8,6,2,0,0,0
2020-12-13 09:45,12,2,10,0,0,0
2020-12-13 10:00,13,8,5,0,0,0
2020-12-13 10:15,12,5,7,0,0,0
2020-12-13 10:30,5,4,1,0,0,0
2020-12-13 10:45,22,11,11,0,0,0
2020-12-13 11:00,16,7,9,0,0,0
2020-12-13 11:15,19,8,11,0,0,0
2020-12-13 11:30,17,4,13,0,0,0
2020-12-13 11:45,22,10,12,0,0,0
2020-12-13 12:00,20,8,12,0,0,0
2020-12-13 12:15,36,13,23,0,0,0
2020-12-13 12:30,28,14,14,0,0,0
2020-12-13 12:45,28,17,11,0,0,0
2020-12-13 13:00,20,11,9,0,0,0
2020-12-13 13:15,21,11,10,0,0,0
2020-12-13 13:30,28,12,16,0,0,0
2020-12-13 13:45,28,11,17,0,0,0
2020-12-13 14:00,38,17,21,0,0,0
2020-12-13 14:15,29,16,13,0,0,0
2020-12-13 14:30,41,22,19,0,0,0
2020-12-13 14:45,34,13,21,0,0,0
2020-12-13 15:00,17,6,11,0,0,0
2020-12-13 15:15,39,20,19,0,0,0
2020-12-13 15:30,32,14,18,0,0,0
2020-12-13 15:45,31,13,18,0,0,0
2020-12-13 16:00,38,19,19,0,0,0
2020-12-13 16:15,31,19,12,0,0,0
2020-12-13 16:30,31,12,19,0,0,0
2020-12-13 16:45,38,15,23,0,0,0
2020-12-13 17:00,27,12,15,0,0,0
2020-12-13 17:15,26,13,13,0,0,0
2020-12-13 17:30,21,6,15,0,0,0
2020-12-13 17:45,39,13,26,0,0,0
2020-12-13 18:00,27,11,16,0,0,0
2020-12-13 18:15,19,8,11,0,0,0
2020-12-13 18:30,19,9,10,0,0,0
2020-12-13 18:45,12,5,7,0,0,0
2020-12-13 19:00,14,5,9,0,0,0
2020-12-13 19:15,21,5,16,0,0,0
2020-12-13 19:30,24,4,20,0,0,0
2020-12-13 19:45,16,6,10,0,0,0
2020-12-13 20:00,12,2,10,0,0,0
2020-12-13 20:15,22,7,15,0,0,0
2020-12-13 20:30,9,1,8,0,0,0
2020-12-13 20:45,1,1,0,0,0,0
2020-12-13 21:00,10,3,7,0,0,0
2020-12-13 21:15,10,4,6,0,0,0
2020-12-13 21:30,11,2,9,0,0,0
2020-12-13 21:45,6,2,4,0,0,0
2020-12-13 22:00,10,6,4,0,0,0
2020-12-13 22:15,4,1,3,0,0,0
2020-12-13 22:30,8,1,7,0,0,0
2020-12-13 22:45,3,3,0,0,0,0
2020-12-13 23:00,4,2,2,0,0,0
2020-12-13 23:15,8,3,5,0,0,0
2020-12-13 23:30,1,0,1,0,0,0
2020-12-13 23:45,1,0,1,0,0,0
2020-12-14 00:00,0,0,0,0,0,0
2020-12-14 00:15,4,1,3,0,0,0
2020-12-14 00:30,4,2,2,0,0,0
2020-12-14 00:45,2,2,0,0,0,0
2020-12-14 01:00,0,0,0,0,0,0
2020-12-14 01:15,2,2,0,0,0,0
2020-12-14 01:30,0,0,0,0,0,0
2020-12-14 01:45,2,0,2,0,0,0
2020-12-14 02:00,2,0,2,0,0,0
2020-12-14 02:15,1,1,0,0,0,0
2020-12-14 02:30,0,0,0,0,0,0
2020-12-14 02:45,0,0,0,0,0,0
2020-12-14 03:00,0,0,0,0,0,0
2020-12-14 03:15,0,0,0,0,0,0
2020-12-14 03:30,1,1,0,0,0,0
2020-12-14 03:45,0,0,0,0,0,0
2020-12-14 04:00,0,0,0,0,0,0
2020-12-14 04:15,1,0,1,0,0,0
2020-12-14 04:30,0,0,0,0,0,0
2020-12-14 04:45,0,0,0,0,0,0
2020-12-14 05:00,0,0,0,0,0,0
2020-12-14 05:15,2,2,0,0,0,0
2020-12-14 05:30,6,2,4,0,0,0
2020-12-14 05:45,14,4,10,0,0,0
2020-12-14 06:00,11,7,4,0,0,0
2020-12-14 06:15,13,3,10,0,0,0
2020-12-14 06:30,26,10,16,0,0,0
2020-12-14 06:45,54,22,32,0,0,0
2020-12-14 07:00,41,12,29,0,0,0
2020-12-14 07:15,81,23,58,0,0,0
2020-12-14 07:30,98,37,61,0,0,0
2020-12-14 07:45,142,68,74,0,0,0
2020-12-14 08:00,102,47,55,0,0,0
2020-12-14 08:15,76,35,41,0,0,0
2020-12-14 08:30,74,31,43,0,0,0
2020-12-14 08:45,76,36,40,0,0,0
2020-12-14 09:00,48,19,29,0,0,0
2020-12-14 09:15,67,31,36,0,0,0
2020-12-14 09:30,65,32,33,0,0,0
2020-12-14 09:45,75,41,34,0,0,0
2020-12-14 10:00,58,32,26,0,0,0
2020-12-14 10:15,63,29,34,0,0,0
2020-12-14 10:30,50,28,22,0,0,0
2020-12-14 10:45,57,28,29,0,0,0
2020-12-14 11:00,51,30,21,0,0,0
2020-12-14 11:15,46,19,27,0,0,0
2020-12-14 11:30,76,28,48,0,0,0
2020-12-14 11:45,76,40,36,0,0,0
2020-12-14 12:00,56,24,32,0,0,0
2020-12-14 12:15,67,23,44,0,0,0
2020-12-14 12:30,72,33,39,0,0,0
2020-12-14 12:45,61,30,31,0,0,0
2020-12-14 13:00,79,30,49,0,0,0
2020-12-14 13:15,65,25,40,0,0,0
2020-12-14 13:30,86,26,60,0,0,0
2020-12-14 13:45,90,45,45,0,0,0
2020-12-14 14:00,82,36,46,0,0,0
2020-12-14 14:15,75,41,34,0,0,0
2020-12-14 14:30,77,37,40,0,0,0
2020-12-14 14:45,78,39,39,0,0,0
2020-12-14 15:00,92,45,47,0,0,0
2020-12-14 15:15,101,59,42,0,0,0
2020-12-14 15:30,121,61,60,0,0,0
2020-12-14 15:45,124,72,52,0,0,0
2020-12-14 16:00,125,57,68,0,0,0
2020-12-14 16:15,127,69,58,0,0,0
2020-12-14 16:30,123,65,58,0,0,0
2020-12-14 16:45,100,47,53,0,0,0
2020-12-14 17:00,90,48,42,0,0,0
2020-12-14 17:15,94,45,49,0,0,0
2020-12-14 17:30,106,46,60,0,0,0
2020-12-14 17:45,58,29,29,0,0,0
2020-12-14 18:00,94,35,59,0,0,0
2020-12-14 18:15,77,27,50,0,0,0
2020-12-14 18:30,51,16,35,0,0,0
2020-12-14 18:45,59,18,41,0,0,0
2020-12-14 19:00,51,28,23,0,0,0
2020-12-14 19:15,34,13,21,0,0,0
2020-12-14 19:30,33,10,23,0,0,0
2020-12-14 19:45,34,11,23,0,0,0
2020-12-14 20:00,30,7,23,0,0,0
2020-12-14 20:15,26,4,22,0,0,0
2020-12-14 20:30,15,5,10,0,0,0
2020-12-14 20:45,20,6,14,0,0,0
2020-12-14 21:00,18,8,10,0,0,0
2020-12-14 21:15,18,6,12,0,0,0
2020-12-14 21:30,10,4,6,0,0,0
2020-12-14 21:45,13,13,0,0,0,0
2020-12-14 22:00,6,2,4,0,0,0
2020-12-14 22:15,7,6,1,0,0,0
2020-12-14 22:30,7,3,4,0,0,0
2020-12-14 22:45,8,2,6,0,0,0
2020-12-14 23:00,1,1,0,0,0,0
2020-12-14 23:15,1,1,0,0,0,0
2020-12-14 23:30,4,2,2,0,0,0
2020-12-14 23:45,2,1,1,0,0,0
2020-12-15 00:00,5,1,4,0,0,0
2020-12-15 00:15,3,1,2,0,0,0
2020-12-15 00:30,3,1,2,0,0,0
2020-12-15 00:45,4,4,0,0,0,0
2020-12-15 01:00,1,0,1,0,0,0
2020-12-15 01:15,0,0,0,0,0,0
2020-12-15 01:30,1,0,1,0,0,0
2020-12-15 01:45,0,0,0,0,0,0
2020-12-15 02:00,4,1,3,0,0,0
2020-12-15 02:15,2,1,1,0,0,0
2020-12-15 02:30,1,1,0,0,0,0
2020-12-15 02:45,1,0,1,0,0,0
2020-12-15 03:00,0,0,0,0,0,0
2020-12-15 03:15,1,0,1,0,0,0
2020-12-15 03:30,1,1,0,0,0,0
2020-12-15 03:45,0,0,0,0,0,0
2020-12-15 04:00,0,0,0,0,0,0
2020-12-15 04:15,1,0,1,0,0,0
2020-12-15 04:30,0,0,0,0,0,0
2020-12-15 04:45,0,0,0,0,0,0
2020-12-15 05:00,2,0,2,0,0,0
2020-12-15 05:15,2,2,0,0,0,0
2020-12-15 05:30,5,3,2,0,0,0
2020-12-15 05:45,11,3,8,0,0,0
2020-12-15 06:00,6,5,1,0,0,0
2020-12-15 06:15,18,5,13,0,0,0
2020-12-15 06:30,21,9,12,0,0,0
2020-12-15 06:45,42,14,28,0,0,0
2020-12-15 07:00,45,17,28,0,0,0
2020-12-15 07:15,57,25,32,0,0,0
2020-12-15 07:30,91,38,53,0,0,0
2020-12-15 07:45,126,56,70,0,0,0
2020-12-15 08:00,78,35,43,0,0,0
2020-12-15 08:15,80,30,50,0,0,0
2020-12-15 08:30,75,36,39,0,0,0
2020-12-15 08:45,56,29,27,0,0,0
2020-12-15 09:00,56,37,19,0,0,0
2020-12-15 09:15,59,28,31,0,0,0
2020-12-15 09:30,50,24,26,0,0,0
2020-12-15 09:45,73,42,31,0,0,0
2020-12-15 10:00,38,17,21,0,0,0
2020-12-15 10:15,44,22,22,0,0,0
2020-12-15 10:30,47,23,24,0,0,0
2020-12-15 10:45,47,34,13,0,0,0
2020-12-15 11:00,39,14,25,0,0,0
2020-12-15 11:15,64,33,31,0,0,0
2020-12-15 11:30,59,30,29,0,0,0
2020-12-15 11:45,76,44,32,0,0,0
2020-12-15 12:00,62,28,34,0,0,0
2020-12-15 12:15,89,35,54,0,0,0
2020-12-15 12:30,85,28,57,0,0,0
2020-12-15 12:45,49,22,27,0,0,0
2020-12-15 13:00,97,33,64,0,0,0
2020-12-15 13:15,72,22,50,0,0,0
2020-12-15 13:30,87,18,69,0,0,0
2020-12-15 13:45,81,33,48,0,0,0
2020-12-15 14:00,78,31,47,0,0,0
2020-12-15 14:15,66,37,29,0,0,0
2020-12-15 14:30,80,35,45,0,0,0
2020-12-15 14:45,74,35,39,0,0,0
2020-12-15 15:00,75,40,35,0,0,0
2020-12-15 15:15,80,49,31,0,0,0
2020-12-15 15:30,73,41,32,0,0,0
2020-12-15 15:45,68,38,30,0,0,0
2020-12-15 16:00,98,46,52,0,0,0
2020-12-15 16:15,126,75,51,0,0,0
2020-12-15 16:30,79,38,41,0,0,0
2020-12-15 16:45,103,41,62,0,0,0
2020-12-15 17:00,97,57,40,0,0,0
2020-12-15 17:15,101,50,51,0,0,0
2020-12-15 17:30,90,35,55,0,0,0
2020-12-15 17:45,74,34,40,0,0,0
2020-12-15 18:00,74,28,46,0,0,0
2020-12-15 18:15,67,23,44,0,0,0
2020-12-15 18:30,41,14,27,0,0,0
2020-12-15 18:45,57,24,33,0,0,0
2020-12-15 19:00,43,12,31,0,0,0
2020-12-15 19:15,33,7,26,0,0,0
2020-12-15 19:30,42,20,22,0,0,0
2020-12-15 19:45,41,21,20,0,0,0
2020-12-15 20:00,35,11,24,0,0,0
2020-12-15 20:15,42,11,31,0,0,0
2020-12-15 20:30,26,11,15,0,0,0
2020-12-15 20:45,16,5,11,0,0,0
2020-12-15 21:00,24,10,14,0,0,0
2020-12-15 21:15,12,4,8,0,0,0
2020-12-15 21:30,16,11,5,0,0,0
2020-12-15 21:45,7,5,2,0,0,0
2020-12-15 22:00,9,1,8,0,0,0
2020-12-15 22:15,9,2,7,0,0,0
2020-12-15 22:30,5,2,3,0,0,0
2020-12-15 22:45,6,0,6,0,0,0
2020-12-15 23:00,5,1,4,0,0,0
2020-12-15 23:15,5,1,4,0,0,0
2020-12-15 23:30,12,4,8,0,0,0
2020-12-15 23:45,8,3,5,0,0,0
2020-12-16 00:00,4,2,2,0,0,0
2020-12-16 00:15,9,6,3,0,0,0
2020-12-16 00:30,3,1,2,0,0,0
2020-12-16 00:45,0,0,0,0,0,0
2020-12-16 01:00,0,0,0,0,0,0
2020-12-16 01:15,0,0,0,0,0,0
2020-12-16 01:30,4,4,0,0,0,0
2020-12-16 01:45,0,0,0,0,0,0
2020-12-16 02:00,2,0,2,0,0,0
2020-12-16 02:15,0,0,0,0,0,0
2020-12-16 02:30,5,1,4,0,0,0
2020-12-16 02:45,2,0,2,0,0,0
2020-12-16 03:00,0,0,0,0,0,0
2020-12-16 03:15,0,0,0,0,0,0
2020-12-16 03:30,0,0,0,0,0,0
2020-12-16 03:45,0,0,0,0,0,0
2020-12-16 04:00,0,0,0,0,0,0
2020-12-16 04:15,0,0,0,0,0,0
2020-12-16 04:30,1,0,1,0,0,0
2020-12-16 04:45,3,1,2,0,0,0
2020-12-16 05:00,0,0,0,0,0,0
2020-12-16 05:15,1,1,0,0,0,0
2020-12-16 05:30,8,2,6,0,0,0
2020-12-16 05:45,10,5,5,0,0,0
2020-12-16 06:00,6,4,2,0,0,0
2020-12-16 06:15,18,7,11,0,0,0
2020-12-16 06:30,24,10,14,0,0,0
2020-12-16 06:45,44,21,23,0,0,0
2020-12-16 07:00,50,12,38,0,0,0
2020-12-16 07:15,60,20,40,0,0,0
2020-12-16 07:30,81,37,44,0,0,0
2020-12-16 07:45,111,55,56,0,0,0
2020-12-16 08:00,101,48,53,0,0,0
2020-12-16 08:15,73,27,46,0,0,0
2020-12-16 08:30,63,37,26,0,0,0
2020-12-16 08:45,78,39,39,0,0,0
2020-12-16 09:00,60,35,25,0,0,0
2020-12-16 09:15,78,44,34,0,0,0
2020-12-16 09:30,45,23,22,0,0,0
2020-12-16 09:45,63,31,32,0,0,0
2020-12-16 10:00,45,26,19,0,0,0
2020-12-16 10:15,56,28,28,0,0,0
2020-12-16 10:30,45,23,22,0,0,0
2020-12-16 10:45,70,38,32,0,0,0
2020-12-16 11:00,48,22,26,0,0,0
2020-12-16 11:15,60,29,31,0,0,0
2020-12-16 11:30,62,37,25,0,0,0
2020-12-16 11:45,76,29,47,0,0,0
2020-12-16 12:00,80,37,43,0,0,0
2020-12-16 12:15,80,25,55,0,0,0
2020-12-16 12:30,78,27,51,0,0,0
2020-12-16 12:45,87,45,42,0,0,0
2020-12-16 13:00,66,24,42,0,0,0
2020-12-16 13:15,68,28,40,0,0,0
2020-12-16 13:30,112,27,85,0,0,0
2020-12-16 13:45,74,31,43,0,0,0
2020-12-16 14:00,94,44,50,0,0,0
2020-12-16 14:15,70,25,45,0,0,0
2020-12-16 14:30,77,37,40,0,0,0
2020-12-16 14:45,79,41,38,0,0,0
2020-12-16 15:00,90,37,53,0,0,0
2020-12-16 15:15,71,41,30,0,0,0
2020-12-16 15:30,100,45,55,0,0,0
2020-12-16 15:45,74,41,33,0,0,0
2020-12-16 16:00,87,35,52,0,0,0
2020-12-16 16:15,79,36,43,0,0,0
2020-12-16 16:30,67,30,37,0,0,0
2020-12-16 16:45,71,36,35,0,0,0
2020-12-16 17:00,77,26,51,0,0,0
2020-12-16 17:15,66,27,39,0,0,0
2020-12-16 17:30,54,28,26,0,0,0
2020-12-16 17:45,64,21,43,0,0,0
2020-12-16 18:00,56,23,33,0,0,0
2020-12-16 18:15,47,20,27,0,0,0
2020-12-16 18:30,29,15,14,0,0,0
2020-12-16 18:45,26,5,21,0,0,0
2020-12-16 19:00,30,15,15,0,0,0
2020-12-16 19:15,29,17,12,0,0,0
2020-12-16 19:30,25,20,5,0,0,0
2020-12-16 19:45,25,13,12,0,0,0
2020-12-16 20:00,23,5,18,0,0,0
2020-12-16 20:15,24,6,18,0,0,0
2020-12-16 20:30,18,11,7,0,0,0
2020-12-16 20:45,9,4,5,0,0,0
2020-12-16 21:00,14,9,5,0,0,0
2020-12-16 21:15,11,7,4,0,0,0
2020-12-16 21:30,5,4,1,0,0,0
2020-12-16 21:45,5,3,2,0,0,0
2020-12-16 22:00,8,3,5,0,0,0
2020-12-16 22:15,6,2,4,0,0,0
2020-12-16 22:30,7,3,4,0,0,0
2020-12-16 22:45,4,2,2,0,0,0
2020-12-16 23:00,7,1,6,0,0,0
2020-12-16 23:15,4,2,2,0,0,0
2020-12-16 23:30,5,5,0,0,0,0
2020-12-16 23:45,7,2,5,0,0,0
2020-12-17 00:00,8,2,6,0,0,0
2020-12-17 00:15,2,2,0,0,0,0
2020-12-17 00:30,9,1,8,0,0,0
2020-12-17 00:45,2,1,1,0,0,0
2020-12-17 01:00,2,0,2,0,0,0
2020-12-17 01:15,1,1,0,0,0,0
2020-12-17 01:30,0,0,0,0,0,0
2020-12-17 01:45,1,1,0,0,0,0
2020-12-17 02:00,2,1,1,0,0,0
2020-12-17 02:15,1,1,0,0,0,0
2020-12-17 02:30,0,0,0,0,0,0
2020-12-17 02:45,0,0,0,0,0,0
2020-12-17 03:00,0,0,0,0,0,0
2020-12-17 03:15,0,0,0,0,0,0
2020-12-17 03:30,0,0,0,0,0,0
2020-12-17 03:45,0,0,0,0,0,0
2020-12-17 04:00,0,0,0,0,0,0
2020-12-17 04:15,1,0,1,0,0,0
2020-12-17 04:30,0,0,0,0,0,0
2020-12-17 04:45,0,0,0,0,0,0
2020-12-17 05:00,0,0,0,0,0,0
2020-12-17 05:15,5,4,1,0,0,0
2020-12-17 05:30,7,3,4,0,0,0
2020-12-17 05:45,14,4,10,0,0,0
2020-12-17 06:00,5,5,0,0,0,0
2020-12-17 06:15,19,6,13,0,0,0
2020-12-17 06:30,34,14,20,0,0,0
2020-12-17 06:45,41,19,22,0,0,0
2020-12-17 07:00,36,14,22,0,0,0
2020-12-17 07:15,53,24,29,0,0,0
2020-12-17 07:30,87,33,54,0,0,0
2020-12-17 07:45,120,64,56,0,0,0
2020-12-17 08:00,110,70,40,0,0,0
2020-12-17 08:15,57,24,33,0,0,0
2020-12-17 08:30,49,24,25,0,0,0
2020-12-17 08:45,54,25,29,0,0,0
2020-12-17 09:00,31,13,18,0,0,0
2020-12-17 09:15,44,20,24,0,0,0
2020-12-17 09:30,39,22,17,0,0,0
2020-12-17 09:45,28,15,13,0,0,0
2020-12-17 10:00,31,15,16,0,0,0
2020-12-17 10:15,27,12,15,0,0,0
2020-12-17 10:30,42,19,23,0,0,0
2020-12-17 10:45,36,19,17,0,0,0
2020-12-17 11:00,28,11,17,0,0,0
2020-12-17 11:15,41,23,18,0,0,0
2020-12-17 11:30,47,18,29,0,0,0
2020-12-17 11:45,42,21,21,0,0,0
2020-12-17 12:00,63,29,34,0,0,0
2020-12-17 12:15,64,32,32,0,0,0
2020-12-17 12:30,67,23,44,0,0,0
2020-12-17 12:45,53,24,29,0,0,0
2020-12-17 13:00,68,26,42,0,0,0
2020-12-17 13:15,45,16,29,0,0,0
2020-12-17 13:30,64,24,40,0,0,0
2020-12-17 13:45,68,42,26,0,0,0
2020-12-17 14:00,56,27,29,0,0,0
2020-12-17 14:15,57,23,34,0,0,0
2020-12-17 14:30,72,43,29,0,0,0
2020-12-17 14:45,60,33,27,0,0,0
2020-12-17 15:00,63,26,37,0,0,0
2020-12-17 15:15,63,39,24,0,0,0
2020-12-17 15:30,74,40,34,0,0,0
2020-12-17 15:45,59,32,27,0,0,0
2020-12-17 16:00,88,44,44,0,0,0
2020-12-17 16:15,69,29,40,0,0,0
2020-12-17 16:30,81,36,45,0,0,0
2020-12-17 16:45,99,43,56,0,0,0
2020-12-17 17:00,59,26,33,0,0,0
2020-12-17 17:15,47,26,21,0,0,0
2020-12-17 17:30,56,16,40,0,0,0
2020-12-17 17:45,52,26,26,0,0,0
2020-12-17 18:00,66,30,36,0,0,0
2020-12-17 18:15,47,16,31,0,0,0
2020-12-17 18:30,51,28,23,0,0,0
2020-12-17 18:45,39,14,25,0,0,0
2020-12-17 19:00,42,24,18,0,0,0
2020-12-17 19:15,20,10,10,0,0,0
2020-12-17 19:30,17,6,11,0,0,0
2020-12-17 19:45,19,7,12,0,0,0
2020-12-17 20:00,26,10,16,0,0,0
2020-12-17 20:15,16,7,9,0,0,0
2020-12-17 20:30,10,4,6,0,0,0
2020-12-17 20:45,9,5,4,0,0,0
2020-12-17 21:00,12,9,3,0,0,0
2020-12-17 21:15,16,9,7,0,0,0
2020-12-17 21:30,14,6,8,0,0,0
2020-12-17 21:45,6,1,5,0,0,0
2020-12-17 22:00,6,4,2,0,0,0
2020-12-17 22:15,8,3,5,0,0,0
2020-12-17 22:30,4,3,1,0,0,0
2020-12-17 22:45,9,1,8,0,0,0
2020-12-17 23:00,4,0,4,0,0,0
2020-12-17 23:15,5,2,3,0,0,0
2020-12-17 23:30,1,0,1,0,0,0
2020-12-17 23:45,3,1,2,0,0,0
2020-12-18 00:00,1,0,1,0,0,0
2020-12-18 00:15,5,2,3,0,0,0
2020-12-18 00:30,1,0,1,0,0,0
2020-12-18 00:45,0,0,0,0,0,0
2020-12-18 01:00,4,1,3,0,0,0
2020-12-18 01:15,0,0,0,0,0,0
2020-12-18 01:30,1,1,0,0,0,0
2020-12-18 01:45,2,1,1,0,0,0
2020-12-18 02:00,0,0,0,0,0,0
2020-12-18 02:15,2,0,2,0,0,0
2020-12-18 02:30,0,0,0,0,0,0
2020-12-18 02:45,3,2,1,0,0,0
2020-12-18 03:00,0,0,0,0,0,0
2020-12-18 03:15,0,0,0,0,0,0
2020-12-18 03:30,0,0,0,0,0,0
2020-12-18 03:45,1,1,0,0,0,0
2020-12-18 04:00,2,0,2,0,0,0
2020-12-18 04:15,1,0,1,0,0,0
2020-12-18 04:30,1,1,0,0,0,0
2020-12-18 04:45,0,0,0,0,0,0
2020-12-18 05:00,1,0,1,0,0,0
2020-12-18 05:15,1,0,1,0,0,0
2020-12-18 05:30,10,2,8,0,0,0
2020-12-18 05:45,13,4,9,0,0,0
2020-12-18 06:00,5,4,1,0,0,0
2020-12-18 06:15,18,6,12,0,0,0
2020-12-18 06:30,31,9,22,0,0,0
2020-12-18 06:45,36,12,24,0,0,0
2020-12-18 07:00,46,17,29,0,0,0
2020-12-18 07:15,52,17,35,0,0,0
2020-12-18 07:30,72,30,42,0,0,0
2020-12-18 07:45,106,56,50,0,0,0
2020-12-18 08:00,84,40,44,0,0,0
2020-12-18 08:15,48,22,26,0,0,0
2020-12-18 08:30,55,30,25,0,0,0
2020-12-18 08:45,53,26,27,0,0,0
2020-12-18 09:00,51,29,22,0,0,0
2020-12-18 09:15,49,29,20,0,0,0
2020-12-18 09:30,56,20,36,0,0,0
2020-12-18 09:45,49,16,33,0,0,0
2020-12-18 10:00,41,11,30,0,0,0
2020-12-18 10:15,46,24,22,0,0,0
2020-12-18 10:30,44,18,26,0,0,0
2020-12-18 10:45,53,25,28,0,0,0
2020-12-18 11:00,69,34,35,0,0,0
2020-12-18 11:15,51,22,29,0,0,0
2020-12-18 11:30,50,25,25,0,0,0
2020-12-18 11:45,58,22,36,0,0,0
2020-12-18 12:00,80,36,44,0,0,0
2020-12-18 12:15,79,29,50,0,0,0
2020-12-18 12:30,63,20,43,0,0,0
2020-12-18 12:45,70,21,49,0,0,0
2020-12-18 13:00,75,31,44,0,0,0
2020-12-18 13:15,72,23,49,0,0,0
2020-12-18 13:30,93,39,54,0,0,0
2020-12-18 13:45,81,43,38,0,0,0
2020-12-18 14:00,85,41,44,0,0,0
2020-12-18 14:15,73,37,36,0,0,0
2020-12-18 14:30,73,35,38,0,0,0
2020-12-18 14:45,104,46,58,0,0,0
2020-12-18 15:00,91,53,38,0,0,0
2020-12-18 15:15,75,38,37,0,0,0
2020-12-18 15:30,60,35,25,0,0,0
2020-12-18 15:45,91,43,48,0,0,0
2020-12-18 16:00,79,33,46,0,0,0
2020-12-18 16:15,79,38,41,0,0,0
2020-12-18 16:30,43,18,25,0,0,0
2020-12-18 16:45,56,24,32,0,0,0
2020-12-18 17:00,56,28,28,0,0,0
2020-12-18 17:15,56,22,34,0,0,0
2020-12-18 17:30,50,26,24,0,0,0
2020-12-18 17:45,59,26,33,0,0,0
2020-12-18 18:00,37,17,20,0,0,0
2020-12-18 18:15,26,9,17,0,0,0
2020-12-18 18:30,28,15,13,0,0,0
2020-12-18 18:45,22,10,12,0,0,0
2020-12-18 19:00,27,12,15,0,0,0
2020-12-18 19:15,10,8,2,0,0,0
2020-12-18 19:30,23,11,12,0,0,0
2020-12-18 19:45,21,11,10,0,0,0
2020-12-18 20:00,12,5,7,0,0,0
2020-12-18 20:15,13,6,7,0,0,0
2020-12-18 20:30,14,4,10,0,0,0
2020-12-18 20:45,10,2,8,0,0,0
2020-12-18 21:00,11,7,4,0,0,0
2020-12-18 21:15,8,6,2,0,0,0
2020-12-18 21:30,10,7,3,0,0,0
2020-12-18 21:45,10,3,7,0,0,0
2020-12-18 22:00,2,2,0,0,0,0
2020-12-18 22:15,7,2,5,0,0,0
2020-12-18 22:30,8,5,3,0,0,0
2020-12-18 22:45,6,2,4,0,0,0
2020-12-18 23:00,8,3,5,0,0,0
2020-12-18 23:15,3,2,1,0,0,0
2020-12-18 23:30,5,4,1,0,0,0
2020-12-18 23:45,5,2,3,0,0,0
2020-12-19 00:00,2,1,1,0,0,0
2020-12-19 00:15,3,1,2,0,0,0
2020-12-19 00:30,2,1,1,0,0,0
2020-12-19 00:45,2,0,2,0,0,0
2020-12-19 01:00,5,2,3,0,0,0
2020-12-19 01:15,6,0,6,0,0,0
2020-12-19 01:30,3,1,2,0,0,0
2020-12-19 01:45,2,0,2,0,0,0
2020-12-19 02:00,2,1,1,0,0,0
2020-12-19 02:15,5,2,3,0,0,0
2020-12-19 02:30,2,0,2,0,0,0
2020-12-19 02:45,0,0,0,0,0,0
2020-12-19 03:00,1,0,1,0,0,0
2020-12-19 03:15,2,0,2,0,0,0
2020-12-19 03:30,2,1,1,0,0,0
2020-12-19 03:45,3,1,2,0,0,0
2020-12-19 04:00,0,0,0,0,0,0
2020-12-19 04:15,2,1,1,0,0,0
2020-12-19 04:30,0,0,0,0,0,0
2020-12-19 04:45,2,1,1,0,0,0
2020-12-19 05:00,2,0,2,0,0,0
2020-12-19 05:15,3,0,3,0,0,0
2020-12-19 05:30,7,2,5,0,0,0
2020-12-19 05:45,2,1,1,0,0,0
2020-12-19 06:00,1,0,1,0,0,0
2020-12-19 06:15,3,2,1,0,0,0
2020-12-19 06:30,3,0,3,0,0,0
2020-12-19 06:45,15,10,5,0,0,0
2020-12-19 07:00,7,4,3,0,0,0
2020-12-19 07:15,9,6,3,0,0,0
2020-12-19 07:30,11,6,5,0,0,0
2020-12-19 07:45,32,10,22,0,0,0
2020-12-19 08:00,16,10,6,0,0,0
2020-12-19 08:15,17,11,6,0,0,0
2020-12-19 08:30,21,13,8,0,0,0
2020-12-19 08:45,34,26,8,0,0,0
2020-12-19 09:00,19,6,13,0,0,0
2020-12-19 09:15,54,35,19,0,0,0
2020-12-19 09:30,46,21,25,0,0,0
2020-12-19 09:45,47,31,16,0,0,0
2020-12-19 10:00,38,16,22,0,0,0
2020-12-19 10:15,54,22,32,0,0,0
2020-12-19 10:30,54,37,17,0,0,0
2020-12-19 10:45,59,34,25,0,0,0
2020-12-19 11:00,49,31,18,0,0,0
2020-12-19 11:15,81,44,37,0,0,0
2020-12-19 11:30,82,43,39,0,0,0
2020-12-19 11:45,84,34,50,0,0,0
2020-12-19 12:00,72,37,35,0,0,0
2020-12-19 12:15,95,42,53,0,0,0
2020-12-19 12:30,116,50,66,0,0,0
2020-12-19 12:45,89,48,41,0,0,0
2020-12-19 13:00,80,28,52,0,0,0
2020-12-19 13:15,82,32,50,0,0,0
2020-12-19 13:30,64,24,40,0,0,0
2020-12-19 13:45,92,42,50,0,0,0
2020-12-19 14:00,73,20,53,0,0,0
2020-12-19 14:15,64,27,37,0,0,0
2020-12-19 14:30,56,18,38,0,0,0
2020-12-19 14:45,83,28,55,0,0,0
2020-12-19 15:00,64,34,30,0,0,0
2020-12-19 15:15,69,32,37,0,0,0
2020-12-19 15:30,47,17,30,0,0,0
2020-12-19 15:45,59,20,39,0,0,0
2020-12-19 16:00,41,14,27,0,0,0
2020-12-19 16:15,56,18,38,0,0,0
2020-12-19 16:30,28,10,18,0,0,0
2020-12-19 16:45,46,15,31,0,0,0
2020-12-19 17:00,34,12,22,0,0,0
2020-12-19 17:15,22,12,10,0,0,0
2020-12-19 17:30,23,8,15,0,0,0
2020-12-19 17:45,25,12,13,0,0,0
2020-12-19 18:00,29,7,22,0,0,0
2020-12-19 18:15,25,7,18,0,0,0
2020-12-19 18:30,18,5,13,0,0,0
2020-12-19 18:45,24,10,14,0,0,0
2020-12-19 19:00,15,7,8,0,0,0
2020-12-19 19:15,9,7,2,0,0,0
2020-12-19 19:30,14,5,9,0,0,0
2020-12-19 19:45,14,7,7,0,0,0
2020-12-19 20:00,19,8,11,0,0,0
2020-12-19 20:15,11,7,4,0,0,0
2020-12-19 20:30,17,5,12,0,0,0
2020-12-19 20:45,11,5,6,0,0,0
2020-12-19 21:00,12,7,5,0,0,0
2020-12-19 21:15,4,1,3,0,0,0
2020-12-19 21:30,9,5,4,0,0,0
2020-12-19 21:45,3,3,0,0,0,0
2020-12-19 22:00,6,4,2,0,0,0
2020-12-19 22:15,5,4,1,0,0,0
2020-12-19 22:30,5,1,4,0,0,0
2020-12-19 22:45,2,1,1,0,0,0
2020-12-19 23:00,7,4,3,0,0,0
2020-12-19 23:15,6,4,2,0,0,0
2020-12-19 23:30,4,0,4,0,0,0
2020-12-19 23:45,8,4,4,0,0,0
2020-12-20 00:00,3,1,2,0,0,0
2020-12-20 00:15,2,0,2,0,0,0
2020-12-20 00:30,3,2,1,0,0,0
2020-12-20 00:45,0,0,0,0,0,0
2020-12-20 01:00,3,2,1,0,0,0
2020-12-20 01:15,4,2,2,0,0,0
2020-12-20 01:30,1,0,1,0,0,0
2020-12-20 01:45,1,1,0,0,0,0
2020-12-20 02:00,2,0,2,0,0,0
2020-12-20 02:15,1,0,1,0,0,0
2020-12-20 02:30,0,0,0,0,0,0
2020-12-20 02:45,0,0,0,0,0,0
2020-12-20 03:00,3,0,3,0,0,0
2020-12-20 03:15,0,0,0,0,0,0
2020-12-20 03:30,2,1,1,0,0,0
2020-12-20 03:45,0,0,0,0,0,0
2020-12-20 04:00,0,0,0,0,0,0
2020-12-20 04:15,0,0,0,0,0,0
2020-12-20 04:30,0,0,0,0,0,0
2020-12-20 04:45,0,0,0,0,0,0
2020-12-20 05:00,0,0,0,0,0,0
2020-12-20 05:15,0,0,0,0,0,0
2020-12-20 05:30,1,0,1,0,0,0
2020-12-20 05:45,3,2,1,0,0,0
2020-12-20 06:00,2,1,1,0,0,0
2020-12-20 06:15,0,0,0,0,0,0
2020-12-20 06:30,3,1,2,0,0,0
2020-12-20 06:45,4,2,2,0,0,0
2020-12-20 07:00,5,3,2,0,0,0
2020-12-20 07:15,4,1,3,0,0,0
2020-12-20 07:30,5,2,3,0,0,0
2020-12-20 07:45,3,0,3,0,0,0
2020-12-20 08:00,4,2,2,0,0,0
2020-12-20 08:15,2,0,2,0,0,0
2020-12-20 08:30,3,0,3,0,0,0
2020-12-20 08:45,14,7,7,0,0,0
2020-12-20 09:00,11,6,5,0,0,0
2020-12-20 09:15,13,7,6,0,0,0
2020-12-20 09:30,10,6,4,0,0,0
2020-12-20 09:45,13,8,5,0,0,0
2020-12-20 10:00,10,3,7,0,0,0
2020-12-20 10:15,8,4,4,0,0,0
2020-12-20 10:30,19,11,8,0,0,0
2020-12-20 10:45,24,14,10,0,0,0
2020-12-20 11:00,20,13,7,0,0,0
2020-12-20 11:15,23,8,15,0,0,0
2020-12-20 11:30,29,15,14,0,0,0
2020-12-20 11:45,18,13,5,0,0,0
2020-12-20 12:00,27,8,19,0,0,0
2020-12-20 12:15,33,12,21,0,0,0
2020-12-20 12:30,18,4,14,0,0,0
2020-12-20 12:45,36,9,27,0,0,0
2020-12-20 13:00,24,8,16,0,0,0
2020-12-20 13:15,28,12,16,0,0,0
2020-12-20 13:30,31,19,12,0,0,0
2020-12-20 13:45,38,20,18,0,0,0
2020-12-20 14:00,36,10,26,0,0,0
2020-12-20 14:15,26,12,14,0,0,0
2020-12-20 14:30,23,13,10,0,0,0
2020-12-20 14:45,53,16,37,0,0,0
2020-12-20 15:00,38,14,24,0,0,0
2020-12-20 15:15,44,23,21,0,0,0
2020-12-20 15:30,33,15,18,0,0,0
2020-12-20 15:45,32,11,21,0,0,0
2020-12-20 16:00,29,18,11,0,0,0
2020-12-20 16:15,26,8,18,0,0,0
2020-12-20 16:30,29,13,16,0,0,0
2020-12-20 16:45,19,7,12,0,0,0
2020-12-20 17:00,26,11,15,0,0,0
2020-12-20 17:15,25,7,18,0,0,0
2020-12-20 17:30,19,5,14,0,0,0
2020-12-20 17:45,36,22,14,0,0,0
2020-12-20 18:00,39,21,18,0,0,0
2020-12-20 18:15,22,11,11,0,0,0
2020-12-20 18:30,18,5,13,0,0,0
2020-12-20 18:45,17,8,9,0,0,0
2020-12-20 19:00,15,8,7,0,0,0
2020-12-20 19:15,12,4,8,0,0,0
2020-12-20 19:30,18,4,14,0,0,0
2020-12-20 19:45,17,8,9,0,0,0
2020-12-20 20:00,11,5,6,0,0,0
2020-12-20 20:15,7,3,4,0,0,0
2020-12-20 20:30,4,0,4,0,0,0
2020-12-20 20:45,8,3,5,0,0,0
2020-12-20 21:00,4,4,0,0,0,0
2020-12-20 21:15,4,4,0,0,0,0
2020-12-20 21:30,3,0,3,0,0,0
2020-12-20 21:45,1,0,1,0,0,0
2020-12-20 22:00,1,0,1,0,0,0
2020-12-20 22:15,2,1,1,0,0,0
2020-12-20 22:30,5,2,3,0,0,0
2020-12-20 22:45,1,0,1,0,0,0
2020-12-20 23:00,4,0,4,0,0,0
2020-12-20 23:15,4,1,3,0,0,0
2020-12-20 23:30,0,0,0,0,0,0
2020-12-20 23:45,0,0,0,0,0,0
2020-12-21 00:00,2,0,2,0,0,0
2020-12-21 00:15,1,1,0,0,0,0
2020-12-21 00:30,0,0,0,0,0,0
2020-12-21 00:45,0,0,0,0,0,0
2020-12-21 01:00,2,2,0,0,0,0
2020-12-21 01:15,1,0,1,0,0,0
2020-12-21 01:30,1,0,1,0,0,0
2020-12-21 01:45,0,0,0,0,0,0
2020-12-21 02:00,2,0,2,0,0,0
2020-12-21 02:15,0,0,0,0,0,0
2020-12-21 02:30,1,1,0,0,0,0
2020-12-21 02:45,1,1,0,0,0,0
2020-12-21 03:00,0,0,0,0,0,0
2020-12-21 03:15,0,0,0,0,0,0
2020-12-21 03:30,0,0,0,0,0,0
2020-12-21 03:45,0,0,0,0,0,0
2020-12-21 04:00,0,0,0,0,0,0
2020-12-21 04:15,1,0,1,0,0,0
2020-12-21 04:30,0,0,0,0,0,0
2020-12-21 04:45,0,0,0,0,0,0
2020-12-21 05:00,0,0,0,0,0,0
2020-12-21 05:15,1,1,0,0,0,0
2020-12-21 05:30,12,1,11,0,0,0
2020-12-21 05:45,12,3,9,0,0,0
2020-12-21 06:00,6,3,3,0,0,0
2020-12-21 06:15,14,6,8,0,0,0
2020-12-21 06:30,28,5,23,0,0,0
2020-12-21 06:45,31,12,19,0,0,0
2020-12-21 07:00,32,9,23,0,0,0
2020-12-21 07:15,37,15,22,0,0,0
2020-12-21 07:30,55,16,39,0,0,0
2020-12-21 07:45,77,26,51,0,0,0
2020-12-21 08:00,44,22,22,0,0,0
2020-12-21 08:15,29,12,17,0,0,0
2020-12-21 08:30,43,29,14,0,0,0
2020-12-21 08:45,55,36,19,0,0,0
2020-12-21 09:00,27,10,17,0,0,0
2020-12-21 09:15,37,17,20,0,0,0
2020-12-21 09:30,25,9,16,0,0,0
2020-12-21 09:45,43,21,22,0,0,0
2020-12-21 10:00,32,16,16,0,0,0
2020-12-21 10:15,44,22,22,0,0,0
2020-12-21 10:30,44,20,24,0,0,0
2020-12-21 10:45,38,15,23,0,0,0
2020-12-21 11:00,41,15,26,0,0,0
2020-12-21 11:15,50,28,22,0,0,0
2020-12-21 11:30,36,13,23,0,0,0
2020-12-21 11:45,53,23,30,0,0,0
2020-12-21 12:00,47,22,25,0,0,0
2020-12-21 12:15,59,23,36,0,0,0
2020-12-21 12:30,58,22,36,0,0,0
2020-12-21 12:45,60,23,37,0,0,0
2020-12-21 13:00,42,22,20,0,0,0
2020-12-21 13:15,37,10,27,0,0,0
2020-12-21 13:30,43,19,24,0,0,0
2020-12-21 13:45,37,18,19,0,0,0
2020-12-21 14:00,40,21,19,0,0,0
2020-12-21 14:15,36,19,17,0,0,0
2020-12-21 14:30,45,27,18,0,0,0
2020-12-21 14:45,50,23,27,0,0,0
2020-12-21 15:00,37,17,20,0,0,0
2020-12-21 15:15,47,36,11,0,0,0
2020-12-21 15:30,51,29,22,0,0,0
2020-12-21 15:45,46,21,25,0,0,0
2020-12-21 16:00,42,29,13,0,0,0
2020-12-21 16:15,38,20,18,0,0,0
2020-12-21 16:30,46,24,22,0,0,0
2020-12-21 16:45,47,18,29,0,0,0
2020-12-21 17:00,40,19,21,0,0,0
2020-12-21 17:15,42,21,21,0,0,0
2020-12-21 17:30,31,18,13,0,0,0
2020-12-21 17:45,31,10,21,0,0,0
2020-12-21 18:00,34,14,20,0,0,0
2020-12-21 18:15,24,13,11,0,0,0
2020-12-21 18:30,35,12,23,0,0,0
2020-12-21 18:45,12,7,5,0,0,0
2020-12-21 19:00,13,6,7,0,0,0
2020-12-21 19:15,12,4,8,0,0,0
2020-12-21 19:30,15,5,10,0,0,0
2020-12-21 19:45,16,6,10,0,0,0
2020-12-21 20:00,11,2,9,0,0,0
2020-12-21 20:15,12,4,8,0,0,0
2020-12-21 20:30,7,3,4,0,0,0
2020-12-21 20:45,10,4,6,0,0,0
2020-12-21 21:00,9,4,5,0,0,0
2020-12-21 21:15,15,10,5,0,0,0
2020-12-21 21:30,5,3,2,0,0,0
2020-12-21 21:45,3,1,2,0,0,0
2020-12-21 22:00,5,2,3,0,0,0
2020-12-21 22:15,2,1,1,0,0,0
2020-12-21 22:30,5,0,5,0,0,0
2020-12-21 22:45,5,3,2,0,0,0
2020-12-21 23:00,1,0,1,0,0,0
2020-12-21 23:15,1,0,1,0,0,0
2020-12-21 23:30,1,1,0,0,0,0
2020-12-21 23:45,4,1,3,0,0,0
2020-12-22 00:00,1,0,1,0,0,0
2020-12-22 00:15,0,0,0,0,0,0
2020-12-22 00:30,0,0,0,0,0,0
2020-12-22 00:45,1,1,0,0,0,0
2020-12-22 01:00,2,0,2,0,0,0
2020-12-22 01:15,0,0,0,0,0,0
2020-12-22 01:30,1,0,1,0,0,0
2020-12-22 01:45,0,0,0,0,0,0
2020-12-22 02:00,1,0,1,0,0,0
2020-12-22 02:15,0,0,0,0,0,0
2020-12-22 02:30,0,0,0,0,0,0
2020-12-22 02:45,0,0,0,0,0,0
2020-12-22 03:00,1,1,0,0,0,0
2020-12-22 03:15,0,0,0,0,0,0
2020-12-22 03:30,0,0,0,0,0,0
2020-12-22 03:45,0,0,0,0,0,0
2020-12-22 04:00,0,0,0,0,0,0
2020-12-22 04:15,2,1,1,0,0,0
2020-12-22 04:30,2,0,2,0,0,0
2020-12-22 04:45,0,0,0,0,0,0
2020-12-22 05:00,0,0,0,0,0,0
2020-12-22 05:15,1,1,0,0,0,0
2020-12-22 05:30,11,0,11,0,0,0
2020-12-22 05:45,6,0,6,0,0,0
2020-12-22 06:00,7,1,6,0,0,0
2020-12-22 06:15,9,1,8,0,0,0
2020-12-22 06:30,21,5,16,0,0,0
2020-12-22 06:45,14,3,11,0,0,0
2020-12-22 07:00,21,12,9,0,0,0
2020-12-22 07:15,16,5,11,0,0,0
2020-12-22 07:30,38,14,24,0,0,0
2020-12-22 07:45,46,20,26,0,0,0
2020-12-22 08:00,29,9,20,0,0,0
2020-12-22 08:15,24,11,13,0,0,0
2020-12-22 08:30,28,18,10,0,0,0
2020-12-22 08:45,22,9,13,0,0,0
2020-12-22 09:00,30,18,12,0,0,0
2020-12-22 09:15,20,10,10,0,0,0
2020-12-22 09:30,20,6,14,0,0,0
2020-12-22 09:45,19,11,8,0,0,0
2020-12-22 10:00,15,10,5,0,0,0
2020-12-22 10:15,25,14,11,0,0,0
2020-12-22 10:30,23,11,12,0,0,0
2020-12-22 10:45,28,12,16,0,0,0
2020-12-22 11:00,21,12,9,0,0,0
2020-12-22 11:15,33,18,15,0,0,0
2020-12-22 11:30,23,9,14,0,0,0
2020-12-22 11:45,23,7,16,0,0,0
2020-12-22 12:00,36,11,25,0,0,0
2020-12-22 12:15,23,10,13,0,0,0
2020-12-22 12:30,36,14,22,0,0,0
2020-12-22 12:45,26,15,11,0,0,0
2020-12-22 13:00,34,13,21,0,0,0
2020-12-22 13:15,27,9,18,0,0,0
2020-12-22 13:30,32,14,18,0,0,0
2020-12-22 13:45,44,29,15,0,0,0
2020-12-22 14:00,29,21,8,0,0,0
2020-12-22 14:15,36,22,14,0,0,0
2020-12-22 14:30,38,26,12,0,0,0
2020-12-22 14:45,57,32,25,0,0,0
2020-12-22 15:00,49,27,22,0,0,0
2020-12-22 15:15,53,29,24,0,0,0
2020-12-22 15:30,46,23,23,0,0,0
2020-12-22 15:45,35,16,19,0,0,0
2020-12-22 16:00,38,25,13,0,0,0
2020-12-22 16:15,46,26,20,0,0,0
2020-12-22 16:30,33,18,15,0,0,0
2020-12-22 16:45,53,24,29,0,0,0
2020-12-22 17:00,34,16,18,0,0,0
2020-12-22 17:15,48,22,26,0,0,0
2020-12-22 17:30,35,16,19,0,0,0
2020-12-22 17:45,21,8,13,0,0,0
2020-12-22 18:00,33,9,24,0,0,0
2020-12-22 18:15,25,11,14,0,0,0
2020-12-22 18:30,24,11,13,0,0,0
2020-12-22 18:45,14,2,12,0,0,0
2020-12-22 19:00,14,3,11,0,0,0
2020-12-22 19:15,14,7,7,0,0,0
2020-12-22 19:30,9,4,5,0,0,0
2020-12-22 19:45,19,11,8,0,0,0
2020-12-22 20:00,11,5,6,0,0,0
2020-12-22 20:15,14,5,9,0,0,0
2020-12-22 20:30,11,5,6,0,0,0
2020-12-22 20:45,11,7,4,0,0,0
2020-12-22 21:00,11,8,3,0,0,0
2020-12-22 21:15,9,8,1,0,0,0
2020-12-22 21:30,10,2,8,0,0,0
2020-12-22 21:45,4,3,1,0,0,0
2020-12-22 22:00,4,3,1,0,0,0
2020-12-22 22:15,4,0,4,0,0,0
2020-12-22 22:30,9,6,3,0,0,0
2020-12-22 22:45,4,2,2,0,0,0
2020-12-22 23:00,3,2,1,0,0,0
2020-12-22 23:15,2,1,1,0,0,0
2020-12-22 23:30,3,1,2,0,0,0
2020-12-22 23:45,0,0,0,0,0,0
2020-12-23 00:00,0,0,0,0,0,0
2020-12-23 00:15,4,1,3,0,0,0
2020-12-23 00:30,0,0,0,0,0,0
2020-12-23 00:45,0,0,0,0,0,0
2020-12-23 01:00,1,1,0,0,0,0
2020-12-23 01:15,1,1,0,0,0,0
2020-12-23 01:30,0,0,0,0,0,0
2020-12-23 01:45,3,0,3,0,0,0
2020-12-23 02:00,0,0,0,0,0,0
2020-12-23 02:15,2,2,0,0,0,0
2020-12-23 02:30,0,0,0,0,0,0
2020-12-23 02:45,0,0,0,0,0,0
2020-12-23 03:00,0,0,0,0,0,0
2020-12-23 03:15,1,0,1,0,0,0
2020-12-23 03:30,0,0,0,0,0,0
2020-12-23 03:45,1,0,1,0,0,0
2020-12-23 04:00,0,0,0,0,0,0
2020-12-23 04:15,2,1,1,0,0,0
2020-12-23 04:30,0,0,0,0,0,0
2020-12-23 04:45,0,0,0,0,0,0
2020-12-23 05:00,3,3,0,0,0,0
2020-12-23 05:15,1,1,0,0,0,0
2020-12-23 05:30,12,3,9,0,0,0
2020-12-23 05:45,7,2,5,0,0,0
2020-12-23 06:00,7,5,2,0,0,0
2020-12-23 06:15,3,1,2,0,0,0
2020-12-23 06:30,18,11,7,0,0,0
2020-12-23 06:45,25,17,8,0,0,0
2020-12-23 07:00,13,7,6,0,0,0
2020-12-23 07:15,25,17,8,0,0,0
2020-12-23 07:30,35,25,10,0,0,0
2020-12-23 07:45,37,20,17,0,0,0
2020-12-23 08:00,38,14,24,0,0,0
2020-12-23 08:15,41,22,19,0,0,0
2020-12-23 08:30,45,30,15,0,0,0
2020-12-23 08:45,27,15,12,0,0,0
2020-12-23 09:00,23,13,10,0,0,0
2020-12-23 09:15,44,27,17,0,0,0
2020-12-23 09:30,26,13,13,0,0,0
2020-12-23 09:45,41,27,14,0,0,0
2020-12-23 10:00,36,22,14,0,0,0
2020-12-23 10:15,42,19,23,0,0,0
2020-12-23 10:30,43,29,14,0,0,0
2020-12-23 10:45,41,26,15,0,0,0
2020-12-23 11:00,40,19,21,0,0,0
2020-12-23 11:15,53,30,23,0,0,0
2020-12-23 11:30,72,39,33,0,0,0
2020-12-23 11:45,50,21,29,0,0,0
2020-12-23 12:00,54,19,35,0,0,0
2020-12-23 12:15,61,19,42,0,0,0
2020-12-23 12:30,72,27,45,0,0,0
2020-12-23 12:45,50,21,29,0,0,0
2020-12-23 13:00,39,20,19,0,0,0
2020-12-23 13:15,28,12,16,0,0,0
2020-12-23 13:30,47,17,30,0,0,0
2020-12-23 13:45,32,13,19,0,0,0
2020-12-23 14:00,43,12,31,0,0,0
2020-12-23 14:15,45,21,24,0,0,0
2020-12-23 14:30,28,15,13,0,0,0
2020-12-23 14:45,33,12,21,0,0,0
2020-12-23 15:00,25,9,16,0,0,0
2020-12-23 15:15,14,1,13,0,0,0
2020-12-23 15:30,16,4,12,0,0,0
2020-12-23 15:45,21,8,13,0,0,0
2020-12-23 16:00,26,11,15,0,0,0
2020-12-23 16:15,20,8,12,0,0,0
2020-12-23 16:30,26,12,14,0,0,0
2020-12-23 16:45,10,3,7,0,0,0
2020-12-23 17:00,21,6,15,0,0,0
2020-12-23 17:15,27,12,15,0,0,0
2020-12-23 17:30,14,4,10,0,0,0
2020-12-23 17:45,14,3,11,0,0,0
2020-12-23 18:00,9,4,5,0,0,0
2020-12-23 18:15,10,2,8,0,0,0
2020-12-23 18:30,6,1,5,0,0,0
2020-12-23 18:45,15,4,11,0,0,0
2020-12-23 19:00,20,5,15,0,0,0
2020-12-23 19:15,3,1,2,0,0,0
2020-12-23 19:30,9,4,5,0,0,0
2020-12-23 19:45,5,3,2,0,0,0
2020-12-23 20:00,8,5,3,0,0,0
2020-12-23 20:15,8,2,6,0,0,0
2020-12-23 20:30,6,3,3,0,0,0
2020-12-23 20:45,3,1,2,0,0,0
2020-12-23 21:00,7,6,1,0,0,0
2020-12-23 21:15,7,4,3,0,0,0
2020-12-23 21:30,7,2,5,0,0,0
2020-12-23 21:45,6,2,4,0,0,0
2020-12-23 22:00,3,1,2,0,0,0
2020-12-23 22:15,1,0,1,0,0,0
2020-12-23 22:30,1,0,1,0,0,0
2020-12-23 22:45,1,0,1,0,0,0
2020-12-23 23:00,1,0,1,0,0,0
2020-12-23 23:15,5,2,3,0,0,0
2020-12-23 23:30,1,0,1,0,0,0
2020-12-23 23:45,1,0,1,0,0,0
2020-12-24 00:00,0,0,0,0,0,0
2020-12-24 00:15,1,0,1,0,0,0
2020-12-24 00:30,2,1,1,0,0,0
2020-12-24 00:45,3,2,1,0,0,0
2020-12-24 01:00,2,0,2,0,0,0
2020-12-24 01:15,1,0,1,0,0,0
2020-12-24 01:30,0,0,0,0,0,0
2020-12-24 01:45,0,0,0,0,0,0
2020-12-24 02:00,1,0,1,0,0,0
2020-12-24 02:15,0,0,0,0,0,0
2020-12-24 02:30,1,1,0,0,0,0
2020-12-24 02:45,0,0,0,0,0,0
2020-12-24 03:00,0,0,0,0,0,0
2020-12-24 03:15,0,0,0,0,0,0
2020-12-24 03:30,0,0,0,0,0,0
2020-12-24 03:45,1,0,1,0,0,0
2020-12-24 04:00,0,0,0,0,0,0
2020-12-24 04:15,0,0,0,0,0,0
2020-12-24 04:30,1,0,1,0,0,0
2020-12-24 04:45,1,0,1,0,0,0
2020-12-24 05:00,1,1,0,0,0,0
2020-12-24 05:15,1,0,1,0,0,0
2020-12-24 05:30,1,1,0,0,0,0
2020-12-24 05:45,3,0,3,0,0,0
2020-12-24 06:00,5,3,2,0,0,0
2020-12-24 06:15,0,0,0,0,0,0
2020-12-24 06:30,7,6,1,0,0,0
2020-12-24 06:45,7,5,2,0,0,0
2020-12-24 07:00,8,7,1,0,0,0
2020-12-24 07:15,9,6,3,0,0,0
2020-12-24 07:30,17,5,12,0,0,0
2020-12-24 07:45,12,6,6,0,0,0
2020-12-24 08:00,4,0,4,0,0,0
2020-12-24 08:15,12,5,7,0,0,0
2020-12-24 08:30,8,2,6,0,0,0
2020-12-24 08:45,8,5,3,0,0,0
2020-12-24 09:00,7,6,1,0,0,0
2020-12-24 09:15,8,8,0,0,0,0
2020-12-24 09:30,21,15,6,0,0,0
2020-12-24 09:45,14,8,6,0,0,0
2020-12-24 10:00,35,22,13,0,0,0
2020-12-24 10:15,26,15,11,0,0,0
2020-12-24 10:30,26,9,17,0,0,0
2020-12-24 10:45,36,18,18,0,0,0
2020-12-24 11:00,39,16,23,0,0,0
2020-12-24 11:15,37,18,19,0,0,0
2020-12-24 11:30,44,20,24,0,0,0
2020-12-24 11:45,37,15,22,0,0,0
2020-12-24 12:00,29,7,22,0,0,0
2020-12-24 12:15,31,5,26,0,0,0
2020-12-24 12:30,35,9,26,0,0,0
2020-12-24 12:45,25,2,23,0,0,0
2020-12-24 13:00,19,10,9,0,0,0
2020-12-24 13:15,23,12,11,0,0,0
2020-12-24 13:30,19,6,13,0,0,0
2020-12-24 13:45,19,6,13,0,0,0
2020-12-24 14:00,12,7,5,0,0,0
2020-12-24 14:15,15,6,9,0,0,0
2020-12-24 14:30,19,12,7,0,0,0
2020-12-24 14:45,12,7,5,0,0,0
2020-12-24 15:00,25,16,9,0,0,0
2020-12-24 15:15,13,4,9,0,0,0
2020-12-24 15:30,10,3,7,0,0,0
2020-12-24 15:45,12,9,3,0,0,0
2020-12-24 16:00,12,7,5,0,0,0
2020-12-24 16:15,16,7,9,0,0,0
2020-12-24 16:30,11,9,2,0,0,0
2020-12-24 16:45,6,2,4,0,0,0
2020-12-24 17:00,12,6,6,0,0,0
2020-12-24 17:15,11,0,11,0,0,0
2020-12-24 17:30,3,2,1,0,0,0
2020-12-24 17:45,9,7,2,0,0,0
2020-12-24 18:00,1,1,0,0,0,0
2020-12-24 18:15,14,0,14,0,0,0
2020-12-24 18:30,11,10,1,0,0,0
2020-12-24 18:45,1,0,1,0,0,0
2020-12-24 19:00,10,0,10,0,0,0
2020-12-24 19:15,6,4,2,0,0,0
2020-12-24 19:30,0,0,0,0,0,0
2020-12-24 19:45,1,1,0,0,0,0
2020-12-24 20:00,0,0,0,0,0,0
2020-12-24 20:15,5,0,5,0,0,0
2020-12-24 20:30,8,3,5,0,0,0
2020-12-24 20:45,3,2,1,0,0,0
2020-12-24 21:00,3,2,1,0,0,0
2020-12-24 21:15,4,2,2,0,0,0
2020-12-24 21:30,2,0,2,0,0,0
2020-12-24 21:45,2,1,1,0,0,0
2020-12-24 22:00,2,2,0,0,0,0
2020-12-24 22:15,1,0,1,0,0,0
2020-12-24 22:30,9,7,2,0,0,0
2020-12-24 22:45,0,0,0,0,0,0
2020-12-24 23:00,3,0,3,0,0,0
2020-12-24 23:15,2,1,1,0,0,0
2020-12-24 23:30,6,4,2,0,0,0
2020-12-24 23:45,7,3,4,0,0,0
2020-12-25 00:00,4,1,3,0,0,0
2020-12-25 00:15,0,0,0,0,0,0
2020-12-25 00:30,1,1,0,0,0,0
2020-12-25 00:45,4,1,3,0,0,0
2020-12-25 01:00,0,0,0,0,0,0
2020-12-25 01:15,4,0,4,0,0,0
2020-12-25 01:30,3,1,2,0,0,0
2020-12-25 01:45,2,2,0,0,0,0
2020-12-25 02:00,3,1,2,0,0,0
2020-12-25 02:15,2,0,2,0,0,0
2020-12-25 02:30,0,0,0,0,0,0
2020-12-25 02:45,0,0,0,0,0,0
2020-12-25 03:00,0,0,0,0,0,0
2020-12-25 03:15,0,0,0,0,0,0
2020-12-25 03:30,0,0,0,0,0,0
2020-12-25 03:45,0,0,0,0,0,0
2020-12-25 04:00,0,0,0,0,0,0
2020-12-25 04:15,0,0,0,0,0,0
2020-12-25 04:30,1,0,1,0,0,0
2020-12-25 04:45,0,0,0,0,0,0
2020-12-25 05:00,0,0,0,0,0,0
2020-12-25 05:15,0,0,0,0,0,0
2020-12-25 05:30,2,0,2,0,0,0
2020-12-25 05:45,4,2,2,0,0,0
2020-12-25 06:00,2,0,2,0,0,0
2020-12-25 06:15,1,0,1,0,0,0
2020-12-25 06:30,4,3,1,0,0,0
2020-12-25 06:45,3,0,3,0,0,0
2020-12-25 07:00,1,0,1,0,0,0
2020-12-25 07:15,2,2,0,0,0,0
2020-12-25 07:30,3,1,2,0,0,0
2020-12-25 07:45,5,1,4,0,0,0
2020-12-25 08:00,2,0,2,0,0,0
2020-12-25 08:15,0,0,0,0,0,0
2020-12-25 08:30,2,0,2,0,0,0
2020-12-25 08:45,8,2,6,0,0,0
2020-12-25 09:00,1,1,0,0,0,0
2020-12-25 09:15,2,2,0,0,0,0
2020-12-25 09:30,6,4,2,0,0,0
2020-12-25 09:45,4,1,3,0,0,0
2020-12-25 10:00,3,2,1,0,0,0
2020-12-25 10:15,7,1,6,0,0,0
2020-12-25 10:30,8,4,4,0,0,0
2020-12-25 10:45,20,10,10,0,0,0
2020-12-25 11:00,7,1,6,0,0,0
2020-12-25 11:15,20,4,16,0,0,0
2020-12-25 11:30,17,8,9,0,0,0
2020-12-25 11:45,11,2,9,0,0,0
2020-12-25 12:00,8,2,6,0,0,0
2020-12-25 12:15,16,4,12,0,0,0
2020-12-25 12:30,16,8,8,0,0,0
2020-12-25 12:45,7,2,5,0,0,0
2020-12-25 13:00,14,7,7,0,0,0
2020-12-25 13:15,10,6,4,0,0,0
2020-12-25 13:30,15,7,8,0,0,0
2020-12-25 13:45,15,7,8,0,0,0
2020-12-25 14:00,16,8,8,0,0,0
2020-12-25 14:15,17,7,10,0,0,0
2020-12-25 14:30,12,7,5,0,0,0
2020-12-25 14:45,11,4,7,0,0,0
2020-12-25 15:00,20,5,15,0,0,0
2020-12-25 15:15,13,10,3,0,0,0
2020-12-25 15:30,14,7,7,0,0,0
2020-12-25 15:45,18,9,9,0,0,0
2020-12-25 16:00,12,8,4,0,0,0
2020-12-25 16:15,5,2,3,0,0,0
2020-12-25 16:30,10,6,4,0,0,0
2020-12-25 16:45,8,1,7,0,0,0
2020-12-25 17:00,14,7,7,0,0,0
2020-12-25 17:15,5,3,2,0,0,0
2020-12-25 17:30,13,3,10,0,0,0
2020-12-25 17:45,9,3,6,0,0,0
2020-12-25 18:00,6,2,4,0,0,0
2020-12-25 18:15,11,3,8,0,0,0
2020-12-25 18:30,8,4,4,0,0,0
2020-12-25 18:45,4,3,1,0,0,0
2020-12-25 19:00,7,1,6,0,0,0
2020-12-25 19:15,3,0,3,0,0,0
2020-12-25 19:30,2,1,1,0,0,0
2020-12-25 19:45,8,3,5,0,0,0
2020-12-25 20:00,5,2,3,0,0,0
2020-12-25 20:15,3,3,0,0,0,0
2020-12-25 20:30,8,3,5,0,0,0
2020-12-25 20:45,7,3,4,0,0,0
2020-12-25 21:00,0,0,0,0,0,0
2020-12-25 21:15,1,1,0,0,0,0
2020-12-25 21:30,1,1,0,0,0,0
2020-12-25 21:45,1,1,0,0,0,0
2020-12-25 22:00,0,0,0,0,0,0
2020-12-25 22:15,0,0,0,0,0,0
2020-12-25 22:30,0,0,0,0,0,0
2020-12-25 22:45,0,0,0,0,0,0
2020-12-25 23:00,4,3,1,0,0,0
2020-12-25 23:15,3,2,1,0,0,0
2020-12-25 23:30,4,3,1,0,0,0
2020-12-25 23:45,3,3,0,0,0,0
2020-12-26 00:00,2,0,2,0,0,0
2020-12-26 00:15,3,1,2,0,0,0
2020-12-26 00:30,0,0,0,0,0,0
2020-12-26 00:45,1,1,0,0,0,0
2020-12-26 01:00,3,3,0,0,0,0
2020-12-26 01:15,0,0,0,0,0,0
2020-12-26 01:30,0,0,0,0,0,0
2020-12-26 01:45,0,0,0,0,0,0
2020-12-26 02:00,1,0,1,0,0,0
2020-12-26 02:15,0,0,0,0,0,0
2020-12-26 02:30,0,0,0,0,0,0
2020-12-26 02:45,0,0,0,0,0,0
2020-12-26 03:00,0,0,0,0,0,0
2020-12-26 03:15,0,0,0,0,0,0
2020-12-26 03:30,0,0,0,0,0,0
2020-12-26 03:45,0,0,0,0,0,0
2020-12-26 04:00,0,0,0,0,0,0
2020-12-26 04:15,0,0,0,0,0,0
2020-12-26 04:30,0,0,0,0,0,0
2020-12-26 04:45,0,0,0,0,0,0
2020-12-26 05:00,0,0,0,0,0,0
2020-12-26 05:15,0,0,0,0,0,0
2020-12-26 05:30,4,0,4,0,0,0
2020-12-26 05:45,1,0,1,0,0,0
2020-12-26 06:00,2,1,1,0,0,0
2020-12-26 06:15,1,0,1,0,0,0
2020-12-26 06:30,3,3,0,0,0,0
2020-12-26 06:45,0,0,0,0,0,0
2020-12-26 07:00,0,0,0,0,0,0
2020-12-26 07:15,1,1,0,0,0,0
2020-12-26 07:30,1,0,1,0,0,0
2020-12-26 07:45,4,0,4,0,0,0
2020-12-26 08:00,4,1,3,0,0,0
2020-12-26 08:15,6,2,4,0,0,0
2020-12-26 08:30,1,0,1,0,0,0
2020-12-26 08:45,7,2,5,0,0,0
2020-12-26 09:00,0,0,0,0,0,0
2020-12-26 09:15,7,5,2,0,0,0
2020-12-26 09:30,8,2,6,0,0,0
2020-12-26 09:45,1,1,0,0,0,0
2020-12-26 10:00,4,1,3,0,0,0
2020-12-26 10:15,5,2,3,0,0,0
2020-12-26 10:30,6,3,3,0,0,0
2020-12-26 10:45,11,6,5,0,0,0
2020-12-26 11:00,10,4,6,0,0,0
2020-12-26 11:15,7,2,5,0,0,0
2020-12-26 11:30,8,0,8,0,0,0
2020-12-26 11:45,8,3,5,0,0,0
2020-12-26 12:00,13,6,7,0,0,0
2020-12-26 12:15,13,3,10,0,0,0
2020-12-26 12:30,8,4,4,0,0,0
2020-12-26 12:45,7,6,1,0,0,0
2020-12-26 13:00,20,8,12,0,0,0
2020-12-26 13:15,20,16,4,0,0,0
2020-12-26 13:30,16,2,14,0,0,0
2020-12-26 13:45,20,8,12,0,0,0
2020-12-26 14:00,11,7,4,0,0,0
2020-12-26 14:15,21,7,14,0,0,0
2020-12-26 14:30,11,4,7,0,0,0
2020-12-26 14:45,31,9,22,0,0,0
2020-12-26 15:00,11,1,10,0,0,0
2020-12-26 15:15,18,6,12,0,0,0
2020-12-26 15:30,5,2,3,0,0,0
2020-12-26 15:45,20,16,4,0,0,0
2020-12-26 16:00,21,10,11,0,0,0
2020-12-26 16:15,16,7,9,0,0,0
2020-12-26 16:30,9,4,5,0,0,0
2020-12-26 16:45,20,8,12,0,0,0
2020-12-26 17:00,4,1,3,0,0,0
2020-12-26 17:15,8,4,4,0,0,0
2020-12-26 17:30,1,1,0,0,0,0
2020-12-26 17:45,12,6,6,0,0,0
2020-12-26 18:00,4,1,3,0,0,0
2020-12-26 18:15,21,14,7,0,0,0
2020-12-26 18:30,7,1,6,0,0,0
2020-12-26 18:45,10,3,7,0,0,0
2020-12-26 19:00,7,1,6,0,0,0
2020-12-26 19:15,6,5,1,0,0,0
2020-12-26 19:30,8,6,2,0,0,0
2020-12-26 19:45,3,1,2,0,0,0
2020-12-26 20:00,9,2,7,0,0,0
2020-12-26 20:15,4,0,4,0,0,0
2020-12-26 20:30,4,1,3,0,0,0
2020-12-26 20:45,5,2,3,0,0,0
2020-12-26 21:00,4,1,3,0,0,0
2020-12-26 21:15,5,4,1,0,0,0
2020-12-26 21:30,5,2,3,0,0,0
2020-12-26 21:45,1,1,0,0,0,0
2020-12-26 22:00,0,0,0,0,0,0
2020-12-26 22:15,4,2,2,0,0,0
2020-12-26 22:30,1,0,1,0,0,0
2020-12-26 22:45,2,1,1,0,0,0
2020-12-26 23:00,0,0,0,0,0,0
2020-12-26 23:15,3,3,0,0,0,0
2020-12-26 23:30,5,1,4,0,0,0
2020-12-26 23:45,2,0,2,0,0,0
2020-12-27 00:00,1,1,0,0,0,0
2020-12-27 00:15,1,1,0,0,0,0
2020-12-27 00:30,2,2,0,0,0,0
2020-12-27 00:45,3,3,0,0,0,0
2020-12-27 01:00,2,0,2,0,0,0
2020-12-27 01:15,1,1,0,0,0,0
2020-12-27 01:30,2,1,1,0,0,0
2020-12-27 01:45,2,1,1,0,0,0
2020-12-27 02:00,0,0,0,0,0,0
2020-12-27 02:15,0,0,0,0,0,0
2020-12-27 02:30,2,1,1,0,0,0
2020-12-27 02:45,0,0,0,0,0,0
2020-12-27 03:00,0,0,0,0,0,0
2020-12-27 03:15,0,0,0,0,0,0
2020-12-27 03:30,1,1,0,0,0,0
2020-12-27 03:45,0,0,0,0,0,0
2020-12-27 04:00,0,0,0,0,0,0
2020-12-27 04:15,0,0,0,0,0,0
2020-12-27 04:30,3,3,0,0,0,0
2020-12-27 04:45,0,0,0,0,0,0
2020-12-27 05:00,0,0,0,0,0,0
2020-12-27 05:15,0,0,0,0,0,0
2020-12-27 05:30,2,0,2,0,0,0
2020-12-27 05:45,1,0,1,0,0,0
2020-12-27 06:00,2,2,0,0,0,0
2020-12-27 06:15,1,0,1,0,0,0
2020-12-27 06:30,4,3,1,0,0,0
2020-12-27 06:45,0,0,0,0,0,0
2020-12-27 07:00,0,0,0,0,0,0
2020-12-27 07:15,0,0,0,0,0,0
2020-12-27 07:30,4,0,4,0,0,0
2020-12-27 07:45,1,0,1,0,0,0
2020-12-27 08:00,3,0,3,0,0,0
2020-12-27 08:15,4,4,0,0,0,0
2020-12-27 08:30,1,0,1,0,0,0
2020-12-27 08:45,7,5,2,0,0,0
2020-12-27 09:00,0,0,0,0,0,0
2020-12-27 09:15,18,6,12,0,0,0
2020-12-27 09:30,6,4,2,0,0,0
2020-12-27 09:45,2,0,2,0,0,0
2020-12-27 10:00,4,2,2,0,0,0
2020-12-27 10:15,6,4,2,0,0,0
2020-12-27 10:30,0,0,0,0,0,0
2020-12-27 10:45,2,2,0,0,0,0
2020-12-27 11:00,2,2,0,0,0,0
2020-12-27 11:15,6,5,1,0,0,0
2020-12-27 11:30,2,1,1,0,0,0
2020-12-27 11:45,5,2,3,0,0,0
2020-12-27 12:00,3,2,1,0,0,0
2020-12-27 12:15,4,1,3,0,0,0
2020-12-27 12:30,6,5,1,0,0,0
2020-12-27 12:45,9,5,4,0,0,0
2020-12-27 13:00,5,0,5,0,0,0
2020-12-27 13:15,1,0,1,0,0,0
2020-12-27 13:30,3,1,2,0,0,0
2020-12-27 13:45,2,1,1,0,0,0
2020-12-27 14:00,4,2,2,0,0,0
2020-12-27 14:15,10,6,4,0,0,0
2020-12-27 14:30,2,0,2,0,0,0
2020-12-27 14:45,11,6,5,0,0,0
2020-12-27 15:00,2,1,1,0,0,0
2020-12-27 15:15,3,2,1,0,0,0
2020-12-27 15:30,8,1,7,0,0,0
2020-12-27 15:45,2,1,1,0,0,0
2020-12-27 16:00,8,4,4,0,0,0
2020-12-27 16:15,6,2,4,0,0,0
2020-12-27 16:30,4,2,2,0,0,0
2020-12-27 16:45,8,2,6,0,0,0
2020-12-27 17:00,8,4,4,0,0,0
2020-12-27 17:15,3,0,3,0,0,0
2020-12-27 17:30,6,2,4,0,0,0
2020-12-27 17:45,4,2,2,0,0,0
2020-12-27 18:00,7,2,5,0,0,0
2020-12-27 18:15,3,1,2,0,0,0
2020-12-27 18:30,4,2,2,0,0,0
2020-12-27 18:45,9,5,4,0,0,0
2020-12-27 19:00,3,1,2,0,0,0
2020-12-27 19:15,7,3,4,0,0,0
2020-12-27 19:30,6,3,3,0,0,0
2020-12-27 19:45,4,3,1,0,0,0
2020-12-27 20:00,5,1,4,0,0,0
2020-12-27 20:15,2,0,2,0,0,0
2020-12-27 20:30,5,3,2,0,0,0
2020-12-27 20:45,5,3,2,0,0,0
2020-12-27 21:00,9,7,2,0,0,0
2020-12-27 21:15,2,2,0,0,0,0
2020-12-27 21:30,4,2,2,0,0,0
2020-12-27 21:45,1,1,0,0,0,0
2020-12-27 22:00,2,1,1,0,0,0
2020-12-27 22:15,0,0,0,0,0,0
2020-12-27 22:30,2,0,2,0,0,0
2020-12-27 22:45,3,0,3,0,0,0
2020-12-27 23:00,0,0,0,0,0,0
2020-12-27 23:15,0,0,0,0,0,0
2020-12-27 23:30,0,0,0,0,0,0
2020-12-27 23:45,1,0,1,0,0,0
2020-12-28 00:00,0,0,0,0,0,0
2020-12-28 00:15,2,1,1,0,0,0
2020-12-28 00:30,1,1,0,0,0,0
2020-12-28 00:45,0,0,0,0,0,0
2020-12-28 01:00,2,2,0,0,0,0
2020-12-28 01:15,1,1,0,0,0,0
2020-12-28 01:30,0,0,0,0,0,0
2020-12-28 01:45,0,0,0,0,0,0
2020-12-28 02:00,0,0,0,0,0,0
2020-12-28 02:15,0,0,0,0,0,0
2020-12-28 02:30,0,0,0,0,0,0
2020-12-28 02:45,0,0,0,0,0,0
2020-12-28 03:00,0,0,0,0,0,0
2020-12-28 03:15,0,0,0,0,0,0
2020-12-28 03:30,0,0,0,0,0,0
2020-12-28 03:45,0,0,0,0,0,0
2020-12-28 04:00,1,0,1,0,0,0
2020-12-28 04:15,0,0,0,0,0,0
2020-12-28 04:30,0,0,0,0,0,0
2020-12-28 04:45,0,0,0,0,0,0
2020-12-28 05:00,0,0,0,0,0,0
2020-12-28 05:15,0,0,0,0,0,0
2020-12-28 05:30,8,0,8,0,0,0
2020-12-28 05:45,2,1,1,0,0,0
2020-12-28 06:00,3,3,0,0,0,0
2020-12-28 06:15,6,1,5,0,0,0
2020-12-28 06:30,21,6,15,0,0,0
2020-12-28 06:45,14,2,12,0,0,0
2020-12-28 07:00,11,5,6,0,0,0
2020-12-28 07:15,16,6,10,0,0,0
2020-12-28 07:30,23,7,16,0,0,0
2020-12-28 07:45,24,11,13,0,0,0
2020-12-28 08:00,23,12,11,0,0,0
2020-12-28 08:15,18,9,9,0,0,0
2020-12-28 08:30,17,13,4,0,0,0
2020-12-28 08:45,22,19,3,0,0,0
2020-12-28 09:00,21,12,9,0,0,0
2020-12-28 09:15,10,6,4,0,0,0
2020-12-28 09:30,16,9,7,0,0,0
2020-12-28 09:45,12,6,6,0,0,0
2020-12-28 10:00,15,7,8,0,0,0
2020-12-28 10:15,33,23,10,0,0,0
2020-12-28 10:30,28,20,8,0,0,0
2020-12-28 10:45,23,6,17,0,0,0
2020-12-28 11:00,21,13,8,0,0,0
2020-12-28 11:15,32,16,16,0,0,0
2020-12-28 11:30,30,17,13,0,0,0
2020-12-28 11:45,26,19,7,0,0,0
2020-12-28 12:00,35,10,25,0,0,0
2020-12-28 12:15,30,5,25,0,0,0
2020-12-28 12:30,35,15,20,0,0,0
2020-12-28 12:45,48,18,30,0,0,0
2020-12-28 13:00,46,21,25,0,0,0
2020-12-28 13:15,39,13,26,0,0,0
2020-12-28 13:30,35,5,30,0,0,0
2020-12-28 13:45,42,22,20,0,0,0
2020-12-28 14:00,43,26,17,0,0,0
2020-12-28 14:15,47,25,22,0,0,0
2020-12-28 14:30,46,15,31,0,0,0
2020-12-28 14:45,50,33,17,0,0,0
2020-12-28 15:00,53,23,30,0,0,0
2020-12-28 15:15,57,34,23,0,0,0
2020-12-28 15:30,46,23,23,0,0,0
2020-12-28 15:45,51,26,25,0,0,0
2020-12-28 16:00,47,28,19,0,0,0
2020-12-28 16:15,46,18,28,0,0,0
2020-12-28 16:30,39,14,25,0,0,0
2020-12-28 16:45,33,15,18,0,0,0
2020-12-28 17:00,37,13,24,0,0,0
2020-12-28 17:15,26,13,13,0,0,0
2020-12-28 17:30,20,9,11,0,0,0
2020-12-28 17:45,26,11,15,0,0,0
2020-12-28 18:00,27,5,22,0,0,0
2020-12-28 18:15,15,3,12,0,0,0
2020-12-28 18:30,15,3,12,0,0,0
2020-12-28 18:45,10,5,5,0,0,0
2020-12-28 19:00,10,3,7,0,0,0
2020-12-28 19:15,5,3,2,0,0,0
2020-12-28 19:30,14,7,7,0,0,0
2020-12-28 19:45,13,9,4,0,0,0
2020-12-28 20:00,7,3,4,0,0,0
2020-12-28 20:15,8,2,6,0,0,0
2020-12-28 20:30,12,5,7,0,0,0
2020-12-28 20:45,6,3,3,0,0,0
2020-12-28 21:00,10,7,3,0,0,0
2020-12-28 21:15,7,4,3,0,0,0
2020-12-28 21:30,2,1,1,0,0,0
2020-12-28 21:45,1,1,0,0,0,0
2020-12-28 22:00,3,2,1,0,0,0
2020-12-28 22:15,2,0,2,0,0,0
2020-12-28 22:30,0,0,0,0,0,0
2020-12-28 22:45,1,0,1,0,0,0
2020-12-28 23:00,2,1,1,0,0,0
2020-12-28 23:15,1,0,1,0,0,0
2020-12-28 23:30,3,0,3,0,0,0
2020-12-28 23:45,2,0,2,0,0,0
2020-12-29 00:00,1,0,1,0,0,0
2020-12-29 00:15,0,0,0,0,0,0
2020-12-29 00:30,3,2,1,0,0,0
2020-12-29 00:45,0,0,0,0,0,0
2020-12-29 01:00,2,0,2,0,0,0
2020-12-29 01:15,2,2,0,0,0,0
2020-12-29 01:30,0,0,0,0,0,0
2020-12-29 01:45,2,2,0,0,0,0
2020-12-29 02:00,1,1,0,0,0,0
2020-12-29 02:15,3,3,0,0,0,0
2020-12-29 02:30,1,1,0,0,0,0
2020-12-29 02:45,0,0,0,0,0,0
2020-12-29 03:00,0,0,0,0,0,0
2020-12-29 03:15,0,0,0,0,0,0
2020-12-29 03:30,0,0,0,0,0,0
2020-12-29 03:45,0,0,0,0,0,0
2020-12-29 04:00,0,0,0,0,0,0
2020-12-29 04:15,1,0,1,0,0,0
2020-12-29 04:30,0,0,0,0,0,0
2020-12-29 04:45,0,0,0,0,0,0
2020-12-29 05:00,0,0,0,0,0,0
2020-12-29 05:15,0,0,0,0,0,0
2020-12-29 05:30,7,0,7,0,0,0
2020-12-29 05:45,4,1,3,0,0,0
2020-12-29 06:00,5,1,4,0,0,0
2020-12-29 06:15,9,1,8,0,0,0
2020-12-29 06:30,17,3,14,0,0,0
2020-12-29 06:45,20,6,14,0,0,0
2020-12-29 07:00,11,1,10,0,0,0
2020-12-29 07:15,24,9,15,0,0,0
2020-12-29 07:30,18,9,9,0,0,0
2020-12-29 07:45,33,11,22,0,0,0
2020-12-29 08:00,15,4,11,0,0,0
2020-12-29 08:15,20,13,7,0,0,0
2020-12-29 08:30,23,14,9,0,0,0
2020-12-29 08:45,23,10,13,0,0,0
2020-12-29 09:00,17,15,2,0,0,0
2020-12-29 09:15,17,11,6,0,0,0
2020-12-29 09:30,7,5,2,0,0,0
2020-12-29 09:45,22,12,10,0,0,0
2020-12-29 10:00,11,8,3,0,0,0
2020-12-29 10:15,15,9,6,0,0,0
2020-12-29 10:30,16,3,13,0,0,0
2020-12-29 10:45,23,10,13,0,0,0
2020-12-29 11:00,13,4,9,0,0,0
2020-12-29 11:15,14,7,7,0,0,0
2020-12-29 11:30,17,6,11,0,0,0
2020-12-29 11:45,15,7,8,0,0,0
2020-12-29 12:00,17,8,9,0,0,0
2020-12-29 12:15,31,11,20,0,0,0
2020-12-29 12:30,34,7,27,0,0,0
2020-12-29 12:45,27,12,15,0,0,0
2020-12-29 13:00,21,6,15,0,0,0
2020-12-29 13:15,29,11,18,0,0,0
2020-12-29 13:30,36,13,23,0,0,0
2020-12-29 13:45,33,16,17,0,0,0
2020-12-29 14:00,22,9,13,0,0,0
2020-12-29 14:15,25,14,11,0,0,0
2020-12-29 14:30,36,15,21,0,0,0
2020-12-29 14:45,36,17,19,0,0,0
2020-12-29 15:00,38,26,12,0,0,0
2020-12-29 15:15,47,23,24,0,0,0
2020-12-29 15:30,24,14,10,0,0,0
2020-12-29 15:45,30,14,16,0,0,0
2020-12-29 16:00,37,20,17,0,0,0
2020-12-29 16:15,40,13,27,0,0,0
2020-12-29 16:30,38,17,21,0,0,0
2020-12-29 16:45,27,14,13,0,0,0
2020-12-29 17:00,16,10,6,0,0,0
2020-12-29 17:15,16,7,9,0,0,0
2020-12-29 17:30,24,11,13,0,0,0
2020-12-29 17:45,26,10,16,0,0,0
2020-12-29 18:00,15,4,11,0,0,0
2020-12-29 18:15,18,7,11,0,0,0
2020-12-29 18:30,19,7,12,0,0,0
2020-12-29 18:45,17,9,8,0,0,0
2020-12-29 19:00,14,2,12,0,0,0
2020-12-29 19:15,6,2,4,0,0,0
2020-12-29 19:30,15,8,7,0,0,0
2020-12-29 19:45,10,2,8,0,0,0
2020-12-29 20:00,8,6,2,0,0,0
2020-12-29 20:15,11,2,9,0,0,0
2020-12-29 20:30,8,4,4,0,0,0
2020-12-29 20:45,8,5,3,0,0,0
2020-12-29 21:00,7,6,1,0,0,0
2020-12-29 21:15,9,7,2,0,0,0
2020-12-29 21:30,3,1,2,0,0,0
2020-12-29 21:45,5,1,4,0,0,0
2020-12-29 22:00,4,2,2,0,0,0
2020-12-29 22:15,1,0,1,0,0,0
2020-12-29 22:30,6,2,4,0,0,0
2020-12-29 22:45,2,0,2,0,0,0
2020-12-29 23:00,6,0,6,0,0,0
2020-12-29 23:15,3,2,1,0,0,0
2020-12-29 23:30,3,0,3,0,0,0
2020-12-29 23:45,3,2,1,0,0,0
2020-12-30 00:00,1,1,0,0,0,0
2020-12-30 00:15,0,0,0,0,0,0
2020-12-30 00:30,4,4,0,0,0,0
2020-12-30 00:45,2,2,0,0,0,0
2020-12-30 01:00,2,2,0,0,0,0
2020-12-30 01:15,1,1,0,0,0,0
2020-12-30 01:30,0,0,0,0,0,0
2020-12-30 01:45,1,0,1,0,0,0
2020-12-30 02:00,2,1,1,0,0,0
2020-12-30 02:15,0,0,0,0,0,0
2020-12-30 02:30,0,0,0,0,0,0
2020-12-30 02:45,0,0,0,0,0,0
2020-12-30 03:00,0,0,0,0,0,0
2020-12-30 03:15,0,0,0,0,0,0
2020-12-30 03:30,1,0,1,0,0,0
2020-12-30 03:45,0,0,0,0,0,0
2020-12-30 04:00,0,0,0,0,0,0
2020-12-30 04:15,1,1,0,0,0,0
2020-12-30 04:30,0,0,0,0,0,0
2020-12-30 04:45,2,2,0,0,0,0
2020-12-30 05:00,0,0,0,0,0,0
2020-12-30 05:15,0,0,0,0,0,0
2020-12-30 05:30,8,1,7,0,0,0
2020-12-30 05:45,10,4,6,0,0,0
2020-12-30 06:00,6,3,3,0,0,0
2020-12-30 06:15,9,3,6,0,0,0
2020-12-30 06:30,22,11,11,0,0,0
2020-12-30 06:45,30,6,24,0,0,0
2020-12-30 07:00,19,9,10,0,0,0
2020-12-30 07:15,24,6,18,0,0,0
2020-12-30 07:30,26,11,15,0,0,0
2020-12-30 07:45,39,17,22,0,0,0
2020-12-30 08:00,30,13,17,0,0,0
2020-12-30 08:15,30,20,10,0,0,0
2020-12-30 08:30,20,13,7,0,0,0
2020-12-30 08:45,35,23,12,0,0,0
2020-12-30 09:00,36,27,9,0,0,0
2020-12-30 09:15,23,10,13,0,0,0
2020-12-30 09:30,49,34,15,0,0,0
2020-12-30 09:45,48,21,27,0,0,0
2020-12-30 10:00,31,22,9,0,0,0
2020-12-30 10:15,47,23,24,0,0,0
2020-12-30 10:30,50,29,21,0,0,0
2020-12-30 10:45,65,22,43,0,0,0
2020-12-30 11:00,56,27,29,0,0,0
2020-12-30 11:15,49,25,24,0,0,0
2020-12-30 11:30,67,27,40,0,0,0
2020-12-30 11:45,55,25,30,0,0,0
2020-12-30 12:00,63,26,37,0,0,0
2020-12-30 12:15,63,22,41,0,0,0
2020-12-30 12:30,67,19,48,0,0,0
2020-12-30 12:45,63,25,38,0,0,0
2020-12-30 13:00,56,16,40,0,0,0
2020-12-30 13:15,40,14,26,0,0,0
2020-12-30 13:30,39,5,34,0,0,0
2020-12-30 13:45,44,20,24,0,0,0
2020-12-30 14:00,59,20,39,0,0,0
2020-12-30 14:15,38,10,28,0,0,0
2020-12-30 14:30,37,18,19,0,0,0
2020-12-30 14:45,34,13,21,0,0,0
2020-12-30 15:00,44,22,22,0,0,0
2020-12-30 15:15,30,18,12,0,0,0
2020-12-30 15:30,35,16,19,0,0,0
2020-12-30 15:45,39,16,23,0,0,0
2020-12-30 16:00,38,14,24,0,0,0
2020-12-30 16:15,17,10,7,0,0,0
2020-12-30 16:30,25,8,17,0,0,0
2020-12-30 16:45,27,7,20,0,0,0
2020-12-30 17:00,24,10,14,0,0,0
2020-12-30 17:15,28,15,13,0,0,0
2020-12-30 17:30,21,9,12,0,0,0
2020-12-30 17:45,22,10,12,0,0,0
2020-12-30 18:00,19,8,11,0,0,0
2020-12-30 18:15,20,7,13,0,0,0
2020-12-30 18:30,15,7,8,0,0,0
2020-12-30 18:45,20,8,12,0,0,0
2020-12-30 19:00,5,0,5,0,0,0
2020-12-30 19:15,11,4,7,0,0,0
2020-12-30 19:30,13,9,4,0,0,0
2020-12-30 19:45,14,2,12,0,0,0
2020-12-30 20:00,18,7,11,0,0,0
2020-12-30 20:15,7,2,5,0,0,0
2020-12-30 20:30,8,2,6,0,0,0
2020-12-30 20:45,10,4,6,0,0,0
2020-12-30 21:00,7,5,2,0,0,0
2020-12-30 21:15,9,6,3,0,0,0
2020-12-30 21:30,6,4,2,0,0,0
2020-12-30 21:45,2,1,1,0,0,0
2020-12-30 22:00,1,0,1,0,0,0
2020-12-30 22:15,5,2,3,0,0,0
2020-12-30 22:30,3,0,3,0,0,0
2020-12-30 22:45,7,2,5,0,0,0
2020-12-30 23:00,2,2,0,0,0,0
2020-12-30 23:15,0,0,0,0,0,0
2020-12-30 23:30,5,3,2,0,0,0
2020-12-30 23:45,2,1,1,0,0,0
2020-12-31 00:00,5,1,4,0,0,0
2020-12-31 00:15,0,0,0,0,0,0
2020-12-31 00:30,2,0,2,0,0,0
2020-12-31 00:45,1,0,1,0,0,0
2020-12-31 01:00,0,0,0,0,0,0
2020-12-31 01:15,1,1,0,0,0,0
2020-12-31 01:30,1,0,1,0,0,0
2020-12-31 01:45,0,0,0,0,0,0
2020-12-31 02:00,1,0,1,0,0,0
2020-12-31 02:15,0,0,0,0,0,0
2020-12-31 02:30,0,0,0,0,0,0
2020-12-31 02:45,0,0,0,0,0,0
2020-12-31 03:00,1,0,1,0,0,0
2020-12-31 03:15,0,0,0,0,0,0
2020-12-31 03:30,0,0,0,0,0,0
2020-12-31 03:45,0,0,0,0,0,0
2020-12-31 04:00,0,0,0,0,0,0
2020-12-31 04:15,0,0,0,0,0,0
2020-12-31 04:30,0,0,0,0,0,0
2020-12-31 04:45,2,2,0,0,0,0
2020-12-31 05:00,0,0,0,0,0,0
2020-12-31 05:15,2,0,2,0,0,0
2020-12-31 05:30,3,0,3,0,0,0
2020-12-31 05:45,8,1,7,0,0,0
2020-12-31 06:00,1,0,1,0,0,0
2020-12-31 06:15,1,0,1,0,0,0
2020-12-31 06:30,3,2,1,0,0,0
2020-12-31 06:45,5,3,2,0,0,0
2020-12-31 07:00,3,1,2,0,0,0
2020-12-31 07:15,1,1,0,0,0,0
2020-12-31 07:30,6,5,1,0,0,0
2020-12-31 07:45,9,5,4,0,0,0
2020-12-31 08:00,11,5,6,0,0,0
2020-12-31 08:15,9,5,4,0,0,0
2020-12-31 08:30,7,3,4,0,0,0
2020-12-31 08:45,7,6,1,0,0,0
2020-12-31 09:00,20,13,7,0,0,0
2020-12-31 09:15,16,10,6,0,0,0
2020-12-31 09:30,27,14,13,0,0,0
2020-12-31 09:45,8,5,3,0,0,0
2020-12-31 10:00,18,13,5,0,0,0
2020-12-31 10:15,21,11,10,0,0,0
2020-12-31 10:30,22,9,13,0,0,0
2020-12-31 10:45,16,8,8,0,0,0
2020-12-31 11:00,37,18,19,0,0,0
2020-12-31 11:15,17,9,8,0,0,0
2020-12-31 11:30,20,9,11,0,0,0
2020-12-31 11:45,30,18,12,0,0,0
2020-12-31 12:00,30,14,16,0,0,0
2020-12-31 12:15,34,10,24,0,0,0
2020-12-31 12:30,41,15,26,0,0,0
2020-12-31 12:45,20,7,13,0,0,0
2020-12-31 13:00,16,10,6,0,0,0
2020-12-31 13:15,25,5,20,0,0,0
2020-12-31 13:30,21,12,9,0,0,0
2020-12-31 13:45,23,5,18,0,0,0
2020-12-31 14:00,17,6,11,0,0,0
2020-12-31 14:15,21,13,8,0,0,0
2020-12-31 14:30,11,5,6,0,0,0
2020-12-31 14:45,16,8,8,0,0,0
2020-12-31 15:00,22,9,13,0,0,0
2020-12-31 15:15,27,17,10,0,0,0
2020-12-31 15:30,18,10,8,0,0,0
2020-12-31 15:45,7,2,5,0,0,0
2020-12-31 16:00,15,2,13,0,0,0
2020-12-31 16:15,13,6,7,0,0,0
2020-12-31 16:30,12,3,9,0,0,0
2020-12-31 16:45,2,1,1,0,0,0
2020-12-31 17:00,8,5,3,0,0,0
2020-12-31 17:15,17,7,10,0,0,0
2020-12-31 17:30,9,5,4,0,0,0
2020-12-31 17:45,19,7,12,0,0,0
2020-12-31 18:00,14,3,11,0,0,0
2020-12-31 18:15,11,7,4,0,0,0
2020-12-31 18:30,10,4,6,0,0,0
2020-12-31 18:45,16,13,3,0,0,0
2020-12-31 19:00,12,4,8,0,0,0
2020-12-31 19:15,10,3,7,0,0,0
2020-12-31 19:30,11,7,4,0,0,0
2020-12-31 19:45,7,5,2,0,0,0
2020-12-31 20:00,8,4,4,0,0,0
2020-12-31 20:15,7,0,7,0,0,0
2020-12-31 20:30,1,0,1,0,0,0
2020-12-31 20:45,2,2,0,0,0,0
2020-12-31 21:00,8,2,6,0,0,0
2020-12-31 21:15,4,2,2,0,0,0
2020-12-31 21:30,5,2,3,0,0,0
2020-12-31 21:45,0,0,0,0,0,0
2020-12-31 22:00,4,2,2,0,0,0
2020-12-31 22:15,0,0,0,0,0,0
2020-12-31 22:30,2,0,2,0,0,0
2020-12-31 22:45,4,2,2,0,0,0
2020-12-31 23:00,1,1,0,0,0,0
2020-12-31 23:15,4,1,3,0,0,0
2020-12-31 23:30,1,1,0,0,0,0
2020-12-31 23:45,9,7,2,0,0,0
