Datetime,100034982 (Hüfferstraße),101034982 (Hüfferstraße stadteinwärts),102034982 (Hüfferstraße stadtauswärts),100034982-status,101034982-status,102034982-status
2021-09-01 00:00,7,2,5,0,0,0
2021-09-01 00:15,3,1,2,0,0,0
2021-09-01 00:30,4,1,3,0,0,0
2021-09-01 00:45,4,1,3,0,0,0
2021-09-01 01:00,0,0,0,0,0,0
2021-09-01 01:15,4,2,2,0,0,0
2021-09-01 01:30,0,0,0,0,0,0
2021-09-01 01:45,2,0,2,0,0,0
2021-09-01 02:00,1,0,1,0,0,0
2021-09-01 02:15,0,0,0,0,0,0
2021-09-01 02:30,2,0,2,0,0,0
2021-09-01 02:45,1,1,0,0,0,0
2021-09-01 03:00,1,0,1,0,0,0
2021-09-01 03:15,0,0,0,0,0,0
2021-09-01 03:30,0,0,0,0,0,0
2021-09-01 03:45,2,1,1,0,0,0
2021-09-01 04:00,0,0,0,0,0,0
2021-09-01 04:15,2,1,1,0,0,0
2021-09-01 04:30,0,0,0,0,0,0
2021-09-01 04:45,0,0,0,0,0,0
2021-09-01 05:00,2,2,0,0,0,0
2021-09-01 05:15,3,3,0,0,0,0
2021-09-01 05:30,10,2,8,0,0,0
2021-09-01 05:45,6,3,3,0,0,0
2021-09-01 06:00,6,4,2,0,0,0
2021-09-01 06:15,27,13,14,0,0,0
2021-09-01 06:30,39,18,21,0,0,0
2021-09-01 06:45,59,19,40,0,0,0
2021-09-01 07:00,57,20,37,0,0,0
2021-09-01 07:15,79,34,45,0,0,0
2021-09-01 07:30,132,69,63,0,0,0
2021-09-01 07:45,235,145,90,0,0,0
2021-09-01 08:00,206,145,61,0,0,0
2021-09-01 08:15,130,59,71,0,0,0
2021-09-01 08:30,118,61,57,0,0,0
2021-09-01 08:45,149,72,77,0,0,0
2021-09-01 09:00,105,46,59,0,0,0
2021-09-01 09:15,79,42,37,0,0,0
2021-09-01 09:30,96,60,36,0,0,0
2021-09-01 09:45,100,58,42,0,0,0
2021-09-01 10:00,74,32,42,0,0,0
2021-09-01 10:15,75,34,41,0,0,0
2021-09-01 10:30,74,37,37,0,0,0
2021-09-01 10:45,90,48,42,0,0,0
2021-09-01 11:00,88,43,45,0,0,0
2021-09-01 11:15,84,48,36,0,0,0
2021-09-01 11:30,89,35,54,0,0,0
2021-09-01 11:45,87,40,47,0,0,0
2021-09-01 12:00,93,46,47,0,0,0
2021-09-01 12:15,88,41,47,0,0,0
2021-09-01 12:30,95,42,53,0,0,0
2021-09-01 12:45,105,48,57,0,0,0
2021-09-01 13:00,103,49,54,0,0,0
2021-09-01 13:15,119,51,68,0,0,0
2021-09-01 13:30,166,56,110,0,0,0
2021-09-01 13:45,108,41,67,0,0,0
2021-09-01 14:00,91,37,54,0,0,0
2021-09-01 14:15,114,51,63,0,0,0
2021-09-01 14:30,117,33,84,0,0,0
2021-09-01 14:45,101,43,58,0,0,0
2021-09-01 15:00,105,39,66,0,0,0
2021-09-01 15:15,103,54,49,0,0,0
2021-09-01 15:30,105,41,64,0,0,0
2021-09-01 15:45,126,63,63,0,0,0
2021-09-01 16:00,150,67,83,0,0,0
2021-09-01 16:15,108,61,47,0,0,0
2021-09-01 16:30,128,67,61,0,0,0
2021-09-01 16:45,146,65,81,0,0,0
2021-09-01 17:00,94,46,48,0,0,0
2021-09-01 17:15,105,48,57,0,0,0
2021-09-01 17:30,108,52,56,0,0,0
2021-09-01 17:45,133,68,65,0,0,0
2021-09-01 18:00,96,40,56,0,0,0
2021-09-01 18:15,95,37,58,0,0,0
2021-09-01 18:30,94,38,56,0,0,0
2021-09-01 18:45,84,38,46,0,0,0
2021-09-01 19:00,67,31,36,0,0,0
2021-09-01 19:15,80,45,35,0,0,0
2021-09-01 19:30,46,18,28,0,0,0
2021-09-01 19:45,59,22,37,0,0,0
2021-09-01 20:00,76,37,39,0,0,0
2021-09-01 20:15,65,26,39,0,0,0
2021-09-01 20:30,39,9,30,0,0,0
2021-09-01 20:45,39,13,26,0,0,0
2021-09-01 21:00,74,31,43,0,0,0
2021-09-01 21:15,54,18,36,0,0,0
2021-09-01 21:30,32,9,23,0,0,0
2021-09-01 21:45,18,7,11,0,0,0
2021-09-01 22:00,21,4,17,0,0,0
2021-09-01 22:15,24,9,15,0,0,0
2021-09-01 22:30,21,9,12,0,0,0
2021-09-01 22:45,14,6,8,0,0,0
2021-09-01 23:00,8,0,8,0,0,0
2021-09-01 23:15,12,4,8,0,0,0
2021-09-01 23:30,10,5,5,0,0,0
2021-09-01 23:45,12,3,9,0,0,0
2021-09-02 00:00,10,0,10,0,0,0
2021-09-02 00:15,7,4,3,0,0,0
2021-09-02 00:30,8,2,6,0,0,0
2021-09-02 00:45,5,0,5,0,0,0
2021-09-02 01:00,6,1,5,0,0,0
2021-09-02 01:15,3,1,2,0,0,0
2021-09-02 01:30,8,3,5,0,0,0
2021-09-02 01:45,4,2,2,0,0,0
2021-09-02 02:00,4,0,4,0,0,0
2021-09-02 02:15,4,0,4,0,0,0
2021-09-02 02:30,1,0,1,0,0,0
2021-09-02 02:45,8,0,8,0,0,0
2021-09-02 03:00,1,0,1,0,0,0
2021-09-02 03:15,3,0,3,0,0,0
2021-09-02 03:30,2,0,2,0,0,0
2021-09-02 03:45,1,1,0,0,0,0
2021-09-02 04:00,3,0,3,0,0,0
2021-09-02 04:15,0,0,0,0,0,0
2021-09-02 04:30,5,0,5,0,0,0
2021-09-02 04:45,0,0,0,0,0,0
2021-09-02 05:00,1,0,1,0,0,0
2021-09-02 05:15,4,2,2,0,0,0
2021-09-02 05:30,7,3,4,0,0,0
2021-09-02 05:45,9,3,6,0,0,0
2021-09-02 06:00,9,5,4,0,0,0
2021-09-02 06:15,17,6,11,0,0,0
2021-09-02 06:30,38,11,27,0,0,0
2021-09-02 06:45,50,19,31,0,0,0
2021-09-02 07:00,56,27,29,0,0,0
2021-09-02 07:15,65,24,41,0,0,0
2021-09-02 07:30,137,67,70,0,0,0
2021-09-02 07:45,231,132,99,0,0,0
2021-09-02 08:00,242,169,73,0,0,0
2021-09-02 08:15,118,75,43,0,0,0
2021-09-02 08:30,105,47,58,0,0,0
2021-09-02 08:45,125,61,64,0,0,0
2021-09-02 09:00,76,37,39,0,0,0
2021-09-02 09:15,52,32,20,0,0,0
2021-09-02 09:30,63,39,24,0,0,0
2021-09-02 09:45,62,37,25,0,0,0
2021-09-02 10:00,57,39,18,0,0,0
2021-09-02 10:15,51,28,23,0,0,0
2021-09-02 10:30,48,34,14,0,0,0
2021-09-02 10:45,78,43,35,0,0,0
2021-09-02 11:00,57,28,29,0,0,0
2021-09-02 11:15,62,26,36,0,0,0
2021-09-02 11:30,52,15,37,0,0,0
2021-09-02 11:45,75,38,37,0,0,0
2021-09-02 12:00,70,28,42,0,0,0
2021-09-02 12:15,77,32,45,0,0,0
2021-09-02 12:30,89,32,57,0,0,0
2021-09-02 12:45,74,21,53,0,0,0
2021-09-02 13:00,83,37,46,0,0,0
2021-09-02 13:15,86,45,41,0,0,0
2021-09-02 13:30,153,57,96,0,0,0
2021-09-02 13:45,122,46,76,0,0,0
2021-09-02 14:00,75,40,35,0,0,0
2021-09-02 14:15,121,37,84,0,0,0
2021-09-02 14:30,139,49,90,0,0,0
2021-09-02 14:45,115,42,73,0,0,0
2021-09-02 15:00,94,51,43,0,0,0
2021-09-02 15:15,103,46,57,0,0,0
2021-09-02 15:30,107,42,65,0,0,0
2021-09-02 15:45,138,62,76,0,0,0
2021-09-02 16:00,140,64,76,0,0,0
2021-09-02 16:15,130,74,56,0,0,0
2021-09-02 16:30,137,78,59,0,0,0
2021-09-02 16:45,136,63,73,0,0,0
2021-09-02 17:00,132,64,68,0,0,0
2021-09-02 17:15,132,64,68,0,0,0
2021-09-02 17:30,120,72,48,0,0,0
2021-09-02 17:45,138,73,65,0,0,0
2021-09-02 18:00,105,40,65,0,0,0
2021-09-02 18:15,104,51,53,0,0,0
2021-09-02 18:30,101,34,67,0,0,0
2021-09-02 18:45,84,33,51,0,0,0
2021-09-02 19:00,90,38,52,0,0,0
2021-09-02 19:15,105,55,50,0,0,0
2021-09-02 19:30,67,27,40,0,0,0
2021-09-02 19:45,58,30,28,0,0,0
2021-09-02 20:00,61,24,37,0,0,0
2021-09-02 20:15,36,10,26,0,0,0
2021-09-02 20:30,43,17,26,0,0,0
2021-09-02 20:45,64,18,46,0,0,0
2021-09-02 21:00,53,9,44,0,0,0
2021-09-02 21:15,36,13,23,0,0,0
2021-09-02 21:30,39,15,24,0,0,0
2021-09-02 21:45,28,10,18,0,0,0
2021-09-02 22:00,57,16,41,0,0,0
2021-09-02 22:15,28,9,19,0,0,0
2021-09-02 22:30,18,4,14,0,0,0
2021-09-02 22:45,27,7,20,0,0,0
2021-09-02 23:00,22,8,14,0,0,0
2021-09-02 23:15,18,6,12,0,0,0
2021-09-02 23:30,22,4,18,0,0,0
2021-09-02 23:45,8,1,7,0,0,0
2021-09-03 00:00,6,1,5,0,0,0
2021-09-03 00:15,5,0,5,0,0,0
2021-09-03 00:30,4,1,3,0,0,0
2021-09-03 00:45,2,1,1,0,0,0
2021-09-03 01:00,7,0,7,0,0,0
2021-09-03 01:15,3,1,2,0,0,0
2021-09-03 01:30,5,0,5,0,0,0
2021-09-03 01:45,6,0,6,0,0,0
2021-09-03 02:00,2,0,2,0,0,0
2021-09-03 02:15,0,0,0,0,0,0
2021-09-03 02:30,2,0,2,0,0,0
2021-09-03 02:45,0,0,0,0,0,0
2021-09-03 03:00,1,0,1,0,0,0
2021-09-03 03:15,0,0,0,0,0,0
2021-09-03 03:30,0,0,0,0,0,0
2021-09-03 03:45,0,0,0,0,0,0
2021-09-03 04:00,0,0,0,0,0,0
2021-09-03 04:15,0,0,0,0,0,0
2021-09-03 04:30,1,0,1,0,0,0
2021-09-03 04:45,3,2,1,0,0,0
2021-09-03 05:00,2,0,2,0,0,0
2021-09-03 05:15,1,1,0,0,0,0
2021-09-03 05:30,13,6,7,0,0,0
2021-09-03 05:45,4,1,3,0,0,0
2021-09-03 06:00,10,5,5,0,0,0
2021-09-03 06:15,17,3,14,0,0,0
2021-09-03 06:30,34,12,22,0,0,0
2021-09-03 06:45,40,20,20,0,0,0
2021-09-03 07:00,51,15,36,0,0,0
2021-09-03 07:15,71,28,43,0,0,0
2021-09-03 07:30,122,69,53,0,0,0
2021-09-03 07:45,210,118,92,0,0,0
2021-09-03 08:00,189,138,51,0,0,0
2021-09-03 08:15,90,45,45,0,0,0
2021-09-03 08:30,84,33,51,0,0,0
2021-09-03 08:45,114,62,52,0,0,0
2021-09-03 09:00,85,43,42,0,0,0
2021-09-03 09:15,46,24,22,0,0,0
2021-09-03 09:30,72,21,51,0,0,0
2021-09-03 09:45,89,52,37,0,0,0
2021-09-03 10:00,71,42,29,0,0,0
2021-09-03 10:15,54,29,25,0,0,0
2021-09-03 10:30,52,33,19,0,0,0
2021-09-03 10:45,75,39,36,0,0,0
2021-09-03 11:00,65,38,27,0,0,0
2021-09-03 11:15,51,25,26,0,0,0
2021-09-03 11:30,62,28,34,0,0,0
2021-09-03 11:45,72,47,25,0,0,0
2021-09-03 12:00,79,35,44,0,0,0
2021-09-03 12:15,84,32,52,0,0,0
2021-09-03 12:30,105,37,68,0,0,0
2021-09-03 12:45,94,48,46,0,0,0
2021-09-03 13:00,73,32,41,0,0,0
2021-09-03 13:15,99,57,42,0,0,0
2021-09-03 13:30,160,32,128,0,0,0
2021-09-03 13:45,95,34,61,0,0,0
2021-09-03 14:00,100,37,63,0,0,0
2021-09-03 14:15,100,48,52,0,0,0
2021-09-03 14:30,147,63,84,0,0,0
2021-09-03 14:45,116,51,65,0,0,0
2021-09-03 15:00,130,55,75,0,0,0
2021-09-03 15:15,125,60,65,0,0,0
2021-09-03 15:30,131,68,63,0,0,0
2021-09-03 15:45,127,61,66,0,0,0
2021-09-03 16:00,106,52,54,0,0,0
2021-09-03 16:15,113,71,42,0,0,0
2021-09-03 16:30,119,57,62,0,0,0
2021-09-03 16:45,96,46,50,0,0,0
2021-09-03 17:00,98,45,53,0,0,0
2021-09-03 17:15,85,28,57,0,0,0
2021-09-03 17:30,103,39,64,0,0,0
2021-09-03 17:45,88,40,48,0,0,0
2021-09-03 18:00,83,35,48,0,0,0
2021-09-03 18:15,101,49,52,0,0,0
2021-09-03 18:30,81,41,40,0,0,0
2021-09-03 18:45,67,28,39,0,0,0
2021-09-03 19:00,74,34,40,0,0,0
2021-09-03 19:15,74,29,45,0,0,0
2021-09-03 19:30,58,24,34,0,0,0
2021-09-03 19:45,93,52,41,0,0,0
2021-09-03 20:00,64,27,37,0,0,0
2021-09-03 20:15,66,27,39,0,0,0
2021-09-03 20:30,36,22,14,0,0,0
2021-09-03 20:45,46,18,28,0,0,0
2021-09-03 21:00,34,15,19,0,0,0
2021-09-03 21:15,30,17,13,0,0,0
2021-09-03 21:30,40,27,13,0,0,0
2021-09-03 21:45,32,16,16,0,0,0
2021-09-03 22:00,36,11,25,0,0,0
2021-09-03 22:15,32,12,20,0,0,0
2021-09-03 22:30,26,12,14,0,0,0
2021-09-03 22:45,27,6,21,0,0,0
2021-09-03 23:00,24,7,17,0,0,0
2021-09-03 23:15,13,1,12,0,0,0
2021-09-03 23:30,18,1,17,0,0,0
2021-09-03 23:45,20,3,17,0,0,0
2021-09-04 00:00,27,3,24,0,0,0
2021-09-04 00:15,23,5,18,0,0,0
2021-09-04 00:30,10,0,10,0,0,0
2021-09-04 00:45,21,0,21,0,0,0
2021-09-04 01:00,15,4,11,0,0,0
2021-09-04 01:15,9,1,8,0,0,0
2021-09-04 01:30,8,0,8,0,0,0
2021-09-04 01:45,13,2,11,0,0,0
2021-09-04 02:00,12,7,5,0,0,0
2021-09-04 02:15,15,7,8,0,0,0
2021-09-04 02:30,12,6,6,0,0,0
2021-09-04 02:45,9,4,5,0,0,0
2021-09-04 03:00,6,0,6,0,0,0
2021-09-04 03:15,11,4,7,0,0,0
2021-09-04 03:30,5,0,5,0,0,0
2021-09-04 03:45,3,0,3,0,0,0
2021-09-04 04:00,4,0,4,0,0,0
2021-09-04 04:15,5,0,5,0,0,0
2021-09-04 04:30,7,4,3,0,0,0
2021-09-04 04:45,2,0,2,0,0,0
2021-09-04 05:00,1,0,1,0,0,0
2021-09-04 05:15,4,3,1,0,0,0
2021-09-04 05:30,6,1,5,0,0,0
2021-09-04 05:45,9,1,8,0,0,0
2021-09-04 06:00,3,1,2,0,0,0
2021-09-04 06:15,2,1,1,0,0,0
2021-09-04 06:30,9,5,4,0,0,0
2021-09-04 06:45,11,9,2,0,0,0
2021-09-04 07:00,8,3,5,0,0,0
2021-09-04 07:15,18,15,3,0,0,0
2021-09-04 07:30,13,5,8,0,0,0
2021-09-04 07:45,33,17,16,0,0,0
2021-09-04 08:00,20,7,13,0,0,0
2021-09-04 08:15,17,9,8,0,0,0
2021-09-04 08:30,30,16,14,0,0,0
2021-09-04 08:45,50,33,17,0,0,0
2021-09-04 09:00,29,16,13,0,0,0
2021-09-04 09:15,44,30,14,0,0,0
2021-09-04 09:30,38,24,14,0,0,0
2021-09-04 09:45,71,51,20,0,0,0
2021-09-04 10:00,50,32,18,0,0,0
2021-09-04 10:15,79,59,20,0,0,0
2021-09-04 10:30,64,47,17,0,0,0
2021-09-04 10:45,80,44,36,0,0,0
2021-09-04 11:00,55,30,25,0,0,0
2021-09-04 11:15,75,30,45,0,0,0
2021-09-04 11:30,97,58,39,0,0,0
2021-09-04 11:45,81,48,33,0,0,0
2021-09-04 12:00,73,42,31,0,0,0
2021-09-04 12:15,112,51,61,0,0,0
2021-09-04 12:30,95,54,41,0,0,0
2021-09-04 12:45,104,51,53,0,0,0
2021-09-04 13:00,81,40,41,0,0,0
2021-09-04 13:15,90,46,44,0,0,0
2021-09-04 13:30,104,47,57,0,0,0
2021-09-04 13:45,104,52,52,0,0,0
2021-09-04 14:00,107,47,60,0,0,0
2021-09-04 14:15,83,29,54,0,0,0
2021-09-04 14:30,65,30,35,0,0,0
2021-09-04 14:45,93,42,51,0,0,0
2021-09-04 15:00,90,42,48,0,0,0
2021-09-04 15:15,69,32,37,0,0,0
2021-09-04 15:30,85,31,54,0,0,0
2021-09-04 15:45,102,37,65,0,0,0
2021-09-04 16:00,63,26,37,0,0,0
2021-09-04 16:15,85,36,49,0,0,0
2021-09-04 16:30,69,18,51,0,0,0
2021-09-04 16:45,90,51,39,0,0,0
2021-09-04 17:00,78,35,43,0,0,0
2021-09-04 17:15,89,32,57,0,0,0
2021-09-04 17:30,74,28,46,0,0,0
2021-09-04 17:45,90,42,48,0,0,0
2021-09-04 18:00,62,30,32,0,0,0
2021-09-04 18:15,67,38,29,0,0,0
2021-09-04 18:30,71,23,48,0,0,0
2021-09-04 18:45,57,36,21,0,0,0
2021-09-04 19:00,45,28,17,0,0,0
2021-09-04 19:15,73,41,32,0,0,0
2021-09-04 19:30,67,42,25,0,0,0
2021-09-04 19:45,59,32,27,0,0,0
2021-09-04 20:00,57,31,26,0,0,0
2021-09-04 20:15,45,12,33,0,0,0
2021-09-04 20:30,53,29,24,0,0,0
2021-09-04 20:45,33,17,16,0,0,0
2021-09-04 21:00,33,18,15,0,0,0
2021-09-04 21:15,41,25,16,0,0,0
2021-09-04 21:30,44,6,38,0,0,0
2021-09-04 21:45,36,12,24,0,0,0
2021-09-04 22:00,50,10,40,0,0,0
2021-09-04 22:15,45,9,36,0,0,0
2021-09-04 22:30,37,5,32,0,0,0
2021-09-04 22:45,54,8,46,0,0,0
2021-09-04 23:00,40,5,35,0,0,0
2021-09-04 23:15,35,7,28,0,0,0
2021-09-04 23:30,20,3,17,0,0,0
2021-09-04 23:45,40,8,32,0,0,0
2021-09-05 00:00,29,7,22,0,0,0
2021-09-05 00:15,26,7,19,0,0,0
2021-09-05 00:30,15,6,9,0,0,0
2021-09-05 00:45,20,2,18,0,0,0
2021-09-05 01:00,10,0,10,0,0,0
2021-09-05 01:15,20,3,17,0,0,0
2021-09-05 01:30,20,1,19,0,0,0
2021-09-05 01:45,10,2,8,0,0,0
2021-09-05 02:00,8,0,8,0,0,0
2021-09-05 02:15,5,1,4,0,0,0
2021-09-05 02:30,6,1,5,0,0,0
2021-09-05 02:45,2,2,0,0,0,0
2021-09-05 03:00,4,0,4,0,0,0
2021-09-05 03:15,8,0,8,0,0,0
2021-09-05 03:30,5,1,4,0,0,0
2021-09-05 03:45,7,2,5,0,0,0
2021-09-05 04:00,4,0,4,0,0,0
2021-09-05 04:15,2,0,2,0,0,0
2021-09-05 04:30,2,1,1,0,0,0
2021-09-05 04:45,6,1,5,0,0,0
2021-09-05 05:00,0,0,0,0,0,0
2021-09-05 05:15,2,1,1,0,0,0
2021-09-05 05:30,11,0,11,0,0,0
2021-09-05 05:45,7,0,7,0,0,0
2021-09-05 06:00,0,0,0,0,0,0
2021-09-05 06:15,2,0,2,0,0,0
2021-09-05 06:30,5,4,1,0,0,0
2021-09-05 06:45,6,4,2,0,0,0
2021-09-05 07:00,6,0,6,0,0,0
2021-09-05 07:15,4,3,1,0,0,0
2021-09-05 07:30,11,2,9,0,0,0
2021-09-05 07:45,9,3,6,0,0,0
2021-09-05 08:00,4,4,0,0,0,0
2021-09-05 08:15,6,5,1,0,0,0
2021-09-05 08:30,11,6,5,0,0,0
2021-09-05 08:45,12,9,3,0,0,0
2021-09-05 09:00,11,5,6,0,0,0
2021-09-05 09:15,13,5,8,0,0,0
2021-09-05 09:30,33,19,14,0,0,0
2021-09-05 09:45,32,19,13,0,0,0
2021-09-05 10:00,24,14,10,0,0,0
2021-09-05 10:15,33,22,11,0,0,0
2021-09-05 10:30,40,21,19,0,0,0
2021-09-05 10:45,52,31,21,0,0,0
2021-09-05 11:00,28,10,18,0,0,0
2021-09-05 11:15,54,31,23,0,0,0
2021-09-05 11:30,48,28,20,0,0,0
2021-09-05 11:45,37,21,16,0,0,0
2021-09-05 12:00,40,20,20,0,0,0
2021-09-05 12:15,52,24,28,0,0,0
2021-09-05 12:30,59,25,34,0,0,0
2021-09-05 12:45,49,15,34,0,0,0
2021-09-05 13:00,53,31,22,0,0,0
2021-09-05 13:15,45,19,26,0,0,0
2021-09-05 13:30,63,23,40,0,0,0
2021-09-05 13:45,70,33,37,0,0,0
2021-09-05 14:00,74,29,45,0,0,0
2021-09-05 14:15,51,31,20,0,0,0
2021-09-05 14:30,62,29,33,0,0,0
2021-09-05 14:45,62,33,29,0,0,0
2021-09-05 15:00,62,35,27,0,0,0
2021-09-05 15:15,69,37,32,0,0,0
2021-09-05 15:30,60,28,32,0,0,0
2021-09-05 15:45,63,28,35,0,0,0
2021-09-05 16:00,76,29,47,0,0,0
2021-09-05 16:15,51,14,37,0,0,0
2021-09-05 16:30,48,23,25,0,0,0
2021-09-05 16:45,63,36,27,0,0,0
2021-09-05 17:00,60,30,30,0,0,0
2021-09-05 17:15,67,26,41,0,0,0
2021-09-05 17:30,68,19,49,0,0,0
2021-09-05 17:45,71,27,44,0,0,0
2021-09-05 18:00,54,12,42,0,0,0
2021-09-05 18:15,60,21,39,0,0,0
2021-09-05 18:30,51,25,26,0,0,0
2021-09-05 18:45,69,32,37,0,0,0
2021-09-05 19:00,43,16,27,0,0,0
2021-09-05 19:15,49,21,28,0,0,0
2021-09-05 19:30,47,17,30,0,0,0
2021-09-05 19:45,48,17,31,0,0,0
2021-09-05 20:00,44,19,25,0,0,0
2021-09-05 20:15,27,13,14,0,0,0
2021-09-05 20:30,43,10,33,0,0,0
2021-09-05 20:45,31,9,22,0,0,0
2021-09-05 21:00,19,4,15,0,0,0
2021-09-05 21:15,26,11,15,0,0,0
2021-09-05 21:30,8,4,4,0,0,0
2021-09-05 21:45,13,4,9,0,0,0
2021-09-05 22:00,8,0,8,0,0,0
2021-09-05 22:15,13,4,9,0,0,0
2021-09-05 22:30,11,1,10,0,0,0
2021-09-05 22:45,11,5,6,0,0,0
2021-09-05 23:00,11,2,9,0,0,0
2021-09-05 23:15,9,2,7,0,0,0
2021-09-05 23:30,2,0,2,0,0,0
2021-09-05 23:45,2,0,2,0,0,0
2021-09-06 00:00,4,0,4,0,0,0
2021-09-06 00:15,2,2,0,0,0,0
2021-09-06 00:30,2,1,1,0,0,0
2021-09-06 00:45,0,0,0,0,0,0
2021-09-06 01:00,0,0,0,0,0,0
2021-09-06 01:15,0,0,0,0,0,0
2021-09-06 01:30,1,1,0,0,0,0
2021-09-06 01:45,1,1,0,0,0,0
2021-09-06 02:00,2,2,0,0,0,0
2021-09-06 02:15,0,0,0,0,0,0
2021-09-06 02:30,0,0,0,0,0,0
2021-09-06 02:45,0,0,0,0,0,0
2021-09-06 03:00,2,2,0,0,0,0
2021-09-06 03:15,1,0,1,0,0,0
2021-09-06 03:30,1,0,1,0,0,0
2021-09-06 03:45,0,0,0,0,0,0
2021-09-06 04:00,0,0,0,0,0,0
2021-09-06 04:15,3,3,0,0,0,0
2021-09-06 04:30,2,1,1,0,0,0
2021-09-06 04:45,2,1,1,0,0,0
2021-09-06 05:00,1,0,1,0,0,0
2021-09-06 05:15,4,2,2,0,0,0
2021-09-06 05:30,12,6,6,0,0,0
2021-09-06 05:45,9,2,7,0,0,0
2021-09-06 06:00,9,6,3,0,0,0
2021-09-06 06:15,15,6,9,0,0,0
2021-09-06 06:30,38,7,31,0,0,0
2021-09-06 06:45,53,22,31,0,0,0
2021-09-06 07:00,55,16,39,0,0,0
2021-09-06 07:15,73,28,45,0,0,0
2021-09-06 07:30,134,70,64,0,0,0
2021-09-06 07:45,240,144,96,0,0,0
2021-09-06 08:00,229,163,66,0,0,0
2021-09-06 08:15,109,51,58,0,0,0
2021-09-06 08:30,100,58,42,0,0,0
2021-09-06 08:45,122,58,64,0,0,0
2021-09-06 09:00,75,32,43,0,0,0
2021-09-06 09:15,58,28,30,0,0,0
2021-09-06 09:30,77,39,38,0,0,0
2021-09-06 09:45,92,49,43,0,0,0
2021-09-06 10:00,63,38,25,0,0,0
2021-09-06 10:15,51,25,26,0,0,0
2021-09-06 10:30,60,35,25,0,0,0
2021-09-06 10:45,54,25,29,0,0,0
2021-09-06 11:00,68,33,35,0,0,0
2021-09-06 11:15,65,37,28,0,0,0
2021-09-06 11:30,56,26,30,0,0,0
2021-09-06 11:45,53,23,30,0,0,0
2021-09-06 12:00,63,27,36,0,0,0
2021-09-06 12:15,69,30,39,0,0,0
2021-09-06 12:30,65,24,41,0,0,0
2021-09-06 12:45,102,26,76,0,0,0
2021-09-06 13:00,102,50,52,0,0,0
2021-09-06 13:15,81,32,49,0,0,0
2021-09-06 13:30,135,32,103,0,0,0
2021-09-06 13:45,113,60,53,0,0,0
2021-09-06 14:00,71,41,30,0,0,0
2021-09-06 14:15,111,54,57,0,0,0
2021-09-06 14:30,108,44,64,0,0,0
2021-09-06 14:45,128,55,73,0,0,0
2021-09-06 15:00,105,49,56,0,0,0
2021-09-06 15:15,97,54,43,0,0,0
2021-09-06 15:30,130,67,63,0,0,0
2021-09-06 15:45,135,71,64,0,0,0
2021-09-06 16:00,159,69,90,0,0,0
2021-09-06 16:15,150,78,72,0,0,0
2021-09-06 16:30,133,68,65,0,0,0
2021-09-06 16:45,125,64,61,0,0,0
2021-09-06 17:00,136,67,69,0,0,0
2021-09-06 17:15,145,78,67,0,0,0
2021-09-06 17:30,125,46,79,0,0,0
2021-09-06 17:45,117,50,67,0,0,0
2021-09-06 18:00,95,35,60,0,0,0
2021-09-06 18:15,86,31,55,0,0,0
2021-09-06 18:30,110,40,70,0,0,0
2021-09-06 18:45,73,28,45,0,0,0
2021-09-06 19:00,71,29,42,0,0,0
2021-09-06 19:15,93,49,44,0,0,0
2021-09-06 19:30,64,28,36,0,0,0
2021-09-06 19:45,48,20,28,0,0,0
2021-09-06 20:00,44,12,32,0,0,0
2021-09-06 20:15,42,20,22,0,0,0
2021-09-06 20:30,38,19,19,0,0,0
2021-09-06 20:45,27,6,21,0,0,0
2021-09-06 21:00,41,16,25,0,0,0
2021-09-06 21:15,35,15,20,0,0,0
2021-09-06 21:30,18,2,16,0,0,0
2021-09-06 21:45,20,8,12,0,0,0
2021-09-06 22:00,16,6,10,0,0,0
2021-09-06 22:15,22,6,16,0,0,0
2021-09-06 22:30,17,5,12,0,0,0
2021-09-06 22:45,19,5,14,0,0,0
2021-09-06 23:00,12,1,11,0,0,0
2021-09-06 23:15,8,4,4,0,0,0
2021-09-06 23:30,10,2,8,0,0,0
2021-09-06 23:45,7,1,6,0,0,0
2021-09-07 00:00,3,2,1,0,0,0
2021-09-07 00:15,5,0,5,0,0,0
2021-09-07 00:30,1,1,0,0,0,0
2021-09-07 00:45,3,0,3,0,0,0
2021-09-07 01:00,2,2,0,0,0,0
2021-09-07 01:15,0,0,0,0,0,0
2021-09-07 01:30,1,0,1,0,0,0
2021-09-07 01:45,1,1,0,0,0,0
2021-09-07 02:00,1,0,1,0,0,0
2021-09-07 02:15,1,1,0,0,0,0
2021-09-07 02:30,0,0,0,0,0,0
2021-09-07 02:45,1,1,0,0,0,0
2021-09-07 03:00,0,0,0,0,0,0
2021-09-07 03:15,0,0,0,0,0,0
2021-09-07 03:30,1,0,1,0,0,0
2021-09-07 03:45,0,0,0,0,0,0
2021-09-07 04:00,0,0,0,0,0,0
2021-09-07 04:15,1,1,0,0,0,0
2021-09-07 04:30,1,0,1,0,0,0
2021-09-07 04:45,2,1,1,0,0,0
2021-09-07 05:00,3,2,1,0,0,0
2021-09-07 05:15,3,2,1,0,0,0
2021-09-07 05:30,17,11,6,0,0,0
2021-09-07 05:45,15,1,14,0,0,0
2021-09-07 06:00,5,4,1,0,0,0
2021-09-07 06:15,24,10,14,0,0,0
2021-09-07 06:30,33,10,23,0,0,0
2021-09-07 06:45,51,21,30,0,0,0
2021-09-07 07:00,66,18,48,0,0,0
2021-09-07 07:15,72,29,43,0,0,0
2021-09-07 07:30,123,54,69,0,0,0
2021-09-07 07:45,218,136,82,0,0,0
2021-09-07 08:00,227,158,69,0,0,0
2021-09-07 08:15,113,56,57,0,0,0
2021-09-07 08:30,110,43,67,0,0,0
2021-09-07 08:45,118,61,57,0,0,0
2021-09-07 09:00,64,33,31,0,0,0
2021-09-07 09:15,65,27,38,0,0,0
2021-09-07 09:30,66,33,33,0,0,0
2021-09-07 09:45,89,55,34,0,0,0
2021-09-07 10:00,65,34,31,0,0,0
2021-09-07 10:15,72,37,35,0,0,0
2021-09-07 10:30,56,34,22,0,0,0
2021-09-07 10:45,69,34,35,0,0,0
2021-09-07 11:00,53,32,21,0,0,0
2021-09-07 11:15,59,29,30,0,0,0
2021-09-07 11:30,73,35,38,0,0,0
2021-09-07 11:45,72,39,33,0,0,0
2021-09-07 12:00,77,35,42,0,0,0
2021-09-07 12:15,78,35,43,0,0,0
2021-09-07 12:30,92,32,60,0,0,0
2021-09-07 12:45,77,31,46,0,0,0
2021-09-07 13:00,87,31,56,0,0,0
2021-09-07 13:15,82,42,40,0,0,0
2021-09-07 13:30,158,44,114,0,0,0
2021-09-07 13:45,94,44,50,0,0,0
2021-09-07 14:00,98,44,54,0,0,0
2021-09-07 14:15,116,60,56,0,0,0
2021-09-07 14:30,122,57,65,0,0,0
2021-09-07 14:45,107,59,48,0,0,0
2021-09-07 15:00,126,57,69,0,0,0
2021-09-07 15:15,120,64,56,0,0,0
2021-09-07 15:30,123,67,56,0,0,0
2021-09-07 15:45,141,77,64,0,0,0
2021-09-07 16:00,128,67,61,0,0,0
2021-09-07 16:15,130,66,64,0,0,0
2021-09-07 16:30,119,55,64,0,0,0
2021-09-07 16:45,155,65,90,0,0,0
2021-09-07 17:00,132,63,69,0,0,0
2021-09-07 17:15,147,55,92,0,0,0
2021-09-07 17:30,102,50,52,0,0,0
2021-09-07 17:45,137,52,85,0,0,0
2021-09-07 18:00,127,45,82,0,0,0
2021-09-07 18:15,143,72,71,0,0,0
2021-09-07 18:30,94,49,45,0,0,0
2021-09-07 18:45,106,49,57,0,0,0
2021-09-07 19:00,66,35,31,0,0,0
2021-09-07 19:15,67,35,32,0,0,0
2021-09-07 19:30,67,27,40,0,0,0
2021-09-07 19:45,77,38,39,0,0,0
2021-09-07 20:00,61,24,37,0,0,0
2021-09-07 20:15,54,14,40,0,0,0
2021-09-07 20:30,53,19,34,0,0,0
2021-09-07 20:45,40,13,27,0,0,0
2021-09-07 21:00,48,25,23,0,0,0
2021-09-07 21:15,39,16,23,0,0,0
2021-09-07 21:30,37,6,31,0,0,0
2021-09-07 21:45,31,11,20,0,0,0
2021-09-07 22:00,31,7,24,0,0,0
2021-09-07 22:15,40,14,26,0,0,0
2021-09-07 22:30,35,4,31,0,0,0
2021-09-07 22:45,21,2,19,0,0,0
2021-09-07 23:00,19,1,18,0,0,0
2021-09-07 23:15,12,2,10,0,0,0
2021-09-07 23:30,8,2,6,0,0,0
2021-09-07 23:45,8,1,7,0,0,0
2021-09-08 00:00,8,1,7,0,0,0
2021-09-08 00:15,5,1,4,0,0,0
2021-09-08 00:30,5,3,2,0,0,0
2021-09-08 00:45,6,0,6,0,0,0
2021-09-08 01:00,3,0,3,0,0,0
2021-09-08 01:15,2,1,1,0,0,0
2021-09-08 01:30,3,0,3,0,0,0
2021-09-08 01:45,9,1,8,0,0,0
2021-09-08 02:00,6,0,6,0,0,0
2021-09-08 02:15,2,1,1,0,0,0
2021-09-08 02:30,1,0,1,0,0,0
2021-09-08 02:45,3,2,1,0,0,0
2021-09-08 03:00,1,0,1,0,0,0
2021-09-08 03:15,0,0,0,0,0,0
2021-09-08 03:30,0,0,0,0,0,0
2021-09-08 03:45,1,0,1,0,0,0
2021-09-08 04:00,1,0,1,0,0,0
2021-09-08 04:15,2,2,0,0,0,0
2021-09-08 04:30,1,1,0,0,0,0
2021-09-08 04:45,0,0,0,0,0,0
2021-09-08 05:00,5,3,2,0,0,0
2021-09-08 05:15,2,2,0,0,0,0
2021-09-08 05:30,15,6,9,0,0,0
2021-09-08 05:45,9,1,8,0,0,0
2021-09-08 06:00,7,5,2,0,0,0
2021-09-08 06:15,21,10,11,0,0,0
2021-09-08 06:30,39,17,22,0,0,0
2021-09-08 06:45,66,28,38,0,0,0
2021-09-08 07:00,61,22,39,0,0,0
2021-09-08 07:15,64,26,38,0,0,0
2021-09-08 07:30,161,81,80,0,0,0
2021-09-08 07:45,234,132,102,0,0,0
2021-09-08 08:00,246,172,74,0,0,0
2021-09-08 08:15,124,52,72,0,0,0
2021-09-08 08:30,95,42,53,0,0,0
2021-09-08 08:45,113,51,62,0,0,0
2021-09-08 09:00,82,40,42,0,0,0
2021-09-08 09:15,88,51,37,0,0,0
2021-09-08 09:30,84,53,31,0,0,0
2021-09-08 09:45,119,72,47,0,0,0
2021-09-08 10:00,104,55,49,0,0,0
2021-09-08 10:15,71,34,37,0,0,0
2021-09-08 10:30,84,38,46,0,0,0
2021-09-08 10:45,92,47,45,0,0,0
2021-09-08 11:00,82,48,34,0,0,0
2021-09-08 11:15,97,51,46,0,0,0
2021-09-08 11:30,76,49,27,0,0,0
2021-09-08 11:45,108,61,47,0,0,0
2021-09-08 12:00,85,34,51,0,0,0
2021-09-08 12:15,132,66,66,0,0,0
2021-09-08 12:30,107,31,76,0,0,0
2021-09-08 12:45,121,39,82,0,0,0
2021-09-08 13:00,100,39,61,0,0,0
2021-09-08 13:15,104,43,61,0,0,0
2021-09-08 13:30,196,59,137,0,0,0
2021-09-08 13:45,108,43,65,0,0,0
2021-09-08 14:00,107,49,58,0,0,0
2021-09-08 14:15,140,63,77,0,0,0
2021-09-08 14:30,124,41,83,0,0,0
2021-09-08 14:45,110,52,58,0,0,0
2021-09-08 15:00,110,46,64,0,0,0
2021-09-08 15:15,115,65,50,0,0,0
2021-09-08 15:30,115,64,51,0,0,0
2021-09-08 15:45,164,63,101,0,0,0
2021-09-08 16:00,169,65,104,0,0,0
2021-09-08 16:15,145,65,80,0,0,0
2021-09-08 16:30,127,63,64,0,0,0
2021-09-08 16:45,133,67,66,0,0,0
2021-09-08 17:00,126,57,69,0,0,0
2021-09-08 17:15,155,80,75,0,0,0
2021-09-08 17:30,113,47,66,0,0,0
2021-09-08 17:45,123,55,68,0,0,0
2021-09-08 18:00,115,58,57,0,0,0
2021-09-08 18:15,112,61,51,0,0,0
2021-09-08 18:30,80,22,58,0,0,0
2021-09-08 18:45,91,45,46,0,0,0
2021-09-08 19:00,92,35,57,0,0,0
2021-09-08 19:15,70,29,41,0,0,0
2021-09-08 19:30,90,40,50,0,0,0
2021-09-08 19:45,85,32,53,0,0,0
2021-09-08 20:00,67,25,42,0,0,0
2021-09-08 20:15,59,15,44,0,0,0
2021-09-08 20:30,47,10,37,0,0,0
2021-09-08 20:45,58,17,41,0,0,0
2021-09-08 21:00,61,29,32,0,0,0
2021-09-08 21:15,33,10,23,0,0,0
2021-09-08 21:30,33,9,24,0,0,0
2021-09-08 21:45,45,14,31,0,0,0
2021-09-08 22:00,31,12,19,0,0,0
2021-09-08 22:15,25,3,22,0,0,0
2021-09-08 22:30,30,7,23,0,0,0
2021-09-08 22:45,23,5,18,0,0,0
2021-09-08 23:00,18,2,16,0,0,0
2021-09-08 23:15,24,11,13,0,0,0
2021-09-08 23:30,19,2,17,0,0,0
2021-09-08 23:45,6,0,6,0,0,0
2021-09-09 00:00,9,1,8,0,0,0
2021-09-09 00:15,15,9,6,0,0,0
2021-09-09 00:30,9,6,3,0,0,0
2021-09-09 00:45,6,1,5,0,0,0
2021-09-09 01:00,9,0,9,0,0,0
2021-09-09 01:15,6,2,4,0,0,0
2021-09-09 01:30,3,2,1,0,0,0
2021-09-09 01:45,2,0,2,0,0,0
2021-09-09 02:00,4,0,4,0,0,0
2021-09-09 02:15,9,0,9,0,0,0
2021-09-09 02:30,5,0,5,0,0,0
2021-09-09 02:45,1,0,1,0,0,0
2021-09-09 03:00,7,0,7,0,0,0
2021-09-09 03:15,4,0,4,0,0,0
2021-09-09 03:30,2,0,2,0,0,0
2021-09-09 03:45,7,0,7,0,0,0
2021-09-09 04:00,1,0,1,0,0,0
2021-09-09 04:15,6,1,5,0,0,0
2021-09-09 04:30,4,3,1,0,0,0
2021-09-09 04:45,0,0,0,0,0,0
2021-09-09 05:00,2,1,1,0,0,0
2021-09-09 05:15,2,1,1,0,0,0
2021-09-09 05:30,11,4,7,0,0,0
2021-09-09 05:45,6,3,3,0,0,0
2021-09-09 06:00,10,4,6,0,0,0
2021-09-09 06:15,22,6,16,0,0,0
2021-09-09 06:30,39,17,22,0,0,0
2021-09-09 06:45,55,22,33,0,0,0
2021-09-09 07:00,59,24,35,0,0,0
2021-09-09 07:15,78,31,47,0,0,0
2021-09-09 07:30,146,81,65,0,0,0
2021-09-09 07:45,241,145,96,0,0,0
2021-09-09 08:00,218,148,70,0,0,0
2021-09-09 08:15,98,45,53,0,0,0
2021-09-09 08:30,106,46,60,0,0,0
2021-09-09 08:45,135,62,73,0,0,0
2021-09-09 09:00,73,45,28,0,0,0
2021-09-09 09:15,61,39,22,0,0,0
2021-09-09 09:30,72,46,26,0,0,0
2021-09-09 09:45,85,50,35,0,0,0
2021-09-09 10:00,73,37,36,0,0,0
2021-09-09 10:15,55,25,30,0,0,0
2021-09-09 10:30,63,33,30,0,0,0
2021-09-09 10:45,66,34,32,0,0,0
2021-09-09 11:00,63,30,33,0,0,0
2021-09-09 11:15,79,46,33,0,0,0
2021-09-09 11:30,64,29,35,0,0,0
2021-09-09 11:45,55,25,30,0,0,0
2021-09-09 12:00,84,35,49,0,0,0
2021-09-09 12:15,89,38,51,0,0,0
2021-09-09 12:30,83,36,47,0,0,0
2021-09-09 12:45,83,33,50,0,0,0
2021-09-09 13:00,86,22,64,0,0,0
2021-09-09 13:15,75,29,46,0,0,0
2021-09-09 13:30,159,52,107,0,0,0
2021-09-09 13:45,78,34,44,0,0,0
2021-09-09 14:00,100,37,63,0,0,0
2021-09-09 14:15,114,51,63,0,0,0
2021-09-09 14:30,137,48,89,0,0,0
2021-09-09 14:45,106,52,54,0,0,0
2021-09-09 15:00,90,52,38,0,0,0
2021-09-09 15:15,109,57,52,0,0,0
2021-09-09 15:30,130,61,69,0,0,0
2021-09-09 15:45,161,79,82,0,0,0
2021-09-09 16:00,140,80,60,0,0,0
2021-09-09 16:15,127,70,57,0,0,0
2021-09-09 16:30,125,70,55,0,0,0
2021-09-09 16:45,128,68,60,0,0,0
2021-09-09 17:00,122,55,67,0,0,0
2021-09-09 17:15,115,47,68,0,0,0
2021-09-09 17:30,99,50,49,0,0,0
2021-09-09 17:45,117,43,74,0,0,0
2021-09-09 18:00,111,49,62,0,0,0
2021-09-09 18:15,107,44,63,0,0,0
2021-09-09 18:30,88,28,60,0,0,0
2021-09-09 18:45,96,41,55,0,0,0
2021-09-09 19:00,92,38,54,0,0,0
2021-09-09 19:15,68,28,40,0,0,0
2021-09-09 19:30,58,30,28,0,0,0
2021-09-09 19:45,66,34,32,0,0,0
2021-09-09 20:00,58,16,42,0,0,0
2021-09-09 20:15,44,14,30,0,0,0
2021-09-09 20:30,30,7,23,0,0,0
2021-09-09 20:45,38,12,26,0,0,0
2021-09-09 21:00,28,8,20,0,0,0
2021-09-09 21:15,30,14,16,0,0,0
2021-09-09 21:30,25,9,16,0,0,0
2021-09-09 21:45,22,13,9,0,0,0
2021-09-09 22:00,17,8,9,0,0,0
2021-09-09 22:15,26,5,21,0,0,0
2021-09-09 22:30,16,6,10,0,0,0
2021-09-09 22:45,17,3,14,0,0,0
2021-09-09 23:00,14,7,7,0,0,0
2021-09-09 23:15,14,3,11,0,0,0
2021-09-09 23:30,6,0,6,0,0,0
2021-09-09 23:45,5,1,4,0,0,0
2021-09-10 00:00,8,3,5,0,0,0
2021-09-10 00:15,6,0,6,0,0,0
2021-09-10 00:30,5,1,4,0,0,0
2021-09-10 00:45,6,0,6,0,0,0
2021-09-10 01:00,2,1,1,0,0,0
2021-09-10 01:15,3,0,3,0,0,0
2021-09-10 01:30,5,1,4,0,0,0
2021-09-10 01:45,4,2,2,0,0,0
2021-09-10 02:00,1,0,1,0,0,0
2021-09-10 02:15,0,0,0,0,0,0
2021-09-10 02:30,2,0,2,0,0,0
2021-09-10 02:45,1,1,0,0,0,0
2021-09-10 03:00,3,0,3,0,0,0
2021-09-10 03:15,0,0,0,0,0,0
2021-09-10 03:30,0,0,0,0,0,0
2021-09-10 03:45,1,0,1,0,0,0
2021-09-10 04:00,0,0,0,0,0,0
2021-09-10 04:15,1,0,1,0,0,0
2021-09-10 04:30,2,2,0,0,0,0
2021-09-10 04:45,0,0,0,0,0,0
2021-09-10 05:00,2,0,2,0,0,0
2021-09-10 05:15,1,0,1,0,0,0
2021-09-10 05:30,6,2,4,0,0,0
2021-09-10 05:45,12,3,9,0,0,0
2021-09-10 06:00,5,1,4,0,0,0
2021-09-10 06:15,17,2,15,0,0,0
2021-09-10 06:30,26,11,15,0,0,0
2021-09-10 06:45,56,18,38,0,0,0
2021-09-10 07:00,47,18,29,0,0,0
2021-09-10 07:15,71,31,40,0,0,0
2021-09-10 07:30,114,54,60,0,0,0
2021-09-10 07:45,212,128,84,0,0,0
2021-09-10 08:00,198,141,57,0,0,0
2021-09-10 08:15,99,42,57,0,0,0
2021-09-10 08:30,69,29,40,0,0,0
2021-09-10 08:45,103,46,57,0,0,0
2021-09-10 09:00,72,38,34,0,0,0
2021-09-10 09:15,54,24,30,0,0,0
2021-09-10 09:30,75,39,36,0,0,0
2021-09-10 09:45,86,48,38,0,0,0
2021-09-10 10:00,56,33,23,0,0,0
2021-09-10 10:15,40,24,16,0,0,0
2021-09-10 10:30,54,24,30,0,0,0
2021-09-10 10:45,52,33,19,0,0,0
2021-09-10 11:00,65,39,26,0,0,0
2021-09-10 11:15,75,30,45,0,0,0
2021-09-10 11:30,82,54,28,0,0,0
2021-09-10 11:45,79,41,38,0,0,0
2021-09-10 12:00,81,39,42,0,0,0
2021-09-10 12:15,97,45,52,0,0,0
2021-09-10 12:30,86,36,50,0,0,0
2021-09-10 12:45,88,42,46,0,0,0
2021-09-10 13:00,86,39,47,0,0,0
2021-09-10 13:15,107,45,62,0,0,0
2021-09-10 13:30,159,45,114,0,0,0
2021-09-10 13:45,138,62,76,0,0,0
2021-09-10 14:00,114,40,74,0,0,0
2021-09-10 14:15,138,68,70,0,0,0
2021-09-10 14:30,125,57,68,0,0,0
2021-09-10 14:45,83,40,43,0,0,0
2021-09-10 15:00,133,57,76,0,0,0
2021-09-10 15:15,116,60,56,0,0,0
2021-09-10 15:30,110,57,53,0,0,0
2021-09-10 15:45,109,65,44,0,0,0
2021-09-10 16:00,80,43,37,0,0,0
2021-09-10 16:15,86,44,42,0,0,0
2021-09-10 16:30,83,39,44,0,0,0
2021-09-10 16:45,90,54,36,0,0,0
2021-09-10 17:00,64,32,32,0,0,0
2021-09-10 17:15,84,39,45,0,0,0
2021-09-10 17:30,62,31,31,0,0,0
2021-09-10 17:45,67,27,40,0,0,0
2021-09-10 18:00,70,26,44,0,0,0
2021-09-10 18:15,64,23,41,0,0,0
2021-09-10 18:30,40,13,27,0,0,0
2021-09-10 18:45,51,28,23,0,0,0
2021-09-10 19:00,50,31,19,0,0,0
2021-09-10 19:15,64,31,33,0,0,0
2021-09-10 19:30,46,21,25,0,0,0
2021-09-10 19:45,30,15,15,0,0,0
2021-09-10 20:00,44,21,23,0,0,0
2021-09-10 20:15,30,13,17,0,0,0
2021-09-10 20:30,19,10,9,0,0,0
2021-09-10 20:45,18,5,13,0,0,0
2021-09-10 21:00,37,18,19,0,0,0
2021-09-10 21:15,25,13,12,0,0,0
2021-09-10 21:30,16,8,8,0,0,0
2021-09-10 21:45,18,5,13,0,0,0
2021-09-10 22:00,24,12,12,0,0,0
2021-09-10 22:15,30,16,14,0,0,0
2021-09-10 22:30,25,10,15,0,0,0
2021-09-10 22:45,23,9,14,0,0,0
2021-09-10 23:00,30,9,21,0,0,0
2021-09-10 23:15,10,0,10,0,0,0
2021-09-10 23:30,11,3,8,0,0,0
2021-09-10 23:45,14,3,11,0,0,0
2021-09-11 00:00,19,4,15,0,0,0
2021-09-11 00:15,15,1,14,0,0,0
2021-09-11 00:30,12,3,9,0,0,0
2021-09-11 00:45,11,2,9,0,0,0
2021-09-11 01:00,12,3,9,0,0,0
2021-09-11 01:15,8,0,8,0,0,0
2021-09-11 01:30,13,2,11,0,0,0
2021-09-11 01:45,14,0,14,0,0,0
2021-09-11 02:00,6,2,4,0,0,0
2021-09-11 02:15,6,3,3,0,0,0
2021-09-11 02:30,7,2,5,0,0,0
2021-09-11 02:45,8,5,3,0,0,0
2021-09-11 03:00,7,0,7,0,0,0
2021-09-11 03:15,7,1,6,0,0,0
2021-09-11 03:30,0,0,0,0,0,0
2021-09-11 03:45,9,1,8,0,0,0
2021-09-11 04:00,3,2,1,0,0,0
2021-09-11 04:15,6,0,6,0,0,0
2021-09-11 04:30,6,1,5,0,0,0
2021-09-11 04:45,3,2,1,0,0,0
2021-09-11 05:00,1,1,0,0,0,0
2021-09-11 05:15,0,0,0,0,0,0
2021-09-11 05:30,5,2,3,0,0,0
2021-09-11 05:45,7,0,7,0,0,0
2021-09-11 06:00,1,0,1,0,0,0
2021-09-11 06:15,5,4,1,0,0,0
2021-09-11 06:30,2,2,0,0,0,0
2021-09-11 06:45,10,6,4,0,0,0
2021-09-11 07:00,12,10,2,0,0,0
2021-09-11 07:15,10,7,3,0,0,0
2021-09-11 07:30,18,8,10,0,0,0
2021-09-11 07:45,14,7,7,0,0,0
2021-09-11 08:00,5,1,4,0,0,0
2021-09-11 08:15,27,16,11,0,0,0
2021-09-11 08:30,36,27,9,0,0,0
2021-09-11 08:45,40,27,13,0,0,0
2021-09-11 09:00,31,16,15,0,0,0
2021-09-11 09:15,64,51,13,0,0,0
2021-09-11 09:30,39,24,15,0,0,0
2021-09-11 09:45,72,53,19,0,0,0
2021-09-11 10:00,65,45,20,0,0,0
2021-09-11 10:15,68,45,23,0,0,0
2021-09-11 10:30,76,57,19,0,0,0
2021-09-11 10:45,69,46,23,0,0,0
2021-09-11 11:00,82,50,32,0,0,0
2021-09-11 11:15,64,38,26,0,0,0
2021-09-11 11:30,92,53,39,0,0,0
2021-09-11 11:45,93,57,36,0,0,0
2021-09-11 12:00,85,38,47,0,0,0
2021-09-11 12:15,63,32,31,0,0,0
2021-09-11 12:30,103,45,58,0,0,0
2021-09-11 12:45,84,39,45,0,0,0
2021-09-11 13:00,76,34,42,0,0,0
2021-09-11 13:15,94,34,60,0,0,0
2021-09-11 13:30,96,46,50,0,0,0
2021-09-11 13:45,100,58,42,0,0,0
2021-09-11 14:00,91,35,56,0,0,0
2021-09-11 14:15,104,37,67,0,0,0
2021-09-11 14:30,74,28,46,0,0,0
2021-09-11 14:45,94,42,52,0,0,0
2021-09-11 15:00,69,39,30,0,0,0
2021-09-11 15:15,78,31,47,0,0,0
2021-09-11 15:30,80,44,36,0,0,0
2021-09-11 15:45,81,29,52,0,0,0
2021-09-11 16:00,73,24,49,0,0,0
2021-09-11 16:15,74,30,44,0,0,0
2021-09-11 16:30,57,24,33,0,0,0
2021-09-11 16:45,64,24,40,0,0,0
2021-09-11 17:00,55,28,27,0,0,0
2021-09-11 17:15,44,17,27,0,0,0
2021-09-11 17:30,61,29,32,0,0,0
2021-09-11 17:45,60,25,35,0,0,0
2021-09-11 18:00,52,22,30,0,0,0
2021-09-11 18:15,57,17,40,0,0,0
2021-09-11 18:30,54,18,36,0,0,0
2021-09-11 18:45,53,20,33,0,0,0
2021-09-11 19:00,62,20,42,0,0,0
2021-09-11 19:15,38,18,20,0,0,0
2021-09-11 19:30,46,21,25,0,0,0
2021-09-11 19:45,47,14,33,0,0,0
2021-09-11 20:00,51,17,34,0,0,0
2021-09-11 20:15,43,24,19,0,0,0
2021-09-11 20:30,24,13,11,0,0,0
2021-09-11 20:45,18,14,4,0,0,0
2021-09-11 21:00,25,5,20,0,0,0
2021-09-11 21:15,10,5,5,0,0,0
2021-09-11 21:30,24,10,14,0,0,0
2021-09-11 21:45,20,7,13,0,0,0
2021-09-11 22:00,23,10,13,0,0,0
2021-09-11 22:15,30,3,27,0,0,0
2021-09-11 22:30,9,0,9,0,0,0
2021-09-11 22:45,25,9,16,0,0,0
2021-09-11 23:00,25,10,15,0,0,0
2021-09-11 23:15,17,4,13,0,0,0
2021-09-11 23:30,15,3,12,0,0,0
2021-09-11 23:45,12,8,4,0,0,0
2021-09-12 00:00,24,16,8,0,0,0
2021-09-12 00:15,25,10,15,0,0,0
2021-09-12 00:30,21,16,5,0,0,0
2021-09-12 00:45,11,0,11,0,0,0
2021-09-12 01:00,14,6,8,0,0,0
2021-09-12 01:15,12,3,9,0,0,0
2021-09-12 01:30,9,4,5,0,0,0
2021-09-12 01:45,10,7,3,0,0,0
2021-09-12 02:00,8,2,6,0,0,0
2021-09-12 02:15,5,2,3,0,0,0
2021-09-12 02:30,11,3,8,0,0,0
2021-09-12 02:45,7,0,7,0,0,0
2021-09-12 03:00,4,1,3,0,0,0
2021-09-12 03:15,1,0,1,0,0,0
2021-09-12 03:30,1,1,0,0,0,0
2021-09-12 03:45,3,0,3,0,0,0
2021-09-12 04:00,5,0,5,0,0,0
2021-09-12 04:15,14,1,13,0,0,0
2021-09-12 04:30,2,0,2,0,0,0
2021-09-12 04:45,2,2,0,0,0,0
2021-09-12 05:00,1,0,1,0,0,0
2021-09-12 05:15,2,0,2,0,0,0
2021-09-12 05:30,5,0,5,0,0,0
2021-09-12 05:45,3,2,1,0,0,0
2021-09-12 06:00,2,1,1,0,0,0
2021-09-12 06:15,6,2,4,0,0,0
2021-09-12 06:30,2,2,0,0,0,0
2021-09-12 06:45,1,0,1,0,0,0
2021-09-12 07:00,2,1,1,0,0,0
2021-09-12 07:15,7,4,3,0,0,0
2021-09-12 07:30,9,6,3,0,0,0
2021-09-12 07:45,19,12,7,0,0,0
2021-09-12 08:00,25,23,2,0,0,0
2021-09-12 08:15,51,42,9,0,0,0
2021-09-12 08:30,41,35,6,0,0,0
2021-09-12 08:45,33,22,11,0,0,0
2021-09-12 09:00,34,23,11,0,0,0
2021-09-12 09:15,34,19,15,0,0,0
2021-09-12 09:30,56,30,26,0,0,0
2021-09-12 09:45,48,15,33,0,0,0
2021-09-12 10:00,54,34,20,0,0,0
2021-09-12 10:15,91,45,46,0,0,0
2021-09-12 10:30,87,44,43,0,0,0
2021-09-12 10:45,132,56,76,0,0,0
2021-09-12 11:00,87,32,55,0,0,0
2021-09-12 11:15,75,37,38,0,0,0
2021-09-12 11:30,91,53,38,0,0,0
2021-09-12 11:45,77,38,39,0,0,0
2021-09-12 12:00,84,46,38,0,0,0
2021-09-12 12:15,73,44,29,0,0,0
2021-09-12 12:30,110,71,39,0,0,0
2021-09-12 12:45,105,69,36,0,0,0
2021-09-12 13:00,164,113,51,0,0,0
2021-09-12 13:15,148,100,48,0,0,0
2021-09-12 13:30,123,69,54,0,0,0
2021-09-12 13:45,110,55,55,0,0,0
2021-09-12 14:00,89,36,53,0,0,0
2021-09-12 14:15,84,39,45,0,0,0
2021-09-12 14:30,97,44,53,0,0,0
2021-09-12 14:45,109,64,45,0,0,0
2021-09-12 15:00,85,26,59,0,0,0
2021-09-12 15:15,67,23,44,0,0,0
2021-09-12 15:30,72,27,45,0,0,0
2021-09-12 15:45,86,31,55,0,0,0
2021-09-12 16:00,84,30,54,0,0,0
2021-09-12 16:15,69,19,50,0,0,0
2021-09-12 16:30,57,15,42,0,0,0
2021-09-12 16:45,68,32,36,0,0,0
2021-09-12 17:00,73,30,43,0,0,0
2021-09-12 17:15,70,25,45,0,0,0
2021-09-12 17:30,48,20,28,0,0,0
2021-09-12 17:45,58,15,43,0,0,0
2021-09-12 18:00,64,36,28,0,0,0
2021-09-12 18:15,49,32,17,0,0,0
2021-09-12 18:30,44,14,30,0,0,0
2021-09-12 18:45,49,13,36,0,0,0
2021-09-12 19:00,41,9,32,0,0,0
2021-09-12 19:15,23,11,12,0,0,0
2021-09-12 19:30,39,16,23,0,0,0
2021-09-12 19:45,39,13,26,0,0,0
2021-09-12 20:00,39,9,30,0,0,0
2021-09-12 20:15,24,6,18,0,0,0
2021-09-12 20:30,26,4,22,0,0,0
2021-09-12 20:45,27,9,18,0,0,0
2021-09-12 21:00,28,2,26,0,0,0
2021-09-12 21:15,22,11,11,0,0,0
2021-09-12 21:30,17,6,11,0,0,0
2021-09-12 21:45,15,7,8,0,0,0
2021-09-12 22:00,8,2,6,0,0,0
2021-09-12 22:15,12,4,8,0,0,0
2021-09-12 22:30,7,4,3,0,0,0
2021-09-12 22:45,12,4,8,0,0,0
2021-09-12 23:00,11,2,9,0,0,0
2021-09-12 23:15,6,3,3,0,0,0
2021-09-12 23:30,5,3,2,0,0,0
2021-09-12 23:45,5,1,4,0,0,0
2021-09-13 00:00,5,3,2,0,0,0
2021-09-13 00:15,5,0,5,0,0,0
2021-09-13 00:30,3,0,3,0,0,0
2021-09-13 00:45,1,0,1,0,0,0
2021-09-13 01:00,3,2,1,0,0,0
2021-09-13 01:15,2,0,2,0,0,0
2021-09-13 01:30,1,1,0,0,0,0
2021-09-13 01:45,3,3,0,0,0,0
2021-09-13 02:00,1,0,1,0,0,0
2021-09-13 02:15,1,0,1,0,0,0
2021-09-13 02:30,0,0,0,0,0,0
2021-09-13 02:45,0,0,0,0,0,0
2021-09-13 03:00,1,0,1,0,0,0
2021-09-13 03:15,0,0,0,0,0,0
2021-09-13 03:30,1,0,1,0,0,0
2021-09-13 03:45,0,0,0,0,0,0
2021-09-13 04:00,1,1,0,0,0,0
2021-09-13 04:15,0,0,0,0,0,0
2021-09-13 04:30,2,2,0,0,0,0
2021-09-13 04:45,0,0,0,0,0,0
2021-09-13 05:00,1,0,1,0,0,0
2021-09-13 05:15,2,1,1,0,0,0
2021-09-13 05:30,10,3,7,0,0,0
2021-09-13 05:45,12,4,8,0,0,0
2021-09-13 06:00,7,3,4,0,0,0
2021-09-13 06:15,16,8,8,0,0,0
2021-09-13 06:30,48,11,37,0,0,0
2021-09-13 06:45,65,27,38,0,0,0
2021-09-13 07:00,59,27,32,0,0,0
2021-09-13 07:15,67,27,40,0,0,0
2021-09-13 07:30,120,56,64,0,0,0
2021-09-13 07:45,220,151,69,0,0,0
2021-09-13 08:00,237,166,71,0,0,0
2021-09-13 08:15,113,56,57,0,0,0
2021-09-13 08:30,109,50,59,0,0,0
2021-09-13 08:45,112,60,52,0,0,0
2021-09-13 09:00,88,38,50,0,0,0
2021-09-13 09:15,57,26,31,0,0,0
2021-09-13 09:30,65,34,31,0,0,0
2021-09-13 09:45,76,48,28,0,0,0
2021-09-13 10:00,60,36,24,0,0,0
2021-09-13 10:15,48,30,18,0,0,0
2021-09-13 10:30,56,29,27,0,0,0
2021-09-13 10:45,59,33,26,0,0,0
2021-09-13 11:00,46,18,28,0,0,0
2021-09-13 11:15,70,33,37,0,0,0
2021-09-13 11:30,61,31,30,0,0,0
2021-09-13 11:45,86,42,44,0,0,0
2021-09-13 12:00,77,34,43,0,0,0
2021-09-13 12:15,81,34,47,0,0,0
2021-09-13 12:30,95,36,59,0,0,0
2021-09-13 12:45,123,43,80,0,0,0
2021-09-13 13:00,97,37,60,0,0,0
2021-09-13 13:15,87,48,39,0,0,0
2021-09-13 13:30,144,26,118,0,0,0
2021-09-13 13:45,90,43,47,0,0,0
2021-09-13 14:00,89,50,39,0,0,0
2021-09-13 14:15,102,43,59,0,0,0
2021-09-13 14:30,115,41,74,0,0,0
2021-09-13 14:45,109,50,59,0,0,0
2021-09-13 15:00,95,49,46,0,0,0
2021-09-13 15:15,125,58,67,0,0,0
2021-09-13 15:30,110,66,44,0,0,0
2021-09-13 15:45,142,64,78,0,0,0
2021-09-13 16:00,108,56,52,0,0,0
2021-09-13 16:15,114,65,49,0,0,0
2021-09-13 16:30,127,60,67,0,0,0
2021-09-13 16:45,132,53,79,0,0,0
2021-09-13 17:00,120,49,71,0,0,0
2021-09-13 17:15,144,68,76,0,0,0
2021-09-13 17:30,122,61,61,0,0,0
2021-09-13 17:45,127,50,77,0,0,0
2021-09-13 18:00,115,57,58,0,0,0
2021-09-13 18:15,79,26,53,0,0,0
2021-09-13 18:30,73,31,42,0,0,0
2021-09-13 18:45,67,24,43,0,0,0
2021-09-13 19:00,59,22,37,0,0,0
2021-09-13 19:15,61,16,45,0,0,0
2021-09-13 19:30,51,14,37,0,0,0
2021-09-13 19:45,42,16,26,0,0,0
2021-09-13 20:00,47,21,26,0,0,0
2021-09-13 20:15,48,19,29,0,0,0
2021-09-13 20:30,21,7,14,0,0,0
2021-09-13 20:45,17,5,12,0,0,0
2021-09-13 21:00,21,13,8,0,0,0
2021-09-13 21:15,34,12,22,0,0,0
2021-09-13 21:30,21,10,11,0,0,0
2021-09-13 21:45,23,10,13,0,0,0
2021-09-13 22:00,19,9,10,0,0,0
2021-09-13 22:15,14,3,11,0,0,0
2021-09-13 22:30,12,4,8,0,0,0
2021-09-13 22:45,12,3,9,0,0,0
2021-09-13 23:00,7,1,6,0,0,0
2021-09-13 23:15,3,0,3,0,0,0
2021-09-13 23:30,7,1,6,0,0,0
2021-09-13 23:45,11,2,9,0,0,0
2021-09-14 00:00,3,2,1,0,0,0
2021-09-14 00:15,4,0,4,0,0,0
2021-09-14 00:30,4,1,3,0,0,0
2021-09-14 00:45,3,0,3,0,0,0
2021-09-14 01:00,3,0,3,0,0,0
2021-09-14 01:15,6,1,5,0,0,0
2021-09-14 01:30,4,1,3,0,0,0
2021-09-14 01:45,3,0,3,0,0,0
2021-09-14 02:00,1,0,1,0,0,0
2021-09-14 02:15,1,0,1,0,0,0
2021-09-14 02:30,0,0,0,0,0,0
2021-09-14 02:45,0,0,0,0,0,0
2021-09-14 03:00,5,1,4,0,0,0
2021-09-14 03:15,0,0,0,0,0,0
2021-09-14 03:30,0,0,0,0,0,0
2021-09-14 03:45,0,0,0,0,0,0
2021-09-14 04:00,1,1,0,0,0,0
2021-09-14 04:15,0,0,0,0,0,0
2021-09-14 04:30,3,2,1,0,0,0
2021-09-14 04:45,0,0,0,0,0,0
2021-09-14 05:00,1,0,1,0,0,0
2021-09-14 05:15,1,1,0,0,0,0
2021-09-14 05:30,6,2,4,0,0,0
2021-09-14 05:45,10,3,7,0,0,0
2021-09-14 06:00,6,3,3,0,0,0
2021-09-14 06:15,20,9,11,0,0,0
2021-09-14 06:30,32,8,24,0,0,0
2021-09-14 06:45,74,27,47,0,0,0
2021-09-14 07:00,70,23,47,0,0,0
2021-09-14 07:15,72,23,49,0,0,0
2021-09-14 07:30,153,78,75,0,0,0
2021-09-14 07:45,196,114,82,0,0,0
2021-09-14 08:00,240,159,81,0,0,0
2021-09-14 08:15,110,45,65,0,0,0
2021-09-14 08:30,130,55,75,0,0,0
2021-09-14 08:45,123,68,55,0,0,0
2021-09-14 09:00,66,40,26,0,0,0
2021-09-14 09:15,67,39,28,0,0,0
2021-09-14 09:30,68,37,31,0,0,0
2021-09-14 09:45,74,46,28,0,0,0
2021-09-14 10:00,60,34,26,0,0,0
2021-09-14 10:15,73,42,31,0,0,0
2021-09-14 10:30,58,35,23,0,0,0
2021-09-14 10:45,63,28,35,0,0,0
2021-09-14 11:00,52,23,29,0,0,0
2021-09-14 11:15,62,28,34,0,0,0
2021-09-14 11:30,67,40,27,0,0,0
2021-09-14 11:45,63,30,33,0,0,0
2021-09-14 12:00,66,25,41,0,0,0
2021-09-14 12:15,68,27,41,0,0,0
2021-09-14 12:30,88,46,42,0,0,0
2021-09-14 12:45,92,41,51,0,0,0
2021-09-14 13:00,93,40,53,0,0,0
2021-09-14 13:15,95,43,52,0,0,0
2021-09-14 13:30,141,36,105,0,0,0
2021-09-14 13:45,119,60,59,0,0,0
2021-09-14 14:00,94,52,42,0,0,0
2021-09-14 14:15,95,50,45,0,0,0
2021-09-14 14:30,132,41,91,0,0,0
2021-09-14 14:45,94,47,47,0,0,0
2021-09-14 15:00,78,36,42,0,0,0
2021-09-14 15:15,127,56,71,0,0,0
2021-09-14 15:30,95,45,50,0,0,0
2021-09-14 15:45,174,83,91,0,0,0
2021-09-14 16:00,168,80,88,0,0,0
2021-09-14 16:15,153,74,79,0,0,0
2021-09-14 16:30,142,72,70,0,0,0
2021-09-14 16:45,140,69,71,0,0,0
2021-09-14 17:00,115,58,57,0,0,0
2021-09-14 17:15,120,57,63,0,0,0
2021-09-14 17:30,123,57,66,0,0,0
2021-09-14 17:45,87,34,53,0,0,0
2021-09-14 18:00,109,48,61,0,0,0
2021-09-14 18:15,102,39,63,0,0,0
2021-09-14 18:30,83,39,44,0,0,0
2021-09-14 18:45,77,38,39,0,0,0
2021-09-14 19:00,77,33,44,0,0,0
2021-09-14 19:15,57,25,32,0,0,0
2021-09-14 19:30,67,26,41,0,0,0
2021-09-14 19:45,61,23,38,0,0,0
2021-09-14 20:00,38,8,30,0,0,0
2021-09-14 20:15,56,19,37,0,0,0
2021-09-14 20:30,28,18,10,0,0,0
2021-09-14 20:45,36,16,20,0,0,0
2021-09-14 21:00,47,17,30,0,0,0
2021-09-14 21:15,36,6,30,0,0,0
2021-09-14 21:30,20,7,13,0,0,0
2021-09-14 21:45,18,3,15,0,0,0
2021-09-14 22:00,18,5,13,0,0,0
2021-09-14 22:15,28,10,18,0,0,0
2021-09-14 22:30,14,5,9,0,0,0
2021-09-14 22:45,18,3,15,0,0,0
2021-09-14 23:00,15,5,10,0,0,0
2021-09-14 23:15,21,3,18,0,0,0
2021-09-14 23:30,13,0,13,0,0,0
2021-09-14 23:45,4,0,4,0,0,0
2021-09-15 00:00,7,2,5,0,0,0
2021-09-15 00:15,2,0,2,0,0,0
2021-09-15 00:30,2,1,1,0,0,0
2021-09-15 00:45,7,1,6,0,0,0
2021-09-15 01:00,6,2,4,0,0,0
2021-09-15 01:15,4,1,3,0,0,0
2021-09-15 01:30,2,0,2,0,0,0
2021-09-15 01:45,0,0,0,0,0,0
2021-09-15 02:00,5,3,2,0,0,0
2021-09-15 02:15,2,1,1,0,0,0
2021-09-15 02:30,0,0,0,0,0,0
2021-09-15 02:45,0,0,0,0,0,0
2021-09-15 03:00,1,1,0,0,0,0
2021-09-15 03:15,0,0,0,0,0,0
2021-09-15 03:30,0,0,0,0,0,0
2021-09-15 03:45,0,0,0,0,0,0
2021-09-15 04:00,2,1,1,0,0,0
2021-09-15 04:15,2,1,1,0,0,0
2021-09-15 04:30,1,1,0,0,0,0
2021-09-15 04:45,1,1,0,0,0,0
2021-09-15 05:00,3,1,2,0,0,0
2021-09-15 05:15,2,1,1,0,0,0
2021-09-15 05:30,11,6,5,0,0,0
2021-09-15 05:45,13,2,11,0,0,0
2021-09-15 06:00,3,1,2,0,0,0
2021-09-15 06:15,12,2,10,0,0,0
2021-09-15 06:30,24,11,13,0,0,0
2021-09-15 06:45,62,28,34,0,0,0
2021-09-15 07:00,58,23,35,0,0,0
2021-09-15 07:15,64,22,42,0,0,0
2021-09-15 07:30,120,55,65,0,0,0
2021-09-15 07:45,191,117,74,0,0,0
2021-09-15 08:00,184,121,63,0,0,0
2021-09-15 08:15,100,38,62,0,0,0
2021-09-15 08:30,89,52,37,0,0,0
2021-09-15 08:45,93,43,50,0,0,0
2021-09-15 09:00,66,34,32,0,0,0
2021-09-15 09:15,36,19,17,0,0,0
2021-09-15 09:30,38,19,19,0,0,0
2021-09-15 09:45,64,34,30,0,0,0
2021-09-15 10:00,28,6,22,0,0,0
2021-09-15 10:15,17,11,6,0,0,0
2021-09-15 10:30,34,22,12,0,0,0
2021-09-15 10:45,29,20,9,0,0,0
2021-09-15 11:00,24,12,12,0,0,0
2021-09-15 11:15,36,20,16,0,0,0
2021-09-15 11:30,40,24,16,0,0,0
2021-09-15 11:45,61,31,30,0,0,0
2021-09-15 12:00,35,14,21,0,0,0
2021-09-15 12:15,47,14,33,0,0,0
2021-09-15 12:30,43,18,25,0,0,0
2021-09-15 12:45,50,15,35,0,0,0
2021-09-15 13:00,46,17,29,0,0,0
2021-09-15 13:15,48,18,30,0,0,0
2021-09-15 13:30,93,29,64,0,0,0
2021-09-15 13:45,74,36,38,0,0,0
2021-09-15 14:00,58,23,35,0,0,0
2021-09-15 14:15,71,30,41,0,0,0
2021-09-15 14:30,84,18,66,0,0,0
2021-09-15 14:45,66,34,32,0,0,0
2021-09-15 15:00,67,37,30,0,0,0
2021-09-15 15:15,86,40,46,0,0,0
2021-09-15 15:30,74,45,29,0,0,0
2021-09-15 15:45,93,52,41,0,0,0
2021-09-15 16:00,140,63,77,0,0,0
2021-09-15 16:15,96,55,41,0,0,0
2021-09-15 16:30,104,52,52,0,0,0
2021-09-15 16:45,118,49,69,0,0,0
2021-09-15 17:00,107,49,58,0,0,0
2021-09-15 17:15,85,33,52,0,0,0
2021-09-15 17:30,66,27,39,0,0,0
2021-09-15 17:45,77,32,45,0,0,0
2021-09-15 18:00,68,23,45,0,0,0
2021-09-15 18:15,60,32,28,0,0,0
2021-09-15 18:30,47,18,29,0,0,0
2021-09-15 18:45,61,25,36,0,0,0
2021-09-15 19:00,63,29,34,0,0,0
2021-09-15 19:15,51,25,26,0,0,0
2021-09-15 19:30,48,15,33,0,0,0
2021-09-15 19:45,55,24,31,0,0,0
2021-09-15 20:00,47,21,26,0,0,0
2021-09-15 20:15,51,26,25,0,0,0
2021-09-15 20:30,24,11,13,0,0,0
2021-09-15 20:45,22,11,11,0,0,0
2021-09-15 21:00,28,12,16,0,0,0
2021-09-15 21:15,19,8,11,0,0,0
2021-09-15 21:30,17,4,13,0,0,0
2021-09-15 21:45,14,5,9,0,0,0
2021-09-15 22:00,23,5,18,0,0,0
2021-09-15 22:15,24,12,12,0,0,0
2021-09-15 22:30,14,5,9,0,0,0
2021-09-15 22:45,18,7,11,0,0,0
2021-09-15 23:00,16,5,11,0,0,0
2021-09-15 23:15,16,1,15,0,0,0
2021-09-15 23:30,8,5,3,0,0,0
2021-09-15 23:45,9,2,7,0,0,0
2021-09-16 00:00,3,1,2,0,0,0
2021-09-16 00:15,3,2,1,0,0,0
2021-09-16 00:30,4,0,4,0,0,0
2021-09-16 00:45,1,0,1,0,0,0
2021-09-16 01:00,4,2,2,0,0,0
2021-09-16 01:15,1,0,1,0,0,0
2021-09-16 01:30,1,0,1,0,0,0
2021-09-16 01:45,5,0,5,0,0,0
2021-09-16 02:00,1,0,1,0,0,0
2021-09-16 02:15,0,0,0,0,0,0
2021-09-16 02:30,1,0,1,0,0,0
2021-09-16 02:45,5,0,5,0,0,0
2021-09-16 03:00,3,1,2,0,0,0
2021-09-16 03:15,2,0,2,0,0,0
2021-09-16 03:30,4,0,4,0,0,0
2021-09-16 03:45,3,0,3,0,0,0
2021-09-16 04:00,3,1,2,0,0,0
2021-09-16 04:15,1,1,0,0,0,0
2021-09-16 04:30,2,0,2,0,0,0
2021-09-16 04:45,3,2,1,0,0,0
2021-09-16 05:00,4,3,1,0,0,0
2021-09-16 05:15,4,4,0,0,0,0
2021-09-16 05:30,6,3,3,0,0,0
2021-09-16 05:45,13,4,9,0,0,0
2021-09-16 06:00,6,1,5,0,0,0
2021-09-16 06:15,25,9,16,0,0,0
2021-09-16 06:30,30,9,21,0,0,0
2021-09-16 06:45,71,26,45,0,0,0
2021-09-16 07:00,61,17,44,0,0,0
2021-09-16 07:15,73,35,38,0,0,0
2021-09-16 07:30,152,80,72,0,0,0
2021-09-16 07:45,218,135,83,0,0,0
2021-09-16 08:00,222,150,72,0,0,0
2021-09-16 08:15,129,79,50,0,0,0
2021-09-16 08:30,103,42,61,0,0,0
2021-09-16 08:45,115,62,53,0,0,0
2021-09-16 09:00,82,29,53,0,0,0
2021-09-16 09:15,47,24,23,0,0,0
2021-09-16 09:30,57,37,20,0,0,0
2021-09-16 09:45,79,47,32,0,0,0
2021-09-16 10:00,49,29,20,0,0,0
2021-09-16 10:15,46,22,24,0,0,0
2021-09-16 10:30,65,39,26,0,0,0
2021-09-16 10:45,63,31,32,0,0,0
2021-09-16 11:00,49,29,20,0,0,0
2021-09-16 11:15,55,27,28,0,0,0
2021-09-16 11:30,64,40,24,0,0,0
2021-09-16 11:45,69,37,32,0,0,0
2021-09-16 12:00,84,37,47,0,0,0
2021-09-16 12:15,64,30,34,0,0,0
2021-09-16 12:30,87,31,56,0,0,0
2021-09-16 12:45,88,43,45,0,0,0
2021-09-16 13:00,90,32,58,0,0,0
2021-09-16 13:15,82,40,42,0,0,0
2021-09-16 13:30,122,38,84,0,0,0
2021-09-16 13:45,118,46,72,0,0,0
2021-09-16 14:00,85,38,47,0,0,0
2021-09-16 14:15,83,36,47,0,0,0
2021-09-16 14:30,130,47,83,0,0,0
2021-09-16 14:45,106,64,42,0,0,0
2021-09-16 15:00,102,60,42,0,0,0
2021-09-16 15:15,98,47,51,0,0,0
2021-09-16 15:30,118,55,63,0,0,0
2021-09-16 15:45,138,64,74,0,0,0
2021-09-16 16:00,149,77,72,0,0,0
2021-09-16 16:15,118,56,62,0,0,0
2021-09-16 16:30,129,63,66,0,0,0
2021-09-16 16:45,113,62,51,0,0,0
2021-09-16 17:00,113,63,50,0,0,0
2021-09-16 17:15,106,43,63,0,0,0
2021-09-16 17:30,92,41,51,0,0,0
2021-09-16 17:45,100,41,59,0,0,0
2021-09-16 18:00,91,33,58,0,0,0
2021-09-16 18:15,102,47,55,0,0,0
2021-09-16 18:30,81,29,52,0,0,0
2021-09-16 18:45,84,30,54,0,0,0
2021-09-16 19:00,57,20,37,0,0,0
2021-09-16 19:15,45,19,26,0,0,0
2021-09-16 19:30,68,15,53,0,0,0
2021-09-16 19:45,75,46,29,0,0,0
2021-09-16 20:00,46,25,21,0,0,0
2021-09-16 20:15,39,13,26,0,0,0
2021-09-16 20:30,25,8,17,0,0,0
2021-09-16 20:45,35,18,17,0,0,0
2021-09-16 21:00,35,18,17,0,0,0
2021-09-16 21:15,27,8,19,0,0,0
2021-09-16 21:30,30,16,14,0,0,0
2021-09-16 21:45,28,12,16,0,0,0
2021-09-16 22:00,32,4,28,0,0,0
2021-09-16 22:15,23,11,12,0,0,0
2021-09-16 22:30,16,2,14,0,0,0
2021-09-16 22:45,25,3,22,0,0,0
2021-09-16 23:00,13,6,7,0,0,0
2021-09-16 23:15,11,2,9,0,0,0
2021-09-16 23:30,11,1,10,0,0,0
2021-09-16 23:45,5,0,5,0,0,0
2021-09-17 00:00,18,3,15,0,0,0
2021-09-17 00:15,5,0,5,0,0,0
2021-09-17 00:30,12,2,10,0,0,0
2021-09-17 00:45,2,0,2,0,0,0
2021-09-17 01:00,1,0,1,0,0,0
2021-09-17 01:15,3,2,1,0,0,0
2021-09-17 01:30,2,2,0,0,0,0
2021-09-17 01:45,1,0,1,0,0,0
2021-09-17 02:00,1,1,0,0,0,0
2021-09-17 02:15,1,0,1,0,0,0
2021-09-17 02:30,1,0,1,0,0,0
2021-09-17 02:45,1,0,1,0,0,0
2021-09-17 03:00,2,0,2,0,0,0
2021-09-17 03:15,0,0,0,0,0,0
2021-09-17 03:30,1,0,1,0,0,0
2021-09-17 03:45,0,0,0,0,0,0
2021-09-17 04:00,0,0,0,0,0,0
2021-09-17 04:15,1,0,1,0,0,0
2021-09-17 04:30,3,3,0,0,0,0
2021-09-17 04:45,3,3,0,0,0,0
2021-09-17 05:00,1,0,1,0,0,0
2021-09-17 05:15,0,0,0,0,0,0
2021-09-17 05:30,9,6,3,0,0,0
2021-09-17 05:45,12,3,9,0,0,0
2021-09-17 06:00,6,1,5,0,0,0
2021-09-17 06:15,17,6,11,0,0,0
2021-09-17 06:30,34,15,19,0,0,0
2021-09-17 06:45,49,23,26,0,0,0
2021-09-17 07:00,57,19,38,0,0,0
2021-09-17 07:15,64,32,32,0,0,0
2021-09-17 07:30,135,71,64,0,0,0
2021-09-17 07:45,193,117,76,0,0,0
2021-09-17 08:00,231,161,70,0,0,0
2021-09-17 08:15,79,46,33,0,0,0
2021-09-17 08:30,83,36,47,0,0,0
2021-09-17 08:45,120,65,55,0,0,0
2021-09-17 09:00,59,31,28,0,0,0
2021-09-17 09:15,63,37,26,0,0,0
2021-09-17 09:30,55,30,25,0,0,0
2021-09-17 09:45,85,50,35,0,0,0
2021-09-17 10:00,65,30,35,0,0,0
2021-09-17 10:15,65,37,28,0,0,0
2021-09-17 10:30,68,47,21,0,0,0
2021-09-17 10:45,63,41,22,0,0,0
2021-09-17 11:00,51,34,17,0,0,0
2021-09-17 11:15,59,34,25,0,0,0
2021-09-17 11:30,66,34,32,0,0,0
2021-09-17 11:45,78,38,40,0,0,0
2021-09-17 12:00,71,34,37,0,0,0
2021-09-17 12:15,87,40,47,0,0,0
2021-09-17 12:30,84,33,51,0,0,0
2021-09-17 12:45,101,43,58,0,0,0
2021-09-17 13:00,101,38,63,0,0,0
2021-09-17 13:15,95,42,53,0,0,0
2021-09-17 13:30,181,45,136,0,0,0
2021-09-17 13:45,105,44,61,0,0,0
2021-09-17 14:00,83,39,44,0,0,0
2021-09-17 14:15,100,28,72,0,0,0
2021-09-17 14:30,155,68,87,0,0,0
2021-09-17 14:45,104,57,47,0,0,0
2021-09-17 15:00,132,90,42,0,0,0
2021-09-17 15:15,116,71,45,0,0,0
2021-09-17 15:30,108,62,46,0,0,0
2021-09-17 15:45,129,77,52,0,0,0
2021-09-17 16:00,110,57,53,0,0,0
2021-09-17 16:15,109,48,61,0,0,0
2021-09-17 16:30,89,42,47,0,0,0
2021-09-17 16:45,89,41,48,0,0,0
2021-09-17 17:00,83,51,32,0,0,0
2021-09-17 17:15,87,44,43,0,0,0
2021-09-17 17:30,106,52,54,0,0,0
2021-09-17 17:45,82,46,36,0,0,0
2021-09-17 18:00,97,32,65,0,0,0
2021-09-17 18:15,97,39,58,0,0,0
2021-09-17 18:30,80,28,52,0,0,0
2021-09-17 18:45,81,41,40,0,0,0
2021-09-17 19:00,68,28,40,0,0,0
2021-09-17 19:15,71,35,36,0,0,0
2021-09-17 19:30,55,20,35,0,0,0
2021-09-17 19:45,50,21,29,0,0,0
2021-09-17 20:00,55,31,24,0,0,0
2021-09-17 20:15,34,14,20,0,0,0
2021-09-17 20:30,44,23,21,0,0,0
2021-09-17 20:45,32,9,23,0,0,0
2021-09-17 21:00,50,27,23,0,0,0
2021-09-17 21:15,33,23,10,0,0,0
2021-09-17 21:30,17,3,14,0,0,0
2021-09-17 21:45,15,8,7,0,0,0
2021-09-17 22:00,27,12,15,0,0,0
2021-09-17 22:15,23,11,12,0,0,0
2021-09-17 22:30,11,6,5,0,0,0
2021-09-17 22:45,36,24,12,0,0,0
2021-09-17 23:00,19,4,15,0,0,0
2021-09-17 23:15,9,4,5,0,0,0
2021-09-17 23:30,12,3,9,0,0,0
2021-09-17 23:45,17,10,7,0,0,0
2021-09-18 00:00,18,4,14,0,0,0
2021-09-18 00:15,17,0,17,0,0,0
2021-09-18 00:30,14,1,13,0,0,0
2021-09-18 00:45,12,3,9,0,0,0
2021-09-18 01:00,28,3,25,0,0,0
2021-09-18 01:15,12,7,5,0,0,0
2021-09-18 01:30,8,4,4,0,0,0
2021-09-18 01:45,15,1,14,0,0,0
2021-09-18 02:00,9,1,8,0,0,0
2021-09-18 02:15,4,2,2,0,0,0
2021-09-18 02:30,17,1,16,0,0,0
2021-09-18 02:45,8,0,8,0,0,0
2021-09-18 03:00,3,2,1,0,0,0
2021-09-18 03:15,7,1,6,0,0,0
2021-09-18 03:30,1,1,0,0,0,0
2021-09-18 03:45,6,1,5,0,0,0
2021-09-18 04:00,8,0,8,0,0,0
2021-09-18 04:15,5,0,5,0,0,0
2021-09-18 04:30,4,1,3,0,0,0
2021-09-18 04:45,2,1,1,0,0,0
2021-09-18 05:00,3,3,0,0,0,0
2021-09-18 05:15,2,0,2,0,0,0
2021-09-18 05:30,8,2,6,0,0,0
2021-09-18 05:45,12,5,7,0,0,0
2021-09-18 06:00,3,1,2,0,0,0
2021-09-18 06:15,5,4,1,0,0,0
2021-09-18 06:30,5,4,1,0,0,0
2021-09-18 06:45,10,6,4,0,0,0
2021-09-18 07:00,8,7,1,0,0,0
2021-09-18 07:15,13,10,3,0,0,0
2021-09-18 07:30,23,7,16,0,0,0
2021-09-18 07:45,17,9,8,0,0,0
2021-09-18 08:00,12,5,7,0,0,0
2021-09-18 08:15,22,15,7,0,0,0
2021-09-18 08:30,22,10,12,0,0,0
2021-09-18 08:45,43,26,17,0,0,0
2021-09-18 09:00,52,32,20,0,0,0
2021-09-18 09:15,42,26,16,0,0,0
2021-09-18 09:30,42,29,13,0,0,0
2021-09-18 09:45,78,55,23,0,0,0
2021-09-18 10:00,69,56,13,0,0,0
2021-09-18 10:15,74,51,23,0,0,0
2021-09-18 10:30,87,69,18,0,0,0
2021-09-18 10:45,96,68,28,0,0,0
2021-09-18 11:00,90,56,34,0,0,0
2021-09-18 11:15,100,56,44,0,0,0
2021-09-18 11:30,85,45,40,0,0,0
2021-09-18 11:45,97,53,44,0,0,0
2021-09-18 12:00,125,72,53,0,0,0
2021-09-18 12:15,113,65,48,0,0,0
2021-09-18 12:30,102,50,52,0,0,0
2021-09-18 12:45,110,58,52,0,0,0
2021-09-18 13:00,100,49,51,0,0,0
2021-09-18 13:15,85,42,43,0,0,0
2021-09-18 13:30,112,52,60,0,0,0
2021-09-18 13:45,94,37,57,0,0,0
2021-09-18 14:00,112,33,79,0,0,0
2021-09-18 14:15,107,48,59,0,0,0
2021-09-18 14:30,95,38,57,0,0,0
2021-09-18 14:45,111,71,40,0,0,0
2021-09-18 15:00,133,45,88,0,0,0
2021-09-18 15:15,76,32,44,0,0,0
2021-09-18 15:30,61,25,36,0,0,0
2021-09-18 15:45,75,34,41,0,0,0
2021-09-18 16:00,69,27,42,0,0,0
2021-09-18 16:15,87,39,48,0,0,0
2021-09-18 16:30,78,34,44,0,0,0
2021-09-18 16:45,93,39,54,0,0,0
2021-09-18 17:00,93,44,49,0,0,0
2021-09-18 17:15,76,22,54,0,0,0
2021-09-18 17:30,78,35,43,0,0,0
2021-09-18 17:45,73,27,46,0,0,0
2021-09-18 18:00,93,39,54,0,0,0
2021-09-18 18:15,84,32,52,0,0,0
2021-09-18 18:30,58,21,37,0,0,0
2021-09-18 18:45,70,34,36,0,0,0
2021-09-18 19:00,64,34,30,0,0,0
2021-09-18 19:15,49,21,28,0,0,0
2021-09-18 19:30,41,16,25,0,0,0
2021-09-18 19:45,54,25,29,0,0,0
2021-09-18 20:00,47,19,28,0,0,0
2021-09-18 20:15,45,7,38,0,0,0
2021-09-18 20:30,51,22,29,0,0,0
2021-09-18 20:45,48,26,22,0,0,0
2021-09-18 21:00,29,15,14,0,0,0
2021-09-18 21:15,47,18,29,0,0,0
2021-09-18 21:30,29,11,18,0,0,0
2021-09-18 21:45,21,4,17,0,0,0
2021-09-18 22:00,32,6,26,0,0,0
2021-09-18 22:15,23,8,15,0,0,0
2021-09-18 22:30,33,10,23,0,0,0
2021-09-18 22:45,27,4,23,0,0,0
2021-09-18 23:00,19,5,14,0,0,0
2021-09-18 23:15,13,2,11,0,0,0
2021-09-18 23:30,32,14,18,0,0,0
2021-09-18 23:45,19,3,16,0,0,0
2021-09-19 00:00,19,7,12,0,0,0
2021-09-19 00:15,17,3,14,0,0,0
2021-09-19 00:30,18,7,11,0,0,0
2021-09-19 00:45,11,5,6,0,0,0
2021-09-19 01:00,14,4,10,0,0,0
2021-09-19 01:15,18,6,12,0,0,0
2021-09-19 01:30,19,9,10,0,0,0
2021-09-19 01:45,16,7,9,0,0,0
2021-09-19 02:00,10,1,9,0,0,0
2021-09-19 02:15,11,2,9,0,0,0
2021-09-19 02:30,6,0,6,0,0,0
2021-09-19 02:45,7,0,7,0,0,0
2021-09-19 03:00,12,0,12,0,0,0
2021-09-19 03:15,10,4,6,0,0,0
2021-09-19 03:30,3,0,3,0,0,0
2021-09-19 03:45,5,0,5,0,0,0
2021-09-19 04:00,2,1,1,0,0,0
2021-09-19 04:15,1,0,1,0,0,0
2021-09-19 04:30,4,2,2,0,0,0
2021-09-19 04:45,4,0,4,0,0,0
2021-09-19 05:00,1,0,1,0,0,0
2021-09-19 05:15,5,0,5,0,0,0
2021-09-19 05:30,7,0,7,0,0,0
2021-09-19 05:45,9,3,6,0,0,0
2021-09-19 06:00,1,0,1,0,0,0
2021-09-19 06:15,2,1,1,0,0,0
2021-09-19 06:30,3,3,0,0,0,0
2021-09-19 06:45,1,0,1,0,0,0
2021-09-19 07:00,4,1,3,0,0,0
2021-09-19 07:15,7,5,2,0,0,0
2021-09-19 07:30,11,2,9,0,0,0
2021-09-19 07:45,12,6,6,0,0,0
2021-09-19 08:00,9,4,5,0,0,0
2021-09-19 08:15,5,4,1,0,0,0
2021-09-19 08:30,10,4,6,0,0,0
2021-09-19 08:45,16,8,8,0,0,0
2021-09-19 09:00,20,14,6,0,0,0
2021-09-19 09:15,13,9,4,0,0,0
2021-09-19 09:30,22,17,5,0,0,0
2021-09-19 09:45,32,18,14,0,0,0
2021-09-19 10:00,30,16,14,0,0,0
2021-09-19 10:15,24,12,12,0,0,0
2021-09-19 10:30,21,12,9,0,0,0
2021-09-19 10:45,55,41,14,0,0,0
2021-09-19 11:00,44,26,18,0,0,0
2021-09-19 11:15,46,30,16,0,0,0
2021-09-19 11:30,38,19,19,0,0,0
2021-09-19 11:45,37,21,16,0,0,0
2021-09-19 12:00,27,4,23,0,0,0
2021-09-19 12:15,26,14,12,0,0,0
2021-09-19 12:30,39,15,24,0,0,0
2021-09-19 12:45,57,30,27,0,0,0
2021-09-19 13:00,50,22,28,0,0,0
2021-09-19 13:15,50,31,19,0,0,0
2021-09-19 13:30,30,17,13,0,0,0
2021-09-19 13:45,59,18,41,0,0,0
2021-09-19 14:00,25,9,16,0,0,0
2021-09-19 14:15,55,22,33,0,0,0
2021-09-19 14:30,45,25,20,0,0,0
2021-09-19 14:45,63,24,39,0,0,0
2021-09-19 15:00,44,12,32,0,0,0
2021-09-19 15:15,35,15,20,0,0,0
2021-09-19 15:30,35,18,17,0,0,0
2021-09-19 15:45,78,33,45,0,0,0
2021-09-19 16:00,56,34,22,0,0,0
2021-09-19 16:15,61,40,21,0,0,0
2021-09-19 16:30,64,22,42,0,0,0
2021-09-19 16:45,53,30,23,0,0,0
2021-09-19 17:00,30,16,14,0,0,0
2021-09-19 17:15,39,18,21,0,0,0
2021-09-19 17:30,49,18,31,0,0,0
2021-09-19 17:45,53,26,27,0,0,0
2021-09-19 18:00,54,20,34,0,0,0
2021-09-19 18:15,61,15,46,0,0,0
2021-09-19 18:30,24,9,15,0,0,0
2021-09-19 18:45,34,10,24,0,0,0
2021-09-19 19:00,27,11,16,0,0,0
2021-09-19 19:15,26,7,19,0,0,0
2021-09-19 19:30,18,8,10,0,0,0
2021-09-19 19:45,29,11,18,0,0,0
2021-09-19 20:00,26,11,15,0,0,0
2021-09-19 20:15,30,4,26,0,0,0
2021-09-19 20:30,14,2,12,0,0,0
2021-09-19 20:45,26,11,15,0,0,0
2021-09-19 21:00,14,7,7,0,0,0
2021-09-19 21:15,18,10,8,0,0,0
2021-09-19 21:30,13,4,9,0,0,0
2021-09-19 21:45,6,3,3,0,0,0
2021-09-19 22:00,13,4,9,0,0,0
2021-09-19 22:15,3,1,2,0,0,0
2021-09-19 22:30,12,5,7,0,0,0
2021-09-19 22:45,5,2,3,0,0,0
2021-09-19 23:00,7,2,5,0,0,0
2021-09-19 23:15,6,2,4,0,0,0
2021-09-19 23:30,7,0,7,0,0,0
2021-09-19 23:45,5,0,5,0,0,0
2021-09-20 00:00,2,0,2,0,0,0
2021-09-20 00:15,3,0,3,0,0,0
2021-09-20 00:30,2,0,2,0,0,0
2021-09-20 00:45,0,0,0,0,0,0
2021-09-20 01:00,0,0,0,0,0,0
2021-09-20 01:15,1,1,0,0,0,0
2021-09-20 01:30,1,0,1,0,0,0
2021-09-20 01:45,1,0,1,0,0,0
2021-09-20 02:00,1,0,1,0,0,0
2021-09-20 02:15,1,0,1,0,0,0
2021-09-20 02:30,0,0,0,0,0,0
2021-09-20 02:45,0,0,0,0,0,0
2021-09-20 03:00,0,0,0,0,0,0
2021-09-20 03:15,2,2,0,0,0,0
2021-09-20 03:30,0,0,0,0,0,0
2021-09-20 03:45,2,2,0,0,0,0
2021-09-20 04:00,0,0,0,0,0,0
2021-09-20 04:15,2,1,1,0,0,0
2021-09-20 04:30,1,0,1,0,0,0
2021-09-20 04:45,2,2,0,0,0,0
2021-09-20 05:00,1,0,1,0,0,0
2021-09-20 05:15,4,2,2,0,0,0
2021-09-20 05:30,18,6,12,0,0,0
2021-09-20 05:45,9,4,5,0,0,0
2021-09-20 06:00,8,1,7,0,0,0
2021-09-20 06:15,14,3,11,0,0,0
2021-09-20 06:30,45,15,30,0,0,0
2021-09-20 06:45,50,16,34,0,0,0
2021-09-20 07:00,49,27,22,0,0,0
2021-09-20 07:15,77,31,46,0,0,0
2021-09-20 07:30,112,56,56,0,0,0
2021-09-20 07:45,222,134,88,0,0,0
2021-09-20 08:00,219,166,53,0,0,0
2021-09-20 08:15,95,38,57,0,0,0
2021-09-20 08:30,96,48,48,0,0,0
2021-09-20 08:45,105,52,53,0,0,0
2021-09-20 09:00,89,44,45,0,0,0
2021-09-20 09:15,58,32,26,0,0,0
2021-09-20 09:30,42,23,19,0,0,0
2021-09-20 09:45,57,34,23,0,0,0
2021-09-20 10:00,55,34,21,0,0,0
2021-09-20 10:15,47,23,24,0,0,0
2021-09-20 10:30,49,27,22,0,0,0
2021-09-20 10:45,42,22,20,0,0,0
2021-09-20 11:00,56,36,20,0,0,0
2021-09-20 11:15,57,31,26,0,0,0
2021-09-20 11:30,72,34,38,0,0,0
2021-09-20 11:45,71,37,34,0,0,0
2021-09-20 12:00,65,28,37,0,0,0
2021-09-20 12:15,73,26,47,0,0,0
2021-09-20 12:30,75,22,53,0,0,0
2021-09-20 12:45,123,35,88,0,0,0
2021-09-20 13:00,59,30,29,0,0,0
2021-09-20 13:15,70,28,42,0,0,0
2021-09-20 13:30,120,37,83,0,0,0
2021-09-20 13:45,107,45,62,0,0,0
2021-09-20 14:00,91,43,48,0,0,0
2021-09-20 14:15,104,58,46,0,0,0
2021-09-20 14:30,74,19,55,0,0,0
2021-09-20 14:45,90,51,39,0,0,0
2021-09-20 15:00,73,31,42,0,0,0
2021-09-20 15:15,103,62,41,0,0,0
2021-09-20 15:30,109,56,53,0,0,0
2021-09-20 15:45,111,48,63,0,0,0
2021-09-20 16:00,140,67,73,0,0,0
2021-09-20 16:15,110,55,55,0,0,0
2021-09-20 16:30,119,65,54,0,0,0
2021-09-20 16:45,136,67,69,0,0,0
2021-09-20 17:00,118,68,50,0,0,0
2021-09-20 17:15,113,50,63,0,0,0
2021-09-20 17:30,93,43,50,0,0,0
2021-09-20 17:45,104,45,59,0,0,0
2021-09-20 18:00,98,37,61,0,0,0
2021-09-20 18:15,69,19,50,0,0,0
2021-09-20 18:30,70,24,46,0,0,0
2021-09-20 18:45,85,28,57,0,0,0
2021-09-20 19:00,67,29,38,0,0,0
2021-09-20 19:15,56,16,40,0,0,0
2021-09-20 19:30,56,27,29,0,0,0
2021-09-20 19:45,45,22,23,0,0,0
2021-09-20 20:00,33,18,15,0,0,0
2021-09-20 20:15,46,21,25,0,0,0
2021-09-20 20:30,26,8,18,0,0,0
2021-09-20 20:45,21,3,18,0,0,0
2021-09-20 21:00,37,17,20,0,0,0
2021-09-20 21:15,36,11,25,0,0,0
2021-09-20 21:30,15,6,9,0,0,0
2021-09-20 21:45,26,6,20,0,0,0
2021-09-20 22:00,18,7,11,0,0,0
2021-09-20 22:15,20,7,13,0,0,0
2021-09-20 22:30,7,1,6,0,0,0
2021-09-20 22:45,10,2,8,0,0,0
2021-09-20 23:00,5,1,4,0,0,0
2021-09-20 23:15,6,1,5,0,0,0
2021-09-20 23:30,17,3,14,0,0,0
2021-09-20 23:45,7,0,7,0,0,0
2021-09-21 00:00,9,4,5,0,0,0
2021-09-21 00:15,9,4,5,0,0,0
2021-09-21 00:30,3,0,3,0,0,0
2021-09-21 00:45,2,1,1,0,0,0
2021-09-21 01:00,0,0,0,0,0,0
2021-09-21 01:15,3,1,2,0,0,0
2021-09-21 01:30,4,2,2,0,0,0
2021-09-21 01:45,3,2,1,0,0,0
2021-09-21 02:00,2,0,2,0,0,0
2021-09-21 02:15,0,0,0,0,0,0
2021-09-21 02:30,0,0,0,0,0,0
2021-09-21 02:45,1,0,1,0,0,0
2021-09-21 03:00,0,0,0,0,0,0
2021-09-21 03:15,1,1,0,0,0,0
2021-09-21 03:30,0,0,0,0,0,0
2021-09-21 03:45,2,2,0,0,0,0
2021-09-21 04:00,1,1,0,0,0,0
2021-09-21 04:15,1,0,1,0,0,0
2021-09-21 04:30,0,0,0,0,0,0
2021-09-21 04:45,3,2,1,0,0,0
2021-09-21 05:00,2,1,1,0,0,0
2021-09-21 05:15,1,1,0,0,0,0
2021-09-21 05:30,15,4,11,0,0,0
2021-09-21 05:45,11,2,9,0,0,0
2021-09-21 06:00,7,6,1,0,0,0
2021-09-21 06:15,21,9,12,0,0,0
2021-09-21 06:30,32,14,18,0,0,0
2021-09-21 06:45,59,19,40,0,0,0
2021-09-21 07:00,63,21,42,0,0,0
2021-09-21 07:15,80,41,39,0,0,0
2021-09-21 07:30,110,59,51,0,0,0
2021-09-21 07:45,221,130,91,0,0,0
2021-09-21 08:00,220,147,73,0,0,0
2021-09-21 08:15,126,62,64,0,0,0
2021-09-21 08:30,120,59,61,0,0,0
2021-09-21 08:45,117,59,58,0,0,0
2021-09-21 09:00,68,36,32,0,0,0
2021-09-21 09:15,60,29,31,0,0,0
2021-09-21 09:30,63,32,31,0,0,0
2021-09-21 09:45,107,63,44,0,0,0
2021-09-21 10:00,60,30,30,0,0,0
2021-09-21 10:15,49,34,15,0,0,0
2021-09-21 10:30,66,35,31,0,0,0
2021-09-21 10:45,60,30,30,0,0,0
2021-09-21 11:00,48,18,30,0,0,0
2021-09-21 11:15,67,30,37,0,0,0
2021-09-21 11:30,79,54,25,0,0,0
2021-09-21 11:45,59,36,23,0,0,0
2021-09-21 12:00,66,35,31,0,0,0
2021-09-21 12:15,89,51,38,0,0,0
2021-09-21 12:30,88,40,48,0,0,0
2021-09-21 12:45,115,66,49,0,0,0
2021-09-21 13:00,87,49,38,0,0,0
2021-09-21 13:15,105,44,61,0,0,0
2021-09-21 13:30,153,35,118,0,0,0
2021-09-21 13:45,86,49,37,0,0,0
2021-09-21 14:00,71,40,31,0,0,0
2021-09-21 14:15,98,48,50,0,0,0
2021-09-21 14:30,145,50,95,0,0,0
2021-09-21 14:45,134,52,82,0,0,0
2021-09-21 15:00,108,41,67,0,0,0
2021-09-21 15:15,132,64,68,0,0,0
2021-09-21 15:30,115,58,57,0,0,0
2021-09-21 15:45,129,61,68,0,0,0
2021-09-21 16:00,148,74,74,0,0,0
2021-09-21 16:15,116,58,58,0,0,0
2021-09-21 16:30,126,69,57,0,0,0
2021-09-21 16:45,142,77,65,0,0,0
2021-09-21 17:00,107,49,58,0,0,0
2021-09-21 17:15,118,44,74,0,0,0
2021-09-21 17:30,119,47,72,0,0,0
2021-09-21 17:45,103,56,47,0,0,0
2021-09-21 18:00,97,51,46,0,0,0
2021-09-21 18:15,111,42,69,0,0,0
2021-09-21 18:30,85,28,57,0,0,0
2021-09-21 18:45,84,43,41,0,0,0
2021-09-21 19:00,65,28,37,0,0,0
2021-09-21 19:15,73,31,42,0,0,0
2021-09-21 19:30,56,26,30,0,0,0
2021-09-21 19:45,48,26,22,0,0,0
2021-09-21 20:00,50,19,31,0,0,0
2021-09-21 20:15,50,16,34,0,0,0
2021-09-21 20:30,33,8,25,0,0,0
2021-09-21 20:45,26,7,19,0,0,0
2021-09-21 21:00,44,22,22,0,0,0
2021-09-21 21:15,35,11,24,0,0,0
2021-09-21 21:30,35,18,17,0,0,0
2021-09-21 21:45,25,5,20,0,0,0
2021-09-21 22:00,27,3,24,0,0,0
2021-09-21 22:15,31,8,23,0,0,0
2021-09-21 22:30,19,7,12,0,0,0
2021-09-21 22:45,13,4,9,0,0,0
2021-09-21 23:00,16,1,15,0,0,0
2021-09-21 23:15,12,3,9,0,0,0
2021-09-21 23:30,17,3,14,0,0,0
2021-09-21 23:45,10,1,9,0,0,0
2021-09-22 00:00,5,1,4,0,0,0
2021-09-22 00:15,2,0,2,0,0,0
2021-09-22 00:30,5,1,4,0,0,0
2021-09-22 00:45,3,0,3,0,0,0
2021-09-22 01:00,0,0,0,0,0,0
2021-09-22 01:15,2,1,1,0,0,0
2021-09-22 01:30,2,2,0,0,0,0
2021-09-22 01:45,2,0,2,0,0,0
2021-09-22 02:00,2,0,2,0,0,0
2021-09-22 02:15,2,0,2,0,0,0
2021-09-22 02:30,0,0,0,0,0,0
2021-09-22 02:45,6,0,6,0,0,0
2021-09-22 03:00,0,0,0,0,0,0
2021-09-22 03:15,0,0,0,0,0,0
2021-09-22 03:30,3,0,3,0,0,0
2021-09-22 03:45,0,0,0,0,0,0
2021-09-22 04:00,1,1,0,0,0,0
2021-09-22 04:15,0,0,0,0,0,0
2021-09-22 04:30,4,2,2,0,0,0
2021-09-22 04:45,1,1,0,0,0,0
2021-09-22 05:00,4,2,2,0,0,0
2021-09-22 05:15,1,1,0,0,0,0
2021-09-22 05:30,16,6,10,0,0,0
2021-09-22 05:45,15,4,11,0,0,0
2021-09-22 06:00,8,3,5,0,0,0
2021-09-22 06:15,17,7,10,0,0,0
2021-09-22 06:30,41,26,15,0,0,0
2021-09-22 06:45,67,22,45,0,0,0
2021-09-22 07:00,63,21,42,0,0,0
2021-09-22 07:15,75,33,42,0,0,0
2021-09-22 07:30,125,64,61,0,0,0
2021-09-22 07:45,225,133,92,0,0,0
2021-09-22 08:00,206,141,65,0,0,0
2021-09-22 08:15,117,57,60,0,0,0
2021-09-22 08:30,92,37,55,0,0,0
2021-09-22 08:45,128,61,67,0,0,0
2021-09-22 09:00,101,64,37,0,0,0
2021-09-22 09:15,64,31,33,0,0,0
2021-09-22 09:30,83,53,30,0,0,0
2021-09-22 09:45,92,53,39,0,0,0
2021-09-22 10:00,77,50,27,0,0,0
2021-09-22 10:15,68,39,29,0,0,0
2021-09-22 10:30,72,48,24,0,0,0
2021-09-22 10:45,87,46,41,0,0,0
2021-09-22 11:00,63,30,33,0,0,0
2021-09-22 11:15,88,49,39,0,0,0
2021-09-22 11:30,82,55,27,0,0,0
2021-09-22 11:45,127,59,68,0,0,0
2021-09-22 12:00,93,46,47,0,0,0
2021-09-22 12:15,99,43,56,0,0,0
2021-09-22 12:30,134,44,90,0,0,0
2021-09-22 12:45,126,63,63,0,0,0
2021-09-22 13:00,119,62,57,0,0,0
2021-09-22 13:15,104,37,67,0,0,0
2021-09-22 13:30,164,43,121,0,0,0
2021-09-22 13:45,127,56,71,0,0,0
2021-09-22 14:00,79,27,52,0,0,0
2021-09-22 14:15,128,59,69,0,0,0
2021-09-22 14:30,158,53,105,0,0,0
2021-09-22 14:45,116,57,59,0,0,0
2021-09-22 15:00,103,49,54,0,0,0
2021-09-22 15:15,93,51,42,0,0,0
2021-09-22 15:30,118,58,60,0,0,0
2021-09-22 15:45,134,67,67,0,0,0
2021-09-22 16:00,172,81,91,0,0,0
2021-09-22 16:15,135,66,69,0,0,0
2021-09-22 16:30,139,73,66,0,0,0
2021-09-22 16:45,136,60,76,0,0,0
2021-09-22 17:00,116,56,60,0,0,0
2021-09-22 17:15,108,51,57,0,0,0
2021-09-22 17:30,120,48,72,0,0,0
2021-09-22 17:45,144,67,77,0,0,0
2021-09-22 18:00,97,41,56,0,0,0
2021-09-22 18:15,107,49,58,0,0,0
2021-09-22 18:30,101,42,59,0,0,0
2021-09-22 18:45,88,36,52,0,0,0
2021-09-22 19:00,79,34,45,0,0,0
2021-09-22 19:15,82,40,42,0,0,0
2021-09-22 19:30,69,26,43,0,0,0
2021-09-22 19:45,89,41,48,0,0,0
2021-09-22 20:00,57,36,21,0,0,0
2021-09-22 20:15,65,23,42,0,0,0
2021-09-22 20:30,48,13,35,0,0,0
2021-09-22 20:45,41,17,24,0,0,0
2021-09-22 21:00,50,32,18,0,0,0
2021-09-22 21:15,24,7,17,0,0,0
2021-09-22 21:30,30,6,24,0,0,0
2021-09-22 21:45,17,6,11,0,0,0
2021-09-22 22:00,31,14,17,0,0,0
2021-09-22 22:15,49,14,35,0,0,0
2021-09-22 22:30,15,6,9,0,0,0
2021-09-22 22:45,18,4,14,0,0,0
2021-09-22 23:00,21,12,9,0,0,0
2021-09-22 23:15,27,7,20,0,0,0
2021-09-22 23:30,16,2,14,0,0,0
2021-09-22 23:45,9,2,7,0,0,0
2021-09-23 00:00,16,3,13,0,0,0
2021-09-23 00:15,5,0,5,0,0,0
2021-09-23 00:30,16,9,7,0,0,0
2021-09-23 00:45,2,0,2,0,0,0
2021-09-23 01:00,9,1,8,0,0,0
2021-09-23 01:15,5,1,4,0,0,0
2021-09-23 01:30,6,0,6,0,0,0
2021-09-23 01:45,4,2,2,0,0,0
2021-09-23 02:00,4,0,4,0,0,0
2021-09-23 02:15,3,0,3,0,0,0
2021-09-23 02:30,5,1,4,0,0,0
2021-09-23 02:45,3,0,3,0,0,0
2021-09-23 03:00,1,0,1,0,0,0
2021-09-23 03:15,0,0,0,0,0,0
2021-09-23 03:30,5,0,5,0,0,0
2021-09-23 03:45,3,1,2,0,0,0
2021-09-23 04:00,4,3,1,0,0,0
2021-09-23 04:15,4,3,1,0,0,0
2021-09-23 04:30,3,1,2,0,0,0
2021-09-23 04:45,2,2,0,0,0,0
2021-09-23 05:00,3,0,3,0,0,0
2021-09-23 05:15,2,1,1,0,0,0
2021-09-23 05:30,10,3,7,0,0,0
2021-09-23 05:45,9,3,6,0,0,0
2021-09-23 06:00,5,3,2,0,0,0
2021-09-23 06:15,21,14,7,0,0,0
2021-09-23 06:30,35,15,20,0,0,0
2021-09-23 06:45,41,11,30,0,0,0
2021-09-23 07:00,61,26,35,0,0,0
2021-09-23 07:15,57,28,29,0,0,0
2021-09-23 07:30,114,59,55,0,0,0
2021-09-23 07:45,208,121,87,0,0,0
2021-09-23 08:00,238,174,64,0,0,0
2021-09-23 08:15,99,54,45,0,0,0
2021-09-23 08:30,106,52,54,0,0,0
2021-09-23 08:45,172,112,60,0,0,0
2021-09-23 09:00,79,50,29,0,0,0
2021-09-23 09:15,79,46,33,0,0,0
2021-09-23 09:30,73,44,29,0,0,0
2021-09-23 09:45,72,42,30,0,0,0
2021-09-23 10:00,62,24,38,0,0,0
2021-09-23 10:15,54,27,27,0,0,0
2021-09-23 10:30,48,21,27,0,0,0
2021-09-23 10:45,65,39,26,0,0,0
2021-09-23 11:00,65,43,22,0,0,0
2021-09-23 11:15,51,23,28,0,0,0
2021-09-23 11:30,64,26,38,0,0,0
2021-09-23 11:45,58,32,26,0,0,0
2021-09-23 12:00,69,36,33,0,0,0
2021-09-23 12:15,91,48,43,0,0,0
2021-09-23 12:30,95,33,62,0,0,0
2021-09-23 12:45,86,29,57,0,0,0
2021-09-23 13:00,85,38,47,0,0,0
2021-09-23 13:15,75,34,41,0,0,0
2021-09-23 13:30,124,23,101,0,0,0
2021-09-23 13:45,110,51,59,0,0,0
2021-09-23 14:00,107,36,71,0,0,0
2021-09-23 14:15,104,55,49,0,0,0
2021-09-23 14:30,141,57,84,0,0,0
2021-09-23 14:45,104,47,57,0,0,0
2021-09-23 15:00,95,47,48,0,0,0
2021-09-23 15:15,102,44,58,0,0,0
2021-09-23 15:30,127,59,68,0,0,0
2021-09-23 15:45,117,67,50,0,0,0
2021-09-23 16:00,138,72,66,0,0,0
2021-09-23 16:15,130,64,66,0,0,0
2021-09-23 16:30,137,71,66,0,0,0
2021-09-23 16:45,118,60,58,0,0,0
2021-09-23 17:00,113,55,58,0,0,0
2021-09-23 17:15,115,51,64,0,0,0
2021-09-23 17:30,109,44,65,0,0,0
2021-09-23 17:45,97,40,57,0,0,0
2021-09-23 18:00,81,37,44,0,0,0
2021-09-23 18:15,81,35,46,0,0,0
2021-09-23 18:30,81,31,50,0,0,0
2021-09-23 18:45,79,32,47,0,0,0
2021-09-23 19:00,66,24,42,0,0,0
2021-09-23 19:15,72,27,45,0,0,0
2021-09-23 19:30,36,20,16,0,0,0
2021-09-23 19:45,59,26,33,0,0,0
2021-09-23 20:00,37,15,22,0,0,0
2021-09-23 20:15,39,15,24,0,0,0
2021-09-23 20:30,26,8,18,0,0,0
2021-09-23 20:45,34,8,26,0,0,0
2021-09-23 21:00,17,11,6,0,0,0
2021-09-23 21:15,33,17,16,0,0,0
2021-09-23 21:30,34,11,23,0,0,0
2021-09-23 21:45,21,5,16,0,0,0
2021-09-23 22:00,24,5,19,0,0,0
2021-09-23 22:15,15,3,12,0,0,0
2021-09-23 22:30,19,3,16,0,0,0
2021-09-23 22:45,27,11,16,0,0,0
2021-09-23 23:00,13,2,11,0,0,0
2021-09-23 23:15,11,2,9,0,0,0
2021-09-23 23:30,18,8,10,0,0,0
2021-09-23 23:45,10,1,9,0,0,0
2021-09-24 00:00,7,3,4,0,0,0
2021-09-24 00:15,3,0,3,0,0,0
2021-09-24 00:30,5,0,5,0,0,0
2021-09-24 00:45,6,2,4,0,0,0
2021-09-24 01:00,3,0,3,0,0,0
2021-09-24 01:15,3,1,2,0,0,0
2021-09-24 01:30,2,1,1,0,0,0
2021-09-24 01:45,3,1,2,0,0,0
2021-09-24 02:00,1,1,0,0,0,0
2021-09-24 02:15,0,0,0,0,0,0
2021-09-24 02:30,0,0,0,0,0,0
2021-09-24 02:45,2,0,2,0,0,0
2021-09-24 03:00,0,0,0,0,0,0
2021-09-24 03:15,2,1,1,0,0,0
2021-09-24 03:30,0,0,0,0,0,0
2021-09-24 03:45,1,1,0,0,0,0
2021-09-24 04:00,3,1,2,0,0,0
2021-09-24 04:15,1,0,1,0,0,0
2021-09-24 04:30,1,1,0,0,0,0
2021-09-24 04:45,0,0,0,0,0,0
2021-09-24 05:00,0,0,0,0,0,0
2021-09-24 05:15,0,0,0,0,0,0
2021-09-24 05:30,10,3,7,0,0,0
2021-09-24 05:45,13,6,7,0,0,0
2021-09-24 06:00,5,1,4,0,0,0
2021-09-24 06:15,15,6,9,0,0,0
2021-09-24 06:30,27,13,14,0,0,0
2021-09-24 06:45,46,14,32,0,0,0
2021-09-24 07:00,50,21,29,0,0,0
2021-09-24 07:15,71,32,39,0,0,0
2021-09-24 07:30,92,56,36,0,0,0
2021-09-24 07:45,196,128,68,0,0,0
2021-09-24 08:00,202,152,50,0,0,0
2021-09-24 08:15,82,49,33,0,0,0
2021-09-24 08:30,91,45,46,0,0,0
2021-09-24 08:45,122,58,64,0,0,0
2021-09-24 09:00,57,28,29,0,0,0
2021-09-24 09:15,65,46,19,0,0,0
2021-09-24 09:30,62,33,29,0,0,0
2021-09-24 09:45,74,41,33,0,0,0
2021-09-24 10:00,56,32,24,0,0,0
2021-09-24 10:15,41,23,18,0,0,0
2021-09-24 10:30,53,34,19,0,0,0
2021-09-24 10:45,54,22,32,0,0,0
2021-09-24 11:00,52,28,24,0,0,0
2021-09-24 11:15,52,30,22,0,0,0
2021-09-24 11:30,74,49,25,0,0,0
2021-09-24 11:45,67,37,30,0,0,0
2021-09-24 12:00,72,33,39,0,0,0
2021-09-24 12:15,91,43,48,0,0,0
2021-09-24 12:30,71,28,43,0,0,0
2021-09-24 12:45,96,39,57,0,0,0
2021-09-24 13:00,104,43,61,0,0,0
2021-09-24 13:15,102,37,65,0,0,0
2021-09-24 13:30,178,49,129,0,0,0
2021-09-24 13:45,91,44,47,0,0,0
2021-09-24 14:00,125,58,67,0,0,0
2021-09-24 14:15,172,87,85,0,0,0
2021-09-24 14:30,175,78,97,0,0,0
2021-09-24 14:45,157,96,61,0,0,0
2021-09-24 15:00,138,81,57,0,0,0
2021-09-24 15:15,113,71,42,0,0,0
2021-09-24 15:30,105,60,45,0,0,0
2021-09-24 15:45,87,50,37,0,0,0
2021-09-24 16:00,107,51,56,0,0,0
2021-09-24 16:15,104,52,52,0,0,0
2021-09-24 16:30,116,51,65,0,0,0
2021-09-24 16:45,143,70,73,0,0,0
2021-09-24 17:00,130,64,66,0,0,0
2021-09-24 17:15,106,38,68,0,0,0
2021-09-24 17:30,112,36,76,0,0,0
2021-09-24 17:45,102,41,61,0,0,0
2021-09-24 18:00,92,29,63,0,0,0
2021-09-24 18:15,91,22,69,0,0,0
2021-09-24 18:30,75,25,50,0,0,0
2021-09-24 18:45,77,29,48,0,0,0
2021-09-24 19:00,72,22,50,0,0,0
2021-09-24 19:15,50,13,37,0,0,0
2021-09-24 19:30,55,29,26,0,0,0
2021-09-24 19:45,67,30,37,0,0,0
2021-09-24 20:00,41,22,19,0,0,0
2021-09-24 20:15,48,22,26,0,0,0
2021-09-24 20:30,30,7,23,0,0,0
2021-09-24 20:45,33,16,17,0,0,0
2021-09-24 21:00,22,11,11,0,0,0
2021-09-24 21:15,27,15,12,0,0,0
2021-09-24 21:30,23,17,6,0,0,0
2021-09-24 21:45,20,7,13,0,0,0
2021-09-24 22:00,11,2,9,0,0,0
2021-09-24 22:15,26,15,11,0,0,0
2021-09-24 22:30,17,4,13,0,0,0
2021-09-24 22:45,32,10,22,0,0,0
2021-09-24 23:00,20,3,17,0,0,0
2021-09-24 23:15,20,6,14,0,0,0
2021-09-24 23:30,24,8,16,0,0,0
2021-09-24 23:45,28,12,16,0,0,0
2021-09-25 00:00,17,2,15,0,0,0
2021-09-25 00:15,21,3,18,0,0,0
2021-09-25 00:30,28,9,19,0,0,0
2021-09-25 00:45,3,0,3,0,0,0
2021-09-25 01:00,6,0,6,0,0,0
2021-09-25 01:15,9,5,4,0,0,0
2021-09-25 01:30,5,1,4,0,0,0
2021-09-25 01:45,11,0,11,0,0,0
2021-09-25 02:00,16,5,11,0,0,0
2021-09-25 02:15,8,0,8,0,0,0
2021-09-25 02:30,10,2,8,0,0,0
2021-09-25 02:45,5,0,5,0,0,0
2021-09-25 03:00,6,1,5,0,0,0
2021-09-25 03:15,3,2,1,0,0,0
2021-09-25 03:30,6,0,6,0,0,0
2021-09-25 03:45,1,0,1,0,0,0
2021-09-25 04:00,4,1,3,0,0,0
2021-09-25 04:15,11,0,11,0,0,0
2021-09-25 04:30,4,1,3,0,0,0
2021-09-25 04:45,1,0,1,0,0,0
2021-09-25 05:00,0,0,0,0,0,0
2021-09-25 05:15,2,0,2,0,0,0
2021-09-25 05:30,7,0,7,0,0,0
2021-09-25 05:45,9,3,6,0,0,0
2021-09-25 06:00,2,1,1,0,0,0
2021-09-25 06:15,4,0,4,0,0,0
2021-09-25 06:30,3,2,1,0,0,0
2021-09-25 06:45,12,10,2,0,0,0
2021-09-25 07:00,6,6,0,0,0,0
2021-09-25 07:15,13,10,3,0,0,0
2021-09-25 07:30,11,7,4,0,0,0
2021-09-25 07:45,11,5,6,0,0,0
2021-09-25 08:00,17,11,6,0,0,0
2021-09-25 08:15,22,20,2,0,0,0
2021-09-25 08:30,21,13,8,0,0,0
2021-09-25 08:45,62,38,24,0,0,0
2021-09-25 09:00,26,19,7,0,0,0
2021-09-25 09:15,45,24,21,0,0,0
2021-09-25 09:30,50,35,15,0,0,0
2021-09-25 09:45,78,60,18,0,0,0
2021-09-25 10:00,86,65,21,0,0,0
2021-09-25 10:15,50,41,9,0,0,0
2021-09-25 10:30,70,44,26,0,0,0
2021-09-25 10:45,73,48,25,0,0,0
2021-09-25 11:00,82,39,43,0,0,0
2021-09-25 11:15,76,37,39,0,0,0
2021-09-25 11:30,79,48,31,0,0,0
2021-09-25 11:45,84,52,32,0,0,0
2021-09-25 12:00,97,50,47,0,0,0
2021-09-25 12:15,102,58,44,0,0,0
2021-09-25 12:30,93,44,49,0,0,0
2021-09-25 12:45,98,43,55,0,0,0
2021-09-25 13:00,86,38,48,0,0,0
2021-09-25 13:15,102,47,55,0,0,0
2021-09-25 13:30,93,30,63,0,0,0
2021-09-25 13:45,88,40,48,0,0,0
2021-09-25 14:00,88,36,52,0,0,0
2021-09-25 14:15,92,41,51,0,0,0
2021-09-25 14:30,90,28,62,0,0,0
2021-09-25 14:45,77,27,50,0,0,0
2021-09-25 15:00,68,27,41,0,0,0
2021-09-25 15:15,94,31,63,0,0,0
2021-09-25 15:30,78,31,47,0,0,0
2021-09-25 15:45,62,28,34,0,0,0
2021-09-25 16:00,64,25,39,0,0,0
2021-09-25 16:15,91,27,64,0,0,0
2021-09-25 16:30,73,36,37,0,0,0
2021-09-25 16:45,59,31,28,0,0,0
2021-09-25 17:00,69,30,39,0,0,0
2021-09-25 17:15,71,25,46,0,0,0
2021-09-25 17:30,62,20,42,0,0,0
2021-09-25 17:45,69,33,36,0,0,0
2021-09-25 18:00,65,18,47,0,0,0
2021-09-25 18:15,83,34,49,0,0,0
2021-09-25 18:30,70,33,37,0,0,0
2021-09-25 18:45,64,27,37,0,0,0
2021-09-25 19:00,51,23,28,0,0,0
2021-09-25 19:15,43,21,22,0,0,0
2021-09-25 19:30,60,19,41,0,0,0
2021-09-25 19:45,45,13,32,0,0,0
2021-09-25 20:00,49,20,29,0,0,0
2021-09-25 20:15,50,22,28,0,0,0
2021-09-25 20:30,25,13,12,0,0,0
2021-09-25 20:45,27,7,20,0,0,0
2021-09-25 21:00,29,14,15,0,0,0
2021-09-25 21:15,21,8,13,0,0,0
2021-09-25 21:30,26,8,18,0,0,0
2021-09-25 21:45,28,7,21,0,0,0
2021-09-25 22:00,13,6,7,0,0,0
2021-09-25 22:15,15,2,13,0,0,0
2021-09-25 22:30,18,8,10,0,0,0
2021-09-25 22:45,22,11,11,0,0,0
2021-09-25 23:00,16,1,15,0,0,0
2021-09-25 23:15,17,9,8,0,0,0
2021-09-25 23:30,26,6,20,0,0,0
2021-09-25 23:45,17,6,11,0,0,0
