Datetime,100034982 (Hüfferstraße),101034982 (Hüfferstraße stadteinwärts),102034982 (Hüfferstraße stadtauswärts),100034982-status,101034982-status,102034982-status
2021-05-01 00:00,5,4,1,0,0,0
2021-05-01 00:15,8,0,8,0,0,0
2021-05-01 00:30,8,4,4,0,0,0
2021-05-01 00:45,7,3,4,0,0,0
2021-05-01 01:00,2,1,1,0,0,0
2021-05-01 01:15,8,4,4,0,0,0
2021-05-01 01:30,6,5,1,0,0,0
2021-05-01 01:45,1,0,1,0,0,0
2021-05-01 02:00,4,1,3,0,0,0
2021-05-01 02:15,2,0,2,0,0,0
2021-05-01 02:30,6,4,2,0,0,0
2021-05-01 02:45,6,4,2,0,0,0
2021-05-01 03:00,0,0,0,0,0,0
2021-05-01 03:15,1,0,1,0,0,0
2021-05-01 03:30,0,0,0,0,0,0
2021-05-01 03:45,5,3,2,0,0,0
2021-05-01 04:00,0,0,0,0,0,0
2021-05-01 04:15,1,1,0,0,0,0
2021-05-01 04:30,0,0,0,0,0,0
2021-05-01 04:45,3,0,3,0,0,0
2021-05-01 05:00,2,0,2,0,0,0
2021-05-01 05:15,0,0,0,0,0,0
2021-05-01 05:30,3,0,3,0,0,0
2021-05-01 05:45,6,0,6,0,0,0
2021-05-01 06:00,4,1,3,0,0,0
2021-05-01 06:15,3,2,1,0,0,0
2021-05-01 06:30,5,3,2,0,0,0
2021-05-01 06:45,8,4,4,0,0,0
2021-05-01 07:00,6,3,3,0,0,0
2021-05-01 07:15,3,0,3,0,0,0
2021-05-01 07:30,7,3,4,0,0,0
2021-05-01 07:45,7,1,6,0,0,0
2021-05-01 08:00,6,4,2,0,0,0
2021-05-01 08:15,6,4,2,0,0,0
2021-05-01 08:30,9,3,6,0,0,0
2021-05-01 08:45,18,13,5,0,0,0
2021-05-01 09:00,6,2,4,0,0,0
2021-05-01 09:15,13,7,6,0,0,0
2021-05-01 09:30,15,9,6,0,0,0
2021-05-01 09:45,19,8,11,0,0,0
2021-05-01 10:00,17,9,8,0,0,0
2021-05-01 10:15,19,11,8,0,0,0
2021-05-01 10:30,14,7,7,0,0,0
2021-05-01 10:45,29,19,10,0,0,0
2021-05-01 11:00,37,16,21,0,0,0
2021-05-01 11:15,33,14,19,0,0,0
2021-05-01 11:30,35,21,14,0,0,0
2021-05-01 11:45,46,18,28,0,0,0
2021-05-01 12:00,44,9,35,0,0,0
2021-05-01 12:15,37,11,26,0,0,0
2021-05-01 12:30,40,15,25,0,0,0
2021-05-01 12:45,40,21,19,0,0,0
2021-05-01 13:00,55,29,26,0,0,0
2021-05-01 13:15,54,28,26,0,0,0
2021-05-01 13:30,51,24,27,0,0,0
2021-05-01 13:45,65,46,19,0,0,0
2021-05-01 14:00,49,32,17,0,0,0
2021-05-01 14:15,55,23,32,0,0,0
2021-05-01 14:30,41,16,25,0,0,0
2021-05-01 14:45,31,17,14,0,0,0
2021-05-01 15:00,48,16,32,0,0,0
2021-05-01 15:15,49,20,29,0,0,0
2021-05-01 15:30,61,21,40,0,0,0
2021-05-01 15:45,48,20,28,0,0,0
2021-05-01 16:00,45,21,24,0,0,0
2021-05-01 16:15,50,32,18,0,0,0
2021-05-01 16:30,44,26,18,0,0,0
2021-05-01 16:45,57,27,30,0,0,0
2021-05-01 17:00,34,10,24,0,0,0
2021-05-01 17:15,38,18,20,0,0,0
2021-05-01 17:30,69,25,44,0,0,0
2021-05-01 17:45,42,24,18,0,0,0
2021-05-01 18:00,47,15,32,0,0,0
2021-05-01 18:15,38,21,17,0,0,0
2021-05-01 18:30,33,18,15,0,0,0
2021-05-01 18:45,39,19,20,0,0,0
2021-05-01 19:00,31,17,14,0,0,0
2021-05-01 19:15,27,8,19,0,0,0
2021-05-01 19:30,27,17,10,0,0,0
2021-05-01 19:45,36,15,21,0,0,0
2021-05-01 20:00,12,7,5,0,0,0
2021-05-01 20:15,17,10,7,0,0,0
2021-05-01 20:30,12,6,6,0,0,0
2021-05-01 20:45,17,6,11,0,0,0
2021-05-01 21:00,13,8,5,0,0,0
2021-05-01 21:15,12,7,5,0,0,0
2021-05-01 21:30,17,7,10,0,0,0
2021-05-01 21:45,16,8,8,0,0,0
2021-05-01 22:00,13,11,2,0,0,0
2021-05-01 22:15,6,4,2,0,0,0
2021-05-01 22:30,8,0,8,0,0,0
2021-05-01 22:45,15,9,6,0,0,0
2021-05-01 23:00,10,3,7,0,0,0
2021-05-01 23:15,10,6,4,0,0,0
2021-05-01 23:30,9,2,7,0,0,0
2021-05-01 23:45,6,2,4,0,0,0
2021-05-02 00:00,8,4,4,0,0,0
2021-05-02 00:15,8,0,8,0,0,0
2021-05-02 00:30,3,2,1,0,0,0
2021-05-02 00:45,8,6,2,0,0,0
2021-05-02 01:00,8,3,5,0,0,0
2021-05-02 01:15,4,1,3,0,0,0
2021-05-02 01:30,6,3,3,0,0,0
2021-05-02 01:45,3,1,2,0,0,0
2021-05-02 02:00,1,0,1,0,0,0
2021-05-02 02:15,0,0,0,0,0,0
2021-05-02 02:30,1,0,1,0,0,0
2021-05-02 02:45,2,0,2,0,0,0
2021-05-02 03:00,4,0,4,0,0,0
2021-05-02 03:15,3,0,3,0,0,0
2021-05-02 03:30,2,2,0,0,0,0
2021-05-02 03:45,0,0,0,0,0,0
2021-05-02 04:00,3,0,3,0,0,0
2021-05-02 04:15,0,0,0,0,0,0
2021-05-02 04:30,5,5,0,0,0,0
2021-05-02 04:45,0,0,0,0,0,0
2021-05-02 05:00,1,0,1,0,0,0
2021-05-02 05:15,0,0,0,0,0,0
2021-05-02 05:30,3,0,3,0,0,0
2021-05-02 05:45,7,0,7,0,0,0
2021-05-02 06:00,3,2,1,0,0,0
2021-05-02 06:15,3,1,2,0,0,0
2021-05-02 06:30,4,4,0,0,0,0
2021-05-02 06:45,2,0,2,0,0,0
2021-05-02 07:00,8,6,2,0,0,0
2021-05-02 07:15,1,0,1,0,0,0
2021-05-02 07:30,6,2,4,0,0,0
2021-05-02 07:45,11,7,4,0,0,0
2021-05-02 08:00,4,4,0,0,0,0
2021-05-02 08:15,4,2,2,0,0,0
2021-05-02 08:30,7,5,2,0,0,0
2021-05-02 08:45,12,7,5,0,0,0
2021-05-02 09:00,8,4,4,0,0,0
2021-05-02 09:15,4,2,2,0,0,0
2021-05-02 09:30,19,14,5,0,0,0
2021-05-02 09:45,8,6,2,0,0,0
2021-05-02 10:00,16,5,11,0,0,0
2021-05-02 10:15,12,10,2,0,0,0
2021-05-02 10:30,13,8,5,0,0,0
2021-05-02 10:45,25,9,16,0,0,0
2021-05-02 11:00,26,14,12,0,0,0
2021-05-02 11:15,26,11,15,0,0,0
2021-05-02 11:30,18,11,7,0,0,0
2021-05-02 11:45,31,23,8,0,0,0
2021-05-02 12:00,38,17,21,0,0,0
2021-05-02 12:15,41,29,12,0,0,0
2021-05-02 12:30,34,15,19,0,0,0
2021-05-02 12:45,27,6,21,0,0,0
2021-05-02 13:00,30,7,23,0,0,0
2021-05-02 13:15,31,10,21,0,0,0
2021-05-02 13:30,38,16,22,0,0,0
2021-05-02 13:45,42,23,19,0,0,0
2021-05-02 14:00,34,10,24,0,0,0
2021-05-02 14:15,42,27,15,0,0,0
2021-05-02 14:30,24,11,13,0,0,0
2021-05-02 14:45,27,13,14,0,0,0
2021-05-02 15:00,35,12,23,0,0,0
2021-05-02 15:15,41,13,28,0,0,0
2021-05-02 15:30,34,12,22,0,0,0
2021-05-02 15:45,41,26,15,0,0,0
2021-05-02 16:00,46,27,19,0,0,0
2021-05-02 16:15,23,6,17,0,0,0
2021-05-02 16:30,40,10,30,0,0,0
2021-05-02 16:45,42,14,28,0,0,0
2021-05-02 17:00,44,16,28,0,0,0
2021-05-02 17:15,48,15,33,0,0,0
2021-05-02 17:30,43,16,27,0,0,0
2021-05-02 17:45,35,11,24,0,0,0
2021-05-02 18:00,23,10,13,0,0,0
2021-05-02 18:15,32,15,17,0,0,0
2021-05-02 18:30,25,14,11,0,0,0
2021-05-02 18:45,30,12,18,0,0,0
2021-05-02 19:00,26,15,11,0,0,0
2021-05-02 19:15,16,5,11,0,0,0
2021-05-02 19:30,14,5,9,0,0,0
2021-05-02 19:45,15,8,7,0,0,0
2021-05-02 20:00,22,12,10,0,0,0
2021-05-02 20:15,22,3,19,0,0,0
2021-05-02 20:30,11,5,6,0,0,0
2021-05-02 20:45,8,5,3,0,0,0
2021-05-02 21:00,12,7,5,0,0,0
2021-05-02 21:15,12,10,2,0,0,0
2021-05-02 21:30,6,4,2,0,0,0
2021-05-02 21:45,1,0,1,0,0,0
2021-05-02 22:00,8,1,7,0,0,0
2021-05-02 22:15,5,3,2,0,0,0
2021-05-02 22:30,6,0,6,0,0,0
2021-05-02 22:45,8,3,5,0,0,0
2021-05-02 23:00,5,3,2,0,0,0
2021-05-02 23:15,6,2,4,0,0,0
2021-05-02 23:30,5,1,4,0,0,0
2021-05-02 23:45,3,1,2,0,0,0
2021-05-03 00:00,5,1,4,0,0,0
2021-05-03 00:15,6,3,3,0,0,0
2021-05-03 00:30,1,1,0,0,0,0
2021-05-03 00:45,0,0,0,0,0,0
2021-05-03 01:00,0,0,0,0,0,0
2021-05-03 01:15,1,1,0,0,0,0
2021-05-03 01:30,1,0,1,0,0,0
2021-05-03 01:45,0,0,0,0,0,0
2021-05-03 02:00,0,0,0,0,0,0
2021-05-03 02:15,0,0,0,0,0,0
2021-05-03 02:30,0,0,0,0,0,0
2021-05-03 02:45,0,0,0,0,0,0
2021-05-03 03:00,0,0,0,0,0,0
2021-05-03 03:15,0,0,0,0,0,0
2021-05-03 03:30,0,0,0,0,0,0
2021-05-03 03:45,0,0,0,0,0,0
2021-05-03 04:00,0,0,0,0,0,0
2021-05-03 04:15,1,0,1,0,0,0
2021-05-03 04:30,0,0,0,0,0,0
2021-05-03 04:45,0,0,0,0,0,0
2021-05-03 05:00,1,0,1,0,0,0
2021-05-03 05:15,1,1,0,0,0,0
2021-05-03 05:30,8,4,4,0,0,0
2021-05-03 05:45,9,1,8,0,0,0
2021-05-03 06:00,16,7,9,0,0,0
2021-05-03 06:15,19,4,15,0,0,0
2021-05-03 06:30,40,13,27,0,0,0
2021-05-03 06:45,49,18,31,0,0,0
2021-05-03 07:00,53,21,32,0,0,0
2021-05-03 07:15,79,26,53,0,0,0
2021-05-03 07:30,114,62,52,0,0,0
2021-05-03 07:45,178,81,97,0,0,0
2021-05-03 08:00,156,100,56,0,0,0
2021-05-03 08:15,91,47,44,0,0,0
2021-05-03 08:30,102,49,53,0,0,0
2021-05-03 08:45,101,52,49,0,0,0
2021-05-03 09:00,71,36,35,0,0,0
2021-05-03 09:15,72,45,27,0,0,0
2021-05-03 09:30,66,34,32,0,0,0
2021-05-03 09:45,83,48,35,0,0,0
2021-05-03 10:00,69,30,39,0,0,0
2021-05-03 10:15,43,21,22,0,0,0
2021-05-03 10:30,44,30,14,0,0,0
2021-05-03 10:45,65,33,32,0,0,0
2021-05-03 11:00,61,34,27,0,0,0
2021-05-03 11:15,45,20,25,0,0,0
2021-05-03 11:30,50,15,35,0,0,0
2021-05-03 11:45,61,27,34,0,0,0
2021-05-03 12:00,65,27,38,0,0,0
2021-05-03 12:15,78,32,46,0,0,0
2021-05-03 12:30,75,27,48,0,0,0
2021-05-03 12:45,84,36,48,0,0,0
2021-05-03 13:00,53,25,28,0,0,0
2021-05-03 13:15,95,40,55,0,0,0
2021-05-03 13:30,116,46,70,0,0,0
2021-05-03 13:45,84,32,52,0,0,0
2021-05-03 14:00,74,36,38,0,0,0
2021-05-03 14:15,92,35,57,0,0,0
2021-05-03 14:30,71,27,44,0,0,0
2021-05-03 14:45,88,39,49,0,0,0
2021-05-03 15:00,84,52,32,0,0,0
2021-05-03 15:15,107,60,47,0,0,0
2021-05-03 15:30,93,50,43,0,0,0
2021-05-03 15:45,89,37,52,0,0,0
2021-05-03 16:00,126,73,53,0,0,0
2021-05-03 16:15,106,58,48,0,0,0
2021-05-03 16:30,99,52,47,0,0,0
2021-05-03 16:45,114,76,38,0,0,0
2021-05-03 17:00,89,44,45,0,0,0
2021-05-03 17:15,94,53,41,0,0,0
2021-05-03 17:30,109,63,46,0,0,0
2021-05-03 17:45,86,42,44,0,0,0
2021-05-03 18:00,80,31,49,0,0,0
2021-05-03 18:15,77,19,58,0,0,0
2021-05-03 18:30,77,28,49,0,0,0
2021-05-03 18:45,68,30,38,0,0,0
2021-05-03 19:00,51,20,31,0,0,0
2021-05-03 19:15,53,23,30,0,0,0
2021-05-03 19:30,32,12,20,0,0,0
2021-05-03 19:45,28,12,16,0,0,0
2021-05-03 20:00,33,14,19,0,0,0
2021-05-03 20:15,32,16,16,0,0,0
2021-05-03 20:30,16,7,9,0,0,0
2021-05-03 20:45,24,9,15,0,0,0
2021-05-03 21:00,17,11,6,0,0,0
2021-05-03 21:15,12,8,4,0,0,0
2021-05-03 21:30,10,1,9,0,0,0
2021-05-03 21:45,13,5,8,0,0,0
2021-05-03 22:00,4,1,3,0,0,0
2021-05-03 22:15,7,4,3,0,0,0
2021-05-03 22:30,9,3,6,0,0,0
2021-05-03 22:45,5,5,0,0,0,0
2021-05-03 23:00,4,0,4,0,0,0
2021-05-03 23:15,2,1,1,0,0,0
2021-05-03 23:30,5,0,5,0,0,0
2021-05-03 23:45,2,2,0,0,0,0
2021-05-04 00:00,1,0,1,0,0,0
2021-05-04 00:15,1,1,0,0,0,0
2021-05-04 00:30,2,1,1,0,0,0
2021-05-04 00:45,4,3,1,0,0,0
2021-05-04 01:00,1,1,0,0,0,0
2021-05-04 01:15,1,0,1,0,0,0
2021-05-04 01:30,1,1,0,0,0,0
2021-05-04 01:45,1,1,0,0,0,0
2021-05-04 02:00,0,0,0,0,0,0
2021-05-04 02:15,0,0,0,0,0,0
2021-05-04 02:30,0,0,0,0,0,0
2021-05-04 02:45,1,1,0,0,0,0
2021-05-04 03:00,1,0,1,0,0,0
2021-05-04 03:15,0,0,0,0,0,0
2021-05-04 03:30,0,0,0,0,0,0
2021-05-04 03:45,1,0,1,0,0,0
2021-05-04 04:00,1,0,1,0,0,0
2021-05-04 04:15,0,0,0,0,0,0
2021-05-04 04:30,0,0,0,0,0,0
2021-05-04 04:45,2,1,1,0,0,0
2021-05-04 05:00,1,0,1,0,0,0
2021-05-04 05:15,2,2,0,0,0,0
2021-05-04 05:30,8,6,2,0,0,0
2021-05-04 05:45,8,2,6,0,0,0
2021-05-04 06:00,7,3,4,0,0,0
2021-05-04 06:15,9,5,4,0,0,0
2021-05-04 06:30,27,9,18,0,0,0
2021-05-04 06:45,50,19,31,0,0,0
2021-05-04 07:00,39,14,25,0,0,0
2021-05-04 07:15,53,22,31,0,0,0
2021-05-04 07:30,75,30,45,0,0,0
2021-05-04 07:45,137,57,80,0,0,0
2021-05-04 08:00,154,100,54,0,0,0
2021-05-04 08:15,91,47,44,0,0,0
2021-05-04 08:30,73,36,37,0,0,0
2021-05-04 08:45,82,38,44,0,0,0
2021-05-04 09:00,62,29,33,0,0,0
2021-05-04 09:15,42,23,19,0,0,0
2021-05-04 09:30,33,18,15,0,0,0
2021-05-04 09:45,38,17,21,0,0,0
2021-05-04 10:00,37,17,20,0,0,0
2021-05-04 10:15,37,19,18,0,0,0
2021-05-04 10:30,38,13,25,0,0,0
2021-05-04 10:45,28,13,15,0,0,0
2021-05-04 11:00,32,15,17,0,0,0
2021-05-04 11:15,31,21,10,0,0,0
2021-05-04 11:30,41,27,14,0,0,0
2021-05-04 11:45,35,11,24,0,0,0
2021-05-04 12:00,37,17,20,0,0,0
2021-05-04 12:15,56,20,36,0,0,0
2021-05-04 12:30,68,31,37,0,0,0
2021-05-04 12:45,61,23,38,0,0,0
2021-05-04 13:00,45,19,26,0,0,0
2021-05-04 13:15,51,19,32,0,0,0
2021-05-04 13:30,93,21,72,0,0,0
2021-05-04 13:45,60,20,40,0,0,0
2021-05-04 14:00,41,22,19,0,0,0
2021-05-04 14:15,69,39,30,0,0,0
2021-05-04 14:30,67,18,49,0,0,0
2021-05-04 14:45,64,31,33,0,0,0
2021-05-04 15:00,53,31,22,0,0,0
2021-05-04 15:15,50,26,24,0,0,0
2021-05-04 15:30,50,29,21,0,0,0
2021-05-04 15:45,69,48,21,0,0,0
2021-05-04 16:00,75,47,28,0,0,0
2021-05-04 16:15,71,36,35,0,0,0
2021-05-04 16:30,69,37,32,0,0,0
2021-05-04 16:45,68,37,31,0,0,0
2021-05-04 17:00,58,30,28,0,0,0
2021-05-04 17:15,44,30,14,0,0,0
2021-05-04 17:30,31,17,14,0,0,0
2021-05-04 17:45,56,27,29,0,0,0
2021-05-04 18:00,64,28,36,0,0,0
2021-05-04 18:15,43,21,22,0,0,0
2021-05-04 18:30,35,15,20,0,0,0
2021-05-04 18:45,31,18,13,0,0,0
2021-05-04 19:00,38,12,26,0,0,0
2021-05-04 19:15,22,8,14,0,0,0
2021-05-04 19:30,26,7,19,0,0,0
2021-05-04 19:45,24,11,13,0,0,0
2021-05-04 20:00,35,13,22,0,0,0
2021-05-04 20:15,14,9,5,0,0,0
2021-05-04 20:30,19,13,6,0,0,0
2021-05-04 20:45,9,7,2,0,0,0
2021-05-04 21:00,29,22,7,0,0,0
2021-05-04 21:15,7,3,4,0,0,0
2021-05-04 21:30,14,5,9,0,0,0
2021-05-04 21:45,10,7,3,0,0,0
2021-05-04 22:00,15,6,9,0,0,0
2021-05-04 22:15,10,1,9,0,0,0
2021-05-04 22:30,13,4,9,0,0,0
2021-05-04 22:45,3,1,2,0,0,0
2021-05-04 23:00,6,2,4,0,0,0
2021-05-04 23:15,3,1,2,0,0,0
2021-05-04 23:30,5,4,1,0,0,0
2021-05-04 23:45,0,0,0,0,0,0
2021-05-05 00:00,2,0,2,0,0,0
2021-05-05 00:15,1,0,1,0,0,0
2021-05-05 00:30,3,0,3,0,0,0
2021-05-05 00:45,2,0,2,0,0,0
2021-05-05 01:00,1,1,0,0,0,0
2021-05-05 01:15,0,0,0,0,0,0
2021-05-05 01:30,2,1,1,0,0,0
2021-05-05 01:45,1,0,1,0,0,0
2021-05-05 02:00,0,0,0,0,0,0
2021-05-05 02:15,2,1,1,0,0,0
2021-05-05 02:30,1,1,0,0,0,0
2021-05-05 02:45,0,0,0,0,0,0
2021-05-05 03:00,0,0,0,0,0,0
2021-05-05 03:15,0,0,0,0,0,0
2021-05-05 03:30,0,0,0,0,0,0
2021-05-05 03:45,0,0,0,0,0,0
2021-05-05 04:00,0,0,0,0,0,0
2021-05-05 04:15,2,1,1,0,0,0
2021-05-05 04:30,0,0,0,0,0,0
2021-05-05 04:45,1,1,0,0,0,0
2021-05-05 05:00,3,1,2,0,0,0
2021-05-05 05:15,0,0,0,0,0,0
2021-05-05 05:30,7,4,3,0,0,0
2021-05-05 05:45,9,1,8,0,0,0
2021-05-05 06:00,10,3,7,0,0,0
2021-05-05 06:15,12,5,7,0,0,0
2021-05-05 06:30,38,19,19,0,0,0
2021-05-05 06:45,49,20,29,0,0,0
2021-05-05 07:00,42,15,27,0,0,0
2021-05-05 07:15,68,28,40,0,0,0
2021-05-05 07:30,97,50,47,0,0,0
2021-05-05 07:45,179,95,84,0,0,0
2021-05-05 08:00,105,58,47,0,0,0
2021-05-05 08:15,92,42,50,0,0,0
2021-05-05 08:30,98,44,54,0,0,0
2021-05-05 08:45,106,61,45,0,0,0
2021-05-05 09:00,73,35,38,0,0,0
2021-05-05 09:15,53,24,29,0,0,0
2021-05-05 09:30,77,41,36,0,0,0
2021-05-05 09:45,77,44,33,0,0,0
2021-05-05 10:00,59,27,32,0,0,0
2021-05-05 10:15,50,23,27,0,0,0
2021-05-05 10:30,47,28,19,0,0,0
2021-05-05 10:45,62,34,28,0,0,0
2021-05-05 11:00,42,22,20,0,0,0
2021-05-05 11:15,47,28,19,0,0,0
2021-05-05 11:30,64,39,25,0,0,0
2021-05-05 11:45,81,39,42,0,0,0
2021-05-05 12:00,63,24,39,0,0,0
2021-05-05 12:15,67,24,43,0,0,0
2021-05-05 12:30,81,42,39,0,0,0
2021-05-05 12:45,80,28,52,0,0,0
2021-05-05 13:00,74,31,43,0,0,0
2021-05-05 13:15,68,30,38,0,0,0
2021-05-05 13:30,89,33,56,0,0,0
2021-05-05 13:45,76,24,52,0,0,0
2021-05-05 14:00,59,34,25,0,0,0
2021-05-05 14:15,80,32,48,0,0,0
2021-05-05 14:30,64,26,38,0,0,0
2021-05-05 14:45,74,38,36,0,0,0
2021-05-05 15:00,77,43,34,0,0,0
2021-05-05 15:15,75,39,36,0,0,0
2021-05-05 15:30,53,32,21,0,0,0
2021-05-05 15:45,66,28,38,0,0,0
2021-05-05 16:00,97,50,47,0,0,0
2021-05-05 16:15,64,28,36,0,0,0
2021-05-05 16:30,73,38,35,0,0,0
2021-05-05 16:45,67,37,30,0,0,0
2021-05-05 17:00,62,39,23,0,0,0
2021-05-05 17:15,75,36,39,0,0,0
2021-05-05 17:30,55,25,30,0,0,0
2021-05-05 17:45,58,24,34,0,0,0
2021-05-05 18:00,59,25,34,0,0,0
2021-05-05 18:15,65,21,44,0,0,0
2021-05-05 18:30,38,17,21,0,0,0
2021-05-05 18:45,55,33,22,0,0,0
2021-05-05 19:00,34,11,23,0,0,0
2021-05-05 19:15,27,13,14,0,0,0
2021-05-05 19:30,37,15,22,0,0,0
2021-05-05 19:45,35,18,17,0,0,0
2021-05-05 20:00,23,12,11,0,0,0
2021-05-05 20:15,22,14,8,0,0,0
2021-05-05 20:30,26,12,14,0,0,0
2021-05-05 20:45,14,7,7,0,0,0
2021-05-05 21:00,16,9,7,0,0,0
2021-05-05 21:15,12,7,5,0,0,0
2021-05-05 21:30,11,3,8,0,0,0
2021-05-05 21:45,11,3,8,0,0,0
2021-05-05 22:00,10,5,5,0,0,0
2021-05-05 22:15,8,3,5,0,0,0
2021-05-05 22:30,8,5,3,0,0,0
2021-05-05 22:45,7,3,4,0,0,0
2021-05-05 23:00,5,1,4,0,0,0
2021-05-05 23:15,10,3,7,0,0,0
2021-05-05 23:30,4,1,3,0,0,0
2021-05-05 23:45,5,2,3,0,0,0
2021-05-06 00:00,6,2,4,0,0,0
2021-05-06 00:15,4,1,3,0,0,0
2021-05-06 00:30,4,1,3,0,0,0
2021-05-06 00:45,0,0,0,0,0,0
2021-05-06 01:00,4,3,1,0,0,0
2021-05-06 01:15,1,0,1,0,0,0
2021-05-06 01:30,2,2,0,0,0,0
2021-05-06 01:45,0,0,0,0,0,0
2021-05-06 02:00,0,0,0,0,0,0
2021-05-06 02:15,1,0,1,0,0,0
2021-05-06 02:30,1,1,0,0,0,0
2021-05-06 02:45,2,0,2,0,0,0
2021-05-06 03:00,0,0,0,0,0,0
2021-05-06 03:15,0,0,0,0,0,0
2021-05-06 03:30,0,0,0,0,0,0
2021-05-06 03:45,1,0,1,0,0,0
2021-05-06 04:00,0,0,0,0,0,0
2021-05-06 04:15,1,0,1,0,0,0
2021-05-06 04:30,1,1,0,0,0,0
2021-05-06 04:45,2,0,2,0,0,0
2021-05-06 05:00,0,0,0,0,0,0
2021-05-06 05:15,0,0,0,0,0,0
2021-05-06 05:30,6,3,3,0,0,0
2021-05-06 05:45,12,5,7,0,0,0
2021-05-06 06:00,5,1,4,0,0,0
2021-05-06 06:15,15,4,11,0,0,0
2021-05-06 06:30,24,5,19,0,0,0
2021-05-06 06:45,52,22,30,0,0,0
2021-05-06 07:00,42,15,27,0,0,0
2021-05-06 07:15,54,19,35,0,0,0
2021-05-06 07:30,92,39,53,0,0,0
2021-05-06 07:45,139,72,67,0,0,0
2021-05-06 08:00,151,106,45,0,0,0
2021-05-06 08:15,94,41,53,0,0,0
2021-05-06 08:30,78,45,33,0,0,0
2021-05-06 08:45,79,40,39,0,0,0
2021-05-06 09:00,72,39,33,0,0,0
2021-05-06 09:15,56,21,35,0,0,0
2021-05-06 09:30,50,30,20,0,0,0
2021-05-06 09:45,52,29,23,0,0,0
2021-05-06 10:00,57,28,29,0,0,0
2021-05-06 10:15,44,19,25,0,0,0
2021-05-06 10:30,37,18,19,0,0,0
2021-05-06 10:45,45,22,23,0,0,0
2021-05-06 11:00,47,28,19,0,0,0
2021-05-06 11:15,48,22,26,0,0,0
2021-05-06 11:30,69,41,28,0,0,0
2021-05-06 11:45,70,36,34,0,0,0
2021-05-06 12:00,54,25,29,0,0,0
2021-05-06 12:15,68,34,34,0,0,0
2021-05-06 12:30,70,20,50,0,0,0
2021-05-06 12:45,94,29,65,0,0,0
2021-05-06 13:00,65,17,48,0,0,0
2021-05-06 13:15,68,24,44,0,0,0
2021-05-06 13:30,112,29,83,0,0,0
2021-05-06 13:45,90,46,44,0,0,0
2021-05-06 14:00,78,36,42,0,0,0
2021-05-06 14:15,92,41,51,0,0,0
2021-05-06 14:30,76,24,52,0,0,0
2021-05-06 14:45,84,40,44,0,0,0
2021-05-06 15:00,110,69,41,0,0,0
2021-05-06 15:15,62,28,34,0,0,0
2021-05-06 15:30,82,46,36,0,0,0
2021-05-06 15:45,83,34,49,0,0,0
2021-05-06 16:00,82,45,37,0,0,0
2021-05-06 16:15,98,57,41,0,0,0
2021-05-06 16:30,111,69,42,0,0,0
2021-05-06 16:45,97,49,48,0,0,0
2021-05-06 17:00,94,57,37,0,0,0
2021-05-06 17:15,82,38,44,0,0,0
2021-05-06 17:30,83,33,50,0,0,0
2021-05-06 17:45,104,54,50,0,0,0
2021-05-06 18:00,75,32,43,0,0,0
2021-05-06 18:15,72,22,50,0,0,0
2021-05-06 18:30,63,31,32,0,0,0
2021-05-06 18:45,54,31,23,0,0,0
2021-05-06 19:00,27,12,15,0,0,0
2021-05-06 19:15,44,15,29,0,0,0
2021-05-06 19:30,32,10,22,0,0,0
2021-05-06 19:45,33,14,19,0,0,0
2021-05-06 20:00,50,22,28,0,0,0
2021-05-06 20:15,24,10,14,0,0,0
2021-05-06 20:30,14,3,11,0,0,0
2021-05-06 20:45,16,9,7,0,0,0
2021-05-06 21:00,12,2,10,0,0,0
2021-05-06 21:15,7,5,2,0,0,0
2021-05-06 21:30,11,5,6,0,0,0
2021-05-06 21:45,10,6,4,0,0,0
2021-05-06 22:00,5,3,2,0,0,0
2021-05-06 22:15,13,8,5,0,0,0
2021-05-06 22:30,15,6,9,0,0,0
2021-05-06 22:45,10,5,5,0,0,0
2021-05-06 23:00,14,5,9,0,0,0
2021-05-06 23:15,4,2,2,0,0,0
2021-05-06 23:30,6,0,6,0,0,0
2021-05-06 23:45,0,0,0,0,0,0
2021-05-07 00:00,2,1,1,0,0,0
2021-05-07 00:15,3,1,2,0,0,0
2021-05-07 00:30,4,1,3,0,0,0
2021-05-07 00:45,4,4,0,0,0,0
2021-05-07 01:00,1,0,1,0,0,0
2021-05-07 01:15,0,0,0,0,0,0
2021-05-07 01:30,1,0,1,0,0,0
2021-05-07 01:45,2,2,0,0,0,0
2021-05-07 02:00,1,1,0,0,0,0
2021-05-07 02:15,0,0,0,0,0,0
2021-05-07 02:30,2,2,0,0,0,0
2021-05-07 02:45,0,0,0,0,0,0
2021-05-07 03:00,3,3,0,0,0,0
2021-05-07 03:15,1,0,1,0,0,0
2021-05-07 03:30,0,0,0,0,0,0
2021-05-07 03:45,2,2,0,0,0,0
2021-05-07 04:00,0,0,0,0,0,0
2021-05-07 04:15,1,1,0,0,0,0
2021-05-07 04:30,1,0,1,0,0,0
2021-05-07 04:45,0,0,0,0,0,0
2021-05-07 05:00,1,0,1,0,0,0
2021-05-07 05:15,0,0,0,0,0,0
2021-05-07 05:30,8,3,5,0,0,0
2021-05-07 05:45,4,2,2,0,0,0
2021-05-07 06:00,4,2,2,0,0,0
2021-05-07 06:15,23,7,16,0,0,0
2021-05-07 06:30,27,10,17,0,0,0
2021-05-07 06:45,45,14,31,0,0,0
2021-05-07 07:00,53,28,25,0,0,0
2021-05-07 07:15,50,21,29,0,0,0
2021-05-07 07:30,91,44,47,0,0,0
2021-05-07 07:45,164,86,78,0,0,0
2021-05-07 08:00,136,85,51,0,0,0
2021-05-07 08:15,85,50,35,0,0,0
2021-05-07 08:30,75,33,42,0,0,0
2021-05-07 08:45,94,49,45,0,0,0
2021-05-07 09:00,59,27,32,0,0,0
2021-05-07 09:15,59,38,21,0,0,0
2021-05-07 09:30,45,23,22,0,0,0
2021-05-07 09:45,61,37,24,0,0,0
2021-05-07 10:00,63,40,23,0,0,0
2021-05-07 10:15,45,26,19,0,0,0
2021-05-07 10:30,37,22,15,0,0,0
2021-05-07 10:45,50,30,20,0,0,0
2021-05-07 11:00,44,19,25,0,0,0
2021-05-07 11:15,60,28,32,0,0,0
2021-05-07 11:30,67,32,35,0,0,0
2021-05-07 11:45,58,25,33,0,0,0
2021-05-07 12:00,61,29,32,0,0,0
2021-05-07 12:15,73,44,29,0,0,0
2021-05-07 12:30,102,45,57,0,0,0
2021-05-07 12:45,90,43,47,0,0,0
2021-05-07 13:00,76,28,48,0,0,0
2021-05-07 13:15,88,36,52,0,0,0
2021-05-07 13:30,131,37,94,0,0,0
2021-05-07 13:45,84,35,49,0,0,0
2021-05-07 14:00,81,37,44,0,0,0
2021-05-07 14:15,90,34,56,0,0,0
2021-05-07 14:30,93,45,48,0,0,0
2021-05-07 14:45,78,41,37,0,0,0
2021-05-07 15:00,97,54,43,0,0,0
2021-05-07 15:15,92,55,37,0,0,0
2021-05-07 15:30,73,38,35,0,0,0
2021-05-07 15:45,76,44,32,0,0,0
2021-05-07 16:00,78,39,39,0,0,0
2021-05-07 16:15,86,45,41,0,0,0
2021-05-07 16:30,84,45,39,0,0,0
2021-05-07 16:45,99,55,44,0,0,0
2021-05-07 17:00,49,20,29,0,0,0
2021-05-07 17:15,66,30,36,0,0,0
2021-05-07 17:30,69,29,40,0,0,0
2021-05-07 17:45,67,32,35,0,0,0
2021-05-07 18:00,63,37,26,0,0,0
2021-05-07 18:15,61,19,42,0,0,0
2021-05-07 18:30,50,25,25,0,0,0
2021-05-07 18:45,37,14,23,0,0,0
2021-05-07 19:00,31,13,18,0,0,0
2021-05-07 19:15,48,20,28,0,0,0
2021-05-07 19:30,42,21,21,0,0,0
2021-05-07 19:45,35,20,15,0,0,0
2021-05-07 20:00,35,13,22,0,0,0
2021-05-07 20:15,36,14,22,0,0,0
2021-05-07 20:30,24,12,12,0,0,0
2021-05-07 20:45,20,8,12,0,0,0
2021-05-07 21:00,20,12,8,0,0,0
2021-05-07 21:15,24,16,8,0,0,0
2021-05-07 21:30,20,7,13,0,0,0
2021-05-07 21:45,8,4,4,0,0,0
2021-05-07 22:00,7,5,2,0,0,0
2021-05-07 22:15,4,2,2,0,0,0
2021-05-07 22:30,9,2,7,0,0,0
2021-05-07 22:45,6,1,5,0,0,0
2021-05-07 23:00,8,1,7,0,0,0
2021-05-07 23:15,5,4,1,0,0,0
2021-05-07 23:30,11,7,4,0,0,0
2021-05-07 23:45,6,1,5,0,0,0
2021-05-08 00:00,8,4,4,0,0,0
2021-05-08 00:15,6,3,3,0,0,0
2021-05-08 00:30,12,3,9,0,0,0
2021-05-08 00:45,4,2,2,0,0,0
2021-05-08 01:00,2,2,0,0,0,0
2021-05-08 01:15,8,5,3,0,0,0
2021-05-08 01:30,8,0,8,0,0,0
2021-05-08 01:45,8,5,3,0,0,0
2021-05-08 02:00,1,0,1,0,0,0
2021-05-08 02:15,4,1,3,0,0,0
2021-05-08 02:30,2,1,1,0,0,0
2021-05-08 02:45,5,3,2,0,0,0
2021-05-08 03:00,8,0,8,0,0,0
2021-05-08 03:15,3,2,1,0,0,0
2021-05-08 03:30,0,0,0,0,0,0
2021-05-08 03:45,0,0,0,0,0,0
2021-05-08 04:00,1,0,1,0,0,0
2021-05-08 04:15,1,0,1,0,0,0
2021-05-08 04:30,2,0,2,0,0,0
2021-05-08 04:45,1,1,0,0,0,0
2021-05-08 05:00,1,1,0,0,0,0
2021-05-08 05:15,2,0,2,0,0,0
2021-05-08 05:30,6,4,2,0,0,0
2021-05-08 05:45,4,2,2,0,0,0
2021-05-08 06:00,2,1,1,0,0,0
2021-05-08 06:15,5,3,2,0,0,0
2021-05-08 06:30,7,2,5,0,0,0
2021-05-08 06:45,17,15,2,0,0,0
2021-05-08 07:00,12,7,5,0,0,0
2021-05-08 07:15,11,5,6,0,0,0
2021-05-08 07:30,25,16,9,0,0,0
2021-05-08 07:45,20,12,8,0,0,0
2021-05-08 08:00,30,18,12,0,0,0
2021-05-08 08:15,42,23,19,0,0,0
2021-05-08 08:30,35,23,12,0,0,0
2021-05-08 08:45,45,30,15,0,0,0
2021-05-08 09:00,48,32,16,0,0,0
2021-05-08 09:15,67,41,26,0,0,0
2021-05-08 09:30,55,29,26,0,0,0
2021-05-08 09:45,80,49,31,0,0,0
2021-05-08 10:00,52,33,19,0,0,0
2021-05-08 10:15,65,35,30,0,0,0
2021-05-08 10:30,98,65,33,0,0,0
2021-05-08 10:45,94,69,25,0,0,0
2021-05-08 11:00,84,47,37,0,0,0
2021-05-08 11:15,101,58,43,0,0,0
2021-05-08 11:30,86,48,38,0,0,0
2021-05-08 11:45,96,41,55,0,0,0
2021-05-08 12:00,127,69,58,0,0,0
2021-05-08 12:15,95,53,42,0,0,0
2021-05-08 12:30,89,45,44,0,0,0
2021-05-08 12:45,111,57,54,0,0,0
2021-05-08 13:00,125,70,55,0,0,0
2021-05-08 13:15,103,43,60,0,0,0
2021-05-08 13:30,86,35,51,0,0,0
2021-05-08 13:45,103,39,64,0,0,0
2021-05-08 14:00,116,50,66,0,0,0
2021-05-08 14:15,67,28,39,0,0,0
2021-05-08 14:30,66,19,47,0,0,0
2021-05-08 14:45,87,26,61,0,0,0
2021-05-08 15:00,71,33,38,0,0,0
2021-05-08 15:15,61,19,42,0,0,0
2021-05-08 15:30,62,15,47,0,0,0
2021-05-08 15:45,47,12,35,0,0,0
2021-05-08 16:00,51,22,29,0,0,0
2021-05-08 16:15,50,21,29,0,0,0
2021-05-08 16:30,36,13,23,0,0,0
2021-05-08 16:45,52,25,27,0,0,0
2021-05-08 17:00,38,15,23,0,0,0
2021-05-08 17:15,31,15,16,0,0,0
2021-05-08 17:30,40,11,29,0,0,0
2021-05-08 17:45,46,16,30,0,0,0
2021-05-08 18:00,39,11,28,0,0,0
2021-05-08 18:15,41,11,30,0,0,0
2021-05-08 18:30,36,9,27,0,0,0
2021-05-08 18:45,20,5,15,0,0,0
2021-05-08 19:00,36,18,18,0,0,0
2021-05-08 19:15,21,10,11,0,0,0
2021-05-08 19:30,24,17,7,0,0,0
2021-05-08 19:45,15,8,7,0,0,0
2021-05-08 20:00,28,9,19,0,0,0
2021-05-08 20:15,17,5,12,0,0,0
2021-05-08 20:30,17,10,7,0,0,0
2021-05-08 20:45,13,4,9,0,0,0
2021-05-08 21:00,14,11,3,0,0,0
2021-05-08 21:15,15,5,10,0,0,0
2021-05-08 21:30,11,6,5,0,0,0
2021-05-08 21:45,10,3,7,0,0,0
2021-05-08 22:00,11,1,10,0,0,0
2021-05-08 22:15,5,1,4,0,0,0
2021-05-08 22:30,4,2,2,0,0,0
2021-05-08 22:45,13,3,10,0,0,0
2021-05-08 23:00,2,1,1,0,0,0
2021-05-08 23:15,5,4,1,0,0,0
2021-05-08 23:30,5,3,2,0,0,0
2021-05-08 23:45,5,0,5,0,0,0
2021-05-09 00:00,4,0,4,0,0,0
2021-05-09 00:15,11,3,8,0,0,0
2021-05-09 00:30,7,1,6,0,0,0
2021-05-09 00:45,5,0,5,0,0,0
2021-05-09 01:00,4,2,2,0,0,0
2021-05-09 01:15,9,4,5,0,0,0
2021-05-09 01:30,5,1,4,0,0,0
2021-05-09 01:45,7,3,4,0,0,0
2021-05-09 02:00,5,3,2,0,0,0
2021-05-09 02:15,2,0,2,0,0,0
2021-05-09 02:30,6,2,4,0,0,0
2021-05-09 02:45,0,0,0,0,0,0
2021-05-09 03:00,1,0,1,0,0,0
2021-05-09 03:15,1,0,1,0,0,0
2021-05-09 03:30,1,1,0,0,0,0
2021-05-09 03:45,0,0,0,0,0,0
2021-05-09 04:00,0,0,0,0,0,0
2021-05-09 04:15,0,0,0,0,0,0
2021-05-09 04:30,0,0,0,0,0,0
2021-05-09 04:45,2,1,1,0,0,0
2021-05-09 05:00,0,0,0,0,0,0
2021-05-09 05:15,0,0,0,0,0,0
2021-05-09 05:30,3,0,3,0,0,0
2021-05-09 05:45,3,1,2,0,0,0
2021-05-09 06:00,6,4,2,0,0,0
2021-05-09 06:15,1,0,1,0,0,0
2021-05-09 06:30,5,1,4,0,0,0
2021-05-09 06:45,4,2,2,0,0,0
2021-05-09 07:00,5,3,2,0,0,0
2021-05-09 07:15,1,1,0,0,0,0
2021-05-09 07:30,2,1,1,0,0,0
2021-05-09 07:45,4,3,1,0,0,0
2021-05-09 08:00,6,2,4,0,0,0
2021-05-09 08:15,10,3,7,0,0,0
2021-05-09 08:30,8,5,3,0,0,0
2021-05-09 08:45,11,5,6,0,0,0
2021-05-09 09:00,23,11,12,0,0,0
2021-05-09 09:15,8,3,5,0,0,0
2021-05-09 09:30,32,19,13,0,0,0
2021-05-09 09:45,23,9,14,0,0,0
2021-05-09 10:00,23,9,14,0,0,0
2021-05-09 10:15,38,23,15,0,0,0
2021-05-09 10:30,28,15,13,0,0,0
2021-05-09 10:45,48,22,26,0,0,0
2021-05-09 11:00,42,17,25,0,0,0
2021-05-09 11:15,34,17,17,0,0,0
2021-05-09 11:30,51,28,23,0,0,0
2021-05-09 11:45,57,36,21,0,0,0
2021-05-09 12:00,42,24,18,0,0,0
2021-05-09 12:15,55,27,28,0,0,0
2021-05-09 12:30,69,37,32,0,0,0
2021-05-09 12:45,74,30,44,0,0,0
2021-05-09 13:00,52,20,32,0,0,0
2021-05-09 13:15,71,29,42,0,0,0
2021-05-09 13:30,60,28,32,0,0,0
2021-05-09 13:45,58,15,43,0,0,0
2021-05-09 14:00,81,38,43,0,0,0
2021-05-09 14:15,74,23,51,0,0,0
2021-05-09 14:30,64,33,31,0,0,0
2021-05-09 14:45,34,17,17,0,0,0
2021-05-09 15:00,100,49,51,0,0,0
2021-05-09 15:15,68,38,30,0,0,0
2021-05-09 15:30,75,28,47,0,0,0
2021-05-09 15:45,73,39,34,0,0,0
2021-05-09 16:00,50,16,34,0,0,0
2021-05-09 16:15,58,21,37,0,0,0
2021-05-09 16:30,46,14,32,0,0,0
2021-05-09 16:45,70,12,58,0,0,0
2021-05-09 17:00,60,17,43,0,0,0
2021-05-09 17:15,73,27,46,0,0,0
2021-05-09 17:30,56,24,32,0,0,0
2021-05-09 17:45,36,19,17,0,0,0
2021-05-09 18:00,74,31,43,0,0,0
2021-05-09 18:15,54,18,36,0,0,0
2021-05-09 18:30,42,16,26,0,0,0
2021-05-09 18:45,40,15,25,0,0,0
2021-05-09 19:00,53,22,31,0,0,0
2021-05-09 19:15,33,17,16,0,0,0
2021-05-09 19:30,43,20,23,0,0,0
2021-05-09 19:45,36,11,25,0,0,0
2021-05-09 20:00,18,10,8,0,0,0
2021-05-09 20:15,37,19,18,0,0,0
2021-05-09 20:30,30,10,20,0,0,0
2021-05-09 20:45,32,8,24,0,0,0
2021-05-09 21:00,27,17,10,0,0,0
2021-05-09 21:15,29,10,19,0,0,0
2021-05-09 21:30,25,6,19,0,0,0
2021-05-09 21:45,19,10,9,0,0,0
2021-05-09 22:00,25,9,16,0,0,0
2021-05-09 22:15,19,5,14,0,0,0
2021-05-09 22:30,7,1,6,0,0,0
2021-05-09 22:45,3,0,3,0,0,0
2021-05-09 23:00,16,9,7,0,0,0
2021-05-09 23:15,13,3,10,0,0,0
2021-05-09 23:30,4,0,4,0,0,0
2021-05-09 23:45,9,4,5,0,0,0
2021-05-10 00:00,0,0,0,0,0,0
2021-05-10 00:15,6,3,3,0,0,0
2021-05-10 00:30,7,2,5,0,0,0
2021-05-10 00:45,6,1,5,0,0,0
2021-05-10 01:00,2,0,2,0,0,0
2021-05-10 01:15,4,2,2,0,0,0
2021-05-10 01:30,2,0,2,0,0,0
2021-05-10 01:45,1,0,1,0,0,0
2021-05-10 02:00,0,0,0,0,0,0
2021-05-10 02:15,0,0,0,0,0,0
2021-05-10 02:30,1,1,0,0,0,0
2021-05-10 02:45,2,0,2,0,0,0
2021-05-10 03:00,0,0,0,0,0,0
2021-05-10 03:15,0,0,0,0,0,0
2021-05-10 03:30,0,0,0,0,0,0
2021-05-10 03:45,0,0,0,0,0,0
2021-05-10 04:00,0,0,0,0,0,0
2021-05-10 04:15,2,1,1,0,0,0
2021-05-10 04:30,0,0,0,0,0,0
2021-05-10 04:45,0,0,0,0,0,0
2021-05-10 05:00,0,0,0,0,0,0
2021-05-10 05:15,3,1,2,0,0,0
2021-05-10 05:30,7,2,5,0,0,0
2021-05-10 05:45,14,5,9,0,0,0
2021-05-10 06:00,11,8,3,0,0,0
2021-05-10 06:15,21,7,14,0,0,0
2021-05-10 06:30,43,14,29,0,0,0
2021-05-10 06:45,68,22,46,0,0,0
2021-05-10 07:00,53,16,37,0,0,0
2021-05-10 07:15,56,21,35,0,0,0
2021-05-10 07:30,135,73,62,0,0,0
2021-05-10 07:45,170,81,89,0,0,0
2021-05-10 08:00,164,106,58,0,0,0
2021-05-10 08:15,104,48,56,0,0,0
2021-05-10 08:30,83,33,50,0,0,0
2021-05-10 08:45,111,57,54,0,0,0
2021-05-10 09:00,57,28,29,0,0,0
2021-05-10 09:15,42,13,29,0,0,0
2021-05-10 09:30,65,35,30,0,0,0
2021-05-10 09:45,56,30,26,0,0,0
2021-05-10 10:00,47,24,23,0,0,0
2021-05-10 10:15,49,37,12,0,0,0
2021-05-10 10:30,45,20,25,0,0,0
2021-05-10 10:45,68,38,30,0,0,0
2021-05-10 11:00,51,29,22,0,0,0
2021-05-10 11:15,60,32,28,0,0,0
2021-05-10 11:30,59,27,32,0,0,0
2021-05-10 11:45,74,34,40,0,0,0
2021-05-10 12:00,82,35,47,0,0,0
2021-05-10 12:15,62,23,39,0,0,0
2021-05-10 12:30,73,26,47,0,0,0
2021-05-10 12:45,117,53,64,0,0,0
2021-05-10 13:00,77,23,54,0,0,0
2021-05-10 13:15,61,23,38,0,0,0
2021-05-10 13:30,127,33,94,0,0,0
2021-05-10 13:45,76,34,42,0,0,0
2021-05-10 14:00,86,42,44,0,0,0
2021-05-10 14:15,107,55,52,0,0,0
2021-05-10 14:30,82,31,51,0,0,0
2021-05-10 14:45,86,49,37,0,0,0
2021-05-10 15:00,86,51,35,0,0,0
2021-05-10 15:15,85,48,37,0,0,0
2021-05-10 15:30,87,59,28,0,0,0
2021-05-10 15:45,89,40,49,0,0,0
2021-05-10 16:00,92,42,50,0,0,0
2021-05-10 16:15,84,50,34,0,0,0
2021-05-10 16:30,113,59,54,0,0,0
2021-05-10 16:45,100,54,46,0,0,0
2021-05-10 17:00,81,37,44,0,0,0
2021-05-10 17:15,100,51,49,0,0,0
2021-05-10 17:30,88,47,41,0,0,0
2021-05-10 17:45,103,45,58,0,0,0
2021-05-10 18:00,84,31,53,0,0,0
2021-05-10 18:15,75,36,39,0,0,0
2021-05-10 18:30,62,16,46,0,0,0
2021-05-10 18:45,65,24,41,0,0,0
2021-05-10 19:00,37,15,22,0,0,0
2021-05-10 19:15,52,18,34,0,0,0
2021-05-10 19:30,42,28,14,0,0,0
2021-05-10 19:45,22,11,11,0,0,0
2021-05-10 20:00,33,17,16,0,0,0
2021-05-10 20:15,21,6,15,0,0,0
2021-05-10 20:30,26,15,11,0,0,0
2021-05-10 20:45,19,12,7,0,0,0
2021-05-10 21:00,26,17,9,0,0,0
2021-05-10 21:15,16,6,10,0,0,0
2021-05-10 21:30,18,12,6,0,0,0
2021-05-10 21:45,15,5,10,0,0,0
2021-05-10 22:00,14,7,7,0,0,0
2021-05-10 22:15,7,4,3,0,0,0
2021-05-10 22:30,7,1,6,0,0,0
2021-05-10 22:45,7,1,6,0,0,0
2021-05-10 23:00,5,4,1,0,0,0
2021-05-10 23:15,5,3,2,0,0,0
2021-05-10 23:30,6,2,4,0,0,0
2021-05-10 23:45,7,1,6,0,0,0
2021-05-11 00:00,3,0,3,0,0,0
2021-05-11 00:15,0,0,0,0,0,0
2021-05-11 00:30,0,0,0,0,0,0
2021-05-11 00:45,2,1,1,0,0,0
2021-05-11 01:00,2,1,1,0,0,0
2021-05-11 01:15,0,0,0,0,0,0
2021-05-11 01:30,1,0,1,0,0,0
2021-05-11 01:45,0,0,0,0,0,0
2021-05-11 02:00,1,0,1,0,0,0
2021-05-11 02:15,0,0,0,0,0,0
2021-05-11 02:30,0,0,0,0,0,0
2021-05-11 02:45,0,0,0,0,0,0
2021-05-11 03:00,0,0,0,0,0,0
2021-05-11 03:15,0,0,0,0,0,0
2021-05-11 03:30,0,0,0,0,0,0
2021-05-11 03:45,1,0,1,0,0,0
2021-05-11 04:00,0,0,0,0,0,0
2021-05-11 04:15,1,1,0,0,0,0
2021-05-11 04:30,1,0,1,0,0,0
2021-05-11 04:45,3,1,2,0,0,0
2021-05-11 05:00,0,0,0,0,0,0
2021-05-11 05:15,1,1,0,0,0,0
2021-05-11 05:30,8,2,6,0,0,0
2021-05-11 05:45,10,3,7,0,0,0
2021-05-11 06:00,4,2,2,0,0,0
2021-05-11 06:15,16,6,10,0,0,0
2021-05-11 06:30,34,14,20,0,0,0
2021-05-11 06:45,58,23,35,0,0,0
2021-05-11 07:00,54,19,35,0,0,0
2021-05-11 07:15,60,20,40,0,0,0
2021-05-11 07:30,98,43,55,0,0,0
2021-05-11 07:45,160,83,77,0,0,0
2021-05-11 08:00,143,88,55,0,0,0
2021-05-11 08:15,102,51,51,0,0,0
2021-05-11 08:30,97,43,54,0,0,0
2021-05-11 08:45,85,46,39,0,0,0
2021-05-11 09:00,61,28,33,0,0,0
2021-05-11 09:15,61,25,36,0,0,0
2021-05-11 09:30,53,27,26,0,0,0
2021-05-11 09:45,52,22,30,0,0,0
2021-05-11 10:00,68,34,34,0,0,0
2021-05-11 10:15,39,18,21,0,0,0
2021-05-11 10:30,52,32,20,0,0,0
2021-05-11 10:45,37,24,13,0,0,0
2021-05-11 11:00,53,29,24,0,0,0
2021-05-11 11:15,54,26,28,0,0,0
2021-05-11 11:30,52,21,31,0,0,0
2021-05-11 11:45,73,33,40,0,0,0
2021-05-11 12:00,64,19,45,0,0,0
2021-05-11 12:15,73,33,40,0,0,0
2021-05-11 12:30,82,38,44,0,0,0
2021-05-11 12:45,76,40,36,0,0,0
2021-05-11 13:00,68,22,46,0,0,0
2021-05-11 13:15,69,25,44,0,0,0
2021-05-11 13:30,114,28,86,0,0,0
2021-05-11 13:45,89,31,58,0,0,0
2021-05-11 14:00,66,30,36,0,0,0
2021-05-11 14:15,53,23,30,0,0,0
2021-05-11 14:30,76,36,40,0,0,0
2021-05-11 14:45,71,34,37,0,0,0
2021-05-11 15:00,60,24,36,0,0,0
2021-05-11 15:15,68,45,23,0,0,0
2021-05-11 15:30,45,24,21,0,0,0
2021-05-11 15:45,89,47,42,0,0,0
2021-05-11 16:00,83,49,34,0,0,0
2021-05-11 16:15,56,31,25,0,0,0
2021-05-11 16:30,90,49,41,0,0,0
2021-05-11 16:45,73,39,34,0,0,0
2021-05-11 17:00,78,37,41,0,0,0
2021-05-11 17:15,61,36,25,0,0,0
2021-05-11 17:30,71,37,34,0,0,0
2021-05-11 17:45,61,28,33,0,0,0
2021-05-11 18:00,84,39,45,0,0,0
2021-05-11 18:15,51,15,36,0,0,0
2021-05-11 18:30,42,9,33,0,0,0
2021-05-11 18:45,49,19,30,0,0,0
2021-05-11 19:00,42,14,28,0,0,0
2021-05-11 19:15,41,22,19,0,0,0
2021-05-11 19:30,21,5,16,0,0,0
2021-05-11 19:45,19,9,10,0,0,0
2021-05-11 20:00,29,9,20,0,0,0
2021-05-11 20:15,23,10,13,0,0,0
2021-05-11 20:30,11,2,9,0,0,0
2021-05-11 20:45,18,11,7,0,0,0
2021-05-11 21:00,23,11,12,0,0,0
2021-05-11 21:15,22,9,13,0,0,0
2021-05-11 21:30,15,8,7,0,0,0
2021-05-11 21:45,9,8,1,0,0,0
2021-05-11 22:00,9,5,4,0,0,0
2021-05-11 22:15,6,5,1,0,0,0
2021-05-11 22:30,6,2,4,0,0,0
2021-05-11 22:45,3,0,3,0,0,0
2021-05-11 23:00,6,2,4,0,0,0
2021-05-11 23:15,4,1,3,0,0,0
2021-05-11 23:30,4,2,2,0,0,0
2021-05-11 23:45,5,1,4,0,0,0
2021-05-12 00:00,5,1,4,0,0,0
2021-05-12 00:15,2,1,1,0,0,0
2021-05-12 00:30,2,2,0,0,0,0
2021-05-12 00:45,3,0,3,0,0,0
2021-05-12 01:00,3,0,3,0,0,0
2021-05-12 01:15,1,0,1,0,0,0
2021-05-12 01:30,1,1,0,0,0,0
2021-05-12 01:45,0,0,0,0,0,0
2021-05-12 02:00,2,0,2,0,0,0
2021-05-12 02:15,2,0,2,0,0,0
2021-05-12 02:30,0,0,0,0,0,0
2021-05-12 02:45,0,0,0,0,0,0
2021-05-12 03:00,1,1,0,0,0,0
2021-05-12 03:15,0,0,0,0,0,0
2021-05-12 03:30,0,0,0,0,0,0
2021-05-12 03:45,0,0,0,0,0,0
2021-05-12 04:00,0,0,0,0,0,0
2021-05-12 04:15,2,1,1,0,0,0
2021-05-12 04:30,0,0,0,0,0,0
2021-05-12 04:45,4,3,1,0,0,0
2021-05-12 05:00,0,0,0,0,0,0
2021-05-12 05:15,3,2,1,0,0,0
2021-05-12 05:30,7,2,5,0,0,0
2021-05-12 05:45,9,4,5,0,0,0
2021-05-12 06:00,6,5,1,0,0,0
2021-05-12 06:15,29,9,20,0,0,0
2021-05-12 06:30,34,16,18,0,0,0
2021-05-12 06:45,67,24,43,0,0,0
2021-05-12 07:00,62,22,40,0,0,0
2021-05-12 07:15,67,31,36,0,0,0
2021-05-12 07:30,122,58,64,0,0,0
2021-05-12 07:45,161,89,72,0,0,0
2021-05-12 08:00,194,130,64,0,0,0
2021-05-12 08:15,100,53,47,0,0,0
2021-05-12 08:30,102,59,43,0,0,0
2021-05-12 08:45,126,73,53,0,0,0
2021-05-12 09:00,91,55,36,0,0,0
2021-05-12 09:15,95,43,52,0,0,0
2021-05-12 09:30,72,45,27,0,0,0
2021-05-12 09:45,72,36,36,0,0,0
2021-05-12 10:00,89,35,54,0,0,0
2021-05-12 10:15,99,55,44,0,0,0
2021-05-12 10:30,63,31,32,0,0,0
2021-05-12 10:45,99,51,48,0,0,0
2021-05-12 11:00,77,44,33,0,0,0
2021-05-12 11:15,88,49,39,0,0,0
2021-05-12 11:30,95,50,45,0,0,0
2021-05-12 11:45,125,59,66,0,0,0
2021-05-12 12:00,102,48,54,0,0,0
2021-05-12 12:15,129,57,72,0,0,0
2021-05-12 12:30,88,43,45,0,0,0
2021-05-12 12:45,107,48,59,0,0,0
2021-05-12 13:00,144,66,78,0,0,0
2021-05-12 13:15,108,40,68,0,0,0
2021-05-12 13:30,163,46,117,0,0,0
2021-05-12 13:45,122,53,69,0,0,0
2021-05-12 14:00,111,46,65,0,0,0
2021-05-12 14:15,118,58,60,0,0,0
2021-05-12 14:30,108,43,65,0,0,0
2021-05-12 14:45,105,37,68,0,0,0
2021-05-12 15:00,102,50,52,0,0,0
2021-05-12 15:15,70,39,31,0,0,0
2021-05-12 15:30,104,64,40,0,0,0
2021-05-12 15:45,99,41,58,0,0,0
2021-05-12 16:00,108,53,55,0,0,0
2021-05-12 16:15,105,67,38,0,0,0
2021-05-12 16:30,101,56,45,0,0,0
2021-05-12 16:45,119,69,50,0,0,0
2021-05-12 17:00,110,61,49,0,0,0
2021-05-12 17:15,96,48,48,0,0,0
2021-05-12 17:30,91,42,49,0,0,0
2021-05-12 17:45,75,31,44,0,0,0
2021-05-12 18:00,96,48,48,0,0,0
2021-05-12 18:15,84,29,55,0,0,0
2021-05-12 18:30,74,38,36,0,0,0
2021-05-12 18:45,52,18,34,0,0,0
2021-05-12 19:00,55,20,35,0,0,0
2021-05-12 19:15,45,9,36,0,0,0
2021-05-12 19:30,50,14,36,0,0,0
2021-05-12 19:45,46,17,29,0,0,0
2021-05-12 20:00,44,12,32,0,0,0
2021-05-12 20:15,37,12,25,0,0,0
2021-05-12 20:30,21,4,17,0,0,0
2021-05-12 20:45,22,7,15,0,0,0
2021-05-12 21:00,22,14,8,0,0,0
2021-05-12 21:15,20,11,9,0,0,0
2021-05-12 21:30,14,8,6,0,0,0
2021-05-12 21:45,11,4,7,0,0,0
2021-05-12 22:00,19,10,9,0,0,0
2021-05-12 22:15,11,3,8,0,0,0
2021-05-12 22:30,9,2,7,0,0,0
2021-05-12 22:45,8,6,2,0,0,0
2021-05-12 23:00,6,1,5,0,0,0
2021-05-12 23:15,7,3,4,0,0,0
2021-05-12 23:30,11,4,7,0,0,0
2021-05-12 23:45,6,1,5,0,0,0
2021-05-13 00:00,6,2,4,0,0,0
2021-05-13 00:15,5,2,3,0,0,0
2021-05-13 00:30,11,3,8,0,0,0
2021-05-13 00:45,6,1,5,0,0,0
2021-05-13 01:00,8,1,7,0,0,0
2021-05-13 01:15,8,5,3,0,0,0
2021-05-13 01:30,4,1,3,0,0,0
2021-05-13 01:45,11,4,7,0,0,0
2021-05-13 02:00,5,3,2,0,0,0
2021-05-13 02:15,3,1,2,0,0,0
2021-05-13 02:30,4,3,1,0,0,0
2021-05-13 02:45,1,0,1,0,0,0
2021-05-13 03:00,1,0,1,0,0,0
2021-05-13 03:15,2,0,2,0,0,0
2021-05-13 03:30,0,0,0,0,0,0
2021-05-13 03:45,2,0,2,0,0,0
2021-05-13 04:00,1,1,0,0,0,0
2021-05-13 04:15,2,2,0,0,0,0
2021-05-13 04:30,3,1,2,0,0,0
2021-05-13 04:45,1,1,0,0,0,0
2021-05-13 05:00,1,0,1,0,0,0
2021-05-13 05:15,0,0,0,0,0,0
2021-05-13 05:30,3,3,0,0,0,0
2021-05-13 05:45,5,0,5,0,0,0
2021-05-13 06:00,4,2,2,0,0,0
2021-05-13 06:15,4,1,3,0,0,0
2021-05-13 06:30,9,4,5,0,0,0
2021-05-13 06:45,4,3,1,0,0,0
2021-05-13 07:00,5,4,1,0,0,0
2021-05-13 07:15,12,6,6,0,0,0
2021-05-13 07:30,9,4,5,0,0,0
2021-05-13 07:45,12,8,4,0,0,0
2021-05-13 08:00,10,5,5,0,0,0
2021-05-13 08:15,11,6,5,0,0,0
2021-05-13 08:30,3,3,0,0,0,0
2021-05-13 08:45,14,10,4,0,0,0
2021-05-13 09:00,19,5,14,0,0,0
2021-05-13 09:15,17,5,12,0,0,0
2021-05-13 09:30,18,6,12,0,0,0
2021-05-13 09:45,19,10,9,0,0,0
2021-05-13 10:00,27,10,17,0,0,0
2021-05-13 10:15,37,21,16,0,0,0
2021-05-13 10:30,31,15,16,0,0,0
2021-05-13 10:45,64,34,30,0,0,0
2021-05-13 11:00,50,22,28,0,0,0
2021-05-13 11:15,49,10,39,0,0,0
2021-05-13 11:30,38,20,18,0,0,0
2021-05-13 11:45,46,25,21,0,0,0
2021-05-13 12:00,52,28,24,0,0,0
2021-05-13 12:15,38,18,20,0,0,0
2021-05-13 12:30,49,27,22,0,0,0
2021-05-13 12:45,31,11,20,0,0,0
2021-05-13 13:00,61,30,31,0,0,0
2021-05-13 13:15,54,24,30,0,0,0
2021-05-13 13:30,48,27,21,0,0,0
2021-05-13 13:45,57,26,31,0,0,0
2021-05-13 14:00,44,15,29,0,0,0
2021-05-13 14:15,61,44,17,0,0,0
2021-05-13 14:30,44,21,23,0,0,0
2021-05-13 14:45,52,28,24,0,0,0
2021-05-13 15:00,47,22,25,0,0,0
2021-05-13 15:15,51,22,29,0,0,0
2021-05-13 15:30,38,14,24,0,0,0
2021-05-13 15:45,62,24,38,0,0,0
2021-05-13 16:00,50,17,33,0,0,0
2021-05-13 16:15,51,25,26,0,0,0
2021-05-13 16:30,33,12,21,0,0,0
2021-05-13 16:45,55,21,34,0,0,0
2021-05-13 17:00,64,27,37,0,0,0
2021-05-13 17:15,58,19,39,0,0,0
2021-05-13 17:30,45,16,29,0,0,0
2021-05-13 17:45,55,17,38,0,0,0
2021-05-13 18:00,59,28,31,0,0,0
2021-05-13 18:15,49,29,20,0,0,0
2021-05-13 18:30,47,16,31,0,0,0
2021-05-13 18:45,38,12,26,0,0,0
2021-05-13 19:00,22,9,13,0,0,0
2021-05-13 19:15,38,14,24,0,0,0
2021-05-13 19:30,37,18,19,0,0,0
2021-05-13 19:45,39,23,16,0,0,0
2021-05-13 20:00,25,13,12,0,0,0
2021-05-13 20:15,32,16,16,0,0,0
2021-05-13 20:30,22,14,8,0,0,0
2021-05-13 20:45,17,6,11,0,0,0
2021-05-13 21:00,23,10,13,0,0,0
2021-05-13 21:15,13,10,3,0,0,0
2021-05-13 21:30,20,12,8,0,0,0
2021-05-13 21:45,12,3,9,0,0,0
2021-05-13 22:00,20,3,17,0,0,0
2021-05-13 22:15,17,9,8,0,0,0
2021-05-13 22:30,10,3,7,0,0,0
2021-05-13 22:45,16,3,13,0,0,0
2021-05-13 23:00,17,3,14,0,0,0
2021-05-13 23:15,11,6,5,0,0,0
2021-05-13 23:30,8,5,3,0,0,0
2021-05-13 23:45,8,4,4,0,0,0
2021-05-14 00:00,7,0,7,0,0,0
2021-05-14 00:15,8,0,8,0,0,0
2021-05-14 00:30,7,0,7,0,0,0
2021-05-14 00:45,11,6,5,0,0,0
2021-05-14 01:00,2,1,1,0,0,0
2021-05-14 01:15,9,3,6,0,0,0
2021-05-14 01:30,2,1,1,0,0,0
2021-05-14 01:45,2,1,1,0,0,0
2021-05-14 02:00,3,0,3,0,0,0
2021-05-14 02:15,0,0,0,0,0,0
2021-05-14 02:30,0,0,0,0,0,0
2021-05-14 02:45,2,0,2,0,0,0
2021-05-14 03:00,1,0,1,0,0,0
2021-05-14 03:15,2,0,2,0,0,0
2021-05-14 03:30,1,1,0,0,0,0
2021-05-14 03:45,1,0,1,0,0,0
2021-05-14 04:00,1,0,1,0,0,0
2021-05-14 04:15,2,1,1,0,0,0
2021-05-14 04:30,0,0,0,0,0,0
2021-05-14 04:45,3,0,3,0,0,0
2021-05-14 05:00,1,1,0,0,0,0
2021-05-14 05:15,1,1,0,0,0,0
2021-05-14 05:30,3,0,3,0,0,0
2021-05-14 05:45,8,5,3,0,0,0
2021-05-14 06:00,5,0,5,0,0,0
2021-05-14 06:15,9,3,6,0,0,0
2021-05-14 06:30,20,8,12,0,0,0
2021-05-14 06:45,29,10,19,0,0,0
2021-05-14 07:00,35,18,17,0,0,0
2021-05-14 07:15,28,9,19,0,0,0
2021-05-14 07:30,58,23,35,0,0,0
2021-05-14 07:45,61,22,39,0,0,0
2021-05-14 08:00,47,24,23,0,0,0
2021-05-14 08:15,47,23,24,0,0,0
2021-05-14 08:30,39,16,23,0,0,0
2021-05-14 08:45,42,15,27,0,0,0
2021-05-14 09:00,31,17,14,0,0,0
2021-05-14 09:15,39,27,12,0,0,0
2021-05-14 09:30,26,8,18,0,0,0
2021-05-14 09:45,54,32,22,0,0,0
2021-05-14 10:00,38,25,13,0,0,0
2021-05-14 10:15,31,21,10,0,0,0
2021-05-14 10:30,34,16,18,0,0,0
2021-05-14 10:45,42,27,15,0,0,0
2021-05-14 11:00,46,20,26,0,0,0
2021-05-14 11:15,47,28,19,0,0,0
2021-05-14 11:30,42,16,26,0,0,0
2021-05-14 11:45,65,39,26,0,0,0
2021-05-14 12:00,52,33,19,0,0,0
2021-05-14 12:15,71,25,46,0,0,0
2021-05-14 12:30,77,38,39,0,0,0
2021-05-14 12:45,88,44,44,0,0,0
2021-05-14 13:00,98,55,43,0,0,0
2021-05-14 13:15,72,39,33,0,0,0
2021-05-14 13:30,77,43,34,0,0,0
2021-05-14 13:45,79,43,36,0,0,0
2021-05-14 14:00,71,40,31,0,0,0
2021-05-14 14:15,65,35,30,0,0,0
2021-05-14 14:30,73,37,36,0,0,0
2021-05-14 14:45,60,37,23,0,0,0
2021-05-14 15:00,67,39,28,0,0,0
2021-05-14 15:15,74,47,27,0,0,0
2021-05-14 15:30,78,37,41,0,0,0
2021-05-14 15:45,92,60,32,0,0,0
2021-05-14 16:00,83,43,40,0,0,0
2021-05-14 16:15,115,53,62,0,0,0
2021-05-14 16:30,98,45,53,0,0,0
2021-05-14 16:45,82,48,34,0,0,0
2021-05-14 17:00,83,36,47,0,0,0
2021-05-14 17:15,81,19,62,0,0,0
2021-05-14 17:30,75,37,38,0,0,0
2021-05-14 17:45,79,28,51,0,0,0
2021-05-14 18:00,71,34,37,0,0,0
2021-05-14 18:15,75,29,46,0,0,0
2021-05-14 18:30,59,22,37,0,0,0
2021-05-14 18:45,40,10,30,0,0,0
2021-05-14 19:00,61,23,38,0,0,0
2021-05-14 19:15,30,16,14,0,0,0
2021-05-14 19:30,45,15,30,0,0,0
2021-05-14 19:45,43,21,22,0,0,0
2021-05-14 20:00,39,15,24,0,0,0
2021-05-14 20:15,19,5,14,0,0,0
2021-05-14 20:30,25,7,18,0,0,0
2021-05-14 20:45,36,14,22,0,0,0
2021-05-14 21:00,35,14,21,0,0,0
2021-05-14 21:15,16,8,8,0,0,0
2021-05-14 21:30,17,8,9,0,0,0
2021-05-14 21:45,18,5,13,0,0,0
2021-05-14 22:00,17,8,9,0,0,0
2021-05-14 22:15,24,6,18,0,0,0
2021-05-14 22:30,17,4,13,0,0,0
2021-05-14 22:45,11,3,8,0,0,0
2021-05-14 23:00,13,8,5,0,0,0
2021-05-14 23:15,7,5,2,0,0,0
2021-05-14 23:30,7,2,5,0,0,0
2021-05-14 23:45,10,2,8,0,0,0
2021-05-15 00:00,5,1,4,0,0,0
2021-05-15 00:15,5,1,4,0,0,0
2021-05-15 00:30,12,7,5,0,0,0
2021-05-15 00:45,6,4,2,0,0,0
2021-05-15 01:00,4,4,0,0,0,0
2021-05-15 01:15,15,12,3,0,0,0
2021-05-15 01:30,10,4,6,0,0,0
2021-05-15 01:45,9,4,5,0,0,0
2021-05-15 02:00,5,2,3,0,0,0
2021-05-15 02:15,3,1,2,0,0,0
2021-05-15 02:30,6,1,5,0,0,0
2021-05-15 02:45,5,1,4,0,0,0
2021-05-15 03:00,1,0,1,0,0,0
2021-05-15 03:15,2,2,0,0,0,0
2021-05-15 03:30,3,2,1,0,0,0
2021-05-15 03:45,1,0,1,0,0,0
2021-05-15 04:00,0,0,0,0,0,0
2021-05-15 04:15,3,1,2,0,0,0
2021-05-15 04:30,0,0,0,0,0,0
2021-05-15 04:45,0,0,0,0,0,0
2021-05-15 05:00,1,0,1,0,0,0
2021-05-15 05:15,4,4,0,0,0,0
2021-05-15 05:30,5,2,3,0,0,0
2021-05-15 05:45,7,1,6,0,0,0
2021-05-15 06:00,7,4,3,0,0,0
2021-05-15 06:15,7,5,2,0,0,0
2021-05-15 06:30,6,5,1,0,0,0
2021-05-15 06:45,8,6,2,0,0,0
2021-05-15 07:00,9,6,3,0,0,0
2021-05-15 07:15,4,3,1,0,0,0
2021-05-15 07:30,18,9,9,0,0,0
2021-05-15 07:45,28,18,10,0,0,0
2021-05-15 08:00,26,22,4,0,0,0
2021-05-15 08:15,37,27,10,0,0,0
2021-05-15 08:30,30,21,9,0,0,0
2021-05-15 08:45,49,34,15,0,0,0
2021-05-15 09:00,37,20,17,0,0,0
2021-05-15 09:15,40,19,21,0,0,0
2021-05-15 09:30,39,21,18,0,0,0
2021-05-15 09:45,41,22,19,0,0,0
2021-05-15 10:00,32,13,19,0,0,0
2021-05-15 10:15,58,44,14,0,0,0
2021-05-15 10:30,70,58,12,0,0,0
2021-05-15 10:45,66,38,28,0,0,0
2021-05-15 11:00,69,34,35,0,0,0
2021-05-15 11:15,84,47,37,0,0,0
2021-05-15 11:30,70,34,36,0,0,0
2021-05-15 11:45,63,37,26,0,0,0
2021-05-15 12:00,69,35,34,0,0,0
2021-05-15 12:15,93,42,51,0,0,0
2021-05-15 12:30,71,32,39,0,0,0
2021-05-15 12:45,78,37,41,0,0,0
2021-05-15 13:00,70,38,32,0,0,0
2021-05-15 13:15,80,35,45,0,0,0
2021-05-15 13:30,72,26,46,0,0,0
2021-05-15 13:45,57,30,27,0,0,0
2021-05-15 14:00,49,15,34,0,0,0
2021-05-15 14:15,60,29,31,0,0,0
2021-05-15 14:30,55,21,34,0,0,0
2021-05-15 14:45,73,29,44,0,0,0
2021-05-15 15:00,45,20,25,0,0,0
2021-05-15 15:15,36,7,29,0,0,0
2021-05-15 15:30,28,9,19,0,0,0
2021-05-15 15:45,49,17,32,0,0,0
2021-05-15 16:00,44,17,27,0,0,0
2021-05-15 16:15,45,21,24,0,0,0
2021-05-15 16:30,45,33,12,0,0,0
2021-05-15 16:45,43,21,22,0,0,0
2021-05-15 17:00,37,20,17,0,0,0
2021-05-15 17:15,48,22,26,0,0,0
2021-05-15 17:30,49,14,35,0,0,0
2021-05-15 17:45,56,24,32,0,0,0
2021-05-15 18:00,33,11,22,0,0,0
2021-05-15 18:15,10,2,8,0,0,0
2021-05-15 18:30,26,10,16,0,0,0
2021-05-15 18:45,13,2,11,0,0,0
2021-05-15 19:00,29,11,18,0,0,0
2021-05-15 19:15,27,9,18,0,0,0
2021-05-15 19:30,20,10,10,0,0,0
2021-05-15 19:45,18,4,14,0,0,0
2021-05-15 20:00,22,10,12,0,0,0
2021-05-15 20:15,23,6,17,0,0,0
2021-05-15 20:30,14,6,8,0,0,0
2021-05-15 20:45,13,4,9,0,0,0
2021-05-15 21:00,14,8,6,0,0,0
2021-05-15 21:15,13,7,6,0,0,0
2021-05-15 21:30,11,6,5,0,0,0
2021-05-15 21:45,7,3,4,0,0,0
2021-05-15 22:00,7,5,2,0,0,0
2021-05-15 22:15,10,5,5,0,0,0
2021-05-15 22:30,6,2,4,0,0,0
2021-05-15 22:45,3,0,3,0,0,0
2021-05-15 23:00,4,3,1,0,0,0
2021-05-15 23:15,10,1,9,0,0,0
2021-05-15 23:30,8,0,8,0,0,0
2021-05-15 23:45,7,1,6,0,0,0
2021-05-16 00:00,6,0,6,0,0,0
2021-05-16 00:15,7,5,2,0,0,0
2021-05-16 00:30,7,1,6,0,0,0
2021-05-16 00:45,7,3,4,0,0,0
2021-05-16 01:00,6,2,4,0,0,0
2021-05-16 01:15,1,0,1,0,0,0
2021-05-16 01:30,2,0,2,0,0,0
2021-05-16 01:45,5,4,1,0,0,0
2021-05-16 02:00,8,4,4,0,0,0
2021-05-16 02:15,2,0,2,0,0,0
2021-05-16 02:30,5,4,1,0,0,0
2021-05-16 02:45,3,1,2,0,0,0
2021-05-16 03:00,2,0,2,0,0,0
2021-05-16 03:15,4,0,4,0,0,0
2021-05-16 03:30,2,1,1,0,0,0
2021-05-16 03:45,1,0,1,0,0,0
2021-05-16 04:00,1,0,1,0,0,0
2021-05-16 04:15,0,0,0,0,0,0
2021-05-16 04:30,1,1,0,0,0,0
2021-05-16 04:45,0,0,0,0,0,0
2021-05-16 05:00,0,0,0,0,0,0
2021-05-16 05:15,0,0,0,0,0,0
2021-05-16 05:30,5,3,2,0,0,0
2021-05-16 05:45,3,0,3,0,0,0
2021-05-16 06:00,2,0,2,0,0,0
2021-05-16 06:15,4,4,0,0,0,0
2021-05-16 06:30,2,2,0,0,0,0
2021-05-16 06:45,3,2,1,0,0,0
2021-05-16 07:00,1,1,0,0,0,0
2021-05-16 07:15,4,2,2,0,0,0
2021-05-16 07:30,3,0,3,0,0,0
2021-05-16 07:45,3,0,3,0,0,0
2021-05-16 08:00,4,0,4,0,0,0
2021-05-16 08:15,9,4,5,0,0,0
2021-05-16 08:30,11,8,3,0,0,0
2021-05-16 08:45,12,7,5,0,0,0
2021-05-16 09:00,8,2,6,0,0,0
2021-05-16 09:15,6,6,0,0,0,0
2021-05-16 09:30,19,14,5,0,0,0
2021-05-16 09:45,25,16,9,0,0,0
2021-05-16 10:00,24,13,11,0,0,0
2021-05-16 10:15,21,7,14,0,0,0
2021-05-16 10:30,17,11,6,0,0,0
2021-05-16 10:45,29,16,13,0,0,0
2021-05-16 11:00,15,4,11,0,0,0
2021-05-16 11:15,31,14,17,0,0,0
2021-05-16 11:30,24,13,11,0,0,0
2021-05-16 11:45,31,18,13,0,0,0
2021-05-16 12:00,35,23,12,0,0,0
2021-05-16 12:15,43,25,18,0,0,0
2021-05-16 12:30,45,17,28,0,0,0
2021-05-16 12:45,18,7,11,0,0,0
2021-05-16 13:00,45,17,28,0,0,0
2021-05-16 13:15,22,2,20,0,0,0
2021-05-16 13:30,26,13,13,0,0,0
2021-05-16 13:45,38,28,10,0,0,0
2021-05-16 14:00,37,17,20,0,0,0
2021-05-16 14:15,20,10,10,0,0,0
2021-05-16 14:30,41,15,26,0,0,0
2021-05-16 14:45,57,30,27,0,0,0
2021-05-16 15:00,47,28,19,0,0,0
2021-05-16 15:15,45,26,19,0,0,0
2021-05-16 15:30,43,20,23,0,0,0
2021-05-16 15:45,46,27,19,0,0,0
2021-05-16 16:00,38,12,26,0,0,0
2021-05-16 16:15,58,23,35,0,0,0
2021-05-16 16:30,63,27,36,0,0,0
2021-05-16 16:45,54,19,35,0,0,0
2021-05-16 17:00,47,14,33,0,0,0
2021-05-16 17:15,27,15,12,0,0,0
2021-05-16 17:30,26,6,20,0,0,0
2021-05-16 17:45,39,14,25,0,0,0
2021-05-16 18:00,34,10,24,0,0,0
2021-05-16 18:15,30,12,18,0,0,0
2021-05-16 18:30,32,14,18,0,0,0
2021-05-16 18:45,29,11,18,0,0,0
2021-05-16 19:00,28,14,14,0,0,0
2021-05-16 19:15,26,17,9,0,0,0
2021-05-16 19:30,11,2,9,0,0,0
2021-05-16 19:45,16,8,8,0,0,0
2021-05-16 20:00,21,2,19,0,0,0
2021-05-16 20:15,22,8,14,0,0,0
2021-05-16 20:30,16,3,13,0,0,0
2021-05-16 20:45,16,8,8,0,0,0
2021-05-16 21:00,19,9,10,0,0,0
2021-05-16 21:15,14,8,6,0,0,0
2021-05-16 21:30,15,2,13,0,0,0
2021-05-16 21:45,14,0,14,0,0,0
2021-05-16 22:00,10,3,7,0,0,0
2021-05-16 22:15,14,4,10,0,0,0
2021-05-16 22:30,7,0,7,0,0,0
2021-05-16 22:45,8,3,5,0,0,0
2021-05-16 23:00,7,2,5,0,0,0
2021-05-16 23:15,2,1,1,0,0,0
2021-05-16 23:30,3,1,2,0,0,0
2021-05-16 23:45,0,0,0,0,0,0
2021-05-17 00:00,5,0,5,0,0,0
2021-05-17 00:15,1,0,1,0,0,0
2021-05-17 00:30,1,1,0,0,0,0
2021-05-17 00:45,1,0,1,0,0,0
2021-05-17 01:00,1,0,1,0,0,0
2021-05-17 01:15,1,1,0,0,0,0
2021-05-17 01:30,0,0,0,0,0,0
2021-05-17 01:45,2,0,2,0,0,0
2021-05-17 02:00,0,0,0,0,0,0
2021-05-17 02:15,0,0,0,0,0,0
2021-05-17 02:30,0,0,0,0,0,0
2021-05-17 02:45,0,0,0,0,0,0
2021-05-17 03:00,0,0,0,0,0,0
2021-05-17 03:15,1,1,0,0,0,0
2021-05-17 03:30,0,0,0,0,0,0
2021-05-17 03:45,0,0,0,0,0,0
2021-05-17 04:00,0,0,0,0,0,0
2021-05-17 04:15,2,1,1,0,0,0
2021-05-17 04:30,0,0,0,0,0,0
2021-05-17 04:45,0,0,0,0,0,0
2021-05-17 05:00,0,0,0,0,0,0
2021-05-17 05:15,3,0,3,0,0,0
2021-05-17 05:30,12,4,8,0,0,0
2021-05-17 05:45,10,4,6,0,0,0
2021-05-17 06:00,4,0,4,0,0,0
2021-05-17 06:15,21,8,13,0,0,0
2021-05-17 06:30,27,8,19,0,0,0
2021-05-17 06:45,61,22,39,0,0,0
2021-05-17 07:00,48,24,24,0,0,0
2021-05-17 07:15,69,32,37,0,0,0
2021-05-17 07:30,101,52,49,0,0,0
2021-05-17 07:45,146,85,61,0,0,0
2021-05-17 08:00,138,94,44,0,0,0
2021-05-17 08:15,100,48,52,0,0,0
2021-05-17 08:30,94,50,44,0,0,0
2021-05-17 08:45,88,39,49,0,0,0
2021-05-17 09:00,49,16,33,0,0,0
2021-05-17 09:15,60,31,29,0,0,0
2021-05-17 09:30,53,28,25,0,0,0
2021-05-17 09:45,51,33,18,0,0,0
2021-05-17 10:00,41,21,20,0,0,0
2021-05-17 10:15,42,22,20,0,0,0
2021-05-17 10:30,29,16,13,0,0,0
2021-05-17 10:45,32,14,18,0,0,0
2021-05-17 11:00,38,21,17,0,0,0
2021-05-17 11:15,55,27,28,0,0,0
2021-05-17 11:30,53,20,33,0,0,0
2021-05-17 11:45,56,35,21,0,0,0
2021-05-17 12:00,48,20,28,0,0,0
2021-05-17 12:15,65,28,37,0,0,0
2021-05-17 12:30,70,26,44,0,0,0
2021-05-17 12:45,59,30,29,0,0,0
2021-05-17 13:00,72,22,50,0,0,0
2021-05-17 13:15,82,18,64,0,0,0
2021-05-17 13:30,100,25,75,0,0,0
2021-05-17 13:45,68,27,41,0,0,0
2021-05-17 14:00,77,45,32,0,0,0
2021-05-17 14:15,71,40,31,0,0,0
2021-05-17 14:30,68,26,42,0,0,0
2021-05-17 14:45,73,30,43,0,0,0
2021-05-17 15:00,75,47,28,0,0,0
2021-05-17 15:15,65,29,36,0,0,0
2021-05-17 15:30,56,31,25,0,0,0
2021-05-17 15:45,72,40,32,0,0,0
2021-05-17 16:00,86,46,40,0,0,0
2021-05-17 16:15,86,54,32,0,0,0
2021-05-17 16:30,79,49,30,0,0,0
2021-05-17 16:45,78,36,42,0,0,0
2021-05-17 17:00,75,44,31,0,0,0
2021-05-17 17:15,67,40,27,0,0,0
2021-05-17 17:30,98,53,45,0,0,0
2021-05-17 17:45,57,29,28,0,0,0
2021-05-17 18:00,74,34,40,0,0,0
2021-05-17 18:15,87,22,65,0,0,0
2021-05-17 18:30,36,19,17,0,0,0
2021-05-17 18:45,52,26,26,0,0,0
2021-05-17 19:00,31,13,18,0,0,0
2021-05-17 19:15,32,14,18,0,0,0
2021-05-17 19:30,34,17,17,0,0,0
2021-05-17 19:45,19,9,10,0,0,0
2021-05-17 20:00,20,10,10,0,0,0
2021-05-17 20:15,23,11,12,0,0,0
2021-05-17 20:30,21,8,13,0,0,0
2021-05-17 20:45,20,13,7,0,0,0
2021-05-17 21:00,18,11,7,0,0,0
2021-05-17 21:15,15,9,6,0,0,0
2021-05-17 21:30,12,3,9,0,0,0
2021-05-17 21:45,8,4,4,0,0,0
2021-05-17 22:00,5,2,3,0,0,0
2021-05-17 22:15,12,6,6,0,0,0
2021-05-17 22:30,3,2,1,0,0,0
2021-05-17 22:45,5,2,3,0,0,0
2021-05-17 23:00,15,6,9,0,0,0
2021-05-17 23:15,2,1,1,0,0,0
2021-05-17 23:30,4,2,2,0,0,0
2021-05-17 23:45,2,1,1,0,0,0
2021-05-18 00:00,6,4,2,0,0,0
2021-05-18 00:15,6,1,5,0,0,0
2021-05-18 00:30,0,0,0,0,0,0
2021-05-18 00:45,0,0,0,0,0,0
2021-05-18 01:00,3,0,3,0,0,0
2021-05-18 01:15,1,1,0,0,0,0
2021-05-18 01:30,2,1,1,0,0,0
2021-05-18 01:45,2,1,1,0,0,0
2021-05-18 02:00,1,1,0,0,0,0
2021-05-18 02:15,1,0,1,0,0,0
2021-05-18 02:30,1,0,1,0,0,0
2021-05-18 02:45,0,0,0,0,0,0
2021-05-18 03:00,0,0,0,0,0,0
2021-05-18 03:15,0,0,0,0,0,0
2021-05-18 03:30,0,0,0,0,0,0
2021-05-18 03:45,0,0,0,0,0,0
2021-05-18 04:00,0,0,0,0,0,0
2021-05-18 04:15,1,1,0,0,0,0
2021-05-18 04:30,1,0,1,0,0,0
2021-05-18 04:45,0,0,0,0,0,0
2021-05-18 05:00,0,0,0,0,0,0
2021-05-18 05:15,3,3,0,0,0,0
2021-05-18 05:30,13,3,10,0,0,0
2021-05-18 05:45,8,3,5,0,0,0
2021-05-18 06:00,12,4,8,0,0,0
2021-05-18 06:15,25,8,17,0,0,0
2021-05-18 06:30,31,11,20,0,0,0
2021-05-18 06:45,40,14,26,0,0,0
2021-05-18 07:00,53,17,36,0,0,0
2021-05-18 07:15,65,28,37,0,0,0
2021-05-18 07:30,111,54,57,0,0,0
2021-05-18 07:45,144,70,74,0,0,0
2021-05-18 08:00,145,89,56,0,0,0
2021-05-18 08:15,106,42,64,0,0,0
2021-05-18 08:30,72,40,32,0,0,0
2021-05-18 08:45,73,30,43,0,0,0
2021-05-18 09:00,46,23,23,0,0,0
2021-05-18 09:15,56,31,25,0,0,0
2021-05-18 09:30,53,27,26,0,0,0
2021-05-18 09:45,56,38,18,0,0,0
2021-05-18 10:00,54,21,33,0,0,0
2021-05-18 10:15,37,14,23,0,0,0
2021-05-18 10:30,36,16,20,0,0,0
2021-05-18 10:45,53,32,21,0,0,0
2021-05-18 11:00,50,25,25,0,0,0
2021-05-18 11:15,48,17,31,0,0,0
2021-05-18 11:30,55,27,28,0,0,0
2021-05-18 11:45,64,35,29,0,0,0
2021-05-18 12:00,54,19,35,0,0,0
2021-05-18 12:15,67,23,44,0,0,0
2021-05-18 12:30,41,22,19,0,0,0
2021-05-18 12:45,53,23,30,0,0,0
2021-05-18 13:00,96,36,60,0,0,0
2021-05-18 13:15,73,23,50,0,0,0
2021-05-18 13:30,97,23,74,0,0,0
2021-05-18 13:45,86,38,48,0,0,0
2021-05-18 14:00,72,40,32,0,0,0
2021-05-18 14:15,71,31,40,0,0,0
2021-05-18 14:30,77,35,42,0,0,0
2021-05-18 14:45,61,34,27,0,0,0
2021-05-18 15:00,80,39,41,0,0,0
2021-05-18 15:15,85,52,33,0,0,0
2021-05-18 15:30,79,39,40,0,0,0
2021-05-18 15:45,107,55,52,0,0,0
2021-05-18 16:00,109,67,42,0,0,0
2021-05-18 16:15,99,64,35,0,0,0
2021-05-18 16:30,86,52,34,0,0,0
2021-05-18 16:45,97,56,41,0,0,0
2021-05-18 17:00,98,51,47,0,0,0
2021-05-18 17:15,108,65,43,0,0,0
2021-05-18 17:30,88,41,47,0,0,0
2021-05-18 17:45,100,52,48,0,0,0
2021-05-18 18:00,92,43,49,0,0,0
2021-05-18 18:15,93,34,59,0,0,0
2021-05-18 18:30,65,22,43,0,0,0
2021-05-18 18:45,53,22,31,0,0,0
2021-05-18 19:00,48,15,33,0,0,0
2021-05-18 19:15,47,20,27,0,0,0
2021-05-18 19:30,34,13,21,0,0,0
2021-05-18 19:45,45,16,29,0,0,0
2021-05-18 20:00,35,13,22,0,0,0
2021-05-18 20:15,39,14,25,0,0,0
2021-05-18 20:30,23,11,12,0,0,0
2021-05-18 20:45,29,18,11,0,0,0
2021-05-18 21:00,21,13,8,0,0,0
2021-05-18 21:15,24,15,9,0,0,0
2021-05-18 21:30,22,8,14,0,0,0
2021-05-18 21:45,19,5,14,0,0,0
2021-05-18 22:00,15,6,9,0,0,0
2021-05-18 22:15,12,3,9,0,0,0
2021-05-18 22:30,12,4,8,0,0,0
2021-05-18 22:45,14,5,9,0,0,0
2021-05-18 23:00,7,1,6,0,0,0
2021-05-18 23:15,6,2,4,0,0,0
2021-05-18 23:30,4,1,3,0,0,0
2021-05-18 23:45,6,2,4,0,0,0
2021-05-19 00:00,13,6,7,0,0,0
2021-05-19 00:15,4,4,0,0,0,0
2021-05-19 00:30,5,1,4,0,0,0
2021-05-19 00:45,5,0,5,0,0,0
2021-05-19 01:00,0,0,0,0,0,0
2021-05-19 01:15,1,1,0,0,0,0
2021-05-19 01:30,2,2,0,0,0,0
2021-05-19 01:45,1,0,1,0,0,0
2021-05-19 02:00,0,0,0,0,0,0
2021-05-19 02:15,1,0,1,0,0,0
2021-05-19 02:30,0,0,0,0,0,0
2021-05-19 02:45,0,0,0,0,0,0
2021-05-19 03:00,0,0,0,0,0,0
2021-05-19 03:15,0,0,0,0,0,0
2021-05-19 03:30,0,0,0,0,0,0
2021-05-19 03:45,0,0,0,0,0,0
2021-05-19 04:00,0,0,0,0,0,0
2021-05-19 04:15,3,2,1,0,0,0
2021-05-19 04:30,0,0,0,0,0,0
2021-05-19 04:45,1,1,0,0,0,0
2021-05-19 05:00,1,0,1,0,0,0
2021-05-19 05:15,5,3,2,0,0,0
2021-05-19 05:30,10,2,8,0,0,0
2021-05-19 05:45,14,2,12,0,0,0
2021-05-19 06:00,9,4,5,0,0,0
2021-05-19 06:15,16,4,12,0,0,0
2021-05-19 06:30,43,15,28,0,0,0
2021-05-19 06:45,52,25,27,0,0,0
2021-05-19 07:00,43,14,29,0,0,0
2021-05-19 07:15,71,36,35,0,0,0
2021-05-19 07:30,112,54,58,0,0,0
2021-05-19 07:45,167,97,70,0,0,0
2021-05-19 08:00,145,87,58,0,0,0
2021-05-19 08:15,99,38,61,0,0,0
2021-05-19 08:30,95,53,42,0,0,0
2021-05-19 08:45,108,59,49,0,0,0
2021-05-19 09:00,70,32,38,0,0,0
2021-05-19 09:15,78,39,39,0,0,0
2021-05-19 09:30,80,44,36,0,0,0
2021-05-19 09:45,73,29,44,0,0,0
2021-05-19 10:00,84,48,36,0,0,0
2021-05-19 10:15,79,48,31,0,0,0
2021-05-19 10:30,66,40,26,0,0,0
2021-05-19 10:45,72,42,30,0,0,0
2021-05-19 11:00,66,29,37,0,0,0
2021-05-19 11:15,57,30,27,0,0,0
2021-05-19 11:30,81,34,47,0,0,0
2021-05-19 11:45,74,41,33,0,0,0
2021-05-19 12:00,78,28,50,0,0,0
2021-05-19 12:15,107,45,62,0,0,0
2021-05-19 12:30,100,39,61,0,0,0
2021-05-19 12:45,106,41,65,0,0,0
2021-05-19 13:00,108,48,60,0,0,0
2021-05-19 13:15,105,39,66,0,0,0
2021-05-19 13:30,140,41,99,0,0,0
2021-05-19 13:45,89,36,53,0,0,0
2021-05-19 14:00,97,44,53,0,0,0
2021-05-19 14:15,96,47,49,0,0,0
2021-05-19 14:30,126,54,72,0,0,0
2021-05-19 14:45,94,48,46,0,0,0
2021-05-19 15:00,90,48,42,0,0,0
2021-05-19 15:15,86,38,48,0,0,0
2021-05-19 15:30,74,36,38,0,0,0
2021-05-19 15:45,108,57,51,0,0,0
2021-05-19 16:00,116,52,64,0,0,0
2021-05-19 16:15,95,46,49,0,0,0
2021-05-19 16:30,86,46,40,0,0,0
2021-05-19 16:45,63,39,24,0,0,0
2021-05-19 17:00,82,38,44,0,0,0
2021-05-19 17:15,65,33,32,0,0,0
2021-05-19 17:30,75,24,51,0,0,0
2021-05-19 17:45,99,51,48,0,0,0
2021-05-19 18:00,99,48,51,0,0,0
2021-05-19 18:15,67,33,34,0,0,0
2021-05-19 18:30,68,33,35,0,0,0
2021-05-19 18:45,61,26,35,0,0,0
2021-05-19 19:00,53,25,28,0,0,0
2021-05-19 19:15,47,20,27,0,0,0
2021-05-19 19:30,34,15,19,0,0,0
2021-05-19 19:45,50,25,25,0,0,0
2021-05-19 20:00,46,21,25,0,0,0
2021-05-19 20:15,31,12,19,0,0,0
2021-05-19 20:30,23,6,17,0,0,0
2021-05-19 20:45,27,16,11,0,0,0
2021-05-19 21:00,29,22,7,0,0,0
2021-05-19 21:15,13,6,7,0,0,0
2021-05-19 21:30,13,6,7,0,0,0
2021-05-19 21:45,12,3,9,0,0,0
2021-05-19 22:00,13,3,10,0,0,0
2021-05-19 22:15,14,3,11,0,0,0
2021-05-19 22:30,16,9,7,0,0,0
2021-05-19 22:45,11,4,7,0,0,0
2021-05-19 23:00,10,0,10,0,0,0
2021-05-19 23:15,11,2,9,0,0,0
2021-05-19 23:30,9,4,5,0,0,0
2021-05-19 23:45,5,2,3,0,0,0
2021-05-20 00:00,6,1,5,0,0,0
2021-05-20 00:15,7,2,5,0,0,0
2021-05-20 00:30,1,0,1,0,0,0
2021-05-20 00:45,7,0,7,0,0,0
2021-05-20 01:00,6,2,4,0,0,0
2021-05-20 01:15,5,0,5,0,0,0
2021-05-20 01:30,1,1,0,0,0,0
2021-05-20 01:45,8,1,7,0,0,0
2021-05-20 02:00,8,0,8,0,0,0
2021-05-20 02:15,0,0,0,0,0,0
2021-05-20 02:30,1,1,0,0,0,0
2021-05-20 02:45,1,0,1,0,0,0
2021-05-20 03:00,0,0,0,0,0,0
2021-05-20 03:15,1,0,1,0,0,0
2021-05-20 03:30,0,0,0,0,0,0
2021-05-20 03:45,1,0,1,0,0,0
2021-05-20 04:00,1,1,0,0,0,0
2021-05-20 04:15,2,1,1,0,0,0
2021-05-20 04:30,0,0,0,0,0,0
2021-05-20 04:45,2,1,1,0,0,0
2021-05-20 05:00,0,0,0,0,0,0
2021-05-20 05:15,2,2,0,0,0,0
2021-05-20 05:30,9,4,5,0,0,0
2021-05-20 05:45,11,3,8,0,0,0
2021-05-20 06:00,11,7,4,0,0,0
2021-05-20 06:15,19,5,14,0,0,0
2021-05-20 06:30,27,10,17,0,0,0
2021-05-20 06:45,47,19,28,0,0,0
2021-05-20 07:00,48,17,31,0,0,0
2021-05-20 07:15,91,29,62,0,0,0
2021-05-20 07:30,111,49,62,0,0,0
2021-05-20 07:45,157,85,72,0,0,0
2021-05-20 08:00,148,99,49,0,0,0
2021-05-20 08:15,120,58,62,0,0,0
2021-05-20 08:30,91,45,46,0,0,0
2021-05-20 08:45,100,53,47,0,0,0
2021-05-20 09:00,70,28,42,0,0,0
2021-05-20 09:15,38,14,24,0,0,0
2021-05-20 09:30,58,27,31,0,0,0
2021-05-20 09:45,62,40,22,0,0,0
2021-05-20 10:00,53,21,32,0,0,0
2021-05-20 10:15,44,25,19,0,0,0
2021-05-20 10:30,25,10,15,0,0,0
2021-05-20 10:45,46,18,28,0,0,0
2021-05-20 11:00,43,22,21,0,0,0
2021-05-20 11:15,47,32,15,0,0,0
2021-05-20 11:30,64,31,33,0,0,0
2021-05-20 11:45,75,45,30,0,0,0
2021-05-20 12:00,89,32,57,0,0,0
2021-05-20 12:15,71,27,44,0,0,0
2021-05-20 12:30,83,29,54,0,0,0
2021-05-20 12:45,93,38,55,0,0,0
2021-05-20 13:00,83,29,54,0,0,0
2021-05-20 13:15,70,30,40,0,0,0
2021-05-20 13:30,111,32,79,0,0,0
2021-05-20 13:45,95,38,57,0,0,0
2021-05-20 14:00,95,61,34,0,0,0
2021-05-20 14:15,96,47,49,0,0,0
2021-05-20 14:30,115,50,65,0,0,0
2021-05-20 14:45,108,49,59,0,0,0
2021-05-20 15:00,108,57,51,0,0,0
2021-05-20 15:15,99,59,40,0,0,0
2021-05-20 15:30,86,47,39,0,0,0
2021-05-20 15:45,102,56,46,0,0,0
2021-05-20 16:00,141,79,62,0,0,0
2021-05-20 16:15,109,49,60,0,0,0
2021-05-20 16:30,101,55,46,0,0,0
2021-05-20 16:45,125,73,52,0,0,0
2021-05-20 17:00,121,57,64,0,0,0
2021-05-20 17:15,123,64,59,0,0,0
2021-05-20 17:30,110,51,59,0,0,0
2021-05-20 17:45,110,46,64,0,0,0
2021-05-20 18:00,148,68,80,0,0,0
2021-05-20 18:15,99,33,66,0,0,0
2021-05-20 18:30,98,43,55,0,0,0
2021-05-20 18:45,74,36,38,0,0,0
2021-05-20 19:00,74,28,46,0,0,0
2021-05-20 19:15,63,25,38,0,0,0
2021-05-20 19:30,50,18,32,0,0,0
2021-05-20 19:45,41,20,21,0,0,0
2021-05-20 20:00,51,26,25,0,0,0
2021-05-20 20:15,25,9,16,0,0,0
2021-05-20 20:30,28,11,17,0,0,0
2021-05-20 20:45,24,11,13,0,0,0
2021-05-20 21:00,25,13,12,0,0,0
2021-05-20 21:15,29,14,15,0,0,0
2021-05-20 21:30,18,5,13,0,0,0
2021-05-20 21:45,10,5,5,0,0,0
2021-05-20 22:00,13,1,12,0,0,0
2021-05-20 22:15,12,1,11,0,0,0
2021-05-20 22:30,12,6,6,0,0,0
2021-05-20 22:45,21,12,9,0,0,0
2021-05-20 23:00,6,3,3,0,0,0
2021-05-20 23:15,8,3,5,0,0,0
2021-05-20 23:30,10,2,8,0,0,0
2021-05-20 23:45,6,2,4,0,0,0
2021-05-21 00:00,5,0,5,0,0,0
2021-05-21 00:15,9,3,6,0,0,0
2021-05-21 00:30,3,1,2,0,0,0
2021-05-21 00:45,4,0,4,0,0,0
2021-05-21 01:00,9,0,9,0,0,0
2021-05-21 01:15,6,3,3,0,0,0
2021-05-21 01:30,0,0,0,0,0,0
2021-05-21 01:45,4,2,2,0,0,0
2021-05-21 02:00,0,0,0,0,0,0
2021-05-21 02:15,0,0,0,0,0,0
2021-05-21 02:30,1,0,1,0,0,0
2021-05-21 02:45,1,0,1,0,0,0
2021-05-21 03:00,2,0,2,0,0,0
2021-05-21 03:15,0,0,0,0,0,0
2021-05-21 03:30,1,0,1,0,0,0
2021-05-21 03:45,0,0,0,0,0,0
2021-05-21 04:00,0,0,0,0,0,0
2021-05-21 04:15,2,1,1,0,0,0
2021-05-21 04:30,0,0,0,0,0,0
2021-05-21 04:45,1,1,0,0,0,0
2021-05-21 05:00,2,2,0,0,0,0
2021-05-21 05:15,4,3,1,0,0,0
2021-05-21 05:30,1,0,1,0,0,0
2021-05-21 05:45,7,3,4,0,0,0
2021-05-21 06:00,12,2,10,0,0,0
2021-05-21 06:15,19,6,13,0,0,0
2021-05-21 06:30,28,11,17,0,0,0
2021-05-21 06:45,53,19,34,0,0,0
2021-05-21 07:00,38,17,21,0,0,0
2021-05-21 07:15,49,12,37,0,0,0
2021-05-21 07:30,106,54,52,0,0,0
2021-05-21 07:45,141,78,63,0,0,0
2021-05-21 08:00,132,83,49,0,0,0
2021-05-21 08:15,76,35,41,0,0,0
2021-05-21 08:30,53,31,22,0,0,0
2021-05-21 08:45,74,33,41,0,0,0
2021-05-21 09:00,64,30,34,0,0,0
2021-05-21 09:15,61,29,32,0,0,0
2021-05-21 09:30,53,30,23,0,0,0
2021-05-21 09:45,78,45,33,0,0,0
2021-05-21 10:00,59,37,22,0,0,0
2021-05-21 10:15,45,28,17,0,0,0
2021-05-21 10:30,41,18,23,0,0,0
2021-05-21 10:45,48,23,25,0,0,0
2021-05-21 11:00,51,26,25,0,0,0
2021-05-21 11:15,48,23,25,0,0,0
2021-05-21 11:30,69,40,29,0,0,0
2021-05-21 11:45,70,35,35,0,0,0
2021-05-21 12:00,78,34,44,0,0,0
2021-05-21 12:15,85,35,50,0,0,0
2021-05-21 12:30,76,33,43,0,0,0
2021-05-21 12:45,87,36,51,0,0,0
2021-05-21 13:00,70,27,43,0,0,0
2021-05-21 13:15,76,35,41,0,0,0
2021-05-21 13:30,111,38,73,0,0,0
2021-05-21 13:45,87,41,46,0,0,0
2021-05-21 14:00,90,42,48,0,0,0
2021-05-21 14:15,114,63,51,0,0,0
2021-05-21 14:30,101,38,63,0,0,0
2021-05-21 14:45,121,69,52,0,0,0
2021-05-21 15:00,101,52,49,0,0,0
2021-05-21 15:15,91,54,37,0,0,0
2021-05-21 15:30,103,52,51,0,0,0
2021-05-21 15:45,105,61,44,0,0,0
2021-05-21 16:00,96,48,48,0,0,0
2021-05-21 16:15,94,51,43,0,0,0
2021-05-21 16:30,78,45,33,0,0,0
2021-05-21 16:45,85,43,42,0,0,0
2021-05-21 17:00,85,39,46,0,0,0
2021-05-21 17:15,90,47,43,0,0,0
2021-05-21 17:30,67,39,28,0,0,0
2021-05-21 17:45,112,47,65,0,0,0
2021-05-21 18:00,84,40,44,0,0,0
2021-05-21 18:15,79,40,39,0,0,0
2021-05-21 18:30,60,35,25,0,0,0
2021-05-21 18:45,63,36,27,0,0,0
2021-05-21 19:00,46,19,27,0,0,0
2021-05-21 19:15,38,18,20,0,0,0
2021-05-21 19:30,53,23,30,0,0,0
2021-05-21 19:45,44,26,18,0,0,0
2021-05-21 20:00,43,24,19,0,0,0
2021-05-21 20:15,40,18,22,0,0,0
2021-05-21 20:30,40,20,20,0,0,0
2021-05-21 20:45,36,12,24,0,0,0
2021-05-21 21:00,34,18,16,0,0,0
2021-05-21 21:15,24,11,13,0,0,0
2021-05-21 21:30,17,11,6,0,0,0
2021-05-21 21:45,22,6,16,0,0,0
2021-05-21 22:00,16,5,11,0,0,0
2021-05-21 22:15,19,2,17,0,0,0
2021-05-21 22:30,12,4,8,0,0,0
2021-05-21 22:45,24,5,19,0,0,0
2021-05-21 23:00,19,5,14,0,0,0
2021-05-21 23:15,10,2,8,0,0,0
2021-05-21 23:30,8,3,5,0,0,0
2021-05-21 23:45,21,9,12,0,0,0
2021-05-22 00:00,12,1,11,0,0,0
2021-05-22 00:15,14,3,11,0,0,0
2021-05-22 00:30,6,1,5,0,0,0
2021-05-22 00:45,7,2,5,0,0,0
2021-05-22 01:00,2,0,2,0,0,0
2021-05-22 01:15,10,4,6,0,0,0
2021-05-22 01:30,10,1,9,0,0,0
2021-05-22 01:45,5,1,4,0,0,0
2021-05-22 02:00,6,0,6,0,0,0
2021-05-22 02:15,5,4,1,0,0,0
2021-05-22 02:30,8,0,8,0,0,0
2021-05-22 02:45,5,3,2,0,0,0
2021-05-22 03:00,4,1,3,0,0,0
2021-05-22 03:15,1,0,1,0,0,0
2021-05-22 03:30,4,0,4,0,0,0
2021-05-22 03:45,2,2,0,0,0,0
2021-05-22 04:00,2,2,0,0,0,0
2021-05-22 04:15,2,0,2,0,0,0
2021-05-22 04:30,2,1,1,0,0,0
2021-05-22 04:45,0,0,0,0,0,0
2021-05-22 05:00,1,1,0,0,0,0
2021-05-22 05:15,0,0,0,0,0,0
2021-05-22 05:30,6,2,4,0,0,0
2021-05-22 05:45,2,0,2,0,0,0
2021-05-22 06:00,7,4,3,0,0,0
2021-05-22 06:15,5,3,2,0,0,0
2021-05-22 06:30,5,4,1,0,0,0
2021-05-22 06:45,9,7,2,0,0,0
2021-05-22 07:00,6,4,2,0,0,0
2021-05-22 07:15,22,15,7,0,0,0
2021-05-22 07:30,16,11,5,0,0,0
2021-05-22 07:45,23,14,9,0,0,0
2021-05-22 08:00,18,14,4,0,0,0
2021-05-22 08:15,29,23,6,0,0,0
2021-05-22 08:30,25,10,15,0,0,0
2021-05-22 08:45,42,24,18,0,0,0
2021-05-22 09:00,22,11,11,0,0,0
2021-05-22 09:15,34,18,16,0,0,0
2021-05-22 09:30,37,27,10,0,0,0
2021-05-22 09:45,41,18,23,0,0,0
2021-05-22 10:00,50,27,23,0,0,0
2021-05-22 10:15,30,20,10,0,0,0
2021-05-22 10:30,46,25,21,0,0,0
2021-05-22 10:45,52,29,23,0,0,0
2021-05-22 11:00,51,39,12,0,0,0
2021-05-22 11:15,62,32,30,0,0,0
2021-05-22 11:30,44,18,26,0,0,0
2021-05-22 11:45,47,25,22,0,0,0
2021-05-22 12:00,40,17,23,0,0,0
2021-05-22 12:15,51,28,23,0,0,0
2021-05-22 12:30,59,18,41,0,0,0
2021-05-22 12:45,43,23,20,0,0,0
2021-05-22 13:00,37,18,19,0,0,0
2021-05-22 13:15,33,17,16,0,0,0
2021-05-22 13:30,33,17,16,0,0,0
2021-05-22 13:45,36,22,14,0,0,0
2021-05-22 14:00,39,17,22,0,0,0
2021-05-22 14:15,53,28,25,0,0,0
2021-05-22 14:30,24,12,12,0,0,0
2021-05-22 14:45,37,14,23,0,0,0
2021-05-22 15:00,28,3,25,0,0,0
2021-05-22 15:15,42,13,29,0,0,0
2021-05-22 15:30,38,13,25,0,0,0
2021-05-22 15:45,28,13,15,0,0,0
2021-05-22 16:00,22,7,15,0,0,0
2021-05-22 16:15,17,7,10,0,0,0
2021-05-22 16:30,31,14,17,0,0,0
2021-05-22 16:45,18,6,12,0,0,0
2021-05-22 17:00,17,10,7,0,0,0
2021-05-22 17:15,14,11,3,0,0,0
2021-05-22 17:30,14,8,6,0,0,0
2021-05-22 17:45,21,11,10,0,0,0
2021-05-22 18:00,34,10,24,0,0,0
2021-05-22 18:15,25,9,16,0,0,0
2021-05-22 18:30,23,16,7,0,0,0
2021-05-22 18:45,25,17,8,0,0,0
2021-05-22 19:00,31,19,12,0,0,0
2021-05-22 19:15,18,6,12,0,0,0
2021-05-22 19:30,20,9,11,0,0,0
2021-05-22 19:45,30,6,24,0,0,0
2021-05-22 20:00,17,2,15,0,0,0
2021-05-22 20:15,31,13,18,0,0,0
2021-05-22 20:30,22,5,17,0,0,0
2021-05-22 20:45,21,7,14,0,0,0
2021-05-22 21:00,15,3,12,0,0,0
2021-05-22 21:15,15,6,9,0,0,0
2021-05-22 21:30,15,7,8,0,0,0
2021-05-22 21:45,14,7,7,0,0,0
2021-05-22 22:00,7,1,6,0,0,0
2021-05-22 22:15,13,5,8,0,0,0
2021-05-22 22:30,5,0,5,0,0,0
2021-05-22 22:45,1,1,0,0,0,0
2021-05-22 23:00,6,3,3,0,0,0
2021-05-22 23:15,7,3,4,0,0,0
2021-05-22 23:30,11,3,8,0,0,0
2021-05-22 23:45,9,5,4,0,0,0
2021-05-23 00:00,6,1,5,0,0,0
2021-05-23 00:15,8,3,5,0,0,0
2021-05-23 00:30,5,3,2,0,0,0
2021-05-23 00:45,9,4,5,0,0,0
2021-05-23 01:00,6,4,2,0,0,0
2021-05-23 01:15,13,6,7,0,0,0
2021-05-23 01:30,8,0,8,0,0,0
2021-05-23 01:45,7,1,6,0,0,0
2021-05-23 02:00,5,1,4,0,0,0
2021-05-23 02:15,1,0,1,0,0,0
2021-05-23 02:30,1,0,1,0,0,0
2021-05-23 02:45,3,3,0,0,0,0
2021-05-23 03:00,2,0,2,0,0,0
2021-05-23 03:15,1,0,1,0,0,0
2021-05-23 03:30,2,0,2,0,0,0
2021-05-23 03:45,3,0,3,0,0,0
2021-05-23 04:00,2,0,2,0,0,0
2021-05-23 04:15,1,0,1,0,0,0
2021-05-23 04:30,5,1,4,0,0,0
2021-05-23 04:45,0,0,0,0,0,0
2021-05-23 05:00,1,1,0,0,0,0
2021-05-23 05:15,0,0,0,0,0,0
2021-05-23 05:30,0,0,0,0,0,0
2021-05-23 05:45,2,1,1,0,0,0
2021-05-23 06:00,2,2,0,0,0,0
2021-05-23 06:15,1,1,0,0,0,0
2021-05-23 06:30,6,3,3,0,0,0
2021-05-23 06:45,4,2,2,0,0,0
2021-05-23 07:00,2,1,1,0,0,0
2021-05-23 07:15,2,0,2,0,0,0
2021-05-23 07:30,4,0,4,0,0,0
2021-05-23 07:45,6,2,4,0,0,0
2021-05-23 08:00,5,1,4,0,0,0
2021-05-23 08:15,2,1,1,0,0,0
2021-05-23 08:30,6,4,2,0,0,0
2021-05-23 08:45,7,3,4,0,0,0
2021-05-23 09:00,4,3,1,0,0,0
2021-05-23 09:15,7,4,3,0,0,0
2021-05-23 09:30,7,5,2,0,0,0
2021-05-23 09:45,13,12,1,0,0,0
2021-05-23 10:00,10,2,8,0,0,0
2021-05-23 10:15,9,5,4,0,0,0
2021-05-23 10:30,5,2,3,0,0,0
2021-05-23 10:45,6,6,0,0,0,0
2021-05-23 11:00,4,1,3,0,0,0
2021-05-23 11:15,9,2,7,0,0,0
2021-05-23 11:30,23,15,8,0,0,0
2021-05-23 11:45,17,9,8,0,0,0
2021-05-23 12:00,22,13,9,0,0,0
2021-05-23 12:15,45,17,28,0,0,0
2021-05-23 12:30,25,5,20,0,0,0
2021-05-23 12:45,28,11,17,0,0,0
2021-05-23 13:00,29,18,11,0,0,0
2021-05-23 13:15,44,19,25,0,0,0
2021-05-23 13:30,43,19,24,0,0,0
2021-05-23 13:45,56,29,27,0,0,0
2021-05-23 14:00,32,13,19,0,0,0
2021-05-23 14:15,48,20,28,0,0,0
2021-05-23 14:30,37,16,21,0,0,0
2021-05-23 14:45,47,16,31,0,0,0
2021-05-23 15:00,46,25,21,0,0,0
2021-05-23 15:15,55,22,33,0,0,0
2021-05-23 15:30,69,24,45,0,0,0
2021-05-23 15:45,41,19,22,0,0,0
2021-05-23 16:00,27,9,18,0,0,0
2021-05-23 16:15,36,18,18,0,0,0
2021-05-23 16:30,21,4,17,0,0,0
2021-05-23 16:45,52,28,24,0,0,0
2021-05-23 17:00,50,16,34,0,0,0
2021-05-23 17:15,57,25,32,0,0,0
2021-05-23 17:30,47,15,32,0,0,0
2021-05-23 17:45,61,32,29,0,0,0
2021-05-23 18:00,37,13,24,0,0,0
2021-05-23 18:15,37,17,20,0,0,0
2021-05-23 18:30,40,16,24,0,0,0
2021-05-23 18:45,35,14,21,0,0,0
2021-05-23 19:00,35,21,14,0,0,0
2021-05-23 19:15,32,14,18,0,0,0
2021-05-23 19:30,35,20,15,0,0,0
2021-05-23 19:45,27,12,15,0,0,0
2021-05-23 20:00,27,9,18,0,0,0
2021-05-23 20:15,11,2,9,0,0,0
2021-05-23 20:30,34,8,26,0,0,0
2021-05-23 20:45,15,10,5,0,0,0
2021-05-23 21:00,15,4,11,0,0,0
2021-05-23 21:15,25,8,17,0,0,0
2021-05-23 21:30,11,5,6,0,0,0
2021-05-23 21:45,12,4,8,0,0,0
2021-05-23 22:00,2,1,1,0,0,0
2021-05-23 22:15,19,6,13,0,0,0
2021-05-23 22:30,7,3,4,0,0,0
2021-05-23 22:45,10,0,10,0,0,0
2021-05-23 23:00,15,1,14,0,0,0
2021-05-23 23:15,12,1,11,0,0,0
2021-05-23 23:30,8,2,6,0,0,0
2021-05-23 23:45,5,2,3,0,0,0
2021-05-24 00:00,6,4,2,0,0,0
2021-05-24 00:15,6,2,4,0,0,0
2021-05-24 00:30,7,1,6,0,0,0
2021-05-24 00:45,6,2,4,0,0,0
2021-05-24 01:00,7,1,6,0,0,0
2021-05-24 01:15,14,4,10,0,0,0
2021-05-24 01:30,4,0,4,0,0,0
2021-05-24 01:45,1,1,0,0,0,0
2021-05-24 02:00,12,6,6,0,0,0
2021-05-24 02:15,2,0,2,0,0,0
2021-05-24 02:30,4,0,4,0,0,0
2021-05-24 02:45,1,0,1,0,0,0
2021-05-24 03:00,1,0,1,0,0,0
2021-05-24 03:15,0,0,0,0,0,0
2021-05-24 03:30,3,2,1,0,0,0
2021-05-24 03:45,1,0,1,0,0,0
2021-05-24 04:00,0,0,0,0,0,0
2021-05-24 04:15,0,0,0,0,0,0
2021-05-24 04:30,0,0,0,0,0,0
2021-05-24 04:45,0,0,0,0,0,0
2021-05-24 05:00,1,0,1,0,0,0
2021-05-24 05:15,2,1,1,0,0,0
2021-05-24 05:30,4,1,3,0,0,0
2021-05-24 05:45,1,1,0,0,0,0
2021-05-24 06:00,1,1,0,0,0,0
2021-05-24 06:15,1,1,0,0,0,0
2021-05-24 06:30,7,5,2,0,0,0
2021-05-24 06:45,1,0,1,0,0,0
2021-05-24 07:00,5,3,2,0,0,0
2021-05-24 07:15,5,3,2,0,0,0
2021-05-24 07:30,10,4,6,0,0,0
2021-05-24 07:45,6,3,3,0,0,0
2021-05-24 08:00,8,5,3,0,0,0
2021-05-24 08:15,3,1,2,0,0,0
2021-05-24 08:30,6,2,4,0,0,0
2021-05-24 08:45,22,12,10,0,0,0
2021-05-24 09:00,10,4,6,0,0,0
2021-05-24 09:15,19,11,8,0,0,0
2021-05-24 09:30,24,11,13,0,0,0
2021-05-24 09:45,16,11,5,0,0,0
2021-05-24 10:00,22,10,12,0,0,0
2021-05-24 10:15,27,12,15,0,0,0
2021-05-24 10:30,28,14,14,0,0,0
2021-05-24 10:45,41,17,24,0,0,0
2021-05-24 11:00,40,23,17,0,0,0
2021-05-24 11:15,39,15,24,0,0,0
2021-05-24 11:30,53,21,32,0,0,0
2021-05-24 11:45,40,25,15,0,0,0
2021-05-24 12:00,41,10,31,0,0,0
2021-05-24 12:15,44,10,34,0,0,0
2021-05-24 12:30,57,38,19,0,0,0
2021-05-24 12:45,35,15,20,0,0,0
2021-05-24 13:00,37,20,17,0,0,0
2021-05-24 13:15,46,25,21,0,0,0
2021-05-24 13:30,31,20,11,0,0,0
2021-05-24 13:45,46,13,33,0,0,0
2021-05-24 14:00,42,11,31,0,0,0
2021-05-24 14:15,35,19,16,0,0,0
2021-05-24 14:30,34,13,21,0,0,0
2021-05-24 14:45,39,11,28,0,0,0
2021-05-24 15:00,24,10,14,0,0,0
2021-05-24 15:15,15,7,8,0,0,0
2021-05-24 15:30,35,23,12,0,0,0
2021-05-24 15:45,27,16,11,0,0,0
2021-05-24 16:00,32,17,15,0,0,0
2021-05-24 16:15,28,17,11,0,0,0
2021-05-24 16:30,25,17,8,0,0,0
2021-05-24 16:45,20,10,10,0,0,0
2021-05-24 17:00,22,9,13,0,0,0
2021-05-24 17:15,20,10,10,0,0,0
2021-05-24 17:30,28,14,14,0,0,0
2021-05-24 17:45,33,15,18,0,0,0
2021-05-24 18:00,26,20,6,0,0,0
2021-05-24 18:15,36,19,17,0,0,0
2021-05-24 18:30,30,10,20,0,0,0
2021-05-24 18:45,21,10,11,0,0,0
2021-05-24 19:00,12,3,9,0,0,0
2021-05-24 19:15,22,14,8,0,0,0
2021-05-24 19:30,21,5,16,0,0,0
2021-05-24 19:45,14,7,7,0,0,0
2021-05-24 20:00,32,17,15,0,0,0
2021-05-24 20:15,10,2,8,0,0,0
2021-05-24 20:30,4,1,3,0,0,0
2021-05-24 20:45,15,7,8,0,0,0
2021-05-24 21:00,22,13,9,0,0,0
2021-05-24 21:15,11,6,5,0,0,0
2021-05-24 21:30,12,4,8,0,0,0
2021-05-24 21:45,13,4,9,0,0,0
2021-05-24 22:00,10,1,9,0,0,0
2021-05-24 22:15,8,6,2,0,0,0
2021-05-24 22:30,8,1,7,0,0,0
2021-05-24 22:45,2,1,1,0,0,0
2021-05-24 23:00,9,2,7,0,0,0
2021-05-24 23:15,7,1,6,0,0,0
2021-05-24 23:30,5,2,3,0,0,0
2021-05-24 23:45,5,1,4,0,0,0
2021-05-25 00:00,9,2,7,0,0,0
2021-05-25 00:15,10,2,8,0,0,0
2021-05-25 00:30,2,0,2,0,0,0
2021-05-25 00:45,1,0,1,0,0,0
2021-05-25 01:00,5,1,4,0,0,0
2021-05-25 01:15,2,2,0,0,0,0
2021-05-25 01:30,1,0,1,0,0,0
2021-05-25 01:45,3,1,2,0,0,0
2021-05-25 02:00,0,0,0,0,0,0
2021-05-25 02:15,1,0,1,0,0,0
2021-05-25 02:30,0,0,0,0,0,0
2021-05-25 02:45,1,0,1,0,0,0
2021-05-25 03:00,0,0,0,0,0,0
2021-05-25 03:15,0,0,0,0,0,0
2021-05-25 03:30,2,0,2,0,0,0
2021-05-25 03:45,0,0,0,0,0,0
2021-05-25 04:00,0,0,0,0,0,0
2021-05-25 04:15,1,1,0,0,0,0
2021-05-25 04:30,1,1,0,0,0,0
2021-05-25 04:45,0,0,0,0,0,0
2021-05-25 05:00,0,0,0,0,0,0
2021-05-25 05:15,4,2,2,0,0,0
2021-05-25 05:30,12,6,6,0,0,0
2021-05-25 05:45,6,0,6,0,0,0
2021-05-25 06:00,5,3,2,0,0,0
2021-05-25 06:15,12,6,6,0,0,0
2021-05-25 06:30,36,16,20,0,0,0
2021-05-25 06:45,49,17,32,0,0,0
2021-05-25 07:00,46,16,30,0,0,0
2021-05-25 07:15,46,20,26,0,0,0
2021-05-25 07:30,68,16,52,0,0,0
2021-05-25 07:45,107,37,70,0,0,0
2021-05-25 08:00,67,30,37,0,0,0
2021-05-25 08:15,69,32,37,0,0,0
2021-05-25 08:30,74,32,42,0,0,0
2021-05-25 08:45,87,46,41,0,0,0
2021-05-25 09:00,51,27,24,0,0,0
2021-05-25 09:15,41,19,22,0,0,0
2021-05-25 09:30,39,14,25,0,0,0
2021-05-25 09:45,32,15,17,0,0,0
2021-05-25 10:00,39,22,17,0,0,0
2021-05-25 10:15,38,26,12,0,0,0
2021-05-25 10:30,53,33,20,0,0,0
2021-05-25 10:45,42,23,19,0,0,0
2021-05-25 11:00,42,23,19,0,0,0
2021-05-25 11:15,39,15,24,0,0,0
2021-05-25 11:30,54,34,20,0,0,0
2021-05-25 11:45,52,28,24,0,0,0
2021-05-25 12:00,61,25,36,0,0,0
2021-05-25 12:15,56,24,32,0,0,0
2021-05-25 12:30,38,14,24,0,0,0
2021-05-25 12:45,54,24,30,0,0,0
2021-05-25 13:00,51,17,34,0,0,0
2021-05-25 13:15,53,26,27,0,0,0
2021-05-25 13:30,42,21,21,0,0,0
2021-05-25 13:45,31,15,16,0,0,0
2021-05-25 14:00,53,25,28,0,0,0
2021-05-25 14:15,60,27,33,0,0,0
2021-05-25 14:30,51,24,27,0,0,0
2021-05-25 14:45,59,33,26,0,0,0
2021-05-25 15:00,70,48,22,0,0,0
2021-05-25 15:15,53,28,25,0,0,0
2021-05-25 15:30,61,33,28,0,0,0
2021-05-25 15:45,49,24,25,0,0,0
2021-05-25 16:00,63,44,19,0,0,0
2021-05-25 16:15,83,46,37,0,0,0
2021-05-25 16:30,42,25,17,0,0,0
2021-05-25 16:45,74,43,31,0,0,0
2021-05-25 17:00,76,34,42,0,0,0
2021-05-25 17:15,73,38,35,0,0,0
2021-05-25 17:30,43,19,24,0,0,0
2021-05-25 17:45,60,28,32,0,0,0
2021-05-25 18:00,46,21,25,0,0,0
2021-05-25 18:15,63,29,34,0,0,0
2021-05-25 18:30,38,18,20,0,0,0
2021-05-25 18:45,34,14,20,0,0,0
2021-05-25 19:00,27,8,19,0,0,0
2021-05-25 19:15,26,18,8,0,0,0
2021-05-25 19:30,21,4,17,0,0,0
2021-05-25 19:45,22,12,10,0,0,0
2021-05-25 20:00,24,12,12,0,0,0
2021-05-25 20:15,16,5,11,0,0,0
2021-05-25 20:30,12,8,4,0,0,0
2021-05-25 20:45,12,7,5,0,0,0
2021-05-25 21:00,17,8,9,0,0,0
2021-05-25 21:15,12,7,5,0,0,0
2021-05-25 21:30,8,2,6,0,0,0
2021-05-25 21:45,8,6,2,0,0,0
2021-05-25 22:00,12,8,4,0,0,0
2021-05-25 22:15,5,1,4,0,0,0
2021-05-25 22:30,14,6,8,0,0,0
2021-05-25 22:45,8,4,4,0,0,0
2021-05-25 23:00,5,2,3,0,0,0
2021-05-25 23:15,4,0,4,0,0,0
2021-05-25 23:30,3,1,2,0,0,0
2021-05-25 23:45,3,2,1,0,0,0
2021-05-26 00:00,3,0,3,0,0,0
2021-05-26 00:15,3,0,3,0,0,0
2021-05-26 00:30,6,0,6,0,0,0
2021-05-26 00:45,2,0,2,0,0,0
2021-05-26 01:00,0,0,0,0,0,0
2021-05-26 01:15,3,0,3,0,0,0
2021-05-26 01:30,1,1,0,0,0,0
2021-05-26 01:45,0,0,0,0,0,0
2021-05-26 02:00,2,0,2,0,0,0
2021-05-26 02:15,1,0,1,0,0,0
2021-05-26 02:30,0,0,0,0,0,0
2021-05-26 02:45,1,0,1,0,0,0
2021-05-26 03:00,0,0,0,0,0,0
2021-05-26 03:15,1,0,1,0,0,0
2021-05-26 03:30,0,0,0,0,0,0
2021-05-26 03:45,0,0,0,0,0,0
2021-05-26 04:00,0,0,0,0,0,0
2021-05-26 04:15,0,0,0,0,0,0
2021-05-26 04:30,0,0,0,0,0,0
2021-05-26 04:45,1,1,0,0,0,0
2021-05-26 05:00,0,0,0,0,0,0
2021-05-26 05:15,1,0,1,0,0,0
2021-05-26 05:30,8,2,6,0,0,0
2021-05-26 05:45,9,2,7,0,0,0
2021-05-26 06:00,7,4,3,0,0,0
2021-05-26 06:15,18,8,10,0,0,0
2021-05-26 06:30,30,11,19,0,0,0
2021-05-26 06:45,55,25,30,0,0,0
2021-05-26 07:00,39,13,26,0,0,0
2021-05-26 07:15,74,33,41,0,0,0
2021-05-26 07:30,81,46,35,0,0,0
2021-05-26 07:45,149,79,70,0,0,0
2021-05-26 08:00,127,72,55,0,0,0
2021-05-26 08:15,78,37,41,0,0,0
2021-05-26 08:30,101,63,38,0,0,0
2021-05-26 08:45,83,40,43,0,0,0
2021-05-26 09:00,68,41,27,0,0,0
2021-05-26 09:15,74,40,34,0,0,0
2021-05-26 09:30,85,53,32,0,0,0
2021-05-26 09:45,68,36,32,0,0,0
2021-05-26 10:00,56,29,27,0,0,0
2021-05-26 10:15,60,25,35,0,0,0
2021-05-26 10:30,67,30,37,0,0,0
2021-05-26 10:45,94,50,44,0,0,0
2021-05-26 11:00,63,33,30,0,0,0
2021-05-26 11:15,63,39,24,0,0,0
2021-05-26 11:30,83,31,52,0,0,0
2021-05-26 11:45,86,42,44,0,0,0
2021-05-26 12:00,97,42,55,0,0,0
2021-05-26 12:15,81,38,43,0,0,0
2021-05-26 12:30,96,50,46,0,0,0
2021-05-26 12:45,118,41,77,0,0,0
2021-05-26 13:00,95,30,65,0,0,0
2021-05-26 13:15,82,30,52,0,0,0
2021-05-26 13:30,108,50,58,0,0,0
2021-05-26 13:45,78,30,48,0,0,0
2021-05-26 14:00,97,57,40,0,0,0
2021-05-26 14:15,88,30,58,0,0,0
2021-05-26 14:30,101,31,70,0,0,0
2021-05-26 14:45,89,29,60,0,0,0
2021-05-26 15:00,73,36,37,0,0,0
2021-05-26 15:15,84,39,45,0,0,0
2021-05-26 15:30,102,51,51,0,0,0
2021-05-26 15:45,99,38,61,0,0,0
2021-05-26 16:00,90,47,43,0,0,0
2021-05-26 16:15,76,30,46,0,0,0
2021-05-26 16:30,104,56,48,0,0,0
2021-05-26 16:45,98,53,45,0,0,0
2021-05-26 17:00,70,34,36,0,0,0
2021-05-26 17:15,65,29,36,0,0,0
2021-05-26 17:30,92,40,52,0,0,0
2021-05-26 17:45,97,42,55,0,0,0
2021-05-26 18:00,76,24,52,0,0,0
2021-05-26 18:15,79,23,56,0,0,0
2021-05-26 18:30,49,22,27,0,0,0
2021-05-26 18:45,52,30,22,0,0,0
2021-05-26 19:00,56,28,28,0,0,0
2021-05-26 19:15,41,21,20,0,0,0
2021-05-26 19:30,56,27,29,0,0,0
2021-05-26 19:45,47,21,26,0,0,0
2021-05-26 20:00,41,16,25,0,0,0
2021-05-26 20:15,24,10,14,0,0,0
2021-05-26 20:30,23,4,19,0,0,0
2021-05-26 20:45,22,8,14,0,0,0
2021-05-26 21:00,17,10,7,0,0,0
2021-05-26 21:15,12,3,9,0,0,0
2021-05-26 21:30,12,6,6,0,0,0
2021-05-26 21:45,6,2,4,0,0,0
2021-05-26 22:00,17,11,6,0,0,0
2021-05-26 22:15,14,5,9,0,0,0
2021-05-26 22:30,8,1,7,0,0,0
2021-05-26 22:45,7,3,4,0,0,0
2021-05-26 23:00,8,0,8,0,0,0
2021-05-26 23:15,3,0,3,0,0,0
2021-05-26 23:30,5,1,4,0,0,0
2021-05-26 23:45,10,2,8,0,0,0
2021-05-27 00:00,8,5,3,0,0,0
2021-05-27 00:15,8,1,7,0,0,0
2021-05-27 00:30,6,0,6,0,0,0
2021-05-27 00:45,1,0,1,0,0,0
2021-05-27 01:00,4,0,4,0,0,0
2021-05-27 01:15,3,2,1,0,0,0
2021-05-27 01:30,3,3,0,0,0,0
2021-05-27 01:45,3,2,1,0,0,0
2021-05-27 02:00,12,2,10,0,0,0
2021-05-27 02:15,2,0,2,0,0,0
2021-05-27 02:30,3,0,3,0,0,0
2021-05-27 02:45,4,0,4,0,0,0
2021-05-27 03:00,3,0,3,0,0,0
2021-05-27 03:15,3,3,0,0,0,0
2021-05-27 03:30,2,2,0,0,0,0
2021-05-27 03:45,1,0,1,0,0,0
2021-05-27 04:00,1,0,1,0,0,0
2021-05-27 04:15,0,0,0,0,0,0
2021-05-27 04:30,0,0,0,0,0,0
2021-05-27 04:45,0,0,0,0,0,0
2021-05-27 05:00,1,1,0,0,0,0
2021-05-27 05:15,2,1,1,0,0,0
2021-05-27 05:30,10,4,6,0,0,0
2021-05-27 05:45,7,1,6,0,0,0
2021-05-27 06:00,5,4,1,0,0,0
2021-05-27 06:15,14,5,9,0,0,0
2021-05-27 06:30,40,12,28,0,0,0
2021-05-27 06:45,52,22,30,0,0,0
2021-05-27 07:00,35,15,20,0,0,0
2021-05-27 07:15,44,14,30,0,0,0
2021-05-27 07:30,69,28,41,0,0,0
2021-05-27 07:45,166,85,81,0,0,0
2021-05-27 08:00,131,80,51,0,0,0
2021-05-27 08:15,73,35,38,0,0,0
2021-05-27 08:30,81,42,39,0,0,0
2021-05-27 08:45,78,41,37,0,0,0
2021-05-27 09:00,61,29,32,0,0,0
2021-05-27 09:15,45,22,23,0,0,0
2021-05-27 09:30,49,30,19,0,0,0
2021-05-27 09:45,44,27,17,0,0,0
2021-05-27 10:00,37,17,20,0,0,0
2021-05-27 10:15,28,17,11,0,0,0
2021-05-27 10:30,35,12,23,0,0,0
2021-05-27 10:45,38,20,18,0,0,0
2021-05-27 11:00,47,15,32,0,0,0
2021-05-27 11:15,49,29,20,0,0,0
2021-05-27 11:30,51,26,25,0,0,0
2021-05-27 11:45,61,25,36,0,0,0
2021-05-27 12:00,49,21,28,0,0,0
2021-05-27 12:15,47,22,25,0,0,0
2021-05-27 12:30,45,23,22,0,0,0
2021-05-27 12:45,63,14,49,0,0,0
2021-05-27 13:00,86,36,50,0,0,0
2021-05-27 13:15,54,20,34,0,0,0
2021-05-27 13:30,86,22,64,0,0,0
2021-05-27 13:45,75,36,39,0,0,0
2021-05-27 14:00,72,47,25,0,0,0
2021-05-27 14:15,57,32,25,0,0,0
2021-05-27 14:30,94,40,54,0,0,0
2021-05-27 14:45,71,43,28,0,0,0
2021-05-27 15:00,85,50,35,0,0,0
2021-05-27 15:15,69,34,35,0,0,0
2021-05-27 15:30,63,42,21,0,0,0
2021-05-27 15:45,68,30,38,0,0,0
2021-05-27 16:00,67,39,28,0,0,0
2021-05-27 16:15,53,33,20,0,0,0
2021-05-27 16:30,76,44,32,0,0,0
2021-05-27 16:45,88,45,43,0,0,0
2021-05-27 17:00,68,35,33,0,0,0
2021-05-27 17:15,68,34,34,0,0,0
2021-05-27 17:30,86,43,43,0,0,0
2021-05-27 17:45,80,37,43,0,0,0
2021-05-27 18:00,63,27,36,0,0,0
2021-05-27 18:15,74,28,46,0,0,0
2021-05-27 18:30,45,23,22,0,0,0
2021-05-27 18:45,46,30,16,0,0,0
2021-05-27 19:00,52,21,31,0,0,0
2021-05-27 19:15,43,25,18,0,0,0
2021-05-27 19:30,38,17,21,0,0,0
2021-05-27 19:45,39,18,21,0,0,0
2021-05-27 20:00,22,8,14,0,0,0
2021-05-27 20:15,35,12,23,0,0,0
2021-05-27 20:30,20,10,10,0,0,0
2021-05-27 20:45,13,7,6,0,0,0
2021-05-27 21:00,8,4,4,0,0,0
2021-05-27 21:15,10,6,4,0,0,0
2021-05-27 21:30,17,8,9,0,0,0
2021-05-27 21:45,17,3,14,0,0,0
2021-05-27 22:00,14,2,12,0,0,0
2021-05-27 22:15,10,1,9,0,0,0
2021-05-27 22:30,10,1,9,0,0,0
2021-05-27 22:45,12,3,9,0,0,0
2021-05-27 23:00,21,8,13,0,0,0
2021-05-27 23:15,5,0,5,0,0,0
2021-05-27 23:30,13,6,7,0,0,0
2021-05-27 23:45,10,2,8,0,0,0
2021-05-28 00:00,2,0,2,0,0,0
2021-05-28 00:15,7,1,6,0,0,0
2021-05-28 00:30,5,0,5,0,0,0
2021-05-28 00:45,8,0,8,0,0,0
2021-05-28 01:00,2,0,2,0,0,0
2021-05-28 01:15,2,1,1,0,0,0
2021-05-28 01:30,2,0,2,0,0,0
2021-05-28 01:45,2,0,2,0,0,0
2021-05-28 02:00,0,0,0,0,0,0
2021-05-28 02:15,0,0,0,0,0,0
2021-05-28 02:30,1,1,0,0,0,0
2021-05-28 02:45,1,0,1,0,0,0
2021-05-28 03:00,0,0,0,0,0,0
2021-05-28 03:15,0,0,0,0,0,0
2021-05-28 03:30,1,0,1,0,0,0
2021-05-28 03:45,1,0,1,0,0,0
2021-05-28 04:00,0,0,0,0,0,0
2021-05-28 04:15,1,1,0,0,0,0
2021-05-28 04:30,1,1,0,0,0,0
2021-05-28 04:45,0,0,0,0,0,0
2021-05-28 05:00,1,0,1,0,0,0
2021-05-28 05:15,1,0,1,0,0,0
2021-05-28 05:30,7,1,6,0,0,0
2021-05-28 05:45,6,2,4,0,0,0
2021-05-28 06:00,5,3,2,0,0,0
2021-05-28 06:15,25,12,13,0,0,0
2021-05-28 06:30,43,19,24,0,0,0
2021-05-28 06:45,52,16,36,0,0,0
2021-05-28 07:00,47,14,33,0,0,0
2021-05-28 07:15,60,27,33,0,0,0
2021-05-28 07:30,83,36,47,0,0,0
2021-05-28 07:45,138,65,73,0,0,0
2021-05-28 08:00,147,105,42,0,0,0
2021-05-28 08:15,88,46,42,0,0,0
2021-05-28 08:30,72,36,36,0,0,0
2021-05-28 08:45,107,50,57,0,0,0
2021-05-28 09:00,65,36,29,0,0,0
2021-05-28 09:15,53,26,27,0,0,0
2021-05-28 09:30,56,22,34,0,0,0
2021-05-28 09:45,66,45,21,0,0,0
2021-05-28 10:00,53,35,18,0,0,0
2021-05-28 10:15,49,28,21,0,0,0
2021-05-28 10:30,56,22,34,0,0,0
2021-05-28 10:45,65,35,30,0,0,0
2021-05-28 11:00,75,43,32,0,0,0
2021-05-28 11:15,52,25,27,0,0,0
2021-05-28 11:30,64,33,31,0,0,0
2021-05-28 11:45,56,29,27,0,0,0
2021-05-28 12:00,87,41,46,0,0,0
2021-05-28 12:15,76,35,41,0,0,0
2021-05-28 12:30,74,33,41,0,0,0
2021-05-28 12:45,110,56,54,0,0,0
2021-05-28 13:00,95,44,51,0,0,0
2021-05-28 13:15,104,41,63,0,0,0
2021-05-28 13:30,145,42,103,0,0,0
2021-05-28 13:45,118,61,57,0,0,0
2021-05-28 14:00,105,52,53,0,0,0
2021-05-28 14:15,105,50,55,0,0,0
2021-05-28 14:30,132,56,76,0,0,0
2021-05-28 14:45,112,55,57,0,0,0
2021-05-28 15:00,124,58,66,0,0,0
2021-05-28 15:15,116,66,50,0,0,0
2021-05-28 15:30,123,73,50,0,0,0
2021-05-28 15:45,112,56,56,0,0,0
2021-05-28 16:00,100,56,44,0,0,0
2021-05-28 16:15,105,59,46,0,0,0
2021-05-28 16:30,98,41,57,0,0,0
2021-05-28 16:45,102,59,43,0,0,0
2021-05-28 17:00,104,36,68,0,0,0
2021-05-28 17:15,84,41,43,0,0,0
2021-05-28 17:30,105,58,47,0,0,0
2021-05-28 17:45,96,41,55,0,0,0
2021-05-28 18:00,86,26,60,0,0,0
2021-05-28 18:15,82,29,53,0,0,0
2021-05-28 18:30,85,34,51,0,0,0
2021-05-28 18:45,62,22,40,0,0,0
2021-05-28 19:00,64,28,36,0,0,0
2021-05-28 19:15,62,29,33,0,0,0
2021-05-28 19:30,55,32,23,0,0,0
2021-05-28 19:45,35,18,17,0,0,0
2021-05-28 20:00,61,26,35,0,0,0
2021-05-28 20:15,43,19,24,0,0,0
2021-05-28 20:30,33,9,24,0,0,0
2021-05-28 20:45,33,18,15,0,0,0
2021-05-28 21:00,24,9,15,0,0,0
2021-05-28 21:15,27,8,19,0,0,0
2021-05-28 21:30,19,8,11,0,0,0
2021-05-28 21:45,20,3,17,0,0,0
2021-05-28 22:00,35,10,25,0,0,0
2021-05-28 22:15,15,1,14,0,0,0
2021-05-28 22:30,22,7,15,0,0,0
2021-05-28 22:45,24,4,20,0,0,0
2021-05-28 23:00,12,0,12,0,0,0
2021-05-28 23:15,12,1,11,0,0,0
2021-05-28 23:30,26,12,14,0,0,0
2021-05-28 23:45,22,5,17,0,0,0
2021-05-29 00:00,10,,10,0,,0
2021-05-29 00:15,16,,16,0,,0
2021-05-29 00:30,17,,17,0,,0
2021-05-29 00:45,10,,10,0,,0
2021-05-29 01:00,10,,10,0,,0
2021-05-29 01:15,4,,4,0,,0
2021-05-29 01:30,11,,11,0,,0
2021-05-29 01:45,8,,8,0,,0
2021-05-29 02:00,5,,5,0,,0
2021-05-29 02:15,2,,2,0,,0
2021-05-29 02:30,6,,6,0,,0
2021-05-29 02:45,0,,0,0,,0
2021-05-29 03:00,6,,6,0,,0
2021-05-29 03:15,3,,3,0,,0
2021-05-29 03:30,2,,2,0,,0
2021-05-29 03:45,4,,4,0,,0
2021-05-29 04:00,1,,1,0,,0
2021-05-29 04:15,8,,8,0,,0
2021-05-29 04:30,1,,1,0,,0
2021-05-29 04:45,1,,1,0,,0
2021-05-29 05:00,0,,0,0,,0
2021-05-29 05:15,2,,2,0,,0
2021-05-29 05:30,5,,5,0,,0
2021-05-29 05:45,4,,4,0,,0
2021-05-29 06:00,2,,2,0,,0
2021-05-29 06:15,1,,1,0,,0
2021-05-29 06:30,0,,0,0,,0
2021-05-29 06:45,4,,4,0,,0
2021-05-29 07:00,6,,6,0,,0
2021-05-29 07:15,1,,1,0,,0
2021-05-29 07:30,7,,7,0,,0
2021-05-29 07:45,11,,11,0,,0
2021-05-29 08:00,4,,4,0,,0
2021-05-29 08:15,15,,15,0,,0
2021-05-29 08:30,15,,15,0,,0
2021-05-29 08:45,10,,10,0,,0
2021-05-29 09:00,19,,19,0,,0
2021-05-29 09:15,19,,19,0,,0
2021-05-29 09:30,17,,17,0,,0
2021-05-29 09:45,17,,17,0,,0
2021-05-29 10:00,15,,15,0,,0
2021-05-29 10:15,13,,13,0,,0
2021-05-29 10:30,27,,27,0,,0
2021-05-29 10:45,29,,29,0,,0
2021-05-29 11:00,31,,31,0,,0
2021-05-29 11:15,41,,41,0,,0
2021-05-29 11:30,29,,29,0,,0
2021-05-29 11:45,46,,46,0,,0
2021-05-29 12:00,31,,31,0,,0
2021-05-29 12:15,44,,44,0,,0
2021-05-29 12:30,45,,45,0,,0
2021-05-29 12:45,50,,50,0,,0
2021-05-29 13:00,59,,59,0,,0
2021-05-29 13:15,40,,40,0,,0
2021-05-29 13:30,47,,47,0,,0
2021-05-29 13:45,48,,48,0,,0
2021-05-29 14:00,44,,44,0,,0
2021-05-29 14:15,50,,50,0,,0
2021-05-29 14:30,57,,57,0,,0
2021-05-29 14:45,61,,61,0,,0
2021-05-29 15:00,52,,52,0,,0
2021-05-29 15:15,53,,53,0,,0
2021-05-29 15:30,49,,49,0,,0
2021-05-29 15:45,41,,41,0,,0
2021-05-29 16:00,40,,40,0,,0
2021-05-29 16:15,42,,42,0,,0
2021-05-29 16:30,40,,40,0,,0
2021-05-29 16:45,59,,59,0,,0
2021-05-29 17:00,56,,56,0,,0
2021-05-29 17:15,47,,47,0,,0
2021-05-29 17:30,50,,50,0,,0
2021-05-29 17:45,40,,40,0,,0
2021-05-29 18:00,40,,40,0,,0
2021-05-29 18:15,60,,60,0,,0
2021-05-29 18:30,40,,40,0,,0
2021-05-29 18:45,40,,40,0,,0
2021-05-29 19:00,50,,50,0,,0
2021-05-29 19:15,23,,23,0,,0
2021-05-29 19:30,47,,47,0,,0
2021-05-29 19:45,22,,22,0,,0
2021-05-29 20:00,22,,22,0,,0
2021-05-29 20:15,17,,17,0,,0
2021-05-29 20:30,16,,16,0,,0
2021-05-29 20:45,17,,17,0,,0
2021-05-29 21:00,12,,12,0,,0
2021-05-29 21:15,19,,19,0,,0
2021-05-29 21:30,19,,19,0,,0
2021-05-29 21:45,20,,20,0,,0
2021-05-29 22:00,12,,12,0,,0
2021-05-29 22:15,29,,29,0,,0
2021-05-29 22:30,18,,18,0,,0
2021-05-29 22:45,24,,24,0,,0
2021-05-29 23:00,23,,23,0,,0
2021-05-29 23:15,14,,14,0,,0
2021-05-29 23:30,14,,14,0,,0
2021-05-29 23:45,21,,21,0,,0
2021-05-30 00:00,14,,14,0,,0
2021-05-30 00:15,5,,5,0,,0
2021-05-30 00:30,11,,11,0,,0
2021-05-30 00:45,16,,16,0,,0
2021-05-30 01:00,16,,16,0,,0
2021-05-30 01:15,8,,8,0,,0
2021-05-30 01:30,13,,13,0,,0
2021-05-30 01:45,12,,12,0,,0
2021-05-30 02:00,14,,14,0,,0
2021-05-30 02:15,9,,9,0,,0
2021-05-30 02:30,7,,7,0,,0
2021-05-30 02:45,6,,6,0,,0
2021-05-30 03:00,9,,9,0,,0
2021-05-30 03:15,10,,10,0,,0
2021-05-30 03:30,2,,2,0,,0
2021-05-30 03:45,4,,4,0,,0
2021-05-30 04:00,3,,3,0,,0
2021-05-30 04:15,0,,0,0,,0
2021-05-30 04:30,0,,0,0,,0
2021-05-30 04:45,0,,0,0,,0
2021-05-30 05:00,0,0,0,0,0,0
2021-05-30 05:15,0,0,0,0,0,0
2021-05-30 05:30,6,3,3,0,0,0
2021-05-30 05:45,6,3,3,0,0,0
2021-05-30 06:00,5,2,3,0,0,0
2021-05-30 06:15,3,1,2,0,0,0
2021-05-30 06:30,3,2,1,0,0,0
2021-05-30 06:45,5,1,4,0,0,0
2021-05-30 07:00,4,2,2,0,0,0
2021-05-30 07:15,8,5,3,0,0,0
2021-05-30 07:30,4,2,2,0,0,0
2021-05-30 07:45,5,1,4,0,0,0
2021-05-30 08:00,5,0,5,0,0,0
2021-05-30 08:15,8,6,2,0,0,0
2021-05-30 08:30,12,6,6,0,0,0
2021-05-30 08:45,11,6,5,0,0,0
2021-05-30 09:00,16,3,13,0,0,0
2021-05-30 09:15,30,19,11,0,0,0
2021-05-30 09:30,27,15,12,0,0,0
2021-05-30 09:45,35,22,13,0,0,0
2021-05-30 10:00,23,13,10,0,0,0
2021-05-30 10:15,33,18,15,0,0,0
2021-05-30 10:30,34,23,11,0,0,0
2021-05-30 10:45,31,19,12,0,0,0
2021-05-30 11:00,42,16,26,0,0,0
2021-05-30 11:15,42,12,30,0,0,0
2021-05-30 11:30,47,31,16,0,0,0
2021-05-30 11:45,42,25,17,0,0,0
2021-05-30 12:00,62,22,40,0,0,0
2021-05-30 12:15,67,42,25,0,0,0
2021-05-30 12:30,74,22,52,0,0,0
2021-05-30 12:45,65,35,30,0,0,0
2021-05-30 13:00,66,25,41,0,0,0
2021-05-30 13:15,64,32,32,0,0,0
2021-05-30 13:30,67,31,36,0,0,0
2021-05-30 13:45,102,45,57,0,0,0
2021-05-30 14:00,67,26,41,0,0,0
2021-05-30 14:15,90,43,47,0,0,0
2021-05-30 14:30,59,29,30,0,0,0
2021-05-30 14:45,89,35,54,0,0,0
2021-05-30 15:00,57,17,40,0,0,0
2021-05-30 15:15,85,41,44,0,0,0
2021-05-30 15:30,85,41,44,0,0,0
2021-05-30 15:45,94,42,52,0,0,0
2021-05-30 16:00,74,20,54,0,0,0
2021-05-30 16:15,109,62,47,0,0,0
2021-05-30 16:30,79,29,50,0,0,0
2021-05-30 16:45,71,30,41,0,0,0
2021-05-30 17:00,67,37,30,0,0,0
2021-05-30 17:15,72,23,49,0,0,0
2021-05-30 17:30,75,30,45,0,0,0
2021-05-30 17:45,88,33,55,0,0,0
2021-05-30 18:00,54,20,34,0,0,0
2021-05-30 18:15,66,32,34,0,0,0
2021-05-30 18:30,66,37,29,0,0,0
2021-05-30 18:45,67,26,41,0,0,0
2021-05-30 19:00,51,17,34,0,0,0
2021-05-30 19:15,45,14,31,0,0,0
2021-05-30 19:30,55,20,35,0,0,0
2021-05-30 19:45,39,16,23,0,0,0
2021-05-30 20:00,34,8,26,0,0,0
2021-05-30 20:15,35,15,20,0,0,0
2021-05-30 20:30,41,5,36,0,0,0
2021-05-30 20:45,31,11,20,0,0,0
2021-05-30 21:00,40,14,26,0,0,0
2021-05-30 21:15,30,12,18,0,0,0
2021-05-30 21:30,27,14,13,0,0,0
2021-05-30 21:45,37,9,28,0,0,0
2021-05-30 22:00,28,3,25,0,0,0
2021-05-30 22:15,19,4,15,0,0,0
2021-05-30 22:30,15,7,8,0,0,0
2021-05-30 22:45,22,4,18,0,0,0
2021-05-30 23:00,17,2,15,0,0,0
2021-05-30 23:15,8,1,7,0,0,0
2021-05-30 23:30,14,3,11,0,0,0
2021-05-30 23:45,7,3,4,0,0,0
