Datetime,100034982 (Hüfferstraße),101034982 (Hüfferstraße stadteinwärts),102034982 (Hüfferstraße stadtauswärts),100034982-status,101034982-status,102034982-status
2021-06-01 00:00,12,0,12,0,0,0
2021-06-01 00:15,8,3,5,0,0,0
2021-06-01 00:30,12,1,11,0,0,0
2021-06-01 00:45,3,0,3,0,0,0
2021-06-01 01:00,2,1,1,0,0,0
2021-06-01 01:15,3,1,2,0,0,0
2021-06-01 01:30,3,0,3,0,0,0
2021-06-01 01:45,1,1,0,0,0,0
2021-06-01 02:00,3,2,1,0,0,0
2021-06-01 02:15,0,0,0,0,0,0
2021-06-01 02:30,1,1,0,0,0,0
2021-06-01 02:45,4,0,4,0,0,0
2021-06-01 03:00,1,0,1,0,0,0
2021-06-01 03:15,0,0,0,0,0,0
2021-06-01 03:30,0,0,0,0,0,0
2021-06-01 03:45,0,0,0,0,0,0
2021-06-01 04:00,1,1,0,0,0,0
2021-06-01 04:15,0,0,0,0,0,0
2021-06-01 04:30,1,1,0,0,0,0
2021-06-01 04:45,3,1,2,0,0,0
2021-06-01 05:00,1,1,0,0,0,0
2021-06-01 05:15,3,3,0,0,0,0
2021-06-01 05:30,9,1,8,0,0,0
2021-06-01 05:45,13,3,10,0,0,0
2021-06-01 06:00,11,6,5,0,0,0
2021-06-01 06:15,20,9,11,0,0,0
2021-06-01 06:30,50,24,26,0,0,0
2021-06-01 06:45,59,23,36,0,0,0
2021-06-01 07:00,51,19,32,0,0,0
2021-06-01 07:15,92,40,52,0,0,0
2021-06-01 07:30,120,59,61,0,0,0
2021-06-01 07:45,218,139,79,0,0,0
2021-06-01 08:00,200,131,69,0,0,0
2021-06-01 08:15,101,67,34,0,0,0
2021-06-01 08:30,87,45,42,0,0,0
2021-06-01 08:45,125,72,53,0,0,0
2021-06-01 09:00,67,23,44,0,0,0
2021-06-01 09:15,81,44,37,0,0,0
2021-06-01 09:30,71,28,43,0,0,0
2021-06-01 09:45,65,37,28,0,0,0
2021-06-01 10:00,90,48,42,0,0,0
2021-06-01 10:15,74,50,24,0,0,0
2021-06-01 10:30,64,30,34,0,0,0
2021-06-01 10:45,53,37,16,0,0,0
2021-06-01 11:00,65,24,41,0,0,0
2021-06-01 11:15,60,29,31,0,0,0
2021-06-01 11:30,81,24,57,0,0,0
2021-06-01 11:45,99,50,49,0,0,0
2021-06-01 12:00,112,36,76,0,0,0
2021-06-01 12:15,90,38,52,0,0,0
2021-06-01 12:30,87,36,51,0,0,0
2021-06-01 12:45,121,65,56,0,0,0
2021-06-01 13:00,115,39,76,0,0,0
2021-06-01 13:15,137,52,85,0,0,0
2021-06-01 13:30,217,52,165,0,0,0
2021-06-01 13:45,139,53,86,0,0,0
2021-06-01 14:00,103,43,60,0,0,0
2021-06-01 14:15,109,58,51,0,0,0
2021-06-01 14:30,124,62,62,0,0,0
2021-06-01 14:45,114,68,46,0,0,0
2021-06-01 15:00,132,67,65,0,0,0
2021-06-01 15:15,105,52,53,0,0,0
2021-06-01 15:30,109,62,47,0,0,0
2021-06-01 15:45,118,62,56,0,0,0
2021-06-01 16:00,147,75,72,0,0,0
2021-06-01 16:15,115,55,60,0,0,0
2021-06-01 16:30,132,64,68,0,0,0
2021-06-01 16:45,149,81,68,0,0,0
2021-06-01 17:00,130,72,58,0,0,0
2021-06-01 17:15,128,71,57,0,0,0
2021-06-01 17:30,128,47,81,0,0,0
2021-06-01 17:45,122,64,58,0,0,0
2021-06-01 18:00,110,50,60,0,0,0
2021-06-01 18:15,122,45,77,0,0,0
2021-06-01 18:30,108,35,73,0,0,0
2021-06-01 18:45,100,48,52,0,0,0
2021-06-01 19:00,93,32,61,0,0,0
2021-06-01 19:15,68,28,40,0,0,0
2021-06-01 19:30,71,28,43,0,0,0
2021-06-01 19:45,70,33,37,0,0,0
2021-06-01 20:00,60,25,35,0,0,0
2021-06-01 20:15,47,27,20,0,0,0
2021-06-01 20:30,51,28,23,0,0,0
2021-06-01 20:45,43,10,33,0,0,0
2021-06-01 21:00,58,27,31,0,0,0
2021-06-01 21:15,30,6,24,0,0,0
2021-06-01 21:30,30,8,22,0,0,0
2021-06-01 21:45,44,11,33,0,0,0
2021-06-01 22:00,41,11,30,0,0,0
2021-06-01 22:15,50,16,34,0,0,0
2021-06-01 22:30,32,8,24,0,0,0
2021-06-01 22:45,23,3,20,0,0,0
2021-06-01 23:00,31,5,26,0,0,0
2021-06-01 23:15,28,2,26,0,0,0
2021-06-01 23:30,17,5,12,0,0,0
2021-06-01 23:45,17,1,16,0,0,0
2021-06-02 00:00,10,1,9,0,0,0
2021-06-02 00:15,20,3,17,0,0,0
2021-06-02 00:30,11,1,10,0,0,0
2021-06-02 00:45,3,2,1,0,0,0
2021-06-02 01:00,5,3,2,0,0,0
2021-06-02 01:15,4,1,3,0,0,0
2021-06-02 01:30,1,0,1,0,0,0
2021-06-02 01:45,2,0,2,0,0,0
2021-06-02 02:00,0,0,0,0,0,0
2021-06-02 02:15,0,0,0,0,0,0
2021-06-02 02:30,0,0,0,0,0,0
2021-06-02 02:45,1,0,1,0,0,0
2021-06-02 03:00,0,0,0,0,0,0
2021-06-02 03:15,0,0,0,0,0,0
2021-06-02 03:30,0,0,0,0,0,0
2021-06-02 03:45,0,0,0,0,0,0
2021-06-02 04:00,0,0,0,0,0,0
2021-06-02 04:15,1,1,0,0,0,0
2021-06-02 04:30,0,0,0,0,0,0
2021-06-02 04:45,2,0,2,0,0,0
2021-06-02 05:00,5,1,4,0,0,0
2021-06-02 05:15,1,0,1,0,0,0
2021-06-02 05:30,9,4,5,0,0,0
2021-06-02 05:45,17,8,9,0,0,0
2021-06-02 06:00,9,6,3,0,0,0
2021-06-02 06:15,21,8,13,0,0,0
2021-06-02 06:30,40,13,27,0,0,0
2021-06-02 06:45,59,25,34,0,0,0
2021-06-02 07:00,62,19,43,0,0,0
2021-06-02 07:15,98,52,46,0,0,0
2021-06-02 07:30,139,73,66,0,0,0
2021-06-02 07:45,232,152,80,0,0,0
2021-06-02 08:00,204,144,60,0,0,0
2021-06-02 08:15,112,65,47,0,0,0
2021-06-02 08:30,113,55,58,0,0,0
2021-06-02 08:45,145,74,71,0,0,0
2021-06-02 09:00,90,45,45,0,0,0
2021-06-02 09:15,89,37,52,0,0,0
2021-06-02 09:30,90,48,42,0,0,0
2021-06-02 09:45,106,57,49,0,0,0
2021-06-02 10:00,95,50,45,0,0,0
2021-06-02 10:15,84,55,29,0,0,0
2021-06-02 10:30,85,42,43,0,0,0
2021-06-02 10:45,95,51,44,0,0,0
2021-06-02 11:00,88,43,45,0,0,0
2021-06-02 11:15,82,39,43,0,0,0
2021-06-02 11:30,98,37,61,0,0,0
2021-06-02 11:45,127,60,67,0,0,0
2021-06-02 12:00,123,58,65,0,0,0
2021-06-02 12:15,143,78,65,0,0,0
2021-06-02 12:30,136,53,83,0,0,0
2021-06-02 12:45,157,66,91,0,0,0
2021-06-02 13:00,144,64,80,0,0,0
2021-06-02 13:15,143,50,93,0,0,0
2021-06-02 13:30,201,43,158,0,0,0
2021-06-02 13:45,115,48,67,0,0,0
2021-06-02 14:00,125,44,81,0,0,0
2021-06-02 14:15,114,53,61,0,0,0
2021-06-02 14:30,118,46,72,0,0,0
2021-06-02 14:45,121,62,59,0,0,0
2021-06-02 15:00,140,75,65,0,0,0
2021-06-02 15:15,130,67,63,0,0,0
2021-06-02 15:30,131,62,69,0,0,0
2021-06-02 15:45,172,78,94,0,0,0
2021-06-02 16:00,151,81,70,0,0,0
2021-06-02 16:15,152,82,70,0,0,0
2021-06-02 16:30,116,51,65,0,0,0
2021-06-02 16:45,140,78,62,0,0,0
2021-06-02 17:00,121,57,64,0,0,0
2021-06-02 17:15,118,69,49,0,0,0
2021-06-02 17:30,118,57,61,0,0,0
2021-06-02 17:45,121,64,57,0,0,0
2021-06-02 18:00,81,33,48,0,0,0
2021-06-02 18:15,127,58,69,0,0,0
2021-06-02 18:30,104,54,50,0,0,0
2021-06-02 18:45,113,52,61,0,0,0
2021-06-02 19:00,95,53,42,0,0,0
2021-06-02 19:15,88,52,36,0,0,0
2021-06-02 19:30,64,28,36,0,0,0
2021-06-02 19:45,72,37,35,0,0,0
2021-06-02 20:00,84,43,41,0,0,0
2021-06-02 20:15,79,43,36,0,0,0
2021-06-02 20:30,48,28,20,0,0,0
2021-06-02 20:45,70,31,39,0,0,0
2021-06-02 21:00,41,28,13,0,0,0
2021-06-02 21:15,36,13,23,0,0,0
2021-06-02 21:30,46,13,33,0,0,0
2021-06-02 21:45,36,10,26,0,0,0
2021-06-02 22:00,54,19,35,0,0,0
2021-06-02 22:15,44,9,35,0,0,0
2021-06-02 22:30,29,2,27,0,0,0
2021-06-02 22:45,30,7,23,0,0,0
2021-06-02 23:00,45,14,31,0,0,0
2021-06-02 23:15,42,7,35,0,0,0
2021-06-02 23:30,25,4,21,0,0,0
2021-06-02 23:45,19,6,13,0,0,0
2021-06-03 00:00,38,7,31,0,0,0
2021-06-03 00:15,27,5,22,0,0,0
2021-06-03 00:30,27,4,23,0,0,0
2021-06-03 00:45,35,4,31,0,0,0
2021-06-03 01:00,37,0,37,0,0,0
2021-06-03 01:15,26,8,18,0,0,0
2021-06-03 01:30,21,1,20,0,0,0
2021-06-03 01:45,18,1,17,0,0,0
2021-06-03 02:00,19,0,19,0,0,0
2021-06-03 02:15,22,1,21,0,0,0
2021-06-03 02:30,26,6,20,0,0,0
2021-06-03 02:45,14,1,13,0,0,0
2021-06-03 03:00,17,0,17,0,0,0
2021-06-03 03:15,7,2,5,0,0,0
2021-06-03 03:30,16,0,16,0,0,0
2021-06-03 03:45,8,0,8,0,0,0
2021-06-03 04:00,7,1,6,0,0,0
2021-06-03 04:15,3,1,2,0,0,0
2021-06-03 04:30,8,0,8,0,0,0
2021-06-03 04:45,4,2,2,0,0,0
2021-06-03 05:00,3,2,1,0,0,0
2021-06-03 05:15,1,0,1,0,0,0
2021-06-03 05:30,5,0,5,0,0,0
2021-06-03 05:45,6,3,3,0,0,0
2021-06-03 06:00,0,0,0,0,0,0
2021-06-03 06:15,2,0,2,0,0,0
2021-06-03 06:30,4,2,2,0,0,0
2021-06-03 06:45,5,3,2,0,0,0
2021-06-03 07:00,9,5,4,0,0,0
2021-06-03 07:15,6,3,3,0,0,0
2021-06-03 07:30,15,10,5,0,0,0
2021-06-03 07:45,17,10,7,0,0,0
2021-06-03 08:00,9,3,6,0,0,0
2021-06-03 08:15,21,7,14,0,0,0
2021-06-03 08:30,12,6,6,0,0,0
2021-06-03 08:45,23,14,9,0,0,0
2021-06-03 09:00,21,18,3,0,0,0
2021-06-03 09:15,23,4,19,0,0,0
2021-06-03 09:30,21,12,9,0,0,0
2021-06-03 09:45,32,21,11,0,0,0
2021-06-03 10:00,42,34,8,0,0,0
2021-06-03 10:15,29,12,17,0,0,0
2021-06-03 10:30,34,19,15,0,0,0
2021-06-03 10:45,37,19,18,0,0,0
2021-06-03 11:00,53,32,21,0,0,0
2021-06-03 11:15,55,17,38,0,0,0
2021-06-03 11:30,29,19,10,0,0,0
2021-06-03 11:45,47,29,18,0,0,0
2021-06-03 12:00,49,24,25,0,0,0
2021-06-03 12:15,54,20,34,0,0,0
2021-06-03 12:30,86,41,45,0,0,0
2021-06-03 12:45,48,18,30,0,0,0
2021-06-03 13:00,60,21,39,0,0,0
2021-06-03 13:15,56,21,35,0,0,0
2021-06-03 13:30,51,20,31,0,0,0
2021-06-03 13:45,60,32,28,0,0,0
2021-06-03 14:00,57,20,37,0,0,0
2021-06-03 14:15,44,27,17,0,0,0
2021-06-03 14:30,53,26,27,0,0,0
2021-06-03 14:45,81,41,40,0,0,0
2021-06-03 15:00,66,30,36,0,0,0
2021-06-03 15:15,55,25,30,0,0,0
2021-06-03 15:30,29,11,18,0,0,0
2021-06-03 15:45,52,23,29,0,0,0
2021-06-03 16:00,53,14,39,0,0,0
2021-06-03 16:15,38,13,25,0,0,0
2021-06-03 16:30,38,13,25,0,0,0
2021-06-03 16:45,32,12,20,0,0,0
2021-06-03 17:00,44,19,25,0,0,0
2021-06-03 17:15,46,22,24,0,0,0
2021-06-03 17:30,41,16,25,0,0,0
2021-06-03 17:45,43,16,27,0,0,0
2021-06-03 18:00,48,20,28,0,0,0
2021-06-03 18:15,54,29,25,0,0,0
2021-06-03 18:30,21,6,15,0,0,0
2021-06-03 18:45,33,19,14,0,0,0
2021-06-03 19:00,27,9,18,0,0,0
2021-06-03 19:15,35,15,20,0,0,0
2021-06-03 19:30,34,12,22,0,0,0
2021-06-03 19:45,32,9,23,0,0,0
2021-06-03 20:00,28,6,22,0,0,0
2021-06-03 20:15,33,9,24,0,0,0
2021-06-03 20:30,21,4,17,0,0,0
2021-06-03 20:45,23,5,18,0,0,0
2021-06-03 21:00,29,17,12,0,0,0
2021-06-03 21:15,22,6,16,0,0,0
2021-06-03 21:30,13,3,10,0,0,0
2021-06-03 21:45,11,4,7,0,0,0
2021-06-03 22:00,17,7,10,0,0,0
2021-06-03 22:15,8,5,3,0,0,0
2021-06-03 22:30,18,1,17,0,0,0
2021-06-03 22:45,10,2,8,0,0,0
2021-06-03 23:00,8,1,7,0,0,0
2021-06-03 23:15,12,1,11,0,0,0
2021-06-03 23:30,8,1,7,0,0,0
2021-06-03 23:45,12,4,8,0,0,0
2021-06-04 00:00,8,1,7,0,0,0
2021-06-04 00:15,6,3,3,0,0,0
2021-06-04 00:30,4,2,2,0,0,0
2021-06-04 00:45,3,0,3,0,0,0
2021-06-04 01:00,2,0,2,0,0,0
2021-06-04 01:15,1,0,1,0,0,0
2021-06-04 01:30,5,2,3,0,0,0
2021-06-04 01:45,4,1,3,0,0,0
2021-06-04 02:00,0,0,0,0,0,0
2021-06-04 02:15,4,0,4,0,0,0
2021-06-04 02:30,0,0,0,0,0,0
2021-06-04 02:45,4,3,1,0,0,0
2021-06-04 03:00,0,0,0,0,0,0
2021-06-04 03:15,0,0,0,0,0,0
2021-06-04 03:30,0,0,0,0,0,0
2021-06-04 03:45,1,0,1,0,0,0
2021-06-04 04:00,0,0,0,0,0,0
2021-06-04 04:15,0,0,0,0,0,0
2021-06-04 04:30,1,1,0,0,0,0
2021-06-04 04:45,3,1,2,0,0,0
2021-06-04 05:00,1,1,0,0,0,0
2021-06-04 05:15,0,0,0,0,0,0
2021-06-04 05:30,6,1,5,0,0,0
2021-06-04 05:45,9,4,5,0,0,0
2021-06-04 06:00,7,3,4,0,0,0
2021-06-04 06:15,16,6,10,0,0,0
2021-06-04 06:30,16,5,11,0,0,0
2021-06-04 06:45,26,5,21,0,0,0
2021-06-04 07:00,25,10,15,0,0,0
2021-06-04 07:15,49,26,23,0,0,0
2021-06-04 07:30,72,38,34,0,0,0
2021-06-04 07:45,89,31,58,0,0,0
2021-06-04 08:00,71,23,48,0,0,0
2021-06-04 08:15,69,32,37,0,0,0
2021-06-04 08:30,55,27,28,0,0,0
2021-06-04 08:45,80,43,37,0,0,0
2021-06-04 09:00,61,32,29,0,0,0
2021-06-04 09:15,63,34,29,0,0,0
2021-06-04 09:30,65,37,28,0,0,0
2021-06-04 09:45,100,54,46,0,0,0
2021-06-04 10:00,77,41,36,0,0,0
2021-06-04 10:15,75,49,26,0,0,0
2021-06-04 10:30,85,55,30,0,0,0
2021-06-04 10:45,73,39,34,0,0,0
2021-06-04 11:00,83,40,43,0,0,0
2021-06-04 11:15,72,36,36,0,0,0
2021-06-04 11:30,85,37,48,0,0,0
2021-06-04 11:45,75,37,38,0,0,0
2021-06-04 12:00,101,51,50,0,0,0
2021-06-04 12:15,105,45,60,0,0,0
2021-06-04 12:30,116,52,64,0,0,0
2021-06-04 12:45,119,47,72,0,0,0
2021-06-04 13:00,105,41,64,0,0,0
2021-06-04 13:15,121,39,82,0,0,0
2021-06-04 13:30,103,58,45,0,0,0
2021-06-04 13:45,97,43,54,0,0,0
2021-06-04 14:00,111,51,60,0,0,0
2021-06-04 14:15,102,43,59,0,0,0
2021-06-04 14:30,99,51,48,0,0,0
2021-06-04 14:45,111,57,54,0,0,0
2021-06-04 15:00,117,56,61,0,0,0
2021-06-04 15:15,85,41,44,0,0,0
2021-06-04 15:30,94,51,43,0,0,0
2021-06-04 15:45,138,62,76,0,0,0
2021-06-04 16:00,129,56,73,0,0,0
2021-06-04 16:15,117,56,61,0,0,0
2021-06-04 16:30,99,51,48,0,0,0
2021-06-04 16:45,80,43,37,0,0,0
2021-06-04 17:00,95,45,50,0,0,0
2021-06-04 17:15,104,53,51,0,0,0
2021-06-04 17:30,72,36,36,0,0,0
2021-06-04 17:45,85,46,39,0,0,0
2021-06-04 18:00,108,35,73,0,0,0
2021-06-04 18:15,80,31,49,0,0,0
2021-06-04 18:30,91,44,47,0,0,0
2021-06-04 18:45,70,27,43,0,0,0
2021-06-04 19:00,65,29,36,0,0,0
2021-06-04 19:15,84,46,38,0,0,0
2021-06-04 19:30,69,35,34,0,0,0
2021-06-04 19:45,72,32,40,0,0,0
2021-06-04 20:00,57,19,38,0,0,0
2021-06-04 20:15,37,14,23,0,0,0
2021-06-04 20:30,43,14,29,0,0,0
2021-06-04 20:45,32,19,13,0,0,0
2021-06-04 21:00,27,11,16,0,0,0
2021-06-04 21:15,34,20,14,0,0,0
2021-06-04 21:30,37,16,21,0,0,0
2021-06-04 21:45,32,18,14,0,0,0
2021-06-04 22:00,26,12,14,0,0,0
2021-06-04 22:15,29,14,15,0,0,0
2021-06-04 22:30,33,5,28,0,0,0
2021-06-04 22:45,24,5,19,0,0,0
2021-06-04 23:00,24,6,18,0,0,0
2021-06-04 23:15,39,5,34,0,0,0
2021-06-04 23:30,14,1,13,0,0,0
2021-06-04 23:45,28,2,26,0,0,0
2021-06-05 00:00,27,9,18,0,0,0
2021-06-05 00:15,35,6,29,0,0,0
2021-06-05 00:30,13,4,9,0,0,0
2021-06-05 00:45,20,1,19,0,0,0
2021-06-05 01:00,15,5,10,0,0,0
2021-06-05 01:15,7,1,6,0,0,0
2021-06-05 01:30,4,0,4,0,0,0
2021-06-05 01:45,7,4,3,0,0,0
2021-06-05 02:00,8,2,6,0,0,0
2021-06-05 02:15,4,0,4,0,0,0
2021-06-05 02:30,16,10,6,0,0,0
2021-06-05 02:45,2,0,2,0,0,0
2021-06-05 03:00,9,0,9,0,0,0
2021-06-05 03:15,3,0,3,0,0,0
2021-06-05 03:30,7,2,5,0,0,0
2021-06-05 03:45,4,1,3,0,0,0
2021-06-05 04:00,1,0,1,0,0,0
2021-06-05 04:15,3,0,3,0,0,0
2021-06-05 04:30,2,2,0,0,0,0
2021-06-05 04:45,2,1,1,0,0,0
2021-06-05 05:00,2,0,2,0,0,0
2021-06-05 05:15,4,0,4,0,0,0
2021-06-05 05:30,8,3,5,0,0,0
2021-06-05 05:45,9,2,7,0,0,0
2021-06-05 06:00,4,1,3,0,0,0
2021-06-05 06:15,2,2,0,0,0,0
2021-06-05 06:30,7,4,3,0,0,0
2021-06-05 06:45,8,8,0,0,0,0
2021-06-05 07:00,8,6,2,0,0,0
2021-06-05 07:15,18,9,9,0,0,0
2021-06-05 07:30,36,26,10,0,0,0
2021-06-05 07:45,15,9,6,0,0,0
2021-06-05 08:00,30,17,13,0,0,0
2021-06-05 08:15,36,21,15,0,0,0
2021-06-05 08:30,30,18,12,0,0,0
2021-06-05 08:45,54,31,23,0,0,0
2021-06-05 09:00,39,15,24,0,0,0
2021-06-05 09:15,54,34,20,0,0,0
2021-06-05 09:30,55,38,17,0,0,0
2021-06-05 09:45,73,49,24,0,0,0
2021-06-05 10:00,70,56,14,0,0,0
2021-06-05 10:15,58,38,20,0,0,0
2021-06-05 10:30,89,59,30,0,0,0
2021-06-05 10:45,65,39,26,0,0,0
2021-06-05 11:00,93,49,44,0,0,0
2021-06-05 11:15,82,38,44,0,0,0
2021-06-05 11:30,95,54,41,0,0,0
2021-06-05 11:45,110,67,43,0,0,0
2021-06-05 12:00,80,42,38,0,0,0
2021-06-05 12:15,86,41,45,0,0,0
2021-06-05 12:30,84,43,41,0,0,0
2021-06-05 12:45,72,29,43,0,0,0
2021-06-05 13:00,75,42,33,0,0,0
2021-06-05 13:15,86,45,41,0,0,0
2021-06-05 13:30,71,31,40,0,0,0
2021-06-05 13:45,79,26,53,0,0,0
2021-06-05 14:00,66,33,33,0,0,0
2021-06-05 14:15,65,38,27,0,0,0
2021-06-05 14:30,82,32,50,0,0,0
2021-06-05 14:45,77,25,52,0,0,0
2021-06-05 15:00,76,36,40,0,0,0
2021-06-05 15:15,74,31,43,0,0,0
2021-06-05 15:30,32,5,27,0,0,0
2021-06-05 15:45,80,35,45,0,0,0
2021-06-05 16:00,78,26,52,0,0,0
2021-06-05 16:15,60,34,26,0,0,0
2021-06-05 16:30,56,16,40,0,0,0
2021-06-05 16:45,43,11,32,0,0,0
2021-06-05 17:00,39,15,24,0,0,0
2021-06-05 17:15,55,20,35,0,0,0
2021-06-05 17:30,45,19,26,0,0,0
2021-06-05 17:45,74,26,48,0,0,0
2021-06-05 18:00,62,20,42,0,0,0
2021-06-05 18:15,54,10,44,0,0,0
2021-06-05 18:30,40,16,24,0,0,0
2021-06-05 18:45,43,25,18,0,0,0
2021-06-05 19:00,52,26,26,0,0,0
2021-06-05 19:15,53,26,27,0,0,0
2021-06-05 19:30,38,12,26,0,0,0
2021-06-05 19:45,35,17,18,0,0,0
2021-06-05 20:00,37,22,15,0,0,0
2021-06-05 20:15,41,22,19,0,0,0
2021-06-05 20:30,30,14,16,0,0,0
2021-06-05 20:45,25,10,15,0,0,0
2021-06-05 21:00,35,10,25,0,0,0
2021-06-05 21:15,23,8,15,0,0,0
2021-06-05 21:30,16,7,9,0,0,0
2021-06-05 21:45,16,6,10,0,0,0
2021-06-05 22:00,21,13,8,0,0,0
2021-06-05 22:15,22,2,20,0,0,0
2021-06-05 22:30,19,3,16,0,0,0
2021-06-05 22:45,25,3,22,0,0,0
2021-06-05 23:00,24,4,20,0,0,0
2021-06-05 23:15,23,1,22,0,0,0
2021-06-05 23:30,6,2,4,0,0,0
2021-06-05 23:45,14,3,11,0,0,0
2021-06-06 00:00,18,8,10,0,0,0
2021-06-06 00:15,5,1,4,0,0,0
2021-06-06 00:30,16,8,8,0,0,0
2021-06-06 00:45,20,8,12,0,0,0
2021-06-06 01:00,20,4,16,0,0,0
2021-06-06 01:15,11,1,10,0,0,0
2021-06-06 01:30,6,0,6,0,0,0
2021-06-06 01:45,11,1,10,0,0,0
2021-06-06 02:00,5,0,5,0,0,0
2021-06-06 02:15,9,4,5,0,0,0
2021-06-06 02:30,5,0,5,0,0,0
2021-06-06 02:45,3,1,2,0,0,0
2021-06-06 03:00,5,2,3,0,0,0
2021-06-06 03:15,10,1,9,0,0,0
2021-06-06 03:30,3,0,3,0,0,0
2021-06-06 03:45,7,5,2,0,0,0
2021-06-06 04:00,1,0,1,0,0,0
2021-06-06 04:15,0,0,0,0,0,0
2021-06-06 04:30,4,0,4,0,0,0
2021-06-06 04:45,2,0,2,0,0,0
2021-06-06 05:00,1,0,1,0,0,0
2021-06-06 05:15,3,0,3,0,0,0
2021-06-06 05:30,6,0,6,0,0,0
2021-06-06 05:45,4,2,2,0,0,0
2021-06-06 06:00,1,1,0,0,0,0
2021-06-06 06:15,4,2,2,0,0,0
2021-06-06 06:30,4,2,2,0,0,0
2021-06-06 06:45,2,1,1,0,0,0
2021-06-06 07:00,2,0,2,0,0,0
2021-06-06 07:15,3,1,2,0,0,0
2021-06-06 07:30,10,4,6,0,0,0
2021-06-06 07:45,6,2,4,0,0,0
2021-06-06 08:00,1,0,1,0,0,0
2021-06-06 08:15,3,1,2,0,0,0
2021-06-06 08:30,5,3,2,0,0,0
2021-06-06 08:45,16,9,7,0,0,0
2021-06-06 09:00,8,5,3,0,0,0
2021-06-06 09:15,6,2,4,0,0,0
2021-06-06 09:30,23,10,13,0,0,0
2021-06-06 09:45,49,29,20,0,0,0
2021-06-06 10:00,33,14,19,0,0,0
2021-06-06 10:15,24,9,15,0,0,0
2021-06-06 10:30,23,9,14,0,0,0
2021-06-06 10:45,41,25,16,0,0,0
2021-06-06 11:00,24,11,13,0,0,0
2021-06-06 11:15,19,7,12,0,0,0
2021-06-06 11:30,20,12,8,0,0,0
2021-06-06 11:45,33,25,8,0,0,0
2021-06-06 12:00,33,12,21,0,0,0
2021-06-06 12:15,18,7,11,0,0,0
2021-06-06 12:30,43,14,29,0,0,0
2021-06-06 12:45,46,20,26,0,0,0
2021-06-06 13:00,37,13,24,0,0,0
2021-06-06 13:15,48,13,35,0,0,0
2021-06-06 13:30,41,18,23,0,0,0
2021-06-06 13:45,54,21,33,0,0,0
2021-06-06 14:00,42,24,18,0,0,0
2021-06-06 14:15,33,18,15,0,0,0
2021-06-06 14:30,58,35,23,0,0,0
2021-06-06 14:45,68,35,33,0,0,0
2021-06-06 15:00,59,24,35,0,0,0
2021-06-06 15:15,56,20,36,0,0,0
2021-06-06 15:30,63,32,31,0,0,0
2021-06-06 15:45,48,25,23,0,0,0
2021-06-06 16:00,56,22,34,0,0,0
2021-06-06 16:15,38,16,22,0,0,0
2021-06-06 16:30,63,18,45,0,0,0
2021-06-06 16:45,52,27,25,0,0,0
2021-06-06 17:00,50,27,23,0,0,0
2021-06-06 17:15,39,21,18,0,0,0
2021-06-06 17:30,38,21,17,0,0,0
2021-06-06 17:45,47,16,31,0,0,0
2021-06-06 18:00,67,29,38,0,0,0
2021-06-06 18:15,37,21,16,0,0,0
2021-06-06 18:30,24,4,20,0,0,0
2021-06-06 18:45,51,20,31,0,0,0
2021-06-06 19:00,40,6,34,0,0,0
2021-06-06 19:15,28,8,20,0,0,0
2021-06-06 19:30,30,9,21,0,0,0
2021-06-06 19:45,33,14,19,0,0,0
2021-06-06 20:00,40,14,26,0,0,0
2021-06-06 20:15,28,8,20,0,0,0
2021-06-06 20:30,34,13,21,0,0,0
2021-06-06 20:45,21,7,14,0,0,0
2021-06-06 21:00,24,5,19,0,0,0
2021-06-06 21:15,17,12,5,0,0,0
2021-06-06 21:30,14,8,6,0,0,0
2021-06-06 21:45,8,3,5,0,0,0
2021-06-06 22:00,11,2,9,0,0,0
2021-06-06 22:15,12,2,10,0,0,0
2021-06-06 22:30,11,4,7,0,0,0
2021-06-06 22:45,3,1,2,0,0,0
2021-06-06 23:00,10,1,9,0,0,0
2021-06-06 23:15,9,1,8,0,0,0
2021-06-06 23:30,9,4,5,0,0,0
2021-06-06 23:45,7,2,5,0,0,0
2021-06-07 00:00,3,0,3,0,0,0
2021-06-07 00:15,4,2,2,0,0,0
2021-06-07 00:30,4,1,3,0,0,0
2021-06-07 00:45,4,2,2,0,0,0
2021-06-07 01:00,0,0,0,0,0,0
2021-06-07 01:15,1,0,1,0,0,0
2021-06-07 01:30,0,0,0,0,0,0
2021-06-07 01:45,1,0,1,0,0,0
2021-06-07 02:00,1,1,0,0,0,0
2021-06-07 02:15,0,0,0,0,0,0
2021-06-07 02:30,1,0,1,0,0,0
2021-06-07 02:45,0,0,0,0,0,0
2021-06-07 03:00,0,0,0,0,0,0
2021-06-07 03:15,1,0,1,0,0,0
2021-06-07 03:30,0,0,0,0,0,0
2021-06-07 03:45,0,0,0,0,0,0
2021-06-07 04:00,1,0,1,0,0,0
2021-06-07 04:15,0,0,0,0,0,0
2021-06-07 04:30,0,0,0,0,0,0
2021-06-07 04:45,1,1,0,0,0,0
2021-06-07 05:00,4,3,1,0,0,0
2021-06-07 05:15,2,1,1,0,0,0
2021-06-07 05:30,8,4,4,0,0,0
2021-06-07 05:45,12,5,7,0,0,0
2021-06-07 06:00,7,3,4,0,0,0
2021-06-07 06:15,35,13,22,0,0,0
2021-06-07 06:30,45,12,33,0,0,0
2021-06-07 06:45,56,22,34,0,0,0
2021-06-07 07:00,53,21,32,0,0,0
2021-06-07 07:15,76,36,40,0,0,0
2021-06-07 07:30,124,66,58,0,0,0
2021-06-07 07:45,223,130,93,0,0,0
2021-06-07 08:00,206,134,72,0,0,0
2021-06-07 08:15,90,39,51,0,0,0
2021-06-07 08:30,100,53,47,0,0,0
2021-06-07 08:45,112,58,54,0,0,0
2021-06-07 09:00,84,33,51,0,0,0
2021-06-07 09:15,53,27,26,0,0,0
2021-06-07 09:30,64,27,37,0,0,0
2021-06-07 09:45,69,32,37,0,0,0
2021-06-07 10:00,75,37,38,0,0,0
2021-06-07 10:15,73,32,41,0,0,0
2021-06-07 10:30,46,23,23,0,0,0
2021-06-07 10:45,65,29,36,0,0,0
2021-06-07 11:00,59,31,28,0,0,0
2021-06-07 11:15,58,25,33,0,0,0
2021-06-07 11:30,74,35,39,0,0,0
2021-06-07 11:45,97,40,57,0,0,0
2021-06-07 12:00,74,36,38,0,0,0
2021-06-07 12:15,100,48,52,0,0,0
2021-06-07 12:30,89,35,54,0,0,0
2021-06-07 12:45,105,48,57,0,0,0
2021-06-07 13:00,82,27,55,0,0,0
2021-06-07 13:15,103,41,62,0,0,0
2021-06-07 13:30,141,37,104,0,0,0
2021-06-07 13:45,88,42,46,0,0,0
2021-06-07 14:00,92,33,59,0,0,0
2021-06-07 14:15,103,46,57,0,0,0
2021-06-07 14:30,115,41,74,0,0,0
2021-06-07 14:45,85,44,41,0,0,0
2021-06-07 15:00,134,73,61,0,0,0
2021-06-07 15:15,90,47,43,0,0,0
2021-06-07 15:30,107,48,59,0,0,0
2021-06-07 15:45,157,73,84,0,0,0
2021-06-07 16:00,166,67,99,0,0,0
2021-06-07 16:15,142,86,56,0,0,0
2021-06-07 16:30,151,86,65,0,0,0
2021-06-07 16:45,149,80,69,0,0,0
2021-06-07 17:00,118,66,52,0,0,0
2021-06-07 17:15,119,73,46,0,0,0
2021-06-07 17:30,131,65,66,0,0,0
2021-06-07 17:45,134,57,77,0,0,0
2021-06-07 18:00,114,54,60,0,0,0
2021-06-07 18:15,98,44,54,0,0,0
2021-06-07 18:30,88,25,63,0,0,0
2021-06-07 18:45,80,28,52,0,0,0
2021-06-07 19:00,74,29,45,0,0,0
2021-06-07 19:15,63,27,36,0,0,0
2021-06-07 19:30,48,19,29,0,0,0
2021-06-07 19:45,56,29,27,0,0,0
2021-06-07 20:00,53,18,35,0,0,0
2021-06-07 20:15,51,21,30,0,0,0
2021-06-07 20:30,24,11,13,0,0,0
2021-06-07 20:45,26,6,20,0,0,0
2021-06-07 21:00,32,14,18,0,0,0
2021-06-07 21:15,16,5,11,0,0,0
2021-06-07 21:30,26,5,21,0,0,0
2021-06-07 21:45,34,16,18,0,0,0
2021-06-07 22:00,19,5,14,0,0,0
2021-06-07 22:15,21,9,12,0,0,0
2021-06-07 22:30,25,7,18,0,0,0
2021-06-07 22:45,16,4,12,0,0,0
2021-06-07 23:00,11,4,7,0,0,0
2021-06-07 23:15,13,2,11,0,0,0
2021-06-07 23:30,9,1,8,0,0,0
2021-06-07 23:45,7,1,6,0,0,0
2021-06-08 00:00,4,1,3,0,0,0
2021-06-08 00:15,5,1,4,0,0,0
2021-06-08 00:30,5,1,4,0,0,0
2021-06-08 00:45,4,1,3,0,0,0
2021-06-08 01:00,5,2,3,0,0,0
2021-06-08 01:15,4,0,4,0,0,0
2021-06-08 01:30,0,0,0,0,0,0
2021-06-08 01:45,1,0,1,0,0,0
2021-06-08 02:00,0,0,0,0,0,0
2021-06-08 02:15,7,3,4,0,0,0
2021-06-08 02:30,1,0,1,0,0,0
2021-06-08 02:45,0,0,0,0,0,0
2021-06-08 03:00,0,0,0,0,0,0
2021-06-08 03:15,2,0,2,0,0,0
2021-06-08 03:30,1,0,1,0,0,0
2021-06-08 03:45,0,0,0,0,0,0
2021-06-08 04:00,0,0,0,0,0,0
2021-06-08 04:15,3,0,3,0,0,0
2021-06-08 04:30,1,1,0,0,0,0
2021-06-08 04:45,1,1,0,0,0,0
2021-06-08 05:00,1,0,1,0,0,0
2021-06-08 05:15,3,2,1,0,0,0
2021-06-08 05:30,15,4,11,0,0,0
2021-06-08 05:45,10,2,8,0,0,0
2021-06-08 06:00,5,1,4,0,0,0
2021-06-08 06:15,25,12,13,0,0,0
2021-06-08 06:30,32,14,18,0,0,0
2021-06-08 06:45,68,26,42,0,0,0
2021-06-08 07:00,67,25,42,0,0,0
2021-06-08 07:15,81,40,41,0,0,0
2021-06-08 07:30,123,62,61,0,0,0
2021-06-08 07:45,221,121,100,0,0,0
2021-06-08 08:00,213,135,78,0,0,0
2021-06-08 08:15,123,69,54,0,0,0
2021-06-08 08:30,97,42,55,0,0,0
2021-06-08 08:45,105,52,53,0,0,0
2021-06-08 09:00,77,35,42,0,0,0
2021-06-08 09:15,76,44,32,0,0,0
2021-06-08 09:30,77,35,42,0,0,0
2021-06-08 09:45,98,43,55,0,0,0
2021-06-08 10:00,80,45,35,0,0,0
2021-06-08 10:15,82,41,41,0,0,0
2021-06-08 10:30,66,29,37,0,0,0
2021-06-08 10:45,71,35,36,0,0,0
2021-06-08 11:00,64,30,34,0,0,0
2021-06-08 11:15,68,45,23,0,0,0
2021-06-08 11:30,68,33,35,0,0,0
2021-06-08 11:45,74,40,34,0,0,0
2021-06-08 12:00,105,51,54,0,0,0
2021-06-08 12:15,104,48,56,0,0,0
2021-06-08 12:30,100,34,66,0,0,0
2021-06-08 12:45,111,50,61,0,0,0
2021-06-08 13:00,101,47,54,0,0,0
2021-06-08 13:15,109,41,68,0,0,0
2021-06-08 13:30,197,51,146,0,0,0
2021-06-08 13:45,135,58,77,0,0,0
2021-06-08 14:00,98,44,54,0,0,0
2021-06-08 14:15,137,65,72,0,0,0
2021-06-08 14:30,142,76,66,0,0,0
2021-06-08 14:45,99,48,51,0,0,0
2021-06-08 15:00,130,60,70,0,0,0
2021-06-08 15:15,129,77,52,0,0,0
2021-06-08 15:30,110,66,44,0,0,0
2021-06-08 15:45,145,87,58,0,0,0
2021-06-08 16:00,174,88,86,0,0,0
2021-06-08 16:15,146,66,80,0,0,0
2021-06-08 16:30,132,63,69,0,0,0
2021-06-08 16:45,132,52,80,0,0,0
2021-06-08 17:00,124,69,55,0,0,0
2021-06-08 17:15,134,71,63,0,0,0
2021-06-08 17:30,121,51,70,0,0,0
2021-06-08 17:45,117,48,69,0,0,0
2021-06-08 18:00,127,47,80,0,0,0
2021-06-08 18:15,101,47,54,0,0,0
2021-06-08 18:30,116,30,86,0,0,0
2021-06-08 18:45,99,46,53,0,0,0
2021-06-08 19:00,73,34,39,0,0,0
2021-06-08 19:15,74,33,41,0,0,0
2021-06-08 19:30,80,25,55,0,0,0
2021-06-08 19:45,82,23,59,0,0,0
2021-06-08 20:00,70,29,41,0,0,0
2021-06-08 20:15,59,24,35,0,0,0
2021-06-08 20:30,41,10,31,0,0,0
2021-06-08 20:45,38,16,22,0,0,0
2021-06-08 21:00,50,36,14,0,0,0
2021-06-08 21:15,40,9,31,0,0,0
2021-06-08 21:30,30,12,18,0,0,0
2021-06-08 21:45,38,10,28,0,0,0
2021-06-08 22:00,31,13,18,0,0,0
2021-06-08 22:15,43,7,36,0,0,0
2021-06-08 22:30,41,14,27,0,0,0
2021-06-08 22:45,21,5,16,0,0,0
2021-06-08 23:00,24,2,22,0,0,0
2021-06-08 23:15,30,4,26,0,0,0
2021-06-08 23:30,11,3,8,0,0,0
2021-06-08 23:45,25,0,25,0,0,0
2021-06-09 00:00,14,1,13,0,0,0
2021-06-09 00:15,10,2,8,0,0,0
2021-06-09 00:30,13,0,13,0,0,0
2021-06-09 00:45,6,1,5,0,0,0
2021-06-09 01:00,8,1,7,0,0,0
2021-06-09 01:15,4,2,2,0,0,0
2021-06-09 01:30,2,1,1,0,0,0
2021-06-09 01:45,1,0,1,0,0,0
2021-06-09 02:00,0,0,0,0,0,0
2021-06-09 02:15,2,1,1,0,0,0
2021-06-09 02:30,0,0,0,0,0,0
2021-06-09 02:45,1,0,1,0,0,0
2021-06-09 03:00,1,1,0,0,0,0
2021-06-09 03:15,0,0,0,0,0,0
2021-06-09 03:30,0,0,0,0,0,0
2021-06-09 03:45,1,0,1,0,0,0
2021-06-09 04:00,0,0,0,0,0,0
2021-06-09 04:15,2,2,0,0,0,0
2021-06-09 04:30,2,1,1,0,0,0
2021-06-09 04:45,2,1,1,0,0,0
2021-06-09 05:00,3,1,2,0,0,0
2021-06-09 05:15,1,1,0,0,0,0
2021-06-09 05:30,8,4,4,0,0,0
2021-06-09 05:45,17,7,10,0,0,0
2021-06-09 06:00,12,6,6,0,0,0
2021-06-09 06:15,22,9,13,0,0,0
2021-06-09 06:30,52,20,32,0,0,0
2021-06-09 06:45,57,23,34,0,0,0
2021-06-09 07:00,70,21,49,0,0,0
2021-06-09 07:15,109,52,57,0,0,0
2021-06-09 07:30,160,86,74,0,0,0
2021-06-09 07:45,225,128,97,0,0,0
2021-06-09 08:00,245,168,77,0,0,0
2021-06-09 08:15,122,62,60,0,0,0
2021-06-09 08:30,146,78,68,0,0,0
2021-06-09 08:45,124,61,63,0,0,0
2021-06-09 09:00,96,52,44,0,0,0
2021-06-09 09:15,92,67,25,0,0,0
2021-06-09 09:30,96,52,44,0,0,0
2021-06-09 09:45,106,65,41,0,0,0
2021-06-09 10:00,70,39,31,0,0,0
2021-06-09 10:15,81,37,44,0,0,0
2021-06-09 10:30,72,42,30,0,0,0
2021-06-09 10:45,108,64,44,0,0,0
2021-06-09 11:00,76,39,37,0,0,0
2021-06-09 11:15,97,50,47,0,0,0
2021-06-09 11:30,100,51,49,0,0,0
2021-06-09 11:45,117,52,65,0,0,0
2021-06-09 12:00,126,47,79,0,0,0
2021-06-09 12:15,113,50,63,0,0,0
2021-06-09 12:30,110,43,67,0,0,0
2021-06-09 12:45,150,45,105,0,0,0
2021-06-09 13:00,116,49,67,0,0,0
2021-06-09 13:15,87,32,55,0,0,0
2021-06-09 13:30,176,35,141,0,0,0
2021-06-09 13:45,148,70,78,0,0,0
2021-06-09 14:00,148,62,86,0,0,0
2021-06-09 14:15,145,51,94,0,0,0
2021-06-09 14:30,130,41,89,0,0,0
2021-06-09 14:45,125,65,60,0,0,0
2021-06-09 15:00,146,75,71,0,0,0
2021-06-09 15:15,112,57,55,0,0,0
2021-06-09 15:30,141,79,62,0,0,0
2021-06-09 15:45,145,71,74,0,0,0
2021-06-09 16:00,163,70,93,0,0,0
2021-06-09 16:15,138,79,59,0,0,0
2021-06-09 16:30,129,73,56,0,0,0
2021-06-09 16:45,139,54,85,0,0,0
2021-06-09 17:00,132,72,60,0,0,0
2021-06-09 17:15,114,62,52,0,0,0
2021-06-09 17:30,128,56,72,0,0,0
2021-06-09 17:45,127,64,63,0,0,0
2021-06-09 18:00,148,74,74,0,0,0
2021-06-09 18:15,107,49,58,0,0,0
2021-06-09 18:30,87,41,46,0,0,0
2021-06-09 18:45,114,57,57,0,0,0
2021-06-09 19:00,74,26,48,0,0,0
2021-06-09 19:15,91,44,47,0,0,0
2021-06-09 19:30,69,36,33,0,0,0
2021-06-09 19:45,86,50,36,0,0,0
2021-06-09 20:00,86,39,47,0,0,0
2021-06-09 20:15,65,19,46,0,0,0
2021-06-09 20:30,68,29,39,0,0,0
2021-06-09 20:45,27,8,19,0,0,0
2021-06-09 21:00,59,30,29,0,0,0
2021-06-09 21:15,52,21,31,0,0,0
2021-06-09 21:30,44,14,30,0,0,0
2021-06-09 21:45,40,18,22,0,0,0
2021-06-09 22:00,53,14,39,0,0,0
2021-06-09 22:15,36,4,32,0,0,0
2021-06-09 22:30,39,13,26,0,0,0
2021-06-09 22:45,36,8,28,0,0,0
2021-06-09 23:00,31,4,27,0,0,0
2021-06-09 23:15,44,6,38,0,0,0
2021-06-09 23:30,25,4,21,0,0,0
2021-06-09 23:45,20,3,17,0,0,0
2021-06-10 00:00,19,3,16,0,0,0
2021-06-10 00:15,20,4,16,0,0,0
2021-06-10 00:30,10,2,8,0,0,0
2021-06-10 00:45,27,1,26,0,0,0
2021-06-10 01:00,9,1,8,0,0,0
2021-06-10 01:15,13,4,9,0,0,0
2021-06-10 01:30,6,1,5,0,0,0
2021-06-10 01:45,5,2,3,0,0,0
2021-06-10 02:00,2,0,2,0,0,0
2021-06-10 02:15,5,0,5,0,0,0
2021-06-10 02:30,3,0,3,0,0,0
2021-06-10 02:45,5,0,5,0,0,0
2021-06-10 03:00,9,0,9,0,0,0
2021-06-10 03:15,0,0,0,0,0,0
2021-06-10 03:30,0,0,0,0,0,0
2021-06-10 03:45,0,0,0,0,0,0
2021-06-10 04:00,0,0,0,0,0,0
2021-06-10 04:15,4,1,3,0,0,0
2021-06-10 04:30,1,0,1,0,0,0
2021-06-10 04:45,1,1,0,0,0,0
2021-06-10 05:00,2,2,0,0,0,0
2021-06-10 05:15,1,1,0,0,0,0
2021-06-10 05:30,12,4,8,0,0,0
2021-06-10 05:45,12,1,11,0,0,0
2021-06-10 06:00,11,2,9,0,0,0
2021-06-10 06:15,28,9,19,0,0,0
2021-06-10 06:30,36,11,25,0,0,0
2021-06-10 06:45,56,16,40,0,0,0
2021-06-10 07:00,48,14,34,0,0,0
2021-06-10 07:15,77,24,53,0,0,0
2021-06-10 07:30,137,67,70,0,0,0
2021-06-10 07:45,243,142,101,0,0,0
2021-06-10 08:00,226,165,61,0,0,0
2021-06-10 08:15,116,57,59,0,0,0
2021-06-10 08:30,111,53,58,0,0,0
2021-06-10 08:45,123,62,61,0,0,0
2021-06-10 09:00,101,45,56,0,0,0
2021-06-10 09:15,83,46,37,0,0,0
2021-06-10 09:30,80,42,38,0,0,0
2021-06-10 09:45,94,44,50,0,0,0
2021-06-10 10:00,83,37,46,0,0,0
2021-06-10 10:15,70,32,38,0,0,0
2021-06-10 10:30,56,32,24,0,0,0
2021-06-10 10:45,68,34,34,0,0,0
2021-06-10 11:00,56,30,26,0,0,0
2021-06-10 11:15,81,38,43,0,0,0
2021-06-10 11:30,95,40,55,0,0,0
2021-06-10 11:45,106,59,47,0,0,0
2021-06-10 12:00,72,30,42,0,0,0
2021-06-10 12:15,92,39,53,0,0,0
2021-06-10 12:30,132,56,76,0,0,0
2021-06-10 12:45,105,35,70,0,0,0
2021-06-10 13:00,86,33,53,0,0,0
2021-06-10 13:15,91,28,63,0,0,0
2021-06-10 13:30,149,29,120,0,0,0
2021-06-10 13:45,90,38,52,0,0,0
2021-06-10 14:00,112,56,56,0,0,0
2021-06-10 14:15,117,56,61,0,0,0
2021-06-10 14:30,128,55,73,0,0,0
2021-06-10 14:45,109,55,54,0,0,0
2021-06-10 15:00,99,56,43,0,0,0
2021-06-10 15:15,119,55,64,0,0,0
2021-06-10 15:30,146,85,61,0,0,0
2021-06-10 15:45,159,74,85,0,0,0
2021-06-10 16:00,123,66,57,0,0,0
2021-06-10 16:15,132,78,54,0,0,0
2021-06-10 16:30,136,77,59,0,0,0
2021-06-10 16:45,158,82,76,0,0,0
2021-06-10 17:00,150,83,67,0,0,0
2021-06-10 17:15,147,72,75,0,0,0
2021-06-10 17:30,116,62,54,0,0,0
2021-06-10 17:45,132,62,70,0,0,0
2021-06-10 18:00,133,71,62,0,0,0
2021-06-10 18:15,98,42,56,0,0,0
2021-06-10 18:30,95,35,60,0,0,0
2021-06-10 18:45,106,52,54,0,0,0
2021-06-10 19:00,117,57,60,0,0,0
2021-06-10 19:15,58,23,35,0,0,0
2021-06-10 19:30,80,33,47,0,0,0
2021-06-10 19:45,75,32,43,0,0,0
2021-06-10 20:00,66,23,43,0,0,0
2021-06-10 20:15,53,13,40,0,0,0
2021-06-10 20:30,47,13,34,0,0,0
2021-06-10 20:45,54,25,29,0,0,0
2021-06-10 21:00,49,21,28,0,0,0
2021-06-10 21:15,36,12,24,0,0,0
2021-06-10 21:30,53,31,22,0,0,0
2021-06-10 21:45,47,15,32,0,0,0
2021-06-10 22:00,44,7,37,0,0,0
2021-06-10 22:15,43,10,33,0,0,0
2021-06-10 22:30,44,2,42,0,0,0
2021-06-10 22:45,35,7,28,0,0,0
2021-06-10 23:00,33,4,29,0,0,0
2021-06-10 23:15,28,6,22,0,0,0
2021-06-10 23:30,18,1,17,0,0,0
2021-06-10 23:45,22,6,16,0,0,0
2021-06-11 00:00,10,3,7,0,0,0
2021-06-11 00:15,10,1,9,0,0,0
2021-06-11 00:30,12,2,10,0,0,0
2021-06-11 00:45,6,2,4,0,0,0
2021-06-11 01:00,16,5,11,0,0,0
2021-06-11 01:15,5,2,3,0,0,0
2021-06-11 01:30,8,0,8,0,0,0
2021-06-11 01:45,3,0,3,0,0,0
2021-06-11 02:00,2,0,2,0,0,0
2021-06-11 02:15,1,0,1,0,0,0
2021-06-11 02:30,0,0,0,0,0,0
2021-06-11 02:45,2,2,0,0,0,0
2021-06-11 03:00,1,0,1,0,0,0
2021-06-11 03:15,3,0,3,0,0,0
2021-06-11 03:30,0,0,0,0,0,0
2021-06-11 03:45,0,0,0,0,0,0
2021-06-11 04:00,2,0,2,0,0,0
2021-06-11 04:15,2,1,1,0,0,0
2021-06-11 04:30,5,4,1,0,0,0
2021-06-11 04:45,4,3,1,0,0,0
2021-06-11 05:00,0,0,0,0,0,0
2021-06-11 05:15,2,2,0,0,0,0
2021-06-11 05:30,6,1,5,0,0,0
2021-06-11 05:45,14,4,10,0,0,0
2021-06-11 06:00,10,3,7,0,0,0
2021-06-11 06:15,31,16,15,0,0,0
2021-06-11 06:30,35,15,20,0,0,0
2021-06-11 06:45,58,23,35,0,0,0
2021-06-11 07:00,38,11,27,0,0,0
2021-06-11 07:15,73,34,39,0,0,0
2021-06-11 07:30,133,70,63,0,0,0
2021-06-11 07:45,206,118,88,0,0,0
2021-06-11 08:00,183,127,56,0,0,0
2021-06-11 08:15,107,52,55,0,0,0
2021-06-11 08:30,110,45,65,0,0,0
2021-06-11 08:45,111,58,53,0,0,0
2021-06-11 09:00,71,37,34,0,0,0
2021-06-11 09:15,73,41,32,0,0,0
2021-06-11 09:30,86,54,32,0,0,0
2021-06-11 09:45,121,74,47,0,0,0
2021-06-11 10:00,89,49,40,0,0,0
2021-06-11 10:15,76,42,34,0,0,0
2021-06-11 10:30,76,30,46,0,0,0
2021-06-11 10:45,79,46,33,0,0,0
2021-06-11 11:00,63,27,36,0,0,0
2021-06-11 11:15,88,36,52,0,0,0
2021-06-11 11:30,108,57,51,0,0,0
2021-06-11 11:45,85,41,44,0,0,0
2021-06-11 12:00,98,33,65,0,0,0
2021-06-11 12:15,121,63,58,0,0,0
2021-06-11 12:30,97,46,51,0,0,0
2021-06-11 12:45,108,39,69,0,0,0
2021-06-11 13:00,97,39,58,0,0,0
2021-06-11 13:15,117,52,65,0,0,0
2021-06-11 13:30,165,36,129,0,0,0
2021-06-11 13:45,136,52,84,0,0,0
2021-06-11 14:00,133,50,83,0,0,0
2021-06-11 14:15,145,79,66,0,0,0
2021-06-11 14:30,134,57,77,0,0,0
2021-06-11 14:45,113,65,48,0,0,0
2021-06-11 15:00,143,72,71,0,0,0
2021-06-11 15:15,129,58,71,0,0,0
2021-06-11 15:30,135,82,53,0,0,0
2021-06-11 15:45,139,88,51,0,0,0
2021-06-11 16:00,116,65,51,0,0,0
2021-06-11 16:15,119,62,57,0,0,0
2021-06-11 16:30,128,66,62,0,0,0
2021-06-11 16:45,124,72,52,0,0,0
2021-06-11 17:00,117,63,54,0,0,0
2021-06-11 17:15,104,51,53,0,0,0
2021-06-11 17:30,88,43,45,0,0,0
2021-06-11 17:45,109,51,58,0,0,0
2021-06-11 18:00,123,46,77,0,0,0
2021-06-11 18:15,96,52,44,0,0,0
2021-06-11 18:30,90,46,44,0,0,0
2021-06-11 18:45,88,46,42,0,0,0
2021-06-11 19:00,101,41,60,0,0,0
2021-06-11 19:15,72,34,38,0,0,0
2021-06-11 19:30,75,43,32,0,0,0
2021-06-11 19:45,57,30,27,0,0,0
2021-06-11 20:00,78,38,40,0,0,0
2021-06-11 20:15,72,24,48,0,0,0
2021-06-11 20:30,47,26,21,0,0,0
2021-06-11 20:45,39,23,16,0,0,0
2021-06-11 21:00,56,35,21,0,0,0
2021-06-11 21:15,35,19,16,0,0,0
2021-06-11 21:30,36,16,20,0,0,0
2021-06-11 21:45,45,18,27,0,0,0
2021-06-11 22:00,36,9,27,0,0,0
2021-06-11 22:15,29,4,25,0,0,0
2021-06-11 22:30,31,12,19,0,0,0
2021-06-11 22:45,60,19,41,0,0,0
2021-06-11 23:00,39,15,24,0,0,0
2021-06-11 23:15,36,13,23,0,0,0
2021-06-11 23:30,41,8,33,0,0,0
2021-06-11 23:45,41,10,31,0,0,0
2021-06-12 00:00,34,6,28,0,0,0
2021-06-12 00:15,20,3,17,0,0,0
2021-06-12 00:30,35,12,23,0,0,0
2021-06-12 00:45,24,1,23,0,0,0
2021-06-12 01:00,36,2,34,0,0,0
2021-06-12 01:15,22,4,18,0,0,0
2021-06-12 01:30,19,0,19,0,0,0
2021-06-12 01:45,8,5,3,0,0,0
2021-06-12 02:00,7,1,6,0,0,0
2021-06-12 02:15,12,1,11,0,0,0
2021-06-12 02:30,17,0,17,0,0,0
2021-06-12 02:45,13,3,10,0,0,0
2021-06-12 03:00,10,1,9,0,0,0
2021-06-12 03:15,10,0,10,0,0,0
2021-06-12 03:30,4,0,4,0,0,0
2021-06-12 03:45,4,0,4,0,0,0
2021-06-12 04:00,5,1,4,0,0,0
2021-06-12 04:15,5,1,4,0,0,0
2021-06-12 04:30,8,4,4,0,0,0
2021-06-12 04:45,1,0,1,0,0,0
2021-06-12 05:00,3,0,3,0,0,0
2021-06-12 05:15,2,1,1,0,0,0
2021-06-12 05:30,10,4,6,0,0,0
2021-06-12 05:45,10,1,9,0,0,0
2021-06-12 06:00,9,5,4,0,0,0
2021-06-12 06:15,7,4,3,0,0,0
2021-06-12 06:30,3,3,0,0,0,0
2021-06-12 06:45,12,10,2,0,0,0
2021-06-12 07:00,18,16,2,0,0,0
2021-06-12 07:15,14,11,3,0,0,0
2021-06-12 07:30,36,23,13,0,0,0
2021-06-12 07:45,36,20,16,0,0,0
2021-06-12 08:00,32,20,12,0,0,0
2021-06-12 08:15,38,22,16,0,0,0
2021-06-12 08:30,36,15,21,0,0,0
2021-06-12 08:45,43,26,17,0,0,0
2021-06-12 09:00,38,25,13,0,0,0
2021-06-12 09:15,61,33,28,0,0,0
2021-06-12 09:30,84,57,27,0,0,0
2021-06-12 09:45,81,58,23,0,0,0
2021-06-12 10:00,61,41,20,0,0,0
2021-06-12 10:15,77,38,39,0,0,0
2021-06-12 10:30,69,48,21,0,0,0
2021-06-12 10:45,96,67,29,0,0,0
2021-06-12 11:00,92,54,38,0,0,0
2021-06-12 11:15,89,57,32,0,0,0
2021-06-12 11:30,82,45,37,0,0,0
2021-06-12 11:45,82,59,23,0,0,0
2021-06-12 12:00,120,66,54,0,0,0
2021-06-12 12:15,86,44,42,0,0,0
2021-06-12 12:30,112,45,67,0,0,0
2021-06-12 12:45,103,61,42,0,0,0
2021-06-12 13:00,98,45,53,0,0,0
2021-06-12 13:15,106,42,64,0,0,0
2021-06-12 13:30,84,41,43,0,0,0
2021-06-12 13:45,112,53,59,0,0,0
2021-06-12 14:00,110,57,53,0,0,0
2021-06-12 14:15,95,52,43,0,0,0
2021-06-12 14:30,83,40,43,0,0,0
2021-06-12 14:45,107,53,54,0,0,0
2021-06-12 15:00,91,33,58,0,0,0
2021-06-12 15:15,83,42,41,0,0,0
2021-06-12 15:30,68,26,42,0,0,0
2021-06-12 15:45,79,32,47,0,0,0
2021-06-12 16:00,84,26,58,0,0,0
2021-06-12 16:15,52,16,36,0,0,0
2021-06-12 16:30,80,30,50,0,0,0
2021-06-12 16:45,100,54,46,0,0,0
2021-06-12 17:00,69,26,43,0,0,0
2021-06-12 17:15,60,27,33,0,0,0
2021-06-12 17:30,99,43,56,0,0,0
2021-06-12 17:45,95,37,58,0,0,0
2021-06-12 18:00,74,27,47,0,0,0
2021-06-12 18:15,95,41,54,0,0,0
2021-06-12 18:30,88,24,64,0,0,0
2021-06-12 18:45,62,42,20,0,0,0
2021-06-12 19:00,65,19,46,0,0,0
2021-06-12 19:15,41,17,24,0,0,0
2021-06-12 19:30,52,17,35,0,0,0
2021-06-12 19:45,65,36,29,0,0,0
2021-06-12 20:00,54,16,38,0,0,0
2021-06-12 20:15,47,15,32,0,0,0
2021-06-12 20:30,40,20,20,0,0,0
2021-06-12 20:45,46,14,32,0,0,0
2021-06-12 21:00,58,30,28,0,0,0
2021-06-12 21:15,25,12,13,0,0,0
2021-06-12 21:30,44,14,30,0,0,0
2021-06-12 21:45,37,19,18,0,0,0
2021-06-12 22:00,39,11,28,0,0,0
2021-06-12 22:15,39,13,26,0,0,0
2021-06-12 22:30,25,8,17,0,0,0
2021-06-12 22:45,15,7,8,0,0,0
2021-06-12 23:00,34,6,28,0,0,0
2021-06-12 23:15,22,5,17,0,0,0
2021-06-12 23:30,30,5,25,0,0,0
2021-06-12 23:45,30,11,19,0,0,0
2021-06-13 00:00,48,4,44,0,0,0
2021-06-13 00:15,28,6,22,0,0,0
2021-06-13 00:30,8,1,7,0,0,0
2021-06-13 00:45,15,7,8,0,0,0
2021-06-13 01:00,5,2,3,0,0,0
2021-06-13 01:15,9,1,8,0,0,0
2021-06-13 01:30,18,3,15,0,0,0
2021-06-13 01:45,7,0,7,0,0,0
2021-06-13 02:00,17,2,15,0,0,0
2021-06-13 02:15,15,7,8,0,0,0
2021-06-13 02:30,5,2,3,0,0,0
2021-06-13 02:45,15,2,13,0,0,0
2021-06-13 03:00,8,0,8,0,0,0
2021-06-13 03:15,3,2,1,0,0,0
2021-06-13 03:30,8,1,7,0,0,0
2021-06-13 03:45,5,3,2,0,0,0
2021-06-13 04:00,6,3,3,0,0,0
2021-06-13 04:15,4,1,3,0,0,0
2021-06-13 04:30,4,4,0,0,0,0
2021-06-13 04:45,2,2,0,0,0,0
2021-06-13 05:00,4,0,4,0,0,0
2021-06-13 05:15,2,0,2,0,0,0
2021-06-13 05:30,3,0,3,0,0,0
2021-06-13 05:45,7,1,6,0,0,0
2021-06-13 06:00,4,0,4,0,0,0
2021-06-13 06:15,6,4,2,0,0,0
2021-06-13 06:30,5,2,3,0,0,0
2021-06-13 06:45,5,0,5,0,0,0
2021-06-13 07:00,2,0,2,0,0,0
2021-06-13 07:15,2,1,1,0,0,0
2021-06-13 07:30,3,0,3,0,0,0
2021-06-13 07:45,6,3,3,0,0,0
2021-06-13 08:00,10,6,4,0,0,0
2021-06-13 08:15,11,4,7,0,0,0
2021-06-13 08:30,13,8,5,0,0,0
2021-06-13 08:45,16,8,8,0,0,0
2021-06-13 09:00,20,13,7,0,0,0
2021-06-13 09:15,13,7,6,0,0,0
2021-06-13 09:30,30,17,13,0,0,0
2021-06-13 09:45,44,30,14,0,0,0
2021-06-13 10:00,33,14,19,0,0,0
2021-06-13 10:15,29,13,16,0,0,0
2021-06-13 10:30,24,15,9,0,0,0
2021-06-13 10:45,49,23,26,0,0,0
2021-06-13 11:00,36,23,13,0,0,0
2021-06-13 11:15,43,13,30,0,0,0
2021-06-13 11:30,43,16,27,0,0,0
2021-06-13 11:45,35,16,19,0,0,0
2021-06-13 12:00,41,18,23,0,0,0
2021-06-13 12:15,38,17,21,0,0,0
2021-06-13 12:30,35,10,25,0,0,0
2021-06-13 12:45,60,23,37,0,0,0
2021-06-13 13:00,55,25,30,0,0,0
2021-06-13 13:15,57,27,30,0,0,0
2021-06-13 13:30,60,30,30,0,0,0
2021-06-13 13:45,69,41,28,0,0,0
2021-06-13 14:00,80,42,38,0,0,0
2021-06-13 14:15,83,49,34,0,0,0
2021-06-13 14:30,68,45,23,0,0,0
2021-06-13 14:45,86,48,38,0,0,0
2021-06-13 15:00,64,29,35,0,0,0
2021-06-13 15:15,88,35,53,0,0,0
2021-06-13 15:30,59,17,42,0,0,0
2021-06-13 15:45,60,34,26,0,0,0
2021-06-13 16:00,67,30,37,0,0,0
2021-06-13 16:15,52,13,39,0,0,0
2021-06-13 16:30,75,30,45,0,0,0
2021-06-13 16:45,72,34,38,0,0,0
2021-06-13 17:00,58,29,29,0,0,0
2021-06-13 17:15,63,25,38,0,0,0
2021-06-13 17:30,47,14,33,0,0,0
2021-06-13 17:45,74,25,49,0,0,0
2021-06-13 18:00,49,17,32,0,0,0
2021-06-13 18:15,54,26,28,0,0,0
2021-06-13 18:30,54,32,22,0,0,0
2021-06-13 18:45,61,33,28,0,0,0
2021-06-13 19:00,67,28,39,0,0,0
2021-06-13 19:15,55,27,28,0,0,0
2021-06-13 19:30,50,24,26,0,0,0
2021-06-13 19:45,33,10,23,0,0,0
2021-06-13 20:00,50,20,30,0,0,0
2021-06-13 20:15,53,10,43,0,0,0
2021-06-13 20:30,24,6,18,0,0,0
2021-06-13 20:45,32,9,23,0,0,0
2021-06-13 21:00,55,17,38,0,0,0
2021-06-13 21:15,38,7,31,0,0,0
2021-06-13 21:30,25,7,18,0,0,0
2021-06-13 21:45,25,10,15,0,0,0
2021-06-13 22:00,20,6,14,0,0,0
2021-06-13 22:15,24,6,18,0,0,0
2021-06-13 22:30,20,8,12,0,0,0
2021-06-13 22:45,15,6,9,0,0,0
2021-06-13 23:00,11,2,9,0,0,0
2021-06-13 23:15,15,1,14,0,0,0
2021-06-13 23:30,4,0,4,0,0,0
2021-06-13 23:45,7,0,7,0,0,0
2021-06-14 00:00,7,0,7,0,0,0
2021-06-14 00:15,2,0,2,0,0,0
2021-06-14 00:30,6,0,6,0,0,0
2021-06-14 00:45,5,2,3,0,0,0
2021-06-14 01:00,4,2,2,0,0,0
2021-06-14 01:15,3,2,1,0,0,0
2021-06-14 01:30,0,0,0,0,0,0
2021-06-14 01:45,0,0,0,0,0,0
2021-06-14 02:00,0,0,0,0,0,0
2021-06-14 02:15,1,0,1,0,0,0
2021-06-14 02:30,0,0,0,0,0,0
2021-06-14 02:45,0,0,0,0,0,0
2021-06-14 03:00,0,0,0,0,0,0
2021-06-14 03:15,0,0,0,0,0,0
2021-06-14 03:30,1,1,0,0,0,0
2021-06-14 03:45,0,0,0,0,0,0
2021-06-14 04:00,0,0,0,0,0,0
2021-06-14 04:15,0,0,0,0,0,0
2021-06-14 04:30,1,1,0,0,0,0
2021-06-14 04:45,1,1,0,0,0,0
2021-06-14 05:00,0,0,0,0,0,0
2021-06-14 05:15,3,1,2,0,0,0
2021-06-14 05:30,11,5,6,0,0,0
2021-06-14 05:45,10,3,7,0,0,0
2021-06-14 06:00,19,7,12,0,0,0
2021-06-14 06:15,24,10,14,0,0,0
2021-06-14 06:30,41,12,29,0,0,0
2021-06-14 06:45,64,23,41,0,0,0
2021-06-14 07:00,66,26,40,0,0,0
2021-06-14 07:15,76,31,45,0,0,0
2021-06-14 07:30,138,69,69,0,0,0
2021-06-14 07:45,219,127,92,0,0,0
2021-06-14 08:00,222,144,78,0,0,0
2021-06-14 08:15,121,51,70,0,0,0
2021-06-14 08:30,114,52,62,0,0,0
2021-06-14 08:45,128,68,60,0,0,0
2021-06-14 09:00,87,42,45,0,0,0
2021-06-14 09:15,69,34,35,0,0,0
2021-06-14 09:30,76,32,44,0,0,0
2021-06-14 09:45,83,43,40,0,0,0
2021-06-14 10:00,67,32,35,0,0,0
2021-06-14 10:15,68,41,27,0,0,0
2021-06-14 10:30,76,42,34,0,0,0
2021-06-14 10:45,76,36,40,0,0,0
2021-06-14 11:00,70,41,29,0,0,0
2021-06-14 11:15,79,42,37,0,0,0
2021-06-14 11:30,76,39,37,0,0,0
2021-06-14 11:45,93,35,58,0,0,0
2021-06-14 12:00,89,40,49,0,0,0
2021-06-14 12:15,87,31,56,0,0,0
2021-06-14 12:30,93,43,50,0,0,0
2021-06-14 12:45,92,29,63,0,0,0
2021-06-14 13:00,86,42,44,0,0,0
2021-06-14 13:15,133,40,93,0,0,0
2021-06-14 13:30,191,56,135,0,0,0
2021-06-14 13:45,112,53,59,0,0,0
2021-06-14 14:00,83,36,47,0,0,0
2021-06-14 14:15,109,46,63,0,0,0
2021-06-14 14:30,121,52,69,0,0,0
2021-06-14 14:45,132,79,53,0,0,0
2021-06-14 15:00,101,54,47,0,0,0
2021-06-14 15:15,116,56,60,0,0,0
2021-06-14 15:30,131,67,64,0,0,0
2021-06-14 15:45,172,86,86,0,0,0
2021-06-14 16:00,174,77,97,0,0,0
2021-06-14 16:15,115,56,59,0,0,0
2021-06-14 16:30,126,75,51,0,0,0
2021-06-14 16:45,149,70,79,0,0,0
2021-06-14 17:00,142,92,50,0,0,0
2021-06-14 17:15,137,76,61,0,0,0
2021-06-14 17:30,108,70,38,0,0,0
2021-06-14 17:45,162,64,98,0,0,0
2021-06-14 18:00,121,49,72,0,0,0
2021-06-14 18:15,110,46,64,0,0,0
2021-06-14 18:30,80,37,43,0,0,0
2021-06-14 18:45,102,45,57,0,0,0
2021-06-14 19:00,74,27,47,0,0,0
2021-06-14 19:15,84,43,41,0,0,0
2021-06-14 19:30,68,26,42,0,0,0
2021-06-14 19:45,61,28,33,0,0,0
2021-06-14 20:00,76,23,53,0,0,0
2021-06-14 20:15,51,22,29,0,0,0
2021-06-14 20:30,46,17,29,0,0,0
2021-06-14 20:45,43,12,31,0,0,0
2021-06-14 21:00,63,22,41,0,0,0
2021-06-14 21:15,45,14,31,0,0,0
2021-06-14 21:30,26,9,17,0,0,0
2021-06-14 21:45,50,14,36,0,0,0
2021-06-14 22:00,34,7,27,0,0,0
2021-06-14 22:15,32,10,22,0,0,0
2021-06-14 22:30,35,5,30,0,0,0
2021-06-14 22:45,22,7,15,0,0,0
2021-06-14 23:00,42,10,32,0,0,0
2021-06-14 23:15,18,2,16,0,0,0
2021-06-14 23:30,16,0,16,0,0,0
2021-06-14 23:45,22,10,12,0,0,0
2021-06-15 00:00,12,3,9,0,0,0
2021-06-15 00:15,6,4,2,0,0,0
2021-06-15 00:30,6,1,5,0,0,0
2021-06-15 00:45,8,2,6,0,0,0
2021-06-15 01:00,6,2,4,0,0,0
2021-06-15 01:15,3,3,0,0,0,0
2021-06-15 01:30,5,0,5,0,0,0
2021-06-15 01:45,1,0,1,0,0,0
2021-06-15 02:00,4,0,4,0,0,0
2021-06-15 02:15,3,1,2,0,0,0
2021-06-15 02:30,0,0,0,0,0,0
2021-06-15 02:45,0,0,0,0,0,0
2021-06-15 03:00,0,0,0,0,0,0
2021-06-15 03:15,3,1,2,0,0,0
2021-06-15 03:30,0,0,0,0,0,0
2021-06-15 03:45,0,0,0,0,0,0
2021-06-15 04:00,0,0,0,0,0,0
2021-06-15 04:15,2,1,1,0,0,0
2021-06-15 04:30,2,2,0,0,0,0
2021-06-15 04:45,2,2,0,0,0,0
2021-06-15 05:00,1,0,1,0,0,0
2021-06-15 05:15,4,3,1,0,0,0
2021-06-15 05:30,9,4,5,0,0,0
2021-06-15 05:45,13,3,10,0,0,0
2021-06-15 06:00,9,3,6,0,0,0
2021-06-15 06:15,35,13,22,0,0,0
2021-06-15 06:30,42,18,24,0,0,0
2021-06-15 06:45,48,17,31,0,0,0
2021-06-15 07:00,71,24,47,0,0,0
2021-06-15 07:15,64,25,39,0,0,0
2021-06-15 07:30,130,70,60,0,0,0
2021-06-15 07:45,224,125,99,0,0,0
2021-06-15 08:00,224,139,85,0,0,0
2021-06-15 08:15,126,63,63,0,0,0
2021-06-15 08:30,124,63,61,0,0,0
2021-06-15 08:45,129,71,58,0,0,0
2021-06-15 09:00,88,37,51,0,0,0
2021-06-15 09:15,94,45,49,0,0,0
2021-06-15 09:30,81,50,31,0,0,0
2021-06-15 09:45,94,47,47,0,0,0
2021-06-15 10:00,70,43,27,0,0,0
2021-06-15 10:15,84,38,46,0,0,0
2021-06-15 10:30,80,44,36,0,0,0
2021-06-15 10:45,73,40,33,0,0,0
2021-06-15 11:00,62,31,31,0,0,0
2021-06-15 11:15,57,26,31,0,0,0
2021-06-15 11:30,68,40,28,0,0,0
2021-06-15 11:45,89,40,49,0,0,0
2021-06-15 12:00,82,30,52,0,0,0
2021-06-15 12:15,86,33,53,0,0,0
2021-06-15 12:30,98,38,60,0,0,0
2021-06-15 12:45,98,41,57,0,0,0
2021-06-15 13:00,107,38,69,0,0,0
2021-06-15 13:15,124,36,88,0,0,0
2021-06-15 13:30,202,48,154,0,0,0
2021-06-15 13:45,144,60,84,0,0,0
2021-06-15 14:00,93,41,52,0,0,0
2021-06-15 14:15,115,63,52,0,0,0
2021-06-15 14:30,108,48,60,0,0,0
2021-06-15 14:45,108,43,65,0,0,0
2021-06-15 15:00,129,52,77,0,0,0
2021-06-15 15:15,134,72,62,0,0,0
2021-06-15 15:30,130,65,65,0,0,0
2021-06-15 15:45,159,79,80,0,0,0
2021-06-15 16:00,153,89,64,0,0,0
2021-06-15 16:15,140,69,71,0,0,0
2021-06-15 16:30,134,74,60,0,0,0
2021-06-15 16:45,132,63,69,0,0,0
2021-06-15 17:00,131,76,55,0,0,0
2021-06-15 17:15,144,70,74,0,0,0
2021-06-15 17:30,133,64,69,0,0,0
2021-06-15 17:45,115,59,56,0,0,0
2021-06-15 18:00,150,68,82,0,0,0
2021-06-15 18:15,114,38,76,0,0,0
2021-06-15 18:30,98,45,53,0,0,0
2021-06-15 18:45,129,63,66,0,0,0
2021-06-15 19:00,102,46,56,0,0,0
2021-06-15 19:15,93,41,52,0,0,0
2021-06-15 19:30,67,27,40,0,0,0
2021-06-15 19:45,106,54,52,0,0,0
2021-06-15 20:00,58,24,34,0,0,0
2021-06-15 20:15,92,40,52,0,0,0
2021-06-15 20:30,93,35,58,0,0,0
2021-06-15 20:45,66,23,43,0,0,0
2021-06-15 21:00,50,28,22,0,0,0
2021-06-15 21:15,37,7,30,0,0,0
2021-06-15 21:30,26,12,14,0,0,0
2021-06-15 21:45,14,6,8,0,0,0
2021-06-15 22:00,27,14,13,0,0,0
2021-06-15 22:15,25,9,16,0,0,0
2021-06-15 22:30,16,3,13,0,0,0
2021-06-15 22:45,11,3,8,0,0,0
2021-06-15 23:00,70,30,40,0,0,0
2021-06-15 23:15,67,20,47,0,0,0
2021-06-15 23:30,56,13,43,0,0,0
2021-06-15 23:45,51,20,31,0,0,0
2021-06-16 00:00,27,6,21,0,0,0
2021-06-16 00:15,23,13,10,0,0,0
2021-06-16 00:30,9,1,8,0,0,0
2021-06-16 00:45,8,0,8,0,0,0
2021-06-16 01:00,4,2,2,0,0,0
2021-06-16 01:15,1,0,1,0,0,0
2021-06-16 01:30,5,1,4,0,0,0
2021-06-16 01:45,1,0,1,0,0,0
2021-06-16 02:00,4,4,0,0,0,0
2021-06-16 02:15,1,0,1,0,0,0
2021-06-16 02:30,5,3,2,0,0,0
2021-06-16 02:45,0,0,0,0,0,0
2021-06-16 03:00,0,0,0,0,0,0
2021-06-16 03:15,1,0,1,0,0,0
2021-06-16 03:30,0,0,0,0,0,0
2021-06-16 03:45,1,0,1,0,0,0
2021-06-16 04:00,0,0,0,0,0,0
2021-06-16 04:15,1,0,1,0,0,0
2021-06-16 04:30,3,3,0,0,0,0
2021-06-16 04:45,1,0,1,0,0,0
2021-06-16 05:00,1,1,0,0,0,0
2021-06-16 05:15,4,3,1,0,0,0
2021-06-16 05:30,12,3,9,0,0,0
2021-06-16 05:45,13,5,8,0,0,0
2021-06-16 06:00,6,3,3,0,0,0
2021-06-16 06:15,25,12,13,0,0,0
2021-06-16 06:30,36,18,18,0,0,0
2021-06-16 06:45,50,20,30,0,0,0
2021-06-16 07:00,63,24,39,0,0,0
2021-06-16 07:15,92,40,52,0,0,0
2021-06-16 07:30,135,69,66,0,0,0
2021-06-16 07:45,211,114,97,0,0,0
2021-06-16 08:00,217,144,73,0,0,0
2021-06-16 08:15,109,52,57,0,0,0
2021-06-16 08:30,131,54,77,0,0,0
2021-06-16 08:45,129,69,60,0,0,0
2021-06-16 09:00,97,50,47,0,0,0
2021-06-16 09:15,101,51,50,0,0,0
2021-06-16 09:30,104,50,54,0,0,0
2021-06-16 09:45,104,64,40,0,0,0
2021-06-16 10:00,99,59,40,0,0,0
2021-06-16 10:15,99,50,49,0,0,0
2021-06-16 10:30,79,36,43,0,0,0
2021-06-16 10:45,96,49,47,0,0,0
2021-06-16 11:00,84,39,45,0,0,0
2021-06-16 11:15,106,52,54,0,0,0
2021-06-16 11:30,110,49,61,0,0,0
2021-06-16 11:45,136,67,69,0,0,0
2021-06-16 12:00,113,54,59,0,0,0
2021-06-16 12:15,106,41,65,0,0,0
2021-06-16 12:30,110,49,61,0,0,0
2021-06-16 12:45,148,68,80,0,0,0
2021-06-16 13:00,139,56,83,0,0,0
2021-06-16 13:15,154,67,87,0,0,0
2021-06-16 13:30,175,53,122,0,0,0
2021-06-16 13:45,121,48,73,0,0,0
2021-06-16 14:00,120,51,69,0,0,0
2021-06-16 14:15,120,50,70,0,0,0
2021-06-16 14:30,142,52,90,0,0,0
2021-06-16 14:45,125,71,54,0,0,0
2021-06-16 15:00,130,64,66,0,0,0
2021-06-16 15:15,133,73,60,0,0,0
2021-06-16 15:30,121,59,62,0,0,0
2021-06-16 15:45,152,63,89,0,0,0
2021-06-16 16:00,124,80,44,0,0,0
2021-06-16 16:15,117,68,49,0,0,0
2021-06-16 16:30,133,77,56,0,0,0
2021-06-16 16:45,114,50,64,0,0,0
2021-06-16 17:00,117,66,51,0,0,0
2021-06-16 17:15,122,68,54,0,0,0
2021-06-16 17:30,127,57,70,0,0,0
2021-06-16 17:45,141,63,78,0,0,0
2021-06-16 18:00,130,62,68,0,0,0
2021-06-16 18:15,114,51,63,0,0,0
2021-06-16 18:30,90,34,56,0,0,0
2021-06-16 18:45,102,49,53,0,0,0
2021-06-16 19:00,80,38,42,0,0,0
2021-06-16 19:15,89,45,44,0,0,0
2021-06-16 19:30,64,26,38,0,0,0
2021-06-16 19:45,62,26,36,0,0,0
2021-06-16 20:00,66,27,39,0,0,0
2021-06-16 20:15,78,25,53,0,0,0
2021-06-16 20:30,54,29,25,0,0,0
2021-06-16 20:45,37,12,25,0,0,0
2021-06-16 21:00,68,33,35,0,0,0
2021-06-16 21:15,42,16,26,0,0,0
2021-06-16 21:30,53,20,33,0,0,0
2021-06-16 21:45,43,11,32,0,0,0
2021-06-16 22:00,50,16,34,0,0,0
2021-06-16 22:15,38,10,28,0,0,0
2021-06-16 22:30,36,11,25,0,0,0
2021-06-16 22:45,32,8,24,0,0,0
2021-06-16 23:00,35,7,28,0,0,0
2021-06-16 23:15,44,7,37,0,0,0
2021-06-16 23:30,19,1,18,0,0,0
2021-06-16 23:45,10,2,8,0,0,0
2021-06-17 00:00,16,5,11,0,0,0
2021-06-17 00:15,16,7,9,0,0,0
2021-06-17 00:30,13,3,10,0,0,0
2021-06-17 00:45,9,1,8,0,0,0
2021-06-17 01:00,2,0,2,0,0,0
2021-06-17 01:15,9,3,6,0,0,0
2021-06-17 01:30,4,2,2,0,0,0
2021-06-17 01:45,10,1,9,0,0,0
2021-06-17 02:00,3,0,3,0,0,0
2021-06-17 02:15,7,0,7,0,0,0
2021-06-17 02:30,1,0,1,0,0,0
2021-06-17 02:45,1,0,1,0,0,0
2021-06-17 03:00,1,0,1,0,0,0
2021-06-17 03:15,3,0,3,0,0,0
2021-06-17 03:30,4,0,4,0,0,0
2021-06-17 03:45,0,0,0,0,0,0
2021-06-17 04:00,5,0,5,0,0,0
2021-06-17 04:15,6,5,1,0,0,0
2021-06-17 04:30,1,0,1,0,0,0
2021-06-17 04:45,2,1,1,0,0,0
2021-06-17 05:00,2,1,1,0,0,0
2021-06-17 05:15,2,2,0,0,0,0
2021-06-17 05:30,12,5,7,0,0,0
2021-06-17 05:45,13,4,9,0,0,0
2021-06-17 06:00,5,2,3,0,0,0
2021-06-17 06:15,22,10,12,0,0,0
2021-06-17 06:30,38,15,23,0,0,0
2021-06-17 06:45,49,19,30,0,0,0
2021-06-17 07:00,68,31,37,0,0,0
2021-06-17 07:15,79,20,59,0,0,0
2021-06-17 07:30,123,51,72,0,0,0
2021-06-17 07:45,245,127,118,0,0,0
2021-06-17 08:00,228,165,63,0,0,0
2021-06-17 08:15,108,61,47,0,0,0
2021-06-17 08:30,116,61,55,0,0,0
2021-06-17 08:45,110,50,60,0,0,0
2021-06-17 09:00,101,42,59,0,0,0
2021-06-17 09:15,75,34,41,0,0,0
2021-06-17 09:30,66,40,26,0,0,0
2021-06-17 09:45,123,56,67,0,0,0
2021-06-17 10:00,66,19,47,0,0,0
2021-06-17 10:15,65,32,33,0,0,0
2021-06-17 10:30,66,34,32,0,0,0
2021-06-17 10:45,70,38,32,0,0,0
2021-06-17 11:00,77,37,40,0,0,0
2021-06-17 11:15,63,24,39,0,0,0
2021-06-17 11:30,115,42,73,0,0,0
2021-06-17 11:45,200,60,140,0,0,0
2021-06-17 12:00,140,56,84,0,0,0
2021-06-17 12:15,106,46,60,0,0,0
2021-06-17 12:30,125,59,66,0,0,0
2021-06-17 12:45,109,33,76,0,0,0
2021-06-17 13:00,94,34,60,0,0,0
2021-06-17 13:15,109,43,66,0,0,0
2021-06-17 13:30,99,47,52,0,0,0
2021-06-17 13:45,108,60,48,0,0,0
2021-06-17 14:00,63,33,30,0,0,0
2021-06-17 14:15,107,56,51,0,0,0
2021-06-17 14:30,98,56,42,0,0,0
2021-06-17 14:45,90,49,41,0,0,0
2021-06-17 15:00,120,62,58,0,0,0
2021-06-17 15:15,110,63,47,0,0,0
2021-06-17 15:30,78,43,35,0,0,0
2021-06-17 15:45,128,83,45,0,0,0
2021-06-17 16:00,108,64,44,0,0,0
2021-06-17 16:15,132,91,41,0,0,0
2021-06-17 16:30,123,68,55,0,0,0
2021-06-17 16:45,135,77,58,0,0,0
2021-06-17 17:00,130,79,51,0,0,0
2021-06-17 17:15,100,45,55,0,0,0
2021-06-17 17:30,100,47,53,0,0,0
2021-06-17 17:45,117,58,59,0,0,0
2021-06-17 18:00,106,53,53,0,0,0
2021-06-17 18:15,102,37,65,0,0,0
2021-06-17 18:30,76,38,38,0,0,0
2021-06-17 18:45,84,48,36,0,0,0
2021-06-17 19:00,106,49,57,0,0,0
2021-06-17 19:15,87,47,40,0,0,0
2021-06-17 19:30,63,26,37,0,0,0
2021-06-17 19:45,57,23,34,0,0,0
2021-06-17 20:00,60,16,44,0,0,0
2021-06-17 20:15,32,13,19,0,0,0
2021-06-17 20:30,43,13,30,0,0,0
2021-06-17 20:45,41,17,24,0,0,0
2021-06-17 21:00,35,9,26,0,0,0
2021-06-17 21:15,65,20,45,0,0,0
2021-06-17 21:30,40,7,33,0,0,0
2021-06-17 21:45,45,11,34,0,0,0
2021-06-17 22:00,33,9,24,0,0,0
2021-06-17 22:15,53,14,39,0,0,0
2021-06-17 22:30,49,13,36,0,0,0
2021-06-17 22:45,29,10,19,0,0,0
2021-06-17 23:00,32,11,21,0,0,0
2021-06-17 23:15,32,7,25,0,0,0
2021-06-17 23:30,21,5,16,0,0,0
2021-06-17 23:45,19,5,14,0,0,0
2021-06-18 00:00,10,0,10,0,0,0
2021-06-18 00:15,12,3,9,0,0,0
2021-06-18 00:30,19,1,18,0,0,0
2021-06-18 00:45,9,1,8,0,0,0
2021-06-18 01:00,3,1,2,0,0,0
2021-06-18 01:15,7,2,5,0,0,0
2021-06-18 01:30,1,0,1,0,0,0
2021-06-18 01:45,0,0,0,0,0,0
2021-06-18 02:00,5,2,3,0,0,0
2021-06-18 02:15,2,0,2,0,0,0
2021-06-18 02:30,1,1,0,0,0,0
2021-06-18 02:45,1,0,1,0,0,0
2021-06-18 03:00,4,1,3,0,0,0
2021-06-18 03:15,5,2,3,0,0,0
2021-06-18 03:30,1,1,0,0,0,0
2021-06-18 03:45,1,0,1,0,0,0
2021-06-18 04:00,2,0,2,0,0,0
2021-06-18 04:15,3,2,1,0,0,0
2021-06-18 04:30,3,3,0,0,0,0
2021-06-18 04:45,2,1,1,0,0,0
2021-06-18 05:00,0,0,0,0,0,0
2021-06-18 05:15,1,1,0,0,0,0
2021-06-18 05:30,6,1,5,0,0,0
2021-06-18 05:45,8,1,7,0,0,0
2021-06-18 06:00,8,5,3,0,0,0
2021-06-18 06:15,20,11,9,0,0,0
2021-06-18 06:30,42,13,29,0,0,0
2021-06-18 06:45,36,13,23,0,0,0
2021-06-18 07:00,58,24,34,0,0,0
2021-06-18 07:15,63,28,35,0,0,0
2021-06-18 07:30,89,40,49,0,0,0
2021-06-18 07:45,193,111,82,0,0,0
2021-06-18 08:00,201,141,60,0,0,0
2021-06-18 08:15,115,57,58,0,0,0
2021-06-18 08:30,103,40,63,0,0,0
2021-06-18 08:45,94,56,38,0,0,0
2021-06-18 09:00,93,52,41,0,0,0
2021-06-18 09:15,99,46,53,0,0,0
2021-06-18 09:30,79,40,39,0,0,0
2021-06-18 09:45,99,56,43,0,0,0
2021-06-18 10:00,76,37,39,0,0,0
2021-06-18 10:15,91,54,37,0,0,0
2021-06-18 10:30,70,35,35,0,0,0
2021-06-18 10:45,62,29,33,0,0,0
2021-06-18 11:00,78,37,41,0,0,0
2021-06-18 11:15,76,31,45,0,0,0
2021-06-18 11:30,113,40,73,0,0,0
2021-06-18 11:45,180,47,133,0,0,0
2021-06-18 12:00,155,74,81,0,0,0
2021-06-18 12:15,134,66,68,0,0,0
2021-06-18 12:30,76,30,46,0,0,0
2021-06-18 12:45,118,58,60,0,0,0
2021-06-18 13:00,116,39,77,0,0,0
2021-06-18 13:15,133,65,68,0,0,0
2021-06-18 13:30,94,38,56,0,0,0
2021-06-18 13:45,120,62,58,0,0,0
2021-06-18 14:00,110,58,52,0,0,0
2021-06-18 14:15,103,40,63,0,0,0
2021-06-18 14:30,135,82,53,0,0,0
2021-06-18 14:45,106,42,64,0,0,0
2021-06-18 15:00,95,63,32,0,0,0
2021-06-18 15:15,119,69,50,0,0,0
2021-06-18 15:30,89,44,45,0,0,0
2021-06-18 15:45,106,54,52,0,0,0
2021-06-18 16:00,112,64,48,0,0,0
2021-06-18 16:15,118,64,54,0,0,0
2021-06-18 16:30,92,49,43,0,0,0
2021-06-18 16:45,98,52,46,0,0,0
2021-06-18 17:00,91,48,43,0,0,0
2021-06-18 17:15,80,43,37,0,0,0
2021-06-18 17:30,89,52,37,0,0,0
2021-06-18 17:45,100,48,52,0,0,0
2021-06-18 18:00,95,51,44,0,0,0
2021-06-18 18:15,84,49,35,0,0,0
2021-06-18 18:30,79,36,43,0,0,0
2021-06-18 18:45,68,38,30,0,0,0
2021-06-18 19:00,82,40,42,0,0,0
2021-06-18 19:15,88,47,41,0,0,0
2021-06-18 19:30,65,33,32,0,0,0
2021-06-18 19:45,56,12,44,0,0,0
2021-06-18 20:00,54,21,33,0,0,0
2021-06-18 20:15,66,31,35,0,0,0
2021-06-18 20:30,40,23,17,0,0,0
2021-06-18 20:45,40,15,25,0,0,0
2021-06-18 21:00,46,25,21,0,0,0
2021-06-18 21:15,33,13,20,0,0,0
2021-06-18 21:30,40,11,29,0,0,0
2021-06-18 21:45,33,9,24,0,0,0
2021-06-18 22:00,29,13,16,0,0,0
2021-06-18 22:15,28,13,15,0,0,0
2021-06-18 22:30,50,19,31,0,0,0
2021-06-18 22:45,30,6,24,0,0,0
2021-06-18 23:00,45,8,37,0,0,0
2021-06-18 23:15,26,5,21,0,0,0
2021-06-18 23:30,17,5,12,0,0,0
2021-06-18 23:45,22,5,17,0,0,0
2021-06-19 00:00,37,9,28,0,0,0
2021-06-19 00:15,23,4,19,0,0,0
2021-06-19 00:30,27,0,27,0,0,0
2021-06-19 00:45,26,7,19,0,0,0
2021-06-19 01:00,13,3,10,0,0,0
2021-06-19 01:15,24,10,14,0,0,0
2021-06-19 01:30,12,0,12,0,0,0
2021-06-19 01:45,12,1,11,0,0,0
2021-06-19 02:00,16,1,15,0,0,0
2021-06-19 02:15,9,0,9,0,0,0
2021-06-19 02:30,10,0,10,0,0,0
2021-06-19 02:45,8,1,7,0,0,0
2021-06-19 03:00,7,0,7,0,0,0
2021-06-19 03:15,3,0,3,0,0,0
2021-06-19 03:30,5,2,3,0,0,0
2021-06-19 03:45,8,0,8,0,0,0
2021-06-19 04:00,5,0,5,0,0,0
2021-06-19 04:15,8,1,7,0,0,0
2021-06-19 04:30,4,2,2,0,0,0
2021-06-19 04:45,2,0,2,0,0,0
2021-06-19 05:00,2,0,2,0,0,0
2021-06-19 05:15,4,0,4,0,0,0
2021-06-19 05:30,5,1,4,0,0,0
2021-06-19 05:45,8,1,7,0,0,0
2021-06-19 06:00,5,1,4,0,0,0
2021-06-19 06:15,5,3,2,0,0,0
2021-06-19 06:30,11,5,6,0,0,0
2021-06-19 06:45,19,15,4,0,0,0
2021-06-19 07:00,13,7,6,0,0,0
2021-06-19 07:15,15,9,6,0,0,0
2021-06-19 07:30,27,17,10,0,0,0
2021-06-19 07:45,34,20,14,0,0,0
2021-06-19 08:00,23,14,9,0,0,0
2021-06-19 08:15,31,22,9,0,0,0
2021-06-19 08:30,35,19,16,0,0,0
2021-06-19 08:45,70,45,25,0,0,0
2021-06-19 09:00,62,43,19,0,0,0
2021-06-19 09:15,66,40,26,0,0,0
2021-06-19 09:30,62,44,18,0,0,0
2021-06-19 09:45,77,53,24,0,0,0
2021-06-19 10:00,81,51,30,0,0,0
2021-06-19 10:15,69,50,19,0,0,0
2021-06-19 10:30,86,51,35,0,0,0
2021-06-19 10:45,101,70,31,0,0,0
2021-06-19 11:00,77,35,42,0,0,0
2021-06-19 11:15,87,48,39,0,0,0
2021-06-19 11:30,70,31,39,0,0,0
2021-06-19 11:45,106,39,67,0,0,0
2021-06-19 12:00,85,39,46,0,0,0
2021-06-19 12:15,130,57,73,0,0,0
2021-06-19 12:30,86,43,43,0,0,0
2021-06-19 12:45,75,26,49,0,0,0
2021-06-19 13:00,77,33,44,0,0,0
2021-06-19 13:15,80,37,43,0,0,0
2021-06-19 13:30,87,47,40,0,0,0
2021-06-19 13:45,84,46,38,0,0,0
2021-06-19 14:00,102,54,48,0,0,0
2021-06-19 14:15,92,42,50,0,0,0
2021-06-19 14:30,101,43,58,0,0,0
2021-06-19 14:45,55,24,31,0,0,0
2021-06-19 15:00,67,22,45,0,0,0
2021-06-19 15:15,60,26,34,0,0,0
2021-06-19 15:30,64,27,37,0,0,0
2021-06-19 15:45,69,35,34,0,0,0
2021-06-19 16:00,69,29,40,0,0,0
2021-06-19 16:15,70,29,41,0,0,0
2021-06-19 16:30,66,25,41,0,0,0
2021-06-19 16:45,75,28,47,0,0,0
2021-06-19 17:00,61,25,36,0,0,0
2021-06-19 17:15,105,50,55,0,0,0
2021-06-19 17:30,73,25,48,0,0,0
2021-06-19 17:45,66,25,41,0,0,0
2021-06-19 18:00,67,25,42,0,0,0
2021-06-19 18:15,62,34,28,0,0,0
2021-06-19 18:30,40,16,24,0,0,0
2021-06-19 18:45,45,20,25,0,0,0
2021-06-19 19:00,52,19,33,0,0,0
2021-06-19 19:15,21,7,14,0,0,0
2021-06-19 19:30,36,22,14,0,0,0
2021-06-19 19:45,40,13,27,0,0,0
2021-06-19 20:00,38,19,19,0,0,0
2021-06-19 20:15,37,19,18,0,0,0
2021-06-19 20:30,56,31,25,0,0,0
2021-06-19 20:45,28,10,18,0,0,0
2021-06-19 21:00,35,12,23,0,0,0
2021-06-19 21:15,43,16,27,0,0,0
2021-06-19 21:30,42,26,16,0,0,0
2021-06-19 21:45,29,14,15,0,0,0
2021-06-19 22:00,27,15,12,0,0,0
2021-06-19 22:15,33,17,16,0,0,0
2021-06-19 22:30,31,12,19,0,0,0
2021-06-19 22:45,34,16,18,0,0,0
2021-06-19 23:00,29,9,20,0,0,0
2021-06-19 23:15,41,8,33,0,0,0
2021-06-19 23:30,25,10,15,0,0,0
2021-06-19 23:45,15,7,8,0,0,0
2021-06-20 00:00,19,8,11,0,0,0
2021-06-20 00:15,32,10,22,0,0,0
2021-06-20 00:30,36,10,26,0,0,0
2021-06-20 00:45,55,25,30,0,0,0
2021-06-20 01:00,35,1,34,0,0,0
2021-06-20 01:15,19,0,19,0,0,0
2021-06-20 01:30,14,2,12,0,0,0
2021-06-20 01:45,8,3,5,0,0,0
2021-06-20 02:00,6,0,6,0,0,0
2021-06-20 02:15,15,4,11,0,0,0
2021-06-20 02:30,10,9,1,0,0,0
2021-06-20 02:45,8,0,8,0,0,0
2021-06-20 03:00,4,0,4,0,0,0
2021-06-20 03:15,4,0,4,0,0,0
2021-06-20 03:30,2,2,0,0,0,0
2021-06-20 03:45,16,1,15,0,0,0
2021-06-20 04:00,11,4,7,0,0,0
2021-06-20 04:15,3,0,3,0,0,0
2021-06-20 04:30,4,0,4,0,0,0
2021-06-20 04:45,1,0,1,0,0,0
2021-06-20 05:00,0,0,0,0,0,0
2021-06-20 05:15,2,0,2,0,0,0
2021-06-20 05:30,4,0,4,0,0,0
2021-06-20 05:45,4,0,4,0,0,0
2021-06-20 06:00,3,3,0,0,0,0
2021-06-20 06:15,6,3,3,0,0,0
2021-06-20 06:30,4,3,1,0,0,0
2021-06-20 06:45,5,2,3,0,0,0
2021-06-20 07:00,2,1,1,0,0,0
2021-06-20 07:15,4,3,1,0,0,0
2021-06-20 07:30,4,1,3,0,0,0
2021-06-20 07:45,7,0,7,0,0,0
2021-06-20 08:00,6,4,2,0,0,0
2021-06-20 08:15,6,2,4,0,0,0
2021-06-20 08:30,13,9,4,0,0,0
2021-06-20 08:45,12,8,4,0,0,0
2021-06-20 09:00,6,3,3,0,0,0
2021-06-20 09:15,14,11,3,0,0,0
2021-06-20 09:30,18,10,8,0,0,0
2021-06-20 09:45,33,24,9,0,0,0
2021-06-20 10:00,30,13,17,0,0,0
2021-06-20 10:15,28,11,17,0,0,0
2021-06-20 10:30,35,24,11,0,0,0
2021-06-20 10:45,33,18,15,0,0,0
2021-06-20 11:00,47,24,23,0,0,0
2021-06-20 11:15,31,17,14,0,0,0
2021-06-20 11:30,37,13,24,0,0,0
2021-06-20 11:45,47,24,23,0,0,0
2021-06-20 12:00,32,17,15,0,0,0
2021-06-20 12:15,35,10,25,0,0,0
2021-06-20 12:30,63,19,44,0,0,0
2021-06-20 12:45,56,29,27,0,0,0
2021-06-20 13:00,62,29,33,0,0,0
2021-06-20 13:15,65,33,32,0,0,0
2021-06-20 13:30,34,7,27,0,0,0
2021-06-20 13:45,56,20,36,0,0,0
2021-06-20 14:00,65,37,28,0,0,0
2021-06-20 14:15,61,19,42,0,0,0
2021-06-20 14:30,70,34,36,0,0,0
2021-06-20 14:45,57,23,34,0,0,0
2021-06-20 15:00,87,44,43,0,0,0
2021-06-20 15:15,56,13,43,0,0,0
2021-06-20 15:30,53,25,28,0,0,0
2021-06-20 15:45,61,36,25,0,0,0
2021-06-20 16:00,61,24,37,0,0,0
2021-06-20 16:15,61,26,35,0,0,0
2021-06-20 16:30,77,28,49,0,0,0
2021-06-20 16:45,66,29,37,0,0,0
2021-06-20 17:00,49,11,38,0,0,0
2021-06-20 17:15,48,17,31,0,0,0
2021-06-20 17:30,47,24,23,0,0,0
2021-06-20 17:45,59,34,25,0,0,0
2021-06-20 18:00,54,25,29,0,0,0
2021-06-20 18:15,57,24,33,0,0,0
2021-06-20 18:30,43,20,23,0,0,0
2021-06-20 18:45,69,35,34,0,0,0
2021-06-20 19:00,49,19,30,0,0,0
2021-06-20 19:15,46,22,24,0,0,0
2021-06-20 19:30,53,26,27,0,0,0
2021-06-20 19:45,34,18,16,0,0,0
2021-06-20 20:00,39,15,24,0,0,0
2021-06-20 20:15,42,10,32,0,0,0
2021-06-20 20:30,37,13,24,0,0,0
2021-06-20 20:45,22,11,11,0,0,0
2021-06-20 21:00,34,7,27,0,0,0
2021-06-20 21:15,32,9,23,0,0,0
2021-06-20 21:30,27,3,24,0,0,0
2021-06-20 21:45,23,9,14,0,0,0
2021-06-20 22:00,37,7,30,0,0,0
2021-06-20 22:15,34,4,30,0,0,0
2021-06-20 22:30,11,2,9,0,0,0
2021-06-20 22:45,8,5,3,0,0,0
2021-06-20 23:00,11,3,8,0,0,0
2021-06-20 23:15,15,4,11,0,0,0
2021-06-20 23:30,3,1,2,0,0,0
2021-06-20 23:45,8,1,7,0,0,0
2021-06-21 00:00,3,0,3,0,0,0
2021-06-21 00:15,3,2,1,0,0,0
2021-06-21 00:30,0,0,0,0,0,0
2021-06-21 00:45,4,0,4,0,0,0
2021-06-21 01:00,1,0,1,0,0,0
2021-06-21 01:15,6,2,4,0,0,0
2021-06-21 01:30,0,0,0,0,0,0
2021-06-21 01:45,1,0,1,0,0,0
2021-06-21 02:00,2,0,2,0,0,0
2021-06-21 02:15,1,0,1,0,0,0
2021-06-21 02:30,0,0,0,0,0,0
2021-06-21 02:45,0,0,0,0,0,0
2021-06-21 03:00,0,0,0,0,0,0
2021-06-21 03:15,0,0,0,0,0,0
2021-06-21 03:30,0,0,0,0,0,0
2021-06-21 03:45,0,0,0,0,0,0
2021-06-21 04:00,0,0,0,0,0,0
2021-06-21 04:15,1,1,0,0,0,0
2021-06-21 04:30,1,0,1,0,0,0
2021-06-21 04:45,0,0,0,0,0,0
2021-06-21 05:00,2,1,1,0,0,0
2021-06-21 05:15,0,0,0,0,0,0
2021-06-21 05:30,11,4,7,0,0,0
2021-06-21 05:45,10,2,8,0,0,0
2021-06-21 06:00,2,1,1,0,0,0
2021-06-21 06:15,24,9,15,0,0,0
2021-06-21 06:30,32,7,25,0,0,0
2021-06-21 06:45,38,17,21,0,0,0
2021-06-21 07:00,33,13,20,0,0,0
2021-06-21 07:15,48,15,33,0,0,0
2021-06-21 07:30,107,42,65,0,0,0
2021-06-21 07:45,169,88,81,0,0,0
2021-06-21 08:00,160,103,57,0,0,0
2021-06-21 08:15,109,49,60,0,0,0
2021-06-21 08:30,95,49,46,0,0,0
2021-06-21 08:45,99,39,60,0,0,0
2021-06-21 09:00,70,26,44,0,0,0
2021-06-21 09:15,56,20,36,0,0,0
2021-06-21 09:30,41,15,26,0,0,0
2021-06-21 09:45,77,31,46,0,0,0
2021-06-21 10:00,50,28,22,0,0,0
2021-06-21 10:15,43,21,22,0,0,0
2021-06-21 10:30,44,25,19,0,0,0
2021-06-21 10:45,63,26,37,0,0,0
2021-06-21 11:00,50,28,22,0,0,0
2021-06-21 11:15,40,16,24,0,0,0
2021-06-21 11:30,47,19,28,0,0,0
2021-06-21 11:45,60,27,33,0,0,0
2021-06-21 12:00,68,17,51,0,0,0
2021-06-21 12:15,44,19,25,0,0,0
2021-06-21 12:30,74,35,39,0,0,0
2021-06-21 12:45,67,30,37,0,0,0
2021-06-21 13:00,66,27,39,0,0,0
2021-06-21 13:15,77,32,45,0,0,0
2021-06-21 13:30,103,20,83,0,0,0
2021-06-21 13:45,69,24,45,0,0,0
2021-06-21 14:00,84,29,55,0,0,0
2021-06-21 14:15,90,44,46,0,0,0
2021-06-21 14:30,90,31,59,0,0,0
2021-06-21 14:45,70,37,33,0,0,0
2021-06-21 15:00,54,28,26,0,0,0
2021-06-21 15:15,59,29,30,0,0,0
2021-06-21 15:30,58,28,30,0,0,0
2021-06-21 15:45,92,33,59,0,0,0
2021-06-21 16:00,96,43,53,0,0,0
2021-06-21 16:15,86,49,37,0,0,0
2021-06-21 16:30,93,47,46,0,0,0
2021-06-21 16:45,83,34,49,0,0,0
2021-06-21 17:00,89,56,33,0,0,0
2021-06-21 17:15,68,45,23,0,0,0
2021-06-21 17:30,98,52,46,0,0,0
2021-06-21 17:45,100,44,56,0,0,0
2021-06-21 18:00,85,55,30,0,0,0
2021-06-21 18:15,81,36,45,0,0,0
2021-06-21 18:30,48,17,31,0,0,0
2021-06-21 18:45,57,17,40,0,0,0
2021-06-21 19:00,55,17,38,0,0,0
2021-06-21 19:15,49,12,37,0,0,0
2021-06-21 19:30,43,19,24,0,0,0
2021-06-21 19:45,35,11,24,0,0,0
2021-06-21 20:00,42,20,22,0,0,0
2021-06-21 20:15,30,11,19,0,0,0
2021-06-21 20:30,27,7,20,0,0,0
2021-06-21 20:45,34,12,22,0,0,0
2021-06-21 21:00,26,13,13,0,0,0
2021-06-21 21:15,18,11,7,0,0,0
2021-06-21 21:30,17,9,8,0,0,0
2021-06-21 21:45,15,7,8,0,0,0
2021-06-21 22:00,22,11,11,0,0,0
2021-06-21 22:15,15,7,8,0,0,0
2021-06-21 22:30,10,1,9,0,0,0
2021-06-21 22:45,15,6,9,0,0,0
2021-06-21 23:00,10,2,8,0,0,0
2021-06-21 23:15,13,6,7,0,0,0
2021-06-21 23:30,8,4,4,0,0,0
2021-06-21 23:45,8,2,6,0,0,0
2021-06-22 00:00,5,2,3,0,0,0
2021-06-22 00:15,5,1,4,0,0,0
2021-06-22 00:30,0,0,0,0,0,0
2021-06-22 00:45,1,0,1,0,0,0
2021-06-22 01:00,3,1,2,0,0,0
2021-06-22 01:15,0,0,0,0,0,0
2021-06-22 01:30,4,0,4,0,0,0
2021-06-22 01:45,1,0,1,0,0,0
2021-06-22 02:00,0,0,0,0,0,0
2021-06-22 02:15,1,1,0,0,0,0
2021-06-22 02:30,2,1,1,0,0,0
2021-06-22 02:45,2,0,2,0,0,0
2021-06-22 03:00,0,0,0,0,0,0
2021-06-22 03:15,0,0,0,0,0,0
2021-06-22 03:30,1,0,1,0,0,0
2021-06-22 03:45,0,0,0,0,0,0
2021-06-22 04:00,1,0,1,0,0,0
2021-06-22 04:15,2,1,1,0,0,0
2021-06-22 04:30,3,2,1,0,0,0
2021-06-22 04:45,0,0,0,0,0,0
2021-06-22 05:00,0,0,0,0,0,0
2021-06-22 05:15,4,1,3,0,0,0
2021-06-22 05:30,10,4,6,0,0,0
2021-06-22 05:45,10,3,7,0,0,0
2021-06-22 06:00,9,4,5,0,0,0
2021-06-22 06:15,28,13,15,0,0,0
2021-06-22 06:30,35,17,18,0,0,0
2021-06-22 06:45,57,21,36,0,0,0
2021-06-22 07:00,69,28,41,0,0,0
2021-06-22 07:15,61,28,33,0,0,0
2021-06-22 07:30,128,69,59,0,0,0
2021-06-22 07:45,157,74,83,0,0,0
2021-06-22 08:00,254,158,96,0,0,0
2021-06-22 08:15,107,55,52,0,0,0
2021-06-22 08:30,119,66,53,0,0,0
2021-06-22 08:45,128,61,67,0,0,0
2021-06-22 09:00,89,45,44,0,0,0
2021-06-22 09:15,86,47,39,0,0,0
2021-06-22 09:30,71,35,36,0,0,0
2021-06-22 09:45,85,47,38,0,0,0
2021-06-22 10:00,68,36,32,0,0,0
2021-06-22 10:15,60,33,27,0,0,0
2021-06-22 10:30,79,46,33,0,0,0
2021-06-22 10:45,66,35,31,0,0,0
2021-06-22 11:00,47,23,24,0,0,0
2021-06-22 11:15,44,21,23,0,0,0
2021-06-22 11:30,83,40,43,0,0,0
2021-06-22 11:45,95,41,54,0,0,0
2021-06-22 12:00,75,35,40,0,0,0
2021-06-22 12:15,98,51,47,0,0,0
2021-06-22 12:30,67,19,48,0,0,0
2021-06-22 12:45,95,45,50,0,0,0
2021-06-22 13:00,122,54,68,0,0,0
2021-06-22 13:15,103,37,66,0,0,0
2021-06-22 13:30,185,47,138,0,0,0
2021-06-22 13:45,136,59,77,0,0,0
2021-06-22 14:00,107,55,52,0,0,0
2021-06-22 14:15,90,45,45,0,0,0
2021-06-22 14:30,107,58,49,0,0,0
2021-06-22 14:45,101,54,47,0,0,0
2021-06-22 15:00,126,73,53,0,0,0
2021-06-22 15:15,95,56,39,0,0,0
2021-06-22 15:30,113,59,54,0,0,0
2021-06-22 15:45,122,65,57,0,0,0
2021-06-22 16:00,132,73,59,0,0,0
2021-06-22 16:15,134,69,65,0,0,0
2021-06-22 16:30,126,65,61,0,0,0
2021-06-22 16:45,127,59,68,0,0,0
2021-06-22 17:00,137,62,75,0,0,0
2021-06-22 17:15,117,58,59,0,0,0
2021-06-22 17:30,115,58,57,0,0,0
2021-06-22 17:45,140,50,90,0,0,0
2021-06-22 18:00,131,64,67,0,0,0
2021-06-22 18:15,133,60,73,0,0,0
2021-06-22 18:30,96,44,52,0,0,0
2021-06-22 18:45,101,40,61,0,0,0
2021-06-22 19:00,87,46,41,0,0,0
2021-06-22 19:15,92,39,53,0,0,0
2021-06-22 19:30,51,13,38,0,0,0
2021-06-22 19:45,61,23,38,0,0,0
2021-06-22 20:00,47,18,29,0,0,0
2021-06-22 20:15,42,12,30,0,0,0
2021-06-22 20:30,29,4,25,0,0,0
2021-06-22 20:45,25,9,16,0,0,0
2021-06-22 21:00,40,21,19,0,0,0
2021-06-22 21:15,23,3,20,0,0,0
2021-06-22 21:30,27,10,17,0,0,0
2021-06-22 21:45,38,9,29,0,0,0
2021-06-22 22:00,24,10,14,0,0,0
2021-06-22 22:15,28,12,16,0,0,0
2021-06-22 22:30,22,8,14,0,0,0
2021-06-22 22:45,27,8,19,0,0,0
2021-06-22 23:00,15,8,7,0,0,0
2021-06-22 23:15,12,5,7,0,0,0
2021-06-22 23:30,8,2,6,0,0,0
2021-06-22 23:45,7,2,5,0,0,0
2021-06-23 00:00,8,4,4,0,0,0
2021-06-23 00:15,14,4,10,0,0,0
2021-06-23 00:30,0,0,0,0,0,0
2021-06-23 00:45,7,2,5,0,0,0
2021-06-23 01:00,8,2,6,0,0,0
2021-06-23 01:15,2,1,1,0,0,0
2021-06-23 01:30,5,3,2,0,0,0
2021-06-23 01:45,2,0,2,0,0,0
2021-06-23 02:00,0,0,0,0,0,0
2021-06-23 02:15,1,0,1,0,0,0
2021-06-23 02:30,0,0,0,0,0,0
2021-06-23 02:45,1,0,1,0,0,0
2021-06-23 03:00,0,0,0,0,0,0
2021-06-23 03:15,1,0,1,0,0,0
2021-06-23 03:30,0,0,0,0,0,0
2021-06-23 03:45,0,0,0,0,0,0
2021-06-23 04:00,2,0,2,0,0,0
2021-06-23 04:15,1,1,0,0,0,0
2021-06-23 04:30,1,1,0,0,0,0
2021-06-23 04:45,3,3,0,0,0,0
2021-06-23 05:00,0,0,0,0,0,0
2021-06-23 05:15,1,1,0,0,0,0
2021-06-23 05:30,9,3,6,0,0,0
2021-06-23 05:45,20,8,12,0,0,0
2021-06-23 06:00,13,5,8,0,0,0
2021-06-23 06:15,18,6,12,0,0,0
2021-06-23 06:30,38,21,17,0,0,0
2021-06-23 06:45,59,20,39,0,0,0
2021-06-23 07:00,58,18,40,0,0,0
2021-06-23 07:15,87,43,44,0,0,0
2021-06-23 07:30,101,47,54,0,0,0
2021-06-23 07:45,215,132,83,0,0,0
2021-06-23 08:00,213,128,85,0,0,0
2021-06-23 08:15,133,67,66,0,0,0
2021-06-23 08:30,120,65,55,0,0,0
2021-06-23 08:45,118,53,65,0,0,0
2021-06-23 09:00,93,48,45,0,0,0
2021-06-23 09:15,88,54,34,0,0,0
2021-06-23 09:30,81,43,38,0,0,0
2021-06-23 09:45,98,50,48,0,0,0
2021-06-23 10:00,79,48,31,0,0,0
2021-06-23 10:15,91,43,48,0,0,0
2021-06-23 10:30,84,53,31,0,0,0
2021-06-23 10:45,87,44,43,0,0,0
2021-06-23 11:00,80,36,44,0,0,0
2021-06-23 11:15,84,37,47,0,0,0
2021-06-23 11:30,90,41,49,0,0,0
2021-06-23 11:45,121,61,60,0,0,0
2021-06-23 12:00,117,45,72,0,0,0
2021-06-23 12:15,124,56,68,0,0,0
2021-06-23 12:30,101,40,61,0,0,0
2021-06-23 12:45,138,52,86,0,0,0
2021-06-23 13:00,100,26,74,0,0,0
2021-06-23 13:15,98,36,62,0,0,0
2021-06-23 13:30,185,60,125,0,0,0
2021-06-23 13:45,116,52,64,0,0,0
2021-06-23 14:00,108,39,69,0,0,0
2021-06-23 14:15,115,49,66,0,0,0
2021-06-23 14:30,131,42,89,0,0,0
2021-06-23 14:45,115,47,68,0,0,0
2021-06-23 15:00,132,66,66,0,0,0
2021-06-23 15:15,96,57,39,0,0,0
2021-06-23 15:30,106,54,52,0,0,0
2021-06-23 15:45,169,66,103,0,0,0
2021-06-23 16:00,142,71,71,0,0,0
2021-06-23 16:15,145,70,75,0,0,0
2021-06-23 16:30,111,66,45,0,0,0
2021-06-23 16:45,128,64,64,0,0,0
2021-06-23 17:00,135,59,76,0,0,0
2021-06-23 17:15,115,40,75,0,0,0
2021-06-23 17:30,113,52,61,0,0,0
2021-06-23 17:45,149,88,61,0,0,0
2021-06-23 18:00,122,66,56,0,0,0
2021-06-23 18:15,85,50,35,0,0,0
2021-06-23 18:30,72,30,42,0,0,0
2021-06-23 18:45,85,37,48,0,0,0
2021-06-23 19:00,58,19,39,0,0,0
2021-06-23 19:15,97,52,45,0,0,0
2021-06-23 19:30,80,42,38,0,0,0
2021-06-23 19:45,80,38,42,0,0,0
2021-06-23 20:00,80,42,38,0,0,0
2021-06-23 20:15,70,31,39,0,0,0
2021-06-23 20:30,76,34,42,0,0,0
2021-06-23 20:45,61,19,42,0,0,0
2021-06-23 21:00,38,18,20,0,0,0
2021-06-23 21:15,29,7,22,0,0,0
2021-06-23 21:30,23,8,15,0,0,0
2021-06-23 21:45,22,8,14,0,0,0
2021-06-23 22:00,20,4,16,0,0,0
2021-06-23 22:15,15,5,10,0,0,0
2021-06-23 22:30,14,5,9,0,0,0
2021-06-23 22:45,6,3,3,0,0,0
2021-06-23 23:00,38,15,23,0,0,0
2021-06-23 23:15,62,22,40,0,0,0
2021-06-23 23:30,48,12,36,0,0,0
2021-06-23 23:45,42,15,27,0,0,0
2021-06-24 00:00,32,11,21,0,0,0
2021-06-24 00:15,29,9,20,0,0,0
2021-06-24 00:30,9,2,7,0,0,0
2021-06-24 00:45,12,6,6,0,0,0
2021-06-24 01:00,6,1,5,0,0,0
2021-06-24 01:15,5,3,2,0,0,0
2021-06-24 01:30,8,5,3,0,0,0
2021-06-24 01:45,13,4,9,0,0,0
2021-06-24 02:00,9,0,9,0,0,0
2021-06-24 02:15,8,1,7,0,0,0
2021-06-24 02:30,5,1,4,0,0,0
2021-06-24 02:45,4,1,3,0,0,0
2021-06-24 03:00,3,0,3,0,0,0
2021-06-24 03:15,2,0,2,0,0,0
2021-06-24 03:30,7,0,7,0,0,0
2021-06-24 03:45,6,0,6,0,0,0
2021-06-24 04:00,2,1,1,0,0,0
2021-06-24 04:15,0,0,0,0,0,0
2021-06-24 04:30,2,2,0,0,0,0
2021-06-24 04:45,1,0,1,0,0,0
2021-06-24 05:00,0,0,0,0,0,0
2021-06-24 05:15,2,0,2,0,0,0
2021-06-24 05:30,7,4,3,0,0,0
2021-06-24 05:45,8,1,7,0,0,0
2021-06-24 06:00,12,2,10,0,0,0
2021-06-24 06:15,24,13,11,0,0,0
2021-06-24 06:30,36,14,22,0,0,0
2021-06-24 06:45,50,15,35,0,0,0
2021-06-24 07:00,49,16,33,0,0,0
2021-06-24 07:15,86,27,59,0,0,0
2021-06-24 07:30,120,56,64,0,0,0
2021-06-24 07:45,176,102,74,0,0,0
2021-06-24 08:00,222,154,68,0,0,0
2021-06-24 08:15,145,73,72,0,0,0
2021-06-24 08:30,103,59,44,0,0,0
2021-06-24 08:45,128,52,76,0,0,0
2021-06-24 09:00,96,39,57,0,0,0
2021-06-24 09:15,60,24,36,0,0,0
2021-06-24 09:30,73,43,30,0,0,0
2021-06-24 09:45,72,36,36,0,0,0
2021-06-24 10:00,62,30,32,0,0,0
2021-06-24 10:15,70,31,39,0,0,0
2021-06-24 10:30,86,37,49,0,0,0
2021-06-24 10:45,67,32,35,0,0,0
2021-06-24 11:00,53,26,27,0,0,0
2021-06-24 11:15,64,24,40,0,0,0
2021-06-24 11:30,95,40,55,0,0,0
2021-06-24 11:45,97,33,64,0,0,0
2021-06-24 12:00,76,33,43,0,0,0
2021-06-24 12:15,98,51,47,0,0,0
2021-06-24 12:30,112,51,61,0,0,0
2021-06-24 12:45,101,44,57,0,0,0
2021-06-24 13:00,99,48,51,0,0,0
2021-06-24 13:15,133,62,71,0,0,0
2021-06-24 13:30,140,50,90,0,0,0
2021-06-24 13:45,117,47,70,0,0,0
2021-06-24 14:00,112,60,52,0,0,0
2021-06-24 14:15,119,61,58,0,0,0
2021-06-24 14:30,105,44,61,0,0,0
2021-06-24 14:45,128,56,72,0,0,0
2021-06-24 15:00,122,68,54,0,0,0
2021-06-24 15:15,110,59,51,0,0,0
2021-06-24 15:30,114,55,59,0,0,0
2021-06-24 15:45,137,61,76,0,0,0
2021-06-24 16:00,155,90,65,0,0,0
2021-06-24 16:15,125,72,53,0,0,0
2021-06-24 16:30,109,60,49,0,0,0
2021-06-24 16:45,135,59,76,0,0,0
2021-06-24 17:00,148,71,77,0,0,0
2021-06-24 17:15,104,60,44,0,0,0
2021-06-24 17:30,100,43,57,0,0,0
2021-06-24 17:45,140,64,76,0,0,0
2021-06-24 18:00,126,64,62,0,0,0
2021-06-24 18:15,93,33,60,0,0,0
2021-06-24 18:30,88,36,52,0,0,0
2021-06-24 18:45,83,42,41,0,0,0
2021-06-24 19:00,120,44,76,0,0,0
2021-06-24 19:15,62,33,29,0,0,0
2021-06-24 19:30,67,36,31,0,0,0
2021-06-24 19:45,55,25,30,0,0,0
2021-06-24 20:00,67,24,43,0,0,0
2021-06-24 20:15,63,22,41,0,0,0
2021-06-24 20:30,46,20,26,0,0,0
2021-06-24 20:45,40,13,27,0,0,0
2021-06-24 21:00,39,14,25,0,0,0
2021-06-24 21:15,47,24,23,0,0,0
2021-06-24 21:30,33,12,21,0,0,0
2021-06-24 21:45,39,14,25,0,0,0
2021-06-24 22:00,34,9,25,0,0,0
2021-06-24 22:15,32,11,21,0,0,0
2021-06-24 22:30,33,4,29,0,0,0
2021-06-24 22:45,27,9,18,0,0,0
2021-06-24 23:00,17,7,10,0,0,0
2021-06-24 23:15,23,9,14,0,0,0
2021-06-24 23:30,23,2,21,0,0,0
2021-06-24 23:45,10,3,7,0,0,0
2021-06-25 00:00,9,3,6,0,0,0
2021-06-25 00:15,9,3,6,0,0,0
2021-06-25 00:30,10,3,7,0,0,0
2021-06-25 00:45,3,2,1,0,0,0
2021-06-25 01:00,8,5,3,0,0,0
2021-06-25 01:15,10,5,5,0,0,0
2021-06-25 01:30,6,3,3,0,0,0
2021-06-25 01:45,0,0,0,0,0,0
2021-06-25 02:00,2,2,0,0,0,0
2021-06-25 02:15,3,1,2,0,0,0
2021-06-25 02:30,0,0,0,0,0,0
2021-06-25 02:45,1,1,0,0,0,0
2021-06-25 03:00,3,0,3,0,0,0
2021-06-25 03:15,1,1,0,0,0,0
2021-06-25 03:30,2,0,2,0,0,0
2021-06-25 03:45,0,0,0,0,0,0
2021-06-25 04:00,0,0,0,0,0,0
2021-06-25 04:15,2,2,0,0,0,0
2021-06-25 04:30,2,1,1,0,0,0
2021-06-25 04:45,2,0,2,0,0,0
2021-06-25 05:00,0,0,0,0,0,0
2021-06-25 05:15,0,0,0,0,0,0
2021-06-25 05:30,14,6,8,0,0,0
2021-06-25 05:45,9,1,8,0,0,0
2021-06-25 06:00,11,5,6,0,0,0
2021-06-25 06:15,20,11,9,0,0,0
2021-06-25 06:30,29,11,18,0,0,0
2021-06-25 06:45,46,14,32,0,0,0
2021-06-25 07:00,55,22,33,0,0,0
2021-06-25 07:15,65,22,43,0,0,0
2021-06-25 07:30,119,64,55,0,0,0
2021-06-25 07:45,177,98,79,0,0,0
2021-06-25 08:00,227,152,75,0,0,0
2021-06-25 08:15,87,38,49,0,0,0
2021-06-25 08:30,92,49,43,0,0,0
2021-06-25 08:45,110,51,59,0,0,0
2021-06-25 09:00,80,49,31,0,0,0
2021-06-25 09:15,99,54,45,0,0,0
2021-06-25 09:30,71,40,31,0,0,0
2021-06-25 09:45,100,68,32,0,0,0
2021-06-25 10:00,96,57,39,0,0,0
2021-06-25 10:15,70,38,32,0,0,0
2021-06-25 10:30,78,41,37,0,0,0
2021-06-25 10:45,77,42,35,0,0,0
2021-06-25 11:00,80,42,38,0,0,0
2021-06-25 11:15,87,38,49,0,0,0
2021-06-25 11:30,94,50,44,0,0,0
2021-06-25 11:45,88,41,47,0,0,0
2021-06-25 12:00,100,45,55,0,0,0
2021-06-25 12:15,105,45,60,0,0,0
2021-06-25 12:30,100,42,58,0,0,0
2021-06-25 12:45,123,48,75,0,0,0
2021-06-25 13:00,120,46,74,0,0,0
2021-06-25 13:15,102,49,53,0,0,0
2021-06-25 13:30,184,54,130,0,0,0
2021-06-25 13:45,127,61,66,0,0,0
2021-06-25 14:00,125,59,66,0,0,0
2021-06-25 14:15,107,45,62,0,0,0
2021-06-25 14:30,140,61,79,0,0,0
2021-06-25 14:45,130,54,76,0,0,0
2021-06-25 15:00,122,55,67,0,0,0
2021-06-25 15:15,132,60,72,0,0,0
2021-06-25 15:30,126,71,55,0,0,0
2021-06-25 15:45,144,75,69,0,0,0
2021-06-25 16:00,128,50,78,0,0,0
2021-06-25 16:15,119,54,65,0,0,0
2021-06-25 16:30,122,54,68,0,0,0
2021-06-25 16:45,102,43,59,0,0,0
2021-06-25 17:00,92,42,50,0,0,0
2021-06-25 17:15,105,51,54,0,0,0
2021-06-25 17:30,84,31,53,0,0,0
2021-06-25 17:45,97,50,47,0,0,0
2021-06-25 18:00,81,33,48,0,0,0
2021-06-25 18:15,91,47,44,0,0,0
2021-06-25 18:30,66,39,27,0,0,0
2021-06-25 18:45,102,51,51,0,0,0
2021-06-25 19:00,72,35,37,0,0,0
2021-06-25 19:15,75,39,36,0,0,0
2021-06-25 19:30,42,14,28,0,0,0
2021-06-25 19:45,66,33,33,0,0,0
2021-06-25 20:00,71,36,35,0,0,0
2021-06-25 20:15,50,24,26,0,0,0
2021-06-25 20:30,30,7,23,0,0,0
2021-06-25 20:45,35,16,19,0,0,0
2021-06-25 21:00,38,12,26,0,0,0
2021-06-25 21:15,34,14,20,0,0,0
2021-06-25 21:30,41,13,28,0,0,0
2021-06-25 21:45,42,14,28,0,0,0
2021-06-25 22:00,31,5,26,0,0,0
2021-06-25 22:15,11,5,6,0,0,0
2021-06-25 22:30,30,11,19,0,0,0
2021-06-25 22:45,38,9,29,0,0,0
2021-06-25 23:00,20,6,14,0,0,0
2021-06-25 23:15,26,8,18,0,0,0
2021-06-25 23:30,31,9,22,0,0,0
2021-06-25 23:45,30,6,24,0,0,0
2021-06-26 00:00,17,4,13,0,0,0
2021-06-26 00:15,21,1,20,0,0,0
2021-06-26 00:30,29,12,17,0,0,0
2021-06-26 00:45,22,4,18,0,0,0
2021-06-26 01:00,19,4,15,0,0,0
2021-06-26 01:15,22,5,17,0,0,0
2021-06-26 01:30,20,4,16,0,0,0
2021-06-26 01:45,11,6,5,0,0,0
2021-06-26 02:00,20,1,19,0,0,0
2021-06-26 02:15,18,6,12,0,0,0
2021-06-26 02:30,9,0,9,0,0,0
2021-06-26 02:45,12,2,10,0,0,0
2021-06-26 03:00,14,0,14,0,0,0
2021-06-26 03:15,6,1,5,0,0,0
2021-06-26 03:30,7,3,4,0,0,0
2021-06-26 03:45,8,1,7,0,0,0
2021-06-26 04:00,5,0,5,0,0,0
2021-06-26 04:15,4,1,3,0,0,0
2021-06-26 04:30,7,2,5,0,0,0
2021-06-26 04:45,3,1,2,0,0,0
2021-06-26 05:00,1,0,1,0,0,0
2021-06-26 05:15,3,0,3,0,0,0
2021-06-26 05:30,4,2,2,0,0,0
2021-06-26 05:45,2,2,0,0,0,0
2021-06-26 06:00,5,3,2,0,0,0
2021-06-26 06:15,4,2,2,0,0,0
2021-06-26 06:30,11,8,3,0,0,0
2021-06-26 06:45,16,9,7,0,0,0
2021-06-26 07:00,11,11,0,0,0,0
2021-06-26 07:15,15,7,8,0,0,0
2021-06-26 07:30,16,7,9,0,0,0
2021-06-26 07:45,24,11,13,0,0,0
2021-06-26 08:00,32,21,11,0,0,0
2021-06-26 08:15,32,21,11,0,0,0
2021-06-26 08:30,36,21,15,0,0,0
2021-06-26 08:45,47,33,14,0,0,0
2021-06-26 09:00,58,40,18,0,0,0
2021-06-26 09:15,51,23,28,0,0,0
2021-06-26 09:30,47,33,14,0,0,0
2021-06-26 09:45,84,47,37,0,0,0
2021-06-26 10:00,88,55,33,0,0,0
2021-06-26 10:15,88,60,28,0,0,0
2021-06-26 10:30,84,40,44,0,0,0
2021-06-26 10:45,120,86,34,0,0,0
2021-06-26 11:00,89,49,40,0,0,0
2021-06-26 11:15,90,55,35,0,0,0
2021-06-26 11:30,91,50,41,0,0,0
2021-06-26 11:45,128,68,60,0,0,0
2021-06-26 12:00,100,60,40,0,0,0
2021-06-26 12:15,104,58,46,0,0,0
2021-06-26 12:30,109,45,64,0,0,0
2021-06-26 12:45,106,56,50,0,0,0
2021-06-26 13:00,84,35,49,0,0,0
2021-06-26 13:15,128,43,85,0,0,0
2021-06-26 13:30,94,44,50,0,0,0
2021-06-26 13:45,91,48,43,0,0,0
2021-06-26 14:00,101,39,62,0,0,0
2021-06-26 14:15,92,42,50,0,0,0
2021-06-26 14:30,77,33,44,0,0,0
2021-06-26 14:45,97,36,61,0,0,0
2021-06-26 15:00,80,29,51,0,0,0
2021-06-26 15:15,84,30,54,0,0,0
2021-06-26 15:30,80,29,51,0,0,0
2021-06-26 15:45,89,41,48,0,0,0
2021-06-26 16:00,50,23,27,0,0,0
2021-06-26 16:15,73,30,43,0,0,0
2021-06-26 16:30,66,24,42,0,0,0
2021-06-26 16:45,89,44,45,0,0,0
2021-06-26 17:00,68,34,34,0,0,0
2021-06-26 17:15,64,47,17,0,0,0
2021-06-26 17:30,79,29,50,0,0,0
2021-06-26 17:45,73,41,32,0,0,0
2021-06-26 18:00,61,24,37,0,0,0
2021-06-26 18:15,79,38,41,0,0,0
2021-06-26 18:30,73,31,42,0,0,0
2021-06-26 18:45,78,40,38,0,0,0
2021-06-26 19:00,77,31,46,0,0,0
2021-06-26 19:15,45,22,23,0,0,0
2021-06-26 19:30,70,37,33,0,0,0
2021-06-26 19:45,68,32,36,0,0,0
2021-06-26 20:00,53,22,31,0,0,0
2021-06-26 20:15,70,32,38,0,0,0
2021-06-26 20:30,51,18,33,0,0,0
2021-06-26 20:45,39,19,20,0,0,0
2021-06-26 21:00,59,29,30,0,0,0
2021-06-26 21:15,44,22,22,0,0,0
2021-06-26 21:30,39,18,21,0,0,0
2021-06-26 21:45,20,3,17,0,0,0
2021-06-26 22:00,46,13,33,0,0,0
2021-06-26 22:15,49,22,27,0,0,0
2021-06-26 22:30,45,14,31,0,0,0
2021-06-26 22:45,31,6,25,0,0,0
2021-06-26 23:00,31,11,20,0,0,0
2021-06-26 23:15,30,8,22,0,0,0
2021-06-26 23:30,21,7,14,0,0,0
2021-06-26 23:45,34,10,24,0,0,0
2021-06-27 00:00,40,7,33,0,0,0
2021-06-27 00:15,22,6,16,0,0,0
2021-06-27 00:30,28,7,21,0,0,0
2021-06-27 00:45,16,5,11,0,0,0
2021-06-27 01:00,9,4,5,0,0,0
2021-06-27 01:15,23,4,19,0,0,0
2021-06-27 01:30,10,4,6,0,0,0
2021-06-27 01:45,15,4,11,0,0,0
2021-06-27 02:00,22,12,10,0,0,0
2021-06-27 02:15,8,5,3,0,0,0
2021-06-27 02:30,6,1,5,0,0,0
2021-06-27 02:45,7,4,3,0,0,0
2021-06-27 03:00,8,1,7,0,0,0
2021-06-27 03:15,11,4,7,0,0,0
2021-06-27 03:30,10,3,7,0,0,0
2021-06-27 03:45,12,0,12,0,0,0
2021-06-27 04:00,1,0,1,0,0,0
2021-06-27 04:15,2,2,0,0,0,0
2021-06-27 04:30,4,1,3,0,0,0
2021-06-27 04:45,7,0,7,0,0,0
2021-06-27 05:00,0,0,0,0,0,0
2021-06-27 05:15,5,0,5,0,0,0
2021-06-27 05:30,5,1,4,0,0,0
2021-06-27 05:45,9,4,5,0,0,0
2021-06-27 06:00,0,0,0,0,0,0
2021-06-27 06:15,7,7,0,0,0,0
2021-06-27 06:30,7,2,5,0,0,0
2021-06-27 06:45,5,1,4,0,0,0
2021-06-27 07:00,4,4,0,0,0,0
2021-06-27 07:15,5,3,2,0,0,0
2021-06-27 07:30,6,1,5,0,0,0
2021-06-27 07:45,12,5,7,0,0,0
2021-06-27 08:00,7,2,5,0,0,0
2021-06-27 08:15,7,4,3,0,0,0
2021-06-27 08:30,8,5,3,0,0,0
2021-06-27 08:45,20,11,9,0,0,0
2021-06-27 09:00,23,15,8,0,0,0
2021-06-27 09:15,20,11,9,0,0,0
2021-06-27 09:30,19,11,8,0,0,0
2021-06-27 09:45,30,23,7,0,0,0
2021-06-27 10:00,30,14,16,0,0,0
2021-06-27 10:15,33,16,17,0,0,0
2021-06-27 10:30,37,13,24,0,0,0
2021-06-27 10:45,54,30,24,0,0,0
2021-06-27 11:00,32,14,18,0,0,0
2021-06-27 11:15,43,18,25,0,0,0
2021-06-27 11:30,44,27,17,0,0,0
2021-06-27 11:45,55,30,25,0,0,0
2021-06-27 12:00,46,23,23,0,0,0
2021-06-27 12:15,73,30,43,0,0,0
2021-06-27 12:30,51,16,35,0,0,0
2021-06-27 12:45,46,24,22,0,0,0
2021-06-27 13:00,39,18,21,0,0,0
2021-06-27 13:15,51,28,23,0,0,0
2021-06-27 13:30,58,23,35,0,0,0
2021-06-27 13:45,54,28,26,0,0,0
2021-06-27 14:00,67,41,26,0,0,0
2021-06-27 14:15,53,22,31,0,0,0
2021-06-27 14:30,84,39,45,0,0,0
2021-06-27 14:45,73,32,41,0,0,0
2021-06-27 15:00,65,33,32,0,0,0
2021-06-27 15:15,52,28,24,0,0,0
2021-06-27 15:30,64,36,28,0,0,0
2021-06-27 15:45,74,29,45,0,0,0
2021-06-27 16:00,52,27,25,0,0,0
2021-06-27 16:15,63,30,33,0,0,0
2021-06-27 16:30,45,18,27,0,0,0
2021-06-27 16:45,53,23,30,0,0,0
2021-06-27 17:00,67,27,40,0,0,0
2021-06-27 17:15,55,23,32,0,0,0
2021-06-27 17:30,70,41,29,0,0,0
2021-06-27 17:45,66,37,29,0,0,0
2021-06-27 18:00,50,13,37,0,0,0
2021-06-27 18:15,46,20,26,0,0,0
2021-06-27 18:30,61,21,40,0,0,0
2021-06-27 18:45,67,31,36,0,0,0
2021-06-27 19:00,50,23,27,0,0,0
2021-06-27 19:15,56,33,23,0,0,0
2021-06-27 19:30,36,16,20,0,0,0
2021-06-27 19:45,40,19,21,0,0,0
2021-06-27 20:00,39,13,26,0,0,0
2021-06-27 20:15,40,19,21,0,0,0
2021-06-27 20:30,38,12,26,0,0,0
2021-06-27 20:45,29,10,19,0,0,0
2021-06-27 21:00,47,19,28,0,0,0
2021-06-27 21:15,20,5,15,0,0,0
2021-06-27 21:30,30,7,23,0,0,0
2021-06-27 21:45,20,3,17,0,0,0
2021-06-27 22:00,24,11,13,0,0,0
2021-06-27 22:15,3,3,0,0,0,0
2021-06-27 22:30,12,2,10,0,0,0
2021-06-27 22:45,15,5,10,0,0,0
2021-06-27 23:00,13,3,10,0,0,0
2021-06-27 23:15,7,2,5,0,0,0
2021-06-27 23:30,11,2,9,0,0,0
2021-06-27 23:45,8,1,7,0,0,0
2021-06-28 00:00,7,3,4,0,0,0
2021-06-28 00:15,7,2,5,0,0,0
2021-06-28 00:30,2,1,1,0,0,0
2021-06-28 00:45,2,0,2,0,0,0
2021-06-28 01:00,1,1,0,0,0,0
2021-06-28 01:15,3,2,1,0,0,0
2021-06-28 01:30,0,0,0,0,0,0
2021-06-28 01:45,0,0,0,0,0,0
2021-06-28 02:00,1,0,1,0,0,0
2021-06-28 02:15,0,0,0,0,0,0
2021-06-28 02:30,0,0,0,0,0,0
2021-06-28 02:45,0,0,0,0,0,0
2021-06-28 03:00,0,0,0,0,0,0
2021-06-28 03:15,0,0,0,0,0,0
2021-06-28 03:30,0,0,0,0,0,0
2021-06-28 03:45,0,0,0,0,0,0
2021-06-28 04:00,0,0,0,0,0,0
2021-06-28 04:15,1,0,1,0,0,0
2021-06-28 04:30,3,3,0,0,0,0
2021-06-28 04:45,2,2,0,0,0,0
2021-06-28 05:00,0,0,0,0,0,0
2021-06-28 05:15,3,2,1,0,0,0
2021-06-28 05:30,12,4,8,0,0,0
2021-06-28 05:45,10,0,10,0,0,0
2021-06-28 06:00,8,4,4,0,0,0
2021-06-28 06:15,30,6,24,0,0,0
2021-06-28 06:30,41,15,26,0,0,0
2021-06-28 06:45,47,15,32,0,0,0
2021-06-28 07:00,65,26,39,0,0,0
2021-06-28 07:15,60,23,37,0,0,0
2021-06-28 07:30,129,64,65,0,0,0
2021-06-28 07:45,224,112,112,0,0,0
2021-06-28 08:00,213,149,64,0,0,0
2021-06-28 08:15,116,59,57,0,0,0
2021-06-28 08:30,119,52,67,0,0,0
2021-06-28 08:45,110,43,67,0,0,0
2021-06-28 09:00,101,39,62,0,0,0
2021-06-28 09:15,70,41,29,0,0,0
2021-06-28 09:30,86,43,43,0,0,0
2021-06-28 09:45,91,48,43,0,0,0
2021-06-28 10:00,74,33,41,0,0,0
2021-06-28 10:15,58,36,22,0,0,0
2021-06-28 10:30,77,40,37,0,0,0
2021-06-28 10:45,80,37,43,0,0,0
2021-06-28 11:00,58,26,32,0,0,0
2021-06-28 11:15,77,28,49,0,0,0
2021-06-28 11:30,83,40,43,0,0,0
2021-06-28 11:45,97,54,43,0,0,0
2021-06-28 12:00,101,38,63,0,0,0
2021-06-28 12:15,119,50,69,0,0,0
2021-06-28 12:30,80,29,51,0,0,0
2021-06-28 12:45,99,34,65,0,0,0
2021-06-28 13:00,85,30,55,0,0,0
2021-06-28 13:15,154,48,106,0,0,0
2021-06-28 13:30,157,31,126,0,0,0
2021-06-28 13:45,90,31,59,0,0,0
2021-06-28 14:00,75,27,48,0,0,0
2021-06-28 14:15,125,55,70,0,0,0
2021-06-28 14:30,99,56,43,0,0,0
2021-06-28 14:45,103,40,63,0,0,0
2021-06-28 15:00,79,40,39,0,0,0
2021-06-28 15:15,76,45,31,0,0,0
2021-06-28 15:30,109,61,48,0,0,0
2021-06-28 15:45,101,61,40,0,0,0
2021-06-28 16:00,123,65,58,0,0,0
2021-06-28 16:15,87,52,35,0,0,0
2021-06-28 16:30,116,61,55,0,0,0
2021-06-28 16:45,109,55,54,0,0,0
2021-06-28 17:00,124,56,68,0,0,0
2021-06-28 17:15,94,48,46,0,0,0
2021-06-28 17:30,122,51,71,0,0,0
2021-06-28 17:45,105,37,68,0,0,0
2021-06-28 18:00,70,28,42,0,0,0
2021-06-28 18:15,70,24,46,0,0,0
2021-06-28 18:30,89,35,54,0,0,0
2021-06-28 18:45,86,29,57,0,0,0
2021-06-28 19:00,50,14,36,0,0,0
2021-06-28 19:15,69,28,41,0,0,0
2021-06-28 19:30,45,16,29,0,0,0
2021-06-28 19:45,45,18,27,0,0,0
2021-06-28 20:00,54,17,37,0,0,0
2021-06-28 20:15,41,12,29,0,0,0
2021-06-28 20:30,23,5,18,0,0,0
2021-06-28 20:45,38,18,20,0,0,0
2021-06-28 21:00,24,11,13,0,0,0
2021-06-28 21:15,42,15,27,0,0,0
2021-06-28 21:30,19,12,7,0,0,0
2021-06-28 21:45,20,6,14,0,0,0
2021-06-28 22:00,25,4,21,0,0,0
2021-06-28 22:15,16,2,14,0,0,0
2021-06-28 22:30,12,4,8,0,0,0
2021-06-28 22:45,12,3,9,0,0,0
2021-06-28 23:00,11,1,10,0,0,0
2021-06-28 23:15,9,1,8,0,0,0
2021-06-28 23:30,14,4,10,0,0,0
2021-06-28 23:45,13,5,8,0,0,0
2021-06-29 00:00,17,3,14,0,0,0
2021-06-29 00:15,3,3,0,0,0,0
2021-06-29 00:30,2,1,1,0,0,0
2021-06-29 00:45,0,0,0,0,0,0
2021-06-29 01:00,4,4,0,0,0,0
2021-06-29 01:15,3,1,2,0,0,0
2021-06-29 01:30,2,0,2,0,0,0
2021-06-29 01:45,2,0,2,0,0,0
2021-06-29 02:00,4,0,4,0,0,0
2021-06-29 02:15,0,0,0,0,0,0
2021-06-29 02:30,3,0,3,0,0,0
2021-06-29 02:45,0,0,0,0,0,0
2021-06-29 03:00,0,0,0,0,0,0
2021-06-29 03:15,1,0,1,0,0,0
2021-06-29 03:30,1,0,1,0,0,0
2021-06-29 03:45,0,0,0,0,0,0
2021-06-29 04:00,0,0,0,0,0,0
2021-06-29 04:15,1,1,0,0,0,0
2021-06-29 04:30,2,0,2,0,0,0
2021-06-29 04:45,1,1,0,0,0,0
2021-06-29 05:00,1,1,0,0,0,0
2021-06-29 05:15,3,2,1,0,0,0
2021-06-29 05:30,10,4,6,0,0,0
2021-06-29 05:45,10,0,10,0,0,0
2021-06-29 06:00,8,3,5,0,0,0
2021-06-29 06:15,25,8,17,0,0,0
2021-06-29 06:30,30,12,18,0,0,0
2021-06-29 06:45,67,22,45,0,0,0
2021-06-29 07:00,46,14,32,0,0,0
2021-06-29 07:15,79,38,41,0,0,0
2021-06-29 07:30,109,48,61,0,0,0
2021-06-29 07:45,189,106,83,0,0,0
2021-06-29 08:00,223,141,82,0,0,0
2021-06-29 08:15,128,64,64,0,0,0
2021-06-29 08:30,119,62,57,0,0,0
2021-06-29 08:45,119,44,75,0,0,0
2021-06-29 09:00,85,39,46,0,0,0
2021-06-29 09:15,66,22,44,0,0,0
2021-06-29 09:30,77,37,40,0,0,0
2021-06-29 09:45,100,50,50,0,0,0
2021-06-29 10:00,73,39,34,0,0,0
2021-06-29 10:15,70,41,29,0,0,0
2021-06-29 10:30,52,24,28,0,0,0
2021-06-29 10:45,60,25,35,0,0,0
2021-06-29 11:00,52,21,31,0,0,0
2021-06-29 11:15,49,22,27,0,0,0
2021-06-29 11:30,70,36,34,0,0,0
2021-06-29 11:45,73,30,43,0,0,0
2021-06-29 12:00,86,48,38,0,0,0
2021-06-29 12:15,84,34,50,0,0,0
2021-06-29 12:30,80,30,50,0,0,0
2021-06-29 12:45,91,33,58,0,0,0
2021-06-29 13:00,86,45,41,0,0,0
2021-06-29 13:15,87,27,60,0,0,0
2021-06-29 13:30,195,37,158,0,0,0
2021-06-29 13:45,112,34,78,0,0,0
2021-06-29 14:00,99,46,53,0,0,0
2021-06-29 14:15,88,39,49,0,0,0
2021-06-29 14:30,90,41,49,0,0,0
2021-06-29 14:45,95,57,38,0,0,0
2021-06-29 15:00,102,48,54,0,0,0
2021-06-29 15:15,120,57,63,0,0,0
2021-06-29 15:30,106,52,54,0,0,0
2021-06-29 15:45,154,62,92,0,0,0
2021-06-29 16:00,134,69,65,0,0,0
2021-06-29 16:15,106,53,53,0,0,0
2021-06-29 16:30,118,67,51,0,0,0
2021-06-29 16:45,126,62,64,0,0,0
2021-06-29 17:00,124,59,65,0,0,0
2021-06-29 17:15,142,73,69,0,0,0
2021-06-29 17:30,186,88,98,0,0,0
2021-06-29 17:45,157,64,93,0,0,0
2021-06-29 18:00,118,42,76,0,0,0
2021-06-29 18:15,62,16,46,0,0,0
2021-06-29 18:30,45,21,24,0,0,0
2021-06-29 18:45,34,8,26,0,0,0
2021-06-29 19:00,51,10,41,0,0,0
2021-06-29 19:15,33,14,19,0,0,0
2021-06-29 19:30,37,13,24,0,0,0
2021-06-29 19:45,19,9,10,0,0,0
2021-06-29 20:00,84,27,57,0,0,0
2021-06-29 20:15,69,25,44,0,0,0
2021-06-29 20:30,58,28,30,0,0,0
2021-06-29 20:45,46,11,35,0,0,0
2021-06-29 21:00,62,31,31,0,0,0
2021-06-29 21:15,54,15,39,0,0,0
2021-06-29 21:30,34,20,14,0,0,0
2021-06-29 21:45,41,12,29,0,0,0
2021-06-29 22:00,60,23,37,0,0,0
2021-06-29 22:15,51,20,31,0,0,0
2021-06-29 22:30,37,12,25,0,0,0
2021-06-29 22:45,40,21,19,0,0,0
2021-06-29 23:00,40,15,25,0,0,0
2021-06-29 23:15,29,12,17,0,0,0
2021-06-29 23:30,27,16,11,0,0,0
2021-06-29 23:45,20,8,12,0,0,0
