Datetime,100035541 (Neutor),101035541 (Neutor stadteinwÃ¤rts),102035541 (Neutor stadtauswÃ¤rts),100035541-status,101035541-status,102035541-status
2019-11-01 00:00,110,56,54,0,0,0
2019-11-01 00:15,113,50,63,0,0,0
2019-11-01 00:30,104,34,70,0,0,0
2019-11-01 00:45,110,54,56,0,0,0
2019-11-01 01:00,95,43,52,0,0,0
2019-11-01 01:15,102,44,58,0,0,0
2019-11-01 01:30,130,64,66,0,0,0
2019-11-01 01:45,113,46,67,0,0,0
2019-11-01 02:00,90,37,53,0,0,0
2019-11-01 02:15,115,55,60,0,0,0
2019-11-01 02:30,131,55,76,0,0,0
2019-11-01 02:45,110,46,64,0,0,0
2019-11-01 03:00,101,38,63,0,0,0
2019-11-01 03:15,91,32,59,0,0,0
2019-11-01 03:30,97,41,56,0,0,0
2019-11-01 03:45,56,22,34,0,0,0
2019-11-01 04:00,79,36,43,0,0,0
2019-11-01 04:15,58,22,36,0,0,0
2019-11-01 04:30,58,17,41,0,0,0
2019-11-01 04:45,55,30,25,0,0,0
2019-11-01 05:00,26,6,20,0,0,0
2019-11-01 05:15,27,8,19,0,0,0
2019-11-01 05:30,17,4,13,0,0,0
2019-11-01 05:45,10,3,7,0,0,0
2019-11-01 06:00,21,9,12,0,0,0
2019-11-01 06:15,17,6,11,0,0,0
2019-11-01 06:30,16,8,8,0,0,0
2019-11-01 06:45,13,3,10,0,0,0
2019-11-01 07:00,13,9,4,0,0,0
2019-11-01 07:15,5,3,2,0,0,0
2019-11-01 07:30,30,19,11,0,0,0
2019-11-01 07:45,34,25,9,0,0,0
2019-11-01 08:00,23,13,10,0,0,0
2019-11-01 08:15,20,13,7,0,0,0
2019-11-01 08:30,24,17,7,0,0,0
2019-11-01 08:45,27,22,5,0,0,0
2019-11-01 09:00,46,31,15,0,0,0
2019-11-01 09:15,37,24,13,0,0,0
2019-11-01 09:30,48,32,16,0,0,0
2019-11-01 09:45,76,58,18,0,0,0
2019-11-01 10:00,62,41,21,0,0,0
2019-11-01 10:15,41,30,11,0,0,0
2019-11-01 10:30,42,26,16,0,0,0
2019-11-01 10:45,61,47,14,0,0,0
2019-11-01 11:00,65,38,27,0,0,0
2019-11-01 11:15,58,30,28,0,0,0
2019-11-01 11:30,43,26,17,0,0,0
2019-11-01 11:45,62,37,25,0,0,0
2019-11-01 12:00,86,48,38,0,0,0
2019-11-01 12:15,72,43,29,0,0,0
2019-11-01 12:30,64,37,27,0,0,0
2019-11-01 12:45,70,41,29,0,0,0
2019-11-01 13:00,54,23,31,0,0,0
2019-11-01 13:15,47,22,25,0,0,0
2019-11-01 13:30,46,21,25,0,0,0
2019-11-01 13:45,71,35,36,0,0,0
2019-11-01 14:00,51,27,24,0,0,0
2019-11-01 14:15,63,31,32,0,0,0
2019-11-01 14:30,69,38,31,0,0,0
2019-11-01 14:45,65,39,26,0,0,0
2019-11-01 15:00,76,37,39,0,0,0
2019-11-01 15:15,72,48,24,0,0,0
2019-11-01 15:30,45,22,23,0,0,0
2019-11-01 15:45,73,40,33,0,0,0
2019-11-01 16:00,57,31,26,0,0,0
2019-11-01 16:15,55,24,31,0,0,0
2019-11-01 16:30,50,23,27,0,0,0
2019-11-01 16:45,73,45,28,0,0,0
2019-11-01 17:00,63,37,26,0,0,0
2019-11-01 17:15,65,36,29,0,0,0
2019-11-01 17:30,78,43,35,0,0,0
2019-11-01 17:45,85,52,33,0,0,0
2019-11-01 18:00,85,36,49,0,0,0
2019-11-01 18:15,59,35,24,0,0,0
2019-11-01 18:30,57,32,25,0,0,0
2019-11-01 18:45,72,45,27,0,0,0
2019-11-01 19:00,80,54,26,0,0,0
2019-11-01 19:15,80,43,37,0,0,0
2019-11-01 19:30,86,40,46,0,0,0
2019-11-01 19:45,108,73,35,0,0,0
2019-11-01 20:00,84,52,32,0,0,0
2019-11-01 20:15,87,54,33,0,0,0
2019-11-01 20:30,82,48,34,0,0,0
2019-11-01 20:45,70,54,16,0,0,0
2019-11-01 21:00,49,24,25,0,0,0
2019-11-01 21:15,57,28,29,0,0,0
2019-11-01 21:30,31,9,22,0,0,0
2019-11-01 21:45,55,21,34,0,0,0
2019-11-01 22:00,48,23,25,0,0,0
2019-11-01 22:15,121,28,93,0,0,0
2019-11-01 22:30,81,14,67,0,0,0
2019-11-01 22:45,40,6,34,0,0,0
2019-11-01 23:00,54,21,33,0,0,0
2019-11-01 23:15,60,14,46,0,0,0
2019-11-01 23:30,53,18,35,0,0,0
2019-11-01 23:45,40,17,23,0,0,0
2019-11-02 00:00,36,13,23,0,0,0
2019-11-02 00:15,43,14,29,0,0,0
2019-11-02 00:30,27,7,20,0,0,0
2019-11-02 00:45,38,10,28,0,0,0
2019-11-02 01:00,28,9,19,0,0,0
2019-11-02 01:15,24,7,17,0,0,0
2019-11-02 01:30,7,2,5,0,0,0
2019-11-02 01:45,13,5,8,0,0,0
2019-11-02 02:00,13,3,10,0,0,0
2019-11-02 02:15,7,2,5,0,0,0
2019-11-02 02:30,14,2,12,0,0,0
2019-11-02 02:45,16,2,14,0,0,0
2019-11-02 03:00,10,1,9,0,0,0
2019-11-02 03:15,5,1,4,0,0,0
2019-11-02 03:30,3,1,2,0,0,0
2019-11-02 03:45,3,1,2,0,0,0
2019-11-02 04:00,9,3,6,0,0,0
2019-11-02 04:15,8,3,5,0,0,0
2019-11-02 04:30,8,5,3,0,0,0
2019-11-02 04:45,12,3,9,0,0,0
2019-11-02 05:00,2,1,1,0,0,0
2019-11-02 05:15,6,5,1,0,0,0
2019-11-02 05:30,11,3,8,0,0,0
2019-11-02 05:45,18,12,6,0,0,0
2019-11-02 06:00,6,4,2,0,0,0
2019-11-02 06:15,8,5,3,0,0,0
2019-11-02 06:30,12,9,3,0,0,0
2019-11-02 06:45,11,4,7,0,0,0
2019-11-02 07:00,6,3,3,0,0,0
2019-11-02 07:15,12,7,5,0,0,0
2019-11-02 07:30,27,20,7,0,0,0
2019-11-02 07:45,33,31,2,0,0,0
2019-11-02 08:00,26,15,11,0,0,0
2019-11-02 08:15,26,18,8,0,0,0
2019-11-02 08:30,42,26,16,0,0,0
2019-11-02 08:45,41,22,19,0,0,0
2019-11-02 09:00,51,34,17,0,0,0
2019-11-02 09:15,65,39,26,0,0,0
2019-11-02 09:30,70,57,13,0,0,0
2019-11-02 09:45,106,80,26,0,0,0
2019-11-02 10:00,125,99,26,0,0,0
2019-11-02 10:15,84,64,20,0,0,0
2019-11-02 10:30,106,81,25,0,0,0
2019-11-02 10:45,150,102,48,0,0,0
2019-11-02 11:00,88,49,39,0,0,0
2019-11-02 11:15,115,74,41,0,0,0
2019-11-02 11:30,121,71,50,0,0,0
2019-11-02 11:45,162,88,74,0,0,0
2019-11-02 12:00,139,81,58,0,0,0
2019-11-02 12:15,145,89,56,0,0,0
2019-11-02 12:30,148,87,61,0,0,0
2019-11-02 12:45,145,81,64,0,0,0
2019-11-02 13:00,95,51,44,0,0,0
2019-11-02 13:15,81,35,46,0,0,0
2019-11-02 13:30,153,88,65,0,0,0
2019-11-02 13:45,161,81,80,0,0,0
2019-11-02 14:00,171,89,82,0,0,0
2019-11-02 14:15,140,72,68,0,0,0
2019-11-02 14:30,160,76,84,0,0,0
2019-11-02 14:45,180,76,104,0,0,0
2019-11-02 15:00,136,73,63,0,0,0
2019-11-02 15:15,148,78,70,0,0,0
2019-11-02 15:30,144,68,76,0,0,0
2019-11-02 15:45,129,74,55,0,0,0
2019-11-02 16:00,178,91,87,0,0,0
2019-11-02 16:15,141,64,77,0,0,0
2019-11-02 16:30,133,68,65,0,0,0
2019-11-02 16:45,144,58,86,0,0,0
2019-11-02 17:00,142,38,104,0,0,0
2019-11-02 17:15,126,52,74,0,0,0
2019-11-02 17:30,173,67,106,0,0,0
2019-11-02 17:45,143,47,96,0,0,0
2019-11-02 18:00,163,66,97,0,0,0
2019-11-02 18:15,154,64,90,0,0,0
2019-11-02 18:30,144,68,76,0,0,0
2019-11-02 18:45,113,59,54,0,0,0
2019-11-02 19:00,115,59,56,0,0,0
2019-11-02 19:15,152,71,81,0,0,0
2019-11-02 19:30,140,58,82,0,0,0
2019-11-02 19:45,129,66,63,0,0,0
2019-11-02 20:00,124,41,83,0,0,0
2019-11-02 20:15,97,37,60,0,0,0
2019-11-02 20:30,94,45,49,0,0,0
2019-11-02 20:45,96,40,56,0,0,0
2019-11-02 21:00,62,28,34,0,0,0
2019-11-02 21:15,77,28,49,0,0,0
2019-11-02 21:30,66,26,40,0,0,0
2019-11-02 21:45,88,35,53,0,0,0
2019-11-02 22:00,73,26,47,0,0,0
2019-11-02 22:15,41,10,31,0,0,0
2019-11-02 22:30,61,26,35,0,0,0
2019-11-02 22:45,58,17,41,0,0,0
2019-11-02 23:00,57,26,31,0,0,0
2019-11-02 23:15,79,30,49,0,0,0
2019-11-02 23:30,67,16,51,0,0,0
2019-11-02 23:45,58,25,33,0,0,0
2019-11-03 00:00,56,17,39,0,0,0
2019-11-03 00:15,80,29,51,0,0,0
2019-11-03 00:30,68,18,50,0,0,0
2019-11-03 00:45,35,12,23,0,0,0
2019-11-03 01:00,53,24,29,0,0,0
2019-11-03 01:15,45,18,27,0,0,0
2019-11-03 01:30,46,18,28,0,0,0
2019-11-03 01:45,28,9,19,0,0,0
2019-11-03 02:00,44,5,39,0,0,0
2019-11-03 02:15,36,6,30,0,0,0
2019-11-03 02:30,46,9,37,0,0,0
2019-11-03 02:45,37,13,24,0,0,0
2019-11-03 03:00,30,7,23,0,0,0
2019-11-03 03:15,27,11,16,0,0,0
2019-11-03 03:30,23,7,16,0,0,0
2019-11-03 03:45,33,8,25,0,0,0
2019-11-03 04:00,27,9,18,0,0,0
2019-11-03 04:15,18,5,13,0,0,0
2019-11-03 04:30,27,9,18,0,0,0
2019-11-03 04:45,28,2,26,0,0,0
2019-11-03 05:00,8,3,5,0,0,0
2019-11-03 05:15,18,2,16,0,0,0
2019-11-03 05:30,23,7,16,0,0,0
2019-11-03 05:45,16,8,8,0,0,0
2019-11-03 06:00,10,6,4,0,0,0
2019-11-03 06:15,11,3,8,0,0,0
2019-11-03 06:30,5,1,4,0,0,0
2019-11-03 06:45,8,3,5,0,0,0
2019-11-03 07:00,4,2,2,0,0,0
2019-11-03 07:15,9,6,3,0,0,0
2019-11-03 07:30,11,8,3,0,0,0
2019-11-03 07:45,17,15,2,0,0,0
2019-11-03 08:00,12,11,1,0,0,0
2019-11-03 08:15,12,7,5,0,0,0
2019-11-03 08:30,23,12,11,0,0,0
2019-11-03 08:45,20,13,7,0,0,0
2019-11-03 09:00,29,12,17,0,0,0
2019-11-03 09:15,31,23,8,0,0,0
2019-11-03 09:30,33,22,11,0,0,0
2019-11-03 09:45,113,95,18,0,0,0
2019-11-03 10:00,68,45,23,0,0,0
2019-11-03 10:15,62,44,18,0,0,0
2019-11-03 10:30,79,48,31,0,0,0
2019-11-03 10:45,97,65,32,0,0,0
2019-11-03 11:00,72,48,24,0,0,0
2019-11-03 11:15,82,67,15,0,0,0
2019-11-03 11:30,73,48,25,0,0,0
2019-11-03 11:45,79,45,34,0,0,0
2019-11-03 12:00,83,50,33,0,0,0
2019-11-03 12:15,100,59,41,0,0,0
2019-11-03 12:30,92,54,38,0,0,0
2019-11-03 12:45,114,60,54,0,0,0
2019-11-03 13:00,86,33,53,0,0,0
2019-11-03 13:15,102,43,59,0,0,0
2019-11-03 13:30,87,42,45,0,0,0
2019-11-03 13:45,112,54,58,0,0,0
2019-11-03 14:00,115,64,51,0,0,0
2019-11-03 14:15,109,61,48,0,0,0
2019-11-03 14:30,115,61,54,0,0,0
2019-11-03 14:45,115,66,49,0,0,0
2019-11-03 15:00,102,58,44,0,0,0
2019-11-03 15:15,123,63,60,0,0,0
2019-11-03 15:30,107,59,48,0,0,0
2019-11-03 15:45,128,63,65,0,0,0
2019-11-03 16:00,126,54,72,0,0,0
2019-11-03 16:15,159,73,86,0,0,0
2019-11-03 16:30,120,57,63,0,0,0
2019-11-03 16:45,130,69,61,0,0,0
2019-11-03 17:00,150,76,74,0,0,0
2019-11-03 17:15,141,64,77,0,0,0
2019-11-03 17:30,134,69,65,0,0,0
2019-11-03 17:45,144,66,78,0,0,0
2019-11-03 18:00,154,56,98,0,0,0
2019-11-03 18:15,130,49,81,0,0,0
2019-11-03 18:30,90,49,41,0,0,0
2019-11-03 18:45,133,70,63,0,0,0
2019-11-03 19:00,130,46,84,0,0,0
2019-11-03 19:15,128,47,81,0,0,0
2019-11-03 19:30,99,36,63,0,0,0
2019-11-03 19:45,117,52,65,0,0,0
2019-11-03 20:00,106,40,66,0,0,0
2019-11-03 20:15,92,35,57,0,0,0
2019-11-03 20:30,80,16,64,0,0,0
2019-11-03 20:45,86,16,70,0,0,0
2019-11-03 21:00,84,25,59,0,0,0
2019-11-03 21:15,52,20,32,0,0,0
2019-11-03 21:30,53,16,37,0,0,0
2019-11-03 21:45,55,19,36,0,0,0
2019-11-03 22:00,58,18,40,0,0,0
2019-11-03 22:15,71,23,48,0,0,0
2019-11-03 22:30,53,14,39,0,0,0
2019-11-03 22:45,69,8,61,0,0,0
2019-11-03 23:00,43,11,32,0,0,0
2019-11-03 23:15,22,4,18,0,0,0
2019-11-03 23:30,20,11,9,0,0,0
2019-11-03 23:45,24,3,21,0,0,0
2019-11-04 00:00,12,2,10,0,0,0
2019-11-04 00:15,24,7,17,0,0,0
2019-11-04 00:30,15,4,11,0,0,0
2019-11-04 00:45,8,1,7,0,0,0
2019-11-04 01:00,15,6,9,0,0,0
2019-11-04 01:15,5,0,5,0,0,0
2019-11-04 01:30,6,4,2,0,0,0
2019-11-04 01:45,6,1,5,0,0,0
2019-11-04 02:00,4,3,1,0,0,0
2019-11-04 02:15,2,1,1,0,0,0
2019-11-04 02:30,4,1,3,0,0,0
2019-11-04 02:45,0,0,0,0,0,0
2019-11-04 03:00,2,0,2,0,0,0
2019-11-04 03:15,5,0,5,0,0,0
2019-11-04 03:30,1,0,1,0,0,0
2019-11-04 03:45,2,2,0,0,0,0
2019-11-04 04:00,1,1,0,0,0,0
2019-11-04 04:15,2,2,0,0,0,0
2019-11-04 04:30,5,3,2,0,0,0
2019-11-04 04:45,6,4,2,0,0,0
2019-11-04 05:00,6,5,1,0,0,0
2019-11-04 05:15,9,5,4,0,0,0
2019-11-04 05:30,14,8,6,0,0,0
2019-11-04 05:45,23,17,6,0,0,0
2019-11-04 06:00,27,20,7,0,0,0
2019-11-04 06:15,49,33,16,0,0,0
2019-11-04 06:30,60,44,16,0,0,0
2019-11-04 06:45,85,54,31,0,0,0
2019-11-04 07:00,95,61,34,0,0,0
2019-11-04 07:15,176,110,66,0,0,0
2019-11-04 07:30,294,212,82,0,0,0
2019-11-04 07:45,401,230,171,0,0,0
2019-11-04 08:00,468,211,257,0,0,0
2019-11-04 08:15,346,182,164,0,0,0
2019-11-04 08:30,188,128,60,0,0,0
2019-11-04 08:45,279,149,130,0,0,0
2019-11-04 09:00,186,112,74,0,0,0
2019-11-04 09:15,186,87,99,0,0,0
2019-11-04 09:30,147,88,59,0,0,0
2019-11-04 09:45,506,265,241,0,0,0
2019-11-04 10:00,637,409,228,0,0,0
2019-11-04 10:15,182,101,81,0,0,0
2019-11-04 10:30,119,62,57,0,0,0
2019-11-04 10:45,122,60,62,0,0,0
2019-11-04 11:00,218,104,114,0,0,0
2019-11-04 11:15,172,87,85,0,0,0
2019-11-04 11:30,190,124,66,0,0,0
2019-11-04 11:45,491,268,223,0,0,0
2019-11-04 12:00,452,221,231,0,0,0
2019-11-04 12:15,268,108,160,0,0,0
2019-11-04 12:30,192,88,104,0,0,0
2019-11-04 12:45,248,109,139,0,0,0
2019-11-04 13:00,227,117,110,0,0,0
2019-11-04 13:15,205,92,113,0,0,0
2019-11-04 13:30,213,118,95,0,0,0
2019-11-04 13:45,502,217,285,0,0,0
2019-11-04 14:00,549,238,311,0,0,0
2019-11-04 14:15,244,101,143,0,0,0
2019-11-04 14:30,208,95,113,0,0,0
2019-11-04 14:45,218,102,116,0,0,0
2019-11-04 15:00,225,85,140,0,0,0
2019-11-04 15:15,231,112,119,0,0,0
2019-11-04 15:30,286,133,153,0,0,0
2019-11-04 15:45,693,373,320,0,0,0
2019-11-04 16:00,572,296,276,0,0,0
2019-11-04 16:15,329,135,194,0,0,0
2019-11-04 16:30,252,122,130,0,0,0
2019-11-04 16:45,302,134,168,0,0,0
2019-11-04 17:00,312,151,161,0,0,0
2019-11-04 17:15,324,145,179,0,0,0
2019-11-04 17:30,358,175,183,0,0,0
2019-11-04 17:45,622,318,304,0,0,0
2019-11-04 18:00,523,252,271,0,0,0
2019-11-04 18:15,363,184,179,0,0,0
2019-11-04 18:30,240,103,137,0,0,0
2019-11-04 18:45,294,129,165,0,0,0
2019-11-04 19:00,217,101,116,0,0,0
2019-11-04 19:15,255,129,126,0,0,0
2019-11-04 19:30,282,123,159,0,0,0
2019-11-04 19:45,318,107,211,0,0,0
2019-11-04 20:00,239,81,158,0,0,0
2019-11-04 20:15,217,101,116,0,0,0
2019-11-04 20:30,142,42,100,0,0,0
2019-11-04 20:45,107,34,73,0,0,0
2019-11-04 21:00,102,50,52,0,0,0
2019-11-04 21:15,132,41,91,0,0,0
2019-11-04 21:30,115,42,73,0,0,0
2019-11-04 21:45,128,37,91,0,0,0
2019-11-04 22:00,140,61,79,0,0,0
2019-11-04 22:15,264,69,195,0,0,0
2019-11-04 22:30,102,35,67,0,0,0
2019-11-04 22:45,79,29,50,0,0,0
2019-11-04 23:00,80,19,61,0,0,0
2019-11-04 23:15,76,33,43,0,0,0
2019-11-04 23:30,43,12,31,0,0,0
2019-11-04 23:45,19,7,12,0,0,0
2019-11-05 00:00,23,10,13,0,0,0
2019-11-05 00:15,25,5,20,0,0,0
2019-11-05 00:30,20,8,12,0,0,0
2019-11-05 00:45,18,1,17,0,0,0
2019-11-05 01:00,12,1,11,0,0,0
2019-11-05 01:15,13,1,12,0,0,0
2019-11-05 01:30,13,2,11,0,0,0
2019-11-05 01:45,6,3,3,0,0,0
2019-11-05 02:00,12,4,8,0,0,0
2019-11-05 02:15,4,2,2,0,0,0
2019-11-05 02:30,4,0,4,0,0,0
2019-11-05 02:45,14,3,11,0,0,0
2019-11-05 03:00,0,0,0,0,0,0
2019-11-05 03:15,2,0,2,0,0,0
2019-11-05 03:30,0,0,0,0,0,0
2019-11-05 03:45,4,2,2,0,0,0
2019-11-05 04:00,1,1,0,0,0,0
2019-11-05 04:15,1,1,0,0,0,0
2019-11-05 04:30,4,4,0,0,0,0
2019-11-05 04:45,13,11,2,0,0,0
2019-11-05 05:00,5,4,1,0,0,0
2019-11-05 05:15,9,3,6,0,0,0
2019-11-05 05:30,18,8,10,0,0,0
2019-11-05 05:45,26,17,9,0,0,0
2019-11-05 06:00,32,24,8,0,0,0
2019-11-05 06:15,44,29,15,0,0,0
2019-11-05 06:30,55,37,18,0,0,0
2019-11-05 06:45,91,64,27,0,0,0
2019-11-05 07:00,113,71,42,0,0,0
2019-11-05 07:15,183,125,58,0,0,0
2019-11-05 07:30,287,208,79,0,0,0
2019-11-05 07:45,502,276,226,0,0,0
2019-11-05 08:00,716,304,412,0,0,0
2019-11-05 08:15,380,237,143,0,0,0
2019-11-05 08:30,259,151,108,0,0,0
2019-11-05 08:45,339,198,141,0,0,0
2019-11-05 09:00,265,141,124,0,0,0
2019-11-05 09:15,171,95,76,0,0,0
2019-11-05 09:30,241,136,105,0,0,0
2019-11-05 09:45,679,303,376,0,0,0
2019-11-05 10:00,671,433,238,0,0,0
2019-11-05 10:15,178,93,85,0,0,0
2019-11-05 10:30,132,58,74,0,0,0
2019-11-05 10:45,144,73,71,0,0,0
2019-11-05 11:00,217,102,115,0,0,0
2019-11-05 11:15,155,95,60,0,0,0
2019-11-05 11:30,208,105,103,0,0,0
2019-11-05 11:45,577,297,280,0,0,0
2019-11-05 12:00,552,288,264,0,0,0
2019-11-05 12:15,281,115,166,0,0,0
2019-11-05 12:30,269,127,142,0,0,0
2019-11-05 12:45,278,135,143,0,0,0
2019-11-05 13:00,224,92,132,0,0,0
2019-11-05 13:15,304,129,175,0,0,0
2019-11-05 13:30,305,157,148,0,0,0
2019-11-05 13:45,528,279,249,0,0,0
2019-11-05 14:00,556,262,294,0,0,0
2019-11-05 14:15,240,107,133,0,0,0
2019-11-05 14:30,212,107,105,0,0,0
2019-11-05 14:45,246,115,131,0,0,0
2019-11-05 15:00,210,100,110,0,0,0
2019-11-05 15:15,208,99,109,0,0,0
2019-11-05 15:30,287,137,150,0,0,0
2019-11-05 15:45,589,318,271,0,0,0
2019-11-05 16:00,532,277,255,0,0,0
2019-11-05 16:15,318,145,173,0,0,0
2019-11-05 16:30,292,128,164,0,0,0
2019-11-05 16:45,333,153,180,0,0,0
2019-11-05 17:00,281,141,140,0,0,0
2019-11-05 17:15,326,146,180,0,0,0
2019-11-05 17:30,340,180,160,0,0,0
2019-11-05 17:45,651,321,330,0,0,0
2019-11-05 18:00,554,249,305,0,0,0
2019-11-05 18:15,316,134,182,0,0,0
2019-11-05 18:30,304,118,186,0,0,0
2019-11-05 18:45,336,148,188,0,0,0
2019-11-05 19:00,279,123,156,0,0,0
2019-11-05 19:15,283,146,137,0,0,0
2019-11-05 19:30,280,136,144,0,0,0
2019-11-05 19:45,371,148,223,0,0,0
2019-11-05 20:00,309,160,149,0,0,0
2019-11-05 20:15,196,72,124,0,0,0
2019-11-05 20:30,149,72,77,0,0,0
2019-11-05 20:45,174,69,105,0,0,0
2019-11-05 21:00,156,72,84,0,0,0
2019-11-05 21:15,130,47,83,0,0,0
2019-11-05 21:30,143,59,84,0,0,0
2019-11-05 21:45,163,49,114,0,0,0
2019-11-05 22:00,145,49,96,0,0,0
2019-11-05 22:15,151,72,79,0,0,0
2019-11-05 22:30,111,37,74,0,0,0
2019-11-05 22:45,113,31,82,0,0,0
2019-11-05 23:00,121,40,81,0,0,0
2019-11-05 23:15,103,36,67,0,0,0
2019-11-05 23:30,66,17,49,0,0,0
2019-11-05 23:45,57,9,48,0,0,0
2019-11-06 00:00,28,11,17,0,0,0
2019-11-06 00:15,53,18,35,0,0,0
2019-11-06 00:30,27,6,21,0,0,0
2019-11-06 00:45,29,12,17,0,0,0
2019-11-06 01:00,26,7,19,0,0,0
2019-11-06 01:15,30,12,18,0,0,0
2019-11-06 01:30,30,6,24,0,0,0
2019-11-06 01:45,16,8,8,0,0,0
2019-11-06 02:00,16,6,10,0,0,0
2019-11-06 02:15,18,7,11,0,0,0
2019-11-06 02:30,17,14,3,0,0,0
2019-11-06 02:45,20,16,4,0,0,0
2019-11-06 03:00,3,2,1,0,0,0
2019-11-06 03:15,6,6,0,0,0,0
2019-11-06 03:30,10,10,0,0,0,0
2019-11-06 03:45,11,11,0,0,0,0
2019-11-06 04:00,2,2,0,0,0,0
2019-11-06 04:15,4,2,2,0,0,0
2019-11-06 04:30,7,7,0,0,0,0
2019-11-06 04:45,11,7,4,0,0,0
2019-11-06 05:00,2,2,0,0,0,0
2019-11-06 05:15,9,5,4,0,0,0
2019-11-06 05:30,17,10,7,0,0,0
2019-11-06 05:45,19,12,7,0,0,0
2019-11-06 06:00,29,24,5,0,0,0
2019-11-06 06:15,42,26,16,0,0,0
2019-11-06 06:30,49,37,12,0,0,0
2019-11-06 06:45,90,55,35,0,0,0
2019-11-06 07:00,80,49,31,0,0,0
2019-11-06 07:15,136,93,43,0,0,0
2019-11-06 07:30,274,197,77,0,0,0
2019-11-06 07:45,429,268,161,0,0,0
2019-11-06 08:00,630,316,314,0,0,0
2019-11-06 08:15,369,206,163,0,0,0
2019-11-06 08:30,214,147,67,0,0,0
2019-11-06 08:45,305,160,145,0,0,0
2019-11-06 09:00,219,117,102,0,0,0
2019-11-06 09:15,190,99,91,0,0,0
2019-11-06 09:30,222,135,87,0,0,0
2019-11-06 09:45,473,247,226,0,0,0
2019-11-06 10:00,590,332,258,0,0,0
2019-11-06 10:15,208,107,101,0,0,0
2019-11-06 10:30,156,93,63,0,0,0
2019-11-06 10:45,187,100,87,0,0,0
2019-11-06 11:00,149,84,65,0,0,0
2019-11-06 11:15,159,99,60,0,0,0
2019-11-06 11:30,241,136,105,0,0,0
2019-11-06 11:45,488,249,239,0,0,0
2019-11-06 12:00,414,231,183,0,0,0
2019-11-06 12:15,241,129,112,0,0,0
2019-11-06 12:30,203,89,114,0,0,0
2019-11-06 12:45,233,121,112,0,0,0
2019-11-06 13:00,263,143,120,0,0,0
2019-11-06 13:15,224,109,115,0,0,0
2019-11-06 13:30,223,145,78,0,0,0
2019-11-06 13:45,443,270,173,0,0,0
2019-11-06 14:00,516,277,239,0,0,0
2019-11-06 14:15,258,105,153,0,0,0
2019-11-06 14:30,208,83,125,0,0,0
2019-11-06 14:45,227,110,117,0,0,0
2019-11-06 15:00,194,85,109,0,0,0
2019-11-06 15:15,218,108,110,0,0,0
2019-11-06 15:30,270,118,152,0,0,0
2019-11-06 15:45,560,228,332,0,0,0
2019-11-06 16:00,495,250,245,0,0,0
2019-11-06 16:15,335,157,178,0,0,0
2019-11-06 16:30,273,119,154,0,0,0
2019-11-06 16:45,317,144,173,0,0,0
2019-11-06 17:00,316,147,169,0,0,0
2019-11-06 17:15,319,147,172,0,0,0
2019-11-06 17:30,333,173,160,0,0,0
2019-11-06 17:45,563,285,278,0,0,0
2019-11-06 18:00,425,202,223,0,0,0
2019-11-06 18:15,319,145,174,0,0,0
2019-11-06 18:30,266,134,132,0,0,0
2019-11-06 18:45,297,137,160,0,0,0
2019-11-06 19:00,254,104,150,0,0,0
2019-11-06 19:15,306,169,137,0,0,0
2019-11-06 19:30,308,141,167,0,0,0
2019-11-06 19:45,365,167,198,0,0,0
2019-11-06 20:00,288,141,147,0,0,0
2019-11-06 20:15,278,148,130,0,0,0
2019-11-06 20:30,221,107,114,0,0,0
2019-11-06 20:45,180,85,95,0,0,0
2019-11-06 21:00,206,108,98,0,0,0
2019-11-06 21:15,164,91,73,0,0,0
2019-11-06 21:30,166,90,76,0,0,0
2019-11-06 21:45,150,75,75,0,0,0
2019-11-06 22:00,169,83,86,0,0,0
2019-11-06 22:15,143,70,73,0,0,0
2019-11-06 22:30,164,88,76,0,0,0
2019-11-06 22:45,121,55,66,0,0,0
2019-11-06 23:00,199,110,89,0,0,0
2019-11-06 23:15,147,83,64,0,0,0
2019-11-06 23:30,48,45,3,0,0,0
2019-11-06 23:45,125,75,50,0,0,0
2019-11-07 00:00,59,23,36,0,0,0
2019-11-07 00:15,68,36,32,0,0,0
2019-11-07 00:30,58,16,42,0,0,0
2019-11-07 00:45,35,10,25,0,0,0
2019-11-07 01:00,51,13,38,0,0,0
2019-11-07 01:15,52,10,42,0,0,0
2019-11-07 01:30,25,6,19,0,0,0
2019-11-07 01:45,40,4,36,0,0,0
2019-11-07 02:00,58,10,48,0,0,0
2019-11-07 02:15,78,2,76,0,0,0
2019-11-07 02:30,51,7,44,0,0,0
2019-11-07 02:45,83,1,82,0,0,0
2019-11-07 03:00,78,5,73,0,0,0
2019-11-07 03:15,99,4,95,0,0,0
2019-11-07 03:30,58,4,54,0,0,0
2019-11-07 03:45,50,3,47,0,0,0
2019-11-07 04:00,77,2,75,0,0,0
2019-11-07 04:15,59,6,53,0,0,0
2019-11-07 04:30,53,6,47,0,0,0
2019-11-07 04:45,29,7,22,0,0,0
2019-11-07 05:00,29,5,24,0,0,0
2019-11-07 05:15,26,7,19,0,0,0
2019-11-07 05:30,29,10,19,0,0,0
2019-11-07 05:45,36,13,23,0,0,0
2019-11-07 06:00,31,23,8,0,0,0
2019-11-07 06:15,49,32,17,0,0,0
2019-11-07 06:30,51,31,20,0,0,0
2019-11-07 06:45,86,56,30,0,0,0
2019-11-07 07:00,90,54,36,0,0,0
2019-11-07 07:15,137,89,48,0,0,0
2019-11-07 07:30,254,188,66,0,0,0
2019-11-07 07:45,426,221,205,0,0,0
2019-11-07 08:00,453,182,271,0,0,0
2019-11-07 08:15,339,179,160,0,0,0
2019-11-07 08:30,212,132,80,0,0,0
2019-11-07 08:45,255,149,106,0,0,0
2019-11-07 09:00,231,116,115,0,0,0
2019-11-07 09:15,178,97,81,0,0,0
2019-11-07 09:30,224,103,121,0,0,0
2019-11-07 09:45,470,285,185,0,0,0
2019-11-07 10:00,592,344,248,0,0,0
2019-11-07 10:15,249,109,140,0,0,0
2019-11-07 10:30,161,90,71,0,0,0
2019-11-07 10:45,189,115,74,0,0,0
2019-11-07 11:00,208,111,97,0,0,0
2019-11-07 11:15,192,98,94,0,0,0
2019-11-07 11:30,222,130,92,0,0,0
2019-11-07 11:45,532,307,225,0,0,0
2019-11-07 12:00,540,263,277,0,0,0
2019-11-07 12:15,293,140,153,0,0,0
2019-11-07 12:30,224,101,123,0,0,0
2019-11-07 12:45,252,143,109,0,0,0
2019-11-07 13:00,258,124,134,0,0,0
2019-11-07 13:15,240,101,139,0,0,0
2019-11-07 13:30,276,150,126,0,0,0
2019-11-07 13:45,526,272,254,0,0,0
2019-11-07 14:00,445,191,254,0,0,0
2019-11-07 14:15,257,127,130,0,0,0
2019-11-07 14:30,175,86,89,0,0,0
2019-11-07 14:45,203,94,109,0,0,0
2019-11-07 15:00,213,99,114,0,0,0
2019-11-07 15:15,201,103,98,0,0,0
2019-11-07 15:30,265,129,136,0,0,0
2019-11-07 15:45,518,274,244,0,0,0
2019-11-07 16:00,484,262,222,0,0,0
2019-11-07 16:15,298,143,155,0,0,0
2019-11-07 16:30,282,134,148,0,0,0
2019-11-07 16:45,310,149,161,0,0,0
2019-11-07 17:00,267,146,121,0,0,0
2019-11-07 17:15,269,129,140,0,0,0
2019-11-07 17:30,304,153,151,0,0,0
2019-11-07 17:45,523,247,276,0,0,0
2019-11-07 18:00,406,182,224,0,0,0
2019-11-07 18:15,281,140,141,0,0,0
2019-11-07 18:30,224,102,122,0,0,0
2019-11-07 18:45,286,146,140,0,0,0
2019-11-07 19:00,247,117,130,0,0,0
2019-11-07 19:15,249,121,128,0,0,0
2019-11-07 19:30,185,99,86,0,0,0
2019-11-07 19:45,336,128,208,0,0,0
2019-11-07 20:00,254,86,168,0,0,0
2019-11-07 20:15,172,67,105,0,0,0
2019-11-07 20:30,155,63,92,0,0,0
2019-11-07 20:45,144,59,85,0,0,0
2019-11-07 21:00,90,43,47,0,0,0
2019-11-07 21:15,96,40,56,0,0,0
2019-11-07 21:30,104,42,62,0,0,0
2019-11-07 21:45,113,33,80,0,0,0
2019-11-07 22:00,93,33,60,0,0,0
2019-11-07 22:15,149,76,73,0,0,0
2019-11-07 22:30,98,32,66,0,0,0
2019-11-07 22:45,103,25,78,0,0,0
2019-11-07 23:00,82,32,50,0,0,0
2019-11-07 23:15,66,18,48,0,0,0
2019-11-07 23:30,71,27,44,0,0,0
2019-11-07 23:45,43,18,25,0,0,0
2019-11-08 00:00,41,22,19,0,0,0
2019-11-08 00:15,46,25,21,0,0,0
2019-11-08 00:30,22,6,16,0,0,0
2019-11-08 00:45,42,12,30,0,0,0
2019-11-08 01:00,30,14,16,0,0,0
2019-11-08 01:15,23,10,13,0,0,0
2019-11-08 01:30,13,3,10,0,0,0
2019-11-08 01:45,14,1,13,0,0,0
2019-11-08 02:00,11,1,10,0,0,0
2019-11-08 02:15,15,6,9,0,0,0
2019-11-08 02:30,6,0,6,0,0,0
2019-11-08 02:45,4,1,3,0,0,0
2019-11-08 03:00,11,1,10,0,0,0
2019-11-08 03:15,4,2,2,0,0,0
2019-11-08 03:30,4,0,4,0,0,0
2019-11-08 03:45,8,4,4,0,0,0
2019-11-08 04:00,12,4,8,0,0,0
2019-11-08 04:15,3,0,3,0,0,0
2019-11-08 04:30,5,5,0,0,0,0
2019-11-08 04:45,13,4,9,0,0,0
2019-11-08 05:00,9,6,3,0,0,0
2019-11-08 05:15,11,6,5,0,0,0
2019-11-08 05:30,21,11,10,0,0,0
2019-11-08 05:45,31,23,8,0,0,0
2019-11-08 06:00,26,16,10,0,0,0
2019-11-08 06:15,44,30,14,0,0,0
2019-11-08 06:30,44,33,11,0,0,0
2019-11-08 06:45,86,57,29,0,0,0
2019-11-08 07:00,90,56,34,0,0,0
2019-11-08 07:15,158,110,48,0,0,0
2019-11-08 07:30,301,213,88,0,0,0
2019-11-08 07:45,401,231,170,0,0,0
2019-11-08 08:00,472,240,232,0,0,0
2019-11-08 08:15,302,148,154,0,0,0
2019-11-08 08:30,181,109,72,0,0,0
2019-11-08 08:45,303,178,125,0,0,0
2019-11-08 09:00,213,135,78,0,0,0
2019-11-08 09:15,158,99,59,0,0,0
2019-11-08 09:30,154,84,70,0,0,0
2019-11-08 09:45,372,180,192,0,0,0
2019-11-08 10:00,523,293,230,0,0,0
2019-11-08 10:15,184,101,83,0,0,0
2019-11-08 10:30,151,89,62,0,0,0
2019-11-08 10:45,157,92,65,0,0,0
2019-11-08 11:00,204,99,105,0,0,0
2019-11-08 11:15,171,78,93,0,0,0
2019-11-08 11:30,199,92,107,0,0,0
2019-11-08 11:45,412,244,168,0,0,0
2019-11-08 12:00,360,185,175,0,0,0
2019-11-08 12:15,275,127,148,0,0,0
2019-11-08 12:30,247,124,123,0,0,0
2019-11-08 12:45,275,143,132,0,0,0
2019-11-08 13:00,267,137,130,0,0,0
2019-11-08 13:15,272,111,161,0,0,0
2019-11-08 13:30,268,165,103,0,0,0
2019-11-08 13:45,376,215,161,0,0,0
2019-11-08 14:00,345,166,179,0,0,0
2019-11-08 14:15,271,144,127,0,0,0
2019-11-08 14:30,266,134,132,0,0,0
2019-11-08 14:45,245,117,128,0,0,0
2019-11-08 15:00,218,109,109,0,0,0
2019-11-08 15:15,250,130,120,0,0,0
2019-11-08 15:30,282,143,139,0,0,0
2019-11-08 15:45,340,203,137,0,0,0
2019-11-08 16:00,320,156,164,0,0,0
2019-11-08 16:15,288,151,137,0,0,0
2019-11-08 16:30,254,107,147,0,0,0
2019-11-08 16:45,261,129,132,0,0,0
2019-11-08 17:00,226,102,124,0,0,0
2019-11-08 17:15,241,112,129,0,0,0
2019-11-08 17:30,273,111,162,0,0,0
2019-11-08 17:45,282,137,145,0,0,0
2019-11-08 18:00,251,105,146,0,0,0
2019-11-08 18:15,218,102,116,0,0,0
2019-11-08 18:30,229,114,115,0,0,0
2019-11-08 18:45,221,111,110,0,0,0
2019-11-08 19:00,204,128,76,0,0,0
2019-11-08 19:15,220,119,101,0,0,0
2019-11-08 19:30,185,85,100,0,0,0
2019-11-08 19:45,171,85,86,0,0,0
2019-11-08 20:00,205,105,100,0,0,0
2019-11-08 20:15,168,81,87,0,0,0
2019-11-08 20:30,139,74,65,0,0,0
2019-11-08 20:45,140,71,69,0,0,0
2019-11-08 21:00,134,52,82,0,0,0
2019-11-08 21:15,128,61,67,0,0,0
2019-11-08 21:30,107,36,71,0,0,0
2019-11-08 21:45,82,39,43,0,0,0
2019-11-08 22:00,131,50,81,0,0,0
2019-11-08 22:15,121,48,73,0,0,0
2019-11-08 22:30,138,45,93,0,0,0
2019-11-08 22:45,79,39,40,0,0,0
2019-11-08 23:00,85,36,49,0,0,0
2019-11-08 23:15,102,30,72,0,0,0
2019-11-08 23:30,109,51,58,0,0,0
2019-11-08 23:45,101,32,69,0,0,0
2019-11-09 00:00,80,18,62,0,0,0
2019-11-09 00:15,100,22,78,0,0,0
2019-11-09 00:30,106,39,67,0,0,0
2019-11-09 00:45,74,26,48,0,0,0
2019-11-09 01:00,90,25,65,0,0,0
2019-11-09 01:15,64,22,42,0,0,0
2019-11-09 01:30,59,14,45,0,0,0
2019-11-09 01:45,55,22,33,0,0,0
2019-11-09 02:00,62,25,37,0,0,0
2019-11-09 02:15,52,9,43,0,0,0
2019-11-09 02:30,46,13,33,0,0,0
2019-11-09 02:45,62,21,41,0,0,0
2019-11-09 03:00,67,14,53,0,0,0
2019-11-09 03:15,67,22,45,0,0,0
2019-11-09 03:30,38,21,17,0,0,0
2019-11-09 03:45,30,13,17,0,0,0
2019-11-09 04:00,25,9,16,0,0,0
2019-11-09 04:15,18,11,7,0,0,0
2019-11-09 04:30,27,12,15,0,0,0
2019-11-09 04:45,23,9,14,0,0,0
2019-11-09 05:00,9,7,2,0,0,0
2019-11-09 05:15,8,6,2,0,0,0
2019-11-09 05:30,16,8,8,0,0,0
2019-11-09 05:45,9,7,2,0,0,0
2019-11-09 06:00,16,13,3,0,0,0
2019-11-09 06:15,19,15,4,0,0,0
2019-11-09 06:30,12,9,3,0,0,0
2019-11-09 06:45,23,12,11,0,0,0
2019-11-09 07:00,25,15,10,0,0,0
2019-11-09 07:15,9,6,3,0,0,0
2019-11-09 07:30,28,18,10,0,0,0
2019-11-09 07:45,42,37,5,0,0,0
2019-11-09 08:00,34,22,12,0,0,0
2019-11-09 08:15,50,28,22,0,0,0
2019-11-09 08:30,62,44,18,0,0,0
2019-11-09 08:45,103,55,48,0,0,0
2019-11-09 09:00,64,43,21,0,0,0
2019-11-09 09:15,74,57,17,0,0,0
2019-11-09 09:30,96,77,19,0,0,0
2019-11-09 09:45,156,124,32,0,0,0
2019-11-09 10:00,118,95,23,0,0,0
2019-11-09 10:15,126,99,27,0,0,0
2019-11-09 10:30,116,88,28,0,0,0
2019-11-09 10:45,133,84,49,0,0,0
2019-11-09 11:00,100,61,39,0,0,0
2019-11-09 11:15,103,66,37,0,0,0
2019-11-09 11:30,105,72,33,0,0,0
2019-11-09 11:45,139,92,47,0,0,0
2019-11-09 12:00,123,79,44,0,0,0
2019-11-09 12:15,119,82,37,0,0,0
2019-11-09 12:30,147,87,60,0,0,0
2019-11-09 12:45,200,124,76,0,0,0
2019-11-09 13:00,151,85,66,0,0,0
2019-11-09 13:15,179,80,99,0,0,0
2019-11-09 13:30,159,78,81,0,0,0
2019-11-09 13:45,167,77,90,0,0,0
2019-11-09 14:00,152,80,72,0,0,0
2019-11-09 14:15,130,68,62,0,0,0
2019-11-09 14:30,156,89,67,0,0,0
2019-11-09 14:45,170,78,92,0,0,0
2019-11-09 15:00,138,68,70,0,0,0
2019-11-09 15:15,158,69,89,0,0,0
2019-11-09 15:30,146,60,86,0,0,0
2019-11-09 15:45,181,91,90,0,0,0
2019-11-09 16:00,141,59,82,0,0,0
2019-11-09 16:15,112,43,69,0,0,0
2019-11-09 16:30,161,69,92,0,0,0
2019-11-09 16:45,147,61,86,0,0,0
2019-11-09 17:00,160,75,85,0,0,0
2019-11-09 17:15,140,60,80,0,0,0
2019-11-09 17:30,138,58,80,0,0,0
2019-11-09 17:45,151,71,80,0,0,0
2019-11-09 18:00,151,53,98,0,0,0
2019-11-09 18:15,163,60,103,0,0,0
2019-11-09 18:30,142,50,92,0,0,0
2019-11-09 18:45,113,48,65,0,0,0
2019-11-09 19:00,153,74,79,0,0,0
2019-11-09 19:15,123,55,68,0,0,0
2019-11-09 19:30,107,41,66,0,0,0
2019-11-09 19:45,143,72,71,0,0,0
2019-11-09 20:00,101,34,67,0,0,0
2019-11-09 20:15,123,64,59,0,0,0
2019-11-09 20:30,117,57,60,0,0,0
2019-11-09 20:45,95,42,53,0,0,0
2019-11-09 21:00,89,51,38,0,0,0
2019-11-09 21:15,92,48,44,0,0,0
2019-11-09 21:30,77,35,42,0,0,0
2019-11-09 21:45,64,36,28,0,0,0
2019-11-09 22:00,68,29,39,0,0,0
2019-11-09 22:15,82,24,58,0,0,0
2019-11-09 22:30,64,26,38,0,0,0
2019-11-09 22:45,55,18,37,0,0,0
2019-11-09 23:00,61,23,38,0,0,0
2019-11-09 23:15,68,27,41,0,0,0
2019-11-09 23:30,77,45,32,0,0,0
2019-11-09 23:45,60,25,35,0,0,0
2019-11-10 00:00,87,31,56,0,0,0
2019-11-10 00:15,52,21,31,0,0,0
2019-11-10 00:30,58,25,33,0,0,0
2019-11-10 00:45,71,22,49,0,0,0
2019-11-10 01:00,74,30,44,0,0,0
2019-11-10 01:15,66,18,48,0,0,0
2019-11-10 01:30,63,22,41,0,0,0
2019-11-10 01:45,62,16,46,0,0,0
2019-11-10 02:00,24,9,15,0,0,0
2019-11-10 02:15,32,11,21,0,0,0
2019-11-10 02:30,37,3,34,0,0,0
2019-11-10 02:45,26,12,14,0,0,0
2019-11-10 03:00,32,10,22,0,0,0
2019-11-10 03:15,47,13,34,0,0,0
2019-11-10 03:30,36,12,24,0,0,0
2019-11-10 03:45,28,16,12,0,0,0
2019-11-10 04:00,17,3,14,0,0,0
2019-11-10 04:15,12,0,12,0,0,0
2019-11-10 04:30,21,3,18,0,0,0
2019-11-10 04:45,16,4,12,0,0,0
2019-11-10 05:00,16,3,13,0,0,0
2019-11-10 05:15,16,2,14,0,0,0
2019-11-10 05:30,10,4,6,0,0,0
2019-11-10 05:45,15,6,9,0,0,0
2019-11-10 06:00,7,2,5,0,0,0
2019-11-10 06:15,8,4,4,0,0,0
2019-11-10 06:30,18,3,15,0,0,0
2019-11-10 06:45,8,4,4,0,0,0
2019-11-10 07:00,11,6,5,0,0,0
2019-11-10 07:15,5,2,3,0,0,0
2019-11-10 07:30,9,6,3,0,0,0
2019-11-10 07:45,16,8,8,0,0,0
2019-11-10 08:00,13,7,6,0,0,0
2019-11-10 08:15,15,10,5,0,0,0
2019-11-10 08:30,24,19,5,0,0,0
2019-11-10 08:45,33,29,4,0,0,0
2019-11-10 09:00,30,22,8,0,0,0
2019-11-10 09:15,40,33,7,0,0,0
2019-11-10 09:30,49,35,14,0,0,0
2019-11-10 09:45,102,90,12,0,0,0
2019-11-10 10:00,84,62,22,0,0,0
2019-11-10 10:15,64,54,10,0,0,0
2019-11-10 10:30,73,51,22,0,0,0
2019-11-10 10:45,131,89,42,0,0,0
2019-11-10 11:00,96,65,31,0,0,0
2019-11-10 11:15,102,62,40,0,0,0
2019-11-10 11:30,88,58,30,0,0,0
2019-11-10 11:45,118,76,42,0,0,0
2019-11-10 12:00,108,53,55,0,0,0
2019-11-10 12:15,110,71,39,0,0,0
2019-11-10 12:30,109,50,59,0,0,0
2019-11-10 12:45,114,64,50,0,0,0
2019-11-10 13:00,144,71,73,0,0,0
2019-11-10 13:15,142,88,54,0,0,0
2019-11-10 13:30,108,56,52,0,0,0
2019-11-10 13:45,144,85,59,0,0,0
2019-11-10 14:00,111,48,63,0,0,0
2019-11-10 14:15,128,71,57,0,0,0
2019-11-10 14:30,112,60,52,0,0,0
2019-11-10 14:45,170,94,76,0,0,0
2019-11-10 15:00,127,68,59,0,0,0
2019-11-10 15:15,141,66,75,0,0,0
2019-11-10 15:30,141,76,65,0,0,0
2019-11-10 15:45,160,77,83,0,0,0
2019-11-10 16:00,128,60,68,0,0,0
2019-11-10 16:15,143,66,77,0,0,0
2019-11-10 16:30,164,75,89,0,0,0
2019-11-10 16:45,149,65,84,0,0,0
2019-11-10 17:00,137,40,97,0,0,0
2019-11-10 17:15,127,38,89,0,0,0
2019-11-10 17:30,119,39,80,0,0,0
2019-11-10 17:45,150,61,89,0,0,0
2019-11-10 18:00,114,54,60,0,0,0
2019-11-10 18:15,116,58,58,0,0,0
2019-11-10 18:30,104,52,52,0,0,0
2019-11-10 18:45,151,91,60,0,0,0
2019-11-10 19:00,94,48,46,0,0,0
2019-11-10 19:15,96,52,44,0,0,0
2019-11-10 19:30,82,34,48,0,0,0
2019-11-10 19:45,95,39,56,0,0,0
2019-11-10 20:00,94,33,61,0,0,0
2019-11-10 20:15,80,31,49,0,0,0
2019-11-10 20:30,45,16,29,0,0,0
2019-11-10 20:45,60,17,43,0,0,0
2019-11-10 21:00,61,27,34,0,0,0
2019-11-10 21:15,50,16,34,0,0,0
2019-11-10 21:30,55,27,28,0,0,0
2019-11-10 21:45,65,22,43,0,0,0
2019-11-10 22:00,48,14,34,0,0,0
2019-11-10 22:15,71,27,44,0,0,0
2019-11-10 22:30,46,21,25,0,0,0
2019-11-10 22:45,50,10,40,0,0,0
2019-11-10 23:00,25,18,7,0,0,0
2019-11-10 23:15,29,7,22,0,0,0
2019-11-10 23:30,29,9,20,0,0,0
2019-11-10 23:45,22,7,15,0,0,0
2019-11-11 00:00,19,4,15,0,0,0
2019-11-11 00:15,16,5,11,0,0,0
2019-11-11 00:30,4,1,3,0,0,0
2019-11-11 00:45,9,2,7,0,0,0
2019-11-11 01:00,6,3,3,0,0,0
2019-11-11 01:15,8,2,6,0,0,0
2019-11-11 01:30,3,3,0,0,0,0
2019-11-11 01:45,6,5,1,0,0,0
2019-11-11 02:00,7,1,6,0,0,0
2019-11-11 02:15,3,2,1,0,0,0
2019-11-11 02:30,2,0,2,0,0,0
2019-11-11 02:45,1,1,0,0,0,0
2019-11-11 03:00,1,1,0,0,0,0
2019-11-11 03:15,1,0,1,0,0,0
2019-11-11 03:30,2,1,1,0,0,0
2019-11-11 03:45,1,1,0,0,0,0
2019-11-11 04:00,0,0,0,0,0,0
2019-11-11 04:15,1,1,0,0,0,0
2019-11-11 04:30,6,4,2,0,0,0
2019-11-11 04:45,10,5,5,0,0,0
2019-11-11 05:00,6,4,2,0,0,0
2019-11-11 05:15,11,5,6,0,0,0
2019-11-11 05:30,15,9,6,0,0,0
2019-11-11 05:45,35,22,13,0,0,0
2019-11-11 06:00,37,28,9,0,0,0
2019-11-11 06:15,44,30,14,0,0,0
2019-11-11 06:30,52,38,14,0,0,0
2019-11-11 06:45,94,65,29,0,0,0
2019-11-11 07:00,101,63,38,0,0,0
2019-11-11 07:15,156,111,45,0,0,0
2019-11-11 07:30,279,204,75,0,0,0
2019-11-11 07:45,373,232,141,0,0,0
2019-11-11 08:00,501,236,265,0,0,0
2019-11-11 08:15,362,200,162,0,0,0
2019-11-11 08:30,200,133,67,0,0,0
2019-11-11 08:45,296,171,125,0,0,0
2019-11-11 09:00,218,121,97,0,0,0
2019-11-11 09:15,170,105,65,0,0,0
2019-11-11 09:30,193,116,77,0,0,0
2019-11-11 09:45,426,248,178,0,0,0
2019-11-11 10:00,643,413,230,0,0,0
2019-11-11 10:15,158,86,72,0,0,0
2019-11-11 10:30,133,60,73,0,0,0
2019-11-11 10:45,125,59,66,0,0,0
2019-11-11 11:00,203,95,108,0,0,0
2019-11-11 11:15,126,75,51,0,0,0
2019-11-11 11:30,169,95,74,0,0,0
2019-11-11 11:45,518,286,232,0,0,0
2019-11-11 12:00,450,228,222,0,0,0
2019-11-11 12:15,208,105,103,0,0,0
2019-11-11 12:30,191,96,95,0,0,0
2019-11-11 12:45,210,117,93,0,0,0
2019-11-11 13:00,249,132,117,0,0,0
2019-11-11 13:15,201,97,104,0,0,0
2019-11-11 13:30,203,109,94,0,0,0
2019-11-11 13:45,542,269,273,0,0,0
2019-11-11 14:00,498,238,260,0,0,0
2019-11-11 14:15,224,112,112,0,0,0
2019-11-11 14:30,187,98,89,0,0,0
2019-11-11 14:45,208,95,113,0,0,0
2019-11-11 15:00,219,102,117,0,0,0
2019-11-11 15:15,249,127,122,0,0,0
2019-11-11 15:30,233,109,124,0,0,0
2019-11-11 15:45,635,360,275,0,0,0
2019-11-11 16:00,593,328,265,0,0,0
2019-11-11 16:15,337,172,165,0,0,0
2019-11-11 16:30,250,123,127,0,0,0
2019-11-11 16:45,321,161,160,0,0,0
2019-11-11 17:00,265,134,131,0,0,0
2019-11-11 17:15,327,158,169,0,0,0
2019-11-11 17:30,348,201,147,0,0,0
2019-11-11 17:45,677,340,337,0,0,0
2019-11-11 18:00,473,249,224,0,0,0
2019-11-11 18:15,318,168,150,0,0,0
2019-11-11 18:30,215,106,109,0,0,0
2019-11-11 18:45,254,122,132,0,0,0
2019-11-11 19:00,220,109,111,0,0,0
2019-11-11 19:15,234,127,107,0,0,0
2019-11-11 19:30,260,104,156,0,0,0
2019-11-11 19:45,324,127,197,0,0,0
2019-11-11 20:00,228,74,154,0,0,0
2019-11-11 20:15,180,75,105,0,0,0
2019-11-11 20:30,142,60,82,0,0,0
2019-11-11 20:45,149,69,80,0,0,0
2019-11-11 21:00,100,46,54,0,0,0
2019-11-11 21:15,167,36,131,0,0,0
2019-11-11 21:30,117,35,82,0,0,0
2019-11-11 21:45,98,25,73,0,0,0
2019-11-11 22:00,135,61,74,0,0,0
2019-11-11 22:15,107,51,56,0,0,0
2019-11-11 22:30,88,25,63,0,0,0
2019-11-11 22:45,57,20,37,0,0,0
2019-11-11 23:00,63,12,51,0,0,0
2019-11-11 23:15,57,30,27,0,0,0
2019-11-11 23:30,36,13,23,0,0,0
2019-11-11 23:45,30,4,26,0,0,0
2019-11-12 00:00,28,4,24,0,0,0
2019-11-12 00:15,31,11,20,0,0,0
2019-11-12 00:30,28,13,15,0,0,0
2019-11-12 00:45,18,3,15,0,0,0
2019-11-12 01:00,10,1,9,0,0,0
2019-11-12 01:15,12,6,6,0,0,0
2019-11-12 01:30,8,2,6,0,0,0
2019-11-12 01:45,6,1,5,0,0,0
2019-11-12 02:00,12,3,9,0,0,0
2019-11-12 02:15,5,0,5,0,0,0
2019-11-12 02:30,8,0,8,0,0,0
2019-11-12 02:45,2,1,1,0,0,0
2019-11-12 03:00,3,1,2,0,0,0
2019-11-12 03:15,2,2,0,0,0,0
2019-11-12 03:30,1,1,0,0,0,0
2019-11-12 03:45,3,0,3,0,0,0
2019-11-12 04:00,2,2,0,0,0,0
2019-11-12 04:15,3,1,2,0,0,0
2019-11-12 04:30,1,1,0,0,0,0
2019-11-12 04:45,8,5,3,0,0,0
2019-11-12 05:00,8,4,4,0,0,0
2019-11-12 05:15,8,4,4,0,0,0
2019-11-12 05:30,23,16,7,0,0,0
2019-11-12 05:45,24,12,12,0,0,0
2019-11-12 06:00,35,28,7,0,0,0
2019-11-12 06:15,51,37,14,0,0,0
2019-11-12 06:30,58,40,18,0,0,0
2019-11-12 06:45,87,66,21,0,0,0
2019-11-12 07:00,100,62,38,0,0,0
2019-11-12 07:15,179,131,48,0,0,0
2019-11-12 07:30,281,206,75,0,0,0
2019-11-12 07:45,451,239,212,0,0,0
2019-11-12 08:00,673,354,319,0,0,0
2019-11-12 08:15,403,246,157,0,0,0
2019-11-12 08:30,237,152,85,0,0,0
2019-11-12 08:45,317,193,124,0,0,0
2019-11-12 09:00,279,177,102,0,0,0
2019-11-12 09:15,180,106,74,0,0,0
2019-11-12 09:30,184,103,81,0,0,0
2019-11-12 09:45,641,323,318,0,0,0
2019-11-12 10:00,582,374,208,0,0,0
2019-11-12 10:15,169,94,75,0,0,0
2019-11-12 10:30,149,80,69,0,0,0
2019-11-12 10:45,140,67,73,0,0,0
2019-11-12 11:00,224,125,99,0,0,0
2019-11-12 11:15,169,90,79,0,0,0
2019-11-12 11:30,175,99,76,0,0,0
2019-11-12 11:45,562,317,245,0,0,0
2019-11-12 12:00,489,264,225,0,0,0
2019-11-12 12:15,208,108,100,0,0,0
2019-11-12 12:30,226,90,136,0,0,0
2019-11-12 12:45,240,121,119,0,0,0
2019-11-12 13:00,210,106,104,0,0,0
2019-11-12 13:15,258,98,160,0,0,0
2019-11-12 13:30,188,80,108,0,0,0
2019-11-12 13:45,523,290,233,0,0,0
2019-11-12 14:00,521,277,244,0,0,0
2019-11-12 14:15,234,119,115,0,0,0
2019-11-12 14:30,200,105,95,0,0,0
2019-11-12 14:45,224,117,107,0,0,0
2019-11-12 15:00,230,110,120,0,0,0
2019-11-12 15:15,202,99,103,0,0,0
2019-11-12 15:30,270,149,121,0,0,0
2019-11-12 15:45,558,321,237,0,0,0
2019-11-12 16:00,540,298,242,0,0,0
2019-11-12 16:15,336,181,155,0,0,0
2019-11-12 16:30,279,156,123,0,0,0
2019-11-12 16:45,369,190,179,0,0,0
2019-11-12 17:00,296,167,129,0,0,0
2019-11-12 17:15,274,146,128,0,0,0
2019-11-12 17:30,339,201,138,0,0,0
2019-11-12 17:45,595,332,263,0,0,0
2019-11-12 18:00,538,232,306,0,0,0
2019-11-12 18:15,378,179,199,0,0,0
2019-11-12 18:30,260,128,132,0,0,0
2019-11-12 18:45,341,146,195,0,0,0
2019-11-12 19:00,287,143,144,0,0,0
2019-11-12 19:15,253,131,122,0,0,0
2019-11-12 19:30,227,110,117,0,0,0
2019-11-12 19:45,319,117,202,0,0,0
2019-11-12 20:00,233,107,126,0,0,0
2019-11-12 20:15,195,95,100,0,0,0
2019-11-12 20:30,107,43,64,0,0,0
2019-11-12 20:45,138,59,79,0,0,0
2019-11-12 21:00,124,55,69,0,0,0
2019-11-12 21:15,158,61,97,0,0,0
2019-11-12 21:30,117,39,78,0,0,0
2019-11-12 21:45,137,60,77,0,0,0
2019-11-12 22:00,117,49,68,0,0,0
2019-11-12 22:15,166,66,100,0,0,0
2019-11-12 22:30,101,47,54,0,0,0
2019-11-12 22:45,114,46,68,0,0,0
2019-11-12 23:00,96,38,58,0,0,0
2019-11-12 23:15,83,37,46,0,0,0
2019-11-12 23:30,52,14,38,0,0,0
2019-11-12 23:45,72,25,47,0,0,0
2019-11-13 00:00,41,12,29,0,0,0
2019-11-13 00:15,39,9,30,0,0,0
2019-11-13 00:30,23,7,16,0,0,0
2019-11-13 00:45,24,11,13,0,0,0
2019-11-13 01:00,12,5,7,0,0,0
2019-11-13 01:15,13,5,8,0,0,0
2019-11-13 01:30,12,4,8,0,0,0
2019-11-13 01:45,25,10,15,0,0,0
2019-11-13 02:00,13,2,11,0,0,0
2019-11-13 02:15,3,2,1,0,0,0
2019-11-13 02:30,10,3,7,0,0,0
2019-11-13 02:45,2,1,1,0,0,0
2019-11-13 03:00,2,1,1,0,0,0
2019-11-13 03:15,2,1,1,0,0,0
2019-11-13 03:30,2,0,2,0,0,0
2019-11-13 03:45,0,0,0,0,0,0
2019-11-13 04:00,4,2,2,0,0,0
2019-11-13 04:15,2,2,0,0,0,0
2019-11-13 04:30,1,1,0,0,0,0
2019-11-13 04:45,8,5,3,0,0,0
2019-11-13 05:00,6,4,2,0,0,0
2019-11-13 05:15,10,6,4,0,0,0
2019-11-13 05:30,14,10,4,0,0,0
2019-11-13 05:45,30,24,6,0,0,0
2019-11-13 06:00,31,20,11,0,0,0
2019-11-13 06:15,46,32,14,0,0,0
2019-11-13 06:30,47,30,17,0,0,0
2019-11-13 06:45,106,77,29,0,0,0
2019-11-13 07:00,88,59,29,0,0,0
2019-11-13 07:15,172,103,69,0,0,0
2019-11-13 07:30,275,202,73,0,0,0
2019-11-13 07:45,510,313,197,0,0,0
2019-11-13 08:00,659,313,346,0,0,0
2019-11-13 08:15,420,242,178,0,0,0
2019-11-13 08:30,228,135,93,0,0,0
2019-11-13 08:45,281,176,105,0,0,0
2019-11-13 09:00,226,131,95,0,0,0
2019-11-13 09:15,183,98,85,0,0,0
2019-11-13 09:30,219,139,80,0,0,0
2019-11-13 09:45,483,283,200,0,0,0
2019-11-13 10:00,627,325,302,0,0,0
2019-11-13 10:15,219,124,95,0,0,0
2019-11-13 10:30,162,88,74,0,0,0
2019-11-13 10:45,165,99,66,0,0,0
2019-11-13 11:00,165,92,73,0,0,0
2019-11-13 11:15,182,116,66,0,0,0
2019-11-13 11:30,258,148,110,0,0,0
2019-11-13 11:45,546,328,218,0,0,0
2019-11-13 12:00,468,264,204,0,0,0
2019-11-13 12:15,251,127,124,0,0,0
2019-11-13 12:30,183,113,70,0,0,0
2019-11-13 12:45,299,169,130,0,0,0
2019-11-13 13:00,265,149,116,0,0,0
2019-11-13 13:15,228,115,113,0,0,0
2019-11-13 13:30,212,118,94,0,0,0
2019-11-13 13:45,514,299,215,0,0,0
2019-11-13 14:00,499,280,219,0,0,0
2019-11-13 14:15,303,142,161,0,0,0
2019-11-13 14:30,227,107,120,0,0,0
2019-11-13 14:45,215,111,104,0,0,0
2019-11-13 15:00,221,88,133,0,0,0
2019-11-13 15:15,226,114,112,0,0,0
2019-11-13 15:30,264,131,133,0,0,0
2019-11-13 15:45,598,303,295,0,0,0
2019-11-13 16:00,494,251,243,0,0,0
2019-11-13 16:15,275,120,155,0,0,0
2019-11-13 16:30,268,128,140,0,0,0
2019-11-13 16:45,284,140,144,0,0,0
2019-11-13 17:00,307,161,146,0,0,0
2019-11-13 17:15,354,177,177,0,0,0
2019-11-13 17:30,338,155,183,0,0,0
2019-11-13 17:45,564,273,291,0,0,0
2019-11-13 18:00,451,202,249,0,0,0
2019-11-13 18:15,304,140,164,0,0,0
2019-11-13 18:30,285,122,163,0,0,0
2019-11-13 18:45,334,161,173,0,0,0
2019-11-13 19:00,258,126,132,0,0,0
2019-11-13 19:15,270,138,132,0,0,0
2019-11-13 19:30,265,132,133,0,0,0
2019-11-13 19:45,296,139,157,0,0,0
2019-11-13 20:00,251,120,131,0,0,0
2019-11-13 20:15,204,85,119,0,0,0
2019-11-13 20:30,171,74,97,0,0,0
2019-11-13 20:45,121,55,66,0,0,0
2019-11-13 21:00,133,59,74,0,0,0
2019-11-13 21:15,151,58,93,0,0,0
2019-11-13 21:30,90,34,56,0,0,0
2019-11-13 21:45,112,57,55,0,0,0
2019-11-13 22:00,149,57,92,0,0,0
2019-11-13 22:15,148,77,71,0,0,0
2019-11-13 22:30,113,48,65,0,0,0
2019-11-13 22:45,122,38,84,0,0,0
2019-11-13 23:00,83,32,51,0,0,0
2019-11-13 23:15,81,36,45,0,0,0
2019-11-13 23:30,62,26,36,0,0,0
2019-11-13 23:45,46,18,28,0,0,0
2019-11-14 00:00,81,35,46,0,0,0
2019-11-14 00:15,41,13,28,0,0,0
2019-11-14 00:30,62,28,34,0,0,0
2019-11-14 00:45,40,18,22,0,0,0
2019-11-14 01:00,26,6,20,0,0,0
2019-11-14 01:15,38,15,23,0,0,0
2019-11-14 01:30,41,11,30,0,0,0
2019-11-14 01:45,23,7,16,0,0,0
2019-11-14 02:00,24,6,18,0,0,0
2019-11-14 02:15,18,2,16,0,0,0
2019-11-14 02:30,13,3,10,0,0,0
2019-11-14 02:45,28,6,22,0,0,0
2019-11-14 03:00,17,8,9,0,0,0
2019-11-14 03:15,14,0,14,0,0,0
2019-11-14 03:30,13,3,10,0,0,0
2019-11-14 03:45,12,3,9,0,0,0
2019-11-14 04:00,10,2,8,0,0,0
2019-11-14 04:15,8,5,3,0,0,0
2019-11-14 04:30,11,6,5,0,0,0
2019-11-14 04:45,12,5,7,0,0,0
2019-11-14 05:00,10,5,5,0,0,0
2019-11-14 05:15,11,8,3,0,0,0
2019-11-14 05:30,22,14,8,0,0,0
2019-11-14 05:45,23,16,7,0,0,0
2019-11-14 06:00,34,26,8,0,0,0
2019-11-14 06:15,49,35,14,0,0,0
2019-11-14 06:30,43,29,14,0,0,0
2019-11-14 06:45,91,63,28,0,0,0
2019-11-14 07:00,92,56,36,0,0,0
2019-11-14 07:15,165,115,50,0,0,0
2019-11-14 07:30,273,205,68,0,0,0
2019-11-14 07:45,445,262,183,0,0,0
2019-11-14 08:00,551,263,288,0,0,0
2019-11-14 08:15,427,218,209,0,0,0
2019-11-14 08:30,221,139,82,0,0,0
2019-11-14 08:45,282,147,135,0,0,0
2019-11-14 09:00,207,124,83,0,0,0
2019-11-14 09:15,186,103,83,0,0,0
2019-11-14 09:30,247,140,107,0,0,0
2019-11-14 09:45,526,269,257,0,0,0
2019-11-14 10:00,704,426,278,0,0,0
2019-11-14 10:15,186,98,88,0,0,0
2019-11-14 10:30,173,90,83,0,0,0
2019-11-14 10:45,153,98,55,0,0,0
2019-11-14 11:00,222,120,102,0,0,0
2019-11-14 11:15,191,112,79,0,0,0
2019-11-14 11:30,211,135,76,0,0,0
2019-11-14 11:45,528,293,235,0,0,0
2019-11-14 12:00,533,269,264,0,0,0
2019-11-14 12:15,251,142,109,0,0,0
2019-11-14 12:30,192,107,85,0,0,0
2019-11-14 12:45,236,125,111,0,0,0
2019-11-14 13:00,208,123,85,0,0,0
2019-11-14 13:15,234,106,128,0,0,0
2019-11-14 13:30,235,122,113,0,0,0
2019-11-14 13:45,596,308,288,0,0,0
2019-11-14 14:00,547,270,277,0,0,0
2019-11-14 14:15,265,154,111,0,0,0
2019-11-14 14:30,234,125,109,0,0,0
2019-11-14 14:45,212,105,107,0,0,0
2019-11-14 15:00,215,93,122,0,0,0
2019-11-14 15:15,252,125,127,0,0,0
2019-11-14 15:30,286,139,147,0,0,0
2019-11-14 15:45,563,312,251,0,0,0
2019-11-14 16:00,514,299,215,0,0,0
2019-11-14 16:15,319,158,161,0,0,0
2019-11-14 16:30,283,137,146,0,0,0
2019-11-14 16:45,308,152,156,0,0,0
2019-11-14 17:00,304,150,154,0,0,0
2019-11-14 17:15,315,173,142,0,0,0
2019-11-14 17:30,380,206,174,0,0,0
2019-11-14 17:45,548,283,265,0,0,0
2019-11-14 18:00,458,231,227,0,0,0
2019-11-14 18:15,343,176,167,0,0,0
2019-11-14 18:30,279,145,134,0,0,0
2019-11-14 18:45,295,160,135,0,0,0
2019-11-14 19:00,258,125,133,0,0,0
2019-11-14 19:15,278,140,138,0,0,0
2019-11-14 19:30,236,110,126,0,0,0
2019-11-14 19:45,355,145,210,0,0,0
2019-11-14 20:00,255,91,164,0,0,0
2019-11-14 20:15,185,85,100,0,0,0
2019-11-14 20:30,131,58,73,0,0,0
2019-11-14 20:45,139,58,81,0,0,0
2019-11-14 21:00,104,42,62,0,0,0
2019-11-14 21:15,129,45,84,0,0,0
2019-11-14 21:30,103,46,57,0,0,0
2019-11-14 21:45,112,38,74,0,0,0
2019-11-14 22:00,150,51,99,0,0,0
2019-11-14 22:15,156,58,98,0,0,0
2019-11-14 22:30,121,42,79,0,0,0
2019-11-14 22:45,108,37,71,0,0,0
2019-11-14 23:00,92,39,53,0,0,0
2019-11-14 23:15,59,25,34,0,0,0
2019-11-14 23:30,75,17,58,0,0,0
2019-11-14 23:45,54,16,38,0,0,0
2019-11-15 00:00,51,13,38,0,0,0
2019-11-15 00:15,55,21,34,0,0,0
2019-11-15 00:30,33,10,23,0,0,0
2019-11-15 00:45,39,19,20,0,0,0
2019-11-15 01:00,26,15,11,0,0,0
2019-11-15 01:15,24,8,16,0,0,0
2019-11-15 01:30,26,6,20,0,0,0
2019-11-15 01:45,12,1,11,0,0,0
2019-11-15 02:00,11,5,6,0,0,0
2019-11-15 02:15,10,3,7,0,0,0
2019-11-15 02:30,10,2,8,0,0,0
2019-11-15 02:45,14,3,11,0,0,0
2019-11-15 03:00,6,1,5,0,0,0
2019-11-15 03:15,11,2,9,0,0,0
2019-11-15 03:30,4,1,3,0,0,0
2019-11-15 03:45,7,0,7,0,0,0
2019-11-15 04:00,7,1,6,0,0,0
2019-11-15 04:15,0,0,0,0,0,0
2019-11-15 04:30,13,8,5,0,0,0
2019-11-15 04:45,9,4,5,0,0,0
2019-11-15 05:00,5,5,0,0,0,0
2019-11-15 05:15,12,6,6,0,0,0
2019-11-15 05:30,12,7,5,0,0,0
2019-11-15 05:45,24,16,8,0,0,0
2019-11-15 06:00,30,20,10,0,0,0
2019-11-15 06:15,42,25,17,0,0,0
2019-11-15 06:30,41,32,9,0,0,0
2019-11-15 06:45,88,56,32,0,0,0
2019-11-15 07:00,87,51,36,0,0,0
2019-11-15 07:15,133,95,38,0,0,0
2019-11-15 07:30,277,208,69,0,0,0
2019-11-15 07:45,380,218,162,0,0,0
2019-11-15 08:00,462,222,240,0,0,0
2019-11-15 08:15,296,157,139,0,0,0
2019-11-15 08:30,185,122,63,0,0,0
2019-11-15 08:45,294,167,127,0,0,0
2019-11-15 09:00,193,110,83,0,0,0
2019-11-15 09:15,158,87,71,0,0,0
2019-11-15 09:30,160,92,68,0,0,0
2019-11-15 09:45,371,203,168,0,0,0
2019-11-15 10:00,508,310,198,0,0,0
2019-11-15 10:15,174,93,81,0,0,0
2019-11-15 10:30,144,74,70,0,0,0
2019-11-15 10:45,151,86,65,0,0,0
2019-11-15 11:00,161,86,75,0,0,0
2019-11-15 11:15,151,84,67,0,0,0
2019-11-15 11:30,182,95,87,0,0,0
2019-11-15 11:45,380,205,175,0,0,0
2019-11-15 12:00,374,203,171,0,0,0
2019-11-15 12:15,238,134,104,0,0,0
2019-11-15 12:30,207,106,101,0,0,0
2019-11-15 12:45,278,155,123,0,0,0
2019-11-15 13:00,248,130,118,0,0,0
2019-11-15 13:15,288,120,168,0,0,0
2019-11-15 13:30,312,175,137,0,0,0
2019-11-15 13:45,373,228,145,0,0,0
2019-11-15 14:00,329,169,160,0,0,0
2019-11-15 14:15,244,114,130,0,0,0
2019-11-15 14:30,223,132,91,0,0,0
2019-11-15 14:45,239,111,128,0,0,0
2019-11-15 15:00,224,120,104,0,0,0
2019-11-15 15:15,251,126,125,0,0,0
2019-11-15 15:30,240,125,115,0,0,0
2019-11-15 15:45,384,210,174,0,0,0
2019-11-15 16:00,291,166,125,0,0,0
2019-11-15 16:15,226,120,106,0,0,0
2019-11-15 16:30,219,107,112,0,0,0
2019-11-15 16:45,207,110,97,0,0,0
2019-11-15 17:00,200,115,85,0,0,0
2019-11-15 17:15,207,109,98,0,0,0
2019-11-15 17:30,226,117,109,0,0,0
2019-11-15 17:45,238,103,135,0,0,0
2019-11-15 18:00,199,94,105,0,0,0
2019-11-15 18:15,232,121,111,0,0,0
2019-11-15 18:30,215,95,120,0,0,0
2019-11-15 18:45,234,124,110,0,0,0
2019-11-15 19:00,163,63,100,0,0,0
2019-11-15 19:15,191,85,106,0,0,0
2019-11-15 19:30,172,93,79,0,0,0
2019-11-15 19:45,162,85,77,0,0,0
2019-11-15 20:00,164,77,87,0,0,0
2019-11-15 20:15,156,64,92,0,0,0
2019-11-15 20:30,120,59,61,0,0,0
2019-11-15 20:45,148,74,74,0,0,0
2019-11-15 21:00,169,96,73,0,0,0
2019-11-15 21:15,108,50,58,0,0,0
2019-11-15 21:30,95,44,51,0,0,0
2019-11-15 21:45,87,31,56,0,0,0
2019-11-15 22:00,105,35,70,0,0,0
2019-11-15 22:15,108,42,66,0,0,0
2019-11-15 22:30,82,29,53,0,0,0
2019-11-15 22:45,109,64,45,0,0,0
2019-11-15 23:00,82,26,56,0,0,0
2019-11-15 23:15,81,37,44,0,0,0
2019-11-15 23:30,82,45,37,0,0,0
2019-11-15 23:45,96,59,37,0,0,0
2019-11-16 00:00,76,29,47,0,0,0
2019-11-16 00:15,79,30,49,0,0,0
2019-11-16 00:30,66,27,39,0,0,0
2019-11-16 00:45,88,31,57,0,0,0
2019-11-16 01:00,73,23,50,0,0,0
2019-11-16 01:15,68,19,49,0,0,0
2019-11-16 01:30,77,45,32,0,0,0
2019-11-16 01:45,57,24,33,0,0,0
2019-11-16 02:00,43,12,31,0,0,0
2019-11-16 02:15,44,15,29,0,0,0
2019-11-16 02:30,72,34,38,0,0,0
2019-11-16 02:45,40,12,28,0,0,0
2019-11-16 03:00,55,23,32,0,0,0
2019-11-16 03:15,40,9,31,0,0,0
2019-11-16 03:30,55,23,32,0,0,0
2019-11-16 03:45,41,12,29,0,0,0
2019-11-16 04:00,27,10,17,0,0,0
2019-11-16 04:15,25,8,17,0,0,0
2019-11-16 04:30,15,7,8,0,0,0
2019-11-16 04:45,31,9,22,0,0,0
2019-11-16 05:00,19,6,13,0,0,0
2019-11-16 05:15,17,8,9,0,0,0
2019-11-16 05:30,16,7,9,0,0,0
2019-11-16 05:45,16,12,4,0,0,0
2019-11-16 06:00,11,7,4,0,0,0
2019-11-16 06:15,18,10,8,0,0,0
2019-11-16 06:30,12,8,4,0,0,0
2019-11-16 06:45,15,10,5,0,0,0
2019-11-16 07:00,8,5,3,0,0,0
2019-11-16 07:15,14,9,5,0,0,0
2019-11-16 07:30,31,20,11,0,0,0
2019-11-16 07:45,51,40,11,0,0,0
2019-11-16 08:00,37,27,10,0,0,0
2019-11-16 08:15,44,29,15,0,0,0
2019-11-16 08:30,75,38,37,0,0,0
2019-11-16 08:45,122,71,51,0,0,0
2019-11-16 09:00,82,51,31,0,0,0
2019-11-16 09:15,81,59,22,0,0,0
2019-11-16 09:30,121,63,58,0,0,0
2019-11-16 09:45,151,116,35,0,0,0
2019-11-16 10:00,122,92,30,0,0,0
2019-11-16 10:15,109,83,26,0,0,0
2019-11-16 10:30,129,96,33,0,0,0
2019-11-16 10:45,150,116,34,0,0,0
2019-11-16 11:00,106,75,31,0,0,0
2019-11-16 11:15,116,80,36,0,0,0
2019-11-16 11:30,97,64,33,0,0,0
2019-11-16 11:45,144,112,32,0,0,0
2019-11-16 12:00,151,88,63,0,0,0
2019-11-16 12:15,146,103,43,0,0,0
2019-11-16 12:30,163,95,68,0,0,0
2019-11-16 12:45,154,99,55,0,0,0
2019-11-16 13:00,119,78,41,0,0,0
2019-11-16 13:15,155,94,61,0,0,0
2019-11-16 13:30,143,74,69,0,0,0
2019-11-16 13:45,176,108,68,0,0,0
2019-11-16 14:00,151,79,72,0,0,0
2019-11-16 14:15,155,80,75,0,0,0
2019-11-16 14:30,151,81,70,0,0,0
2019-11-16 14:45,177,89,88,0,0,0
2019-11-16 15:00,164,87,77,0,0,0
2019-11-16 15:15,154,62,92,0,0,0
2019-11-16 15:30,165,84,81,0,0,0
2019-11-16 15:45,191,105,86,0,0,0
2019-11-16 16:00,164,87,77,0,0,0
2019-11-16 16:15,140,58,82,0,0,0
2019-11-16 16:30,168,82,86,0,0,0
2019-11-16 16:45,148,80,68,0,0,0
2019-11-16 17:00,151,60,91,0,0,0
2019-11-16 17:15,127,54,73,0,0,0
2019-11-16 17:30,139,60,79,0,0,0
2019-11-16 17:45,137,61,76,0,0,0
2019-11-16 18:00,164,61,103,0,0,0
2019-11-16 18:15,155,72,83,0,0,0
2019-11-16 18:30,143,73,70,0,0,0
2019-11-16 18:45,171,84,87,0,0,0
2019-11-16 19:00,158,74,84,0,0,0
2019-11-16 19:15,137,67,70,0,0,0
2019-11-16 19:30,152,81,71,0,0,0
2019-11-16 19:45,159,73,86,0,0,0
2019-11-16 20:00,149,68,81,0,0,0
2019-11-16 20:15,102,49,53,0,0,0
2019-11-16 20:30,83,36,47,0,0,0
2019-11-16 20:45,82,45,37,0,0,0
2019-11-16 21:00,75,33,42,0,0,0
2019-11-16 21:15,67,38,29,0,0,0
2019-11-16 21:30,76,29,47,0,0,0
2019-11-16 21:45,90,25,65,0,0,0
2019-11-16 22:00,85,29,56,0,0,0
2019-11-16 22:15,97,37,60,0,0,0
2019-11-16 22:30,97,40,57,0,0,0
2019-11-16 22:45,68,22,46,0,0,0
2019-11-16 23:00,65,34,31,0,0,0
2019-11-16 23:15,54,21,33,0,0,0
2019-11-16 23:30,82,33,49,0,0,0
2019-11-16 23:45,77,32,45,0,0,0
2019-11-17 00:00,65,19,46,0,0,0
2019-11-17 00:15,87,38,49,0,0,0
2019-11-17 00:30,92,45,47,0,0,0
2019-11-17 00:45,66,27,39,0,0,0
2019-11-17 01:00,58,22,36,0,0,0
2019-11-17 01:15,55,22,33,0,0,0
2019-11-17 01:30,68,23,45,0,0,0
2019-11-17 01:45,56,15,41,0,0,0
2019-11-17 02:00,43,11,32,0,0,0
2019-11-17 02:15,45,15,30,0,0,0
2019-11-17 02:30,48,16,32,0,0,0
2019-11-17 02:45,49,18,31,0,0,0
2019-11-17 03:00,37,15,22,0,0,0
2019-11-17 03:15,45,16,29,0,0,0
2019-11-17 03:30,20,7,13,0,0,0
2019-11-17 03:45,29,9,20,0,0,0
2019-11-17 04:00,28,7,21,0,0,0
2019-11-17 04:15,25,7,18,0,0,0
2019-11-17 04:30,27,19,8,0,0,0
2019-11-17 04:45,18,6,12,0,0,0
2019-11-17 05:00,24,7,17,0,0,0
2019-11-17 05:15,16,6,10,0,0,0
2019-11-17 05:30,24,12,12,0,0,0
2019-11-17 05:45,17,3,14,0,0,0
2019-11-17 06:00,4,1,3,0,0,0
2019-11-17 06:15,4,3,1,0,0,0
2019-11-17 06:30,3,2,1,0,0,0
2019-11-17 06:45,8,7,1,0,0,0
2019-11-17 07:00,5,3,2,0,0,0
2019-11-17 07:15,7,3,4,0,0,0
2019-11-17 07:30,8,5,3,0,0,0
2019-11-17 07:45,14,7,7,0,0,0
2019-11-17 08:00,13,9,4,0,0,0
2019-11-17 08:15,12,7,5,0,0,0
2019-11-17 08:30,16,12,4,0,0,0
2019-11-17 08:45,21,16,5,0,0,0
2019-11-17 09:00,29,20,9,0,0,0
2019-11-17 09:15,36,35,1,0,0,0
2019-11-17 09:30,39,27,12,0,0,0
2019-11-17 09:45,102,82,20,0,0,0
2019-11-17 10:00,62,45,17,0,0,0
2019-11-17 10:15,57,28,29,0,0,0
2019-11-17 10:30,64,39,25,0,0,0
2019-11-17 10:45,82,48,34,0,0,0
2019-11-17 11:00,77,43,34,0,0,0
2019-11-17 11:15,45,29,16,0,0,0
2019-11-17 11:30,56,39,17,0,0,0
2019-11-17 11:45,71,45,26,0,0,0
2019-11-17 12:00,57,30,27,0,0,0
2019-11-17 12:15,77,49,28,0,0,0
2019-11-17 12:30,77,44,33,0,0,0
2019-11-17 12:45,94,61,33,0,0,0
2019-11-17 13:00,84,46,38,0,0,0
2019-11-17 13:15,92,43,49,0,0,0
2019-11-17 13:30,93,51,42,0,0,0
2019-11-17 13:45,92,60,32,0,0,0
2019-11-17 14:00,90,51,39,0,0,0
2019-11-17 14:15,97,65,32,0,0,0
2019-11-17 14:30,84,40,44,0,0,0
2019-11-17 14:45,126,66,60,0,0,0
2019-11-17 15:00,110,57,53,0,0,0
2019-11-17 15:15,88,40,48,0,0,0
2019-11-17 15:30,100,60,40,0,0,0
2019-11-17 15:45,112,72,40,0,0,0
2019-11-17 16:00,80,44,36,0,0,0
2019-11-17 16:15,88,33,55,0,0,0
2019-11-17 16:30,141,52,89,0,0,0
2019-11-17 16:45,86,44,42,0,0,0
2019-11-17 17:00,82,29,53,0,0,0
2019-11-17 17:15,91,44,47,0,0,0
2019-11-17 17:30,109,51,58,0,0,0
2019-11-17 17:45,115,58,57,0,0,0
2019-11-17 18:00,90,36,54,0,0,0
2019-11-17 18:15,99,40,59,0,0,0
2019-11-17 18:30,75,29,46,0,0,0
2019-11-17 18:45,70,31,39,0,0,0
2019-11-17 19:00,77,30,47,0,0,0
2019-11-17 19:15,58,26,32,0,0,0
2019-11-17 19:30,65,25,40,0,0,0
2019-11-17 19:45,73,31,42,0,0,0
2019-11-17 20:00,71,19,52,0,0,0
2019-11-17 20:15,67,29,38,0,0,0
2019-11-17 20:30,59,26,33,0,0,0
2019-11-17 20:45,50,13,37,0,0,0
2019-11-17 21:00,46,16,30,0,0,0
2019-11-17 21:15,44,15,29,0,0,0
2019-11-17 21:30,53,21,32,0,0,0
2019-11-17 21:45,38,12,26,0,0,0
2019-11-17 22:00,35,10,25,0,0,0
2019-11-17 22:15,21,8,13,0,0,0
2019-11-17 22:30,35,19,16,0,0,0
2019-11-17 22:45,21,5,16,0,0,0
2019-11-17 23:00,33,15,18,0,0,0
2019-11-17 23:15,26,9,17,0,0,0
2019-11-17 23:30,14,3,11,0,0,0
2019-11-17 23:45,14,6,8,0,0,0
2019-11-18 00:00,14,2,12,0,0,0
2019-11-18 00:15,17,7,10,0,0,0
2019-11-18 00:30,13,3,10,0,0,0
2019-11-18 00:45,4,0,4,0,0,0
2019-11-18 01:00,10,2,8,0,0,0
2019-11-18 01:15,3,1,2,0,0,0
2019-11-18 01:30,6,6,0,0,0,0
2019-11-18 01:45,3,1,2,0,0,0
2019-11-18 02:00,6,2,4,0,0,0
2019-11-18 02:15,0,0,0,0,0,0
2019-11-18 02:30,3,0,3,0,0,0
2019-11-18 02:45,0,0,0,0,0,0
2019-11-18 03:00,5,0,5,0,0,0
2019-11-18 03:15,3,1,2,0,0,0
2019-11-18 03:30,2,0,2,0,0,0
2019-11-18 03:45,1,0,1,0,0,0
2019-11-18 04:00,3,1,2,0,0,0
2019-11-18 04:15,2,1,1,0,0,0
2019-11-18 04:30,4,1,3,0,0,0
2019-11-18 04:45,7,5,2,0,0,0
2019-11-18 05:00,3,3,0,0,0,0
2019-11-18 05:15,13,10,3,0,0,0
2019-11-18 05:30,14,12,2,0,0,0
2019-11-18 05:45,34,16,18,0,0,0
2019-11-18 06:00,25,18,7,0,0,0
2019-11-18 06:15,46,32,14,0,0,0
2019-11-18 06:30,51,37,14,0,0,0
2019-11-18 06:45,86,60,26,0,0,0
2019-11-18 07:00,100,67,33,0,0,0
2019-11-18 07:15,142,95,47,0,0,0
2019-11-18 07:30,248,186,62,0,0,0
2019-11-18 07:45,340,192,148,0,0,0
2019-11-18 08:00,449,231,218,0,0,0
2019-11-18 08:15,337,168,169,0,0,0
2019-11-18 08:30,206,129,77,0,0,0
2019-11-18 08:45,263,161,102,0,0,0
2019-11-18 09:00,220,127,93,0,0,0
2019-11-18 09:15,144,82,62,0,0,0
2019-11-18 09:30,168,110,58,0,0,0
2019-11-18 09:45,395,238,157,0,0,0
2019-11-18 10:00,662,449,213,0,0,0
2019-11-18 10:15,180,101,79,0,0,0
2019-11-18 10:30,111,65,46,0,0,0
2019-11-18 10:45,144,78,66,0,0,0
2019-11-18 11:00,188,110,78,0,0,0
2019-11-18 11:15,140,75,65,0,0,0
2019-11-18 11:30,146,80,66,0,0,0
2019-11-18 11:45,480,238,242,0,0,0
2019-11-18 12:00,406,195,211,0,0,0
2019-11-18 12:15,231,109,122,0,0,0
2019-11-18 12:30,162,73,89,0,0,0
2019-11-18 12:45,212,111,101,0,0,0
2019-11-18 13:00,182,100,82,0,0,0
2019-11-18 13:15,188,94,94,0,0,0
2019-11-18 13:30,197,114,83,0,0,0
2019-11-18 13:45,452,229,223,0,0,0
2019-11-18 14:00,373,168,205,0,0,0
2019-11-18 14:15,152,70,82,0,0,0
2019-11-18 14:30,146,57,89,0,0,0
2019-11-18 14:45,162,65,97,0,0,0
2019-11-18 15:00,142,73,69,0,0,0
2019-11-18 15:15,154,67,87,0,0,0
2019-11-18 15:30,214,91,123,0,0,0
2019-11-18 15:45,458,244,214,0,0,0
2019-11-18 16:00,367,182,185,0,0,0
2019-11-18 16:15,244,107,137,0,0,0
2019-11-18 16:30,182,71,111,0,0,0
2019-11-18 16:45,229,103,126,0,0,0
2019-11-18 17:00,185,87,98,0,0,0
2019-11-18 17:15,236,127,109,0,0,0
2019-11-18 17:30,255,128,127,0,0,0
2019-11-18 17:45,408,189,219,0,0,0
2019-11-18 18:00,298,146,152,0,0,0
2019-11-18 18:15,224,94,130,0,0,0
2019-11-18 18:30,151,78,73,0,0,0
2019-11-18 18:45,166,80,86,0,0,0
2019-11-18 19:00,150,69,81,0,0,0
2019-11-18 19:15,189,81,108,0,0,0
2019-11-18 19:30,147,59,88,0,0,0
2019-11-18 19:45,190,67,123,0,0,0
2019-11-18 20:00,100,37,63,0,0,0
2019-11-18 20:15,139,58,81,0,0,0
2019-11-18 20:30,69,29,40,0,0,0
2019-11-18 20:45,75,37,38,0,0,0
2019-11-18 21:00,62,38,24,0,0,0
2019-11-18 21:15,71,24,47,0,0,0
2019-11-18 21:30,64,18,46,0,0,0
2019-11-18 21:45,67,18,49,0,0,0
2019-11-18 22:00,74,28,46,0,0,0
2019-11-18 22:15,87,28,59,0,0,0
2019-11-18 22:30,39,7,32,0,0,0
2019-11-18 22:45,37,11,26,0,0,0
2019-11-18 23:00,45,13,32,0,0,0
2019-11-18 23:15,23,11,12,0,0,0
2019-11-18 23:30,25,6,19,0,0,0
2019-11-18 23:45,18,7,11,0,0,0
2019-11-19 00:00,32,10,22,0,0,0
2019-11-19 00:15,13,5,8,0,0,0
2019-11-19 00:30,16,6,10,0,0,0
2019-11-19 00:45,11,3,8,0,0,0
2019-11-19 01:00,8,1,7,0,0,0
2019-11-19 01:15,8,3,5,0,0,0
2019-11-19 01:30,2,1,1,0,0,0
2019-11-19 01:45,4,2,2,0,0,0
2019-11-19 02:00,3,1,2,0,0,0
2019-11-19 02:15,5,2,3,0,0,0
2019-11-19 02:30,3,1,2,0,0,0
2019-11-19 02:45,1,0,1,0,0,0
2019-11-19 03:00,2,2,0,0,0,0
2019-11-19 03:15,1,0,1,0,0,0
2019-11-19 03:30,1,0,1,0,0,0
2019-11-19 03:45,3,0,3,0,0,0
2019-11-19 04:00,0,0,0,0,0,0
2019-11-19 04:15,2,2,0,0,0,0
2019-11-19 04:30,0,0,0,0,0,0
2019-11-19 04:45,9,6,3,0,0,0
2019-11-19 05:00,7,5,2,0,0,0
2019-11-19 05:15,11,8,3,0,0,0
2019-11-19 05:30,15,12,3,0,0,0
2019-11-19 05:45,22,10,12,0,0,0
2019-11-19 06:00,18,15,3,0,0,0
2019-11-19 06:15,44,28,16,0,0,0
2019-11-19 06:30,36,27,9,0,0,0
2019-11-19 06:45,57,39,18,0,0,0
2019-11-19 07:00,69,45,24,0,0,0
2019-11-19 07:15,127,86,41,0,0,0
2019-11-19 07:30,199,149,50,0,0,0
2019-11-19 07:45,342,192,150,0,0,0
2019-11-19 08:00,529,257,272,0,0,0
2019-11-19 08:15,321,185,136,0,0,0
2019-11-19 08:30,175,116,59,0,0,0
2019-11-19 08:45,207,135,72,0,0,0
2019-11-19 09:00,190,106,84,0,0,0
2019-11-19 09:15,137,67,70,0,0,0
2019-11-19 09:30,173,113,60,0,0,0
2019-11-19 09:45,511,252,259,0,0,0
2019-11-19 10:00,538,324,214,0,0,0
2019-11-19 10:15,166,82,84,0,0,0
2019-11-19 10:30,77,36,41,0,0,0
2019-11-19 10:45,96,53,43,0,0,0
2019-11-19 11:00,150,71,79,0,0,0
2019-11-19 11:15,113,59,54,0,0,0
2019-11-19 11:30,141,76,65,0,0,0
2019-11-19 11:45,428,261,167,0,0,0
2019-11-19 12:00,430,247,183,0,0,0
2019-11-19 12:15,191,90,101,0,0,0
2019-11-19 12:30,151,74,77,0,0,0
2019-11-19 12:45,187,96,91,0,0,0
2019-11-19 13:00,180,85,95,0,0,0
2019-11-19 13:15,211,98,113,0,0,0
2019-11-19 13:30,197,114,83,0,0,0
2019-11-19 13:45,441,240,201,0,0,0
2019-11-19 14:00,465,225,240,0,0,0
2019-11-19 14:15,187,93,94,0,0,0
2019-11-19 14:30,151,64,87,0,0,0
2019-11-19 14:45,152,71,81,0,0,0
2019-11-19 15:00,154,77,77,0,0,0
2019-11-19 15:15,191,87,104,0,0,0
2019-11-19 15:30,237,128,109,0,0,0
2019-11-19 15:45,485,284,201,0,0,0
2019-11-19 16:00,468,255,213,0,0,0
2019-11-19 16:15,258,122,136,0,0,0
2019-11-19 16:30,247,114,133,0,0,0
2019-11-19 16:45,239,101,138,0,0,0
2019-11-19 17:00,262,116,146,0,0,0
2019-11-19 17:15,254,132,122,0,0,0
2019-11-19 17:30,296,162,134,0,0,0
2019-11-19 17:45,510,261,249,0,0,0
2019-11-19 18:00,390,175,215,0,0,0
2019-11-19 18:15,264,92,172,0,0,0
2019-11-19 18:30,249,131,118,0,0,0
2019-11-19 18:45,305,138,167,0,0,0
2019-11-19 19:00,254,113,141,0,0,0
2019-11-19 19:15,238,132,106,0,0,0
2019-11-19 19:30,229,93,136,0,0,0
2019-11-19 19:45,274,132,142,0,0,0
2019-11-19 20:00,209,90,119,0,0,0
2019-11-19 20:15,161,70,91,0,0,0
2019-11-19 20:30,103,39,64,0,0,0
2019-11-19 20:45,153,66,87,0,0,0
2019-11-19 21:00,123,57,66,0,0,0
2019-11-19 21:15,132,62,70,0,0,0
2019-11-19 21:30,140,71,69,0,0,0
2019-11-19 21:45,115,33,82,0,0,0
2019-11-19 22:00,118,52,66,0,0,0
2019-11-19 22:15,127,60,67,0,0,0
2019-11-19 22:30,98,34,64,0,0,0
2019-11-19 22:45,78,23,55,0,0,0
2019-11-19 23:00,119,52,67,0,0,0
2019-11-19 23:15,81,36,45,0,0,0
2019-11-19 23:30,74,37,37,0,0,0
2019-11-19 23:45,53,22,31,0,0,0
2019-11-20 00:00,51,11,40,0,0,0
2019-11-20 00:15,25,6,19,0,0,0
2019-11-20 00:30,22,10,12,0,0,0
2019-11-20 00:45,30,16,14,0,0,0
2019-11-20 01:00,11,2,9,0,0,0
2019-11-20 01:15,13,6,7,0,0,0
2019-11-20 01:30,14,5,9,0,0,0
2019-11-20 01:45,8,1,7,0,0,0
2019-11-20 02:00,6,1,5,0,0,0
2019-11-20 02:15,7,0,7,0,0,0
2019-11-20 02:30,3,2,1,0,0,0
2019-11-20 02:45,4,0,4,0,0,0
2019-11-20 03:00,4,0,4,0,0,0
2019-11-20 03:15,11,1,10,0,0,0
2019-11-20 03:30,2,1,1,0,0,0
2019-11-20 03:45,1,1,0,0,0,0
2019-11-20 04:00,2,2,0,0,0,0
2019-11-20 04:15,1,1,0,0,0,0
2019-11-20 04:30,3,3,0,0,0,0
2019-11-20 04:45,9,5,4,0,0,0
2019-11-20 05:00,7,5,2,0,0,0
2019-11-20 05:15,8,6,2,0,0,0
2019-11-20 05:30,13,10,3,0,0,0
2019-11-20 05:45,25,16,9,0,0,0
2019-11-20 06:00,30,25,5,0,0,0
2019-11-20 06:15,47,34,13,0,0,0
2019-11-20 06:30,56,41,15,0,0,0
2019-11-20 06:45,87,65,22,0,0,0
2019-11-20 07:00,100,70,30,0,0,0
2019-11-20 07:15,157,100,57,0,0,0
2019-11-20 07:30,228,161,67,0,0,0
2019-11-20 07:45,418,255,163,0,0,0
2019-11-20 08:00,548,286,262,0,0,0
2019-11-20 08:15,424,216,208,0,0,0
2019-11-20 08:30,227,152,75,0,0,0
2019-11-20 08:45,259,156,103,0,0,0
2019-11-20 09:00,282,135,147,0,0,0
2019-11-20 09:15,177,111,66,0,0,0
2019-11-20 09:30,182,115,67,0,0,0
2019-11-20 09:45,407,243,164,0,0,0
2019-11-20 10:00,610,341,269,0,0,0
2019-11-20 10:15,188,106,82,0,0,0
2019-11-20 10:30,137,76,61,0,0,0
2019-11-20 10:45,160,82,78,0,0,0
2019-11-20 11:00,130,66,64,0,0,0
2019-11-20 11:15,134,72,62,0,0,0
2019-11-20 11:30,227,138,89,0,0,0
2019-11-20 11:45,439,261,178,0,0,0
2019-11-20 12:00,439,261,178,0,0,0
2019-11-20 12:15,224,115,109,0,0,0
2019-11-20 12:30,219,115,104,0,0,0
2019-11-20 12:45,235,131,104,0,0,0
2019-11-20 13:00,260,157,103,0,0,0
2019-11-20 13:15,237,125,112,0,0,0
2019-11-20 13:30,253,133,120,0,0,0
2019-11-20 13:45,410,231,179,0,0,0
2019-11-20 14:00,449,237,212,0,0,0
2019-11-20 14:15,241,119,122,0,0,0
2019-11-20 14:30,197,100,97,0,0,0
2019-11-20 14:45,203,99,104,0,0,0
2019-11-20 15:00,190,99,91,0,0,0
2019-11-20 15:15,192,88,104,0,0,0
2019-11-20 15:30,291,138,153,0,0,0
2019-11-20 15:45,530,276,254,0,0,0
2019-11-20 16:00,497,257,240,0,0,0
2019-11-20 16:15,310,129,181,0,0,0
2019-11-20 16:30,256,133,123,0,0,0
2019-11-20 16:45,343,169,174,0,0,0
2019-11-20 17:00,304,138,166,0,0,0
2019-11-20 17:15,346,157,189,0,0,0
2019-11-20 17:30,332,174,158,0,0,0
2019-11-20 17:45,490,250,240,0,0,0
2019-11-20 18:00,402,170,232,0,0,0
2019-11-20 18:15,343,155,188,0,0,0
2019-11-20 18:30,262,110,152,0,0,0
2019-11-20 18:45,308,143,165,0,0,0
2019-11-20 19:00,266,133,133,0,0,0
2019-11-20 19:15,219,103,116,0,0,0
2019-11-20 19:30,270,110,160,0,0,0
2019-11-20 19:45,309,130,179,0,0,0
2019-11-20 20:00,236,129,107,0,0,0
2019-11-20 20:15,250,133,117,0,0,0
2019-11-20 20:30,172,91,81,0,0,0
2019-11-20 20:45,167,73,94,0,0,0
2019-11-20 21:00,136,58,78,0,0,0
2019-11-20 21:15,113,44,69,0,0,0
2019-11-20 21:30,127,66,61,0,0,0
2019-11-20 21:45,163,63,100,0,0,0
2019-11-20 22:00,145,67,78,0,0,0
2019-11-20 22:15,175,79,96,0,0,0
2019-11-20 22:30,95,35,60,0,0,0
2019-11-20 22:45,101,31,70,0,0,0
2019-11-20 23:00,80,26,54,0,0,0
2019-11-20 23:15,121,74,47,0,0,0
2019-11-20 23:30,68,26,42,0,0,0
2019-11-20 23:45,83,26,57,0,0,0
2019-11-21 00:00,62,38,24,0,0,0
2019-11-21 00:15,83,30,53,0,0,0
2019-11-21 00:30,53,22,31,0,0,0
2019-11-21 00:45,48,14,34,0,0,0
2019-11-21 01:00,39,10,29,0,0,0
2019-11-21 01:15,48,15,33,0,0,0
2019-11-21 01:30,24,2,22,0,0,0
2019-11-21 01:45,28,6,22,0,0,0
2019-11-21 02:00,19,3,16,0,0,0
2019-11-21 02:15,35,5,30,0,0,0
2019-11-21 02:30,22,2,20,0,0,0
2019-11-21 02:45,18,5,13,0,0,0
2019-11-21 03:00,17,2,15,0,0,0
2019-11-21 03:15,15,0,15,0,0,0
2019-11-21 03:30,11,0,11,0,0,0
2019-11-21 03:45,14,2,12,0,0,0
2019-11-21 04:00,18,4,14,0,0,0
2019-11-21 04:15,5,2,3,0,0,0
2019-11-21 04:30,7,2,5,0,0,0
2019-11-21 04:45,10,3,7,0,0,0
2019-11-21 05:00,12,6,6,0,0,0
2019-11-21 05:15,16,10,6,0,0,0
2019-11-21 05:30,26,15,11,0,0,0
2019-11-21 05:45,26,12,14,0,0,0
2019-11-21 06:00,17,15,2,0,0,0
2019-11-21 06:15,50,34,16,0,0,0
2019-11-21 06:30,47,40,7,0,0,0
2019-11-21 06:45,77,45,32,0,0,0
2019-11-21 07:00,102,69,33,0,0,0
2019-11-21 07:15,160,107,53,0,0,0
2019-11-21 07:30,266,185,81,0,0,0
2019-11-21 07:45,378,203,175,0,0,0
2019-11-21 08:00,542,255,287,0,0,0
2019-11-21 08:15,345,190,155,0,0,0
2019-11-21 08:30,244,160,84,0,0,0
2019-11-21 08:45,277,161,116,0,0,0
2019-11-21 09:00,205,124,81,0,0,0
2019-11-21 09:15,157,98,59,0,0,0
2019-11-21 09:30,258,152,106,0,0,0
2019-11-21 09:45,485,274,211,0,0,0
2019-11-21 10:00,580,344,236,0,0,0
2019-11-21 10:15,184,89,95,0,0,0
2019-11-21 10:30,97,53,44,0,0,0
2019-11-21 10:45,150,93,57,0,0,0
2019-11-21 11:00,199,109,90,0,0,0
2019-11-21 11:15,159,100,59,0,0,0
2019-11-21 11:30,189,96,93,0,0,0
2019-11-21 11:45,430,249,181,0,0,0
2019-11-21 12:00,437,230,207,0,0,0
2019-11-21 12:15,242,135,107,0,0,0
2019-11-21 12:30,197,91,106,0,0,0
2019-11-21 12:45,208,110,98,0,0,0
2019-11-21 13:00,225,130,95,0,0,0
2019-11-21 13:15,220,79,141,0,0,0
2019-11-21 13:30,215,111,104,0,0,0
2019-11-21 13:45,508,261,247,0,0,0
2019-11-21 14:00,497,271,226,0,0,0
2019-11-21 14:15,267,143,124,0,0,0
2019-11-21 14:30,211,114,97,0,0,0
2019-11-21 14:45,225,124,101,0,0,0
2019-11-21 15:00,195,94,101,0,0,0
2019-11-21 15:15,205,111,94,0,0,0
2019-11-21 15:30,274,156,118,0,0,0
2019-11-21 15:45,525,285,240,0,0,0
2019-11-21 16:00,492,280,212,0,0,0
2019-11-21 16:15,282,155,127,0,0,0
2019-11-21 16:30,264,135,129,0,0,0
2019-11-21 16:45,349,179,170,0,0,0
2019-11-21 17:00,294,170,124,0,0,0
2019-11-21 17:15,315,167,148,0,0,0
2019-11-21 17:30,363,208,155,0,0,0
2019-11-21 17:45,553,273,280,0,0,0
2019-11-21 18:00,415,208,207,0,0,0
2019-11-21 18:15,317,152,165,0,0,0
2019-11-21 18:30,257,120,137,0,0,0
2019-11-21 18:45,265,130,135,0,0,0
2019-11-21 19:00,235,123,112,0,0,0
2019-11-21 19:15,245,123,122,0,0,0
2019-11-21 19:30,237,91,146,0,0,0
2019-11-21 19:45,285,132,153,0,0,0
2019-11-21 20:00,224,97,127,0,0,0
2019-11-21 20:15,193,78,115,0,0,0
2019-11-21 20:30,119,40,79,0,0,0
2019-11-21 20:45,120,57,63,0,0,0
2019-11-21 21:00,112,50,62,0,0,0
2019-11-21 21:15,105,44,61,0,0,0
2019-11-21 21:30,124,46,78,0,0,0
2019-11-21 21:45,156,52,104,0,0,0
2019-11-21 22:00,108,45,63,0,0,0
2019-11-21 22:15,170,81,89,0,0,0
2019-11-21 22:30,74,29,45,0,0,0
2019-11-21 22:45,82,18,64,0,0,0
2019-11-21 23:00,81,18,63,0,0,0
2019-11-21 23:15,79,26,53,0,0,0
2019-11-21 23:30,74,33,41,0,0,0
2019-11-21 23:45,76,13,63,0,0,0
2019-11-22 00:00,40,16,24,0,0,0
2019-11-22 00:15,37,14,23,0,0,0
2019-11-22 00:30,41,12,29,0,0,0
2019-11-22 00:45,40,15,25,0,0,0
2019-11-22 01:00,33,21,12,0,0,0
2019-11-22 01:15,20,5,15,0,0,0
2019-11-22 01:30,15,1,14,0,0,0
2019-11-22 01:45,16,5,11,0,0,0
2019-11-22 02:00,19,9,10,0,0,0
2019-11-22 02:15,15,7,8,0,0,0
2019-11-22 02:30,3,1,2,0,0,0
2019-11-22 02:45,14,2,12,0,0,0
2019-11-22 03:00,6,3,3,0,0,0
2019-11-22 03:15,11,3,8,0,0,0
2019-11-22 03:30,9,3,6,0,0,0
2019-11-22 03:45,4,0,4,0,0,0
2019-11-22 04:00,8,5,3,0,0,0
2019-11-22 04:15,8,4,4,0,0,0
2019-11-22 04:30,9,2,7,0,0,0
2019-11-22 04:45,9,7,2,0,0,0
2019-11-22 05:00,8,8,0,0,0,0
2019-11-22 05:15,6,5,1,0,0,0
2019-11-22 05:30,21,17,4,0,0,0
2019-11-22 05:45,25,10,15,0,0,0
2019-11-22 06:00,27,19,8,0,0,0
2019-11-22 06:15,49,29,20,0,0,0
2019-11-22 06:30,49,30,19,0,0,0
2019-11-22 06:45,68,46,22,0,0,0
2019-11-22 07:00,88,55,33,0,0,0
2019-11-22 07:15,139,94,45,0,0,0
2019-11-22 07:30,231,184,47,0,0,0
2019-11-22 07:45,331,188,143,0,0,0
2019-11-22 08:00,390,189,201,0,0,0
2019-11-22 08:15,244,142,102,0,0,0
2019-11-22 08:30,202,126,76,0,0,0
2019-11-22 08:45,284,159,125,0,0,0
2019-11-22 09:00,190,112,78,0,0,0
2019-11-22 09:15,154,88,66,0,0,0
2019-11-22 09:30,129,76,53,0,0,0
2019-11-22 09:45,298,160,138,0,0,0
2019-11-22 10:00,390,229,161,0,0,0
2019-11-22 10:15,142,69,73,0,0,0
2019-11-22 10:30,104,60,44,0,0,0
2019-11-22 10:45,120,76,44,0,0,0
2019-11-22 11:00,145,81,64,0,0,0
2019-11-22 11:15,130,70,60,0,0,0
2019-11-22 11:30,159,94,65,0,0,0
2019-11-22 11:45,317,202,115,0,0,0
2019-11-22 12:00,350,181,169,0,0,0
2019-11-22 12:15,281,143,138,0,0,0
2019-11-22 12:30,201,102,99,0,0,0
2019-11-22 12:45,234,132,102,0,0,0
2019-11-22 13:00,217,100,117,0,0,0
2019-11-22 13:15,269,134,135,0,0,0
2019-11-22 13:30,202,106,96,0,0,0
2019-11-22 13:45,337,210,127,0,0,0
2019-11-22 14:00,273,137,136,0,0,0
2019-11-22 14:15,208,109,99,0,0,0
2019-11-22 14:30,212,112,100,0,0,0
2019-11-22 14:45,215,113,102,0,0,0
2019-11-22 15:00,216,107,109,0,0,0
2019-11-22 15:15,200,98,102,0,0,0
2019-11-22 15:30,208,93,115,0,0,0
2019-11-22 15:45,326,197,129,0,0,0
2019-11-22 16:00,289,139,150,0,0,0
2019-11-22 16:15,242,114,128,0,0,0
2019-11-22 16:30,204,104,100,0,0,0
2019-11-22 16:45,215,102,113,0,0,0
2019-11-22 17:00,220,102,118,0,0,0
2019-11-22 17:15,180,89,91,0,0,0
2019-11-22 17:30,192,78,114,0,0,0
2019-11-22 17:45,224,110,114,0,0,0
2019-11-22 18:00,208,101,107,0,0,0
2019-11-22 18:15,198,89,109,0,0,0
2019-11-22 18:30,195,93,102,0,0,0
2019-11-22 18:45,177,92,85,0,0,0
2019-11-22 19:00,202,92,110,0,0,0
2019-11-22 19:15,198,110,88,0,0,0
2019-11-22 19:30,145,77,68,0,0,0
2019-11-22 19:45,192,106,86,0,0,0
2019-11-22 20:00,181,92,89,0,0,0
2019-11-22 20:15,158,68,90,0,0,0
2019-11-22 20:30,129,62,67,0,0,0
2019-11-22 20:45,112,59,53,0,0,0
2019-11-22 21:00,96,59,37,0,0,0
2019-11-22 21:15,119,39,80,0,0,0
2019-11-22 21:30,93,34,59,0,0,0
2019-11-22 21:45,95,44,51,0,0,0
2019-11-22 22:00,59,23,36,0,0,0
2019-11-22 22:15,82,37,45,0,0,0
2019-11-22 22:30,93,40,53,0,0,0
2019-11-22 22:45,100,38,62,0,0,0
2019-11-22 23:00,79,36,43,0,0,0
2019-11-22 23:15,81,31,50,0,0,0
2019-11-22 23:30,119,65,54,0,0,0
2019-11-22 23:45,72,33,39,0,0,0
2019-11-23 00:00,69,31,38,0,0,0
2019-11-23 00:15,94,29,65,0,0,0
2019-11-23 00:30,62,26,36,0,0,0
2019-11-23 00:45,70,26,44,0,0,0
2019-11-23 01:00,88,48,40,0,0,0
2019-11-23 01:15,106,32,74,0,0,0
2019-11-23 01:30,72,15,57,0,0,0
2019-11-23 01:45,57,14,43,0,0,0
2019-11-23 02:00,78,26,52,0,0,0
2019-11-23 02:15,53,16,37,0,0,0
2019-11-23 02:30,56,17,39,0,0,0
2019-11-23 02:45,50,14,36,0,0,0
2019-11-23 03:00,37,14,23,0,0,0
2019-11-23 03:15,35,15,20,0,0,0
2019-11-23 03:30,40,12,28,0,0,0
2019-11-23 03:45,32,14,18,0,0,0
2019-11-23 04:00,34,15,19,0,0,0
2019-11-23 04:15,33,17,16,0,0,0
2019-11-23 04:30,23,6,17,0,0,0
2019-11-23 04:45,21,8,13,0,0,0
2019-11-23 05:00,15,8,7,0,0,0
2019-11-23 05:15,16,10,6,0,0,0
2019-11-23 05:30,16,7,9,0,0,0
2019-11-23 05:45,18,9,9,0,0,0
2019-11-23 06:00,14,9,5,0,0,0
2019-11-23 06:15,17,6,11,0,0,0
2019-11-23 06:30,7,3,4,0,0,0
2019-11-23 06:45,20,13,7,0,0,0
2019-11-23 07:00,11,8,3,0,0,0
2019-11-23 07:15,10,9,1,0,0,0
2019-11-23 07:30,19,15,4,0,0,0
2019-11-23 07:45,55,45,10,0,0,0
2019-11-23 08:00,30,22,8,0,0,0
2019-11-23 08:15,40,22,18,0,0,0
2019-11-23 08:30,59,41,18,0,0,0
2019-11-23 08:45,111,76,35,0,0,0
2019-11-23 09:00,58,40,18,0,0,0
2019-11-23 09:15,82,65,17,0,0,0
2019-11-23 09:30,96,78,18,0,0,0
2019-11-23 09:45,175,131,44,0,0,0
2019-11-23 10:00,136,95,41,0,0,0
2019-11-23 10:15,99,74,25,0,0,0
2019-11-23 10:30,103,78,25,0,0,0
2019-11-23 10:45,149,107,42,0,0,0
2019-11-23 11:00,131,89,42,0,0,0
2019-11-23 11:15,120,75,45,0,0,0
2019-11-23 11:30,125,82,43,0,0,0
2019-11-23 11:45,160,115,45,0,0,0
2019-11-23 12:00,155,95,60,0,0,0
2019-11-23 12:15,164,106,58,0,0,0
2019-11-23 12:30,156,91,65,0,0,0
2019-11-23 12:45,169,102,67,0,0,0
2019-11-23 13:00,190,107,83,0,0,0
2019-11-23 13:15,176,95,81,0,0,0
2019-11-23 13:30,152,89,63,0,0,0
2019-11-23 13:45,196,114,82,0,0,0
2019-11-23 14:00,167,91,76,0,0,0
2019-11-23 14:15,174,77,97,0,0,0
2019-11-23 14:30,164,67,97,0,0,0
2019-11-23 14:45,170,75,95,0,0,0
2019-11-23 15:00,145,74,71,0,0,0
2019-11-23 15:15,186,77,109,0,0,0
2019-11-23 15:30,135,69,66,0,0,0
2019-11-23 15:45,149,79,70,0,0,0
2019-11-23 16:00,133,60,73,0,0,0
2019-11-23 16:15,129,66,63,0,0,0
2019-11-23 16:30,148,51,97,0,0,0
2019-11-23 16:45,144,63,81,0,0,0
2019-11-23 17:00,125,54,71,0,0,0
2019-11-23 17:15,106,37,69,0,0,0
2019-11-23 17:30,131,41,90,0,0,0
2019-11-23 17:45,157,59,98,0,0,0
2019-11-23 18:00,155,62,93,0,0,0
2019-11-23 18:15,131,56,75,0,0,0
2019-11-23 18:30,140,59,81,0,0,0
2019-11-23 18:45,158,64,94,0,0,0
2019-11-23 19:00,127,65,62,0,0,0
2019-11-23 19:15,153,68,85,0,0,0
2019-11-23 19:30,114,70,44,0,0,0
2019-11-23 19:45,110,57,53,0,0,0
2019-11-23 20:00,144,73,71,0,0,0
2019-11-23 20:15,129,56,73,0,0,0
2019-11-23 20:30,91,38,53,0,0,0
2019-11-23 20:45,97,56,41,0,0,0
2019-11-23 21:00,87,45,42,0,0,0
2019-11-23 21:15,82,33,49,0,0,0
2019-11-23 21:30,76,37,39,0,0,0
2019-11-23 21:45,79,44,35,0,0,0
2019-11-23 22:00,71,38,33,0,0,0
2019-11-23 22:15,90,29,61,0,0,0
2019-11-23 22:30,84,31,53,0,0,0
2019-11-23 22:45,68,30,38,0,0,0
2019-11-23 23:00,67,21,46,0,0,0
2019-11-23 23:15,63,31,32,0,0,0
2019-11-23 23:30,48,22,26,0,0,0
2019-11-23 23:45,90,44,46,0,0,0
2019-11-24 00:00,69,22,47,0,0,0
2019-11-24 00:15,68,24,44,0,0,0
2019-11-24 00:30,75,27,48,0,0,0
2019-11-24 00:45,63,23,40,0,0,0
2019-11-24 01:00,87,35,52,0,0,0
2019-11-24 01:15,57,20,37,0,0,0
2019-11-24 01:30,62,19,43,0,0,0
2019-11-24 01:45,54,14,40,0,0,0
2019-11-24 02:00,50,13,37,0,0,0
2019-11-24 02:15,50,18,32,0,0,0
2019-11-24 02:30,54,22,32,0,0,0
2019-11-24 02:45,43,11,32,0,0,0
2019-11-24 03:00,44,14,30,0,0,0
2019-11-24 03:15,41,7,34,0,0,0
2019-11-24 03:30,45,18,27,0,0,0
2019-11-24 03:45,44,15,29,0,0,0
2019-11-24 04:00,31,3,28,0,0,0
2019-11-24 04:15,32,12,20,0,0,0
2019-11-24 04:30,12,4,8,0,0,0
2019-11-24 04:45,14,6,8,0,0,0
2019-11-24 05:00,12,3,9,0,0,0
2019-11-24 05:15,18,7,11,0,0,0
2019-11-24 05:30,17,9,8,0,0,0
2019-11-24 05:45,22,8,14,0,0,0
2019-11-24 06:00,5,3,2,0,0,0
2019-11-24 06:15,9,0,9,0,0,0
2019-11-24 06:30,9,8,1,0,0,0
2019-11-24 06:45,13,8,5,0,0,0
2019-11-24 07:00,6,5,1,0,0,0
2019-11-24 07:15,9,9,0,0,0,0
2019-11-24 07:30,6,3,3,0,0,0
2019-11-24 07:45,23,11,12,0,0,0
2019-11-24 08:00,4,2,2,0,0,0
2019-11-24 08:15,15,11,4,0,0,0
2019-11-24 08:30,16,10,6,0,0,0
2019-11-24 08:45,31,18,13,0,0,0
2019-11-24 09:00,23,15,8,0,0,0
2019-11-24 09:15,32,28,4,0,0,0
2019-11-24 09:30,70,62,8,0,0,0
2019-11-24 09:45,112,94,18,0,0,0
2019-11-24 10:00,58,46,12,0,0,0
2019-11-24 10:15,62,40,22,0,0,0
2019-11-24 10:30,58,36,22,0,0,0
2019-11-24 10:45,89,61,28,0,0,0
2019-11-24 11:00,78,50,28,0,0,0
2019-11-24 11:15,64,41,23,0,0,0
2019-11-24 11:30,105,57,48,0,0,0
2019-11-24 11:45,96,58,38,0,0,0
2019-11-24 12:00,73,39,34,0,0,0
2019-11-24 12:15,81,48,33,0,0,0
2019-11-24 12:30,82,38,44,0,0,0
2019-11-24 12:45,83,48,35,0,0,0
2019-11-24 13:00,111,62,49,0,0,0
2019-11-24 13:15,98,48,50,0,0,0
2019-11-24 13:30,80,46,34,0,0,0
2019-11-24 13:45,94,57,37,0,0,0
2019-11-24 14:00,138,75,63,0,0,0
2019-11-24 14:15,128,68,60,0,0,0
2019-11-24 14:30,111,61,50,0,0,0
2019-11-24 14:45,155,101,54,0,0,0
2019-11-24 15:00,118,63,55,0,0,0
2019-11-24 15:15,121,70,51,0,0,0
2019-11-24 15:30,111,54,57,0,0,0
2019-11-24 15:45,142,73,69,0,0,0
2019-11-24 16:00,102,42,60,0,0,0
2019-11-24 16:15,112,50,62,0,0,0
2019-11-24 16:30,116,53,63,0,0,0
2019-11-24 16:45,113,45,68,0,0,0
2019-11-24 17:00,89,33,56,0,0,0
2019-11-24 17:15,90,27,63,0,0,0
2019-11-24 17:30,100,47,53,0,0,0
2019-11-24 17:45,117,57,60,0,0,0
2019-11-24 18:00,141,44,97,0,0,0
2019-11-24 18:15,117,46,71,0,0,0
2019-11-24 18:30,76,35,41,0,0,0
2019-11-24 18:45,122,62,60,0,0,0
2019-11-24 19:00,102,40,62,0,0,0
2019-11-24 19:15,88,38,50,0,0,0
2019-11-24 19:30,102,42,60,0,0,0
2019-11-24 19:45,103,47,56,0,0,0
2019-11-24 20:00,93,30,63,0,0,0
2019-11-24 20:15,98,31,67,0,0,0
2019-11-24 20:30,73,22,51,0,0,0
2019-11-24 20:45,79,35,44,0,0,0
2019-11-24 21:00,47,14,33,0,0,0
2019-11-24 21:15,70,29,41,0,0,0
2019-11-24 21:30,43,15,28,0,0,0
2019-11-24 21:45,53,24,29,0,0,0
2019-11-24 22:00,49,19,30,0,0,0
2019-11-24 22:15,51,30,21,0,0,0
2019-11-24 22:30,68,24,44,0,0,0
2019-11-24 22:45,44,16,28,0,0,0
2019-11-24 23:00,45,10,35,0,0,0
2019-11-24 23:15,28,6,22,0,0,0
2019-11-24 23:30,33,8,25,0,0,0
2019-11-24 23:45,13,1,12,0,0,0
2019-11-25 00:00,16,6,10,0,0,0
2019-11-25 00:15,11,5,6,0,0,0
2019-11-25 00:30,10,7,3,0,0,0
2019-11-25 00:45,11,5,6,0,0,0
2019-11-25 01:00,9,2,7,0,0,0
2019-11-25 01:15,10,4,6,0,0,0
2019-11-25 01:30,1,0,1,0,0,0
2019-11-25 01:45,8,1,7,0,0,0
2019-11-25 02:00,8,4,4,0,0,0
2019-11-25 02:15,4,1,3,0,0,0
2019-11-25 02:30,1,0,1,0,0,0
2019-11-25 02:45,5,0,5,0,0,0
2019-11-25 03:00,2,0,2,0,0,0
2019-11-25 03:15,3,0,3,0,0,0
2019-11-25 03:30,1,0,1,0,0,0
2019-11-25 03:45,2,1,1,0,0,0
2019-11-25 04:00,2,1,1,0,0,0
2019-11-25 04:15,1,1,0,0,0,0
2019-11-25 04:30,1,0,1,0,0,0
2019-11-25 04:45,10,5,5,0,0,0
2019-11-25 05:00,7,4,3,0,0,0
2019-11-25 05:15,5,4,1,0,0,0
2019-11-25 05:30,21,15,6,0,0,0
2019-11-25 05:45,24,16,8,0,0,0
2019-11-25 06:00,33,25,8,0,0,0
2019-11-25 06:15,40,32,8,0,0,0
2019-11-25 06:30,63,46,17,0,0,0
2019-11-25 06:45,87,57,30,0,0,0
2019-11-25 07:00,97,63,34,0,0,0
2019-11-25 07:15,159,111,48,0,0,0
2019-11-25 07:30,270,186,84,0,0,0
2019-11-25 07:45,361,225,136,0,0,0
2019-11-25 08:00,427,228,199,0,0,0
2019-11-25 08:15,312,173,139,0,0,0
2019-11-25 08:30,219,139,80,0,0,0
2019-11-25 08:45,305,174,131,0,0,0
2019-11-25 09:00,234,131,103,0,0,0
2019-11-25 09:15,158,90,68,0,0,0
2019-11-25 09:30,232,137,95,0,0,0
2019-11-25 09:45,394,252,142,0,0,0
2019-11-25 10:00,620,421,199,0,0,0
2019-11-25 10:15,206,113,93,0,0,0
2019-11-25 10:30,146,85,61,0,0,0
2019-11-25 10:45,138,84,54,0,0,0
2019-11-25 11:00,214,100,114,0,0,0
2019-11-25 11:15,155,83,72,0,0,0
2019-11-25 11:30,189,121,68,0,0,0
2019-11-25 11:45,451,227,224,0,0,0
2019-11-25 12:00,376,184,192,0,0,0
2019-11-25 12:15,249,128,121,0,0,0
2019-11-25 12:30,187,89,98,0,0,0
2019-11-25 12:45,232,91,141,0,0,0
2019-11-25 13:00,230,128,102,0,0,0
2019-11-25 13:15,206,107,99,0,0,0
2019-11-25 13:30,223,122,101,0,0,0
2019-11-25 13:45,451,225,226,0,0,0
2019-11-25 14:00,437,218,219,0,0,0
2019-11-25 14:15,216,95,121,0,0,0
2019-11-25 14:30,191,98,93,0,0,0
2019-11-25 14:45,237,95,142,0,0,0
2019-11-25 15:00,199,97,102,0,0,0
2019-11-25 15:15,203,101,102,0,0,0
2019-11-25 15:30,313,155,158,0,0,0
2019-11-25 15:45,584,304,280,0,0,0
2019-11-25 16:00,470,249,221,0,0,0
2019-11-25 16:15,324,176,148,0,0,0
2019-11-25 16:30,287,140,147,0,0,0
2019-11-25 16:45,280,127,153,0,0,0
2019-11-25 17:00,263,141,122,0,0,0
2019-11-25 17:15,302,147,155,0,0,0
2019-11-25 17:30,337,180,157,0,0,0
2019-11-25 17:45,585,312,273,0,0,0
2019-11-25 18:00,389,199,190,0,0,0
2019-11-25 18:15,325,163,162,0,0,0
2019-11-25 18:30,260,119,141,0,0,0
2019-11-25 18:45,270,123,147,0,0,0
2019-11-25 19:00,254,117,137,0,0,0
2019-11-25 19:15,298,124,174,0,0,0
2019-11-25 19:30,216,82,134,0,0,0
2019-11-25 19:45,329,119,210,0,0,0
2019-11-25 20:00,244,69,175,0,0,0
2019-11-25 20:15,290,71,219,0,0,0
2019-11-25 20:30,170,49,121,0,0,0
2019-11-25 20:45,147,65,82,0,0,0
2019-11-25 21:00,135,50,85,0,0,0
2019-11-25 21:15,153,62,91,0,0,0
2019-11-25 21:30,128,43,85,0,0,0
2019-11-25 21:45,119,46,73,0,0,0
2019-11-25 22:00,168,53,115,0,0,0
2019-11-25 22:15,133,58,75,0,0,0
2019-11-25 22:30,83,27,56,0,0,0
2019-11-25 22:45,92,32,60,0,0,0
2019-11-25 23:00,100,23,77,0,0,0
2019-11-25 23:15,67,35,32,0,0,0
2019-11-25 23:30,78,25,53,0,0,0
2019-11-25 23:45,60,20,40,0,0,0
2019-11-26 00:00,25,7,18,0,0,0
2019-11-26 00:15,36,10,26,0,0,0
2019-11-26 00:30,26,13,13,0,0,0
2019-11-26 00:45,19,6,13,0,0,0
2019-11-26 01:00,21,3,18,0,0,0
2019-11-26 01:15,14,6,8,0,0,0
2019-11-26 01:30,15,2,13,0,0,0
2019-11-26 01:45,10,1,9,0,0,0
2019-11-26 02:00,7,1,6,0,0,0
2019-11-26 02:15,5,0,5,0,0,0
2019-11-26 02:30,7,2,5,0,0,0
2019-11-26 02:45,3,0,3,0,0,0
2019-11-26 03:00,2,1,1,0,0,0
2019-11-26 03:15,0,0,0,0,0,0
2019-11-26 03:30,2,0,2,0,0,0
2019-11-26 03:45,4,2,2,0,0,0
2019-11-26 04:00,3,0,3,0,0,0
2019-11-26 04:15,6,3,3,0,0,0
2019-11-26 04:30,3,2,1,0,0,0
2019-11-26 04:45,10,6,4,0,0,0
2019-11-26 05:00,4,4,0,0,0,0
2019-11-26 05:15,10,7,3,0,0,0
2019-11-26 05:30,23,17,6,0,0,0
2019-11-26 05:45,29,17,12,0,0,0
2019-11-26 06:00,32,28,4,0,0,0
2019-11-26 06:15,53,42,11,0,0,0
2019-11-26 06:30,67,45,22,0,0,0
2019-11-26 06:45,95,67,28,0,0,0
2019-11-26 07:00,92,63,29,0,0,0
2019-11-26 07:15,155,113,42,0,0,0
2019-11-26 07:30,267,198,69,0,0,0
2019-11-26 07:45,434,251,183,0,0,0
2019-11-26 08:00,579,298,281,0,0,0
2019-11-26 08:15,398,232,166,0,0,0
2019-11-26 08:30,238,167,71,0,0,0
2019-11-26 08:45,324,188,136,0,0,0
2019-11-26 09:00,265,160,105,0,0,0
2019-11-26 09:15,167,98,69,0,0,0
2019-11-26 09:30,225,131,94,0,0,0
2019-11-26 09:45,548,258,290,0,0,0
2019-11-26 10:00,574,348,226,0,0,0
2019-11-26 10:15,191,100,91,0,0,0
2019-11-26 10:30,128,57,71,0,0,0
2019-11-26 10:45,147,83,64,0,0,0
2019-11-26 11:00,203,113,90,0,0,0
2019-11-26 11:15,147,81,66,0,0,0
2019-11-26 11:30,207,116,91,0,0,0
2019-11-26 11:45,529,304,225,0,0,0
2019-11-26 12:00,473,253,220,0,0,0
2019-11-26 12:15,217,103,114,0,0,0
2019-11-26 12:30,234,125,109,0,0,0
2019-11-26 12:45,206,104,102,0,0,0
2019-11-26 13:00,251,110,141,0,0,0
2019-11-26 13:15,271,112,159,0,0,0
2019-11-26 13:30,244,120,124,0,0,0
2019-11-26 13:45,504,272,232,0,0,0
2019-11-26 14:00,472,245,227,0,0,0
2019-11-26 14:15,226,119,107,0,0,0
2019-11-26 14:30,205,114,91,0,0,0
2019-11-26 14:45,217,105,112,0,0,0
2019-11-26 15:00,231,114,117,0,0,0
2019-11-26 15:15,253,121,132,0,0,0
2019-11-26 15:30,272,148,124,0,0,0
2019-11-26 15:45,560,295,265,0,0,0
2019-11-26 16:00,485,247,238,0,0,0
2019-11-26 16:15,317,152,165,0,0,0
2019-11-26 16:30,300,155,145,0,0,0
2019-11-26 16:45,312,148,164,0,0,0
2019-11-26 17:00,301,147,154,0,0,0
2019-11-26 17:15,298,147,151,0,0,0
2019-11-26 17:30,366,198,168,0,0,0
2019-11-26 17:45,622,344,278,0,0,0
2019-11-26 18:00,501,251,250,0,0,0
2019-11-26 18:15,380,188,192,0,0,0
2019-11-26 18:30,286,160,126,0,0,0
2019-11-26 18:45,335,138,197,0,0,0
2019-11-26 19:00,260,115,145,0,0,0
2019-11-26 19:15,265,130,135,0,0,0
2019-11-26 19:30,250,103,147,0,0,0
2019-11-26 19:45,307,140,167,0,0,0
2019-11-26 20:00,270,79,191,0,0,0
2019-11-26 20:15,224,70,154,0,0,0
2019-11-26 20:30,187,64,123,0,0,0
2019-11-26 20:45,158,57,101,0,0,0
2019-11-26 21:00,200,72,128,0,0,0
2019-11-26 21:15,126,47,79,0,0,0
2019-11-26 21:30,113,36,77,0,0,0
2019-11-26 21:45,146,37,109,0,0,0
2019-11-26 22:00,184,44,140,0,0,0
2019-11-26 22:15,165,67,98,0,0,0
2019-11-26 22:30,109,42,67,0,0,0
2019-11-26 22:45,90,36,54,0,0,0
2019-11-26 23:00,95,32,63,0,0,0
2019-11-26 23:15,82,28,54,0,0,0
2019-11-26 23:30,44,10,34,0,0,0
2019-11-26 23:45,49,14,35,0,0,0
2019-11-27 00:00,42,12,30,0,0,0
2019-11-27 00:15,47,9,38,0,0,0
2019-11-27 00:30,21,6,15,0,0,0
2019-11-27 00:45,21,4,17,0,0,0
2019-11-27 01:00,23,5,18,0,0,0
2019-11-27 01:15,30,6,24,0,0,0
2019-11-27 01:30,29,7,22,0,0,0
2019-11-27 01:45,14,5,9,0,0,0
2019-11-27 02:00,18,6,12,0,0,0
2019-11-27 02:15,9,1,8,0,0,0
2019-11-27 02:30,4,3,1,0,0,0
2019-11-27 02:45,9,3,6,0,0,0
2019-11-27 03:00,6,4,2,0,0,0
2019-11-27 03:15,3,1,2,0,0,0
2019-11-27 03:30,2,1,1,0,0,0
2019-11-27 03:45,6,4,2,0,0,0
2019-11-27 04:00,1,1,0,0,0,0
2019-11-27 04:15,2,1,1,0,0,0
2019-11-27 04:30,4,0,4,0,0,0
2019-11-27 04:45,8,4,4,0,0,0
2019-11-27 05:00,4,3,1,0,0,0
2019-11-27 05:15,9,9,0,0,0,0
2019-11-27 05:30,10,6,4,0,0,0
2019-11-27 05:45,29,14,15,0,0,0
2019-11-27 06:00,37,28,9,0,0,0
2019-11-27 06:15,45,29,16,0,0,0
2019-11-27 06:30,49,33,16,0,0,0
2019-11-27 06:45,59,36,23,0,0,0
2019-11-27 07:00,96,61,35,0,0,0
2019-11-27 07:15,147,97,50,0,0,0
2019-11-27 07:30,282,208,74,0,0,0
2019-11-27 07:45,408,236,172,0,0,0
2019-11-27 08:00,544,238,306,0,0,0
2019-11-27 08:15,391,209,182,0,0,0
2019-11-27 08:30,215,141,74,0,0,0
2019-11-27 08:45,276,161,115,0,0,0
2019-11-27 09:00,218,111,107,0,0,0
2019-11-27 09:15,188,80,108,0,0,0
2019-11-27 09:30,181,110,71,0,0,0
2019-11-27 09:45,393,245,148,0,0,0
2019-11-27 10:00,522,286,236,0,0,0
2019-11-27 10:15,200,102,98,0,0,0
2019-11-27 10:30,142,77,65,0,0,0
2019-11-27 10:45,171,101,70,0,0,0
2019-11-27 11:00,148,78,70,0,0,0
2019-11-27 11:15,193,113,80,0,0,0
2019-11-27 11:30,227,136,91,0,0,0
2019-11-27 11:45,478,268,210,0,0,0
2019-11-27 12:00,405,214,191,0,0,0
2019-11-27 12:15,244,125,119,0,0,0
2019-11-27 12:30,207,113,94,0,0,0
2019-11-27 12:45,244,142,102,0,0,0
2019-11-27 13:00,286,171,115,0,0,0
2019-11-27 13:15,259,130,129,0,0,0
2019-11-27 13:30,287,138,149,0,0,0
2019-11-27 13:45,396,208,188,0,0,0
2019-11-27 14:00,473,248,225,0,0,0
2019-11-27 14:15,275,126,149,0,0,0
2019-11-27 14:30,208,101,107,0,0,0
2019-11-27 14:45,208,103,105,0,0,0
2019-11-27 15:00,198,95,103,0,0,0
2019-11-27 15:15,228,110,118,0,0,0
2019-11-27 15:30,264,123,141,0,0,0
2019-11-27 15:45,509,239,270,0,0,0
2019-11-27 16:00,371,200,171,0,0,0
2019-11-27 16:15,322,168,154,0,0,0
2019-11-27 16:30,271,136,135,0,0,0
2019-11-27 16:45,297,133,164,0,0,0
2019-11-27 17:00,286,146,140,0,0,0
2019-11-27 17:15,264,119,145,0,0,0
2019-11-27 17:30,308,153,155,0,0,0
2019-11-27 17:45,485,285,200,0,0,0
2019-11-27 18:00,428,215,213,0,0,0
2019-11-27 18:15,297,152,145,0,0,0
2019-11-27 18:30,215,101,114,0,0,0
2019-11-27 18:45,277,137,140,0,0,0
2019-11-27 19:00,236,140,96,0,0,0
2019-11-27 19:15,231,113,118,0,0,0
2019-11-27 19:30,223,101,122,0,0,0
2019-11-27 19:45,339,136,203,0,0,0
2019-11-27 20:00,223,93,130,0,0,0
2019-11-27 20:15,233,87,146,0,0,0
2019-11-27 20:30,217,78,139,0,0,0
2019-11-27 20:45,174,65,109,0,0,0
2019-11-27 21:00,140,60,80,0,0,0
2019-11-27 21:15,119,44,75,0,0,0
2019-11-27 21:30,112,41,71,0,0,0
2019-11-27 21:45,110,43,67,0,0,0
2019-11-27 22:00,129,48,81,0,0,0
2019-11-27 22:15,136,50,86,0,0,0
2019-11-27 22:30,90,28,62,0,0,0
2019-11-27 22:45,75,22,53,0,0,0
2019-11-27 23:00,128,52,76,0,0,0
2019-11-27 23:15,103,54,49,0,0,0
2019-11-27 23:30,98,36,62,0,0,0
2019-11-27 23:45,59,15,44,0,0,0
2019-11-28 00:00,61,27,34,0,0,0
2019-11-28 00:15,45,14,31,0,0,0
2019-11-28 00:30,41,11,30,0,0,0
2019-11-28 00:45,43,8,35,0,0,0
2019-11-28 01:00,27,6,21,0,0,0
2019-11-28 01:15,23,4,19,0,0,0
2019-11-28 01:30,48,12,36,0,0,0
2019-11-28 01:45,35,8,27,0,0,0
2019-11-28 02:00,23,6,17,0,0,0
2019-11-28 02:15,30,6,24,0,0,0
2019-11-28 02:30,16,3,13,0,0,0
2019-11-28 02:45,31,6,25,0,0,0
2019-11-28 03:00,13,1,12,0,0,0
2019-11-28 03:15,16,1,15,0,0,0
2019-11-28 03:30,13,3,10,0,0,0
2019-11-28 03:45,13,5,8,0,0,0
2019-11-28 04:00,4,1,3,0,0,0
2019-11-28 04:15,5,2,3,0,0,0
2019-11-28 04:30,5,2,3,0,0,0
2019-11-28 04:45,6,3,3,0,0,0
2019-11-28 05:00,10,5,5,0,0,0
2019-11-28 05:15,8,4,4,0,0,0
2019-11-28 05:30,16,9,7,0,0,0
2019-11-28 05:45,27,14,13,0,0,0
2019-11-28 06:00,18,15,3,0,0,0
2019-11-28 06:15,46,30,16,0,0,0
2019-11-28 06:30,53,31,22,0,0,0
2019-11-28 06:45,61,39,22,0,0,0
2019-11-28 07:00,80,42,38,0,0,0
2019-11-28 07:15,121,85,36,0,0,0
2019-11-28 07:30,192,127,65,0,0,0
2019-11-28 07:45,282,142,140,0,0,0
2019-11-28 08:00,443,216,227,0,0,0
2019-11-28 08:15,324,166,158,0,0,0
2019-11-28 08:30,199,131,68,0,0,0
2019-11-28 08:45,248,148,100,0,0,0
2019-11-28 09:00,191,103,88,0,0,0
2019-11-28 09:15,180,87,93,0,0,0
2019-11-28 09:30,197,108,89,0,0,0
2019-11-28 09:45,423,244,179,0,0,0
2019-11-28 10:00,571,331,240,0,0,0
2019-11-28 10:15,198,100,98,0,0,0
2019-11-28 10:30,111,62,49,0,0,0
2019-11-28 10:45,111,67,44,0,0,0
2019-11-28 11:00,180,94,86,0,0,0
2019-11-28 11:15,125,69,56,0,0,0
2019-11-28 11:30,137,68,69,0,0,0
2019-11-28 11:45,378,209,169,0,0,0
2019-11-28 12:00,361,179,182,0,0,0
2019-11-28 12:15,162,70,92,0,0,0
2019-11-28 12:30,135,59,76,0,0,0
2019-11-28 12:45,183,98,85,0,0,0
2019-11-28 13:00,180,97,83,0,0,0
2019-11-28 13:15,177,93,84,0,0,0
2019-11-28 13:30,219,105,114,0,0,0
2019-11-28 13:45,384,215,169,0,0,0
2019-11-28 14:00,403,213,190,0,0,0
2019-11-28 14:15,209,96,113,0,0,0
2019-11-28 14:30,158,85,73,0,0,0
2019-11-28 14:45,189,96,93,0,0,0
2019-11-28 15:00,175,87,88,0,0,0
2019-11-28 15:15,196,106,90,0,0,0
2019-11-28 15:30,252,142,110,0,0,0
2019-11-28 15:45,432,253,179,0,0,0
2019-11-28 16:00,399,209,190,0,0,0
2019-11-28 16:15,237,124,113,0,0,0
2019-11-28 16:30,235,123,112,0,0,0
2019-11-28 16:45,260,145,115,0,0,0
2019-11-28 17:00,265,152,113,0,0,0
2019-11-28 17:15,248,133,115,0,0,0
2019-11-28 17:30,283,170,113,0,0,0
2019-11-28 17:45,444,251,193,0,0,0
2019-11-28 18:00,372,201,171,0,0,0
2019-11-28 18:15,263,151,112,0,0,0
2019-11-28 18:30,253,121,132,0,0,0
2019-11-28 18:45,265,154,111,0,0,0
2019-11-28 19:00,203,86,117,0,0,0
2019-11-28 19:15,202,104,98,0,0,0
2019-11-28 19:30,206,69,137,0,0,0
2019-11-28 19:45,244,119,125,0,0,0
2019-11-28 20:00,204,77,127,0,0,0
2019-11-28 20:15,174,48,126,0,0,0
2019-11-28 20:30,131,40,91,0,0,0
2019-11-28 20:45,102,30,72,0,0,0
2019-11-28 21:00,105,46,59,0,0,0
2019-11-28 21:15,101,39,62,0,0,0
2019-11-28 21:30,91,28,63,0,0,0
2019-11-28 21:45,93,29,64,0,0,0
2019-11-28 22:00,119,41,78,0,0,0
2019-11-28 22:15,136,56,80,0,0,0
2019-11-28 22:30,111,28,83,0,0,0
2019-11-28 22:45,56,14,42,0,0,0
2019-11-28 23:00,77,32,45,0,0,0
2019-11-28 23:15,54,12,42,0,0,0
2019-11-28 23:30,61,19,42,0,0,0
2019-11-28 23:45,57,24,33,0,0,0
2019-11-29 00:00,57,13,44,0,0,0
2019-11-29 00:15,42,14,28,0,0,0
2019-11-29 00:30,41,18,23,0,0,0
2019-11-29 00:45,43,17,26,0,0,0
2019-11-29 01:00,17,6,11,0,0,0
2019-11-29 01:15,36,13,23,0,0,0
2019-11-29 01:30,30,16,14,0,0,0
2019-11-29 01:45,13,3,10,0,0,0
2019-11-29 02:00,8,6,2,0,0,0
2019-11-29 02:15,22,5,17,0,0,0
2019-11-29 02:30,23,1,22,0,0,0
2019-11-29 02:45,2,2,0,0,0,0
2019-11-29 03:00,7,1,6,0,0,0
2019-11-29 03:15,8,1,7,0,0,0
2019-11-29 03:30,8,0,8,0,0,0
2019-11-29 03:45,8,1,7,0,0,0
2019-11-29 04:00,2,1,1,0,0,0
2019-11-29 04:15,5,1,4,0,0,0
2019-11-29 04:30,1,0,1,0,0,0
2019-11-29 04:45,13,6,7,0,0,0
2019-11-29 05:00,14,11,3,0,0,0
2019-11-29 05:15,11,6,5,0,0,0
2019-11-29 05:30,12,9,3,0,0,0
2019-11-29 05:45,27,17,10,0,0,0
2019-11-29 06:00,25,16,9,0,0,0
2019-11-29 06:15,29,21,8,0,0,0
2019-11-29 06:30,57,37,20,0,0,0
2019-11-29 06:45,70,44,26,0,0,0
2019-11-29 07:00,88,60,28,0,0,0
2019-11-29 07:15,139,85,54,0,0,0
2019-11-29 07:30,242,163,79,0,0,0
2019-11-29 07:45,298,168,130,0,0,0
2019-11-29 08:00,315,158,157,0,0,0
2019-11-29 08:15,231,111,120,0,0,0
2019-11-29 08:30,191,127,64,0,0,0
2019-11-29 08:45,268,156,112,0,0,0
2019-11-29 09:00,221,138,83,0,0,0
2019-11-29 09:15,204,127,77,0,0,0
2019-11-29 09:30,198,128,70,0,0,0
2019-11-29 09:45,294,172,122,0,0,0
2019-11-29 10:00,424,251,173,0,0,0
2019-11-29 10:15,165,96,69,0,0,0
2019-11-29 10:30,134,82,52,0,0,0
2019-11-29 10:45,185,109,76,0,0,0
2019-11-29 11:00,208,133,75,0,0,0
2019-11-29 11:15,173,107,66,0,0,0
2019-11-29 11:30,256,186,70,0,0,0
2019-11-29 11:45,431,313,118,0,0,0
2019-11-29 12:00,410,260,150,0,0,0
2019-11-29 12:15,240,139,101,0,0,0
2019-11-29 12:30,217,128,89,0,0,0
2019-11-29 12:45,270,149,121,0,0,0
2019-11-29 13:00,252,128,124,0,0,0
2019-11-29 13:15,309,144,165,0,0,0
2019-11-29 13:30,346,195,151,0,0,0
2019-11-29 13:45,385,211,174,0,0,0
2019-11-29 14:00,326,149,177,0,0,0
2019-11-29 14:15,291,141,150,0,0,0
2019-11-29 14:30,301,136,165,0,0,0
2019-11-29 14:45,336,152,184,0,0,0
2019-11-29 15:00,246,111,135,0,0,0
2019-11-29 15:15,284,121,163,0,0,0
2019-11-29 15:30,252,107,145,0,0,0
2019-11-29 15:45,286,132,154,0,0,0
2019-11-29 16:00,251,119,132,0,0,0
2019-11-29 16:15,270,128,142,0,0,0
2019-11-29 16:30,267,132,135,0,0,0
2019-11-29 16:45,262,140,122,0,0,0
2019-11-29 17:00,257,121,136,0,0,0
2019-11-29 17:15,255,125,130,0,0,0
2019-11-29 17:30,240,109,131,0,0,0
2019-11-29 17:45,262,134,128,0,0,0
2019-11-29 18:00,202,99,103,0,0,0
2019-11-29 18:15,237,103,134,0,0,0
2019-11-29 18:30,214,108,106,0,0,0
2019-11-29 18:45,230,142,88,0,0,0
2019-11-29 19:00,234,125,109,0,0,0
2019-11-29 19:15,215,112,103,0,0,0
2019-11-29 19:30,174,93,81,0,0,0
2019-11-29 19:45,179,88,91,0,0,0
2019-11-29 20:00,178,83,95,0,0,0
2019-11-29 20:15,153,48,105,0,0,0
2019-11-29 20:30,110,45,65,0,0,0
2019-11-29 20:45,127,55,72,0,0,0
2019-11-29 21:00,102,51,51,0,0,0
2019-11-29 21:15,132,39,93,0,0,0
2019-11-29 21:30,166,58,108,0,0,0
2019-11-29 21:45,154,55,99,0,0,0
2019-11-29 22:00,120,47,73,0,0,0
2019-11-29 22:15,90,22,68,0,0,0
2019-11-29 22:30,105,24,81,0,0,0
2019-11-29 22:45,93,38,55,0,0,0
2019-11-29 23:00,86,24,62,0,0,0
2019-11-29 23:15,92,36,56,0,0,0
2019-11-29 23:30,98,46,52,0,0,0
2019-11-29 23:45,84,37,47,0,0,0
2019-11-30 00:00,84,25,59,0,0,0
2019-11-30 00:15,87,33,54,0,0,0
2019-11-30 00:30,106,42,64,0,0,0
2019-11-30 00:45,81,32,49,0,0,0
2019-11-30 01:00,88,41,47,0,0,0
2019-11-30 01:15,77,26,51,0,0,0
2019-11-30 01:30,66,24,42,0,0,0
2019-11-30 01:45,48,19,29,0,0,0
2019-11-30 02:00,32,10,22,0,0,0
2019-11-30 02:15,42,15,27,0,0,0
2019-11-30 02:30,46,16,30,0,0,0
2019-11-30 02:45,54,20,34,0,0,0
2019-11-30 03:00,26,5,21,0,0,0
2019-11-30 03:15,34,2,32,0,0,0
2019-11-30 03:30,46,3,43,0,0,0
2019-11-30 03:45,43,4,39,0,0,0
2019-11-30 04:00,34,7,27,0,0,0
2019-11-30 04:15,20,2,18,0,0,0
2019-11-30 04:30,18,2,16,0,0,0
2019-11-30 04:45,14,5,9,0,0,0
2019-11-30 05:00,11,3,8,0,0,0
2019-11-30 05:15,28,7,21,0,0,0
2019-11-30 05:30,17,7,10,0,0,0
2019-11-30 05:45,28,14,14,0,0,0
2019-11-30 06:00,7,4,3,0,0,0
2019-11-30 06:15,15,8,7,0,0,0
2019-11-30 06:30,11,8,3,0,0,0
2019-11-30 06:45,11,6,5,0,0,0
2019-11-30 07:00,13,7,6,0,0,0
2019-11-30 07:15,10,7,3,0,0,0
2019-11-30 07:30,20,18,2,0,0,0
2019-11-30 07:45,41,33,8,0,0,0
2019-11-30 08:00,28,22,6,0,0,0
2019-11-30 08:15,46,27,19,0,0,0
2019-11-30 08:30,56,36,20,0,0,0
2019-11-30 08:45,104,73,31,0,0,0
2019-11-30 09:00,73,59,14,0,0,0
2019-11-30 09:15,97,74,23,0,0,0
2019-11-30 09:30,98,78,20,0,0,0
2019-11-30 09:45,171,131,40,0,0,0
2019-11-30 10:00,152,110,42,0,0,0
2019-11-30 10:15,81,61,20,0,0,0
2019-11-30 10:30,94,71,23,0,0,0
2019-11-30 10:45,165,111,54,0,0,0
2019-11-30 11:00,131,86,45,0,0,0
2019-11-30 11:15,109,76,33,0,0,0
2019-11-30 11:30,119,80,39,0,0,0
2019-11-30 11:45,173,104,69,0,0,0
2019-11-30 12:00,136,100,36,0,0,0
2019-11-30 12:15,167,109,58,0,0,0
2019-11-30 12:30,170,100,70,0,0,0
2019-11-30 12:45,195,126,69,0,0,0
2019-11-30 13:00,162,97,65,0,0,0
2019-11-30 13:15,157,103,54,0,0,0
2019-11-30 13:30,174,96,78,0,0,0
2019-11-30 13:45,217,120,97,0,0,0
2019-11-30 14:00,180,97,83,0,0,0
2019-11-30 14:15,174,90,84,0,0,0
2019-11-30 14:30,140,68,72,0,0,0
2019-11-30 14:45,183,86,97,0,0,0
2019-11-30 15:00,179,80,99,0,0,0
2019-11-30 15:15,176,91,85,0,0,0
2019-11-30 15:30,153,101,52,0,0,0
2019-11-30 15:45,180,93,87,0,0,0
2019-11-30 16:00,163,59,104,0,0,0
2019-11-30 16:15,170,71,99,0,0,0
2019-11-30 16:30,170,84,86,0,0,0
2019-11-30 16:45,175,97,78,0,0,0
2019-11-30 17:00,155,81,74,0,0,0
2019-11-30 17:15,173,79,94,0,0,0
2019-11-30 17:30,152,71,81,0,0,0
2019-11-30 17:45,167,88,79,0,0,0
2019-11-30 18:00,185,74,111,0,0,0
2019-11-30 18:15,185,73,112,0,0,0
2019-11-30 18:30,121,47,74,0,0,0
2019-11-30 18:45,161,87,74,0,0,0
2019-11-30 19:00,140,77,63,0,0,0
2019-11-30 19:15,125,57,68,0,0,0
2019-11-30 19:30,128,49,79,0,0,0
2019-11-30 19:45,132,55,77,0,0,0
2019-11-30 20:00,139,54,85,0,0,0
2019-11-30 20:15,92,42,50,0,0,0
2019-11-30 20:30,107,51,56,0,0,0
2019-11-30 20:45,99,46,53,0,0,0
2019-11-30 21:00,85,34,51,0,0,0
2019-11-30 21:15,82,29,53,0,0,0
2019-11-30 21:30,80,22,58,0,0,0
2019-11-30 21:45,81,24,57,0,0,0
2019-11-30 22:00,51,27,24,0,0,0
2019-11-30 22:15,65,22,43,0,0,0
2019-11-30 22:30,66,22,44,0,0,0
2019-11-30 22:45,78,27,51,0,0,0
2019-11-30 23:00,53,16,37,0,0,0
2019-11-30 23:15,56,30,26,0,0,0
2019-11-30 23:30,54,26,28,0,0,0
2019-11-30 23:45,57,23,34,0,0,0
