Datetime,100035541 (Neutor),101035541 (Neutor stadteinwÃ¤rts),102035541 (Neutor stadtauswÃ¤rts),100035541-status,101035541-status,102035541-status
2019-07-01 00:00,27,14,13,0,0,0
2019-07-01 00:15,35,7,28,0,0,0
2019-07-01 00:30,20,6,14,0,0,0
2019-07-01 00:45,16,5,11,0,0,0
2019-07-01 01:00,17,6,11,0,0,0
2019-07-01 01:15,13,7,6,0,0,0
2019-07-01 01:30,20,4,16,0,0,0
2019-07-01 01:45,13,9,4,0,0,0
2019-07-01 02:00,9,5,4,0,0,0
2019-07-01 02:15,5,2,3,0,0,0
2019-07-01 02:30,3,1,2,0,0,0
2019-07-01 02:45,5,1,4,0,0,0
2019-07-01 03:00,6,4,2,0,0,0
2019-07-01 03:15,1,0,1,0,0,0
2019-07-01 03:30,6,2,4,0,0,0
2019-07-01 03:45,3,2,1,0,0,0
2019-07-01 04:00,1,1,0,0,0,0
2019-07-01 04:15,8,2,6,0,0,0
2019-07-01 04:30,5,3,2,0,0,0
2019-07-01 04:45,16,13,3,0,0,0
2019-07-01 05:00,12,9,3,0,0,0
2019-07-01 05:15,15,13,2,0,0,0
2019-07-01 05:30,22,17,5,0,0,0
2019-07-01 05:45,31,21,10,0,0,0
2019-07-01 06:00,44,32,12,0,0,0
2019-07-01 06:15,63,52,11,0,0,0
2019-07-01 06:30,76,65,11,0,0,0
2019-07-01 06:45,100,77,23,0,0,0
2019-07-01 07:00,112,72,40,0,0,0
2019-07-01 07:15,147,109,38,0,0,0
2019-07-01 07:30,272,215,57,0,0,0
2019-07-01 07:45,380,261,119,0,0,0
2019-07-01 08:00,397,239,158,0,0,0
2019-07-01 08:15,422,227,195,0,0,0
2019-07-01 08:30,333,184,149,0,0,0
2019-07-01 08:45,339,253,86,0,0,0
2019-07-01 09:00,299,178,121,0,0,0
2019-07-01 09:15,224,116,108,0,0,0
2019-07-01 09:30,221,130,91,0,0,0
2019-07-01 09:45,317,228,89,0,0,0
2019-07-01 10:00,425,246,179,0,0,0
2019-07-01 10:15,299,89,210,0,0,0
2019-07-01 10:30,173,78,95,0,0,0
2019-07-01 10:45,210,97,113,0,0,0
2019-07-01 11:00,181,97,84,0,0,0
2019-07-01 11:15,164,88,76,0,0,0
2019-07-01 11:30,221,130,91,0,0,0
2019-07-01 11:45,287,172,115,0,0,0
2019-07-01 12:00,374,192,182,0,0,0
2019-07-01 12:15,268,100,168,0,0,0
2019-07-01 12:30,236,112,124,0,0,0
2019-07-01 12:45,246,146,100,0,0,0
2019-07-01 13:00,289,152,137,0,0,0
2019-07-01 13:15,271,111,160,0,0,0
2019-07-01 13:30,253,123,130,0,0,0
2019-07-01 13:45,291,182,109,0,0,0
2019-07-01 14:00,409,192,217,0,0,0
2019-07-01 14:15,249,92,157,0,0,0
2019-07-01 14:30,226,123,103,0,0,0
2019-07-01 14:45,218,114,104,0,0,0
2019-07-01 15:00,270,157,113,0,0,0
2019-07-01 15:15,277,127,150,0,0,0
2019-07-01 15:30,256,142,114,0,0,0
2019-07-01 15:45,402,233,169,0,0,0
2019-07-01 16:00,464,211,253,0,0,0
2019-07-01 16:15,344,158,186,0,0,0
2019-07-01 16:30,327,171,156,0,0,0
2019-07-01 16:45,302,160,142,0,0,0
2019-07-01 17:00,372,199,173,0,0,0
2019-07-01 17:15,345,153,192,0,0,0
2019-07-01 17:30,394,190,204,0,0,0
2019-07-01 17:45,437,264,173,0,0,0
2019-07-01 18:00,478,218,260,0,0,0
2019-07-01 18:15,359,154,205,0,0,0
2019-07-01 18:30,351,130,221,0,0,0
2019-07-01 18:45,293,159,134,0,0,0
2019-07-01 19:00,339,187,152,0,0,0
2019-07-01 19:15,255,116,139,0,0,0
2019-07-01 19:30,273,129,144,0,0,0
2019-07-01 19:45,288,143,145,0,0,0
2019-07-01 20:00,300,126,174,0,0,0
2019-07-01 20:15,226,85,141,0,0,0
2019-07-01 20:30,216,113,103,0,0,0
2019-07-01 20:45,166,80,86,0,0,0
2019-07-01 21:00,186,81,105,0,0,0
2019-07-01 21:15,158,55,103,0,0,0
2019-07-01 21:30,134,68,66,0,0,0
2019-07-01 21:45,137,57,80,0,0,0
2019-07-01 22:00,160,54,106,0,0,0
2019-07-01 22:15,125,45,80,0,0,0
2019-07-01 22:30,113,46,67,0,0,0
2019-07-01 22:45,95,29,66,0,0,0
2019-07-01 23:00,68,25,43,0,0,0
2019-07-01 23:15,86,24,62,0,0,0
2019-07-01 23:30,73,22,51,0,0,0
2019-07-01 23:45,50,18,32,0,0,0
2019-07-02 00:00,53,17,36,0,0,0
2019-07-02 00:15,42,17,25,0,0,0
2019-07-02 00:30,32,9,23,0,0,0
2019-07-02 00:45,24,3,21,0,0,0
2019-07-02 01:00,15,6,9,0,0,0
2019-07-02 01:15,10,4,6,0,0,0
2019-07-02 01:30,16,6,10,0,0,0
2019-07-02 01:45,15,9,6,0,0,0
2019-07-02 02:00,14,2,12,0,0,0
2019-07-02 02:15,2,2,0,0,0,0
2019-07-02 02:30,4,1,3,0,0,0
2019-07-02 02:45,6,3,3,0,0,0
2019-07-02 03:00,3,2,1,0,0,0
2019-07-02 03:15,3,0,3,0,0,0
2019-07-02 03:30,3,2,1,0,0,0
2019-07-02 03:45,1,0,1,0,0,0
2019-07-02 04:00,2,1,1,0,0,0
2019-07-02 04:15,1,1,0,0,0,0
2019-07-02 04:30,9,7,2,0,0,0
2019-07-02 04:45,12,6,6,0,0,0
2019-07-02 05:00,12,9,3,0,0,0
2019-07-02 05:15,16,13,3,0,0,0
2019-07-02 05:30,22,15,7,0,0,0
2019-07-02 05:45,34,25,9,0,0,0
2019-07-02 06:00,31,22,9,0,0,0
2019-07-02 06:15,50,33,17,0,0,0
2019-07-02 06:30,89,54,35,0,0,0
2019-07-02 06:45,115,85,30,0,0,0
2019-07-02 07:00,118,75,43,0,0,0
2019-07-02 07:15,171,107,64,0,0,0
2019-07-02 07:30,328,220,108,0,0,0
2019-07-02 07:45,425,268,157,0,0,0
2019-07-02 08:00,508,294,214,0,0,0
2019-07-02 08:15,311,190,121,0,0,0
2019-07-02 08:30,294,172,122,0,0,0
2019-07-02 08:45,315,199,116,0,0,0
2019-07-02 09:00,281,187,94,0,0,0
2019-07-02 09:15,215,125,90,0,0,0
2019-07-02 09:30,268,142,126,0,0,0
2019-07-02 09:45,453,201,252,0,0,0
2019-07-02 10:00,452,247,205,0,0,0
2019-07-02 10:15,205,122,83,0,0,0
2019-07-02 10:30,187,115,72,0,0,0
2019-07-02 10:45,163,97,66,0,0,0
2019-07-02 11:00,150,85,65,0,0,0
2019-07-02 11:15,204,97,107,0,0,0
2019-07-02 11:30,232,122,110,0,0,0
2019-07-02 11:45,456,264,192,0,0,0
2019-07-02 12:00,365,212,153,0,0,0
2019-07-02 12:15,241,112,129,0,0,0
2019-07-02 12:30,233,124,109,0,0,0
2019-07-02 12:45,256,132,124,0,0,0
2019-07-02 13:00,283,124,159,0,0,0
2019-07-02 13:15,292,139,153,0,0,0
2019-07-02 13:30,320,164,156,0,0,0
2019-07-02 13:45,416,201,215,0,0,0
2019-07-02 14:00,377,206,171,0,0,0
2019-07-02 14:15,261,139,122,0,0,0
2019-07-02 14:30,219,95,124,0,0,0
2019-07-02 14:45,277,146,131,0,0,0
2019-07-02 15:00,254,122,132,0,0,0
2019-07-02 15:15,240,125,115,0,0,0
2019-07-02 15:30,351,168,183,0,0,0
2019-07-02 15:45,466,214,252,0,0,0
2019-07-02 16:00,455,235,220,0,0,0
2019-07-02 16:15,372,207,165,0,0,0
2019-07-02 16:30,311,159,152,0,0,0
2019-07-02 16:45,324,173,151,0,0,0
2019-07-02 17:00,308,158,150,0,0,0
2019-07-02 17:15,377,202,175,0,0,0
2019-07-02 17:30,384,197,187,0,0,0
2019-07-02 17:45,542,284,258,0,0,0
2019-07-02 18:00,434,230,204,0,0,0
2019-07-02 18:15,419,205,214,0,0,0
2019-07-02 18:30,337,150,187,0,0,0
2019-07-02 18:45,313,150,163,0,0,0
2019-07-02 19:00,295,158,137,0,0,0
2019-07-02 19:15,290,148,142,0,0,0
2019-07-02 19:30,290,139,151,0,0,0
2019-07-02 19:45,335,159,176,0,0,0
2019-07-02 20:00,257,121,136,0,0,0
2019-07-02 20:15,198,91,107,0,0,0
2019-07-02 20:30,190,97,93,0,0,0
2019-07-02 20:45,184,64,120,0,0,0
2019-07-02 21:00,199,85,114,0,0,0
2019-07-02 21:15,137,51,86,0,0,0
2019-07-02 21:30,148,66,82,0,0,0
2019-07-02 21:45,136,61,75,0,0,0
2019-07-02 22:00,186,68,118,0,0,0
2019-07-02 22:15,147,59,88,0,0,0
2019-07-02 22:30,125,56,69,0,0,0
2019-07-02 22:45,93,38,55,0,0,0
2019-07-02 23:00,108,41,67,0,0,0
2019-07-02 23:15,72,31,41,0,0,0
2019-07-02 23:30,80,24,56,0,0,0
2019-07-02 23:45,61,19,42,0,0,0
2019-07-03 00:00,72,26,46,0,0,0
2019-07-03 00:15,46,14,32,0,0,0
2019-07-03 00:30,58,30,28,0,0,0
2019-07-03 00:45,21,5,16,0,0,0
2019-07-03 01:00,22,8,14,0,0,0
2019-07-03 01:15,14,6,8,0,0,0
2019-07-03 01:30,32,12,20,0,0,0
2019-07-03 01:45,10,1,9,0,0,0
2019-07-03 02:00,10,2,8,0,0,0
2019-07-03 02:15,21,8,13,0,0,0
2019-07-03 02:30,7,2,5,0,0,0
2019-07-03 02:45,6,0,6,0,0,0
2019-07-03 03:00,10,4,6,0,0,0
2019-07-03 03:15,6,2,4,0,0,0
2019-07-03 03:30,2,2,0,0,0,0
2019-07-03 03:45,5,3,2,0,0,0
2019-07-03 04:00,5,3,2,0,0,0
2019-07-03 04:15,3,2,1,0,0,0
2019-07-03 04:30,3,3,0,0,0,0
2019-07-03 04:45,13,9,4,0,0,0
2019-07-03 05:00,7,7,0,0,0,0
2019-07-03 05:15,14,11,3,0,0,0
2019-07-03 05:30,26,18,8,0,0,0
2019-07-03 05:45,27,17,10,0,0,0
2019-07-03 06:00,26,19,7,0,0,0
2019-07-03 06:15,57,39,18,0,0,0
2019-07-03 06:30,76,55,21,0,0,0
2019-07-03 06:45,113,69,44,0,0,0
2019-07-03 07:00,114,83,31,0,0,0
2019-07-03 07:15,267,188,79,0,0,0
2019-07-03 07:30,328,195,133,0,0,0
2019-07-03 07:45,458,285,173,0,0,0
2019-07-03 08:00,507,299,208,0,0,0
2019-07-03 08:15,320,189,131,0,0,0
2019-07-03 08:30,296,168,128,0,0,0
2019-07-03 08:45,369,226,143,0,0,0
2019-07-03 09:00,276,159,117,0,0,0
2019-07-03 09:15,220,127,93,0,0,0
2019-07-03 09:30,259,159,100,0,0,0
2019-07-03 09:45,468,268,200,0,0,0
2019-07-03 10:00,503,269,234,0,0,0
2019-07-03 10:15,238,128,110,0,0,0
2019-07-03 10:30,183,104,79,0,0,0
2019-07-03 10:45,216,118,98,0,0,0
2019-07-03 11:00,217,104,113,0,0,0
2019-07-03 11:15,205,120,85,0,0,0
2019-07-03 11:30,266,158,108,0,0,0
2019-07-03 11:45,442,258,184,0,0,0
2019-07-03 12:00,366,236,130,0,0,0
2019-07-03 12:15,261,126,135,0,0,0
2019-07-03 12:30,250,120,130,0,0,0
2019-07-03 12:45,282,139,143,0,0,0
2019-07-03 13:00,274,142,132,0,0,0
2019-07-03 13:15,255,130,125,0,0,0
2019-07-03 13:30,278,130,148,0,0,0
2019-07-03 13:45,405,198,207,0,0,0
2019-07-03 14:00,368,214,154,0,0,0
2019-07-03 14:15,246,114,132,0,0,0
2019-07-03 14:30,232,116,116,0,0,0
2019-07-03 14:45,266,125,141,0,0,0
2019-07-03 15:00,243,108,135,0,0,0
2019-07-03 15:15,255,123,132,0,0,0
2019-07-03 15:30,350,154,196,0,0,0
2019-07-03 15:45,472,240,232,0,0,0
2019-07-03 16:00,423,247,176,0,0,0
2019-07-03 16:15,303,145,158,0,0,0
2019-07-03 16:30,281,137,144,0,0,0
2019-07-03 16:45,316,162,154,0,0,0
2019-07-03 17:00,305,172,133,0,0,0
2019-07-03 17:15,312,169,143,0,0,0
2019-07-03 17:30,421,219,202,0,0,0
2019-07-03 17:45,531,255,276,0,0,0
2019-07-03 18:00,391,168,223,0,0,0
2019-07-03 18:15,319,144,175,0,0,0
2019-07-03 18:30,308,133,175,0,0,0
2019-07-03 18:45,365,208,157,0,0,0
2019-07-03 19:00,299,156,143,0,0,0
2019-07-03 19:15,287,173,114,0,0,0
2019-07-03 19:30,271,134,137,0,0,0
2019-07-03 19:45,332,167,165,0,0,0
2019-07-03 20:00,255,120,135,0,0,0
2019-07-03 20:15,241,126,115,0,0,0
2019-07-03 20:30,241,100,141,0,0,0
2019-07-03 20:45,175,69,106,0,0,0
2019-07-03 21:00,173,87,86,0,0,0
2019-07-03 21:15,165,81,84,0,0,0
2019-07-03 21:30,160,58,102,0,0,0
2019-07-03 21:45,149,47,102,0,0,0
2019-07-03 22:00,144,60,84,0,0,0
2019-07-03 22:15,140,70,70,0,0,0
2019-07-03 22:30,118,57,61,0,0,0
2019-07-03 22:45,162,56,106,0,0,0
2019-07-03 23:00,110,40,70,0,0,0
2019-07-03 23:15,120,41,79,0,0,0
2019-07-03 23:30,84,27,57,0,0,0
2019-07-03 23:45,53,20,33,0,0,0
2019-07-04 00:00,68,14,54,0,0,0
2019-07-04 00:15,64,24,40,0,0,0
2019-07-04 00:30,50,11,39,0,0,0
2019-07-04 00:45,40,10,30,0,0,0
2019-07-04 01:00,39,10,29,0,0,0
2019-07-04 01:15,30,14,16,0,0,0
2019-07-04 01:30,27,8,19,0,0,0
2019-07-04 01:45,17,6,11,0,0,0
2019-07-04 02:00,19,5,14,0,0,0
2019-07-04 02:15,25,4,21,0,0,0
2019-07-04 02:30,13,1,12,0,0,0
2019-07-04 02:45,13,2,11,0,0,0
2019-07-04 03:00,8,0,8,0,0,0
2019-07-04 03:15,7,2,5,0,0,0
2019-07-04 03:30,18,5,13,0,0,0
2019-07-04 03:45,16,0,16,0,0,0
2019-07-04 04:00,8,2,6,0,0,0
2019-07-04 04:15,13,2,11,0,0,0
2019-07-04 04:30,5,2,3,0,0,0
2019-07-04 04:45,14,4,10,0,0,0
2019-07-04 05:00,8,6,2,0,0,0
2019-07-04 05:15,17,11,6,0,0,0
2019-07-04 05:30,29,19,10,0,0,0
2019-07-04 05:45,28,22,6,0,0,0
2019-07-04 06:00,32,21,11,0,0,0
2019-07-04 06:15,55,32,23,0,0,0
2019-07-04 06:30,84,51,33,0,0,0
2019-07-04 06:45,109,74,35,0,0,0
2019-07-04 07:00,113,71,42,0,0,0
2019-07-04 07:15,181,110,71,0,0,0
2019-07-04 07:30,299,170,129,0,0,0
2019-07-04 07:45,465,269,196,0,0,0
2019-07-04 08:00,413,247,166,0,0,0
2019-07-04 08:15,340,222,118,0,0,0
2019-07-04 08:30,270,185,85,0,0,0
2019-07-04 08:45,367,223,144,0,0,0
2019-07-04 09:00,259,163,96,0,0,0
2019-07-04 09:15,237,120,117,0,0,0
2019-07-04 09:30,271,143,128,0,0,0
2019-07-04 09:45,458,271,187,0,0,0
2019-07-04 10:00,458,292,166,0,0,0
2019-07-04 10:15,227,131,96,0,0,0
2019-07-04 10:30,138,73,65,0,0,0
2019-07-04 10:45,153,92,61,0,0,0
2019-07-04 11:00,175,99,76,0,0,0
2019-07-04 11:15,211,88,123,0,0,0
2019-07-04 11:30,201,111,90,0,0,0
2019-07-04 11:45,418,204,214,0,0,0
2019-07-04 12:00,336,178,158,0,0,0
2019-07-04 12:15,249,116,133,0,0,0
2019-07-04 12:30,251,133,118,0,0,0
2019-07-04 12:45,260,129,131,0,0,0
2019-07-04 13:00,271,114,157,0,0,0
2019-07-04 13:15,268,141,127,0,0,0
2019-07-04 13:30,279,121,158,0,0,0
2019-07-04 13:45,362,169,193,0,0,0
2019-07-04 14:00,334,203,131,0,0,0
2019-07-04 14:15,257,128,129,0,0,0
2019-07-04 14:30,266,144,122,0,0,0
2019-07-04 14:45,267,128,139,0,0,0
2019-07-04 15:00,273,135,138,0,0,0
2019-07-04 15:15,258,147,111,0,0,0
2019-07-04 15:30,324,143,181,0,0,0
2019-07-04 15:45,442,224,218,0,0,0
2019-07-04 16:00,397,211,186,0,0,0
2019-07-04 16:15,282,145,137,0,0,0
2019-07-04 16:30,290,131,159,0,0,0
2019-07-04 16:45,334,176,158,0,0,0
2019-07-04 17:00,310,165,145,0,0,0
2019-07-04 17:15,337,168,169,0,0,0
2019-07-04 17:30,417,225,192,0,0,0
2019-07-04 17:45,564,327,237,0,0,0
2019-07-04 18:00,372,211,161,0,0,0
2019-07-04 18:15,339,183,156,0,0,0
2019-07-04 18:30,335,179,156,0,0,0
2019-07-04 18:45,306,157,149,0,0,0
2019-07-04 19:00,261,132,129,0,0,0
2019-07-04 19:15,333,174,159,0,0,0
2019-07-04 19:30,285,104,181,0,0,0
2019-07-04 19:45,293,136,157,0,0,0
2019-07-04 20:00,273,110,163,0,0,0
2019-07-04 20:15,197,70,127,0,0,0
2019-07-04 20:30,188,73,115,0,0,0
2019-07-04 20:45,172,71,101,0,0,0
2019-07-04 21:00,244,77,167,0,0,0
2019-07-04 21:15,181,61,120,0,0,0
2019-07-04 21:30,163,79,84,0,0,0
2019-07-04 21:45,141,59,82,0,0,0
2019-07-04 22:00,151,65,86,0,0,0
2019-07-04 22:15,158,66,92,0,0,0
2019-07-04 22:30,121,37,84,0,0,0
2019-07-04 22:45,111,41,70,0,0,0
2019-07-04 23:00,119,35,84,0,0,0
2019-07-04 23:15,74,23,51,0,0,0
2019-07-04 23:30,73,27,46,0,0,0
2019-07-04 23:45,72,29,43,0,0,0
2019-07-05 00:00,53,18,35,0,0,0
2019-07-05 00:15,44,17,27,0,0,0
2019-07-05 00:30,42,23,19,0,0,0
2019-07-05 00:45,30,14,16,0,0,0
2019-07-05 01:00,17,6,11,0,0,0
2019-07-05 01:15,20,5,15,0,0,0
2019-07-05 01:30,20,3,17,0,0,0
2019-07-05 01:45,11,1,10,0,0,0
2019-07-05 02:00,13,4,9,0,0,0
2019-07-05 02:15,10,2,8,0,0,0
2019-07-05 02:30,5,3,2,0,0,0
2019-07-05 02:45,5,0,5,0,0,0
2019-07-05 03:00,3,1,2,0,0,0
2019-07-05 03:15,11,4,7,0,0,0
2019-07-05 03:30,4,1,3,0,0,0
2019-07-05 03:45,5,3,2,0,0,0
2019-07-05 04:00,3,2,1,0,0,0
2019-07-05 04:15,9,2,7,0,0,0
2019-07-05 04:30,7,3,4,0,0,0
2019-07-05 04:45,16,13,3,0,0,0
2019-07-05 05:00,2,0,2,0,0,0
2019-07-05 05:15,11,7,4,0,0,0
2019-07-05 05:30,28,14,14,0,0,0
2019-07-05 05:45,26,17,9,0,0,0
2019-07-05 06:00,31,23,8,0,0,0
2019-07-05 06:15,36,23,13,0,0,0
2019-07-05 06:30,58,42,16,0,0,0
2019-07-05 06:45,104,55,49,0,0,0
2019-07-05 07:00,109,77,32,0,0,0
2019-07-05 07:15,173,107,66,0,0,0
2019-07-05 07:30,304,197,107,0,0,0
2019-07-05 07:45,396,245,151,0,0,0
2019-07-05 08:00,357,208,149,0,0,0
2019-07-05 08:15,283,171,112,0,0,0
2019-07-05 08:30,259,157,102,0,0,0
2019-07-05 08:45,307,184,123,0,0,0
2019-07-05 09:00,237,151,86,0,0,0
2019-07-05 09:15,227,128,99,0,0,0
2019-07-05 09:30,215,124,91,0,0,0
2019-07-05 09:45,304,166,138,0,0,0
2019-07-05 10:00,311,177,134,0,0,0
2019-07-05 10:15,232,173,59,0,0,0
2019-07-05 10:30,169,92,77,0,0,0
2019-07-05 10:45,172,90,82,0,0,0
2019-07-05 11:00,176,96,80,0,0,0
2019-07-05 11:15,181,87,94,0,0,0
2019-07-05 11:30,213,105,108,0,0,0
2019-07-05 11:45,276,145,131,0,0,0
2019-07-05 12:00,267,128,139,0,0,0
2019-07-05 12:15,219,105,114,0,0,0
2019-07-05 12:30,234,117,117,0,0,0
2019-07-05 12:45,270,139,131,0,0,0
2019-07-05 13:00,237,110,127,0,0,0
2019-07-05 13:15,267,156,111,0,0,0
2019-07-05 13:30,274,158,116,0,0,0
2019-07-05 13:45,276,159,117,0,0,0
2019-07-05 14:00,270,158,112,0,0,0
2019-07-05 14:15,249,149,100,0,0,0
2019-07-05 14:30,271,144,127,0,0,0
2019-07-05 14:45,241,118,123,0,0,0
2019-07-05 15:00,239,119,120,0,0,0
2019-07-05 15:15,287,147,140,0,0,0
2019-07-05 15:30,305,163,142,0,0,0
2019-07-05 15:45,275,149,126,0,0,0
2019-07-05 16:00,266,141,125,0,0,0
2019-07-05 16:15,278,127,151,0,0,0
2019-07-05 16:30,234,127,107,0,0,0
2019-07-05 16:45,266,127,139,0,0,0
2019-07-05 17:00,266,136,130,0,0,0
2019-07-05 17:15,312,162,150,0,0,0
2019-07-05 17:30,248,135,113,0,0,0
2019-07-05 17:45,334,185,149,0,0,0
2019-07-05 18:00,252,133,119,0,0,0
2019-07-05 18:15,294,152,142,0,0,0
2019-07-05 18:30,285,171,114,0,0,0
2019-07-05 18:45,328,195,133,0,0,0
2019-07-05 19:00,278,146,132,0,0,0
2019-07-05 19:15,248,169,79,0,0,0
2019-07-05 19:30,255,156,99,0,0,0
2019-07-05 19:45,278,157,121,0,0,0
2019-07-05 20:00,232,134,98,0,0,0
2019-07-05 20:15,237,141,96,0,0,0
2019-07-05 20:30,130,68,62,0,0,0
2019-07-05 20:45,173,92,81,0,0,0
2019-07-05 21:00,167,81,86,0,0,0
2019-07-05 21:15,142,59,83,0,0,0
2019-07-05 21:30,124,50,74,0,0,0
2019-07-05 21:45,142,62,80,0,0,0
2019-07-05 22:00,165,61,104,0,0,0
2019-07-05 22:15,131,31,100,0,0,0
2019-07-05 22:30,178,63,115,0,0,0
2019-07-05 22:45,174,67,107,0,0,0
2019-07-05 23:00,119,52,67,0,0,0
2019-07-05 23:15,123,45,78,0,0,0
2019-07-05 23:30,123,35,88,0,0,0
2019-07-05 23:45,88,31,57,0,0,0
2019-07-06 00:00,88,28,60,0,0,0
2019-07-06 00:15,85,30,55,0,0,0
2019-07-06 00:30,81,27,54,0,0,0
2019-07-06 00:45,78,18,60,0,0,0
2019-07-06 01:00,73,27,46,0,0,0
2019-07-06 01:15,66,26,40,0,0,0
2019-07-06 01:30,62,22,40,0,0,0
2019-07-06 01:45,69,22,47,0,0,0
2019-07-06 02:00,47,16,31,0,0,0
2019-07-06 02:15,48,24,24,0,0,0
2019-07-06 02:30,65,33,32,0,0,0
2019-07-06 02:45,66,25,41,0,0,0
2019-07-06 03:00,45,17,28,0,0,0
2019-07-06 03:15,23,6,17,0,0,0
2019-07-06 03:30,27,7,20,0,0,0
2019-07-06 03:45,20,4,16,0,0,0
2019-07-06 04:00,15,3,12,0,0,0
2019-07-06 04:15,16,4,12,0,0,0
2019-07-06 04:30,27,8,19,0,0,0
2019-07-06 04:45,19,5,14,0,0,0
2019-07-06 05:00,17,6,11,0,0,0
2019-07-06 05:15,6,5,1,0,0,0
2019-07-06 05:30,11,6,5,0,0,0
2019-07-06 05:45,17,10,7,0,0,0
2019-07-06 06:00,19,10,9,0,0,0
2019-07-06 06:15,14,7,7,0,0,0
2019-07-06 06:30,13,7,6,0,0,0
2019-07-06 06:45,18,15,3,0,0,0
2019-07-06 07:00,17,12,5,0,0,0
2019-07-06 07:15,23,18,5,0,0,0
2019-07-06 07:30,54,42,12,0,0,0
2019-07-06 07:45,124,101,23,0,0,0
2019-07-06 08:00,96,81,15,0,0,0
2019-07-06 08:15,71,50,21,0,0,0
2019-07-06 08:30,90,59,31,0,0,0
2019-07-06 08:45,120,79,41,0,0,0
2019-07-06 09:00,90,62,28,0,0,0
2019-07-06 09:15,117,83,34,0,0,0
2019-07-06 09:30,143,89,54,0,0,0
2019-07-06 09:45,171,113,58,0,0,0
2019-07-06 10:00,133,98,35,0,0,0
2019-07-06 10:15,147,109,38,0,0,0
2019-07-06 10:30,147,89,58,0,0,0
2019-07-06 10:45,200,111,89,0,0,0
2019-07-06 11:00,175,96,79,0,0,0
2019-07-06 11:15,160,99,61,0,0,0
2019-07-06 11:30,189,120,69,0,0,0
2019-07-06 11:45,208,142,66,0,0,0
2019-07-06 12:00,190,124,66,0,0,0
2019-07-06 12:15,193,119,74,0,0,0
2019-07-06 12:30,203,106,97,0,0,0
2019-07-06 12:45,231,146,85,0,0,0
2019-07-06 13:00,168,95,73,0,0,0
2019-07-06 13:15,160,86,74,0,0,0
2019-07-06 13:30,166,88,78,0,0,0
2019-07-06 13:45,226,136,90,0,0,0
2019-07-06 14:00,214,96,118,0,0,0
2019-07-06 14:15,234,111,123,0,0,0
2019-07-06 14:30,228,98,130,0,0,0
2019-07-06 14:45,251,152,99,0,0,0
2019-07-06 15:00,224,109,115,0,0,0
2019-07-06 15:15,177,97,80,0,0,0
2019-07-06 15:30,213,97,116,0,0,0
2019-07-06 15:45,202,112,90,0,0,0
2019-07-06 16:00,182,92,90,0,0,0
2019-07-06 16:15,175,78,97,0,0,0
2019-07-06 16:30,193,92,101,0,0,0
2019-07-06 16:45,189,78,111,0,0,0
2019-07-06 17:00,167,71,96,0,0,0
2019-07-06 17:15,197,83,114,0,0,0
2019-07-06 17:30,195,93,102,0,0,0
2019-07-06 17:45,194,92,102,0,0,0
2019-07-06 18:00,186,67,119,0,0,0
2019-07-06 18:15,102,48,54,0,0,0
2019-07-06 18:30,149,58,91,0,0,0
2019-07-06 18:45,156,65,91,0,0,0
2019-07-06 19:00,101,38,63,0,0,0
2019-07-06 19:15,100,48,52,0,0,0
2019-07-06 19:30,106,51,55,0,0,0
2019-07-06 19:45,136,69,67,0,0,0
2019-07-06 20:00,135,51,84,0,0,0
2019-07-06 20:15,98,46,52,0,0,0
2019-07-06 20:30,80,45,35,0,0,0
2019-07-06 20:45,119,43,76,0,0,0
2019-07-06 21:00,94,47,47,0,0,0
2019-07-06 21:15,70,26,44,0,0,0
2019-07-06 21:30,44,12,32,0,0,0
2019-07-06 21:45,72,23,49,0,0,0
2019-07-06 22:00,73,34,39,0,0,0
2019-07-06 22:15,76,45,31,0,0,0
2019-07-06 22:30,54,25,29,0,0,0
2019-07-06 22:45,96,23,73,0,0,0
2019-07-06 23:00,66,25,41,0,0,0
2019-07-06 23:15,77,29,48,0,0,0
2019-07-06 23:30,49,26,23,0,0,0
2019-07-06 23:45,44,15,29,0,0,0
2019-07-07 00:00,59,20,39,0,0,0
2019-07-07 00:15,50,19,31,0,0,0
2019-07-07 00:30,60,18,42,0,0,0
2019-07-07 00:45,49,20,29,0,0,0
2019-07-07 01:00,43,23,20,0,0,0
2019-07-07 01:15,28,16,12,0,0,0
2019-07-07 01:30,61,18,43,0,0,0
2019-07-07 01:45,37,8,29,0,0,0
2019-07-07 02:00,37,12,25,0,0,0
2019-07-07 02:15,32,3,29,0,0,0
2019-07-07 02:30,40,16,24,0,0,0
2019-07-07 02:45,30,13,17,0,0,0
2019-07-07 03:00,19,6,13,0,0,0
2019-07-07 03:15,22,9,13,0,0,0
2019-07-07 03:30,20,7,13,0,0,0
2019-07-07 03:45,20,11,9,0,0,0
2019-07-07 04:00,30,13,17,0,0,0
2019-07-07 04:15,11,5,6,0,0,0
2019-07-07 04:30,23,8,15,0,0,0
2019-07-07 04:45,9,6,3,0,0,0
2019-07-07 05:00,13,4,9,0,0,0
2019-07-07 05:15,5,3,2,0,0,0
2019-07-07 05:30,5,4,1,0,0,0
2019-07-07 05:45,10,5,5,0,0,0
2019-07-07 06:00,7,2,5,0,0,0
2019-07-07 06:15,4,3,1,0,0,0
2019-07-07 06:30,6,3,3,0,0,0
2019-07-07 06:45,7,2,5,0,0,0
2019-07-07 07:00,8,4,4,0,0,0
2019-07-07 07:15,5,5,0,0,0,0
2019-07-07 07:30,9,3,6,0,0,0
2019-07-07 07:45,65,56,9,0,0,0
2019-07-07 08:00,48,41,7,0,0,0
2019-07-07 08:15,28,25,3,0,0,0
2019-07-07 08:30,37,24,13,0,0,0
2019-07-07 08:45,48,29,19,0,0,0
2019-07-07 09:00,46,28,18,0,0,0
2019-07-07 09:15,48,37,11,0,0,0
2019-07-07 09:30,84,57,27,0,0,0
2019-07-07 09:45,124,70,54,0,0,0
2019-07-07 10:00,91,51,40,0,0,0
2019-07-07 10:15,92,67,25,0,0,0
2019-07-07 10:30,87,46,41,0,0,0
2019-07-07 10:45,106,66,40,0,0,0
2019-07-07 11:00,84,59,25,0,0,0
2019-07-07 11:15,87,40,47,0,0,0
2019-07-07 11:30,113,77,36,0,0,0
2019-07-07 11:45,127,70,57,0,0,0
2019-07-07 12:00,105,53,52,0,0,0
2019-07-07 12:15,103,63,40,0,0,0
2019-07-07 12:30,95,50,45,0,0,0
2019-07-07 12:45,141,63,78,0,0,0
2019-07-07 13:00,116,63,53,0,0,0
2019-07-07 13:15,107,61,46,0,0,0
2019-07-07 13:30,160,70,90,0,0,0
2019-07-07 13:45,158,95,63,0,0,0
2019-07-07 14:00,121,69,52,0,0,0
2019-07-07 14:15,148,85,63,0,0,0
2019-07-07 14:30,159,95,64,0,0,0
2019-07-07 14:45,136,67,69,0,0,0
2019-07-07 15:00,133,74,59,0,0,0
2019-07-07 15:15,125,84,41,0,0,0
2019-07-07 15:30,130,69,61,0,0,0
2019-07-07 15:45,179,113,66,0,0,0
2019-07-07 16:00,146,69,77,0,0,0
2019-07-07 16:15,126,71,55,0,0,0
2019-07-07 16:30,163,86,77,0,0,0
2019-07-07 16:45,145,93,52,0,0,0
2019-07-07 17:00,170,93,77,0,0,0
2019-07-07 17:15,166,68,98,0,0,0
2019-07-07 17:30,169,78,91,0,0,0
2019-07-07 17:45,187,101,86,0,0,0
2019-07-07 18:00,149,64,85,0,0,0
2019-07-07 18:15,172,101,71,0,0,0
2019-07-07 18:30,142,75,67,0,0,0
2019-07-07 18:45,193,102,91,0,0,0
2019-07-07 19:00,137,73,64,0,0,0
2019-07-07 19:15,149,69,80,0,0,0
2019-07-07 19:30,142,68,74,0,0,0
2019-07-07 19:45,193,86,107,0,0,0
2019-07-07 20:00,146,64,82,0,0,0
2019-07-07 20:15,115,58,57,0,0,0
2019-07-07 20:30,101,30,71,0,0,0
2019-07-07 20:45,112,34,78,0,0,0
2019-07-07 21:00,144,43,101,0,0,0
2019-07-07 21:15,125,47,78,0,0,0
2019-07-07 21:30,75,24,51,0,0,0
2019-07-07 21:45,84,26,58,0,0,0
2019-07-07 22:00,105,34,71,0,0,0
2019-07-07 22:15,78,19,59,0,0,0
2019-07-07 22:30,56,18,38,0,0,0
2019-07-07 22:45,50,15,35,0,0,0
2019-07-07 23:00,45,18,27,0,0,0
2019-07-07 23:15,40,13,27,0,0,0
2019-07-07 23:30,31,11,20,0,0,0
2019-07-07 23:45,25,8,17,0,0,0
2019-07-08 00:00,28,5,23,0,0,0
2019-07-08 00:15,10,4,6,0,0,0
2019-07-08 00:30,27,6,21,0,0,0
2019-07-08 00:45,14,7,7,0,0,0
2019-07-08 01:00,13,3,10,0,0,0
2019-07-08 01:15,11,2,9,0,0,0
2019-07-08 01:30,14,6,8,0,0,0
2019-07-08 01:45,7,4,3,0,0,0
2019-07-08 02:00,6,2,4,0,0,0
2019-07-08 02:15,4,1,3,0,0,0
2019-07-08 02:30,7,3,4,0,0,0
2019-07-08 02:45,3,2,1,0,0,0
2019-07-08 03:00,0,0,0,0,0,0
2019-07-08 03:15,5,2,3,0,0,0
2019-07-08 03:30,3,2,1,0,0,0
2019-07-08 03:45,0,0,0,0,0,0
2019-07-08 04:00,3,1,2,0,0,0
2019-07-08 04:15,6,2,4,0,0,0
2019-07-08 04:30,7,5,2,0,0,0
2019-07-08 04:45,12,9,3,0,0,0
2019-07-08 05:00,11,7,4,0,0,0
2019-07-08 05:15,9,6,3,0,0,0
2019-07-08 05:30,27,13,14,0,0,0
2019-07-08 05:45,21,16,5,0,0,0
2019-07-08 06:00,36,26,10,0,0,0
2019-07-08 06:15,70,50,20,0,0,0
2019-07-08 06:30,65,45,20,0,0,0
2019-07-08 06:45,95,63,32,0,0,0
2019-07-08 07:00,99,75,24,0,0,0
2019-07-08 07:15,189,119,70,0,0,0
2019-07-08 07:30,263,187,76,0,0,0
2019-07-08 07:45,426,273,153,0,0,0
2019-07-08 08:00,300,177,123,0,0,0
2019-07-08 08:15,293,168,125,0,0,0
2019-07-08 08:30,236,143,93,0,0,0
2019-07-08 08:45,319,191,128,0,0,0
2019-07-08 09:00,238,133,105,0,0,0
2019-07-08 09:15,196,101,95,0,0,0
2019-07-08 09:30,220,112,108,0,0,0
2019-07-08 09:45,306,167,139,0,0,0
2019-07-08 10:00,265,148,117,0,0,0
2019-07-08 10:15,171,98,73,0,0,0
2019-07-08 10:30,155,92,63,0,0,0
2019-07-08 10:45,179,113,66,0,0,0
2019-07-08 11:00,186,90,96,0,0,0
2019-07-08 11:15,203,113,90,0,0,0
2019-07-08 11:30,223,108,115,0,0,0
2019-07-08 11:45,288,158,130,0,0,0
2019-07-08 12:00,273,154,119,0,0,0
2019-07-08 12:15,274,151,123,0,0,0
2019-07-08 12:30,263,126,137,0,0,0
2019-07-08 12:45,262,138,124,0,0,0
2019-07-08 13:00,275,139,136,0,0,0
2019-07-08 13:15,230,107,123,0,0,0
2019-07-08 13:30,282,141,141,0,0,0
2019-07-08 13:45,313,177,136,0,0,0
2019-07-08 14:00,265,136,129,0,0,0
2019-07-08 14:15,214,97,117,0,0,0
2019-07-08 14:30,193,90,103,0,0,0
2019-07-08 14:45,283,117,166,0,0,0
2019-07-08 15:00,238,120,118,0,0,0
2019-07-08 15:15,212,100,112,0,0,0
2019-07-08 15:30,297,155,142,0,0,0
2019-07-08 15:45,339,169,170,0,0,0
2019-07-08 16:00,333,170,163,0,0,0
2019-07-08 16:15,280,145,135,0,0,0
2019-07-08 16:30,243,126,117,0,0,0
2019-07-08 16:45,294,155,139,0,0,0
2019-07-08 17:00,315,150,165,0,0,0
2019-07-08 17:15,316,138,178,0,0,0
2019-07-08 17:30,369,148,221,0,0,0
2019-07-08 17:45,388,183,205,0,0,0
2019-07-08 18:00,360,153,207,0,0,0
2019-07-08 18:15,307,150,157,0,0,0
2019-07-08 18:30,224,114,110,0,0,0
2019-07-08 18:45,278,131,147,0,0,0
2019-07-08 19:00,240,104,136,0,0,0
2019-07-08 19:15,273,118,155,0,0,0
2019-07-08 19:30,238,106,132,0,0,0
2019-07-08 19:45,255,125,130,0,0,0
2019-07-08 20:00,195,82,113,0,0,0
2019-07-08 20:15,168,79,89,0,0,0
2019-07-08 20:30,121,55,66,0,0,0
2019-07-08 20:45,120,65,55,0,0,0
2019-07-08 21:00,130,59,71,0,0,0
2019-07-08 21:15,113,46,67,0,0,0
2019-07-08 21:30,92,37,55,0,0,0
2019-07-08 21:45,137,51,86,0,0,0
2019-07-08 22:00,143,65,78,0,0,0
2019-07-08 22:15,116,54,62,0,0,0
2019-07-08 22:30,84,40,44,0,0,0
2019-07-08 22:45,67,24,43,0,0,0
2019-07-08 23:00,64,13,51,0,0,0
2019-07-08 23:15,54,21,33,0,0,0
2019-07-08 23:30,44,19,25,0,0,0
2019-07-08 23:45,53,23,30,0,0,0
2019-07-09 00:00,37,12,25,0,0,0
2019-07-09 00:15,15,8,7,0,0,0
2019-07-09 00:30,16,6,10,0,0,0
2019-07-09 00:45,18,3,15,0,0,0
2019-07-09 01:00,19,4,15,0,0,0
2019-07-09 01:15,16,8,8,0,0,0
2019-07-09 01:30,14,6,8,0,0,0
2019-07-09 01:45,16,4,12,0,0,0
2019-07-09 02:00,16,5,11,0,0,0
2019-07-09 02:15,10,4,6,0,0,0
2019-07-09 02:30,7,3,4,0,0,0
2019-07-09 02:45,4,3,1,0,0,0
2019-07-09 03:00,1,0,1,0,0,0
2019-07-09 03:15,4,2,2,0,0,0
2019-07-09 03:30,3,3,0,0,0,0
2019-07-09 03:45,7,6,1,0,0,0
2019-07-09 04:00,0,0,0,0,0,0
2019-07-09 04:15,5,0,5,0,0,0
2019-07-09 04:30,0,0,0,0,0,0
2019-07-09 04:45,7,6,1,0,0,0
2019-07-09 05:00,11,9,2,0,0,0
2019-07-09 05:15,14,13,1,0,0,0
2019-07-09 05:30,26,16,10,0,0,0
2019-07-09 05:45,20,13,7,0,0,0
2019-07-09 06:00,32,25,7,0,0,0
2019-07-09 06:15,40,32,8,0,0,0
2019-07-09 06:30,77,54,23,0,0,0
2019-07-09 06:45,116,82,34,0,0,0
2019-07-09 07:00,113,69,44,0,0,0
2019-07-09 07:15,173,107,66,0,0,0
2019-07-09 07:30,358,237,121,0,0,0
2019-07-09 07:45,466,292,174,0,0,0
2019-07-09 08:00,413,288,125,0,0,0
2019-07-09 08:15,295,177,118,0,0,0
2019-07-09 08:30,251,144,107,0,0,0
2019-07-09 08:45,332,189,143,0,0,0
2019-07-09 09:00,248,154,94,0,0,0
2019-07-09 09:15,191,118,73,0,0,0
2019-07-09 09:30,228,131,97,0,0,0
2019-07-09 09:45,356,168,188,0,0,0
2019-07-09 10:00,306,159,147,0,0,0
2019-07-09 10:15,216,116,100,0,0,0
2019-07-09 10:30,183,104,79,0,0,0
2019-07-09 10:45,192,102,90,0,0,0
2019-07-09 11:00,164,94,70,0,0,0
2019-07-09 11:15,197,109,88,0,0,0
2019-07-09 11:30,267,157,110,0,0,0
2019-07-09 11:45,318,195,123,0,0,0
2019-07-09 12:00,259,164,95,0,0,0
2019-07-09 12:15,205,114,91,0,0,0
2019-07-09 12:30,210,106,104,0,0,0
2019-07-09 12:45,253,118,135,0,0,0
2019-07-09 13:00,286,129,157,0,0,0
2019-07-09 13:15,271,135,136,0,0,0
2019-07-09 13:30,297,128,169,0,0,0
2019-07-09 13:45,349,178,171,0,0,0
2019-07-09 14:00,291,154,137,0,0,0
2019-07-09 14:15,240,113,127,0,0,0
2019-07-09 14:30,226,121,105,0,0,0
2019-07-09 14:45,267,133,134,0,0,0
2019-07-09 15:00,220,110,110,0,0,0
2019-07-09 15:15,279,137,142,0,0,0
2019-07-09 15:30,271,143,128,0,0,0
2019-07-09 15:45,331,165,166,0,0,0
2019-07-09 16:00,335,160,175,0,0,0
2019-07-09 16:15,297,152,145,0,0,0
2019-07-09 16:30,282,142,140,0,0,0
2019-07-09 16:45,326,152,174,0,0,0
2019-07-09 17:00,290,151,139,0,0,0
2019-07-09 17:15,326,150,176,0,0,0
2019-07-09 17:30,371,179,192,0,0,0
2019-07-09 17:45,437,204,233,0,0,0
2019-07-09 18:00,373,172,201,0,0,0
2019-07-09 18:15,353,179,174,0,0,0
2019-07-09 18:30,287,140,147,0,0,0
2019-07-09 18:45,357,163,194,0,0,0
2019-07-09 19:00,262,136,126,0,0,0
2019-07-09 19:15,268,134,134,0,0,0
2019-07-09 19:30,233,102,131,0,0,0
2019-07-09 19:45,306,154,152,0,0,0
2019-07-09 20:00,222,105,117,0,0,0
2019-07-09 20:15,212,95,117,0,0,0
2019-07-09 20:30,165,61,104,0,0,0
2019-07-09 20:45,148,58,90,0,0,0
2019-07-09 21:00,138,62,76,0,0,0
2019-07-09 21:15,135,56,79,0,0,0
2019-07-09 21:30,162,54,108,0,0,0
2019-07-09 21:45,130,52,78,0,0,0
2019-07-09 22:00,158,66,92,0,0,0
2019-07-09 22:15,131,56,75,0,0,0
2019-07-09 22:30,101,41,60,0,0,0
2019-07-09 22:45,97,38,59,0,0,0
2019-07-09 23:00,113,48,65,0,0,0
2019-07-09 23:15,78,26,52,0,0,0
2019-07-09 23:30,86,31,55,0,0,0
2019-07-09 23:45,49,18,31,0,0,0
2019-07-10 00:00,61,20,41,0,0,0
2019-07-10 00:15,57,16,41,0,0,0
2019-07-10 00:30,37,12,25,0,0,0
2019-07-10 00:45,33,7,26,0,0,0
2019-07-10 01:00,40,8,32,0,0,0
2019-07-10 01:15,15,6,9,0,0,0
2019-07-10 01:30,33,16,17,0,0,0
2019-07-10 01:45,14,3,11,0,0,0
2019-07-10 02:00,22,11,11,0,0,0
2019-07-10 02:15,12,4,8,0,0,0
2019-07-10 02:30,15,7,8,0,0,0
2019-07-10 02:45,7,3,4,0,0,0
2019-07-10 03:00,7,1,6,0,0,0
2019-07-10 03:15,12,8,4,0,0,0
2019-07-10 03:30,9,7,2,0,0,0
2019-07-10 03:45,5,4,1,0,0,0
2019-07-10 04:00,6,3,3,0,0,0
2019-07-10 04:15,4,2,2,0,0,0
2019-07-10 04:30,8,7,1,0,0,0
2019-07-10 04:45,8,6,2,0,0,0
2019-07-10 05:00,10,8,2,0,0,0
2019-07-10 05:15,11,8,3,0,0,0
2019-07-10 05:30,30,18,12,0,0,0
2019-07-10 05:45,26,14,12,0,0,0
2019-07-10 06:00,34,26,8,0,0,0
2019-07-10 06:15,63,49,14,0,0,0
2019-07-10 06:30,56,41,15,0,0,0
2019-07-10 06:45,109,73,36,0,0,0
2019-07-10 07:00,103,73,30,0,0,0
2019-07-10 07:15,237,176,61,0,0,0
2019-07-10 07:30,298,205,93,0,0,0
2019-07-10 07:45,476,334,142,0,0,0
2019-07-10 08:00,337,190,147,0,0,0
2019-07-10 08:15,305,197,108,0,0,0
2019-07-10 08:30,262,152,110,0,0,0
2019-07-10 08:45,304,195,109,0,0,0
2019-07-10 09:00,201,114,87,0,0,0
2019-07-10 09:15,219,111,108,0,0,0
2019-07-10 09:30,251,139,112,0,0,0
2019-07-10 09:45,358,197,161,0,0,0
2019-07-10 10:00,341,175,166,0,0,0
2019-07-10 10:15,214,114,100,0,0,0
2019-07-10 10:30,172,98,74,0,0,0
2019-07-10 10:45,207,115,92,0,0,0
2019-07-10 11:00,207,131,76,0,0,0
2019-07-10 11:15,218,123,95,0,0,0
2019-07-10 11:30,307,141,166,0,0,0
2019-07-10 11:45,351,171,180,0,0,0
2019-07-10 12:00,323,184,139,0,0,0
2019-07-10 12:15,303,169,134,0,0,0
2019-07-10 12:30,286,156,130,0,0,0
2019-07-10 12:45,278,144,134,0,0,0
2019-07-10 13:00,313,146,167,0,0,0
2019-07-10 13:15,273,119,154,0,0,0
2019-07-10 13:30,281,162,119,0,0,0
2019-07-10 13:45,315,162,153,0,0,0
2019-07-10 14:00,322,156,166,0,0,0
2019-07-10 14:15,243,119,124,0,0,0
2019-07-10 14:30,233,123,110,0,0,0
2019-07-10 14:45,265,140,125,0,0,0
2019-07-10 15:00,236,106,130,0,0,0
2019-07-10 15:15,269,132,137,0,0,0
2019-07-10 15:30,294,149,145,0,0,0
2019-07-10 15:45,402,173,229,0,0,0
2019-07-10 16:00,438,208,230,0,0,0
2019-07-10 16:15,336,146,190,0,0,0
2019-07-10 16:30,319,157,162,0,0,0
2019-07-10 16:45,322,175,147,0,0,0
2019-07-10 17:00,327,157,170,0,0,0
2019-07-10 17:15,369,188,181,0,0,0
2019-07-10 17:30,407,184,223,0,0,0
2019-07-10 17:45,446,223,223,0,0,0
2019-07-10 18:00,379,198,181,0,0,0
2019-07-10 18:15,311,160,151,0,0,0
2019-07-10 18:30,281,147,134,0,0,0
2019-07-10 18:45,303,154,149,0,0,0
2019-07-10 19:00,298,136,162,0,0,0
2019-07-10 19:15,279,131,148,0,0,0
2019-07-10 19:30,238,113,125,0,0,0
2019-07-10 19:45,264,124,140,0,0,0
2019-07-10 20:00,235,106,129,0,0,0
2019-07-10 20:15,188,92,96,0,0,0
2019-07-10 20:30,155,70,85,0,0,0
2019-07-10 20:45,157,86,71,0,0,0
2019-07-10 21:00,155,73,82,0,0,0
2019-07-10 21:15,128,64,64,0,0,0
2019-07-10 21:30,154,41,113,0,0,0
2019-07-10 21:45,156,72,84,0,0,0
2019-07-10 22:00,130,56,74,0,0,0
2019-07-10 22:15,117,56,61,0,0,0
2019-07-10 22:30,125,56,69,0,0,0
2019-07-10 22:45,159,45,114,0,0,0
2019-07-10 23:00,82,30,52,0,0,0
2019-07-10 23:15,104,49,55,0,0,0
2019-07-10 23:30,82,31,51,0,0,0
2019-07-10 23:45,75,39,36,0,0,0
2019-07-11 00:00,61,29,32,0,0,0
2019-07-11 00:15,57,24,33,0,0,0
2019-07-11 00:30,57,11,46,0,0,0
2019-07-11 00:45,61,21,40,0,0,0
2019-07-11 01:00,46,13,33,0,0,0
2019-07-11 01:15,47,16,31,0,0,0
2019-07-11 01:30,32,4,28,0,0,0
2019-07-11 01:45,43,3,40,0,0,0
2019-07-11 02:00,24,3,21,0,0,0
2019-07-11 02:15,32,4,28,0,0,0
2019-07-11 02:30,19,3,16,0,0,0
2019-07-11 02:45,12,0,12,0,0,0
2019-07-11 03:00,10,2,8,0,0,0
2019-07-11 03:15,15,6,9,0,0,0
2019-07-11 03:30,22,6,16,0,0,0
2019-07-11 03:45,13,3,10,0,0,0
2019-07-11 04:00,9,4,5,0,0,0
2019-07-11 04:15,7,2,5,0,0,0
2019-07-11 04:30,6,4,2,0,0,0
2019-07-11 04:45,10,4,6,0,0,0
2019-07-11 05:00,10,5,5,0,0,0
2019-07-11 05:15,14,11,3,0,0,0
2019-07-11 05:30,19,15,4,0,0,0
2019-07-11 05:45,32,16,16,0,0,0
2019-07-11 06:00,32,22,10,0,0,0
2019-07-11 06:15,46,30,16,0,0,0
2019-07-11 06:30,48,33,15,0,0,0
2019-07-11 06:45,88,55,33,0,0,0
2019-07-11 07:00,84,50,34,0,0,0
2019-07-11 07:15,126,61,65,0,0,0
2019-07-11 07:30,223,123,100,0,0,0
2019-07-11 07:45,357,232,125,0,0,0
2019-07-11 08:00,300,202,98,0,0,0
2019-07-11 08:15,255,165,90,0,0,0
2019-07-11 08:30,198,131,67,0,0,0
2019-07-11 08:45,281,185,96,0,0,0
2019-07-11 09:00,198,129,69,0,0,0
2019-07-11 09:15,172,111,61,0,0,0
2019-07-11 09:30,246,124,122,0,0,0
2019-07-11 09:45,289,166,123,0,0,0
2019-07-11 10:00,211,144,67,0,0,0
2019-07-11 10:15,143,80,63,0,0,0
2019-07-11 10:30,111,69,42,0,0,0
2019-07-11 10:45,123,63,60,0,0,0
2019-07-11 11:00,142,63,79,0,0,0
2019-07-11 11:15,129,63,66,0,0,0
2019-07-11 11:30,187,92,95,0,0,0
2019-07-11 11:45,233,125,108,0,0,0
2019-07-11 12:00,207,101,106,0,0,0
2019-07-11 12:15,188,99,89,0,0,0
2019-07-11 12:30,151,87,64,0,0,0
2019-07-11 12:45,233,115,118,0,0,0
2019-07-11 13:00,201,104,97,0,0,0
2019-07-11 13:15,202,101,101,0,0,0
2019-07-11 13:30,193,84,109,0,0,0
2019-07-11 13:45,255,134,121,0,0,0
2019-07-11 14:00,261,117,144,0,0,0
2019-07-11 14:15,242,110,132,0,0,0
2019-07-11 14:30,170,84,86,0,0,0
2019-07-11 14:45,215,107,108,0,0,0
2019-07-11 15:00,205,80,125,0,0,0
2019-07-11 15:15,205,115,90,0,0,0
2019-07-11 15:30,219,125,94,0,0,0
2019-07-11 15:45,340,180,160,0,0,0
2019-07-11 16:00,319,175,144,0,0,0
2019-07-11 16:15,269,138,131,0,0,0
2019-07-11 16:30,248,108,140,0,0,0
2019-07-11 16:45,281,166,115,0,0,0
2019-07-11 17:00,241,124,117,0,0,0
2019-07-11 17:15,311,163,148,0,0,0
2019-07-11 17:30,305,156,149,0,0,0
2019-07-11 17:45,281,145,136,0,0,0
2019-07-11 18:00,83,35,48,0,0,0
2019-07-11 18:15,159,67,92,0,0,0
2019-07-11 18:30,126,59,67,0,0,0
2019-07-11 18:45,222,106,116,0,0,0
2019-07-11 19:00,237,117,120,0,0,0
2019-07-11 19:15,267,132,135,0,0,0
2019-07-11 19:30,160,78,82,0,0,0
2019-07-11 19:45,265,98,167,0,0,0
2019-07-11 20:00,158,75,83,0,0,0
2019-07-11 20:15,161,85,76,0,0,0
2019-07-11 20:30,106,52,54,0,0,0
2019-07-11 20:45,105,45,60,0,0,0
2019-07-11 21:00,99,44,55,0,0,0
2019-07-11 21:15,96,51,45,0,0,0
2019-07-11 21:30,86,36,50,0,0,0
2019-07-11 21:45,110,35,75,0,0,0
2019-07-11 22:00,130,57,73,0,0,0
2019-07-11 22:15,90,43,47,0,0,0
2019-07-11 22:30,76,32,44,0,0,0
2019-07-11 22:45,97,20,77,0,0,0
2019-07-11 23:00,85,20,65,0,0,0
2019-07-11 23:15,88,27,61,0,0,0
2019-07-11 23:30,71,21,50,0,0,0
2019-07-11 23:45,59,22,37,0,0,0
2019-07-12 00:00,45,23,22,0,0,0
2019-07-12 00:15,47,22,25,0,0,0
2019-07-12 00:30,54,18,36,0,0,0
2019-07-12 00:45,34,10,24,0,0,0
2019-07-12 01:00,31,8,23,0,0,0
2019-07-12 01:15,40,15,25,0,0,0
2019-07-12 01:30,23,7,16,0,0,0
2019-07-12 01:45,45,8,37,0,0,0
2019-07-12 02:00,24,8,16,0,0,0
2019-07-12 02:15,20,4,16,0,0,0
2019-07-12 02:30,31,11,20,0,0,0
2019-07-12 02:45,8,0,8,0,0,0
2019-07-12 03:00,12,3,9,0,0,0
2019-07-12 03:15,9,2,7,0,0,0
2019-07-12 03:30,5,1,4,0,0,0
2019-07-12 03:45,7,3,4,0,0,0
2019-07-12 04:00,4,0,4,0,0,0
2019-07-12 04:15,7,5,2,0,0,0
2019-07-12 04:30,9,3,6,0,0,0
2019-07-12 04:45,16,8,8,0,0,0
2019-07-12 05:00,8,2,6,0,0,0
2019-07-12 05:15,20,12,8,0,0,0
2019-07-12 05:30,16,12,4,0,0,0
2019-07-12 05:45,26,15,11,0,0,0
2019-07-12 06:00,34,22,12,0,0,0
2019-07-12 06:15,39,26,13,0,0,0
2019-07-12 06:30,41,28,13,0,0,0
2019-07-12 06:45,101,68,33,0,0,0
2019-07-12 07:00,97,65,32,0,0,0
2019-07-12 07:15,154,105,49,0,0,0
2019-07-12 07:30,230,148,82,0,0,0
2019-07-12 07:45,346,236,110,0,0,0
2019-07-12 08:00,279,193,86,0,0,0
2019-07-12 08:15,201,137,64,0,0,0
2019-07-12 08:30,211,157,54,0,0,0
2019-07-12 08:45,254,167,87,0,0,0
2019-07-12 09:00,195,126,69,0,0,0
2019-07-12 09:15,179,117,62,0,0,0
2019-07-12 09:30,114,57,57,0,0,0
2019-07-12 09:45,135,67,68,0,0,0
2019-07-12 10:00,188,105,83,0,0,0
2019-07-12 10:15,170,92,78,0,0,0
2019-07-12 10:30,162,61,101,0,0,0
2019-07-12 10:45,147,60,87,0,0,0
2019-07-12 11:00,139,57,82,0,0,0
2019-07-12 11:15,156,78,78,0,0,0
2019-07-12 11:30,169,90,79,0,0,0
2019-07-12 11:45,192,117,75,0,0,0
2019-07-12 12:00,219,94,125,0,0,0
2019-07-12 12:15,223,109,114,0,0,0
2019-07-12 12:30,196,101,95,0,0,0
2019-07-12 12:45,242,147,95,0,0,0
2019-07-12 13:00,228,135,93,0,0,0
2019-07-12 13:15,206,133,73,0,0,0
2019-07-12 13:30,238,123,115,0,0,0
2019-07-12 13:45,255,135,120,0,0,0
2019-07-12 14:00,225,113,112,0,0,0
2019-07-12 14:15,199,111,88,0,0,0
2019-07-12 14:30,231,125,106,0,0,0
2019-07-12 14:45,217,114,103,0,0,0
2019-07-12 15:00,208,87,121,0,0,0
2019-07-12 15:15,288,162,126,0,0,0
2019-07-12 15:30,248,142,106,0,0,0
2019-07-12 15:45,171,68,103,0,0,0
2019-07-12 16:00,100,37,63,0,0,0
2019-07-12 16:15,159,80,79,0,0,0
2019-07-12 16:30,228,118,110,0,0,0
2019-07-12 16:45,190,89,101,0,0,0
2019-07-12 17:00,195,111,84,0,0,0
2019-07-12 17:15,202,100,102,0,0,0
2019-07-12 17:30,189,100,89,0,0,0
2019-07-12 17:45,225,126,99,0,0,0
2019-07-12 18:00,214,102,112,0,0,0
2019-07-12 18:15,192,93,99,0,0,0
2019-07-12 18:30,169,90,79,0,0,0
2019-07-12 18:45,193,104,89,0,0,0
2019-07-12 19:00,187,114,73,0,0,0
2019-07-12 19:15,168,101,67,0,0,0
2019-07-12 19:30,161,102,59,0,0,0
2019-07-12 19:45,184,132,52,0,0,0
2019-07-12 20:00,167,92,75,0,0,0
2019-07-12 20:15,147,89,58,0,0,0
2019-07-12 20:30,127,68,59,0,0,0
2019-07-12 20:45,151,88,63,0,0,0
2019-07-12 21:00,117,67,50,0,0,0
2019-07-12 21:15,107,54,53,0,0,0
2019-07-12 21:30,90,41,49,0,0,0
2019-07-12 21:45,114,54,60,0,0,0
2019-07-12 22:00,106,36,70,0,0,0
2019-07-12 22:15,83,40,43,0,0,0
2019-07-12 22:30,105,40,65,0,0,0
2019-07-12 22:45,92,40,52,0,0,0
2019-07-12 23:00,117,37,80,0,0,0
2019-07-12 23:15,91,44,47,0,0,0
2019-07-12 23:30,113,34,79,0,0,0
2019-07-12 23:45,113,29,84,0,0,0
2019-07-13 00:00,86,24,62,0,0,0
2019-07-13 00:15,94,41,53,0,0,0
2019-07-13 00:30,88,30,58,0,0,0
2019-07-13 00:45,72,27,45,0,0,0
2019-07-13 01:00,76,28,48,0,0,0
2019-07-13 01:15,79,23,56,0,0,0
2019-07-13 01:30,59,17,42,0,0,0
2019-07-13 01:45,55,18,37,0,0,0
2019-07-13 02:00,54,17,37,0,0,0
2019-07-13 02:15,35,4,31,0,0,0
2019-07-13 02:30,50,14,36,0,0,0
2019-07-13 02:45,40,8,32,0,0,0
2019-07-13 03:00,22,7,15,0,0,0
2019-07-13 03:15,28,5,23,0,0,0
2019-07-13 03:30,22,3,19,0,0,0
2019-07-13 03:45,18,3,15,0,0,0
2019-07-13 04:00,21,1,20,0,0,0
2019-07-13 04:15,18,2,16,0,0,0
2019-07-13 04:30,12,4,8,0,0,0
2019-07-13 04:45,23,9,14,0,0,0
2019-07-13 05:00,10,6,4,0,0,0
2019-07-13 05:15,15,7,8,0,0,0
2019-07-13 05:30,21,10,11,0,0,0
2019-07-13 05:45,20,13,7,0,0,0
2019-07-13 06:00,13,4,9,0,0,0
2019-07-13 06:15,14,10,4,0,0,0
2019-07-13 06:30,16,7,9,0,0,0
2019-07-13 06:45,20,13,7,0,0,0
2019-07-13 07:00,27,21,6,0,0,0
2019-07-13 07:15,59,53,6,0,0,0
2019-07-13 07:30,118,99,19,0,0,0
2019-07-13 07:45,116,106,10,0,0,0
2019-07-13 08:00,65,53,12,0,0,0
2019-07-13 08:15,91,64,27,0,0,0
2019-07-13 08:30,72,45,27,0,0,0
2019-07-13 08:45,118,78,40,0,0,0
2019-07-13 09:00,80,51,29,0,0,0
2019-07-13 09:15,91,71,20,0,0,0
2019-07-13 09:30,100,63,37,0,0,0
2019-07-13 09:45,174,111,63,0,0,0
2019-07-13 10:00,145,103,42,0,0,0
2019-07-13 10:15,151,94,57,0,0,0
2019-07-13 10:30,138,78,60,0,0,0
2019-07-13 10:45,149,88,61,0,0,0
2019-07-13 11:00,156,107,49,0,0,0
2019-07-13 11:15,145,86,59,0,0,0
2019-07-13 11:30,151,96,55,0,0,0
2019-07-13 11:45,187,121,66,0,0,0
2019-07-13 12:00,167,85,82,0,0,0
2019-07-13 12:15,187,106,81,0,0,0
2019-07-13 12:30,172,97,75,0,0,0
2019-07-13 12:45,182,101,81,0,0,0
2019-07-13 13:00,190,93,97,0,0,0
2019-07-13 13:15,176,95,81,0,0,0
2019-07-13 13:30,185,98,87,0,0,0
2019-07-13 13:45,160,79,81,0,0,0
2019-07-13 14:00,203,105,98,0,0,0
2019-07-13 14:15,144,64,80,0,0,0
2019-07-13 14:30,167,78,89,0,0,0
2019-07-13 14:45,192,104,88,0,0,0
2019-07-13 15:00,154,73,81,0,0,0
2019-07-13 15:15,138,78,60,0,0,0
2019-07-13 15:30,155,73,82,0,0,0
2019-07-13 15:45,158,63,95,0,0,0
2019-07-13 16:00,149,69,80,0,0,0
2019-07-13 16:15,174,67,107,0,0,0
2019-07-13 16:30,166,89,77,0,0,0
2019-07-13 16:45,177,88,89,0,0,0
2019-07-13 17:00,124,67,57,0,0,0
2019-07-13 17:15,165,80,85,0,0,0
2019-07-13 17:30,148,66,82,0,0,0
2019-07-13 17:45,191,87,104,0,0,0
2019-07-13 18:00,181,61,120,0,0,0
2019-07-13 18:15,151,69,82,0,0,0
2019-07-13 18:30,182,90,92,0,0,0
2019-07-13 18:45,187,110,77,0,0,0
2019-07-13 19:00,194,84,110,0,0,0
2019-07-13 19:15,147,75,72,0,0,0
2019-07-13 19:30,138,70,68,0,0,0
2019-07-13 19:45,135,74,61,0,0,0
2019-07-13 20:00,186,86,100,0,0,0
2019-07-13 20:15,106,53,53,0,0,0
2019-07-13 20:30,121,63,58,0,0,0
2019-07-13 20:45,110,54,56,0,0,0
2019-07-13 21:00,131,73,58,0,0,0
2019-07-13 21:15,92,40,52,0,0,0
2019-07-13 21:30,91,39,52,0,0,0
2019-07-13 21:45,85,39,46,0,0,0
2019-07-13 22:00,79,37,42,0,0,0
2019-07-13 22:15,87,34,53,0,0,0
2019-07-13 22:30,93,49,44,0,0,0
2019-07-13 22:45,77,43,34,0,0,0
2019-07-13 23:00,73,26,47,0,0,0
2019-07-13 23:15,91,35,56,0,0,0
2019-07-13 23:30,72,30,42,0,0,0
2019-07-13 23:45,86,25,61,0,0,0
2019-07-14 00:00,75,31,44,0,0,0
2019-07-14 00:15,75,27,48,0,0,0
2019-07-14 00:30,66,34,32,0,0,0
2019-07-14 00:45,50,14,36,0,0,0
2019-07-14 01:00,60,28,32,0,0,0
2019-07-14 01:15,63,28,35,0,0,0
2019-07-14 01:30,54,18,36,0,0,0
2019-07-14 01:45,38,13,25,0,0,0
2019-07-14 02:00,61,13,48,0,0,0
2019-07-14 02:15,38,7,31,0,0,0
2019-07-14 02:30,34,10,24,0,0,0
2019-07-14 02:45,30,7,23,0,0,0
2019-07-14 03:00,27,7,20,0,0,0
2019-07-14 03:15,35,1,34,0,0,0
2019-07-14 03:30,28,11,17,0,0,0
2019-07-14 03:45,34,8,26,0,0,0
2019-07-14 04:00,33,16,17,0,0,0
2019-07-14 04:15,24,8,16,0,0,0
2019-07-14 04:30,11,4,7,0,0,0
2019-07-14 04:45,13,5,8,0,0,0
2019-07-14 05:00,15,1,14,0,0,0
2019-07-14 05:15,19,0,19,0,0,0
2019-07-14 05:30,18,6,12,0,0,0
2019-07-14 05:45,16,4,12,0,0,0
2019-07-14 06:00,14,1,13,0,0,0
2019-07-14 06:15,14,9,5,0,0,0
2019-07-14 06:30,8,4,4,0,0,0
2019-07-14 06:45,16,7,9,0,0,0
2019-07-14 07:00,10,3,7,0,0,0
2019-07-14 07:15,8,6,2,0,0,0
2019-07-14 07:30,17,10,7,0,0,0
2019-07-14 07:45,68,59,9,0,0,0
2019-07-14 08:00,39,34,5,0,0,0
2019-07-14 08:15,40,27,13,0,0,0
2019-07-14 08:30,37,26,11,0,0,0
2019-07-14 08:45,41,29,12,0,0,0
2019-07-14 09:00,50,33,17,0,0,0
2019-07-14 09:15,44,27,17,0,0,0
2019-07-14 09:30,64,50,14,0,0,0
2019-07-14 09:45,123,86,37,0,0,0
2019-07-14 10:00,91,68,23,0,0,0
2019-07-14 10:15,81,60,21,0,0,0
2019-07-14 10:30,77,55,22,0,0,0
2019-07-14 10:45,103,76,27,0,0,0
2019-07-14 11:00,89,60,29,0,0,0
2019-07-14 11:15,81,46,35,0,0,0
2019-07-14 11:30,94,52,42,0,0,0
2019-07-14 11:45,110,45,65,0,0,0
2019-07-14 12:00,106,54,52,0,0,0
2019-07-14 12:15,89,44,45,0,0,0
2019-07-14 12:30,121,45,76,0,0,0
2019-07-14 12:45,132,74,58,0,0,0
2019-07-14 13:00,113,46,67,0,0,0
2019-07-14 13:15,83,43,40,0,0,0
2019-07-14 13:30,123,46,77,0,0,0
2019-07-14 13:45,111,55,56,0,0,0
2019-07-14 14:00,118,65,53,0,0,0
2019-07-14 14:15,132,60,72,0,0,0
2019-07-14 14:30,117,55,62,0,0,0
2019-07-14 14:45,159,73,86,0,0,0
2019-07-14 15:00,105,54,51,0,0,0
2019-07-14 15:15,101,55,46,0,0,0
2019-07-14 15:30,136,83,53,0,0,0
2019-07-14 15:45,136,81,55,0,0,0
2019-07-14 16:00,132,65,67,0,0,0
2019-07-14 16:15,95,40,55,0,0,0
2019-07-14 16:30,98,51,47,0,0,0
2019-07-14 16:45,141,78,63,0,0,0
2019-07-14 17:00,131,40,91,0,0,0
2019-07-14 17:15,131,61,70,0,0,0
2019-07-14 17:30,126,64,62,0,0,0
2019-07-14 17:45,135,63,72,0,0,0
2019-07-14 18:00,144,69,75,0,0,0
2019-07-14 18:15,128,59,69,0,0,0
2019-07-14 18:30,125,52,73,0,0,0
2019-07-14 18:45,124,58,66,0,0,0
2019-07-14 19:00,101,48,53,0,0,0
2019-07-14 19:15,118,66,52,0,0,0
2019-07-14 19:30,113,51,62,0,0,0
2019-07-14 19:45,146,68,78,0,0,0
2019-07-14 20:00,106,36,70,0,0,0
2019-07-14 20:15,131,54,77,0,0,0
2019-07-14 20:30,100,38,62,0,0,0
2019-07-14 20:45,127,37,90,0,0,0
2019-07-14 21:00,93,34,59,0,0,0
2019-07-14 21:15,77,31,46,0,0,0
2019-07-14 21:30,54,18,36,0,0,0
2019-07-14 21:45,76,27,49,0,0,0
2019-07-14 22:00,58,17,41,0,0,0
2019-07-14 22:15,64,16,48,0,0,0
2019-07-14 22:30,73,16,57,0,0,0
2019-07-14 22:45,43,16,27,0,0,0
2019-07-14 23:00,51,13,38,0,0,0
2019-07-14 23:15,33,5,28,0,0,0
2019-07-14 23:30,40,12,28,0,0,0
2019-07-14 23:45,22,10,12,0,0,0
2019-07-15 00:00,33,8,25,0,0,0
2019-07-15 00:15,11,5,6,0,0,0
2019-07-15 00:30,14,2,12,0,0,0
2019-07-15 00:45,19,7,12,0,0,0
2019-07-15 01:00,21,4,17,0,0,0
2019-07-15 01:15,13,1,12,0,0,0
2019-07-15 01:30,8,3,5,0,0,0
2019-07-15 01:45,3,2,1,0,0,0
2019-07-15 02:00,7,1,6,0,0,0
2019-07-15 02:15,12,8,4,0,0,0
2019-07-15 02:30,5,4,1,0,0,0
2019-07-15 02:45,2,1,1,0,0,0
2019-07-15 03:00,4,2,2,0,0,0
2019-07-15 03:15,2,1,1,0,0,0
2019-07-15 03:30,3,0,3,0,0,0
2019-07-15 03:45,0,0,0,0,0,0
2019-07-15 04:00,1,1,0,0,0,0
2019-07-15 04:15,2,0,2,0,0,0
2019-07-15 04:30,9,4,5,0,0,0
2019-07-15 04:45,9,7,2,0,0,0
2019-07-15 05:00,13,4,9,0,0,0
2019-07-15 05:15,8,8,0,0,0,0
2019-07-15 05:30,24,15,9,0,0,0
2019-07-15 05:45,23,19,4,0,0,0
2019-07-15 06:00,37,24,13,0,0,0
2019-07-15 06:15,42,31,11,0,0,0
2019-07-15 06:30,66,46,20,0,0,0
2019-07-15 06:45,85,59,26,0,0,0
2019-07-15 07:00,92,62,30,0,0,0
2019-07-15 07:15,109,58,51,0,0,0
2019-07-15 07:30,219,142,77,0,0,0
2019-07-15 07:45,256,174,82,0,0,0
2019-07-15 08:00,216,128,88,0,0,0
2019-07-15 08:15,220,150,70,0,0,0
2019-07-15 08:30,207,137,70,0,0,0
2019-07-15 08:45,242,155,87,0,0,0
2019-07-15 09:00,177,99,78,0,0,0
2019-07-15 09:15,159,90,69,0,0,0
2019-07-15 09:30,184,99,85,0,0,0
2019-07-15 09:45,217,116,101,0,0,0
2019-07-15 10:00,153,92,61,0,0,0
2019-07-15 10:15,164,100,64,0,0,0
2019-07-15 10:30,170,86,84,0,0,0
2019-07-15 10:45,189,86,103,0,0,0
2019-07-15 11:00,147,71,76,0,0,0
2019-07-15 11:15,158,85,73,0,0,0
2019-07-15 11:30,195,93,102,0,0,0
2019-07-15 11:45,207,131,76,0,0,0
2019-07-15 12:00,182,95,87,0,0,0
2019-07-15 12:15,193,92,101,0,0,0
2019-07-15 12:30,229,114,115,0,0,0
2019-07-15 12:45,213,106,107,0,0,0
2019-07-15 13:00,189,100,89,0,0,0
2019-07-15 13:15,216,119,97,0,0,0
2019-07-15 13:30,193,109,84,0,0,0
2019-07-15 13:45,217,136,81,0,0,0
2019-07-15 14:00,180,95,85,0,0,0
2019-07-15 14:15,220,105,115,0,0,0
2019-07-15 14:30,225,118,107,0,0,0
2019-07-15 14:45,203,102,101,0,0,0
2019-07-15 15:00,190,95,95,0,0,0
2019-07-15 15:15,218,110,108,0,0,0
2019-07-15 15:30,246,118,128,0,0,0
2019-07-15 15:45,211,103,108,0,0,0
2019-07-15 16:00,264,103,161,0,0,0
2019-07-15 16:15,244,112,132,0,0,0
2019-07-15 16:30,250,115,135,0,0,0
2019-07-15 16:45,268,136,132,0,0,0
2019-07-15 17:00,291,127,164,0,0,0
2019-07-15 17:15,297,140,157,0,0,0
2019-07-15 17:30,309,146,163,0,0,0
2019-07-15 17:45,326,173,153,0,0,0
2019-07-15 18:00,279,123,156,0,0,0
2019-07-15 18:15,300,142,158,0,0,0
2019-07-15 18:30,260,107,153,0,0,0
2019-07-15 18:45,266,124,142,0,0,0
2019-07-15 19:00,239,89,150,0,0,0
2019-07-15 19:15,206,91,115,0,0,0
2019-07-15 19:30,202,94,108,0,0,0
2019-07-15 19:45,202,93,109,0,0,0
2019-07-15 20:00,164,68,96,0,0,0
2019-07-15 20:15,153,59,94,0,0,0
2019-07-15 20:30,120,50,70,0,0,0
2019-07-15 20:45,126,55,71,0,0,0
2019-07-15 21:00,112,47,65,0,0,0
2019-07-15 21:15,127,41,86,0,0,0
2019-07-15 21:30,126,26,100,0,0,0
2019-07-15 21:45,101,29,72,0,0,0
2019-07-15 22:00,115,32,83,0,0,0
2019-07-15 22:15,77,40,37,0,0,0
2019-07-15 22:30,80,17,63,0,0,0
2019-07-15 22:45,77,21,56,0,0,0
2019-07-15 23:00,66,17,49,0,0,0
2019-07-15 23:15,59,12,47,0,0,0
2019-07-15 23:30,62,22,40,0,0,0
2019-07-15 23:45,53,13,40,0,0,0
2019-07-16 00:00,36,12,24,0,0,0
2019-07-16 00:15,40,10,30,0,0,0
2019-07-16 00:30,25,7,18,0,0,0
2019-07-16 00:45,32,8,24,0,0,0
2019-07-16 01:00,26,14,12,0,0,0
2019-07-16 01:15,12,1,11,0,0,0
2019-07-16 01:30,18,4,14,0,0,0
2019-07-16 01:45,13,2,11,0,0,0
2019-07-16 02:00,18,2,16,0,0,0
2019-07-16 02:15,13,3,10,0,0,0
2019-07-16 02:30,13,4,9,0,0,0
2019-07-16 02:45,3,2,1,0,0,0
2019-07-16 03:00,9,6,3,0,0,0
2019-07-16 03:15,9,2,7,0,0,0
2019-07-16 03:30,11,6,5,0,0,0
2019-07-16 03:45,5,1,4,0,0,0
2019-07-16 04:00,0,0,0,0,0,0
2019-07-16 04:15,6,3,3,0,0,0
2019-07-16 04:30,6,5,1,0,0,0
2019-07-16 04:45,14,9,5,0,0,0
2019-07-16 05:00,7,6,1,0,0,0
2019-07-16 05:15,8,4,4,0,0,0
2019-07-16 05:30,24,15,9,0,0,0
2019-07-16 05:45,19,13,6,0,0,0
2019-07-16 06:00,30,21,9,0,0,0
2019-07-16 06:15,39,29,10,0,0,0
2019-07-16 06:30,71,51,20,0,0,0
2019-07-16 06:45,106,63,43,0,0,0
2019-07-16 07:00,102,63,39,0,0,0
2019-07-16 07:15,133,92,41,0,0,0
2019-07-16 07:30,237,156,81,0,0,0
2019-07-16 07:45,348,246,102,0,0,0
2019-07-16 08:00,221,150,71,0,0,0
2019-07-16 08:15,218,127,91,0,0,0
2019-07-16 08:30,226,144,82,0,0,0
2019-07-16 08:45,271,181,90,0,0,0
2019-07-16 09:00,199,124,75,0,0,0
2019-07-16 09:15,178,102,76,0,0,0
2019-07-16 09:30,173,114,59,0,0,0
2019-07-16 09:45,210,123,87,0,0,0
2019-07-16 10:00,177,101,76,0,0,0
2019-07-16 10:15,174,101,73,0,0,0
2019-07-16 10:30,167,99,68,0,0,0
2019-07-16 10:45,197,129,68,0,0,0
2019-07-16 11:00,158,79,79,0,0,0
2019-07-16 11:15,169,90,79,0,0,0
2019-07-16 11:30,202,108,94,0,0,0
2019-07-16 11:45,185,113,72,0,0,0
2019-07-16 12:00,210,117,93,0,0,0
2019-07-16 12:15,221,128,93,0,0,0
2019-07-16 12:30,203,109,94,0,0,0
2019-07-16 12:45,192,111,81,0,0,0
2019-07-16 13:00,210,102,108,0,0,0
2019-07-16 13:15,218,120,98,0,0,0
2019-07-16 13:30,216,107,109,0,0,0
2019-07-16 13:45,203,122,81,0,0,0
2019-07-16 14:00,219,122,97,0,0,0
2019-07-16 14:15,232,115,117,0,0,0
2019-07-16 14:30,195,84,111,0,0,0
2019-07-16 14:45,212,128,84,0,0,0
2019-07-16 15:00,172,81,91,0,0,0
2019-07-16 15:15,237,135,102,0,0,0
2019-07-16 15:30,227,118,109,0,0,0
2019-07-16 15:45,245,138,107,0,0,0
2019-07-16 16:00,265,119,146,0,0,0
2019-07-16 16:15,245,125,120,0,0,0
2019-07-16 16:30,280,136,144,0,0,0
2019-07-16 16:45,321,146,175,0,0,0
2019-07-16 17:00,244,106,138,0,0,0
2019-07-16 17:15,235,115,120,0,0,0
2019-07-16 17:30,330,145,185,0,0,0
2019-07-16 17:45,339,181,158,0,0,0
2019-07-16 18:00,333,146,187,0,0,0
2019-07-16 18:15,304,125,179,0,0,0
2019-07-16 18:30,228,109,119,0,0,0
2019-07-16 18:45,278,127,151,0,0,0
2019-07-16 19:00,227,98,129,0,0,0
2019-07-16 19:15,185,78,107,0,0,0
2019-07-16 19:30,175,70,105,0,0,0
2019-07-16 19:45,190,91,99,0,0,0
2019-07-16 20:00,180,75,105,0,0,0
2019-07-16 20:15,153,59,94,0,0,0
2019-07-16 20:30,129,65,64,0,0,0
2019-07-16 20:45,156,69,87,0,0,0
2019-07-16 21:00,123,65,58,0,0,0
2019-07-16 21:15,144,44,100,0,0,0
2019-07-16 21:30,108,36,72,0,0,0
2019-07-16 21:45,108,44,64,0,0,0
2019-07-16 22:00,118,39,79,0,0,0
2019-07-16 22:15,104,39,65,0,0,0
2019-07-16 22:30,108,42,66,0,0,0
2019-07-16 22:45,92,38,54,0,0,0
2019-07-16 23:00,63,17,46,0,0,0
2019-07-16 23:15,54,20,34,0,0,0
2019-07-16 23:30,47,16,31,0,0,0
2019-07-16 23:45,42,19,23,0,0,0
2019-07-17 00:00,60,19,41,0,0,0
2019-07-17 00:15,41,8,33,0,0,0
2019-07-17 00:30,29,10,19,0,0,0
2019-07-17 00:45,33,13,20,0,0,0
2019-07-17 01:00,41,10,31,0,0,0
2019-07-17 01:15,33,10,23,0,0,0
2019-07-17 01:30,32,3,29,0,0,0
2019-07-17 01:45,16,2,14,0,0,0
2019-07-17 02:00,25,3,22,0,0,0
2019-07-17 02:15,7,3,4,0,0,0
2019-07-17 02:30,10,3,7,0,0,0
2019-07-17 02:45,4,2,2,0,0,0
2019-07-17 03:00,11,2,9,0,0,0
2019-07-17 03:15,13,2,11,0,0,0
2019-07-17 03:30,10,2,8,0,0,0
2019-07-17 03:45,19,6,13,0,0,0
2019-07-17 04:00,10,0,10,0,0,0
2019-07-17 04:15,4,1,3,0,0,0
2019-07-17 04:30,7,6,1,0,0,0
2019-07-17 04:45,5,4,1,0,0,0
2019-07-17 05:00,13,11,2,0,0,0
2019-07-17 05:15,8,5,3,0,0,0
2019-07-17 05:30,22,17,5,0,0,0
2019-07-17 05:45,22,18,4,0,0,0
2019-07-17 06:00,34,22,12,0,0,0
2019-07-17 06:15,51,34,17,0,0,0
2019-07-17 06:30,72,51,21,0,0,0
2019-07-17 06:45,115,82,33,0,0,0
2019-07-17 07:00,90,65,25,0,0,0
2019-07-17 07:15,141,100,41,0,0,0
2019-07-17 07:30,169,113,56,0,0,0
2019-07-17 07:45,319,229,90,0,0,0
2019-07-17 08:00,241,161,80,0,0,0
2019-07-17 08:15,237,134,103,0,0,0
2019-07-17 08:30,245,145,100,0,0,0
2019-07-17 08:45,273,154,119,0,0,0
2019-07-17 09:00,171,107,64,0,0,0
2019-07-17 09:15,179,115,64,0,0,0
2019-07-17 09:30,178,121,57,0,0,0
2019-07-17 09:45,235,167,68,0,0,0
2019-07-17 10:00,176,114,62,0,0,0
2019-07-17 10:15,169,115,54,0,0,0
2019-07-17 10:30,144,90,54,0,0,0
2019-07-17 10:45,240,161,79,0,0,0
2019-07-17 11:00,174,98,76,0,0,0
2019-07-17 11:15,178,116,62,0,0,0
2019-07-17 11:30,215,128,87,0,0,0
2019-07-17 11:45,244,128,116,0,0,0
2019-07-17 12:00,201,99,102,0,0,0
2019-07-17 12:15,234,129,105,0,0,0
2019-07-17 12:30,225,104,121,0,0,0
2019-07-17 12:45,254,127,127,0,0,0
2019-07-17 13:00,237,113,124,0,0,0
2019-07-17 13:15,197,106,91,0,0,0
2019-07-17 13:30,240,112,128,0,0,0
2019-07-17 13:45,241,125,116,0,0,0
2019-07-17 14:00,192,101,91,0,0,0
2019-07-17 14:15,232,120,112,0,0,0
2019-07-17 14:30,254,113,141,0,0,0
2019-07-17 14:45,244,120,124,0,0,0
2019-07-17 15:00,226,97,129,0,0,0
2019-07-17 15:15,212,122,90,0,0,0
2019-07-17 15:30,240,116,124,0,0,0
2019-07-17 15:45,285,123,162,0,0,0
2019-07-17 16:00,249,106,143,0,0,0
2019-07-17 16:15,308,147,161,0,0,0
2019-07-17 16:30,238,116,122,0,0,0
2019-07-17 16:45,291,142,149,0,0,0
2019-07-17 17:00,271,129,142,0,0,0
2019-07-17 17:15,321,119,202,0,0,0
2019-07-17 17:30,304,147,157,0,0,0
2019-07-17 17:45,342,171,171,0,0,0
2019-07-17 18:00,262,114,148,0,0,0
2019-07-17 18:15,284,148,136,0,0,0
2019-07-17 18:30,238,103,135,0,0,0
2019-07-17 18:45,293,157,136,0,0,0
2019-07-17 19:00,247,119,128,0,0,0
2019-07-17 19:15,223,114,109,0,0,0
2019-07-17 19:30,245,125,120,0,0,0
2019-07-17 19:45,215,127,88,0,0,0
2019-07-17 20:00,192,80,112,0,0,0
2019-07-17 20:15,187,93,94,0,0,0
2019-07-17 20:30,184,102,82,0,0,0
2019-07-17 20:45,155,80,75,0,0,0
2019-07-17 21:00,160,77,83,0,0,0
2019-07-17 21:15,106,47,59,0,0,0
2019-07-17 21:30,133,60,73,0,0,0
2019-07-17 21:45,137,37,100,0,0,0
2019-07-17 22:00,104,51,53,0,0,0
2019-07-17 22:15,155,63,92,0,0,0
2019-07-17 22:30,116,51,65,0,0,0
2019-07-17 22:45,111,48,63,0,0,0
2019-07-17 23:00,91,42,49,0,0,0
2019-07-17 23:15,118,57,61,0,0,0
2019-07-17 23:30,94,26,68,0,0,0
2019-07-17 23:45,66,32,34,0,0,0
2019-07-18 00:00,86,32,54,0,0,0
2019-07-18 00:15,73,33,40,0,0,0
2019-07-18 00:30,50,19,31,0,0,0
2019-07-18 00:45,53,13,40,0,0,0
2019-07-18 01:00,61,19,42,0,0,0
2019-07-18 01:15,50,18,32,0,0,0
2019-07-18 01:30,40,9,31,0,0,0
2019-07-18 01:45,32,7,25,0,0,0
2019-07-18 02:00,36,8,28,0,0,0
2019-07-18 02:15,35,5,30,0,0,0
2019-07-18 02:30,52,5,47,0,0,0
2019-07-18 02:45,29,4,25,0,0,0
2019-07-18 03:00,43,5,38,0,0,0
2019-07-18 03:15,26,1,25,0,0,0
2019-07-18 03:30,34,1,33,0,0,0
2019-07-18 03:45,33,5,28,0,0,0
2019-07-18 04:00,16,10,6,0,0,0
2019-07-18 04:15,11,3,8,0,0,0
2019-07-18 04:30,12,4,8,0,0,0
2019-07-18 04:45,17,9,8,0,0,0
2019-07-18 05:00,19,9,10,0,0,0
2019-07-18 05:15,11,2,9,0,0,0
2019-07-18 05:30,32,21,11,0,0,0
2019-07-18 05:45,25,15,10,0,0,0
2019-07-18 06:00,30,16,14,0,0,0
2019-07-18 06:15,54,38,16,0,0,0
2019-07-18 06:30,71,50,21,0,0,0
2019-07-18 06:45,86,59,27,0,0,0
2019-07-18 07:00,94,59,35,0,0,0
2019-07-18 07:15,120,73,47,0,0,0
2019-07-18 07:30,200,127,73,0,0,0
2019-07-18 07:45,290,191,99,0,0,0
2019-07-18 08:00,197,130,67,0,0,0
2019-07-18 08:15,208,135,73,0,0,0
2019-07-18 08:30,196,126,70,0,0,0
2019-07-18 08:45,250,154,96,0,0,0
2019-07-18 09:00,136,91,45,0,0,0
2019-07-18 09:15,168,90,78,0,0,0
2019-07-18 09:30,173,106,67,0,0,0
2019-07-18 09:45,215,131,84,0,0,0
2019-07-18 10:00,188,124,64,0,0,0
2019-07-18 10:15,150,87,63,0,0,0
2019-07-18 10:30,136,86,50,0,0,0
2019-07-18 10:45,194,121,73,0,0,0
2019-07-18 11:00,175,101,74,0,0,0
2019-07-18 11:15,180,93,87,0,0,0
2019-07-18 11:30,165,97,68,0,0,0
2019-07-18 11:45,186,116,70,0,0,0
2019-07-18 12:00,190,108,82,0,0,0
2019-07-18 12:15,203,103,100,0,0,0
2019-07-18 12:30,211,97,114,0,0,0
2019-07-18 12:45,212,107,105,0,0,0
2019-07-18 13:00,215,111,104,0,0,0
2019-07-18 13:15,225,101,124,0,0,0
2019-07-18 13:30,204,118,86,0,0,0
2019-07-18 13:45,205,126,79,0,0,0
2019-07-18 14:00,199,114,85,0,0,0
2019-07-18 14:15,218,107,111,0,0,0
2019-07-18 14:30,224,125,99,0,0,0
2019-07-18 14:45,260,133,127,0,0,0
2019-07-18 15:00,234,120,114,0,0,0
2019-07-18 15:15,286,155,131,0,0,0
2019-07-18 15:30,291,165,126,0,0,0
2019-07-18 15:45,287,151,136,0,0,0
2019-07-18 16:00,280,126,154,0,0,0
2019-07-18 16:15,269,124,145,0,0,0
2019-07-18 16:30,251,109,142,0,0,0
2019-07-18 16:45,301,136,165,0,0,0
2019-07-18 17:00,290,147,143,0,0,0
2019-07-18 17:15,238,139,99,0,0,0
2019-07-18 17:30,295,159,136,0,0,0
2019-07-18 17:45,314,152,162,0,0,0
2019-07-18 18:00,340,143,197,0,0,0
2019-07-18 18:15,313,160,153,0,0,0
2019-07-18 18:30,247,114,133,0,0,0
2019-07-18 18:45,302,166,136,0,0,0
2019-07-18 19:00,256,129,127,0,0,0
2019-07-18 19:15,201,99,102,0,0,0
2019-07-18 19:30,227,94,133,0,0,0
2019-07-18 19:45,215,113,102,0,0,0
2019-07-18 20:00,222,105,117,0,0,0
2019-07-18 20:15,172,82,90,0,0,0
2019-07-18 20:30,169,65,104,0,0,0
2019-07-18 20:45,148,70,78,0,0,0
2019-07-18 21:00,143,75,68,0,0,0
2019-07-18 21:15,120,53,67,0,0,0
2019-07-18 21:30,113,46,67,0,0,0
2019-07-18 21:45,107,35,72,0,0,0
2019-07-18 22:00,117,41,76,0,0,0
2019-07-18 22:15,125,42,83,0,0,0
2019-07-18 22:30,104,26,78,0,0,0
2019-07-18 22:45,78,30,48,0,0,0
2019-07-18 23:00,104,46,58,0,0,0
2019-07-18 23:15,89,36,53,0,0,0
2019-07-18 23:30,64,20,44,0,0,0
2019-07-18 23:45,49,10,39,0,0,0
2019-07-19 00:00,50,13,37,0,0,0
2019-07-19 00:15,46,26,20,0,0,0
2019-07-19 00:30,37,18,19,0,0,0
2019-07-19 00:45,46,6,40,0,0,0
2019-07-19 01:00,41,17,24,0,0,0
2019-07-19 01:15,39,21,18,0,0,0
2019-07-19 01:30,35,6,29,0,0,0
2019-07-19 01:45,31,6,25,0,0,0
2019-07-19 02:00,22,2,20,0,0,0
2019-07-19 02:15,15,2,13,0,0,0
2019-07-19 02:30,15,6,9,0,0,0
2019-07-19 02:45,29,2,27,0,0,0
2019-07-19 03:00,8,1,7,0,0,0
2019-07-19 03:15,14,6,8,0,0,0
2019-07-19 03:30,7,2,5,0,0,0
2019-07-19 03:45,10,2,8,0,0,0
2019-07-19 04:00,8,2,6,0,0,0
2019-07-19 04:15,2,1,1,0,0,0
2019-07-19 04:30,11,3,8,0,0,0
2019-07-19 04:45,15,6,9,0,0,0
2019-07-19 05:00,12,6,6,0,0,0
2019-07-19 05:15,16,5,11,0,0,0
2019-07-19 05:30,24,16,8,0,0,0
2019-07-19 05:45,19,11,8,0,0,0
2019-07-19 06:00,26,18,8,0,0,0
2019-07-19 06:15,50,38,12,0,0,0
2019-07-19 06:30,70,47,23,0,0,0
2019-07-19 06:45,97,65,32,0,0,0
2019-07-19 07:00,85,52,33,0,0,0
2019-07-19 07:15,93,52,41,0,0,0
2019-07-19 07:30,164,110,54,0,0,0
2019-07-19 07:45,250,169,81,0,0,0
2019-07-19 08:00,184,113,71,0,0,0
2019-07-19 08:15,189,123,66,0,0,0
2019-07-19 08:30,176,113,63,0,0,0
2019-07-19 08:45,240,166,74,0,0,0
2019-07-19 09:00,172,108,64,0,0,0
2019-07-19 09:15,179,110,69,0,0,0
2019-07-19 09:30,158,103,55,0,0,0
2019-07-19 09:45,130,126,4,0,0,0
2019-07-19 10:00,130,81,49,0,0,0
2019-07-19 10:15,167,99,68,0,0,0
2019-07-19 10:30,163,92,71,0,0,0
2019-07-19 10:45,193,113,80,0,0,0
2019-07-19 11:00,159,76,83,0,0,0
2019-07-19 11:15,152,87,65,0,0,0
2019-07-19 11:30,164,91,73,0,0,0
2019-07-19 11:45,172,100,72,0,0,0
2019-07-19 12:00,186,108,78,0,0,0
2019-07-19 12:15,214,106,108,0,0,0
2019-07-19 12:30,212,116,96,0,0,0
2019-07-19 12:45,233,126,107,0,0,0
2019-07-19 13:00,216,118,98,0,0,0
2019-07-19 13:15,198,118,80,0,0,0
2019-07-19 13:30,192,101,91,0,0,0
2019-07-19 13:45,245,128,117,0,0,0
2019-07-19 14:00,225,122,103,0,0,0
2019-07-19 14:15,211,106,105,0,0,0
2019-07-19 14:30,208,99,109,0,0,0
2019-07-19 14:45,212,112,100,0,0,0
2019-07-19 15:00,203,113,90,0,0,0
2019-07-19 15:15,211,104,107,0,0,0
2019-07-19 15:30,226,94,132,0,0,0
2019-07-19 15:45,244,152,92,0,0,0
2019-07-19 16:00,224,121,103,0,0,0
2019-07-19 16:15,242,106,136,0,0,0
2019-07-19 16:30,241,128,113,0,0,0
2019-07-19 16:45,230,107,123,0,0,0
2019-07-19 17:00,246,121,125,0,0,0
2019-07-19 17:15,222,124,98,0,0,0
2019-07-19 17:30,244,139,105,0,0,0
2019-07-19 17:45,215,120,95,0,0,0
2019-07-19 18:00,263,136,127,0,0,0
2019-07-19 18:15,222,119,103,0,0,0
2019-07-19 18:30,257,130,127,0,0,0
2019-07-19 18:45,214,95,119,0,0,0
2019-07-19 19:00,212,115,97,0,0,0
2019-07-19 19:15,233,129,104,0,0,0
2019-07-19 19:30,197,104,93,0,0,0
2019-07-19 19:45,206,112,94,0,0,0
2019-07-19 20:00,234,115,119,0,0,0
2019-07-19 20:15,222,107,115,0,0,0
2019-07-19 20:30,162,78,84,0,0,0
2019-07-19 20:45,151,68,83,0,0,0
2019-07-19 21:00,176,84,92,0,0,0
2019-07-19 21:15,147,69,78,0,0,0
2019-07-19 21:30,159,73,86,0,0,0
2019-07-19 21:45,123,69,54,0,0,0
2019-07-19 22:00,120,54,66,0,0,0
2019-07-19 22:15,127,70,57,0,0,0
2019-07-19 22:30,139,67,72,0,0,0
2019-07-19 22:45,149,40,109,0,0,0
2019-07-19 23:00,134,47,87,0,0,0
2019-07-19 23:15,115,27,88,0,0,0
2019-07-19 23:30,105,21,84,0,0,0
2019-07-19 23:45,103,41,62,0,0,0
2019-07-20 00:00,115,31,84,0,0,0
2019-07-20 00:15,78,15,63,0,0,0
2019-07-20 00:30,85,32,53,0,0,0
2019-07-20 00:45,85,33,52,0,0,0
2019-07-20 01:00,72,26,46,0,0,0
2019-07-20 01:15,65,23,42,0,0,0
2019-07-20 01:30,81,19,62,0,0,0
2019-07-20 01:45,65,32,33,0,0,0
2019-07-20 02:00,64,21,43,0,0,0
2019-07-20 02:15,35,9,26,0,0,0
2019-07-20 02:30,64,18,46,0,0,0
2019-07-20 02:45,55,25,30,0,0,0
2019-07-20 03:00,45,20,25,0,0,0
2019-07-20 03:15,42,21,21,0,0,0
2019-07-20 03:30,34,9,25,0,0,0
2019-07-20 03:45,38,16,22,0,0,0
2019-07-20 04:00,39,22,17,0,0,0
2019-07-20 04:15,31,12,19,0,0,0
2019-07-20 04:30,25,8,17,0,0,0
2019-07-20 04:45,25,14,11,0,0,0
2019-07-20 05:00,24,17,7,0,0,0
2019-07-20 05:15,27,20,7,0,0,0
2019-07-20 05:30,26,17,9,0,0,0
2019-07-20 05:45,21,8,13,0,0,0
2019-07-20 06:00,18,11,7,0,0,0
2019-07-20 06:15,15,13,2,0,0,0
2019-07-20 06:30,13,10,3,0,0,0
2019-07-20 06:45,13,10,3,0,0,0
2019-07-20 07:00,17,10,7,0,0,0
2019-07-20 07:15,17,9,8,0,0,0
2019-07-20 07:30,33,18,15,0,0,0
2019-07-20 07:45,80,64,16,0,0,0
2019-07-20 08:00,49,40,9,0,0,0
2019-07-20 08:15,76,59,17,0,0,0
2019-07-20 08:30,110,91,19,0,0,0
2019-07-20 08:45,77,47,30,0,0,0
2019-07-20 09:00,58,44,14,0,0,0
2019-07-20 09:15,105,77,28,0,0,0
2019-07-20 09:30,107,78,29,0,0,0
2019-07-20 09:45,143,111,32,0,0,0
2019-07-20 10:00,115,85,30,0,0,0
2019-07-20 10:15,106,65,41,0,0,0
2019-07-20 10:30,134,83,51,0,0,0
2019-07-20 10:45,166,121,45,0,0,0
2019-07-20 11:00,151,102,49,0,0,0
2019-07-20 11:15,146,82,64,0,0,0
2019-07-20 11:30,137,92,45,0,0,0
2019-07-20 11:45,172,104,68,0,0,0
2019-07-20 12:00,142,69,73,0,0,0
2019-07-20 12:15,192,101,91,0,0,0
2019-07-20 12:30,189,104,85,0,0,0
2019-07-20 12:45,186,111,75,0,0,0
2019-07-20 13:00,169,90,79,0,0,0
2019-07-20 13:15,198,98,100,0,0,0
2019-07-20 13:30,173,85,88,0,0,0
2019-07-20 13:45,165,81,84,0,0,0
2019-07-20 14:00,52,24,28,0,0,0
2019-07-20 14:15,115,43,72,0,0,0
2019-07-20 14:30,118,46,72,0,0,0
2019-07-20 14:45,158,92,66,0,0,0
2019-07-20 15:00,153,65,88,0,0,0
2019-07-20 15:15,130,56,74,0,0,0
2019-07-20 15:30,145,64,81,0,0,0
2019-07-20 15:45,123,55,68,0,0,0
2019-07-20 16:00,155,60,95,0,0,0
2019-07-20 16:15,122,52,70,0,0,0
2019-07-20 16:30,142,62,80,0,0,0
2019-07-20 16:45,105,58,47,0,0,0
2019-07-20 17:00,109,46,63,0,0,0
2019-07-20 17:15,109,59,50,0,0,0
2019-07-20 17:30,127,74,53,0,0,0
2019-07-20 17:45,106,40,66,0,0,0
2019-07-20 18:00,62,16,46,0,0,0
2019-07-20 18:15,126,48,78,0,0,0
2019-07-20 18:30,122,53,69,0,0,0
2019-07-20 18:45,142,78,64,0,0,0
2019-07-20 19:00,122,62,60,0,0,0
2019-07-20 19:15,134,69,65,0,0,0
2019-07-20 19:30,120,64,56,0,0,0
2019-07-20 19:45,159,85,74,0,0,0
2019-07-20 20:00,144,84,60,0,0,0
2019-07-20 20:15,135,72,63,0,0,0
2019-07-20 20:30,84,60,24,0,0,0
2019-07-20 20:45,99,58,41,0,0,0
2019-07-20 21:00,97,50,47,0,0,0
2019-07-20 21:15,75,47,28,0,0,0
2019-07-20 21:30,79,34,45,0,0,0
2019-07-20 21:45,78,32,46,0,0,0
2019-07-20 22:00,79,29,50,0,0,0
2019-07-20 22:15,80,27,53,0,0,0
2019-07-20 22:30,64,29,35,0,0,0
2019-07-20 22:45,59,23,36,0,0,0
2019-07-20 23:00,47,24,23,0,0,0
2019-07-20 23:15,52,21,31,0,0,0
2019-07-20 23:30,57,16,41,0,0,0
2019-07-20 23:45,61,30,31,0,0,0
2019-07-21 00:00,53,12,41,0,0,0
2019-07-21 00:15,39,10,29,0,0,0
2019-07-21 00:30,46,18,28,0,0,0
2019-07-21 00:45,63,19,44,0,0,0
2019-07-21 01:00,72,29,43,0,0,0
2019-07-21 01:15,48,10,38,0,0,0
2019-07-21 01:30,36,9,27,0,0,0
2019-07-21 01:45,40,11,29,0,0,0
2019-07-21 02:00,21,8,13,0,0,0
2019-07-21 02:15,32,7,25,0,0,0
2019-07-21 02:30,23,8,15,0,0,0
2019-07-21 02:45,36,5,31,0,0,0
2019-07-21 03:00,33,7,26,0,0,0
2019-07-21 03:15,39,13,26,0,0,0
2019-07-21 03:30,23,9,14,0,0,0
2019-07-21 03:45,28,11,17,0,0,0
2019-07-21 04:00,10,4,6,0,0,0
2019-07-21 04:15,17,7,10,0,0,0
2019-07-21 04:30,33,10,23,0,0,0
2019-07-21 04:45,13,2,11,0,0,0
2019-07-21 05:00,17,6,11,0,0,0
2019-07-21 05:15,7,3,4,0,0,0
2019-07-21 05:30,12,5,7,0,0,0
2019-07-21 05:45,14,3,11,0,0,0
2019-07-21 06:00,13,9,4,0,0,0
2019-07-21 06:15,10,3,7,0,0,0
2019-07-21 06:30,14,3,11,0,0,0
2019-07-21 06:45,9,3,6,0,0,0
2019-07-21 07:00,12,6,6,0,0,0
2019-07-21 07:15,9,5,4,0,0,0
2019-07-21 07:30,11,7,4,0,0,0
2019-07-21 07:45,38,33,5,0,0,0
2019-07-21 08:00,30,25,5,0,0,0
2019-07-21 08:15,17,15,2,0,0,0
2019-07-21 08:30,43,31,12,0,0,0
2019-07-21 08:45,39,28,11,0,0,0
2019-07-21 09:00,47,28,19,0,0,0
2019-07-21 09:15,40,27,13,0,0,0
2019-07-21 09:30,51,37,14,0,0,0
2019-07-21 09:45,95,72,23,0,0,0
2019-07-21 10:00,80,58,22,0,0,0
2019-07-21 10:15,73,49,24,0,0,0
2019-07-21 10:30,90,52,38,0,0,0
2019-07-21 10:45,112,73,39,0,0,0
2019-07-21 11:00,88,52,36,0,0,0
2019-07-21 11:15,111,73,38,0,0,0
2019-07-21 11:30,98,61,37,0,0,0
2019-07-21 11:45,113,77,36,0,0,0
2019-07-21 12:00,116,69,47,0,0,0
2019-07-21 12:15,143,81,62,0,0,0
2019-07-21 12:30,140,72,68,0,0,0
2019-07-21 12:45,148,72,76,0,0,0
2019-07-21 13:00,197,103,94,0,0,0
2019-07-21 13:15,131,81,50,0,0,0
2019-07-21 13:30,143,63,80,0,0,0
2019-07-21 13:45,158,93,65,0,0,0
2019-07-21 14:00,160,101,59,0,0,0
2019-07-21 14:15,176,98,78,0,0,0
2019-07-21 14:30,188,102,86,0,0,0
2019-07-21 14:45,185,98,87,0,0,0
2019-07-21 15:00,200,113,87,0,0,0
2019-07-21 15:15,148,77,71,0,0,0
2019-07-21 15:30,149,87,62,0,0,0
2019-07-21 15:45,192,104,88,0,0,0
2019-07-21 16:00,155,90,65,0,0,0
2019-07-21 16:15,161,75,86,0,0,0
2019-07-21 16:30,189,88,101,0,0,0
2019-07-21 16:45,193,91,102,0,0,0
2019-07-21 17:00,185,96,89,0,0,0
2019-07-21 17:15,166,88,78,0,0,0
2019-07-21 17:30,171,77,94,0,0,0
2019-07-21 17:45,209,95,114,0,0,0
2019-07-21 18:00,197,102,95,0,0,0
2019-07-21 18:15,193,115,78,0,0,0
2019-07-21 18:30,179,91,88,0,0,0
2019-07-21 18:45,157,95,62,0,0,0
2019-07-21 19:00,186,100,86,0,0,0
2019-07-21 19:15,157,72,85,0,0,0
2019-07-21 19:30,155,91,64,0,0,0
2019-07-21 19:45,168,87,81,0,0,0
2019-07-21 20:00,125,62,63,0,0,0
2019-07-21 20:15,124,68,56,0,0,0
2019-07-21 20:30,124,69,55,0,0,0
2019-07-21 20:45,109,45,64,0,0,0
2019-07-21 21:00,117,56,61,0,0,0
2019-07-21 21:15,109,64,45,0,0,0
2019-07-21 21:30,121,61,60,0,0,0
2019-07-21 21:45,104,60,44,0,0,0
2019-07-21 22:00,110,65,45,0,0,0
2019-07-21 22:15,103,54,49,0,0,0
2019-07-21 22:30,73,29,44,0,0,0
2019-07-21 22:45,170,36,134,0,0,0
2019-07-21 23:00,85,24,61,0,0,0
2019-07-21 23:15,67,13,54,0,0,0
2019-07-21 23:30,60,13,47,0,0,0
2019-07-21 23:45,55,13,42,0,0,0
2019-07-22 00:00,67,31,36,0,0,0
2019-07-22 00:15,31,10,21,0,0,0
2019-07-22 00:30,13,6,7,0,0,0
2019-07-22 00:45,22,7,15,0,0,0
2019-07-22 01:00,16,1,15,0,0,0
2019-07-22 01:15,8,2,6,0,0,0
2019-07-22 01:30,5,2,3,0,0,0
2019-07-22 01:45,15,4,11,0,0,0
2019-07-22 02:00,3,2,1,0,0,0
2019-07-22 02:15,5,1,4,0,0,0
2019-07-22 02:30,6,3,3,0,0,0
2019-07-22 02:45,5,1,4,0,0,0
2019-07-22 03:00,5,2,3,0,0,0
2019-07-22 03:15,2,0,2,0,0,0
2019-07-22 03:30,4,4,0,0,0,0
2019-07-22 03:45,2,1,1,0,0,0
2019-07-22 04:00,5,5,0,0,0,0
2019-07-22 04:15,3,1,2,0,0,0
2019-07-22 04:30,4,3,1,0,0,0
2019-07-22 04:45,11,8,3,0,0,0
2019-07-22 05:00,13,5,8,0,0,0
2019-07-22 05:15,13,11,2,0,0,0
2019-07-22 05:30,24,19,5,0,0,0
2019-07-22 05:45,28,19,9,0,0,0
2019-07-22 06:00,29,19,10,0,0,0
2019-07-22 06:15,42,28,14,0,0,0
2019-07-22 06:30,74,53,21,0,0,0
2019-07-22 06:45,92,59,33,0,0,0
2019-07-22 07:00,100,68,32,0,0,0
2019-07-22 07:15,104,57,47,0,0,0
2019-07-22 07:30,139,82,57,0,0,0
2019-07-22 07:45,245,158,87,0,0,0
2019-07-22 08:00,186,136,50,0,0,0
2019-07-22 08:15,191,128,63,0,0,0
2019-07-22 08:30,166,108,58,0,0,0
2019-07-22 08:45,207,114,93,0,0,0
2019-07-22 09:00,177,103,74,0,0,0
2019-07-22 09:15,156,95,61,0,0,0
2019-07-22 09:30,169,97,72,0,0,0
2019-07-22 09:45,179,120,59,0,0,0
2019-07-22 10:00,154,105,49,0,0,0
2019-07-22 10:15,157,103,54,0,0,0
2019-07-22 10:30,159,86,73,0,0,0
2019-07-22 10:45,153,93,60,0,0,0
2019-07-22 11:00,132,85,47,0,0,0
2019-07-22 11:15,144,84,60,0,0,0
2019-07-22 11:30,147,81,66,0,0,0
2019-07-22 11:45,164,109,55,0,0,0
2019-07-22 12:00,143,69,74,0,0,0
2019-07-22 12:15,146,72,74,0,0,0
2019-07-22 12:30,201,102,99,0,0,0
2019-07-22 12:45,180,109,71,0,0,0
2019-07-22 13:00,171,98,73,0,0,0
2019-07-22 13:15,167,89,78,0,0,0
2019-07-22 13:30,195,99,96,0,0,0
2019-07-22 13:45,177,107,70,0,0,0
2019-07-22 14:00,195,110,85,0,0,0
2019-07-22 14:15,207,101,106,0,0,0
2019-07-22 14:30,185,96,89,0,0,0
2019-07-22 14:45,167,88,79,0,0,0
2019-07-22 15:00,188,111,77,0,0,0
2019-07-22 15:15,201,100,101,0,0,0
2019-07-22 15:30,225,128,97,0,0,0
2019-07-22 15:45,232,120,112,0,0,0
2019-07-22 16:00,265,136,129,0,0,0
2019-07-22 16:15,281,130,151,0,0,0
2019-07-22 16:30,317,162,155,0,0,0
2019-07-22 16:45,239,111,128,0,0,0
2019-07-22 17:00,253,107,146,0,0,0
2019-07-22 17:15,280,128,152,0,0,0
2019-07-22 17:30,296,142,154,0,0,0
2019-07-22 17:45,330,177,153,0,0,0
2019-07-22 18:00,324,147,177,0,0,0
2019-07-22 18:15,316,160,156,0,0,0
2019-07-22 18:30,234,119,115,0,0,0
2019-07-22 18:45,306,157,149,0,0,0
2019-07-22 19:00,233,109,124,0,0,0
2019-07-22 19:15,226,115,111,0,0,0
2019-07-22 19:30,178,95,83,0,0,0
2019-07-22 19:45,207,88,119,0,0,0
2019-07-22 20:00,178,79,99,0,0,0
2019-07-22 20:15,170,93,77,0,0,0
2019-07-22 20:30,165,80,85,0,0,0
2019-07-22 20:45,154,50,104,0,0,0
2019-07-22 21:00,159,62,97,0,0,0
2019-07-22 21:15,143,58,85,0,0,0
2019-07-22 21:30,101,44,57,0,0,0
2019-07-22 21:45,131,36,95,0,0,0
2019-07-22 22:00,89,37,52,0,0,0
2019-07-22 22:15,103,28,75,0,0,0
2019-07-22 22:30,95,27,68,0,0,0
2019-07-22 22:45,91,35,56,0,0,0
2019-07-22 23:00,65,10,55,0,0,0
2019-07-22 23:15,55,18,37,0,0,0
2019-07-22 23:30,49,14,35,0,0,0
2019-07-22 23:45,40,6,34,0,0,0
2019-07-23 00:00,44,14,30,0,0,0
2019-07-23 00:15,31,9,22,0,0,0
2019-07-23 00:30,39,10,29,0,0,0
2019-07-23 00:45,24,7,17,0,0,0
2019-07-23 01:00,19,6,13,0,0,0
2019-07-23 01:15,18,4,14,0,0,0
2019-07-23 01:30,11,3,8,0,0,0
2019-07-23 01:45,8,0,8,0,0,0
2019-07-23 02:00,11,3,8,0,0,0
2019-07-23 02:15,12,9,3,0,0,0
2019-07-23 02:30,5,2,3,0,0,0
2019-07-23 02:45,10,4,6,0,0,0
2019-07-23 03:00,7,2,5,0,0,0
2019-07-23 03:15,4,0,4,0,0,0
2019-07-23 03:30,6,4,2,0,0,0
2019-07-23 03:45,8,5,3,0,0,0
2019-07-23 04:00,3,2,1,0,0,0
2019-07-23 04:15,8,3,5,0,0,0
2019-07-23 04:30,3,2,1,0,0,0
2019-07-23 04:45,9,5,4,0,0,0
2019-07-23 05:00,9,4,5,0,0,0
2019-07-23 05:15,13,11,2,0,0,0
2019-07-23 05:30,21,15,6,0,0,0
2019-07-23 05:45,43,25,18,0,0,0
2019-07-23 06:00,40,30,10,0,0,0
2019-07-23 06:15,44,23,21,0,0,0
2019-07-23 06:30,74,53,21,0,0,0
2019-07-23 06:45,114,66,48,0,0,0
2019-07-23 07:00,102,67,35,0,0,0
2019-07-23 07:15,129,83,46,0,0,0
2019-07-23 07:30,190,102,88,0,0,0
2019-07-23 07:45,242,163,79,0,0,0
2019-07-23 08:00,207,136,71,0,0,0
2019-07-23 08:15,230,137,93,0,0,0
2019-07-23 08:30,198,130,68,0,0,0
2019-07-23 08:45,226,130,96,0,0,0
2019-07-23 09:00,195,123,72,0,0,0
2019-07-23 09:15,184,124,60,0,0,0
2019-07-23 09:30,210,125,85,0,0,0
2019-07-23 09:45,215,135,80,0,0,0
2019-07-23 10:00,198,132,66,0,0,0
2019-07-23 10:15,162,97,65,0,0,0
2019-07-23 10:30,145,84,61,0,0,0
2019-07-23 10:45,179,109,70,0,0,0
2019-07-23 11:00,149,73,76,0,0,0
2019-07-23 11:15,146,83,63,0,0,0
2019-07-23 11:30,177,94,83,0,0,0
2019-07-23 11:45,180,114,66,0,0,0
2019-07-23 12:00,175,114,61,0,0,0
2019-07-23 12:15,169,100,69,0,0,0
2019-07-23 12:30,161,89,72,0,0,0
2019-07-23 12:45,167,92,75,0,0,0
2019-07-23 13:00,165,96,69,0,0,0
2019-07-23 13:15,180,84,96,0,0,0
2019-07-23 13:30,175,85,90,0,0,0
2019-07-23 13:45,220,138,82,0,0,0
2019-07-23 14:00,153,85,68,0,0,0
2019-07-23 14:15,199,114,85,0,0,0
2019-07-23 14:30,216,123,93,0,0,0
2019-07-23 14:45,195,107,88,0,0,0
2019-07-23 15:00,157,79,78,0,0,0
2019-07-23 15:15,200,99,101,0,0,0
2019-07-23 15:30,190,92,98,0,0,0
2019-07-23 15:45,234,122,112,0,0,0
2019-07-23 16:00,238,123,115,0,0,0
2019-07-23 16:15,240,117,123,0,0,0
2019-07-23 16:30,234,113,121,0,0,0
2019-07-23 16:45,282,147,135,0,0,0
2019-07-23 17:00,288,144,144,0,0,0
2019-07-23 17:15,275,135,140,0,0,0
2019-07-23 17:30,280,158,122,0,0,0
2019-07-23 17:45,300,159,141,0,0,0
2019-07-23 18:00,268,123,145,0,0,0
2019-07-23 18:15,269,136,133,0,0,0
2019-07-23 18:30,227,126,101,0,0,0
2019-07-23 18:45,256,131,125,0,0,0
2019-07-23 19:00,227,121,106,0,0,0
2019-07-23 19:15,235,106,129,0,0,0
2019-07-23 19:30,175,87,88,0,0,0
2019-07-23 19:45,205,112,93,0,0,0
2019-07-23 20:00,203,120,83,0,0,0
2019-07-23 20:15,155,76,79,0,0,0
2019-07-23 20:30,125,55,70,0,0,0
2019-07-23 20:45,128,58,70,0,0,0
2019-07-23 21:00,131,67,64,0,0,0
2019-07-23 21:15,135,43,92,0,0,0
2019-07-23 21:30,128,58,70,0,0,0
2019-07-23 21:45,133,54,79,0,0,0
2019-07-23 22:00,127,45,82,0,0,0
2019-07-23 22:15,100,28,72,0,0,0
2019-07-23 22:30,88,31,57,0,0,0
2019-07-23 22:45,100,35,65,0,0,0
2019-07-23 23:00,82,27,55,0,0,0
2019-07-23 23:15,56,19,37,0,0,0
2019-07-23 23:30,57,26,31,0,0,0
2019-07-23 23:45,42,15,27,0,0,0
2019-07-24 00:00,60,17,43,0,0,0
2019-07-24 00:15,46,23,23,0,0,0
2019-07-24 00:30,46,28,18,0,0,0
2019-07-24 00:45,40,18,22,0,0,0
2019-07-24 01:00,55,41,14,0,0,0
2019-07-24 01:15,32,7,25,0,0,0
2019-07-24 01:30,17,7,10,0,0,0
2019-07-24 01:45,24,11,13,0,0,0
2019-07-24 02:00,18,7,11,0,0,0
2019-07-24 02:15,17,3,14,0,0,0
2019-07-24 02:30,10,2,8,0,0,0
2019-07-24 02:45,20,3,17,0,0,0
2019-07-24 03:00,8,2,6,0,0,0
2019-07-24 03:15,10,0,10,0,0,0
2019-07-24 03:30,5,3,2,0,0,0
2019-07-24 03:45,6,0,6,0,0,0
2019-07-24 04:00,7,2,5,0,0,0
2019-07-24 04:15,12,5,7,0,0,0
2019-07-24 04:30,8,5,3,0,0,0
2019-07-24 04:45,19,10,9,0,0,0
2019-07-24 05:00,9,4,5,0,0,0
2019-07-24 05:15,17,12,5,0,0,0
2019-07-24 05:30,24,17,7,0,0,0
2019-07-24 05:45,45,34,11,0,0,0
2019-07-24 06:00,35,23,12,0,0,0
2019-07-24 06:15,47,35,12,0,0,0
2019-07-24 06:30,68,46,22,0,0,0
2019-07-24 06:45,112,81,31,0,0,0
2019-07-24 07:00,111,80,31,0,0,0
2019-07-24 07:15,123,69,54,0,0,0
2019-07-24 07:30,156,91,65,0,0,0
2019-07-24 07:45,257,178,79,0,0,0
2019-07-24 08:00,250,168,82,0,0,0
2019-07-24 08:15,193,133,60,0,0,0
2019-07-24 08:30,211,133,78,0,0,0
2019-07-24 08:45,229,147,82,0,0,0
2019-07-24 09:00,200,132,68,0,0,0
2019-07-24 09:15,180,125,55,0,0,0
2019-07-24 09:30,183,112,71,0,0,0
2019-07-24 09:45,209,131,78,0,0,0
2019-07-24 10:00,151,104,47,0,0,0
2019-07-24 10:15,209,137,72,0,0,0
2019-07-24 10:30,187,102,85,0,0,0
2019-07-24 10:45,172,90,82,0,0,0
2019-07-24 11:00,126,70,56,0,0,0
2019-07-24 11:15,140,81,59,0,0,0
2019-07-24 11:30,173,107,66,0,0,0
2019-07-24 11:45,197,100,97,0,0,0
2019-07-24 12:00,185,99,86,0,0,0
2019-07-24 12:15,142,84,58,0,0,0
2019-07-24 12:30,167,79,88,0,0,0
2019-07-24 12:45,190,119,71,0,0,0
2019-07-24 13:00,166,83,83,0,0,0
2019-07-24 13:15,180,92,88,0,0,0
2019-07-24 13:30,186,94,92,0,0,0
2019-07-24 13:45,179,110,69,0,0,0
2019-07-24 14:00,161,93,68,0,0,0
2019-07-24 14:15,188,95,93,0,0,0
2019-07-24 14:30,149,70,79,0,0,0
2019-07-24 14:45,160,85,75,0,0,0
2019-07-24 15:00,185,88,97,0,0,0
2019-07-24 15:15,183,85,98,0,0,0
2019-07-24 15:30,191,94,97,0,0,0
2019-07-24 15:45,186,98,88,0,0,0
2019-07-24 16:00,239,125,114,0,0,0
2019-07-24 16:15,198,105,93,0,0,0
2019-07-24 16:30,223,101,122,0,0,0
2019-07-24 16:45,262,151,111,0,0,0
2019-07-24 17:00,224,129,95,0,0,0
2019-07-24 17:15,225,120,105,0,0,0
2019-07-24 17:30,248,135,113,0,0,0
2019-07-24 17:45,275,165,110,0,0,0
2019-07-24 18:00,221,108,113,0,0,0
2019-07-24 18:15,275,143,132,0,0,0
2019-07-24 18:30,191,105,86,0,0,0
2019-07-24 18:45,216,125,91,0,0,0
2019-07-24 19:00,208,124,84,0,0,0
2019-07-24 19:15,207,120,87,0,0,0
2019-07-24 19:30,176,91,85,0,0,0
2019-07-24 19:45,210,114,96,0,0,0
2019-07-24 20:00,187,94,93,0,0,0
2019-07-24 20:15,185,96,89,0,0,0
2019-07-24 20:30,131,59,72,0,0,0
2019-07-24 20:45,129,54,75,0,0,0
2019-07-24 21:00,118,53,65,0,0,0
2019-07-24 21:15,175,66,109,0,0,0
2019-07-24 21:30,134,71,63,0,0,0
2019-07-24 21:45,127,44,83,0,0,0
2019-07-24 22:00,113,40,73,0,0,0
2019-07-24 22:15,108,53,55,0,0,0
2019-07-24 22:30,99,39,60,0,0,0
2019-07-24 22:45,132,51,81,0,0,0
2019-07-24 23:00,74,25,49,0,0,0
2019-07-24 23:15,86,33,53,0,0,0
2019-07-24 23:30,73,22,51,0,0,0
2019-07-24 23:45,54,27,27,0,0,0
2019-07-25 00:00,65,20,45,0,0,0
2019-07-25 00:15,47,13,34,0,0,0
2019-07-25 00:30,50,15,35,0,0,0
2019-07-25 00:45,42,13,29,0,0,0
2019-07-25 01:00,39,6,33,0,0,0
2019-07-25 01:15,41,8,33,0,0,0
2019-07-25 01:30,44,12,32,0,0,0
2019-07-25 01:45,25,3,22,0,0,0
2019-07-25 02:00,35,4,31,0,0,0
2019-07-25 02:15,22,1,21,0,0,0
2019-07-25 02:30,27,8,19,0,0,0
2019-07-25 02:45,32,3,29,0,0,0
2019-07-25 03:00,25,6,19,0,0,0
2019-07-25 03:15,17,4,13,0,0,0
2019-07-25 03:30,22,0,22,0,0,0
2019-07-25 03:45,20,4,16,0,0,0
2019-07-25 04:00,11,2,9,0,0,0
2019-07-25 04:15,5,2,3,0,0,0
2019-07-25 04:30,13,5,8,0,0,0
2019-07-25 04:45,14,10,4,0,0,0
2019-07-25 05:00,17,6,11,0,0,0
2019-07-25 05:15,15,11,4,0,0,0
2019-07-25 05:30,30,20,10,0,0,0
2019-07-25 05:45,29,19,10,0,0,0
2019-07-25 06:00,34,19,15,0,0,0
2019-07-25 06:15,48,33,15,0,0,0
2019-07-25 06:30,72,43,29,0,0,0
2019-07-25 06:45,104,67,37,0,0,0
2019-07-25 07:00,94,57,37,0,0,0
2019-07-25 07:15,119,68,51,0,0,0
2019-07-25 07:30,167,101,66,0,0,0
2019-07-25 07:45,226,148,78,0,0,0
2019-07-25 08:00,189,116,73,0,0,0
2019-07-25 08:15,202,135,67,0,0,0
2019-07-25 08:30,207,131,76,0,0,0
2019-07-25 08:45,221,129,92,0,0,0
2019-07-25 09:00,150,101,49,0,0,0
2019-07-25 09:15,159,105,54,0,0,0
2019-07-25 09:30,160,105,55,0,0,0
2019-07-25 09:45,188,128,60,0,0,0
2019-07-25 10:00,155,87,68,0,0,0
2019-07-25 10:15,146,88,58,0,0,0
2019-07-25 10:30,135,74,61,0,0,0
2019-07-25 10:45,151,82,69,0,0,0
2019-07-25 11:00,121,73,48,0,0,0
2019-07-25 11:15,141,74,67,0,0,0
2019-07-25 11:30,160,101,59,0,0,0
2019-07-25 11:45,154,93,61,0,0,0
2019-07-25 12:00,159,91,68,0,0,0
2019-07-25 12:15,129,60,69,0,0,0
2019-07-25 12:30,141,79,62,0,0,0
2019-07-25 12:45,143,83,60,0,0,0
2019-07-25 13:00,132,67,65,0,0,0
2019-07-25 13:15,122,65,57,0,0,0
2019-07-25 13:30,138,77,61,0,0,0
2019-07-25 13:45,149,87,62,0,0,0
2019-07-25 14:00,172,92,80,0,0,0
2019-07-25 14:15,134,76,58,0,0,0
2019-07-25 14:30,149,86,63,0,0,0
2019-07-25 14:45,165,87,78,0,0,0
2019-07-25 15:00,153,64,89,0,0,0
2019-07-25 15:15,159,77,82,0,0,0
2019-07-25 15:30,177,85,92,0,0,0
2019-07-25 15:45,177,91,86,0,0,0
2019-07-25 16:00,192,94,98,0,0,0
2019-07-25 16:15,187,104,83,0,0,0
2019-07-25 16:30,207,123,84,0,0,0
2019-07-25 16:45,178,81,97,0,0,0
2019-07-25 17:00,181,100,81,0,0,0
2019-07-25 17:15,208,118,90,0,0,0
2019-07-25 17:30,184,99,85,0,0,0
2019-07-25 17:45,248,133,115,0,0,0
2019-07-25 18:00,216,118,98,0,0,0
2019-07-25 18:15,182,93,89,0,0,0
2019-07-25 18:30,171,86,85,0,0,0
2019-07-25 18:45,176,84,92,0,0,0
2019-07-25 19:00,157,83,74,0,0,0
2019-07-25 19:15,134,72,62,0,0,0
2019-07-25 19:30,144,89,55,0,0,0
2019-07-25 19:45,196,108,88,0,0,0
2019-07-25 20:00,161,70,91,0,0,0
2019-07-25 20:15,150,81,69,0,0,0
2019-07-25 20:30,125,57,68,0,0,0
2019-07-25 20:45,107,48,59,0,0,0
2019-07-25 21:00,125,34,91,0,0,0
2019-07-25 21:15,111,52,59,0,0,0
2019-07-25 21:30,119,42,77,0,0,0
2019-07-25 21:45,110,38,72,0,0,0
2019-07-25 22:00,87,31,56,0,0,0
2019-07-25 22:15,89,29,60,0,0,0
2019-07-25 22:30,92,37,55,0,0,0
2019-07-25 22:45,81,27,54,0,0,0
2019-07-25 23:00,57,13,44,0,0,0
2019-07-25 23:15,58,26,32,0,0,0
2019-07-25 23:30,44,22,22,0,0,0
2019-07-25 23:45,48,18,30,0,0,0
2019-07-26 00:00,57,14,43,0,0,0
2019-07-26 00:15,48,14,34,0,0,0
2019-07-26 00:30,41,16,25,0,0,0
2019-07-26 00:45,36,14,22,0,0,0
2019-07-26 01:00,21,5,16,0,0,0
2019-07-26 01:15,33,20,13,0,0,0
2019-07-26 01:30,31,6,25,0,0,0
2019-07-26 01:45,30,5,25,0,0,0
2019-07-26 02:00,16,4,12,0,0,0
2019-07-26 02:15,11,1,10,0,0,0
2019-07-26 02:30,6,1,5,0,0,0
2019-07-26 02:45,12,2,10,0,0,0
2019-07-26 03:00,17,5,12,0,0,0
2019-07-26 03:15,1,0,1,0,0,0
2019-07-26 03:30,8,2,6,0,0,0
2019-07-26 03:45,4,3,1,0,0,0
2019-07-26 04:00,6,3,3,0,0,0
2019-07-26 04:15,2,2,0,0,0,0
2019-07-26 04:30,7,4,3,0,0,0
2019-07-26 04:45,13,10,3,0,0,0
2019-07-26 05:00,12,7,5,0,0,0
2019-07-26 05:15,17,14,3,0,0,0
2019-07-26 05:30,21,15,6,0,0,0
2019-07-26 05:45,31,18,13,0,0,0
2019-07-26 06:00,30,13,17,0,0,0
2019-07-26 06:15,44,30,14,0,0,0
2019-07-26 06:30,69,45,24,0,0,0
2019-07-26 06:45,96,61,35,0,0,0
2019-07-26 07:00,86,61,25,0,0,0
2019-07-26 07:15,98,62,36,0,0,0
2019-07-26 07:30,146,73,73,0,0,0
2019-07-26 07:45,211,129,82,0,0,0
2019-07-26 08:00,167,118,49,0,0,0
2019-07-26 08:15,160,98,62,0,0,0
2019-07-26 08:30,176,126,50,0,0,0
2019-07-26 08:45,202,128,74,0,0,0
2019-07-26 09:00,153,107,46,0,0,0
2019-07-26 09:15,149,95,54,0,0,0
2019-07-26 09:30,158,107,51,0,0,0
2019-07-26 09:45,173,119,54,0,0,0
2019-07-26 10:00,119,60,59,0,0,0
2019-07-26 10:15,123,73,50,0,0,0
2019-07-26 10:30,110,71,39,0,0,0
2019-07-26 10:45,128,86,42,0,0,0
2019-07-26 11:00,130,78,52,0,0,0
2019-07-26 11:15,125,77,48,0,0,0
2019-07-26 11:30,126,72,54,0,0,0
2019-07-26 11:45,130,84,46,0,0,0
2019-07-26 12:00,155,89,66,0,0,0
2019-07-26 12:15,138,80,58,0,0,0
2019-07-26 12:30,167,85,82,0,0,0
2019-07-26 12:45,180,107,73,0,0,0
2019-07-26 13:00,172,89,83,0,0,0
2019-07-26 13:15,132,71,61,0,0,0
2019-07-26 13:30,146,75,71,0,0,0
2019-07-26 13:45,206,115,91,0,0,0
2019-07-26 14:00,205,95,110,0,0,0
2019-07-26 14:15,159,83,76,0,0,0
2019-07-26 14:30,132,64,68,0,0,0
2019-07-26 14:45,122,60,62,0,0,0
2019-07-26 15:00,181,92,89,0,0,0
2019-07-26 15:15,178,93,85,0,0,0
2019-07-26 15:30,147,74,73,0,0,0
2019-07-26 15:45,189,121,68,0,0,0
2019-07-26 16:00,191,92,99,0,0,0
2019-07-26 16:15,145,65,80,0,0,0
2019-07-26 16:30,143,85,58,0,0,0
2019-07-26 16:45,174,105,69,0,0,0
2019-07-26 17:00,156,74,82,0,0,0
2019-07-26 17:15,151,85,66,0,0,0
2019-07-26 17:30,160,80,80,0,0,0
2019-07-26 17:45,191,110,81,0,0,0
2019-07-26 18:00,175,87,88,0,0,0
2019-07-26 18:15,172,84,88,0,0,0
2019-07-26 18:30,157,89,68,0,0,0
2019-07-26 18:45,200,99,101,0,0,0
2019-07-26 19:00,147,82,65,0,0,0
2019-07-26 19:15,188,89,99,0,0,0
2019-07-26 19:30,115,66,49,0,0,0
2019-07-26 19:45,122,72,50,0,0,0
2019-07-26 20:00,124,69,55,0,0,0
2019-07-26 20:15,164,79,85,0,0,0
2019-07-26 20:30,124,67,57,0,0,0
2019-07-26 20:45,113,59,54,0,0,0
2019-07-26 21:00,108,60,48,0,0,0
2019-07-26 21:15,97,56,41,0,0,0
2019-07-26 21:30,89,41,48,0,0,0
2019-07-26 21:45,91,36,55,0,0,0
2019-07-26 22:00,76,36,40,0,0,0
2019-07-26 22:15,99,36,63,0,0,0
2019-07-26 22:30,90,38,52,0,0,0
2019-07-26 22:45,76,35,41,0,0,0
2019-07-26 23:00,89,40,49,0,0,0
2019-07-26 23:15,56,21,35,0,0,0
2019-07-26 23:30,91,59,32,0,0,0
2019-07-26 23:45,61,16,45,0,0,0
2019-07-27 00:00,75,31,44,0,0,0
2019-07-27 00:15,59,27,32,0,0,0
2019-07-27 00:30,77,24,53,0,0,0
2019-07-27 00:45,57,33,24,0,0,0
2019-07-27 01:00,60,23,37,0,0,0
2019-07-27 01:15,53,20,33,0,0,0
2019-07-27 01:30,31,15,16,0,0,0
2019-07-27 01:45,34,11,23,0,0,0
2019-07-27 02:00,40,2,38,0,0,0
2019-07-27 02:15,35,2,33,0,0,0
2019-07-27 02:30,25,3,22,0,0,0
2019-07-27 02:45,44,8,36,0,0,0
2019-07-27 03:00,27,4,23,0,0,0
2019-07-27 03:15,21,8,13,0,0,0
2019-07-27 03:30,22,5,17,0,0,0
2019-07-27 03:45,17,5,12,0,0,0
2019-07-27 04:00,30,4,26,0,0,0
2019-07-27 04:15,11,2,9,0,0,0
2019-07-27 04:30,20,5,15,0,0,0
2019-07-27 04:45,15,2,13,0,0,0
2019-07-27 05:00,17,4,13,0,0,0
2019-07-27 05:15,7,6,1,0,0,0
2019-07-27 05:30,20,13,7,0,0,0
2019-07-27 05:45,16,6,10,0,0,0
2019-07-27 06:00,17,10,7,0,0,0
2019-07-27 06:15,16,8,8,0,0,0
2019-07-27 06:30,13,6,7,0,0,0
2019-07-27 06:45,21,14,7,0,0,0
2019-07-27 07:00,20,14,6,0,0,0
2019-07-27 07:15,23,14,9,0,0,0
2019-07-27 07:30,35,21,14,0,0,0
2019-07-27 07:45,41,28,13,0,0,0
2019-07-27 08:00,40,21,19,0,0,0
2019-07-27 08:15,65,44,21,0,0,0
2019-07-27 08:30,116,91,25,0,0,0
2019-07-27 08:45,85,61,24,0,0,0
2019-07-27 09:00,76,54,22,0,0,0
2019-07-27 09:15,69,47,22,0,0,0
2019-07-27 09:30,108,71,37,0,0,0
2019-07-27 09:45,164,124,40,0,0,0
2019-07-27 10:00,123,95,28,0,0,0
2019-07-27 10:15,136,84,52,0,0,0
2019-07-27 10:30,125,95,30,0,0,0
2019-07-27 10:45,150,76,74,0,0,0
2019-07-27 11:00,128,83,45,0,0,0
2019-07-27 11:15,158,91,67,0,0,0
2019-07-27 11:30,181,118,63,0,0,0
2019-07-27 11:45,142,89,53,0,0,0
2019-07-27 12:00,126,84,42,0,0,0
2019-07-27 12:15,151,95,56,0,0,0
2019-07-27 12:30,153,97,56,0,0,0
2019-07-27 12:45,165,103,62,0,0,0
2019-07-27 13:00,139,89,50,0,0,0
2019-07-27 13:15,139,88,51,0,0,0
2019-07-27 13:30,110,45,65,0,0,0
2019-07-27 13:45,158,77,81,0,0,0
2019-07-27 14:00,140,84,56,0,0,0
2019-07-27 14:15,144,83,61,0,0,0
2019-07-27 14:30,129,71,58,0,0,0
2019-07-27 14:45,119,57,62,0,0,0
2019-07-27 15:00,103,42,61,0,0,0
2019-07-27 15:15,116,52,64,0,0,0
2019-07-27 15:30,122,67,55,0,0,0
2019-07-27 15:45,121,53,68,0,0,0
2019-07-27 16:00,152,63,89,0,0,0
2019-07-27 16:15,144,52,92,0,0,0
2019-07-27 16:30,151,87,64,0,0,0
2019-07-27 16:45,119,67,52,0,0,0
2019-07-27 17:00,122,56,66,0,0,0
2019-07-27 17:15,131,63,68,0,0,0
2019-07-27 17:30,132,60,72,0,0,0
2019-07-27 17:45,121,55,66,0,0,0
2019-07-27 18:00,144,69,75,0,0,0
2019-07-27 18:15,137,66,71,0,0,0
2019-07-27 18:30,136,63,73,0,0,0
2019-07-27 18:45,150,93,57,0,0,0
2019-07-27 19:00,123,62,61,0,0,0
2019-07-27 19:15,124,70,54,0,0,0
2019-07-27 19:30,140,79,61,0,0,0
2019-07-27 19:45,132,74,58,0,0,0
2019-07-27 20:00,150,72,78,0,0,0
2019-07-27 20:15,116,69,47,0,0,0
2019-07-27 20:30,102,44,58,0,0,0
2019-07-27 20:45,104,52,52,0,0,0
2019-07-27 21:00,100,41,59,0,0,0
2019-07-27 21:15,83,47,36,0,0,0
2019-07-27 21:30,96,46,50,0,0,0
2019-07-27 21:45,66,39,27,0,0,0
2019-07-27 22:00,84,35,49,0,0,0
2019-07-27 22:15,63,14,49,0,0,0
2019-07-27 22:30,89,39,50,0,0,0
2019-07-27 22:45,71,36,35,0,0,0
2019-07-27 23:00,62,23,39,0,0,0
2019-07-27 23:15,69,29,40,0,0,0
2019-07-27 23:30,73,28,45,0,0,0
2019-07-27 23:45,61,20,41,0,0,0
2019-07-28 00:00,58,21,37,0,0,0
2019-07-28 00:15,65,18,47,0,0,0
2019-07-28 00:30,65,30,35,0,0,0
2019-07-28 00:45,42,15,27,0,0,0
2019-07-28 01:00,49,8,41,0,0,0
2019-07-28 01:15,39,21,18,0,0,0
2019-07-28 01:30,48,17,31,0,0,0
2019-07-28 01:45,61,28,33,0,0,0
2019-07-28 02:00,24,6,18,0,0,0
2019-07-28 02:15,20,10,10,0,0,0
2019-07-28 02:30,34,16,18,0,0,0
2019-07-28 02:45,44,17,27,0,0,0
2019-07-28 03:00,47,9,38,0,0,0
2019-07-28 03:15,22,9,13,0,0,0
2019-07-28 03:30,31,6,25,0,0,0
2019-07-28 03:45,34,10,24,0,0,0
2019-07-28 04:00,22,6,16,0,0,0
2019-07-28 04:15,14,6,8,0,0,0
2019-07-28 04:30,15,6,9,0,0,0
2019-07-28 04:45,12,3,9,0,0,0
2019-07-28 05:00,10,7,3,0,0,0
2019-07-28 05:15,12,2,10,0,0,0
2019-07-28 05:30,13,5,8,0,0,0
2019-07-28 05:45,11,3,8,0,0,0
2019-07-28 06:00,14,1,13,0,0,0
2019-07-28 06:15,10,4,6,0,0,0
2019-07-28 06:30,12,6,6,0,0,0
2019-07-28 06:45,15,9,6,0,0,0
2019-07-28 07:00,13,9,4,0,0,0
2019-07-28 07:15,12,9,3,0,0,0
2019-07-28 07:30,15,10,5,0,0,0
2019-07-28 07:45,23,13,10,0,0,0
2019-07-28 08:00,17,11,6,0,0,0
2019-07-28 08:15,17,11,6,0,0,0
2019-07-28 08:30,31,18,13,0,0,0
2019-07-28 08:45,41,16,25,0,0,0
2019-07-28 09:00,25,14,11,0,0,0
2019-07-28 09:15,43,31,12,0,0,0
2019-07-28 09:30,58,37,21,0,0,0
2019-07-28 09:45,153,104,49,0,0,0
2019-07-28 10:00,106,69,37,0,0,0
2019-07-28 10:15,78,57,21,0,0,0
2019-07-28 10:30,84,42,42,0,0,0
2019-07-28 10:45,87,61,26,0,0,0
2019-07-28 11:00,78,43,35,0,0,0
2019-07-28 11:15,68,44,24,0,0,0
2019-07-28 11:30,92,57,35,0,0,0
2019-07-28 11:45,96,51,45,0,0,0
2019-07-28 12:00,77,50,27,0,0,0
2019-07-28 12:15,96,57,39,0,0,0
2019-07-28 12:30,94,48,46,0,0,0
2019-07-28 12:45,107,54,53,0,0,0
2019-07-28 13:00,93,41,52,0,0,0
2019-07-28 13:15,89,53,36,0,0,0
2019-07-28 13:30,110,63,47,0,0,0
2019-07-28 13:45,106,66,40,0,0,0
2019-07-28 14:00,92,48,44,0,0,0
2019-07-28 14:15,102,55,47,0,0,0
2019-07-28 14:30,132,75,57,0,0,0
2019-07-28 14:45,110,74,36,0,0,0
2019-07-28 15:00,118,60,58,0,0,0
2019-07-28 15:15,123,68,55,0,0,0
2019-07-28 15:30,95,42,53,0,0,0
2019-07-28 15:45,140,86,54,0,0,0
2019-07-28 16:00,82,51,31,0,0,0
2019-07-28 16:15,103,60,43,0,0,0
2019-07-28 16:30,100,60,40,0,0,0
2019-07-28 16:45,124,60,64,0,0,0
2019-07-28 17:00,103,60,43,0,0,0
2019-07-28 17:15,140,64,76,0,0,0
2019-07-28 17:30,123,58,65,0,0,0
2019-07-28 17:45,119,67,52,0,0,0
2019-07-28 18:00,127,65,62,0,0,0
2019-07-28 18:15,134,71,63,0,0,0
2019-07-28 18:30,103,62,41,0,0,0
2019-07-28 18:45,135,78,57,0,0,0
2019-07-28 19:00,81,38,43,0,0,0
2019-07-28 19:15,104,60,44,0,0,0
2019-07-28 19:30,102,44,58,0,0,0
2019-07-28 19:45,115,59,56,0,0,0
2019-07-28 20:00,92,28,64,0,0,0
2019-07-28 20:15,73,32,41,0,0,0
2019-07-28 20:30,62,21,41,0,0,0
2019-07-28 20:45,69,27,42,0,0,0
2019-07-28 21:00,49,25,24,0,0,0
2019-07-28 21:15,50,17,33,0,0,0
2019-07-28 21:30,52,18,34,0,0,0
2019-07-28 21:45,58,21,37,0,0,0
2019-07-28 22:00,40,17,23,0,0,0
2019-07-28 22:15,54,16,38,0,0,0
2019-07-28 22:30,42,19,23,0,0,0
2019-07-28 22:45,24,7,17,0,0,0
2019-07-28 23:00,29,7,22,0,0,0
2019-07-28 23:15,40,9,31,0,0,0
2019-07-28 23:30,24,8,16,0,0,0
2019-07-28 23:45,8,3,5,0,0,0
2019-07-29 00:00,13,4,9,0,0,0
2019-07-29 00:15,7,4,3,0,0,0
2019-07-29 00:30,8,4,4,0,0,0
2019-07-29 00:45,18,5,13,0,0,0
2019-07-29 01:00,8,1,7,0,0,0
2019-07-29 01:15,8,1,7,0,0,0
2019-07-29 01:30,9,1,8,0,0,0
2019-07-29 01:45,2,0,2,0,0,0
2019-07-29 02:00,7,5,2,0,0,0
2019-07-29 02:15,8,5,3,0,0,0
2019-07-29 02:30,3,2,1,0,0,0
2019-07-29 02:45,6,1,5,0,0,0
2019-07-29 03:00,2,0,2,0,0,0
2019-07-29 03:15,0,0,0,0,0,0
2019-07-29 03:30,1,1,0,0,0,0
2019-07-29 03:45,1,1,0,0,0,0
2019-07-29 04:00,3,1,2,0,0,0
2019-07-29 04:15,3,1,2,0,0,0
2019-07-29 04:30,6,2,4,0,0,0
2019-07-29 04:45,12,8,4,0,0,0
2019-07-29 05:00,10,5,5,0,0,0
2019-07-29 05:15,17,11,6,0,0,0
2019-07-29 05:30,17,13,4,0,0,0
2019-07-29 05:45,31,24,7,0,0,0
2019-07-29 06:00,34,24,10,0,0,0
2019-07-29 06:15,40,27,13,0,0,0
2019-07-29 06:30,63,42,21,0,0,0
2019-07-29 06:45,99,66,33,0,0,0
2019-07-29 07:00,103,76,27,0,0,0
2019-07-29 07:15,106,60,46,0,0,0
2019-07-29 07:30,153,74,79,0,0,0
2019-07-29 07:45,227,159,68,0,0,0
2019-07-29 08:00,174,96,78,0,0,0
2019-07-29 08:15,161,96,65,0,0,0
2019-07-29 08:30,169,93,76,0,0,0
2019-07-29 08:45,210,133,77,0,0,0
2019-07-29 09:00,130,84,46,0,0,0
2019-07-29 09:15,142,90,52,0,0,0
2019-07-29 09:30,128,88,40,0,0,0
2019-07-29 09:45,168,111,57,0,0,0
2019-07-29 10:00,126,69,57,0,0,0
2019-07-29 10:15,124,75,49,0,0,0
2019-07-29 10:30,131,75,56,0,0,0
2019-07-29 10:45,126,79,47,0,0,0
2019-07-29 11:00,113,78,35,0,0,0
2019-07-29 11:15,131,81,50,0,0,0
2019-07-29 11:30,164,112,52,0,0,0
2019-07-29 11:45,132,81,51,0,0,0
2019-07-29 12:00,128,70,58,0,0,0
2019-07-29 12:15,120,56,64,0,0,0
2019-07-29 12:30,187,96,91,0,0,0
2019-07-29 12:45,137,85,52,0,0,0
2019-07-29 13:00,164,82,82,0,0,0
2019-07-29 13:15,148,88,60,0,0,0
2019-07-29 13:30,119,67,52,0,0,0
2019-07-29 13:45,187,117,70,0,0,0
2019-07-29 14:00,156,84,72,0,0,0
2019-07-29 14:15,179,95,84,0,0,0
2019-07-29 14:30,180,88,92,0,0,0
2019-07-29 14:45,169,84,85,0,0,0
2019-07-29 15:00,147,70,77,0,0,0
2019-07-29 15:15,183,84,99,0,0,0
2019-07-29 15:30,188,93,95,0,0,0
2019-07-29 15:45,217,110,107,0,0,0
2019-07-29 16:00,220,114,106,0,0,0
2019-07-29 16:15,230,106,124,0,0,0
2019-07-29 16:30,214,103,111,0,0,0
2019-07-29 16:45,238,122,116,0,0,0
2019-07-29 17:00,249,129,120,0,0,0
2019-07-29 17:15,271,130,141,0,0,0
2019-07-29 17:30,254,121,133,0,0,0
2019-07-29 17:45,271,138,133,0,0,0
2019-07-29 18:00,224,90,134,0,0,0
2019-07-29 18:15,221,106,115,0,0,0
2019-07-29 18:30,233,101,132,0,0,0
2019-07-29 18:45,224,108,116,0,0,0
2019-07-29 19:00,199,95,104,0,0,0
2019-07-29 19:15,207,116,91,0,0,0
2019-07-29 19:30,166,80,86,0,0,0
2019-07-29 19:45,167,81,86,0,0,0
2019-07-29 20:00,152,66,86,0,0,0
2019-07-29 20:15,145,64,81,0,0,0
2019-07-29 20:30,114,45,69,0,0,0
2019-07-29 20:45,94,44,50,0,0,0
2019-07-29 21:00,113,47,66,0,0,0
2019-07-29 21:15,83,31,52,0,0,0
2019-07-29 21:30,69,26,43,0,0,0
2019-07-29 21:45,74,31,43,0,0,0
2019-07-29 22:00,79,25,54,0,0,0
2019-07-29 22:15,84,27,57,0,0,0
2019-07-29 22:30,76,25,51,0,0,0
2019-07-29 22:45,54,20,34,0,0,0
2019-07-29 23:00,57,17,40,0,0,0
2019-07-29 23:15,41,21,20,0,0,0
2019-07-29 23:30,43,16,27,0,0,0
2019-07-29 23:45,45,21,24,0,0,0
2019-07-30 00:00,42,10,32,0,0,0
2019-07-30 00:15,25,7,18,0,0,0
2019-07-30 00:30,25,5,20,0,0,0
2019-07-30 00:45,31,7,24,0,0,0
2019-07-30 01:00,28,18,10,0,0,0
2019-07-30 01:15,28,9,19,0,0,0
2019-07-30 01:30,32,3,29,0,0,0
2019-07-30 01:45,21,4,17,0,0,0
2019-07-30 02:00,22,4,18,0,0,0
2019-07-30 02:15,13,1,12,0,0,0
2019-07-30 02:30,8,4,4,0,0,0
2019-07-30 02:45,9,5,4,0,0,0
2019-07-30 03:00,7,2,5,0,0,0
2019-07-30 03:15,5,2,3,0,0,0
2019-07-30 03:30,8,3,5,0,0,0
2019-07-30 03:45,3,1,2,0,0,0
2019-07-30 04:00,1,0,1,0,0,0
2019-07-30 04:15,1,1,0,0,0,0
2019-07-30 04:30,9,7,2,0,0,0
2019-07-30 04:45,10,3,7,0,0,0
2019-07-30 05:00,11,6,5,0,0,0
2019-07-30 05:15,8,5,3,0,0,0
2019-07-30 05:30,25,15,10,0,0,0
2019-07-30 05:45,34,21,13,0,0,0
2019-07-30 06:00,28,18,10,0,0,0
2019-07-30 06:15,56,37,19,0,0,0
2019-07-30 06:30,67,48,19,0,0,0
2019-07-30 06:45,135,87,48,0,0,0
2019-07-30 07:00,95,52,43,0,0,0
2019-07-30 07:15,132,73,59,0,0,0
2019-07-30 07:30,164,88,76,0,0,0
2019-07-30 07:45,228,144,84,0,0,0
2019-07-30 08:00,159,92,67,0,0,0
2019-07-30 08:15,189,115,74,0,0,0
2019-07-30 08:30,209,144,65,0,0,0
2019-07-30 08:45,231,141,90,0,0,0
2019-07-30 09:00,161,105,56,0,0,0
2019-07-30 09:15,143,97,46,0,0,0
2019-07-30 09:30,140,101,39,0,0,0
2019-07-30 09:45,184,125,59,0,0,0
2019-07-30 10:00,126,70,56,0,0,0
2019-07-30 10:15,176,90,86,0,0,0
2019-07-30 10:30,157,81,76,0,0,0
2019-07-30 10:45,158,98,60,0,0,0
2019-07-30 11:00,144,81,63,0,0,0
2019-07-30 11:15,165,92,73,0,0,0
2019-07-30 11:30,164,76,88,0,0,0
2019-07-30 11:45,167,101,66,0,0,0
2019-07-30 12:00,183,113,70,0,0,0
2019-07-30 12:15,186,95,91,0,0,0
2019-07-30 12:30,148,80,68,0,0,0
2019-07-30 12:45,205,131,74,0,0,0
2019-07-30 13:00,151,73,78,0,0,0
2019-07-30 13:15,167,91,76,0,0,0
2019-07-30 13:30,149,78,71,0,0,0
2019-07-30 13:45,188,113,75,0,0,0
2019-07-30 14:00,186,118,68,0,0,0
2019-07-30 14:15,182,117,65,0,0,0
2019-07-30 14:30,196,115,81,0,0,0
2019-07-30 14:45,166,94,72,0,0,0
2019-07-30 15:00,170,88,82,0,0,0
2019-07-30 15:15,196,113,83,0,0,0
2019-07-30 15:30,182,99,83,0,0,0
2019-07-30 15:45,251,138,113,0,0,0
2019-07-30 16:00,247,145,102,0,0,0
2019-07-30 16:15,224,110,114,0,0,0
2019-07-30 16:30,233,104,129,0,0,0
2019-07-30 16:45,223,121,102,0,0,0
2019-07-30 17:00,242,129,113,0,0,0
2019-07-30 17:15,294,134,160,0,0,0
2019-07-30 17:30,261,128,133,0,0,0
2019-07-30 17:45,248,132,116,0,0,0
2019-07-30 18:00,260,113,147,0,0,0
2019-07-30 18:15,250,113,137,0,0,0
2019-07-30 18:30,225,104,121,0,0,0
2019-07-30 18:45,273,135,138,0,0,0
2019-07-30 19:00,204,101,103,0,0,0
2019-07-30 19:15,185,92,93,0,0,0
2019-07-30 19:30,208,98,110,0,0,0
2019-07-30 19:45,190,101,89,0,0,0
2019-07-30 20:00,162,68,94,0,0,0
2019-07-30 20:15,158,73,85,0,0,0
2019-07-30 20:30,107,49,58,0,0,0
2019-07-30 20:45,174,68,106,0,0,0
2019-07-30 21:00,141,67,74,0,0,0
2019-07-30 21:15,90,32,58,0,0,0
2019-07-30 21:30,94,32,62,0,0,0
2019-07-30 21:45,111,29,82,0,0,0
2019-07-30 22:00,113,30,83,0,0,0
2019-07-30 22:15,61,21,40,0,0,0
2019-07-30 22:30,97,43,54,0,0,0
2019-07-30 22:45,78,33,45,0,0,0
2019-07-30 23:00,50,17,33,0,0,0
2019-07-30 23:15,55,20,35,0,0,0
2019-07-30 23:30,40,10,30,0,0,0
2019-07-30 23:45,43,12,31,0,0,0
2019-07-31 00:00,37,13,24,0,0,0
2019-07-31 00:15,33,2,31,0,0,0
2019-07-31 00:30,29,7,22,0,0,0
2019-07-31 00:45,28,6,22,0,0,0
2019-07-31 01:00,26,5,21,0,0,0
2019-07-31 01:15,29,3,26,0,0,0
2019-07-31 01:30,17,1,16,0,0,0
2019-07-31 01:45,19,7,12,0,0,0
2019-07-31 02:00,29,5,24,0,0,0
2019-07-31 02:15,28,4,24,0,0,0
2019-07-31 02:30,21,3,18,0,0,0
2019-07-31 02:45,14,4,10,0,0,0
2019-07-31 03:00,7,5,2,0,0,0
2019-07-31 03:15,8,4,4,0,0,0
2019-07-31 03:30,7,3,4,0,0,0
2019-07-31 03:45,8,1,7,0,0,0
2019-07-31 04:00,3,2,1,0,0,0
2019-07-31 04:15,4,2,2,0,0,0
2019-07-31 04:30,9,7,2,0,0,0
2019-07-31 04:45,10,6,4,0,0,0
2019-07-31 05:00,11,3,8,0,0,0
2019-07-31 05:15,15,7,8,0,0,0
2019-07-31 05:30,26,17,9,0,0,0
2019-07-31 05:45,26,20,6,0,0,0
2019-07-31 06:00,32,18,14,0,0,0
2019-07-31 06:15,47,30,17,0,0,0
2019-07-31 06:30,68,48,20,0,0,0
2019-07-31 06:45,119,92,27,0,0,0
2019-07-31 07:00,99,69,30,0,0,0
2019-07-31 07:15,114,70,44,0,0,0
2019-07-31 07:30,151,104,47,0,0,0
2019-07-31 07:45,214,140,74,0,0,0
2019-07-31 08:00,179,107,72,0,0,0
2019-07-31 08:15,162,110,52,0,0,0
2019-07-31 08:30,167,108,59,0,0,0
2019-07-31 08:45,220,137,83,0,0,0
2019-07-31 09:00,182,112,70,0,0,0
2019-07-31 09:15,177,114,63,0,0,0
2019-07-31 09:30,167,119,48,0,0,0
2019-07-31 09:45,187,132,55,0,0,0
2019-07-31 10:00,128,83,45,0,0,0
2019-07-31 10:15,182,119,63,0,0,0
2019-07-31 10:30,148,98,50,0,0,0
2019-07-31 10:45,165,104,61,0,0,0
2019-07-31 11:00,200,110,90,0,0,0
2019-07-31 11:15,173,87,86,0,0,0
2019-07-31 11:30,183,111,72,0,0,0
2019-07-31 11:45,155,99,56,0,0,0
2019-07-31 12:00,188,108,80,0,0,0
2019-07-31 12:15,170,80,90,0,0,0
2019-07-31 12:30,188,94,94,0,0,0
2019-07-31 12:45,160,96,64,0,0,0
2019-07-31 13:00,194,109,85,0,0,0
2019-07-31 13:15,160,87,73,0,0,0
2019-07-31 13:30,130,71,59,0,0,0
2019-07-31 13:45,232,113,119,0,0,0
2019-07-31 14:00,183,94,89,0,0,0
2019-07-31 14:15,151,80,71,0,0,0
2019-07-31 14:30,186,92,94,0,0,0
2019-07-31 14:45,211,102,109,0,0,0
2019-07-31 15:00,182,91,91,0,0,0
2019-07-31 15:15,149,67,82,0,0,0
2019-07-31 15:30,178,94,84,0,0,0
2019-07-31 15:45,211,99,112,0,0,0
2019-07-31 16:00,213,95,118,0,0,0
2019-07-31 16:15,208,86,122,0,0,0
2019-07-31 16:30,134,50,84,0,0,0
2019-07-31 16:45,130,75,55,0,0,0
2019-07-31 17:00,202,93,109,0,0,0
2019-07-31 17:15,228,108,120,0,0,0
2019-07-31 17:30,215,98,117,0,0,0
2019-07-31 17:45,253,136,117,0,0,0
2019-07-31 18:00,235,111,124,0,0,0
2019-07-31 18:15,226,110,116,0,0,0
2019-07-31 18:30,202,92,110,0,0,0
2019-07-31 18:45,220,102,118,0,0,0
2019-07-31 19:00,185,96,89,0,0,0
2019-07-31 19:15,177,81,96,0,0,0
2019-07-31 19:30,164,80,84,0,0,0
2019-07-31 19:45,185,91,94,0,0,0
2019-07-31 20:00,164,81,83,0,0,0
2019-07-31 20:15,104,47,57,0,0,0
2019-07-31 20:30,60,31,29,0,0,0
2019-07-31 20:45,75,21,54,0,0,0
2019-07-31 21:00,124,59,65,0,0,0
2019-07-31 21:15,95,41,54,0,0,0
2019-07-31 21:30,92,33,59,0,0,0
2019-07-31 21:45,109,37,72,0,0,0
2019-07-31 22:00,87,40,47,0,0,0
2019-07-31 22:15,87,41,46,0,0,0
2019-07-31 22:30,79,43,36,0,0,0
2019-07-31 22:45,111,45,66,0,0,0
2019-07-31 23:00,59,30,29,0,0,0
2019-07-31 23:15,68,30,38,0,0,0
2019-07-31 23:30,66,16,50,0,0,0
2019-07-31 23:45,48,18,30,0,0,0
