Datetime,100035541 (Neutor),101035541 (Neutor stadteinwÃ¤rts),102035541 (Neutor stadtauswÃ¤rts),100035541-status,101035541-status,102035541-status
2019-12-01 00:00,65,18,47,0,0,0
2019-12-01 00:15,60,22,38,0,0,0
2019-12-01 00:30,56,15,41,0,0,0
2019-12-01 00:45,54,13,41,0,0,0
2019-12-01 01:00,73,22,51,0,0,0
2019-12-01 01:15,29,13,16,0,0,0
2019-12-01 01:30,52,19,33,0,0,0
2019-12-01 01:45,42,9,33,0,0,0
2019-12-01 02:00,51,15,36,0,0,0
2019-12-01 02:15,35,18,17,0,0,0
2019-12-01 02:30,24,7,17,0,0,0
2019-12-01 02:45,37,6,31,0,0,0
2019-12-01 03:00,29,5,24,0,0,0
2019-12-01 03:15,31,3,28,0,0,0
2019-12-01 03:30,26,16,10,0,0,0
2019-12-01 03:45,23,6,17,0,0,0
2019-12-01 04:00,24,1,23,0,0,0
2019-12-01 04:15,21,0,21,0,0,0
2019-12-01 04:30,11,3,8,0,0,0
2019-12-01 04:45,12,3,9,0,0,0
2019-12-01 05:00,12,1,11,0,0,0
2019-12-01 05:15,12,5,7,0,0,0
2019-12-01 05:30,15,7,8,0,0,0
2019-12-01 05:45,5,2,3,0,0,0
2019-12-01 06:00,6,3,3,0,0,0
2019-12-01 06:15,7,3,4,0,0,0
2019-12-01 06:30,6,4,2,0,0,0
2019-12-01 06:45,8,4,4,0,0,0
2019-12-01 07:00,5,5,0,0,0,0
2019-12-01 07:15,8,5,3,0,0,0
2019-12-01 07:30,10,4,6,0,0,0
2019-12-01 07:45,12,8,4,0,0,0
2019-12-01 08:00,13,10,3,0,0,0
2019-12-01 08:15,16,7,9,0,0,0
2019-12-01 08:30,12,9,3,0,0,0
2019-12-01 08:45,28,21,7,0,0,0
2019-12-01 09:00,35,20,15,0,0,0
2019-12-01 09:15,29,22,7,0,0,0
2019-12-01 09:30,54,40,14,0,0,0
2019-12-01 09:45,94,76,18,0,0,0
2019-12-01 10:00,64,41,23,0,0,0
2019-12-01 10:15,57,39,18,0,0,0
2019-12-01 10:30,64,43,21,0,0,0
2019-12-01 10:45,69,56,13,0,0,0
2019-12-01 11:00,65,39,26,0,0,0
2019-12-01 11:15,45,26,19,0,0,0
2019-12-01 11:30,63,31,32,0,0,0
2019-12-01 11:45,99,56,43,0,0,0
2019-12-01 12:00,73,45,28,0,0,0
2019-12-01 12:15,74,36,38,0,0,0
2019-12-01 12:30,79,42,37,0,0,0
2019-12-01 12:45,91,38,53,0,0,0
2019-12-01 13:00,73,35,38,0,0,0
2019-12-01 13:15,95,51,44,0,0,0
2019-12-01 13:30,87,50,37,0,0,0
2019-12-01 13:45,98,44,54,0,0,0
2019-12-01 14:00,108,59,49,0,0,0
2019-12-01 14:15,131,83,48,0,0,0
2019-12-01 14:30,117,55,62,0,0,0
2019-12-01 14:45,133,75,58,0,0,0
2019-12-01 15:00,98,51,47,0,0,0
2019-12-01 15:15,120,69,51,0,0,0
2019-12-01 15:30,115,68,47,0,0,0
2019-12-01 15:45,129,80,49,0,0,0
2019-12-01 16:00,124,72,52,0,0,0
2019-12-01 16:15,108,64,44,0,0,0
2019-12-01 16:30,117,71,46,0,0,0
2019-12-01 16:45,102,55,47,0,0,0
2019-12-01 17:00,115,64,51,0,0,0
2019-12-01 17:15,144,75,69,0,0,0
2019-12-01 17:30,140,68,72,0,0,0
2019-12-01 17:45,140,71,69,0,0,0
2019-12-01 18:00,116,46,70,0,0,0
2019-12-01 18:15,112,47,65,0,0,0
2019-12-01 18:30,99,54,45,0,0,0
2019-12-01 18:45,109,53,56,0,0,0
2019-12-01 19:00,70,34,36,0,0,0
2019-12-01 19:15,107,34,73,0,0,0
2019-12-01 19:30,90,40,50,0,0,0
2019-12-01 19:45,121,40,81,0,0,0
2019-12-01 20:00,111,39,72,0,0,0
2019-12-01 20:15,123,42,81,0,0,0
2019-12-01 20:30,84,24,60,0,0,0
2019-12-01 20:45,61,16,45,0,0,0
2019-12-01 21:00,74,22,52,0,0,0
2019-12-01 21:15,55,24,31,0,0,0
2019-12-01 21:30,52,9,43,0,0,0
2019-12-01 21:45,58,9,49,0,0,0
2019-12-01 22:00,57,20,37,0,0,0
2019-12-01 22:15,61,25,36,0,0,0
2019-12-01 22:30,32,10,22,0,0,0
2019-12-01 22:45,28,10,18,0,0,0
2019-12-01 23:00,39,11,28,0,0,0
2019-12-01 23:15,22,5,17,0,0,0
2019-12-01 23:30,16,8,8,0,0,0
2019-12-01 23:45,16,2,14,0,0,0
2019-12-02 00:00,18,3,15,0,0,0
2019-12-02 00:15,10,6,4,0,0,0
2019-12-02 00:30,15,2,13,0,0,0
2019-12-02 00:45,10,3,7,0,0,0
2019-12-02 01:00,12,3,9,0,0,0
2019-12-02 01:15,7,0,7,0,0,0
2019-12-02 01:30,9,5,4,0,0,0
2019-12-02 01:45,11,7,4,0,0,0
2019-12-02 02:00,3,2,1,0,0,0
2019-12-02 02:15,2,0,2,0,0,0
2019-12-02 02:30,1,0,1,0,0,0
2019-12-02 02:45,2,1,1,0,0,0
2019-12-02 03:00,0,0,0,0,0,0
2019-12-02 03:15,2,0,2,0,0,0
2019-12-02 03:30,2,0,2,0,0,0
2019-12-02 03:45,1,1,0,0,0,0
2019-12-02 04:00,3,0,3,0,0,0
2019-12-02 04:15,2,2,0,0,0,0
2019-12-02 04:30,6,2,4,0,0,0
2019-12-02 04:45,7,4,3,0,0,0
2019-12-02 05:00,4,3,1,0,0,0
2019-12-02 05:15,10,8,2,0,0,0
2019-12-02 05:30,11,9,2,0,0,0
2019-12-02 05:45,29,16,13,0,0,0
2019-12-02 06:00,35,28,7,0,0,0
2019-12-02 06:15,44,32,12,0,0,0
2019-12-02 06:30,52,40,12,0,0,0
2019-12-02 06:45,61,45,16,0,0,0
2019-12-02 07:00,89,55,34,0,0,0
2019-12-02 07:15,137,81,56,0,0,0
2019-12-02 07:30,245,189,56,0,0,0
2019-12-02 07:45,344,214,130,0,0,0
2019-12-02 08:00,496,266,230,0,0,0
2019-12-02 08:15,311,176,135,0,0,0
2019-12-02 08:30,219,140,79,0,0,0
2019-12-02 08:45,312,185,127,0,0,0
2019-12-02 09:00,206,129,77,0,0,0
2019-12-02 09:15,172,104,68,0,0,0
2019-12-02 09:30,202,128,74,0,0,0
2019-12-02 09:45,411,240,171,0,0,0
2019-12-02 10:00,576,364,212,0,0,0
2019-12-02 10:15,198,108,90,0,0,0
2019-12-02 10:30,148,81,67,0,0,0
2019-12-02 10:45,155,83,72,0,0,0
2019-12-02 11:00,210,103,107,0,0,0
2019-12-02 11:15,124,70,54,0,0,0
2019-12-02 11:30,190,101,89,0,0,0
2019-12-02 11:45,479,246,233,0,0,0
2019-12-02 12:00,391,219,172,0,0,0
2019-12-02 12:15,234,109,125,0,0,0
2019-12-02 12:30,200,88,112,0,0,0
2019-12-02 12:45,242,121,121,0,0,0
2019-12-02 13:00,209,120,89,0,0,0
2019-12-02 13:15,202,88,114,0,0,0
2019-12-02 13:30,252,135,117,0,0,0
2019-12-02 13:45,437,228,209,0,0,0
2019-12-02 14:00,505,248,257,0,0,0
2019-12-02 14:15,243,121,122,0,0,0
2019-12-02 14:30,163,67,96,0,0,0
2019-12-02 14:45,239,133,106,0,0,0
2019-12-02 15:00,214,93,121,0,0,0
2019-12-02 15:15,267,155,112,0,0,0
2019-12-02 15:30,340,191,149,0,0,0
2019-12-02 15:45,638,331,307,0,0,0
2019-12-02 16:00,531,307,224,0,0,0
2019-12-02 16:15,297,153,144,0,0,0
2019-12-02 16:30,329,174,155,0,0,0
2019-12-02 16:45,326,157,169,0,0,0
2019-12-02 17:00,283,137,146,0,0,0
2019-12-02 17:15,311,158,153,0,0,0
2019-12-02 17:30,365,187,178,0,0,0
2019-12-02 17:45,575,316,259,0,0,0
2019-12-02 18:00,494,284,210,0,0,0
2019-12-02 18:15,362,184,178,0,0,0
2019-12-02 18:30,259,122,137,0,0,0
2019-12-02 18:45,288,141,147,0,0,0
2019-12-02 19:00,231,127,104,0,0,0
2019-12-02 19:15,264,100,164,0,0,0
2019-12-02 19:30,228,87,141,0,0,0
2019-12-02 19:45,340,105,235,0,0,0
2019-12-02 20:00,248,96,152,0,0,0
2019-12-02 20:15,209,78,131,0,0,0
2019-12-02 20:30,168,55,113,0,0,0
2019-12-02 20:45,128,47,81,0,0,0
2019-12-02 21:00,147,77,70,0,0,0
2019-12-02 21:15,176,59,117,0,0,0
2019-12-02 21:30,142,39,103,0,0,0
2019-12-02 21:45,104,31,73,0,0,0
2019-12-02 22:00,123,45,78,0,0,0
2019-12-02 22:15,127,40,87,0,0,0
2019-12-02 22:30,69,20,49,0,0,0
2019-12-02 22:45,75,20,55,0,0,0
2019-12-02 23:00,54,18,36,0,0,0
2019-12-02 23:15,77,21,56,0,0,0
2019-12-02 23:30,52,8,44,0,0,0
2019-12-02 23:45,31,8,23,0,0,0
2019-12-03 00:00,34,10,24,0,0,0
2019-12-03 00:15,31,13,18,0,0,0
2019-12-03 00:30,30,4,26,0,0,0
2019-12-03 00:45,11,4,7,0,0,0
2019-12-03 01:00,27,8,19,0,0,0
2019-12-03 01:15,10,4,6,0,0,0
2019-12-03 01:30,7,3,4,0,0,0
2019-12-03 01:45,8,1,7,0,0,0
2019-12-03 02:00,6,2,4,0,0,0
2019-12-03 02:15,5,0,5,0,0,0
2019-12-03 02:30,7,1,6,0,0,0
2019-12-03 02:45,0,0,0,0,0,0
2019-12-03 03:00,4,2,2,0,0,0
2019-12-03 03:15,2,1,1,0,0,0
2019-12-03 03:30,5,0,5,0,0,0
2019-12-03 03:45,3,1,2,0,0,0
2019-12-03 04:00,3,3,0,0,0,0
2019-12-03 04:15,3,2,1,0,0,0
2019-12-03 04:30,2,2,0,0,0,0
2019-12-03 04:45,10,5,5,0,0,0
2019-12-03 05:00,4,4,0,0,0,0
2019-12-03 05:15,9,9,0,0,0,0
2019-12-03 05:30,10,6,4,0,0,0
2019-12-03 05:45,30,18,12,0,0,0
2019-12-03 06:00,20,15,5,0,0,0
2019-12-03 06:15,50,37,13,0,0,0
2019-12-03 06:30,63,40,23,0,0,0
2019-12-03 06:45,85,62,23,0,0,0
2019-12-03 07:00,96,70,26,0,0,0
2019-12-03 07:15,167,107,60,0,0,0
2019-12-03 07:30,271,199,72,0,0,0
2019-12-03 07:45,382,225,157,0,0,0
2019-12-03 08:00,668,347,321,0,0,0
2019-12-03 08:15,417,265,152,0,0,0
2019-12-03 08:30,239,145,94,0,0,0
2019-12-03 08:45,339,193,146,0,0,0
2019-12-03 09:00,246,148,98,0,0,0
2019-12-03 09:15,179,108,71,0,0,0
2019-12-03 09:30,221,118,103,0,0,0
2019-12-03 09:45,555,267,288,0,0,0
2019-12-03 10:00,579,315,264,0,0,0
2019-12-03 10:15,199,105,94,0,0,0
2019-12-03 10:30,145,74,71,0,0,0
2019-12-03 10:45,157,88,69,0,0,0
2019-12-03 11:00,147,88,59,0,0,0
2019-12-03 11:15,170,101,69,0,0,0
2019-12-03 11:30,227,148,79,0,0,0
2019-12-03 11:45,577,341,236,0,0,0
2019-12-03 12:00,531,295,236,0,0,0
2019-12-03 12:15,253,125,128,0,0,0
2019-12-03 12:30,184,87,97,0,0,0
2019-12-03 12:45,217,120,97,0,0,0
2019-12-03 13:00,248,115,133,0,0,0
2019-12-03 13:15,287,134,153,0,0,0
2019-12-03 13:30,262,128,134,0,0,0
2019-12-03 13:45,486,270,216,0,0,0
2019-12-03 14:00,521,258,263,0,0,0
2019-12-03 14:15,269,130,139,0,0,0
2019-12-03 14:30,187,87,100,0,0,0
2019-12-03 14:45,189,94,95,0,0,0
2019-12-03 15:00,245,114,131,0,0,0
2019-12-03 15:15,238,124,114,0,0,0
2019-12-03 15:30,276,154,122,0,0,0
2019-12-03 15:45,554,350,204,0,0,0
2019-12-03 16:00,576,299,277,0,0,0
2019-12-03 16:15,302,152,150,0,0,0
2019-12-03 16:30,312,154,158,0,0,0
2019-12-03 16:45,352,192,160,0,0,0
2019-12-03 17:00,301,187,114,0,0,0
2019-12-03 17:15,321,152,169,0,0,0
2019-12-03 17:30,393,242,151,0,0,0
2019-12-03 17:45,661,385,276,0,0,0
2019-12-03 18:00,521,277,244,0,0,0
2019-12-03 18:15,381,176,205,0,0,0
2019-12-03 18:30,305,171,134,0,0,0
2019-12-03 18:45,334,162,172,0,0,0
2019-12-03 19:00,254,141,113,0,0,0
2019-12-03 19:15,249,106,143,0,0,0
2019-12-03 19:30,246,101,145,0,0,0
2019-12-03 19:45,307,122,185,0,0,0
2019-12-03 20:00,238,97,141,0,0,0
2019-12-03 20:15,228,75,153,0,0,0
2019-12-03 20:30,150,65,85,0,0,0
2019-12-03 20:45,152,76,76,0,0,0
2019-12-03 21:00,204,67,137,0,0,0
2019-12-03 21:15,147,57,90,0,0,0
2019-12-03 21:30,141,37,104,0,0,0
2019-12-03 21:45,140,51,89,0,0,0
2019-12-03 22:00,139,60,79,0,0,0
2019-12-03 22:15,144,49,95,0,0,0
2019-12-03 22:30,104,39,65,0,0,0
2019-12-03 22:45,103,33,70,0,0,0
2019-12-03 23:00,84,30,54,0,0,0
2019-12-03 23:15,94,18,76,0,0,0
2019-12-03 23:30,75,29,46,0,0,0
2019-12-03 23:45,44,20,24,0,0,0
2019-12-04 00:00,40,14,26,0,0,0
2019-12-04 00:15,34,9,25,0,0,0
2019-12-04 00:30,26,6,20,0,0,0
2019-12-04 00:45,31,4,27,0,0,0
2019-12-04 01:00,31,13,18,0,0,0
2019-12-04 01:15,23,11,12,0,0,0
2019-12-04 01:30,20,3,17,0,0,0
2019-12-04 01:45,15,6,9,0,0,0
2019-12-04 02:00,24,8,16,0,0,0
2019-12-04 02:15,8,1,7,0,0,0
2019-12-04 02:30,5,1,4,0,0,0
2019-12-04 02:45,11,2,9,0,0,0
2019-12-04 03:00,5,1,4,0,0,0
2019-12-04 03:15,8,2,6,0,0,0
2019-12-04 03:30,9,4,5,0,0,0
2019-12-04 03:45,8,6,2,0,0,0
2019-12-04 04:00,4,4,0,0,0,0
2019-12-04 04:15,2,2,0,0,0,0
2019-12-04 04:30,4,1,3,0,0,0
2019-12-04 04:45,14,11,3,0,0,0
2019-12-04 05:00,5,2,3,0,0,0
2019-12-04 05:15,11,9,2,0,0,0
2019-12-04 05:30,21,16,5,0,0,0
2019-12-04 05:45,27,18,9,0,0,0
2019-12-04 06:00,22,14,8,0,0,0
2019-12-04 06:15,47,33,14,0,0,0
2019-12-04 06:30,71,50,21,0,0,0
2019-12-04 06:45,100,76,24,0,0,0
2019-12-04 07:00,84,50,34,0,0,0
2019-12-04 07:15,153,107,46,0,0,0
2019-12-04 07:30,240,184,56,0,0,0
2019-12-04 07:45,446,294,152,0,0,0
2019-12-04 08:00,607,323,284,0,0,0
2019-12-04 08:15,356,179,177,0,0,0
2019-12-04 08:30,246,159,87,0,0,0
2019-12-04 08:45,304,168,136,0,0,0
2019-12-04 09:00,252,143,109,0,0,0
2019-12-04 09:15,185,95,90,0,0,0
2019-12-04 09:30,214,121,93,0,0,0
2019-12-04 09:45,429,246,183,0,0,0
2019-12-04 10:00,604,363,241,0,0,0
2019-12-04 10:15,222,123,99,0,0,0
2019-12-04 10:30,196,124,72,0,0,0
2019-12-04 10:45,178,105,73,0,0,0
2019-12-04 11:00,157,107,50,0,0,0
2019-12-04 11:15,172,117,55,0,0,0
2019-12-04 11:30,256,157,99,0,0,0
2019-12-04 11:45,535,325,210,0,0,0
2019-12-04 12:00,423,220,203,0,0,0
2019-12-04 12:15,263,135,128,0,0,0
2019-12-04 12:30,235,110,125,0,0,0
2019-12-04 12:45,268,154,114,0,0,0
2019-12-04 13:00,252,144,108,0,0,0
2019-12-04 13:15,243,139,104,0,0,0
2019-12-04 13:30,276,125,151,0,0,0
2019-12-04 13:45,505,300,205,0,0,0
2019-12-04 14:00,483,268,215,0,0,0
2019-12-04 14:15,285,147,138,0,0,0
2019-12-04 14:30,229,86,143,0,0,0
2019-12-04 14:45,229,109,120,0,0,0
2019-12-04 15:00,257,128,129,0,0,0
2019-12-04 15:15,217,89,128,0,0,0
2019-12-04 15:30,272,141,131,0,0,0
2019-12-04 15:45,524,272,252,0,0,0
2019-12-04 16:00,554,253,301,0,0,0
2019-12-04 16:15,359,170,189,0,0,0
2019-12-04 16:30,285,142,143,0,0,0
2019-12-04 16:45,374,182,192,0,0,0
2019-12-04 17:00,305,164,141,0,0,0
2019-12-04 17:15,353,201,152,0,0,0
2019-12-04 17:30,407,229,178,0,0,0
2019-12-04 17:45,595,354,241,0,0,0
2019-12-04 18:00,507,260,247,0,0,0
2019-12-04 18:15,401,218,183,0,0,0
2019-12-04 18:30,335,164,171,0,0,0
2019-12-04 18:45,365,207,158,0,0,0
2019-12-04 19:00,293,147,146,0,0,0
2019-12-04 19:15,273,118,155,0,0,0
2019-12-04 19:30,255,119,136,0,0,0
2019-12-04 19:45,369,139,230,0,0,0
2019-12-04 20:00,256,104,152,0,0,0
2019-12-04 20:15,271,82,189,0,0,0
2019-12-04 20:30,189,58,131,0,0,0
2019-12-04 20:45,170,61,109,0,0,0
2019-12-04 21:00,165,57,108,0,0,0
2019-12-04 21:15,192,61,131,0,0,0
2019-12-04 21:30,161,58,103,0,0,0
2019-12-04 21:45,154,64,90,0,0,0
2019-12-04 22:00,157,50,107,0,0,0
2019-12-04 22:15,178,67,111,0,0,0
2019-12-04 22:30,124,41,83,0,0,0
2019-12-04 22:45,119,50,69,0,0,0
2019-12-04 23:00,129,54,75,0,0,0
2019-12-04 23:15,95,58,37,0,0,0
2019-12-04 23:30,107,63,44,0,0,0
2019-12-04 23:45,80,40,40,0,0,0
2019-12-05 00:00,71,34,37,0,0,0
2019-12-05 00:15,55,21,34,0,0,0
2019-12-05 00:30,58,27,31,0,0,0
2019-12-05 00:45,39,16,23,0,0,0
2019-12-05 01:00,35,4,31,0,0,0
2019-12-05 01:15,40,8,32,0,0,0
2019-12-05 01:30,35,8,27,0,0,0
2019-12-05 01:45,22,7,15,0,0,0
2019-12-05 02:00,34,7,27,0,0,0
2019-12-05 02:15,28,8,20,0,0,0
2019-12-05 02:30,21,6,15,0,0,0
2019-12-05 02:45,18,5,13,0,0,0
2019-12-05 03:00,18,4,14,0,0,0
2019-12-05 03:15,16,6,10,0,0,0
2019-12-05 03:30,17,7,10,0,0,0
2019-12-05 03:45,18,8,10,0,0,0
2019-12-05 04:00,3,1,2,0,0,0
2019-12-05 04:15,12,6,6,0,0,0
2019-12-05 04:30,8,2,6,0,0,0
2019-12-05 04:45,10,4,6,0,0,0
2019-12-05 05:00,9,2,7,0,0,0
2019-12-05 05:15,7,6,1,0,0,0
2019-12-05 05:30,18,10,8,0,0,0
2019-12-05 05:45,20,15,5,0,0,0
2019-12-05 06:00,20,13,7,0,0,0
2019-12-05 06:15,45,32,13,0,0,0
2019-12-05 06:30,35,24,11,0,0,0
2019-12-05 06:45,85,55,30,0,0,0
2019-12-05 07:00,95,57,38,0,0,0
2019-12-05 07:15,144,97,47,0,0,0
2019-12-05 07:30,239,175,64,0,0,0
2019-12-05 07:45,371,216,155,0,0,0
2019-12-05 08:00,502,256,246,0,0,0
2019-12-05 08:15,369,202,167,0,0,0
2019-12-05 08:30,226,154,72,0,0,0
2019-12-05 08:45,300,176,124,0,0,0
2019-12-05 09:00,216,129,87,0,0,0
2019-12-05 09:15,173,109,64,0,0,0
2019-12-05 09:30,207,116,91,0,0,0
2019-12-05 09:45,467,265,202,0,0,0
2019-12-05 10:00,630,359,271,0,0,0
2019-12-05 10:15,191,97,94,0,0,0
2019-12-05 10:30,148,91,57,0,0,0
2019-12-05 10:45,140,84,56,0,0,0
2019-12-05 11:00,205,113,92,0,0,0
2019-12-05 11:15,132,80,52,0,0,0
2019-12-05 11:30,197,113,84,0,0,0
2019-12-05 11:45,398,214,184,0,0,0
2019-12-05 12:00,521,245,276,0,0,0
2019-12-05 12:15,197,102,95,0,0,0
2019-12-05 12:30,180,94,86,0,0,0
2019-12-05 12:45,197,117,80,0,0,0
2019-12-05 13:00,198,108,90,0,0,0
2019-12-05 13:15,195,87,108,0,0,0
2019-12-05 13:30,236,104,132,0,0,0
2019-12-05 13:45,517,261,256,0,0,0
2019-12-05 14:00,435,244,191,0,0,0
2019-12-05 14:15,250,115,135,0,0,0
2019-12-05 14:30,239,120,119,0,0,0
2019-12-05 14:45,262,126,136,0,0,0
2019-12-05 15:00,243,109,134,0,0,0
2019-12-05 15:15,219,123,96,0,0,0
2019-12-05 15:30,264,131,133,0,0,0
2019-12-05 15:45,525,269,256,0,0,0
2019-12-05 16:00,464,266,198,0,0,0
2019-12-05 16:15,303,159,144,0,0,0
2019-12-05 16:30,305,173,132,0,0,0
2019-12-05 16:45,332,183,149,0,0,0
2019-12-05 17:00,319,175,144,0,0,0
2019-12-05 17:15,360,218,142,0,0,0
2019-12-05 17:30,348,219,129,0,0,0
2019-12-05 17:45,569,304,265,0,0,0
2019-12-05 18:00,433,244,189,0,0,0
2019-12-05 18:15,345,193,152,0,0,0
2019-12-05 18:30,258,135,123,0,0,0
2019-12-05 18:45,277,161,116,0,0,0
2019-12-05 19:00,214,104,110,0,0,0
2019-12-05 19:15,237,102,135,0,0,0
2019-12-05 19:30,198,76,122,0,0,0
2019-12-05 19:45,318,120,198,0,0,0
2019-12-05 20:00,258,88,170,0,0,0
2019-12-05 20:15,252,63,189,0,0,0
2019-12-05 20:30,137,47,90,0,0,0
2019-12-05 20:45,136,57,79,0,0,0
2019-12-05 21:00,164,63,101,0,0,0
2019-12-05 21:15,131,35,96,0,0,0
2019-12-05 21:30,143,47,96,0,0,0
2019-12-05 21:45,139,47,92,0,0,0
2019-12-05 22:00,121,56,65,0,0,0
2019-12-05 22:15,121,58,63,0,0,0
2019-12-05 22:30,100,22,78,0,0,0
2019-12-05 22:45,94,31,63,0,0,0
2019-12-05 23:00,107,32,75,0,0,0
2019-12-05 23:15,130,38,92,0,0,0
2019-12-05 23:30,58,22,36,0,0,0
2019-12-05 23:45,61,19,42,0,0,0
2019-12-06 00:00,54,27,27,0,0,0
2019-12-06 00:15,57,28,29,0,0,0
2019-12-06 00:30,24,10,14,0,0,0
2019-12-06 00:45,27,7,20,0,0,0
2019-12-06 01:00,39,13,26,0,0,0
2019-12-06 01:15,49,19,30,0,0,0
2019-12-06 01:30,19,8,11,0,0,0
2019-12-06 01:45,33,9,24,0,0,0
2019-12-06 02:00,9,4,5,0,0,0
2019-12-06 02:15,23,7,16,0,0,0
2019-12-06 02:30,23,2,21,0,0,0
2019-12-06 02:45,14,0,14,0,0,0
2019-12-06 03:00,11,1,10,0,0,0
2019-12-06 03:15,20,1,19,0,0,0
2019-12-06 03:30,18,4,14,0,0,0
2019-12-06 03:45,16,1,15,0,0,0
2019-12-06 04:00,10,2,8,0,0,0
2019-12-06 04:15,8,0,8,0,0,0
2019-12-06 04:30,9,2,7,0,0,0
2019-12-06 04:45,8,6,2,0,0,0
2019-12-06 05:00,3,0,3,0,0,0
2019-12-06 05:15,10,9,1,0,0,0
2019-12-06 05:30,14,7,7,0,0,0
2019-12-06 05:45,23,17,6,0,0,0
2019-12-06 06:00,20,12,8,0,0,0
2019-12-06 06:15,29,18,11,0,0,0
2019-12-06 06:30,47,28,19,0,0,0
2019-12-06 06:45,59,40,19,0,0,0
2019-12-06 07:00,73,49,24,0,0,0
2019-12-06 07:15,132,78,54,0,0,0
2019-12-06 07:30,216,161,55,0,0,0
2019-12-06 07:45,286,174,112,0,0,0
2019-12-06 08:00,354,175,179,0,0,0
2019-12-06 08:15,233,124,109,0,0,0
2019-12-06 08:30,179,115,64,0,0,0
2019-12-06 08:45,224,133,91,0,0,0
2019-12-06 09:00,163,90,73,0,0,0
2019-12-06 09:15,113,77,36,0,0,0
2019-12-06 09:30,140,85,55,0,0,0
2019-12-06 09:45,239,151,88,0,0,0
2019-12-06 10:00,322,184,138,0,0,0
2019-12-06 10:15,154,78,76,0,0,0
2019-12-06 10:30,95,55,40,0,0,0
2019-12-06 10:45,115,66,49,0,0,0
2019-12-06 11:00,117,55,62,0,0,0
2019-12-06 11:15,120,64,56,0,0,0
2019-12-06 11:30,159,86,73,0,0,0
2019-12-06 11:45,237,127,110,0,0,0
2019-12-06 12:00,292,172,120,0,0,0
2019-12-06 12:15,189,85,104,0,0,0
2019-12-06 12:30,194,108,86,0,0,0
2019-12-06 12:45,228,124,104,0,0,0
2019-12-06 13:00,226,107,119,0,0,0
2019-12-06 13:15,221,108,113,0,0,0
2019-12-06 13:30,222,131,91,0,0,0
2019-12-06 13:45,290,174,116,0,0,0
2019-12-06 14:00,219,125,94,0,0,0
2019-12-06 14:15,201,119,82,0,0,0
2019-12-06 14:30,185,110,75,0,0,0
2019-12-06 14:45,200,97,103,0,0,0
2019-12-06 15:00,179,91,88,0,0,0
2019-12-06 15:15,186,105,81,0,0,0
2019-12-06 15:30,214,131,83,0,0,0
2019-12-06 15:45,245,139,106,0,0,0
2019-12-06 16:00,233,122,111,0,0,0
2019-12-06 16:15,198,114,84,0,0,0
2019-12-06 16:30,187,84,103,0,0,0
2019-12-06 16:45,207,118,89,0,0,0
2019-12-06 17:00,137,74,63,0,0,0
2019-12-06 17:15,167,97,70,0,0,0
2019-12-06 17:30,194,99,95,0,0,0
2019-12-06 17:45,216,118,98,0,0,0
2019-12-06 18:00,185,106,79,0,0,0
2019-12-06 18:15,201,92,109,0,0,0
2019-12-06 18:30,198,80,118,0,0,0
2019-12-06 18:45,168,85,83,0,0,0
2019-12-06 19:00,141,69,72,0,0,0
2019-12-06 19:15,124,61,63,0,0,0
2019-12-06 19:30,126,68,58,0,0,0
2019-12-06 19:45,118,55,63,0,0,0
2019-12-06 20:00,120,64,56,0,0,0
2019-12-06 20:15,111,39,72,0,0,0
2019-12-06 20:30,96,39,57,0,0,0
2019-12-06 20:45,107,49,58,0,0,0
2019-12-06 21:00,147,61,86,0,0,0
2019-12-06 21:15,110,35,75,0,0,0
2019-12-06 21:30,65,22,43,0,0,0
2019-12-06 21:45,81,33,48,0,0,0
2019-12-06 22:00,68,18,50,0,0,0
2019-12-06 22:15,71,25,46,0,0,0
2019-12-06 22:30,57,20,37,0,0,0
2019-12-06 22:45,65,15,50,0,0,0
2019-12-06 23:00,76,15,61,0,0,0
2019-12-06 23:15,61,30,31,0,0,0
2019-12-06 23:30,78,27,51,0,0,0
2019-12-06 23:45,89,26,63,0,0,0
2019-12-07 00:00,80,16,64,0,0,0
2019-12-07 00:15,101,26,75,0,0,0
2019-12-07 00:30,54,17,37,0,0,0
2019-12-07 00:45,69,33,36,0,0,0
2019-12-07 01:00,63,32,31,0,0,0
2019-12-07 01:15,57,20,37,0,0,0
2019-12-07 01:30,38,17,21,0,0,0
2019-12-07 01:45,48,18,30,0,0,0
2019-12-07 02:00,44,21,23,0,0,0
2019-12-07 02:15,40,15,25,0,0,0
2019-12-07 02:30,58,21,37,0,0,0
2019-12-07 02:45,64,25,39,0,0,0
2019-12-07 03:00,48,23,25,0,0,0
2019-12-07 03:15,50,25,25,0,0,0
2019-12-07 03:30,53,26,27,0,0,0
2019-12-07 03:45,28,13,15,0,0,0
2019-12-07 04:00,22,5,17,0,0,0
2019-12-07 04:15,27,15,12,0,0,0
2019-12-07 04:30,18,12,6,0,0,0
2019-12-07 04:45,15,4,11,0,0,0
2019-12-07 05:00,22,11,11,0,0,0
2019-12-07 05:15,17,12,5,0,0,0
2019-12-07 05:30,16,12,4,0,0,0
2019-12-07 05:45,12,6,6,0,0,0
2019-12-07 06:00,6,3,3,0,0,0
2019-12-07 06:15,10,6,4,0,0,0
2019-12-07 06:30,13,7,6,0,0,0
2019-12-07 06:45,13,6,7,0,0,0
2019-12-07 07:00,14,12,2,0,0,0
2019-12-07 07:15,11,8,3,0,0,0
2019-12-07 07:30,22,17,5,0,0,0
2019-12-07 07:45,54,43,11,0,0,0
2019-12-07 08:00,63,47,16,0,0,0
2019-12-07 08:15,44,39,5,0,0,0
2019-12-07 08:30,51,36,15,0,0,0
2019-12-07 08:45,101,76,25,0,0,0
2019-12-07 09:00,54,36,18,0,0,0
2019-12-07 09:15,99,63,36,0,0,0
2019-12-07 09:30,109,71,38,0,0,0
2019-12-07 09:45,139,101,38,0,0,0
2019-12-07 10:00,99,80,19,0,0,0
2019-12-07 10:15,92,74,18,0,0,0
2019-12-07 10:30,92,62,30,0,0,0
2019-12-07 10:45,99,60,39,0,0,0
2019-12-07 11:00,112,67,45,0,0,0
2019-12-07 11:15,98,59,39,0,0,0
2019-12-07 11:30,109,63,46,0,0,0
2019-12-07 11:45,128,87,41,0,0,0
2019-12-07 12:00,125,69,56,0,0,0
2019-12-07 12:15,131,74,57,0,0,0
2019-12-07 12:30,104,58,46,0,0,0
2019-12-07 12:45,119,66,53,0,0,0
2019-12-07 13:00,119,68,51,0,0,0
2019-12-07 13:15,133,66,67,0,0,0
2019-12-07 13:30,117,67,50,0,0,0
2019-12-07 13:45,140,73,67,0,0,0
2019-12-07 14:00,134,66,68,0,0,0
2019-12-07 14:15,121,53,68,0,0,0
2019-12-07 14:30,130,57,73,0,0,0
2019-12-07 14:45,128,67,61,0,0,0
2019-12-07 15:00,143,69,74,0,0,0
2019-12-07 15:15,122,51,71,0,0,0
2019-12-07 15:30,128,63,65,0,0,0
2019-12-07 15:45,118,70,48,0,0,0
2019-12-07 16:00,145,73,72,0,0,0
2019-12-07 16:15,112,42,70,0,0,0
2019-12-07 16:30,118,58,60,0,0,0
2019-12-07 16:45,111,64,47,0,0,0
2019-12-07 17:00,100,45,55,0,0,0
2019-12-07 17:15,104,42,62,0,0,0
2019-12-07 17:30,111,47,64,0,0,0
2019-12-07 17:45,126,69,57,0,0,0
2019-12-07 18:00,138,64,74,0,0,0
2019-12-07 18:15,134,72,62,0,0,0
2019-12-07 18:30,130,59,71,0,0,0
2019-12-07 18:45,127,65,62,0,0,0
2019-12-07 19:00,126,56,70,0,0,0
2019-12-07 19:15,97,49,48,0,0,0
2019-12-07 19:30,111,57,54,0,0,0
2019-12-07 19:45,109,52,57,0,0,0
2019-12-07 20:00,109,44,65,0,0,0
2019-12-07 20:15,98,40,58,0,0,0
2019-12-07 20:30,95,38,57,0,0,0
2019-12-07 20:45,91,47,44,0,0,0
2019-12-07 21:00,91,43,48,0,0,0
2019-12-07 21:15,89,33,56,0,0,0
2019-12-07 21:30,77,35,42,0,0,0
2019-12-07 21:45,81,18,63,0,0,0
2019-12-07 22:00,90,38,52,0,0,0
2019-12-07 22:15,81,19,62,0,0,0
2019-12-07 22:30,60,21,39,0,0,0
2019-12-07 22:45,73,13,60,0,0,0
2019-12-07 23:00,52,9,43,0,0,0
2019-12-07 23:15,64,23,41,0,0,0
2019-12-07 23:30,64,26,38,0,0,0
2019-12-07 23:45,60,28,32,0,0,0
2019-12-08 00:00,59,20,39,0,0,0
2019-12-08 00:15,57,16,41,0,0,0
2019-12-08 00:30,50,12,38,0,0,0
2019-12-08 00:45,66,27,39,0,0,0
2019-12-08 01:00,65,24,41,0,0,0
2019-12-08 01:15,49,13,36,0,0,0
2019-12-08 01:30,59,22,37,0,0,0
2019-12-08 01:45,56,16,40,0,0,0
2019-12-08 02:00,40,16,24,0,0,0
2019-12-08 02:15,54,9,45,0,0,0
2019-12-08 02:30,32,6,26,0,0,0
2019-12-08 02:45,26,10,16,0,0,0
2019-12-08 03:00,33,9,24,0,0,0
2019-12-08 03:15,30,7,23,0,0,0
2019-12-08 03:30,31,7,24,0,0,0
2019-12-08 03:45,18,4,14,0,0,0
2019-12-08 04:00,21,5,16,0,0,0
2019-12-08 04:15,22,8,14,0,0,0
2019-12-08 04:30,9,0,9,0,0,0
2019-12-08 04:45,10,1,9,0,0,0
2019-12-08 05:00,15,5,10,0,0,0
2019-12-08 05:15,18,7,11,0,0,0
2019-12-08 05:30,6,1,5,0,0,0
2019-12-08 05:45,10,5,5,0,0,0
2019-12-08 06:00,4,3,1,0,0,0
2019-12-08 06:15,11,2,9,0,0,0
2019-12-08 06:30,6,1,5,0,0,0
2019-12-08 06:45,5,2,3,0,0,0
2019-12-08 07:00,11,5,6,0,0,0
2019-12-08 07:15,5,5,0,0,0,0
2019-12-08 07:30,10,7,3,0,0,0
2019-12-08 07:45,16,10,6,0,0,0
2019-12-08 08:00,16,14,2,0,0,0
2019-12-08 08:15,12,10,2,0,0,0
2019-12-08 08:30,8,7,1,0,0,0
2019-12-08 08:45,18,9,9,0,0,0
2019-12-08 09:00,16,11,5,0,0,0
2019-12-08 09:15,18,12,6,0,0,0
2019-12-08 09:30,33,26,7,0,0,0
2019-12-08 09:45,71,59,12,0,0,0
2019-12-08 10:00,49,38,11,0,0,0
2019-12-08 10:15,37,27,10,0,0,0
2019-12-08 10:30,54,34,20,0,0,0
2019-12-08 10:45,58,45,13,0,0,0
2019-12-08 11:00,59,39,20,0,0,0
2019-12-08 11:15,53,35,18,0,0,0
2019-12-08 11:30,33,22,11,0,0,0
2019-12-08 11:45,39,29,10,0,0,0
2019-12-08 12:00,43,32,11,0,0,0
2019-12-08 12:15,64,33,31,0,0,0
2019-12-08 12:30,53,26,27,0,0,0
2019-12-08 12:45,60,38,22,0,0,0
2019-12-08 13:00,47,23,24,0,0,0
2019-12-08 13:15,59,39,20,0,0,0
2019-12-08 13:30,53,24,29,0,0,0
2019-12-08 13:45,69,45,24,0,0,0
2019-12-08 14:00,90,44,46,0,0,0
2019-12-08 14:15,78,36,42,0,0,0
2019-12-08 14:30,66,29,37,0,0,0
2019-12-08 14:45,65,33,32,0,0,0
2019-12-08 15:00,73,37,36,0,0,0
2019-12-08 15:15,92,49,43,0,0,0
2019-12-08 15:30,70,30,40,0,0,0
2019-12-08 15:45,104,70,34,0,0,0
2019-12-08 16:00,120,72,48,0,0,0
2019-12-08 16:15,160,108,52,0,0,0
2019-12-08 16:30,93,46,47,0,0,0
2019-12-08 16:45,111,61,50,0,0,0
2019-12-08 17:00,92,43,49,0,0,0
2019-12-08 17:15,78,32,46,0,0,0
2019-12-08 17:30,114,47,67,0,0,0
2019-12-08 17:45,177,57,120,0,0,0
2019-12-08 18:00,119,49,70,0,0,0
2019-12-08 18:15,111,52,59,0,0,0
2019-12-08 18:30,98,40,58,0,0,0
2019-12-08 18:45,109,44,65,0,0,0
2019-12-08 19:00,90,35,55,0,0,0
2019-12-08 19:15,88,35,53,0,0,0
2019-12-08 19:30,79,32,47,0,0,0
2019-12-08 19:45,107,39,68,0,0,0
2019-12-08 20:00,105,28,77,0,0,0
2019-12-08 20:15,90,17,73,0,0,0
2019-12-08 20:30,71,14,57,0,0,0
2019-12-08 20:45,63,14,49,0,0,0
2019-12-08 21:00,61,22,39,0,0,0
2019-12-08 21:15,51,24,27,0,0,0
2019-12-08 21:30,30,9,21,0,0,0
2019-12-08 21:45,52,14,38,0,0,0
2019-12-08 22:00,50,17,33,0,0,0
2019-12-08 22:15,41,14,27,0,0,0
2019-12-08 22:30,61,18,43,0,0,0
2019-12-08 22:45,56,14,42,0,0,0
2019-12-08 23:00,35,12,23,0,0,0
2019-12-08 23:15,29,9,20,0,0,0
2019-12-08 23:30,17,7,10,0,0,0
2019-12-08 23:45,27,5,22,0,0,0
2019-12-09 00:00,24,10,14,0,0,0
2019-12-09 00:15,11,2,9,0,0,0
2019-12-09 00:30,21,5,16,0,0,0
2019-12-09 00:45,8,1,7,0,0,0
2019-12-09 01:00,10,5,5,0,0,0
2019-12-09 01:15,8,0,8,0,0,0
2019-12-09 01:30,4,0,4,0,0,0
2019-12-09 01:45,7,5,2,0,0,0
2019-12-09 02:00,5,0,5,0,0,0
2019-12-09 02:15,2,1,1,0,0,0
2019-12-09 02:30,1,0,1,0,0,0
2019-12-09 02:45,1,0,1,0,0,0
2019-12-09 03:00,4,1,3,0,0,0
2019-12-09 03:15,3,1,2,0,0,0
2019-12-09 03:30,1,0,1,0,0,0
2019-12-09 03:45,4,2,2,0,0,0
2019-12-09 04:00,0,0,0,0,0,0
2019-12-09 04:15,1,1,0,0,0,0
2019-12-09 04:30,6,2,4,0,0,0
2019-12-09 04:45,6,3,3,0,0,0
2019-12-09 05:00,6,6,0,0,0,0
2019-12-09 05:15,7,5,2,0,0,0
2019-12-09 05:30,14,9,5,0,0,0
2019-12-09 05:45,28,16,12,0,0,0
2019-12-09 06:00,28,18,10,0,0,0
2019-12-09 06:15,38,24,14,0,0,0
2019-12-09 06:30,43,31,12,0,0,0
2019-12-09 06:45,71,45,26,0,0,0
2019-12-09 07:00,89,64,25,0,0,0
2019-12-09 07:15,112,69,43,0,0,0
2019-12-09 07:30,215,157,58,0,0,0
2019-12-09 07:45,301,177,124,0,0,0
2019-12-09 08:00,345,191,154,0,0,0
2019-12-09 08:15,257,141,116,0,0,0
2019-12-09 08:30,136,67,69,0,0,0
2019-12-09 08:45,188,98,90,0,0,0
2019-12-09 09:00,147,91,56,0,0,0
2019-12-09 09:15,94,53,41,0,0,0
2019-12-09 09:30,150,91,59,0,0,0
2019-12-09 09:45,301,169,132,0,0,0
2019-12-09 10:00,489,317,172,0,0,0
2019-12-09 10:15,121,65,56,0,0,0
2019-12-09 10:30,88,39,49,0,0,0
2019-12-09 10:45,82,45,37,0,0,0
2019-12-09 11:00,132,66,66,0,0,0
2019-12-09 11:15,102,55,47,0,0,0
2019-12-09 11:30,124,73,51,0,0,0
2019-12-09 11:45,374,200,174,0,0,0
2019-12-09 12:00,326,172,154,0,0,0
2019-12-09 12:15,186,84,102,0,0,0
2019-12-09 12:30,156,82,74,0,0,0
2019-12-09 12:45,185,92,93,0,0,0
2019-12-09 13:00,154,82,72,0,0,0
2019-12-09 13:15,181,97,84,0,0,0
2019-12-09 13:30,183,87,96,0,0,0
2019-12-09 13:45,397,187,210,0,0,0
2019-12-09 14:00,381,168,213,0,0,0
2019-12-09 14:15,191,95,96,0,0,0
2019-12-09 14:30,166,88,78,0,0,0
2019-12-09 14:45,168,76,92,0,0,0
2019-12-09 15:00,190,90,100,0,0,0
2019-12-09 15:15,189,90,99,0,0,0
2019-12-09 15:30,185,109,76,0,0,0
2019-12-09 15:45,518,258,260,0,0,0
2019-12-09 16:00,355,188,167,0,0,0
2019-12-09 16:15,199,98,101,0,0,0
2019-12-09 16:30,193,98,95,0,0,0
2019-12-09 16:45,248,126,122,0,0,0
2019-12-09 17:00,231,112,119,0,0,0
2019-12-09 17:15,214,109,105,0,0,0
2019-12-09 17:30,288,155,133,0,0,0
2019-12-09 17:45,440,233,207,0,0,0
2019-12-09 18:00,362,178,184,0,0,0
2019-12-09 18:15,264,137,127,0,0,0
2019-12-09 18:30,212,105,107,0,0,0
2019-12-09 18:45,268,129,139,0,0,0
2019-12-09 19:00,231,113,118,0,0,0
2019-12-09 19:15,200,95,105,0,0,0
2019-12-09 19:30,187,80,107,0,0,0
2019-12-09 19:45,280,89,191,0,0,0
2019-12-09 20:00,202,65,137,0,0,0
2019-12-09 20:15,168,43,125,0,0,0
2019-12-09 20:30,105,33,72,0,0,0
2019-12-09 20:45,112,39,73,0,0,0
2019-12-09 21:00,110,41,69,0,0,0
2019-12-09 21:15,115,38,77,0,0,0
2019-12-09 21:30,85,32,53,0,0,0
2019-12-09 21:45,96,33,63,0,0,0
2019-12-09 22:00,96,30,66,0,0,0
2019-12-09 22:15,123,40,83,0,0,0
2019-12-09 22:30,68,26,42,0,0,0
2019-12-09 22:45,82,21,61,0,0,0
2019-12-09 23:00,68,27,41,0,0,0
2019-12-09 23:15,56,14,42,0,0,0
2019-12-09 23:30,52,10,42,0,0,0
2019-12-09 23:45,40,13,27,0,0,0
2019-12-10 00:00,27,7,20,0,0,0
2019-12-10 00:15,14,2,12,0,0,0
2019-12-10 00:30,20,5,15,0,0,0
2019-12-10 00:45,13,1,12,0,0,0
2019-12-10 01:00,14,5,9,0,0,0
2019-12-10 01:15,9,1,8,0,0,0
2019-12-10 01:30,11,2,9,0,0,0
2019-12-10 01:45,6,3,3,0,0,0
2019-12-10 02:00,8,1,7,0,0,0
2019-12-10 02:15,9,2,7,0,0,0
2019-12-10 02:30,10,5,5,0,0,0
2019-12-10 02:45,2,0,2,0,0,0
2019-12-10 03:00,5,0,5,0,0,0
2019-12-10 03:15,2,0,2,0,0,0
2019-12-10 03:30,8,2,6,0,0,0
2019-12-10 03:45,4,2,2,0,0,0
2019-12-10 04:00,4,2,2,0,0,0
2019-12-10 04:15,1,0,1,0,0,0
2019-12-10 04:30,6,5,1,0,0,0
2019-12-10 04:45,9,7,2,0,0,0
2019-12-10 05:00,5,3,2,0,0,0
2019-12-10 05:15,15,12,3,0,0,0
2019-12-10 05:30,16,11,5,0,0,0
2019-12-10 05:45,36,20,16,0,0,0
2019-12-10 06:00,25,19,6,0,0,0
2019-12-10 06:15,40,31,9,0,0,0
2019-12-10 06:30,50,37,13,0,0,0
2019-12-10 06:45,77,54,23,0,0,0
2019-12-10 07:00,97,64,33,0,0,0
2019-12-10 07:15,131,78,53,0,0,0
2019-12-10 07:30,263,202,61,0,0,0
2019-12-10 07:45,403,255,148,0,0,0
2019-12-10 08:00,604,284,320,0,0,0
2019-12-10 08:15,336,188,148,0,0,0
2019-12-10 08:30,252,142,110,0,0,0
2019-12-10 08:45,318,180,138,0,0,0
2019-12-10 09:00,238,128,110,0,0,0
2019-12-10 09:15,174,107,67,0,0,0
2019-12-10 09:30,196,113,83,0,0,0
2019-12-10 09:45,555,270,285,0,0,0
2019-12-10 10:00,600,379,221,0,0,0
2019-12-10 10:15,243,128,115,0,0,0
2019-12-10 10:30,142,92,50,0,0,0
2019-12-10 10:45,174,108,66,0,0,0
2019-12-10 11:00,190,98,92,0,0,0
2019-12-10 11:15,168,101,67,0,0,0
2019-12-10 11:30,204,115,89,0,0,0
2019-12-10 11:45,486,286,200,0,0,0
2019-12-10 12:00,505,297,208,0,0,0
2019-12-10 12:15,254,136,118,0,0,0
2019-12-10 12:30,200,95,105,0,0,0
2019-12-10 12:45,225,125,100,0,0,0
2019-12-10 13:00,220,102,118,0,0,0
2019-12-10 13:15,252,103,149,0,0,0
2019-12-10 13:30,250,142,108,0,0,0
2019-12-10 13:45,545,287,258,0,0,0
2019-12-10 14:00,469,251,218,0,0,0
2019-12-10 14:15,243,121,122,0,0,0
2019-12-10 14:30,189,101,88,0,0,0
2019-12-10 14:45,218,103,115,0,0,0
2019-12-10 15:00,210,94,116,0,0,0
2019-12-10 15:15,229,115,114,0,0,0
2019-12-10 15:30,200,121,79,0,0,0
2019-12-10 15:45,555,285,270,0,0,0
2019-12-10 16:00,496,267,229,0,0,0
2019-12-10 16:15,325,164,161,0,0,0
2019-12-10 16:30,231,125,106,0,0,0
2019-12-10 16:45,301,168,133,0,0,0
2019-12-10 17:00,288,151,137,0,0,0
2019-12-10 17:15,294,138,156,0,0,0
2019-12-10 17:30,376,216,160,0,0,0
2019-12-10 17:45,590,315,275,0,0,0
2019-12-10 18:00,484,249,235,0,0,0
2019-12-10 18:15,390,206,184,0,0,0
2019-12-10 18:30,304,164,140,0,0,0
2019-12-10 18:45,339,171,168,0,0,0
2019-12-10 19:00,230,116,114,0,0,0
2019-12-10 19:15,236,109,127,0,0,0
2019-12-10 19:30,225,95,130,0,0,0
2019-12-10 19:45,319,108,211,0,0,0
2019-12-10 20:00,255,87,168,0,0,0
2019-12-10 20:15,250,77,173,0,0,0
2019-12-10 20:30,174,69,105,0,0,0
2019-12-10 20:45,160,63,97,0,0,0
2019-12-10 21:00,146,61,85,0,0,0
2019-12-10 21:15,138,54,84,0,0,0
2019-12-10 21:30,106,31,75,0,0,0
2019-12-10 21:45,110,32,78,0,0,0
2019-12-10 22:00,107,37,70,0,0,0
2019-12-10 22:15,151,66,85,0,0,0
2019-12-10 22:30,112,40,72,0,0,0
2019-12-10 22:45,97,28,69,0,0,0
2019-12-10 23:00,103,37,66,0,0,0
2019-12-10 23:15,114,43,71,0,0,0
2019-12-10 23:30,57,26,31,0,0,0
2019-12-10 23:45,73,31,42,0,0,0
2019-12-11 00:00,35,12,23,0,0,0
2019-12-11 00:15,23,4,19,0,0,0
2019-12-11 00:30,43,11,32,0,0,0
2019-12-11 00:45,27,9,18,0,0,0
2019-12-11 01:00,34,7,27,0,0,0
2019-12-11 01:15,38,5,33,0,0,0
2019-12-11 01:30,13,3,10,0,0,0
2019-12-11 01:45,12,3,9,0,0,0
2019-12-11 02:00,6,3,3,0,0,0
2019-12-11 02:15,5,0,5,0,0,0
2019-12-11 02:30,10,4,6,0,0,0
2019-12-11 02:45,3,1,2,0,0,0
2019-12-11 03:00,3,2,1,0,0,0
2019-12-11 03:15,5,0,5,0,0,0
2019-12-11 03:30,4,3,1,0,0,0
2019-12-11 03:45,5,3,2,0,0,0
2019-12-11 04:00,4,3,1,0,0,0
2019-12-11 04:15,4,1,3,0,0,0
2019-12-11 04:30,5,3,2,0,0,0
2019-12-11 04:45,14,11,3,0,0,0
2019-12-11 05:00,5,4,1,0,0,0
2019-12-11 05:15,9,6,3,0,0,0
2019-12-11 05:30,17,13,4,0,0,0
2019-12-11 05:45,30,17,13,0,0,0
2019-12-11 06:00,29,18,11,0,0,0
2019-12-11 06:15,34,21,13,0,0,0
2019-12-11 06:30,56,45,11,0,0,0
2019-12-11 06:45,75,54,21,0,0,0
2019-12-11 07:00,80,56,24,0,0,0
2019-12-11 07:15,113,77,36,0,0,0
2019-12-11 07:30,212,163,49,0,0,0
2019-12-11 07:45,353,236,117,0,0,0
2019-12-11 08:00,509,259,250,0,0,0
2019-12-11 08:15,321,157,164,0,0,0
2019-12-11 08:30,160,112,48,0,0,0
2019-12-11 08:45,232,131,101,0,0,0
2019-12-11 09:00,183,85,98,0,0,0
2019-12-11 09:15,150,91,59,0,0,0
2019-12-11 09:30,157,90,67,0,0,0
2019-12-11 09:45,359,203,156,0,0,0
2019-12-11 10:00,520,270,250,0,0,0
2019-12-11 10:15,210,115,95,0,0,0
2019-12-11 10:30,137,66,71,0,0,0
2019-12-11 10:45,131,73,58,0,0,0
2019-12-11 11:00,136,76,60,0,0,0
2019-12-11 11:15,120,75,45,0,0,0
2019-12-11 11:30,148,74,74,0,0,0
2019-12-11 11:45,388,273,115,0,0,0
2019-12-11 12:00,346,196,150,0,0,0
2019-12-11 12:15,200,97,103,0,0,0
2019-12-11 12:30,148,74,74,0,0,0
2019-12-11 12:45,203,98,105,0,0,0
2019-12-11 13:00,179,102,77,0,0,0
2019-12-11 13:15,174,97,77,0,0,0
2019-12-11 13:30,186,94,92,0,0,0
2019-12-11 13:45,339,203,136,0,0,0
2019-12-11 14:00,338,190,148,0,0,0
2019-12-11 14:15,203,91,112,0,0,0
2019-12-11 14:30,151,71,80,0,0,0
2019-12-11 14:45,171,74,97,0,0,0
2019-12-11 15:00,151,67,84,0,0,0
2019-12-11 15:15,195,76,119,0,0,0
2019-12-11 15:30,204,88,116,0,0,0
2019-12-11 15:45,423,203,220,0,0,0
2019-12-11 16:00,347,164,183,0,0,0
2019-12-11 16:15,219,85,134,0,0,0
2019-12-11 16:30,227,116,111,0,0,0
2019-12-11 16:45,253,128,125,0,0,0
2019-12-11 17:00,251,117,134,0,0,0
2019-12-11 17:15,252,151,101,0,0,0
2019-12-11 17:30,248,107,141,0,0,0
2019-12-11 17:45,398,197,201,0,0,0
2019-12-11 18:00,353,183,170,0,0,0
2019-12-11 18:15,297,137,160,0,0,0
2019-12-11 18:30,221,103,118,0,0,0
2019-12-11 18:45,306,154,152,0,0,0
2019-12-11 19:00,275,126,149,0,0,0
2019-12-11 19:15,239,117,122,0,0,0
2019-12-11 19:30,215,79,136,0,0,0
2019-12-11 19:45,286,106,180,0,0,0
2019-12-11 20:00,265,108,157,0,0,0
2019-12-11 20:15,289,96,193,0,0,0
2019-12-11 20:30,202,86,116,0,0,0
2019-12-11 20:45,151,64,87,0,0,0
2019-12-11 21:00,126,60,66,0,0,0
2019-12-11 21:15,116,40,76,0,0,0
2019-12-11 21:30,142,38,104,0,0,0
2019-12-11 21:45,149,55,94,0,0,0
2019-12-11 22:00,138,60,78,0,0,0
2019-12-11 22:15,144,60,84,0,0,0
2019-12-11 22:30,111,35,76,0,0,0
2019-12-11 22:45,83,41,42,0,0,0
2019-12-11 23:00,81,34,47,0,0,0
2019-12-11 23:15,111,54,57,0,0,0
2019-12-11 23:30,87,43,44,0,0,0
2019-12-11 23:45,108,47,61,0,0,0
2019-12-12 00:00,111,50,61,0,0,0
2019-12-12 00:15,121,93,28,0,0,0
2019-12-12 00:30,70,34,36,0,0,0
2019-12-12 00:45,64,45,19,0,0,0
2019-12-12 01:00,63,33,30,0,0,0
2019-12-12 01:15,37,9,28,0,0,0
2019-12-12 01:30,50,27,23,0,0,0
2019-12-12 01:45,32,10,22,0,0,0
2019-12-12 02:00,36,9,27,0,0,0
2019-12-12 02:15,44,9,35,0,0,0
2019-12-12 02:30,40,10,30,0,0,0
2019-12-12 02:45,19,2,17,0,0,0
2019-12-12 03:00,26,3,23,0,0,0
2019-12-12 03:15,24,0,24,0,0,0
2019-12-12 03:30,17,1,16,0,0,0
2019-12-12 03:45,27,1,26,0,0,0
2019-12-12 04:00,40,4,36,0,0,0
2019-12-12 04:15,23,0,23,0,0,0
2019-12-12 04:30,18,3,15,0,0,0
2019-12-12 04:45,14,5,9,0,0,0
2019-12-12 05:00,28,4,24,0,0,0
2019-12-12 05:15,39,9,30,0,0,0
2019-12-12 05:30,35,11,24,0,0,0
2019-12-12 05:45,39,17,22,0,0,0
2019-12-12 06:00,46,20,26,0,0,0
2019-12-12 06:15,47,28,19,0,0,0
2019-12-12 06:30,49,34,15,0,0,0
2019-12-12 06:45,91,56,35,0,0,0
2019-12-12 07:00,87,55,32,0,0,0
2019-12-12 07:15,139,87,52,0,0,0
2019-12-12 07:30,243,180,63,0,0,0
2019-12-12 07:45,362,209,153,0,0,0
2019-12-12 08:00,452,227,225,0,0,0
2019-12-12 08:15,341,192,149,0,0,0
2019-12-12 08:30,239,157,82,0,0,0
2019-12-12 08:45,266,154,112,0,0,0
2019-12-12 09:00,212,131,81,0,0,0
2019-12-12 09:15,176,107,69,0,0,0
2019-12-12 09:30,209,122,87,0,0,0
2019-12-12 09:45,377,213,164,0,0,0
2019-12-12 10:00,554,314,240,0,0,0
2019-12-12 10:15,208,104,104,0,0,0
2019-12-12 10:30,146,92,54,0,0,0
2019-12-12 10:45,156,89,67,0,0,0
2019-12-12 11:00,192,99,93,0,0,0
2019-12-12 11:15,140,83,57,0,0,0
2019-12-12 11:30,201,112,89,0,0,0
2019-12-12 11:45,401,222,179,0,0,0
2019-12-12 12:00,458,224,234,0,0,0
2019-12-12 12:15,223,102,121,0,0,0
2019-12-12 12:30,195,107,88,0,0,0
2019-12-12 12:45,200,115,85,0,0,0
2019-12-12 13:00,203,101,102,0,0,0
2019-12-12 13:15,221,127,94,0,0,0
2019-12-12 13:30,261,120,141,0,0,0
2019-12-12 13:45,463,243,220,0,0,0
2019-12-12 14:00,446,226,220,0,0,0
2019-12-12 14:15,261,122,139,0,0,0
2019-12-12 14:30,245,127,118,0,0,0
2019-12-12 14:45,247,117,130,0,0,0
2019-12-12 15:00,215,116,99,0,0,0
2019-12-12 15:15,221,103,118,0,0,0
2019-12-12 15:30,296,122,174,0,0,0
2019-12-12 15:45,479,269,210,0,0,0
2019-12-12 16:00,461,225,236,0,0,0
2019-12-12 16:15,328,174,154,0,0,0
2019-12-12 16:30,313,173,140,0,0,0
2019-12-12 16:45,318,190,128,0,0,0
2019-12-12 17:00,288,149,139,0,0,0
2019-12-12 17:15,323,170,153,0,0,0
2019-12-12 17:30,410,272,138,0,0,0
2019-12-12 17:45,550,333,217,0,0,0
2019-12-12 18:00,446,250,196,0,0,0
2019-12-12 18:15,357,200,157,0,0,0
2019-12-12 18:30,271,125,146,0,0,0
2019-12-12 18:45,288,156,132,0,0,0
2019-12-12 19:00,243,94,149,0,0,0
2019-12-12 19:15,257,114,143,0,0,0
2019-12-12 19:30,226,88,138,0,0,0
2019-12-12 19:45,294,104,190,0,0,0
2019-12-12 20:00,280,96,184,0,0,0
2019-12-12 20:15,213,78,135,0,0,0
2019-12-12 20:30,157,38,119,0,0,0
2019-12-12 20:45,151,61,90,0,0,0
2019-12-12 21:00,134,57,77,0,0,0
2019-12-12 21:15,118,52,66,0,0,0
2019-12-12 21:30,117,33,84,0,0,0
2019-12-12 21:45,112,37,75,0,0,0
2019-12-12 22:00,150,46,104,0,0,0
2019-12-12 22:15,160,58,102,0,0,0
2019-12-12 22:30,131,28,103,0,0,0
2019-12-12 22:45,98,35,63,0,0,0
2019-12-12 23:00,96,22,74,0,0,0
2019-12-12 23:15,76,24,52,0,0,0
2019-12-12 23:30,74,18,56,0,0,0
2019-12-12 23:45,79,32,47,0,0,0
2019-12-13 00:00,98,37,61,0,0,0
2019-12-13 00:15,65,33,32,0,0,0
2019-12-13 00:30,62,31,31,0,0,0
2019-12-13 00:45,48,18,30,0,0,0
2019-12-13 01:00,33,12,21,0,0,0
2019-12-13 01:15,25,4,21,0,0,0
2019-12-13 01:30,17,3,14,0,0,0
2019-12-13 01:45,24,5,19,0,0,0
2019-12-13 02:00,8,2,6,0,0,0
2019-12-13 02:15,14,8,6,0,0,0
2019-12-13 02:30,18,8,10,0,0,0
2019-12-13 02:45,7,1,6,0,0,0
2019-12-13 03:00,21,3,18,0,0,0
2019-12-13 03:15,22,7,15,0,0,0
2019-12-13 03:30,22,2,20,0,0,0
2019-12-13 03:45,21,8,13,0,0,0
2019-12-13 04:00,14,3,11,0,0,0
2019-12-13 04:15,7,1,6,0,0,0
2019-12-13 04:30,14,7,7,0,0,0
2019-12-13 04:45,7,5,2,0,0,0
2019-12-13 05:00,13,3,10,0,0,0
2019-12-13 05:15,20,6,14,0,0,0
2019-12-13 05:30,8,5,3,0,0,0
2019-12-13 05:45,23,13,10,0,0,0
2019-12-13 06:00,26,13,13,0,0,0
2019-12-13 06:15,36,27,9,0,0,0
2019-12-13 06:30,42,23,19,0,0,0
2019-12-13 06:45,69,45,24,0,0,0
2019-12-13 07:00,65,40,25,0,0,0
2019-12-13 07:15,130,74,56,0,0,0
2019-12-13 07:30,236,173,63,0,0,0
2019-12-13 07:45,318,180,138,0,0,0
2019-12-13 08:00,348,184,164,0,0,0
2019-12-13 08:15,268,122,146,0,0,0
2019-12-13 08:30,170,110,60,0,0,0
2019-12-13 08:45,261,162,99,0,0,0
2019-12-13 09:00,198,118,80,0,0,0
2019-12-13 09:15,139,89,50,0,0,0
2019-12-13 09:30,151,87,64,0,0,0
2019-12-13 09:45,302,193,109,0,0,0
2019-12-13 10:00,348,198,150,0,0,0
2019-12-13 10:15,146,88,58,0,0,0
2019-12-13 10:30,131,72,59,0,0,0
2019-12-13 10:45,140,90,50,0,0,0
2019-12-13 11:00,144,78,66,0,0,0
2019-12-13 11:15,137,70,67,0,0,0
2019-12-13 11:30,163,93,70,0,0,0
2019-12-13 11:45,296,176,120,0,0,0
2019-12-13 12:00,318,189,129,0,0,0
2019-12-13 12:15,184,101,83,0,0,0
2019-12-13 12:30,214,110,104,0,0,0
2019-12-13 12:45,203,115,88,0,0,0
2019-12-13 13:00,211,112,99,0,0,0
2019-12-13 13:15,214,105,109,0,0,0
2019-12-13 13:30,195,103,92,0,0,0
2019-12-13 13:45,295,154,141,0,0,0
2019-12-13 14:00,241,124,117,0,0,0
2019-12-13 14:15,200,107,93,0,0,0
2019-12-13 14:30,199,106,93,0,0,0
2019-12-13 14:45,216,117,99,0,0,0
2019-12-13 15:00,202,122,80,0,0,0
2019-12-13 15:15,206,100,106,0,0,0
2019-12-13 15:30,254,137,117,0,0,0
2019-12-13 15:45,330,204,126,0,0,0
2019-12-13 16:00,245,139,106,0,0,0
2019-12-13 16:15,218,122,96,0,0,0
2019-12-13 16:30,212,109,103,0,0,0
2019-12-13 16:45,240,142,98,0,0,0
2019-12-13 17:00,198,104,94,0,0,0
2019-12-13 17:15,222,117,105,0,0,0
2019-12-13 17:30,234,134,100,0,0,0
2019-12-13 17:45,244,134,110,0,0,0
2019-12-13 18:00,206,116,90,0,0,0
2019-12-13 18:15,204,113,91,0,0,0
2019-12-13 18:30,189,117,72,0,0,0
2019-12-13 18:45,224,106,118,0,0,0
2019-12-13 19:00,214,107,107,0,0,0
2019-12-13 19:15,196,88,108,0,0,0
2019-12-13 19:30,154,74,80,0,0,0
2019-12-13 19:45,157,84,73,0,0,0
2019-12-13 20:00,149,68,81,0,0,0
2019-12-13 20:15,160,79,81,0,0,0
2019-12-13 20:30,103,41,62,0,0,0
2019-12-13 20:45,95,34,61,0,0,0
2019-12-13 21:00,105,42,63,0,0,0
2019-12-13 21:15,105,33,72,0,0,0
2019-12-13 21:30,87,26,61,0,0,0
2019-12-13 21:45,110,36,74,0,0,0
2019-12-13 22:00,85,20,65,0,0,0
2019-12-13 22:15,96,29,67,0,0,0
2019-12-13 22:30,64,19,45,0,0,0
2019-12-13 22:45,81,34,47,0,0,0
2019-12-13 23:00,110,46,64,0,0,0
2019-12-13 23:15,80,24,56,0,0,0
2019-12-13 23:30,72,22,50,0,0,0
2019-12-13 23:45,107,52,55,0,0,0
2019-12-14 00:00,71,13,58,0,0,0
2019-12-14 00:15,81,28,53,0,0,0
2019-12-14 00:30,65,16,49,0,0,0
2019-12-14 00:45,73,29,44,0,0,0
2019-12-14 01:00,67,17,50,0,0,0
2019-12-14 01:15,78,27,51,0,0,0
2019-12-14 01:30,46,11,35,0,0,0
2019-12-14 01:45,63,18,45,0,0,0
2019-12-14 02:00,38,15,23,0,0,0
2019-12-14 02:15,40,11,29,0,0,0
2019-12-14 02:30,57,23,34,0,0,0
2019-12-14 02:45,46,9,37,0,0,0
2019-12-14 03:00,32,15,17,0,0,0
2019-12-14 03:15,40,12,28,0,0,0
2019-12-14 03:30,32,21,11,0,0,0
2019-12-14 03:45,47,16,31,0,0,0
2019-12-14 04:00,24,10,14,0,0,0
2019-12-14 04:15,28,4,24,0,0,0
2019-12-14 04:30,18,6,12,0,0,0
2019-12-14 04:45,12,7,5,0,0,0
2019-12-14 05:00,13,3,10,0,0,0
2019-12-14 05:15,14,3,11,0,0,0
2019-12-14 05:30,17,6,11,0,0,0
2019-12-14 05:45,12,7,5,0,0,0
2019-12-14 06:00,11,4,7,0,0,0
2019-12-14 06:15,8,3,5,0,0,0
2019-12-14 06:30,10,9,1,0,0,0
2019-12-14 06:45,7,3,4,0,0,0
2019-12-14 07:00,5,5,0,0,0,0
2019-12-14 07:15,15,12,3,0,0,0
2019-12-14 07:30,26,17,9,0,0,0
2019-12-14 07:45,41,33,8,0,0,0
2019-12-14 08:00,34,25,9,0,0,0
2019-12-14 08:15,36,24,12,0,0,0
2019-12-14 08:30,62,50,12,0,0,0
2019-12-14 08:45,90,65,25,0,0,0
2019-12-14 09:00,44,29,15,0,0,0
2019-12-14 09:15,79,43,36,0,0,0
2019-12-14 09:30,84,66,18,0,0,0
2019-12-14 09:45,134,117,17,0,0,0
2019-12-14 10:00,123,94,29,0,0,0
2019-12-14 10:15,89,66,23,0,0,0
2019-12-14 10:30,89,59,30,0,0,0
2019-12-14 10:45,132,93,39,0,0,0
2019-12-14 11:00,95,56,39,0,0,0
2019-12-14 11:15,109,69,40,0,0,0
2019-12-14 11:30,115,61,54,0,0,0
2019-12-14 11:45,139,95,44,0,0,0
2019-12-14 12:00,114,65,49,0,0,0
2019-12-14 12:15,150,87,63,0,0,0
2019-12-14 12:30,113,68,45,0,0,0
2019-12-14 12:45,147,99,48,0,0,0
2019-12-14 13:00,119,79,40,0,0,0
2019-12-14 13:15,117,56,61,0,0,0
2019-12-14 13:30,132,69,63,0,0,0
2019-12-14 13:45,144,82,62,0,0,0
2019-12-14 14:00,149,70,79,0,0,0
2019-12-14 14:15,162,72,90,0,0,0
2019-12-14 14:30,126,71,55,0,0,0
2019-12-14 14:45,118,57,61,0,0,0
2019-12-14 15:00,155,88,67,0,0,0
2019-12-14 15:15,162,63,99,0,0,0
2019-12-14 15:30,131,60,71,0,0,0
2019-12-14 15:45,133,59,74,0,0,0
2019-12-14 16:00,130,52,78,0,0,0
2019-12-14 16:15,124,44,80,0,0,0
2019-12-14 16:30,92,38,54,0,0,0
2019-12-14 16:45,138,57,81,0,0,0
2019-12-14 17:00,134,42,92,0,0,0
2019-12-14 17:15,112,49,63,0,0,0
2019-12-14 17:30,142,65,77,0,0,0
2019-12-14 17:45,159,61,98,0,0,0
2019-12-14 18:00,134,51,83,0,0,0
2019-12-14 18:15,104,37,67,0,0,0
2019-12-14 18:30,98,42,56,0,0,0
2019-12-14 18:45,119,47,72,0,0,0
2019-12-14 19:00,101,52,49,0,0,0
2019-12-14 19:15,96,37,59,0,0,0
2019-12-14 19:30,85,27,58,0,0,0
2019-12-14 19:45,120,66,54,0,0,0
2019-12-14 20:00,100,38,62,0,0,0
2019-12-14 20:15,106,37,69,0,0,0
2019-12-14 20:30,65,24,41,0,0,0
2019-12-14 20:45,46,19,27,0,0,0
2019-12-14 21:00,84,39,45,0,0,0
2019-12-14 21:15,50,18,32,0,0,0
2019-12-14 21:30,85,22,63,0,0,0
2019-12-14 21:45,57,16,41,0,0,0
2019-12-14 22:00,63,25,38,0,0,0
2019-12-14 22:15,43,15,28,0,0,0
2019-12-14 22:30,43,20,23,0,0,0
2019-12-14 22:45,54,24,30,0,0,0
2019-12-14 23:00,69,27,42,0,0,0
2019-12-14 23:15,47,19,28,0,0,0
2019-12-14 23:30,54,23,31,0,0,0
2019-12-14 23:45,81,36,45,0,0,0
2019-12-15 00:00,81,43,38,0,0,0
2019-12-15 00:15,58,30,28,0,0,0
2019-12-15 00:30,37,14,23,0,0,0
2019-12-15 00:45,52,18,34,0,0,0
2019-12-15 01:00,38,17,21,0,0,0
2019-12-15 01:15,60,29,31,0,0,0
2019-12-15 01:30,46,22,24,0,0,0
2019-12-15 01:45,46,12,34,0,0,0
2019-12-15 02:00,45,14,31,0,0,0
2019-12-15 02:15,44,20,24,0,0,0
2019-12-15 02:30,45,21,24,0,0,0
2019-12-15 02:45,34,6,28,0,0,0
2019-12-15 03:00,38,8,30,0,0,0
2019-12-15 03:15,33,7,26,0,0,0
2019-12-15 03:30,29,5,24,0,0,0
2019-12-15 03:45,25,3,22,0,0,0
2019-12-15 04:00,20,5,15,0,0,0
2019-12-15 04:15,25,1,24,0,0,0
2019-12-15 04:30,21,3,18,0,0,0
2019-12-15 04:45,11,8,3,0,0,0
2019-12-15 05:00,8,0,8,0,0,0
2019-12-15 05:15,8,2,6,0,0,0
2019-12-15 05:30,16,4,12,0,0,0
2019-12-15 05:45,12,3,9,0,0,0
2019-12-15 06:00,4,2,2,0,0,0
2019-12-15 06:15,4,2,2,0,0,0
2019-12-15 06:30,10,6,4,0,0,0
2019-12-15 06:45,5,3,2,0,0,0
2019-12-15 07:00,4,2,2,0,0,0
2019-12-15 07:15,7,5,2,0,0,0
2019-12-15 07:30,5,2,3,0,0,0
2019-12-15 07:45,7,3,4,0,0,0
2019-12-15 08:00,13,7,6,0,0,0
2019-12-15 08:15,13,7,6,0,0,0
2019-12-15 08:30,18,13,5,0,0,0
2019-12-15 08:45,28,15,13,0,0,0
2019-12-15 09:00,27,11,16,0,0,0
2019-12-15 09:15,34,25,9,0,0,0
2019-12-15 09:30,32,20,12,0,0,0
2019-12-15 09:45,71,60,11,0,0,0
2019-12-15 10:00,89,61,28,0,0,0
2019-12-15 10:15,63,51,12,0,0,0
2019-12-15 10:30,69,44,25,0,0,0
2019-12-15 10:45,68,46,22,0,0,0
2019-12-15 11:00,63,52,11,0,0,0
2019-12-15 11:15,60,40,20,0,0,0
2019-12-15 11:30,51,31,20,0,0,0
2019-12-15 11:45,67,43,24,0,0,0
2019-12-15 12:00,66,35,31,0,0,0
2019-12-15 12:15,72,36,36,0,0,0
2019-12-15 12:30,73,45,28,0,0,0
2019-12-15 12:45,84,55,29,0,0,0
2019-12-15 13:00,84,38,46,0,0,0
2019-12-15 13:15,106,56,50,0,0,0
2019-12-15 13:30,97,54,43,0,0,0
2019-12-15 13:45,108,71,37,0,0,0
2019-12-15 14:00,113,61,52,0,0,0
2019-12-15 14:15,109,54,55,0,0,0
2019-12-15 14:30,129,74,55,0,0,0
2019-12-15 14:45,113,70,43,0,0,0
2019-12-15 15:00,129,75,54,0,0,0
2019-12-15 15:15,104,64,40,0,0,0
2019-12-15 15:30,111,59,52,0,0,0
2019-12-15 15:45,133,65,68,0,0,0
2019-12-15 16:00,99,41,58,0,0,0
2019-12-15 16:15,116,59,57,0,0,0
2019-12-15 16:30,98,34,64,0,0,0
2019-12-15 16:45,126,60,66,0,0,0
2019-12-15 17:00,110,38,72,0,0,0
2019-12-15 17:15,119,40,79,0,0,0
2019-12-15 17:30,116,59,57,0,0,0
2019-12-15 17:45,159,61,98,0,0,0
2019-12-15 18:00,125,42,83,0,0,0
2019-12-15 18:15,119,48,71,0,0,0
2019-12-15 18:30,101,51,50,0,0,0
2019-12-15 18:45,162,76,86,0,0,0
2019-12-15 19:00,107,39,68,0,0,0
2019-12-15 19:15,100,42,58,0,0,0
2019-12-15 19:30,106,39,67,0,0,0
2019-12-15 19:45,92,38,54,0,0,0
2019-12-15 20:00,98,25,73,0,0,0
2019-12-15 20:15,104,27,77,0,0,0
2019-12-15 20:30,57,15,42,0,0,0
2019-12-15 20:45,69,19,50,0,0,0
2019-12-15 21:00,50,14,36,0,0,0
2019-12-15 21:15,37,11,26,0,0,0
2019-12-15 21:30,47,15,32,0,0,0
2019-12-15 21:45,63,19,44,0,0,0
2019-12-15 22:00,54,20,34,0,0,0
2019-12-15 22:15,47,11,36,0,0,0
2019-12-15 22:30,67,28,39,0,0,0
2019-12-15 22:45,62,27,35,0,0,0
2019-12-15 23:00,35,16,19,0,0,0
2019-12-15 23:15,20,7,13,0,0,0
2019-12-15 23:30,21,10,11,0,0,0
2019-12-15 23:45,17,4,13,0,0,0
2019-12-16 00:00,18,8,10,0,0,0
2019-12-16 00:15,15,6,9,0,0,0
2019-12-16 00:30,14,5,9,0,0,0
2019-12-16 00:45,13,4,9,0,0,0
2019-12-16 01:00,11,4,7,0,0,0
2019-12-16 01:15,9,3,6,0,0,0
2019-12-16 01:30,5,1,4,0,0,0
2019-12-16 01:45,8,0,8,0,0,0
2019-12-16 02:00,16,2,14,0,0,0
2019-12-16 02:15,1,0,1,0,0,0
2019-12-16 02:30,3,2,1,0,0,0
2019-12-16 02:45,4,1,3,0,0,0
2019-12-16 03:00,0,0,0,0,0,0
2019-12-16 03:15,4,0,4,0,0,0
2019-12-16 03:30,3,2,1,0,0,0
2019-12-16 03:45,2,0,2,0,0,0
2019-12-16 04:00,1,1,0,0,0,0
2019-12-16 04:15,2,1,1,0,0,0
2019-12-16 04:30,6,2,4,0,0,0
2019-12-16 04:45,7,3,4,0,0,0
2019-12-16 05:00,9,6,3,0,0,0
2019-12-16 05:15,6,4,2,0,0,0
2019-12-16 05:30,13,11,2,0,0,0
2019-12-16 05:45,23,12,11,0,0,0
2019-12-16 06:00,23,19,4,0,0,0
2019-12-16 06:15,39,29,10,0,0,0
2019-12-16 06:30,54,39,15,0,0,0
2019-12-16 06:45,83,53,30,0,0,0
2019-12-16 07:00,85,58,27,0,0,0
2019-12-16 07:15,126,79,47,0,0,0
2019-12-16 07:30,230,163,67,0,0,0
2019-12-16 07:45,321,181,140,0,0,0
2019-12-16 08:00,393,184,209,0,0,0
2019-12-16 08:15,293,146,147,0,0,0
2019-12-16 08:30,184,116,68,0,0,0
2019-12-16 08:45,264,150,114,0,0,0
2019-12-16 09:00,209,128,81,0,0,0
2019-12-16 09:15,169,109,60,0,0,0
2019-12-16 09:30,201,125,76,0,0,0
2019-12-16 09:45,420,238,182,0,0,0
2019-12-16 10:00,565,350,215,0,0,0
2019-12-16 10:15,201,115,86,0,0,0
2019-12-16 10:30,153,99,54,0,0,0
2019-12-16 10:45,129,68,61,0,0,0
2019-12-16 11:00,181,89,92,0,0,0
2019-12-16 11:15,141,74,67,0,0,0
2019-12-16 11:30,172,104,68,0,0,0
2019-12-16 11:45,366,198,168,0,0,0
2019-12-16 12:00,351,185,166,0,0,0
2019-12-16 12:15,221,118,103,0,0,0
2019-12-16 12:30,203,93,110,0,0,0
2019-12-16 12:45,233,117,116,0,0,0
2019-12-16 13:00,231,116,115,0,0,0
2019-12-16 13:15,207,104,103,0,0,0
2019-12-16 13:30,253,122,131,0,0,0
2019-12-16 13:45,417,200,217,0,0,0
2019-12-16 14:00,427,253,174,0,0,0
2019-12-16 14:15,229,108,121,0,0,0
2019-12-16 14:30,190,81,109,0,0,0
2019-12-16 14:45,249,110,139,0,0,0
2019-12-16 15:00,207,100,107,0,0,0
2019-12-16 15:15,229,122,107,0,0,0
2019-12-16 15:30,246,124,122,0,0,0
2019-12-16 15:45,479,252,227,0,0,0
2019-12-16 16:00,438,235,203,0,0,0
2019-12-16 16:15,321,174,147,0,0,0
2019-12-16 16:30,284,134,150,0,0,0
2019-12-16 16:45,288,156,132,0,0,0
2019-12-16 17:00,253,110,143,0,0,0
2019-12-16 17:15,305,161,144,0,0,0
2019-12-16 17:30,352,172,180,0,0,0
2019-12-16 17:45,513,261,252,0,0,0
2019-12-16 18:00,399,201,198,0,0,0
2019-12-16 18:15,298,151,147,0,0,0
2019-12-16 18:30,254,124,130,0,0,0
2019-12-16 18:45,256,106,150,0,0,0
2019-12-16 19:00,287,125,162,0,0,0
2019-12-16 19:15,233,93,140,0,0,0
2019-12-16 19:30,231,91,140,0,0,0
2019-12-16 19:45,219,64,155,0,0,0
2019-12-16 20:00,216,59,157,0,0,0
2019-12-16 20:15,234,48,186,0,0,0
2019-12-16 20:30,184,60,124,0,0,0
2019-12-16 20:45,152,56,96,0,0,0
2019-12-16 21:00,132,48,84,0,0,0
2019-12-16 21:15,100,46,54,0,0,0
2019-12-16 21:30,80,29,51,0,0,0
2019-12-16 21:45,119,35,84,0,0,0
2019-12-16 22:00,124,40,84,0,0,0
2019-12-16 22:15,128,50,78,0,0,0
2019-12-16 22:30,83,28,55,0,0,0
2019-12-16 22:45,74,21,53,0,0,0
2019-12-16 23:00,100,23,77,0,0,0
2019-12-16 23:15,71,20,51,0,0,0
2019-12-16 23:30,58,24,34,0,0,0
2019-12-16 23:45,41,9,32,0,0,0
2019-12-17 00:00,37,14,23,0,0,0
2019-12-17 00:15,32,5,27,0,0,0
2019-12-17 00:30,35,7,28,0,0,0
2019-12-17 00:45,34,14,20,0,0,0
2019-12-17 01:00,25,9,16,0,0,0
2019-12-17 01:15,18,2,16,0,0,0
2019-12-17 01:30,19,6,13,0,0,0
2019-12-17 01:45,13,1,12,0,0,0
2019-12-17 02:00,6,4,2,0,0,0
2019-12-17 02:15,10,4,6,0,0,0
2019-12-17 02:30,13,4,9,0,0,0
2019-12-17 02:45,10,2,8,0,0,0
2019-12-17 03:00,0,0,0,0,0,0
2019-12-17 03:15,3,1,2,0,0,0
2019-12-17 03:30,4,1,3,0,0,0
2019-12-17 03:45,2,1,1,0,0,0
2019-12-17 04:00,4,1,3,0,0,0
2019-12-17 04:15,2,2,0,0,0,0
2019-12-17 04:30,5,4,1,0,0,0
2019-12-17 04:45,6,5,1,0,0,0
2019-12-17 05:00,6,5,1,0,0,0
2019-12-17 05:15,5,3,2,0,0,0
2019-12-17 05:30,18,13,5,0,0,0
2019-12-17 05:45,22,14,8,0,0,0
2019-12-17 06:00,29,19,10,0,0,0
2019-12-17 06:15,34,21,13,0,0,0
2019-12-17 06:30,51,38,13,0,0,0
2019-12-17 06:45,97,55,42,0,0,0
2019-12-17 07:00,94,65,29,0,0,0
2019-12-17 07:15,137,82,55,0,0,0
2019-12-17 07:30,246,173,73,0,0,0
2019-12-17 07:45,361,206,155,0,0,0
2019-12-17 08:00,554,231,323,0,0,0
2019-12-17 08:15,313,144,169,0,0,0
2019-12-17 08:30,197,116,81,0,0,0
2019-12-17 08:45,266,164,102,0,0,0
2019-12-17 09:00,243,143,100,0,0,0
2019-12-17 09:15,194,101,93,0,0,0
2019-12-17 09:30,204,127,77,0,0,0
2019-12-17 09:45,508,257,251,0,0,0
2019-12-17 10:00,542,308,234,0,0,0
2019-12-17 10:15,204,104,100,0,0,0
2019-12-17 10:30,154,87,67,0,0,0
2019-12-17 10:45,187,110,77,0,0,0
2019-12-17 11:00,172,91,81,0,0,0
2019-12-17 11:15,184,108,76,0,0,0
2019-12-17 11:30,240,123,117,0,0,0
2019-12-17 11:45,453,281,172,0,0,0
2019-12-17 12:00,415,217,198,0,0,0
2019-12-17 12:15,253,127,126,0,0,0
2019-12-17 12:30,215,98,117,0,0,0
2019-12-17 12:45,253,147,106,0,0,0
2019-12-17 13:00,235,117,118,0,0,0
2019-12-17 13:15,303,139,164,0,0,0
2019-12-17 13:30,282,141,141,0,0,0
2019-12-17 13:45,465,255,210,0,0,0
2019-12-17 14:00,435,216,219,0,0,0
2019-12-17 14:15,297,156,141,0,0,0
2019-12-17 14:30,228,107,121,0,0,0
2019-12-17 14:45,234,119,115,0,0,0
2019-12-17 15:00,227,116,111,0,0,0
2019-12-17 15:15,282,150,132,0,0,0
2019-12-17 15:30,298,170,128,0,0,0
2019-12-17 15:45,477,275,202,0,0,0
2019-12-17 16:00,464,246,218,0,0,0
2019-12-17 16:15,385,210,175,0,0,0
2019-12-17 16:30,302,160,142,0,0,0
2019-12-17 16:45,306,160,146,0,0,0
2019-12-17 17:00,306,151,155,0,0,0
2019-12-17 17:15,332,173,159,0,0,0
2019-12-17 17:30,309,181,128,0,0,0
2019-12-17 17:45,510,285,225,0,0,0
2019-12-17 18:00,463,230,233,0,0,0
2019-12-17 18:15,361,166,195,0,0,0
2019-12-17 18:30,303,148,155,0,0,0
2019-12-17 18:45,303,143,160,0,0,0
2019-12-17 19:00,269,123,146,0,0,0
2019-12-17 19:15,290,109,181,0,0,0
2019-12-17 19:30,248,110,138,0,0,0
2019-12-17 19:45,320,114,206,0,0,0
2019-12-17 20:00,309,111,198,0,0,0
2019-12-17 20:15,223,57,166,0,0,0
2019-12-17 20:30,175,44,131,0,0,0
2019-12-17 20:45,150,53,97,0,0,0
2019-12-17 21:00,111,60,51,0,0,0
2019-12-17 21:15,122,28,94,0,0,0
2019-12-17 21:30,153,38,115,0,0,0
2019-12-17 21:45,123,34,89,0,0,0
2019-12-17 22:00,118,39,79,0,0,0
2019-12-17 22:15,79,39,40,0,0,0
2019-12-17 22:30,124,43,81,0,0,0
2019-12-17 22:45,108,31,77,0,0,0
2019-12-17 23:00,97,17,80,0,0,0
2019-12-17 23:15,93,30,63,0,0,0
2019-12-17 23:30,99,30,69,0,0,0
2019-12-17 23:45,56,10,46,0,0,0
2019-12-18 00:00,61,23,38,0,0,0
2019-12-18 00:15,49,19,30,0,0,0
2019-12-18 00:30,36,8,28,0,0,0
2019-12-18 00:45,62,17,45,0,0,0
2019-12-18 01:00,35,6,29,0,0,0
2019-12-18 01:15,33,9,24,0,0,0
2019-12-18 01:30,32,11,21,0,0,0
2019-12-18 01:45,29,4,25,0,0,0
2019-12-18 02:00,19,9,10,0,0,0
2019-12-18 02:15,16,4,12,0,0,0
2019-12-18 02:30,9,2,7,0,0,0
2019-12-18 02:45,3,1,2,0,0,0
2019-12-18 03:00,5,2,3,0,0,0
2019-12-18 03:15,4,0,4,0,0,0
2019-12-18 03:30,7,0,7,0,0,0
2019-12-18 03:45,6,2,4,0,0,0
2019-12-18 04:00,2,0,2,0,0,0
2019-12-18 04:15,2,2,0,0,0,0
2019-12-18 04:30,6,6,0,0,0,0
2019-12-18 04:45,15,9,6,0,0,0
2019-12-18 05:00,11,9,2,0,0,0
2019-12-18 05:15,8,5,3,0,0,0
2019-12-18 05:30,16,12,4,0,0,0
2019-12-18 05:45,28,15,13,0,0,0
2019-12-18 06:00,25,16,9,0,0,0
2019-12-18 06:15,31,26,5,0,0,0
2019-12-18 06:30,50,33,17,0,0,0
2019-12-18 06:45,72,48,24,0,0,0
2019-12-18 07:00,94,60,34,0,0,0
2019-12-18 07:15,156,97,59,0,0,0
2019-12-18 07:30,264,192,72,0,0,0
2019-12-18 07:45,354,215,139,0,0,0
2019-12-18 08:00,425,187,238,0,0,0
2019-12-18 08:15,350,155,195,0,0,0
2019-12-18 08:30,186,110,76,0,0,0
2019-12-18 08:45,260,145,115,0,0,0
2019-12-18 09:00,235,127,108,0,0,0
2019-12-18 09:15,171,100,71,0,0,0
2019-12-18 09:30,186,100,86,0,0,0
2019-12-18 09:45,408,246,162,0,0,0
2019-12-18 10:00,467,273,194,0,0,0
2019-12-18 10:15,242,128,114,0,0,0
2019-12-18 10:30,182,108,74,0,0,0
2019-12-18 10:45,190,113,77,0,0,0
2019-12-18 11:00,152,86,66,0,0,0
2019-12-18 11:15,176,107,69,0,0,0
2019-12-18 11:30,229,142,87,0,0,0
2019-12-18 11:45,409,234,175,0,0,0
2019-12-18 12:00,408,227,181,0,0,0
2019-12-18 12:15,255,132,123,0,0,0
2019-12-18 12:30,234,122,112,0,0,0
2019-12-18 12:45,257,142,115,0,0,0
2019-12-18 13:00,263,132,131,0,0,0
2019-12-18 13:15,227,111,116,0,0,0
2019-12-18 13:30,237,135,102,0,0,0
2019-12-18 13:45,391,200,191,0,0,0
2019-12-18 14:00,442,226,216,0,0,0
2019-12-18 14:15,291,138,153,0,0,0
2019-12-18 14:30,219,102,117,0,0,0
2019-12-18 14:45,229,102,127,0,0,0
2019-12-18 15:00,245,108,137,0,0,0
2019-12-18 15:15,256,120,136,0,0,0
2019-12-18 15:30,296,132,164,0,0,0
2019-12-18 15:45,445,191,254,0,0,0
2019-12-18 16:00,468,248,220,0,0,0
2019-12-18 16:15,369,190,179,0,0,0
2019-12-18 16:30,310,167,143,0,0,0
2019-12-18 16:45,326,160,166,0,0,0
2019-12-18 17:00,355,188,167,0,0,0
2019-12-18 17:15,330,149,181,0,0,0
2019-12-18 17:30,343,182,161,0,0,0
2019-12-18 17:45,480,276,204,0,0,0
2019-12-18 18:00,469,260,209,0,0,0
2019-12-18 18:15,327,155,172,0,0,0
2019-12-18 18:30,284,133,151,0,0,0
2019-12-18 18:45,349,170,179,0,0,0
2019-12-18 19:00,256,134,122,0,0,0
2019-12-18 19:15,295,147,148,0,0,0
2019-12-18 19:30,248,101,147,0,0,0
2019-12-18 19:45,319,111,208,0,0,0
2019-12-18 20:00,303,97,206,0,0,0
2019-12-18 20:15,244,72,172,0,0,0
2019-12-18 20:30,211,75,136,0,0,0
2019-12-18 20:45,190,74,116,0,0,0
2019-12-18 21:00,126,56,70,0,0,0
2019-12-18 21:15,176,62,114,0,0,0
2019-12-18 21:30,198,42,156,0,0,0
2019-12-18 21:45,152,44,108,0,0,0
2019-12-18 22:00,133,51,82,0,0,0
2019-12-18 22:15,165,61,104,0,0,0
2019-12-18 22:30,125,46,79,0,0,0
2019-12-18 22:45,134,59,75,0,0,0
2019-12-18 23:00,160,72,88,0,0,0
2019-12-18 23:15,135,51,84,0,0,0
2019-12-18 23:30,121,57,64,0,0,0
2019-12-18 23:45,114,44,70,0,0,0
2019-12-19 00:00,91,35,56,0,0,0
2019-12-19 00:15,48,19,29,0,0,0
2019-12-19 00:30,82,30,52,0,0,0
2019-12-19 00:45,75,41,34,0,0,0
2019-12-19 01:00,74,26,48,0,0,0
2019-12-19 01:15,66,16,50,0,0,0
2019-12-19 01:30,79,16,63,0,0,0
2019-12-19 01:45,55,16,39,0,0,0
2019-12-19 02:00,41,12,29,0,0,0
2019-12-19 02:15,51,7,44,0,0,0
2019-12-19 02:30,60,16,44,0,0,0
2019-12-19 02:45,28,7,21,0,0,0
2019-12-19 03:00,33,6,27,0,0,0
2019-12-19 03:15,31,5,26,0,0,0
2019-12-19 03:30,27,9,18,0,0,0
2019-12-19 03:45,49,5,44,0,0,0
2019-12-19 04:00,26,6,20,0,0,0
2019-12-19 04:15,23,5,18,0,0,0
2019-12-19 04:30,22,5,17,0,0,0
2019-12-19 04:45,39,6,33,0,0,0
2019-12-19 05:00,26,9,17,0,0,0
2019-12-19 05:15,13,2,11,0,0,0
2019-12-19 05:30,20,12,8,0,0,0
2019-12-19 05:45,25,14,11,0,0,0
2019-12-19 06:00,45,17,28,0,0,0
2019-12-19 06:15,39,21,18,0,0,0
2019-12-19 06:30,42,27,15,0,0,0
2019-12-19 06:45,77,56,21,0,0,0
2019-12-19 07:00,87,52,35,0,0,0
2019-12-19 07:15,118,65,53,0,0,0
2019-12-19 07:30,224,171,53,0,0,0
2019-12-19 07:45,323,171,152,0,0,0
2019-12-19 08:00,393,154,239,0,0,0
2019-12-19 08:15,295,142,153,0,0,0
2019-12-19 08:30,196,122,74,0,0,0
2019-12-19 08:45,259,154,105,0,0,0
2019-12-19 09:00,200,113,87,0,0,0
2019-12-19 09:15,155,83,72,0,0,0
2019-12-19 09:30,202,98,104,0,0,0
2019-12-19 09:45,419,206,213,0,0,0
2019-12-19 10:00,491,303,188,0,0,0
2019-12-19 10:15,162,89,73,0,0,0
2019-12-19 10:30,150,91,59,0,0,0
2019-12-19 10:45,189,110,79,0,0,0
2019-12-19 11:00,192,120,72,0,0,0
2019-12-19 11:15,196,114,82,0,0,0
2019-12-19 11:30,239,159,80,0,0,0
2019-12-19 11:45,411,236,175,0,0,0
2019-12-19 12:00,428,192,236,0,0,0
2019-12-19 12:15,257,143,114,0,0,0
2019-12-19 12:30,234,108,126,0,0,0
2019-12-19 12:45,264,127,137,0,0,0
2019-12-19 13:00,262,130,132,0,0,0
2019-12-19 13:15,279,140,139,0,0,0
2019-12-19 13:30,261,162,99,0,0,0
2019-12-19 13:45,452,235,217,0,0,0
2019-12-19 14:00,444,241,203,0,0,0
2019-12-19 14:15,311,159,152,0,0,0
2019-12-19 14:30,283,126,157,0,0,0
2019-12-19 14:45,257,130,127,0,0,0
2019-12-19 15:00,290,131,159,0,0,0
2019-12-19 15:15,265,141,124,0,0,0
2019-12-19 15:30,300,139,161,0,0,0
2019-12-19 15:45,503,257,246,0,0,0
2019-12-19 16:00,481,245,236,0,0,0
2019-12-19 16:15,370,191,179,0,0,0
2019-12-19 16:30,310,165,145,0,0,0
2019-12-19 16:45,381,184,197,0,0,0
2019-12-19 17:00,286,147,139,0,0,0
2019-12-19 17:15,311,159,152,0,0,0
2019-12-19 17:30,345,185,160,0,0,0
2019-12-19 17:45,452,248,204,0,0,0
2019-12-19 18:00,354,156,198,0,0,0
2019-12-19 18:15,333,167,166,0,0,0
2019-12-19 18:30,268,132,136,0,0,0
2019-12-19 18:45,289,136,153,0,0,0
2019-12-19 19:00,241,115,126,0,0,0
2019-12-19 19:15,256,118,138,0,0,0
2019-12-19 19:30,209,77,132,0,0,0
2019-12-19 19:45,262,86,176,0,0,0
2019-12-19 20:00,231,79,152,0,0,0
2019-12-19 20:15,203,68,135,0,0,0
2019-12-19 20:30,178,55,123,0,0,0
2019-12-19 20:45,168,59,109,0,0,0
2019-12-19 21:00,120,50,70,0,0,0
2019-12-19 21:15,144,66,78,0,0,0
2019-12-19 21:30,106,40,66,0,0,0
2019-12-19 21:45,95,28,67,0,0,0
2019-12-19 22:00,115,36,79,0,0,0
2019-12-19 22:15,125,47,78,0,0,0
2019-12-19 22:30,112,38,74,0,0,0
2019-12-19 22:45,110,36,74,0,0,0
2019-12-19 23:00,104,30,74,0,0,0
2019-12-19 23:15,91,29,62,0,0,0
2019-12-19 23:30,88,35,53,0,0,0
2019-12-19 23:45,71,29,42,0,0,0
2019-12-20 00:00,118,46,72,0,0,0
2019-12-20 00:15,60,12,48,0,0,0
2019-12-20 00:30,71,24,47,0,0,0
2019-12-20 00:45,73,20,53,0,0,0
2019-12-20 01:00,54,22,32,0,0,0
2019-12-20 01:15,55,19,36,0,0,0
2019-12-20 01:30,36,8,28,0,0,0
2019-12-20 01:45,51,10,41,0,0,0
2019-12-20 02:00,48,11,37,0,0,0
2019-12-20 02:15,32,5,27,0,0,0
2019-12-20 02:30,38,11,27,0,0,0
2019-12-20 02:45,23,8,15,0,0,0
2019-12-20 03:00,15,2,13,0,0,0
2019-12-20 03:15,15,3,12,0,0,0
2019-12-20 03:30,22,3,19,0,0,0
2019-12-20 03:45,19,9,10,0,0,0
2019-12-20 04:00,20,3,17,0,0,0
2019-12-20 04:15,14,1,13,0,0,0
2019-12-20 04:30,13,6,7,0,0,0
2019-12-20 04:45,10,6,4,0,0,0
2019-12-20 05:00,14,7,7,0,0,0
2019-12-20 05:15,10,5,5,0,0,0
2019-12-20 05:30,14,10,4,0,0,0
2019-12-20 05:45,25,12,13,0,0,0
2019-12-20 06:00,20,11,9,0,0,0
2019-12-20 06:15,29,19,10,0,0,0
2019-12-20 06:30,38,19,19,0,0,0
2019-12-20 06:45,72,44,28,0,0,0
2019-12-20 07:00,60,40,20,0,0,0
2019-12-20 07:15,108,67,41,0,0,0
2019-12-20 07:30,178,127,51,0,0,0
2019-12-20 07:45,225,111,114,0,0,0
2019-12-20 08:00,249,108,141,0,0,0
2019-12-20 08:15,207,107,100,0,0,0
2019-12-20 08:30,178,110,68,0,0,0
2019-12-20 08:45,198,106,92,0,0,0
2019-12-20 09:00,156,106,50,0,0,0
2019-12-20 09:15,171,93,78,0,0,0
2019-12-20 09:30,168,89,79,0,0,0
2019-12-20 09:45,346,187,159,0,0,0
2019-12-20 10:00,332,197,135,0,0,0
2019-12-20 10:15,182,91,91,0,0,0
2019-12-20 10:30,162,91,71,0,0,0
2019-12-20 10:45,151,81,70,0,0,0
2019-12-20 11:00,171,92,79,0,0,0
2019-12-20 11:15,181,110,71,0,0,0
2019-12-20 11:30,213,121,92,0,0,0
2019-12-20 11:45,289,164,125,0,0,0
2019-12-20 12:00,327,167,160,0,0,0
2019-12-20 12:15,219,109,110,0,0,0
2019-12-20 12:30,232,116,116,0,0,0
2019-12-20 12:45,215,108,107,0,0,0
2019-12-20 13:00,236,102,134,0,0,0
2019-12-20 13:15,215,95,120,0,0,0
2019-12-20 13:30,252,137,115,0,0,0
2019-12-20 13:45,255,139,116,0,0,0
2019-12-20 14:00,278,142,136,0,0,0
2019-12-20 14:15,205,85,120,0,0,0
2019-12-20 14:30,197,93,104,0,0,0
2019-12-20 14:45,229,102,127,0,0,0
2019-12-20 15:00,179,78,101,0,0,0
2019-12-20 15:15,212,117,95,0,0,0
2019-12-20 15:30,197,97,100,0,0,0
2019-12-20 15:45,247,132,115,0,0,0
2019-12-20 16:00,259,138,121,0,0,0
2019-12-20 16:15,195,93,102,0,0,0
2019-12-20 16:30,182,91,91,0,0,0
2019-12-20 16:45,196,112,84,0,0,0
2019-12-20 17:00,205,92,113,0,0,0
2019-12-20 17:15,180,90,90,0,0,0
2019-12-20 17:30,175,86,89,0,0,0
2019-12-20 17:45,193,108,85,0,0,0
2019-12-20 18:00,166,84,82,0,0,0
2019-12-20 18:15,171,90,81,0,0,0
2019-12-20 18:30,153,75,78,0,0,0
2019-12-20 18:45,199,105,94,0,0,0
2019-12-20 19:00,161,83,78,0,0,0
2019-12-20 19:15,162,92,70,0,0,0
2019-12-20 19:30,127,50,77,0,0,0
2019-12-20 19:45,153,67,86,0,0,0
2019-12-20 20:00,153,75,78,0,0,0
2019-12-20 20:15,132,49,83,0,0,0
2019-12-20 20:30,123,34,89,0,0,0
2019-12-20 20:45,97,35,62,0,0,0
2019-12-20 21:00,111,44,67,0,0,0
2019-12-20 21:15,105,28,77,0,0,0
2019-12-20 21:30,74,25,49,0,0,0
2019-12-20 21:45,96,32,64,0,0,0
2019-12-20 22:00,88,36,52,0,0,0
2019-12-20 22:15,87,31,56,0,0,0
2019-12-20 22:30,75,23,52,0,0,0
2019-12-20 22:45,64,18,46,0,0,0
2019-12-20 23:00,64,27,37,0,0,0
2019-12-20 23:15,51,24,27,0,0,0
2019-12-20 23:30,81,37,44,0,0,0
2019-12-20 23:45,68,26,42,0,0,0
2019-12-21 00:00,67,26,41,0,0,0
2019-12-21 00:15,65,22,43,0,0,0
2019-12-21 00:30,72,34,38,0,0,0
2019-12-21 00:45,94,43,51,0,0,0
2019-12-21 01:00,79,15,64,0,0,0
2019-12-21 01:15,58,18,40,0,0,0
2019-12-21 01:30,50,25,25,0,0,0
2019-12-21 01:45,67,13,54,0,0,0
2019-12-21 02:00,37,10,27,0,0,0
2019-12-21 02:15,50,17,33,0,0,0
2019-12-21 02:30,49,18,31,0,0,0
2019-12-21 02:45,36,3,33,0,0,0
2019-12-21 03:00,51,11,40,0,0,0
2019-12-21 03:15,38,13,25,0,0,0
2019-12-21 03:30,18,8,10,0,0,0
2019-12-21 03:45,31,10,21,0,0,0
2019-12-21 04:00,26,3,23,0,0,0
2019-12-21 04:15,30,6,24,0,0,0
2019-12-21 04:30,20,5,15,0,0,0
2019-12-21 04:45,20,3,17,0,0,0
2019-12-21 05:00,14,1,13,0,0,0
2019-12-21 05:15,12,1,11,0,0,0
2019-12-21 05:30,19,9,10,0,0,0
2019-12-21 05:45,19,8,11,0,0,0
2019-12-21 06:00,6,2,4,0,0,0
2019-12-21 06:15,10,4,6,0,0,0
2019-12-21 06:30,6,4,2,0,0,0
2019-12-21 06:45,20,11,9,0,0,0
2019-12-21 07:00,8,2,6,0,0,0
2019-12-21 07:15,12,8,4,0,0,0
2019-12-21 07:30,20,16,4,0,0,0
2019-12-21 07:45,31,22,9,0,0,0
2019-12-21 08:00,30,16,14,0,0,0
2019-12-21 08:15,32,23,9,0,0,0
2019-12-21 08:30,35,19,16,0,0,0
2019-12-21 08:45,48,31,17,0,0,0
2019-12-21 09:00,62,49,13,0,0,0
2019-12-21 09:15,65,45,20,0,0,0
2019-12-21 09:30,62,43,19,0,0,0
2019-12-21 09:45,96,76,20,0,0,0
2019-12-21 10:00,87,67,20,0,0,0
2019-12-21 10:15,79,56,23,0,0,0
2019-12-21 10:30,109,78,31,0,0,0
2019-12-21 10:45,129,78,51,0,0,0
2019-12-21 11:00,117,75,42,0,0,0
2019-12-21 11:15,129,87,42,0,0,0
2019-12-21 11:30,122,73,49,0,0,0
2019-12-21 11:45,153,92,61,0,0,0
2019-12-21 12:00,135,82,53,0,0,0
2019-12-21 12:15,182,106,76,0,0,0
2019-12-21 12:30,125,71,54,0,0,0
2019-12-21 12:45,197,115,82,0,0,0
2019-12-21 13:00,150,88,62,0,0,0
2019-12-21 13:15,142,86,56,0,0,0
2019-12-21 13:30,158,93,65,0,0,0
2019-12-21 13:45,183,89,94,0,0,0
2019-12-21 14:00,117,53,64,0,0,0
2019-12-21 14:15,148,79,69,0,0,0
2019-12-21 14:30,113,59,54,0,0,0
2019-12-21 14:45,142,57,85,0,0,0
2019-12-21 15:00,135,60,75,0,0,0
2019-12-21 15:15,134,70,64,0,0,0
2019-12-21 15:30,136,64,72,0,0,0
2019-12-21 15:45,136,74,62,0,0,0
2019-12-21 16:00,124,49,75,0,0,0
2019-12-21 16:15,154,76,78,0,0,0
2019-12-21 16:30,140,66,74,0,0,0
2019-12-21 16:45,127,63,64,0,0,0
2019-12-21 17:00,94,40,54,0,0,0
2019-12-21 17:15,108,43,65,0,0,0
2019-12-21 17:30,111,51,60,0,0,0
2019-12-21 17:45,138,74,64,0,0,0
2019-12-21 18:00,125,53,72,0,0,0
2019-12-21 18:15,120,54,66,0,0,0
2019-12-21 18:30,106,46,60,0,0,0
2019-12-21 18:45,112,69,43,0,0,0
2019-12-21 19:00,111,52,59,0,0,0
2019-12-21 19:15,112,31,81,0,0,0
2019-12-21 19:30,99,38,61,0,0,0
2019-12-21 19:45,93,36,57,0,0,0
2019-12-21 20:00,79,26,53,0,0,0
2019-12-21 20:15,68,28,40,0,0,0
2019-12-21 20:30,79,33,46,0,0,0
2019-12-21 20:45,62,28,34,0,0,0
2019-12-21 21:00,69,26,43,0,0,0
2019-12-21 21:15,63,15,48,0,0,0
2019-12-21 21:30,63,19,44,0,0,0
2019-12-21 21:45,56,18,38,0,0,0
2019-12-21 22:00,79,17,62,0,0,0
2019-12-21 22:15,75,30,45,0,0,0
2019-12-21 22:30,50,21,29,0,0,0
2019-12-21 22:45,33,14,19,0,0,0
2019-12-21 23:00,53,25,28,0,0,0
2019-12-21 23:15,41,12,29,0,0,0
2019-12-21 23:30,59,13,46,0,0,0
2019-12-21 23:45,35,13,22,0,0,0
2019-12-22 00:00,73,20,53,0,0,0
2019-12-22 00:15,31,7,24,0,0,0
2019-12-22 00:30,32,6,26,0,0,0
2019-12-22 00:45,31,10,21,0,0,0
2019-12-22 01:00,49,8,41,0,0,0
2019-12-22 01:15,32,16,16,0,0,0
2019-12-22 01:30,51,10,41,0,0,0
2019-12-22 01:45,16,6,10,0,0,0
2019-12-22 02:00,48,7,41,0,0,0
2019-12-22 02:15,32,8,24,0,0,0
2019-12-22 02:30,18,5,13,0,0,0
2019-12-22 02:45,35,4,31,0,0,0
2019-12-22 03:00,25,5,20,0,0,0
2019-12-22 03:15,24,6,18,0,0,0
2019-12-22 03:30,39,4,35,0,0,0
2019-12-22 03:45,15,4,11,0,0,0
2019-12-22 04:00,4,1,3,0,0,0
2019-12-22 04:15,9,4,5,0,0,0
2019-12-22 04:30,16,2,14,0,0,0
2019-12-22 04:45,5,1,4,0,0,0
2019-12-22 05:00,10,0,10,0,0,0
2019-12-22 05:15,9,1,8,0,0,0
2019-12-22 05:30,11,8,3,0,0,0
2019-12-22 05:45,5,1,4,0,0,0
2019-12-22 06:00,7,4,3,0,0,0
2019-12-22 06:15,9,3,6,0,0,0
2019-12-22 06:30,9,6,3,0,0,0
2019-12-22 06:45,10,6,4,0,0,0
2019-12-22 07:00,6,2,4,0,0,0
2019-12-22 07:15,1,0,1,0,0,0
2019-12-22 07:30,6,4,2,0,0,0
2019-12-22 07:45,7,4,3,0,0,0
2019-12-22 08:00,7,6,1,0,0,0
2019-12-22 08:15,10,8,2,0,0,0
2019-12-22 08:30,12,9,3,0,0,0
2019-12-22 08:45,18,9,9,0,0,0
2019-12-22 09:00,18,8,10,0,0,0
2019-12-22 09:15,21,15,6,0,0,0
2019-12-22 09:30,34,26,8,0,0,0
2019-12-22 09:45,53,42,11,0,0,0
2019-12-22 10:00,27,22,5,0,0,0
2019-12-22 10:15,40,24,16,0,0,0
2019-12-22 10:30,37,22,15,0,0,0
2019-12-22 10:45,38,24,14,0,0,0
2019-12-22 11:00,42,24,18,0,0,0
2019-12-22 11:15,42,27,15,0,0,0
2019-12-22 11:30,40,22,18,0,0,0
2019-12-22 11:45,62,47,15,0,0,0
2019-12-22 12:00,52,37,15,0,0,0
2019-12-22 12:15,51,34,17,0,0,0
2019-12-22 12:30,49,36,13,0,0,0
2019-12-22 12:45,73,44,29,0,0,0
2019-12-22 13:00,62,28,34,0,0,0
2019-12-22 13:15,54,26,28,0,0,0
2019-12-22 13:30,45,20,25,0,0,0
2019-12-22 13:45,58,26,32,0,0,0
2019-12-22 14:00,45,24,21,0,0,0
2019-12-22 14:15,62,34,28,0,0,0
2019-12-22 14:30,54,27,27,0,0,0
2019-12-22 14:45,61,32,29,0,0,0
2019-12-22 15:00,51,32,19,0,0,0
2019-12-22 15:15,65,28,37,0,0,0
2019-12-22 15:30,60,32,28,0,0,0
2019-12-22 15:45,62,28,34,0,0,0
2019-12-22 16:00,68,33,35,0,0,0
2019-12-22 16:15,46,31,15,0,0,0
2019-12-22 16:30,52,24,28,0,0,0
2019-12-22 16:45,67,30,37,0,0,0
2019-12-22 17:00,42,21,21,0,0,0
2019-12-22 17:15,68,35,33,0,0,0
2019-12-22 17:30,62,27,35,0,0,0
2019-12-22 17:45,86,50,36,0,0,0
2019-12-22 18:00,62,27,35,0,0,0
2019-12-22 18:15,46,18,28,0,0,0
2019-12-22 18:30,61,23,38,0,0,0
2019-12-22 18:45,54,27,27,0,0,0
2019-12-22 19:00,36,18,18,0,0,0
2019-12-22 19:15,22,11,11,0,0,0
2019-12-22 19:30,48,14,34,0,0,0
2019-12-22 19:45,54,13,41,0,0,0
2019-12-22 20:00,38,14,24,0,0,0
2019-12-22 20:15,44,13,31,0,0,0
2019-12-22 20:30,32,8,24,0,0,0
2019-12-22 20:45,38,13,25,0,0,0
2019-12-22 21:00,29,11,18,0,0,0
2019-12-22 21:15,38,11,27,0,0,0
2019-12-22 21:30,31,9,22,0,0,0
2019-12-22 21:45,26,8,18,0,0,0
2019-12-22 22:00,29,6,23,0,0,0
2019-12-22 22:15,26,11,15,0,0,0
2019-12-22 22:30,14,7,7,0,0,0
2019-12-22 22:45,33,11,22,0,0,0
2019-12-22 23:00,18,4,14,0,0,0
2019-12-22 23:15,25,7,18,0,0,0
2019-12-22 23:30,12,4,8,0,0,0
2019-12-22 23:45,13,4,9,0,0,0
2019-12-23 00:00,13,4,9,0,0,0
2019-12-23 00:15,16,0,16,0,0,0
2019-12-23 00:30,13,5,8,0,0,0
2019-12-23 00:45,16,5,11,0,0,0
2019-12-23 01:00,13,2,11,0,0,0
2019-12-23 01:15,11,1,10,0,0,0
2019-12-23 01:30,7,1,6,0,0,0
2019-12-23 01:45,14,0,14,0,0,0
2019-12-23 02:00,10,1,9,0,0,0
2019-12-23 02:15,6,2,4,0,0,0
2019-12-23 02:30,1,0,1,0,0,0
2019-12-23 02:45,3,1,2,0,0,0
2019-12-23 03:00,1,0,1,0,0,0
2019-12-23 03:15,2,0,2,0,0,0
2019-12-23 03:30,6,0,6,0,0,0
2019-12-23 03:45,3,1,2,0,0,0
2019-12-23 04:00,6,1,5,0,0,0
2019-12-23 04:15,5,5,0,0,0,0
2019-12-23 04:30,4,1,3,0,0,0
2019-12-23 04:45,1,1,0,0,0,0
2019-12-23 05:00,2,1,1,0,0,0
2019-12-23 05:15,9,4,5,0,0,0
2019-12-23 05:30,10,6,4,0,0,0
2019-12-23 05:45,10,7,3,0,0,0
2019-12-23 06:00,12,7,5,0,0,0
2019-12-23 06:15,8,6,2,0,0,0
2019-12-23 06:30,18,14,4,0,0,0
2019-12-23 06:45,21,17,4,0,0,0
2019-12-23 07:00,15,11,4,0,0,0
2019-12-23 07:15,26,15,11,0,0,0
2019-12-23 07:30,39,30,9,0,0,0
2019-12-23 07:45,63,30,33,0,0,0
2019-12-23 08:00,28,15,13,0,0,0
2019-12-23 08:15,48,28,20,0,0,0
2019-12-23 08:30,44,29,15,0,0,0
2019-12-23 08:45,37,18,19,0,0,0
2019-12-23 09:00,38,27,11,0,0,0
2019-12-23 09:15,72,51,21,0,0,0
2019-12-23 09:30,70,46,24,0,0,0
2019-12-23 09:45,87,68,19,0,0,0
2019-12-23 10:00,74,55,19,0,0,0
2019-12-23 10:15,57,44,13,0,0,0
2019-12-23 10:30,76,52,24,0,0,0
2019-12-23 10:45,103,62,41,0,0,0
2019-12-23 11:00,78,43,35,0,0,0
2019-12-23 11:15,94,57,37,0,0,0
2019-12-23 11:30,91,60,31,0,0,0
2019-12-23 11:45,88,60,28,0,0,0
2019-12-23 12:00,93,49,44,0,0,0
2019-12-23 12:15,104,55,49,0,0,0
2019-12-23 12:30,80,39,41,0,0,0
2019-12-23 12:45,110,56,54,0,0,0
2019-12-23 13:00,94,52,42,0,0,0
2019-12-23 13:15,96,47,49,0,0,0
2019-12-23 13:30,89,41,48,0,0,0
2019-12-23 13:45,114,66,48,0,0,0
2019-12-23 14:00,100,45,55,0,0,0
2019-12-23 14:15,82,41,41,0,0,0
2019-12-23 14:30,115,58,57,0,0,0
2019-12-23 14:45,126,63,63,0,0,0
2019-12-23 15:00,102,46,56,0,0,0
2019-12-23 15:15,103,59,44,0,0,0
2019-12-23 15:30,130,49,81,0,0,0
2019-12-23 15:45,116,47,69,0,0,0
2019-12-23 16:00,100,46,54,0,0,0
2019-12-23 16:15,90,40,50,0,0,0
2019-12-23 16:30,91,38,53,0,0,0
2019-12-23 16:45,106,50,56,0,0,0
2019-12-23 17:00,99,44,55,0,0,0
2019-12-23 17:15,84,31,53,0,0,0
2019-12-23 17:30,91,32,59,0,0,0
2019-12-23 17:45,87,48,39,0,0,0
2019-12-23 18:00,87,33,54,0,0,0
2019-12-23 18:15,86,46,40,0,0,0
2019-12-23 18:30,89,32,57,0,0,0
2019-12-23 18:45,89,30,59,0,0,0
2019-12-23 19:00,59,25,34,0,0,0
2019-12-23 19:15,77,28,49,0,0,0
2019-12-23 19:30,62,26,36,0,0,0
2019-12-23 19:45,46,15,31,0,0,0
2019-12-23 20:00,67,44,23,0,0,0
2019-12-23 20:15,59,22,37,0,0,0
2019-12-23 20:30,54,21,33,0,0,0
2019-12-23 20:45,46,19,27,0,0,0
2019-12-23 21:00,40,16,24,0,0,0
2019-12-23 21:15,33,12,21,0,0,0
2019-12-23 21:30,30,11,19,0,0,0
2019-12-23 21:45,17,8,9,0,0,0
2019-12-23 22:00,29,10,19,0,0,0
2019-12-23 22:15,25,11,14,0,0,0
2019-12-23 22:30,27,9,18,0,0,0
2019-12-23 22:45,31,11,20,0,0,0
2019-12-23 23:00,19,8,11,0,0,0
2019-12-23 23:15,18,8,10,0,0,0
2019-12-23 23:30,29,7,22,0,0,0
2019-12-23 23:45,29,7,22,0,0,0
2019-12-24 00:00,22,9,13,0,0,0
2019-12-24 00:15,23,5,18,0,0,0
2019-12-24 00:30,38,15,23,0,0,0
2019-12-24 00:45,24,3,21,0,0,0
2019-12-24 01:00,26,5,21,0,0,0
2019-12-24 01:15,16,2,14,0,0,0
2019-12-24 01:30,33,17,16,0,0,0
2019-12-24 01:45,20,2,18,0,0,0
2019-12-24 02:00,20,1,19,0,0,0
2019-12-24 02:15,23,5,18,0,0,0
2019-12-24 02:30,19,3,16,0,0,0
2019-12-24 02:45,15,2,13,0,0,0
2019-12-24 03:00,16,1,15,0,0,0
2019-12-24 03:15,14,0,14,0,0,0
2019-12-24 03:30,14,1,13,0,0,0
2019-12-24 03:45,2,0,2,0,0,0
2019-12-24 04:00,7,3,4,0,0,0
2019-12-24 04:15,1,1,0,0,0,0
2019-12-24 04:30,4,1,3,0,0,0
2019-12-24 04:45,7,4,3,0,0,0
2019-12-24 05:00,2,0,2,0,0,0
2019-12-24 05:15,2,2,0,0,0,0
2019-12-24 05:30,12,6,6,0,0,0
2019-12-24 05:45,11,5,6,0,0,0
2019-12-24 06:00,6,3,3,0,0,0
2019-12-24 06:15,8,4,4,0,0,0
2019-12-24 06:30,5,3,2,0,0,0
2019-12-24 06:45,15,13,2,0,0,0
2019-12-24 07:00,7,6,1,0,0,0
2019-12-24 07:15,10,6,4,0,0,0
2019-12-24 07:30,29,18,11,0,0,0
2019-12-24 07:45,18,9,9,0,0,0
2019-12-24 08:00,20,14,6,0,0,0
2019-12-24 08:15,23,19,4,0,0,0
2019-12-24 08:30,24,13,11,0,0,0
2019-12-24 08:45,29,19,10,0,0,0
2019-12-24 09:00,42,23,19,0,0,0
2019-12-24 09:15,36,22,14,0,0,0
2019-12-24 09:30,23,18,5,0,0,0
2019-12-24 09:45,32,25,7,0,0,0
2019-12-24 10:00,35,24,11,0,0,0
2019-12-24 10:15,39,19,20,0,0,0
2019-12-24 10:30,42,31,11,0,0,0
2019-12-24 10:45,41,18,23,0,0,0
2019-12-24 11:00,38,13,25,0,0,0
2019-12-24 11:15,37,12,25,0,0,0
2019-12-24 11:30,28,12,16,0,0,0
2019-12-24 11:45,23,9,14,0,0,0
2019-12-24 12:00,28,11,17,0,0,0
2019-12-24 12:15,30,10,20,0,0,0
2019-12-24 12:30,35,14,21,0,0,0
2019-12-24 12:45,24,11,13,0,0,0
2019-12-24 13:00,21,8,13,0,0,0
2019-12-24 13:15,25,10,15,0,0,0
2019-12-24 13:30,14,5,9,0,0,0
2019-12-24 13:45,24,9,15,0,0,0
2019-12-24 14:00,23,12,11,0,0,0
2019-12-24 14:15,33,11,22,0,0,0
2019-12-24 14:30,20,13,7,0,0,0
2019-12-24 14:45,33,18,15,0,0,0
2019-12-24 15:00,24,11,13,0,0,0
2019-12-24 15:15,18,11,7,0,0,0
2019-12-24 15:30,28,22,6,0,0,0
2019-12-24 15:45,11,8,3,0,0,0
2019-12-24 16:00,25,11,14,0,0,0
2019-12-24 16:15,26,15,11,0,0,0
2019-12-24 16:30,15,6,9,0,0,0
2019-12-24 16:45,28,18,10,0,0,0
2019-12-24 17:00,13,7,6,0,0,0
2019-12-24 17:15,15,12,3,0,0,0
2019-12-24 17:30,12,4,8,0,0,0
2019-12-24 17:45,23,12,11,0,0,0
2019-12-24 18:00,4,4,0,0,0,0
2019-12-24 18:15,12,2,10,0,0,0
2019-12-24 18:30,23,14,9,0,0,0
2019-12-24 18:45,18,5,13,0,0,0
2019-12-24 19:00,8,1,7,0,0,0
2019-12-24 19:15,11,1,10,0,0,0
2019-12-24 19:30,7,3,4,0,0,0
2019-12-24 19:45,7,3,4,0,0,0
2019-12-24 20:00,3,0,3,0,0,0
2019-12-24 20:15,8,5,3,0,0,0
2019-12-24 20:30,7,1,6,0,0,0
2019-12-24 20:45,4,1,3,0,0,0
2019-12-24 21:00,7,5,2,0,0,0
2019-12-24 21:15,2,1,1,0,0,0
2019-12-24 21:30,5,1,4,0,0,0
2019-12-24 21:45,10,6,4,0,0,0
2019-12-24 22:00,11,5,6,0,0,0
2019-12-24 22:15,9,4,5,0,0,0
2019-12-24 22:30,9,8,1,0,0,0
2019-12-24 22:45,8,6,2,0,0,0
2019-12-24 23:00,8,4,4,0,0,0
2019-12-24 23:15,10,7,3,0,0,0
2019-12-24 23:30,17,12,5,0,0,0
2019-12-24 23:45,9,7,2,0,0,0
2019-12-25 00:00,7,6,1,0,0,0
2019-12-25 00:15,7,3,4,0,0,0
2019-12-25 00:30,12,5,7,0,0,0
2019-12-25 00:45,11,5,6,0,0,0
2019-12-25 01:00,5,2,3,0,0,0
2019-12-25 01:15,3,1,2,0,0,0
2019-12-25 01:30,4,2,2,0,0,0
2019-12-25 01:45,3,1,2,0,0,0
2019-12-25 02:00,3,3,0,0,0,0
2019-12-25 02:15,7,1,6,0,0,0
2019-12-25 02:30,4,2,2,0,0,0
2019-12-25 02:45,4,3,1,0,0,0
2019-12-25 03:00,1,0,1,0,0,0
2019-12-25 03:15,3,0,3,0,0,0
2019-12-25 03:30,4,0,4,0,0,0
2019-12-25 03:45,1,1,0,0,0,0
2019-12-25 04:00,0,0,0,0,0,0
2019-12-25 04:15,2,0,2,0,0,0
2019-12-25 04:30,1,1,0,0,0,0
2019-12-25 04:45,3,1,2,0,0,0
2019-12-25 05:00,3,0,3,0,0,0
2019-12-25 05:15,3,0,3,0,0,0
2019-12-25 05:30,4,3,1,0,0,0
2019-12-25 05:45,2,1,1,0,0,0
2019-12-25 06:00,4,3,1,0,0,0
2019-12-25 06:15,5,0,5,0,0,0
2019-12-25 06:30,2,2,0,0,0,0
2019-12-25 06:45,5,2,3,0,0,0
2019-12-25 07:00,4,3,1,0,0,0
2019-12-25 07:15,2,1,1,0,0,0
2019-12-25 07:30,3,3,0,0,0,0
2019-12-25 07:45,2,2,0,0,0,0
2019-12-25 08:00,0,0,0,0,0,0
2019-12-25 08:15,5,4,1,0,0,0
2019-12-25 08:30,4,4,0,0,0,0
2019-12-25 08:45,6,1,5,0,0,0
2019-12-25 09:00,3,2,1,0,0,0
2019-12-25 09:15,5,4,1,0,0,0
2019-12-25 09:30,11,5,6,0,0,0
2019-12-25 09:45,7,5,2,0,0,0
2019-12-25 10:00,11,7,4,0,0,0
2019-12-25 10:15,8,2,6,0,0,0
2019-12-25 10:30,11,8,3,0,0,0
2019-12-25 10:45,18,9,9,0,0,0
2019-12-25 11:00,14,10,4,0,0,0
2019-12-25 11:15,12,5,7,0,0,0
2019-12-25 11:30,11,5,6,0,0,0
2019-12-25 11:45,23,6,17,0,0,0
2019-12-25 12:00,17,11,6,0,0,0
2019-12-25 12:15,25,13,12,0,0,0
2019-12-25 12:30,18,11,7,0,0,0
2019-12-25 12:45,15,9,6,0,0,0
2019-12-25 13:00,13,8,5,0,0,0
2019-12-25 13:15,19,9,10,0,0,0
2019-12-25 13:30,24,13,11,0,0,0
2019-12-25 13:45,22,15,7,0,0,0
2019-12-25 14:00,9,4,5,0,0,0
2019-12-25 14:15,25,9,16,0,0,0
2019-12-25 14:30,27,16,11,0,0,0
2019-12-25 14:45,27,14,13,0,0,0
2019-12-25 15:00,18,7,11,0,0,0
2019-12-25 15:15,17,5,12,0,0,0
2019-12-25 15:30,25,11,14,0,0,0
2019-12-25 15:45,26,18,8,0,0,0
2019-12-25 16:00,18,7,11,0,0,0
2019-12-25 16:15,23,15,8,0,0,0
2019-12-25 16:30,16,7,9,0,0,0
2019-12-25 16:45,17,10,7,0,0,0
2019-12-25 17:00,27,18,9,0,0,0
2019-12-25 17:15,18,10,8,0,0,0
2019-12-25 17:30,14,7,7,0,0,0
2019-12-25 17:45,14,7,7,0,0,0
2019-12-25 18:00,17,7,10,0,0,0
2019-12-25 18:15,10,6,4,0,0,0
2019-12-25 18:30,31,11,20,0,0,0
2019-12-25 18:45,22,7,15,0,0,0
2019-12-25 19:00,20,11,9,0,0,0
2019-12-25 19:15,15,6,9,0,0,0
2019-12-25 19:30,9,4,5,0,0,0
2019-12-25 19:45,19,12,7,0,0,0
2019-12-25 20:00,13,6,7,0,0,0
2019-12-25 20:15,11,6,5,0,0,0
2019-12-25 20:30,22,13,9,0,0,0
2019-12-25 20:45,12,7,5,0,0,0
2019-12-25 21:00,13,7,6,0,0,0
2019-12-25 21:15,9,3,6,0,0,0
2019-12-25 21:30,19,4,15,0,0,0
2019-12-25 21:45,9,8,1,0,0,0
2019-12-25 22:00,15,9,6,0,0,0
2019-12-25 22:15,24,5,19,0,0,0
2019-12-25 22:30,12,9,3,0,0,0
2019-12-25 22:45,10,7,3,0,0,0
2019-12-25 23:00,9,2,7,0,0,0
2019-12-25 23:15,13,10,3,0,0,0
2019-12-25 23:30,12,9,3,0,0,0
2019-12-25 23:45,16,4,12,0,0,0
2019-12-26 00:00,11,7,4,0,0,0
2019-12-26 00:15,5,4,1,0,0,0
2019-12-26 00:30,10,1,9,0,0,0
2019-12-26 00:45,5,4,1,0,0,0
2019-12-26 01:00,11,3,8,0,0,0
2019-12-26 01:15,5,3,2,0,0,0
2019-12-26 01:30,11,5,6,0,0,0
2019-12-26 01:45,11,7,4,0,0,0
2019-12-26 02:00,1,0,1,0,0,0
2019-12-26 02:15,10,3,7,0,0,0
2019-12-26 02:30,2,0,2,0,0,0
2019-12-26 02:45,2,1,1,0,0,0
2019-12-26 03:00,1,0,1,0,0,0
2019-12-26 03:15,3,1,2,0,0,0
2019-12-26 03:30,0,0,0,0,0,0
2019-12-26 03:45,1,0,1,0,0,0
2019-12-26 04:00,9,3,6,0,0,0
2019-12-26 04:15,1,0,1,0,0,0
2019-12-26 04:30,2,0,2,0,0,0
2019-12-26 04:45,1,0,1,0,0,0
2019-12-26 05:00,0,0,0,0,0,0
2019-12-26 05:15,0,0,0,0,0,0
2019-12-26 05:30,4,3,1,0,0,0
2019-12-26 05:45,6,2,4,0,0,0
2019-12-26 06:00,4,1,3,0,0,0
2019-12-26 06:15,4,2,2,0,0,0
2019-12-26 06:30,3,3,0,0,0,0
2019-12-26 06:45,9,3,6,0,0,0
2019-12-26 07:00,3,1,2,0,0,0
2019-12-26 07:15,3,2,1,0,0,0
2019-12-26 07:30,1,0,1,0,0,0
2019-12-26 07:45,2,1,1,0,0,0
2019-12-26 08:00,4,2,2,0,0,0
2019-12-26 08:15,5,3,2,0,0,0
2019-12-26 08:30,5,3,2,0,0,0
2019-12-26 08:45,10,6,4,0,0,0
2019-12-26 09:00,19,9,10,0,0,0
2019-12-26 09:15,29,21,8,0,0,0
2019-12-26 09:30,14,9,5,0,0,0
2019-12-26 09:45,23,20,3,0,0,0
2019-12-26 10:00,30,17,13,0,0,0
2019-12-26 10:15,10,6,4,0,0,0
2019-12-26 10:30,25,19,6,0,0,0
2019-12-26 10:45,25,14,11,0,0,0
2019-12-26 11:00,25,13,12,0,0,0
2019-12-26 11:15,31,12,19,0,0,0
2019-12-26 11:30,24,13,11,0,0,0
2019-12-26 11:45,9,4,5,0,0,0
2019-12-26 12:00,23,16,7,0,0,0
2019-12-26 12:15,24,13,11,0,0,0
2019-12-26 12:30,27,13,14,0,0,0
2019-12-26 12:45,22,16,6,0,0,0
2019-12-26 13:00,27,12,15,0,0,0
2019-12-26 13:15,27,13,14,0,0,0
2019-12-26 13:30,22,9,13,0,0,0
2019-12-26 13:45,33,13,20,0,0,0
2019-12-26 14:00,28,13,15,0,0,0
2019-12-26 14:15,33,16,17,0,0,0
2019-12-26 14:30,45,24,21,0,0,0
2019-12-26 14:45,41,18,23,0,0,0
2019-12-26 15:00,29,10,19,0,0,0
2019-12-26 15:15,33,18,15,0,0,0
2019-12-26 15:30,39,20,19,0,0,0
2019-12-26 15:45,22,9,13,0,0,0
2019-12-26 16:00,39,30,9,0,0,0
2019-12-26 16:15,30,16,14,0,0,0
2019-12-26 16:30,41,16,25,0,0,0
2019-12-26 16:45,26,14,12,0,0,0
2019-12-26 17:00,33,19,14,0,0,0
2019-12-26 17:15,30,13,17,0,0,0
2019-12-26 17:30,41,14,27,0,0,0
2019-12-26 17:45,49,18,31,0,0,0
2019-12-26 18:00,25,8,17,0,0,0
2019-12-26 18:15,21,10,11,0,0,0
2019-12-26 18:30,23,13,10,0,0,0
2019-12-26 18:45,17,8,9,0,0,0
2019-12-26 19:00,32,17,15,0,0,0
2019-12-26 19:15,13,8,5,0,0,0
2019-12-26 19:30,20,9,11,0,0,0
2019-12-26 19:45,19,11,8,0,0,0
2019-12-26 20:00,24,12,12,0,0,0
2019-12-26 20:15,30,19,11,0,0,0
2019-12-26 20:30,20,7,13,0,0,0
2019-12-26 20:45,21,11,10,0,0,0
2019-12-26 21:00,30,13,17,0,0,0
2019-12-26 21:15,32,16,16,0,0,0
2019-12-26 21:30,19,10,9,0,0,0
2019-12-26 21:45,23,12,11,0,0,0
2019-12-26 22:00,19,9,10,0,0,0
2019-12-26 22:15,15,8,7,0,0,0
2019-12-26 22:30,22,13,9,0,0,0
2019-12-26 22:45,20,15,5,0,0,0
2019-12-26 23:00,10,5,5,0,0,0
2019-12-26 23:15,21,2,19,0,0,0
2019-12-26 23:30,8,2,6,0,0,0
2019-12-26 23:45,7,1,6,0,0,0
2019-12-27 00:00,3,1,2,0,0,0
2019-12-27 00:15,21,10,11,0,0,0
2019-12-27 00:30,17,10,7,0,0,0
2019-12-27 00:45,11,6,5,0,0,0
2019-12-27 01:00,13,7,6,0,0,0
2019-12-27 01:15,10,1,9,0,0,0
2019-12-27 01:30,12,3,9,0,0,0
2019-12-27 01:45,10,3,7,0,0,0
2019-12-27 02:00,4,1,3,0,0,0
2019-12-27 02:15,5,3,2,0,0,0
2019-12-27 02:30,6,2,4,0,0,0
2019-12-27 02:45,2,1,1,0,0,0
2019-12-27 03:00,9,2,7,0,0,0
2019-12-27 03:15,11,0,11,0,0,0
2019-12-27 03:30,10,3,7,0,0,0
2019-12-27 03:45,9,4,5,0,0,0
2019-12-27 04:00,5,0,5,0,0,0
2019-12-27 04:15,2,1,1,0,0,0
2019-12-27 04:30,2,1,1,0,0,0
2019-12-27 04:45,6,2,4,0,0,0
2019-12-27 05:00,1,1,0,0,0,0
2019-12-27 05:15,3,2,1,0,0,0
2019-12-27 05:30,7,5,2,0,0,0
2019-12-27 05:45,6,3,3,0,0,0
2019-12-27 06:00,13,4,9,0,0,0
2019-12-27 06:15,7,5,2,0,0,0
2019-12-27 06:30,18,13,5,0,0,0
2019-12-27 06:45,20,15,5,0,0,0
2019-12-27 07:00,20,17,3,0,0,0
2019-12-27 07:15,24,17,7,0,0,0
2019-12-27 07:30,37,21,16,0,0,0
2019-12-27 07:45,42,20,22,0,0,0
2019-12-27 08:00,28,17,11,0,0,0
2019-12-27 08:15,39,29,10,0,0,0
2019-12-27 08:30,40,24,16,0,0,0
2019-12-27 08:45,34,22,12,0,0,0
2019-12-27 09:00,41,27,14,0,0,0
2019-12-27 09:15,35,32,3,0,0,0
2019-12-27 09:30,40,30,10,0,0,0
2019-12-27 09:45,58,41,17,0,0,0
2019-12-27 10:00,39,30,9,0,0,0
2019-12-27 10:15,32,29,3,0,0,0
2019-12-27 10:30,50,33,17,0,0,0
2019-12-27 10:45,57,36,21,0,0,0
2019-12-27 11:00,51,37,14,0,0,0
2019-12-27 11:15,75,47,28,0,0,0
2019-12-27 11:30,58,40,18,0,0,0
2019-12-27 11:45,67,41,26,0,0,0
2019-12-27 12:00,60,32,28,0,0,0
2019-12-27 12:15,86,58,28,0,0,0
2019-12-27 12:30,80,50,30,0,0,0
2019-12-27 12:45,86,42,44,0,0,0
2019-12-27 13:00,88,50,38,0,0,0
2019-12-27 13:15,99,67,32,0,0,0
2019-12-27 13:30,90,53,37,0,0,0
2019-12-27 13:45,95,56,39,0,0,0
2019-12-27 14:00,85,36,49,0,0,0
2019-12-27 14:15,74,46,28,0,0,0
2019-12-27 14:30,96,53,43,0,0,0
2019-12-27 14:45,113,68,45,0,0,0
2019-12-27 15:00,89,48,41,0,0,0
2019-12-27 15:15,96,59,37,0,0,0
2019-12-27 15:30,107,58,49,0,0,0
2019-12-27 15:45,105,50,55,0,0,0
2019-12-27 16:00,78,36,42,0,0,0
2019-12-27 16:15,85,39,46,0,0,0
2019-12-27 16:30,86,41,45,0,0,0
2019-12-27 16:45,97,51,46,0,0,0
2019-12-27 17:00,62,24,38,0,0,0
2019-12-27 17:15,80,33,47,0,0,0
2019-12-27 17:30,81,29,52,0,0,0
2019-12-27 17:45,91,33,58,0,0,0
2019-12-27 18:00,73,31,42,0,0,0
2019-12-27 18:15,73,34,39,0,0,0
2019-12-27 18:30,71,34,37,0,0,0
2019-12-27 18:45,63,36,27,0,0,0
2019-12-27 19:00,75,33,42,0,0,0
2019-12-27 19:15,53,24,29,0,0,0
2019-12-27 19:30,56,28,28,0,0,0
2019-12-27 19:45,64,36,28,0,0,0
2019-12-27 20:00,47,21,26,0,0,0
2019-12-27 20:15,49,22,27,0,0,0
2019-12-27 20:30,40,23,17,0,0,0
2019-12-27 20:45,36,22,14,0,0,0
2019-12-27 21:00,26,14,12,0,0,0
2019-12-27 21:15,39,17,22,0,0,0
2019-12-27 21:30,25,8,17,0,0,0
2019-12-27 21:45,44,18,26,0,0,0
2019-12-27 22:00,38,18,20,0,0,0
2019-12-27 22:15,30,15,15,0,0,0
2019-12-27 22:30,33,8,25,0,0,0
2019-12-27 22:45,24,9,15,0,0,0
2019-12-27 23:00,36,17,19,0,0,0
2019-12-27 23:15,13,7,6,0,0,0
2019-12-27 23:30,15,5,10,0,0,0
2019-12-27 23:45,31,8,23,0,0,0
2019-12-28 00:00,25,9,16,0,0,0
2019-12-28 00:15,23,9,14,0,0,0
2019-12-28 00:30,23,7,16,0,0,0
2019-12-28 00:45,17,10,7,0,0,0
2019-12-28 01:00,27,14,13,0,0,0
2019-12-28 01:15,20,5,15,0,0,0
2019-12-28 01:30,16,4,12,0,0,0
2019-12-28 01:45,22,5,17,0,0,0
2019-12-28 02:00,12,4,8,0,0,0
2019-12-28 02:15,10,3,7,0,0,0
2019-12-28 02:30,3,2,1,0,0,0
2019-12-28 02:45,22,2,20,0,0,0
2019-12-28 03:00,18,1,17,0,0,0
2019-12-28 03:15,12,0,12,0,0,0
2019-12-28 03:30,12,1,11,0,0,0
2019-12-28 03:45,4,1,3,0,0,0
2019-12-28 04:00,8,1,7,0,0,0
2019-12-28 04:15,10,2,8,0,0,0
2019-12-28 04:30,6,1,5,0,0,0
2019-12-28 04:45,11,6,5,0,0,0
2019-12-28 05:00,3,0,3,0,0,0
2019-12-28 05:15,6,4,2,0,0,0
2019-12-28 05:30,5,4,1,0,0,0
2019-12-28 05:45,10,6,4,0,0,0
2019-12-28 06:00,3,2,1,0,0,0
2019-12-28 06:15,4,3,1,0,0,0
2019-12-28 06:30,6,2,4,0,0,0
2019-12-28 06:45,7,5,2,0,0,0
2019-12-28 07:00,5,3,2,0,0,0
2019-12-28 07:15,8,4,4,0,0,0
2019-12-28 07:30,15,11,4,0,0,0
2019-12-28 07:45,19,16,3,0,0,0
2019-12-28 08:00,8,5,3,0,0,0
2019-12-28 08:15,16,12,4,0,0,0
2019-12-28 08:30,21,11,10,0,0,0
2019-12-28 08:45,21,13,8,0,0,0
2019-12-28 09:00,22,16,6,0,0,0
2019-12-28 09:15,36,25,11,0,0,0
2019-12-28 09:30,69,54,15,0,0,0
2019-12-28 09:45,62,49,13,0,0,0
2019-12-28 10:00,42,36,6,0,0,0
2019-12-28 10:15,58,33,25,0,0,0
2019-12-28 10:30,51,36,15,0,0,0
2019-12-28 10:45,60,48,12,0,0,0
2019-12-28 11:00,67,49,18,0,0,0
2019-12-28 11:15,62,40,22,0,0,0
2019-12-28 11:30,73,53,20,0,0,0
2019-12-28 11:45,54,31,23,0,0,0
2019-12-28 12:00,63,34,29,0,0,0
2019-12-28 12:15,82,50,32,0,0,0
2019-12-28 12:30,69,38,31,0,0,0
2019-12-28 12:45,82,43,39,0,0,0
2019-12-28 13:00,80,45,35,0,0,0
2019-12-28 13:15,85,48,37,0,0,0
2019-12-28 13:30,95,47,48,0,0,0
2019-12-28 13:45,99,39,60,0,0,0
2019-12-28 14:00,94,48,46,0,0,0
2019-12-28 14:15,93,48,45,0,0,0
2019-12-28 14:30,82,52,30,0,0,0
2019-12-28 14:45,96,41,55,0,0,0
2019-12-28 15:00,84,44,40,0,0,0
2019-12-28 15:15,92,46,46,0,0,0
2019-12-28 15:30,81,46,35,0,0,0
2019-12-28 15:45,82,47,35,0,0,0
2019-12-28 16:00,85,36,49,0,0,0
2019-12-28 16:15,73,29,44,0,0,0
2019-12-28 16:30,92,34,58,0,0,0
2019-12-28 16:45,60,29,31,0,0,0
2019-12-28 17:00,54,25,29,0,0,0
2019-12-28 17:15,69,30,39,0,0,0
2019-12-28 17:30,68,38,30,0,0,0
2019-12-28 17:45,90,44,46,0,0,0
2019-12-28 18:00,71,30,41,0,0,0
2019-12-28 18:15,63,35,28,0,0,0
2019-12-28 18:30,48,20,28,0,0,0
2019-12-28 18:45,71,34,37,0,0,0
2019-12-28 19:00,74,29,45,0,0,0
2019-12-28 19:15,62,36,26,0,0,0
2019-12-28 19:30,74,42,32,0,0,0
2019-12-28 19:45,59,23,36,0,0,0
2019-12-28 20:00,65,31,34,0,0,0
2019-12-28 20:15,56,22,34,0,0,0
2019-12-28 20:30,44,21,23,0,0,0
2019-12-28 20:45,30,18,12,0,0,0
2019-12-28 21:00,31,15,16,0,0,0
2019-12-28 21:15,36,15,21,0,0,0
2019-12-28 21:30,16,6,10,0,0,0
2019-12-28 21:45,38,16,22,0,0,0
2019-12-28 22:00,35,12,23,0,0,0
2019-12-28 22:15,36,12,24,0,0,0
2019-12-28 22:30,42,15,27,0,0,0
2019-12-28 22:45,56,20,36,0,0,0
2019-12-28 23:00,36,9,27,0,0,0
2019-12-28 23:15,36,18,18,0,0,0
2019-12-28 23:30,30,15,15,0,0,0
2019-12-28 23:45,24,6,18,0,0,0
2019-12-29 00:00,37,14,23,0,0,0
2019-12-29 00:15,31,9,22,0,0,0
2019-12-29 00:30,16,5,11,0,0,0
2019-12-29 00:45,26,7,19,0,0,0
2019-12-29 01:00,25,7,18,0,0,0
2019-12-29 01:15,23,9,14,0,0,0
2019-12-29 01:30,20,8,12,0,0,0
2019-12-29 01:45,19,5,14,0,0,0
2019-12-29 02:00,18,8,10,0,0,0
2019-12-29 02:15,23,10,13,0,0,0
2019-12-29 02:30,9,0,9,0,0,0
2019-12-29 02:45,10,4,6,0,0,0
2019-12-29 03:00,16,6,10,0,0,0
2019-12-29 03:15,21,7,14,0,0,0
2019-12-29 03:30,15,2,13,0,0,0
2019-12-29 03:45,11,2,9,0,0,0
2019-12-29 04:00,10,4,6,0,0,0
2019-12-29 04:15,13,2,11,0,0,0
2019-12-29 04:30,5,0,5,0,0,0
2019-12-29 04:45,6,0,6,0,0,0
2019-12-29 05:00,3,0,3,0,0,0
2019-12-29 05:15,6,1,5,0,0,0
2019-12-29 05:30,4,3,1,0,0,0
2019-12-29 05:45,6,2,4,0,0,0
2019-12-29 06:00,5,0,5,0,0,0
2019-12-29 06:15,6,0,6,0,0,0
2019-12-29 06:30,8,5,3,0,0,0
2019-12-29 06:45,7,3,4,0,0,0
2019-12-29 07:00,2,0,2,0,0,0
2019-12-29 07:15,3,2,1,0,0,0
2019-12-29 07:30,10,6,4,0,0,0
2019-12-29 07:45,6,3,3,0,0,0
2019-12-29 08:00,4,4,0,0,0,0
2019-12-29 08:15,9,4,5,0,0,0
2019-12-29 08:30,8,5,3,0,0,0
2019-12-29 08:45,8,4,4,0,0,0
2019-12-29 09:00,12,9,3,0,0,0
2019-12-29 09:15,22,16,6,0,0,0
2019-12-29 09:30,19,13,6,0,0,0
2019-12-29 09:45,35,25,10,0,0,0
2019-12-29 10:00,24,19,5,0,0,0
2019-12-29 10:15,29,15,14,0,0,0
2019-12-29 10:30,27,16,11,0,0,0
2019-12-29 10:45,33,18,15,0,0,0
2019-12-29 11:00,27,18,9,0,0,0
2019-12-29 11:15,32,19,13,0,0,0
2019-12-29 11:30,24,15,9,0,0,0
2019-12-29 11:45,40,25,15,0,0,0
2019-12-29 12:00,26,22,4,0,0,0
2019-12-29 12:15,44,22,22,0,0,0
2019-12-29 12:30,41,16,25,0,0,0
2019-12-29 12:45,35,19,16,0,0,0
2019-12-29 13:00,36,20,16,0,0,0
2019-12-29 13:15,30,16,14,0,0,0
2019-12-29 13:30,41,26,15,0,0,0
2019-12-29 13:45,49,34,15,0,0,0
2019-12-29 14:00,47,30,17,0,0,0
2019-12-29 14:15,61,39,22,0,0,0
2019-12-29 14:30,47,31,16,0,0,0
2019-12-29 14:45,73,49,24,0,0,0
2019-12-29 15:00,45,25,20,0,0,0
2019-12-29 15:15,53,27,26,0,0,0
2019-12-29 15:30,54,28,26,0,0,0
2019-12-29 15:45,73,43,30,0,0,0
2019-12-29 16:00,55,38,17,0,0,0
2019-12-29 16:15,47,16,31,0,0,0
2019-12-29 16:30,34,21,13,0,0,0
2019-12-29 16:45,55,20,35,0,0,0
2019-12-29 17:00,61,34,27,0,0,0
2019-12-29 17:15,56,33,23,0,0,0
2019-12-29 17:30,69,26,43,0,0,0
2019-12-29 17:45,76,37,39,0,0,0
2019-12-29 18:00,49,14,35,0,0,0
2019-12-29 18:15,53,25,28,0,0,0
2019-12-29 18:30,57,32,25,0,0,0
2019-12-29 18:45,51,26,25,0,0,0
2019-12-29 19:00,33,14,19,0,0,0
2019-12-29 19:15,53,21,32,0,0,0
2019-12-29 19:30,52,23,29,0,0,0
2019-12-29 19:45,65,38,27,0,0,0
2019-12-29 20:00,33,13,20,0,0,0
2019-12-29 20:15,40,17,23,0,0,0
2019-12-29 20:30,46,23,23,0,0,0
2019-12-29 20:45,47,23,24,0,0,0
2019-12-29 21:00,28,14,14,0,0,0
2019-12-29 21:15,21,11,10,0,0,0
2019-12-29 21:30,20,10,10,0,0,0
2019-12-29 21:45,26,10,16,0,0,0
2019-12-29 22:00,31,17,14,0,0,0
2019-12-29 22:15,33,8,25,0,0,0
2019-12-29 22:30,26,10,16,0,0,0
2019-12-29 22:45,32,8,24,0,0,0
2019-12-29 23:00,30,11,19,0,0,0
2019-12-29 23:15,27,16,11,0,0,0
2019-12-29 23:30,9,5,4,0,0,0
2019-12-29 23:45,22,2,20,0,0,0
2019-12-30 00:00,14,3,11,0,0,0
2019-12-30 00:15,14,2,12,0,0,0
2019-12-30 00:30,16,6,10,0,0,0
2019-12-30 00:45,15,2,13,0,0,0
2019-12-30 01:00,11,5,6,0,0,0
2019-12-30 01:15,26,9,17,0,0,0
2019-12-30 01:30,7,2,5,0,0,0
2019-12-30 01:45,5,0,5,0,0,0
2019-12-30 02:00,9,5,4,0,0,0
2019-12-30 02:15,4,1,3,0,0,0
2019-12-30 02:30,6,0,6,0,0,0
2019-12-30 02:45,5,1,4,0,0,0
2019-12-30 03:00,3,0,3,0,0,0
2019-12-30 03:15,2,1,1,0,0,0
2019-12-30 03:30,4,3,1,0,0,0
2019-12-30 03:45,4,2,2,0,0,0
2019-12-30 04:00,0,0,0,0,0,0
2019-12-30 04:15,1,0,1,0,0,0
2019-12-30 04:30,1,0,1,0,0,0
2019-12-30 04:45,5,4,1,0,0,0
2019-12-30 05:00,1,1,0,0,0,0
2019-12-30 05:15,6,4,2,0,0,0
2019-12-30 05:30,7,7,0,0,0,0
2019-12-30 05:45,8,4,4,0,0,0
2019-12-30 06:00,7,6,1,0,0,0
2019-12-30 06:15,11,8,3,0,0,0
2019-12-30 06:30,21,15,6,0,0,0
2019-12-30 06:45,21,12,9,0,0,0
2019-12-30 07:00,18,14,4,0,0,0
2019-12-30 07:15,35,23,12,0,0,0
2019-12-30 07:30,36,22,14,0,0,0
2019-12-30 07:45,58,34,24,0,0,0
2019-12-30 08:00,35,22,13,0,0,0
2019-12-30 08:15,38,27,11,0,0,0
2019-12-30 08:30,40,31,9,0,0,0
2019-12-30 08:45,55,32,23,0,0,0
2019-12-30 09:00,47,32,15,0,0,0
2019-12-30 09:15,59,39,20,0,0,0
2019-12-30 09:30,47,39,8,0,0,0
2019-12-30 09:45,75,58,17,0,0,0
2019-12-30 10:00,60,44,16,0,0,0
2019-12-30 10:15,73,51,22,0,0,0
2019-12-30 10:30,63,37,26,0,0,0
2019-12-30 10:45,60,37,23,0,0,0
2019-12-30 11:00,69,48,21,0,0,0
2019-12-30 11:15,71,40,31,0,0,0
2019-12-30 11:30,66,41,25,0,0,0
2019-12-30 11:45,77,43,34,0,0,0
2019-12-30 12:00,101,51,50,0,0,0
2019-12-30 12:15,88,54,34,0,0,0
2019-12-30 12:30,111,68,43,0,0,0
2019-12-30 12:45,95,53,42,0,0,0
2019-12-30 13:00,123,72,51,0,0,0
2019-12-30 13:15,129,71,58,0,0,0
2019-12-30 13:30,84,56,28,0,0,0
2019-12-30 13:45,122,71,51,0,0,0
2019-12-30 14:00,106,53,53,0,0,0
2019-12-30 14:15,94,53,41,0,0,0
2019-12-30 14:30,115,65,50,0,0,0
2019-12-30 14:45,118,63,55,0,0,0
2019-12-30 15:00,104,50,54,0,0,0
2019-12-30 15:15,123,66,57,0,0,0
2019-12-30 15:30,103,55,48,0,0,0
2019-12-30 15:45,140,84,56,0,0,0
2019-12-30 16:00,125,65,60,0,0,0
2019-12-30 16:15,115,68,47,0,0,0
2019-12-30 16:30,136,58,78,0,0,0
2019-12-30 16:45,114,50,64,0,0,0
2019-12-30 17:00,106,46,60,0,0,0
2019-12-30 17:15,106,49,57,0,0,0
2019-12-30 17:30,78,38,40,0,0,0
2019-12-30 17:45,121,37,84,0,0,0
2019-12-30 18:00,107,51,56,0,0,0
2019-12-30 18:15,88,28,60,0,0,0
2019-12-30 18:30,78,30,48,0,0,0
2019-12-30 18:45,80,37,43,0,0,0
2019-12-30 19:00,86,41,45,0,0,0
2019-12-30 19:15,77,42,35,0,0,0
2019-12-30 19:30,88,41,47,0,0,0
2019-12-30 19:45,69,28,41,0,0,0
2019-12-30 20:00,58,29,29,0,0,0
2019-12-30 20:15,49,15,34,0,0,0
2019-12-30 20:30,49,18,31,0,0,0
2019-12-30 20:45,32,19,13,0,0,0
2019-12-30 21:00,45,22,23,0,0,0
2019-12-30 21:15,26,12,14,0,0,0
2019-12-30 21:30,37,18,19,0,0,0
2019-12-30 21:45,35,9,26,0,0,0
2019-12-30 22:00,25,9,16,0,0,0
2019-12-30 22:15,28,12,16,0,0,0
2019-12-30 22:30,17,6,11,0,0,0
2019-12-30 22:45,55,12,43,0,0,0
2019-12-30 23:00,22,9,13,0,0,0
2019-12-30 23:15,26,8,18,0,0,0
2019-12-30 23:30,19,6,13,0,0,0
2019-12-30 23:45,23,11,12,0,0,0
2019-12-31 00:00,27,2,25,0,0,0
2019-12-31 00:15,16,3,13,0,0,0
2019-12-31 00:30,14,6,8,0,0,0
2019-12-31 00:45,17,4,13,0,0,0
2019-12-31 01:00,8,1,7,0,0,0
2019-12-31 01:15,16,6,10,0,0,0
2019-12-31 01:30,18,5,13,0,0,0
2019-12-31 01:45,12,3,9,0,0,0
2019-12-31 02:00,7,1,6,0,0,0
2019-12-31 02:15,5,1,4,0,0,0
2019-12-31 02:30,1,1,0,0,0,0
2019-12-31 02:45,6,1,5,0,0,0
2019-12-31 03:00,2,1,1,0,0,0
2019-12-31 03:15,8,1,7,0,0,0
2019-12-31 03:30,8,6,2,0,0,0
2019-12-31 03:45,1,0,1,0,0,0
2019-12-31 04:00,10,5,5,0,0,0
2019-12-31 04:15,2,1,1,0,0,0
2019-12-31 04:30,1,0,1,0,0,0
2019-12-31 04:45,1,1,0,0,0,0
2019-12-31 05:00,2,2,0,0,0,0
2019-12-31 05:15,2,1,1,0,0,0
2019-12-31 05:30,9,6,3,0,0,0
2019-12-31 05:45,8,3,5,0,0,0
2019-12-31 06:00,5,4,1,0,0,0
2019-12-31 06:15,3,2,1,0,0,0
2019-12-31 06:30,4,3,1,0,0,0
2019-12-31 06:45,14,11,3,0,0,0
2019-12-31 07:00,9,7,2,0,0,0
2019-12-31 07:15,6,4,2,0,0,0
2019-12-31 07:30,22,16,6,0,0,0
2019-12-31 07:45,27,15,12,0,0,0
2019-12-31 08:00,7,5,2,0,0,0
2019-12-31 08:15,12,8,4,0,0,0
2019-12-31 08:30,27,20,7,0,0,0
2019-12-31 08:45,29,21,8,0,0,0
2019-12-31 09:00,30,20,10,0,0,0
2019-12-31 09:15,42,31,11,0,0,0
2019-12-31 09:30,38,27,11,0,0,0
2019-12-31 09:45,48,33,15,0,0,0
2019-12-31 10:00,58,40,18,0,0,0
2019-12-31 10:15,50,38,12,0,0,0
2019-12-31 10:30,66,42,24,0,0,0
2019-12-31 10:45,60,43,17,0,0,0
2019-12-31 11:00,79,47,32,0,0,0
2019-12-31 11:15,62,35,27,0,0,0
2019-12-31 11:30,91,58,33,0,0,0
2019-12-31 11:45,91,48,43,0,0,0
2019-12-31 12:00,77,46,31,0,0,0
2019-12-31 12:15,100,63,37,0,0,0
2019-12-31 12:30,84,46,38,0,0,0
2019-12-31 12:45,101,52,49,0,0,0
2019-12-31 13:00,73,36,37,0,0,0
2019-12-31 13:15,83,36,47,0,0,0
2019-12-31 13:30,76,39,37,0,0,0
2019-12-31 13:45,79,36,43,0,0,0
2019-12-31 14:00,65,20,45,0,0,0
2019-12-31 14:15,84,39,45,0,0,0
2019-12-31 14:30,77,39,38,0,0,0
2019-12-31 14:45,62,28,34,0,0,0
2019-12-31 15:00,68,31,37,0,0,0
2019-12-31 15:15,58,23,35,0,0,0
2019-12-31 15:30,64,35,29,0,0,0
2019-12-31 15:45,57,18,39,0,0,0
2019-12-31 16:00,56,31,25,0,0,0
2019-12-31 16:15,54,22,32,0,0,0
2019-12-31 16:30,52,22,30,0,0,0
2019-12-31 16:45,50,34,16,0,0,0
2019-12-31 17:00,53,35,18,0,0,0
2019-12-31 17:15,50,28,22,0,0,0
2019-12-31 17:30,61,38,23,0,0,0
2019-12-31 17:45,77,50,27,0,0,0
2019-12-31 18:00,82,41,41,0,0,0
2019-12-31 18:15,69,40,29,0,0,0
2019-12-31 18:30,86,42,44,0,0,0
2019-12-31 18:45,123,75,48,0,0,0
2019-12-31 19:00,121,66,55,0,0,0
2019-12-31 19:15,79,45,34,0,0,0
2019-12-31 19:30,71,44,27,0,0,0
2019-12-31 19:45,80,54,26,0,0,0
2019-12-31 20:00,69,39,30,0,0,0
2019-12-31 20:15,59,31,28,0,0,0
2019-12-31 20:30,26,11,15,0,0,0
2019-12-31 20:45,38,23,15,0,0,0
2019-12-31 21:00,35,12,23,0,0,0
2019-12-31 21:15,28,20,8,0,0,0
2019-12-31 21:30,30,15,15,0,0,0
2019-12-31 21:45,27,17,10,0,0,0
2019-12-31 22:00,30,18,12,0,0,0
2019-12-31 22:15,33,21,12,0,0,0
2019-12-31 22:30,24,18,6,0,0,0
2019-12-31 22:45,32,10,22,0,0,0
2019-12-31 23:00,34,22,12,0,0,0
2019-12-31 23:15,44,34,10,0,0,0
2019-12-31 23:30,53,35,18,0,0,0
2019-12-31 23:45,60,37,23,0,0,0
