Datetime,100035541 (Neutor),101035541 (Neutor stadteinwÃ¤rts),102035541 (Neutor stadtauswÃ¤rts),100035541-status,101035541-status,102035541-status
2019-09-01 00:00,73,34,39,0,0,0
2019-09-01 00:15,51,15,36,0,0,0
2019-09-01 00:30,45,19,26,0,0,0
2019-09-01 00:45,50,18,32,0,0,0
2019-09-01 01:00,48,21,27,0,0,0
2019-09-01 01:15,48,8,40,0,0,0
2019-09-01 01:30,32,13,19,0,0,0
2019-09-01 01:45,40,16,24,0,0,0
2019-09-01 02:00,42,10,32,0,0,0
2019-09-01 02:15,28,11,17,0,0,0
2019-09-01 02:30,23,5,18,0,0,0
2019-09-01 02:45,18,4,14,0,0,0
2019-09-01 03:00,28,4,24,0,0,0
2019-09-01 03:15,25,2,23,0,0,0
2019-09-01 03:30,15,5,10,0,0,0
2019-09-01 03:45,13,1,12,0,0,0
2019-09-01 04:00,11,2,9,0,0,0
2019-09-01 04:15,12,2,10,0,0,0
2019-09-01 04:30,9,0,9,0,0,0
2019-09-01 04:45,18,3,15,0,0,0
2019-09-01 05:00,16,2,14,0,0,0
2019-09-01 05:15,19,5,14,0,0,0
2019-09-01 05:30,15,3,12,0,0,0
2019-09-01 05:45,12,1,11,0,0,0
2019-09-01 06:00,4,1,3,0,0,0
2019-09-01 06:15,11,5,6,0,0,0
2019-09-01 06:30,14,6,8,0,0,0
2019-09-01 06:45,13,6,7,0,0,0
2019-09-01 07:00,12,6,6,0,0,0
2019-09-01 07:15,11,8,3,0,0,0
2019-09-01 07:30,15,11,4,0,0,0
2019-09-01 07:45,14,8,6,0,0,0
2019-09-01 08:00,9,5,4,0,0,0
2019-09-01 08:15,10,8,2,0,0,0
2019-09-01 08:30,21,16,5,0,0,0
2019-09-01 08:45,26,14,12,0,0,0
2019-09-01 09:00,28,18,10,0,0,0
2019-09-01 09:15,39,28,11,0,0,0
2019-09-01 09:30,55,31,24,0,0,0
2019-09-01 09:45,72,53,19,0,0,0
2019-09-01 10:00,45,32,13,0,0,0
2019-09-01 10:15,45,23,22,0,0,0
2019-09-01 10:30,72,47,25,0,0,0
2019-09-01 10:45,95,66,29,0,0,0
2019-09-01 11:00,57,26,31,0,0,0
2019-09-01 11:15,83,45,38,0,0,0
2019-09-01 11:30,78,38,40,0,0,0
2019-09-01 11:45,93,54,39,0,0,0
2019-09-01 12:00,92,41,51,0,0,0
2019-09-01 12:15,88,42,46,0,0,0
2019-09-01 12:30,78,35,43,0,0,0
2019-09-01 12:45,108,51,57,0,0,0
2019-09-01 13:00,109,44,65,0,0,0
2019-09-01 13:15,95,55,40,0,0,0
2019-09-01 13:30,107,55,52,0,0,0
2019-09-01 13:45,105,62,43,0,0,0
2019-09-01 14:00,120,77,43,0,0,0
2019-09-01 14:15,123,69,54,0,0,0
2019-09-01 14:30,141,69,72,0,0,0
2019-09-01 14:45,122,77,45,0,0,0
2019-09-01 15:00,86,45,41,0,0,0
2019-09-01 15:15,121,67,54,0,0,0
2019-09-01 15:30,109,67,42,0,0,0
2019-09-01 15:45,131,70,61,0,0,0
2019-09-01 16:00,117,51,66,0,0,0
2019-09-01 16:15,111,53,58,0,0,0
2019-09-01 16:30,126,71,55,0,0,0
2019-09-01 16:45,123,61,62,0,0,0
2019-09-01 17:00,134,85,49,0,0,0
2019-09-01 17:15,128,58,70,0,0,0
2019-09-01 17:30,114,63,51,0,0,0
2019-09-01 17:45,133,75,58,0,0,0
2019-09-01 18:00,145,69,76,0,0,0
2019-09-01 18:15,138,72,66,0,0,0
2019-09-01 18:30,132,55,77,0,0,0
2019-09-01 18:45,151,83,68,0,0,0
2019-09-01 19:00,126,62,64,0,0,0
2019-09-01 19:15,92,34,58,0,0,0
2019-09-01 19:30,82,35,47,0,0,0
2019-09-01 19:45,121,54,67,0,0,0
2019-09-01 20:00,123,46,77,0,0,0
2019-09-01 20:15,90,36,54,0,0,0
2019-09-01 20:30,85,28,57,0,0,0
2019-09-01 20:45,72,29,43,0,0,0
2019-09-01 21:00,71,31,40,0,0,0
2019-09-01 21:15,51,11,40,0,0,0
2019-09-01 21:30,45,15,30,0,0,0
2019-09-01 21:45,41,12,29,0,0,0
2019-09-01 22:00,32,12,20,0,0,0
2019-09-01 22:15,50,19,31,0,0,0
2019-09-01 22:30,44,10,34,0,0,0
2019-09-01 22:45,42,6,36,0,0,0
2019-09-01 23:00,35,11,24,0,0,0
2019-09-01 23:15,35,11,24,0,0,0
2019-09-01 23:30,17,8,9,0,0,0
2019-09-01 23:45,22,12,10,0,0,0
2019-09-02 00:00,14,6,8,0,0,0
2019-09-02 00:15,12,4,8,0,0,0
2019-09-02 00:30,5,1,4,0,0,0
2019-09-02 00:45,10,4,6,0,0,0
2019-09-02 01:00,8,1,7,0,0,0
2019-09-02 01:15,6,2,4,0,0,0
2019-09-02 01:30,5,1,4,0,0,0
2019-09-02 01:45,4,0,4,0,0,0
2019-09-02 02:00,7,3,4,0,0,0
2019-09-02 02:15,5,1,4,0,0,0
2019-09-02 02:30,3,2,1,0,0,0
2019-09-02 02:45,0,0,0,0,0,0
2019-09-02 03:00,0,0,0,0,0,0
2019-09-02 03:15,4,1,3,0,0,0
2019-09-02 03:30,3,1,2,0,0,0
2019-09-02 03:45,3,3,0,0,0,0
2019-09-02 04:00,2,1,1,0,0,0
2019-09-02 04:15,2,0,2,0,0,0
2019-09-02 04:30,2,1,1,0,0,0
2019-09-02 04:45,14,10,4,0,0,0
2019-09-02 05:00,9,8,1,0,0,0
2019-09-02 05:15,13,8,5,0,0,0
2019-09-02 05:30,18,11,7,0,0,0
2019-09-02 05:45,23,12,11,0,0,0
2019-09-02 06:00,30,20,10,0,0,0
2019-09-02 06:15,51,38,13,0,0,0
2019-09-02 06:30,79,52,27,0,0,0
2019-09-02 06:45,102,68,34,0,0,0
2019-09-02 07:00,110,69,41,0,0,0
2019-09-02 07:15,194,139,55,0,0,0
2019-09-02 07:30,328,242,86,0,0,0
2019-09-02 07:45,308,175,133,0,0,0
2019-09-02 08:00,215,125,90,0,0,0
2019-09-02 08:15,204,126,78,0,0,0
2019-09-02 08:30,222,146,76,0,0,0
2019-09-02 08:45,237,142,95,0,0,0
2019-09-02 09:00,180,120,60,0,0,0
2019-09-02 09:15,166,101,65,0,0,0
2019-09-02 09:30,175,94,81,0,0,0
2019-09-02 09:45,186,112,74,0,0,0
2019-09-02 10:00,135,60,75,0,0,0
2019-09-02 10:15,114,72,42,0,0,0
2019-09-02 10:30,127,78,49,0,0,0
2019-09-02 10:45,159,87,72,0,0,0
2019-09-02 11:00,133,81,52,0,0,0
2019-09-02 11:15,136,80,56,0,0,0
2019-09-02 11:30,122,55,67,0,0,0
2019-09-02 11:45,154,86,68,0,0,0
2019-09-02 12:00,150,73,77,0,0,0
2019-09-02 12:15,182,110,72,0,0,0
2019-09-02 12:30,183,81,102,0,0,0
2019-09-02 12:45,193,97,96,0,0,0
2019-09-02 13:00,200,98,102,0,0,0
2019-09-02 13:15,252,168,84,0,0,0
2019-09-02 13:30,209,130,79,0,0,0
2019-09-02 13:45,194,89,105,0,0,0
2019-09-02 14:00,162,71,91,0,0,0
2019-09-02 14:15,177,91,86,0,0,0
2019-09-02 14:30,175,99,76,0,0,0
2019-09-02 14:45,172,74,98,0,0,0
2019-09-02 15:00,181,72,109,0,0,0
2019-09-02 15:15,184,86,98,0,0,0
2019-09-02 15:30,136,102,34,0,0,0
2019-09-02 15:45,244,122,122,0,0,0
2019-09-02 16:00,250,110,140,0,0,0
2019-09-02 16:15,264,128,136,0,0,0
2019-09-02 16:30,262,110,152,0,0,0
2019-09-02 16:45,272,147,125,0,0,0
2019-09-02 17:00,271,123,148,0,0,0
2019-09-02 17:15,258,115,143,0,0,0
2019-09-02 17:30,303,116,187,0,0,0
2019-09-02 17:45,319,143,176,0,0,0
2019-09-02 18:00,271,98,173,0,0,0
2019-09-02 18:15,252,99,153,0,0,0
2019-09-02 18:30,213,97,116,0,0,0
2019-09-02 18:45,240,93,147,0,0,0
2019-09-02 19:00,206,98,108,0,0,0
2019-09-02 19:15,210,91,119,0,0,0
2019-09-02 19:30,163,66,97,0,0,0
2019-09-02 19:45,170,76,94,0,0,0
2019-09-02 20:00,178,72,106,0,0,0
2019-09-02 20:15,149,63,86,0,0,0
2019-09-02 20:30,117,62,55,0,0,0
2019-09-02 20:45,88,45,43,0,0,0
2019-09-02 21:00,107,54,53,0,0,0
2019-09-02 21:15,100,47,53,0,0,0
2019-09-02 21:30,103,40,63,0,0,0
2019-09-02 21:45,65,23,42,0,0,0
2019-09-02 22:00,69,31,38,0,0,0
2019-09-02 22:15,86,39,47,0,0,0
2019-09-02 22:30,58,19,39,0,0,0
2019-09-02 22:45,47,11,36,0,0,0
2019-09-02 23:00,59,13,46,0,0,0
2019-09-02 23:15,40,16,24,0,0,0
2019-09-02 23:30,27,8,19,0,0,0
2019-09-02 23:45,23,6,17,0,0,0
2019-09-03 00:00,28,10,18,0,0,0
2019-09-03 00:15,16,3,13,0,0,0
2019-09-03 00:30,8,1,7,0,0,0
2019-09-03 00:45,10,1,9,0,0,0
2019-09-03 01:00,11,3,8,0,0,0
2019-09-03 01:15,15,3,12,0,0,0
2019-09-03 01:30,9,4,5,0,0,0
2019-09-03 01:45,5,1,4,0,0,0
2019-09-03 02:00,8,3,5,0,0,0
2019-09-03 02:15,3,0,3,0,0,0
2019-09-03 02:30,7,3,4,0,0,0
2019-09-03 02:45,3,0,3,0,0,0
2019-09-03 03:00,1,1,0,0,0,0
2019-09-03 03:15,3,0,3,0,0,0
2019-09-03 03:30,4,0,4,0,0,0
2019-09-03 03:45,6,0,6,0,0,0
2019-09-03 04:00,3,3,0,0,0,0
2019-09-03 04:15,5,4,1,0,0,0
2019-09-03 04:30,3,2,1,0,0,0
2019-09-03 04:45,8,6,2,0,0,0
2019-09-03 05:00,10,9,1,0,0,0
2019-09-03 05:15,8,4,4,0,0,0
2019-09-03 05:30,17,10,7,0,0,0
2019-09-03 05:45,24,16,8,0,0,0
2019-09-03 06:00,36,23,13,0,0,0
2019-09-03 06:15,42,29,13,0,0,0
2019-09-03 06:30,89,61,28,0,0,0
2019-09-03 06:45,104,69,35,0,0,0
2019-09-03 07:00,113,79,34,0,0,0
2019-09-03 07:15,213,151,62,0,0,0
2019-09-03 07:30,345,267,78,0,0,0
2019-09-03 07:45,311,194,117,0,0,0
2019-09-03 08:00,252,127,125,0,0,0
2019-09-03 08:15,257,149,108,0,0,0
2019-09-03 08:30,229,144,85,0,0,0
2019-09-03 08:45,271,171,100,0,0,0
2019-09-03 09:00,203,118,85,0,0,0
2019-09-03 09:15,160,101,59,0,0,0
2019-09-03 09:30,177,96,81,0,0,0
2019-09-03 09:45,192,117,75,0,0,0
2019-09-03 10:00,152,84,68,0,0,0
2019-09-03 10:15,125,69,56,0,0,0
2019-09-03 10:30,139,85,54,0,0,0
2019-09-03 10:45,132,70,62,0,0,0
2019-09-03 11:00,137,79,58,0,0,0
2019-09-03 11:15,147,86,61,0,0,0
2019-09-03 11:30,147,85,62,0,0,0
2019-09-03 11:45,154,81,73,0,0,0
2019-09-03 12:00,185,110,75,0,0,0
2019-09-03 12:15,138,66,72,0,0,0
2019-09-03 12:30,161,82,79,0,0,0
2019-09-03 12:45,182,101,81,0,0,0
2019-09-03 13:00,283,122,161,0,0,0
2019-09-03 13:15,303,178,125,0,0,0
2019-09-03 13:30,230,137,93,0,0,0
2019-09-03 13:45,171,89,82,0,0,0
2019-09-03 14:00,195,78,117,0,0,0
2019-09-03 14:15,150,71,79,0,0,0
2019-09-03 14:30,149,91,58,0,0,0
2019-09-03 14:45,182,83,99,0,0,0
2019-09-03 15:00,192,92,100,0,0,0
2019-09-03 15:15,177,83,94,0,0,0
2019-09-03 15:30,183,85,98,0,0,0
2019-09-03 15:45,226,103,123,0,0,0
2019-09-03 16:00,217,94,123,0,0,0
2019-09-03 16:15,246,125,121,0,0,0
2019-09-03 16:30,255,124,131,0,0,0
2019-09-03 16:45,273,140,133,0,0,0
2019-09-03 17:00,289,140,149,0,0,0
2019-09-03 17:15,360,130,230,0,0,0
2019-09-03 17:30,281,123,158,0,0,0
2019-09-03 17:45,289,138,151,0,0,0
2019-09-03 18:00,238,105,133,0,0,0
2019-09-03 18:15,243,99,144,0,0,0
2019-09-03 18:30,212,98,114,0,0,0
2019-09-03 18:45,222,87,135,0,0,0
2019-09-03 19:00,190,67,123,0,0,0
2019-09-03 19:15,192,95,97,0,0,0
2019-09-03 19:30,170,60,110,0,0,0
2019-09-03 19:45,150,63,87,0,0,0
2019-09-03 20:00,144,56,88,0,0,0
2019-09-03 20:15,151,56,95,0,0,0
2019-09-03 20:30,93,36,57,0,0,0
2019-09-03 20:45,102,34,68,0,0,0
2019-09-03 21:00,95,44,51,0,0,0
2019-09-03 21:15,87,48,39,0,0,0
2019-09-03 21:30,89,44,45,0,0,0
2019-09-03 21:45,88,29,59,0,0,0
2019-09-03 22:00,78,27,51,0,0,0
2019-09-03 22:15,82,37,45,0,0,0
2019-09-03 22:30,86,28,58,0,0,0
2019-09-03 22:45,62,23,39,0,0,0
2019-09-03 23:00,44,15,29,0,0,0
2019-09-03 23:15,31,9,22,0,0,0
2019-09-03 23:30,30,8,22,0,0,0
2019-09-03 23:45,36,8,28,0,0,0
2019-09-04 00:00,36,9,27,0,0,0
2019-09-04 00:15,22,6,16,0,0,0
2019-09-04 00:30,29,7,22,0,0,0
2019-09-04 00:45,15,7,8,0,0,0
2019-09-04 01:00,27,2,25,0,0,0
2019-09-04 01:15,13,5,8,0,0,0
2019-09-04 01:30,22,2,20,0,0,0
2019-09-04 01:45,9,3,6,0,0,0
2019-09-04 02:00,11,3,8,0,0,0
2019-09-04 02:15,2,0,2,0,0,0
2019-09-04 02:30,5,2,3,0,0,0
2019-09-04 02:45,3,2,1,0,0,0
2019-09-04 03:00,6,4,2,0,0,0
2019-09-04 03:15,6,3,3,0,0,0
2019-09-04 03:30,1,1,0,0,0,0
2019-09-04 03:45,6,6,0,0,0,0
2019-09-04 04:00,1,0,1,0,0,0
2019-09-04 04:15,5,4,1,0,0,0
2019-09-04 04:30,4,2,2,0,0,0
2019-09-04 04:45,10,4,6,0,0,0
2019-09-04 05:00,4,3,1,0,0,0
2019-09-04 05:15,11,7,4,0,0,0
2019-09-04 05:30,28,16,12,0,0,0
2019-09-04 05:45,19,9,10,0,0,0
2019-09-04 06:00,35,22,13,0,0,0
2019-09-04 06:15,46,28,18,0,0,0
2019-09-04 06:30,65,43,22,0,0,0
2019-09-04 06:45,119,89,30,0,0,0
2019-09-04 07:00,244,202,42,0,0,0
2019-09-04 07:15,181,136,45,0,0,0
2019-09-04 07:30,321,235,86,0,0,0
2019-09-04 07:45,286,193,93,0,0,0
2019-09-04 08:00,207,113,94,0,0,0
2019-09-04 08:15,208,124,84,0,0,0
2019-09-04 08:30,220,142,78,0,0,0
2019-09-04 08:45,257,145,112,0,0,0
2019-09-04 09:00,193,106,87,0,0,0
2019-09-04 09:15,145,104,41,0,0,0
2019-09-04 09:30,136,83,53,0,0,0
2019-09-04 09:45,194,125,69,0,0,0
2019-09-04 10:00,114,87,27,0,0,0
2019-09-04 10:15,132,79,53,0,0,0
2019-09-04 10:30,116,78,38,0,0,0
2019-09-04 10:45,142,90,52,0,0,0
2019-09-04 11:00,280,76,204,0,0,0
2019-09-04 11:15,159,84,75,0,0,0
2019-09-04 11:30,175,91,84,0,0,0
2019-09-04 11:45,188,108,80,0,0,0
2019-09-04 12:00,150,77,73,0,0,0
2019-09-04 12:15,177,100,77,0,0,0
2019-09-04 12:30,181,77,104,0,0,0
2019-09-04 12:45,190,112,78,0,0,0
2019-09-04 13:00,190,86,104,0,0,0
2019-09-04 13:15,178,76,102,0,0,0
2019-09-04 13:30,174,103,71,0,0,0
2019-09-04 13:45,217,102,115,0,0,0
2019-09-04 14:00,168,84,84,0,0,0
2019-09-04 14:15,178,84,94,0,0,0
2019-09-04 14:30,183,88,95,0,0,0
2019-09-04 14:45,203,96,107,0,0,0
2019-09-04 15:00,189,105,84,0,0,0
2019-09-04 15:15,183,87,96,0,0,0
2019-09-04 15:30,247,105,142,0,0,0
2019-09-04 15:45,264,114,150,0,0,0
2019-09-04 16:00,197,93,104,0,0,0
2019-09-04 16:15,260,113,147,0,0,0
2019-09-04 16:30,191,78,113,0,0,0
2019-09-04 16:45,232,111,121,0,0,0
2019-09-04 17:00,286,150,136,0,0,0
2019-09-04 17:15,270,134,136,0,0,0
2019-09-04 17:30,229,118,111,0,0,0
2019-09-04 17:45,233,117,116,0,0,0
2019-09-04 18:00,194,82,112,0,0,0
2019-09-04 18:15,155,67,88,0,0,0
2019-09-04 18:30,180,63,117,0,0,0
2019-09-04 18:45,230,93,137,0,0,0
2019-09-04 19:00,170,65,105,0,0,0
2019-09-04 19:15,139,67,72,0,0,0
2019-09-04 19:30,127,53,74,0,0,0
2019-09-04 19:45,147,61,86,0,0,0
2019-09-04 20:00,148,68,80,0,0,0
2019-09-04 20:15,131,57,74,0,0,0
2019-09-04 20:30,84,43,41,0,0,0
2019-09-04 20:45,67,39,28,0,0,0
2019-09-04 21:00,74,32,42,0,0,0
2019-09-04 21:15,89,48,41,0,0,0
2019-09-04 21:30,82,36,46,0,0,0
2019-09-04 21:45,61,32,29,0,0,0
2019-09-04 22:00,96,42,54,0,0,0
2019-09-04 22:15,95,48,47,0,0,0
2019-09-04 22:30,71,22,49,0,0,0
2019-09-04 22:45,58,18,40,0,0,0
2019-09-04 23:00,63,24,39,0,0,0
2019-09-04 23:15,60,25,35,0,0,0
2019-09-04 23:30,79,42,37,0,0,0
2019-09-04 23:45,42,10,32,0,0,0
2019-09-05 00:00,38,8,30,0,0,0
2019-09-05 00:15,51,17,34,0,0,0
2019-09-05 00:30,26,11,15,0,0,0
2019-09-05 00:45,24,8,16,0,0,0
2019-09-05 01:00,24,8,16,0,0,0
2019-09-05 01:15,21,5,16,0,0,0
2019-09-05 01:30,13,3,10,0,0,0
2019-09-05 01:45,22,9,13,0,0,0
2019-09-05 02:00,8,3,5,0,0,0
2019-09-05 02:15,19,3,16,0,0,0
2019-09-05 02:30,24,2,22,0,0,0
2019-09-05 02:45,14,4,10,0,0,0
2019-09-05 03:00,23,2,21,0,0,0
2019-09-05 03:15,8,2,6,0,0,0
2019-09-05 03:30,8,1,7,0,0,0
2019-09-05 03:45,13,2,11,0,0,0
2019-09-05 04:00,10,3,7,0,0,0
2019-09-05 04:15,15,2,13,0,0,0
2019-09-05 04:30,6,3,3,0,0,0
2019-09-05 04:45,10,5,5,0,0,0
2019-09-05 05:00,7,6,1,0,0,0
2019-09-05 05:15,11,7,4,0,0,0
2019-09-05 05:30,30,13,17,0,0,0
2019-09-05 05:45,25,14,11,0,0,0
2019-09-05 06:00,28,20,8,0,0,0
2019-09-05 06:15,47,27,20,0,0,0
2019-09-05 06:30,66,45,21,0,0,0
2019-09-05 06:45,119,86,33,0,0,0
2019-09-05 07:00,210,169,41,0,0,0
2019-09-05 07:15,206,152,54,0,0,0
2019-09-05 07:30,303,223,80,0,0,0
2019-09-05 07:45,261,165,96,0,0,0
2019-09-05 08:00,232,120,112,0,0,0
2019-09-05 08:15,207,106,101,0,0,0
2019-09-05 08:30,212,135,77,0,0,0
2019-09-05 08:45,239,144,95,0,0,0
2019-09-05 09:00,181,114,67,0,0,0
2019-09-05 09:15,160,91,69,0,0,0
2019-09-05 09:30,161,102,59,0,0,0
2019-09-05 09:45,145,86,59,0,0,0
2019-09-05 10:00,123,68,55,0,0,0
2019-09-05 10:15,106,53,53,0,0,0
2019-09-05 10:30,128,81,47,0,0,0
2019-09-05 10:45,128,74,54,0,0,0
2019-09-05 11:00,230,64,166,0,0,0
2019-09-05 11:15,168,68,100,0,0,0
2019-09-05 11:30,109,65,44,0,0,0
2019-09-05 11:45,155,76,79,0,0,0
2019-09-05 12:00,153,104,49,0,0,0
2019-09-05 12:15,114,48,66,0,0,0
2019-09-05 12:30,130,58,72,0,0,0
2019-09-05 12:45,158,70,88,0,0,0
2019-09-05 13:00,165,59,106,0,0,0
2019-09-05 13:15,159,68,91,0,0,0
2019-09-05 13:30,148,72,76,0,0,0
2019-09-05 13:45,177,96,81,0,0,0
2019-09-05 14:00,191,82,109,0,0,0
2019-09-05 14:15,162,99,63,0,0,0
2019-09-05 14:30,134,57,77,0,0,0
2019-09-05 14:45,152,65,87,0,0,0
2019-09-05 15:00,148,74,74,0,0,0
2019-09-05 15:15,157,75,82,0,0,0
2019-09-05 15:30,227,79,148,0,0,0
2019-09-05 15:45,227,89,138,0,0,0
2019-09-05 16:00,202,99,103,0,0,0
2019-09-05 16:15,251,137,114,0,0,0
2019-09-05 16:30,201,113,88,0,0,0
2019-09-05 16:45,233,122,111,0,0,0
2019-09-05 17:00,224,117,107,0,0,0
2019-09-05 17:15,228,108,120,0,0,0
2019-09-05 17:30,240,121,119,0,0,0
2019-09-05 17:45,249,108,141,0,0,0
2019-09-05 18:00,239,102,137,0,0,0
2019-09-05 18:15,235,103,132,0,0,0
2019-09-05 18:30,188,76,112,0,0,0
2019-09-05 18:45,205,105,100,0,0,0
2019-09-05 19:00,186,81,105,0,0,0
2019-09-05 19:15,178,67,111,0,0,0
2019-09-05 19:30,181,73,108,0,0,0
2019-09-05 19:45,165,77,88,0,0,0
2019-09-05 20:00,161,75,86,0,0,0
2019-09-05 20:15,159,58,101,0,0,0
2019-09-05 20:30,127,58,69,0,0,0
2019-09-05 20:45,96,38,58,0,0,0
2019-09-05 21:00,114,52,62,0,0,0
2019-09-05 21:15,90,33,57,0,0,0
2019-09-05 21:30,87,30,57,0,0,0
2019-09-05 21:45,82,22,60,0,0,0
2019-09-05 22:00,71,26,45,0,0,0
2019-09-05 22:15,65,19,46,0,0,0
2019-09-05 22:30,74,23,51,0,0,0
2019-09-05 22:45,74,28,46,0,0,0
2019-09-05 23:00,66,7,59,0,0,0
2019-09-05 23:15,47,20,27,0,0,0
2019-09-05 23:30,55,20,35,0,0,0
2019-09-05 23:45,42,6,36,0,0,0
2019-09-06 00:00,45,13,32,0,0,0
2019-09-06 00:15,30,14,16,0,0,0
2019-09-06 00:30,17,5,12,0,0,0
2019-09-06 00:45,23,13,10,0,0,0
2019-09-06 01:00,9,3,6,0,0,0
2019-09-06 01:15,19,1,18,0,0,0
2019-09-06 01:30,17,0,17,0,0,0
2019-09-06 01:45,8,1,7,0,0,0
2019-09-06 02:00,9,2,7,0,0,0
2019-09-06 02:15,8,2,6,0,0,0
2019-09-06 02:30,5,0,5,0,0,0
2019-09-06 02:45,7,4,3,0,0,0
2019-09-06 03:00,8,3,5,0,0,0
2019-09-06 03:15,4,0,4,0,0,0
2019-09-06 03:30,7,1,6,0,0,0
2019-09-06 03:45,2,1,1,0,0,0
2019-09-06 04:00,5,0,5,0,0,0
2019-09-06 04:15,6,1,5,0,0,0
2019-09-06 04:30,7,5,2,0,0,0
2019-09-06 04:45,13,11,2,0,0,0
2019-09-06 05:00,11,6,5,0,0,0
2019-09-06 05:15,13,10,3,0,0,0
2019-09-06 05:30,27,17,10,0,0,0
2019-09-06 05:45,21,9,12,0,0,0
2019-09-06 06:00,34,19,15,0,0,0
2019-09-06 06:15,44,27,17,0,0,0
2019-09-06 06:30,52,37,15,0,0,0
2019-09-06 06:45,96,70,26,0,0,0
2019-09-06 07:00,144,110,34,0,0,0
2019-09-06 07:15,156,115,41,0,0,0
2019-09-06 07:30,313,236,77,0,0,0
2019-09-06 07:45,261,178,83,0,0,0
2019-09-06 08:00,168,88,80,0,0,0
2019-09-06 08:15,198,107,91,0,0,0
2019-09-06 08:30,175,121,54,0,0,0
2019-09-06 08:45,237,134,103,0,0,0
2019-09-06 09:00,150,100,50,0,0,0
2019-09-06 09:15,115,72,43,0,0,0
2019-09-06 09:30,164,104,60,0,0,0
2019-09-06 09:45,166,111,55,0,0,0
2019-09-06 10:00,109,69,40,0,0,0
2019-09-06 10:15,108,76,32,0,0,0
2019-09-06 10:30,139,78,61,0,0,0
2019-09-06 10:45,121,76,45,0,0,0
2019-09-06 11:00,140,89,51,0,0,0
2019-09-06 11:15,123,66,57,0,0,0
2019-09-06 11:30,137,65,72,0,0,0
2019-09-06 11:45,135,76,59,0,0,0
2019-09-06 12:00,164,100,64,0,0,0
2019-09-06 12:15,178,88,90,0,0,0
2019-09-06 12:30,168,78,90,0,0,0
2019-09-06 12:45,290,112,178,0,0,0
2019-09-06 13:00,209,84,125,0,0,0
2019-09-06 13:15,193,73,120,0,0,0
2019-09-06 13:30,187,87,100,0,0,0
2019-09-06 13:45,245,115,130,0,0,0
2019-09-06 14:00,182,85,97,0,0,0
2019-09-06 14:15,224,109,115,0,0,0
2019-09-06 14:30,166,82,84,0,0,0
2019-09-06 14:45,200,90,110,0,0,0
2019-09-06 15:00,203,105,98,0,0,0
2019-09-06 15:15,184,85,99,0,0,0
2019-09-06 15:30,183,99,84,0,0,0
2019-09-06 15:45,193,90,103,0,0,0
2019-09-06 16:00,197,104,93,0,0,0
2019-09-06 16:15,227,112,115,0,0,0
2019-09-06 16:30,178,82,96,0,0,0
2019-09-06 16:45,238,115,123,0,0,0
2019-09-06 17:00,207,113,94,0,0,0
2019-09-06 17:15,195,100,95,0,0,0
2019-09-06 17:30,193,100,93,0,0,0
2019-09-06 17:45,195,113,82,0,0,0
2019-09-06 18:00,190,94,96,0,0,0
2019-09-06 18:15,211,95,116,0,0,0
2019-09-06 18:30,166,86,80,0,0,0
2019-09-06 18:45,186,104,82,0,0,0
2019-09-06 19:00,170,74,96,0,0,0
2019-09-06 19:15,148,91,57,0,0,0
2019-09-06 19:30,185,108,77,0,0,0
2019-09-06 19:45,159,92,67,0,0,0
2019-09-06 20:00,167,68,99,0,0,0
2019-09-06 20:15,134,71,63,0,0,0
2019-09-06 20:30,126,64,62,0,0,0
2019-09-06 20:45,99,51,48,0,0,0
2019-09-06 21:00,87,36,51,0,0,0
2019-09-06 21:15,89,37,52,0,0,0
2019-09-06 21:30,75,27,48,0,0,0
2019-09-06 21:45,78,28,50,0,0,0
2019-09-06 22:00,86,36,50,0,0,0
2019-09-06 22:15,72,30,42,0,0,0
2019-09-06 22:30,80,27,53,0,0,0
2019-09-06 22:45,85,34,51,0,0,0
2019-09-06 23:00,96,45,51,0,0,0
2019-09-06 23:15,72,23,49,0,0,0
2019-09-06 23:30,62,26,36,0,0,0
2019-09-06 23:45,86,24,62,0,0,0
2019-09-07 00:00,71,17,54,0,0,0
2019-09-07 00:15,53,13,40,0,0,0
2019-09-07 00:30,48,19,29,0,0,0
2019-09-07 00:45,54,13,41,0,0,0
2019-09-07 01:00,46,20,26,0,0,0
2019-09-07 01:15,44,13,31,0,0,0
2019-09-07 01:30,41,14,27,0,0,0
2019-09-07 01:45,32,2,30,0,0,0
2019-09-07 02:00,40,10,30,0,0,0
2019-09-07 02:15,44,12,32,0,0,0
2019-09-07 02:30,31,2,29,0,0,0
2019-09-07 02:45,32,0,32,0,0,0
2019-09-07 03:00,32,3,29,0,0,0
2019-09-07 03:15,14,3,11,0,0,0
2019-09-07 03:30,29,7,22,0,0,0
2019-09-07 03:45,28,3,25,0,0,0
2019-09-07 04:00,17,4,13,0,0,0
2019-09-07 04:15,10,3,7,0,0,0
2019-09-07 04:30,21,4,17,0,0,0
2019-09-07 04:45,21,6,15,0,0,0
2019-09-07 05:00,12,2,10,0,0,0
2019-09-07 05:15,9,1,8,0,0,0
2019-09-07 05:30,12,7,5,0,0,0
2019-09-07 05:45,20,11,9,0,0,0
2019-09-07 06:00,3,2,1,0,0,0
2019-09-07 06:15,14,7,7,0,0,0
2019-09-07 06:30,10,5,5,0,0,0
2019-09-07 06:45,10,8,2,0,0,0
2019-09-07 07:00,12,7,5,0,0,0
2019-09-07 07:15,17,11,6,0,0,0
2019-09-07 07:30,22,15,7,0,0,0
2019-09-07 07:45,44,37,7,0,0,0
2019-09-07 08:00,34,21,13,0,0,0
2019-09-07 08:15,39,27,12,0,0,0
2019-09-07 08:30,46,32,14,0,0,0
2019-09-07 08:45,76,51,25,0,0,0
2019-09-07 09:00,66,51,15,0,0,0
2019-09-07 09:15,80,62,18,0,0,0
2019-09-07 09:30,68,51,17,0,0,0
2019-09-07 09:45,109,83,26,0,0,0
2019-09-07 10:00,79,56,23,0,0,0
2019-09-07 10:15,71,52,19,0,0,0
2019-09-07 10:30,116,86,30,0,0,0
2019-09-07 10:45,127,73,54,0,0,0
2019-09-07 11:00,88,61,27,0,0,0
2019-09-07 11:15,103,67,36,0,0,0
2019-09-07 11:30,120,73,47,0,0,0
2019-09-07 11:45,113,73,40,0,0,0
2019-09-07 12:00,144,89,55,0,0,0
2019-09-07 12:15,125,79,46,0,0,0
2019-09-07 12:30,156,87,69,0,0,0
2019-09-07 12:45,158,108,50,0,0,0
2019-09-07 13:00,155,76,79,0,0,0
2019-09-07 13:15,154,75,79,0,0,0
2019-09-07 13:30,128,79,49,0,0,0
2019-09-07 13:45,162,94,68,0,0,0
2019-09-07 14:00,152,82,70,0,0,0
2019-09-07 14:15,140,73,67,0,0,0
2019-09-07 14:30,136,63,73,0,0,0
2019-09-07 14:45,134,54,80,0,0,0
2019-09-07 15:00,131,58,73,0,0,0
2019-09-07 15:15,126,63,63,0,0,0
2019-09-07 15:30,139,60,79,0,0,0
2019-09-07 15:45,145,80,65,0,0,0
2019-09-07 16:00,163,75,88,0,0,0
2019-09-07 16:15,113,55,58,0,0,0
2019-09-07 16:30,113,62,51,0,0,0
2019-09-07 16:45,132,63,69,0,0,0
2019-09-07 17:00,125,56,69,0,0,0
2019-09-07 17:15,123,72,51,0,0,0
2019-09-07 17:30,128,58,70,0,0,0
2019-09-07 17:45,149,69,80,0,0,0
2019-09-07 18:00,111,47,64,0,0,0
2019-09-07 18:15,140,73,67,0,0,0
2019-09-07 18:30,110,55,55,0,0,0
2019-09-07 18:45,146,79,67,0,0,0
2019-09-07 19:00,147,85,62,0,0,0
2019-09-07 19:15,129,65,64,0,0,0
2019-09-07 19:30,123,66,57,0,0,0
2019-09-07 19:45,151,85,66,0,0,0
2019-09-07 20:00,139,69,70,0,0,0
2019-09-07 20:15,111,65,46,0,0,0
2019-09-07 20:30,115,54,61,0,0,0
2019-09-07 20:45,82,51,31,0,0,0
2019-09-07 21:00,113,34,79,0,0,0
2019-09-07 21:15,97,39,58,0,0,0
2019-09-07 21:30,93,31,62,0,0,0
2019-09-07 21:45,67,31,36,0,0,0
2019-09-07 22:00,70,24,46,0,0,0
2019-09-07 22:15,66,23,43,0,0,0
2019-09-07 22:30,92,33,59,0,0,0
2019-09-07 22:45,75,20,55,0,0,0
2019-09-07 23:00,45,7,38,0,0,0
2019-09-07 23:15,58,14,44,0,0,0
2019-09-07 23:30,73,21,52,0,0,0
2019-09-07 23:45,49,12,37,0,0,0
2019-09-08 00:00,80,22,58,0,0,0
2019-09-08 00:15,67,8,59,0,0,0
2019-09-08 00:30,66,25,41,0,0,0
2019-09-08 00:45,45,13,32,0,0,0
2019-09-08 01:00,64,12,52,0,0,0
2019-09-08 01:15,52,23,29,0,0,0
2019-09-08 01:30,30,8,22,0,0,0
2019-09-08 01:45,42,19,23,0,0,0
2019-09-08 02:00,70,16,54,0,0,0
2019-09-08 02:15,47,11,36,0,0,0
2019-09-08 02:30,42,5,37,0,0,0
2019-09-08 02:45,28,6,22,0,0,0
2019-09-08 03:00,20,10,10,0,0,0
2019-09-08 03:15,53,14,39,0,0,0
2019-09-08 03:30,26,7,19,0,0,0
2019-09-08 03:45,23,4,19,0,0,0
2019-09-08 04:00,25,6,19,0,0,0
2019-09-08 04:15,20,6,14,0,0,0
2019-09-08 04:30,8,2,6,0,0,0
2019-09-08 04:45,11,0,11,0,0,0
2019-09-08 05:00,13,3,10,0,0,0
2019-09-08 05:15,9,2,7,0,0,0
2019-09-08 05:30,18,9,9,0,0,0
2019-09-08 05:45,21,8,13,0,0,0
2019-09-08 06:00,12,6,6,0,0,0
2019-09-08 06:15,9,6,3,0,0,0
2019-09-08 06:30,7,5,2,0,0,0
2019-09-08 06:45,15,9,6,0,0,0
2019-09-08 07:00,12,9,3,0,0,0
2019-09-08 07:15,19,14,5,0,0,0
2019-09-08 07:30,16,13,3,0,0,0
2019-09-08 07:45,36,21,15,0,0,0
2019-09-08 08:00,53,47,6,0,0,0
2019-09-08 08:15,123,105,18,0,0,0
2019-09-08 08:30,154,140,14,0,0,0
2019-09-08 08:45,105,83,22,0,0,0
2019-09-08 09:00,95,34,61,0,0,0
2019-09-08 09:15,129,54,75,0,0,0
2019-09-08 09:30,115,61,54,0,0,0
2019-09-08 09:45,106,75,31,0,0,0
2019-09-08 10:00,105,44,61,0,0,0
2019-09-08 10:15,143,59,84,0,0,0
2019-09-08 10:30,184,61,123,0,0,0
2019-09-08 10:45,168,67,101,0,0,0
2019-09-08 11:00,101,41,60,0,0,0
2019-09-08 11:15,80,50,30,0,0,0
2019-09-08 11:30,104,75,29,0,0,0
2019-09-08 11:45,170,122,48,0,0,0
2019-09-08 12:00,169,139,30,0,0,0
2019-09-08 12:15,149,114,35,0,0,0
2019-09-08 12:30,179,134,45,0,0,0
2019-09-08 12:45,220,152,68,0,0,0
2019-09-08 13:00,175,114,61,0,0,0
2019-09-08 13:15,182,108,74,0,0,0
2019-09-08 13:30,154,62,92,0,0,0
2019-09-08 13:45,159,82,77,0,0,0
2019-09-08 14:00,161,75,86,0,0,0
2019-09-08 14:15,191,73,118,0,0,0
2019-09-08 14:30,169,63,106,0,0,0
2019-09-08 14:45,144,56,88,0,0,0
2019-09-08 15:00,179,57,122,0,0,0
2019-09-08 15:15,150,68,82,0,0,0
2019-09-08 15:30,146,63,83,0,0,0
2019-09-08 15:45,124,60,64,0,0,0
2019-09-08 16:00,116,52,64,0,0,0
2019-09-08 16:15,96,46,50,0,0,0
2019-09-08 16:30,89,37,52,0,0,0
2019-09-08 16:45,133,75,58,0,0,0
2019-09-08 17:00,89,32,57,0,0,0
2019-09-08 17:15,126,43,83,0,0,0
2019-09-08 17:30,130,61,69,0,0,0
2019-09-08 17:45,149,82,67,0,0,0
2019-09-08 18:00,113,39,74,0,0,0
2019-09-08 18:15,113,60,53,0,0,0
2019-09-08 18:30,98,40,58,0,0,0
2019-09-08 18:45,71,39,32,0,0,0
2019-09-08 19:00,71,28,43,0,0,0
2019-09-08 19:15,85,41,44,0,0,0
2019-09-08 19:30,73,27,46,0,0,0
2019-09-08 19:45,79,32,47,0,0,0
2019-09-08 20:00,82,29,53,0,0,0
2019-09-08 20:15,83,44,39,0,0,0
2019-09-08 20:30,59,13,46,0,0,0
2019-09-08 20:45,49,26,23,0,0,0
2019-09-08 21:00,48,12,36,0,0,0
2019-09-08 21:15,40,15,25,0,0,0
2019-09-08 21:30,46,12,34,0,0,0
2019-09-08 21:45,37,10,27,0,0,0
2019-09-08 22:00,43,13,30,0,0,0
2019-09-08 22:15,37,10,27,0,0,0
2019-09-08 22:30,31,11,20,0,0,0
2019-09-08 22:45,27,4,23,0,0,0
2019-09-08 23:00,19,6,13,0,0,0
2019-09-08 23:15,18,7,11,0,0,0
2019-09-08 23:30,11,6,5,0,0,0
2019-09-08 23:45,9,5,4,0,0,0
2019-09-09 00:00,14,5,9,0,0,0
2019-09-09 00:15,8,0,8,0,0,0
2019-09-09 00:30,3,2,1,0,0,0
2019-09-09 00:45,12,3,9,0,0,0
2019-09-09 01:00,5,1,4,0,0,0
2019-09-09 01:15,2,1,1,0,0,0
2019-09-09 01:30,9,1,8,0,0,0
2019-09-09 01:45,4,1,3,0,0,0
2019-09-09 02:00,5,1,4,0,0,0
2019-09-09 02:15,1,0,1,0,0,0
2019-09-09 02:30,2,1,1,0,0,0
2019-09-09 02:45,1,1,0,0,0,0
2019-09-09 03:00,0,0,0,0,0,0
2019-09-09 03:15,1,0,1,0,0,0
2019-09-09 03:30,2,1,1,0,0,0
2019-09-09 03:45,0,0,0,0,0,0
2019-09-09 04:00,0,0,0,0,0,0
2019-09-09 04:15,1,0,1,0,0,0
2019-09-09 04:30,7,3,4,0,0,0
2019-09-09 04:45,14,10,4,0,0,0
2019-09-09 05:00,8,7,1,0,0,0
2019-09-09 05:15,9,5,4,0,0,0
2019-09-09 05:30,25,17,8,0,0,0
2019-09-09 05:45,12,4,8,0,0,0
2019-09-09 06:00,39,22,17,0,0,0
2019-09-09 06:15,49,34,15,0,0,0
2019-09-09 06:30,49,36,13,0,0,0
2019-09-09 06:45,89,58,31,0,0,0
2019-09-09 07:00,95,63,32,0,0,0
2019-09-09 07:15,208,153,55,0,0,0
2019-09-09 07:30,303,221,82,0,0,0
2019-09-09 07:45,297,189,108,0,0,0
2019-09-09 08:00,212,131,81,0,0,0
2019-09-09 08:15,253,162,91,0,0,0
2019-09-09 08:30,190,113,77,0,0,0
2019-09-09 08:45,200,129,71,0,0,0
2019-09-09 09:00,147,99,48,0,0,0
2019-09-09 09:15,145,83,62,0,0,0
2019-09-09 09:30,161,93,68,0,0,0
2019-09-09 09:45,184,88,96,0,0,0
2019-09-09 10:00,122,55,67,0,0,0
2019-09-09 10:15,95,51,44,0,0,0
2019-09-09 10:30,118,69,49,0,0,0
2019-09-09 10:45,116,79,37,0,0,0
2019-09-09 11:00,101,48,53,0,0,0
2019-09-09 11:15,119,53,66,0,0,0
2019-09-09 11:30,138,68,70,0,0,0
2019-09-09 11:45,159,84,75,0,0,0
2019-09-09 12:00,178,89,89,0,0,0
2019-09-09 12:15,138,72,66,0,0,0
2019-09-09 12:30,143,65,78,0,0,0
2019-09-09 12:45,179,88,91,0,0,0
2019-09-09 13:00,187,90,97,0,0,0
2019-09-09 13:15,227,136,91,0,0,0
2019-09-09 13:30,228,157,71,0,0,0
2019-09-09 13:45,229,114,115,0,0,0
2019-09-09 14:00,161,62,99,0,0,0
2019-09-09 14:15,229,134,95,0,0,0
2019-09-09 14:30,149,79,70,0,0,0
2019-09-09 14:45,188,93,95,0,0,0
2019-09-09 15:00,216,100,116,0,0,0
2019-09-09 15:15,207,97,110,0,0,0
2019-09-09 15:30,212,87,125,0,0,0
2019-09-09 15:45,230,93,137,0,0,0
2019-09-09 16:00,175,88,87,0,0,0
2019-09-09 16:15,240,110,130,0,0,0
2019-09-09 16:30,216,109,107,0,0,0
2019-09-09 16:45,251,142,109,0,0,0
2019-09-09 17:00,239,114,125,0,0,0
2019-09-09 17:15,308,121,187,0,0,0
2019-09-09 17:30,352,122,230,0,0,0
2019-09-09 17:45,288,121,167,0,0,0
2019-09-09 18:00,251,102,149,0,0,0
2019-09-09 18:15,244,89,155,0,0,0
2019-09-09 18:30,208,94,114,0,0,0
2019-09-09 18:45,246,126,120,0,0,0
2019-09-09 19:00,192,86,106,0,0,0
2019-09-09 19:15,164,69,95,0,0,0
2019-09-09 19:30,170,73,97,0,0,0
2019-09-09 19:45,164,88,76,0,0,0
2019-09-09 20:00,177,63,114,0,0,0
2019-09-09 20:15,105,43,62,0,0,0
2019-09-09 20:30,105,49,56,0,0,0
2019-09-09 20:45,96,39,57,0,0,0
2019-09-09 21:00,84,36,48,0,0,0
2019-09-09 21:15,95,30,65,0,0,0
2019-09-09 21:30,90,27,63,0,0,0
2019-09-09 21:45,81,29,52,0,0,0
2019-09-09 22:00,104,23,81,0,0,0
2019-09-09 22:15,67,17,50,0,0,0
2019-09-09 22:30,55,12,43,0,0,0
2019-09-09 22:45,79,20,59,0,0,0
2019-09-09 23:00,37,18,19,0,0,0
2019-09-09 23:15,35,9,26,0,0,0
2019-09-09 23:30,33,10,23,0,0,0
2019-09-09 23:45,33,8,25,0,0,0
2019-09-10 00:00,19,4,15,0,0,0
2019-09-10 00:15,24,8,16,0,0,0
2019-09-10 00:30,17,4,13,0,0,0
2019-09-10 00:45,10,1,9,0,0,0
2019-09-10 01:00,15,4,11,0,0,0
2019-09-10 01:15,9,2,7,0,0,0
2019-09-10 01:30,4,1,3,0,0,0
2019-09-10 01:45,5,3,2,0,0,0
2019-09-10 02:00,10,1,9,0,0,0
2019-09-10 02:15,2,0,2,0,0,0
2019-09-10 02:30,4,3,1,0,0,0
2019-09-10 02:45,6,3,3,0,0,0
2019-09-10 03:00,1,1,0,0,0,0
2019-09-10 03:15,5,1,4,0,0,0
2019-09-10 03:30,1,1,0,0,0,0
2019-09-10 03:45,3,0,3,0,0,0
2019-09-10 04:00,0,0,0,0,0,0
2019-09-10 04:15,3,1,2,0,0,0
2019-09-10 04:30,7,5,2,0,0,0
2019-09-10 04:45,9,6,3,0,0,0
2019-09-10 05:00,3,0,3,0,0,0
2019-09-10 05:15,8,4,4,0,0,0
2019-09-10 05:30,22,13,9,0,0,0
2019-09-10 05:45,22,13,9,0,0,0
2019-09-10 06:00,32,21,11,0,0,0
2019-09-10 06:15,39,25,14,0,0,0
2019-09-10 06:30,63,51,12,0,0,0
2019-09-10 06:45,118,91,27,0,0,0
2019-09-10 07:00,228,198,30,0,0,0
2019-09-10 07:15,213,173,40,0,0,0
2019-09-10 07:30,324,232,92,0,0,0
2019-09-10 07:45,263,174,89,0,0,0
2019-09-10 08:00,269,152,117,0,0,0
2019-09-10 08:15,267,145,122,0,0,0
2019-09-10 08:30,192,112,80,0,0,0
2019-09-10 08:45,217,135,82,0,0,0
2019-09-10 09:00,161,109,52,0,0,0
2019-09-10 09:15,150,96,54,0,0,0
2019-09-10 09:30,165,88,77,0,0,0
2019-09-10 09:45,192,88,104,0,0,0
2019-09-10 10:00,135,74,61,0,0,0
2019-09-10 10:15,100,57,43,0,0,0
2019-09-10 10:30,118,69,49,0,0,0
2019-09-10 10:45,127,73,54,0,0,0
2019-09-10 11:00,183,88,95,0,0,0
2019-09-10 11:15,236,75,161,0,0,0
2019-09-10 11:30,137,65,72,0,0,0
2019-09-10 11:45,175,89,86,0,0,0
2019-09-10 12:00,186,98,88,0,0,0
2019-09-10 12:15,172,89,83,0,0,0
2019-09-10 12:30,167,84,83,0,0,0
2019-09-10 12:45,201,109,92,0,0,0
2019-09-10 13:00,194,79,115,0,0,0
2019-09-10 13:15,222,83,139,0,0,0
2019-09-10 13:30,161,85,76,0,0,0
2019-09-10 13:45,188,95,93,0,0,0
2019-09-10 14:00,216,99,117,0,0,0
2019-09-10 14:15,181,87,94,0,0,0
2019-09-10 14:30,195,110,85,0,0,0
2019-09-10 14:45,202,92,110,0,0,0
2019-09-10 15:00,210,96,114,0,0,0
2019-09-10 15:15,187,89,98,0,0,0
2019-09-10 15:30,181,84,97,0,0,0
2019-09-10 15:45,251,127,124,0,0,0
2019-09-10 16:00,243,124,119,0,0,0
2019-09-10 16:15,247,135,112,0,0,0
2019-09-10 16:30,245,122,123,0,0,0
2019-09-10 16:45,260,141,119,0,0,0
2019-09-10 17:00,279,133,146,0,0,0
2019-09-10 17:15,268,124,144,0,0,0
2019-09-10 17:30,282,149,133,0,0,0
2019-09-10 17:45,296,172,124,0,0,0
2019-09-10 18:00,265,115,150,0,0,0
2019-09-10 18:15,276,114,162,0,0,0
2019-09-10 18:30,233,101,132,0,0,0
2019-09-10 18:45,275,136,139,0,0,0
2019-09-10 19:00,200,85,115,0,0,0
2019-09-10 19:15,212,98,114,0,0,0
2019-09-10 19:30,158,87,71,0,0,0
2019-09-10 19:45,191,99,92,0,0,0
2019-09-10 20:00,166,65,101,0,0,0
2019-09-10 20:15,142,61,81,0,0,0
2019-09-10 20:30,131,48,83,0,0,0
2019-09-10 20:45,118,47,71,0,0,0
2019-09-10 21:00,117,29,88,0,0,0
2019-09-10 21:15,104,42,62,0,0,0
2019-09-10 21:30,95,36,59,0,0,0
2019-09-10 21:45,95,30,65,0,0,0
2019-09-10 22:00,93,25,68,0,0,0
2019-09-10 22:15,100,42,58,0,0,0
2019-09-10 22:30,70,22,48,0,0,0
2019-09-10 22:45,64,16,48,0,0,0
2019-09-10 23:00,74,15,59,0,0,0
2019-09-10 23:15,47,16,31,0,0,0
2019-09-10 23:30,43,12,31,0,0,0
2019-09-10 23:45,38,7,31,0,0,0
2019-09-11 00:00,43,5,38,0,0,0
2019-09-11 00:15,36,6,30,0,0,0
2019-09-11 00:30,16,5,11,0,0,0
2019-09-11 00:45,27,8,19,0,0,0
2019-09-11 01:00,22,4,18,0,0,0
2019-09-11 01:15,20,5,15,0,0,0
2019-09-11 01:30,17,5,12,0,0,0
2019-09-11 01:45,7,4,3,0,0,0
2019-09-11 02:00,7,5,2,0,0,0
2019-09-11 02:15,14,3,11,0,0,0
2019-09-11 02:30,3,1,2,0,0,0
2019-09-11 02:45,1,1,0,0,0,0
2019-09-11 03:00,0,0,0,0,0,0
2019-09-11 03:15,1,0,1,0,0,0
2019-09-11 03:30,0,0,0,0,0,0
2019-09-11 03:45,3,2,1,0,0,0
2019-09-11 04:00,4,1,3,0,0,0
2019-09-11 04:15,3,1,2,0,0,0
2019-09-11 04:30,8,5,3,0,0,0
2019-09-11 04:45,12,7,5,0,0,0
2019-09-11 05:00,4,4,0,0,0,0
2019-09-11 05:15,9,6,3,0,0,0
2019-09-11 05:30,23,13,10,0,0,0
2019-09-11 05:45,24,16,8,0,0,0
2019-09-11 06:00,23,16,7,0,0,0
2019-09-11 06:15,47,33,14,0,0,0
2019-09-11 06:30,69,49,20,0,0,0
2019-09-11 06:45,103,76,27,0,0,0
2019-09-11 07:00,119,60,59,0,0,0
2019-09-11 07:15,207,164,43,0,0,0
2019-09-11 07:30,298,222,76,0,0,0
2019-09-11 07:45,288,193,95,0,0,0
2019-09-11 08:00,207,119,88,0,0,0
2019-09-11 08:15,263,172,91,0,0,0
2019-09-11 08:30,221,143,78,0,0,0
2019-09-11 08:45,270,173,97,0,0,0
2019-09-11 09:00,183,103,80,0,0,0
2019-09-11 09:15,138,75,63,0,0,0
2019-09-11 09:30,178,110,68,0,0,0
2019-09-11 09:45,174,100,74,0,0,0
2019-09-11 10:00,166,107,59,0,0,0
2019-09-11 10:15,120,77,43,0,0,0
2019-09-11 10:30,131,81,50,0,0,0
2019-09-11 10:45,130,82,48,0,0,0
2019-09-11 11:00,145,76,69,0,0,0
2019-09-11 11:15,156,99,57,0,0,0
2019-09-11 11:30,182,106,76,0,0,0
2019-09-11 11:45,169,99,70,0,0,0
2019-09-11 12:00,177,102,75,0,0,0
2019-09-11 12:15,164,80,84,0,0,0
2019-09-11 12:30,197,104,93,0,0,0
2019-09-11 12:45,220,122,98,0,0,0
2019-09-11 13:00,272,160,112,0,0,0
2019-09-11 13:15,263,158,105,0,0,0
2019-09-11 13:30,178,90,88,0,0,0
2019-09-11 13:45,212,97,115,0,0,0
2019-09-11 14:00,190,83,107,0,0,0
2019-09-11 14:15,155,61,94,0,0,0
2019-09-11 14:30,161,66,95,0,0,0
2019-09-11 14:45,163,71,92,0,0,0
2019-09-11 15:00,171,76,95,0,0,0
2019-09-11 15:15,181,88,93,0,0,0
2019-09-11 15:30,201,79,122,0,0,0
2019-09-11 15:45,210,101,109,0,0,0
2019-09-11 16:00,208,100,108,0,0,0
2019-09-11 16:15,233,108,125,0,0,0
2019-09-11 16:30,192,79,113,0,0,0
2019-09-11 16:45,227,109,118,0,0,0
2019-09-11 17:00,223,88,135,0,0,0
2019-09-11 17:15,361,122,239,0,0,0
2019-09-11 17:30,231,108,123,0,0,0
2019-09-11 17:45,260,120,140,0,0,0
2019-09-11 18:00,191,73,118,0,0,0
2019-09-11 18:15,175,82,93,0,0,0
2019-09-11 18:30,184,69,115,0,0,0
2019-09-11 18:45,221,97,124,0,0,0
2019-09-11 19:00,179,72,107,0,0,0
2019-09-11 19:15,148,60,88,0,0,0
2019-09-11 19:30,130,68,62,0,0,0
2019-09-11 19:45,129,56,73,0,0,0
2019-09-11 20:00,128,63,65,0,0,0
2019-09-11 20:15,112,51,61,0,0,0
2019-09-11 20:30,90,38,52,0,0,0
2019-09-11 20:45,119,51,68,0,0,0
2019-09-11 21:00,63,16,47,0,0,0
2019-09-11 21:15,82,33,49,0,0,0
2019-09-11 21:30,75,34,41,0,0,0
2019-09-11 21:45,58,21,37,0,0,0
2019-09-11 22:00,66,24,42,0,0,0
2019-09-11 22:15,80,27,53,0,0,0
2019-09-11 22:30,76,30,46,0,0,0
2019-09-11 22:45,46,16,30,0,0,0
2019-09-11 23:00,30,5,25,0,0,0
2019-09-11 23:15,53,22,31,0,0,0
2019-09-11 23:30,45,22,23,0,0,0
2019-09-11 23:45,23,8,15,0,0,0
2019-09-12 00:00,62,26,36,0,0,0
2019-09-12 00:15,34,22,12,0,0,0
2019-09-12 00:30,37,11,26,0,0,0
2019-09-12 00:45,28,11,17,0,0,0
2019-09-12 01:00,23,4,19,0,0,0
2019-09-12 01:15,9,5,4,0,0,0
2019-09-12 01:30,20,5,15,0,0,0
2019-09-12 01:45,17,7,10,0,0,0
2019-09-12 02:00,23,8,15,0,0,0
2019-09-12 02:15,22,6,16,0,0,0
2019-09-12 02:30,18,6,12,0,0,0
2019-09-12 02:45,18,5,13,0,0,0
2019-09-12 03:00,6,2,4,0,0,0
2019-09-12 03:15,12,3,9,0,0,0
2019-09-12 03:30,9,1,8,0,0,0
2019-09-12 03:45,11,5,6,0,0,0
2019-09-12 04:00,3,1,2,0,0,0
2019-09-12 04:15,3,0,3,0,0,0
2019-09-12 04:30,11,5,6,0,0,0
2019-09-12 04:45,13,7,6,0,0,0
2019-09-12 05:00,14,7,7,0,0,0
2019-09-12 05:15,11,5,6,0,0,0
2019-09-12 05:30,15,10,5,0,0,0
2019-09-12 05:45,25,15,10,0,0,0
2019-09-12 06:00,27,21,6,0,0,0
2019-09-12 06:15,43,27,16,0,0,0
2019-09-12 06:30,46,32,14,0,0,0
2019-09-12 06:45,136,98,38,0,0,0
2019-09-12 07:00,169,129,40,0,0,0
2019-09-12 07:15,186,133,53,0,0,0
2019-09-12 07:30,266,206,60,0,0,0
2019-09-12 07:45,275,168,107,0,0,0
2019-09-12 08:00,207,114,93,0,0,0
2019-09-12 08:15,219,135,84,0,0,0
2019-09-12 08:30,201,115,86,0,0,0
2019-09-12 08:45,231,119,112,0,0,0
2019-09-12 09:00,167,117,50,0,0,0
2019-09-12 09:15,129,85,44,0,0,0
2019-09-12 09:30,151,68,83,0,0,0
2019-09-12 09:45,187,82,105,0,0,0
2019-09-12 10:00,131,83,48,0,0,0
2019-09-12 10:15,104,61,43,0,0,0
2019-09-12 10:30,103,58,45,0,0,0
2019-09-12 10:45,99,68,31,0,0,0
2019-09-12 11:00,209,74,135,0,0,0
2019-09-12 11:15,139,65,74,0,0,0
2019-09-12 11:30,140,76,64,0,0,0
2019-09-12 11:45,166,114,52,0,0,0
2019-09-12 12:00,156,73,83,0,0,0
2019-09-12 12:15,147,82,65,0,0,0
2019-09-12 12:30,147,73,74,0,0,0
2019-09-12 12:45,187,111,76,0,0,0
2019-09-12 13:00,157,74,83,0,0,0
2019-09-12 13:15,170,73,97,0,0,0
2019-09-12 13:30,195,96,99,0,0,0
2019-09-12 13:45,211,107,104,0,0,0
2019-09-12 14:00,219,114,105,0,0,0
2019-09-12 14:15,181,94,87,0,0,0
2019-09-12 14:30,186,103,83,0,0,0
2019-09-12 14:45,220,110,110,0,0,0
2019-09-12 15:00,202,94,108,0,0,0
2019-09-12 15:15,185,97,88,0,0,0
2019-09-12 15:30,225,99,126,0,0,0
2019-09-12 15:45,235,130,105,0,0,0
2019-09-12 16:00,262,150,112,0,0,0
2019-09-12 16:15,241,110,131,0,0,0
2019-09-12 16:30,246,137,109,0,0,0
2019-09-12 16:45,245,133,112,0,0,0
2019-09-12 17:00,259,140,119,0,0,0
2019-09-12 17:15,243,111,132,0,0,0
2019-09-12 17:30,277,130,147,0,0,0
2019-09-12 17:45,309,151,158,0,0,0
2019-09-12 18:00,230,112,118,0,0,0
2019-09-12 18:15,261,134,127,0,0,0
2019-09-12 18:30,232,92,140,0,0,0
2019-09-12 18:45,216,117,99,0,0,0
2019-09-12 19:00,184,84,100,0,0,0
2019-09-12 19:15,195,84,111,0,0,0
2019-09-12 19:30,209,91,118,0,0,0
2019-09-12 19:45,209,101,108,0,0,0
2019-09-12 20:00,161,83,78,0,0,0
2019-09-12 20:15,138,60,78,0,0,0
2019-09-12 20:30,96,38,58,0,0,0
2019-09-12 20:45,117,39,78,0,0,0
2019-09-12 21:00,102,47,55,0,0,0
2019-09-12 21:15,93,36,57,0,0,0
2019-09-12 21:30,79,26,53,0,0,0
2019-09-12 21:45,115,48,67,0,0,0
2019-09-12 22:00,102,39,63,0,0,0
2019-09-12 22:15,92,30,62,0,0,0
2019-09-12 22:30,77,26,51,0,0,0
2019-09-12 22:45,51,14,37,0,0,0
2019-09-12 23:00,66,14,52,0,0,0
2019-09-12 23:15,51,18,33,0,0,0
2019-09-12 23:30,32,9,23,0,0,0
2019-09-12 23:45,49,15,34,0,0,0
2019-09-13 00:00,34,9,25,0,0,0
2019-09-13 00:15,22,9,13,0,0,0
2019-09-13 00:30,41,14,27,0,0,0
2019-09-13 00:45,19,6,13,0,0,0
2019-09-13 01:00,11,3,8,0,0,0
2019-09-13 01:15,20,2,18,0,0,0
2019-09-13 01:30,13,3,10,0,0,0
2019-09-13 01:45,25,3,22,0,0,0
2019-09-13 02:00,10,3,7,0,0,0
2019-09-13 02:15,13,2,11,0,0,0
2019-09-13 02:30,4,1,3,0,0,0
2019-09-13 02:45,4,2,2,0,0,0
2019-09-13 03:00,4,1,3,0,0,0
2019-09-13 03:15,4,3,1,0,0,0
2019-09-13 03:30,6,3,3,0,0,0
2019-09-13 03:45,2,1,1,0,0,0
2019-09-13 04:00,2,1,1,0,0,0
2019-09-13 04:15,11,2,9,0,0,0
2019-09-13 04:30,5,2,3,0,0,0
2019-09-13 04:45,17,8,9,0,0,0
2019-09-13 05:00,9,5,4,0,0,0
2019-09-13 05:15,14,12,2,0,0,0
2019-09-13 05:30,16,12,4,0,0,0
2019-09-13 05:45,24,16,8,0,0,0
2019-09-13 06:00,31,19,12,0,0,0
2019-09-13 06:15,42,32,10,0,0,0
2019-09-13 06:30,45,33,12,0,0,0
2019-09-13 06:45,104,77,27,0,0,0
2019-09-13 07:00,132,101,31,0,0,0
2019-09-13 07:15,182,145,37,0,0,0
2019-09-13 07:30,294,228,66,0,0,0
2019-09-13 07:45,263,148,115,0,0,0
2019-09-13 08:00,187,100,87,0,0,0
2019-09-13 08:15,207,128,79,0,0,0
2019-09-13 08:30,212,129,83,0,0,0
2019-09-13 08:45,216,148,68,0,0,0
2019-09-13 09:00,148,94,54,0,0,0
2019-09-13 09:15,142,76,66,0,0,0
2019-09-13 09:30,146,72,74,0,0,0
2019-09-13 09:45,172,93,79,0,0,0
2019-09-13 10:00,94,47,47,0,0,0
2019-09-13 10:15,55,32,23,0,0,0
2019-09-13 10:30,83,51,32,0,0,0
2019-09-13 10:45,87,52,35,0,0,0
2019-09-13 11:00,77,51,26,0,0,0
2019-09-13 11:15,103,47,56,0,0,0
2019-09-13 11:30,96,53,43,0,0,0
2019-09-13 11:45,122,64,58,0,0,0
2019-09-13 12:00,152,87,65,0,0,0
2019-09-13 12:15,160,86,74,0,0,0
2019-09-13 12:30,196,73,123,0,0,0
2019-09-13 12:45,245,109,136,0,0,0
2019-09-13 13:00,196,69,127,0,0,0
2019-09-13 13:15,192,72,120,0,0,0
2019-09-13 13:30,202,95,107,0,0,0
2019-09-13 13:45,246,107,139,0,0,0
2019-09-13 14:00,247,137,110,0,0,0
2019-09-13 14:15,187,91,96,0,0,0
2019-09-13 14:30,167,84,83,0,0,0
2019-09-13 14:45,179,102,77,0,0,0
2019-09-13 15:00,160,78,82,0,0,0
2019-09-13 15:15,191,98,93,0,0,0
2019-09-13 15:30,200,101,99,0,0,0
2019-09-13 15:45,197,113,84,0,0,0
2019-09-13 16:00,192,118,74,0,0,0
2019-09-13 16:15,230,129,101,0,0,0
2019-09-13 16:30,176,107,69,0,0,0
2019-09-13 16:45,206,125,81,0,0,0
2019-09-13 17:00,188,100,88,0,0,0
2019-09-13 17:15,201,115,86,0,0,0
2019-09-13 17:30,198,104,94,0,0,0
2019-09-13 17:45,201,97,104,0,0,0
2019-09-13 18:00,180,67,113,0,0,0
2019-09-13 18:15,198,110,88,0,0,0
2019-09-13 18:30,222,97,125,0,0,0
2019-09-13 18:45,197,115,82,0,0,0
2019-09-13 19:00,193,72,121,0,0,0
2019-09-13 19:15,159,81,78,0,0,0
2019-09-13 19:30,161,87,74,0,0,0
2019-09-13 19:45,152,91,61,0,0,0
2019-09-13 20:00,147,67,80,0,0,0
2019-09-13 20:15,123,73,50,0,0,0
2019-09-13 20:30,119,54,65,0,0,0
2019-09-13 20:45,102,49,53,0,0,0
2019-09-13 21:00,104,52,52,0,0,0
2019-09-13 21:15,90,47,43,0,0,0
2019-09-13 21:30,85,51,34,0,0,0
2019-09-13 21:45,79,34,45,0,0,0
2019-09-13 22:00,78,32,46,0,0,0
2019-09-13 22:15,69,30,39,0,0,0
2019-09-13 22:30,84,26,58,0,0,0
2019-09-13 22:45,81,31,50,0,0,0
2019-09-13 23:00,66,22,44,0,0,0
2019-09-13 23:15,52,20,32,0,0,0
2019-09-13 23:30,41,12,29,0,0,0
2019-09-13 23:45,81,32,49,0,0,0
2019-09-14 00:00,78,37,41,0,0,0
2019-09-14 00:15,60,10,50,0,0,0
2019-09-14 00:30,64,25,39,0,0,0
2019-09-14 00:45,47,23,24,0,0,0
2019-09-14 01:00,52,8,44,0,0,0
2019-09-14 01:15,41,13,28,0,0,0
2019-09-14 01:30,53,8,45,0,0,0
2019-09-14 01:45,36,5,31,0,0,0
2019-09-14 02:00,44,16,28,0,0,0
2019-09-14 02:15,35,11,24,0,0,0
2019-09-14 02:30,32,6,26,0,0,0
2019-09-14 02:45,29,7,22,0,0,0
2019-09-14 03:00,34,3,31,0,0,0
2019-09-14 03:15,20,2,18,0,0,0
2019-09-14 03:30,23,1,22,0,0,0
2019-09-14 03:45,20,11,9,0,0,0
2019-09-14 04:00,17,6,11,0,0,0
2019-09-14 04:15,22,3,19,0,0,0
2019-09-14 04:30,8,3,5,0,0,0
2019-09-14 04:45,11,2,9,0,0,0
2019-09-14 05:00,18,5,13,0,0,0
2019-09-14 05:15,17,2,15,0,0,0
2019-09-14 05:30,19,12,7,0,0,0
2019-09-14 05:45,10,7,3,0,0,0
2019-09-14 06:00,9,5,4,0,0,0
2019-09-14 06:15,13,7,6,0,0,0
2019-09-14 06:30,8,6,2,0,0,0
2019-09-14 06:45,13,7,6,0,0,0
2019-09-14 07:00,19,11,8,0,0,0
2019-09-14 07:15,12,9,3,0,0,0
2019-09-14 07:30,25,16,9,0,0,0
2019-09-14 07:45,50,36,14,0,0,0
2019-09-14 08:00,33,21,12,0,0,0
2019-09-14 08:15,50,35,15,0,0,0
2019-09-14 08:30,62,39,23,0,0,0
2019-09-14 08:45,76,49,27,0,0,0
2019-09-14 09:00,52,39,13,0,0,0
2019-09-14 09:15,70,45,25,0,0,0
2019-09-14 09:30,74,56,18,0,0,0
2019-09-14 09:45,134,103,31,0,0,0
2019-09-14 10:00,133,101,32,0,0,0
2019-09-14 10:15,98,67,31,0,0,0
2019-09-14 10:30,141,90,51,0,0,0
2019-09-14 10:45,160,104,56,0,0,0
2019-09-14 11:00,121,78,43,0,0,0
2019-09-14 11:15,117,75,42,0,0,0
2019-09-14 11:30,113,73,40,0,0,0
2019-09-14 11:45,137,96,41,0,0,0
2019-09-14 12:00,163,96,67,0,0,0
2019-09-14 12:15,161,106,55,0,0,0
2019-09-14 12:30,173,102,71,0,0,0
2019-09-14 12:45,197,110,87,0,0,0
2019-09-14 13:00,135,69,66,0,0,0
2019-09-14 13:15,190,107,83,0,0,0
2019-09-14 13:30,169,87,82,0,0,0
2019-09-14 13:45,201,121,80,0,0,0
2019-09-14 14:00,142,77,65,0,0,0
2019-09-14 14:15,145,66,79,0,0,0
2019-09-14 14:30,173,106,67,0,0,0
2019-09-14 14:45,212,95,117,0,0,0
2019-09-14 15:00,167,81,86,0,0,0
2019-09-14 15:15,204,98,106,0,0,0
2019-09-14 15:30,152,80,72,0,0,0
2019-09-14 15:45,204,112,92,0,0,0
2019-09-14 16:00,147,65,82,0,0,0
2019-09-14 16:15,181,59,122,0,0,0
2019-09-14 16:30,160,69,91,0,0,0
2019-09-14 16:45,167,74,93,0,0,0
2019-09-14 17:00,142,78,64,0,0,0
2019-09-14 17:15,140,63,77,0,0,0
2019-09-14 17:30,163,82,81,0,0,0
2019-09-14 17:45,175,92,83,0,0,0
2019-09-14 18:00,157,74,83,0,0,0
2019-09-14 18:15,126,55,71,0,0,0
2019-09-14 18:30,135,65,70,0,0,0
2019-09-14 18:45,172,90,82,0,0,0
2019-09-14 19:00,169,81,88,0,0,0
2019-09-14 19:15,132,66,66,0,0,0
2019-09-14 19:30,128,57,71,0,0,0
2019-09-14 19:45,131,62,69,0,0,0
2019-09-14 20:00,126,43,83,0,0,0
2019-09-14 20:15,112,49,63,0,0,0
2019-09-14 20:30,102,54,48,0,0,0
2019-09-14 20:45,90,39,51,0,0,0
2019-09-14 21:00,86,37,49,0,0,0
2019-09-14 21:15,69,37,32,0,0,0
2019-09-14 21:30,73,40,33,0,0,0
2019-09-14 21:45,89,30,59,0,0,0
2019-09-14 22:00,76,33,43,0,0,0
2019-09-14 22:15,50,18,32,0,0,0
2019-09-14 22:30,55,24,31,0,0,0
2019-09-14 22:45,70,35,35,0,0,0
2019-09-14 23:00,50,30,20,0,0,0
2019-09-14 23:15,68,28,40,0,0,0
2019-09-14 23:30,50,19,31,0,0,0
2019-09-14 23:45,53,22,31,0,0,0
2019-09-15 00:00,74,25,49,0,0,0
2019-09-15 00:15,38,14,24,0,0,0
2019-09-15 00:30,53,20,33,0,0,0
2019-09-15 00:45,48,14,34,0,0,0
2019-09-15 01:00,73,19,54,0,0,0
2019-09-15 01:15,72,27,45,0,0,0
2019-09-15 01:30,42,14,28,0,0,0
2019-09-15 01:45,27,6,21,0,0,0
2019-09-15 02:00,48,10,38,0,0,0
2019-09-15 02:15,27,3,24,0,0,0
2019-09-15 02:30,37,2,35,0,0,0
2019-09-15 02:45,31,4,27,0,0,0
2019-09-15 03:00,26,10,16,0,0,0
2019-09-15 03:15,30,5,25,0,0,0
2019-09-15 03:30,20,10,10,0,0,0
2019-09-15 03:45,29,9,20,0,0,0
2019-09-15 04:00,31,3,28,0,0,0
2019-09-15 04:15,23,3,20,0,0,0
2019-09-15 04:30,20,1,19,0,0,0
2019-09-15 04:45,14,3,11,0,0,0
2019-09-15 05:00,24,8,16,0,0,0
2019-09-15 05:15,19,3,16,0,0,0
2019-09-15 05:30,12,4,8,0,0,0
2019-09-15 05:45,4,3,1,0,0,0
2019-09-15 06:00,17,5,12,0,0,0
2019-09-15 06:15,8,4,4,0,0,0
2019-09-15 06:30,13,5,8,0,0,0
2019-09-15 06:45,15,9,6,0,0,0
2019-09-15 07:00,6,2,4,0,0,0
2019-09-15 07:15,6,4,2,0,0,0
2019-09-15 07:30,11,5,6,0,0,0
2019-09-15 07:45,19,11,8,0,0,0
2019-09-15 08:00,12,9,3,0,0,0
2019-09-15 08:15,18,15,3,0,0,0
2019-09-15 08:30,38,21,17,0,0,0
2019-09-15 08:45,37,26,11,0,0,0
2019-09-15 09:00,37,23,14,0,0,0
2019-09-15 09:15,45,26,19,0,0,0
2019-09-15 09:30,56,40,16,0,0,0
2019-09-15 09:45,74,50,24,0,0,0
2019-09-15 10:00,69,49,20,0,0,0
2019-09-15 10:15,83,39,44,0,0,0
2019-09-15 10:30,66,34,32,0,0,0
2019-09-15 10:45,132,103,29,0,0,0
2019-09-15 11:00,119,78,41,0,0,0
2019-09-15 11:15,74,38,36,0,0,0
2019-09-15 11:30,85,47,38,0,0,0
2019-09-15 11:45,105,44,61,0,0,0
2019-09-15 12:00,72,43,29,0,0,0
2019-09-15 12:15,86,44,42,0,0,0
2019-09-15 12:30,102,58,44,0,0,0
2019-09-15 12:45,133,60,73,0,0,0
2019-09-15 13:00,148,79,69,0,0,0
2019-09-15 13:15,118,61,57,0,0,0
2019-09-15 13:30,111,54,57,0,0,0
2019-09-15 13:45,119,64,55,0,0,0
2019-09-15 14:00,121,68,53,0,0,0
2019-09-15 14:15,118,65,53,0,0,0
2019-09-15 14:30,126,63,63,0,0,0
2019-09-15 14:45,151,81,70,0,0,0
2019-09-15 15:00,162,92,70,0,0,0
2019-09-15 15:15,152,67,85,0,0,0
2019-09-15 15:30,125,63,62,0,0,0
2019-09-15 15:45,126,75,51,0,0,0
2019-09-15 16:00,113,67,46,0,0,0
2019-09-15 16:15,136,70,66,0,0,0
2019-09-15 16:30,140,65,75,0,0,0
2019-09-15 16:45,122,59,63,0,0,0
2019-09-15 17:00,149,78,71,0,0,0
2019-09-15 17:15,129,66,63,0,0,0
2019-09-15 17:30,163,91,72,0,0,0
2019-09-15 17:45,160,79,81,0,0,0
2019-09-15 18:00,150,93,57,0,0,0
2019-09-15 18:15,152,76,76,0,0,0
2019-09-15 18:30,137,57,80,0,0,0
2019-09-15 18:45,139,75,64,0,0,0
2019-09-15 19:00,130,53,77,0,0,0
2019-09-15 19:15,87,44,43,0,0,0
2019-09-15 19:30,109,63,46,0,0,0
2019-09-15 19:45,120,42,78,0,0,0
2019-09-15 20:00,100,37,63,0,0,0
2019-09-15 20:15,94,39,55,0,0,0
2019-09-15 20:30,76,35,41,0,0,0
2019-09-15 20:45,66,28,38,0,0,0
2019-09-15 21:00,55,20,35,0,0,0
2019-09-15 21:15,42,17,25,0,0,0
2019-09-15 21:30,41,18,23,0,0,0
2019-09-15 21:45,53,22,31,0,0,0
2019-09-15 22:00,48,16,32,0,0,0
2019-09-15 22:15,33,11,22,0,0,0
2019-09-15 22:30,54,9,45,0,0,0
2019-09-15 22:45,30,9,21,0,0,0
2019-09-15 23:00,45,8,37,0,0,0
2019-09-15 23:15,26,6,20,0,0,0
2019-09-15 23:30,17,7,10,0,0,0
2019-09-15 23:45,11,6,5,0,0,0
2019-09-16 00:00,12,2,10,0,0,0
2019-09-16 00:15,12,3,9,0,0,0
2019-09-16 00:30,9,5,4,0,0,0
2019-09-16 00:45,10,3,7,0,0,0
2019-09-16 01:00,4,0,4,0,0,0
2019-09-16 01:15,4,0,4,0,0,0
2019-09-16 01:30,2,1,1,0,0,0
2019-09-16 01:45,1,1,0,0,0,0
2019-09-16 02:00,4,1,3,0,0,0
2019-09-16 02:15,3,1,2,0,0,0
2019-09-16 02:30,5,1,4,0,0,0
2019-09-16 02:45,1,1,0,0,0,0
2019-09-16 03:00,3,1,2,0,0,0
2019-09-16 03:15,2,0,2,0,0,0
2019-09-16 03:30,5,2,3,0,0,0
2019-09-16 03:45,4,3,1,0,0,0
2019-09-16 04:00,0,0,0,0,0,0
2019-09-16 04:15,0,0,0,0,0,0
2019-09-16 04:30,6,2,4,0,0,0
2019-09-16 04:45,7,5,2,0,0,0
2019-09-16 05:00,3,2,1,0,0,0
2019-09-16 05:15,7,5,2,0,0,0
2019-09-16 05:30,15,13,2,0,0,0
2019-09-16 05:45,22,12,10,0,0,0
2019-09-16 06:00,27,15,12,0,0,0
2019-09-16 06:15,38,27,11,0,0,0
2019-09-16 06:30,51,40,11,0,0,0
2019-09-16 06:45,69,51,18,0,0,0
2019-09-16 07:00,122,96,26,0,0,0
2019-09-16 07:15,129,86,43,0,0,0
2019-09-16 07:30,214,159,55,0,0,0
2019-09-16 07:45,230,153,77,0,0,0
2019-09-16 08:00,162,96,66,0,0,0
2019-09-16 08:15,165,91,74,0,0,0
2019-09-16 08:30,140,94,46,0,0,0
2019-09-16 08:45,156,100,56,0,0,0
2019-09-16 09:00,110,67,43,0,0,0
2019-09-16 09:15,76,40,36,0,0,0
2019-09-16 09:30,108,53,55,0,0,0
2019-09-16 09:45,130,67,63,0,0,0
2019-09-16 10:00,66,32,34,0,0,0
2019-09-16 10:15,77,45,32,0,0,0
2019-09-16 10:30,59,27,32,0,0,0
2019-09-16 10:45,60,39,21,0,0,0
2019-09-16 11:00,122,39,83,0,0,0
2019-09-16 11:15,85,42,43,0,0,0
2019-09-16 11:30,86,40,46,0,0,0
2019-09-16 11:45,114,48,66,0,0,0
2019-09-16 12:00,89,42,47,0,0,0
2019-09-16 12:15,89,43,46,0,0,0
2019-09-16 12:30,118,59,59,0,0,0
2019-09-16 12:45,106,56,50,0,0,0
2019-09-16 13:00,115,58,57,0,0,0
2019-09-16 13:15,121,56,65,0,0,0
2019-09-16 13:30,124,67,57,0,0,0
2019-09-16 13:45,139,75,64,0,0,0
2019-09-16 14:00,135,65,70,0,0,0
2019-09-16 14:15,107,57,50,0,0,0
2019-09-16 14:30,121,60,61,0,0,0
2019-09-16 14:45,109,52,57,0,0,0
2019-09-16 15:00,145,71,74,0,0,0
2019-09-16 15:15,162,78,84,0,0,0
2019-09-16 15:30,123,64,59,0,0,0
2019-09-16 15:45,200,92,108,0,0,0
2019-09-16 16:00,148,62,86,0,0,0
2019-09-16 16:15,180,103,77,0,0,0
2019-09-16 16:30,182,76,106,0,0,0
2019-09-16 16:45,199,103,96,0,0,0
2019-09-16 17:00,178,92,86,0,0,0
2019-09-16 17:15,201,94,107,0,0,0
2019-09-16 17:30,209,95,114,0,0,0
2019-09-16 17:45,209,90,119,0,0,0
2019-09-16 18:00,207,94,113,0,0,0
2019-09-16 18:15,202,90,112,0,0,0
2019-09-16 18:30,176,86,90,0,0,0
2019-09-16 18:45,213,93,120,0,0,0
2019-09-16 19:00,192,99,93,0,0,0
2019-09-16 19:15,130,65,65,0,0,0
2019-09-16 19:30,151,71,80,0,0,0
2019-09-16 19:45,139,59,80,0,0,0
2019-09-16 20:00,130,50,80,0,0,0
2019-09-16 20:15,125,51,74,0,0,0
2019-09-16 20:30,112,43,69,0,0,0
2019-09-16 20:45,86,43,43,0,0,0
2019-09-16 21:00,69,40,29,0,0,0
2019-09-16 21:15,49,22,27,0,0,0
2019-09-16 21:30,61,19,42,0,0,0
2019-09-16 21:45,76,17,59,0,0,0
2019-09-16 22:00,76,24,52,0,0,0
2019-09-16 22:15,84,41,43,0,0,0
2019-09-16 22:30,58,16,42,0,0,0
2019-09-16 22:45,44,9,35,0,0,0
2019-09-16 23:00,56,11,45,0,0,0
2019-09-16 23:15,33,9,24,0,0,0
2019-09-16 23:30,31,9,22,0,0,0
2019-09-16 23:45,29,14,15,0,0,0
2019-09-17 00:00,30,6,24,0,0,0
2019-09-17 00:15,28,6,22,0,0,0
2019-09-17 00:30,15,1,14,0,0,0
2019-09-17 00:45,18,5,13,0,0,0
2019-09-17 01:00,4,2,2,0,0,0
2019-09-17 01:15,8,2,6,0,0,0
2019-09-17 01:30,11,2,9,0,0,0
2019-09-17 01:45,3,1,2,0,0,0
2019-09-17 02:00,6,2,4,0,0,0
2019-09-17 02:15,13,2,11,0,0,0
2019-09-17 02:30,0,0,0,0,0,0
2019-09-17 02:45,5,4,1,0,0,0
2019-09-17 03:00,0,0,0,0,0,0
2019-09-17 03:15,2,2,0,0,0,0
2019-09-17 03:30,5,1,4,0,0,0
2019-09-17 03:45,1,0,1,0,0,0
2019-09-17 04:00,4,0,4,0,0,0
2019-09-17 04:15,0,0,0,0,0,0
2019-09-17 04:30,4,4,0,0,0,0
2019-09-17 04:45,12,6,6,0,0,0
2019-09-17 05:00,7,6,1,0,0,0
2019-09-17 05:15,15,10,5,0,0,0
2019-09-17 05:30,16,8,8,0,0,0
2019-09-17 05:45,25,13,12,0,0,0
2019-09-17 06:00,29,17,12,0,0,0
2019-09-17 06:15,47,37,10,0,0,0
2019-09-17 06:30,57,41,16,0,0,0
2019-09-17 06:45,118,76,42,0,0,0
2019-09-17 07:00,229,184,45,0,0,0
2019-09-17 07:15,173,130,43,0,0,0
2019-09-17 07:30,240,238,2,0,0,0
2019-09-17 07:45,305,193,112,0,0,0
2019-09-17 08:00,216,122,94,0,0,0
2019-09-17 08:15,206,144,62,0,0,0
2019-09-17 08:30,213,145,68,0,0,0
2019-09-17 08:45,264,171,93,0,0,0
2019-09-17 09:00,171,104,67,0,0,0
2019-09-17 09:15,158,98,60,0,0,0
2019-09-17 09:30,172,98,74,0,0,0
2019-09-17 09:45,212,107,105,0,0,0
2019-09-17 10:00,137,69,68,0,0,0
2019-09-17 10:15,122,74,48,0,0,0
2019-09-17 10:30,107,66,41,0,0,0
2019-09-17 10:45,123,67,56,0,0,0
2019-09-17 11:00,130,73,57,0,0,0
2019-09-17 11:15,149,85,64,0,0,0
2019-09-17 11:30,134,70,64,0,0,0
2019-09-17 11:45,153,82,71,0,0,0
2019-09-17 12:00,150,83,67,0,0,0
2019-09-17 12:15,149,68,81,0,0,0
2019-09-17 12:30,158,85,73,0,0,0
2019-09-17 12:45,173,92,81,0,0,0
2019-09-17 13:00,365,79,286,0,0,0
2019-09-17 13:15,183,69,114,0,0,0
2019-09-17 13:30,190,81,109,0,0,0
2019-09-17 13:45,189,96,93,0,0,0
2019-09-17 14:00,226,97,129,0,0,0
2019-09-17 14:15,157,80,77,0,0,0
2019-09-17 14:30,172,79,93,0,0,0
2019-09-17 14:45,169,79,90,0,0,0
2019-09-17 15:00,176,88,88,0,0,0
2019-09-17 15:15,148,63,85,0,0,0
2019-09-17 15:30,187,89,98,0,0,0
2019-09-17 15:45,195,100,95,0,0,0
2019-09-17 16:00,213,109,104,0,0,0
2019-09-17 16:15,226,88,138,0,0,0
2019-09-17 16:30,244,141,103,0,0,0
2019-09-17 16:45,235,100,135,0,0,0
2019-09-17 17:00,260,105,155,0,0,0
2019-09-17 17:15,284,136,148,0,0,0
2019-09-17 17:30,267,120,147,0,0,0
2019-09-17 17:45,296,113,183,0,0,0
2019-09-17 18:00,244,115,129,0,0,0
2019-09-17 18:15,249,97,152,0,0,0
2019-09-17 18:30,249,115,134,0,0,0
2019-09-17 18:45,229,100,129,0,0,0
2019-09-17 19:00,226,100,126,0,0,0
2019-09-17 19:15,177,87,90,0,0,0
2019-09-17 19:30,176,103,73,0,0,0
2019-09-17 19:45,165,82,83,0,0,0
2019-09-17 20:00,163,70,93,0,0,0
2019-09-17 20:15,162,64,98,0,0,0
2019-09-17 20:30,105,46,59,0,0,0
2019-09-17 20:45,116,44,72,0,0,0
2019-09-17 21:00,87,36,51,0,0,0
2019-09-17 21:15,67,26,41,0,0,0
2019-09-17 21:30,82,29,53,0,0,0
2019-09-17 21:45,86,25,61,0,0,0
2019-09-17 22:00,77,20,57,0,0,0
2019-09-17 22:15,69,36,33,0,0,0
2019-09-17 22:30,69,18,51,0,0,0
2019-09-17 22:45,58,24,34,0,0,0
2019-09-17 23:00,115,38,77,0,0,0
2019-09-17 23:15,68,12,56,0,0,0
2019-09-17 23:30,55,18,37,0,0,0
2019-09-17 23:45,40,12,28,0,0,0
2019-09-18 00:00,39,12,27,0,0,0
2019-09-18 00:15,32,10,22,0,0,0
2019-09-18 00:30,29,5,24,0,0,0
2019-09-18 00:45,19,6,13,0,0,0
2019-09-18 01:00,20,3,17,0,0,0
2019-09-18 01:15,25,2,23,0,0,0
2019-09-18 01:30,9,3,6,0,0,0
2019-09-18 01:45,12,4,8,0,0,0
2019-09-18 02:00,8,0,8,0,0,0
2019-09-18 02:15,8,1,7,0,0,0
2019-09-18 02:30,4,1,3,0,0,0
2019-09-18 02:45,10,0,10,0,0,0
2019-09-18 03:00,5,1,4,0,0,0
2019-09-18 03:15,4,0,4,0,0,0
2019-09-18 03:30,2,1,1,0,0,0
2019-09-18 03:45,3,2,1,0,0,0
2019-09-18 04:00,4,4,0,0,0,0
2019-09-18 04:15,3,1,2,0,0,0
2019-09-18 04:30,8,6,2,0,0,0
2019-09-18 04:45,9,4,5,0,0,0
2019-09-18 05:00,9,6,3,0,0,0
2019-09-18 05:15,13,8,5,0,0,0
2019-09-18 05:30,25,14,11,0,0,0
2019-09-18 05:45,25,18,7,0,0,0
2019-09-18 06:00,30,22,8,0,0,0
2019-09-18 06:15,30,20,10,0,0,0
2019-09-18 06:30,52,43,9,0,0,0
2019-09-18 06:45,92,65,27,0,0,0
2019-09-18 07:00,107,72,35,0,0,0
2019-09-18 07:15,158,123,35,0,0,0
2019-09-18 07:30,269,195,74,0,0,0
2019-09-18 07:45,285,188,97,0,0,0
2019-09-18 08:00,210,124,86,0,0,0
2019-09-18 08:15,221,152,69,0,0,0
2019-09-18 08:30,209,138,71,0,0,0
2019-09-18 08:45,253,150,103,0,0,0
2019-09-18 09:00,188,119,69,0,0,0
2019-09-18 09:15,149,85,64,0,0,0
2019-09-18 09:30,158,85,73,0,0,0
2019-09-18 09:45,197,124,73,0,0,0
2019-09-18 10:00,131,75,56,0,0,0
2019-09-18 10:15,123,77,46,0,0,0
2019-09-18 10:30,119,80,39,0,0,0
2019-09-18 10:45,148,90,58,0,0,0
2019-09-18 11:00,156,103,53,0,0,0
2019-09-18 11:15,142,93,49,0,0,0
2019-09-18 11:30,145,81,64,0,0,0
2019-09-18 11:45,174,96,78,0,0,0
2019-09-18 12:00,148,75,73,0,0,0
2019-09-18 12:15,171,82,89,0,0,0
2019-09-18 12:30,170,98,72,0,0,0
2019-09-18 12:45,188,91,97,0,0,0
2019-09-18 13:00,211,118,93,0,0,0
2019-09-18 13:15,252,155,97,0,0,0
2019-09-18 13:30,196,104,92,0,0,0
2019-09-18 13:45,207,85,122,0,0,0
2019-09-18 14:00,171,69,102,0,0,0
2019-09-18 14:15,199,89,110,0,0,0
2019-09-18 14:30,175,91,84,0,0,0
2019-09-18 14:45,200,71,129,0,0,0
2019-09-18 15:00,178,81,97,0,0,0
2019-09-18 15:15,180,94,86,0,0,0
2019-09-18 15:30,235,98,137,0,0,0
2019-09-18 15:45,222,90,132,0,0,0
2019-09-18 16:00,234,95,139,0,0,0
2019-09-18 16:15,243,106,137,0,0,0
2019-09-18 16:30,211,98,113,0,0,0
2019-09-18 16:45,261,109,152,0,0,0
2019-09-18 17:00,224,103,121,0,0,0
2019-09-18 17:15,292,132,160,0,0,0
2019-09-18 17:30,367,118,249,0,0,0
2019-09-18 17:45,302,134,168,0,0,0
2019-09-18 18:00,282,135,147,0,0,0
2019-09-18 18:15,266,107,159,0,0,0
2019-09-18 18:30,206,81,125,0,0,0
2019-09-18 18:45,255,101,154,0,0,0
2019-09-18 19:00,197,86,111,0,0,0
2019-09-18 19:15,182,88,94,0,0,0
2019-09-18 19:30,182,79,103,0,0,0
2019-09-18 19:45,160,62,98,0,0,0
2019-09-18 20:00,160,74,86,0,0,0
2019-09-18 20:15,148,57,91,0,0,0
2019-09-18 20:30,126,53,73,0,0,0
2019-09-18 20:45,115,58,57,0,0,0
2019-09-18 21:00,83,32,51,0,0,0
2019-09-18 21:15,109,43,66,0,0,0
2019-09-18 21:30,83,27,56,0,0,0
2019-09-18 21:45,99,38,61,0,0,0
2019-09-18 22:00,87,38,49,0,0,0
2019-09-18 22:15,92,35,57,0,0,0
2019-09-18 22:30,100,40,60,0,0,0
2019-09-18 22:45,82,41,41,0,0,0
2019-09-18 23:00,79,39,40,0,0,0
2019-09-18 23:15,76,27,49,0,0,0
2019-09-18 23:30,65,25,40,0,0,0
2019-09-18 23:45,57,25,32,0,0,0
2019-09-19 00:00,46,18,28,0,0,0
2019-09-19 00:15,51,28,23,0,0,0
2019-09-19 00:30,41,18,23,0,0,0
2019-09-19 00:45,15,7,8,0,0,0
2019-09-19 01:00,24,12,12,0,0,0
2019-09-19 01:15,16,3,13,0,0,0
2019-09-19 01:30,25,9,16,0,0,0
2019-09-19 01:45,8,0,8,0,0,0
2019-09-19 02:00,20,3,17,0,0,0
2019-09-19 02:15,17,0,17,0,0,0
2019-09-19 02:30,20,1,19,0,0,0
2019-09-19 02:45,34,4,30,0,0,0
2019-09-19 03:00,16,5,11,0,0,0
2019-09-19 03:15,13,2,11,0,0,0
2019-09-19 03:30,15,1,14,0,0,0
2019-09-19 03:45,12,1,11,0,0,0
2019-09-19 04:00,9,2,7,0,0,0
2019-09-19 04:15,10,0,10,0,0,0
2019-09-19 04:30,9,5,4,0,0,0
2019-09-19 04:45,11,6,5,0,0,0
2019-09-19 05:00,10,7,3,0,0,0
2019-09-19 05:15,14,11,3,0,0,0
2019-09-19 05:30,27,12,15,0,0,0
2019-09-19 05:45,25,9,16,0,0,0
2019-09-19 06:00,28,23,5,0,0,0
2019-09-19 06:15,41,29,12,0,0,0
2019-09-19 06:30,44,31,13,0,0,0
2019-09-19 06:45,90,61,29,0,0,0
2019-09-19 07:00,102,60,42,0,0,0
2019-09-19 07:15,150,114,36,0,0,0
2019-09-19 07:30,286,208,78,0,0,0
2019-09-19 07:45,265,176,89,0,0,0
2019-09-19 08:00,205,111,94,0,0,0
2019-09-19 08:15,222,133,89,0,0,0
2019-09-19 08:30,213,137,76,0,0,0
2019-09-19 08:45,228,121,107,0,0,0
2019-09-19 09:00,176,109,67,0,0,0
2019-09-19 09:15,183,123,60,0,0,0
2019-09-19 09:30,168,100,68,0,0,0
2019-09-19 09:45,220,116,104,0,0,0
2019-09-19 10:00,152,85,67,0,0,0
2019-09-19 10:15,113,78,35,0,0,0
2019-09-19 10:30,138,82,56,0,0,0
2019-09-19 10:45,101,66,35,0,0,0
2019-09-19 11:00,102,61,41,0,0,0
2019-09-19 11:15,155,90,65,0,0,0
2019-09-19 11:30,149,88,61,0,0,0
2019-09-19 11:45,145,84,61,0,0,0
2019-09-19 12:00,154,77,77,0,0,0
2019-09-19 12:15,157,75,82,0,0,0
2019-09-19 12:30,155,82,73,0,0,0
2019-09-19 12:45,200,107,93,0,0,0
2019-09-19 13:00,236,134,102,0,0,0
2019-09-19 13:15,277,142,135,0,0,0
2019-09-19 13:30,171,90,81,0,0,0
2019-09-19 13:45,196,86,110,0,0,0
2019-09-19 14:00,213,95,118,0,0,0
2019-09-19 14:15,198,78,120,0,0,0
2019-09-19 14:30,189,91,98,0,0,0
2019-09-19 14:45,181,92,89,0,0,0
2019-09-19 15:00,186,100,86,0,0,0
2019-09-19 15:15,204,99,105,0,0,0
2019-09-19 15:30,236,87,149,0,0,0
2019-09-19 15:45,260,104,156,0,0,0
2019-09-19 16:00,248,133,115,0,0,0
2019-09-19 16:15,222,79,143,0,0,0
2019-09-19 16:30,248,127,121,0,0,0
2019-09-19 16:45,259,127,132,0,0,0
2019-09-19 17:00,369,139,230,0,0,0
2019-09-19 17:15,265,123,142,0,0,0
2019-09-19 17:30,290,140,150,0,0,0
2019-09-19 17:45,288,107,181,0,0,0
2019-09-19 18:00,229,106,123,0,0,0
2019-09-19 18:15,253,110,143,0,0,0
2019-09-19 18:30,214,86,128,0,0,0
2019-09-19 18:45,266,125,141,0,0,0
2019-09-19 19:00,200,95,105,0,0,0
2019-09-19 19:15,221,97,124,0,0,0
2019-09-19 19:30,184,89,95,0,0,0
2019-09-19 19:45,223,92,131,0,0,0
2019-09-19 20:00,175,82,93,0,0,0
2019-09-19 20:15,134,53,81,0,0,0
2019-09-19 20:30,113,50,63,0,0,0
2019-09-19 20:45,85,32,53,0,0,0
2019-09-19 21:00,69,28,41,0,0,0
2019-09-19 21:15,93,40,53,0,0,0
2019-09-19 21:30,96,28,68,0,0,0
2019-09-19 21:45,86,35,51,0,0,0
2019-09-19 22:00,88,32,56,0,0,0
2019-09-19 22:15,111,29,82,0,0,0
2019-09-19 22:30,88,37,51,0,0,0
2019-09-19 22:45,58,19,39,0,0,0
2019-09-19 23:00,58,18,40,0,0,0
2019-09-19 23:15,54,10,44,0,0,0
2019-09-19 23:30,58,20,38,0,0,0
2019-09-19 23:45,28,14,14,0,0,0
2019-09-20 00:00,46,23,23,0,0,0
2019-09-20 00:15,21,10,11,0,0,0
2019-09-20 00:30,21,6,15,0,0,0
2019-09-20 00:45,14,1,13,0,0,0
2019-09-20 01:00,22,2,20,0,0,0
2019-09-20 01:15,28,5,23,0,0,0
2019-09-20 01:30,16,1,15,0,0,0
2019-09-20 01:45,18,2,16,0,0,0
2019-09-20 02:00,17,3,14,0,0,0
2019-09-20 02:15,10,4,6,0,0,0
2019-09-20 02:30,11,3,8,0,0,0
2019-09-20 02:45,8,0,8,0,0,0
2019-09-20 03:00,6,3,3,0,0,0
2019-09-20 03:15,9,3,6,0,0,0
2019-09-20 03:30,4,2,2,0,0,0
2019-09-20 03:45,4,1,3,0,0,0
2019-09-20 04:00,1,0,1,0,0,0
2019-09-20 04:15,5,4,1,0,0,0
2019-09-20 04:30,9,7,2,0,0,0
2019-09-20 04:45,4,3,1,0,0,0
2019-09-20 05:00,8,4,4,0,0,0
2019-09-20 05:15,14,14,0,0,0,0
2019-09-20 05:30,19,13,6,0,0,0
2019-09-20 05:45,16,9,7,0,0,0
2019-09-20 06:00,25,15,10,0,0,0
2019-09-20 06:15,32,21,11,0,0,0
2019-09-20 06:30,44,33,11,0,0,0
2019-09-20 06:45,86,59,27,0,0,0
2019-09-20 07:00,131,98,33,0,0,0
2019-09-20 07:15,185,136,49,0,0,0
2019-09-20 07:30,258,204,54,0,0,0
2019-09-20 07:45,240,160,80,0,0,0
2019-09-20 08:00,182,99,83,0,0,0
2019-09-20 08:15,198,127,71,0,0,0
2019-09-20 08:30,207,131,76,0,0,0
2019-09-20 08:45,246,163,83,0,0,0
2019-09-20 09:00,181,124,57,0,0,0
2019-09-20 09:15,213,160,53,0,0,0
2019-09-20 09:30,284,224,60,0,0,0
2019-09-20 09:45,382,328,54,0,0,0
2019-09-20 10:00,248,209,39,0,0,0
2019-09-20 10:15,162,112,50,0,0,0
2019-09-20 10:30,145,95,50,0,0,0
2019-09-20 10:45,150,104,46,0,0,0
2019-09-20 11:00,140,75,65,0,0,0
2019-09-20 11:15,154,71,83,0,0,0
2019-09-20 11:30,142,71,71,0,0,0
2019-09-20 11:45,182,83,99,0,0,0
2019-09-20 12:00,222,102,120,0,0,0
2019-09-20 12:15,237,105,132,0,0,0
2019-09-20 12:30,234,99,135,0,0,0
2019-09-20 12:45,240,70,170,0,0,0
2019-09-20 13:00,273,106,167,0,0,0
2019-09-20 13:15,281,87,194,0,0,0
2019-09-20 13:30,309,102,207,0,0,0
2019-09-20 13:45,267,130,137,0,0,0
2019-09-20 14:00,257,106,151,0,0,0
2019-09-20 14:15,247,103,144,0,0,0
2019-09-20 14:30,213,94,119,0,0,0
2019-09-20 14:45,226,94,132,0,0,0
2019-09-20 15:00,243,94,149,0,0,0
2019-09-20 15:15,227,85,142,0,0,0
2019-09-20 15:30,229,111,118,0,0,0
2019-09-20 15:45,232,119,113,0,0,0
2019-09-20 16:00,220,119,101,0,0,0
2019-09-20 16:15,209,95,114,0,0,0
2019-09-20 16:30,213,107,106,0,0,0
2019-09-20 16:45,234,120,114,0,0,0
2019-09-20 17:00,233,106,127,0,0,0
2019-09-20 17:15,193,85,108,0,0,0
2019-09-20 17:30,222,108,114,0,0,0
2019-09-20 17:45,217,118,99,0,0,0
2019-09-20 18:00,200,87,113,0,0,0
2019-09-20 18:15,225,93,132,0,0,0
2019-09-20 18:30,247,111,136,0,0,0
2019-09-20 18:45,216,121,95,0,0,0
2019-09-20 19:00,180,88,92,0,0,0
2019-09-20 19:15,186,87,99,0,0,0
2019-09-20 19:30,183,93,90,0,0,0
2019-09-20 19:45,156,87,69,0,0,0
2019-09-20 20:00,169,79,90,0,0,0
2019-09-20 20:15,127,58,69,0,0,0
2019-09-20 20:30,127,64,63,0,0,0
2019-09-20 20:45,108,45,63,0,0,0
2019-09-20 21:00,117,37,80,0,0,0
2019-09-20 21:15,81,36,45,0,0,0
2019-09-20 21:30,55,22,33,0,0,0
2019-09-20 21:45,67,30,37,0,0,0
2019-09-20 22:00,104,50,54,0,0,0
2019-09-20 22:15,88,36,52,0,0,0
2019-09-20 22:30,107,40,67,0,0,0
2019-09-20 22:45,59,26,33,0,0,0
2019-09-20 23:00,72,37,35,0,0,0
2019-09-20 23:15,75,33,42,0,0,0
2019-09-20 23:30,60,20,40,0,0,0
2019-09-20 23:45,60,20,40,0,0,0
2019-09-21 00:00,74,25,49,0,0,0
2019-09-21 00:15,50,14,36,0,0,0
2019-09-21 00:30,56,22,34,0,0,0
2019-09-21 00:45,53,14,39,0,0,0
2019-09-21 01:00,76,28,48,0,0,0
2019-09-21 01:15,54,19,35,0,0,0
2019-09-21 01:30,51,11,40,0,0,0
2019-09-21 01:45,41,15,26,0,0,0
2019-09-21 02:00,70,25,45,0,0,0
2019-09-21 02:15,36,4,32,0,0,0
2019-09-21 02:30,24,3,21,0,0,0
2019-09-21 02:45,40,7,33,0,0,0
2019-09-21 03:00,16,2,14,0,0,0
2019-09-21 03:15,23,7,16,0,0,0
2019-09-21 03:30,23,4,19,0,0,0
2019-09-21 03:45,24,8,16,0,0,0
2019-09-21 04:00,22,5,17,0,0,0
2019-09-21 04:15,9,2,7,0,0,0
2019-09-21 04:30,11,2,9,0,0,0
2019-09-21 04:45,8,4,4,0,0,0
2019-09-21 05:00,9,4,5,0,0,0
2019-09-21 05:15,21,13,8,0,0,0
2019-09-21 05:30,14,11,3,0,0,0
2019-09-21 05:45,18,13,5,0,0,0
2019-09-21 06:00,19,13,6,0,0,0
2019-09-21 06:15,14,7,7,0,0,0
2019-09-21 06:30,9,7,2,0,0,0
2019-09-21 06:45,12,7,5,0,0,0
2019-09-21 07:00,19,16,3,0,0,0
2019-09-21 07:15,19,14,5,0,0,0
2019-09-21 07:30,37,22,15,0,0,0
2019-09-21 07:45,73,58,15,0,0,0
2019-09-21 08:00,58,32,26,0,0,0
2019-09-21 08:15,73,49,24,0,0,0
2019-09-21 08:30,67,51,16,0,0,0
2019-09-21 08:45,83,51,32,0,0,0
2019-09-21 09:00,81,65,16,0,0,0
2019-09-21 09:15,108,72,36,0,0,0
2019-09-21 09:30,138,107,31,0,0,0
2019-09-21 09:45,157,116,41,0,0,0
2019-09-21 10:00,142,114,28,0,0,0
2019-09-21 10:15,145,113,32,0,0,0
2019-09-21 10:30,151,113,38,0,0,0
2019-09-21 10:45,177,112,65,0,0,0
2019-09-21 11:00,152,113,39,0,0,0
2019-09-21 11:15,189,130,59,0,0,0
2019-09-21 11:30,184,118,66,0,0,0
2019-09-21 11:45,214,143,71,0,0,0
2019-09-21 12:00,221,161,60,0,0,0
2019-09-21 12:15,238,159,79,0,0,0
2019-09-21 12:30,207,104,103,0,0,0
2019-09-21 12:45,267,163,104,0,0,0
2019-09-21 13:00,213,104,109,0,0,0
2019-09-21 13:15,181,107,74,0,0,0
2019-09-21 13:30,233,117,116,0,0,0
2019-09-21 13:45,193,104,89,0,0,0
2019-09-21 14:00,214,103,111,0,0,0
2019-09-21 14:15,222,99,123,0,0,0
2019-09-21 14:30,206,101,105,0,0,0
2019-09-21 14:45,236,106,130,0,0,0
2019-09-21 15:00,216,95,121,0,0,0
2019-09-21 15:15,206,100,106,0,0,0
2019-09-21 15:30,189,90,99,0,0,0
2019-09-21 15:45,180,75,105,0,0,0
2019-09-21 16:00,153,68,85,0,0,0
2019-09-21 16:15,174,74,100,0,0,0
2019-09-21 16:30,156,62,94,0,0,0
2019-09-21 16:45,152,74,78,0,0,0
2019-09-21 17:00,165,63,102,0,0,0
2019-09-21 17:15,207,83,124,0,0,0
2019-09-21 17:30,217,92,125,0,0,0
2019-09-21 17:45,208,93,115,0,0,0
2019-09-21 18:00,145,52,93,0,0,0
2019-09-21 18:15,163,75,88,0,0,0
2019-09-21 18:30,168,74,94,0,0,0
2019-09-21 18:45,199,99,100,0,0,0
2019-09-21 19:00,162,80,82,0,0,0
2019-09-21 19:15,158,62,96,0,0,0
2019-09-21 19:30,168,82,86,0,0,0
2019-09-21 19:45,123,60,63,0,0,0
2019-09-21 20:00,149,60,89,0,0,0
2019-09-21 20:15,97,46,51,0,0,0
2019-09-21 20:30,108,45,63,0,0,0
2019-09-21 20:45,88,39,49,0,0,0
2019-09-21 21:00,81,26,55,0,0,0
2019-09-21 21:15,78,28,50,0,0,0
2019-09-21 21:30,80,35,45,0,0,0
2019-09-21 21:45,63,26,37,0,0,0
2019-09-21 22:00,71,30,41,0,0,0
2019-09-21 22:15,90,33,57,0,0,0
2019-09-21 22:30,69,24,45,0,0,0
2019-09-21 22:45,83,32,51,0,0,0
2019-09-21 23:00,83,29,54,0,0,0
2019-09-21 23:15,63,22,41,0,0,0
2019-09-21 23:30,62,20,42,0,0,0
2019-09-21 23:45,72,28,44,0,0,0
2019-09-22 00:00,59,21,38,0,0,0
2019-09-22 00:15,46,15,31,0,0,0
2019-09-22 00:30,53,22,31,0,0,0
2019-09-22 00:45,68,23,45,0,0,0
2019-09-22 01:00,42,13,29,0,0,0
2019-09-22 01:15,63,28,35,0,0,0
2019-09-22 01:30,32,9,23,0,0,0
2019-09-22 01:45,79,31,48,0,0,0
2019-09-22 02:00,65,27,38,0,0,0
2019-09-22 02:15,50,4,46,0,0,0
2019-09-22 02:30,49,9,40,0,0,0
2019-09-22 02:45,46,13,33,0,0,0
2019-09-22 03:00,36,6,30,0,0,0
2019-09-22 03:15,29,3,26,0,0,0
2019-09-22 03:30,38,4,34,0,0,0
2019-09-22 03:45,17,5,12,0,0,0
2019-09-22 04:00,21,4,17,0,0,0
2019-09-22 04:15,21,7,14,0,0,0
2019-09-22 04:30,16,3,13,0,0,0
2019-09-22 04:45,16,5,11,0,0,0
2019-09-22 05:00,5,0,5,0,0,0
2019-09-22 05:15,8,1,7,0,0,0
2019-09-22 05:30,12,3,9,0,0,0
2019-09-22 05:45,18,4,14,0,0,0
2019-09-22 06:00,14,3,11,0,0,0
2019-09-22 06:15,9,4,5,0,0,0
2019-09-22 06:30,12,4,8,0,0,0
2019-09-22 06:45,6,2,4,0,0,0
2019-09-22 07:00,10,8,2,0,0,0
2019-09-22 07:15,9,6,3,0,0,0
2019-09-22 07:30,9,5,4,0,0,0
2019-09-22 07:45,12,7,5,0,0,0
2019-09-22 08:00,5,1,4,0,0,0
2019-09-22 08:15,14,12,2,0,0,0
2019-09-22 08:30,16,12,4,0,0,0
2019-09-22 08:45,35,26,9,0,0,0
2019-09-22 09:00,42,30,12,0,0,0
2019-09-22 09:15,47,34,13,0,0,0
2019-09-22 09:30,46,30,16,0,0,0
2019-09-22 09:45,87,67,20,0,0,0
2019-09-22 10:00,66,48,18,0,0,0
2019-09-22 10:15,56,41,15,0,0,0
2019-09-22 10:30,69,40,29,0,0,0
2019-09-22 10:45,86,47,39,0,0,0
2019-09-22 11:00,87,42,45,0,0,0
2019-09-22 11:15,86,49,37,0,0,0
2019-09-22 11:30,96,43,53,0,0,0
2019-09-22 11:45,85,44,41,0,0,0
2019-09-22 12:00,74,41,33,0,0,0
2019-09-22 12:15,76,41,35,0,0,0
2019-09-22 12:30,100,48,52,0,0,0
2019-09-22 12:45,123,71,52,0,0,0
2019-09-22 13:00,115,66,49,0,0,0
2019-09-22 13:15,114,62,52,0,0,0
2019-09-22 13:30,134,76,58,0,0,0
2019-09-22 13:45,132,74,58,0,0,0
2019-09-22 14:00,153,71,82,0,0,0
2019-09-22 14:15,131,75,56,0,0,0
2019-09-22 14:30,139,78,61,0,0,0
2019-09-22 14:45,182,100,82,0,0,0
2019-09-22 15:00,163,84,79,0,0,0
2019-09-22 15:15,162,89,73,0,0,0
2019-09-22 15:30,163,84,79,0,0,0
2019-09-22 15:45,170,101,69,0,0,0
2019-09-22 16:00,140,77,63,0,0,0
2019-09-22 16:15,157,87,70,0,0,0
2019-09-22 16:30,174,78,96,0,0,0
2019-09-22 16:45,145,83,62,0,0,0
2019-09-22 17:00,161,71,90,0,0,0
2019-09-22 17:15,132,64,68,0,0,0
2019-09-22 17:30,175,79,96,0,0,0
2019-09-22 17:45,177,69,108,0,0,0
2019-09-22 18:00,183,78,105,0,0,0
2019-09-22 18:15,146,61,85,0,0,0
2019-09-22 18:30,152,77,75,0,0,0
2019-09-22 18:45,142,69,73,0,0,0
2019-09-22 19:00,142,57,85,0,0,0
2019-09-22 19:15,158,61,97,0,0,0
2019-09-22 19:30,122,49,73,0,0,0
2019-09-22 19:45,116,56,60,0,0,0
2019-09-22 20:00,137,46,91,0,0,0
2019-09-22 20:15,103,50,53,0,0,0
2019-09-22 20:30,80,36,44,0,0,0
2019-09-22 20:45,82,35,47,0,0,0
2019-09-22 21:00,90,23,67,0,0,0
2019-09-22 21:15,62,19,43,0,0,0
2019-09-22 21:30,53,24,29,0,0,0
2019-09-22 21:45,42,15,27,0,0,0
2019-09-22 22:00,52,20,32,0,0,0
2019-09-22 22:15,52,25,27,0,0,0
2019-09-22 22:30,44,19,25,0,0,0
2019-09-22 22:45,26,11,15,0,0,0
2019-09-22 23:00,40,8,32,0,0,0
2019-09-22 23:15,29,12,17,0,0,0
2019-09-22 23:30,22,3,19,0,0,0
2019-09-22 23:45,17,2,15,0,0,0
2019-09-23 00:00,19,5,14,0,0,0
2019-09-23 00:15,20,8,12,0,0,0
2019-09-23 00:30,12,3,9,0,0,0
2019-09-23 00:45,10,2,8,0,0,0
2019-09-23 01:00,19,5,14,0,0,0
2019-09-23 01:15,8,3,5,0,0,0
2019-09-23 01:30,5,2,3,0,0,0
2019-09-23 01:45,6,4,2,0,0,0
2019-09-23 02:00,5,2,3,0,0,0
2019-09-23 02:15,2,0,2,0,0,0
2019-09-23 02:30,2,1,1,0,0,0
2019-09-23 02:45,2,0,2,0,0,0
2019-09-23 03:00,0,0,0,0,0,0
2019-09-23 03:15,1,1,0,0,0,0
2019-09-23 03:30,0,0,0,0,0,0
2019-09-23 03:45,2,1,1,0,0,0
2019-09-23 04:00,1,0,1,0,0,0
2019-09-23 04:15,2,1,1,0,0,0
2019-09-23 04:30,12,9,3,0,0,0
2019-09-23 04:45,10,4,6,0,0,0
2019-09-23 05:00,5,3,2,0,0,0
2019-09-23 05:15,7,4,3,0,0,0
2019-09-23 05:30,19,12,7,0,0,0
2019-09-23 05:45,15,8,7,0,0,0
2019-09-23 06:00,27,21,6,0,0,0
2019-09-23 06:15,44,28,16,0,0,0
2019-09-23 06:30,56,42,14,0,0,0
2019-09-23 06:45,58,43,15,0,0,0
2019-09-23 07:00,77,48,29,0,0,0
2019-09-23 07:15,124,91,33,0,0,0
2019-09-23 07:30,161,125,36,0,0,0
2019-09-23 07:45,222,134,88,0,0,0
2019-09-23 08:00,165,94,71,0,0,0
2019-09-23 08:15,204,123,81,0,0,0
2019-09-23 08:30,210,105,105,0,0,0
2019-09-23 08:45,262,138,124,0,0,0
2019-09-23 09:00,142,82,60,0,0,0
2019-09-23 09:15,109,68,41,0,0,0
2019-09-23 09:30,109,64,45,0,0,0
2019-09-23 09:45,141,69,72,0,0,0
2019-09-23 10:00,116,66,50,0,0,0
2019-09-23 10:15,112,55,57,0,0,0
2019-09-23 10:30,107,60,47,0,0,0
2019-09-23 10:45,115,70,45,0,0,0
2019-09-23 11:00,75,35,40,0,0,0
2019-09-23 11:15,81,52,29,0,0,0
2019-09-23 11:30,73,42,31,0,0,0
2019-09-23 11:45,125,63,62,0,0,0
2019-09-23 12:00,110,43,67,0,0,0
2019-09-23 12:15,110,54,56,0,0,0
2019-09-23 12:30,112,47,65,0,0,0
2019-09-23 12:45,151,93,58,0,0,0
2019-09-23 13:00,186,111,75,0,0,0
2019-09-23 13:15,175,115,60,0,0,0
2019-09-23 13:30,166,79,87,0,0,0
2019-09-23 13:45,176,90,86,0,0,0
2019-09-23 14:00,146,74,72,0,0,0
2019-09-23 14:15,159,78,81,0,0,0
2019-09-23 14:30,158,80,78,0,0,0
2019-09-23 14:45,213,120,93,0,0,0
2019-09-23 15:00,175,94,81,0,0,0
2019-09-23 15:15,201,110,91,0,0,0
2019-09-23 15:30,204,88,116,0,0,0
2019-09-23 15:45,213,109,104,0,0,0
2019-09-23 16:00,188,95,93,0,0,0
2019-09-23 16:15,207,104,103,0,0,0
2019-09-23 16:30,220,115,105,0,0,0
2019-09-23 16:45,217,110,107,0,0,0
2019-09-23 17:00,223,99,124,0,0,0
2019-09-23 17:15,276,76,200,0,0,0
2019-09-23 17:30,228,107,121,0,0,0
2019-09-23 17:45,238,114,124,0,0,0
2019-09-23 18:00,222,86,136,0,0,0
2019-09-23 18:15,238,112,126,0,0,0
2019-09-23 18:30,209,95,114,0,0,0
2019-09-23 18:45,229,103,126,0,0,0
2019-09-23 19:00,182,87,95,0,0,0
2019-09-23 19:15,161,73,88,0,0,0
2019-09-23 19:30,148,79,69,0,0,0
2019-09-23 19:45,182,86,96,0,0,0
2019-09-23 20:00,132,58,74,0,0,0
2019-09-23 20:15,129,40,89,0,0,0
2019-09-23 20:30,104,40,64,0,0,0
2019-09-23 20:45,99,46,53,0,0,0
2019-09-23 21:00,112,55,57,0,0,0
2019-09-23 21:15,90,34,56,0,0,0
2019-09-23 21:30,64,24,40,0,0,0
2019-09-23 21:45,84,37,47,0,0,0
2019-09-23 22:00,89,34,55,0,0,0
2019-09-23 22:15,87,37,50,0,0,0
2019-09-23 22:30,61,18,43,0,0,0
2019-09-23 22:45,71,14,57,0,0,0
2019-09-23 23:00,46,12,34,0,0,0
2019-09-23 23:15,40,11,29,0,0,0
2019-09-23 23:30,49,13,36,0,0,0
2019-09-23 23:45,45,6,39,0,0,0
2019-09-24 00:00,30,8,22,0,0,0
2019-09-24 00:15,18,3,15,0,0,0
2019-09-24 00:30,36,11,25,0,0,0
2019-09-24 00:45,21,8,13,0,0,0
2019-09-24 01:00,26,3,23,0,0,0
2019-09-24 01:15,20,8,12,0,0,0
2019-09-24 01:30,18,0,18,0,0,0
2019-09-24 01:45,2,0,2,0,0,0
2019-09-24 02:00,4,1,3,0,0,0
2019-09-24 02:15,5,0,5,0,0,0
2019-09-24 02:30,2,0,2,0,0,0
2019-09-24 02:45,5,2,3,0,0,0
2019-09-24 03:00,1,0,1,0,0,0
2019-09-24 03:15,1,0,1,0,0,0
2019-09-24 03:30,1,0,1,0,0,0
2019-09-24 03:45,5,1,4,0,0,0
2019-09-24 04:00,5,5,0,0,0,0
2019-09-24 04:15,1,0,1,0,0,0
2019-09-24 04:30,7,5,2,0,0,0
2019-09-24 04:45,11,9,2,0,0,0
2019-09-24 05:00,8,7,1,0,0,0
2019-09-24 05:15,12,8,4,0,0,0
2019-09-24 05:30,20,12,8,0,0,0
2019-09-24 05:45,21,13,8,0,0,0
2019-09-24 06:00,23,18,5,0,0,0
2019-09-24 06:15,48,33,15,0,0,0
2019-09-24 06:30,70,57,13,0,0,0
2019-09-24 06:45,100,69,31,0,0,0
2019-09-24 07:00,89,64,25,0,0,0
2019-09-24 07:15,184,124,60,0,0,0
2019-09-24 07:30,322,243,79,0,0,0
2019-09-24 07:45,281,174,107,0,0,0
2019-09-24 08:00,220,134,86,0,0,0
2019-09-24 08:15,240,150,90,0,0,0
2019-09-24 08:30,259,139,120,0,0,0
2019-09-24 08:45,314,147,167,0,0,0
2019-09-24 09:00,183,95,88,0,0,0
2019-09-24 09:15,175,104,71,0,0,0
2019-09-24 09:30,151,94,57,0,0,0
2019-09-24 09:45,240,111,129,0,0,0
2019-09-24 10:00,147,68,79,0,0,0
2019-09-24 10:15,125,80,45,0,0,0
2019-09-24 10:30,136,70,66,0,0,0
2019-09-24 10:45,143,83,60,0,0,0
2019-09-24 11:00,121,69,52,0,0,0
2019-09-24 11:15,143,83,60,0,0,0
2019-09-24 11:30,175,91,84,0,0,0
2019-09-24 11:45,158,86,72,0,0,0
2019-09-24 12:00,153,81,72,0,0,0
2019-09-24 12:15,167,94,73,0,0,0
2019-09-24 12:30,181,98,83,0,0,0
2019-09-24 12:45,237,134,103,0,0,0
2019-09-24 13:00,250,102,148,0,0,0
2019-09-24 13:15,351,193,158,0,0,0
2019-09-24 13:30,183,96,87,0,0,0
2019-09-24 13:45,204,105,99,0,0,0
2019-09-24 14:00,205,87,118,0,0,0
2019-09-24 14:15,198,107,91,0,0,0
2019-09-24 14:30,188,93,95,0,0,0
2019-09-24 14:45,206,103,103,0,0,0
2019-09-24 15:00,210,87,123,0,0,0
2019-09-24 15:15,235,95,140,0,0,0
2019-09-24 15:30,238,115,123,0,0,0
2019-09-24 15:45,274,142,132,0,0,0
2019-09-24 16:00,258,153,105,0,0,0
2019-09-24 16:15,275,140,135,0,0,0
2019-09-24 16:30,290,150,140,0,0,0
2019-09-24 16:45,278,148,130,0,0,0
2019-09-24 17:00,262,129,133,0,0,0
2019-09-24 17:15,259,120,139,0,0,0
2019-09-24 17:30,403,128,275,0,0,0
2019-09-24 17:45,336,141,195,0,0,0
2019-09-24 18:00,292,111,181,0,0,0
2019-09-24 18:15,253,103,150,0,0,0
2019-09-24 18:30,207,95,112,0,0,0
2019-09-24 18:45,254,116,138,0,0,0
2019-09-24 19:00,238,103,135,0,0,0
2019-09-24 19:15,189,84,105,0,0,0
2019-09-24 19:30,185,87,98,0,0,0
2019-09-24 19:45,189,93,96,0,0,0
2019-09-24 20:00,184,99,85,0,0,0
2019-09-24 20:15,161,67,94,0,0,0
2019-09-24 20:30,94,36,58,0,0,0
2019-09-24 20:45,90,40,50,0,0,0
2019-09-24 21:00,111,33,78,0,0,0
2019-09-24 21:15,98,46,52,0,0,0
2019-09-24 21:30,90,34,56,0,0,0
2019-09-24 21:45,91,34,57,0,0,0
2019-09-24 22:00,98,35,63,0,0,0
2019-09-24 22:15,97,42,55,0,0,0
2019-09-24 22:30,74,26,48,0,0,0
2019-09-24 22:45,74,38,36,0,0,0
2019-09-24 23:00,54,21,33,0,0,0
2019-09-24 23:15,50,18,32,0,0,0
2019-09-24 23:30,58,15,43,0,0,0
2019-09-24 23:45,38,5,33,0,0,0
2019-09-25 00:00,42,9,33,0,0,0
2019-09-25 00:15,21,8,13,0,0,0
2019-09-25 00:30,22,7,15,0,0,0
2019-09-25 00:45,46,8,38,0,0,0
2019-09-25 01:00,17,2,15,0,0,0
2019-09-25 01:15,28,3,25,0,0,0
2019-09-25 01:30,22,4,18,0,0,0
2019-09-25 01:45,10,3,7,0,0,0
2019-09-25 02:00,10,1,9,0,0,0
2019-09-25 02:15,10,2,8,0,0,0
2019-09-25 02:30,0,0,0,0,0,0
2019-09-25 02:45,5,1,4,0,0,0
2019-09-25 03:00,3,2,1,0,0,0
2019-09-25 03:15,1,1,0,0,0,0
2019-09-25 03:30,4,3,1,0,0,0
2019-09-25 03:45,4,2,2,0,0,0
2019-09-25 04:00,1,1,0,0,0,0
2019-09-25 04:15,1,1,0,0,0,0
2019-09-25 04:30,9,5,4,0,0,0
2019-09-25 04:45,10,10,0,0,0,0
2019-09-25 05:00,9,7,2,0,0,0
2019-09-25 05:15,5,4,1,0,0,0
2019-09-25 05:30,12,11,1,0,0,0
2019-09-25 05:45,19,9,10,0,0,0
2019-09-25 06:00,29,22,7,0,0,0
2019-09-25 06:15,36,32,4,0,0,0
2019-09-25 06:30,52,42,10,0,0,0
2019-09-25 06:45,88,73,15,0,0,0
2019-09-25 07:00,96,63,33,0,0,0
2019-09-25 07:15,136,112,24,0,0,0
2019-09-25 07:30,269,226,43,0,0,0
2019-09-25 07:45,284,210,74,0,0,0
2019-09-25 08:00,203,116,87,0,0,0
2019-09-25 08:15,214,137,77,0,0,0
2019-09-25 08:30,226,144,82,0,0,0
2019-09-25 08:45,240,151,89,0,0,0
2019-09-25 09:00,233,106,127,0,0,0
2019-09-25 09:15,176,84,92,0,0,0
2019-09-25 09:30,160,93,67,0,0,0
2019-09-25 09:45,182,104,78,0,0,0
2019-09-25 10:00,170,78,92,0,0,0
2019-09-25 10:15,156,91,65,0,0,0
2019-09-25 10:30,157,78,79,0,0,0
2019-09-25 10:45,165,92,73,0,0,0
2019-09-25 11:00,123,52,71,0,0,0
2019-09-25 11:15,152,84,68,0,0,0
2019-09-25 11:30,122,70,52,0,0,0
2019-09-25 11:45,156,93,63,0,0,0
2019-09-25 12:00,182,112,70,0,0,0
2019-09-25 12:15,171,102,69,0,0,0
2019-09-25 12:30,183,87,96,0,0,0
2019-09-25 12:45,190,103,87,0,0,0
2019-09-25 13:00,232,152,80,0,0,0
2019-09-25 13:15,245,144,101,0,0,0
2019-09-25 13:30,211,110,101,0,0,0
2019-09-25 13:45,207,109,98,0,0,0
2019-09-25 14:00,185,105,80,0,0,0
2019-09-25 14:15,215,102,113,0,0,0
2019-09-25 14:30,186,96,90,0,0,0
2019-09-25 14:45,208,103,105,0,0,0
2019-09-25 15:00,223,94,129,0,0,0
2019-09-25 15:15,203,91,112,0,0,0
2019-09-25 15:30,211,125,86,0,0,0
2019-09-25 15:45,265,136,129,0,0,0
2019-09-25 16:00,233,98,135,0,0,0
2019-09-25 16:15,251,132,119,0,0,0
2019-09-25 16:30,247,122,125,0,0,0
2019-09-25 16:45,298,144,154,0,0,0
2019-09-25 17:00,261,121,140,0,0,0
2019-09-25 17:15,297,164,133,0,0,0
2019-09-25 17:30,379,149,230,0,0,0
2019-09-25 17:45,349,161,188,0,0,0
2019-09-25 18:00,276,116,160,0,0,0
2019-09-25 18:15,240,101,139,0,0,0
2019-09-25 18:30,245,117,128,0,0,0
2019-09-25 18:45,242,113,129,0,0,0
2019-09-25 19:00,222,92,130,0,0,0
2019-09-25 19:15,197,106,91,0,0,0
2019-09-25 19:30,199,89,110,0,0,0
2019-09-25 19:45,168,71,97,0,0,0
2019-09-25 20:00,240,101,139,0,0,0
2019-09-25 20:15,197,69,128,0,0,0
2019-09-25 20:30,164,75,89,0,0,0
2019-09-25 20:45,118,41,77,0,0,0
2019-09-25 21:00,91,47,44,0,0,0
2019-09-25 21:15,150,88,62,0,0,0
2019-09-25 21:30,112,33,79,0,0,0
2019-09-25 21:45,112,42,70,0,0,0
2019-09-25 22:00,111,44,67,0,0,0
2019-09-25 22:15,90,51,39,0,0,0
2019-09-25 22:30,81,34,47,0,0,0
2019-09-25 22:45,80,30,50,0,0,0
2019-09-25 23:00,71,24,47,0,0,0
2019-09-25 23:15,60,13,47,0,0,0
2019-09-25 23:30,70,20,50,0,0,0
2019-09-25 23:45,67,15,52,0,0,0
2019-09-26 00:00,59,23,36,0,0,0
2019-09-26 00:15,95,61,34,0,0,0
2019-09-26 00:30,56,30,26,0,0,0
2019-09-26 00:45,50,19,31,0,0,0
2019-09-26 01:00,45,4,41,0,0,0
2019-09-26 01:15,32,1,31,0,0,0
2019-09-26 01:30,42,6,36,0,0,0
2019-09-26 01:45,37,7,30,0,0,0
2019-09-26 02:00,19,2,17,0,0,0
2019-09-26 02:15,34,3,31,0,0,0
2019-09-26 02:30,25,2,23,0,0,0
2019-09-26 02:45,31,1,30,0,0,0
2019-09-26 03:00,33,7,26,0,0,0
2019-09-26 03:15,38,5,33,0,0,0
2019-09-26 03:30,19,1,18,0,0,0
2019-09-26 03:45,28,5,23,0,0,0
2019-09-26 04:00,12,3,9,0,0,0
2019-09-26 04:15,15,3,12,0,0,0
2019-09-26 04:30,16,4,12,0,0,0
2019-09-26 04:45,19,9,10,0,0,0
2019-09-26 05:00,17,9,8,0,0,0
2019-09-26 05:15,15,6,9,0,0,0
2019-09-26 05:30,17,8,9,0,0,0
2019-09-26 05:45,18,9,9,0,0,0
2019-09-26 06:00,42,27,15,0,0,0
2019-09-26 06:15,31,24,7,0,0,0
2019-09-26 06:30,60,49,11,0,0,0
2019-09-26 06:45,97,74,23,0,0,0
2019-09-26 07:00,144,127,17,0,0,0
2019-09-26 07:15,152,126,26,0,0,0
2019-09-26 07:30,252,209,43,0,0,0
2019-09-26 07:45,229,173,56,0,0,0
2019-09-26 08:00,196,110,86,0,0,0
2019-09-26 08:15,207,121,86,0,0,0
2019-09-26 08:30,189,119,70,0,0,0
2019-09-26 08:45,246,163,83,0,0,0
2019-09-26 09:00,262,114,148,0,0,0
2019-09-26 09:15,174,101,73,0,0,0
2019-09-26 09:30,136,86,50,0,0,0
2019-09-26 09:45,168,98,70,0,0,0
2019-09-26 10:00,181,70,111,0,0,0
2019-09-26 10:15,147,77,70,0,0,0
2019-09-26 10:30,113,67,46,0,0,0
2019-09-26 10:45,137,75,62,0,0,0
2019-09-26 11:00,122,70,52,0,0,0
2019-09-26 11:15,164,71,93,0,0,0
2019-09-26 11:30,182,73,109,0,0,0
2019-09-26 11:45,159,95,64,0,0,0
2019-09-26 12:00,144,72,72,0,0,0
2019-09-26 12:15,170,86,84,0,0,0
2019-09-26 12:30,144,77,67,0,0,0
2019-09-26 12:45,139,72,67,0,0,0
2019-09-26 13:00,201,109,92,0,0,0
2019-09-26 13:15,159,71,88,0,0,0
2019-09-26 13:30,153,66,87,0,0,0
2019-09-26 13:45,125,61,64,0,0,0
2019-09-26 14:00,160,69,91,0,0,0
2019-09-26 14:15,178,79,99,0,0,0
2019-09-26 14:30,172,68,104,0,0,0
2019-09-26 14:45,138,82,56,0,0,0
2019-09-26 15:00,179,91,88,0,0,0
2019-09-26 15:15,151,80,71,0,0,0
2019-09-26 15:30,130,59,71,0,0,0
2019-09-26 15:45,186,71,115,0,0,0
2019-09-26 16:00,235,103,132,0,0,0
2019-09-26 16:15,209,87,122,0,0,0
2019-09-26 16:30,198,85,113,0,0,0
2019-09-26 16:45,217,128,89,0,0,0
2019-09-26 17:00,196,104,92,0,0,0
2019-09-26 17:15,206,104,102,0,0,0
2019-09-26 17:30,212,86,126,0,0,0
2019-09-26 17:45,185,78,107,0,0,0
2019-09-26 18:00,190,77,113,0,0,0
2019-09-26 18:15,198,86,112,0,0,0
2019-09-26 18:30,230,89,141,0,0,0
2019-09-26 18:45,227,122,105,0,0,0
2019-09-26 19:00,193,82,111,0,0,0
2019-09-26 19:15,195,98,97,0,0,0
2019-09-26 19:30,142,68,74,0,0,0
2019-09-26 19:45,177,84,93,0,0,0
2019-09-26 20:00,138,56,82,0,0,0
2019-09-26 20:15,129,48,81,0,0,0
2019-09-26 20:30,108,39,69,0,0,0
2019-09-26 20:45,93,38,55,0,0,0
2019-09-26 21:00,94,33,61,0,0,0
2019-09-26 21:15,99,35,64,0,0,0
2019-09-26 21:30,77,17,60,0,0,0
2019-09-26 21:45,91,28,63,0,0,0
2019-09-26 22:00,88,34,54,0,0,0
2019-09-26 22:15,73,23,50,0,0,0
2019-09-26 22:30,68,21,47,0,0,0
2019-09-26 22:45,68,21,47,0,0,0
2019-09-26 23:00,68,11,57,0,0,0
2019-09-26 23:15,51,16,35,0,0,0
2019-09-26 23:30,27,9,18,0,0,0
2019-09-26 23:45,20,2,18,0,0,0
2019-09-27 00:00,36,14,22,0,0,0
2019-09-27 00:15,46,17,29,0,0,0
2019-09-27 00:30,22,6,16,0,0,0
2019-09-27 00:45,24,11,13,0,0,0
2019-09-27 01:00,17,1,16,0,0,0
2019-09-27 01:15,22,6,16,0,0,0
2019-09-27 01:30,14,3,11,0,0,0
2019-09-27 01:45,7,1,6,0,0,0
2019-09-27 02:00,12,7,5,0,0,0
2019-09-27 02:15,17,1,16,0,0,0
2019-09-27 02:30,19,1,18,0,0,0
2019-09-27 02:45,6,2,4,0,0,0
2019-09-27 03:00,0,0,0,0,0,0
2019-09-27 03:15,5,0,5,0,0,0
2019-09-27 03:30,8,2,6,0,0,0
2019-09-27 03:45,4,2,2,0,0,0
2019-09-27 04:00,0,0,0,0,0,0
2019-09-27 04:15,7,3,4,0,0,0
2019-09-27 04:30,8,4,4,0,0,0
2019-09-27 04:45,11,9,2,0,0,0
2019-09-27 05:00,10,8,2,0,0,0
2019-09-27 05:15,6,4,2,0,0,0
2019-09-27 05:30,13,9,4,0,0,0
2019-09-27 05:45,21,15,6,0,0,0
2019-09-27 06:00,21,12,9,0,0,0
2019-09-27 06:15,31,22,9,0,0,0
2019-09-27 06:30,47,41,6,0,0,0
2019-09-27 06:45,86,72,14,0,0,0
2019-09-27 07:00,125,94,31,0,0,0
2019-09-27 07:15,150,116,34,0,0,0
2019-09-27 07:30,241,200,41,0,0,0
2019-09-27 07:45,225,168,57,0,0,0
2019-09-27 08:00,215,112,103,0,0,0
2019-09-27 08:15,207,138,69,0,0,0
2019-09-27 08:30,196,114,82,0,0,0
2019-09-27 08:45,237,162,75,0,0,0
2019-09-27 09:00,209,78,131,0,0,0
2019-09-27 09:15,143,87,56,0,0,0
2019-09-27 09:30,162,99,63,0,0,0
2019-09-27 09:45,151,95,56,0,0,0
2019-09-27 10:00,131,72,59,0,0,0
2019-09-27 10:15,137,71,66,0,0,0
2019-09-27 10:30,131,86,45,0,0,0
2019-09-27 10:45,151,99,52,0,0,0
2019-09-27 11:00,157,74,83,0,0,0
2019-09-27 11:15,142,81,61,0,0,0
2019-09-27 11:30,174,101,73,0,0,0
2019-09-27 11:45,166,96,70,0,0,0
2019-09-27 12:00,165,91,74,0,0,0
2019-09-27 12:15,161,80,81,0,0,0
2019-09-27 12:30,165,88,77,0,0,0
2019-09-27 12:45,239,124,115,0,0,0
2019-09-27 13:00,326,116,210,0,0,0
2019-09-27 13:15,171,82,89,0,0,0
2019-09-27 13:30,238,112,126,0,0,0
2019-09-27 13:45,187,119,68,0,0,0
2019-09-27 14:00,185,91,94,0,0,0
2019-09-27 14:15,236,117,119,0,0,0
2019-09-27 14:30,217,99,118,0,0,0
2019-09-27 14:45,220,125,95,0,0,0
2019-09-27 15:00,234,109,125,0,0,0
2019-09-27 15:15,213,111,102,0,0,0
2019-09-27 15:30,217,114,103,0,0,0
2019-09-27 15:45,241,123,118,0,0,0
2019-09-27 16:00,209,121,88,0,0,0
2019-09-27 16:15,191,102,89,0,0,0
2019-09-27 16:30,199,105,94,0,0,0
2019-09-27 16:45,236,132,104,0,0,0
2019-09-27 17:00,200,98,102,0,0,0
2019-09-27 17:15,229,104,125,0,0,0
2019-09-27 17:30,219,93,126,0,0,0
2019-09-27 17:45,225,103,122,0,0,0
2019-09-27 18:00,214,94,120,0,0,0
2019-09-27 18:15,205,92,113,0,0,0
2019-09-27 18:30,208,91,117,0,0,0
2019-09-27 18:45,198,115,83,0,0,0
2019-09-27 19:00,227,124,103,0,0,0
2019-09-27 19:15,198,100,98,0,0,0
2019-09-27 19:30,170,82,88,0,0,0
2019-09-27 19:45,162,77,85,0,0,0
2019-09-27 20:00,141,67,74,0,0,0
2019-09-27 20:15,120,43,77,0,0,0
2019-09-27 20:30,131,41,90,0,0,0
2019-09-27 20:45,67,35,32,0,0,0
2019-09-27 21:00,85,34,51,0,0,0
2019-09-27 21:15,92,38,54,0,0,0
2019-09-27 21:30,78,36,42,0,0,0
2019-09-27 21:45,92,41,51,0,0,0
2019-09-27 22:00,67,30,37,0,0,0
2019-09-27 22:15,76,29,47,0,0,0
2019-09-27 22:30,94,46,48,0,0,0
2019-09-27 22:45,72,32,40,0,0,0
2019-09-27 23:00,83,29,54,0,0,0
2019-09-27 23:15,90,30,60,0,0,0
2019-09-27 23:30,84,27,57,0,0,0
2019-09-27 23:45,76,30,46,0,0,0
2019-09-28 00:00,63,28,35,0,0,0
2019-09-28 00:15,48,20,28,0,0,0
2019-09-28 00:30,63,21,42,0,0,0
2019-09-28 00:45,62,12,50,0,0,0
2019-09-28 01:00,62,20,42,0,0,0
2019-09-28 01:15,56,19,37,0,0,0
2019-09-28 01:30,58,16,42,0,0,0
2019-09-28 01:45,33,11,22,0,0,0
2019-09-28 02:00,72,13,59,0,0,0
2019-09-28 02:15,43,10,33,0,0,0
2019-09-28 02:30,45,12,33,0,0,0
2019-09-28 02:45,25,12,13,0,0,0
2019-09-28 03:00,35,10,25,0,0,0
2019-09-28 03:15,45,14,31,0,0,0
2019-09-28 03:30,31,9,22,0,0,0
2019-09-28 03:45,33,9,24,0,0,0
2019-09-28 04:00,27,6,21,0,0,0
2019-09-28 04:15,21,7,14,0,0,0
2019-09-28 04:30,11,5,6,0,0,0
2019-09-28 04:45,25,11,14,0,0,0
2019-09-28 05:00,10,1,9,0,0,0
2019-09-28 05:15,12,4,8,0,0,0
2019-09-28 05:30,12,8,4,0,0,0
2019-09-28 05:45,13,7,6,0,0,0
2019-09-28 06:00,17,7,10,0,0,0
2019-09-28 06:15,8,6,2,0,0,0
2019-09-28 06:30,14,8,6,0,0,0
2019-09-28 06:45,9,6,3,0,0,0
2019-09-28 07:00,10,4,6,0,0,0
2019-09-28 07:15,8,7,1,0,0,0
2019-09-28 07:30,21,16,5,0,0,0
2019-09-28 07:45,46,33,13,0,0,0
2019-09-28 08:00,32,22,10,0,0,0
2019-09-28 08:15,40,22,18,0,0,0
2019-09-28 08:30,55,41,14,0,0,0
2019-09-28 08:45,68,49,19,0,0,0
2019-09-28 09:00,49,31,18,0,0,0
2019-09-28 09:15,62,41,21,0,0,0
2019-09-28 09:30,81,57,24,0,0,0
2019-09-28 09:45,100,86,14,0,0,0
2019-09-28 10:00,114,78,36,0,0,0
2019-09-28 10:15,92,67,25,0,0,0
2019-09-28 10:30,99,74,25,0,0,0
2019-09-28 10:45,113,88,25,0,0,0
2019-09-28 11:00,96,64,32,0,0,0
2019-09-28 11:15,106,63,43,0,0,0
2019-09-28 11:30,104,68,36,0,0,0
2019-09-28 11:45,150,121,29,0,0,0
2019-09-28 12:00,158,115,43,0,0,0
2019-09-28 12:15,150,97,53,0,0,0
2019-09-28 12:30,162,109,53,0,0,0
2019-09-28 12:45,160,101,59,0,0,0
2019-09-28 13:00,150,94,56,0,0,0
2019-09-28 13:15,90,46,44,0,0,0
2019-09-28 13:30,112,39,73,0,0,0
2019-09-28 13:45,99,28,71,0,0,0
2019-09-28 14:00,121,60,61,0,0,0
2019-09-28 14:15,151,76,75,0,0,0
2019-09-28 14:30,139,58,81,0,0,0
2019-09-28 14:45,153,74,79,0,0,0
2019-09-28 15:00,144,83,61,0,0,0
2019-09-28 15:15,116,44,72,0,0,0
2019-09-28 15:30,122,47,75,0,0,0
2019-09-28 15:45,130,60,70,0,0,0
2019-09-28 16:00,128,55,73,0,0,0
2019-09-28 16:15,120,55,65,0,0,0
2019-09-28 16:30,157,57,100,0,0,0
2019-09-28 16:45,157,61,96,0,0,0
2019-09-28 17:00,107,57,50,0,0,0
2019-09-28 17:15,101,46,55,0,0,0
2019-09-28 17:30,115,56,59,0,0,0
2019-09-28 17:45,123,56,67,0,0,0
2019-09-28 18:00,122,51,71,0,0,0
2019-09-28 18:15,126,62,64,0,0,0
2019-09-28 18:30,152,71,81,0,0,0
2019-09-28 18:45,184,103,81,0,0,0
2019-09-28 19:00,101,47,54,0,0,0
2019-09-28 19:15,149,63,86,0,0,0
2019-09-28 19:30,102,37,65,0,0,0
2019-09-28 19:45,126,53,73,0,0,0
2019-09-28 20:00,112,54,58,0,0,0
2019-09-28 20:15,136,64,72,0,0,0
2019-09-28 20:30,95,46,49,0,0,0
2019-09-28 20:45,84,38,46,0,0,0
2019-09-28 21:00,90,27,63,0,0,0
2019-09-28 21:15,61,35,26,0,0,0
2019-09-28 21:30,60,27,33,0,0,0
2019-09-28 21:45,58,26,32,0,0,0
2019-09-28 22:00,52,29,23,0,0,0
2019-09-28 22:15,60,20,40,0,0,0
2019-09-28 22:30,66,31,35,0,0,0
2019-09-28 22:45,55,18,37,0,0,0
2019-09-28 23:00,49,16,33,0,0,0
2019-09-28 23:15,72,25,47,0,0,0
2019-09-28 23:30,55,16,39,0,0,0
2019-09-28 23:45,65,29,36,0,0,0
2019-09-29 00:00,48,23,25,0,0,0
2019-09-29 00:15,54,13,41,0,0,0
2019-09-29 00:30,46,21,25,0,0,0
2019-09-29 00:45,66,24,42,0,0,0
2019-09-29 01:00,55,23,32,0,0,0
2019-09-29 01:15,54,20,34,0,0,0
2019-09-29 01:30,42,14,28,0,0,0
2019-09-29 01:45,50,16,34,0,0,0
2019-09-29 02:00,45,5,40,0,0,0
2019-09-29 02:15,22,3,19,0,0,0
2019-09-29 02:30,45,13,32,0,0,0
2019-09-29 02:45,32,6,26,0,0,0
2019-09-29 03:00,39,12,27,0,0,0
2019-09-29 03:15,26,10,16,0,0,0
2019-09-29 03:30,48,13,35,0,0,0
2019-09-29 03:45,30,5,25,0,0,0
2019-09-29 04:00,24,2,22,0,0,0
2019-09-29 04:15,24,6,18,0,0,0
2019-09-29 04:30,14,1,13,0,0,0
2019-09-29 04:45,22,2,20,0,0,0
2019-09-29 05:00,14,2,12,0,0,0
2019-09-29 05:15,12,2,10,0,0,0
2019-09-29 05:30,21,2,19,0,0,0
2019-09-29 05:45,14,9,5,0,0,0
2019-09-29 06:00,13,7,6,0,0,0
2019-09-29 06:15,17,3,14,0,0,0
2019-09-29 06:30,9,2,7,0,0,0
2019-09-29 06:45,7,3,4,0,0,0
2019-09-29 07:00,6,4,2,0,0,0
2019-09-29 07:15,10,7,3,0,0,0
2019-09-29 07:30,10,3,7,0,0,0
2019-09-29 07:45,16,8,8,0,0,0
2019-09-29 08:00,20,5,15,0,0,0
2019-09-29 08:15,15,6,9,0,0,0
2019-09-29 08:30,19,18,1,0,0,0
2019-09-29 08:45,28,22,6,0,0,0
2019-09-29 09:00,18,15,3,0,0,0
2019-09-29 09:15,24,20,4,0,0,0
2019-09-29 09:30,42,32,10,0,0,0
2019-09-29 09:45,65,59,6,0,0,0
2019-09-29 10:00,67,49,18,0,0,0
2019-09-29 10:15,59,46,13,0,0,0
2019-09-29 10:30,40,19,21,0,0,0
2019-09-29 10:45,51,25,26,0,0,0
2019-09-29 11:00,45,21,24,0,0,0
2019-09-29 11:15,33,21,12,0,0,0
2019-09-29 11:30,39,24,15,0,0,0
2019-09-29 11:45,36,18,18,0,0,0
2019-09-29 12:00,50,28,22,0,0,0
2019-09-29 12:15,54,29,25,0,0,0
2019-09-29 12:30,56,27,29,0,0,0
2019-09-29 12:45,63,31,32,0,0,0
2019-09-29 13:00,72,24,48,0,0,0
2019-09-29 13:15,68,39,29,0,0,0
2019-09-29 13:30,81,35,46,0,0,0
2019-09-29 13:45,78,41,37,0,0,0
2019-09-29 14:00,57,29,28,0,0,0
2019-09-29 14:15,68,33,35,0,0,0
2019-09-29 14:30,77,39,38,0,0,0
2019-09-29 14:45,63,41,22,0,0,0
2019-09-29 15:00,66,31,35,0,0,0
2019-09-29 15:15,76,30,46,0,0,0
2019-09-29 15:30,55,27,28,0,0,0
2019-09-29 15:45,37,22,15,0,0,0
2019-09-29 16:00,41,26,15,0,0,0
2019-09-29 16:15,49,28,21,0,0,0
2019-09-29 16:30,48,21,27,0,0,0
2019-09-29 16:45,64,30,34,0,0,0
2019-09-29 17:00,54,16,38,0,0,0
2019-09-29 17:15,55,30,25,0,0,0
2019-09-29 17:30,51,22,29,0,0,0
2019-09-29 17:45,57,31,26,0,0,0
2019-09-29 18:00,79,26,53,0,0,0
2019-09-29 18:15,61,24,37,0,0,0
2019-09-29 18:30,72,33,39,0,0,0
2019-09-29 18:45,67,32,35,0,0,0
2019-09-29 19:00,58,30,28,0,0,0
2019-09-29 19:15,59,26,33,0,0,0
2019-09-29 19:30,54,24,30,0,0,0
2019-09-29 19:45,56,24,32,0,0,0
2019-09-29 20:00,48,16,32,0,0,0
2019-09-29 20:15,44,24,20,0,0,0
2019-09-29 20:30,46,20,26,0,0,0
2019-09-29 20:45,48,17,31,0,0,0
2019-09-29 21:00,34,14,20,0,0,0
2019-09-29 21:15,35,12,23,0,0,0
2019-09-29 21:30,32,13,19,0,0,0
2019-09-29 21:45,33,4,29,0,0,0
2019-09-29 22:00,18,6,12,0,0,0
2019-09-29 22:15,27,9,18,0,0,0
2019-09-29 22:30,20,8,12,0,0,0
2019-09-29 22:45,23,9,14,0,0,0
2019-09-29 23:00,14,3,11,0,0,0
2019-09-29 23:15,16,5,11,0,0,0
2019-09-29 23:30,27,6,21,0,0,0
2019-09-29 23:45,19,4,15,0,0,0
2019-09-30 00:00,13,4,9,0,0,0
2019-09-30 00:15,10,2,8,0,0,0
2019-09-30 00:30,11,2,9,0,0,0
2019-09-30 00:45,10,2,8,0,0,0
2019-09-30 01:00,5,3,2,0,0,0
2019-09-30 01:15,4,1,3,0,0,0
2019-09-30 01:30,6,1,5,0,0,0
2019-09-30 01:45,1,1,0,0,0,0
2019-09-30 02:00,6,0,6,0,0,0
2019-09-30 02:15,6,1,5,0,0,0
2019-09-30 02:30,1,0,1,0,0,0
2019-09-30 02:45,0,0,0,0,0,0
2019-09-30 03:00,3,1,2,0,0,0
2019-09-30 03:15,0,0,0,0,0,0
2019-09-30 03:30,1,1,0,0,0,0
2019-09-30 03:45,4,1,3,0,0,0
2019-09-30 04:00,5,0,5,0,0,0
2019-09-30 04:15,1,0,1,0,0,0
2019-09-30 04:30,2,2,0,0,0,0
2019-09-30 04:45,10,9,1,0,0,0
2019-09-30 05:00,8,6,2,0,0,0
2019-09-30 05:15,7,4,3,0,0,0
2019-09-30 05:30,13,8,5,0,0,0
2019-09-30 05:45,16,10,6,0,0,0
2019-09-30 06:00,24,20,4,0,0,0
2019-09-30 06:15,33,25,8,0,0,0
2019-09-30 06:30,55,37,18,0,0,0
2019-09-30 06:45,62,45,17,0,0,0
2019-09-30 07:00,79,49,30,0,0,0
2019-09-30 07:15,127,98,29,0,0,0
2019-09-30 07:30,223,175,48,0,0,0
2019-09-30 07:45,218,125,93,0,0,0
2019-09-30 08:00,204,103,101,0,0,0
2019-09-30 08:15,204,126,78,0,0,0
2019-09-30 08:30,190,120,70,0,0,0
2019-09-30 08:45,239,129,110,0,0,0
2019-09-30 09:00,144,89,55,0,0,0
2019-09-30 09:15,180,114,66,0,0,0
2019-09-30 09:30,208,106,102,0,0,0
2019-09-30 09:45,271,128,143,0,0,0
2019-09-30 10:00,157,73,84,0,0,0
2019-09-30 10:15,167,71,96,0,0,0
2019-09-30 10:30,153,91,62,0,0,0
2019-09-30 10:45,211,136,75,0,0,0
2019-09-30 11:00,121,71,50,0,0,0
2019-09-30 11:15,161,91,70,0,0,0
2019-09-30 11:30,158,90,68,0,0,0
2019-09-30 11:45,180,103,77,0,0,0
2019-09-30 12:00,129,66,63,0,0,0
2019-09-30 12:15,159,74,85,0,0,0
2019-09-30 12:30,191,96,95,0,0,0
2019-09-30 12:45,164,94,70,0,0,0
2019-09-30 13:00,172,91,81,0,0,0
2019-09-30 13:15,219,119,100,0,0,0
2019-09-30 13:30,224,129,95,0,0,0
2019-09-30 13:45,240,140,100,0,0,0
2019-09-30 14:00,202,109,93,0,0,0
2019-09-30 14:15,190,81,109,0,0,0
2019-09-30 14:30,215,124,91,0,0,0
2019-09-30 14:45,226,99,127,0,0,0
2019-09-30 15:00,203,94,109,0,0,0
2019-09-30 15:15,312,121,191,0,0,0
2019-09-30 15:30,352,141,211,0,0,0
2019-09-30 15:45,311,159,152,0,0,0
2019-09-30 16:00,214,99,115,0,0,0
2019-09-30 16:15,289,136,153,0,0,0
2019-09-30 16:30,272,131,141,0,0,0
2019-09-30 16:45,286,150,136,0,0,0
2019-09-30 17:00,281,154,127,0,0,0
2019-09-30 17:15,281,150,131,0,0,0
2019-09-30 17:30,264,138,126,0,0,0
2019-09-30 17:45,297,142,155,0,0,0
2019-09-30 18:00,272,132,140,0,0,0
2019-09-30 18:15,241,103,138,0,0,0
2019-09-30 18:30,219,109,110,0,0,0
2019-09-30 18:45,252,125,127,0,0,0
2019-09-30 19:00,264,132,132,0,0,0
2019-09-30 19:15,239,136,103,0,0,0
2019-09-30 19:30,186,87,99,0,0,0
2019-09-30 19:45,242,133,109,0,0,0
2019-09-30 20:00,179,104,75,0,0,0
2019-09-30 20:15,170,79,91,0,0,0
2019-09-30 20:30,142,68,74,0,0,0
2019-09-30 20:45,124,49,75,0,0,0
2019-09-30 21:00,90,40,50,0,0,0
2019-09-30 21:15,102,45,57,0,0,0
2019-09-30 21:30,67,24,43,0,0,0
2019-09-30 21:45,89,37,52,0,0,0
2019-09-30 22:00,81,23,58,0,0,0
2019-09-30 22:15,99,34,65,0,0,0
2019-09-30 22:30,77,19,58,0,0,0
2019-09-30 22:45,95,21,74,0,0,0
2019-09-30 23:00,72,12,60,0,0,0
2019-09-30 23:15,63,12,51,0,0,0
2019-09-30 23:30,74,13,61,0,0,0
2019-09-30 23:45,51,9,42,0,0,0
