Datetime,100035541 (Neutor),101035541 (Neutor stadteinwÃ¤rts),102035541 (Neutor stadtauswÃ¤rts),100035541-status,101035541-status,102035541-status
2020-09-01 00:00,21,8,13,0,0,0
2020-09-01 00:15,12,5,7,0,0,0
2020-09-01 00:30,12,4,8,0,0,0
2020-09-01 00:45,10,2,8,0,0,0
2020-09-01 01:00,14,10,4,0,0,0
2020-09-01 01:15,7,1,6,0,0,0
2020-09-01 01:30,10,2,8,0,0,0
2020-09-01 01:45,9,3,6,0,0,0
2020-09-01 02:00,4,2,2,0,0,0
2020-09-01 02:15,3,2,1,0,0,0
2020-09-01 02:30,7,2,5,0,0,0
2020-09-01 02:45,5,3,2,0,0,0
2020-09-01 03:00,4,0,4,0,0,0
2020-09-01 03:15,1,0,1,0,0,0
2020-09-01 03:30,1,0,1,0,0,0
2020-09-01 03:45,1,0,1,0,0,0
2020-09-01 04:00,1,1,0,0,0,0
2020-09-01 04:15,5,4,1,0,0,0
2020-09-01 04:30,4,2,2,0,0,0
2020-09-01 04:45,7,4,3,0,0,0
2020-09-01 05:00,11,5,6,0,0,0
2020-09-01 05:15,13,11,2,0,0,0
2020-09-01 05:30,15,7,8,0,0,0
2020-09-01 05:45,26,20,6,0,0,0
2020-09-01 06:00,36,26,10,0,0,0
2020-09-01 06:15,57,37,20,0,0,0
2020-09-01 06:30,77,49,28,0,0,0
2020-09-01 06:45,93,63,30,0,0,0
2020-09-01 07:00,143,92,51,0,0,0
2020-09-01 07:15,190,139,51,0,0,0
2020-09-01 07:30,373,277,96,0,0,0
2020-09-01 07:45,315,200,115,0,0,0
2020-09-01 08:00,213,124,89,0,0,0
2020-09-01 08:15,237,152,85,0,0,0
2020-09-01 08:30,193,121,72,0,0,0
2020-09-01 08:45,212,141,71,0,0,0
2020-09-01 09:00,157,110,47,0,0,0
2020-09-01 09:15,159,101,58,0,0,0
2020-09-01 09:30,159,103,56,0,0,0
2020-09-01 09:45,178,106,72,0,0,0
2020-09-01 10:00,139,71,68,0,0,0
2020-09-01 10:15,131,76,55,0,0,0
2020-09-01 10:30,125,95,30,0,0,0
2020-09-01 10:45,152,78,74,0,0,0
2020-09-01 11:00,112,60,52,0,0,0
2020-09-01 11:15,131,70,61,0,0,0
2020-09-01 11:30,167,96,71,0,0,0
2020-09-01 11:45,147,79,68,0,0,0
2020-09-01 12:00,98,40,58,0,0,0
2020-09-01 12:15,167,70,97,0,0,0
2020-09-01 12:30,138,70,68,0,0,0
2020-09-01 12:45,182,80,102,0,0,0
2020-09-01 13:00,260,77,183,0,0,0
2020-09-01 13:15,212,82,130,0,0,0
2020-09-01 13:30,160,67,93,0,0,0
2020-09-01 13:45,203,92,111,0,0,0
2020-09-01 14:00,169,80,89,0,0,0
2020-09-01 14:15,182,88,94,0,0,0
2020-09-01 14:30,167,71,96,0,0,0
2020-09-01 14:45,173,75,98,0,0,0
2020-09-01 15:00,180,68,112,0,0,0
2020-09-01 15:15,173,62,111,0,0,0
2020-09-01 15:30,226,111,115,0,0,0
2020-09-01 15:45,216,99,117,0,0,0
2020-09-01 16:00,225,107,118,0,0,0
2020-09-01 16:15,213,114,99,0,0,0
2020-09-01 16:30,223,101,122,0,0,0
2020-09-01 16:45,285,131,154,0,0,0
2020-09-01 17:00,231,79,152,0,0,0
2020-09-01 17:15,238,115,123,0,0,0
2020-09-01 17:30,279,118,161,0,0,0
2020-09-01 17:45,278,127,151,0,0,0
2020-09-01 18:00,246,99,147,0,0,0
2020-09-01 18:15,203,88,115,0,0,0
2020-09-01 18:30,218,92,126,0,0,0
2020-09-01 18:45,247,137,110,0,0,0
2020-09-01 19:00,152,71,81,0,0,0
2020-09-01 19:15,180,82,98,0,0,0
2020-09-01 19:30,155,77,78,0,0,0
2020-09-01 19:45,168,90,78,0,0,0
2020-09-01 20:00,132,65,67,0,0,0
2020-09-01 20:15,155,69,86,0,0,0
2020-09-01 20:30,95,47,48,0,0,0
2020-09-01 20:45,108,39,69,0,0,0
2020-09-01 21:00,110,33,77,0,0,0
2020-09-01 21:15,73,24,49,0,0,0
2020-09-01 21:30,87,29,58,0,0,0
2020-09-01 21:45,82,30,52,0,0,0
2020-09-01 22:00,91,23,68,0,0,0
2020-09-01 22:15,63,14,49,0,0,0
2020-09-01 22:30,67,20,47,0,0,0
2020-09-01 22:45,58,20,38,0,0,0
2020-09-01 23:00,47,12,35,0,0,0
2020-09-01 23:15,38,14,24,0,0,0
2020-09-01 23:30,39,12,27,0,0,0
2020-09-01 23:45,23,8,15,0,0,0
2020-09-02 00:00,26,7,19,0,0,0
2020-09-02 00:15,26,9,17,0,0,0
2020-09-02 00:30,21,3,18,0,0,0
2020-09-02 00:45,18,5,13,0,0,0
2020-09-02 01:00,18,6,12,0,0,0
2020-09-02 01:15,22,7,15,0,0,0
2020-09-02 01:30,18,2,16,0,0,0
2020-09-02 01:45,14,3,11,0,0,0
2020-09-02 02:00,5,0,5,0,0,0
2020-09-02 02:15,12,4,8,0,0,0
2020-09-02 02:30,1,0,1,0,0,0
2020-09-02 02:45,2,0,2,0,0,0
2020-09-02 03:00,1,0,1,0,0,0
2020-09-02 03:15,1,0,1,0,0,0
2020-09-02 03:30,3,3,0,0,0,0
2020-09-02 03:45,2,1,1,0,0,0
2020-09-02 04:00,4,2,2,0,0,0
2020-09-02 04:15,4,2,2,0,0,0
2020-09-02 04:30,1,1,0,0,0,0
2020-09-02 04:45,15,8,7,0,0,0
2020-09-02 05:00,11,7,4,0,0,0
2020-09-02 05:15,15,11,4,0,0,0
2020-09-02 05:30,19,12,7,0,0,0
2020-09-02 05:45,27,18,9,0,0,0
2020-09-02 06:00,38,25,13,0,0,0
2020-09-02 06:15,55,33,22,0,0,0
2020-09-02 06:30,78,49,29,0,0,0
2020-09-02 06:45,91,60,31,0,0,0
2020-09-02 07:00,117,75,42,0,0,0
2020-09-02 07:15,214,166,48,0,0,0
2020-09-02 07:30,375,298,77,0,0,0
2020-09-02 07:45,338,214,124,0,0,0
2020-09-02 08:00,208,117,91,0,0,0
2020-09-02 08:15,215,131,84,0,0,0
2020-09-02 08:30,183,117,66,0,0,0
2020-09-02 08:45,204,132,72,0,0,0
2020-09-02 09:00,179,116,63,0,0,0
2020-09-02 09:15,154,108,46,0,0,0
2020-09-02 09:30,164,111,53,0,0,0
2020-09-02 09:45,196,130,66,0,0,0
2020-09-02 10:00,131,79,52,0,0,0
2020-09-02 10:15,143,85,58,0,0,0
2020-09-02 10:30,130,71,59,0,0,0
2020-09-02 10:45,143,86,57,0,0,0
2020-09-02 11:00,127,59,68,0,0,0
2020-09-02 11:15,139,77,62,0,0,0
2020-09-02 11:30,154,89,65,0,0,0
2020-09-02 11:45,153,85,68,0,0,0
2020-09-02 12:00,164,77,87,0,0,0
2020-09-02 12:15,171,80,91,0,0,0
2020-09-02 12:30,177,84,93,0,0,0
2020-09-02 12:45,192,94,98,0,0,0
2020-09-02 13:00,211,84,127,0,0,0
2020-09-02 13:15,213,86,127,0,0,0
2020-09-02 13:30,223,88,135,0,0,0
2020-09-02 13:45,227,102,125,0,0,0
2020-09-02 14:00,222,108,114,0,0,0
2020-09-02 14:15,197,92,105,0,0,0
2020-09-02 14:30,202,76,126,0,0,0
2020-09-02 14:45,213,95,118,0,0,0
2020-09-02 15:00,187,91,96,0,0,0
2020-09-02 15:15,200,96,104,0,0,0
2020-09-02 15:30,265,102,163,0,0,0
2020-09-02 15:45,282,110,172,0,0,0
2020-09-02 16:00,246,115,131,0,0,0
2020-09-02 16:15,233,112,121,0,0,0
2020-09-02 16:30,253,103,150,0,0,0
2020-09-02 16:45,232,120,112,0,0,0
2020-09-02 17:00,274,104,170,0,0,0
2020-09-02 17:15,278,133,145,0,0,0
2020-09-02 17:30,278,130,148,0,0,0
2020-09-02 17:45,309,147,162,0,0,0
2020-09-02 18:00,250,106,144,0,0,0
2020-09-02 18:15,222,107,115,0,0,0
2020-09-02 18:30,195,79,116,0,0,0
2020-09-02 18:45,257,139,118,0,0,0
2020-09-02 19:00,218,108,110,0,0,0
2020-09-02 19:15,200,102,98,0,0,0
2020-09-02 19:30,172,79,93,0,0,0
2020-09-02 19:45,209,100,109,0,0,0
2020-09-02 20:00,156,71,85,0,0,0
2020-09-02 20:15,127,58,69,0,0,0
2020-09-02 20:30,120,52,68,0,0,0
2020-09-02 20:45,111,42,69,0,0,0
2020-09-02 21:00,115,48,67,0,0,0
2020-09-02 21:15,110,40,70,0,0,0
2020-09-02 21:30,111,46,65,0,0,0
2020-09-02 21:45,98,47,51,0,0,0
2020-09-02 22:00,92,23,69,0,0,0
2020-09-02 22:15,84,24,60,0,0,0
2020-09-02 22:30,65,13,52,0,0,0
2020-09-02 22:45,93,21,72,0,0,0
2020-09-02 23:00,60,20,40,0,0,0
2020-09-02 23:15,57,17,40,0,0,0
2020-09-02 23:30,52,22,30,0,0,0
2020-09-02 23:45,35,5,30,0,0,0
2020-09-03 00:00,30,11,19,0,0,0
2020-09-03 00:15,29,4,25,0,0,0
2020-09-03 00:30,29,7,22,0,0,0
2020-09-03 00:45,21,8,13,0,0,0
2020-09-03 01:00,24,9,15,0,0,0
2020-09-03 01:15,16,3,13,0,0,0
2020-09-03 01:30,16,6,10,0,0,0
2020-09-03 01:45,23,7,16,0,0,0
2020-09-03 02:00,18,2,16,0,0,0
2020-09-03 02:15,14,6,8,0,0,0
2020-09-03 02:30,29,3,26,0,0,0
2020-09-03 02:45,15,2,13,0,0,0
2020-09-03 03:00,10,1,9,0,0,0
2020-09-03 03:15,10,3,7,0,0,0
2020-09-03 03:30,6,2,4,0,0,0
2020-09-03 03:45,6,2,4,0,0,0
2020-09-03 04:00,5,1,4,0,0,0
2020-09-03 04:15,8,3,5,0,0,0
2020-09-03 04:30,12,11,1,0,0,0
2020-09-03 04:45,11,5,6,0,0,0
2020-09-03 05:00,15,9,6,0,0,0
2020-09-03 05:15,20,11,9,0,0,0
2020-09-03 05:30,22,12,10,0,0,0
2020-09-03 05:45,27,22,5,0,0,0
2020-09-03 06:00,25,20,5,0,0,0
2020-09-03 06:15,57,36,21,0,0,0
2020-09-03 06:30,70,42,28,0,0,0
2020-09-03 06:45,73,45,28,0,0,0
2020-09-03 07:00,114,76,38,0,0,0
2020-09-03 07:15,210,146,64,0,0,0
2020-09-03 07:30,335,266,69,0,0,0
2020-09-03 07:45,279,170,109,0,0,0
2020-09-03 08:00,184,119,65,0,0,0
2020-09-03 08:15,185,115,70,0,0,0
2020-09-03 08:30,166,90,76,0,0,0
2020-09-03 08:45,182,114,68,0,0,0
2020-09-03 09:00,123,86,37,0,0,0
2020-09-03 09:15,137,95,42,0,0,0
2020-09-03 09:30,116,71,45,0,0,0
2020-09-03 09:45,143,89,54,0,0,0
2020-09-03 10:00,87,53,34,0,0,0
2020-09-03 10:15,84,46,38,0,0,0
2020-09-03 10:30,84,36,48,0,0,0
2020-09-03 10:45,120,76,44,0,0,0
2020-09-03 11:00,76,40,36,0,0,0
2020-09-03 11:15,98,44,54,0,0,0
2020-09-03 11:30,86,47,39,0,0,0
2020-09-03 11:45,101,55,46,0,0,0
2020-09-03 12:00,89,24,65,0,0,0
2020-09-03 12:15,91,40,51,0,0,0
2020-09-03 12:30,112,32,80,0,0,0
2020-09-03 12:45,123,56,67,0,0,0
2020-09-03 13:00,142,49,93,0,0,0
2020-09-03 13:15,121,38,83,0,0,0
2020-09-03 13:30,143,58,85,0,0,0
2020-09-03 13:45,136,61,75,0,0,0
2020-09-03 14:00,123,42,81,0,0,0
2020-09-03 14:15,92,30,62,0,0,0
2020-09-03 14:30,97,34,63,0,0,0
2020-09-03 14:45,138,41,97,0,0,0
2020-09-03 15:00,113,35,78,0,0,0
2020-09-03 15:15,100,52,48,0,0,0
2020-09-03 15:30,157,36,121,0,0,0
2020-09-03 15:45,124,52,72,0,0,0
2020-09-03 16:00,144,54,90,0,0,0
2020-09-03 16:15,151,64,87,0,0,0
2020-09-03 16:30,162,75,87,0,0,0
2020-09-03 16:45,170,72,98,0,0,0
2020-09-03 17:00,187,66,121,0,0,0
2020-09-03 17:15,173,78,95,0,0,0
2020-09-03 17:30,175,83,92,0,0,0
2020-09-03 17:45,182,88,94,0,0,0
2020-09-03 18:00,162,68,94,0,0,0
2020-09-03 18:15,162,66,96,0,0,0
2020-09-03 18:30,161,58,103,0,0,0
2020-09-03 18:45,181,80,101,0,0,0
2020-09-03 19:00,163,72,91,0,0,0
2020-09-03 19:15,159,64,95,0,0,0
2020-09-03 19:30,130,51,79,0,0,0
2020-09-03 19:45,114,54,60,0,0,0
2020-09-03 20:00,127,49,78,0,0,0
2020-09-03 20:15,83,33,50,0,0,0
2020-09-03 20:30,76,32,44,0,0,0
2020-09-03 20:45,63,25,38,0,0,0
2020-09-03 21:00,104,38,66,0,0,0
2020-09-03 21:15,56,23,33,0,0,0
2020-09-03 21:30,78,32,46,0,0,0
2020-09-03 21:45,58,19,39,0,0,0
2020-09-03 22:00,68,20,48,0,0,0
2020-09-03 22:15,61,22,39,0,0,0
2020-09-03 22:30,53,10,43,0,0,0
2020-09-03 22:45,60,20,40,0,0,0
2020-09-03 23:00,51,15,36,0,0,0
2020-09-03 23:15,39,14,25,0,0,0
2020-09-03 23:30,35,12,23,0,0,0
2020-09-03 23:45,22,10,12,0,0,0
2020-09-04 00:00,33,11,22,0,0,0
2020-09-04 00:15,25,3,22,0,0,0
2020-09-04 00:30,24,9,15,0,0,0
2020-09-04 00:45,13,3,10,0,0,0
2020-09-04 01:00,15,5,10,0,0,0
2020-09-04 01:15,6,0,6,0,0,0
2020-09-04 01:30,3,0,3,0,0,0
2020-09-04 01:45,8,2,6,0,0,0
2020-09-04 02:00,13,0,13,0,0,0
2020-09-04 02:15,9,4,5,0,0,0
2020-09-04 02:30,7,1,6,0,0,0
2020-09-04 02:45,0,0,0,0,0,0
2020-09-04 03:00,1,1,0,0,0,0
2020-09-04 03:15,3,2,1,0,0,0
2020-09-04 03:30,0,0,0,0,0,0
2020-09-04 03:45,1,1,0,0,0,0
2020-09-04 04:00,3,1,2,0,0,0
2020-09-04 04:15,3,2,1,0,0,0
2020-09-04 04:30,3,1,2,0,0,0
2020-09-04 04:45,9,5,4,0,0,0
2020-09-04 05:00,7,3,4,0,0,0
2020-09-04 05:15,7,7,0,0,0,0
2020-09-04 05:30,10,7,3,0,0,0
2020-09-04 05:45,20,18,2,0,0,0
2020-09-04 06:00,26,15,11,0,0,0
2020-09-04 06:15,41,29,12,0,0,0
2020-09-04 06:30,34,20,14,0,0,0
2020-09-04 06:45,73,44,29,0,0,0
2020-09-04 07:00,72,47,25,0,0,0
2020-09-04 07:15,129,89,40,0,0,0
2020-09-04 07:30,230,167,63,0,0,0
2020-09-04 07:45,203,120,83,0,0,0
2020-09-04 08:00,149,89,60,0,0,0
2020-09-04 08:15,146,79,67,0,0,0
2020-09-04 08:30,110,65,45,0,0,0
2020-09-04 08:45,200,113,87,0,0,0
2020-09-04 09:00,137,95,42,0,0,0
2020-09-04 09:15,112,69,43,0,0,0
2020-09-04 09:30,116,67,49,0,0,0
2020-09-04 09:45,143,85,58,0,0,0
2020-09-04 10:00,102,58,44,0,0,0
2020-09-04 10:15,86,47,39,0,0,0
2020-09-04 10:30,107,45,62,0,0,0
2020-09-04 10:45,105,60,45,0,0,0
2020-09-04 11:00,99,61,38,0,0,0
2020-09-04 11:15,125,63,62,0,0,0
2020-09-04 11:30,122,58,64,0,0,0
2020-09-04 11:45,204,118,86,0,0,0
2020-09-04 12:00,165,102,63,0,0,0
2020-09-04 12:15,173,85,88,0,0,0
2020-09-04 12:30,148,73,75,0,0,0
2020-09-04 12:45,176,87,89,0,0,0
2020-09-04 13:00,225,80,145,0,0,0
2020-09-04 13:15,213,84,129,0,0,0
2020-09-04 13:30,162,69,93,0,0,0
2020-09-04 13:45,173,81,92,0,0,0
2020-09-04 14:00,185,88,97,0,0,0
2020-09-04 14:15,159,82,77,0,0,0
2020-09-04 14:30,222,106,116,0,0,0
2020-09-04 14:45,183,78,105,0,0,0
2020-09-04 15:00,174,91,83,0,0,0
2020-09-04 15:15,181,89,92,0,0,0
2020-09-04 15:30,209,97,112,0,0,0
2020-09-04 15:45,201,106,95,0,0,0
2020-09-04 16:00,202,90,112,0,0,0
2020-09-04 16:15,204,99,105,0,0,0
2020-09-04 16:30,194,84,110,0,0,0
2020-09-04 16:45,189,91,98,0,0,0
2020-09-04 17:00,201,93,108,0,0,0
2020-09-04 17:15,190,111,79,0,0,0
2020-09-04 17:30,179,101,78,0,0,0
2020-09-04 17:45,191,106,85,0,0,0
2020-09-04 18:00,198,98,100,0,0,0
2020-09-04 18:15,168,92,76,0,0,0
2020-09-04 18:30,174,78,96,0,0,0
2020-09-04 18:45,215,109,106,0,0,0
2020-09-04 19:00,161,75,86,0,0,0
2020-09-04 19:15,149,86,63,0,0,0
2020-09-04 19:30,155,78,77,0,0,0
2020-09-04 19:45,156,74,82,0,0,0
2020-09-04 20:00,145,76,69,0,0,0
2020-09-04 20:15,132,73,59,0,0,0
2020-09-04 20:30,112,54,58,0,0,0
2020-09-04 20:45,82,45,37,0,0,0
2020-09-04 21:00,111,35,76,0,0,0
2020-09-04 21:15,95,56,39,0,0,0
2020-09-04 21:30,62,25,37,0,0,0
2020-09-04 21:45,71,35,36,0,0,0
2020-09-04 22:00,61,27,34,0,0,0
2020-09-04 22:15,69,35,34,0,0,0
2020-09-04 22:30,62,25,37,0,0,0
2020-09-04 22:45,76,25,51,0,0,0
2020-09-04 23:00,70,11,59,0,0,0
2020-09-04 23:15,74,18,56,0,0,0
2020-09-04 23:30,76,42,34,0,0,0
2020-09-04 23:45,74,29,45,0,0,0
2020-09-05 00:00,60,17,43,0,0,0
2020-09-05 00:15,81,20,61,0,0,0
2020-09-05 00:30,57,28,29,0,0,0
2020-09-05 00:45,57,21,36,0,0,0
2020-09-05 01:00,61,14,47,0,0,0
2020-09-05 01:15,38,9,29,0,0,0
2020-09-05 01:30,50,8,42,0,0,0
2020-09-05 01:45,33,11,22,0,0,0
2020-09-05 02:00,37,9,28,0,0,0
2020-09-05 02:15,39,3,36,0,0,0
2020-09-05 02:30,41,9,32,0,0,0
2020-09-05 02:45,27,5,22,0,0,0
2020-09-05 03:00,20,6,14,0,0,0
2020-09-05 03:15,24,9,15,0,0,0
2020-09-05 03:30,12,0,12,0,0,0
2020-09-05 03:45,14,0,14,0,0,0
2020-09-05 04:00,21,9,12,0,0,0
2020-09-05 04:15,21,5,16,0,0,0
2020-09-05 04:30,15,3,12,0,0,0
2020-09-05 04:45,9,3,6,0,0,0
2020-09-05 05:00,10,5,5,0,0,0
2020-09-05 05:15,13,7,6,0,0,0
2020-09-05 05:30,15,6,9,0,0,0
2020-09-05 05:45,15,8,7,0,0,0
2020-09-05 06:00,9,2,7,0,0,0
2020-09-05 06:15,10,6,4,0,0,0
2020-09-05 06:30,9,5,4,0,0,0
2020-09-05 06:45,8,7,1,0,0,0
2020-09-05 07:00,6,5,1,0,0,0
2020-09-05 07:15,13,8,5,0,0,0
2020-09-05 07:30,18,10,8,0,0,0
2020-09-05 07:45,23,16,7,0,0,0
2020-09-05 08:00,16,13,3,0,0,0
2020-09-05 08:15,22,9,13,0,0,0
2020-09-05 08:30,23,11,12,0,0,0
2020-09-05 08:45,62,46,16,0,0,0
2020-09-05 09:00,38,31,7,0,0,0
2020-09-05 09:15,56,36,20,0,0,0
2020-09-05 09:30,60,41,19,0,0,0
2020-09-05 09:45,64,45,19,0,0,0
2020-09-05 10:00,37,19,18,0,0,0
2020-09-05 10:15,43,25,18,0,0,0
2020-09-05 10:30,43,26,17,0,0,0
2020-09-05 10:45,52,36,16,0,0,0
2020-09-05 11:00,43,23,20,0,0,0
2020-09-05 11:15,37,24,13,0,0,0
2020-09-05 11:30,73,42,31,0,0,0
2020-09-05 11:45,90,51,39,0,0,0
2020-09-05 12:00,88,53,35,0,0,0
2020-09-05 12:15,78,44,34,0,0,0
2020-09-05 12:30,114,56,58,0,0,0
2020-09-05 12:45,113,65,48,0,0,0
2020-09-05 13:00,130,71,59,0,0,0
2020-09-05 13:15,105,58,47,0,0,0
2020-09-05 13:30,128,71,57,0,0,0
2020-09-05 13:45,136,82,54,0,0,0
2020-09-05 14:00,123,71,52,0,0,0
2020-09-05 14:15,126,79,47,0,0,0
2020-09-05 14:30,124,58,66,0,0,0
2020-09-05 14:45,142,61,81,0,0,0
2020-09-05 15:00,122,61,61,0,0,0
2020-09-05 15:15,127,51,76,0,0,0
2020-09-05 15:30,63,35,28,0,0,0
2020-09-05 15:45,140,56,84,0,0,0
2020-09-05 16:00,105,44,61,0,0,0
2020-09-05 16:15,89,38,51,0,0,0
2020-09-05 16:30,97,49,48,0,0,0
2020-09-05 16:45,132,57,75,0,0,0
2020-09-05 17:00,102,53,49,0,0,0
2020-09-05 17:15,133,59,74,0,0,0
2020-09-05 17:30,118,48,70,0,0,0
2020-09-05 17:45,128,57,71,0,0,0
2020-09-05 18:00,104,53,51,0,0,0
2020-09-05 18:15,120,65,55,0,0,0
2020-09-05 18:30,107,59,48,0,0,0
2020-09-05 18:45,146,77,69,0,0,0
2020-09-05 19:00,110,51,59,0,0,0
2020-09-05 19:15,96,47,49,0,0,0
2020-09-05 19:30,103,51,52,0,0,0
2020-09-05 19:45,129,68,61,0,0,0
2020-09-05 20:00,102,39,63,0,0,0
2020-09-05 20:15,68,34,34,0,0,0
2020-09-05 20:30,81,40,41,0,0,0
2020-09-05 20:45,65,37,28,0,0,0
2020-09-05 21:00,62,27,35,0,0,0
2020-09-05 21:15,64,21,43,0,0,0
2020-09-05 21:30,42,11,31,0,0,0
2020-09-05 21:45,43,11,32,0,0,0
2020-09-05 22:00,40,19,21,0,0,0
2020-09-05 22:15,53,15,38,0,0,0
2020-09-05 22:30,71,23,48,0,0,0
2020-09-05 22:45,51,9,42,0,0,0
2020-09-05 23:00,45,12,33,0,0,0
2020-09-05 23:15,45,12,33,0,0,0
2020-09-05 23:30,51,15,36,0,0,0
2020-09-05 23:45,54,26,28,0,0,0
2020-09-06 00:00,48,16,32,0,0,0
2020-09-06 00:15,41,12,29,0,0,0
2020-09-06 00:30,46,21,25,0,0,0
2020-09-06 00:45,41,10,31,0,0,0
2020-09-06 01:00,56,13,43,0,0,0
2020-09-06 01:15,42,8,34,0,0,0
2020-09-06 01:30,19,2,17,0,0,0
2020-09-06 01:45,47,6,41,0,0,0
2020-09-06 02:00,20,13,7,0,0,0
2020-09-06 02:15,26,6,20,0,0,0
2020-09-06 02:30,38,14,24,0,0,0
2020-09-06 02:45,33,9,24,0,0,0
2020-09-06 03:00,14,5,9,0,0,0
2020-09-06 03:15,16,7,9,0,0,0
2020-09-06 03:30,17,8,9,0,0,0
2020-09-06 03:45,30,7,23,0,0,0
2020-09-06 04:00,8,5,3,0,0,0
2020-09-06 04:15,6,1,5,0,0,0
2020-09-06 04:30,8,2,6,0,0,0
2020-09-06 04:45,13,2,11,0,0,0
2020-09-06 05:00,4,0,4,0,0,0
2020-09-06 05:15,10,4,6,0,0,0
2020-09-06 05:30,11,2,9,0,0,0
2020-09-06 05:45,7,5,2,0,0,0
2020-09-06 06:00,5,4,1,0,0,0
2020-09-06 06:15,12,5,7,0,0,0
2020-09-06 06:30,7,3,4,0,0,0
2020-09-06 06:45,7,3,4,0,0,0
2020-09-06 07:00,11,4,7,0,0,0
2020-09-06 07:15,6,4,2,0,0,0
2020-09-06 07:30,10,5,5,0,0,0
2020-09-06 07:45,18,12,6,0,0,0
2020-09-06 08:00,14,13,1,0,0,0
2020-09-06 08:15,18,5,13,0,0,0
2020-09-06 08:30,23,14,9,0,0,0
2020-09-06 08:45,27,23,4,0,0,0
2020-09-06 09:00,29,18,11,0,0,0
2020-09-06 09:15,43,29,14,0,0,0
2020-09-06 09:30,56,29,27,0,0,0
2020-09-06 09:45,111,72,39,0,0,0
2020-09-06 10:00,61,39,22,0,0,0
2020-09-06 10:15,65,39,26,0,0,0
2020-09-06 10:30,69,41,28,0,0,0
2020-09-06 10:45,82,47,35,0,0,0
2020-09-06 11:00,77,51,26,0,0,0
2020-09-06 11:15,82,46,36,0,0,0
2020-09-06 11:30,79,48,31,0,0,0
2020-09-06 11:45,102,69,33,0,0,0
2020-09-06 12:00,112,47,65,0,0,0
2020-09-06 12:15,100,37,63,0,0,0
2020-09-06 12:30,95,43,52,0,0,0
2020-09-06 12:45,94,48,46,0,0,0
2020-09-06 13:00,100,49,51,0,0,0
2020-09-06 13:15,94,48,46,0,0,0
2020-09-06 13:30,110,56,54,0,0,0
2020-09-06 13:45,117,69,48,0,0,0
2020-09-06 14:00,95,58,37,0,0,0
2020-09-06 14:15,104,58,46,0,0,0
2020-09-06 14:30,114,55,59,0,0,0
2020-09-06 14:45,104,49,55,0,0,0
2020-09-06 15:00,105,56,49,0,0,0
2020-09-06 15:15,117,48,69,0,0,0
2020-09-06 15:30,102,53,49,0,0,0
2020-09-06 15:45,106,64,42,0,0,0
2020-09-06 16:00,129,69,60,0,0,0
2020-09-06 16:15,84,38,46,0,0,0
2020-09-06 16:30,99,41,58,0,0,0
2020-09-06 16:45,141,55,86,0,0,0
2020-09-06 17:00,92,39,53,0,0,0
2020-09-06 17:15,92,45,47,0,0,0
2020-09-06 17:30,98,47,51,0,0,0
2020-09-06 17:45,109,53,56,0,0,0
2020-09-06 18:00,116,55,61,0,0,0
2020-09-06 18:15,102,60,42,0,0,0
2020-09-06 18:30,123,64,59,0,0,0
2020-09-06 18:45,111,52,59,0,0,0
2020-09-06 19:00,111,49,62,0,0,0
2020-09-06 19:15,83,50,33,0,0,0
2020-09-06 19:30,95,48,47,0,0,0
2020-09-06 19:45,87,36,51,0,0,0
2020-09-06 20:00,86,36,50,0,0,0
2020-09-06 20:15,40,19,21,0,0,0
2020-09-06 20:30,62,18,44,0,0,0
2020-09-06 20:45,57,31,26,0,0,0
2020-09-06 21:00,56,22,34,0,0,0
2020-09-06 21:15,42,10,32,0,0,0
2020-09-06 21:30,39,8,31,0,0,0
2020-09-06 21:45,34,12,22,0,0,0
2020-09-06 22:00,57,26,31,0,0,0
2020-09-06 22:15,41,13,28,0,0,0
2020-09-06 22:30,48,13,35,0,0,0
2020-09-06 22:45,28,5,23,0,0,0
2020-09-06 23:00,35,7,28,0,0,0
2020-09-06 23:15,25,3,22,0,0,0
2020-09-06 23:30,24,7,17,0,0,0
2020-09-06 23:45,22,4,18,0,0,0
2020-09-07 00:00,10,4,6,0,0,0
2020-09-07 00:15,13,4,9,0,0,0
2020-09-07 00:30,9,2,7,0,0,0
2020-09-07 00:45,9,4,5,0,0,0
2020-09-07 01:00,10,4,6,0,0,0
2020-09-07 01:15,10,7,3,0,0,0
2020-09-07 01:30,3,2,1,0,0,0
2020-09-07 01:45,9,7,2,0,0,0
2020-09-07 02:00,7,3,4,0,0,0
2020-09-07 02:15,5,3,2,0,0,0
2020-09-07 02:30,6,1,5,0,0,0
2020-09-07 02:45,3,1,2,0,0,0
2020-09-07 03:00,0,0,0,0,0,0
2020-09-07 03:15,3,0,3,0,0,0
2020-09-07 03:30,1,1,0,0,0,0
2020-09-07 03:45,2,1,1,0,0,0
2020-09-07 04:00,4,4,0,0,0,0
2020-09-07 04:15,6,5,1,0,0,0
2020-09-07 04:30,1,0,1,0,0,0
2020-09-07 04:45,14,8,6,0,0,0
2020-09-07 05:00,9,5,4,0,0,0
2020-09-07 05:15,14,12,2,0,0,0
2020-09-07 05:30,22,12,10,0,0,0
2020-09-07 05:45,22,18,4,0,0,0
2020-09-07 06:00,28,19,9,0,0,0
2020-09-07 06:15,55,32,23,0,0,0
2020-09-07 06:30,83,55,28,0,0,0
2020-09-07 06:45,79,53,26,0,0,0
2020-09-07 07:00,127,78,49,0,0,0
2020-09-07 07:15,227,162,65,0,0,0
2020-09-07 07:30,368,283,85,0,0,0
2020-09-07 07:45,271,182,89,0,0,0
2020-09-07 08:00,196,113,83,0,0,0
2020-09-07 08:15,192,114,78,0,0,0
2020-09-07 08:30,191,127,64,0,0,0
2020-09-07 08:45,225,157,68,0,0,0
2020-09-07 09:00,157,94,63,0,0,0
2020-09-07 09:15,149,95,54,0,0,0
2020-09-07 09:30,142,76,66,0,0,0
2020-09-07 09:45,162,105,57,0,0,0
2020-09-07 10:00,120,67,53,0,0,0
2020-09-07 10:15,110,64,46,0,0,0
2020-09-07 10:30,109,65,44,0,0,0
2020-09-07 10:45,140,73,67,0,0,0
2020-09-07 11:00,110,62,48,0,0,0
2020-09-07 11:15,140,64,76,0,0,0
2020-09-07 11:30,127,65,62,0,0,0
2020-09-07 11:45,145,68,77,0,0,0
2020-09-07 12:00,142,74,68,0,0,0
2020-09-07 12:15,154,77,77,0,0,0
2020-09-07 12:30,187,79,108,0,0,0
2020-09-07 12:45,157,82,75,0,0,0
2020-09-07 13:00,195,77,118,0,0,0
2020-09-07 13:15,160,68,92,0,0,0
2020-09-07 13:30,191,81,110,0,0,0
2020-09-07 13:45,217,102,115,0,0,0
2020-09-07 14:00,190,85,105,0,0,0
2020-09-07 14:15,158,78,80,0,0,0
2020-09-07 14:30,178,79,99,0,0,0
2020-09-07 14:45,184,74,110,0,0,0
2020-09-07 15:00,177,71,106,0,0,0
2020-09-07 15:15,172,83,89,0,0,0
2020-09-07 15:30,274,101,173,0,0,0
2020-09-07 15:45,245,108,137,0,0,0
2020-09-07 16:00,258,114,144,0,0,0
2020-09-07 16:15,199,79,120,0,0,0
2020-09-07 16:30,201,75,126,0,0,0
2020-09-07 16:45,258,119,139,0,0,0
2020-09-07 17:00,243,109,134,0,0,0
2020-09-07 17:15,229,119,110,0,0,0
2020-09-07 17:30,302,149,153,0,0,0
2020-09-07 17:45,279,125,154,0,0,0
2020-09-07 18:00,210,105,105,0,0,0
2020-09-07 18:15,226,98,128,0,0,0
2020-09-07 18:30,228,97,131,0,0,0
2020-09-07 18:45,204,82,122,0,0,0
2020-09-07 19:00,163,85,78,0,0,0
2020-09-07 19:15,189,94,95,0,0,0
2020-09-07 19:30,143,57,86,0,0,0
2020-09-07 19:45,148,74,74,0,0,0
2020-09-07 20:00,160,73,87,0,0,0
2020-09-07 20:15,118,47,71,0,0,0
2020-09-07 20:30,105,45,60,0,0,0
2020-09-07 20:45,102,43,59,0,0,0
2020-09-07 21:00,72,32,40,0,0,0
2020-09-07 21:15,83,26,57,0,0,0
2020-09-07 21:30,80,43,37,0,0,0
2020-09-07 21:45,61,23,38,0,0,0
2020-09-07 22:00,82,26,56,0,0,0
2020-09-07 22:15,65,18,47,0,0,0
2020-09-07 22:30,56,9,47,0,0,0
2020-09-07 22:45,62,12,50,0,0,0
2020-09-07 23:00,42,18,24,0,0,0
2020-09-07 23:15,29,8,21,0,0,0
2020-09-07 23:30,33,10,23,0,0,0
2020-09-07 23:45,23,6,17,0,0,0
2020-09-08 00:00,26,5,21,0,0,0
2020-09-08 00:15,22,6,16,0,0,0
2020-09-08 00:30,11,2,9,0,0,0
2020-09-08 00:45,13,3,10,0,0,0
2020-09-08 01:00,16,3,13,0,0,0
2020-09-08 01:15,16,7,9,0,0,0
2020-09-08 01:30,6,0,6,0,0,0
2020-09-08 01:45,17,1,16,0,0,0
2020-09-08 02:00,11,6,5,0,0,0
2020-09-08 02:15,9,6,3,0,0,0
2020-09-08 02:30,6,3,3,0,0,0
2020-09-08 02:45,5,3,2,0,0,0
2020-09-08 03:00,3,0,3,0,0,0
2020-09-08 03:15,3,1,2,0,0,0
2020-09-08 03:30,4,3,1,0,0,0
2020-09-08 03:45,0,0,0,0,0,0
2020-09-08 04:00,4,3,1,0,0,0
2020-09-08 04:15,4,1,3,0,0,0
2020-09-08 04:30,0,0,0,0,0,0
2020-09-08 04:45,16,9,7,0,0,0
2020-09-08 05:00,7,6,1,0,0,0
2020-09-08 05:15,12,10,2,0,0,0
2020-09-08 05:30,14,8,6,0,0,0
2020-09-08 05:45,25,19,6,0,0,0
2020-09-08 06:00,40,26,14,0,0,0
2020-09-08 06:15,50,27,23,0,0,0
2020-09-08 06:30,92,57,35,0,0,0
2020-09-08 06:45,96,65,31,0,0,0
2020-09-08 07:00,126,80,46,0,0,0
2020-09-08 07:15,219,179,40,0,0,0
2020-09-08 07:30,354,266,88,0,0,0
2020-09-08 07:45,326,214,112,0,0,0
2020-09-08 08:00,207,125,82,0,0,0
2020-09-08 08:15,223,146,77,0,0,0
2020-09-08 08:30,182,112,70,0,0,0
2020-09-08 08:45,243,158,85,0,0,0
2020-09-08 09:00,182,124,58,0,0,0
2020-09-08 09:15,156,100,56,0,0,0
2020-09-08 09:30,136,90,46,0,0,0
2020-09-08 09:45,161,96,65,0,0,0
2020-09-08 10:00,107,57,50,0,0,0
2020-09-08 10:15,96,52,44,0,0,0
2020-09-08 10:30,109,46,63,0,0,0
2020-09-08 10:45,125,74,51,0,0,0
2020-09-08 11:00,97,48,49,0,0,0
2020-09-08 11:15,113,54,59,0,0,0
2020-09-08 11:30,125,55,70,0,0,0
2020-09-08 11:45,140,72,68,0,0,0
2020-09-08 12:00,149,75,74,0,0,0
2020-09-08 12:15,162,80,82,0,0,0
2020-09-08 12:30,180,76,104,0,0,0
2020-09-08 12:45,200,98,102,0,0,0
2020-09-08 13:00,239,71,168,0,0,0
2020-09-08 13:15,162,67,95,0,0,0
2020-09-08 13:30,180,60,120,0,0,0
2020-09-08 13:45,208,99,109,0,0,0
2020-09-08 14:00,196,72,124,0,0,0
2020-09-08 14:15,192,99,93,0,0,0
2020-09-08 14:30,179,91,88,0,0,0
2020-09-08 14:45,189,67,122,0,0,0
2020-09-08 15:00,199,78,121,0,0,0
2020-09-08 15:15,158,79,79,0,0,0
2020-09-08 15:30,188,88,100,0,0,0
2020-09-08 15:45,216,91,125,0,0,0
2020-09-08 16:00,233,98,135,0,0,0
2020-09-08 16:15,235,102,133,0,0,0
2020-09-08 16:30,248,101,147,0,0,0
2020-09-08 16:45,238,115,123,0,0,0
2020-09-08 17:00,257,104,153,0,0,0
2020-09-08 17:15,243,94,149,0,0,0
2020-09-08 17:30,275,104,171,0,0,0
2020-09-08 17:45,262,109,153,0,0,0
2020-09-08 18:00,272,99,173,0,0,0
2020-09-08 18:15,222,85,137,0,0,0
2020-09-08 18:30,196,79,117,0,0,0
2020-09-08 18:45,246,122,124,0,0,0
2020-09-08 19:00,176,91,85,0,0,0
2020-09-08 19:15,183,87,96,0,0,0
2020-09-08 19:30,141,62,79,0,0,0
2020-09-08 19:45,158,82,76,0,0,0
2020-09-08 20:00,139,50,89,0,0,0
2020-09-08 20:15,112,48,64,0,0,0
2020-09-08 20:30,124,42,82,0,0,0
2020-09-08 20:45,79,29,50,0,0,0
2020-09-08 21:00,106,33,73,0,0,0
2020-09-08 21:15,78,32,46,0,0,0
2020-09-08 21:30,76,30,46,0,0,0
2020-09-08 21:45,69,23,46,0,0,0
2020-09-08 22:00,85,21,64,0,0,0
2020-09-08 22:15,68,26,42,0,0,0
2020-09-08 22:30,46,14,32,0,0,0
2020-09-08 22:45,56,16,40,0,0,0
2020-09-08 23:00,57,10,47,0,0,0
2020-09-08 23:15,67,23,44,0,0,0
2020-09-08 23:30,34,5,29,0,0,0
2020-09-08 23:45,36,14,22,0,0,0
2020-09-09 00:00,28,8,20,0,0,0
2020-09-09 00:15,34,7,27,0,0,0
2020-09-09 00:30,15,5,10,0,0,0
2020-09-09 00:45,35,11,24,0,0,0
2020-09-09 01:00,12,10,2,0,0,0
2020-09-09 01:15,12,4,8,0,0,0
2020-09-09 01:30,8,2,6,0,0,0
2020-09-09 01:45,12,6,6,0,0,0
2020-09-09 02:00,12,2,10,0,0,0
2020-09-09 02:15,9,5,4,0,0,0
2020-09-09 02:30,3,0,3,0,0,0
2020-09-09 02:45,3,1,2,0,0,0
2020-09-09 03:00,5,2,3,0,0,0
2020-09-09 03:15,3,0,3,0,0,0
2020-09-09 03:30,1,1,0,0,0,0
2020-09-09 03:45,4,3,1,0,0,0
2020-09-09 04:00,1,1,0,0,0,0
2020-09-09 04:15,3,0,3,0,0,0
2020-09-09 04:30,3,1,2,0,0,0
2020-09-09 04:45,14,6,8,0,0,0
2020-09-09 05:00,6,5,1,0,0,0
2020-09-09 05:15,15,11,4,0,0,0
2020-09-09 05:30,10,4,6,0,0,0
2020-09-09 05:45,28,20,8,0,0,0
2020-09-09 06:00,31,20,11,0,0,0
2020-09-09 06:15,42,32,10,0,0,0
2020-09-09 06:30,72,44,28,0,0,0
2020-09-09 06:45,103,60,43,0,0,0
2020-09-09 07:00,120,76,44,0,0,0
2020-09-09 07:15,181,137,44,0,0,0
2020-09-09 07:30,325,239,86,0,0,0
2020-09-09 07:45,263,172,91,0,0,0
2020-09-09 08:00,183,82,101,0,0,0
2020-09-09 08:15,185,95,90,0,0,0
2020-09-09 08:30,190,111,79,0,0,0
2020-09-09 08:45,222,129,93,0,0,0
2020-09-09 09:00,160,106,54,0,0,0
2020-09-09 09:15,166,94,72,0,0,0
2020-09-09 09:30,126,78,48,0,0,0
2020-09-09 09:45,150,92,58,0,0,0
2020-09-09 10:00,117,66,51,0,0,0
2020-09-09 10:15,113,59,54,0,0,0
2020-09-09 10:30,132,70,62,0,0,0
2020-09-09 10:45,137,78,59,0,0,0
2020-09-09 11:00,130,65,65,0,0,0
2020-09-09 11:15,146,54,92,0,0,0
2020-09-09 11:30,145,78,67,0,0,0
2020-09-09 11:45,166,92,74,0,0,0
2020-09-09 12:00,128,69,59,0,0,0
2020-09-09 12:15,161,80,81,0,0,0
2020-09-09 12:30,188,94,94,0,0,0
2020-09-09 12:45,186,97,89,0,0,0
2020-09-09 13:00,208,88,120,0,0,0
2020-09-09 13:15,185,82,103,0,0,0
2020-09-09 13:30,211,89,122,0,0,0
2020-09-09 13:45,259,98,161,0,0,0
2020-09-09 14:00,178,82,96,0,0,0
2020-09-09 14:15,187,82,105,0,0,0
2020-09-09 14:30,170,76,94,0,0,0
2020-09-09 14:45,176,82,94,0,0,0
2020-09-09 15:00,198,72,126,0,0,0
2020-09-09 15:15,176,81,95,0,0,0
2020-09-09 15:30,254,87,167,0,0,0
2020-09-09 15:45,229,91,138,0,0,0
2020-09-09 16:00,189,80,109,0,0,0
2020-09-09 16:15,233,101,132,0,0,0
2020-09-09 16:30,207,93,114,0,0,0
2020-09-09 16:45,214,92,122,0,0,0
2020-09-09 17:00,246,105,141,0,0,0
2020-09-09 17:15,229,124,105,0,0,0
2020-09-09 17:30,274,129,145,0,0,0
2020-09-09 17:45,265,127,138,0,0,0
2020-09-09 18:00,223,113,110,0,0,0
2020-09-09 18:15,234,128,106,0,0,0
2020-09-09 18:30,232,110,122,0,0,0
2020-09-09 18:45,201,96,105,0,0,0
2020-09-09 19:00,188,85,103,0,0,0
2020-09-09 19:15,159,75,84,0,0,0
2020-09-09 19:30,147,59,88,0,0,0
2020-09-09 19:45,136,61,75,0,0,0
2020-09-09 20:00,149,55,94,0,0,0
2020-09-09 20:15,118,56,62,0,0,0
2020-09-09 20:30,86,36,50,0,0,0
2020-09-09 20:45,80,26,54,0,0,0
2020-09-09 21:00,74,35,39,0,0,0
2020-09-09 21:15,73,29,44,0,0,0
2020-09-09 21:30,64,22,42,0,0,0
2020-09-09 21:45,64,21,43,0,0,0
2020-09-09 22:00,78,24,54,0,0,0
2020-09-09 22:15,61,20,41,0,0,0
2020-09-09 22:30,71,23,48,0,0,0
2020-09-09 22:45,64,22,42,0,0,0
2020-09-09 23:00,73,18,55,0,0,0
2020-09-09 23:15,53,12,41,0,0,0
2020-09-09 23:30,55,15,40,0,0,0
2020-09-09 23:45,44,10,34,0,0,0
2020-09-10 00:00,51,8,43,0,0,0
2020-09-10 00:15,24,7,17,0,0,0
2020-09-10 00:30,29,10,19,0,0,0
2020-09-10 00:45,31,8,23,0,0,0
2020-09-10 01:00,30,9,21,0,0,0
2020-09-10 01:15,23,4,19,0,0,0
2020-09-10 01:30,13,4,9,0,0,0
2020-09-10 01:45,14,3,11,0,0,0
2020-09-10 02:00,12,0,12,0,0,0
2020-09-10 02:15,8,1,7,0,0,0
2020-09-10 02:30,18,8,10,0,0,0
2020-09-10 02:45,8,0,8,0,0,0
2020-09-10 03:00,3,1,2,0,0,0
2020-09-10 03:15,11,3,8,0,0,0
2020-09-10 03:30,6,2,4,0,0,0
2020-09-10 03:45,3,0,3,0,0,0
2020-09-10 04:00,5,2,3,0,0,0
2020-09-10 04:15,5,3,2,0,0,0
2020-09-10 04:30,7,2,5,0,0,0
2020-09-10 04:45,15,7,8,0,0,0
2020-09-10 05:00,11,9,2,0,0,0
2020-09-10 05:15,14,10,4,0,0,0
2020-09-10 05:30,22,17,5,0,0,0
2020-09-10 05:45,30,22,8,0,0,0
2020-09-10 06:00,33,20,13,0,0,0
2020-09-10 06:15,47,35,12,0,0,0
2020-09-10 06:30,69,42,27,0,0,0
2020-09-10 06:45,100,62,38,0,0,0
2020-09-10 07:00,133,92,41,0,0,0
2020-09-10 07:15,223,161,62,0,0,0
2020-09-10 07:30,350,269,81,0,0,0
2020-09-10 07:45,287,190,97,0,0,0
2020-09-10 08:00,195,102,93,0,0,0
2020-09-10 08:15,211,131,80,0,0,0
2020-09-10 08:30,195,119,76,0,0,0
2020-09-10 08:45,206,127,79,0,0,0
2020-09-10 09:00,173,113,60,0,0,0
2020-09-10 09:15,159,102,57,0,0,0
2020-09-10 09:30,149,91,58,0,0,0
2020-09-10 09:45,184,113,71,0,0,0
2020-09-10 10:00,109,56,53,0,0,0
2020-09-10 10:15,114,70,44,0,0,0
2020-09-10 10:30,114,54,60,0,0,0
2020-09-10 10:45,107,55,52,0,0,0
2020-09-10 11:00,105,57,48,0,0,0
2020-09-10 11:15,119,52,67,0,0,0
2020-09-10 11:30,143,74,69,0,0,0
2020-09-10 11:45,161,85,76,0,0,0
2020-09-10 12:00,154,86,68,0,0,0
2020-09-10 12:15,149,70,79,0,0,0
2020-09-10 12:30,135,59,76,0,0,0
2020-09-10 12:45,199,102,97,0,0,0
2020-09-10 13:00,209,81,128,0,0,0
2020-09-10 13:15,177,69,108,0,0,0
2020-09-10 13:30,187,88,99,0,0,0
2020-09-10 13:45,240,99,141,0,0,0
2020-09-10 14:00,191,90,101,0,0,0
2020-09-10 14:15,218,100,118,0,0,0
2020-09-10 14:30,178,88,90,0,0,0
2020-09-10 14:45,202,84,118,0,0,0
2020-09-10 15:00,207,93,114,0,0,0
2020-09-10 15:15,201,99,102,0,0,0
2020-09-10 15:30,258,97,161,0,0,0
2020-09-10 15:45,243,119,124,0,0,0
2020-09-10 16:00,203,75,128,0,0,0
2020-09-10 16:15,212,94,118,0,0,0
2020-09-10 16:30,248,119,129,0,0,0
2020-09-10 16:45,226,95,131,0,0,0
2020-09-10 17:00,234,105,129,0,0,0
2020-09-10 17:15,264,125,139,0,0,0
2020-09-10 17:30,268,114,154,0,0,0
2020-09-10 17:45,257,113,144,0,0,0
2020-09-10 18:00,256,105,151,0,0,0
2020-09-10 18:15,193,90,103,0,0,0
2020-09-10 18:30,217,97,120,0,0,0
2020-09-10 18:45,227,118,109,0,0,0
2020-09-10 19:00,233,122,111,0,0,0
2020-09-10 19:15,172,91,81,0,0,0
2020-09-10 19:30,185,107,78,0,0,0
2020-09-10 19:45,172,87,85,0,0,0
2020-09-10 20:00,158,76,82,0,0,0
2020-09-10 20:15,159,77,82,0,0,0
2020-09-10 20:30,85,30,55,0,0,0
2020-09-10 20:45,119,44,75,0,0,0
2020-09-10 21:00,113,49,64,0,0,0
2020-09-10 21:15,94,30,64,0,0,0
2020-09-10 21:30,92,34,58,0,0,0
2020-09-10 21:45,75,28,47,0,0,0
2020-09-10 22:00,76,27,49,0,0,0
2020-09-10 22:15,92,27,65,0,0,0
2020-09-10 22:30,67,17,50,0,0,0
2020-09-10 22:45,64,17,47,0,0,0
2020-09-10 23:00,60,13,47,0,0,0
2020-09-10 23:15,62,12,50,0,0,0
2020-09-10 23:30,41,4,37,0,0,0
2020-09-10 23:45,39,13,26,0,0,0
2020-09-11 00:00,36,8,28,0,0,0
2020-09-11 00:15,31,7,24,0,0,0
2020-09-11 00:30,32,14,18,0,0,0
2020-09-11 00:45,18,8,10,0,0,0
2020-09-11 01:00,29,10,19,0,0,0
2020-09-11 01:15,21,3,18,0,0,0
2020-09-11 01:30,19,6,13,0,0,0
2020-09-11 01:45,14,1,13,0,0,0
2020-09-11 02:00,15,3,12,0,0,0
2020-09-11 02:15,3,3,0,0,0,0
2020-09-11 02:30,5,1,4,0,0,0
2020-09-11 02:45,4,1,3,0,0,0
2020-09-11 03:00,7,1,6,0,0,0
2020-09-11 03:15,3,0,3,0,0,0
2020-09-11 03:30,6,1,5,0,0,0
2020-09-11 03:45,5,2,3,0,0,0
2020-09-11 04:00,10,3,7,0,0,0
2020-09-11 04:15,7,4,3,0,0,0
2020-09-11 04:30,1,1,0,0,0,0
2020-09-11 04:45,14,8,6,0,0,0
2020-09-11 05:00,7,6,1,0,0,0
2020-09-11 05:15,22,15,7,0,0,0
2020-09-11 05:30,17,10,7,0,0,0
2020-09-11 05:45,25,18,7,0,0,0
2020-09-11 06:00,26,17,9,0,0,0
2020-09-11 06:15,46,25,21,0,0,0
2020-09-11 06:30,67,43,24,0,0,0
2020-09-11 06:45,93,67,26,0,0,0
2020-09-11 07:00,97,60,37,0,0,0
2020-09-11 07:15,190,137,53,0,0,0
2020-09-11 07:30,327,245,82,0,0,0
2020-09-11 07:45,250,167,83,0,0,0
2020-09-11 08:00,182,109,73,0,0,0
2020-09-11 08:15,177,102,75,0,0,0
2020-09-11 08:30,165,91,74,0,0,0
2020-09-11 08:45,184,111,73,0,0,0
2020-09-11 09:00,163,112,51,0,0,0
2020-09-11 09:15,162,99,63,0,0,0
2020-09-11 09:30,148,93,55,0,0,0
2020-09-11 09:45,148,96,52,0,0,0
2020-09-11 10:00,127,88,39,0,0,0
2020-09-11 10:15,119,69,50,0,0,0
2020-09-11 10:30,110,64,46,0,0,0
2020-09-11 10:45,174,107,67,0,0,0
2020-09-11 11:00,124,63,61,0,0,0
2020-09-11 11:15,172,102,70,0,0,0
2020-09-11 11:30,112,50,62,0,0,0
2020-09-11 11:45,156,86,70,0,0,0
2020-09-11 12:00,159,87,72,0,0,0
2020-09-11 12:15,180,91,89,0,0,0
2020-09-11 12:30,196,83,113,0,0,0
2020-09-11 12:45,216,106,110,0,0,0
2020-09-11 13:00,282,82,200,0,0,0
2020-09-11 13:15,238,101,137,0,0,0
2020-09-11 13:30,225,94,131,0,0,0
2020-09-11 13:45,235,130,105,0,0,0
2020-09-11 14:00,211,96,115,0,0,0
2020-09-11 14:15,199,91,108,0,0,0
2020-09-11 14:30,181,84,97,0,0,0
2020-09-11 14:45,234,116,118,0,0,0
2020-09-11 15:00,223,95,128,0,0,0
2020-09-11 15:15,227,112,115,0,0,0
2020-09-11 15:30,212,118,94,0,0,0
2020-09-11 15:45,207,106,101,0,0,0
2020-09-11 16:00,208,93,115,0,0,0
2020-09-11 16:15,232,102,130,0,0,0
2020-09-11 16:30,221,111,110,0,0,0
2020-09-11 16:45,221,115,106,0,0,0
2020-09-11 17:00,200,99,101,0,0,0
2020-09-11 17:15,211,104,107,0,0,0
2020-09-11 17:30,247,119,128,0,0,0
2020-09-11 17:45,214,117,97,0,0,0
2020-09-11 18:00,181,82,99,0,0,0
2020-09-11 18:15,205,107,98,0,0,0
2020-09-11 18:30,189,101,88,0,0,0
2020-09-11 18:45,195,106,89,0,0,0
2020-09-11 19:00,197,111,86,0,0,0
2020-09-11 19:15,214,118,96,0,0,0
2020-09-11 19:30,159,84,75,0,0,0
2020-09-11 19:45,165,84,81,0,0,0
2020-09-11 20:00,165,75,90,0,0,0
2020-09-11 20:15,124,68,56,0,0,0
2020-09-11 20:30,139,70,69,0,0,0
2020-09-11 20:45,73,23,50,0,0,0
2020-09-11 21:00,110,49,61,0,0,0
2020-09-11 21:15,87,38,49,0,0,0
2020-09-11 21:30,88,29,59,0,0,0
2020-09-11 21:45,86,31,55,0,0,0
2020-09-11 22:00,98,30,68,0,0,0
2020-09-11 22:15,89,22,67,0,0,0
2020-09-11 22:30,74,21,53,0,0,0
2020-09-11 22:45,76,13,63,0,0,0
2020-09-11 23:00,91,20,71,0,0,0
2020-09-11 23:15,75,22,53,0,0,0
2020-09-11 23:30,90,28,62,0,0,0
2020-09-11 23:45,68,14,54,0,0,0
2020-09-12 00:00,80,15,65,0,0,0
2020-09-12 00:15,51,14,37,0,0,0
2020-09-12 00:30,53,16,37,0,0,0
2020-09-12 00:45,54,13,41,0,0,0
2020-09-12 01:00,75,14,61,0,0,0
2020-09-12 01:15,50,22,28,0,0,0
2020-09-12 01:30,24,8,16,0,0,0
2020-09-12 01:45,34,8,26,0,0,0
2020-09-12 02:00,51,18,33,0,0,0
2020-09-12 02:15,30,7,23,0,0,0
2020-09-12 02:30,36,8,28,0,0,0
2020-09-12 02:45,26,7,19,0,0,0
2020-09-12 03:00,30,9,21,0,0,0
2020-09-12 03:15,22,9,13,0,0,0
2020-09-12 03:30,17,0,17,0,0,0
2020-09-12 03:45,25,1,24,0,0,0
2020-09-12 04:00,13,3,10,0,0,0
2020-09-12 04:15,17,5,12,0,0,0
2020-09-12 04:30,15,6,9,0,0,0
2020-09-12 04:45,15,3,12,0,0,0
2020-09-12 05:00,9,4,5,0,0,0
2020-09-12 05:15,8,4,4,0,0,0
2020-09-12 05:30,18,10,8,0,0,0
2020-09-12 05:45,15,7,8,0,0,0
2020-09-12 06:00,17,8,9,0,0,0
2020-09-12 06:15,9,6,3,0,0,0
2020-09-12 06:30,19,9,10,0,0,0
2020-09-12 06:45,17,12,5,0,0,0
2020-09-12 07:00,21,19,2,0,0,0
2020-09-12 07:15,23,18,5,0,0,0
2020-09-12 07:30,31,21,10,0,0,0
2020-09-12 07:45,24,18,6,0,0,0
2020-09-12 08:00,28,18,10,0,0,0
2020-09-12 08:15,45,19,26,0,0,0
2020-09-12 08:30,55,36,19,0,0,0
2020-09-12 08:45,66,50,16,0,0,0
2020-09-12 09:00,85,58,27,0,0,0
2020-09-12 09:15,93,69,24,0,0,0
2020-09-12 09:30,96,64,32,0,0,0
2020-09-12 09:45,131,101,30,0,0,0
2020-09-12 10:00,113,76,37,0,0,0
2020-09-12 10:15,136,77,59,0,0,0
2020-09-12 10:30,115,73,42,0,0,0
2020-09-12 10:45,142,90,52,0,0,0
2020-09-12 11:00,134,83,51,0,0,0
2020-09-12 11:15,120,68,52,0,0,0
2020-09-12 11:30,160,90,70,0,0,0
2020-09-12 11:45,173,110,63,0,0,0
2020-09-12 12:00,187,108,79,0,0,0
2020-09-12 12:15,176,90,86,0,0,0
2020-09-12 12:30,169,90,79,0,0,0
2020-09-12 12:45,169,95,74,0,0,0
2020-09-12 13:00,176,79,97,0,0,0
2020-09-12 13:15,146,78,68,0,0,0
2020-09-12 13:30,190,81,109,0,0,0
2020-09-12 13:45,199,99,100,0,0,0
2020-09-12 14:00,166,89,77,0,0,0
2020-09-12 14:15,165,71,94,0,0,0
2020-09-12 14:30,163,74,89,0,0,0
2020-09-12 14:45,199,85,114,0,0,0
2020-09-12 15:00,153,74,79,0,0,0
2020-09-12 15:15,183,87,96,0,0,0
2020-09-12 15:30,131,65,66,0,0,0
2020-09-12 15:45,180,80,100,0,0,0
2020-09-12 16:00,161,73,88,0,0,0
2020-09-12 16:15,161,74,87,0,0,0
2020-09-12 16:30,180,86,94,0,0,0
2020-09-12 16:45,169,82,87,0,0,0
2020-09-12 17:00,138,71,67,0,0,0
2020-09-12 17:15,130,64,66,0,0,0
2020-09-12 17:30,185,88,97,0,0,0
2020-09-12 17:45,163,86,77,0,0,0
2020-09-12 18:00,171,76,95,0,0,0
2020-09-12 18:15,149,70,79,0,0,0
2020-09-12 18:30,130,57,73,0,0,0
2020-09-12 18:45,156,90,66,0,0,0
2020-09-12 19:00,176,82,94,0,0,0
2020-09-12 19:15,158,67,91,0,0,0
2020-09-12 19:30,119,59,60,0,0,0
2020-09-12 19:45,127,72,55,0,0,0
2020-09-12 20:00,124,54,70,0,0,0
2020-09-12 20:15,143,62,81,0,0,0
2020-09-12 20:30,95,39,56,0,0,0
2020-09-12 20:45,100,45,55,0,0,0
2020-09-12 21:00,83,35,48,0,0,0
2020-09-12 21:15,69,31,38,0,0,0
2020-09-12 21:30,78,34,44,0,0,0
2020-09-12 21:45,56,21,35,0,0,0
2020-09-12 22:00,72,32,40,0,0,0
2020-09-12 22:15,60,26,34,0,0,0
2020-09-12 22:30,72,25,47,0,0,0
2020-09-12 22:45,66,18,48,0,0,0
2020-09-12 23:00,73,24,49,0,0,0
2020-09-12 23:15,61,13,48,0,0,0
2020-09-12 23:30,65,17,48,0,0,0
2020-09-12 23:45,74,11,63,0,0,0
2020-09-13 00:00,75,10,65,0,0,0
2020-09-13 00:15,58,16,42,0,0,0
2020-09-13 00:30,52,15,37,0,0,0
2020-09-13 00:45,60,16,44,0,0,0
2020-09-13 01:00,55,10,45,0,0,0
2020-09-13 01:15,39,8,31,0,0,0
2020-09-13 01:30,47,22,25,0,0,0
2020-09-13 01:45,43,13,30,0,0,0
2020-09-13 02:00,52,15,37,0,0,0
2020-09-13 02:15,18,6,12,0,0,0
2020-09-13 02:30,27,9,18,0,0,0
2020-09-13 02:45,26,12,14,0,0,0
2020-09-13 03:00,27,7,20,0,0,0
2020-09-13 03:15,23,9,14,0,0,0
2020-09-13 03:30,26,4,22,0,0,0
2020-09-13 03:45,23,8,15,0,0,0
2020-09-13 04:00,21,8,13,0,0,0
2020-09-13 04:15,22,1,21,0,0,0
2020-09-13 04:30,8,2,6,0,0,0
2020-09-13 04:45,3,1,2,0,0,0
2020-09-13 05:00,6,2,4,0,0,0
2020-09-13 05:15,1,0,1,0,0,0
2020-09-13 05:30,17,9,8,0,0,0
2020-09-13 05:45,13,3,10,0,0,0
2020-09-13 06:00,12,4,8,0,0,0
2020-09-13 06:15,12,5,7,0,0,0
2020-09-13 06:30,11,3,8,0,0,0
2020-09-13 06:45,9,6,3,0,0,0
2020-09-13 07:00,17,10,7,0,0,0
2020-09-13 07:15,16,13,3,0,0,0
2020-09-13 07:30,15,10,5,0,0,0
2020-09-13 07:45,15,13,2,0,0,0
2020-09-13 08:00,15,9,6,0,0,0
2020-09-13 08:15,30,22,8,0,0,0
2020-09-13 08:30,44,35,9,0,0,0
2020-09-13 08:45,39,26,13,0,0,0
2020-09-13 09:00,52,30,22,0,0,0
2020-09-13 09:15,43,28,15,0,0,0
2020-09-13 09:30,57,38,19,0,0,0
2020-09-13 09:45,89,42,47,0,0,0
2020-09-13 10:00,79,50,29,0,0,0
2020-09-13 10:15,60,32,28,0,0,0
2020-09-13 10:30,83,44,39,0,0,0
2020-09-13 10:45,89,49,40,0,0,0
2020-09-13 11:00,79,38,41,0,0,0
2020-09-13 11:15,98,43,55,0,0,0
2020-09-13 11:30,88,42,46,0,0,0
2020-09-13 11:45,118,70,48,0,0,0
2020-09-13 12:00,103,47,56,0,0,0
2020-09-13 12:15,150,65,85,0,0,0
2020-09-13 12:30,154,82,72,0,0,0
2020-09-13 12:45,141,81,60,0,0,0
2020-09-13 13:00,143,67,76,0,0,0
2020-09-13 13:15,109,52,57,0,0,0
2020-09-13 13:30,137,60,77,0,0,0
2020-09-13 13:45,149,79,70,0,0,0
2020-09-13 14:00,157,65,92,0,0,0
2020-09-13 14:15,151,83,68,0,0,0
2020-09-13 14:30,155,72,83,0,0,0
2020-09-13 14:45,159,71,88,0,0,0
2020-09-13 15:00,119,60,59,0,0,0
2020-09-13 15:15,121,73,48,0,0,0
2020-09-13 15:30,125,66,59,0,0,0
2020-09-13 15:45,168,94,74,0,0,0
2020-09-13 16:00,131,72,59,0,0,0
2020-09-13 16:15,102,50,52,0,0,0
2020-09-13 16:30,147,92,55,0,0,0
2020-09-13 16:45,150,95,55,0,0,0
2020-09-13 17:00,171,85,86,0,0,0
2020-09-13 17:15,143,71,72,0,0,0
2020-09-13 17:30,172,92,80,0,0,0
2020-09-13 17:45,142,80,62,0,0,0
2020-09-13 18:00,163,76,87,0,0,0
2020-09-13 18:15,154,93,61,0,0,0
2020-09-13 18:30,141,79,62,0,0,0
2020-09-13 18:45,166,83,83,0,0,0
2020-09-13 19:00,133,57,76,0,0,0
2020-09-13 19:15,86,40,46,0,0,0
2020-09-13 19:30,110,55,55,0,0,0
2020-09-13 19:45,119,42,77,0,0,0
2020-09-13 20:00,99,39,60,0,0,0
2020-09-13 20:15,70,29,41,0,0,0
2020-09-13 20:30,91,43,48,0,0,0
2020-09-13 20:45,77,24,53,0,0,0
2020-09-13 21:00,77,28,49,0,0,0
2020-09-13 21:15,60,18,42,0,0,0
2020-09-13 21:30,55,20,35,0,0,0
2020-09-13 21:45,57,22,35,0,0,0
2020-09-13 22:00,59,18,41,0,0,0
2020-09-13 22:15,47,14,33,0,0,0
2020-09-13 22:30,50,11,39,0,0,0
2020-09-13 22:45,35,6,29,0,0,0
2020-09-13 23:00,27,8,19,0,0,0
2020-09-13 23:15,28,9,19,0,0,0
2020-09-13 23:30,32,7,25,0,0,0
2020-09-13 23:45,20,3,17,0,0,0
2020-09-14 00:00,13,4,9,0,0,0
2020-09-14 00:15,5,0,5,0,0,0
2020-09-14 00:30,12,1,11,0,0,0
2020-09-14 00:45,14,3,11,0,0,0
2020-09-14 01:00,18,3,15,0,0,0
2020-09-14 01:15,5,3,2,0,0,0
2020-09-14 01:30,4,0,4,0,0,0
2020-09-14 01:45,13,4,9,0,0,0
2020-09-14 02:00,7,2,5,0,0,0
2020-09-14 02:15,5,2,3,0,0,0
2020-09-14 02:30,5,1,4,0,0,0
2020-09-14 02:45,2,2,0,0,0,0
2020-09-14 03:00,5,0,5,0,0,0
2020-09-14 03:15,3,1,2,0,0,0
2020-09-14 03:30,0,0,0,0,0,0
2020-09-14 03:45,1,0,1,0,0,0
2020-09-14 04:00,0,0,0,0,0,0
2020-09-14 04:15,0,0,0,0,0,0
2020-09-14 04:30,4,2,2,0,0,0
2020-09-14 04:45,11,5,6,0,0,0
2020-09-14 05:00,3,3,0,0,0,0
2020-09-14 05:15,12,9,3,0,0,0
2020-09-14 05:30,23,12,11,0,0,0
2020-09-14 05:45,24,18,6,0,0,0
2020-09-14 06:00,34,19,15,0,0,0
2020-09-14 06:15,42,25,17,0,0,0
2020-09-14 06:30,66,47,19,0,0,0
2020-09-14 06:45,110,70,40,0,0,0
2020-09-14 07:00,140,88,52,0,0,0
2020-09-14 07:15,205,138,67,0,0,0
2020-09-14 07:30,345,262,83,0,0,0
2020-09-14 07:45,263,171,92,0,0,0
2020-09-14 08:00,211,133,78,0,0,0
2020-09-14 08:15,209,124,85,0,0,0
2020-09-14 08:30,211,113,98,0,0,0
2020-09-14 08:45,197,127,70,0,0,0
2020-09-14 09:00,149,91,58,0,0,0
2020-09-14 09:15,118,73,45,0,0,0
2020-09-14 09:30,157,85,72,0,0,0
2020-09-14 09:45,151,81,70,0,0,0
2020-09-14 10:00,120,62,58,0,0,0
2020-09-14 10:15,120,67,53,0,0,0
2020-09-14 10:30,119,62,57,0,0,0
2020-09-14 10:45,122,68,54,0,0,0
2020-09-14 11:00,121,62,59,0,0,0
2020-09-14 11:15,139,72,67,0,0,0
2020-09-14 11:30,146,70,76,0,0,0
2020-09-14 11:45,141,76,65,0,0,0
2020-09-14 12:00,136,59,77,0,0,0
2020-09-14 12:15,176,82,94,0,0,0
2020-09-14 12:30,143,73,70,0,0,0
2020-09-14 12:45,195,107,88,0,0,0
2020-09-14 13:00,196,98,98,0,0,0
2020-09-14 13:15,193,85,108,0,0,0
2020-09-14 13:30,190,84,106,0,0,0
2020-09-14 13:45,230,116,114,0,0,0
2020-09-14 14:00,193,82,111,0,0,0
2020-09-14 14:15,210,108,102,0,0,0
2020-09-14 14:30,213,90,123,0,0,0
2020-09-14 14:45,196,102,94,0,0,0
2020-09-14 15:00,206,108,98,0,0,0
2020-09-14 15:15,180,85,95,0,0,0
2020-09-14 15:30,268,115,153,0,0,0
2020-09-14 15:45,226,113,113,0,0,0
2020-09-14 16:00,236,112,124,0,0,0
2020-09-14 16:15,240,102,138,0,0,0
2020-09-14 16:30,261,129,132,0,0,0
2020-09-14 16:45,250,126,124,0,0,0
2020-09-14 17:00,258,130,128,0,0,0
2020-09-14 17:15,275,140,135,0,0,0
2020-09-14 17:30,282,144,138,0,0,0
2020-09-14 17:45,300,147,153,0,0,0
2020-09-14 18:00,272,122,150,0,0,0
2020-09-14 18:15,254,111,143,0,0,0
2020-09-14 18:30,222,100,122,0,0,0
2020-09-14 18:45,195,98,97,0,0,0
2020-09-14 19:00,215,106,109,0,0,0
2020-09-14 19:15,218,108,110,0,0,0
2020-09-14 19:30,184,77,107,0,0,0
2020-09-14 19:45,182,86,96,0,0,0
2020-09-14 20:00,188,91,97,0,0,0
2020-09-14 20:15,163,72,91,0,0,0
2020-09-14 20:30,142,63,79,0,0,0
2020-09-14 20:45,122,57,65,0,0,0
2020-09-14 21:00,104,37,67,0,0,0
2020-09-14 21:15,96,39,57,0,0,0
2020-09-14 21:30,104,46,58,0,0,0
2020-09-14 21:45,66,24,42,0,0,0
2020-09-14 22:00,85,31,54,0,0,0
2020-09-14 22:15,68,22,46,0,0,0
2020-09-14 22:30,74,11,63,0,0,0
2020-09-14 22:45,60,20,40,0,0,0
2020-09-14 23:00,54,13,41,0,0,0
2020-09-14 23:15,28,11,17,0,0,0
2020-09-14 23:30,27,9,18,0,0,0
2020-09-14 23:45,35,15,20,0,0,0
2020-09-15 00:00,27,7,20,0,0,0
2020-09-15 00:15,18,6,12,0,0,0
2020-09-15 00:30,28,9,19,0,0,0
2020-09-15 00:45,15,4,11,0,0,0
2020-09-15 01:00,20,4,16,0,0,0
2020-09-15 01:15,12,6,6,0,0,0
2020-09-15 01:30,11,3,8,0,0,0
2020-09-15 01:45,22,4,18,0,0,0
2020-09-15 02:00,3,2,1,0,0,0
2020-09-15 02:15,10,8,2,0,0,0
2020-09-15 02:30,6,1,5,0,0,0
2020-09-15 02:45,6,4,2,0,0,0
2020-09-15 03:00,2,1,1,0,0,0
2020-09-15 03:15,1,1,0,0,0,0
2020-09-15 03:30,0,0,0,0,0,0
2020-09-15 03:45,2,0,2,0,0,0
2020-09-15 04:00,0,0,0,0,0,0
2020-09-15 04:15,3,2,1,0,0,0
2020-09-15 04:30,6,5,1,0,0,0
2020-09-15 04:45,6,2,4,0,0,0
2020-09-15 05:00,6,6,0,0,0,0
2020-09-15 05:15,10,7,3,0,0,0
2020-09-15 05:30,22,10,12,0,0,0
2020-09-15 05:45,25,20,5,0,0,0
2020-09-15 06:00,36,26,10,0,0,0
2020-09-15 06:15,43,29,14,0,0,0
2020-09-15 06:30,68,48,20,0,0,0
2020-09-15 06:45,96,61,35,0,0,0
2020-09-15 07:00,110,77,33,0,0,0
2020-09-15 07:15,201,138,63,0,0,0
2020-09-15 07:30,341,238,103,0,0,0
2020-09-15 07:45,282,167,115,0,0,0
2020-09-15 08:00,192,95,97,0,0,0
2020-09-15 08:15,172,97,75,0,0,0
2020-09-15 08:30,183,102,81,0,0,0
2020-09-15 08:45,227,135,92,0,0,0
2020-09-15 09:00,166,100,66,0,0,0
2020-09-15 09:15,151,87,64,0,0,0
2020-09-15 09:30,128,80,48,0,0,0
2020-09-15 09:45,157,87,70,0,0,0
2020-09-15 10:00,107,58,49,0,0,0
2020-09-15 10:15,127,68,59,0,0,0
2020-09-15 10:30,126,75,51,0,0,0
2020-09-15 10:45,150,89,61,0,0,0
2020-09-15 11:00,128,67,61,0,0,0
2020-09-15 11:15,132,73,59,0,0,0
2020-09-15 11:30,130,66,64,0,0,0
2020-09-15 11:45,188,101,87,0,0,0
2020-09-15 12:00,168,69,99,0,0,0
2020-09-15 12:15,167,77,90,0,0,0
2020-09-15 12:30,188,107,81,0,0,0
2020-09-15 12:45,214,109,105,0,0,0
2020-09-15 13:00,304,106,198,0,0,0
2020-09-15 13:15,231,93,138,0,0,0
2020-09-15 13:30,179,89,90,0,0,0
2020-09-15 13:45,221,110,111,0,0,0
2020-09-15 14:00,225,117,108,0,0,0
2020-09-15 14:15,182,92,90,0,0,0
2020-09-15 14:30,201,85,116,0,0,0
2020-09-15 14:45,205,100,105,0,0,0
2020-09-15 15:00,221,106,115,0,0,0
2020-09-15 15:15,171,95,76,0,0,0
2020-09-15 15:30,210,109,101,0,0,0
2020-09-15 15:45,235,122,113,0,0,0
2020-09-15 16:00,234,114,120,0,0,0
2020-09-15 16:15,297,159,138,0,0,0
2020-09-15 16:30,247,137,110,0,0,0
2020-09-15 16:45,272,153,119,0,0,0
2020-09-15 17:00,274,133,141,0,0,0
2020-09-15 17:15,304,141,163,0,0,0
2020-09-15 17:30,313,146,167,0,0,0
2020-09-15 17:45,305,152,153,0,0,0
2020-09-15 18:00,299,133,166,0,0,0
2020-09-15 18:15,265,125,140,0,0,0
2020-09-15 18:30,266,139,127,0,0,0
2020-09-15 18:45,290,167,123,0,0,0
2020-09-15 19:00,221,119,102,0,0,0
2020-09-15 19:15,217,91,126,0,0,0
2020-09-15 19:30,223,118,105,0,0,0
2020-09-15 19:45,194,96,98,0,0,0
2020-09-15 20:00,192,80,112,0,0,0
2020-09-15 20:15,179,65,114,0,0,0
2020-09-15 20:30,138,57,81,0,0,0
2020-09-15 20:45,138,52,86,0,0,0
2020-09-15 21:00,134,53,81,0,0,0
2020-09-15 21:15,107,43,64,0,0,0
2020-09-15 21:30,124,41,83,0,0,0
2020-09-15 21:45,104,32,72,0,0,0
2020-09-15 22:00,106,23,83,0,0,0
2020-09-15 22:15,107,37,70,0,0,0
2020-09-15 22:30,99,26,73,0,0,0
2020-09-15 22:45,86,18,68,0,0,0
2020-09-15 23:00,58,18,40,0,0,0
2020-09-15 23:15,53,8,45,0,0,0
2020-09-15 23:30,41,7,34,0,0,0
2020-09-15 23:45,30,12,18,0,0,0
2020-09-16 00:00,38,11,27,0,0,0
2020-09-16 00:15,36,10,26,0,0,0
2020-09-16 00:30,29,6,23,0,0,0
2020-09-16 00:45,21,4,17,0,0,0
2020-09-16 01:00,16,5,11,0,0,0
2020-09-16 01:15,14,4,10,0,0,0
2020-09-16 01:30,5,0,5,0,0,0
2020-09-16 01:45,9,4,5,0,0,0
2020-09-16 02:00,10,1,9,0,0,0
2020-09-16 02:15,4,0,4,0,0,0
2020-09-16 02:30,9,2,7,0,0,0
2020-09-16 02:45,2,0,2,0,0,0
2020-09-16 03:00,3,0,3,0,0,0
2020-09-16 03:15,2,1,1,0,0,0
2020-09-16 03:30,1,0,1,0,0,0
2020-09-16 03:45,5,2,3,0,0,0
2020-09-16 04:00,3,2,1,0,0,0
2020-09-16 04:15,0,0,0,0,0,0
2020-09-16 04:30,1,0,1,0,0,0
2020-09-16 04:45,9,3,6,0,0,0
2020-09-16 05:00,7,4,3,0,0,0
2020-09-16 05:15,9,5,4,0,0,0
2020-09-16 05:30,30,16,14,0,0,0
2020-09-16 05:45,28,23,5,0,0,0
2020-09-16 06:00,38,26,12,0,0,0
2020-09-16 06:15,40,27,13,0,0,0
2020-09-16 06:30,54,42,12,0,0,0
2020-09-16 06:45,99,60,39,0,0,0
2020-09-16 07:00,127,73,54,0,0,0
2020-09-16 07:15,207,141,66,0,0,0
2020-09-16 07:30,352,268,84,0,0,0
2020-09-16 07:45,280,178,102,0,0,0
2020-09-16 08:00,209,106,103,0,0,0
2020-09-16 08:15,211,114,97,0,0,0
2020-09-16 08:30,180,94,86,0,0,0
2020-09-16 08:45,234,139,95,0,0,0
2020-09-16 09:00,167,105,62,0,0,0
2020-09-16 09:15,163,95,68,0,0,0
2020-09-16 09:30,141,89,52,0,0,0
2020-09-16 09:45,151,103,48,0,0,0
2020-09-16 10:00,130,79,51,0,0,0
2020-09-16 10:15,129,64,65,0,0,0
2020-09-16 10:30,125,71,54,0,0,0
2020-09-16 10:45,177,97,80,0,0,0
2020-09-16 11:00,156,90,66,0,0,0
2020-09-16 11:15,133,62,71,0,0,0
2020-09-16 11:30,167,77,90,0,0,0
2020-09-16 11:45,201,105,96,0,0,0
2020-09-16 12:00,180,80,100,0,0,0
2020-09-16 12:15,193,93,100,0,0,0
2020-09-16 12:30,186,94,92,0,0,0
2020-09-16 12:45,208,112,96,0,0,0
2020-09-16 13:00,257,108,149,0,0,0
2020-09-16 13:15,221,81,140,0,0,0
2020-09-16 13:30,252,103,149,0,0,0
2020-09-16 13:45,221,95,126,0,0,0
2020-09-16 14:00,210,90,120,0,0,0
2020-09-16 14:15,191,88,103,0,0,0
2020-09-16 14:30,182,79,103,0,0,0
2020-09-16 14:45,227,105,122,0,0,0
2020-09-16 15:00,201,111,90,0,0,0
2020-09-16 15:15,205,94,111,0,0,0
2020-09-16 15:30,293,105,188,0,0,0
2020-09-16 15:45,239,107,132,0,0,0
2020-09-16 16:00,243,112,131,0,0,0
2020-09-16 16:15,196,95,101,0,0,0
2020-09-16 16:30,215,110,105,0,0,0
2020-09-16 16:45,266,145,121,0,0,0
2020-09-16 17:00,243,122,121,0,0,0
2020-09-16 17:15,264,133,131,0,0,0
2020-09-16 17:30,289,141,148,0,0,0
2020-09-16 17:45,299,149,150,0,0,0
2020-09-16 18:00,295,141,154,0,0,0
2020-09-16 18:15,264,120,144,0,0,0
2020-09-16 18:30,198,89,109,0,0,0
2020-09-16 18:45,268,115,153,0,0,0
2020-09-16 19:00,189,101,88,0,0,0
2020-09-16 19:15,205,107,98,0,0,0
2020-09-16 19:30,164,72,92,0,0,0
2020-09-16 19:45,223,103,120,0,0,0
2020-09-16 20:00,209,110,99,0,0,0
2020-09-16 20:15,175,84,91,0,0,0
2020-09-16 20:30,125,59,66,0,0,0
2020-09-16 20:45,121,41,80,0,0,0
2020-09-16 21:00,97,32,65,0,0,0
2020-09-16 21:15,119,35,84,0,0,0
2020-09-16 21:30,96,39,57,0,0,0
2020-09-16 21:45,100,30,70,0,0,0
2020-09-16 22:00,107,37,70,0,0,0
2020-09-16 22:15,97,30,67,0,0,0
2020-09-16 22:30,100,25,75,0,0,0
2020-09-16 22:45,105,28,77,0,0,0
2020-09-16 23:00,99,29,70,0,0,0
2020-09-16 23:15,105,37,68,0,0,0
2020-09-16 23:30,56,18,38,0,0,0
2020-09-16 23:45,44,21,23,0,0,0
2020-09-17 00:00,50,15,35,0,0,0
2020-09-17 00:15,31,20,11,0,0,0
2020-09-17 00:30,41,10,31,0,0,0
2020-09-17 00:45,35,5,30,0,0,0
2020-09-17 01:00,27,9,18,0,0,0
2020-09-17 01:15,7,1,6,0,0,0
2020-09-17 01:30,17,8,9,0,0,0
2020-09-17 01:45,12,3,9,0,0,0
2020-09-17 02:00,4,0,4,0,0,0
2020-09-17 02:15,15,3,12,0,0,0
2020-09-17 02:30,18,7,11,0,0,0
2020-09-17 02:45,11,2,9,0,0,0
2020-09-17 03:00,9,0,9,0,0,0
2020-09-17 03:15,8,4,4,0,0,0
2020-09-17 03:30,6,1,5,0,0,0
2020-09-17 03:45,1,1,0,0,0,0
2020-09-17 04:00,9,7,2,0,0,0
2020-09-17 04:15,3,2,1,0,0,0
2020-09-17 04:30,7,3,4,0,0,0
2020-09-17 04:45,11,4,7,0,0,0
2020-09-17 05:00,17,10,7,0,0,0
2020-09-17 05:15,10,10,0,0,0,0
2020-09-17 05:30,27,13,14,0,0,0
2020-09-17 05:45,33,29,4,0,0,0
2020-09-17 06:00,46,31,15,0,0,0
2020-09-17 06:15,41,21,20,0,0,0
2020-09-17 06:30,51,33,18,0,0,0
2020-09-17 06:45,103,66,37,0,0,0
2020-09-17 07:00,122,77,45,0,0,0
2020-09-17 07:15,205,138,67,0,0,0
2020-09-17 07:30,396,292,104,0,0,0
2020-09-17 07:45,267,179,88,0,0,0
2020-09-17 08:00,198,110,88,0,0,0
2020-09-17 08:15,220,136,84,0,0,0
2020-09-17 08:30,179,101,78,0,0,0
2020-09-17 08:45,259,168,91,0,0,0
2020-09-17 09:00,172,126,46,0,0,0
2020-09-17 09:15,147,85,62,0,0,0
2020-09-17 09:30,147,92,55,0,0,0
2020-09-17 09:45,199,114,85,0,0,0
2020-09-17 10:00,110,66,44,0,0,0
2020-09-17 10:15,126,75,51,0,0,0
2020-09-17 10:30,117,60,57,0,0,0
2020-09-17 10:45,141,84,57,0,0,0
2020-09-17 11:00,126,80,46,0,0,0
2020-09-17 11:15,150,67,83,0,0,0
2020-09-17 11:30,159,91,68,0,0,0
2020-09-17 11:45,200,107,93,0,0,0
2020-09-17 12:00,190,112,78,0,0,0
2020-09-17 12:15,187,104,83,0,0,0
2020-09-17 12:30,196,96,100,0,0,0
2020-09-17 12:45,194,101,93,0,0,0
2020-09-17 13:00,248,119,129,0,0,0
2020-09-17 13:15,191,103,88,0,0,0
2020-09-17 13:30,207,92,115,0,0,0
2020-09-17 13:45,220,106,114,0,0,0
2020-09-17 14:00,217,94,123,0,0,0
2020-09-17 14:15,204,109,95,0,0,0
2020-09-17 14:30,172,77,95,0,0,0
2020-09-17 14:45,232,99,133,0,0,0
2020-09-17 15:00,191,73,118,0,0,0
2020-09-17 15:15,169,83,86,0,0,0
2020-09-17 15:30,268,105,163,0,0,0
2020-09-17 15:45,236,106,130,0,0,0
2020-09-17 16:00,225,104,121,0,0,0
2020-09-17 16:15,219,106,113,0,0,0
2020-09-17 16:30,272,138,134,0,0,0
2020-09-17 16:45,259,117,142,0,0,0
2020-09-17 17:00,271,124,147,0,0,0
2020-09-17 17:15,261,106,155,0,0,0
2020-09-17 17:30,260,92,168,0,0,0
2020-09-17 17:45,238,112,126,0,0,0
2020-09-17 18:00,240,100,140,0,0,0
2020-09-17 18:15,229,90,139,0,0,0
2020-09-17 18:30,200,93,107,0,0,0
2020-09-17 18:45,231,116,115,0,0,0
2020-09-17 19:00,201,89,112,0,0,0
2020-09-17 19:15,239,115,124,0,0,0
2020-09-17 19:30,186,72,114,0,0,0
2020-09-17 19:45,220,98,122,0,0,0
2020-09-17 20:00,186,72,114,0,0,0
2020-09-17 20:15,140,65,75,0,0,0
2020-09-17 20:30,117,42,75,0,0,0
2020-09-17 20:45,125,41,84,0,0,0
2020-09-17 21:00,107,46,61,0,0,0
2020-09-17 21:15,94,49,45,0,0,0
2020-09-17 21:30,91,40,51,0,0,0
2020-09-17 21:45,107,36,71,0,0,0
2020-09-17 22:00,71,26,45,0,0,0
2020-09-17 22:15,64,16,48,0,0,0
2020-09-17 22:30,69,23,46,0,0,0
2020-09-17 22:45,77,28,49,0,0,0
2020-09-17 23:00,78,18,60,0,0,0
2020-09-17 23:15,48,12,36,0,0,0
2020-09-17 23:30,45,20,25,0,0,0
2020-09-17 23:45,42,8,34,0,0,0
2020-09-18 00:00,36,7,29,0,0,0
2020-09-18 00:15,35,11,24,0,0,0
2020-09-18 00:30,29,9,20,0,0,0
2020-09-18 00:45,17,4,13,0,0,0
2020-09-18 01:00,15,4,11,0,0,0
2020-09-18 01:15,17,3,14,0,0,0
2020-09-18 01:30,11,1,10,0,0,0
2020-09-18 01:45,11,7,4,0,0,0
2020-09-18 02:00,6,0,6,0,0,0
2020-09-18 02:15,5,3,2,0,0,0
2020-09-18 02:30,10,3,7,0,0,0
2020-09-18 02:45,6,3,3,0,0,0
2020-09-18 03:00,4,0,4,0,0,0
2020-09-18 03:15,3,1,2,0,0,0
2020-09-18 03:30,2,1,1,0,0,0
2020-09-18 03:45,3,0,3,0,0,0
2020-09-18 04:00,5,3,2,0,0,0
2020-09-18 04:15,5,2,3,0,0,0
2020-09-18 04:30,8,3,5,0,0,0
2020-09-18 04:45,11,4,7,0,0,0
2020-09-18 05:00,11,6,5,0,0,0
2020-09-18 05:15,13,9,4,0,0,0
2020-09-18 05:30,21,13,8,0,0,0
2020-09-18 05:45,22,17,5,0,0,0
2020-09-18 06:00,33,19,14,0,0,0
2020-09-18 06:15,55,40,15,0,0,0
2020-09-18 06:30,48,35,13,0,0,0
2020-09-18 06:45,59,41,18,0,0,0
2020-09-18 07:00,85,54,31,0,0,0
2020-09-18 07:15,190,138,52,0,0,0
2020-09-18 07:30,313,235,78,0,0,0
2020-09-18 07:45,253,164,89,0,0,0
2020-09-18 08:00,182,117,65,0,0,0
2020-09-18 08:15,168,104,64,0,0,0
2020-09-18 08:30,154,88,66,0,0,0
2020-09-18 08:45,186,127,59,0,0,0
2020-09-18 09:00,176,114,62,0,0,0
2020-09-18 09:15,153,101,52,0,0,0
2020-09-18 09:30,152,90,62,0,0,0
2020-09-18 09:45,153,101,52,0,0,0
2020-09-18 10:00,95,56,39,0,0,0
2020-09-18 10:15,114,69,45,0,0,0
2020-09-18 10:30,138,89,49,0,0,0
2020-09-18 10:45,124,75,49,0,0,0
2020-09-18 11:00,151,88,63,0,0,0
2020-09-18 11:15,146,76,70,0,0,0
2020-09-18 11:30,163,86,77,0,0,0
2020-09-18 11:45,153,89,64,0,0,0
2020-09-18 12:00,162,72,90,0,0,0
2020-09-18 12:15,214,90,124,0,0,0
2020-09-18 12:30,176,79,97,0,0,0
2020-09-18 12:45,239,130,109,0,0,0
2020-09-18 13:00,291,99,192,0,0,0
2020-09-18 13:15,247,111,136,0,0,0
2020-09-18 13:30,248,120,128,0,0,0
2020-09-18 13:45,243,134,109,0,0,0
2020-09-18 14:00,221,119,102,0,0,0
2020-09-18 14:15,212,110,102,0,0,0
2020-09-18 14:30,203,102,101,0,0,0
2020-09-18 14:45,203,105,98,0,0,0
2020-09-18 15:00,225,111,114,0,0,0
2020-09-18 15:15,188,86,102,0,0,0
2020-09-18 15:30,212,115,97,0,0,0
2020-09-18 15:45,184,92,92,0,0,0
2020-09-18 16:00,225,114,111,0,0,0
2020-09-18 16:15,262,124,138,0,0,0
2020-09-18 16:30,207,85,122,0,0,0
2020-09-18 16:45,197,106,91,0,0,0
2020-09-18 17:00,184,101,83,0,0,0
2020-09-18 17:15,187,96,91,0,0,0
2020-09-18 17:30,234,105,129,0,0,0
2020-09-18 17:45,189,92,97,0,0,0
2020-09-18 18:00,222,93,129,0,0,0
2020-09-18 18:15,208,96,112,0,0,0
2020-09-18 18:30,182,84,98,0,0,0
2020-09-18 18:45,212,97,115,0,0,0
2020-09-18 19:00,195,102,93,0,0,0
2020-09-18 19:15,207,82,125,0,0,0
2020-09-18 19:30,165,80,85,0,0,0
2020-09-18 19:45,165,76,89,0,0,0
2020-09-18 20:00,181,65,116,0,0,0
2020-09-18 20:15,125,47,78,0,0,0
2020-09-18 20:30,89,44,45,0,0,0
2020-09-18 20:45,103,45,58,0,0,0
2020-09-18 21:00,103,49,54,0,0,0
2020-09-18 21:15,87,34,53,0,0,0
2020-09-18 21:30,75,28,47,0,0,0
2020-09-18 21:45,76,25,51,0,0,0
2020-09-18 22:00,49,18,31,0,0,0
2020-09-18 22:15,85,31,54,0,0,0
2020-09-18 22:30,91,27,64,0,0,0
2020-09-18 22:45,88,30,58,0,0,0
2020-09-18 23:00,76,21,55,0,0,0
2020-09-18 23:15,68,22,46,0,0,0
2020-09-18 23:30,58,17,41,0,0,0
2020-09-18 23:45,84,22,62,0,0,0
2020-09-19 00:00,75,21,54,0,0,0
2020-09-19 00:15,73,16,57,0,0,0
2020-09-19 00:30,40,11,29,0,0,0
2020-09-19 00:45,52,20,32,0,0,0
2020-09-19 01:00,41,14,27,0,0,0
2020-09-19 01:15,29,6,23,0,0,0
2020-09-19 01:30,52,12,40,0,0,0
2020-09-19 01:45,40,7,33,0,0,0
2020-09-19 02:00,31,6,25,0,0,0
2020-09-19 02:15,37,16,21,0,0,0
2020-09-19 02:30,22,5,17,0,0,0
2020-09-19 02:45,16,2,14,0,0,0
2020-09-19 03:00,19,4,15,0,0,0
2020-09-19 03:15,23,4,19,0,0,0
2020-09-19 03:30,14,2,12,0,0,0
2020-09-19 03:45,15,0,15,0,0,0
2020-09-19 04:00,8,0,8,0,0,0
2020-09-19 04:15,19,4,15,0,0,0
2020-09-19 04:30,15,8,7,0,0,0
2020-09-19 04:45,4,4,0,0,0,0
2020-09-19 05:00,17,7,10,0,0,0
2020-09-19 05:15,8,5,3,0,0,0
2020-09-19 05:30,17,10,7,0,0,0
2020-09-19 05:45,15,10,5,0,0,0
2020-09-19 06:00,7,7,0,0,0,0
2020-09-19 06:15,10,5,5,0,0,0
2020-09-19 06:30,11,6,5,0,0,0
2020-09-19 06:45,15,11,4,0,0,0
2020-09-19 07:00,16,13,3,0,0,0
2020-09-19 07:15,26,19,7,0,0,0
2020-09-19 07:30,34,25,9,0,0,0
2020-09-19 07:45,43,33,10,0,0,0
2020-09-19 08:00,28,21,7,0,0,0
2020-09-19 08:15,45,26,19,0,0,0
2020-09-19 08:30,53,28,25,0,0,0
2020-09-19 08:45,92,74,18,0,0,0
2020-09-19 09:00,73,48,25,0,0,0
2020-09-19 09:15,112,68,44,0,0,0
2020-09-19 09:30,105,76,29,0,0,0
2020-09-19 09:45,144,102,42,0,0,0
2020-09-19 10:00,101,74,27,0,0,0
2020-09-19 10:15,126,99,27,0,0,0
2020-09-19 10:30,132,84,48,0,0,0
2020-09-19 10:45,131,96,35,0,0,0
2020-09-19 11:00,122,69,53,0,0,0
2020-09-19 11:15,146,95,51,0,0,0
2020-09-19 11:30,141,88,53,0,0,0
2020-09-19 11:45,185,106,79,0,0,0
2020-09-19 12:00,164,113,51,0,0,0
2020-09-19 12:15,191,109,82,0,0,0
2020-09-19 12:30,174,93,81,0,0,0
2020-09-19 12:45,173,109,64,0,0,0
2020-09-19 13:00,172,93,79,0,0,0
2020-09-19 13:15,200,109,91,0,0,0
2020-09-19 13:30,204,96,108,0,0,0
2020-09-19 13:45,180,93,87,0,0,0
2020-09-19 14:00,145,63,82,0,0,0
2020-09-19 14:15,154,68,86,0,0,0
2020-09-19 14:30,170,73,97,0,0,0
2020-09-19 14:45,183,86,97,0,0,0
2020-09-19 15:00,186,62,124,0,0,0
2020-09-19 15:15,171,73,98,0,0,0
2020-09-19 15:30,154,80,74,0,0,0
2020-09-19 15:45,163,82,81,0,0,0
2020-09-19 16:00,160,75,85,0,0,0
2020-09-19 16:15,154,63,91,0,0,0
2020-09-19 16:30,114,48,66,0,0,0
2020-09-19 16:45,162,92,70,0,0,0
2020-09-19 17:00,144,77,67,0,0,0
2020-09-19 17:15,179,70,109,0,0,0
2020-09-19 17:30,175,72,103,0,0,0
2020-09-19 17:45,195,107,88,0,0,0
2020-09-19 18:00,172,67,105,0,0,0
2020-09-19 18:15,136,57,79,0,0,0
2020-09-19 18:30,152,64,88,0,0,0
2020-09-19 18:45,133,51,82,0,0,0
2020-09-19 19:00,183,75,108,0,0,0
2020-09-19 19:15,152,79,73,0,0,0
2020-09-19 19:30,131,64,67,0,0,0
2020-09-19 19:45,114,56,58,0,0,0
2020-09-19 20:00,123,47,76,0,0,0
2020-09-19 20:15,122,67,55,0,0,0
2020-09-19 20:30,99,44,55,0,0,0
2020-09-19 20:45,94,47,47,0,0,0
2020-09-19 21:00,103,42,61,0,0,0
2020-09-19 21:15,75,22,53,0,0,0
2020-09-19 21:30,73,24,49,0,0,0
2020-09-19 21:45,46,12,34,0,0,0
2020-09-19 22:00,63,16,47,0,0,0
2020-09-19 22:15,59,13,46,0,0,0
2020-09-19 22:30,70,19,51,0,0,0
2020-09-19 22:45,82,20,62,0,0,0
2020-09-19 23:00,55,15,40,0,0,0
2020-09-19 23:15,77,31,46,0,0,0
2020-09-19 23:30,55,13,42,0,0,0
2020-09-19 23:45,65,16,49,0,0,0
2020-09-20 00:00,61,10,51,0,0,0
2020-09-20 00:15,43,13,30,0,0,0
2020-09-20 00:30,62,26,36,0,0,0
2020-09-20 00:45,43,22,21,0,0,0
2020-09-20 01:00,42,14,28,0,0,0
2020-09-20 01:15,38,7,31,0,0,0
2020-09-20 01:30,38,19,19,0,0,0
2020-09-20 01:45,41,13,28,0,0,0
2020-09-20 02:00,49,22,27,0,0,0
2020-09-20 02:15,19,3,16,0,0,0
2020-09-20 02:30,40,10,30,0,0,0
2020-09-20 02:45,31,7,24,0,0,0
2020-09-20 03:00,28,4,24,0,0,0
2020-09-20 03:15,26,9,17,0,0,0
2020-09-20 03:30,24,15,9,0,0,0
2020-09-20 03:45,19,4,15,0,0,0
2020-09-20 04:00,12,3,9,0,0,0
2020-09-20 04:15,11,2,9,0,0,0
2020-09-20 04:30,11,1,10,0,0,0
2020-09-20 04:45,16,2,14,0,0,0
2020-09-20 05:00,14,3,11,0,0,0
2020-09-20 05:15,8,4,4,0,0,0
2020-09-20 05:30,6,2,4,0,0,0
2020-09-20 05:45,13,7,6,0,0,0
2020-09-20 06:00,9,5,4,0,0,0
2020-09-20 06:15,14,3,11,0,0,0
2020-09-20 06:30,8,1,7,0,0,0
2020-09-20 06:45,13,6,7,0,0,0
2020-09-20 07:00,7,4,3,0,0,0
2020-09-20 07:15,8,6,2,0,0,0
2020-09-20 07:30,19,10,9,0,0,0
2020-09-20 07:45,13,6,7,0,0,0
2020-09-20 08:00,12,4,8,0,0,0
2020-09-20 08:15,43,19,24,0,0,0
2020-09-20 08:30,43,14,29,0,0,0
2020-09-20 08:45,44,25,19,0,0,0
2020-09-20 09:00,39,24,15,0,0,0
2020-09-20 09:15,54,36,18,0,0,0
2020-09-20 09:30,49,21,28,0,0,0
2020-09-20 09:45,94,57,37,0,0,0
2020-09-20 10:00,53,30,23,0,0,0
2020-09-20 10:15,75,38,37,0,0,0
2020-09-20 10:30,62,33,29,0,0,0
2020-09-20 10:45,107,61,46,0,0,0
2020-09-20 11:00,83,43,40,0,0,0
2020-09-20 11:15,80,45,35,0,0,0
2020-09-20 11:30,117,62,55,0,0,0
2020-09-20 11:45,81,45,36,0,0,0
2020-09-20 12:00,88,49,39,0,0,0
2020-09-20 12:15,121,70,51,0,0,0
2020-09-20 12:30,118,50,68,0,0,0
2020-09-20 12:45,133,76,57,0,0,0
2020-09-20 13:00,124,69,55,0,0,0
2020-09-20 13:15,122,75,47,0,0,0
2020-09-20 13:30,124,74,50,0,0,0
2020-09-20 13:45,139,75,64,0,0,0
2020-09-20 14:00,130,75,55,0,0,0
2020-09-20 14:15,135,80,55,0,0,0
2020-09-20 14:30,149,78,71,0,0,0
2020-09-20 14:45,165,85,80,0,0,0
2020-09-20 15:00,134,76,58,0,0,0
2020-09-20 15:15,140,75,65,0,0,0
2020-09-20 15:30,144,74,70,0,0,0
2020-09-20 15:45,175,90,85,0,0,0
2020-09-20 16:00,143,58,85,0,0,0
2020-09-20 16:15,197,102,95,0,0,0
2020-09-20 16:30,122,53,69,0,0,0
2020-09-20 16:45,187,100,87,0,0,0
2020-09-20 17:00,140,60,80,0,0,0
2020-09-20 17:15,163,86,77,0,0,0
2020-09-20 17:30,149,72,77,0,0,0
2020-09-20 17:45,153,86,67,0,0,0
2020-09-20 18:00,163,84,79,0,0,0
2020-09-20 18:15,149,58,91,0,0,0
2020-09-20 18:30,144,68,76,0,0,0
2020-09-20 18:45,145,73,72,0,0,0
2020-09-20 19:00,148,60,88,0,0,0
2020-09-20 19:15,125,60,65,0,0,0
2020-09-20 19:30,128,59,69,0,0,0
2020-09-20 19:45,102,42,60,0,0,0
2020-09-20 20:00,103,42,61,0,0,0
2020-09-20 20:15,84,33,51,0,0,0
2020-09-20 20:30,70,27,43,0,0,0
2020-09-20 20:45,62,26,36,0,0,0
2020-09-20 21:00,66,22,44,0,0,0
2020-09-20 21:15,59,31,28,0,0,0
2020-09-20 21:30,60,12,48,0,0,0
2020-09-20 21:45,65,22,43,0,0,0
2020-09-20 22:00,48,17,31,0,0,0
2020-09-20 22:15,67,19,48,0,0,0
2020-09-20 22:30,42,15,27,0,0,0
2020-09-20 22:45,52,14,38,0,0,0
2020-09-20 23:00,31,10,21,0,0,0
2020-09-20 23:15,17,6,11,0,0,0
2020-09-20 23:30,21,4,17,0,0,0
2020-09-20 23:45,19,1,18,0,0,0
2020-09-21 00:00,25,6,19,0,0,0
2020-09-21 00:15,18,7,11,0,0,0
2020-09-21 00:30,14,5,9,0,0,0
2020-09-21 00:45,10,5,5,0,0,0
2020-09-21 01:00,12,7,5,0,0,0
2020-09-21 01:15,8,3,5,0,0,0
2020-09-21 01:30,9,0,9,0,0,0
2020-09-21 01:45,4,3,1,0,0,0
2020-09-21 02:00,4,1,3,0,0,0
2020-09-21 02:15,12,9,3,0,0,0
2020-09-21 02:30,4,1,3,0,0,0
2020-09-21 02:45,3,3,0,0,0,0
2020-09-21 03:00,1,1,0,0,0,0
2020-09-21 03:15,0,0,0,0,0,0
2020-09-21 03:30,7,0,7,0,0,0
2020-09-21 03:45,0,0,0,0,0,0
2020-09-21 04:00,2,1,1,0,0,0
2020-09-21 04:15,4,3,1,0,0,0
2020-09-21 04:30,3,1,2,0,0,0
2020-09-21 04:45,13,8,5,0,0,0
2020-09-21 05:00,11,9,2,0,0,0
2020-09-21 05:15,15,12,3,0,0,0
2020-09-21 05:30,18,13,5,0,0,0
2020-09-21 05:45,20,19,1,0,0,0
2020-09-21 06:00,33,25,8,0,0,0
2020-09-21 06:15,42,25,17,0,0,0
2020-09-21 06:30,67,42,25,0,0,0
2020-09-21 06:45,93,62,31,0,0,0
2020-09-21 07:00,112,74,38,0,0,0
2020-09-21 07:15,223,167,56,0,0,0
2020-09-21 07:30,388,308,80,0,0,0
2020-09-21 07:45,278,179,99,0,0,0
2020-09-21 08:00,189,114,75,0,0,0
2020-09-21 08:15,181,110,71,0,0,0
2020-09-21 08:30,188,112,76,0,0,0
2020-09-21 08:45,211,140,71,0,0,0
2020-09-21 09:00,161,91,70,0,0,0
2020-09-21 09:15,156,93,63,0,0,0
2020-09-21 09:30,123,67,56,0,0,0
2020-09-21 09:45,174,114,60,0,0,0
2020-09-21 10:00,136,74,62,0,0,0
2020-09-21 10:15,130,70,60,0,0,0
2020-09-21 10:30,137,86,51,0,0,0
2020-09-21 10:45,132,77,55,0,0,0
2020-09-21 11:00,132,67,65,0,0,0
2020-09-21 11:15,138,80,58,0,0,0
2020-09-21 11:30,151,83,68,0,0,0
2020-09-21 11:45,167,89,78,0,0,0
2020-09-21 12:00,125,62,63,0,0,0
2020-09-21 12:15,163,83,80,0,0,0
2020-09-21 12:30,180,103,77,0,0,0
2020-09-21 12:45,180,91,89,0,0,0
2020-09-21 13:00,219,108,111,0,0,0
2020-09-21 13:15,190,93,97,0,0,0
2020-09-21 13:30,191,92,99,0,0,0
2020-09-21 13:45,236,109,127,0,0,0
2020-09-21 14:00,218,74,144,0,0,0
2020-09-21 14:15,215,105,110,0,0,0
2020-09-21 14:30,188,93,95,0,0,0
2020-09-21 14:45,207,90,117,0,0,0
2020-09-21 15:00,183,69,114,0,0,0
2020-09-21 15:15,199,84,115,0,0,0
2020-09-21 15:30,294,87,207,0,0,0
2020-09-21 15:45,280,120,160,0,0,0
2020-09-21 16:00,239,118,121,0,0,0
2020-09-21 16:15,252,116,136,0,0,0
2020-09-21 16:30,272,112,160,0,0,0
2020-09-21 16:45,284,119,165,0,0,0
2020-09-21 17:00,278,128,150,0,0,0
2020-09-21 17:15,249,107,142,0,0,0
2020-09-21 17:30,245,105,140,0,0,0
2020-09-21 17:45,279,133,146,0,0,0
2020-09-21 18:00,286,128,158,0,0,0
2020-09-21 18:15,243,94,149,0,0,0
2020-09-21 18:30,232,98,134,0,0,0
2020-09-21 18:45,208,107,101,0,0,0
2020-09-21 19:00,201,90,111,0,0,0
2020-09-21 19:15,190,94,96,0,0,0
2020-09-21 19:30,159,71,88,0,0,0
2020-09-21 19:45,162,68,94,0,0,0
2020-09-21 20:00,142,56,86,0,0,0
2020-09-21 20:15,158,81,77,0,0,0
2020-09-21 20:30,103,38,65,0,0,0
2020-09-21 20:45,97,43,54,0,0,0
2020-09-21 21:00,82,30,52,0,0,0
2020-09-21 21:15,86,32,54,0,0,0
2020-09-21 21:30,97,32,65,0,0,0
2020-09-21 21:45,89,27,62,0,0,0
2020-09-21 22:00,95,28,67,0,0,0
2020-09-21 22:15,61,14,47,0,0,0
2020-09-21 22:30,87,24,63,0,0,0
2020-09-21 22:45,74,30,44,0,0,0
2020-09-21 23:00,40,12,28,0,0,0
2020-09-21 23:15,35,8,27,0,0,0
2020-09-21 23:30,35,13,22,0,0,0
2020-09-21 23:45,18,6,12,0,0,0
2020-09-22 00:00,29,2,27,0,0,0
2020-09-22 00:15,24,8,16,0,0,0
2020-09-22 00:30,15,2,13,0,0,0
2020-09-22 00:45,18,5,13,0,0,0
2020-09-22 01:00,16,2,14,0,0,0
2020-09-22 01:15,20,8,12,0,0,0
2020-09-22 01:30,22,7,15,0,0,0
2020-09-22 01:45,5,0,5,0,0,0
2020-09-22 02:00,17,5,12,0,0,0
2020-09-22 02:15,4,3,1,0,0,0
2020-09-22 02:30,12,3,9,0,0,0
2020-09-22 02:45,4,2,2,0,0,0
2020-09-22 03:00,1,0,1,0,0,0
2020-09-22 03:15,2,1,1,0,0,0
2020-09-22 03:30,2,2,0,0,0,0
2020-09-22 03:45,2,1,1,0,0,0
2020-09-22 04:00,1,0,1,0,0,0
2020-09-22 04:15,2,2,0,0,0,0
2020-09-22 04:30,4,1,3,0,0,0
2020-09-22 04:45,13,7,6,0,0,0
2020-09-22 05:00,8,8,0,0,0,0
2020-09-22 05:15,18,15,3,0,0,0
2020-09-22 05:30,18,13,5,0,0,0
2020-09-22 05:45,24,19,5,0,0,0
2020-09-22 06:00,37,26,11,0,0,0
2020-09-22 06:15,50,36,14,0,0,0
2020-09-22 06:30,65,41,24,0,0,0
2020-09-22 06:45,90,63,27,0,0,0
2020-09-22 07:00,119,80,39,0,0,0
2020-09-22 07:15,232,171,61,0,0,0
2020-09-22 07:30,363,266,97,0,0,0
2020-09-22 07:45,312,208,104,0,0,0
2020-09-22 08:00,210,127,83,0,0,0
2020-09-22 08:15,193,120,73,0,0,0
2020-09-22 08:30,174,111,63,0,0,0
2020-09-22 08:45,247,167,80,0,0,0
2020-09-22 09:00,191,109,82,0,0,0
2020-09-22 09:15,178,110,68,0,0,0
2020-09-22 09:30,136,82,54,0,0,0
2020-09-22 09:45,197,128,69,0,0,0
2020-09-22 10:00,129,81,48,0,0,0
2020-09-22 10:15,114,67,47,0,0,0
2020-09-22 10:30,143,82,61,0,0,0
2020-09-22 10:45,137,74,63,0,0,0
2020-09-22 11:00,111,58,53,0,0,0
2020-09-22 11:15,146,77,69,0,0,0
2020-09-22 11:30,170,89,81,0,0,0
2020-09-22 11:45,198,103,95,0,0,0
2020-09-22 12:00,178,94,84,0,0,0
2020-09-22 12:15,205,111,94,0,0,0
2020-09-22 12:30,182,81,101,0,0,0
2020-09-22 12:45,225,116,109,0,0,0
2020-09-22 13:00,277,97,180,0,0,0
2020-09-22 13:15,210,85,125,0,0,0
2020-09-22 13:30,221,113,108,0,0,0
2020-09-22 13:45,249,116,133,0,0,0
2020-09-22 14:00,235,104,131,0,0,0
2020-09-22 14:15,208,88,120,0,0,0
2020-09-22 14:30,197,98,99,0,0,0
2020-09-22 14:45,217,107,110,0,0,0
2020-09-22 15:00,195,81,114,0,0,0
2020-09-22 15:15,208,100,108,0,0,0
2020-09-22 15:30,234,121,113,0,0,0
2020-09-22 15:45,243,120,123,0,0,0
2020-09-22 16:00,284,138,146,0,0,0
2020-09-22 16:15,263,118,145,0,0,0
2020-09-22 16:30,251,115,136,0,0,0
2020-09-22 16:45,279,151,128,0,0,0
2020-09-22 17:00,278,120,158,0,0,0
2020-09-22 17:15,306,136,170,0,0,0
2020-09-22 17:30,280,117,163,0,0,0
2020-09-22 17:45,320,156,164,0,0,0
2020-09-22 18:00,264,102,162,0,0,0
2020-09-22 18:15,283,130,153,0,0,0
2020-09-22 18:30,222,101,121,0,0,0
2020-09-22 18:45,262,145,117,0,0,0
2020-09-22 19:00,208,91,117,0,0,0
2020-09-22 19:15,256,99,157,0,0,0
2020-09-22 19:30,195,99,96,0,0,0
2020-09-22 19:45,210,91,119,0,0,0
2020-09-22 20:00,158,62,96,0,0,0
2020-09-22 20:15,160,46,114,0,0,0
2020-09-22 20:30,118,48,70,0,0,0
2020-09-22 20:45,124,41,83,0,0,0
2020-09-22 21:00,81,30,51,0,0,0
2020-09-22 21:15,75,28,47,0,0,0
2020-09-22 21:30,92,42,50,0,0,0
2020-09-22 21:45,100,29,71,0,0,0
2020-09-22 22:00,91,24,67,0,0,0
2020-09-22 22:15,77,31,46,0,0,0
2020-09-22 22:30,77,22,55,0,0,0
2020-09-22 22:45,68,24,44,0,0,0
2020-09-22 23:00,72,13,59,0,0,0
2020-09-22 23:15,37,9,28,0,0,0
2020-09-22 23:30,60,9,51,0,0,0
2020-09-22 23:45,33,8,25,0,0,0
2020-09-23 00:00,35,8,27,0,0,0
2020-09-23 00:15,23,7,16,0,0,0
2020-09-23 00:30,27,7,20,0,0,0
2020-09-23 00:45,24,5,19,0,0,0
2020-09-23 01:00,20,3,17,0,0,0
2020-09-23 01:15,17,3,14,0,0,0
2020-09-23 01:30,12,2,10,0,0,0
2020-09-23 01:45,8,2,6,0,0,0
2020-09-23 02:00,11,0,11,0,0,0
2020-09-23 02:15,4,2,2,0,0,0
2020-09-23 02:30,10,6,4,0,0,0
2020-09-23 02:45,6,4,2,0,0,0
2020-09-23 03:00,7,2,5,0,0,0
2020-09-23 03:15,4,2,2,0,0,0
2020-09-23 03:30,6,5,1,0,0,0
2020-09-23 03:45,2,2,0,0,0,0
2020-09-23 04:00,6,1,5,0,0,0
2020-09-23 04:15,4,0,4,0,0,0
2020-09-23 04:30,4,4,0,0,0,0
2020-09-23 04:45,11,5,6,0,0,0
2020-09-23 05:00,4,2,2,0,0,0
2020-09-23 05:15,20,16,4,0,0,0
2020-09-23 05:30,18,12,6,0,0,0
2020-09-23 05:45,19,13,6,0,0,0
2020-09-23 06:00,45,34,11,0,0,0
2020-09-23 06:15,47,29,18,0,0,0
2020-09-23 06:30,84,58,26,0,0,0
2020-09-23 06:45,99,63,36,0,0,0
2020-09-23 07:00,113,79,34,0,0,0
2020-09-23 07:15,219,159,60,0,0,0
2020-09-23 07:30,356,272,84,0,0,0
2020-09-23 07:45,311,222,89,0,0,0
2020-09-23 08:00,207,127,80,0,0,0
2020-09-23 08:15,208,127,81,0,0,0
2020-09-23 08:30,208,127,81,0,0,0
2020-09-23 08:45,209,127,82,0,0,0
2020-09-23 09:00,188,120,68,0,0,0
2020-09-23 09:15,200,120,80,0,0,0
2020-09-23 09:30,147,92,55,0,0,0
2020-09-23 09:45,199,124,75,0,0,0
2020-09-23 10:00,129,81,48,0,0,0
2020-09-23 10:15,138,94,44,0,0,0
2020-09-23 10:30,130,73,57,0,0,0
2020-09-23 10:45,180,111,69,0,0,0
2020-09-23 11:00,140,90,50,0,0,0
2020-09-23 11:15,125,76,49,0,0,0
2020-09-23 11:30,176,95,81,0,0,0
2020-09-23 11:45,211,117,94,0,0,0
2020-09-23 12:00,210,120,90,0,0,0
2020-09-23 12:15,191,96,95,0,0,0
2020-09-23 12:30,205,105,100,0,0,0
2020-09-23 12:45,189,91,98,0,0,0
2020-09-23 13:00,222,79,143,0,0,0
2020-09-23 13:15,231,77,154,0,0,0
2020-09-23 13:30,216,89,127,0,0,0
2020-09-23 13:45,265,120,145,0,0,0
2020-09-23 14:00,242,95,147,0,0,0
2020-09-23 14:15,182,82,100,0,0,0
2020-09-23 14:30,223,89,134,0,0,0
2020-09-23 14:45,218,103,115,0,0,0
2020-09-23 15:00,218,104,114,0,0,0
2020-09-23 15:15,187,87,100,0,0,0
2020-09-23 15:30,280,93,187,0,0,0
2020-09-23 15:45,240,100,140,0,0,0
2020-09-23 16:00,255,107,148,0,0,0
2020-09-23 16:15,267,124,143,0,0,0
2020-09-23 16:30,241,99,142,0,0,0
2020-09-23 16:45,274,141,133,0,0,0
2020-09-23 17:00,272,116,156,0,0,0
2020-09-23 17:15,284,134,150,0,0,0
2020-09-23 17:30,308,140,168,0,0,0
2020-09-23 17:45,337,154,183,0,0,0
2020-09-23 18:00,243,94,149,0,0,0
2020-09-23 18:15,254,106,148,0,0,0
2020-09-23 18:30,249,119,130,0,0,0
2020-09-23 18:45,263,121,142,0,0,0
2020-09-23 19:00,213,100,113,0,0,0
2020-09-23 19:15,195,96,99,0,0,0
2020-09-23 19:30,181,64,117,0,0,0
2020-09-23 19:45,204,92,112,0,0,0
2020-09-23 20:00,187,70,117,0,0,0
2020-09-23 20:15,128,51,77,0,0,0
2020-09-23 20:30,105,45,60,0,0,0
2020-09-23 20:45,87,36,51,0,0,0
2020-09-23 21:00,90,37,53,0,0,0
2020-09-23 21:15,81,31,50,0,0,0
2020-09-23 21:30,89,24,65,0,0,0
2020-09-23 21:45,93,31,62,0,0,0
2020-09-23 22:00,95,22,73,0,0,0
2020-09-23 22:15,87,27,60,0,0,0
2020-09-23 22:30,84,34,50,0,0,0
2020-09-23 22:45,76,21,55,0,0,0
2020-09-23 23:00,74,24,50,0,0,0
2020-09-23 23:15,54,27,27,0,0,0
2020-09-23 23:30,45,11,34,0,0,0
2020-09-23 23:45,47,9,38,0,0,0
2020-09-24 00:00,47,12,35,0,0,0
2020-09-24 00:15,41,7,34,0,0,0
2020-09-24 00:30,29,11,18,0,0,0
2020-09-24 00:45,27,14,13,0,0,0
2020-09-24 01:00,28,7,21,0,0,0
2020-09-24 01:15,14,6,8,0,0,0
2020-09-24 01:30,17,4,13,0,0,0
2020-09-24 01:45,17,1,16,0,0,0
2020-09-24 02:00,28,4,24,0,0,0
2020-09-24 02:15,17,1,16,0,0,0
2020-09-24 02:30,12,2,10,0,0,0
2020-09-24 02:45,13,3,10,0,0,0
2020-09-24 03:00,13,4,9,0,0,0
2020-09-24 03:15,8,0,8,0,0,0
2020-09-24 03:30,4,0,4,0,0,0
2020-09-24 03:45,19,2,17,0,0,0
2020-09-24 04:00,2,0,2,0,0,0
2020-09-24 04:15,4,1,3,0,0,0
2020-09-24 04:30,6,3,3,0,0,0
2020-09-24 04:45,19,5,14,0,0,0
2020-09-24 05:00,2,1,1,0,0,0
2020-09-24 05:15,12,8,4,0,0,0
2020-09-24 05:30,17,9,8,0,0,0
2020-09-24 05:45,24,18,6,0,0,0
2020-09-24 06:00,32,26,6,0,0,0
2020-09-24 06:15,42,19,23,0,0,0
2020-09-24 06:30,47,27,20,0,0,0
2020-09-24 06:45,84,48,36,0,0,0
2020-09-24 07:00,93,63,30,0,0,0
2020-09-24 07:15,205,136,69,0,0,0
2020-09-24 07:30,310,237,73,0,0,0
2020-09-24 07:45,285,200,85,0,0,0
2020-09-24 08:00,207,112,95,0,0,0
2020-09-24 08:15,191,105,86,0,0,0
2020-09-24 08:30,180,109,71,0,0,0
2020-09-24 08:45,213,135,78,0,0,0
2020-09-24 09:00,173,122,51,0,0,0
2020-09-24 09:15,174,112,62,0,0,0
2020-09-24 09:30,166,95,71,0,0,0
2020-09-24 09:45,159,94,65,0,0,0
2020-09-24 10:00,125,73,52,0,0,0
2020-09-24 10:15,106,55,51,0,0,0
2020-09-24 10:30,129,69,60,0,0,0
2020-09-24 10:45,133,67,66,0,0,0
2020-09-24 11:00,108,64,44,0,0,0
2020-09-24 11:15,110,61,49,0,0,0
2020-09-24 11:30,144,76,68,0,0,0
2020-09-24 11:45,158,87,71,0,0,0
2020-09-24 12:00,160,78,82,0,0,0
2020-09-24 12:15,148,72,76,0,0,0
2020-09-24 12:30,169,73,96,0,0,0
2020-09-24 12:45,207,104,103,0,0,0
2020-09-24 13:00,170,72,98,0,0,0
2020-09-24 13:15,164,71,93,0,0,0
2020-09-24 13:30,200,91,109,0,0,0
2020-09-24 13:45,222,116,106,0,0,0
2020-09-24 14:00,167,88,79,0,0,0
2020-09-24 14:15,171,74,97,0,0,0
2020-09-24 14:30,193,84,109,0,0,0
2020-09-24 14:45,217,92,125,0,0,0
2020-09-24 15:00,194,84,110,0,0,0
2020-09-24 15:15,173,84,89,0,0,0
2020-09-24 15:30,239,92,147,0,0,0
2020-09-24 15:45,207,111,96,0,0,0
2020-09-24 16:00,232,109,123,0,0,0
2020-09-24 16:15,217,97,120,0,0,0
2020-09-24 16:30,220,107,113,0,0,0
2020-09-24 16:45,228,109,119,0,0,0
2020-09-24 17:00,248,110,138,0,0,0
2020-09-24 17:15,297,135,162,0,0,0
2020-09-24 17:30,284,109,175,0,0,0
2020-09-24 17:45,259,125,134,0,0,0
2020-09-24 18:00,273,108,165,0,0,0
2020-09-24 18:15,240,113,127,0,0,0
2020-09-24 18:30,210,77,133,0,0,0
2020-09-24 18:45,244,117,127,0,0,0
2020-09-24 19:00,198,105,93,0,0,0
2020-09-24 19:15,192,98,94,0,0,0
2020-09-24 19:30,161,71,90,0,0,0
2020-09-24 19:45,179,60,119,0,0,0
2020-09-24 20:00,150,71,79,0,0,0
2020-09-24 20:15,133,46,87,0,0,0
2020-09-24 20:30,117,43,74,0,0,0
2020-09-24 20:45,90,31,59,0,0,0
2020-09-24 21:00,73,28,45,0,0,0
2020-09-24 21:15,75,23,52,0,0,0
2020-09-24 21:30,89,26,63,0,0,0
2020-09-24 21:45,76,34,42,0,0,0
2020-09-24 22:00,106,23,83,0,0,0
2020-09-24 22:15,77,34,43,0,0,0
2020-09-24 22:30,77,26,51,0,0,0
2020-09-24 22:45,66,22,44,0,0,0
2020-09-24 23:00,51,11,40,0,0,0
2020-09-24 23:15,69,19,50,0,0,0
2020-09-24 23:30,44,6,38,0,0,0
2020-09-24 23:45,55,13,42,0,0,0
2020-09-25 00:00,46,17,29,0,0,0
2020-09-25 00:15,25,10,15,0,0,0
2020-09-25 00:30,35,15,20,0,0,0
2020-09-25 00:45,25,7,18,0,0,0
2020-09-25 01:00,14,7,7,0,0,0
2020-09-25 01:15,16,7,9,0,0,0
2020-09-25 01:30,8,2,6,0,0,0
2020-09-25 01:45,10,4,6,0,0,0
2020-09-25 02:00,10,3,7,0,0,0
2020-09-25 02:15,16,1,15,0,0,0
2020-09-25 02:30,4,2,2,0,0,0
2020-09-25 02:45,8,2,6,0,0,0
2020-09-25 03:00,6,3,3,0,0,0
2020-09-25 03:15,6,2,4,0,0,0
2020-09-25 03:30,1,0,1,0,0,0
2020-09-25 03:45,6,4,2,0,0,0
2020-09-25 04:00,4,1,3,0,0,0
2020-09-25 04:15,8,1,7,0,0,0
2020-09-25 04:30,5,2,3,0,0,0
2020-09-25 04:45,11,5,6,0,0,0
2020-09-25 05:00,3,3,0,0,0,0
2020-09-25 05:15,10,4,6,0,0,0
2020-09-25 05:30,19,13,6,0,0,0
2020-09-25 05:45,24,19,5,0,0,0
2020-09-25 06:00,29,20,9,0,0,0
2020-09-25 06:15,45,29,16,0,0,0
2020-09-25 06:30,51,35,16,0,0,0
2020-09-25 06:45,60,43,17,0,0,0
2020-09-25 07:00,85,51,34,0,0,0
2020-09-25 07:15,142,103,39,0,0,0
2020-09-25 07:30,293,235,58,0,0,0
2020-09-25 07:45,259,181,78,0,0,0
2020-09-25 08:00,158,93,65,0,0,0
2020-09-25 08:15,160,99,61,0,0,0
2020-09-25 08:30,168,88,80,0,0,0
2020-09-25 08:45,205,138,67,0,0,0
2020-09-25 09:00,175,111,64,0,0,0
2020-09-25 09:15,180,118,62,0,0,0
2020-09-25 09:30,148,94,54,0,0,0
2020-09-25 09:45,138,76,62,0,0,0
2020-09-25 10:00,122,76,46,0,0,0
2020-09-25 10:15,107,69,38,0,0,0
2020-09-25 10:30,110,47,63,0,0,0
2020-09-25 10:45,127,75,52,0,0,0
2020-09-25 11:00,115,69,46,0,0,0
2020-09-25 11:15,154,78,76,0,0,0
2020-09-25 11:30,152,88,64,0,0,0
2020-09-25 11:45,166,98,68,0,0,0
2020-09-25 12:00,132,72,60,0,0,0
2020-09-25 12:15,180,93,87,0,0,0
2020-09-25 12:30,156,71,85,0,0,0
2020-09-25 12:45,197,105,92,0,0,0
2020-09-25 13:00,281,104,177,0,0,0
2020-09-25 13:15,250,120,130,0,0,0
2020-09-25 13:30,155,77,78,0,0,0
2020-09-25 13:45,208,92,116,0,0,0
2020-09-25 14:00,203,105,98,0,0,0
2020-09-25 14:15,184,90,94,0,0,0
2020-09-25 14:30,188,83,105,0,0,0
2020-09-25 14:45,205,101,104,0,0,0
2020-09-25 15:00,211,93,118,0,0,0
2020-09-25 15:15,177,84,93,0,0,0
2020-09-25 15:30,206,99,107,0,0,0
2020-09-25 15:45,207,120,87,0,0,0
2020-09-25 16:00,207,101,106,0,0,0
2020-09-25 16:15,196,107,89,0,0,0
2020-09-25 16:30,218,103,115,0,0,0
2020-09-25 16:45,215,102,113,0,0,0
2020-09-25 17:00,207,97,110,0,0,0
2020-09-25 17:15,193,95,98,0,0,0
2020-09-25 17:30,200,101,99,0,0,0
2020-09-25 17:45,206,96,110,0,0,0
2020-09-25 18:00,204,94,110,0,0,0
2020-09-25 18:15,167,90,77,0,0,0
2020-09-25 18:30,157,68,89,0,0,0
2020-09-25 18:45,202,109,93,0,0,0
2020-09-25 19:00,175,90,85,0,0,0
2020-09-25 19:15,189,91,98,0,0,0
2020-09-25 19:30,152,71,81,0,0,0
2020-09-25 19:45,150,78,72,0,0,0
2020-09-25 20:00,175,76,99,0,0,0
2020-09-25 20:15,130,54,76,0,0,0
2020-09-25 20:30,117,56,61,0,0,0
2020-09-25 20:45,127,47,80,0,0,0
2020-09-25 21:00,83,42,41,0,0,0
2020-09-25 21:15,85,37,48,0,0,0
2020-09-25 21:30,78,27,51,0,0,0
2020-09-25 21:45,84,38,46,0,0,0
2020-09-25 22:00,67,24,43,0,0,0
2020-09-25 22:15,80,39,41,0,0,0
2020-09-25 22:30,66,20,46,0,0,0
2020-09-25 22:45,75,27,48,0,0,0
2020-09-25 23:00,40,11,29,0,0,0
2020-09-25 23:15,42,11,31,0,0,0
2020-09-25 23:30,63,23,40,0,0,0
2020-09-25 23:45,69,15,54,0,0,0
2020-09-26 00:00,86,29,57,0,0,0
2020-09-26 00:15,62,19,43,0,0,0
2020-09-26 00:30,65,19,46,0,0,0
2020-09-26 00:45,52,15,37,0,0,0
2020-09-26 01:00,42,13,29,0,0,0
2020-09-26 01:15,43,14,29,0,0,0
2020-09-26 01:30,40,10,30,0,0,0
2020-09-26 01:45,59,10,49,0,0,0
2020-09-26 02:00,32,6,26,0,0,0
2020-09-26 02:15,31,12,19,0,0,0
2020-09-26 02:30,39,16,23,0,0,0
2020-09-26 02:45,36,9,27,0,0,0
2020-09-26 03:00,22,3,19,0,0,0
2020-09-26 03:15,17,8,9,0,0,0
2020-09-26 03:30,21,7,14,0,0,0
2020-09-26 03:45,20,7,13,0,0,0
2020-09-26 04:00,18,8,10,0,0,0
2020-09-26 04:15,12,1,11,0,0,0
2020-09-26 04:30,13,5,8,0,0,0
2020-09-26 04:45,11,5,6,0,0,0
2020-09-26 05:00,10,5,5,0,0,0
2020-09-26 05:15,9,6,3,0,0,0
2020-09-26 05:30,16,8,8,0,0,0
2020-09-26 05:45,15,11,4,0,0,0
2020-09-26 06:00,10,5,5,0,0,0
2020-09-26 06:15,7,5,2,0,0,0
2020-09-26 06:30,16,8,8,0,0,0
2020-09-26 06:45,18,11,7,0,0,0
2020-09-26 07:00,11,6,5,0,0,0
2020-09-26 07:15,16,10,6,0,0,0
2020-09-26 07:30,40,26,14,0,0,0
2020-09-26 07:45,38,27,11,0,0,0
2020-09-26 08:00,21,17,4,0,0,0
2020-09-26 08:15,52,28,24,0,0,0
2020-09-26 08:30,47,29,18,0,0,0
2020-09-26 08:45,48,29,19,0,0,0
2020-09-26 09:00,71,48,23,0,0,0
2020-09-26 09:15,73,57,16,0,0,0
2020-09-26 09:30,82,63,19,0,0,0
2020-09-26 09:45,131,87,44,0,0,0
2020-09-26 10:00,92,52,40,0,0,0
2020-09-26 10:15,95,48,47,0,0,0
2020-09-26 10:30,100,72,28,0,0,0
2020-09-26 10:45,104,64,40,0,0,0
2020-09-26 11:00,130,73,57,0,0,0
2020-09-26 11:15,125,76,49,0,0,0
2020-09-26 11:30,142,97,45,0,0,0
2020-09-26 11:45,135,84,51,0,0,0
2020-09-26 12:00,140,86,54,0,0,0
2020-09-26 12:15,157,89,68,0,0,0
2020-09-26 12:30,133,72,61,0,0,0
2020-09-26 12:45,133,81,52,0,0,0
2020-09-26 13:00,148,84,64,0,0,0
2020-09-26 13:15,148,94,54,0,0,0
2020-09-26 13:30,139,74,65,0,0,0
2020-09-26 13:45,154,83,71,0,0,0
2020-09-26 14:00,133,57,76,0,0,0
2020-09-26 14:15,143,65,78,0,0,0
2020-09-26 14:30,155,65,90,0,0,0
2020-09-26 14:45,121,67,54,0,0,0
2020-09-26 15:00,120,60,60,0,0,0
2020-09-26 15:15,166,78,88,0,0,0
2020-09-26 15:30,135,65,70,0,0,0
2020-09-26 15:45,117,55,62,0,0,0
2020-09-26 16:00,118,46,72,0,0,0
2020-09-26 16:15,88,48,40,0,0,0
2020-09-26 16:30,106,55,51,0,0,0
2020-09-26 16:45,120,68,52,0,0,0
2020-09-26 17:00,113,54,59,0,0,0
2020-09-26 17:15,108,44,64,0,0,0
2020-09-26 17:30,101,44,57,0,0,0
2020-09-26 17:45,132,65,67,0,0,0
2020-09-26 18:00,131,45,86,0,0,0
2020-09-26 18:15,112,58,54,0,0,0
2020-09-26 18:30,90,35,55,0,0,0
2020-09-26 18:45,92,50,42,0,0,0
2020-09-26 19:00,82,35,47,0,0,0
2020-09-26 19:15,73,37,36,0,0,0
2020-09-26 19:30,91,36,55,0,0,0
2020-09-26 19:45,61,28,33,0,0,0
2020-09-26 20:00,68,25,43,0,0,0
2020-09-26 20:15,71,25,46,0,0,0
2020-09-26 20:30,55,22,33,0,0,0
2020-09-26 20:45,38,15,23,0,0,0
2020-09-26 21:00,37,15,22,0,0,0
2020-09-26 21:15,30,13,17,0,0,0
2020-09-26 21:30,21,10,11,0,0,0
2020-09-26 21:45,33,13,20,0,0,0
2020-09-26 22:00,30,6,24,0,0,0
2020-09-26 22:15,36,13,23,0,0,0
2020-09-26 22:30,20,6,14,0,0,0
2020-09-26 22:45,21,11,10,0,0,0
2020-09-26 23:00,25,6,19,0,0,0
2020-09-26 23:15,27,5,22,0,0,0
2020-09-26 23:30,20,5,15,0,0,0
2020-09-26 23:45,38,11,27,0,0,0
2020-09-27 00:00,41,9,32,0,0,0
2020-09-27 00:15,34,10,24,0,0,0
2020-09-27 00:30,31,13,18,0,0,0
2020-09-27 00:45,33,10,23,0,0,0
2020-09-27 01:00,25,13,12,0,0,0
2020-09-27 01:15,13,1,12,0,0,0
2020-09-27 01:30,19,9,10,0,0,0
2020-09-27 01:45,30,11,19,0,0,0
2020-09-27 02:00,32,11,21,0,0,0
2020-09-27 02:15,20,4,16,0,0,0
2020-09-27 02:30,13,6,7,0,0,0
2020-09-27 02:45,13,4,9,0,0,0
2020-09-27 03:00,7,5,2,0,0,0
2020-09-27 03:15,15,6,9,0,0,0
2020-09-27 03:30,14,3,11,0,0,0
2020-09-27 03:45,11,2,9,0,0,0
2020-09-27 04:00,6,3,3,0,0,0
2020-09-27 04:15,11,6,5,0,0,0
2020-09-27 04:30,7,0,7,0,0,0
2020-09-27 04:45,5,2,3,0,0,0
2020-09-27 05:00,6,2,4,0,0,0
2020-09-27 05:15,6,2,4,0,0,0
2020-09-27 05:30,5,2,3,0,0,0
2020-09-27 05:45,5,2,3,0,0,0
2020-09-27 06:00,15,10,5,0,0,0
2020-09-27 06:15,8,4,4,0,0,0
2020-09-27 06:30,9,4,5,0,0,0
2020-09-27 06:45,11,4,7,0,0,0
2020-09-27 07:00,7,5,2,0,0,0
2020-09-27 07:15,12,6,6,0,0,0
2020-09-27 07:30,12,9,3,0,0,0
2020-09-27 07:45,10,7,3,0,0,0
2020-09-27 08:00,15,7,8,0,0,0
2020-09-27 08:15,30,21,9,0,0,0
2020-09-27 08:30,32,18,14,0,0,0
2020-09-27 08:45,23,21,2,0,0,0
2020-09-27 09:00,28,14,14,0,0,0
2020-09-27 09:15,45,30,15,0,0,0
2020-09-27 09:30,48,29,19,0,0,0
2020-09-27 09:45,63,34,29,0,0,0
2020-09-27 10:00,49,26,23,0,0,0
2020-09-27 10:15,59,35,24,0,0,0
2020-09-27 10:30,61,36,25,0,0,0
2020-09-27 10:45,46,26,20,0,0,0
2020-09-27 11:00,46,21,25,0,0,0
2020-09-27 11:15,57,33,24,0,0,0
2020-09-27 11:30,70,39,31,0,0,0
2020-09-27 11:45,70,42,28,0,0,0
2020-09-27 12:00,67,36,31,0,0,0
2020-09-27 12:15,92,47,45,0,0,0
2020-09-27 12:30,104,57,47,0,0,0
2020-09-27 12:45,111,65,46,0,0,0
2020-09-27 13:00,122,68,54,0,0,0
2020-09-27 13:15,97,46,51,0,0,0
2020-09-27 13:30,97,49,48,0,0,0
2020-09-27 13:45,92,50,42,0,0,0
2020-09-27 14:00,107,53,54,0,0,0
2020-09-27 14:15,108,52,56,0,0,0
2020-09-27 14:30,120,56,64,0,0,0
2020-09-27 14:45,129,77,52,0,0,0
2020-09-27 15:00,95,51,44,0,0,0
2020-09-27 15:15,88,42,46,0,0,0
2020-09-27 15:30,112,59,53,0,0,0
2020-09-27 15:45,88,47,41,0,0,0
2020-09-27 16:00,97,56,41,0,0,0
2020-09-27 16:15,99,52,47,0,0,0
2020-09-27 16:30,101,51,50,0,0,0
2020-09-27 16:45,112,43,69,0,0,0
2020-09-27 17:00,87,35,52,0,0,0
2020-09-27 17:15,110,42,68,0,0,0
2020-09-27 17:30,103,47,56,0,0,0
2020-09-27 17:45,114,54,60,0,0,0
2020-09-27 18:00,101,41,60,0,0,0
2020-09-27 18:15,85,36,49,0,0,0
2020-09-27 18:30,112,58,54,0,0,0
2020-09-27 18:45,120,72,48,0,0,0
2020-09-27 19:00,108,50,58,0,0,0
2020-09-27 19:15,102,42,60,0,0,0
2020-09-27 19:30,93,46,47,0,0,0
2020-09-27 19:45,74,40,34,0,0,0
2020-09-27 20:00,89,30,59,0,0,0
2020-09-27 20:15,62,22,40,0,0,0
2020-09-27 20:30,74,26,48,0,0,0
2020-09-27 20:45,41,20,21,0,0,0
2020-09-27 21:00,48,15,33,0,0,0
2020-09-27 21:15,51,17,34,0,0,0
2020-09-27 21:30,43,10,33,0,0,0
2020-09-27 21:45,41,13,28,0,0,0
2020-09-27 22:00,37,15,22,0,0,0
2020-09-27 22:15,29,6,23,0,0,0
2020-09-27 22:30,47,12,35,0,0,0
2020-09-27 22:45,35,7,28,0,0,0
2020-09-27 23:00,30,11,19,0,0,0
2020-09-27 23:15,22,9,13,0,0,0
2020-09-27 23:30,22,7,15,0,0,0
2020-09-27 23:45,18,8,10,0,0,0
2020-09-28 00:00,14,3,11,0,0,0
2020-09-28 00:15,19,5,14,0,0,0
2020-09-28 00:30,13,3,10,0,0,0
2020-09-28 00:45,13,1,12,0,0,0
2020-09-28 01:00,22,7,15,0,0,0
2020-09-28 01:15,6,3,3,0,0,0
2020-09-28 01:30,6,2,4,0,0,0
2020-09-28 01:45,3,2,1,0,0,0
2020-09-28 02:00,4,3,1,0,0,0
2020-09-28 02:15,2,2,0,0,0,0
2020-09-28 02:30,2,1,1,0,0,0
2020-09-28 02:45,6,3,3,0,0,0
2020-09-28 03:00,4,2,2,0,0,0
2020-09-28 03:15,1,1,0,0,0,0
2020-09-28 03:30,1,0,1,0,0,0
2020-09-28 03:45,3,1,2,0,0,0
2020-09-28 04:00,2,2,0,0,0,0
2020-09-28 04:15,3,2,1,0,0,0
2020-09-28 04:30,1,0,1,0,0,0
2020-09-28 04:45,11,6,5,0,0,0
2020-09-28 05:00,7,5,2,0,0,0
2020-09-28 05:15,15,11,4,0,0,0
2020-09-28 05:30,17,13,4,0,0,0
2020-09-28 05:45,20,15,5,0,0,0
2020-09-28 06:00,40,29,11,0,0,0
2020-09-28 06:15,57,41,16,0,0,0
2020-09-28 06:30,58,43,15,0,0,0
2020-09-28 06:45,92,62,30,0,0,0
2020-09-28 07:00,104,72,32,0,0,0
2020-09-28 07:15,209,144,65,0,0,0
2020-09-28 07:30,304,223,81,0,0,0
2020-09-28 07:45,267,182,85,0,0,0
2020-09-28 08:00,192,105,87,0,0,0
2020-09-28 08:15,195,117,78,0,0,0
2020-09-28 08:30,188,118,70,0,0,0
2020-09-28 08:45,211,135,76,0,0,0
2020-09-28 09:00,127,86,41,0,0,0
2020-09-28 09:15,130,78,52,0,0,0
2020-09-28 09:30,114,61,53,0,0,0
2020-09-28 09:45,152,89,63,0,0,0
2020-09-28 10:00,108,62,46,0,0,0
2020-09-28 10:15,91,49,42,0,0,0
2020-09-28 10:30,110,48,62,0,0,0
2020-09-28 10:45,126,74,52,0,0,0
2020-09-28 11:00,110,54,56,0,0,0
2020-09-28 11:15,126,68,58,0,0,0
2020-09-28 11:30,97,61,36,0,0,0
2020-09-28 11:45,121,63,58,0,0,0
2020-09-28 12:00,99,54,45,0,0,0
2020-09-28 12:15,137,77,60,0,0,0
2020-09-28 12:30,124,66,58,0,0,0
2020-09-28 12:45,161,81,80,0,0,0
2020-09-28 13:00,196,84,112,0,0,0
2020-09-28 13:15,139,57,82,0,0,0
2020-09-28 13:30,137,76,61,0,0,0
2020-09-28 13:45,201,122,79,0,0,0
2020-09-28 14:00,182,72,110,0,0,0
2020-09-28 14:15,195,101,94,0,0,0
2020-09-28 14:30,148,75,73,0,0,0
2020-09-28 14:45,179,88,91,0,0,0
2020-09-28 15:00,154,79,75,0,0,0
2020-09-28 15:15,182,75,107,0,0,0
2020-09-28 15:30,231,89,142,0,0,0
2020-09-28 15:45,211,82,129,0,0,0
2020-09-28 16:00,248,113,135,0,0,0
2020-09-28 16:15,219,101,118,0,0,0
2020-09-28 16:30,212,99,113,0,0,0
2020-09-28 16:45,225,117,108,0,0,0
2020-09-28 17:00,205,91,114,0,0,0
2020-09-28 17:15,249,115,134,0,0,0
2020-09-28 17:30,222,104,118,0,0,0
2020-09-28 17:45,246,125,121,0,0,0
2020-09-28 18:00,212,84,128,0,0,0
2020-09-28 18:15,183,83,100,0,0,0
2020-09-28 18:30,162,72,90,0,0,0
2020-09-28 18:45,199,84,115,0,0,0
2020-09-28 19:00,157,73,84,0,0,0
2020-09-28 19:15,155,81,74,0,0,0
2020-09-28 19:30,134,58,76,0,0,0
2020-09-28 19:45,138,68,70,0,0,0
2020-09-28 20:00,135,56,79,0,0,0
2020-09-28 20:15,129,59,70,0,0,0
2020-09-28 20:30,98,35,63,0,0,0
2020-09-28 20:45,91,38,53,0,0,0
2020-09-28 21:00,70,22,48,0,0,0
2020-09-28 21:15,76,27,49,0,0,0
2020-09-28 21:30,62,25,37,0,0,0
2020-09-28 21:45,69,30,39,0,0,0
2020-09-28 22:00,71,19,52,0,0,0
2020-09-28 22:15,60,27,33,0,0,0
2020-09-28 22:30,60,20,40,0,0,0
2020-09-28 22:45,58,14,44,0,0,0
2020-09-28 23:00,40,10,30,0,0,0
2020-09-28 23:15,34,12,22,0,0,0
2020-09-28 23:30,22,9,13,0,0,0
2020-09-28 23:45,22,8,14,0,0,0
2020-09-29 00:00,36,8,28,0,0,0
2020-09-29 00:15,16,4,12,0,0,0
2020-09-29 00:30,19,2,17,0,0,0
2020-09-29 00:45,11,3,8,0,0,0
2020-09-29 01:00,17,6,11,0,0,0
2020-09-29 01:15,12,3,9,0,0,0
2020-09-29 01:30,8,1,7,0,0,0
2020-09-29 01:45,10,7,3,0,0,0
2020-09-29 02:00,9,1,8,0,0,0
2020-09-29 02:15,4,1,3,0,0,0
2020-09-29 02:30,2,0,2,0,0,0
2020-09-29 02:45,0,0,0,0,0,0
2020-09-29 03:00,2,1,1,0,0,0
2020-09-29 03:15,2,0,2,0,0,0
2020-09-29 03:30,5,2,3,0,0,0
2020-09-29 03:45,1,1,0,0,0,0
2020-09-29 04:00,2,1,1,0,0,0
2020-09-29 04:15,1,1,0,0,0,0
2020-09-29 04:30,3,1,2,0,0,0
2020-09-29 04:45,13,4,9,0,0,0
2020-09-29 05:00,8,7,1,0,0,0
2020-09-29 05:15,18,15,3,0,0,0
2020-09-29 05:30,23,16,7,0,0,0
2020-09-29 05:45,27,22,5,0,0,0
2020-09-29 06:00,43,31,12,0,0,0
2020-09-29 06:15,44,30,14,0,0,0
2020-09-29 06:30,69,40,29,0,0,0
2020-09-29 06:45,97,72,25,0,0,0
2020-09-29 07:00,98,69,29,0,0,0
2020-09-29 07:15,194,143,51,0,0,0
2020-09-29 07:30,383,292,91,0,0,0
2020-09-29 07:45,321,224,97,0,0,0
2020-09-29 08:00,213,122,91,0,0,0
2020-09-29 08:15,204,130,74,0,0,0
2020-09-29 08:30,202,112,90,0,0,0
2020-09-29 08:45,219,139,80,0,0,0
2020-09-29 09:00,162,107,55,0,0,0
2020-09-29 09:15,149,95,54,0,0,0
2020-09-29 09:30,172,101,71,0,0,0
2020-09-29 09:45,166,101,65,0,0,0
2020-09-29 10:00,126,70,56,0,0,0
2020-09-29 10:15,126,85,41,0,0,0
2020-09-29 10:30,105,53,52,0,0,0
2020-09-29 10:45,153,90,63,0,0,0
2020-09-29 11:00,127,67,60,0,0,0
2020-09-29 11:15,121,60,61,0,0,0
2020-09-29 11:30,149,87,62,0,0,0
2020-09-29 11:45,180,103,77,0,0,0
2020-09-29 12:00,143,70,73,0,0,0
2020-09-29 12:15,204,94,110,0,0,0
2020-09-29 12:30,192,80,112,0,0,0
2020-09-29 12:45,201,110,91,0,0,0
2020-09-29 13:00,295,81,214,0,0,0
2020-09-29 13:15,173,67,106,0,0,0
2020-09-29 13:30,193,81,112,0,0,0
2020-09-29 13:45,208,103,105,0,0,0
2020-09-29 14:00,159,74,85,0,0,0
2020-09-29 14:15,196,110,86,0,0,0
2020-09-29 14:30,195,91,104,0,0,0
2020-09-29 14:45,192,93,99,0,0,0
2020-09-29 15:00,161,64,97,0,0,0
2020-09-29 15:15,176,101,75,0,0,0
2020-09-29 15:30,184,76,108,0,0,0
2020-09-29 15:45,199,91,108,0,0,0
2020-09-29 16:00,230,116,114,0,0,0
2020-09-29 16:15,246,113,133,0,0,0
2020-09-29 16:30,237,102,135,0,0,0
2020-09-29 16:45,247,110,137,0,0,0
2020-09-29 17:00,229,99,130,0,0,0
2020-09-29 17:15,245,110,135,0,0,0
2020-09-29 17:30,264,114,150,0,0,0
2020-09-29 17:45,243,109,134,0,0,0
2020-09-29 18:00,227,100,127,0,0,0
2020-09-29 18:15,198,95,103,0,0,0
2020-09-29 18:30,178,65,113,0,0,0
2020-09-29 18:45,208,127,81,0,0,0
2020-09-29 19:00,171,98,73,0,0,0
2020-09-29 19:15,186,91,95,0,0,0
2020-09-29 19:30,151,80,71,0,0,0
2020-09-29 19:45,150,81,69,0,0,0
2020-09-29 20:00,118,50,68,0,0,0
2020-09-29 20:15,115,52,63,0,0,0
2020-09-29 20:30,92,37,55,0,0,0
2020-09-29 20:45,71,38,33,0,0,0
2020-09-29 21:00,63,32,31,0,0,0
2020-09-29 21:15,59,21,38,0,0,0
2020-09-29 21:30,50,19,31,0,0,0
2020-09-29 21:45,64,19,45,0,0,0
2020-09-29 22:00,71,23,48,0,0,0
2020-09-29 22:15,72,26,46,0,0,0
2020-09-29 22:30,54,16,38,0,0,0
2020-09-29 22:45,53,18,35,0,0,0
2020-09-29 23:00,30,10,20,0,0,0
2020-09-29 23:15,60,16,44,0,0,0
2020-09-29 23:30,33,9,24,0,0,0
2020-09-29 23:45,26,11,15,0,0,0
2020-09-30 00:00,39,10,29,0,0,0
2020-09-30 00:15,31,9,22,0,0,0
2020-09-30 00:30,24,7,17,0,0,0
2020-09-30 00:45,19,6,13,0,0,0
2020-09-30 01:00,26,10,16,0,0,0
2020-09-30 01:15,19,6,13,0,0,0
2020-09-30 01:30,19,7,12,0,0,0
2020-09-30 01:45,5,1,4,0,0,0
2020-09-30 02:00,14,1,13,0,0,0
2020-09-30 02:15,3,2,1,0,0,0
2020-09-30 02:30,9,4,5,0,0,0
2020-09-30 02:45,4,0,4,0,0,0
2020-09-30 03:00,1,1,0,0,0,0
2020-09-30 03:15,2,2,0,0,0,0
2020-09-30 03:30,3,2,1,0,0,0
2020-09-30 03:45,2,1,1,0,0,0
2020-09-30 04:00,3,0,3,0,0,0
2020-09-30 04:15,0,0,0,0,0,0
2020-09-30 04:30,5,4,1,0,0,0
2020-09-30 04:45,11,5,6,0,0,0
2020-09-30 05:00,6,6,0,0,0,0
2020-09-30 05:15,12,9,3,0,0,0
2020-09-30 05:30,17,10,7,0,0,0
2020-09-30 05:45,24,19,5,0,0,0
2020-09-30 06:00,33,28,5,0,0,0
2020-09-30 06:15,51,37,14,0,0,0
2020-09-30 06:30,61,45,16,0,0,0
2020-09-30 06:45,93,63,30,0,0,0
2020-09-30 07:00,114,87,27,0,0,0
2020-09-30 07:15,198,139,59,0,0,0
2020-09-30 07:30,328,245,83,0,0,0
2020-09-30 07:45,311,217,94,0,0,0
2020-09-30 08:00,193,114,79,0,0,0
2020-09-30 08:15,215,126,89,0,0,0
2020-09-30 08:30,195,101,94,0,0,0
2020-09-30 08:45,238,156,82,0,0,0
2020-09-30 09:00,206,136,70,0,0,0
2020-09-30 09:15,153,106,47,0,0,0
2020-09-30 09:30,145,88,57,0,0,0
2020-09-30 09:45,172,107,65,0,0,0
2020-09-30 10:00,137,78,59,0,0,0
2020-09-30 10:15,164,111,53,0,0,0
2020-09-30 10:30,131,83,48,0,0,0
2020-09-30 10:45,137,80,57,0,0,0
2020-09-30 11:00,125,76,49,0,0,0
2020-09-30 11:15,155,92,63,0,0,0
2020-09-30 11:30,135,65,70,0,0,0
2020-09-30 11:45,179,113,66,0,0,0
2020-09-30 12:00,185,91,94,0,0,0
2020-09-30 12:15,217,116,101,0,0,0
2020-09-30 12:30,195,102,93,0,0,0
2020-09-30 12:45,218,131,87,0,0,0
2020-09-30 13:00,193,89,104,0,0,0
2020-09-30 13:15,198,88,110,0,0,0
2020-09-30 13:30,218,99,119,0,0,0
2020-09-30 13:45,248,124,124,0,0,0
2020-09-30 14:00,190,72,118,0,0,0
2020-09-30 14:15,195,99,96,0,0,0
2020-09-30 14:30,191,96,95,0,0,0
2020-09-30 14:45,205,84,121,0,0,0
2020-09-30 15:00,187,73,114,0,0,0
2020-09-30 15:15,186,99,87,0,0,0
2020-09-30 15:30,288,94,194,0,0,0
2020-09-30 15:45,240,87,153,0,0,0
2020-09-30 16:00,249,103,146,0,0,0
2020-09-30 16:15,250,106,144,0,0,0
2020-09-30 16:30,214,96,118,0,0,0
2020-09-30 16:45,229,94,135,0,0,0
2020-09-30 17:00,232,103,129,0,0,0
2020-09-30 17:15,277,136,141,0,0,0
2020-09-30 17:30,296,131,165,0,0,0
2020-09-30 17:45,295,143,152,0,0,0
2020-09-30 18:00,257,125,132,0,0,0
2020-09-30 18:15,254,106,148,0,0,0
2020-09-30 18:30,223,100,123,0,0,0
2020-09-30 18:45,228,119,109,0,0,0
2020-09-30 19:00,186,93,93,0,0,0
2020-09-30 19:15,175,77,98,0,0,0
2020-09-30 19:30,153,55,98,0,0,0
2020-09-30 19:45,150,58,92,0,0,0
2020-09-30 20:00,176,65,111,0,0,0
2020-09-30 20:15,152,56,96,0,0,0
2020-09-30 20:30,106,30,76,0,0,0
2020-09-30 20:45,99,39,60,0,0,0
2020-09-30 21:00,96,35,61,0,0,0
2020-09-30 21:15,75,30,45,0,0,0
2020-09-30 21:30,96,40,56,0,0,0
2020-09-30 21:45,91,32,59,0,0,0
2020-09-30 22:00,84,28,56,0,0,0
2020-09-30 22:15,54,18,36,0,0,0
2020-09-30 22:30,78,21,57,0,0,0
2020-09-30 22:45,79,27,52,0,0,0
2020-09-30 23:00,64,16,48,0,0,0
2020-09-30 23:15,62,19,43,0,0,0
2020-09-30 23:30,56,19,37,0,0,0
2020-09-30 23:45,40,13,27,0,0,0
