Datetime,100035541 (Neutor),101035541 (Neutor stadteinwÃ¤rts),102035541 (Neutor stadtauswÃ¤rts),100035541-status,101035541-status,102035541-status
2020-03-01 00:00,53,29,24,0,0,0
2020-03-01 00:15,39,23,16,0,0,0
2020-03-01 00:30,54,27,27,0,0,0
2020-03-01 00:45,30,11,19,0,0,0
2020-03-01 01:00,27,9,18,0,0,0
2020-03-01 01:15,42,17,25,0,0,0
2020-03-01 01:30,36,13,23,0,0,0
2020-03-01 01:45,28,12,16,0,0,0
2020-03-01 02:00,19,6,13,0,0,0
2020-03-01 02:15,25,4,21,0,0,0
2020-03-01 02:30,34,13,21,0,0,0
2020-03-01 02:45,20,7,13,0,0,0
2020-03-01 03:00,22,8,14,0,0,0
2020-03-01 03:15,26,7,19,0,0,0
2020-03-01 03:30,9,1,8,0,0,0
2020-03-01 03:45,17,3,14,0,0,0
2020-03-01 04:00,17,4,13,0,0,0
2020-03-01 04:15,8,1,7,0,0,0
2020-03-01 04:30,10,0,10,0,0,0
2020-03-01 04:45,14,4,10,0,0,0
2020-03-01 05:00,4,1,3,0,0,0
2020-03-01 05:15,8,3,5,0,0,0
2020-03-01 05:30,14,5,9,0,0,0
2020-03-01 05:45,1,0,1,0,0,0
2020-03-01 06:00,7,4,3,0,0,0
2020-03-01 06:15,8,4,4,0,0,0
2020-03-01 06:30,7,0,7,0,0,0
2020-03-01 06:45,6,3,3,0,0,0
2020-03-01 07:00,5,3,2,0,0,0
2020-03-01 07:15,2,2,0,0,0,0
2020-03-01 07:30,10,5,5,0,0,0
2020-03-01 07:45,13,8,5,0,0,0
2020-03-01 08:00,11,8,3,0,0,0
2020-03-01 08:15,15,4,11,0,0,0
2020-03-01 08:30,14,9,5,0,0,0
2020-03-01 08:45,29,21,8,0,0,0
2020-03-01 09:00,18,9,9,0,0,0
2020-03-01 09:15,22,15,7,0,0,0
2020-03-01 09:30,31,22,9,0,0,0
2020-03-01 09:45,66,53,13,0,0,0
2020-03-01 10:00,39,26,13,0,0,0
2020-03-01 10:15,61,42,19,0,0,0
2020-03-01 10:30,49,33,16,0,0,0
2020-03-01 10:45,65,43,22,0,0,0
2020-03-01 11:00,48,36,12,0,0,0
2020-03-01 11:15,35,20,15,0,0,0
2020-03-01 11:30,49,30,19,0,0,0
2020-03-01 11:45,50,31,19,0,0,0
2020-03-01 12:00,64,29,35,0,0,0
2020-03-01 12:15,49,23,26,0,0,0
2020-03-01 12:30,78,43,35,0,0,0
2020-03-01 12:45,65,38,27,0,0,0
2020-03-01 13:00,67,35,32,0,0,0
2020-03-01 13:15,78,41,37,0,0,0
2020-03-01 13:30,79,46,33,0,0,0
2020-03-01 13:45,80,46,34,0,0,0
2020-03-01 14:00,60,31,29,0,0,0
2020-03-01 14:15,70,33,37,0,0,0
2020-03-01 14:30,66,37,29,0,0,0
2020-03-01 14:45,79,43,36,0,0,0
2020-03-01 15:00,92,40,52,0,0,0
2020-03-01 15:15,77,43,34,0,0,0
2020-03-01 15:30,84,43,41,0,0,0
2020-03-01 15:45,88,43,45,0,0,0
2020-03-01 16:00,76,30,46,0,0,0
2020-03-01 16:15,81,47,34,0,0,0
2020-03-01 16:30,71,33,38,0,0,0
2020-03-01 16:45,72,39,33,0,0,0
2020-03-01 17:00,88,37,51,0,0,0
2020-03-01 17:15,80,32,48,0,0,0
2020-03-01 17:30,96,43,53,0,0,0
2020-03-01 17:45,96,55,41,0,0,0
2020-03-01 18:00,81,30,51,0,0,0
2020-03-01 18:15,103,49,54,0,0,0
2020-03-01 18:30,70,30,40,0,0,0
2020-03-01 18:45,77,47,30,0,0,0
2020-03-01 19:00,75,37,38,0,0,0
2020-03-01 19:15,64,31,33,0,0,0
2020-03-01 19:30,75,32,43,0,0,0
2020-03-01 19:45,79,37,42,0,0,0
2020-03-01 20:00,65,18,47,0,0,0
2020-03-01 20:15,59,29,30,0,0,0
2020-03-01 20:30,35,14,21,0,0,0
2020-03-01 20:45,42,17,25,0,0,0
2020-03-01 21:00,35,15,20,0,0,0
2020-03-01 21:15,42,10,32,0,0,0
2020-03-01 21:30,32,14,18,0,0,0
2020-03-01 21:45,41,14,27,0,0,0
2020-03-01 22:00,35,18,17,0,0,0
2020-03-01 22:15,39,10,29,0,0,0
2020-03-01 22:30,19,4,15,0,0,0
2020-03-01 22:45,30,9,21,0,0,0
2020-03-01 23:00,25,7,18,0,0,0
2020-03-01 23:15,15,6,9,0,0,0
2020-03-01 23:30,18,6,12,0,0,0
2020-03-01 23:45,13,3,10,0,0,0
2020-03-02 00:00,9,4,5,0,0,0
2020-03-02 00:15,7,1,6,0,0,0
2020-03-02 00:30,12,4,8,0,0,0
2020-03-02 00:45,3,1,2,0,0,0
2020-03-02 01:00,9,4,5,0,0,0
2020-03-02 01:15,4,3,1,0,0,0
2020-03-02 01:30,7,4,3,0,0,0
2020-03-02 01:45,6,3,3,0,0,0
2020-03-02 02:00,2,1,1,0,0,0
2020-03-02 02:15,3,2,1,0,0,0
2020-03-02 02:30,6,2,4,0,0,0
2020-03-02 02:45,2,1,1,0,0,0
2020-03-02 03:00,2,1,1,0,0,0
2020-03-02 03:15,0,0,0,0,0,0
2020-03-02 03:30,1,0,1,0,0,0
2020-03-02 03:45,1,1,0,0,0,0
2020-03-02 04:00,2,2,0,0,0,0
2020-03-02 04:15,1,0,1,0,0,0
2020-03-02 04:30,5,2,3,0,0,0
2020-03-02 04:45,21,13,8,0,0,0
2020-03-02 05:00,9,7,2,0,0,0
2020-03-02 05:15,9,7,2,0,0,0
2020-03-02 05:30,18,15,3,0,0,0
2020-03-02 05:45,19,15,4,0,0,0
2020-03-02 06:00,18,15,3,0,0,0
2020-03-02 06:15,34,26,8,0,0,0
2020-03-02 06:30,54,35,19,0,0,0
2020-03-02 06:45,70,45,25,0,0,0
2020-03-02 07:00,91,50,41,0,0,0
2020-03-02 07:15,145,105,40,0,0,0
2020-03-02 07:30,243,175,68,0,0,0
2020-03-02 07:45,243,157,86,0,0,0
2020-03-02 08:00,171,101,70,0,0,0
2020-03-02 08:15,171,94,77,0,0,0
2020-03-02 08:30,182,113,69,0,0,0
2020-03-02 08:45,304,197,107,0,0,0
2020-03-02 09:00,159,90,69,0,0,0
2020-03-02 09:15,155,99,56,0,0,0
2020-03-02 09:30,126,76,50,0,0,0
2020-03-02 09:45,141,93,48,0,0,0
2020-03-02 10:00,132,68,64,0,0,0
2020-03-02 10:15,115,65,50,0,0,0
2020-03-02 10:30,121,66,55,0,0,0
2020-03-02 10:45,121,56,65,0,0,0
2020-03-02 11:00,135,65,70,0,0,0
2020-03-02 11:15,107,54,53,0,0,0
2020-03-02 11:30,89,52,37,0,0,0
2020-03-02 11:45,130,70,60,0,0,0
2020-03-02 12:00,106,57,49,0,0,0
2020-03-02 12:15,143,74,69,0,0,0
2020-03-02 12:30,150,77,73,0,0,0
2020-03-02 12:45,139,64,75,0,0,0
2020-03-02 13:00,165,85,80,0,0,0
2020-03-02 13:15,131,58,73,0,0,0
2020-03-02 13:30,143,74,69,0,0,0
2020-03-02 13:45,169,81,88,0,0,0
2020-03-02 14:00,148,62,86,0,0,0
2020-03-02 14:15,177,75,102,0,0,0
2020-03-02 14:30,134,62,72,0,0,0
2020-03-02 14:45,158,73,85,0,0,0
2020-03-02 15:00,158,49,109,0,0,0
2020-03-02 15:15,166,65,101,0,0,0
2020-03-02 15:30,168,64,104,0,0,0
2020-03-02 15:45,226,79,147,0,0,0
2020-03-02 16:00,201,85,116,0,0,0
2020-03-02 16:15,204,84,120,0,0,0
2020-03-02 16:30,182,80,102,0,0,0
2020-03-02 16:45,194,88,106,0,0,0
2020-03-02 17:00,192,89,103,0,0,0
2020-03-02 17:15,191,87,104,0,0,0
2020-03-02 17:30,188,94,94,0,0,0
2020-03-02 17:45,233,105,128,0,0,0
2020-03-02 18:00,196,84,112,0,0,0
2020-03-02 18:15,178,78,100,0,0,0
2020-03-02 18:30,173,80,93,0,0,0
2020-03-02 18:45,208,91,117,0,0,0
2020-03-02 19:00,127,60,67,0,0,0
2020-03-02 19:15,155,74,81,0,0,0
2020-03-02 19:30,117,48,69,0,0,0
2020-03-02 19:45,126,49,77,0,0,0
2020-03-02 20:00,101,43,58,0,0,0
2020-03-02 20:15,119,41,78,0,0,0
2020-03-02 20:30,88,36,52,0,0,0
2020-03-02 20:45,67,27,40,0,0,0
2020-03-02 21:00,71,31,40,0,0,0
2020-03-02 21:15,80,27,53,0,0,0
2020-03-02 21:30,77,24,53,0,0,0
2020-03-02 21:45,72,30,42,0,0,0
2020-03-02 22:00,71,17,54,0,0,0
2020-03-02 22:15,64,34,30,0,0,0
2020-03-02 22:30,43,19,24,0,0,0
2020-03-02 22:45,31,9,22,0,0,0
2020-03-02 23:00,33,10,23,0,0,0
2020-03-02 23:15,27,11,16,0,0,0
2020-03-02 23:30,17,6,11,0,0,0
2020-03-02 23:45,22,8,14,0,0,0
2020-03-03 00:00,16,4,12,0,0,0
2020-03-03 00:15,17,3,14,0,0,0
2020-03-03 00:30,7,2,5,0,0,0
2020-03-03 00:45,8,2,6,0,0,0
2020-03-03 01:00,9,1,8,0,0,0
2020-03-03 01:15,12,1,11,0,0,0
2020-03-03 01:30,7,4,3,0,0,0
2020-03-03 01:45,6,2,4,0,0,0
2020-03-03 02:00,5,0,5,0,0,0
2020-03-03 02:15,3,0,3,0,0,0
2020-03-03 02:30,1,0,1,0,0,0
2020-03-03 02:45,2,1,1,0,0,0
2020-03-03 03:00,0,0,0,0,0,0
2020-03-03 03:15,4,2,2,0,0,0
2020-03-03 03:30,0,0,0,0,0,0
2020-03-03 03:45,3,1,2,0,0,0
2020-03-03 04:00,5,2,3,0,0,0
2020-03-03 04:15,2,0,2,0,0,0
2020-03-03 04:30,3,1,2,0,0,0
2020-03-03 04:45,13,8,5,0,0,0
2020-03-03 05:00,15,10,5,0,0,0
2020-03-03 05:15,4,4,0,0,0,0
2020-03-03 05:30,25,22,3,0,0,0
2020-03-03 05:45,19,12,7,0,0,0
2020-03-03 06:00,28,22,6,0,0,0
2020-03-03 06:15,42,30,12,0,0,0
2020-03-03 06:30,71,47,24,0,0,0
2020-03-03 06:45,87,63,24,0,0,0
2020-03-03 07:00,116,63,53,0,0,0
2020-03-03 07:15,159,107,52,0,0,0
2020-03-03 07:30,243,180,63,0,0,0
2020-03-03 07:45,237,149,88,0,0,0
2020-03-03 08:00,184,121,63,0,0,0
2020-03-03 08:15,173,102,71,0,0,0
2020-03-03 08:30,192,126,66,0,0,0
2020-03-03 08:45,267,161,106,0,0,0
2020-03-03 09:00,192,120,72,0,0,0
2020-03-03 09:15,153,93,60,0,0,0
2020-03-03 09:30,131,80,51,0,0,0
2020-03-03 09:45,154,90,64,0,0,0
2020-03-03 10:00,135,86,49,0,0,0
2020-03-03 10:15,103,66,37,0,0,0
2020-03-03 10:30,109,63,46,0,0,0
2020-03-03 10:45,117,63,54,0,0,0
2020-03-03 11:00,95,50,45,0,0,0
2020-03-03 11:15,120,55,65,0,0,0
2020-03-03 11:30,116,55,61,0,0,0
2020-03-03 11:45,145,83,62,0,0,0
2020-03-03 12:00,122,57,65,0,0,0
2020-03-03 12:15,131,64,67,0,0,0
2020-03-03 12:30,137,59,78,0,0,0
2020-03-03 12:45,163,81,82,0,0,0
2020-03-03 13:00,154,59,95,0,0,0
2020-03-03 13:15,229,85,144,0,0,0
2020-03-03 13:30,170,70,100,0,0,0
2020-03-03 13:45,167,84,83,0,0,0
2020-03-03 14:00,165,71,94,0,0,0
2020-03-03 14:15,154,77,77,0,0,0
2020-03-03 14:30,138,69,69,0,0,0
2020-03-03 14:45,149,69,80,0,0,0
2020-03-03 15:00,161,67,94,0,0,0
2020-03-03 15:15,171,81,90,0,0,0
2020-03-03 15:30,156,87,69,0,0,0
2020-03-03 15:45,224,118,106,0,0,0
2020-03-03 16:00,206,100,106,0,0,0
2020-03-03 16:15,213,83,130,0,0,0
2020-03-03 16:30,226,116,110,0,0,0
2020-03-03 16:45,221,107,114,0,0,0
2020-03-03 17:00,240,110,130,0,0,0
2020-03-03 17:15,244,110,134,0,0,0
2020-03-03 17:30,244,95,149,0,0,0
2020-03-03 17:45,263,123,140,0,0,0
2020-03-03 18:00,237,89,148,0,0,0
2020-03-03 18:15,246,91,155,0,0,0
2020-03-03 18:30,188,78,110,0,0,0
2020-03-03 18:45,208,90,118,0,0,0
2020-03-03 19:00,164,76,88,0,0,0
2020-03-03 19:15,197,77,120,0,0,0
2020-03-03 19:30,162,72,90,0,0,0
2020-03-03 19:45,143,74,69,0,0,0
2020-03-03 20:00,137,60,77,0,0,0
2020-03-03 20:15,119,45,74,0,0,0
2020-03-03 20:30,76,30,46,0,0,0
2020-03-03 20:45,84,40,44,0,0,0
2020-03-03 21:00,76,33,43,0,0,0
2020-03-03 21:15,60,25,35,0,0,0
2020-03-03 21:30,65,30,35,0,0,0
2020-03-03 21:45,66,21,45,0,0,0
2020-03-03 22:00,72,27,45,0,0,0
2020-03-03 22:15,80,29,51,0,0,0
2020-03-03 22:30,80,30,50,0,0,0
2020-03-03 22:45,82,29,53,0,0,0
2020-03-03 23:00,53,21,32,0,0,0
2020-03-03 23:15,48,13,35,0,0,0
2020-03-03 23:30,53,6,47,0,0,0
2020-03-03 23:45,38,10,28,0,0,0
2020-03-04 00:00,11,5,6,0,0,0
2020-03-04 00:15,18,8,10,0,0,0
2020-03-04 00:30,7,2,5,0,0,0
2020-03-04 00:45,16,2,14,0,0,0
2020-03-04 01:00,12,3,9,0,0,0
2020-03-04 01:15,12,0,12,0,0,0
2020-03-04 01:30,12,2,10,0,0,0
2020-03-04 01:45,6,1,5,0,0,0
2020-03-04 02:00,2,2,0,0,0,0
2020-03-04 02:15,9,2,7,0,0,0
2020-03-04 02:30,4,1,3,0,0,0
2020-03-04 02:45,5,0,5,0,0,0
2020-03-04 03:00,3,2,1,0,0,0
2020-03-04 03:15,2,0,2,0,0,0
2020-03-04 03:30,1,0,1,0,0,0
2020-03-04 03:45,0,0,0,0,0,0
2020-03-04 04:00,0,0,0,0,0,0
2020-03-04 04:15,2,1,1,0,0,0
2020-03-04 04:30,6,5,1,0,0,0
2020-03-04 04:45,8,4,4,0,0,0
2020-03-04 05:00,8,7,1,0,0,0
2020-03-04 05:15,6,6,0,0,0,0
2020-03-04 05:30,20,16,4,0,0,0
2020-03-04 05:45,21,14,7,0,0,0
2020-03-04 06:00,27,17,10,0,0,0
2020-03-04 06:15,38,33,5,0,0,0
2020-03-04 06:30,61,40,21,0,0,0
2020-03-04 06:45,72,52,20,0,0,0
2020-03-04 07:00,113,77,36,0,0,0
2020-03-04 07:15,132,95,37,0,0,0
2020-03-04 07:30,257,197,60,0,0,0
2020-03-04 07:45,247,166,81,0,0,0
2020-03-04 08:00,210,117,93,0,0,0
2020-03-04 08:15,227,131,96,0,0,0
2020-03-04 08:30,186,112,74,0,0,0
2020-03-04 08:45,286,167,119,0,0,0
2020-03-04 09:00,202,120,82,0,0,0
2020-03-04 09:15,130,84,46,0,0,0
2020-03-04 09:30,130,79,51,0,0,0
2020-03-04 09:45,185,101,84,0,0,0
2020-03-04 10:00,131,76,55,0,0,0
2020-03-04 10:15,119,77,42,0,0,0
2020-03-04 10:30,125,81,44,0,0,0
2020-03-04 10:45,134,94,40,0,0,0
2020-03-04 11:00,130,74,56,0,0,0
2020-03-04 11:15,120,73,47,0,0,0
2020-03-04 11:30,120,61,59,0,0,0
2020-03-04 11:45,119,66,53,0,0,0
2020-03-04 12:00,118,60,58,0,0,0
2020-03-04 12:15,148,71,77,0,0,0
2020-03-04 12:30,160,84,76,0,0,0
2020-03-04 12:45,182,108,74,0,0,0
2020-03-04 13:00,139,75,64,0,0,0
2020-03-04 13:15,180,87,93,0,0,0
2020-03-04 13:30,163,76,87,0,0,0
2020-03-04 13:45,168,89,79,0,0,0
2020-03-04 14:00,172,69,103,0,0,0
2020-03-04 14:15,162,61,101,0,0,0
2020-03-04 14:30,136,54,82,0,0,0
2020-03-04 14:45,161,71,90,0,0,0
2020-03-04 15:00,164,71,93,0,0,0
2020-03-04 15:15,159,75,84,0,0,0
2020-03-04 15:30,153,75,78,0,0,0
2020-03-04 15:45,234,78,156,0,0,0
2020-03-04 16:00,179,89,90,0,0,0
2020-03-04 16:15,192,81,111,0,0,0
2020-03-04 16:30,202,93,109,0,0,0
2020-03-04 16:45,244,125,119,0,0,0
2020-03-04 17:00,235,102,133,0,0,0
2020-03-04 17:15,225,99,126,0,0,0
2020-03-04 17:30,219,90,129,0,0,0
2020-03-04 17:45,252,110,142,0,0,0
2020-03-04 18:00,249,101,148,0,0,0
2020-03-04 18:15,232,92,140,0,0,0
2020-03-04 18:30,190,85,105,0,0,0
2020-03-04 18:45,188,89,99,0,0,0
2020-03-04 19:00,179,82,97,0,0,0
2020-03-04 19:15,186,92,94,0,0,0
2020-03-04 19:30,164,70,94,0,0,0
2020-03-04 19:45,186,92,94,0,0,0
2020-03-04 20:00,158,60,98,0,0,0
2020-03-04 20:15,117,46,71,0,0,0
2020-03-04 20:30,93,49,44,0,0,0
2020-03-04 20:45,90,30,60,0,0,0
2020-03-04 21:00,82,36,46,0,0,0
2020-03-04 21:15,65,31,34,0,0,0
2020-03-04 21:30,107,31,76,0,0,0
2020-03-04 21:45,87,31,56,0,0,0
2020-03-04 22:00,88,40,48,0,0,0
2020-03-04 22:15,69,28,41,0,0,0
2020-03-04 22:30,80,36,44,0,0,0
2020-03-04 22:45,70,22,48,0,0,0
2020-03-04 23:00,62,24,38,0,0,0
2020-03-04 23:15,50,17,33,0,0,0
2020-03-04 23:30,48,14,34,0,0,0
2020-03-04 23:45,36,7,29,0,0,0
2020-03-05 00:00,41,15,26,0,0,0
2020-03-05 00:15,30,10,20,0,0,0
2020-03-05 00:30,12,5,7,0,0,0
2020-03-05 00:45,27,12,15,0,0,0
2020-03-05 01:00,19,9,10,0,0,0
2020-03-05 01:15,15,4,11,0,0,0
2020-03-05 01:30,25,4,21,0,0,0
2020-03-05 01:45,17,1,16,0,0,0
2020-03-05 02:00,15,3,12,0,0,0
2020-03-05 02:15,23,4,19,0,0,0
2020-03-05 02:30,13,3,10,0,0,0
2020-03-05 02:45,9,3,6,0,0,0
2020-03-05 03:00,13,1,12,0,0,0
2020-03-05 03:15,15,1,14,0,0,0
2020-03-05 03:30,3,0,3,0,0,0
2020-03-05 03:45,5,0,5,0,0,0
2020-03-05 04:00,12,4,8,0,0,0
2020-03-05 04:15,16,1,15,0,0,0
2020-03-05 04:30,8,4,4,0,0,0
2020-03-05 04:45,16,7,9,0,0,0
2020-03-05 05:00,12,8,4,0,0,0
2020-03-05 05:15,13,10,3,0,0,0
2020-03-05 05:30,22,15,7,0,0,0
2020-03-05 05:45,18,13,5,0,0,0
2020-03-05 06:00,22,11,11,0,0,0
2020-03-05 06:15,30,22,8,0,0,0
2020-03-05 06:30,52,27,25,0,0,0
2020-03-05 06:45,67,44,23,0,0,0
2020-03-05 07:00,90,55,35,0,0,0
2020-03-05 07:15,153,102,51,0,0,0
2020-03-05 07:30,212,166,46,0,0,0
2020-03-05 07:45,212,137,75,0,0,0
2020-03-05 08:00,171,92,79,0,0,0
2020-03-05 08:15,183,107,76,0,0,0
2020-03-05 08:30,175,105,70,0,0,0
2020-03-05 08:45,228,140,88,0,0,0
2020-03-05 09:00,189,116,73,0,0,0
2020-03-05 09:15,133,82,51,0,0,0
2020-03-05 09:30,127,77,50,0,0,0
2020-03-05 09:45,121,79,42,0,0,0
2020-03-05 10:00,98,57,41,0,0,0
2020-03-05 10:15,104,67,37,0,0,0
2020-03-05 10:30,91,40,51,0,0,0
2020-03-05 10:45,122,68,54,0,0,0
2020-03-05 11:00,109,56,53,0,0,0
2020-03-05 11:15,99,48,51,0,0,0
2020-03-05 11:30,120,69,51,0,0,0
2020-03-05 11:45,104,64,40,0,0,0
2020-03-05 12:00,122,56,66,0,0,0
2020-03-05 12:15,112,58,54,0,0,0
2020-03-05 12:30,120,60,60,0,0,0
2020-03-05 12:45,170,74,96,0,0,0
2020-03-05 13:00,131,64,67,0,0,0
2020-03-05 13:15,113,45,68,0,0,0
2020-03-05 13:30,142,72,70,0,0,0
2020-03-05 13:45,136,64,72,0,0,0
2020-03-05 14:00,150,69,81,0,0,0
2020-03-05 14:15,144,71,73,0,0,0
2020-03-05 14:30,135,73,62,0,0,0
2020-03-05 14:45,150,78,72,0,0,0
2020-03-05 15:00,148,70,78,0,0,0
2020-03-05 15:15,159,61,98,0,0,0
2020-03-05 15:30,181,73,108,0,0,0
2020-03-05 15:45,199,83,116,0,0,0
2020-03-05 16:00,184,74,110,0,0,0
2020-03-05 16:15,201,78,123,0,0,0
2020-03-05 16:30,175,65,110,0,0,0
2020-03-05 16:45,181,80,101,0,0,0
2020-03-05 17:00,182,71,111,0,0,0
2020-03-05 17:15,243,94,149,0,0,0
2020-03-05 17:30,185,77,108,0,0,0
2020-03-05 17:45,191,86,105,0,0,0
2020-03-05 18:00,224,100,124,0,0,0
2020-03-05 18:15,171,58,113,0,0,0
2020-03-05 18:30,152,56,96,0,0,0
2020-03-05 18:45,138,54,84,0,0,0
2020-03-05 19:00,137,52,85,0,0,0
2020-03-05 19:15,136,64,72,0,0,0
2020-03-05 19:30,85,35,50,0,0,0
2020-03-05 19:45,135,65,70,0,0,0
2020-03-05 20:00,116,47,69,0,0,0
2020-03-05 20:15,104,32,72,0,0,0
2020-03-05 20:30,62,28,34,0,0,0
2020-03-05 20:45,61,31,30,0,0,0
2020-03-05 21:00,64,34,30,0,0,0
2020-03-05 21:15,55,27,28,0,0,0
2020-03-05 21:30,53,21,32,0,0,0
2020-03-05 21:45,61,21,40,0,0,0
2020-03-05 22:00,57,16,41,0,0,0
2020-03-05 22:15,50,17,33,0,0,0
2020-03-05 22:30,51,17,34,0,0,0
2020-03-05 22:45,61,26,35,0,0,0
2020-03-05 23:00,52,15,37,0,0,0
2020-03-05 23:15,42,13,29,0,0,0
2020-03-05 23:30,25,7,18,0,0,0
2020-03-05 23:45,25,5,20,0,0,0
2020-03-06 00:00,17,5,12,0,0,0
2020-03-06 00:15,14,3,11,0,0,0
2020-03-06 00:30,27,11,16,0,0,0
2020-03-06 00:45,19,7,12,0,0,0
2020-03-06 01:00,17,8,9,0,0,0
2020-03-06 01:15,8,3,5,0,0,0
2020-03-06 01:30,12,3,9,0,0,0
2020-03-06 01:45,14,1,13,0,0,0
2020-03-06 02:00,9,0,9,0,0,0
2020-03-06 02:15,5,1,4,0,0,0
2020-03-06 02:30,1,0,1,0,0,0
2020-03-06 02:45,2,1,1,0,0,0
2020-03-06 03:00,2,1,1,0,0,0
2020-03-06 03:15,10,0,10,0,0,0
2020-03-06 03:30,3,1,2,0,0,0
2020-03-06 03:45,5,2,3,0,0,0
2020-03-06 04:00,5,2,3,0,0,0
2020-03-06 04:15,3,3,0,0,0,0
2020-03-06 04:30,6,4,2,0,0,0
2020-03-06 04:45,7,5,2,0,0,0
2020-03-06 05:00,11,5,6,0,0,0
2020-03-06 05:15,11,8,3,0,0,0
2020-03-06 05:30,14,9,5,0,0,0
2020-03-06 05:45,22,12,10,0,0,0
2020-03-06 06:00,23,13,10,0,0,0
2020-03-06 06:15,30,22,8,0,0,0
2020-03-06 06:30,50,29,21,0,0,0
2020-03-06 06:45,59,36,23,0,0,0
2020-03-06 07:00,64,43,21,0,0,0
2020-03-06 07:15,105,72,33,0,0,0
2020-03-06 07:30,183,150,33,0,0,0
2020-03-06 07:45,199,140,59,0,0,0
2020-03-06 08:00,149,76,73,0,0,0
2020-03-06 08:15,126,75,51,0,0,0
2020-03-06 08:30,138,92,46,0,0,0
2020-03-06 08:45,184,107,77,0,0,0
2020-03-06 09:00,157,88,69,0,0,0
2020-03-06 09:15,104,65,39,0,0,0
2020-03-06 09:30,97,52,45,0,0,0
2020-03-06 09:45,127,70,57,0,0,0
2020-03-06 10:00,92,59,33,0,0,0
2020-03-06 10:15,87,54,33,0,0,0
2020-03-06 10:30,56,34,22,0,0,0
2020-03-06 10:45,81,49,32,0,0,0
2020-03-06 11:00,77,48,29,0,0,0
2020-03-06 11:15,91,49,42,0,0,0
2020-03-06 11:30,71,33,38,0,0,0
2020-03-06 11:45,82,41,41,0,0,0
2020-03-06 12:00,95,56,39,0,0,0
2020-03-06 12:15,94,51,43,0,0,0
2020-03-06 12:30,118,46,72,0,0,0
2020-03-06 12:45,118,60,58,0,0,0
2020-03-06 13:00,111,49,62,0,0,0
2020-03-06 13:15,181,59,122,0,0,0
2020-03-06 13:30,123,65,58,0,0,0
2020-03-06 13:45,117,62,55,0,0,0
2020-03-06 14:00,130,51,79,0,0,0
2020-03-06 14:15,135,61,74,0,0,0
2020-03-06 14:30,138,75,63,0,0,0
2020-03-06 14:45,128,54,74,0,0,0
2020-03-06 15:00,111,47,64,0,0,0
2020-03-06 15:15,112,42,70,0,0,0
2020-03-06 15:30,114,60,54,0,0,0
2020-03-06 15:45,129,71,58,0,0,0
2020-03-06 16:00,134,71,63,0,0,0
2020-03-06 16:15,156,76,80,0,0,0
2020-03-06 16:30,136,54,82,0,0,0
2020-03-06 16:45,138,58,80,0,0,0
2020-03-06 17:00,123,57,66,0,0,0
2020-03-06 17:15,136,58,78,0,0,0
2020-03-06 17:30,111,47,64,0,0,0
2020-03-06 17:45,141,61,80,0,0,0
2020-03-06 18:00,126,52,74,0,0,0
2020-03-06 18:15,159,68,91,0,0,0
2020-03-06 18:30,104,55,49,0,0,0
2020-03-06 18:45,132,66,66,0,0,0
2020-03-06 19:00,112,48,64,0,0,0
2020-03-06 19:15,108,53,55,0,0,0
2020-03-06 19:30,87,39,48,0,0,0
2020-03-06 19:45,87,43,44,0,0,0
2020-03-06 20:00,81,37,44,0,0,0
2020-03-06 20:15,98,43,55,0,0,0
2020-03-06 20:30,72,31,41,0,0,0
2020-03-06 20:45,57,32,25,0,0,0
2020-03-06 21:00,73,29,44,0,0,0
2020-03-06 21:15,53,21,32,0,0,0
2020-03-06 21:30,84,30,54,0,0,0
2020-03-06 21:45,57,23,34,0,0,0
2020-03-06 22:00,40,17,23,0,0,0
2020-03-06 22:15,43,17,26,0,0,0
2020-03-06 22:30,38,17,21,0,0,0
2020-03-06 22:45,47,9,38,0,0,0
2020-03-06 23:00,50,14,36,0,0,0
2020-03-06 23:15,51,17,34,0,0,0
2020-03-06 23:30,46,19,27,0,0,0
2020-03-06 23:45,35,16,19,0,0,0
2020-03-07 00:00,65,15,50,0,0,0
2020-03-07 00:15,44,18,26,0,0,0
2020-03-07 00:30,41,17,24,0,0,0
2020-03-07 00:45,27,11,16,0,0,0
2020-03-07 01:00,41,11,30,0,0,0
2020-03-07 01:15,40,18,22,0,0,0
2020-03-07 01:30,26,3,23,0,0,0
2020-03-07 01:45,23,9,14,0,0,0
2020-03-07 02:00,39,20,19,0,0,0
2020-03-07 02:15,46,11,35,0,0,0
2020-03-07 02:30,25,2,23,0,0,0
2020-03-07 02:45,20,8,12,0,0,0
2020-03-07 03:00,21,4,17,0,0,0
2020-03-07 03:15,31,8,23,0,0,0
2020-03-07 03:30,25,2,23,0,0,0
2020-03-07 03:45,19,5,14,0,0,0
2020-03-07 04:00,19,2,17,0,0,0
2020-03-07 04:15,12,4,8,0,0,0
2020-03-07 04:30,8,2,6,0,0,0
2020-03-07 04:45,8,3,5,0,0,0
2020-03-07 05:00,5,3,2,0,0,0
2020-03-07 05:15,10,4,6,0,0,0
2020-03-07 05:30,18,13,5,0,0,0
2020-03-07 05:45,17,9,8,0,0,0
2020-03-07 06:00,6,3,3,0,0,0
2020-03-07 06:15,10,6,4,0,0,0
2020-03-07 06:30,11,8,3,0,0,0
2020-03-07 06:45,11,4,7,0,0,0
2020-03-07 07:00,8,4,4,0,0,0
2020-03-07 07:15,13,8,5,0,0,0
2020-03-07 07:30,22,20,2,0,0,0
2020-03-07 07:45,35,31,4,0,0,0
2020-03-07 08:00,30,25,5,0,0,0
2020-03-07 08:15,37,23,14,0,0,0
2020-03-07 08:30,42,25,17,0,0,0
2020-03-07 08:45,75,60,15,0,0,0
2020-03-07 09:00,54,47,7,0,0,0
2020-03-07 09:15,60,42,18,0,0,0
2020-03-07 09:30,83,61,22,0,0,0
2020-03-07 09:45,117,77,40,0,0,0
2020-03-07 10:00,88,58,30,0,0,0
2020-03-07 10:15,83,65,18,0,0,0
2020-03-07 10:30,116,78,38,0,0,0
2020-03-07 10:45,116,72,44,0,0,0
2020-03-07 11:00,114,67,47,0,0,0
2020-03-07 11:15,97,51,46,0,0,0
2020-03-07 11:30,123,79,44,0,0,0
2020-03-07 11:45,94,60,34,0,0,0
2020-03-07 12:00,100,60,40,0,0,0
2020-03-07 12:15,119,74,45,0,0,0
2020-03-07 12:30,135,81,54,0,0,0
2020-03-07 12:45,151,95,56,0,0,0
2020-03-07 13:00,141,79,62,0,0,0
2020-03-07 13:15,147,83,64,0,0,0
2020-03-07 13:30,129,69,60,0,0,0
2020-03-07 13:45,122,57,65,0,0,0
2020-03-07 14:00,143,76,67,0,0,0
2020-03-07 14:15,151,68,83,0,0,0
2020-03-07 14:30,142,61,81,0,0,0
2020-03-07 14:45,125,60,65,0,0,0
2020-03-07 15:00,126,58,68,0,0,0
2020-03-07 15:15,150,62,88,0,0,0
2020-03-07 15:30,114,43,71,0,0,0
2020-03-07 15:45,116,48,68,0,0,0
2020-03-07 16:00,102,51,51,0,0,0
2020-03-07 16:15,103,54,49,0,0,0
2020-03-07 16:30,122,59,63,0,0,0
2020-03-07 16:45,125,64,61,0,0,0
2020-03-07 17:00,103,33,70,0,0,0
2020-03-07 17:15,85,37,48,0,0,0
2020-03-07 17:30,139,49,90,0,0,0
2020-03-07 17:45,149,83,66,0,0,0
2020-03-07 18:00,134,51,83,0,0,0
2020-03-07 18:15,118,57,61,0,0,0
2020-03-07 18:30,113,52,61,0,0,0
2020-03-07 18:45,120,49,71,0,0,0
2020-03-07 19:00,107,31,76,0,0,0
2020-03-07 19:15,108,44,64,0,0,0
2020-03-07 19:30,99,49,50,0,0,0
2020-03-07 19:45,92,46,46,0,0,0
2020-03-07 20:00,100,44,56,0,0,0
2020-03-07 20:15,98,35,63,0,0,0
2020-03-07 20:30,70,28,42,0,0,0
2020-03-07 20:45,75,33,42,0,0,0
2020-03-07 21:00,61,31,30,0,0,0
2020-03-07 21:15,48,16,32,0,0,0
2020-03-07 21:30,49,11,38,0,0,0
2020-03-07 21:45,49,23,26,0,0,0
2020-03-07 22:00,50,16,34,0,0,0
2020-03-07 22:15,69,29,40,0,0,0
2020-03-07 22:30,60,14,46,0,0,0
2020-03-07 22:45,49,11,38,0,0,0
2020-03-07 23:00,50,14,36,0,0,0
2020-03-07 23:15,47,15,32,0,0,0
2020-03-07 23:30,43,19,24,0,0,0
2020-03-07 23:45,51,24,27,0,0,0
2020-03-08 00:00,41,10,31,0,0,0
2020-03-08 00:15,65,20,45,0,0,0
2020-03-08 00:30,44,20,24,0,0,0
2020-03-08 00:45,44,14,30,0,0,0
2020-03-08 01:00,37,11,26,0,0,0
2020-03-08 01:15,38,14,24,0,0,0
2020-03-08 01:30,29,13,16,0,0,0
2020-03-08 01:45,42,10,32,0,0,0
2020-03-08 02:00,44,10,34,0,0,0
2020-03-08 02:15,32,9,23,0,0,0
2020-03-08 02:30,36,13,23,0,0,0
2020-03-08 02:45,28,7,21,0,0,0
2020-03-08 03:00,15,2,13,0,0,0
2020-03-08 03:15,25,6,19,0,0,0
2020-03-08 03:30,16,3,13,0,0,0
2020-03-08 03:45,22,2,20,0,0,0
2020-03-08 04:00,11,0,11,0,0,0
2020-03-08 04:15,16,4,12,0,0,0
2020-03-08 04:30,12,1,11,0,0,0
2020-03-08 04:45,14,4,10,0,0,0
2020-03-08 05:00,5,0,5,0,0,0
2020-03-08 05:15,15,3,12,0,0,0
2020-03-08 05:30,9,5,4,0,0,0
2020-03-08 05:45,6,3,3,0,0,0
2020-03-08 06:00,4,3,1,0,0,0
2020-03-08 06:15,13,7,6,0,0,0
2020-03-08 06:30,11,7,4,0,0,0
2020-03-08 06:45,14,6,8,0,0,0
2020-03-08 07:00,3,0,3,0,0,0
2020-03-08 07:15,6,4,2,0,0,0
2020-03-08 07:30,10,5,5,0,0,0
2020-03-08 07:45,9,6,3,0,0,0
2020-03-08 08:00,17,8,9,0,0,0
2020-03-08 08:15,14,7,7,0,0,0
2020-03-08 08:30,12,7,5,0,0,0
2020-03-08 08:45,31,21,10,0,0,0
2020-03-08 09:00,14,6,8,0,0,0
2020-03-08 09:15,30,18,12,0,0,0
2020-03-08 09:30,33,24,9,0,0,0
2020-03-08 09:45,68,48,20,0,0,0
2020-03-08 10:00,60,36,24,0,0,0
2020-03-08 10:15,51,37,14,0,0,0
2020-03-08 10:30,65,43,22,0,0,0
2020-03-08 10:45,72,53,19,0,0,0
2020-03-08 11:00,60,30,30,0,0,0
2020-03-08 11:15,40,21,19,0,0,0
2020-03-08 11:30,62,43,19,0,0,0
2020-03-08 11:45,72,46,26,0,0,0
2020-03-08 12:00,91,45,46,0,0,0
2020-03-08 12:15,75,24,51,0,0,0
2020-03-08 12:30,59,40,19,0,0,0
2020-03-08 12:45,72,31,41,0,0,0
2020-03-08 13:00,78,34,44,0,0,0
2020-03-08 13:15,77,40,37,0,0,0
2020-03-08 13:30,77,38,39,0,0,0
2020-03-08 13:45,72,36,36,0,0,0
2020-03-08 14:00,59,23,36,0,0,0
2020-03-08 14:15,61,41,20,0,0,0
2020-03-08 14:30,63,26,37,0,0,0
2020-03-08 14:45,66,37,29,0,0,0
2020-03-08 15:00,53,23,30,0,0,0
2020-03-08 15:15,66,33,33,0,0,0
2020-03-08 15:30,51,24,27,0,0,0
2020-03-08 15:45,64,30,34,0,0,0
2020-03-08 16:00,63,24,39,0,0,0
2020-03-08 16:15,65,21,44,0,0,0
2020-03-08 16:30,55,22,33,0,0,0
2020-03-08 16:45,49,24,25,0,0,0
2020-03-08 17:00,50,17,33,0,0,0
2020-03-08 17:15,55,20,35,0,0,0
2020-03-08 17:30,64,40,24,0,0,0
2020-03-08 17:45,58,32,26,0,0,0
2020-03-08 18:00,45,20,25,0,0,0
2020-03-08 18:15,52,26,26,0,0,0
2020-03-08 18:30,46,21,25,0,0,0
2020-03-08 18:45,59,30,29,0,0,0
2020-03-08 19:00,59,31,28,0,0,0
2020-03-08 19:15,63,28,35,0,0,0
2020-03-08 19:30,57,27,30,0,0,0
2020-03-08 19:45,58,22,36,0,0,0
2020-03-08 20:00,78,27,51,0,0,0
2020-03-08 20:15,43,19,24,0,0,0
2020-03-08 20:30,35,9,26,0,0,0
2020-03-08 20:45,38,18,20,0,0,0
2020-03-08 21:00,42,13,29,0,0,0
2020-03-08 21:15,28,11,17,0,0,0
2020-03-08 21:30,21,2,19,0,0,0
2020-03-08 21:45,24,10,14,0,0,0
2020-03-08 22:00,18,8,10,0,0,0
2020-03-08 22:15,29,8,21,0,0,0
2020-03-08 22:30,16,6,10,0,0,0
2020-03-08 22:45,24,6,18,0,0,0
2020-03-08 23:00,25,6,19,0,0,0
2020-03-08 23:15,23,9,14,0,0,0
2020-03-08 23:30,16,3,13,0,0,0
2020-03-08 23:45,11,3,8,0,0,0
2020-03-09 00:00,8,2,6,0,0,0
2020-03-09 00:15,6,4,2,0,0,0
2020-03-09 00:30,16,4,12,0,0,0
2020-03-09 00:45,7,6,1,0,0,0
2020-03-09 01:00,2,1,1,0,0,0
2020-03-09 01:15,9,1,8,0,0,0
2020-03-09 01:30,9,4,5,0,0,0
2020-03-09 01:45,2,0,2,0,0,0
2020-03-09 02:00,4,0,4,0,0,0
2020-03-09 02:15,5,1,4,0,0,0
2020-03-09 02:30,4,3,1,0,0,0
2020-03-09 02:45,2,1,1,0,0,0
2020-03-09 03:00,0,0,0,0,0,0
2020-03-09 03:15,3,0,3,0,0,0
2020-03-09 03:30,1,0,1,0,0,0
2020-03-09 03:45,0,0,0,0,0,0
2020-03-09 04:00,2,1,1,0,0,0
2020-03-09 04:15,2,1,1,0,0,0
2020-03-09 04:30,6,2,4,0,0,0
2020-03-09 04:45,7,3,4,0,0,0
2020-03-09 05:00,14,12,2,0,0,0
2020-03-09 05:15,7,3,4,0,0,0
2020-03-09 05:30,16,12,4,0,0,0
2020-03-09 05:45,21,18,3,0,0,0
2020-03-09 06:00,26,17,9,0,0,0
2020-03-09 06:15,41,33,8,0,0,0
2020-03-09 06:30,65,42,23,0,0,0
2020-03-09 06:45,86,62,24,0,0,0
2020-03-09 07:00,114,65,49,0,0,0
2020-03-09 07:15,148,97,51,0,0,0
2020-03-09 07:30,237,179,58,0,0,0
2020-03-09 07:45,250,158,92,0,0,0
2020-03-09 08:00,197,115,82,0,0,0
2020-03-09 08:15,208,111,97,0,0,0
2020-03-09 08:30,201,130,71,0,0,0
2020-03-09 08:45,199,116,83,0,0,0
2020-03-09 09:00,176,103,73,0,0,0
2020-03-09 09:15,104,61,43,0,0,0
2020-03-09 09:30,133,71,62,0,0,0
2020-03-09 09:45,151,95,56,0,0,0
2020-03-09 10:00,100,59,41,0,0,0
2020-03-09 10:15,87,46,41,0,0,0
2020-03-09 10:30,93,50,43,0,0,0
2020-03-09 10:45,127,61,66,0,0,0
2020-03-09 11:00,104,54,50,0,0,0
2020-03-09 11:15,107,65,42,0,0,0
2020-03-09 11:30,109,60,49,0,0,0
2020-03-09 11:45,111,57,54,0,0,0
2020-03-09 12:00,131,71,60,0,0,0
2020-03-09 12:15,129,63,66,0,0,0
2020-03-09 12:30,135,70,65,0,0,0
2020-03-09 12:45,131,69,62,0,0,0
2020-03-09 13:00,144,81,63,0,0,0
2020-03-09 13:15,143,57,86,0,0,0
2020-03-09 13:30,123,63,60,0,0,0
2020-03-09 13:45,165,94,71,0,0,0
2020-03-09 14:00,179,76,103,0,0,0
2020-03-09 14:15,139,67,72,0,0,0
2020-03-09 14:30,145,61,84,0,0,0
2020-03-09 14:45,168,72,96,0,0,0
2020-03-09 15:00,133,51,82,0,0,0
2020-03-09 15:15,154,65,89,0,0,0
2020-03-09 15:30,196,85,111,0,0,0
2020-03-09 15:45,242,95,147,0,0,0
2020-03-09 16:00,165,72,93,0,0,0
2020-03-09 16:15,189,102,87,0,0,0
2020-03-09 16:30,207,93,114,0,0,0
2020-03-09 16:45,193,87,106,0,0,0
2020-03-09 17:00,223,118,105,0,0,0
2020-03-09 17:15,209,82,127,0,0,0
2020-03-09 17:30,248,121,127,0,0,0
2020-03-09 17:45,286,125,161,0,0,0
2020-03-09 18:00,212,85,127,0,0,0
2020-03-09 18:15,215,84,131,0,0,0
2020-03-09 18:30,163,57,106,0,0,0
2020-03-09 18:45,191,80,111,0,0,0
2020-03-09 19:00,168,85,83,0,0,0
2020-03-09 19:15,159,64,95,0,0,0
2020-03-09 19:30,125,53,72,0,0,0
2020-03-09 19:45,126,59,67,0,0,0
2020-03-09 20:00,129,55,74,0,0,0
2020-03-09 20:15,117,42,75,0,0,0
2020-03-09 20:30,77,28,49,0,0,0
2020-03-09 20:45,79,34,45,0,0,0
2020-03-09 21:00,83,32,51,0,0,0
2020-03-09 21:15,74,34,40,0,0,0
2020-03-09 21:30,76,17,59,0,0,0
2020-03-09 21:45,77,34,43,0,0,0
2020-03-09 22:00,58,14,44,0,0,0
2020-03-09 22:15,60,20,40,0,0,0
2020-03-09 22:30,42,14,28,0,0,0
2020-03-09 22:45,40,14,26,0,0,0
2020-03-09 23:00,60,10,50,0,0,0
2020-03-09 23:15,39,10,29,0,0,0
2020-03-09 23:30,41,15,26,0,0,0
2020-03-09 23:45,35,7,28,0,0,0
2020-03-10 00:00,16,6,10,0,0,0
2020-03-10 00:15,10,1,9,0,0,0
2020-03-10 00:30,12,6,6,0,0,0
2020-03-10 00:45,18,2,16,0,0,0
2020-03-10 01:00,16,5,11,0,0,0
2020-03-10 01:15,16,2,14,0,0,0
2020-03-10 01:30,3,1,2,0,0,0
2020-03-10 01:45,11,2,9,0,0,0
2020-03-10 02:00,3,2,1,0,0,0
2020-03-10 02:15,5,1,4,0,0,0
2020-03-10 02:30,3,3,0,0,0,0
2020-03-10 02:45,3,1,2,0,0,0
2020-03-10 03:00,0,0,0,0,0,0
2020-03-10 03:15,4,2,2,0,0,0
2020-03-10 03:30,2,1,1,0,0,0
2020-03-10 03:45,2,2,0,0,0,0
2020-03-10 04:00,0,0,0,0,0,0
2020-03-10 04:15,2,0,2,0,0,0
2020-03-10 04:30,4,2,2,0,0,0
2020-03-10 04:45,3,2,1,0,0,0
2020-03-10 05:00,9,5,4,0,0,0
2020-03-10 05:15,6,5,1,0,0,0
2020-03-10 05:30,17,15,2,0,0,0
2020-03-10 05:45,19,12,7,0,0,0
2020-03-10 06:00,20,15,5,0,0,0
2020-03-10 06:15,26,20,6,0,0,0
2020-03-10 06:30,49,29,20,0,0,0
2020-03-10 06:45,57,39,18,0,0,0
2020-03-10 07:00,73,46,27,0,0,0
2020-03-10 07:15,115,72,43,0,0,0
2020-03-10 07:30,162,118,44,0,0,0
2020-03-10 07:45,202,120,82,0,0,0
2020-03-10 08:00,166,95,71,0,0,0
2020-03-10 08:15,149,87,62,0,0,0
2020-03-10 08:30,135,71,64,0,0,0
2020-03-10 08:45,192,109,83,0,0,0
2020-03-10 09:00,173,108,65,0,0,0
2020-03-10 09:15,106,74,32,0,0,0
2020-03-10 09:30,105,76,29,0,0,0
2020-03-10 09:45,124,80,44,0,0,0
2020-03-10 10:00,94,55,39,0,0,0
2020-03-10 10:15,84,44,40,0,0,0
2020-03-10 10:30,83,42,41,0,0,0
2020-03-10 10:45,101,57,44,0,0,0
2020-03-10 11:00,80,36,44,0,0,0
2020-03-10 11:15,95,56,39,0,0,0
2020-03-10 11:30,100,55,45,0,0,0
2020-03-10 11:45,98,64,34,0,0,0
2020-03-10 12:00,80,37,43,0,0,0
2020-03-10 12:15,118,57,61,0,0,0
2020-03-10 12:30,101,45,56,0,0,0
2020-03-10 12:45,116,57,59,0,0,0
2020-03-10 13:00,129,60,69,0,0,0
2020-03-10 13:15,151,56,95,0,0,0
2020-03-10 13:30,109,43,66,0,0,0
2020-03-10 13:45,116,54,62,0,0,0
2020-03-10 14:00,138,75,63,0,0,0
2020-03-10 14:15,129,41,88,0,0,0
2020-03-10 14:30,110,52,58,0,0,0
2020-03-10 14:45,104,42,62,0,0,0
2020-03-10 15:00,113,46,67,0,0,0
2020-03-10 15:15,113,56,57,0,0,0
2020-03-10 15:30,124,64,60,0,0,0
2020-03-10 15:45,156,73,83,0,0,0
2020-03-10 16:00,162,82,80,0,0,0
2020-03-10 16:15,159,60,99,0,0,0
2020-03-10 16:30,144,78,66,0,0,0
2020-03-10 16:45,138,68,70,0,0,0
2020-03-10 17:00,148,69,79,0,0,0
2020-03-10 17:15,189,80,109,0,0,0
2020-03-10 17:30,165,84,81,0,0,0
2020-03-10 17:45,210,88,122,0,0,0
2020-03-10 18:00,184,72,112,0,0,0
2020-03-10 18:15,164,52,112,0,0,0
2020-03-10 18:30,133,58,75,0,0,0
2020-03-10 18:45,180,82,98,0,0,0
2020-03-10 19:00,125,65,60,0,0,0
2020-03-10 19:15,149,69,80,0,0,0
2020-03-10 19:30,110,48,62,0,0,0
2020-03-10 19:45,121,61,60,0,0,0
2020-03-10 20:00,108,47,61,0,0,0
2020-03-10 20:15,86,39,47,0,0,0
2020-03-10 20:30,57,19,38,0,0,0
2020-03-10 20:45,54,21,33,0,0,0
2020-03-10 21:00,41,13,28,0,0,0
2020-03-10 21:15,75,30,45,0,0,0
2020-03-10 21:30,58,27,31,0,0,0
2020-03-10 21:45,63,18,45,0,0,0
2020-03-10 22:00,70,24,46,0,0,0
2020-03-10 22:15,68,27,41,0,0,0
2020-03-10 22:30,55,13,42,0,0,0
2020-03-10 22:45,50,12,38,0,0,0
2020-03-10 23:00,47,23,24,0,0,0
2020-03-10 23:15,38,6,32,0,0,0
2020-03-10 23:30,29,9,20,0,0,0
2020-03-10 23:45,25,3,22,0,0,0
2020-03-11 00:00,16,5,11,0,0,0
2020-03-11 00:15,13,3,10,0,0,0
2020-03-11 00:30,8,0,8,0,0,0
2020-03-11 00:45,13,5,8,0,0,0
2020-03-11 01:00,14,4,10,0,0,0
2020-03-11 01:15,6,1,5,0,0,0
2020-03-11 01:30,4,0,4,0,0,0
2020-03-11 01:45,1,1,0,0,0,0
2020-03-11 02:00,3,1,2,0,0,0
2020-03-11 02:15,1,0,1,0,0,0
2020-03-11 02:30,7,2,5,0,0,0
2020-03-11 02:45,0,0,0,0,0,0
2020-03-11 03:00,5,0,5,0,0,0
2020-03-11 03:15,0,0,0,0,0,0
2020-03-11 03:30,2,0,2,0,0,0
2020-03-11 03:45,0,0,0,0,0,0
2020-03-11 04:00,0,0,0,0,0,0
2020-03-11 04:15,3,0,3,0,0,0
2020-03-11 04:30,4,4,0,0,0,0
2020-03-11 04:45,10,4,6,0,0,0
2020-03-11 05:00,11,10,1,0,0,0
2020-03-11 05:15,8,7,1,0,0,0
2020-03-11 05:30,13,9,4,0,0,0
2020-03-11 05:45,21,13,8,0,0,0
2020-03-11 06:00,25,16,9,0,0,0
2020-03-11 06:15,31,24,7,0,0,0
2020-03-11 06:30,42,28,14,0,0,0
2020-03-11 06:45,71,52,19,0,0,0
2020-03-11 07:00,93,59,34,0,0,0
2020-03-11 07:15,145,98,47,0,0,0
2020-03-11 07:30,192,142,50,0,0,0
2020-03-11 07:45,264,174,90,0,0,0
2020-03-11 08:00,178,94,84,0,0,0
2020-03-11 08:15,209,116,93,0,0,0
2020-03-11 08:30,180,117,63,0,0,0
2020-03-11 08:45,222,144,78,0,0,0
2020-03-11 09:00,164,93,71,0,0,0
2020-03-11 09:15,142,85,57,0,0,0
2020-03-11 09:30,115,67,48,0,0,0
2020-03-11 09:45,182,112,70,0,0,0
2020-03-11 10:00,134,81,53,0,0,0
2020-03-11 10:15,114,80,34,0,0,0
2020-03-11 10:30,117,59,58,0,0,0
2020-03-11 10:45,131,76,55,0,0,0
2020-03-11 11:00,98,54,44,0,0,0
2020-03-11 11:15,126,68,58,0,0,0
2020-03-11 11:30,135,73,62,0,0,0
2020-03-11 11:45,146,99,47,0,0,0
2020-03-11 12:00,143,81,62,0,0,0
2020-03-11 12:15,166,83,83,0,0,0
2020-03-11 12:30,136,68,68,0,0,0
2020-03-11 12:45,196,113,83,0,0,0
2020-03-11 13:00,143,80,63,0,0,0
2020-03-11 13:15,165,71,94,0,0,0
2020-03-11 13:30,148,70,78,0,0,0
2020-03-11 13:45,166,80,86,0,0,0
2020-03-11 14:00,209,88,121,0,0,0
2020-03-11 14:15,191,85,106,0,0,0
2020-03-11 14:30,114,57,57,0,0,0
2020-03-11 14:45,178,78,100,0,0,0
2020-03-11 15:00,132,52,80,0,0,0
2020-03-11 15:15,162,66,96,0,0,0
2020-03-11 15:30,174,68,106,0,0,0
2020-03-11 15:45,215,93,122,0,0,0
2020-03-11 16:00,202,110,92,0,0,0
2020-03-11 16:15,195,84,111,0,0,0
2020-03-11 16:30,201,90,111,0,0,0
2020-03-11 16:45,244,125,119,0,0,0
2020-03-11 17:00,202,108,94,0,0,0
2020-03-11 17:15,223,97,126,0,0,0
2020-03-11 17:30,233,121,112,0,0,0
2020-03-11 17:45,280,121,159,0,0,0
2020-03-11 18:00,273,135,138,0,0,0
2020-03-11 18:15,214,86,128,0,0,0
2020-03-11 18:30,170,71,99,0,0,0
2020-03-11 18:45,214,108,106,0,0,0
2020-03-11 19:00,160,74,86,0,0,0
2020-03-11 19:15,172,77,95,0,0,0
2020-03-11 19:30,135,57,78,0,0,0
2020-03-11 19:45,162,72,90,0,0,0
2020-03-11 20:00,186,67,119,0,0,0
2020-03-11 20:15,137,68,69,0,0,0
2020-03-11 20:30,111,55,56,0,0,0
2020-03-11 20:45,110,44,66,0,0,0
2020-03-11 21:00,72,31,41,0,0,0
2020-03-11 21:15,73,28,45,0,0,0
2020-03-11 21:30,78,21,57,0,0,0
2020-03-11 21:45,66,17,49,0,0,0
2020-03-11 22:00,66,18,48,0,0,0
2020-03-11 22:15,69,34,35,0,0,0
2020-03-11 22:30,63,23,40,0,0,0
2020-03-11 22:45,60,15,45,0,0,0
2020-03-11 23:00,81,35,46,0,0,0
2020-03-11 23:15,78,36,42,0,0,0
2020-03-11 23:30,45,23,22,0,0,0
2020-03-11 23:45,71,28,43,0,0,0
2020-03-12 00:00,57,18,39,0,0,0
2020-03-12 00:15,22,6,16,0,0,0
2020-03-12 00:30,41,16,25,0,0,0
2020-03-12 00:45,27,11,16,0,0,0
2020-03-12 01:00,22,11,11,0,0,0
2020-03-12 01:15,19,4,15,0,0,0
2020-03-12 01:30,16,0,16,0,0,0
2020-03-12 01:45,12,2,10,0,0,0
2020-03-12 02:00,26,4,22,0,0,0
2020-03-12 02:15,19,4,15,0,0,0
2020-03-12 02:30,24,4,20,0,0,0
2020-03-12 02:45,18,3,15,0,0,0
2020-03-12 03:00,18,0,18,0,0,0
2020-03-12 03:15,7,0,7,0,0,0
2020-03-12 03:30,13,1,12,0,0,0
2020-03-12 03:45,3,0,3,0,0,0
2020-03-12 04:00,4,0,4,0,0,0
2020-03-12 04:15,4,1,3,0,0,0
2020-03-12 04:30,8,3,5,0,0,0
2020-03-12 04:45,12,6,6,0,0,0
2020-03-12 05:00,13,5,8,0,0,0
2020-03-12 05:15,7,5,2,0,0,0
2020-03-12 05:30,19,13,6,0,0,0
2020-03-12 05:45,17,13,4,0,0,0
2020-03-12 06:00,29,21,8,0,0,0
2020-03-12 06:15,31,21,10,0,0,0
2020-03-12 06:30,56,37,19,0,0,0
2020-03-12 06:45,60,41,19,0,0,0
2020-03-12 07:00,99,64,35,0,0,0
2020-03-12 07:15,110,65,45,0,0,0
2020-03-12 07:30,174,135,39,0,0,0
2020-03-12 07:45,208,125,83,0,0,0
2020-03-12 08:00,198,112,86,0,0,0
2020-03-12 08:15,206,109,97,0,0,0
2020-03-12 08:30,181,116,65,0,0,0
2020-03-12 08:45,197,125,72,0,0,0
2020-03-12 09:00,162,91,71,0,0,0
2020-03-12 09:15,116,70,46,0,0,0
2020-03-12 09:30,125,88,37,0,0,0
2020-03-12 09:45,149,93,56,0,0,0
2020-03-12 10:00,140,84,56,0,0,0
2020-03-12 10:15,94,58,36,0,0,0
2020-03-12 10:30,87,48,39,0,0,0
2020-03-12 10:45,109,55,54,0,0,0
2020-03-12 11:00,94,53,41,0,0,0
2020-03-12 11:15,93,62,31,0,0,0
2020-03-12 11:30,105,62,43,0,0,0
2020-03-12 11:45,119,73,46,0,0,0
2020-03-12 12:00,105,46,59,0,0,0
2020-03-12 12:15,147,68,79,0,0,0
2020-03-12 12:30,131,68,63,0,0,0
2020-03-12 12:45,153,83,70,0,0,0
2020-03-12 13:00,152,76,76,0,0,0
2020-03-12 13:15,143,75,68,0,0,0
2020-03-12 13:30,172,92,80,0,0,0
2020-03-12 13:45,155,86,69,0,0,0
2020-03-12 14:00,193,93,100,0,0,0
2020-03-12 14:15,156,67,89,0,0,0
2020-03-12 14:30,152,82,70,0,0,0
2020-03-12 14:45,170,77,93,0,0,0
2020-03-12 15:00,130,66,64,0,0,0
2020-03-12 15:15,120,54,66,0,0,0
2020-03-12 15:30,158,66,92,0,0,0
2020-03-12 15:45,212,116,96,0,0,0
2020-03-12 16:00,179,78,101,0,0,0
2020-03-12 16:15,198,87,111,0,0,0
2020-03-12 16:30,177,81,96,0,0,0
2020-03-12 16:45,199,90,109,0,0,0
2020-03-12 17:00,174,77,97,0,0,0
2020-03-12 17:15,194,76,118,0,0,0
2020-03-12 17:30,205,98,107,0,0,0
2020-03-12 17:45,257,115,142,0,0,0
2020-03-12 18:00,188,66,122,0,0,0
2020-03-12 18:15,179,65,114,0,0,0
2020-03-12 18:30,155,64,91,0,0,0
2020-03-12 18:45,198,88,110,0,0,0
2020-03-12 19:00,160,60,100,0,0,0
2020-03-12 19:15,148,62,86,0,0,0
2020-03-12 19:30,98,49,49,0,0,0
2020-03-12 19:45,137,55,82,0,0,0
2020-03-12 20:00,129,53,76,0,0,0
2020-03-12 20:15,96,41,55,0,0,0
2020-03-12 20:30,67,36,31,0,0,0
2020-03-12 20:45,69,25,44,0,0,0
2020-03-12 21:00,65,27,38,0,0,0
2020-03-12 21:15,73,26,47,0,0,0
2020-03-12 21:30,63,23,40,0,0,0
2020-03-12 21:45,57,24,33,0,0,0
2020-03-12 22:00,66,22,44,0,0,0
2020-03-12 22:15,65,20,45,0,0,0
2020-03-12 22:30,73,31,42,0,0,0
2020-03-12 22:45,56,19,37,0,0,0
2020-03-12 23:00,70,26,44,0,0,0
2020-03-12 23:15,54,15,39,0,0,0
2020-03-12 23:30,33,7,26,0,0,0
2020-03-12 23:45,21,8,13,0,0,0
2020-03-13 00:00,30,14,16,0,0,0
2020-03-13 00:15,13,1,12,0,0,0
2020-03-13 00:30,15,4,11,0,0,0
2020-03-13 00:45,21,1,20,0,0,0
2020-03-13 01:00,21,4,17,0,0,0
2020-03-13 01:15,11,7,4,0,0,0
2020-03-13 01:30,6,4,2,0,0,0
2020-03-13 01:45,6,3,3,0,0,0
2020-03-13 02:00,6,3,3,0,0,0
2020-03-13 02:15,2,0,2,0,0,0
2020-03-13 02:30,4,1,3,0,0,0
2020-03-13 02:45,4,3,1,0,0,0
2020-03-13 03:00,1,0,1,0,0,0
2020-03-13 03:15,2,0,2,0,0,0
2020-03-13 03:30,3,1,2,0,0,0
2020-03-13 03:45,2,1,1,0,0,0
2020-03-13 04:00,2,1,1,0,0,0
2020-03-13 04:15,1,0,1,0,0,0
2020-03-13 04:30,7,5,2,0,0,0
2020-03-13 04:45,4,0,4,0,0,0
2020-03-13 05:00,6,6,0,0,0,0
2020-03-13 05:15,14,8,6,0,0,0
2020-03-13 05:30,13,11,2,0,0,0
2020-03-13 05:45,19,14,5,0,0,0
2020-03-13 06:00,20,13,7,0,0,0
2020-03-13 06:15,28,21,7,0,0,0
2020-03-13 06:30,43,27,16,0,0,0
2020-03-13 06:45,53,35,18,0,0,0
2020-03-13 07:00,47,30,17,0,0,0
2020-03-13 07:15,113,79,34,0,0,0
2020-03-13 07:30,178,130,48,0,0,0
2020-03-13 07:45,204,125,79,0,0,0
2020-03-13 08:00,155,87,68,0,0,0
2020-03-13 08:15,165,90,75,0,0,0
2020-03-13 08:30,165,105,60,0,0,0
2020-03-13 08:45,188,120,68,0,0,0
2020-03-13 09:00,155,84,71,0,0,0
2020-03-13 09:15,127,80,47,0,0,0
2020-03-13 09:30,94,62,32,0,0,0
2020-03-13 09:45,116,66,50,0,0,0
2020-03-13 10:00,94,60,34,0,0,0
2020-03-13 10:15,78,44,34,0,0,0
2020-03-13 10:30,85,51,34,0,0,0
2020-03-13 10:45,128,73,55,0,0,0
2020-03-13 11:00,90,45,45,0,0,0
2020-03-13 11:15,87,55,32,0,0,0
2020-03-13 11:30,81,45,36,0,0,0
2020-03-13 11:45,107,54,53,0,0,0
2020-03-13 12:00,108,55,53,0,0,0
2020-03-13 12:15,121,49,72,0,0,0
2020-03-13 12:30,140,51,89,0,0,0
2020-03-13 12:45,140,74,66,0,0,0
2020-03-13 13:00,127,50,77,0,0,0
2020-03-13 13:15,154,52,102,0,0,0
2020-03-13 13:30,116,48,68,0,0,0
2020-03-13 13:45,160,77,83,0,0,0
2020-03-13 14:00,135,45,90,0,0,0
2020-03-13 14:15,123,50,73,0,0,0
2020-03-13 14:30,88,41,47,0,0,0
2020-03-13 14:45,110,48,62,0,0,0
2020-03-13 15:00,115,40,75,0,0,0
2020-03-13 15:15,131,58,73,0,0,0
2020-03-13 15:30,130,46,84,0,0,0
2020-03-13 15:45,139,56,83,0,0,0
2020-03-13 16:00,122,57,65,0,0,0
2020-03-13 16:15,137,69,68,0,0,0
2020-03-13 16:30,112,61,51,0,0,0
2020-03-13 16:45,146,82,64,0,0,0
2020-03-13 17:00,140,66,74,0,0,0
2020-03-13 17:15,147,72,75,0,0,0
2020-03-13 17:30,121,52,69,0,0,0
2020-03-13 17:45,142,64,78,0,0,0
2020-03-13 18:00,146,72,74,0,0,0
2020-03-13 18:15,130,61,69,0,0,0
2020-03-13 18:30,127,51,76,0,0,0
2020-03-13 18:45,137,62,75,0,0,0
2020-03-13 19:00,125,58,67,0,0,0
2020-03-13 19:15,104,52,52,0,0,0
2020-03-13 19:30,88,37,51,0,0,0
2020-03-13 19:45,106,53,53,0,0,0
2020-03-13 20:00,109,41,68,0,0,0
2020-03-13 20:15,80,28,52,0,0,0
2020-03-13 20:30,68,34,34,0,0,0
2020-03-13 20:45,68,23,45,0,0,0
2020-03-13 21:00,64,17,47,0,0,0
2020-03-13 21:15,80,22,58,0,0,0
2020-03-13 21:30,47,15,32,0,0,0
2020-03-13 21:45,42,13,29,0,0,0
2020-03-13 22:00,56,23,33,0,0,0
2020-03-13 22:15,45,14,31,0,0,0
2020-03-13 22:30,48,19,29,0,0,0
2020-03-13 22:45,60,20,40,0,0,0
2020-03-13 23:00,42,16,26,0,0,0
2020-03-13 23:15,36,17,19,0,0,0
2020-03-13 23:30,36,17,19,0,0,0
2020-03-13 23:45,31,13,18,0,0,0
2020-03-14 00:00,46,17,29,0,0,0
2020-03-14 00:15,23,8,15,0,0,0
2020-03-14 00:30,34,13,21,0,0,0
2020-03-14 00:45,43,14,29,0,0,0
2020-03-14 01:00,19,5,14,0,0,0
2020-03-14 01:15,49,15,34,0,0,0
2020-03-14 01:30,21,7,14,0,0,0
2020-03-14 01:45,18,8,10,0,0,0
2020-03-14 02:00,28,13,15,0,0,0
2020-03-14 02:15,27,12,15,0,0,0
2020-03-14 02:30,25,10,15,0,0,0
2020-03-14 02:45,21,6,15,0,0,0
2020-03-14 03:00,20,10,10,0,0,0
2020-03-14 03:15,17,2,15,0,0,0
2020-03-14 03:30,12,5,7,0,0,0
2020-03-14 03:45,13,5,8,0,0,0
2020-03-14 04:00,6,2,4,0,0,0
2020-03-14 04:15,11,2,9,0,0,0
2020-03-14 04:30,6,2,4,0,0,0
2020-03-14 04:45,3,0,3,0,0,0
2020-03-14 05:00,5,3,2,0,0,0
2020-03-14 05:15,10,7,3,0,0,0
2020-03-14 05:30,7,6,1,0,0,0
2020-03-14 05:45,6,3,3,0,0,0
2020-03-14 06:00,7,3,4,0,0,0
2020-03-14 06:15,7,3,4,0,0,0
2020-03-14 06:30,7,3,4,0,0,0
2020-03-14 06:45,13,10,3,0,0,0
2020-03-14 07:00,15,8,7,0,0,0
2020-03-14 07:15,9,7,2,0,0,0
2020-03-14 07:30,29,15,14,0,0,0
2020-03-14 07:45,34,22,12,0,0,0
2020-03-14 08:00,19,14,5,0,0,0
2020-03-14 08:15,29,12,17,0,0,0
2020-03-14 08:30,31,21,10,0,0,0
2020-03-14 08:45,36,26,10,0,0,0
2020-03-14 09:00,40,29,11,0,0,0
2020-03-14 09:15,60,37,23,0,0,0
2020-03-14 09:30,74,52,22,0,0,0
2020-03-14 09:45,110,67,43,0,0,0
2020-03-14 10:00,74,58,16,0,0,0
2020-03-14 10:15,63,40,23,0,0,0
2020-03-14 10:30,88,56,32,0,0,0
2020-03-14 10:45,97,52,45,0,0,0
2020-03-14 11:00,89,56,33,0,0,0
2020-03-14 11:15,116,76,40,0,0,0
2020-03-14 11:30,121,72,49,0,0,0
2020-03-14 11:45,97,61,36,0,0,0
2020-03-14 12:00,124,66,58,0,0,0
2020-03-14 12:15,112,63,49,0,0,0
2020-03-14 12:30,123,66,57,0,0,0
2020-03-14 12:45,112,67,45,0,0,0
2020-03-14 13:00,112,62,50,0,0,0
2020-03-14 13:15,114,67,47,0,0,0
2020-03-14 13:30,131,66,65,0,0,0
2020-03-14 13:45,138,74,64,0,0,0
2020-03-14 14:00,122,66,56,0,0,0
2020-03-14 14:15,109,41,68,0,0,0
2020-03-14 14:30,138,57,81,0,0,0
2020-03-14 14:45,121,56,65,0,0,0
2020-03-14 15:00,103,59,44,0,0,0
2020-03-14 15:15,101,38,63,0,0,0
2020-03-14 15:30,117,56,61,0,0,0
2020-03-14 15:45,117,56,61,0,0,0
2020-03-14 16:00,124,51,73,0,0,0
2020-03-14 16:15,107,47,60,0,0,0
2020-03-14 16:30,119,70,49,0,0,0
2020-03-14 16:45,117,61,56,0,0,0
2020-03-14 17:00,103,47,56,0,0,0
2020-03-14 17:15,89,39,50,0,0,0
2020-03-14 17:30,94,35,59,0,0,0
2020-03-14 17:45,98,41,57,0,0,0
2020-03-14 18:00,113,30,83,0,0,0
2020-03-14 18:15,108,40,68,0,0,0
2020-03-14 18:30,79,31,48,0,0,0
2020-03-14 18:45,101,50,51,0,0,0
2020-03-14 19:00,104,35,69,0,0,0
2020-03-14 19:15,81,43,38,0,0,0
2020-03-14 19:30,63,27,36,0,0,0
2020-03-14 19:45,65,35,30,0,0,0
2020-03-14 20:00,84,42,42,0,0,0
2020-03-14 20:15,80,39,41,0,0,0
2020-03-14 20:30,62,29,33,0,0,0
2020-03-14 20:45,37,15,22,0,0,0
2020-03-14 21:00,58,23,35,0,0,0
2020-03-14 21:15,31,10,21,0,0,0
2020-03-14 21:30,46,22,24,0,0,0
2020-03-14 21:45,28,16,12,0,0,0
2020-03-14 22:00,29,13,16,0,0,0
2020-03-14 22:15,39,20,19,0,0,0
2020-03-14 22:30,31,16,15,0,0,0
2020-03-14 22:45,36,19,17,0,0,0
2020-03-14 23:00,44,19,25,0,0,0
2020-03-14 23:15,39,13,26,0,0,0
2020-03-14 23:30,45,22,23,0,0,0
2020-03-14 23:45,30,9,21,0,0,0
2020-03-15 00:00,31,19,12,0,0,0
2020-03-15 00:15,37,13,24,0,0,0
2020-03-15 00:30,45,24,21,0,0,0
2020-03-15 00:45,33,10,23,0,0,0
2020-03-15 01:00,21,6,15,0,0,0
2020-03-15 01:15,22,5,17,0,0,0
2020-03-15 01:30,20,4,16,0,0,0
2020-03-15 01:45,37,14,23,0,0,0
2020-03-15 02:00,14,6,8,0,0,0
2020-03-15 02:15,34,10,24,0,0,0
2020-03-15 02:30,20,6,14,0,0,0
2020-03-15 02:45,16,9,7,0,0,0
2020-03-15 03:00,17,4,13,0,0,0
2020-03-15 03:15,12,3,9,0,0,0
2020-03-15 03:30,8,4,4,0,0,0
2020-03-15 03:45,12,5,7,0,0,0
2020-03-15 04:00,5,0,5,0,0,0
2020-03-15 04:15,8,0,8,0,0,0
2020-03-15 04:30,9,1,8,0,0,0
2020-03-15 04:45,2,1,1,0,0,0
2020-03-15 05:00,1,0,1,0,0,0
2020-03-15 05:15,2,0,2,0,0,0
2020-03-15 05:30,9,5,4,0,0,0
2020-03-15 05:45,5,5,0,0,0,0
2020-03-15 06:00,1,1,0,0,0,0
2020-03-15 06:15,7,2,5,0,0,0
2020-03-15 06:30,4,3,1,0,0,0
2020-03-15 06:45,4,2,2,0,0,0
2020-03-15 07:00,5,2,3,0,0,0
2020-03-15 07:15,5,3,2,0,0,0
2020-03-15 07:30,5,4,1,0,0,0
2020-03-15 07:45,6,3,3,0,0,0
2020-03-15 08:00,6,2,4,0,0,0
2020-03-15 08:15,9,7,2,0,0,0
2020-03-15 08:30,20,10,10,0,0,0
2020-03-15 08:45,10,5,5,0,0,0
2020-03-15 09:00,21,14,7,0,0,0
2020-03-15 09:15,23,16,7,0,0,0
2020-03-15 09:30,37,22,15,0,0,0
2020-03-15 09:45,39,27,12,0,0,0
2020-03-15 10:00,30,17,13,0,0,0
2020-03-15 10:15,26,15,11,0,0,0
2020-03-15 10:30,43,16,27,0,0,0
2020-03-15 10:45,44,31,13,0,0,0
2020-03-15 11:00,53,28,25,0,0,0
2020-03-15 11:15,43,23,20,0,0,0
2020-03-15 11:30,49,24,25,0,0,0
2020-03-15 11:45,63,37,26,0,0,0
2020-03-15 12:00,60,27,33,0,0,0
2020-03-15 12:15,52,34,18,0,0,0
2020-03-15 12:30,60,32,28,0,0,0
2020-03-15 12:45,63,40,23,0,0,0
2020-03-15 13:00,81,41,40,0,0,0
2020-03-15 13:15,63,33,30,0,0,0
2020-03-15 13:30,80,36,44,0,0,0
2020-03-15 13:45,93,62,31,0,0,0
2020-03-15 14:00,78,41,37,0,0,0
2020-03-15 14:15,95,49,46,0,0,0
2020-03-15 14:30,104,59,45,0,0,0
2020-03-15 14:45,108,55,53,0,0,0
2020-03-15 15:00,94,53,41,0,0,0
2020-03-15 15:15,64,33,31,0,0,0
2020-03-15 15:30,88,37,51,0,0,0
2020-03-15 15:45,110,43,67,0,0,0
2020-03-15 16:00,100,49,51,0,0,0
2020-03-15 16:15,88,37,51,0,0,0
2020-03-15 16:30,73,35,38,0,0,0
2020-03-15 16:45,81,38,43,0,0,0
2020-03-15 17:00,95,34,61,0,0,0
2020-03-15 17:15,77,34,43,0,0,0
2020-03-15 17:30,60,23,37,0,0,0
2020-03-15 17:45,92,46,46,0,0,0
2020-03-15 18:00,87,28,59,0,0,0
2020-03-15 18:15,80,27,53,0,0,0
2020-03-15 18:30,85,32,53,0,0,0
2020-03-15 18:45,65,39,26,0,0,0
2020-03-15 19:00,62,30,32,0,0,0
2020-03-15 19:15,60,19,41,0,0,0
2020-03-15 19:30,32,17,15,0,0,0
2020-03-15 19:45,44,28,16,0,0,0
2020-03-15 20:00,40,13,27,0,0,0
2020-03-15 20:15,56,20,36,0,0,0
2020-03-15 20:30,27,14,13,0,0,0
2020-03-15 20:45,41,17,24,0,0,0
2020-03-15 21:00,31,10,21,0,0,0
2020-03-15 21:15,35,10,25,0,0,0
2020-03-15 21:30,32,6,26,0,0,0
2020-03-15 21:45,26,9,17,0,0,0
2020-03-15 22:00,32,7,25,0,0,0
2020-03-15 22:15,24,9,15,0,0,0
2020-03-15 22:30,25,11,14,0,0,0
2020-03-15 22:45,34,14,20,0,0,0
2020-03-15 23:00,17,11,6,0,0,0
2020-03-15 23:15,15,5,10,0,0,0
2020-03-15 23:30,13,6,7,0,0,0
2020-03-15 23:45,13,4,9,0,0,0
2020-03-16 00:00,12,3,9,0,0,0
2020-03-16 00:15,8,4,4,0,0,0
2020-03-16 00:30,21,6,15,0,0,0
2020-03-16 00:45,9,2,7,0,0,0
2020-03-16 01:00,3,1,2,0,0,0
2020-03-16 01:15,7,1,6,0,0,0
2020-03-16 01:30,14,5,9,0,0,0
2020-03-16 01:45,3,1,2,0,0,0
2020-03-16 02:00,3,2,1,0,0,0
2020-03-16 02:15,2,1,1,0,0,0
2020-03-16 02:30,3,1,2,0,0,0
2020-03-16 02:45,3,0,3,0,0,0
2020-03-16 03:00,2,1,1,0,0,0
2020-03-16 03:15,2,1,1,0,0,0
2020-03-16 03:30,1,0,1,0,0,0
2020-03-16 03:45,1,1,0,0,0,0
2020-03-16 04:00,1,1,0,0,0,0
2020-03-16 04:15,1,1,0,0,0,0
2020-03-16 04:30,4,0,4,0,0,0
2020-03-16 04:45,7,3,4,0,0,0
2020-03-16 05:00,13,10,3,0,0,0
2020-03-16 05:15,6,2,4,0,0,0
2020-03-16 05:30,21,19,2,0,0,0
2020-03-16 05:45,16,13,3,0,0,0
2020-03-16 06:00,27,17,10,0,0,0
2020-03-16 06:15,26,17,9,0,0,0
2020-03-16 06:30,54,32,22,0,0,0
2020-03-16 06:45,69,46,23,0,0,0
2020-03-16 07:00,83,57,26,0,0,0
2020-03-16 07:15,113,62,51,0,0,0
2020-03-16 07:30,148,102,46,0,0,0
2020-03-16 07:45,171,99,72,0,0,0
2020-03-16 08:00,147,88,59,0,0,0
2020-03-16 08:15,131,84,47,0,0,0
2020-03-16 08:30,148,96,52,0,0,0
2020-03-16 08:45,171,99,72,0,0,0
2020-03-16 09:00,130,70,60,0,0,0
2020-03-16 09:15,109,63,46,0,0,0
2020-03-16 09:30,105,54,51,0,0,0
2020-03-16 09:45,121,80,41,0,0,0
2020-03-16 10:00,95,54,41,0,0,0
2020-03-16 10:15,109,59,50,0,0,0
2020-03-16 10:30,103,53,50,0,0,0
2020-03-16 10:45,128,69,59,0,0,0
2020-03-16 11:00,121,64,57,0,0,0
2020-03-16 11:15,116,53,63,0,0,0
2020-03-16 11:30,102,50,52,0,0,0
2020-03-16 11:45,137,77,60,0,0,0
2020-03-16 12:00,125,70,55,0,0,0
2020-03-16 12:15,129,53,76,0,0,0
2020-03-16 12:30,140,58,82,0,0,0
2020-03-16 12:45,163,92,71,0,0,0
2020-03-16 13:00,142,84,58,0,0,0
2020-03-16 13:15,134,59,75,0,0,0
2020-03-16 13:30,140,79,61,0,0,0
2020-03-16 13:45,137,72,65,0,0,0
2020-03-16 14:00,138,66,72,0,0,0
2020-03-16 14:15,140,74,66,0,0,0
2020-03-16 14:30,157,71,86,0,0,0
2020-03-16 14:45,139,70,69,0,0,0
2020-03-16 15:00,150,72,78,0,0,0
2020-03-16 15:15,183,97,86,0,0,0
2020-03-16 15:30,140,76,64,0,0,0
2020-03-16 15:45,182,99,83,0,0,0
2020-03-16 16:00,167,86,81,0,0,0
2020-03-16 16:15,182,86,96,0,0,0
2020-03-16 16:30,212,93,119,0,0,0
2020-03-16 16:45,223,99,124,0,0,0
2020-03-16 17:00,224,97,127,0,0,0
2020-03-16 17:15,203,88,115,0,0,0
2020-03-16 17:30,202,86,116,0,0,0
2020-03-16 17:45,192,77,115,0,0,0
2020-03-16 18:00,169,55,114,0,0,0
2020-03-16 18:15,163,73,90,0,0,0
2020-03-16 18:30,146,56,90,0,0,0
2020-03-16 18:45,110,39,71,0,0,0
2020-03-16 19:00,114,35,79,0,0,0
2020-03-16 19:15,93,44,49,0,0,0
2020-03-16 19:30,65,28,37,0,0,0
2020-03-16 19:45,88,32,56,0,0,0
2020-03-16 20:00,61,22,39,0,0,0
2020-03-16 20:15,50,12,38,0,0,0
2020-03-16 20:30,58,22,36,0,0,0
2020-03-16 20:45,45,15,30,0,0,0
2020-03-16 21:00,44,22,22,0,0,0
2020-03-16 21:15,29,15,14,0,0,0
2020-03-16 21:30,36,14,22,0,0,0
2020-03-16 21:45,30,13,17,0,0,0
2020-03-16 22:00,22,11,11,0,0,0
2020-03-16 22:15,30,9,21,0,0,0
2020-03-16 22:30,24,7,17,0,0,0
2020-03-16 22:45,21,7,14,0,0,0
2020-03-16 23:00,27,12,15,0,0,0
2020-03-16 23:15,16,7,9,0,0,0
2020-03-16 23:30,22,7,15,0,0,0
2020-03-16 23:45,19,8,11,0,0,0
2020-03-17 00:00,23,12,11,0,0,0
2020-03-17 00:15,19,7,12,0,0,0
2020-03-17 00:30,6,3,3,0,0,0
2020-03-17 00:45,16,4,12,0,0,0
2020-03-17 01:00,11,4,7,0,0,0
2020-03-17 01:15,10,4,6,0,0,0
2020-03-17 01:30,9,2,7,0,0,0
2020-03-17 01:45,3,0,3,0,0,0
2020-03-17 02:00,3,3,0,0,0,0
2020-03-17 02:15,5,4,1,0,0,0
2020-03-17 02:30,1,1,0,0,0,0
2020-03-17 02:45,0,0,0,0,0,0
2020-03-17 03:00,0,0,0,0,0,0
2020-03-17 03:15,4,2,2,0,0,0
2020-03-17 03:30,3,2,1,0,0,0
2020-03-17 03:45,2,0,2,0,0,0
2020-03-17 04:00,2,1,1,0,0,0
2020-03-17 04:15,3,3,0,0,0,0
2020-03-17 04:30,8,5,3,0,0,0
2020-03-17 04:45,8,6,2,0,0,0
2020-03-17 05:00,7,3,4,0,0,0
2020-03-17 05:15,9,7,2,0,0,0
2020-03-17 05:30,18,13,5,0,0,0
2020-03-17 05:45,16,11,5,0,0,0
2020-03-17 06:00,27,15,12,0,0,0
2020-03-17 06:15,30,21,9,0,0,0
2020-03-17 06:30,60,38,22,0,0,0
2020-03-17 06:45,67,45,22,0,0,0
2020-03-17 07:00,91,74,17,0,0,0
2020-03-17 07:15,108,78,30,0,0,0
2020-03-17 07:30,123,82,41,0,0,0
2020-03-17 07:45,151,78,73,0,0,0
2020-03-17 08:00,121,66,55,0,0,0
2020-03-17 08:15,116,67,49,0,0,0
2020-03-17 08:30,105,65,40,0,0,0
2020-03-17 08:45,139,88,51,0,0,0
2020-03-17 09:00,108,66,42,0,0,0
2020-03-17 09:15,86,46,40,0,0,0
2020-03-17 09:30,98,61,37,0,0,0
2020-03-17 09:45,103,63,40,0,0,0
2020-03-17 10:00,98,53,45,0,0,0
2020-03-17 10:15,96,57,39,0,0,0
2020-03-17 10:30,73,48,25,0,0,0
2020-03-17 10:45,106,62,44,0,0,0
2020-03-17 11:00,115,54,61,0,0,0
2020-03-17 11:15,107,60,47,0,0,0
2020-03-17 11:30,100,68,32,0,0,0
2020-03-17 11:45,121,68,53,0,0,0
2020-03-17 12:00,119,62,57,0,0,0
2020-03-17 12:15,132,70,62,0,0,0
2020-03-17 12:30,127,60,67,0,0,0
2020-03-17 12:45,128,74,54,0,0,0
2020-03-17 13:00,116,55,61,0,0,0
2020-03-17 13:15,108,56,52,0,0,0
2020-03-17 13:30,119,59,60,0,0,0
2020-03-17 13:45,143,80,63,0,0,0
2020-03-17 14:00,126,66,60,0,0,0
2020-03-17 14:15,160,73,87,0,0,0
2020-03-17 14:30,148,66,82,0,0,0
2020-03-17 14:45,149,88,61,0,0,0
2020-03-17 15:00,113,51,62,0,0,0
2020-03-17 15:15,144,66,78,0,0,0
2020-03-17 15:30,168,92,76,0,0,0
2020-03-17 15:45,170,86,84,0,0,0
2020-03-17 16:00,159,62,97,0,0,0
2020-03-17 16:15,184,84,100,0,0,0
2020-03-17 16:30,182,92,90,0,0,0
2020-03-17 16:45,182,91,91,0,0,0
2020-03-17 17:00,171,71,100,0,0,0
2020-03-17 17:15,213,95,118,0,0,0
2020-03-17 17:30,181,68,113,0,0,0
2020-03-17 17:45,170,68,102,0,0,0
2020-03-17 18:00,178,71,107,0,0,0
2020-03-17 18:15,131,48,83,0,0,0
2020-03-17 18:30,141,48,93,0,0,0
2020-03-17 18:45,125,40,85,0,0,0
2020-03-17 19:00,121,36,85,0,0,0
2020-03-17 19:15,87,34,53,0,0,0
2020-03-17 19:30,61,28,33,0,0,0
2020-03-17 19:45,73,25,48,0,0,0
2020-03-17 20:00,53,20,33,0,0,0
2020-03-17 20:15,54,20,34,0,0,0
2020-03-17 20:30,38,12,26,0,0,0
2020-03-17 20:45,40,18,22,0,0,0
2020-03-17 21:00,31,15,16,0,0,0
2020-03-17 21:15,31,16,15,0,0,0
2020-03-17 21:30,39,11,28,0,0,0
2020-03-17 21:45,27,15,12,0,0,0
2020-03-17 22:00,42,13,29,0,0,0
2020-03-17 22:15,21,9,12,0,0,0
2020-03-17 22:30,26,8,18,0,0,0
2020-03-17 22:45,27,9,18,0,0,0
2020-03-17 23:00,13,5,8,0,0,0
2020-03-17 23:15,12,6,6,0,0,0
2020-03-17 23:30,17,7,10,0,0,0
2020-03-17 23:45,16,4,12,0,0,0
2020-03-18 00:00,10,5,5,0,0,0
2020-03-18 00:15,11,9,2,0,0,0
2020-03-18 00:30,13,1,12,0,0,0
2020-03-18 00:45,14,6,8,0,0,0
2020-03-18 01:00,10,4,6,0,0,0
2020-03-18 01:15,9,4,5,0,0,0
2020-03-18 01:30,4,3,1,0,0,0
2020-03-18 01:45,5,2,3,0,0,0
2020-03-18 02:00,4,1,3,0,0,0
2020-03-18 02:15,4,4,0,0,0,0
2020-03-18 02:30,7,5,2,0,0,0
2020-03-18 02:45,4,2,2,0,0,0
2020-03-18 03:00,1,0,1,0,0,0
2020-03-18 03:15,1,1,0,0,0,0
2020-03-18 03:30,3,1,2,0,0,0
2020-03-18 03:45,0,0,0,0,0,0
2020-03-18 04:00,2,1,1,0,0,0
2020-03-18 04:15,2,1,1,0,0,0
2020-03-18 04:30,9,8,1,0,0,0
2020-03-18 04:45,7,4,3,0,0,0
2020-03-18 05:00,5,4,1,0,0,0
2020-03-18 05:15,8,5,3,0,0,0
2020-03-18 05:30,19,11,8,0,0,0
2020-03-18 05:45,19,15,4,0,0,0
2020-03-18 06:00,19,13,6,0,0,0
2020-03-18 06:15,22,16,6,0,0,0
2020-03-18 06:30,56,39,17,0,0,0
2020-03-18 06:45,65,41,24,0,0,0
2020-03-18 07:00,78,63,15,0,0,0
2020-03-18 07:15,87,59,28,0,0,0
2020-03-18 07:30,121,82,39,0,0,0
2020-03-18 07:45,139,87,52,0,0,0
2020-03-18 08:00,122,72,50,0,0,0
2020-03-18 08:15,105,60,45,0,0,0
2020-03-18 08:30,116,69,47,0,0,0
2020-03-18 08:45,117,78,39,0,0,0
2020-03-18 09:00,96,51,45,0,0,0
2020-03-18 09:15,91,47,44,0,0,0
2020-03-18 09:30,88,59,29,0,0,0
2020-03-18 09:45,122,70,52,0,0,0
2020-03-18 10:00,87,46,41,0,0,0
2020-03-18 10:15,99,59,40,0,0,0
2020-03-18 10:30,105,57,48,0,0,0
2020-03-18 10:45,132,76,56,0,0,0
2020-03-18 11:00,104,62,42,0,0,0
2020-03-18 11:15,114,60,54,0,0,0
2020-03-18 11:30,109,61,48,0,0,0
2020-03-18 11:45,105,53,52,0,0,0
2020-03-18 12:00,96,47,49,0,0,0
2020-03-18 12:15,121,50,71,0,0,0
2020-03-18 12:30,129,56,73,0,0,0
2020-03-18 12:45,137,65,72,0,0,0
2020-03-18 13:00,117,65,52,0,0,0
2020-03-18 13:15,120,55,65,0,0,0
2020-03-18 13:30,130,72,58,0,0,0
2020-03-18 13:45,118,62,56,0,0,0
2020-03-18 14:00,119,49,70,0,0,0
2020-03-18 14:15,112,42,70,0,0,0
2020-03-18 14:30,144,62,82,0,0,0
2020-03-18 14:45,143,74,69,0,0,0
2020-03-18 15:00,119,60,59,0,0,0
2020-03-18 15:15,150,64,86,0,0,0
2020-03-18 15:30,145,62,83,0,0,0
2020-03-18 15:45,153,79,74,0,0,0
2020-03-18 16:00,143,68,75,0,0,0
2020-03-18 16:15,171,65,106,0,0,0
2020-03-18 16:30,150,65,85,0,0,0
2020-03-18 16:45,133,55,78,0,0,0
2020-03-18 17:00,164,75,89,0,0,0
2020-03-18 17:15,175,83,92,0,0,0
2020-03-18 17:30,150,72,78,0,0,0
2020-03-18 17:45,142,69,73,0,0,0
2020-03-18 18:00,138,58,80,0,0,0
2020-03-18 18:15,114,46,68,0,0,0
2020-03-18 18:30,105,33,72,0,0,0
2020-03-18 18:45,88,28,60,0,0,0
2020-03-18 19:00,96,40,56,0,0,0
2020-03-18 19:15,67,27,40,0,0,0
2020-03-18 19:30,54,18,36,0,0,0
2020-03-18 19:45,67,31,36,0,0,0
2020-03-18 20:00,57,23,34,0,0,0
2020-03-18 20:15,51,25,26,0,0,0
2020-03-18 20:30,37,14,23,0,0,0
2020-03-18 20:45,41,15,26,0,0,0
2020-03-18 21:00,29,11,18,0,0,0
2020-03-18 21:15,31,17,14,0,0,0
2020-03-18 21:30,37,14,23,0,0,0
2020-03-18 21:45,24,14,10,0,0,0
2020-03-18 22:00,32,13,19,0,0,0
2020-03-18 22:15,18,13,5,0,0,0
2020-03-18 22:30,24,6,18,0,0,0
2020-03-18 22:45,24,7,17,0,0,0
2020-03-18 23:00,23,7,16,0,0,0
2020-03-18 23:15,17,5,12,0,0,0
2020-03-18 23:30,11,7,4,0,0,0
2020-03-18 23:45,17,7,10,0,0,0
2020-03-19 00:00,9,6,3,0,0,0
2020-03-19 00:15,12,6,6,0,0,0
2020-03-19 00:30,9,3,6,0,0,0
2020-03-19 00:45,8,5,3,0,0,0
2020-03-19 01:00,11,7,4,0,0,0
2020-03-19 01:15,3,0,3,0,0,0
2020-03-19 01:30,4,3,1,0,0,0
2020-03-19 01:45,2,1,1,0,0,0
2020-03-19 02:00,0,0,0,0,0,0
2020-03-19 02:15,4,1,3,0,0,0
2020-03-19 02:30,5,3,2,0,0,0
2020-03-19 02:45,2,1,1,0,0,0
2020-03-19 03:00,0,0,0,0,0,0
2020-03-19 03:15,3,0,3,0,0,0
2020-03-19 03:30,0,0,0,0,0,0
2020-03-19 03:45,2,1,1,0,0,0
2020-03-19 04:00,3,2,1,0,0,0
2020-03-19 04:15,1,0,1,0,0,0
2020-03-19 04:30,3,3,0,0,0,0
2020-03-19 04:45,2,0,2,0,0,0
2020-03-19 05:00,8,7,1,0,0,0
2020-03-19 05:15,8,5,3,0,0,0
2020-03-19 05:30,18,12,6,0,0,0
2020-03-19 05:45,16,10,6,0,0,0
2020-03-19 06:00,24,13,11,0,0,0
2020-03-19 06:15,26,18,8,0,0,0
2020-03-19 06:30,46,29,17,0,0,0
2020-03-19 06:45,57,35,22,0,0,0
2020-03-19 07:00,62,42,20,0,0,0
2020-03-19 07:15,74,48,26,0,0,0
2020-03-19 07:30,97,65,32,0,0,0
2020-03-19 07:45,132,63,69,0,0,0
2020-03-19 08:00,85,43,42,0,0,0
2020-03-19 08:15,81,48,33,0,0,0
2020-03-19 08:30,74,41,33,0,0,0
2020-03-19 08:45,87,55,32,0,0,0
2020-03-19 09:00,58,31,27,0,0,0
2020-03-19 09:15,46,28,18,0,0,0
2020-03-19 09:30,80,47,33,0,0,0
2020-03-19 09:45,83,41,42,0,0,0
2020-03-19 10:00,61,43,18,0,0,0
2020-03-19 10:15,66,33,33,0,0,0
2020-03-19 10:30,68,32,36,0,0,0
2020-03-19 10:45,84,55,29,0,0,0
2020-03-19 11:00,69,37,32,0,0,0
2020-03-19 11:15,68,35,33,0,0,0
2020-03-19 11:30,71,39,32,0,0,0
2020-03-19 11:45,67,37,30,0,0,0
2020-03-19 12:00,80,40,40,0,0,0
2020-03-19 12:15,73,29,44,0,0,0
2020-03-19 12:30,88,43,45,0,0,0
2020-03-19 12:45,87,49,38,0,0,0
2020-03-19 13:00,83,32,51,0,0,0
2020-03-19 13:15,75,36,39,0,0,0
2020-03-19 13:30,81,42,39,0,0,0
2020-03-19 13:45,85,46,39,0,0,0
2020-03-19 14:00,75,32,43,0,0,0
2020-03-19 14:15,74,39,35,0,0,0
2020-03-19 14:30,77,34,43,0,0,0
2020-03-19 14:45,93,48,45,0,0,0
2020-03-19 15:00,71,41,30,0,0,0
2020-03-19 15:15,97,52,45,0,0,0
2020-03-19 15:30,90,43,47,0,0,0
2020-03-19 15:45,107,64,43,0,0,0
2020-03-19 16:00,125,55,70,0,0,0
2020-03-19 16:15,128,45,83,0,0,0
2020-03-19 16:30,110,50,60,0,0,0
2020-03-19 16:45,118,59,59,0,0,0
2020-03-19 17:00,119,39,80,0,0,0
2020-03-19 17:15,134,67,67,0,0,0
2020-03-19 17:30,113,54,59,0,0,0
2020-03-19 17:45,98,40,58,0,0,0
2020-03-19 18:00,108,43,65,0,0,0
2020-03-19 18:15,98,46,52,0,0,0
2020-03-19 18:30,92,37,55,0,0,0
2020-03-19 18:45,72,25,47,0,0,0
2020-03-19 19:00,59,30,29,0,0,0
2020-03-19 19:15,53,22,31,0,0,0
2020-03-19 19:30,47,21,26,0,0,0
2020-03-19 19:45,29,17,12,0,0,0
2020-03-19 20:00,36,12,24,0,0,0
2020-03-19 20:15,34,14,20,0,0,0
2020-03-19 20:30,29,7,22,0,0,0
2020-03-19 20:45,17,7,10,0,0,0
2020-03-19 21:00,24,5,19,0,0,0
2020-03-19 21:15,16,6,10,0,0,0
2020-03-19 21:30,15,3,12,0,0,0
2020-03-19 21:45,13,3,10,0,0,0
2020-03-19 22:00,12,3,9,0,0,0
2020-03-19 22:15,12,2,10,0,0,0
2020-03-19 22:30,7,4,3,0,0,0
2020-03-19 22:45,15,1,14,0,0,0
2020-03-19 23:00,16,6,10,0,0,0
2020-03-19 23:15,11,3,8,0,0,0
2020-03-19 23:30,11,2,9,0,0,0
2020-03-19 23:45,6,1,5,0,0,0
2020-03-20 00:00,6,0,6,0,0,0
2020-03-20 00:15,3,0,3,0,0,0
2020-03-20 00:30,2,2,0,0,0,0
2020-03-20 00:45,3,0,3,0,0,0
2020-03-20 01:00,0,0,0,0,0,0
2020-03-20 01:15,2,1,1,0,0,0
2020-03-20 01:30,4,1,3,0,0,0
2020-03-20 01:45,0,0,0,0,0,0
2020-03-20 02:00,2,0,2,0,0,0
2020-03-20 02:15,1,0,1,0,0,0
2020-03-20 02:30,4,2,2,0,0,0
2020-03-20 02:45,4,3,1,0,0,0
2020-03-20 03:00,4,1,3,0,0,0
2020-03-20 03:15,0,0,0,0,0,0
2020-03-20 03:30,1,0,1,0,0,0
2020-03-20 03:45,1,0,1,0,0,0
2020-03-20 04:00,2,2,0,0,0,0
2020-03-20 04:15,1,0,1,0,0,0
2020-03-20 04:30,3,1,2,0,0,0
2020-03-20 04:45,6,2,4,0,0,0
2020-03-20 05:00,3,2,1,0,0,0
2020-03-20 05:15,9,6,3,0,0,0
2020-03-20 05:30,18,10,8,0,0,0
2020-03-20 05:45,24,14,10,0,0,0
2020-03-20 06:00,25,11,14,0,0,0
2020-03-20 06:15,19,16,3,0,0,0
2020-03-20 06:30,42,31,11,0,0,0
2020-03-20 06:45,33,18,15,0,0,0
2020-03-20 07:00,51,40,11,0,0,0
2020-03-20 07:15,61,44,17,0,0,0
2020-03-20 07:30,70,48,22,0,0,0
2020-03-20 07:45,109,56,53,0,0,0
2020-03-20 08:00,71,32,39,0,0,0
2020-03-20 08:15,72,33,39,0,0,0
2020-03-20 08:30,71,45,26,0,0,0
2020-03-20 08:45,70,57,13,0,0,0
2020-03-20 09:00,45,24,21,0,0,0
2020-03-20 09:15,47,17,30,0,0,0
2020-03-20 09:30,65,35,30,0,0,0
2020-03-20 09:45,62,35,27,0,0,0
2020-03-20 10:00,50,24,26,0,0,0
2020-03-20 10:15,36,22,14,0,0,0
2020-03-20 10:30,51,33,18,0,0,0
2020-03-20 10:45,53,30,23,0,0,0
2020-03-20 11:00,62,39,23,0,0,0
2020-03-20 11:15,57,36,21,0,0,0
2020-03-20 11:30,55,30,25,0,0,0
2020-03-20 11:45,53,23,30,0,0,0
2020-03-20 12:00,60,30,30,0,0,0
2020-03-20 12:15,77,28,49,0,0,0
2020-03-20 12:30,71,34,37,0,0,0
2020-03-20 12:45,76,39,37,0,0,0
2020-03-20 13:00,50,16,34,0,0,0
2020-03-20 13:15,94,40,54,0,0,0
2020-03-20 13:30,76,40,36,0,0,0
2020-03-20 13:45,78,36,42,0,0,0
2020-03-20 14:00,84,36,48,0,0,0
2020-03-20 14:15,61,24,37,0,0,0
2020-03-20 14:30,65,28,37,0,0,0
2020-03-20 14:45,73,41,32,0,0,0
2020-03-20 15:00,80,40,40,0,0,0
2020-03-20 15:15,78,38,40,0,0,0
2020-03-20 15:30,63,22,41,0,0,0
2020-03-20 15:45,70,37,33,0,0,0
2020-03-20 16:00,77,39,38,0,0,0
2020-03-20 16:15,86,30,56,0,0,0
2020-03-20 16:30,85,40,45,0,0,0
2020-03-20 16:45,58,28,30,0,0,0
2020-03-20 17:00,40,18,22,0,0,0
2020-03-20 17:15,59,31,28,0,0,0
2020-03-20 17:30,60,23,37,0,0,0
2020-03-20 17:45,48,25,23,0,0,0
2020-03-20 18:00,47,21,26,0,0,0
2020-03-20 18:15,42,15,27,0,0,0
2020-03-20 18:30,52,18,34,0,0,0
2020-03-20 18:45,45,18,27,0,0,0
2020-03-20 19:00,44,21,23,0,0,0
2020-03-20 19:15,31,15,16,0,0,0
2020-03-20 19:30,48,12,36,0,0,0
2020-03-20 19:45,31,15,16,0,0,0
2020-03-20 20:00,24,12,12,0,0,0
2020-03-20 20:15,21,7,14,0,0,0
2020-03-20 20:30,28,9,19,0,0,0
2020-03-20 20:45,16,6,10,0,0,0
2020-03-20 21:00,27,9,18,0,0,0
2020-03-20 21:15,16,8,8,0,0,0
2020-03-20 21:30,15,7,8,0,0,0
2020-03-20 21:45,10,6,4,0,0,0
2020-03-20 22:00,12,5,7,0,0,0
2020-03-20 22:15,14,5,9,0,0,0
2020-03-20 22:30,7,4,3,0,0,0
2020-03-20 22:45,15,5,10,0,0,0
2020-03-20 23:00,5,2,3,0,0,0
2020-03-20 23:15,5,2,3,0,0,0
2020-03-20 23:30,9,5,4,0,0,0
2020-03-20 23:45,12,6,6,0,0,0
2020-03-21 00:00,9,2,7,0,0,0
2020-03-21 00:15,11,5,6,0,0,0
2020-03-21 00:30,2,0,2,0,0,0
2020-03-21 00:45,6,2,4,0,0,0
2020-03-21 01:00,6,5,1,0,0,0
2020-03-21 01:15,6,1,5,0,0,0
2020-03-21 01:30,5,4,1,0,0,0
2020-03-21 01:45,1,1,0,0,0,0
2020-03-21 02:00,3,0,3,0,0,0
2020-03-21 02:15,2,1,1,0,0,0
2020-03-21 02:30,5,4,1,0,0,0
2020-03-21 02:45,5,4,1,0,0,0
2020-03-21 03:00,1,0,1,0,0,0
2020-03-21 03:15,1,0,1,0,0,0
2020-03-21 03:30,1,0,1,0,0,0
2020-03-21 03:45,1,0,1,0,0,0
2020-03-21 04:00,0,0,0,0,0,0
2020-03-21 04:15,3,3,0,0,0,0
2020-03-21 04:30,2,2,0,0,0,0
2020-03-21 04:45,1,0,1,0,0,0
2020-03-21 05:00,2,1,1,0,0,0
2020-03-21 05:15,3,2,1,0,0,0
2020-03-21 05:30,6,6,0,0,0,0
2020-03-21 05:45,10,5,5,0,0,0
2020-03-21 06:00,7,3,4,0,0,0
2020-03-21 06:15,5,3,2,0,0,0
2020-03-21 06:30,4,1,3,0,0,0
2020-03-21 06:45,9,7,2,0,0,0
2020-03-21 07:00,9,5,4,0,0,0
2020-03-21 07:15,12,9,3,0,0,0
2020-03-21 07:30,16,12,4,0,0,0
2020-03-21 07:45,14,10,4,0,0,0
2020-03-21 08:00,20,11,9,0,0,0
2020-03-21 08:15,18,11,7,0,0,0
2020-03-21 08:30,26,18,8,0,0,0
2020-03-21 08:45,35,19,16,0,0,0
2020-03-21 09:00,24,13,11,0,0,0
2020-03-21 09:15,36,27,9,0,0,0
2020-03-21 09:30,51,30,21,0,0,0
2020-03-21 09:45,53,25,28,0,0,0
2020-03-21 10:00,31,18,13,0,0,0
2020-03-21 10:15,52,36,16,0,0,0
2020-03-21 10:30,54,30,24,0,0,0
2020-03-21 10:45,60,34,26,0,0,0
2020-03-21 11:00,63,29,34,0,0,0
2020-03-21 11:15,70,33,37,0,0,0
2020-03-21 11:30,56,29,27,0,0,0
2020-03-21 11:45,62,32,30,0,0,0
2020-03-21 12:00,68,38,30,0,0,0
2020-03-21 12:15,62,25,37,0,0,0
2020-03-21 12:30,71,26,45,0,0,0
2020-03-21 12:45,55,26,29,0,0,0
2020-03-21 13:00,64,27,37,0,0,0
2020-03-21 13:15,47,16,31,0,0,0
2020-03-21 13:30,50,26,24,0,0,0
2020-03-21 13:45,75,38,37,0,0,0
2020-03-21 14:00,65,33,32,0,0,0
2020-03-21 14:15,56,28,28,0,0,0
2020-03-21 14:30,60,27,33,0,0,0
2020-03-21 14:45,64,27,37,0,0,0
2020-03-21 15:00,43,20,23,0,0,0
2020-03-21 15:15,48,25,23,0,0,0
2020-03-21 15:30,46,25,21,0,0,0
2020-03-21 15:45,48,25,23,0,0,0
2020-03-21 16:00,59,29,30,0,0,0
2020-03-21 16:15,53,25,28,0,0,0
2020-03-21 16:30,50,20,30,0,0,0
2020-03-21 16:45,64,29,35,0,0,0
2020-03-21 17:00,46,18,28,0,0,0
2020-03-21 17:15,58,24,34,0,0,0
2020-03-21 17:30,45,18,27,0,0,0
2020-03-21 17:45,48,20,28,0,0,0
2020-03-21 18:00,28,6,22,0,0,0
2020-03-21 18:15,44,23,21,0,0,0
2020-03-21 18:30,41,21,20,0,0,0
2020-03-21 18:45,51,22,29,0,0,0
2020-03-21 19:00,30,17,13,0,0,0
2020-03-21 19:15,24,7,17,0,0,0
2020-03-21 19:30,35,17,18,0,0,0
2020-03-21 19:45,27,14,13,0,0,0
2020-03-21 20:00,22,10,12,0,0,0
2020-03-21 20:15,19,13,6,0,0,0
2020-03-21 20:30,17,5,12,0,0,0
2020-03-21 20:45,10,5,5,0,0,0
2020-03-21 21:00,22,10,12,0,0,0
2020-03-21 21:15,14,9,5,0,0,0
2020-03-21 21:30,20,7,13,0,0,0
2020-03-21 21:45,5,2,3,0,0,0
2020-03-21 22:00,18,9,9,0,0,0
2020-03-21 22:15,16,7,9,0,0,0
2020-03-21 22:30,8,2,6,0,0,0
2020-03-21 22:45,8,3,5,0,0,0
2020-03-21 23:00,10,5,5,0,0,0
2020-03-21 23:15,3,1,2,0,0,0
2020-03-21 23:30,3,2,1,0,0,0
2020-03-21 23:45,7,4,3,0,0,0
2020-03-22 00:00,9,3,6,0,0,0
2020-03-22 00:15,2,2,0,0,0,0
2020-03-22 00:30,5,2,3,0,0,0
2020-03-22 00:45,7,4,3,0,0,0
2020-03-22 01:00,1,0,1,0,0,0
2020-03-22 01:15,3,3,0,0,0,0
2020-03-22 01:30,6,3,3,0,0,0
2020-03-22 01:45,3,2,1,0,0,0
2020-03-22 02:00,2,1,1,0,0,0
2020-03-22 02:15,0,0,0,0,0,0
2020-03-22 02:30,0,0,0,0,0,0
2020-03-22 02:45,2,1,1,0,0,0
2020-03-22 03:00,1,0,1,0,0,0
2020-03-22 03:15,2,0,2,0,0,0
2020-03-22 03:30,0,0,0,0,0,0
2020-03-22 03:45,4,1,3,0,0,0
2020-03-22 04:00,0,0,0,0,0,0
2020-03-22 04:15,1,0,1,0,0,0
2020-03-22 04:30,0,0,0,0,0,0
2020-03-22 04:45,1,1,0,0,0,0
2020-03-22 05:00,1,0,1,0,0,0
2020-03-22 05:15,3,2,1,0,0,0
2020-03-22 05:30,5,4,1,0,0,0
2020-03-22 05:45,3,3,0,0,0,0
2020-03-22 06:00,2,1,1,0,0,0
2020-03-22 06:15,5,1,4,0,0,0
2020-03-22 06:30,4,4,0,0,0,0
2020-03-22 06:45,0,0,0,0,0,0
2020-03-22 07:00,4,2,2,0,0,0
2020-03-22 07:15,5,4,1,0,0,0
2020-03-22 07:30,5,3,2,0,0,0
2020-03-22 07:45,5,3,2,0,0,0
2020-03-22 08:00,5,3,2,0,0,0
2020-03-22 08:15,6,2,4,0,0,0
2020-03-22 08:30,10,5,5,0,0,0
2020-03-22 08:45,4,2,2,0,0,0
2020-03-22 09:00,15,9,6,0,0,0
2020-03-22 09:15,15,6,9,0,0,0
2020-03-22 09:30,15,6,9,0,0,0
2020-03-22 09:45,23,14,9,0,0,0
2020-03-22 10:00,18,11,7,0,0,0
2020-03-22 10:15,18,11,7,0,0,0
2020-03-22 10:30,21,10,11,0,0,0
2020-03-22 10:45,27,20,7,0,0,0
2020-03-22 11:00,22,12,10,0,0,0
2020-03-22 11:15,22,10,12,0,0,0
2020-03-22 11:30,37,18,19,0,0,0
2020-03-22 11:45,33,16,17,0,0,0
2020-03-22 12:00,29,15,14,0,0,0
2020-03-22 12:15,37,17,20,0,0,0
2020-03-22 12:30,32,5,27,0,0,0
2020-03-22 12:45,38,17,21,0,0,0
2020-03-22 13:00,39,20,19,0,0,0
2020-03-22 13:15,42,19,23,0,0,0
2020-03-22 13:30,51,32,19,0,0,0
2020-03-22 13:45,46,23,23,0,0,0
2020-03-22 14:00,69,34,35,0,0,0
2020-03-22 14:15,53,25,28,0,0,0
2020-03-22 14:30,51,22,29,0,0,0
2020-03-22 14:45,55,23,32,0,0,0
2020-03-22 15:00,58,23,35,0,0,0
2020-03-22 15:15,44,21,23,0,0,0
2020-03-22 15:30,63,34,29,0,0,0
2020-03-22 15:45,77,39,38,0,0,0
2020-03-22 16:00,75,40,35,0,0,0
2020-03-22 16:15,64,25,39,0,0,0
2020-03-22 16:30,51,28,23,0,0,0
2020-03-22 16:45,47,25,22,0,0,0
2020-03-22 17:00,65,33,32,0,0,0
2020-03-22 17:15,48,22,26,0,0,0
2020-03-22 17:30,34,13,21,0,0,0
2020-03-22 17:45,39,21,18,0,0,0
2020-03-22 18:00,32,16,16,0,0,0
2020-03-22 18:15,41,23,18,0,0,0
2020-03-22 18:30,32,17,15,0,0,0
2020-03-22 18:45,50,31,19,0,0,0
2020-03-22 19:00,25,15,10,0,0,0
2020-03-22 19:15,20,10,10,0,0,0
2020-03-22 19:30,29,13,16,0,0,0
2020-03-22 19:45,19,12,7,0,0,0
2020-03-22 20:00,20,8,12,0,0,0
2020-03-22 20:15,9,6,3,0,0,0
2020-03-22 20:30,20,12,8,0,0,0
2020-03-22 20:45,8,4,4,0,0,0
2020-03-22 21:00,15,3,12,0,0,0
2020-03-22 21:15,15,8,7,0,0,0
2020-03-22 21:30,9,3,6,0,0,0
2020-03-22 21:45,6,4,2,0,0,0
2020-03-22 22:00,14,7,7,0,0,0
2020-03-22 22:15,15,8,7,0,0,0
2020-03-22 22:30,3,0,3,0,0,0
2020-03-22 22:45,9,4,5,0,0,0
2020-03-22 23:00,5,1,4,0,0,0
2020-03-22 23:15,7,3,4,0,0,0
2020-03-22 23:30,4,3,1,0,0,0
2020-03-22 23:45,7,3,4,0,0,0
2020-03-23 00:00,1,0,1,0,0,0
2020-03-23 00:15,1,0,1,0,0,0
2020-03-23 00:30,1,0,1,0,0,0
2020-03-23 00:45,2,2,0,0,0,0
2020-03-23 01:00,3,3,0,0,0,0
2020-03-23 01:15,7,2,5,0,0,0
2020-03-23 01:30,1,1,0,0,0,0
2020-03-23 01:45,2,0,2,0,0,0
2020-03-23 02:00,1,1,0,0,0,0
2020-03-23 02:15,0,0,0,0,0,0
2020-03-23 02:30,0,0,0,0,0,0
2020-03-23 02:45,0,0,0,0,0,0
2020-03-23 03:00,2,2,0,0,0,0
2020-03-23 03:15,1,1,0,0,0,0
2020-03-23 03:30,1,0,1,0,0,0
2020-03-23 03:45,0,0,0,0,0,0
2020-03-23 04:00,1,1,0,0,0,0
2020-03-23 04:15,1,0,1,0,0,0
2020-03-23 04:30,3,2,1,0,0,0
2020-03-23 04:45,5,3,2,0,0,0
2020-03-23 05:00,6,5,1,0,0,0
2020-03-23 05:15,8,6,2,0,0,0
2020-03-23 05:30,12,10,2,0,0,0
2020-03-23 05:45,23,16,7,0,0,0
2020-03-23 06:00,21,15,6,0,0,0
2020-03-23 06:15,27,19,8,0,0,0
2020-03-23 06:30,37,25,12,0,0,0
2020-03-23 06:45,43,30,13,0,0,0
2020-03-23 07:00,56,43,13,0,0,0
2020-03-23 07:15,74,52,22,0,0,0
2020-03-23 07:30,77,52,25,0,0,0
2020-03-23 07:45,111,67,44,0,0,0
2020-03-23 08:00,74,37,37,0,0,0
2020-03-23 08:15,73,42,31,0,0,0
2020-03-23 08:30,71,47,24,0,0,0
2020-03-23 08:45,82,51,31,0,0,0
2020-03-23 09:00,62,39,23,0,0,0
2020-03-23 09:15,55,28,27,0,0,0
2020-03-23 09:30,48,27,21,0,0,0
2020-03-23 09:45,61,38,23,0,0,0
2020-03-23 10:00,52,29,23,0,0,0
2020-03-23 10:15,52,28,24,0,0,0
2020-03-23 10:30,40,20,20,0,0,0
2020-03-23 10:45,53,30,23,0,0,0
2020-03-23 11:00,43,23,20,0,0,0
2020-03-23 11:15,46,26,20,0,0,0
2020-03-23 11:30,61,37,24,0,0,0
2020-03-23 11:45,51,24,27,0,0,0
2020-03-23 12:00,68,32,36,0,0,0
2020-03-23 12:15,52,22,30,0,0,0
2020-03-23 12:30,44,20,24,0,0,0
2020-03-23 12:45,51,28,23,0,0,0
2020-03-23 13:00,73,44,29,0,0,0
2020-03-23 13:15,74,30,44,0,0,0
2020-03-23 13:30,51,24,27,0,0,0
2020-03-23 13:45,66,35,31,0,0,0
2020-03-23 14:00,70,32,38,0,0,0
2020-03-23 14:15,64,23,41,0,0,0
2020-03-23 14:30,82,42,40,0,0,0
2020-03-23 14:45,68,31,37,0,0,0
2020-03-23 15:00,72,34,38,0,0,0
2020-03-23 15:15,68,32,36,0,0,0
2020-03-23 15:30,89,37,52,0,0,0
2020-03-23 15:45,106,46,60,0,0,0
2020-03-23 16:00,83,35,48,0,0,0
2020-03-23 16:15,118,54,64,0,0,0
2020-03-23 16:30,106,54,52,0,0,0
2020-03-23 16:45,104,50,54,0,0,0
2020-03-23 17:00,111,46,65,0,0,0
2020-03-23 17:15,104,48,56,0,0,0
2020-03-23 17:30,90,38,52,0,0,0
2020-03-23 17:45,86,34,52,0,0,0
2020-03-23 18:00,75,31,44,0,0,0
2020-03-23 18:15,74,21,53,0,0,0
2020-03-23 18:30,72,34,38,0,0,0
2020-03-23 18:45,45,16,29,0,0,0
2020-03-23 19:00,43,22,21,0,0,0
2020-03-23 19:15,45,15,30,0,0,0
2020-03-23 19:30,32,12,20,0,0,0
2020-03-23 19:45,26,8,18,0,0,0
2020-03-23 20:00,30,8,22,0,0,0
2020-03-23 20:15,28,9,19,0,0,0
2020-03-23 20:30,17,10,7,0,0,0
2020-03-23 20:45,25,12,13,0,0,0
2020-03-23 21:00,18,11,7,0,0,0
2020-03-23 21:15,19,6,13,0,0,0
2020-03-23 21:30,10,5,5,0,0,0
2020-03-23 21:45,8,3,5,0,0,0
2020-03-23 22:00,11,6,5,0,0,0
2020-03-23 22:15,17,4,13,0,0,0
2020-03-23 22:30,8,3,5,0,0,0
2020-03-23 22:45,5,2,3,0,0,0
2020-03-23 23:00,5,4,1,0,0,0
2020-03-23 23:15,5,3,2,0,0,0
2020-03-23 23:30,8,1,7,0,0,0
2020-03-23 23:45,6,2,4,0,0,0
2020-03-24 00:00,3,1,2,0,0,0
2020-03-24 00:15,5,2,3,0,0,0
2020-03-24 00:30,4,1,3,0,0,0
2020-03-24 00:45,2,0,2,0,0,0
2020-03-24 01:00,0,0,0,0,0,0
2020-03-24 01:15,3,1,2,0,0,0
2020-03-24 01:30,3,1,2,0,0,0
2020-03-24 01:45,1,1,0,0,0,0
2020-03-24 02:00,1,1,0,0,0,0
2020-03-24 02:15,0,0,0,0,0,0
2020-03-24 02:30,4,3,1,0,0,0
2020-03-24 02:45,0,0,0,0,0,0
2020-03-24 03:00,1,1,0,0,0,0
2020-03-24 03:15,1,0,1,0,0,0
2020-03-24 03:30,1,1,0,0,0,0
2020-03-24 03:45,1,0,1,0,0,0
2020-03-24 04:00,4,3,1,0,0,0
2020-03-24 04:15,3,3,0,0,0,0
2020-03-24 04:30,3,1,2,0,0,0
2020-03-24 04:45,7,6,1,0,0,0
2020-03-24 05:00,6,5,1,0,0,0
2020-03-24 05:15,4,4,0,0,0,0
2020-03-24 05:30,16,16,0,0,0,0
2020-03-24 05:45,16,11,5,0,0,0
2020-03-24 06:00,18,13,5,0,0,0
2020-03-24 06:15,24,16,8,0,0,0
2020-03-24 06:30,33,19,14,0,0,0
2020-03-24 06:45,45,31,14,0,0,0
2020-03-24 07:00,53,41,12,0,0,0
2020-03-24 07:15,74,51,23,0,0,0
2020-03-24 07:30,74,51,23,0,0,0
2020-03-24 07:45,94,58,36,0,0,0
2020-03-24 08:00,62,37,25,0,0,0
2020-03-24 08:15,59,34,25,0,0,0
2020-03-24 08:30,74,49,25,0,0,0
2020-03-24 08:45,80,49,31,0,0,0
2020-03-24 09:00,53,32,21,0,0,0
2020-03-24 09:15,44,30,14,0,0,0
2020-03-24 09:30,56,30,26,0,0,0
2020-03-24 09:45,53,30,23,0,0,0
2020-03-24 10:00,34,16,18,0,0,0
2020-03-24 10:15,21,0,21,0,0,0
2020-03-24 10:30,42,10,32,0,0,0
2020-03-24 10:45,50,30,20,0,0,0
2020-03-24 11:00,37,23,14,0,0,0
2020-03-24 11:15,38,23,15,0,0,0
2020-03-24 11:30,52,20,32,0,0,0
2020-03-24 11:45,44,21,23,0,0,0
2020-03-24 12:00,55,25,30,0,0,0
2020-03-24 12:15,58,30,28,0,0,0
2020-03-24 12:30,54,26,28,0,0,0
2020-03-24 12:45,73,43,30,0,0,0
2020-03-24 13:00,67,26,41,0,0,0
2020-03-24 13:15,70,34,36,0,0,0
2020-03-24 13:30,85,45,40,0,0,0
2020-03-24 13:45,62,28,34,0,0,0
2020-03-24 14:00,67,29,38,0,0,0
2020-03-24 14:15,61,25,36,0,0,0
2020-03-24 14:30,90,44,46,0,0,0
2020-03-24 14:45,82,40,42,0,0,0
2020-03-24 15:00,78,31,47,0,0,0
2020-03-24 15:15,68,31,37,0,0,0
2020-03-24 15:30,87,46,41,0,0,0
2020-03-24 15:45,85,51,34,0,0,0
2020-03-24 16:00,72,27,45,0,0,0
2020-03-24 16:15,122,49,73,0,0,0
2020-03-24 16:30,112,47,65,0,0,0
2020-03-24 16:45,122,49,73,0,0,0
2020-03-24 17:00,121,56,65,0,0,0
2020-03-24 17:15,106,49,57,0,0,0
2020-03-24 17:30,114,42,72,0,0,0
2020-03-24 17:45,98,42,56,0,0,0
2020-03-24 18:00,78,35,43,0,0,0
2020-03-24 18:15,87,44,43,0,0,0
2020-03-24 18:30,70,30,40,0,0,0
2020-03-24 18:45,57,19,38,0,0,0
2020-03-24 19:00,65,27,38,0,0,0
2020-03-24 19:15,46,19,27,0,0,0
2020-03-24 19:30,35,16,19,0,0,0
2020-03-24 19:45,35,17,18,0,0,0
2020-03-24 20:00,38,13,25,0,0,0
2020-03-24 20:15,20,6,14,0,0,0
2020-03-24 20:30,17,7,10,0,0,0
2020-03-24 20:45,17,7,10,0,0,0
2020-03-24 21:00,27,12,15,0,0,0
2020-03-24 21:15,26,8,18,0,0,0
2020-03-24 21:30,27,14,13,0,0,0
2020-03-24 21:45,8,7,1,0,0,0
2020-03-24 22:00,14,6,8,0,0,0
2020-03-24 22:15,13,5,8,0,0,0
2020-03-24 22:30,14,3,11,0,0,0
2020-03-24 22:45,8,1,7,0,0,0
2020-03-24 23:00,5,2,3,0,0,0
2020-03-24 23:15,10,5,5,0,0,0
2020-03-24 23:30,8,4,4,0,0,0
2020-03-24 23:45,9,2,7,0,0,0
2020-03-25 00:00,4,0,4,0,0,0
2020-03-25 00:15,3,2,1,0,0,0
2020-03-25 00:30,6,2,4,0,0,0
2020-03-25 00:45,8,6,2,0,0,0
2020-03-25 01:00,1,1,0,0,0,0
2020-03-25 01:15,1,0,1,0,0,0
2020-03-25 01:30,0,0,0,0,0,0
2020-03-25 01:45,0,0,0,0,0,0
2020-03-25 02:00,1,0,1,0,0,0
2020-03-25 02:15,0,0,0,0,0,0
2020-03-25 02:30,0,0,0,0,0,0
2020-03-25 02:45,1,1,0,0,0,0
2020-03-25 03:00,1,1,0,0,0,0
2020-03-25 03:15,2,1,1,0,0,0
2020-03-25 03:30,1,1,0,0,0,0
2020-03-25 03:45,3,2,1,0,0,0
2020-03-25 04:00,1,1,0,0,0,0
2020-03-25 04:15,2,1,1,0,0,0
2020-03-25 04:30,6,5,1,0,0,0
2020-03-25 04:45,4,3,1,0,0,0
2020-03-25 05:00,5,4,1,0,0,0
2020-03-25 05:15,4,3,1,0,0,0
2020-03-25 05:30,16,11,5,0,0,0
2020-03-25 05:45,22,16,6,0,0,0
2020-03-25 06:00,19,12,7,0,0,0
2020-03-25 06:15,20,17,3,0,0,0
2020-03-25 06:30,42,30,12,0,0,0
2020-03-25 06:45,56,41,15,0,0,0
2020-03-25 07:00,63,45,18,0,0,0
2020-03-25 07:15,71,51,20,0,0,0
2020-03-25 07:30,85,64,21,0,0,0
2020-03-25 07:45,88,48,40,0,0,0
2020-03-25 08:00,88,52,36,0,0,0
2020-03-25 08:15,72,47,25,0,0,0
2020-03-25 08:30,67,43,24,0,0,0
2020-03-25 08:45,71,54,17,0,0,0
2020-03-25 09:00,57,38,19,0,0,0
2020-03-25 09:15,60,32,28,0,0,0
2020-03-25 09:30,52,29,23,0,0,0
2020-03-25 09:45,67,37,30,0,0,0
2020-03-25 10:00,63,31,32,0,0,0
2020-03-25 10:15,55,32,23,0,0,0
2020-03-25 10:30,48,32,16,0,0,0
2020-03-25 10:45,86,44,42,0,0,0
2020-03-25 11:00,66,33,33,0,0,0
2020-03-25 11:15,62,31,31,0,0,0
2020-03-25 11:30,62,31,31,0,0,0
2020-03-25 11:45,77,45,32,0,0,0
2020-03-25 12:00,78,37,41,0,0,0
2020-03-25 12:15,99,52,47,0,0,0
2020-03-25 12:30,72,24,48,0,0,0
2020-03-25 12:45,71,31,40,0,0,0
2020-03-25 13:00,80,32,48,0,0,0
2020-03-25 13:15,84,36,48,0,0,0
2020-03-25 13:30,86,42,44,0,0,0
2020-03-25 13:45,81,39,42,0,0,0
2020-03-25 14:00,64,23,41,0,0,0
2020-03-25 14:15,79,39,40,0,0,0
2020-03-25 14:30,93,44,49,0,0,0
2020-03-25 14:45,77,35,42,0,0,0
2020-03-25 15:00,67,29,38,0,0,0
2020-03-25 15:15,102,44,58,0,0,0
2020-03-25 15:30,81,34,47,0,0,0
2020-03-25 15:45,109,60,49,0,0,0
2020-03-25 16:00,89,43,46,0,0,0
2020-03-25 16:15,116,43,73,0,0,0
2020-03-25 16:30,97,42,55,0,0,0
2020-03-25 16:45,102,55,47,0,0,0
2020-03-25 17:00,112,46,66,0,0,0
2020-03-25 17:15,102,40,62,0,0,0
2020-03-25 17:30,97,44,53,0,0,0
2020-03-25 17:45,80,35,45,0,0,0
2020-03-25 18:00,77,29,48,0,0,0
2020-03-25 18:15,73,23,50,0,0,0
2020-03-25 18:30,74,27,47,0,0,0
2020-03-25 18:45,76,31,45,0,0,0
2020-03-25 19:00,70,33,37,0,0,0
2020-03-25 19:15,44,20,24,0,0,0
2020-03-25 19:30,37,19,18,0,0,0
2020-03-25 19:45,48,13,35,0,0,0
2020-03-25 20:00,32,16,16,0,0,0
2020-03-25 20:15,34,10,24,0,0,0
2020-03-25 20:30,22,7,15,0,0,0
2020-03-25 20:45,23,4,19,0,0,0
2020-03-25 21:00,23,11,12,0,0,0
2020-03-25 21:15,21,12,9,0,0,0
2020-03-25 21:30,21,14,7,0,0,0
2020-03-25 21:45,12,5,7,0,0,0
2020-03-25 22:00,21,9,12,0,0,0
2020-03-25 22:15,12,6,6,0,0,0
2020-03-25 22:30,12,4,8,0,0,0
2020-03-25 22:45,11,5,6,0,0,0
2020-03-25 23:00,12,8,4,0,0,0
2020-03-25 23:15,7,3,4,0,0,0
2020-03-25 23:30,7,5,2,0,0,0
2020-03-25 23:45,3,1,2,0,0,0
2020-03-26 00:00,6,2,4,0,0,0
2020-03-26 00:15,3,3,0,0,0,0
2020-03-26 00:30,3,3,0,0,0,0
2020-03-26 00:45,0,0,0,0,0,0
2020-03-26 01:00,1,1,0,0,0,0
2020-03-26 01:15,4,1,3,0,0,0
2020-03-26 01:30,1,0,1,0,0,0
2020-03-26 01:45,1,1,0,0,0,0
2020-03-26 02:00,0,0,0,0,0,0
2020-03-26 02:15,3,2,1,0,0,0
2020-03-26 02:30,0,0,0,0,0,0
2020-03-26 02:45,1,1,0,0,0,0
2020-03-26 03:00,2,1,1,0,0,0
2020-03-26 03:15,1,0,1,0,0,0
2020-03-26 03:30,1,1,0,0,0,0
2020-03-26 03:45,1,1,0,0,0,0
2020-03-26 04:00,0,0,0,0,0,0
2020-03-26 04:15,5,4,1,0,0,0
2020-03-26 04:30,3,3,0,0,0,0
2020-03-26 04:45,4,3,1,0,0,0
2020-03-26 05:00,5,4,1,0,0,0
2020-03-26 05:15,6,4,2,0,0,0
2020-03-26 05:30,20,14,6,0,0,0
2020-03-26 05:45,19,12,7,0,0,0
2020-03-26 06:00,17,13,4,0,0,0
2020-03-26 06:15,24,16,8,0,0,0
2020-03-26 06:30,43,33,10,0,0,0
2020-03-26 06:45,42,29,13,0,0,0
2020-03-26 07:00,50,33,17,0,0,0
2020-03-26 07:15,65,43,22,0,0,0
2020-03-26 07:30,78,60,18,0,0,0
2020-03-26 07:45,91,53,38,0,0,0
2020-03-26 08:00,69,42,27,0,0,0
2020-03-26 08:15,77,38,39,0,0,0
2020-03-26 08:30,67,52,15,0,0,0
2020-03-26 08:45,81,44,37,0,0,0
2020-03-26 09:00,49,26,23,0,0,0
2020-03-26 09:15,46,25,21,0,0,0
2020-03-26 09:30,59,39,20,0,0,0
2020-03-26 09:45,59,32,27,0,0,0
2020-03-26 10:00,37,19,18,0,0,0
2020-03-26 10:15,44,23,21,0,0,0
2020-03-26 10:30,48,28,20,0,0,0
2020-03-26 10:45,60,37,23,0,0,0
2020-03-26 11:00,56,31,25,0,0,0
2020-03-26 11:15,57,31,26,0,0,0
2020-03-26 11:30,56,38,18,0,0,0
2020-03-26 11:45,56,30,26,0,0,0
2020-03-26 12:00,65,34,31,0,0,0
2020-03-26 12:15,60,34,26,0,0,0
2020-03-26 12:30,81,39,42,0,0,0
2020-03-26 12:45,75,33,42,0,0,0
2020-03-26 13:00,76,37,39,0,0,0
2020-03-26 13:15,73,43,30,0,0,0
2020-03-26 13:30,83,35,48,0,0,0
2020-03-26 13:45,74,38,36,0,0,0
2020-03-26 14:00,57,26,31,0,0,0
2020-03-26 14:15,84,41,43,0,0,0
2020-03-26 14:30,109,56,53,0,0,0
2020-03-26 14:45,82,41,41,0,0,0
2020-03-26 15:00,78,45,33,0,0,0
2020-03-26 15:15,95,40,55,0,0,0
2020-03-26 15:30,84,34,50,0,0,0
2020-03-26 15:45,114,53,61,0,0,0
2020-03-26 16:00,115,45,70,0,0,0
2020-03-26 16:15,118,53,65,0,0,0
2020-03-26 16:30,107,41,66,0,0,0
2020-03-26 16:45,99,41,58,0,0,0
2020-03-26 17:00,107,46,61,0,0,0
2020-03-26 17:15,92,38,54,0,0,0
2020-03-26 17:30,86,42,44,0,0,0
2020-03-26 17:45,70,38,32,0,0,0
2020-03-26 18:00,88,34,54,0,0,0
2020-03-26 18:15,78,39,39,0,0,0
2020-03-26 18:30,75,32,43,0,0,0
2020-03-26 18:45,61,27,34,0,0,0
2020-03-26 19:00,63,20,43,0,0,0
2020-03-26 19:15,65,30,35,0,0,0
2020-03-26 19:30,35,19,16,0,0,0
2020-03-26 19:45,33,16,17,0,0,0
2020-03-26 20:00,27,9,18,0,0,0
2020-03-26 20:15,37,10,27,0,0,0
2020-03-26 20:30,19,6,13,0,0,0
2020-03-26 20:45,20,7,13,0,0,0
2020-03-26 21:00,19,10,9,0,0,0
2020-03-26 21:15,14,5,9,0,0,0
2020-03-26 21:30,17,11,6,0,0,0
2020-03-26 21:45,13,7,6,0,0,0
2020-03-26 22:00,7,2,5,0,0,0
2020-03-26 22:15,22,9,13,0,0,0
2020-03-26 22:30,12,6,6,0,0,0
2020-03-26 22:45,7,3,4,0,0,0
2020-03-26 23:00,5,1,4,0,0,0
2020-03-26 23:15,5,2,3,0,0,0
2020-03-26 23:30,6,5,1,0,0,0
2020-03-26 23:45,6,4,2,0,0,0
2020-03-27 00:00,6,4,2,0,0,0
2020-03-27 00:15,3,1,2,0,0,0
2020-03-27 00:30,4,2,2,0,0,0
2020-03-27 00:45,2,1,1,0,0,0
2020-03-27 01:00,2,1,1,0,0,0
2020-03-27 01:15,2,0,2,0,0,0
2020-03-27 01:30,1,1,0,0,0,0
2020-03-27 01:45,5,4,1,0,0,0
2020-03-27 02:00,1,1,0,0,0,0
2020-03-27 02:15,1,0,1,0,0,0
2020-03-27 02:30,0,0,0,0,0,0
2020-03-27 02:45,1,0,1,0,0,0
2020-03-27 03:00,4,1,3,0,0,0
2020-03-27 03:15,2,0,2,0,0,0
2020-03-27 03:30,1,1,0,0,0,0
2020-03-27 03:45,1,0,1,0,0,0
2020-03-27 04:00,0,0,0,0,0,0
2020-03-27 04:15,5,5,0,0,0,0
2020-03-27 04:30,1,1,0,0,0,0
2020-03-27 04:45,5,4,1,0,0,0
2020-03-27 05:00,7,4,3,0,0,0
2020-03-27 05:15,8,7,1,0,0,0
2020-03-27 05:30,15,12,3,0,0,0
2020-03-27 05:45,26,18,8,0,0,0
2020-03-27 06:00,19,14,5,0,0,0
2020-03-27 06:15,24,10,14,0,0,0
2020-03-27 06:30,40,28,12,0,0,0
2020-03-27 06:45,49,35,14,0,0,0
2020-03-27 07:00,55,44,11,0,0,0
2020-03-27 07:15,55,36,19,0,0,0
2020-03-27 07:30,74,54,20,0,0,0
2020-03-27 07:45,105,59,46,0,0,0
2020-03-27 08:00,61,28,33,0,0,0
2020-03-27 08:15,66,39,27,0,0,0
2020-03-27 08:30,76,44,32,0,0,0
2020-03-27 08:45,62,36,26,0,0,0
2020-03-27 09:00,48,28,20,0,0,0
2020-03-27 09:15,40,21,19,0,0,0
2020-03-27 09:30,60,31,29,0,0,0
2020-03-27 09:45,64,40,24,0,0,0
2020-03-27 10:00,39,19,20,0,0,0
2020-03-27 10:15,45,29,16,0,0,0
2020-03-27 10:30,48,18,30,0,0,0
2020-03-27 10:45,60,34,26,0,0,0
2020-03-27 11:00,69,28,41,0,0,0
2020-03-27 11:15,57,25,32,0,0,0
2020-03-27 11:30,46,28,18,0,0,0
2020-03-27 11:45,60,32,28,0,0,0
2020-03-27 12:00,67,29,38,0,0,0
2020-03-27 12:15,67,37,30,0,0,0
2020-03-27 12:30,64,36,28,0,0,0
2020-03-27 12:45,85,38,47,0,0,0
2020-03-27 13:00,70,33,37,0,0,0
2020-03-27 13:15,78,33,45,0,0,0
2020-03-27 13:30,85,44,41,0,0,0
2020-03-27 13:45,105,44,61,0,0,0
2020-03-27 14:00,83,28,55,0,0,0
2020-03-27 14:15,90,49,41,0,0,0
2020-03-27 14:30,101,47,54,0,0,0
2020-03-27 14:45,125,58,67,0,0,0
2020-03-27 15:00,85,36,49,0,0,0
2020-03-27 15:15,117,51,66,0,0,0
2020-03-27 15:30,77,42,35,0,0,0
2020-03-27 15:45,113,52,61,0,0,0
2020-03-27 16:00,97,45,52,0,0,0
2020-03-27 16:15,109,49,60,0,0,0
2020-03-27 16:30,97,41,56,0,0,0
2020-03-27 16:45,103,63,40,0,0,0
2020-03-27 17:00,93,51,42,0,0,0
2020-03-27 17:15,99,57,42,0,0,0
2020-03-27 17:30,75,28,47,0,0,0
2020-03-27 17:45,94,38,56,0,0,0
2020-03-27 18:00,82,34,48,0,0,0
2020-03-27 18:15,67,33,34,0,0,0
2020-03-27 18:30,68,30,38,0,0,0
2020-03-27 18:45,53,23,30,0,0,0
2020-03-27 19:00,59,27,32,0,0,0
2020-03-27 19:15,50,22,28,0,0,0
2020-03-27 19:30,58,27,31,0,0,0
2020-03-27 19:45,39,13,26,0,0,0
2020-03-27 20:00,28,13,15,0,0,0
2020-03-27 20:15,33,16,17,0,0,0
2020-03-27 20:30,36,8,28,0,0,0
2020-03-27 20:45,21,13,8,0,0,0
2020-03-27 21:00,17,8,9,0,0,0
2020-03-27 21:15,23,6,17,0,0,0
2020-03-27 21:30,14,4,10,0,0,0
2020-03-27 21:45,8,3,5,0,0,0
2020-03-27 22:00,11,3,8,0,0,0
2020-03-27 22:15,12,5,7,0,0,0
2020-03-27 22:30,13,6,7,0,0,0
2020-03-27 22:45,12,9,3,0,0,0
2020-03-27 23:00,6,4,2,0,0,0
2020-03-27 23:15,8,5,3,0,0,0
2020-03-27 23:30,18,8,10,0,0,0
2020-03-27 23:45,6,3,3,0,0,0
2020-03-28 00:00,5,2,3,0,0,0
2020-03-28 00:15,8,4,4,0,0,0
2020-03-28 00:30,4,3,1,0,0,0
2020-03-28 00:45,7,1,6,0,0,0
2020-03-28 01:00,7,2,5,0,0,0
2020-03-28 01:15,6,3,3,0,0,0
2020-03-28 01:30,4,1,3,0,0,0
2020-03-28 01:45,5,1,4,0,0,0
2020-03-28 02:00,3,0,3,0,0,0
2020-03-28 02:15,2,0,2,0,0,0
2020-03-28 02:30,5,0,5,0,0,0
2020-03-28 02:45,0,0,0,0,0,0
2020-03-28 03:00,1,1,0,0,0,0
2020-03-28 03:15,1,0,1,0,0,0
2020-03-28 03:30,3,0,3,0,0,0
2020-03-28 03:45,5,3,2,0,0,0
2020-03-28 04:00,2,0,2,0,0,0
2020-03-28 04:15,4,3,1,0,0,0
2020-03-28 04:30,3,3,0,0,0,0
2020-03-28 04:45,1,1,0,0,0,0
2020-03-28 05:00,3,2,1,0,0,0
2020-03-28 05:15,6,3,3,0,0,0
2020-03-28 05:30,7,5,2,0,0,0
2020-03-28 05:45,9,6,3,0,0,0
2020-03-28 06:00,9,5,4,0,0,0
2020-03-28 06:15,6,3,3,0,0,0
2020-03-28 06:30,10,4,6,0,0,0
2020-03-28 06:45,11,9,2,0,0,0
2020-03-28 07:00,12,8,4,0,0,0
2020-03-28 07:15,7,6,1,0,0,0
2020-03-28 07:30,16,13,3,0,0,0
2020-03-28 07:45,28,14,14,0,0,0
2020-03-28 08:00,24,14,10,0,0,0
2020-03-28 08:15,29,20,9,0,0,0
2020-03-28 08:30,28,15,13,0,0,0
2020-03-28 08:45,38,18,20,0,0,0
2020-03-28 09:00,40,23,17,0,0,0
2020-03-28 09:15,45,28,17,0,0,0
2020-03-28 09:30,45,29,16,0,0,0
2020-03-28 09:45,53,30,23,0,0,0
2020-03-28 10:00,42,20,22,0,0,0
2020-03-28 10:15,54,34,20,0,0,0
2020-03-28 10:30,71,31,40,0,0,0
2020-03-28 10:45,85,52,33,0,0,0
2020-03-28 11:00,75,52,23,0,0,0
2020-03-28 11:15,72,39,33,0,0,0
2020-03-28 11:30,84,42,42,0,0,0
2020-03-28 11:45,90,56,34,0,0,0
2020-03-28 12:00,79,25,54,0,0,0
2020-03-28 12:15,83,45,38,0,0,0
2020-03-28 12:30,106,47,59,0,0,0
2020-03-28 12:45,93,50,43,0,0,0
2020-03-28 13:00,94,43,51,0,0,0
2020-03-28 13:15,91,44,47,0,0,0
2020-03-28 13:30,106,47,59,0,0,0
2020-03-28 13:45,111,46,65,0,0,0
2020-03-28 14:00,104,52,52,0,0,0
2020-03-28 14:15,96,39,57,0,0,0
2020-03-28 14:30,117,52,65,0,0,0
2020-03-28 14:45,106,55,51,0,0,0
2020-03-28 15:00,81,50,31,0,0,0
2020-03-28 15:15,88,42,46,0,0,0
2020-03-28 15:30,91,37,54,0,0,0
2020-03-28 15:45,91,48,43,0,0,0
2020-03-28 16:00,100,46,54,0,0,0
2020-03-28 16:15,98,48,50,0,0,0
2020-03-28 16:30,72,38,34,0,0,0
2020-03-28 16:45,87,45,42,0,0,0
2020-03-28 17:00,56,38,18,0,0,0
2020-03-28 17:15,96,45,51,0,0,0
2020-03-28 17:30,87,30,57,0,0,0
2020-03-28 17:45,77,36,41,0,0,0
2020-03-28 18:00,55,32,23,0,0,0
2020-03-28 18:15,62,25,37,0,0,0
2020-03-28 18:30,40,18,22,0,0,0
2020-03-28 18:45,48,26,22,0,0,0
2020-03-28 19:00,33,11,22,0,0,0
2020-03-28 19:15,27,9,18,0,0,0
2020-03-28 19:30,23,7,16,0,0,0
2020-03-28 19:45,25,12,13,0,0,0
2020-03-28 20:00,37,13,24,0,0,0
2020-03-28 20:15,24,11,13,0,0,0
2020-03-28 20:30,16,9,7,0,0,0
2020-03-28 20:45,29,8,21,0,0,0
2020-03-28 21:00,11,5,6,0,0,0
2020-03-28 21:15,15,8,7,0,0,0
2020-03-28 21:30,15,10,5,0,0,0
2020-03-28 21:45,13,5,8,0,0,0
2020-03-28 22:00,6,4,2,0,0,0
2020-03-28 22:15,12,3,9,0,0,0
2020-03-28 22:30,10,3,7,0,0,0
2020-03-28 22:45,11,6,5,0,0,0
2020-03-28 23:00,9,5,4,0,0,0
2020-03-28 23:15,10,2,8,0,0,0
2020-03-28 23:30,8,3,5,0,0,0
2020-03-28 23:45,12,4,8,0,0,0
2020-03-29 00:00,8,2,6,0,0,0
2020-03-29 00:15,2,0,2,0,0,0
2020-03-29 00:30,7,4,3,0,0,0
2020-03-29 00:45,3,2,1,0,0,0
2020-03-29 01:00,6,1,5,0,0,0
2020-03-29 01:15,2,1,1,0,0,0
2020-03-29 01:30,5,3,2,0,0,0
2020-03-29 01:45,2,0,2,0,0,0
2020-03-29 03:00,0,0,0,0,0,0
2020-03-29 03:15,7,1,6,0,0,0
2020-03-29 03:30,2,2,0,0,0,0
2020-03-29 03:45,2,1,1,0,0,0
2020-03-29 04:00,5,4,1,0,0,0
2020-03-29 04:15,1,1,0,0,0,0
2020-03-29 04:30,0,0,0,0,0,0
2020-03-29 04:45,1,1,0,0,0,0
2020-03-29 05:00,5,4,1,0,0,0
2020-03-29 05:15,0,0,0,0,0,0
2020-03-29 05:30,6,3,3,0,0,0
2020-03-29 05:45,8,5,3,0,0,0
2020-03-29 06:00,6,4,2,0,0,0
2020-03-29 06:15,3,2,1,0,0,0
2020-03-29 06:30,8,2,6,0,0,0
2020-03-29 06:45,10,8,2,0,0,0
2020-03-29 07:00,3,0,3,0,0,0
2020-03-29 07:15,2,1,1,0,0,0
2020-03-29 07:30,6,3,3,0,0,0
2020-03-29 07:45,5,3,2,0,0,0
2020-03-29 08:00,3,2,1,0,0,0
2020-03-29 08:15,4,4,0,0,0,0
2020-03-29 08:30,4,2,2,0,0,0
2020-03-29 08:45,6,2,4,0,0,0
2020-03-29 09:00,10,4,6,0,0,0
2020-03-29 09:15,7,3,4,0,0,0
2020-03-29 09:30,13,9,4,0,0,0
2020-03-29 09:45,11,5,6,0,0,0
2020-03-29 10:00,10,7,3,0,0,0
2020-03-29 10:15,14,4,10,0,0,0
2020-03-29 10:30,15,9,6,0,0,0
2020-03-29 10:45,11,4,7,0,0,0
2020-03-29 11:00,13,8,5,0,0,0
2020-03-29 11:15,17,5,12,0,0,0
2020-03-29 11:30,7,6,1,0,0,0
2020-03-29 11:45,12,7,5,0,0,0
2020-03-29 12:00,7,4,3,0,0,0
2020-03-29 12:15,8,5,3,0,0,0
2020-03-29 12:30,13,7,6,0,0,0
2020-03-29 12:45,14,5,9,0,0,0
2020-03-29 13:00,8,6,2,0,0,0
2020-03-29 13:15,13,6,7,0,0,0
2020-03-29 13:30,6,2,4,0,0,0
2020-03-29 13:45,15,10,5,0,0,0
2020-03-29 14:00,19,7,12,0,0,0
2020-03-29 14:15,11,7,4,0,0,0
2020-03-29 14:30,20,3,17,0,0,0
2020-03-29 14:45,20,12,8,0,0,0
2020-03-29 15:00,15,11,4,0,0,0
2020-03-29 15:15,13,6,7,0,0,0
2020-03-29 15:30,17,12,5,0,0,0
2020-03-29 15:45,23,9,14,0,0,0
2020-03-29 16:00,23,16,7,0,0,0
2020-03-29 16:15,31,14,17,0,0,0
2020-03-29 16:30,21,12,9,0,0,0
2020-03-29 16:45,23,11,12,0,0,0
2020-03-29 17:00,21,10,11,0,0,0
2020-03-29 17:15,32,20,12,0,0,0
2020-03-29 17:30,24,14,10,0,0,0
2020-03-29 17:45,29,15,14,0,0,0
2020-03-29 18:00,36,15,21,0,0,0
2020-03-29 18:15,33,12,21,0,0,0
2020-03-29 18:30,33,16,17,0,0,0
2020-03-29 18:45,37,20,17,0,0,0
2020-03-29 19:00,26,11,15,0,0,0
2020-03-29 19:15,27,11,16,0,0,0
2020-03-29 19:30,33,21,12,0,0,0
2020-03-29 19:45,21,11,10,0,0,0
2020-03-29 20:00,20,13,7,0,0,0
2020-03-29 20:15,27,13,14,0,0,0
2020-03-29 20:30,16,7,9,0,0,0
2020-03-29 20:45,16,9,7,0,0,0
2020-03-29 21:00,16,3,13,0,0,0
2020-03-29 21:15,5,4,1,0,0,0
2020-03-29 21:30,9,5,4,0,0,0
2020-03-29 21:45,12,3,9,0,0,0
2020-03-29 22:00,12,2,10,0,0,0
2020-03-29 22:15,8,4,4,0,0,0
2020-03-29 22:30,8,2,6,0,0,0
2020-03-29 22:45,9,3,6,0,0,0
2020-03-29 23:00,11,6,5,0,0,0
2020-03-29 23:15,7,4,3,0,0,0
2020-03-29 23:30,4,3,1,0,0,0
2020-03-29 23:45,4,2,2,0,0,0
2020-03-30 00:00,5,0,5,0,0,0
2020-03-30 00:15,4,2,2,0,0,0
2020-03-30 00:30,2,2,0,0,0,0
2020-03-30 00:45,5,3,2,0,0,0
2020-03-30 01:00,4,2,2,0,0,0
2020-03-30 01:15,1,0,1,0,0,0
2020-03-30 01:30,4,1,3,0,0,0
2020-03-30 01:45,1,0,1,0,0,0
2020-03-30 02:00,4,0,4,0,0,0
2020-03-30 02:15,0,0,0,0,0,0
2020-03-30 02:30,0,0,0,0,0,0
2020-03-30 02:45,1,1,0,0,0,0
2020-03-30 03:00,2,0,2,0,0,0
2020-03-30 03:15,0,0,0,0,0,0
2020-03-30 03:30,0,0,0,0,0,0
2020-03-30 03:45,3,2,1,0,0,0
2020-03-30 04:00,1,1,0,0,0,0
2020-03-30 04:15,1,0,1,0,0,0
2020-03-30 04:30,4,3,1,0,0,0
2020-03-30 04:45,3,3,0,0,0,0
2020-03-30 05:00,7,3,4,0,0,0
2020-03-30 05:15,5,4,1,0,0,0
2020-03-30 05:30,12,8,4,0,0,0
2020-03-30 05:45,20,14,6,0,0,0
2020-03-30 06:00,17,13,4,0,0,0
2020-03-30 06:15,17,12,5,0,0,0
2020-03-30 06:30,30,19,11,0,0,0
2020-03-30 06:45,39,27,12,0,0,0
2020-03-30 07:00,46,35,11,0,0,0
2020-03-30 07:15,47,33,14,0,0,0
2020-03-30 07:30,82,53,29,0,0,0
2020-03-30 07:45,87,56,31,0,0,0
2020-03-30 08:00,70,44,26,0,0,0
2020-03-30 08:15,67,44,23,0,0,0
2020-03-30 08:30,64,37,27,0,0,0
2020-03-30 08:45,77,44,33,0,0,0
2020-03-30 09:00,61,36,25,0,0,0
2020-03-30 09:15,51,29,22,0,0,0
2020-03-30 09:30,44,27,17,0,0,0
2020-03-30 09:45,50,30,20,0,0,0
2020-03-30 10:00,36,19,17,0,0,0
2020-03-30 10:15,32,17,15,0,0,0
2020-03-30 10:30,41,24,17,0,0,0
2020-03-30 10:45,46,25,21,0,0,0
2020-03-30 11:00,38,13,25,0,0,0
2020-03-30 11:15,63,37,26,0,0,0
2020-03-30 11:30,48,31,17,0,0,0
2020-03-30 11:45,43,22,21,0,0,0
2020-03-30 12:00,40,18,22,0,0,0
2020-03-30 12:15,49,22,27,0,0,0
2020-03-30 12:30,44,22,22,0,0,0
2020-03-30 12:45,50,23,27,0,0,0
2020-03-30 13:00,57,22,35,0,0,0
2020-03-30 13:15,58,18,40,0,0,0
2020-03-30 13:30,53,24,29,0,0,0
2020-03-30 13:45,56,32,24,0,0,0
2020-03-30 14:00,53,26,27,0,0,0
2020-03-30 14:15,60,29,31,0,0,0
2020-03-30 14:30,63,31,32,0,0,0
2020-03-30 14:45,53,21,32,0,0,0
2020-03-30 15:00,64,33,31,0,0,0
2020-03-30 15:15,77,36,41,0,0,0
2020-03-30 15:30,65,37,28,0,0,0
2020-03-30 15:45,61,21,40,0,0,0
2020-03-30 16:00,62,26,36,0,0,0
2020-03-30 16:15,78,36,42,0,0,0
2020-03-30 16:30,67,26,41,0,0,0
2020-03-30 16:45,60,29,31,0,0,0
2020-03-30 17:00,65,35,30,0,0,0
2020-03-30 17:15,83,26,57,0,0,0
2020-03-30 17:30,75,29,46,0,0,0
2020-03-30 17:45,70,30,40,0,0,0
2020-03-30 18:00,47,19,28,0,0,0
2020-03-30 18:15,41,20,21,0,0,0
2020-03-30 18:30,40,21,19,0,0,0
2020-03-30 18:45,45,20,25,0,0,0
2020-03-30 19:00,42,14,28,0,0,0
2020-03-30 19:15,31,10,21,0,0,0
2020-03-30 19:30,30,19,11,0,0,0
2020-03-30 19:45,36,17,19,0,0,0
2020-03-30 20:00,24,16,8,0,0,0
2020-03-30 20:15,27,11,16,0,0,0
2020-03-30 20:30,24,8,16,0,0,0
2020-03-30 20:45,19,2,17,0,0,0
2020-03-30 21:00,16,6,10,0,0,0
2020-03-30 21:15,13,7,6,0,0,0
2020-03-30 21:30,11,6,5,0,0,0
2020-03-30 21:45,6,2,4,0,0,0
2020-03-30 22:00,14,9,5,0,0,0
2020-03-30 22:15,10,2,8,0,0,0
2020-03-30 22:30,10,3,7,0,0,0
2020-03-30 22:45,5,1,4,0,0,0
2020-03-30 23:00,8,1,7,0,0,0
2020-03-30 23:15,3,2,1,0,0,0
2020-03-30 23:30,7,2,5,0,0,0
2020-03-30 23:45,5,0,5,0,0,0
2020-03-31 00:00,4,4,0,0,0,0
2020-03-31 00:15,5,3,2,0,0,0
2020-03-31 00:30,4,2,2,0,0,0
2020-03-31 00:45,5,3,2,0,0,0
2020-03-31 01:00,1,1,0,0,0,0
2020-03-31 01:15,2,0,2,0,0,0
2020-03-31 01:30,2,1,1,0,0,0
2020-03-31 01:45,1,0,1,0,0,0
2020-03-31 02:00,5,1,4,0,0,0
2020-03-31 02:15,0,0,0,0,0,0
2020-03-31 02:30,0,0,0,0,0,0
2020-03-31 02:45,1,1,0,0,0,0
2020-03-31 03:00,1,1,0,0,0,0
2020-03-31 03:15,1,0,1,0,0,0
2020-03-31 03:30,0,0,0,0,0,0
2020-03-31 03:45,2,1,1,0,0,0
2020-03-31 04:00,1,1,0,0,0,0
2020-03-31 04:15,1,1,0,0,0,0
2020-03-31 04:30,6,6,0,0,0,0
2020-03-31 04:45,5,4,1,0,0,0
2020-03-31 05:00,7,4,3,0,0,0
2020-03-31 05:15,6,4,2,0,0,0
2020-03-31 05:30,12,8,4,0,0,0
2020-03-31 05:45,22,15,7,0,0,0
2020-03-31 06:00,19,14,5,0,0,0
2020-03-31 06:15,21,14,7,0,0,0
2020-03-31 06:30,27,16,11,0,0,0
2020-03-31 06:45,45,28,17,0,0,0
2020-03-31 07:00,49,38,11,0,0,0
2020-03-31 07:15,59,42,17,0,0,0
2020-03-31 07:30,66,47,19,0,0,0
2020-03-31 07:45,108,54,54,0,0,0
2020-03-31 08:00,53,32,21,0,0,0
2020-03-31 08:15,65,36,29,0,0,0
2020-03-31 08:30,54,34,20,0,0,0
2020-03-31 08:45,82,61,21,0,0,0
2020-03-31 09:00,60,33,27,0,0,0
2020-03-31 09:15,56,30,26,0,0,0
2020-03-31 09:30,60,35,25,0,0,0
2020-03-31 09:45,59,32,27,0,0,0
2020-03-31 10:00,43,24,19,0,0,0
2020-03-31 10:15,52,29,23,0,0,0
2020-03-31 10:30,43,19,24,0,0,0
2020-03-31 10:45,46,30,16,0,0,0
2020-03-31 11:00,49,17,32,0,0,0
2020-03-31 11:15,68,27,41,0,0,0
2020-03-31 11:30,65,41,24,0,0,0
2020-03-31 11:45,53,26,27,0,0,0
2020-03-31 12:00,50,28,22,0,0,0
2020-03-31 12:15,79,40,39,0,0,0
2020-03-31 12:30,68,28,40,0,0,0
2020-03-31 12:45,58,28,30,0,0,0
2020-03-31 13:00,80,33,47,0,0,0
2020-03-31 13:15,57,24,33,0,0,0
2020-03-31 13:30,73,40,33,0,0,0
2020-03-31 13:45,68,36,32,0,0,0
2020-03-31 14:00,79,41,38,0,0,0
2020-03-31 14:15,92,45,47,0,0,0
2020-03-31 14:30,74,41,33,0,0,0
2020-03-31 14:45,75,42,33,0,0,0
2020-03-31 15:00,80,36,44,0,0,0
2020-03-31 15:15,92,41,51,0,0,0
2020-03-31 15:30,74,36,38,0,0,0
2020-03-31 15:45,80,43,37,0,0,0
2020-03-31 16:00,103,51,52,0,0,0
2020-03-31 16:15,119,59,60,0,0,0
2020-03-31 16:30,106,43,63,0,0,0
2020-03-31 16:45,104,41,63,0,0,0
2020-03-31 17:00,120,45,75,0,0,0
2020-03-31 17:15,119,58,61,0,0,0
2020-03-31 17:30,101,47,54,0,0,0
2020-03-31 17:45,101,41,60,0,0,0
2020-03-31 18:00,92,38,54,0,0,0
2020-03-31 18:15,68,36,32,0,0,0
2020-03-31 18:30,80,34,46,0,0,0
2020-03-31 18:45,84,38,46,0,0,0
2020-03-31 19:00,62,28,34,0,0,0
2020-03-31 19:15,63,29,34,0,0,0
2020-03-31 19:30,48,26,22,0,0,0
2020-03-31 19:45,49,18,31,0,0,0
2020-03-31 20:00,56,29,27,0,0,0
2020-03-31 20:15,32,15,17,0,0,0
2020-03-31 20:30,32,15,17,0,0,0
2020-03-31 20:45,26,4,22,0,0,0
2020-03-31 21:00,16,5,11,0,0,0
2020-03-31 21:15,27,14,13,0,0,0
2020-03-31 21:30,18,7,11,0,0,0
2020-03-31 21:45,16,4,12,0,0,0
2020-03-31 22:00,13,4,9,0,0,0
2020-03-31 22:15,11,2,9,0,0,0
2020-03-31 22:30,13,3,10,0,0,0
2020-03-31 22:45,11,6,5,0,0,0
2020-03-31 23:00,10,3,7,0,0,0
2020-03-31 23:15,3,0,3,0,0,0
2020-03-31 23:30,5,2,3,0,0,0
2020-03-31 23:45,8,4,4,0,0,0
