Datetime,100035541 (Neutor),101035541 (Neutor stadteinwÃ¤rts),102035541 (Neutor stadtauswÃ¤rts),100035541-status,101035541-status,102035541-status
2020-02-01 00:00,79,30,49,0,0,0
2020-02-01 00:15,82,35,47,0,0,0
2020-02-01 00:30,87,27,60,0,0,0
2020-02-01 00:45,70,21,49,0,0,0
2020-02-01 01:00,62,17,45,0,0,0
2020-02-01 01:15,75,20,55,0,0,0
2020-02-01 01:30,50,16,34,0,0,0
2020-02-01 01:45,38,11,27,0,0,0
2020-02-01 02:00,48,6,42,0,0,0
2020-02-01 02:15,57,8,49,0,0,0
2020-02-01 02:30,47,17,30,0,0,0
2020-02-01 02:45,38,6,32,0,0,0
2020-02-01 03:00,25,7,18,0,0,0
2020-02-01 03:15,31,2,29,0,0,0
2020-02-01 03:30,20,4,16,0,0,0
2020-02-01 03:45,20,4,16,0,0,0
2020-02-01 04:00,26,4,22,0,0,0
2020-02-01 04:15,12,1,11,0,0,0
2020-02-01 04:30,14,6,8,0,0,0
2020-02-01 04:45,12,3,9,0,0,0
2020-02-01 05:00,10,4,6,0,0,0
2020-02-01 05:15,11,2,9,0,0,0
2020-02-01 05:30,14,3,11,0,0,0
2020-02-01 05:45,15,7,8,0,0,0
2020-02-01 06:00,12,5,7,0,0,0
2020-02-01 06:15,10,4,6,0,0,0
2020-02-01 06:30,5,2,3,0,0,0
2020-02-01 06:45,10,7,3,0,0,0
2020-02-01 07:00,10,4,6,0,0,0
2020-02-01 07:15,18,11,7,0,0,0
2020-02-01 07:30,38,24,14,0,0,0
2020-02-01 07:45,111,95,16,0,0,0
2020-02-01 08:00,44,34,10,0,0,0
2020-02-01 08:15,35,26,9,0,0,0
2020-02-01 08:30,30,20,10,0,0,0
2020-02-01 08:45,69,39,30,0,0,0
2020-02-01 09:00,57,36,21,0,0,0
2020-02-01 09:15,43,30,13,0,0,0
2020-02-01 09:30,84,47,37,0,0,0
2020-02-01 09:45,126,79,47,0,0,0
2020-02-01 10:00,90,54,36,0,0,0
2020-02-01 10:15,77,56,21,0,0,0
2020-02-01 10:30,92,56,36,0,0,0
2020-02-01 10:45,86,56,30,0,0,0
2020-02-01 11:00,99,59,40,0,0,0
2020-02-01 11:15,75,52,23,0,0,0
2020-02-01 11:30,77,50,27,0,0,0
2020-02-01 11:45,111,75,36,0,0,0
2020-02-01 12:00,121,71,50,0,0,0
2020-02-01 12:15,118,69,49,0,0,0
2020-02-01 12:30,143,87,56,0,0,0
2020-02-01 12:45,156,93,63,0,0,0
2020-02-01 13:00,125,72,53,0,0,0
2020-02-01 13:15,142,84,58,0,0,0
2020-02-01 13:30,143,69,74,0,0,0
2020-02-01 13:45,121,61,60,0,0,0
2020-02-01 14:00,123,68,55,0,0,0
2020-02-01 14:15,136,77,59,0,0,0
2020-02-01 14:30,144,59,85,0,0,0
2020-02-01 14:45,146,74,72,0,0,0
2020-02-01 15:00,113,58,55,0,0,0
2020-02-01 15:15,124,62,62,0,0,0
2020-02-01 15:30,111,59,52,0,0,0
2020-02-01 15:45,112,56,56,0,0,0
2020-02-01 16:00,126,68,58,0,0,0
2020-02-01 16:15,151,61,90,0,0,0
2020-02-01 16:30,108,55,53,0,0,0
2020-02-01 16:45,136,70,66,0,0,0
2020-02-01 17:00,130,57,73,0,0,0
2020-02-01 17:15,97,36,61,0,0,0
2020-02-01 17:30,128,45,83,0,0,0
2020-02-01 17:45,158,65,93,0,0,0
2020-02-01 18:00,123,58,65,0,0,0
2020-02-01 18:15,158,82,76,0,0,0
2020-02-01 18:30,115,38,77,0,0,0
2020-02-01 18:45,124,55,69,0,0,0
2020-02-01 19:00,117,39,78,0,0,0
2020-02-01 19:15,136,63,73,0,0,0
2020-02-01 19:30,133,68,65,0,0,0
2020-02-01 19:45,140,72,68,0,0,0
2020-02-01 20:00,127,58,69,0,0,0
2020-02-01 20:15,85,31,54,0,0,0
2020-02-01 20:30,80,38,42,0,0,0
2020-02-01 20:45,105,55,50,0,0,0
2020-02-01 21:00,67,33,34,0,0,0
2020-02-01 21:15,67,21,46,0,0,0
2020-02-01 21:30,83,36,47,0,0,0
2020-02-01 21:45,52,21,31,0,0,0
2020-02-01 22:00,65,15,50,0,0,0
2020-02-01 22:15,71,36,35,0,0,0
2020-02-01 22:30,81,40,41,0,0,0
2020-02-01 22:45,71,27,44,0,0,0
2020-02-01 23:00,93,18,75,0,0,0
2020-02-01 23:15,67,21,46,0,0,0
2020-02-01 23:30,59,20,39,0,0,0
2020-02-01 23:45,59,24,35,0,0,0
2020-02-02 00:00,54,23,31,0,0,0
2020-02-02 00:15,50,13,37,0,0,0
2020-02-02 00:30,56,17,39,0,0,0
2020-02-02 00:45,59,30,29,0,0,0
2020-02-02 01:00,47,17,30,0,0,0
2020-02-02 01:15,56,33,23,0,0,0
2020-02-02 01:30,42,24,18,0,0,0
2020-02-02 01:45,48,18,30,0,0,0
2020-02-02 02:00,36,16,20,0,0,0
2020-02-02 02:15,47,13,34,0,0,0
2020-02-02 02:30,33,8,25,0,0,0
2020-02-02 02:45,35,6,29,0,0,0
2020-02-02 03:00,27,7,20,0,0,0
2020-02-02 03:15,25,8,17,0,0,0
2020-02-02 03:30,25,3,22,0,0,0
2020-02-02 03:45,18,6,12,0,0,0
2020-02-02 04:00,27,9,18,0,0,0
2020-02-02 04:15,11,1,10,0,0,0
2020-02-02 04:30,12,4,8,0,0,0
2020-02-02 04:45,8,1,7,0,0,0
2020-02-02 05:00,8,1,7,0,0,0
2020-02-02 05:15,18,3,15,0,0,0
2020-02-02 05:30,10,6,4,0,0,0
2020-02-02 05:45,15,7,8,0,0,0
2020-02-02 06:00,6,3,3,0,0,0
2020-02-02 06:15,9,3,6,0,0,0
2020-02-02 06:30,6,1,5,0,0,0
2020-02-02 06:45,6,3,3,0,0,0
2020-02-02 07:00,13,8,5,0,0,0
2020-02-02 07:15,6,4,2,0,0,0
2020-02-02 07:30,7,5,2,0,0,0
2020-02-02 07:45,67,58,9,0,0,0
2020-02-02 08:00,27,22,5,0,0,0
2020-02-02 08:15,27,21,6,0,0,0
2020-02-02 08:30,19,11,8,0,0,0
2020-02-02 08:45,40,25,15,0,0,0
2020-02-02 09:00,31,16,15,0,0,0
2020-02-02 09:15,28,21,7,0,0,0
2020-02-02 09:30,39,21,18,0,0,0
2020-02-02 09:45,61,47,14,0,0,0
2020-02-02 10:00,71,45,26,0,0,0
2020-02-02 10:15,25,16,9,0,0,0
2020-02-02 10:30,38,18,20,0,0,0
2020-02-02 10:45,43,23,20,0,0,0
2020-02-02 11:00,35,24,11,0,0,0
2020-02-02 11:15,30,19,11,0,0,0
2020-02-02 11:30,38,10,28,0,0,0
2020-02-02 11:45,67,38,29,0,0,0
2020-02-02 12:00,48,23,25,0,0,0
2020-02-02 12:15,53,23,30,0,0,0
2020-02-02 12:30,59,22,37,0,0,0
2020-02-02 12:45,66,29,37,0,0,0
2020-02-02 13:00,59,30,29,0,0,0
2020-02-02 13:15,63,26,37,0,0,0
2020-02-02 13:30,72,35,37,0,0,0
2020-02-02 13:45,62,29,33,0,0,0
2020-02-02 14:00,60,33,27,0,0,0
2020-02-02 14:15,53,25,28,0,0,0
2020-02-02 14:30,62,34,28,0,0,0
2020-02-02 14:45,89,51,38,0,0,0
2020-02-02 15:00,63,34,29,0,0,0
2020-02-02 15:15,83,41,42,0,0,0
2020-02-02 15:30,62,25,37,0,0,0
2020-02-02 15:45,69,41,28,0,0,0
2020-02-02 16:00,72,36,36,0,0,0
2020-02-02 16:15,85,46,39,0,0,0
2020-02-02 16:30,73,29,44,0,0,0
2020-02-02 16:45,106,48,58,0,0,0
2020-02-02 17:00,91,34,57,0,0,0
2020-02-02 17:15,77,37,40,0,0,0
2020-02-02 17:30,98,47,51,0,0,0
2020-02-02 17:45,114,53,61,0,0,0
2020-02-02 18:00,81,29,52,0,0,0
2020-02-02 18:15,84,43,41,0,0,0
2020-02-02 18:30,80,36,44,0,0,0
2020-02-02 18:45,82,37,45,0,0,0
2020-02-02 19:00,69,28,41,0,0,0
2020-02-02 19:15,104,35,69,0,0,0
2020-02-02 19:30,90,36,54,0,0,0
2020-02-02 19:45,75,35,40,0,0,0
2020-02-02 20:00,74,21,53,0,0,0
2020-02-02 20:15,82,37,45,0,0,0
2020-02-02 20:30,68,21,47,0,0,0
2020-02-02 20:45,50,15,35,0,0,0
2020-02-02 21:00,51,18,33,0,0,0
2020-02-02 21:15,66,22,44,0,0,0
2020-02-02 21:30,46,25,21,0,0,0
2020-02-02 21:45,48,14,34,0,0,0
2020-02-02 22:00,59,9,50,0,0,0
2020-02-02 22:15,41,16,25,0,0,0
2020-02-02 22:30,50,23,27,0,0,0
2020-02-02 22:45,27,7,20,0,0,0
2020-02-02 23:00,38,8,30,0,0,0
2020-02-02 23:15,20,6,14,0,0,0
2020-02-02 23:30,28,9,19,0,0,0
2020-02-02 23:45,16,6,10,0,0,0
2020-02-03 00:00,4,1,3,0,0,0
2020-02-03 00:15,11,6,5,0,0,0
2020-02-03 00:30,12,6,6,0,0,0
2020-02-03 00:45,9,6,3,0,0,0
2020-02-03 01:00,4,3,1,0,0,0
2020-02-03 01:15,7,2,5,0,0,0
2020-02-03 01:30,6,3,3,0,0,0
2020-02-03 01:45,4,0,4,0,0,0
2020-02-03 02:00,5,3,2,0,0,0
2020-02-03 02:15,4,3,1,0,0,0
2020-02-03 02:30,8,7,1,0,0,0
2020-02-03 02:45,4,0,4,0,0,0
2020-02-03 03:00,2,1,1,0,0,0
2020-02-03 03:15,5,1,4,0,0,0
2020-02-03 03:30,5,3,2,0,0,0
2020-02-03 03:45,2,2,0,0,0,0
2020-02-03 04:00,6,4,2,0,0,0
2020-02-03 04:15,24,16,8,0,0,0
2020-02-03 04:30,56,19,37,0,0,0
2020-02-03 04:45,21,10,11,0,0,0
2020-02-03 05:00,6,3,3,0,0,0
2020-02-03 05:15,6,4,2,0,0,0
2020-02-03 05:30,10,4,6,0,0,0
2020-02-03 05:45,26,16,10,0,0,0
2020-02-03 06:00,23,15,8,0,0,0
2020-02-03 06:15,28,18,10,0,0,0
2020-02-03 06:30,43,27,16,0,0,0
2020-02-03 06:45,75,47,28,0,0,0
2020-02-03 07:00,63,38,25,0,0,0
2020-02-03 07:15,108,60,48,0,0,0
2020-02-03 07:30,169,104,65,0,0,0
2020-02-03 07:45,277,185,92,0,0,0
2020-02-03 08:00,222,140,82,0,0,0
2020-02-03 08:15,195,113,82,0,0,0
2020-02-03 08:30,218,121,97,0,0,0
2020-02-03 08:45,266,180,86,0,0,0
2020-02-03 09:00,206,107,99,0,0,0
2020-02-03 09:15,173,104,69,0,0,0
2020-02-03 09:30,154,82,72,0,0,0
2020-02-03 09:45,194,97,97,0,0,0
2020-02-03 10:00,161,96,65,0,0,0
2020-02-03 10:15,105,57,48,0,0,0
2020-02-03 10:30,91,43,48,0,0,0
2020-02-03 10:45,104,57,47,0,0,0
2020-02-03 11:00,113,63,50,0,0,0
2020-02-03 11:15,142,78,64,0,0,0
2020-02-03 11:30,136,65,71,0,0,0
2020-02-03 11:45,169,99,70,0,0,0
2020-02-03 12:00,137,64,73,0,0,0
2020-02-03 12:15,152,88,64,0,0,0
2020-02-03 12:30,139,70,69,0,0,0
2020-02-03 12:45,174,85,89,0,0,0
2020-02-03 13:00,143,66,77,0,0,0
2020-02-03 13:15,153,77,76,0,0,0
2020-02-03 13:30,156,89,67,0,0,0
2020-02-03 13:45,210,88,122,0,0,0
2020-02-03 14:00,164,88,76,0,0,0
2020-02-03 14:15,189,90,99,0,0,0
2020-02-03 14:30,191,105,86,0,0,0
2020-02-03 14:45,185,106,79,0,0,0
2020-02-03 15:00,151,77,74,0,0,0
2020-02-03 15:15,158,69,89,0,0,0
2020-02-03 15:30,212,106,106,0,0,0
2020-02-03 15:45,211,108,103,0,0,0
2020-02-03 16:00,213,96,117,0,0,0
2020-02-03 16:15,260,117,143,0,0,0
2020-02-03 16:30,204,99,105,0,0,0
2020-02-03 16:45,234,100,134,0,0,0
2020-02-03 17:00,257,105,152,0,0,0
2020-02-03 17:15,216,95,121,0,0,0
2020-02-03 17:30,216,94,122,0,0,0
2020-02-03 17:45,279,142,137,0,0,0
2020-02-03 18:00,247,112,135,0,0,0
2020-02-03 18:15,236,94,142,0,0,0
2020-02-03 18:30,196,78,118,0,0,0
2020-02-03 18:45,218,108,110,0,0,0
2020-02-03 19:00,182,82,100,0,0,0
2020-02-03 19:15,179,68,111,0,0,0
2020-02-03 19:30,172,72,100,0,0,0
2020-02-03 19:45,145,57,88,0,0,0
2020-02-03 20:00,140,54,86,0,0,0
2020-02-03 20:15,134,48,86,0,0,0
2020-02-03 20:30,80,31,49,0,0,0
2020-02-03 20:45,80,30,50,0,0,0
2020-02-03 21:00,89,36,53,0,0,0
2020-02-03 21:15,81,27,54,0,0,0
2020-02-03 21:30,83,18,65,0,0,0
2020-02-03 21:45,67,13,54,0,0,0
2020-02-03 22:00,102,42,60,0,0,0
2020-02-03 22:15,86,29,57,0,0,0
2020-02-03 22:30,74,30,44,0,0,0
2020-02-03 22:45,52,8,44,0,0,0
2020-02-03 23:00,56,18,38,0,0,0
2020-02-03 23:15,34,13,21,0,0,0
2020-02-03 23:30,33,12,21,0,0,0
2020-02-03 23:45,26,5,21,0,0,0
2020-02-04 00:00,29,8,21,0,0,0
2020-02-04 00:15,31,8,23,0,0,0
2020-02-04 00:30,10,2,8,0,0,0
2020-02-04 00:45,15,6,9,0,0,0
2020-02-04 01:00,10,9,1,0,0,0
2020-02-04 01:15,13,5,8,0,0,0
2020-02-04 01:30,11,3,8,0,0,0
2020-02-04 01:45,9,1,8,0,0,0
2020-02-04 02:00,8,2,6,0,0,0
2020-02-04 02:15,3,0,3,0,0,0
2020-02-04 02:30,7,4,3,0,0,0
2020-02-04 02:45,6,5,1,0,0,0
2020-02-04 03:00,5,2,3,0,0,0
2020-02-04 03:15,4,0,4,0,0,0
2020-02-04 03:30,7,2,5,0,0,0
2020-02-04 03:45,0,0,0,0,0,0
2020-02-04 04:00,6,3,3,0,0,0
2020-02-04 04:15,1,0,1,0,0,0
2020-02-04 04:30,5,2,3,0,0,0
2020-02-04 04:45,7,5,2,0,0,0
2020-02-04 05:00,9,6,3,0,0,0
2020-02-04 05:15,14,11,3,0,0,0
2020-02-04 05:30,16,13,3,0,0,0
2020-02-04 05:45,15,7,8,0,0,0
2020-02-04 06:00,28,20,8,0,0,0
2020-02-04 06:15,33,25,8,0,0,0
2020-02-04 06:30,48,32,16,0,0,0
2020-02-04 06:45,87,45,42,0,0,0
2020-02-04 07:00,100,62,38,0,0,0
2020-02-04 07:15,162,102,60,0,0,0
2020-02-04 07:30,259,183,76,0,0,0
2020-02-04 07:45,339,214,125,0,0,0
2020-02-04 08:00,218,121,97,0,0,0
2020-02-04 08:15,223,140,83,0,0,0
2020-02-04 08:30,249,147,102,0,0,0
2020-02-04 08:45,254,146,108,0,0,0
2020-02-04 09:00,175,96,79,0,0,0
2020-02-04 09:15,162,78,84,0,0,0
2020-02-04 09:30,184,95,89,0,0,0
2020-02-04 09:45,238,139,99,0,0,0
2020-02-04 10:00,147,89,58,0,0,0
2020-02-04 10:15,105,52,53,0,0,0
2020-02-04 10:30,93,55,38,0,0,0
2020-02-04 10:45,100,64,36,0,0,0
2020-02-04 11:00,122,61,61,0,0,0
2020-02-04 11:15,136,61,75,0,0,0
2020-02-04 11:30,167,83,84,0,0,0
2020-02-04 11:45,163,96,67,0,0,0
2020-02-04 12:00,134,69,65,0,0,0
2020-02-04 12:15,204,103,101,0,0,0
2020-02-04 12:30,159,75,84,0,0,0
2020-02-04 12:45,207,96,111,0,0,0
2020-02-04 13:00,189,99,90,0,0,0
2020-02-04 13:15,251,89,162,0,0,0
2020-02-04 13:30,181,101,80,0,0,0
2020-02-04 13:45,198,103,95,0,0,0
2020-02-04 14:00,178,81,97,0,0,0
2020-02-04 14:15,164,87,77,0,0,0
2020-02-04 14:30,135,74,61,0,0,0
2020-02-04 14:45,164,76,88,0,0,0
2020-02-04 15:00,166,76,90,0,0,0
2020-02-04 15:15,175,89,86,0,0,0
2020-02-04 15:30,180,98,82,0,0,0
2020-02-04 15:45,220,110,110,0,0,0
2020-02-04 16:00,211,106,105,0,0,0
2020-02-04 16:15,238,122,116,0,0,0
2020-02-04 16:30,225,103,122,0,0,0
2020-02-04 16:45,239,120,119,0,0,0
2020-02-04 17:00,240,120,120,0,0,0
2020-02-04 17:15,241,97,144,0,0,0
2020-02-04 17:30,236,111,125,0,0,0
2020-02-04 17:45,272,134,138,0,0,0
2020-02-04 18:00,301,129,172,0,0,0
2020-02-04 18:15,266,101,165,0,0,0
2020-02-04 18:30,213,85,128,0,0,0
2020-02-04 18:45,236,126,110,0,0,0
2020-02-04 19:00,188,100,88,0,0,0
2020-02-04 19:15,211,94,117,0,0,0
2020-02-04 19:30,183,75,108,0,0,0
2020-02-04 19:45,170,87,83,0,0,0
2020-02-04 20:00,164,72,92,0,0,0
2020-02-04 20:15,137,55,82,0,0,0
2020-02-04 20:30,126,47,79,0,0,0
2020-02-04 20:45,130,81,49,0,0,0
2020-02-04 21:00,102,36,66,0,0,0
2020-02-04 21:15,93,31,62,0,0,0
2020-02-04 21:30,99,30,69,0,0,0
2020-02-04 21:45,89,34,55,0,0,0
2020-02-04 22:00,97,34,63,0,0,0
2020-02-04 22:15,92,40,52,0,0,0
2020-02-04 22:30,91,47,44,0,0,0
2020-02-04 22:45,77,22,55,0,0,0
2020-02-04 23:00,78,28,50,0,0,0
2020-02-04 23:15,80,20,60,0,0,0
2020-02-04 23:30,67,25,42,0,0,0
2020-02-04 23:45,43,21,22,0,0,0
2020-02-05 00:00,24,6,18,0,0,0
2020-02-05 00:15,35,12,23,0,0,0
2020-02-05 00:30,19,7,12,0,0,0
2020-02-05 00:45,34,21,13,0,0,0
2020-02-05 01:00,45,18,27,0,0,0
2020-02-05 01:15,22,8,14,0,0,0
2020-02-05 01:30,9,2,7,0,0,0
2020-02-05 01:45,14,2,12,0,0,0
2020-02-05 02:00,15,9,6,0,0,0
2020-02-05 02:15,12,2,10,0,0,0
2020-02-05 02:30,14,6,8,0,0,0
2020-02-05 02:45,11,2,9,0,0,0
2020-02-05 03:00,7,1,6,0,0,0
2020-02-05 03:15,8,2,6,0,0,0
2020-02-05 03:30,10,1,9,0,0,0
2020-02-05 03:45,17,5,12,0,0,0
2020-02-05 04:00,18,6,12,0,0,0
2020-02-05 04:15,1,0,1,0,0,0
2020-02-05 04:30,7,2,5,0,0,0
2020-02-05 04:45,14,6,8,0,0,0
2020-02-05 05:00,12,6,6,0,0,0
2020-02-05 05:15,16,7,9,0,0,0
2020-02-05 05:30,29,13,16,0,0,0
2020-02-05 05:45,24,14,10,0,0,0
2020-02-05 06:00,20,11,9,0,0,0
2020-02-05 06:15,49,37,12,0,0,0
2020-02-05 06:30,58,43,15,0,0,0
2020-02-05 06:45,91,66,25,0,0,0
2020-02-05 07:00,112,75,37,0,0,0
2020-02-05 07:15,168,113,55,0,0,0
2020-02-05 07:30,313,236,77,0,0,0
2020-02-05 07:45,362,270,92,0,0,0
2020-02-05 08:00,263,170,93,0,0,0
2020-02-05 08:15,263,161,102,0,0,0
2020-02-05 08:30,220,130,90,0,0,0
2020-02-05 08:45,316,204,112,0,0,0
2020-02-05 09:00,196,113,83,0,0,0
2020-02-05 09:15,187,102,85,0,0,0
2020-02-05 09:30,239,135,104,0,0,0
2020-02-05 09:45,242,162,80,0,0,0
2020-02-05 10:00,181,99,82,0,0,0
2020-02-05 10:15,123,70,53,0,0,0
2020-02-05 10:30,140,85,55,0,0,0
2020-02-05 10:45,168,94,74,0,0,0
2020-02-05 11:00,173,94,79,0,0,0
2020-02-05 11:15,177,103,74,0,0,0
2020-02-05 11:30,155,93,62,0,0,0
2020-02-05 11:45,203,108,95,0,0,0
2020-02-05 12:00,197,109,88,0,0,0
2020-02-05 12:15,201,122,79,0,0,0
2020-02-05 12:30,234,114,120,0,0,0
2020-02-05 12:45,213,112,101,0,0,0
2020-02-05 13:00,214,102,112,0,0,0
2020-02-05 13:15,217,81,136,0,0,0
2020-02-05 13:30,195,96,99,0,0,0
2020-02-05 13:45,226,110,116,0,0,0
2020-02-05 14:00,247,116,131,0,0,0
2020-02-05 14:15,205,90,115,0,0,0
2020-02-05 14:30,212,101,111,0,0,0
2020-02-05 14:45,279,126,153,0,0,0
2020-02-05 15:00,243,102,141,0,0,0
2020-02-05 15:15,237,113,124,0,0,0
2020-02-05 15:30,249,113,136,0,0,0
2020-02-05 15:45,288,108,180,0,0,0
2020-02-05 16:00,244,117,127,0,0,0
2020-02-05 16:15,268,114,154,0,0,0
2020-02-05 16:30,245,120,125,0,0,0
2020-02-05 16:45,298,145,153,0,0,0
2020-02-05 17:00,294,133,161,0,0,0
2020-02-05 17:15,313,124,189,0,0,0
2020-02-05 17:30,304,122,182,0,0,0
2020-02-05 17:45,298,109,189,0,0,0
2020-02-05 18:00,311,133,178,0,0,0
2020-02-05 18:15,258,101,157,0,0,0
2020-02-05 18:30,236,87,149,0,0,0
2020-02-05 18:45,258,94,164,0,0,0
2020-02-05 19:00,236,92,144,0,0,0
2020-02-05 19:15,237,107,130,0,0,0
2020-02-05 19:30,202,72,130,0,0,0
2020-02-05 19:45,206,84,122,0,0,0
2020-02-05 20:00,233,81,152,0,0,0
2020-02-05 20:15,177,74,103,0,0,0
2020-02-05 20:30,133,48,85,0,0,0
2020-02-05 20:45,104,46,58,0,0,0
2020-02-05 21:00,137,57,80,0,0,0
2020-02-05 21:15,135,52,83,0,0,0
2020-02-05 21:30,137,64,73,0,0,0
2020-02-05 21:45,150,81,69,0,0,0
2020-02-05 22:00,167,100,67,0,0,0
2020-02-05 22:15,132,67,65,0,0,0
2020-02-05 22:30,140,78,62,0,0,0
2020-02-05 22:45,112,56,56,0,0,0
2020-02-05 23:00,107,36,71,0,0,0
2020-02-05 23:15,88,32,56,0,0,0
2020-02-05 23:30,86,48,38,0,0,0
2020-02-05 23:45,63,31,32,0,0,0
2020-02-06 00:00,41,20,21,0,0,0
2020-02-06 00:15,27,14,13,0,0,0
2020-02-06 00:30,39,21,18,0,0,0
2020-02-06 00:45,40,15,25,0,0,0
2020-02-06 01:00,52,24,28,0,0,0
2020-02-06 01:15,37,17,20,0,0,0
2020-02-06 01:30,41,26,15,0,0,0
2020-02-06 01:45,58,22,36,0,0,0
2020-02-06 02:00,51,22,29,0,0,0
2020-02-06 02:15,41,18,23,0,0,0
2020-02-06 02:30,27,9,18,0,0,0
2020-02-06 02:45,26,15,11,0,0,0
2020-02-06 03:00,19,7,12,0,0,0
2020-02-06 03:15,21,2,19,0,0,0
2020-02-06 03:30,20,8,12,0,0,0
2020-02-06 03:45,22,8,14,0,0,0
2020-02-06 04:00,23,19,4,0,0,0
2020-02-06 04:15,13,9,4,0,0,0
2020-02-06 04:30,16,8,8,0,0,0
2020-02-06 04:45,25,16,9,0,0,0
2020-02-06 05:00,16,13,3,0,0,0
2020-02-06 05:15,13,9,4,0,0,0
2020-02-06 05:30,24,19,5,0,0,0
2020-02-06 05:45,32,23,9,0,0,0
2020-02-06 06:00,22,18,4,0,0,0
2020-02-06 06:15,38,27,11,0,0,0
2020-02-06 06:30,49,35,14,0,0,0
2020-02-06 06:45,93,65,28,0,0,0
2020-02-06 07:00,92,64,28,0,0,0
2020-02-06 07:15,138,105,33,0,0,0
2020-02-06 07:30,264,186,78,0,0,0
2020-02-06 07:45,344,237,107,0,0,0
2020-02-06 08:00,229,143,86,0,0,0
2020-02-06 08:15,237,144,93,0,0,0
2020-02-06 08:30,222,135,87,0,0,0
2020-02-06 08:45,278,175,103,0,0,0
2020-02-06 09:00,183,110,73,0,0,0
2020-02-06 09:15,185,104,81,0,0,0
2020-02-06 09:30,220,125,95,0,0,0
2020-02-06 09:45,225,127,98,0,0,0
2020-02-06 10:00,132,81,51,0,0,0
2020-02-06 10:15,149,86,63,0,0,0
2020-02-06 10:30,144,88,56,0,0,0
2020-02-06 10:45,157,90,67,0,0,0
2020-02-06 11:00,149,79,70,0,0,0
2020-02-06 11:15,139,71,68,0,0,0
2020-02-06 11:30,150,89,61,0,0,0
2020-02-06 11:45,190,105,85,0,0,0
2020-02-06 12:00,173,103,70,0,0,0
2020-02-06 12:15,179,100,79,0,0,0
2020-02-06 12:30,146,66,80,0,0,0
2020-02-06 12:45,178,101,77,0,0,0
2020-02-06 13:00,172,78,94,0,0,0
2020-02-06 13:15,181,82,99,0,0,0
2020-02-06 13:30,181,96,85,0,0,0
2020-02-06 13:45,198,110,88,0,0,0
2020-02-06 14:00,189,85,104,0,0,0
2020-02-06 14:15,204,96,108,0,0,0
2020-02-06 14:30,170,84,86,0,0,0
2020-02-06 14:45,187,90,97,0,0,0
2020-02-06 15:00,197,101,96,0,0,0
2020-02-06 15:15,192,104,88,0,0,0
2020-02-06 15:30,189,94,95,0,0,0
2020-02-06 15:45,261,131,130,0,0,0
2020-02-06 16:00,255,121,134,0,0,0
2020-02-06 16:15,243,106,137,0,0,0
2020-02-06 16:30,229,88,141,0,0,0
2020-02-06 16:45,266,115,151,0,0,0
2020-02-06 17:00,234,122,112,0,0,0
2020-02-06 17:15,278,114,164,0,0,0
2020-02-06 17:30,293,124,169,0,0,0
2020-02-06 17:45,264,118,146,0,0,0
2020-02-06 18:00,259,102,157,0,0,0
2020-02-06 18:15,241,102,139,0,0,0
2020-02-06 18:30,191,93,98,0,0,0
2020-02-06 18:45,195,96,99,0,0,0
2020-02-06 19:00,202,89,113,0,0,0
2020-02-06 19:15,204,101,103,0,0,0
2020-02-06 19:30,172,73,99,0,0,0
2020-02-06 19:45,224,93,131,0,0,0
2020-02-06 20:00,137,49,88,0,0,0
2020-02-06 20:15,144,74,70,0,0,0
2020-02-06 20:30,129,59,70,0,0,0
2020-02-06 20:45,108,35,73,0,0,0
2020-02-06 21:00,110,55,55,0,0,0
2020-02-06 21:15,106,40,66,0,0,0
2020-02-06 21:30,103,37,66,0,0,0
2020-02-06 21:45,100,30,70,0,0,0
2020-02-06 22:00,97,35,62,0,0,0
2020-02-06 22:15,87,32,55,0,0,0
2020-02-06 22:30,81,40,41,0,0,0
2020-02-06 22:45,74,32,42,0,0,0
2020-02-06 23:00,64,24,40,0,0,0
2020-02-06 23:15,48,19,29,0,0,0
2020-02-06 23:30,56,19,37,0,0,0
2020-02-06 23:45,39,16,23,0,0,0
2020-02-07 00:00,38,9,29,0,0,0
2020-02-07 00:15,22,8,14,0,0,0
2020-02-07 00:30,36,12,24,0,0,0
2020-02-07 00:45,31,12,19,0,0,0
2020-02-07 01:00,26,8,18,0,0,0
2020-02-07 01:15,13,4,9,0,0,0
2020-02-07 01:30,22,1,21,0,0,0
2020-02-07 01:45,13,3,10,0,0,0
2020-02-07 02:00,10,3,7,0,0,0
2020-02-07 02:15,18,2,16,0,0,0
2020-02-07 02:30,14,4,10,0,0,0
2020-02-07 02:45,11,1,10,0,0,0
2020-02-07 03:00,10,0,10,0,0,0
2020-02-07 03:15,8,1,7,0,0,0
2020-02-07 03:30,10,1,9,0,0,0
2020-02-07 03:45,2,2,0,0,0,0
2020-02-07 04:00,12,0,12,0,0,0
2020-02-07 04:15,9,5,4,0,0,0
2020-02-07 04:30,8,4,4,0,0,0
2020-02-07 04:45,10,6,4,0,0,0
2020-02-07 05:00,12,8,4,0,0,0
2020-02-07 05:15,15,8,7,0,0,0
2020-02-07 05:30,25,15,10,0,0,0
2020-02-07 05:45,18,9,9,0,0,0
2020-02-07 06:00,22,16,6,0,0,0
2020-02-07 06:15,33,21,12,0,0,0
2020-02-07 06:30,41,31,10,0,0,0
2020-02-07 06:45,76,46,30,0,0,0
2020-02-07 07:00,91,58,33,0,0,0
2020-02-07 07:15,144,101,43,0,0,0
2020-02-07 07:30,209,147,62,0,0,0
2020-02-07 07:45,290,194,96,0,0,0
2020-02-07 08:00,202,129,73,0,0,0
2020-02-07 08:15,208,136,72,0,0,0
2020-02-07 08:30,179,107,72,0,0,0
2020-02-07 08:45,262,152,110,0,0,0
2020-02-07 09:00,168,98,70,0,0,0
2020-02-07 09:15,141,90,51,0,0,0
2020-02-07 09:30,180,105,75,0,0,0
2020-02-07 09:45,213,115,98,0,0,0
2020-02-07 10:00,148,71,77,0,0,0
2020-02-07 10:15,128,72,56,0,0,0
2020-02-07 10:30,119,63,56,0,0,0
2020-02-07 10:45,172,84,88,0,0,0
2020-02-07 11:00,120,77,43,0,0,0
2020-02-07 11:15,147,89,58,0,0,0
2020-02-07 11:30,143,75,68,0,0,0
2020-02-07 11:45,183,117,66,0,0,0
2020-02-07 12:00,194,113,81,0,0,0
2020-02-07 12:15,167,102,65,0,0,0
2020-02-07 12:30,194,96,98,0,0,0
2020-02-07 12:45,190,83,107,0,0,0
2020-02-07 13:00,202,103,99,0,0,0
2020-02-07 13:15,247,113,134,0,0,0
2020-02-07 13:30,239,123,116,0,0,0
2020-02-07 13:45,238,133,105,0,0,0
2020-02-07 14:00,255,98,157,0,0,0
2020-02-07 14:15,238,119,119,0,0,0
2020-02-07 14:30,254,137,117,0,0,0
2020-02-07 14:45,238,126,112,0,0,0
2020-02-07 15:00,225,110,115,0,0,0
2020-02-07 15:15,230,132,98,0,0,0
2020-02-07 15:30,262,121,141,0,0,0
2020-02-07 15:45,238,133,105,0,0,0
2020-02-07 16:00,225,98,127,0,0,0
2020-02-07 16:15,272,127,145,0,0,0
2020-02-07 16:30,248,135,113,0,0,0
2020-02-07 16:45,292,171,121,0,0,0
2020-02-07 17:00,264,148,116,0,0,0
2020-02-07 17:15,215,83,132,0,0,0
2020-02-07 17:30,240,117,123,0,0,0
2020-02-07 17:45,246,109,137,0,0,0
2020-02-07 18:00,230,85,145,0,0,0
2020-02-07 18:15,220,76,144,0,0,0
2020-02-07 18:30,220,78,142,0,0,0
2020-02-07 18:45,211,86,125,0,0,0
2020-02-07 19:00,192,70,122,0,0,0
2020-02-07 19:15,213,87,126,0,0,0
2020-02-07 19:30,174,61,113,0,0,0
2020-02-07 19:45,232,104,128,0,0,0
2020-02-07 20:00,193,73,120,0,0,0
2020-02-07 20:15,203,70,133,0,0,0
2020-02-07 20:30,155,59,96,0,0,0
2020-02-07 20:45,126,43,83,0,0,0
2020-02-07 21:00,116,45,71,0,0,0
2020-02-07 21:15,104,36,68,0,0,0
2020-02-07 21:30,108,36,72,0,0,0
2020-02-07 21:45,75,35,40,0,0,0
2020-02-07 22:00,82,31,51,0,0,0
2020-02-07 22:15,89,47,42,0,0,0
2020-02-07 22:30,90,47,43,0,0,0
2020-02-07 22:45,119,58,61,0,0,0
2020-02-07 23:00,81,36,45,0,0,0
2020-02-07 23:15,95,56,39,0,0,0
2020-02-07 23:30,99,50,49,0,0,0
2020-02-07 23:45,102,45,57,0,0,0
2020-02-08 00:00,106,43,63,0,0,0
2020-02-08 00:15,72,29,43,0,0,0
2020-02-08 00:30,61,29,32,0,0,0
2020-02-08 00:45,87,42,45,0,0,0
2020-02-08 01:00,76,29,47,0,0,0
2020-02-08 01:15,56,19,37,0,0,0
2020-02-08 01:30,70,29,41,0,0,0
2020-02-08 01:45,63,28,35,0,0,0
2020-02-08 02:00,42,12,30,0,0,0
2020-02-08 02:15,43,28,15,0,0,0
2020-02-08 02:30,51,14,37,0,0,0
2020-02-08 02:45,37,13,24,0,0,0
2020-02-08 03:00,43,20,23,0,0,0
2020-02-08 03:15,52,20,32,0,0,0
2020-02-08 03:30,38,17,21,0,0,0
2020-02-08 03:45,31,14,17,0,0,0
2020-02-08 04:00,31,11,20,0,0,0
2020-02-08 04:15,35,12,23,0,0,0
2020-02-08 04:30,15,5,10,0,0,0
2020-02-08 04:45,18,14,4,0,0,0
2020-02-08 05:00,15,9,6,0,0,0
2020-02-08 05:15,16,14,2,0,0,0
2020-02-08 05:30,13,7,6,0,0,0
2020-02-08 05:45,22,19,3,0,0,0
2020-02-08 06:00,8,4,4,0,0,0
2020-02-08 06:15,13,4,9,0,0,0
2020-02-08 06:30,13,5,8,0,0,0
2020-02-08 06:45,8,5,3,0,0,0
2020-02-08 07:00,15,11,4,0,0,0
2020-02-08 07:15,14,5,9,0,0,0
2020-02-08 07:30,32,9,23,0,0,0
2020-02-08 07:45,96,72,24,0,0,0
2020-02-08 08:00,51,39,12,0,0,0
2020-02-08 08:15,61,50,11,0,0,0
2020-02-08 08:30,150,132,18,0,0,0
2020-02-08 08:45,106,77,29,0,0,0
2020-02-08 09:00,65,48,17,0,0,0
2020-02-08 09:15,67,46,21,0,0,0
2020-02-08 09:30,113,82,31,0,0,0
2020-02-08 09:45,142,97,45,0,0,0
2020-02-08 10:00,96,65,31,0,0,0
2020-02-08 10:15,104,81,23,0,0,0
2020-02-08 10:30,115,80,35,0,0,0
2020-02-08 10:45,148,92,56,0,0,0
2020-02-08 11:00,149,81,68,0,0,0
2020-02-08 11:15,162,99,63,0,0,0
2020-02-08 11:30,129,81,48,0,0,0
2020-02-08 11:45,134,84,50,0,0,0
2020-02-08 12:00,137,71,66,0,0,0
2020-02-08 12:15,151,94,57,0,0,0
2020-02-08 12:30,139,70,69,0,0,0
2020-02-08 12:45,150,92,58,0,0,0
2020-02-08 13:00,147,80,67,0,0,0
2020-02-08 13:15,145,61,84,0,0,0
2020-02-08 13:30,179,79,100,0,0,0
2020-02-08 13:45,155,77,78,0,0,0
2020-02-08 14:00,175,86,89,0,0,0
2020-02-08 14:15,158,63,95,0,0,0
2020-02-08 14:30,144,72,72,0,0,0
2020-02-08 14:45,184,70,114,0,0,0
2020-02-08 15:00,169,83,86,0,0,0
2020-02-08 15:15,164,72,92,0,0,0
2020-02-08 15:30,173,86,87,0,0,0
2020-02-08 15:45,134,59,75,0,0,0
2020-02-08 16:00,146,76,70,0,0,0
2020-02-08 16:15,177,68,109,0,0,0
2020-02-08 16:30,137,66,71,0,0,0
2020-02-08 16:45,171,77,94,0,0,0
2020-02-08 17:00,144,59,85,0,0,0
2020-02-08 17:15,183,79,104,0,0,0
2020-02-08 17:30,150,48,102,0,0,0
2020-02-08 17:45,138,71,67,0,0,0
2020-02-08 18:00,165,67,98,0,0,0
2020-02-08 18:15,119,49,70,0,0,0
2020-02-08 18:30,121,50,71,0,0,0
2020-02-08 18:45,115,65,50,0,0,0
2020-02-08 19:00,154,78,76,0,0,0
2020-02-08 19:15,150,74,76,0,0,0
2020-02-08 19:30,163,92,71,0,0,0
2020-02-08 19:45,139,75,64,0,0,0
2020-02-08 20:00,144,64,80,0,0,0
2020-02-08 20:15,99,46,53,0,0,0
2020-02-08 20:30,115,53,62,0,0,0
2020-02-08 20:45,81,47,34,0,0,0
2020-02-08 21:00,61,33,28,0,0,0
2020-02-08 21:15,66,32,34,0,0,0
2020-02-08 21:30,63,31,32,0,0,0
2020-02-08 21:45,69,40,29,0,0,0
2020-02-08 22:00,49,11,38,0,0,0
2020-02-08 22:15,85,30,55,0,0,0
2020-02-08 22:30,73,43,30,0,0,0
2020-02-08 22:45,65,30,35,0,0,0
2020-02-08 23:00,86,28,58,0,0,0
2020-02-08 23:15,55,27,28,0,0,0
2020-02-08 23:30,55,25,30,0,0,0
2020-02-08 23:45,53,28,25,0,0,0
2020-02-09 00:00,69,30,39,0,0,0
2020-02-09 00:15,45,18,27,0,0,0
2020-02-09 00:30,53,19,34,0,0,0
2020-02-09 00:45,64,30,34,0,0,0
2020-02-09 01:00,69,30,39,0,0,0
2020-02-09 01:15,65,27,38,0,0,0
2020-02-09 01:30,36,11,25,0,0,0
2020-02-09 01:45,46,10,36,0,0,0
2020-02-09 02:00,46,6,40,0,0,0
2020-02-09 02:15,41,12,29,0,0,0
2020-02-09 02:30,24,3,21,0,0,0
2020-02-09 02:45,30,9,21,0,0,0
2020-02-09 03:00,42,12,30,0,0,0
2020-02-09 03:15,25,6,19,0,0,0
2020-02-09 03:30,15,2,13,0,0,0
2020-02-09 03:45,23,1,22,0,0,0
2020-02-09 04:00,12,3,9,0,0,0
2020-02-09 04:15,15,3,12,0,0,0
2020-02-09 04:30,18,2,16,0,0,0
2020-02-09 04:45,10,0,10,0,0,0
2020-02-09 05:00,20,3,17,0,0,0
2020-02-09 05:15,13,4,9,0,0,0
2020-02-09 05:30,7,2,5,0,0,0
2020-02-09 05:45,7,1,6,0,0,0
2020-02-09 06:00,9,2,7,0,0,0
2020-02-09 06:15,2,1,1,0,0,0
2020-02-09 06:30,9,2,7,0,0,0
2020-02-09 06:45,8,5,3,0,0,0
2020-02-09 07:00,7,2,5,0,0,0
2020-02-09 07:15,7,5,2,0,0,0
2020-02-09 07:30,11,4,7,0,0,0
2020-02-09 07:45,33,28,5,0,0,0
2020-02-09 08:00,28,20,8,0,0,0
2020-02-09 08:15,24,21,3,0,0,0
2020-02-09 08:30,23,16,7,0,0,0
2020-02-09 08:45,35,25,10,0,0,0
2020-02-09 09:00,25,15,10,0,0,0
2020-02-09 09:15,40,31,9,0,0,0
2020-02-09 09:30,47,30,17,0,0,0
2020-02-09 09:45,73,55,18,0,0,0
2020-02-09 10:00,64,44,20,0,0,0
2020-02-09 10:15,42,28,14,0,0,0
2020-02-09 10:30,52,33,19,0,0,0
2020-02-09 10:45,50,32,18,0,0,0
2020-02-09 11:00,54,22,32,0,0,0
2020-02-09 11:15,22,11,11,0,0,0
2020-02-09 11:30,61,27,34,0,0,0
2020-02-09 11:45,69,32,37,0,0,0
2020-02-09 12:00,70,29,41,0,0,0
2020-02-09 12:15,87,32,55,0,0,0
2020-02-09 12:30,90,43,47,0,0,0
2020-02-09 12:45,67,33,34,0,0,0
2020-02-09 13:00,62,31,31,0,0,0
2020-02-09 13:15,73,29,44,0,0,0
2020-02-09 13:30,67,31,36,0,0,0
2020-02-09 13:45,75,24,51,0,0,0
2020-02-09 14:00,59,24,35,0,0,0
2020-02-09 14:15,72,31,41,0,0,0
2020-02-09 14:30,56,24,32,0,0,0
2020-02-09 14:45,76,37,39,0,0,0
2020-02-09 15:00,65,22,43,0,0,0
2020-02-09 15:15,60,23,37,0,0,0
2020-02-09 15:30,60,25,35,0,0,0
2020-02-09 15:45,65,35,30,0,0,0
2020-02-09 16:00,66,19,47,0,0,0
2020-02-09 16:15,66,27,39,0,0,0
2020-02-09 16:30,36,22,14,0,0,0
2020-02-09 16:45,39,15,24,0,0,0
2020-02-09 17:00,54,25,29,0,0,0
2020-02-09 17:15,72,30,42,0,0,0
2020-02-09 17:30,64,33,31,0,0,0
2020-02-09 17:45,60,18,42,0,0,0
2020-02-09 18:00,45,12,33,0,0,0
2020-02-09 18:15,30,17,13,0,0,0
2020-02-09 18:30,31,16,15,0,0,0
2020-02-09 18:45,33,16,17,0,0,0
2020-02-09 19:00,41,17,24,0,0,0
2020-02-09 19:15,23,7,16,0,0,0
2020-02-09 19:30,21,9,12,0,0,0
2020-02-09 19:45,13,8,5,0,0,0
2020-02-09 20:00,32,15,17,0,0,0
2020-02-09 20:15,21,5,16,0,0,0
2020-02-09 20:30,23,10,13,0,0,0
2020-02-09 20:45,20,10,10,0,0,0
2020-02-09 21:00,21,5,16,0,0,0
2020-02-09 21:15,18,5,13,0,0,0
2020-02-09 21:30,16,5,11,0,0,0
2020-02-09 21:45,7,1,6,0,0,0
2020-02-09 22:00,14,5,9,0,0,0
2020-02-09 22:15,8,2,6,0,0,0
2020-02-09 22:30,5,2,3,0,0,0
2020-02-09 22:45,2,0,2,0,0,0
2020-02-09 23:00,5,2,3,0,0,0
2020-02-09 23:15,4,2,2,0,0,0
2020-02-09 23:30,4,2,2,0,0,0
2020-02-09 23:45,4,0,4,0,0,0
2020-02-10 00:00,3,1,2,0,0,0
2020-02-10 00:15,3,1,2,0,0,0
2020-02-10 00:30,4,2,2,0,0,0
2020-02-10 00:45,5,2,3,0,0,0
2020-02-10 01:00,1,0,1,0,0,0
2020-02-10 01:15,3,3,0,0,0,0
2020-02-10 01:30,6,2,4,0,0,0
2020-02-10 01:45,5,2,3,0,0,0
2020-02-10 02:00,1,1,0,0,0,0
2020-02-10 02:15,1,0,1,0,0,0
2020-02-10 02:30,2,2,0,0,0,0
2020-02-10 02:45,1,1,0,0,0,0
2020-02-10 03:00,1,0,1,0,0,0
2020-02-10 03:15,3,1,2,0,0,0
2020-02-10 03:30,0,0,0,0,0,0
2020-02-10 03:45,1,1,0,0,0,0
2020-02-10 04:00,2,1,1,0,0,0
2020-02-10 04:15,3,1,2,0,0,0
2020-02-10 04:30,4,2,2,0,0,0
2020-02-10 04:45,6,4,2,0,0,0
2020-02-10 05:00,6,6,0,0,0,0
2020-02-10 05:15,3,3,0,0,0,0
2020-02-10 05:30,4,4,0,0,0,0
2020-02-10 05:45,15,5,10,0,0,0
2020-02-10 06:00,18,11,7,0,0,0
2020-02-10 06:15,14,10,4,0,0,0
2020-02-10 06:30,28,20,8,0,0,0
2020-02-10 06:45,27,18,9,0,0,0
2020-02-10 07:00,45,28,17,0,0,0
2020-02-10 07:15,81,48,33,0,0,0
2020-02-10 07:30,98,63,35,0,0,0
2020-02-10 07:45,107,63,44,0,0,0
2020-02-10 08:00,81,59,22,0,0,0
2020-02-10 08:15,94,64,30,0,0,0
2020-02-10 08:30,68,40,28,0,0,0
2020-02-10 08:45,88,49,39,0,0,0
2020-02-10 09:00,107,58,49,0,0,0
2020-02-10 09:15,83,50,33,0,0,0
2020-02-10 09:30,83,54,29,0,0,0
2020-02-10 09:45,107,69,38,0,0,0
2020-02-10 10:00,94,54,40,0,0,0
2020-02-10 10:15,70,35,35,0,0,0
2020-02-10 10:30,62,34,28,0,0,0
2020-02-10 10:45,68,36,32,0,0,0
2020-02-10 11:00,71,41,30,0,0,0
2020-02-10 11:15,68,45,23,0,0,0
2020-02-10 11:30,83,46,37,0,0,0
2020-02-10 11:45,94,49,45,0,0,0
2020-02-10 12:00,78,40,38,0,0,0
2020-02-10 12:15,103,57,46,0,0,0
2020-02-10 12:30,89,52,37,0,0,0
2020-02-10 12:45,100,60,40,0,0,0
2020-02-10 13:00,93,47,46,0,0,0
2020-02-10 13:15,93,42,51,0,0,0
2020-02-10 13:30,117,66,51,0,0,0
2020-02-10 13:45,90,54,36,0,0,0
2020-02-10 14:00,69,33,36,0,0,0
2020-02-10 14:15,70,46,24,0,0,0
2020-02-10 14:30,104,60,44,0,0,0
2020-02-10 14:45,104,41,63,0,0,0
2020-02-10 15:00,89,38,51,0,0,0
2020-02-10 15:15,92,46,46,0,0,0
2020-02-10 15:30,102,55,47,0,0,0
2020-02-10 15:45,126,67,59,0,0,0
2020-02-10 16:00,119,66,53,0,0,0
2020-02-10 16:15,112,55,57,0,0,0
2020-02-10 16:30,170,83,87,0,0,0
2020-02-10 16:45,137,58,79,0,0,0
2020-02-10 17:00,150,54,96,0,0,0
2020-02-10 17:15,144,70,74,0,0,0
2020-02-10 17:30,134,60,74,0,0,0
2020-02-10 17:45,218,98,120,0,0,0
2020-02-10 18:00,156,77,79,0,0,0
2020-02-10 18:15,158,72,86,0,0,0
2020-02-10 18:30,149,69,80,0,0,0
2020-02-10 18:45,146,58,88,0,0,0
2020-02-10 19:00,96,39,57,0,0,0
2020-02-10 19:15,121,57,64,0,0,0
2020-02-10 19:30,132,43,89,0,0,0
2020-02-10 19:45,109,32,77,0,0,0
2020-02-10 20:00,86,33,53,0,0,0
2020-02-10 20:15,86,30,56,0,0,0
2020-02-10 20:30,55,18,37,0,0,0
2020-02-10 20:45,50,19,31,0,0,0
2020-02-10 21:00,72,41,31,0,0,0
2020-02-10 21:15,60,18,42,0,0,0
2020-02-10 21:30,71,15,56,0,0,0
2020-02-10 21:45,53,22,31,0,0,0
2020-02-10 22:00,82,29,53,0,0,0
2020-02-10 22:15,51,12,39,0,0,0
2020-02-10 22:30,36,23,13,0,0,0
2020-02-10 22:45,32,9,23,0,0,0
2020-02-10 23:00,39,15,24,0,0,0
2020-02-10 23:15,29,10,19,0,0,0
2020-02-10 23:30,28,7,21,0,0,0
2020-02-10 23:45,21,7,14,0,0,0
2020-02-11 00:00,14,4,10,0,0,0
2020-02-11 00:15,12,2,10,0,0,0
2020-02-11 00:30,12,3,9,0,0,0
2020-02-11 00:45,16,2,14,0,0,0
2020-02-11 01:00,9,5,4,0,0,0
2020-02-11 01:15,12,3,9,0,0,0
2020-02-11 01:30,10,0,10,0,0,0
2020-02-11 01:45,4,0,4,0,0,0
2020-02-11 02:00,2,1,1,0,0,0
2020-02-11 02:15,3,2,1,0,0,0
2020-02-11 02:30,1,1,0,0,0,0
2020-02-11 02:45,2,0,2,0,0,0
2020-02-11 03:00,4,1,3,0,0,0
2020-02-11 03:15,8,1,7,0,0,0
2020-02-11 03:30,3,2,1,0,0,0
2020-02-11 03:45,3,0,3,0,0,0
2020-02-11 04:00,3,1,2,0,0,0
2020-02-11 04:15,0,0,0,0,0,0
2020-02-11 04:30,4,3,1,0,0,0
2020-02-11 04:45,9,5,4,0,0,0
2020-02-11 05:00,13,8,5,0,0,0
2020-02-11 05:15,10,6,4,0,0,0
2020-02-11 05:30,12,11,1,0,0,0
2020-02-11 05:45,20,14,6,0,0,0
2020-02-11 06:00,22,15,7,0,0,0
2020-02-11 06:15,25,21,4,0,0,0
2020-02-11 06:30,38,23,15,0,0,0
2020-02-11 06:45,54,32,22,0,0,0
2020-02-11 07:00,76,54,22,0,0,0
2020-02-11 07:15,111,82,29,0,0,0
2020-02-11 07:30,175,118,57,0,0,0
2020-02-11 07:45,246,149,97,0,0,0
2020-02-11 08:00,198,128,70,0,0,0
2020-02-11 08:15,188,117,71,0,0,0
2020-02-11 08:30,194,132,62,0,0,0
2020-02-11 08:45,221,127,94,0,0,0
2020-02-11 09:00,154,101,53,0,0,0
2020-02-11 09:15,144,88,56,0,0,0
2020-02-11 09:30,151,85,66,0,0,0
2020-02-11 09:45,171,85,86,0,0,0
2020-02-11 10:00,122,75,47,0,0,0
2020-02-11 10:15,114,55,59,0,0,0
2020-02-11 10:30,116,63,53,0,0,0
2020-02-11 10:45,142,85,57,0,0,0
2020-02-11 11:00,100,57,43,0,0,0
2020-02-11 11:15,97,54,43,0,0,0
2020-02-11 11:30,99,58,41,0,0,0
2020-02-11 11:45,114,68,46,0,0,0
2020-02-11 12:00,130,82,48,0,0,0
2020-02-11 12:15,149,85,64,0,0,0
2020-02-11 12:30,146,72,74,0,0,0
2020-02-11 12:45,133,68,65,0,0,0
2020-02-11 13:00,176,84,92,0,0,0
2020-02-11 13:15,187,81,106,0,0,0
2020-02-11 13:30,156,82,74,0,0,0
2020-02-11 13:45,161,79,82,0,0,0
2020-02-11 14:00,135,63,72,0,0,0
2020-02-11 14:15,109,45,64,0,0,0
2020-02-11 14:30,120,57,63,0,0,0
2020-02-11 14:45,128,57,71,0,0,0
2020-02-11 15:00,157,65,92,0,0,0
2020-02-11 15:15,132,71,61,0,0,0
2020-02-11 15:30,130,63,67,0,0,0
2020-02-11 15:45,192,106,86,0,0,0
2020-02-11 16:00,204,113,91,0,0,0
2020-02-11 16:15,203,103,100,0,0,0
2020-02-11 16:30,182,72,110,0,0,0
2020-02-11 16:45,190,104,86,0,0,0
2020-02-11 17:00,172,88,84,0,0,0
2020-02-11 17:15,253,116,137,0,0,0
2020-02-11 17:30,196,91,105,0,0,0
2020-02-11 17:45,247,103,144,0,0,0
2020-02-11 18:00,200,79,121,0,0,0
2020-02-11 18:15,206,79,127,0,0,0
2020-02-11 18:30,144,60,84,0,0,0
2020-02-11 18:45,217,98,119,0,0,0
2020-02-11 19:00,157,80,77,0,0,0
2020-02-11 19:15,162,81,81,0,0,0
2020-02-11 19:30,152,61,91,0,0,0
2020-02-11 19:45,148,60,88,0,0,0
2020-02-11 20:00,117,58,59,0,0,0
2020-02-11 20:15,106,44,62,0,0,0
2020-02-11 20:30,98,30,68,0,0,0
2020-02-11 20:45,75,31,44,0,0,0
2020-02-11 21:00,64,23,41,0,0,0
2020-02-11 21:15,81,41,40,0,0,0
2020-02-11 21:30,86,23,63,0,0,0
2020-02-11 21:45,72,23,49,0,0,0
2020-02-11 22:00,84,22,62,0,0,0
2020-02-11 22:15,62,22,40,0,0,0
2020-02-11 22:30,94,51,43,0,0,0
2020-02-11 22:45,68,23,45,0,0,0
2020-02-11 23:00,51,14,37,0,0,0
2020-02-11 23:15,33,11,22,0,0,0
2020-02-11 23:30,27,10,17,0,0,0
2020-02-11 23:45,30,5,25,0,0,0
2020-02-12 00:00,20,4,16,0,0,0
2020-02-12 00:15,17,2,15,0,0,0
2020-02-12 00:30,22,6,16,0,0,0
2020-02-12 00:45,23,11,12,0,0,0
2020-02-12 01:00,24,10,14,0,0,0
2020-02-12 01:15,14,7,7,0,0,0
2020-02-12 01:30,5,2,3,0,0,0
2020-02-12 01:45,12,3,9,0,0,0
2020-02-12 02:00,5,4,1,0,0,0
2020-02-12 02:15,6,4,2,0,0,0
2020-02-12 02:30,7,4,3,0,0,0
2020-02-12 02:45,6,2,4,0,0,0
2020-02-12 03:00,3,0,3,0,0,0
2020-02-12 03:15,6,0,6,0,0,0
2020-02-12 03:30,5,2,3,0,0,0
2020-02-12 03:45,1,0,1,0,0,0
2020-02-12 04:00,2,0,2,0,0,0
2020-02-12 04:15,3,1,2,0,0,0
2020-02-12 04:30,5,5,0,0,0,0
2020-02-12 04:45,15,7,8,0,0,0
2020-02-12 05:00,8,6,2,0,0,0
2020-02-12 05:15,9,9,0,0,0,0
2020-02-12 05:30,16,12,4,0,0,0
2020-02-12 05:45,23,16,7,0,0,0
2020-02-12 06:00,25,18,7,0,0,0
2020-02-12 06:15,26,18,8,0,0,0
2020-02-12 06:30,49,35,14,0,0,0
2020-02-12 06:45,71,48,23,0,0,0
2020-02-12 07:00,90,64,26,0,0,0
2020-02-12 07:15,126,86,40,0,0,0
2020-02-12 07:30,249,179,70,0,0,0
2020-02-12 07:45,294,203,91,0,0,0
2020-02-12 08:00,209,135,74,0,0,0
2020-02-12 08:15,215,124,91,0,0,0
2020-02-12 08:30,226,137,89,0,0,0
2020-02-12 08:45,316,206,110,0,0,0
2020-02-12 09:00,198,130,68,0,0,0
2020-02-12 09:15,212,143,69,0,0,0
2020-02-12 09:30,199,143,56,0,0,0
2020-02-12 09:45,185,123,62,0,0,0
2020-02-12 10:00,140,79,61,0,0,0
2020-02-12 10:15,130,88,42,0,0,0
2020-02-12 10:30,125,79,46,0,0,0
2020-02-12 10:45,125,85,40,0,0,0
2020-02-12 11:00,116,55,61,0,0,0
2020-02-12 11:15,124,73,51,0,0,0
2020-02-12 11:30,110,54,56,0,0,0
2020-02-12 11:45,146,83,63,0,0,0
2020-02-12 12:00,149,92,57,0,0,0
2020-02-12 12:15,206,94,112,0,0,0
2020-02-12 12:30,166,72,94,0,0,0
2020-02-12 12:45,193,106,87,0,0,0
2020-02-12 13:00,156,86,70,0,0,0
2020-02-12 13:15,186,83,103,0,0,0
2020-02-12 13:30,186,86,100,0,0,0
2020-02-12 13:45,173,93,80,0,0,0
2020-02-12 14:00,178,78,100,0,0,0
2020-02-12 14:15,167,82,85,0,0,0
2020-02-12 14:30,148,78,70,0,0,0
2020-02-12 14:45,169,72,97,0,0,0
2020-02-12 15:00,132,67,65,0,0,0
2020-02-12 15:15,177,70,107,0,0,0
2020-02-12 15:30,205,96,109,0,0,0
2020-02-12 15:45,243,90,153,0,0,0
2020-02-12 16:00,217,107,110,0,0,0
2020-02-12 16:15,200,88,112,0,0,0
2020-02-12 16:30,174,85,89,0,0,0
2020-02-12 16:45,252,121,131,0,0,0
2020-02-12 17:00,236,117,119,0,0,0
2020-02-12 17:15,269,124,145,0,0,0
2020-02-12 17:30,242,89,153,0,0,0
2020-02-12 17:45,280,125,155,0,0,0
2020-02-12 18:00,213,110,103,0,0,0
2020-02-12 18:15,225,104,121,0,0,0
2020-02-12 18:30,215,102,113,0,0,0
2020-02-12 18:45,213,99,114,0,0,0
2020-02-12 19:00,179,91,88,0,0,0
2020-02-12 19:15,184,77,107,0,0,0
2020-02-12 19:30,179,75,104,0,0,0
2020-02-12 19:45,197,83,114,0,0,0
2020-02-12 20:00,172,67,105,0,0,0
2020-02-12 20:15,151,48,103,0,0,0
2020-02-12 20:30,109,50,59,0,0,0
2020-02-12 20:45,85,41,44,0,0,0
2020-02-12 21:00,102,52,50,0,0,0
2020-02-12 21:15,109,52,57,0,0,0
2020-02-12 21:30,97,42,55,0,0,0
2020-02-12 21:45,84,27,57,0,0,0
2020-02-12 22:00,87,34,53,0,0,0
2020-02-12 22:15,121,50,71,0,0,0
2020-02-12 22:30,102,55,47,0,0,0
2020-02-12 22:45,79,36,43,0,0,0
2020-02-12 23:00,72,37,35,0,0,0
2020-02-12 23:15,72,49,23,0,0,0
2020-02-12 23:30,53,24,29,0,0,0
2020-02-12 23:45,66,34,32,0,0,0
2020-02-13 00:00,38,15,23,0,0,0
2020-02-13 00:15,59,29,30,0,0,0
2020-02-13 00:30,45,22,23,0,0,0
2020-02-13 00:45,46,34,12,0,0,0
2020-02-13 01:00,34,20,14,0,0,0
2020-02-13 01:15,21,4,17,0,0,0
2020-02-13 01:30,13,2,11,0,0,0
2020-02-13 01:45,21,2,19,0,0,0
2020-02-13 02:00,22,3,19,0,0,0
2020-02-13 02:15,24,3,21,0,0,0
2020-02-13 02:30,29,6,23,0,0,0
2020-02-13 02:45,22,2,20,0,0,0
2020-02-13 03:00,34,6,28,0,0,0
2020-02-13 03:15,23,3,20,0,0,0
2020-02-13 03:30,27,7,20,0,0,0
2020-02-13 03:45,25,1,24,0,0,0
2020-02-13 04:00,19,0,19,0,0,0
2020-02-13 04:15,25,5,20,0,0,0
2020-02-13 04:30,11,2,9,0,0,0
2020-02-13 04:45,27,8,19,0,0,0
2020-02-13 05:00,19,5,14,0,0,0
2020-02-13 05:15,22,16,6,0,0,0
2020-02-13 05:30,23,14,9,0,0,0
2020-02-13 05:45,21,11,10,0,0,0
2020-02-13 06:00,30,22,8,0,0,0
2020-02-13 06:15,28,18,10,0,0,0
2020-02-13 06:30,46,37,9,0,0,0
2020-02-13 06:45,76,56,20,0,0,0
2020-02-13 07:00,79,53,26,0,0,0
2020-02-13 07:15,133,88,45,0,0,0
2020-02-13 07:30,295,237,58,0,0,0
2020-02-13 07:45,307,212,95,0,0,0
2020-02-13 08:00,162,107,55,0,0,0
2020-02-13 08:15,202,111,91,0,0,0
2020-02-13 08:30,191,114,77,0,0,0
2020-02-13 08:45,266,157,109,0,0,0
2020-02-13 09:00,207,129,78,0,0,0
2020-02-13 09:15,134,90,44,0,0,0
2020-02-13 09:30,163,107,56,0,0,0
2020-02-13 09:45,173,104,69,0,0,0
2020-02-13 10:00,117,70,47,0,0,0
2020-02-13 10:15,107,61,46,0,0,0
2020-02-13 10:30,116,65,51,0,0,0
2020-02-13 10:45,78,33,45,0,0,0
2020-02-13 11:00,77,38,39,0,0,0
2020-02-13 11:15,90,46,44,0,0,0
2020-02-13 11:30,117,57,60,0,0,0
2020-02-13 11:45,88,46,42,0,0,0
2020-02-13 12:00,90,49,41,0,0,0
2020-02-13 12:15,105,58,47,0,0,0
2020-02-13 12:30,88,40,48,0,0,0
2020-02-13 12:45,79,35,44,0,0,0
2020-02-13 13:00,105,49,56,0,0,0
2020-02-13 13:15,122,51,71,0,0,0
2020-02-13 13:30,105,53,52,0,0,0
2020-02-13 13:45,132,63,69,0,0,0
2020-02-13 14:00,129,65,64,0,0,0
2020-02-13 14:15,130,60,70,0,0,0
2020-02-13 14:30,147,72,75,0,0,0
2020-02-13 14:45,120,50,70,0,0,0
2020-02-13 15:00,135,52,83,0,0,0
2020-02-13 15:15,130,50,80,0,0,0
2020-02-13 15:30,156,81,75,0,0,0
2020-02-13 15:45,196,69,127,0,0,0
2020-02-13 16:00,180,103,77,0,0,0
2020-02-13 16:15,208,107,101,0,0,0
2020-02-13 16:30,196,73,123,0,0,0
2020-02-13 16:45,211,91,120,0,0,0
2020-02-13 17:00,178,96,82,0,0,0
2020-02-13 17:15,219,88,131,0,0,0
2020-02-13 17:30,251,133,118,0,0,0
2020-02-13 17:45,239,114,125,0,0,0
2020-02-13 18:00,189,86,103,0,0,0
2020-02-13 18:15,178,53,125,0,0,0
2020-02-13 18:30,170,76,94,0,0,0
2020-02-13 18:45,178,70,108,0,0,0
2020-02-13 19:00,159,66,93,0,0,0
2020-02-13 19:15,178,77,101,0,0,0
2020-02-13 19:30,130,53,77,0,0,0
2020-02-13 19:45,133,71,62,0,0,0
2020-02-13 20:00,131,46,85,0,0,0
2020-02-13 20:15,120,47,73,0,0,0
2020-02-13 20:30,102,45,57,0,0,0
2020-02-13 20:45,93,44,49,0,0,0
2020-02-13 21:00,76,33,43,0,0,0
2020-02-13 21:15,79,27,52,0,0,0
2020-02-13 21:30,72,17,55,0,0,0
2020-02-13 21:45,90,36,54,0,0,0
2020-02-13 22:00,64,24,40,0,0,0
2020-02-13 22:15,62,21,41,0,0,0
2020-02-13 22:30,61,37,24,0,0,0
2020-02-13 22:45,72,34,38,0,0,0
2020-02-13 23:00,65,23,42,0,0,0
2020-02-13 23:15,56,27,29,0,0,0
2020-02-13 23:30,49,12,37,0,0,0
2020-02-13 23:45,41,12,29,0,0,0
2020-02-14 00:00,29,10,19,0,0,0
2020-02-14 00:15,27,5,22,0,0,0
2020-02-14 00:30,25,6,19,0,0,0
2020-02-14 00:45,17,6,11,0,0,0
2020-02-14 01:00,12,3,9,0,0,0
2020-02-14 01:15,22,12,10,0,0,0
2020-02-14 01:30,8,3,5,0,0,0
2020-02-14 01:45,14,7,7,0,0,0
2020-02-14 02:00,7,0,7,0,0,0
2020-02-14 02:15,15,3,12,0,0,0
2020-02-14 02:30,17,3,14,0,0,0
2020-02-14 02:45,9,2,7,0,0,0
2020-02-14 03:00,19,3,16,0,0,0
2020-02-14 03:15,13,1,12,0,0,0
2020-02-14 03:30,6,1,5,0,0,0
2020-02-14 03:45,8,1,7,0,0,0
2020-02-14 04:00,14,4,10,0,0,0
2020-02-14 04:15,9,0,9,0,0,0
2020-02-14 04:30,8,3,5,0,0,0
2020-02-14 04:45,7,5,2,0,0,0
2020-02-14 05:00,11,5,6,0,0,0
2020-02-14 05:15,7,6,1,0,0,0
2020-02-14 05:30,11,7,4,0,0,0
2020-02-14 05:45,21,9,12,0,0,0
2020-02-14 06:00,20,13,7,0,0,0
2020-02-14 06:15,33,24,9,0,0,0
2020-02-14 06:30,43,27,16,0,0,0
2020-02-14 06:45,65,43,22,0,0,0
2020-02-14 07:00,69,49,20,0,0,0
2020-02-14 07:15,124,70,54,0,0,0
2020-02-14 07:30,205,147,58,0,0,0
2020-02-14 07:45,274,183,91,0,0,0
2020-02-14 08:00,190,123,67,0,0,0
2020-02-14 08:15,168,107,61,0,0,0
2020-02-14 08:30,168,108,60,0,0,0
2020-02-14 08:45,207,127,80,0,0,0
2020-02-14 09:00,149,94,55,0,0,0
2020-02-14 09:15,137,75,62,0,0,0
2020-02-14 09:30,127,74,53,0,0,0
2020-02-14 09:45,151,88,63,0,0,0
2020-02-14 10:00,108,59,49,0,0,0
2020-02-14 10:15,118,69,49,0,0,0
2020-02-14 10:30,112,68,44,0,0,0
2020-02-14 10:45,107,70,37,0,0,0
2020-02-14 11:00,93,55,38,0,0,0
2020-02-14 11:15,132,77,55,0,0,0
2020-02-14 11:30,120,70,50,0,0,0
2020-02-14 11:45,155,89,66,0,0,0
2020-02-14 12:00,170,71,99,0,0,0
2020-02-14 12:15,172,86,86,0,0,0
2020-02-14 12:30,138,72,66,0,0,0
2020-02-14 12:45,138,78,60,0,0,0
2020-02-14 13:00,173,78,95,0,0,0
2020-02-14 13:15,241,102,139,0,0,0
2020-02-14 13:30,172,79,93,0,0,0
2020-02-14 13:45,176,87,89,0,0,0
2020-02-14 14:00,176,77,99,0,0,0
2020-02-14 14:15,176,82,94,0,0,0
2020-02-14 14:30,180,77,103,0,0,0
2020-02-14 14:45,167,73,94,0,0,0
2020-02-14 15:00,199,96,103,0,0,0
2020-02-14 15:15,176,82,94,0,0,0
2020-02-14 15:30,196,81,115,0,0,0
2020-02-14 15:45,177,84,93,0,0,0
2020-02-14 16:00,190,84,106,0,0,0
2020-02-14 16:15,203,95,108,0,0,0
2020-02-14 16:30,180,88,92,0,0,0
2020-02-14 16:45,196,90,106,0,0,0
2020-02-14 17:00,169,75,94,0,0,0
2020-02-14 17:15,191,86,105,0,0,0
2020-02-14 17:30,177,85,92,0,0,0
2020-02-14 17:45,192,92,100,0,0,0
2020-02-14 18:00,180,88,92,0,0,0
2020-02-14 18:15,172,75,97,0,0,0
2020-02-14 18:30,150,61,89,0,0,0
2020-02-14 18:45,173,97,76,0,0,0
2020-02-14 19:00,164,60,104,0,0,0
2020-02-14 19:15,147,68,79,0,0,0
2020-02-14 19:30,165,88,77,0,0,0
2020-02-14 19:45,129,65,64,0,0,0
2020-02-14 20:00,140,70,70,0,0,0
2020-02-14 20:15,117,64,53,0,0,0
2020-02-14 20:30,94,48,46,0,0,0
2020-02-14 20:45,109,60,49,0,0,0
2020-02-14 21:00,89,44,45,0,0,0
2020-02-14 21:15,123,43,80,0,0,0
2020-02-14 21:30,100,35,65,0,0,0
2020-02-14 21:45,89,32,57,0,0,0
2020-02-14 22:00,77,17,60,0,0,0
2020-02-14 22:15,80,23,57,0,0,0
2020-02-14 22:30,74,31,43,0,0,0
2020-02-14 22:45,65,25,40,0,0,0
2020-02-14 23:00,62,29,33,0,0,0
2020-02-14 23:15,72,24,48,0,0,0
2020-02-14 23:30,60,20,40,0,0,0
2020-02-14 23:45,64,17,47,0,0,0
2020-02-15 00:00,91,36,55,0,0,0
2020-02-15 00:15,51,25,26,0,0,0
2020-02-15 00:30,60,20,40,0,0,0
2020-02-15 00:45,48,14,34,0,0,0
2020-02-15 01:00,72,25,47,0,0,0
2020-02-15 01:15,66,14,52,0,0,0
2020-02-15 01:30,44,14,30,0,0,0
2020-02-15 01:45,37,15,22,0,0,0
2020-02-15 02:00,31,9,22,0,0,0
2020-02-15 02:15,52,11,41,0,0,0
2020-02-15 02:30,33,4,29,0,0,0
2020-02-15 02:45,40,4,36,0,0,0
2020-02-15 03:00,37,10,27,0,0,0
2020-02-15 03:15,38,5,33,0,0,0
2020-02-15 03:30,22,6,16,0,0,0
2020-02-15 03:45,43,7,36,0,0,0
2020-02-15 04:00,41,10,31,0,0,0
2020-02-15 04:15,18,9,9,0,0,0
2020-02-15 04:30,11,4,7,0,0,0
2020-02-15 04:45,18,5,13,0,0,0
2020-02-15 05:00,19,4,15,0,0,0
2020-02-15 05:15,15,6,9,0,0,0
2020-02-15 05:30,10,6,4,0,0,0
2020-02-15 05:45,12,7,5,0,0,0
2020-02-15 06:00,12,6,6,0,0,0
2020-02-15 06:15,11,4,7,0,0,0
2020-02-15 06:30,12,7,5,0,0,0
2020-02-15 06:45,9,8,1,0,0,0
2020-02-15 07:00,11,9,2,0,0,0
2020-02-15 07:15,9,4,5,0,0,0
2020-02-15 07:30,20,12,8,0,0,0
2020-02-15 07:45,32,27,5,0,0,0
2020-02-15 08:00,28,19,9,0,0,0
2020-02-15 08:15,33,20,13,0,0,0
2020-02-15 08:30,61,46,15,0,0,0
2020-02-15 08:45,69,40,29,0,0,0
2020-02-15 09:00,50,34,16,0,0,0
2020-02-15 09:15,70,46,24,0,0,0
2020-02-15 09:30,68,47,21,0,0,0
2020-02-15 09:45,135,109,26,0,0,0
2020-02-15 10:00,134,111,23,0,0,0
2020-02-15 10:15,84,67,17,0,0,0
2020-02-15 10:30,90,66,24,0,0,0
2020-02-15 10:45,128,92,36,0,0,0
2020-02-15 11:00,98,59,39,0,0,0
2020-02-15 11:15,120,73,47,0,0,0
2020-02-15 11:30,132,83,49,0,0,0
2020-02-15 11:45,134,92,42,0,0,0
2020-02-15 12:00,135,88,47,0,0,0
2020-02-15 12:15,147,87,60,0,0,0
2020-02-15 12:30,144,72,72,0,0,0
2020-02-15 12:45,170,105,65,0,0,0
2020-02-15 13:00,128,74,54,0,0,0
2020-02-15 13:15,141,75,66,0,0,0
2020-02-15 13:30,151,79,72,0,0,0
2020-02-15 13:45,138,73,65,0,0,0
2020-02-15 14:00,174,95,79,0,0,0
2020-02-15 14:15,146,57,89,0,0,0
2020-02-15 14:30,172,66,106,0,0,0
2020-02-15 14:45,153,61,92,0,0,0
2020-02-15 15:00,168,74,94,0,0,0
2020-02-15 15:15,130,55,75,0,0,0
2020-02-15 15:30,128,61,67,0,0,0
2020-02-15 15:45,143,75,68,0,0,0
2020-02-15 16:00,111,42,69,0,0,0
2020-02-15 16:15,142,55,87,0,0,0
2020-02-15 16:30,131,50,81,0,0,0
2020-02-15 16:45,133,67,66,0,0,0
2020-02-15 17:00,124,42,82,0,0,0
2020-02-15 17:15,114,55,59,0,0,0
2020-02-15 17:30,120,41,79,0,0,0
2020-02-15 17:45,156,63,93,0,0,0
2020-02-15 18:00,131,54,77,0,0,0
2020-02-15 18:15,147,59,88,0,0,0
2020-02-15 18:30,100,45,55,0,0,0
2020-02-15 18:45,133,71,62,0,0,0
2020-02-15 19:00,133,72,61,0,0,0
2020-02-15 19:15,143,66,77,0,0,0
2020-02-15 19:30,89,39,50,0,0,0
2020-02-15 19:45,113,49,64,0,0,0
2020-02-15 20:00,138,56,82,0,0,0
2020-02-15 20:15,92,46,46,0,0,0
2020-02-15 20:30,81,35,46,0,0,0
2020-02-15 20:45,71,34,37,0,0,0
2020-02-15 21:00,85,38,47,0,0,0
2020-02-15 21:15,74,26,48,0,0,0
2020-02-15 21:30,68,32,36,0,0,0
2020-02-15 21:45,87,35,52,0,0,0
2020-02-15 22:00,93,47,46,0,0,0
2020-02-15 22:15,77,32,45,0,0,0
2020-02-15 22:30,62,33,29,0,0,0
2020-02-15 22:45,46,28,18,0,0,0
2020-02-15 23:00,57,14,43,0,0,0
2020-02-15 23:15,56,22,34,0,0,0
2020-02-15 23:30,38,16,22,0,0,0
2020-02-15 23:45,67,17,50,0,0,0
2020-02-16 00:00,64,20,44,0,0,0
2020-02-16 00:15,65,25,40,0,0,0
2020-02-16 00:30,55,21,34,0,0,0
2020-02-16 00:45,57,20,37,0,0,0
2020-02-16 01:00,57,24,33,0,0,0
2020-02-16 01:15,60,15,45,0,0,0
2020-02-16 01:30,64,23,41,0,0,0
2020-02-16 01:45,31,11,20,0,0,0
2020-02-16 02:00,52,10,42,0,0,0
2020-02-16 02:15,34,7,27,0,0,0
2020-02-16 02:30,40,9,31,0,0,0
2020-02-16 02:45,36,11,25,0,0,0
2020-02-16 03:00,36,11,25,0,0,0
2020-02-16 03:15,36,10,26,0,0,0
2020-02-16 03:30,25,2,23,0,0,0
2020-02-16 03:45,35,14,21,0,0,0
2020-02-16 04:00,16,3,13,0,0,0
2020-02-16 04:15,18,0,18,0,0,0
2020-02-16 04:30,19,4,15,0,0,0
2020-02-16 04:45,13,2,11,0,0,0
2020-02-16 05:00,13,2,11,0,0,0
2020-02-16 05:15,7,2,5,0,0,0
2020-02-16 05:30,15,6,9,0,0,0
2020-02-16 05:45,12,4,8,0,0,0
2020-02-16 06:00,7,1,6,0,0,0
2020-02-16 06:15,8,4,4,0,0,0
2020-02-16 06:30,3,2,1,0,0,0
2020-02-16 06:45,5,4,1,0,0,0
2020-02-16 07:00,6,0,6,0,0,0
2020-02-16 07:15,11,7,4,0,0,0
2020-02-16 07:30,5,2,3,0,0,0
2020-02-16 07:45,12,10,2,0,0,0
2020-02-16 08:00,7,3,4,0,0,0
2020-02-16 08:15,10,6,4,0,0,0
2020-02-16 08:30,14,7,7,0,0,0
2020-02-16 08:45,18,9,9,0,0,0
2020-02-16 09:00,13,7,6,0,0,0
2020-02-16 09:15,15,11,4,0,0,0
2020-02-16 09:30,22,17,5,0,0,0
2020-02-16 09:45,98,77,21,0,0,0
2020-02-16 10:00,59,48,11,0,0,0
2020-02-16 10:15,43,28,15,0,0,0
2020-02-16 10:30,39,21,18,0,0,0
2020-02-16 10:45,33,21,12,0,0,0
2020-02-16 11:00,36,22,14,0,0,0
2020-02-16 11:15,29,21,8,0,0,0
2020-02-16 11:30,43,23,20,0,0,0
2020-02-16 11:45,48,27,21,0,0,0
2020-02-16 12:00,40,20,20,0,0,0
2020-02-16 12:15,52,29,23,0,0,0
2020-02-16 12:30,56,25,31,0,0,0
2020-02-16 12:45,61,29,32,0,0,0
2020-02-16 13:00,71,30,41,0,0,0
2020-02-16 13:15,62,33,29,0,0,0
2020-02-16 13:30,50,27,23,0,0,0
2020-02-16 13:45,71,43,28,0,0,0
2020-02-16 14:00,71,38,33,0,0,0
2020-02-16 14:15,59,26,33,0,0,0
2020-02-16 14:30,78,35,43,0,0,0
2020-02-16 14:45,83,45,38,0,0,0
2020-02-16 15:00,81,37,44,0,0,0
2020-02-16 15:15,69,43,26,0,0,0
2020-02-16 15:30,54,19,35,0,0,0
2020-02-16 15:45,74,38,36,0,0,0
2020-02-16 16:00,53,20,33,0,0,0
2020-02-16 16:15,79,31,48,0,0,0
2020-02-16 16:30,59,25,34,0,0,0
2020-02-16 16:45,86,36,50,0,0,0
2020-02-16 17:00,64,27,37,0,0,0
2020-02-16 17:15,77,32,45,0,0,0
2020-02-16 17:30,90,44,46,0,0,0
2020-02-16 17:45,95,31,64,0,0,0
2020-02-16 18:00,92,35,57,0,0,0
2020-02-16 18:15,78,23,55,0,0,0
2020-02-16 18:30,75,37,38,0,0,0
2020-02-16 18:45,57,14,43,0,0,0
2020-02-16 19:00,50,19,31,0,0,0
2020-02-16 19:15,70,18,52,0,0,0
2020-02-16 19:30,53,16,37,0,0,0
2020-02-16 19:45,65,22,43,0,0,0
2020-02-16 20:00,39,4,35,0,0,0
2020-02-16 20:15,57,23,34,0,0,0
2020-02-16 20:30,28,7,21,0,0,0
2020-02-16 20:45,30,10,20,0,0,0
2020-02-16 21:00,21,5,16,0,0,0
2020-02-16 21:15,26,11,15,0,0,0
2020-02-16 21:30,11,4,7,0,0,0
2020-02-16 21:45,20,4,16,0,0,0
2020-02-16 22:00,32,13,19,0,0,0
2020-02-16 22:15,22,8,14,0,0,0
2020-02-16 22:30,16,4,12,0,0,0
2020-02-16 22:45,14,5,9,0,0,0
2020-02-16 23:00,23,7,16,0,0,0
2020-02-16 23:15,9,2,7,0,0,0
2020-02-16 23:30,9,0,9,0,0,0
2020-02-16 23:45,14,3,11,0,0,0
2020-02-17 00:00,5,3,2,0,0,0
2020-02-17 00:15,8,1,7,0,0,0
2020-02-17 00:30,5,2,3,0,0,0
2020-02-17 00:45,5,2,3,0,0,0
2020-02-17 01:00,3,0,3,0,0,0
2020-02-17 01:15,9,2,7,0,0,0
2020-02-17 01:30,4,2,2,0,0,0
2020-02-17 01:45,6,6,0,0,0,0
2020-02-17 02:00,2,2,0,0,0,0
2020-02-17 02:15,1,0,1,0,0,0
2020-02-17 02:30,4,2,2,0,0,0
2020-02-17 02:45,2,0,2,0,0,0
2020-02-17 03:00,0,0,0,0,0,0
2020-02-17 03:15,3,1,2,0,0,0
2020-02-17 03:30,1,0,1,0,0,0
2020-02-17 03:45,1,0,1,0,0,0
2020-02-17 04:00,2,1,1,0,0,0
2020-02-17 04:15,2,2,0,0,0,0
2020-02-17 04:30,2,1,1,0,0,0
2020-02-17 04:45,10,7,3,0,0,0
2020-02-17 05:00,9,7,2,0,0,0
2020-02-17 05:15,10,5,5,0,0,0
2020-02-17 05:30,12,8,4,0,0,0
2020-02-17 05:45,27,19,8,0,0,0
2020-02-17 06:00,23,19,4,0,0,0
2020-02-17 06:15,29,27,2,0,0,0
2020-02-17 06:30,64,41,23,0,0,0
2020-02-17 06:45,60,38,22,0,0,0
2020-02-17 07:00,80,41,39,0,0,0
2020-02-17 07:15,143,92,51,0,0,0
2020-02-17 07:30,225,166,59,0,0,0
2020-02-17 07:45,257,158,99,0,0,0
2020-02-17 08:00,177,117,60,0,0,0
2020-02-17 08:15,224,149,75,0,0,0
2020-02-17 08:30,192,127,65,0,0,0
2020-02-17 08:45,240,158,82,0,0,0
2020-02-17 09:00,159,99,60,0,0,0
2020-02-17 09:15,112,67,45,0,0,0
2020-02-17 09:30,144,82,62,0,0,0
2020-02-17 09:45,161,114,47,0,0,0
2020-02-17 10:00,161,81,80,0,0,0
2020-02-17 10:15,108,57,51,0,0,0
2020-02-17 10:30,96,57,39,0,0,0
2020-02-17 10:45,102,52,50,0,0,0
2020-02-17 11:00,83,43,40,0,0,0
2020-02-17 11:15,114,55,59,0,0,0
2020-02-17 11:30,101,47,54,0,0,0
2020-02-17 11:45,127,72,55,0,0,0
2020-02-17 12:00,108,45,63,0,0,0
2020-02-17 12:15,130,65,65,0,0,0
2020-02-17 12:30,154,83,71,0,0,0
2020-02-17 12:45,167,79,88,0,0,0
2020-02-17 13:00,150,76,74,0,0,0
2020-02-17 13:15,157,81,76,0,0,0
2020-02-17 13:30,149,78,71,0,0,0
2020-02-17 13:45,184,93,91,0,0,0
2020-02-17 14:00,149,60,89,0,0,0
2020-02-17 14:15,160,80,80,0,0,0
2020-02-17 14:30,153,72,81,0,0,0
2020-02-17 14:45,153,79,74,0,0,0
2020-02-17 15:00,162,69,93,0,0,0
2020-02-17 15:15,137,53,84,0,0,0
2020-02-17 15:30,140,50,90,0,0,0
2020-02-17 15:45,192,54,138,0,0,0
2020-02-17 16:00,182,88,94,0,0,0
2020-02-17 16:15,217,95,122,0,0,0
2020-02-17 16:30,205,74,131,0,0,0
2020-02-17 16:45,211,78,133,0,0,0
2020-02-17 17:00,184,87,97,0,0,0
2020-02-17 17:15,230,95,135,0,0,0
2020-02-17 17:30,219,93,126,0,0,0
2020-02-17 17:45,256,107,149,0,0,0
2020-02-17 18:00,217,88,129,0,0,0
2020-02-17 18:15,201,86,115,0,0,0
2020-02-17 18:30,153,76,77,0,0,0
2020-02-17 18:45,217,81,136,0,0,0
2020-02-17 19:00,178,67,111,0,0,0
2020-02-17 19:15,169,74,95,0,0,0
2020-02-17 19:30,141,58,83,0,0,0
2020-02-17 19:45,129,52,77,0,0,0
2020-02-17 20:00,126,56,70,0,0,0
2020-02-17 20:15,136,39,97,0,0,0
2020-02-17 20:30,76,35,41,0,0,0
2020-02-17 20:45,90,40,50,0,0,0
2020-02-17 21:00,83,41,42,0,0,0
2020-02-17 21:15,57,25,32,0,0,0
2020-02-17 21:30,56,13,43,0,0,0
2020-02-17 21:45,53,16,37,0,0,0
2020-02-17 22:00,71,16,55,0,0,0
2020-02-17 22:15,75,30,45,0,0,0
2020-02-17 22:30,60,17,43,0,0,0
2020-02-17 22:45,76,29,47,0,0,0
2020-02-17 23:00,52,21,31,0,0,0
2020-02-17 23:15,31,7,24,0,0,0
2020-02-17 23:30,30,6,24,0,0,0
2020-02-17 23:45,34,17,17,0,0,0
2020-02-18 00:00,27,8,19,0,0,0
2020-02-18 00:15,29,14,15,0,0,0
2020-02-18 00:30,20,8,12,0,0,0
2020-02-18 00:45,9,1,8,0,0,0
2020-02-18 01:00,5,2,3,0,0,0
2020-02-18 01:15,10,3,7,0,0,0
2020-02-18 01:30,9,2,7,0,0,0
2020-02-18 01:45,4,2,2,0,0,0
2020-02-18 02:00,4,1,3,0,0,0
2020-02-18 02:15,1,0,1,0,0,0
2020-02-18 02:30,4,1,3,0,0,0
2020-02-18 02:45,3,0,3,0,0,0
2020-02-18 03:00,4,3,1,0,0,0
2020-02-18 03:15,1,0,1,0,0,0
2020-02-18 03:30,6,0,6,0,0,0
2020-02-18 03:45,0,0,0,0,0,0
2020-02-18 04:00,5,2,3,0,0,0
2020-02-18 04:15,5,3,2,0,0,0
2020-02-18 04:30,3,2,1,0,0,0
2020-02-18 04:45,12,9,3,0,0,0
2020-02-18 05:00,7,6,1,0,0,0
2020-02-18 05:15,7,7,0,0,0,0
2020-02-18 05:30,11,7,4,0,0,0
2020-02-18 05:45,17,9,8,0,0,0
2020-02-18 06:00,28,24,4,0,0,0
2020-02-18 06:15,26,22,4,0,0,0
2020-02-18 06:30,62,41,21,0,0,0
2020-02-18 06:45,73,47,26,0,0,0
2020-02-18 07:00,89,60,29,0,0,0
2020-02-18 07:15,144,96,48,0,0,0
2020-02-18 07:30,240,179,61,0,0,0
2020-02-18 07:45,267,170,97,0,0,0
2020-02-18 08:00,199,121,78,0,0,0
2020-02-18 08:15,223,137,86,0,0,0
2020-02-18 08:30,225,158,67,0,0,0
2020-02-18 08:45,207,125,82,0,0,0
2020-02-18 09:00,184,119,65,0,0,0
2020-02-18 09:15,151,90,61,0,0,0
2020-02-18 09:30,156,78,78,0,0,0
2020-02-18 09:45,178,110,68,0,0,0
2020-02-18 10:00,128,73,55,0,0,0
2020-02-18 10:15,117,54,63,0,0,0
2020-02-18 10:30,111,59,52,0,0,0
2020-02-18 10:45,105,68,37,0,0,0
2020-02-18 11:00,101,53,48,0,0,0
2020-02-18 11:15,102,68,34,0,0,0
2020-02-18 11:30,114,72,42,0,0,0
2020-02-18 11:45,149,86,63,0,0,0
2020-02-18 12:00,145,59,86,0,0,0
2020-02-18 12:15,137,59,78,0,0,0
2020-02-18 12:30,144,66,78,0,0,0
2020-02-18 12:45,175,88,87,0,0,0
2020-02-18 13:00,163,75,88,0,0,0
2020-02-18 13:15,201,73,128,0,0,0
2020-02-18 13:30,148,52,96,0,0,0
2020-02-18 13:45,191,106,85,0,0,0
2020-02-18 14:00,177,73,104,0,0,0
2020-02-18 14:15,174,82,92,0,0,0
2020-02-18 14:30,159,62,97,0,0,0
2020-02-18 14:45,178,91,87,0,0,0
2020-02-18 15:00,168,79,89,0,0,0
2020-02-18 15:15,152,70,82,0,0,0
2020-02-18 15:30,158,77,81,0,0,0
2020-02-18 15:45,210,95,115,0,0,0
2020-02-18 16:00,214,103,111,0,0,0
2020-02-18 16:15,203,95,108,0,0,0
2020-02-18 16:30,194,92,102,0,0,0
2020-02-18 16:45,231,91,140,0,0,0
2020-02-18 17:00,237,95,142,0,0,0
2020-02-18 17:15,254,117,137,0,0,0
2020-02-18 17:30,231,112,119,0,0,0
2020-02-18 17:45,274,108,166,0,0,0
2020-02-18 18:00,237,86,151,0,0,0
2020-02-18 18:15,247,98,149,0,0,0
2020-02-18 18:30,211,89,122,0,0,0
2020-02-18 18:45,215,89,126,0,0,0
2020-02-18 19:00,190,75,115,0,0,0
2020-02-18 19:15,173,80,93,0,0,0
2020-02-18 19:30,159,62,97,0,0,0
2020-02-18 19:45,187,86,101,0,0,0
2020-02-18 20:00,161,66,95,0,0,0
2020-02-18 20:15,160,68,92,0,0,0
2020-02-18 20:30,118,40,78,0,0,0
2020-02-18 20:45,88,39,49,0,0,0
2020-02-18 21:00,68,28,40,0,0,0
2020-02-18 21:15,99,44,55,0,0,0
2020-02-18 21:30,74,42,32,0,0,0
2020-02-18 21:45,84,25,59,0,0,0
2020-02-18 22:00,99,31,68,0,0,0
2020-02-18 22:15,76,30,46,0,0,0
2020-02-18 22:30,61,30,31,0,0,0
2020-02-18 22:45,75,34,41,0,0,0
2020-02-18 23:00,105,26,79,0,0,0
2020-02-18 23:15,60,29,31,0,0,0
2020-02-18 23:30,46,17,29,0,0,0
2020-02-18 23:45,37,10,27,0,0,0
2020-02-19 00:00,20,3,17,0,0,0
2020-02-19 00:15,32,5,27,0,0,0
2020-02-19 00:30,27,9,18,0,0,0
2020-02-19 00:45,14,5,9,0,0,0
2020-02-19 01:00,19,5,14,0,0,0
2020-02-19 01:15,20,4,16,0,0,0
2020-02-19 01:30,11,3,8,0,0,0
2020-02-19 01:45,11,1,10,0,0,0
2020-02-19 02:00,18,4,14,0,0,0
2020-02-19 02:15,16,4,12,0,0,0
2020-02-19 02:30,9,5,4,0,0,0
2020-02-19 02:45,2,0,2,0,0,0
2020-02-19 03:00,8,1,7,0,0,0
2020-02-19 03:15,5,0,5,0,0,0
2020-02-19 03:30,3,1,2,0,0,0
2020-02-19 03:45,6,2,4,0,0,0
2020-02-19 04:00,2,1,1,0,0,0
2020-02-19 04:15,3,0,3,0,0,0
2020-02-19 04:30,9,7,2,0,0,0
2020-02-19 04:45,9,2,7,0,0,0
2020-02-19 05:00,8,6,2,0,0,0
2020-02-19 05:15,7,7,0,0,0,0
2020-02-19 05:30,20,16,4,0,0,0
2020-02-19 05:45,17,9,8,0,0,0
2020-02-19 06:00,22,18,4,0,0,0
2020-02-19 06:15,29,21,8,0,0,0
2020-02-19 06:30,47,31,16,0,0,0
2020-02-19 06:45,53,40,13,0,0,0
2020-02-19 07:00,98,71,27,0,0,0
2020-02-19 07:15,132,100,32,0,0,0
2020-02-19 07:30,236,169,67,0,0,0
2020-02-19 07:45,253,182,71,0,0,0
2020-02-19 08:00,204,131,73,0,0,0
2020-02-19 08:15,211,134,77,0,0,0
2020-02-19 08:30,183,121,62,0,0,0
2020-02-19 08:45,265,163,102,0,0,0
2020-02-19 09:00,202,108,94,0,0,0
2020-02-19 09:15,147,89,58,0,0,0
2020-02-19 09:30,139,89,50,0,0,0
2020-02-19 09:45,186,108,78,0,0,0
2020-02-19 10:00,125,77,48,0,0,0
2020-02-19 10:15,136,94,42,0,0,0
2020-02-19 10:30,110,76,34,0,0,0
2020-02-19 10:45,143,85,58,0,0,0
2020-02-19 11:00,106,60,46,0,0,0
2020-02-19 11:15,127,73,54,0,0,0
2020-02-19 11:30,133,74,59,0,0,0
2020-02-19 11:45,155,87,68,0,0,0
2020-02-19 12:00,158,84,74,0,0,0
2020-02-19 12:15,155,87,68,0,0,0
2020-02-19 12:30,148,68,80,0,0,0
2020-02-19 12:45,184,104,80,0,0,0
2020-02-19 13:00,148,65,83,0,0,0
2020-02-19 13:15,155,67,88,0,0,0
2020-02-19 13:30,150,68,82,0,0,0
2020-02-19 13:45,194,82,112,0,0,0
2020-02-19 14:00,153,65,88,0,0,0
2020-02-19 14:15,164,69,95,0,0,0
2020-02-19 14:30,143,54,89,0,0,0
2020-02-19 14:45,179,73,106,0,0,0
2020-02-19 15:00,157,49,108,0,0,0
2020-02-19 15:15,154,68,86,0,0,0
2020-02-19 15:30,164,73,91,0,0,0
2020-02-19 15:45,214,91,123,0,0,0
2020-02-19 16:00,218,93,125,0,0,0
2020-02-19 16:15,189,65,124,0,0,0
2020-02-19 16:30,175,86,89,0,0,0
2020-02-19 16:45,212,106,106,0,0,0
2020-02-19 17:00,248,114,134,0,0,0
2020-02-19 17:15,233,105,128,0,0,0
2020-02-19 17:30,211,79,132,0,0,0
2020-02-19 17:45,250,100,150,0,0,0
2020-02-19 18:00,208,90,118,0,0,0
2020-02-19 18:15,252,106,146,0,0,0
2020-02-19 18:30,187,90,97,0,0,0
2020-02-19 18:45,234,119,115,0,0,0
2020-02-19 19:00,202,90,112,0,0,0
2020-02-19 19:15,202,91,111,0,0,0
2020-02-19 19:30,167,84,83,0,0,0
2020-02-19 19:45,159,68,91,0,0,0
2020-02-19 20:00,168,62,106,0,0,0
2020-02-19 20:15,142,54,88,0,0,0
2020-02-19 20:30,104,43,61,0,0,0
2020-02-19 20:45,96,31,65,0,0,0
2020-02-19 21:00,102,46,56,0,0,0
2020-02-19 21:15,87,32,55,0,0,0
2020-02-19 21:30,73,18,55,0,0,0
2020-02-19 21:45,75,23,52,0,0,0
2020-02-19 22:00,58,21,37,0,0,0
2020-02-19 22:15,113,49,64,0,0,0
2020-02-19 22:30,77,28,49,0,0,0
2020-02-19 22:45,60,22,38,0,0,0
2020-02-19 23:00,68,23,45,0,0,0
2020-02-19 23:15,54,18,36,0,0,0
2020-02-19 23:30,48,13,35,0,0,0
2020-02-19 23:45,45,21,24,0,0,0
2020-02-20 00:00,44,15,29,0,0,0
2020-02-20 00:15,30,7,23,0,0,0
2020-02-20 00:30,25,12,13,0,0,0
2020-02-20 00:45,30,7,23,0,0,0
2020-02-20 01:00,30,11,19,0,0,0
2020-02-20 01:15,25,6,19,0,0,0
2020-02-20 01:30,18,6,12,0,0,0
2020-02-20 01:45,14,3,11,0,0,0
2020-02-20 02:00,16,2,14,0,0,0
2020-02-20 02:15,15,0,15,0,0,0
2020-02-20 02:30,16,3,13,0,0,0
2020-02-20 02:45,11,1,10,0,0,0
2020-02-20 03:00,8,2,6,0,0,0
2020-02-20 03:15,15,1,14,0,0,0
2020-02-20 03:30,10,1,9,0,0,0
2020-02-20 03:45,7,4,3,0,0,0
2020-02-20 04:00,4,2,2,0,0,0
2020-02-20 04:15,3,1,2,0,0,0
2020-02-20 04:30,5,3,2,0,0,0
2020-02-20 04:45,8,4,4,0,0,0
2020-02-20 05:00,10,1,9,0,0,0
2020-02-20 05:15,11,9,2,0,0,0
2020-02-20 05:30,21,15,6,0,0,0
2020-02-20 05:45,24,16,8,0,0,0
2020-02-20 06:00,14,12,2,0,0,0
2020-02-20 06:15,46,31,15,0,0,0
2020-02-20 06:30,50,35,15,0,0,0
2020-02-20 06:45,57,42,15,0,0,0
2020-02-20 07:00,94,64,30,0,0,0
2020-02-20 07:15,148,104,44,0,0,0
2020-02-20 07:30,240,181,59,0,0,0
2020-02-20 07:45,236,151,85,0,0,0
2020-02-20 08:00,189,104,85,0,0,0
2020-02-20 08:15,184,124,60,0,0,0
2020-02-20 08:30,179,116,63,0,0,0
2020-02-20 08:45,243,156,87,0,0,0
2020-02-20 09:00,183,117,66,0,0,0
2020-02-20 09:15,138,83,55,0,0,0
2020-02-20 09:30,144,82,62,0,0,0
2020-02-20 09:45,165,100,65,0,0,0
2020-02-20 10:00,141,88,53,0,0,0
2020-02-20 10:15,114,67,47,0,0,0
2020-02-20 10:30,102,65,37,0,0,0
2020-02-20 10:45,100,52,48,0,0,0
2020-02-20 11:00,99,45,54,0,0,0
2020-02-20 11:15,126,69,57,0,0,0
2020-02-20 11:30,121,50,71,0,0,0
2020-02-20 11:45,104,59,45,0,0,0
2020-02-20 12:00,68,44,24,0,0,0
2020-02-20 12:15,119,64,55,0,0,0
2020-02-20 12:30,121,56,65,0,0,0
2020-02-20 12:45,147,74,73,0,0,0
2020-02-20 13:00,156,70,86,0,0,0
2020-02-20 13:15,162,60,102,0,0,0
2020-02-20 13:30,138,69,69,0,0,0
2020-02-20 13:45,169,97,72,0,0,0
2020-02-20 14:00,170,77,93,0,0,0
2020-02-20 14:15,164,67,97,0,0,0
2020-02-20 14:30,167,87,80,0,0,0
2020-02-20 14:45,170,92,78,0,0,0
2020-02-20 15:00,132,64,68,0,0,0
2020-02-20 15:15,163,61,102,0,0,0
2020-02-20 15:30,168,72,96,0,0,0
2020-02-20 15:45,185,92,93,0,0,0
2020-02-20 16:00,186,89,97,0,0,0
2020-02-20 16:15,168,70,98,0,0,0
2020-02-20 16:30,214,93,121,0,0,0
2020-02-20 16:45,211,113,98,0,0,0
2020-02-20 17:00,190,86,104,0,0,0
2020-02-20 17:15,209,87,122,0,0,0
2020-02-20 17:30,188,75,113,0,0,0
2020-02-20 17:45,234,105,129,0,0,0
2020-02-20 18:00,215,86,129,0,0,0
2020-02-20 18:15,224,100,124,0,0,0
2020-02-20 18:30,146,68,78,0,0,0
2020-02-20 18:45,170,62,108,0,0,0
2020-02-20 19:00,173,77,96,0,0,0
2020-02-20 19:15,154,60,94,0,0,0
2020-02-20 19:30,142,56,86,0,0,0
2020-02-20 19:45,146,63,83,0,0,0
2020-02-20 20:00,148,75,73,0,0,0
2020-02-20 20:15,109,38,71,0,0,0
2020-02-20 20:30,73,30,43,0,0,0
2020-02-20 20:45,56,25,31,0,0,0
2020-02-20 21:00,61,22,39,0,0,0
2020-02-20 21:15,65,31,34,0,0,0
2020-02-20 21:30,59,29,30,0,0,0
2020-02-20 21:45,65,22,43,0,0,0
2020-02-20 22:00,67,21,46,0,0,0
2020-02-20 22:15,73,5,68,0,0,0
2020-02-20 22:30,71,20,51,0,0,0
2020-02-20 22:45,81,28,53,0,0,0
2020-02-20 23:00,57,19,38,0,0,0
2020-02-20 23:15,52,18,34,0,0,0
2020-02-20 23:30,58,12,46,0,0,0
2020-02-20 23:45,43,17,26,0,0,0
2020-02-21 00:00,42,8,34,0,0,0
2020-02-21 00:15,30,6,24,0,0,0
2020-02-21 00:30,27,9,18,0,0,0
2020-02-21 00:45,35,8,27,0,0,0
2020-02-21 01:00,26,5,21,0,0,0
2020-02-21 01:15,18,2,16,0,0,0
2020-02-21 01:30,13,1,12,0,0,0
2020-02-21 01:45,21,3,18,0,0,0
2020-02-21 02:00,24,6,18,0,0,0
2020-02-21 02:15,13,0,13,0,0,0
2020-02-21 02:30,12,3,9,0,0,0
2020-02-21 02:45,14,2,12,0,0,0
2020-02-21 03:00,12,3,9,0,0,0
2020-02-21 03:15,6,0,6,0,0,0
2020-02-21 03:30,6,1,5,0,0,0
2020-02-21 03:45,14,6,8,0,0,0
2020-02-21 04:00,6,2,4,0,0,0
2020-02-21 04:15,10,1,9,0,0,0
2020-02-21 04:30,10,6,4,0,0,0
2020-02-21 04:45,14,6,8,0,0,0
2020-02-21 05:00,7,5,2,0,0,0
2020-02-21 05:15,12,9,3,0,0,0
2020-02-21 05:30,20,15,5,0,0,0
2020-02-21 05:45,19,9,10,0,0,0
2020-02-21 06:00,24,18,6,0,0,0
2020-02-21 06:15,26,18,8,0,0,0
2020-02-21 06:30,39,25,14,0,0,0
2020-02-21 06:45,45,34,11,0,0,0
2020-02-21 07:00,78,48,30,0,0,0
2020-02-21 07:15,99,60,39,0,0,0
2020-02-21 07:30,156,102,54,0,0,0
2020-02-21 07:45,185,114,71,0,0,0
2020-02-21 08:00,130,77,53,0,0,0
2020-02-21 08:15,157,96,61,0,0,0
2020-02-21 08:30,189,134,55,0,0,0
2020-02-21 08:45,213,136,77,0,0,0
2020-02-21 09:00,153,82,71,0,0,0
2020-02-21 09:15,129,78,51,0,0,0
2020-02-21 09:30,149,82,67,0,0,0
2020-02-21 09:45,161,97,64,0,0,0
2020-02-21 10:00,123,82,41,0,0,0
2020-02-21 10:15,98,60,38,0,0,0
2020-02-21 10:30,105,66,39,0,0,0
2020-02-21 10:45,126,70,56,0,0,0
2020-02-21 11:00,102,62,40,0,0,0
2020-02-21 11:15,138,85,53,0,0,0
2020-02-21 11:30,142,73,69,0,0,0
2020-02-21 11:45,127,63,64,0,0,0
2020-02-21 12:00,132,73,59,0,0,0
2020-02-21 12:15,159,74,85,0,0,0
2020-02-21 12:30,142,63,79,0,0,0
2020-02-21 12:45,164,91,73,0,0,0
2020-02-21 13:00,173,82,91,0,0,0
2020-02-21 13:15,165,77,88,0,0,0
2020-02-21 13:30,125,56,69,0,0,0
2020-02-21 13:45,180,85,95,0,0,0
2020-02-21 14:00,171,84,87,0,0,0
2020-02-21 14:15,172,66,106,0,0,0
2020-02-21 14:30,165,71,94,0,0,0
2020-02-21 14:45,182,84,98,0,0,0
2020-02-21 15:00,165,71,94,0,0,0
2020-02-21 15:15,152,69,83,0,0,0
2020-02-21 15:30,174,88,86,0,0,0
2020-02-21 15:45,191,85,106,0,0,0
2020-02-21 16:00,149,71,78,0,0,0
2020-02-21 16:15,174,81,93,0,0,0
2020-02-21 16:30,154,63,91,0,0,0
2020-02-21 16:45,165,77,88,0,0,0
2020-02-21 17:00,176,71,105,0,0,0
2020-02-21 17:15,127,58,69,0,0,0
2020-02-21 17:30,160,80,80,0,0,0
2020-02-21 17:45,158,68,90,0,0,0
2020-02-21 18:00,150,63,87,0,0,0
2020-02-21 18:15,165,63,102,0,0,0
2020-02-21 18:30,136,53,83,0,0,0
2020-02-21 18:45,157,85,72,0,0,0
2020-02-21 19:00,127,62,65,0,0,0
2020-02-21 19:15,165,84,81,0,0,0
2020-02-21 19:30,130,55,75,0,0,0
2020-02-21 19:45,109,54,55,0,0,0
2020-02-21 20:00,134,51,83,0,0,0
2020-02-21 20:15,88,36,52,0,0,0
2020-02-21 20:30,111,54,57,0,0,0
2020-02-21 20:45,71,43,28,0,0,0
2020-02-21 21:00,103,41,62,0,0,0
2020-02-21 21:15,62,25,37,0,0,0
2020-02-21 21:30,61,34,27,0,0,0
2020-02-21 21:45,57,23,34,0,0,0
2020-02-21 22:00,69,23,46,0,0,0
2020-02-21 22:15,60,21,39,0,0,0
2020-02-21 22:30,68,32,36,0,0,0
2020-02-21 22:45,52,18,34,0,0,0
2020-02-21 23:00,53,18,35,0,0,0
2020-02-21 23:15,50,20,30,0,0,0
2020-02-21 23:30,37,18,19,0,0,0
2020-02-21 23:45,50,15,35,0,0,0
2020-02-22 00:00,54,30,24,0,0,0
2020-02-22 00:15,49,17,32,0,0,0
2020-02-22 00:30,38,8,30,0,0,0
2020-02-22 00:45,41,12,29,0,0,0
2020-02-22 01:00,35,11,24,0,0,0
2020-02-22 01:15,35,9,26,0,0,0
2020-02-22 01:30,21,11,10,0,0,0
2020-02-22 01:45,32,9,23,0,0,0
2020-02-22 02:00,34,11,23,0,0,0
2020-02-22 02:15,19,3,16,0,0,0
2020-02-22 02:30,19,0,19,0,0,0
2020-02-22 02:45,20,2,18,0,0,0
2020-02-22 03:00,23,2,21,0,0,0
2020-02-22 03:15,27,6,21,0,0,0
2020-02-22 03:30,11,2,9,0,0,0
2020-02-22 03:45,15,0,15,0,0,0
2020-02-22 04:00,15,3,12,0,0,0
2020-02-22 04:15,19,1,18,0,0,0
2020-02-22 04:30,14,1,13,0,0,0
2020-02-22 04:45,9,3,6,0,0,0
2020-02-22 05:00,17,4,13,0,0,0
2020-02-22 05:15,33,11,22,0,0,0
2020-02-22 05:30,21,8,13,0,0,0
2020-02-22 05:45,11,6,5,0,0,0
2020-02-22 06:00,13,6,7,0,0,0
2020-02-22 06:15,10,4,6,0,0,0
2020-02-22 06:30,7,2,5,0,0,0
2020-02-22 06:45,14,7,7,0,0,0
2020-02-22 07:00,3,2,1,0,0,0
2020-02-22 07:15,6,6,0,0,0,0
2020-02-22 07:30,20,14,6,0,0,0
2020-02-22 07:45,30,26,4,0,0,0
2020-02-22 08:00,24,17,7,0,0,0
2020-02-22 08:15,24,15,9,0,0,0
2020-02-22 08:30,26,18,8,0,0,0
2020-02-22 08:45,57,35,22,0,0,0
2020-02-22 09:00,42,28,14,0,0,0
2020-02-22 09:15,59,39,20,0,0,0
2020-02-22 09:30,69,46,23,0,0,0
2020-02-22 09:45,102,76,26,0,0,0
2020-02-22 10:00,60,46,14,0,0,0
2020-02-22 10:15,65,39,26,0,0,0
2020-02-22 10:30,77,50,27,0,0,0
2020-02-22 10:45,63,41,22,0,0,0
2020-02-22 11:00,58,40,18,0,0,0
2020-02-22 11:15,91,45,46,0,0,0
2020-02-22 11:30,66,38,28,0,0,0
2020-02-22 11:45,87,47,40,0,0,0
2020-02-22 12:00,82,51,31,0,0,0
2020-02-22 12:15,68,42,26,0,0,0
2020-02-22 12:30,87,41,46,0,0,0
2020-02-22 12:45,90,53,37,0,0,0
2020-02-22 13:00,99,50,49,0,0,0
2020-02-22 13:15,89,42,47,0,0,0
2020-02-22 13:30,63,36,27,0,0,0
2020-02-22 13:45,87,51,36,0,0,0
2020-02-22 14:00,82,40,42,0,0,0
2020-02-22 14:15,89,43,46,0,0,0
2020-02-22 14:30,80,31,49,0,0,0
2020-02-22 14:45,86,46,40,0,0,0
2020-02-22 15:00,83,46,37,0,0,0
2020-02-22 15:15,80,43,37,0,0,0
2020-02-22 15:30,72,45,27,0,0,0
2020-02-22 15:45,63,29,34,0,0,0
2020-02-22 16:00,59,29,30,0,0,0
2020-02-22 16:15,71,36,35,0,0,0
2020-02-22 16:30,79,42,37,0,0,0
2020-02-22 16:45,82,38,44,0,0,0
2020-02-22 17:00,80,36,44,0,0,0
2020-02-22 17:15,79,34,45,0,0,0
2020-02-22 17:30,62,25,37,0,0,0
2020-02-22 17:45,84,37,47,0,0,0
2020-02-22 18:00,70,21,49,0,0,0
2020-02-22 18:15,89,28,61,0,0,0
2020-02-22 18:30,77,26,51,0,0,0
2020-02-22 18:45,94,39,55,0,0,0
2020-02-22 19:00,53,26,27,0,0,0
2020-02-22 19:15,87,32,55,0,0,0
2020-02-22 19:30,69,22,47,0,0,0
2020-02-22 19:45,72,32,40,0,0,0
2020-02-22 20:00,74,27,47,0,0,0
2020-02-22 20:15,67,32,35,0,0,0
2020-02-22 20:30,49,34,15,0,0,0
2020-02-22 20:45,33,12,21,0,0,0
2020-02-22 21:00,41,20,21,0,0,0
2020-02-22 21:15,40,13,27,0,0,0
2020-02-22 21:30,41,25,16,0,0,0
2020-02-22 21:45,28,14,14,0,0,0
2020-02-22 22:00,31,13,18,0,0,0
2020-02-22 22:15,39,16,23,0,0,0
2020-02-22 22:30,44,19,25,0,0,0
2020-02-22 22:45,39,11,28,0,0,0
2020-02-22 23:00,50,31,19,0,0,0
2020-02-22 23:15,40,19,21,0,0,0
2020-02-22 23:30,40,29,11,0,0,0
2020-02-22 23:45,29,9,20,0,0,0
2020-02-23 00:00,24,4,20,0,0,0
2020-02-23 00:15,26,5,21,0,0,0
2020-02-23 00:30,28,4,24,0,0,0
2020-02-23 00:45,15,5,10,0,0,0
2020-02-23 01:00,32,12,20,0,0,0
2020-02-23 01:15,29,10,19,0,0,0
2020-02-23 01:30,23,7,16,0,0,0
2020-02-23 01:45,17,4,13,0,0,0
2020-02-23 02:00,16,5,11,0,0,0
2020-02-23 02:15,34,5,29,0,0,0
2020-02-23 02:30,14,2,12,0,0,0
2020-02-23 02:45,17,2,15,0,0,0
2020-02-23 03:00,13,1,12,0,0,0
2020-02-23 03:15,17,1,16,0,0,0
2020-02-23 03:30,9,2,7,0,0,0
2020-02-23 03:45,5,3,2,0,0,0
2020-02-23 04:00,11,0,11,0,0,0
2020-02-23 04:15,8,3,5,0,0,0
2020-02-23 04:30,3,1,2,0,0,0
2020-02-23 04:45,2,1,1,0,0,0
2020-02-23 05:00,1,0,1,0,0,0
2020-02-23 05:15,4,1,3,0,0,0
2020-02-23 05:30,7,5,2,0,0,0
2020-02-23 05:45,5,2,3,0,0,0
2020-02-23 06:00,6,1,5,0,0,0
2020-02-23 06:15,3,3,0,0,0,0
2020-02-23 06:30,3,2,1,0,0,0
2020-02-23 06:45,5,2,3,0,0,0
2020-02-23 07:00,5,1,4,0,0,0
2020-02-23 07:15,6,4,2,0,0,0
2020-02-23 07:30,5,2,3,0,0,0
2020-02-23 07:45,12,8,4,0,0,0
2020-02-23 08:00,10,10,0,0,0,0
2020-02-23 08:15,14,4,10,0,0,0
2020-02-23 08:30,9,5,4,0,0,0
2020-02-23 08:45,8,8,0,0,0,0
2020-02-23 09:00,5,4,1,0,0,0
2020-02-23 09:15,9,8,1,0,0,0
2020-02-23 09:30,18,8,10,0,0,0
2020-02-23 09:45,32,24,8,0,0,0
2020-02-23 10:00,28,19,9,0,0,0
2020-02-23 10:15,19,9,10,0,0,0
2020-02-23 10:30,22,14,8,0,0,0
2020-02-23 10:45,12,10,2,0,0,0
2020-02-23 11:00,7,4,3,0,0,0
2020-02-23 11:15,19,11,8,0,0,0
2020-02-23 11:30,15,8,7,0,0,0
2020-02-23 11:45,20,13,7,0,0,0
2020-02-23 12:00,16,9,7,0,0,0
2020-02-23 12:15,18,8,10,0,0,0
2020-02-23 12:30,20,13,7,0,0,0
2020-02-23 12:45,28,14,14,0,0,0
2020-02-23 13:00,30,19,11,0,0,0
2020-02-23 13:15,28,14,14,0,0,0
2020-02-23 13:30,27,10,17,0,0,0
2020-02-23 13:45,22,11,11,0,0,0
2020-02-23 14:00,27,10,17,0,0,0
2020-02-23 14:15,23,9,14,0,0,0
2020-02-23 14:30,30,16,14,0,0,0
2020-02-23 14:45,38,27,11,0,0,0
2020-02-23 15:00,39,18,21,0,0,0
2020-02-23 15:15,34,17,17,0,0,0
2020-02-23 15:30,35,23,12,0,0,0
2020-02-23 15:45,37,18,19,0,0,0
2020-02-23 16:00,30,14,16,0,0,0
2020-02-23 16:15,25,9,16,0,0,0
2020-02-23 16:30,31,12,19,0,0,0
2020-02-23 16:45,29,16,13,0,0,0
2020-02-23 17:00,33,13,20,0,0,0
2020-02-23 17:15,54,25,29,0,0,0
2020-02-23 17:30,42,19,23,0,0,0
2020-02-23 17:45,37,17,20,0,0,0
2020-02-23 18:00,55,26,29,0,0,0
2020-02-23 18:15,50,21,29,0,0,0
2020-02-23 18:30,38,19,19,0,0,0
2020-02-23 18:45,54,27,27,0,0,0
2020-02-23 19:00,33,13,20,0,0,0
2020-02-23 19:15,38,19,19,0,0,0
2020-02-23 19:30,34,15,19,0,0,0
2020-02-23 19:45,53,23,30,0,0,0
2020-02-23 20:00,42,14,28,0,0,0
2020-02-23 20:15,35,11,24,0,0,0
2020-02-23 20:30,33,14,19,0,0,0
2020-02-23 20:45,15,7,8,0,0,0
2020-02-23 21:00,23,13,10,0,0,0
2020-02-23 21:15,26,4,22,0,0,0
2020-02-23 21:30,31,9,22,0,0,0
2020-02-23 21:45,12,6,6,0,0,0
2020-02-23 22:00,42,18,24,0,0,0
2020-02-23 22:15,23,10,13,0,0,0
2020-02-23 22:30,24,7,17,0,0,0
2020-02-23 22:45,14,2,12,0,0,0
2020-02-23 23:00,18,7,11,0,0,0
2020-02-23 23:15,18,4,14,0,0,0
2020-02-23 23:30,13,8,5,0,0,0
2020-02-23 23:45,7,2,5,0,0,0
2020-02-24 00:00,10,2,8,0,0,0
2020-02-24 00:15,9,2,7,0,0,0
2020-02-24 00:30,13,4,9,0,0,0
2020-02-24 00:45,12,5,7,0,0,0
2020-02-24 01:00,8,2,6,0,0,0
2020-02-24 01:15,4,1,3,0,0,0
2020-02-24 01:30,10,3,7,0,0,0
2020-02-24 01:45,12,4,8,0,0,0
2020-02-24 02:00,1,0,1,0,0,0
2020-02-24 02:15,7,3,4,0,0,0
2020-02-24 02:30,3,3,0,0,0,0
2020-02-24 02:45,4,2,2,0,0,0
2020-02-24 03:00,4,0,4,0,0,0
2020-02-24 03:15,4,0,4,0,0,0
2020-02-24 03:30,4,1,3,0,0,0
2020-02-24 03:45,4,3,1,0,0,0
2020-02-24 04:00,0,0,0,0,0,0
2020-02-24 04:15,1,1,0,0,0,0
2020-02-24 04:30,2,1,1,0,0,0
2020-02-24 04:45,9,4,5,0,0,0
2020-02-24 05:00,6,3,3,0,0,0
2020-02-24 05:15,6,5,1,0,0,0
2020-02-24 05:30,11,9,2,0,0,0
2020-02-24 05:45,16,7,9,0,0,0
2020-02-24 06:00,15,13,2,0,0,0
2020-02-24 06:15,11,10,1,0,0,0
2020-02-24 06:30,22,15,7,0,0,0
2020-02-24 06:45,27,19,8,0,0,0
2020-02-24 07:00,32,21,11,0,0,0
2020-02-24 07:15,45,30,15,0,0,0
2020-02-24 07:30,57,38,19,0,0,0
2020-02-24 07:45,69,46,23,0,0,0
2020-02-24 08:00,67,40,27,0,0,0
2020-02-24 08:15,66,38,28,0,0,0
2020-02-24 08:30,43,23,20,0,0,0
2020-02-24 08:45,64,36,28,0,0,0
2020-02-24 09:00,53,31,22,0,0,0
2020-02-24 09:15,51,28,23,0,0,0
2020-02-24 09:30,54,25,29,0,0,0
2020-02-24 09:45,73,47,26,0,0,0
2020-02-24 10:00,64,34,30,0,0,0
2020-02-24 10:15,73,34,39,0,0,0
2020-02-24 10:30,66,39,27,0,0,0
2020-02-24 10:45,68,36,32,0,0,0
2020-02-24 11:00,58,32,26,0,0,0
2020-02-24 11:15,73,46,27,0,0,0
2020-02-24 11:30,73,38,35,0,0,0
2020-02-24 11:45,74,40,34,0,0,0
2020-02-24 12:00,79,45,34,0,0,0
2020-02-24 12:15,95,57,38,0,0,0
2020-02-24 12:30,102,49,53,0,0,0
2020-02-24 12:45,139,104,35,0,0,0
2020-02-24 13:00,145,115,30,0,0,0
2020-02-24 13:15,123,88,35,0,0,0
2020-02-24 13:30,130,86,44,0,0,0
2020-02-24 13:45,119,86,33,0,0,0
2020-02-24 14:00,106,48,58,0,0,0
2020-02-24 14:15,82,38,44,0,0,0
2020-02-24 14:30,131,58,73,0,0,0
2020-02-24 14:45,104,46,58,0,0,0
2020-02-24 15:00,129,41,88,0,0,0
2020-02-24 15:15,126,32,94,0,0,0
2020-02-24 15:30,96,35,61,0,0,0
2020-02-24 15:45,91,30,61,0,0,0
2020-02-24 16:00,87,24,63,0,0,0
2020-02-24 16:15,82,26,56,0,0,0
2020-02-24 16:30,92,35,57,0,0,0
2020-02-24 16:45,92,37,55,0,0,0
2020-02-24 17:00,112,43,69,0,0,0
2020-02-24 17:15,84,27,57,0,0,0
2020-02-24 17:30,64,27,37,0,0,0
2020-02-24 17:45,77,23,54,0,0,0
2020-02-24 18:00,84,39,45,0,0,0
2020-02-24 18:15,67,24,43,0,0,0
2020-02-24 18:30,71,21,50,0,0,0
2020-02-24 18:45,80,34,46,0,0,0
2020-02-24 19:00,55,15,40,0,0,0
2020-02-24 19:15,62,25,37,0,0,0
2020-02-24 19:30,60,21,39,0,0,0
2020-02-24 19:45,55,17,38,0,0,0
2020-02-24 20:00,65,25,40,0,0,0
2020-02-24 20:15,51,10,41,0,0,0
2020-02-24 20:30,48,13,35,0,0,0
2020-02-24 20:45,41,13,28,0,0,0
2020-02-24 21:00,29,13,16,0,0,0
2020-02-24 21:15,47,12,35,0,0,0
2020-02-24 21:30,27,15,12,0,0,0
2020-02-24 21:45,40,10,30,0,0,0
2020-02-24 22:00,23,3,20,0,0,0
2020-02-24 22:15,30,9,21,0,0,0
2020-02-24 22:30,21,4,17,0,0,0
2020-02-24 22:45,39,21,18,0,0,0
2020-02-24 23:00,27,12,15,0,0,0
2020-02-24 23:15,24,2,22,0,0,0
2020-02-24 23:30,20,7,13,0,0,0
2020-02-24 23:45,15,6,9,0,0,0
2020-02-25 00:00,17,4,13,0,0,0
2020-02-25 00:15,11,3,8,0,0,0
2020-02-25 00:30,18,4,14,0,0,0
2020-02-25 00:45,13,6,7,0,0,0
2020-02-25 01:00,14,3,11,0,0,0
2020-02-25 01:15,15,2,13,0,0,0
2020-02-25 01:30,10,3,7,0,0,0
2020-02-25 01:45,6,4,2,0,0,0
2020-02-25 02:00,3,0,3,0,0,0
2020-02-25 02:15,9,0,9,0,0,0
2020-02-25 02:30,5,1,4,0,0,0
2020-02-25 02:45,3,0,3,0,0,0
2020-02-25 03:00,1,0,1,0,0,0
2020-02-25 03:15,8,2,6,0,0,0
2020-02-25 03:30,8,1,7,0,0,0
2020-02-25 03:45,6,2,4,0,0,0
2020-02-25 04:00,1,0,1,0,0,0
2020-02-25 04:15,6,3,3,0,0,0
2020-02-25 04:30,1,1,0,0,0,0
2020-02-25 04:45,12,5,7,0,0,0
2020-02-25 05:00,6,4,2,0,0,0
2020-02-25 05:15,7,4,3,0,0,0
2020-02-25 05:30,15,13,2,0,0,0
2020-02-25 05:45,24,15,9,0,0,0
2020-02-25 06:00,23,17,6,0,0,0
2020-02-25 06:15,34,27,7,0,0,0
2020-02-25 06:30,59,40,19,0,0,0
2020-02-25 06:45,55,40,15,0,0,0
2020-02-25 07:00,68,39,29,0,0,0
2020-02-25 07:15,98,57,41,0,0,0
2020-02-25 07:30,111,69,42,0,0,0
2020-02-25 07:45,173,97,76,0,0,0
2020-02-25 08:00,158,84,74,0,0,0
2020-02-25 08:15,158,103,55,0,0,0
2020-02-25 08:30,145,91,54,0,0,0
2020-02-25 08:45,197,108,89,0,0,0
2020-02-25 09:00,149,93,56,0,0,0
2020-02-25 09:15,111,69,42,0,0,0
2020-02-25 09:30,100,61,39,0,0,0
2020-02-25 09:45,132,82,50,0,0,0
2020-02-25 10:00,94,51,43,0,0,0
2020-02-25 10:15,82,59,23,0,0,0
2020-02-25 10:30,40,14,26,0,0,0
2020-02-25 10:45,80,46,34,0,0,0
2020-02-25 11:00,69,37,32,0,0,0
2020-02-25 11:15,70,35,35,0,0,0
2020-02-25 11:30,111,67,44,0,0,0
2020-02-25 11:45,96,54,42,0,0,0
2020-02-25 12:00,94,39,55,0,0,0
2020-02-25 12:15,109,60,49,0,0,0
2020-02-25 12:30,125,57,68,0,0,0
2020-02-25 12:45,146,81,65,0,0,0
2020-02-25 13:00,109,53,56,0,0,0
2020-02-25 13:15,108,56,52,0,0,0
2020-02-25 13:30,106,61,45,0,0,0
2020-02-25 13:45,161,71,90,0,0,0
2020-02-25 14:00,116,45,71,0,0,0
2020-02-25 14:15,140,65,75,0,0,0
2020-02-25 14:30,128,64,64,0,0,0
2020-02-25 14:45,143,72,71,0,0,0
2020-02-25 15:00,141,74,67,0,0,0
2020-02-25 15:15,126,50,76,0,0,0
2020-02-25 15:30,165,79,86,0,0,0
2020-02-25 15:45,174,87,87,0,0,0
2020-02-25 16:00,172,82,90,0,0,0
2020-02-25 16:15,181,84,97,0,0,0
2020-02-25 16:30,182,95,87,0,0,0
2020-02-25 16:45,210,85,125,0,0,0
2020-02-25 17:00,183,67,116,0,0,0
2020-02-25 17:15,186,77,109,0,0,0
2020-02-25 17:30,200,88,112,0,0,0
2020-02-25 17:45,224,82,142,0,0,0
2020-02-25 18:00,172,68,104,0,0,0
2020-02-25 18:15,183,60,123,0,0,0
2020-02-25 18:30,163,58,105,0,0,0
2020-02-25 18:45,148,52,96,0,0,0
2020-02-25 19:00,131,60,71,0,0,0
2020-02-25 19:15,112,47,65,0,0,0
2020-02-25 19:30,144,68,76,0,0,0
2020-02-25 19:45,132,63,69,0,0,0
2020-02-25 20:00,121,49,72,0,0,0
2020-02-25 20:15,96,39,57,0,0,0
2020-02-25 20:30,71,30,41,0,0,0
2020-02-25 20:45,66,18,48,0,0,0
2020-02-25 21:00,67,38,29,0,0,0
2020-02-25 21:15,58,20,38,0,0,0
2020-02-25 21:30,54,21,33,0,0,0
2020-02-25 21:45,76,29,47,0,0,0
2020-02-25 22:00,49,17,32,0,0,0
2020-02-25 22:15,53,18,35,0,0,0
2020-02-25 22:30,31,13,18,0,0,0
2020-02-25 22:45,35,15,20,0,0,0
2020-02-25 23:00,59,15,44,0,0,0
2020-02-25 23:15,47,6,41,0,0,0
2020-02-25 23:30,39,11,28,0,0,0
2020-02-25 23:45,28,10,18,0,0,0
2020-02-26 00:00,21,4,17,0,0,0
2020-02-26 00:15,10,5,5,0,0,0
2020-02-26 00:30,12,1,11,0,0,0
2020-02-26 00:45,5,1,4,0,0,0
2020-02-26 01:00,4,2,2,0,0,0
2020-02-26 01:15,9,3,6,0,0,0
2020-02-26 01:30,7,2,5,0,0,0
2020-02-26 01:45,9,2,7,0,0,0
2020-02-26 02:00,6,2,4,0,0,0
2020-02-26 02:15,5,1,4,0,0,0
2020-02-26 02:30,6,0,6,0,0,0
2020-02-26 02:45,3,0,3,0,0,0
2020-02-26 03:00,0,0,0,0,0,0
2020-02-26 03:15,1,1,0,0,0,0
2020-02-26 03:30,3,2,1,0,0,0
2020-02-26 03:45,1,1,0,0,0,0
2020-02-26 04:00,4,4,0,0,0,0
2020-02-26 04:15,1,0,1,0,0,0
2020-02-26 04:30,7,6,1,0,0,0
2020-02-26 04:45,8,4,4,0,0,0
2020-02-26 05:00,8,3,5,0,0,0
2020-02-26 05:15,8,7,1,0,0,0
2020-02-26 05:30,14,10,4,0,0,0
2020-02-26 05:45,25,15,10,0,0,0
2020-02-26 06:00,19,12,7,0,0,0
2020-02-26 06:15,26,20,6,0,0,0
2020-02-26 06:30,51,34,17,0,0,0
2020-02-26 06:45,53,39,14,0,0,0
2020-02-26 07:00,63,48,15,0,0,0
2020-02-26 07:15,125,84,41,0,0,0
2020-02-26 07:30,198,149,49,0,0,0
2020-02-26 07:45,224,147,77,0,0,0
2020-02-26 08:00,158,84,74,0,0,0
2020-02-26 08:15,159,90,69,0,0,0
2020-02-26 08:30,165,99,66,0,0,0
2020-02-26 08:45,223,139,84,0,0,0
2020-02-26 09:00,162,91,71,0,0,0
2020-02-26 09:15,105,57,48,0,0,0
2020-02-26 09:30,96,60,36,0,0,0
2020-02-26 09:45,138,84,54,0,0,0
2020-02-26 10:00,98,47,51,0,0,0
2020-02-26 10:15,94,64,30,0,0,0
2020-02-26 10:30,93,58,35,0,0,0
2020-02-26 10:45,106,69,37,0,0,0
2020-02-26 11:00,86,51,35,0,0,0
2020-02-26 11:15,102,67,35,0,0,0
2020-02-26 11:30,97,63,34,0,0,0
2020-02-26 11:45,146,75,71,0,0,0
2020-02-26 12:00,96,57,39,0,0,0
2020-02-26 12:15,112,65,47,0,0,0
2020-02-26 12:30,137,69,68,0,0,0
2020-02-26 12:45,117,66,51,0,0,0
2020-02-26 13:00,146,69,77,0,0,0
2020-02-26 13:15,118,65,53,0,0,0
2020-02-26 13:30,111,56,55,0,0,0
2020-02-26 13:45,140,60,80,0,0,0
2020-02-26 14:00,115,48,67,0,0,0
2020-02-26 14:15,103,54,49,0,0,0
2020-02-26 14:30,129,62,67,0,0,0
2020-02-26 14:45,150,58,92,0,0,0
2020-02-26 15:00,152,63,89,0,0,0
2020-02-26 15:15,168,79,89,0,0,0
2020-02-26 15:30,139,68,71,0,0,0
2020-02-26 15:45,214,101,113,0,0,0
2020-02-26 16:00,160,68,92,0,0,0
2020-02-26 16:15,127,66,61,0,0,0
2020-02-26 16:30,184,82,102,0,0,0
2020-02-26 16:45,189,72,117,0,0,0
2020-02-26 17:00,176,80,96,0,0,0
2020-02-26 17:15,192,86,106,0,0,0
2020-02-26 17:30,195,87,108,0,0,0
2020-02-26 17:45,188,92,96,0,0,0
2020-02-26 18:00,215,108,107,0,0,0
2020-02-26 18:15,192,77,115,0,0,0
2020-02-26 18:30,171,79,92,0,0,0
2020-02-26 18:45,217,114,103,0,0,0
2020-02-26 19:00,165,63,102,0,0,0
2020-02-26 19:15,160,73,87,0,0,0
2020-02-26 19:30,126,58,68,0,0,0
2020-02-26 19:45,136,58,78,0,0,0
2020-02-26 20:00,132,55,77,0,0,0
2020-02-26 20:15,130,48,82,0,0,0
2020-02-26 20:30,80,28,52,0,0,0
2020-02-26 20:45,79,34,45,0,0,0
2020-02-26 21:00,80,40,40,0,0,0
2020-02-26 21:15,69,27,42,0,0,0
2020-02-26 21:30,49,17,32,0,0,0
2020-02-26 21:45,71,25,46,0,0,0
2020-02-26 22:00,70,30,40,0,0,0
2020-02-26 22:15,70,28,42,0,0,0
2020-02-26 22:30,76,18,58,0,0,0
2020-02-26 22:45,51,19,32,0,0,0
2020-02-26 23:00,60,24,36,0,0,0
2020-02-26 23:15,44,13,31,0,0,0
2020-02-26 23:30,32,15,17,0,0,0
2020-02-26 23:45,30,14,16,0,0,0
2020-02-27 00:00,23,7,16,0,0,0
2020-02-27 00:15,22,8,14,0,0,0
2020-02-27 00:30,14,6,8,0,0,0
2020-02-27 00:45,27,10,17,0,0,0
2020-02-27 01:00,18,5,13,0,0,0
2020-02-27 01:15,15,5,10,0,0,0
2020-02-27 01:30,12,4,8,0,0,0
2020-02-27 01:45,18,7,11,0,0,0
2020-02-27 02:00,8,2,6,0,0,0
2020-02-27 02:15,8,0,8,0,0,0
2020-02-27 02:30,13,1,12,0,0,0
2020-02-27 02:45,12,4,8,0,0,0
2020-02-27 03:00,3,0,3,0,0,0
2020-02-27 03:15,2,0,2,0,0,0
2020-02-27 03:30,6,2,4,0,0,0
2020-02-27 03:45,12,9,3,0,0,0
2020-02-27 04:00,3,2,1,0,0,0
2020-02-27 04:15,3,2,1,0,0,0
2020-02-27 04:30,4,1,3,0,0,0
2020-02-27 04:45,13,4,9,0,0,0
2020-02-27 05:00,12,6,6,0,0,0
2020-02-27 05:15,11,5,6,0,0,0
2020-02-27 05:30,17,13,4,0,0,0
2020-02-27 05:45,13,9,4,0,0,0
2020-02-27 06:00,16,9,7,0,0,0
2020-02-27 06:15,26,21,5,0,0,0
2020-02-27 06:30,56,39,17,0,0,0
2020-02-27 06:45,68,43,25,0,0,0
2020-02-27 07:00,85,47,38,0,0,0
2020-02-27 07:15,131,94,37,0,0,0
2020-02-27 07:30,209,167,42,0,0,0
2020-02-27 07:45,230,150,80,0,0,0
2020-02-27 08:00,163,102,61,0,0,0
2020-02-27 08:15,185,102,83,0,0,0
2020-02-27 08:30,165,104,61,0,0,0
2020-02-27 08:45,233,132,101,0,0,0
2020-02-27 09:00,177,103,74,0,0,0
2020-02-27 09:15,139,86,53,0,0,0
2020-02-27 09:30,134,91,43,0,0,0
2020-02-27 09:45,135,79,56,0,0,0
2020-02-27 10:00,106,61,45,0,0,0
2020-02-27 10:15,94,62,32,0,0,0
2020-02-27 10:30,101,58,43,0,0,0
2020-02-27 10:45,117,76,41,0,0,0
2020-02-27 11:00,134,79,55,0,0,0
2020-02-27 11:15,131,78,53,0,0,0
2020-02-27 11:30,111,59,52,0,0,0
2020-02-27 11:45,134,78,56,0,0,0
2020-02-27 12:00,121,62,59,0,0,0
2020-02-27 12:15,146,68,78,0,0,0
2020-02-27 12:30,132,59,73,0,0,0
2020-02-27 12:45,160,75,85,0,0,0
2020-02-27 13:00,158,71,87,0,0,0
2020-02-27 13:15,154,68,86,0,0,0
2020-02-27 13:30,143,80,63,0,0,0
2020-02-27 13:45,166,84,82,0,0,0
2020-02-27 14:00,159,71,88,0,0,0
2020-02-27 14:15,137,68,69,0,0,0
2020-02-27 14:30,138,62,76,0,0,0
2020-02-27 14:45,150,81,69,0,0,0
2020-02-27 15:00,135,52,83,0,0,0
2020-02-27 15:15,142,68,74,0,0,0
2020-02-27 15:30,156,52,104,0,0,0
2020-02-27 15:45,182,79,103,0,0,0
2020-02-27 16:00,182,79,103,0,0,0
2020-02-27 16:15,200,78,122,0,0,0
2020-02-27 16:30,160,63,97,0,0,0
2020-02-27 16:45,175,91,84,0,0,0
2020-02-27 17:00,181,83,98,0,0,0
2020-02-27 17:15,199,85,114,0,0,0
2020-02-27 17:30,176,76,100,0,0,0
2020-02-27 17:45,213,87,126,0,0,0
2020-02-27 18:00,215,105,110,0,0,0
2020-02-27 18:15,171,78,93,0,0,0
2020-02-27 18:30,134,56,78,0,0,0
2020-02-27 18:45,142,71,71,0,0,0
2020-02-27 19:00,166,68,98,0,0,0
2020-02-27 19:15,134,66,68,0,0,0
2020-02-27 19:30,129,55,74,0,0,0
2020-02-27 19:45,146,65,81,0,0,0
2020-02-27 20:00,130,41,89,0,0,0
2020-02-27 20:15,94,36,58,0,0,0
2020-02-27 20:30,77,39,38,0,0,0
2020-02-27 20:45,71,35,36,0,0,0
2020-02-27 21:00,60,26,34,0,0,0
2020-02-27 21:15,60,24,36,0,0,0
2020-02-27 21:30,51,22,29,0,0,0
2020-02-27 21:45,68,22,46,0,0,0
2020-02-27 22:00,77,26,51,0,0,0
2020-02-27 22:15,49,17,32,0,0,0
2020-02-27 22:30,44,7,37,0,0,0
2020-02-27 22:45,47,16,31,0,0,0
2020-02-27 23:00,40,19,21,0,0,0
2020-02-27 23:15,37,11,26,0,0,0
2020-02-27 23:30,40,23,17,0,0,0
2020-02-27 23:45,43,13,30,0,0,0
2020-02-28 00:00,21,9,12,0,0,0
2020-02-28 00:15,29,10,19,0,0,0
2020-02-28 00:30,14,5,9,0,0,0
2020-02-28 00:45,28,7,21,0,0,0
2020-02-28 01:00,12,5,7,0,0,0
2020-02-28 01:15,9,4,5,0,0,0
2020-02-28 01:30,15,7,8,0,0,0
2020-02-28 01:45,9,2,7,0,0,0
2020-02-28 02:00,13,2,11,0,0,0
2020-02-28 02:15,13,2,11,0,0,0
2020-02-28 02:30,3,0,3,0,0,0
2020-02-28 02:45,10,1,9,0,0,0
2020-02-28 03:00,2,1,1,0,0,0
2020-02-28 03:15,1,0,1,0,0,0
2020-02-28 03:30,2,0,2,0,0,0
2020-02-28 03:45,2,1,1,0,0,0
2020-02-28 04:00,1,1,0,0,0,0
2020-02-28 04:15,1,0,1,0,0,0
2020-02-28 04:30,1,1,0,0,0,0
2020-02-28 04:45,8,6,2,0,0,0
2020-02-28 05:00,12,8,4,0,0,0
2020-02-28 05:15,8,6,2,0,0,0
2020-02-28 05:30,18,13,5,0,0,0
2020-02-28 05:45,17,10,7,0,0,0
2020-02-28 06:00,29,19,10,0,0,0
2020-02-28 06:15,31,24,7,0,0,0
2020-02-28 06:30,52,31,21,0,0,0
2020-02-28 06:45,59,32,27,0,0,0
2020-02-28 07:00,80,47,33,0,0,0
2020-02-28 07:15,138,99,39,0,0,0
2020-02-28 07:30,203,149,54,0,0,0
2020-02-28 07:45,254,155,99,0,0,0
2020-02-28 08:00,142,78,64,0,0,0
2020-02-28 08:15,145,86,59,0,0,0
2020-02-28 08:30,159,95,64,0,0,0
2020-02-28 08:45,202,123,79,0,0,0
2020-02-28 09:00,154,86,68,0,0,0
2020-02-28 09:15,112,78,34,0,0,0
2020-02-28 09:30,114,70,44,0,0,0
2020-02-28 09:45,159,98,61,0,0,0
2020-02-28 10:00,93,42,51,0,0,0
2020-02-28 10:15,86,46,40,0,0,0
2020-02-28 10:30,84,48,36,0,0,0
2020-02-28 10:45,106,58,48,0,0,0
2020-02-28 11:00,109,57,52,0,0,0
2020-02-28 11:15,98,60,38,0,0,0
2020-02-28 11:30,95,52,43,0,0,0
2020-02-28 11:45,106,59,47,0,0,0
2020-02-28 12:00,92,46,46,0,0,0
2020-02-28 12:15,135,67,68,0,0,0
2020-02-28 12:30,131,61,70,0,0,0
2020-02-28 12:45,166,98,68,0,0,0
2020-02-28 13:00,152,80,72,0,0,0
2020-02-28 13:15,163,60,103,0,0,0
2020-02-28 13:30,157,89,68,0,0,0
2020-02-28 13:45,156,82,74,0,0,0
2020-02-28 14:00,157,76,81,0,0,0
2020-02-28 14:15,168,70,98,0,0,0
2020-02-28 14:30,143,79,64,0,0,0
2020-02-28 14:45,143,74,69,0,0,0
2020-02-28 15:00,144,67,77,0,0,0
2020-02-28 15:15,180,84,96,0,0,0
2020-02-28 15:30,172,81,91,0,0,0
2020-02-28 15:45,178,88,90,0,0,0
2020-02-28 16:00,168,85,83,0,0,0
2020-02-28 16:15,150,83,67,0,0,0
2020-02-28 16:30,145,76,69,0,0,0
2020-02-28 16:45,138,69,69,0,0,0
2020-02-28 17:00,160,80,80,0,0,0
2020-02-28 17:15,131,70,61,0,0,0
2020-02-28 17:30,134,84,50,0,0,0
2020-02-28 17:45,169,94,75,0,0,0
2020-02-28 18:00,177,82,95,0,0,0
2020-02-28 18:15,167,72,95,0,0,0
2020-02-28 18:30,112,72,40,0,0,0
2020-02-28 18:45,157,74,83,0,0,0
2020-02-28 19:00,124,63,61,0,0,0
2020-02-28 19:15,125,55,70,0,0,0
2020-02-28 19:30,110,48,62,0,0,0
2020-02-28 19:45,101,57,44,0,0,0
2020-02-28 20:00,72,38,34,0,0,0
2020-02-28 20:15,70,42,28,0,0,0
2020-02-28 20:30,84,40,44,0,0,0
2020-02-28 20:45,71,38,33,0,0,0
2020-02-28 21:00,49,21,28,0,0,0
2020-02-28 21:15,58,19,39,0,0,0
2020-02-28 21:30,38,11,27,0,0,0
2020-02-28 21:45,40,16,24,0,0,0
2020-02-28 22:00,30,10,20,0,0,0
2020-02-28 22:15,52,18,34,0,0,0
2020-02-28 22:30,44,12,32,0,0,0
2020-02-28 22:45,33,7,26,0,0,0
2020-02-28 23:00,39,13,26,0,0,0
2020-02-28 23:15,34,10,24,0,0,0
2020-02-28 23:30,42,20,22,0,0,0
2020-02-28 23:45,44,9,35,0,0,0
2020-02-29 00:00,45,17,28,0,0,0
2020-02-29 00:15,30,14,16,0,0,0
2020-02-29 00:30,21,3,18,0,0,0
2020-02-29 00:45,40,12,28,0,0,0
2020-02-29 01:00,37,11,26,0,0,0
2020-02-29 01:15,25,9,16,0,0,0
2020-02-29 01:30,29,16,13,0,0,0
2020-02-29 01:45,27,13,14,0,0,0
2020-02-29 02:00,22,2,20,0,0,0
2020-02-29 02:15,22,8,14,0,0,0
2020-02-29 02:30,22,8,14,0,0,0
2020-02-29 02:45,10,0,10,0,0,0
2020-02-29 03:00,25,6,19,0,0,0
2020-02-29 03:15,34,8,26,0,0,0
2020-02-29 03:30,10,2,8,0,0,0
2020-02-29 03:45,18,6,12,0,0,0
2020-02-29 04:00,13,4,9,0,0,0
2020-02-29 04:15,9,1,8,0,0,0
2020-02-29 04:30,6,3,3,0,0,0
2020-02-29 04:45,8,4,4,0,0,0
2020-02-29 05:00,3,2,1,0,0,0
2020-02-29 05:15,9,5,4,0,0,0
2020-02-29 05:30,13,7,6,0,0,0
2020-02-29 05:45,13,10,3,0,0,0
2020-02-29 06:00,8,6,2,0,0,0
2020-02-29 06:15,8,4,4,0,0,0
2020-02-29 06:30,6,5,1,0,0,0
2020-02-29 06:45,14,7,7,0,0,0
2020-02-29 07:00,12,10,2,0,0,0
2020-02-29 07:15,12,10,2,0,0,0
2020-02-29 07:30,17,13,4,0,0,0
2020-02-29 07:45,33,23,10,0,0,0
2020-02-29 08:00,37,26,11,0,0,0
2020-02-29 08:15,32,23,9,0,0,0
2020-02-29 08:30,35,21,14,0,0,0
2020-02-29 08:45,59,38,21,0,0,0
2020-02-29 09:00,47,34,13,0,0,0
2020-02-29 09:15,52,41,11,0,0,0
2020-02-29 09:30,71,51,20,0,0,0
2020-02-29 09:45,133,88,45,0,0,0
2020-02-29 10:00,91,70,21,0,0,0
2020-02-29 10:15,87,61,26,0,0,0
2020-02-29 10:30,104,75,29,0,0,0
2020-02-29 10:45,113,75,38,0,0,0
2020-02-29 11:00,88,55,33,0,0,0
2020-02-29 11:15,109,69,40,0,0,0
2020-02-29 11:30,142,79,63,0,0,0
2020-02-29 11:45,151,81,70,0,0,0
2020-02-29 12:00,118,68,50,0,0,0
2020-02-29 12:15,131,73,58,0,0,0
2020-02-29 12:30,143,78,65,0,0,0
2020-02-29 12:45,127,78,49,0,0,0
2020-02-29 13:00,121,73,48,0,0,0
2020-02-29 13:15,128,72,56,0,0,0
2020-02-29 13:30,131,65,66,0,0,0
2020-02-29 13:45,138,76,62,0,0,0
2020-02-29 14:00,136,64,72,0,0,0
2020-02-29 14:15,127,66,61,0,0,0
2020-02-29 14:30,91,38,53,0,0,0
2020-02-29 14:45,139,61,78,0,0,0
2020-02-29 15:00,115,59,56,0,0,0
2020-02-29 15:15,104,48,56,0,0,0
2020-02-29 15:30,99,42,57,0,0,0
2020-02-29 15:45,108,48,60,0,0,0
2020-02-29 16:00,75,31,44,0,0,0
2020-02-29 16:15,56,25,31,0,0,0
2020-02-29 16:30,44,22,22,0,0,0
2020-02-29 16:45,81,36,45,0,0,0
2020-02-29 17:00,83,31,52,0,0,0
2020-02-29 17:15,89,31,58,0,0,0
2020-02-29 17:30,76,30,46,0,0,0
2020-02-29 17:45,89,37,52,0,0,0
2020-02-29 18:00,106,46,60,0,0,0
2020-02-29 18:15,81,33,48,0,0,0
2020-02-29 18:30,75,34,41,0,0,0
2020-02-29 18:45,75,45,30,0,0,0
2020-02-29 19:00,92,45,47,0,0,0
2020-02-29 19:15,74,38,36,0,0,0
2020-02-29 19:30,68,29,39,0,0,0
2020-02-29 19:45,102,46,56,0,0,0
2020-02-29 20:00,104,38,66,0,0,0
2020-02-29 20:15,60,30,30,0,0,0
2020-02-29 20:30,70,31,39,0,0,0
2020-02-29 20:45,75,36,39,0,0,0
2020-02-29 21:00,73,39,34,0,0,0
2020-02-29 21:15,62,24,38,0,0,0
2020-02-29 21:30,39,21,18,0,0,0
2020-02-29 21:45,34,14,20,0,0,0
2020-02-29 22:00,59,26,33,0,0,0
2020-02-29 22:15,48,22,26,0,0,0
2020-02-29 22:30,39,23,16,0,0,0
2020-02-29 22:45,44,10,34,0,0,0
2020-02-29 23:00,46,24,22,0,0,0
2020-02-29 23:15,33,17,16,0,0,0
2020-02-29 23:30,49,14,35,0,0,0
2020-02-29 23:45,29,10,19,0,0,0
