Datetime,100035541 (Neutor),101035541 (Neutor stadteinwÃ¤rts),102035541 (Neutor stadtauswÃ¤rts),100035541-status,101035541-status,102035541-status
2020-06-01 00:00,33,14,19,0,0,0
2020-06-01 00:15,22,7,15,0,0,0
2020-06-01 00:30,43,20,23,0,0,0
2020-06-01 00:45,32,13,19,0,0,0
2020-06-01 01:00,25,10,15,0,0,0
2020-06-01 01:15,24,9,15,0,0,0
2020-06-01 01:30,32,11,21,0,0,0
2020-06-01 01:45,20,8,12,0,0,0
2020-06-01 02:00,20,1,19,0,0,0
2020-06-01 02:15,4,2,2,0,0,0
2020-06-01 02:30,10,2,8,0,0,0
2020-06-01 02:45,4,0,4,0,0,0
2020-06-01 03:00,6,3,3,0,0,0
2020-06-01 03:15,4,4,0,0,0,0
2020-06-01 03:30,8,1,7,0,0,0
2020-06-01 03:45,6,2,4,0,0,0
2020-06-01 04:00,3,1,2,0,0,0
2020-06-01 04:15,4,1,3,0,0,0
2020-06-01 04:30,7,5,2,0,0,0
2020-06-01 04:45,0,0,0,0,0,0
2020-06-01 05:00,2,0,2,0,0,0
2020-06-01 05:15,4,3,1,0,0,0
2020-06-01 05:30,5,1,4,0,0,0
2020-06-01 05:45,4,1,3,0,0,0
2020-06-01 06:00,7,4,3,0,0,0
2020-06-01 06:15,5,1,4,0,0,0
2020-06-01 06:30,12,7,5,0,0,0
2020-06-01 06:45,9,5,4,0,0,0
2020-06-01 07:00,6,2,4,0,0,0
2020-06-01 07:15,8,6,2,0,0,0
2020-06-01 07:30,13,6,7,0,0,0
2020-06-01 07:45,17,13,4,0,0,0
2020-06-01 08:00,20,16,4,0,0,0
2020-06-01 08:15,15,9,6,0,0,0
2020-06-01 08:30,36,22,14,0,0,0
2020-06-01 08:45,21,18,3,0,0,0
2020-06-01 09:00,23,11,12,0,0,0
2020-06-01 09:15,40,26,14,0,0,0
2020-06-01 09:30,49,29,20,0,0,0
2020-06-01 09:45,63,39,24,0,0,0
2020-06-01 10:00,54,28,26,0,0,0
2020-06-01 10:15,40,28,12,0,0,0
2020-06-01 10:30,56,33,23,0,0,0
2020-06-01 10:45,85,44,41,0,0,0
2020-06-01 11:00,72,37,35,0,0,0
2020-06-01 11:15,112,47,65,0,0,0
2020-06-01 11:30,99,54,45,0,0,0
2020-06-01 11:45,144,83,61,0,0,0
2020-06-01 12:00,100,68,32,0,0,0
2020-06-01 12:15,90,50,40,0,0,0
2020-06-01 12:30,105,62,43,0,0,0
2020-06-01 12:45,144,88,56,0,0,0
2020-06-01 13:00,122,76,46,0,0,0
2020-06-01 13:15,146,93,53,0,0,0
2020-06-01 13:30,125,79,46,0,0,0
2020-06-01 13:45,148,100,48,0,0,0
2020-06-01 14:00,152,90,62,0,0,0
2020-06-01 14:15,151,82,69,0,0,0
2020-06-01 14:30,152,83,69,0,0,0
2020-06-01 14:45,171,117,54,0,0,0
2020-06-01 15:00,178,95,83,0,0,0
2020-06-01 15:15,140,79,61,0,0,0
2020-06-01 15:30,143,82,61,0,0,0
2020-06-01 15:45,150,104,46,0,0,0
2020-06-01 16:00,148,97,51,0,0,0
2020-06-01 16:15,161,91,70,0,0,0
2020-06-01 16:30,141,87,54,0,0,0
2020-06-01 16:45,159,89,70,0,0,0
2020-06-01 17:00,169,100,69,0,0,0
2020-06-01 17:15,162,88,74,0,0,0
2020-06-01 17:30,138,67,71,0,0,0
2020-06-01 17:45,152,69,83,0,0,0
2020-06-01 18:00,165,85,80,0,0,0
2020-06-01 18:15,152,90,62,0,0,0
2020-06-01 18:30,155,58,97,0,0,0
2020-06-01 18:45,163,87,76,0,0,0
2020-06-01 19:00,160,78,82,0,0,0
2020-06-01 19:15,148,75,73,0,0,0
2020-06-01 19:30,117,50,67,0,0,0
2020-06-01 19:45,164,94,70,0,0,0
2020-06-01 20:00,120,59,61,0,0,0
2020-06-01 20:15,97,42,55,0,0,0
2020-06-01 20:30,93,41,52,0,0,0
2020-06-01 20:45,83,42,41,0,0,0
2020-06-01 21:00,89,36,53,0,0,0
2020-06-01 21:15,87,39,48,0,0,0
2020-06-01 21:30,68,18,50,0,0,0
2020-06-01 21:45,72,27,45,0,0,0
2020-06-01 22:00,66,27,39,0,0,0
2020-06-01 22:15,67,26,41,0,0,0
2020-06-01 22:30,64,22,42,0,0,0
2020-06-01 22:45,59,11,48,0,0,0
2020-06-01 23:00,49,13,36,0,0,0
2020-06-01 23:15,24,10,14,0,0,0
2020-06-01 23:30,33,13,20,0,0,0
2020-06-01 23:45,46,8,38,0,0,0
2020-06-02 00:00,23,7,16,0,0,0
2020-06-02 00:15,25,10,15,0,0,0
2020-06-02 00:30,15,4,11,0,0,0
2020-06-02 00:45,15,5,10,0,0,0
2020-06-02 01:00,20,2,18,0,0,0
2020-06-02 01:15,13,6,7,0,0,0
2020-06-02 01:30,7,1,6,0,0,0
2020-06-02 01:45,5,0,5,0,0,0
2020-06-02 02:00,8,4,4,0,0,0
2020-06-02 02:15,10,4,6,0,0,0
2020-06-02 02:30,3,0,3,0,0,0
2020-06-02 02:45,4,2,2,0,0,0
2020-06-02 03:00,3,0,3,0,0,0
2020-06-02 03:15,2,0,2,0,0,0
2020-06-02 03:30,3,0,3,0,0,0
2020-06-02 03:45,5,2,3,0,0,0
2020-06-02 04:00,3,2,1,0,0,0
2020-06-02 04:15,7,3,4,0,0,0
2020-06-02 04:30,7,4,3,0,0,0
2020-06-02 04:45,6,4,2,0,0,0
2020-06-02 05:00,5,3,2,0,0,0
2020-06-02 05:15,13,9,4,0,0,0
2020-06-02 05:30,17,14,3,0,0,0
2020-06-02 05:45,25,22,3,0,0,0
2020-06-02 06:00,35,27,8,0,0,0
2020-06-02 06:15,41,34,7,0,0,0
2020-06-02 06:30,54,33,21,0,0,0
2020-06-02 06:45,79,57,22,0,0,0
2020-06-02 07:00,89,58,31,0,0,0
2020-06-02 07:15,126,83,43,0,0,0
2020-06-02 07:30,167,119,48,0,0,0
2020-06-02 07:45,187,116,71,0,0,0
2020-06-02 08:00,130,86,44,0,0,0
2020-06-02 08:15,153,96,57,0,0,0
2020-06-02 08:30,141,87,54,0,0,0
2020-06-02 08:45,183,111,72,0,0,0
2020-06-02 09:00,129,72,57,0,0,0
2020-06-02 09:15,124,83,41,0,0,0
2020-06-02 09:30,148,90,58,0,0,0
2020-06-02 09:45,182,102,80,0,0,0
2020-06-02 10:00,139,81,58,0,0,0
2020-06-02 10:15,142,68,74,0,0,0
2020-06-02 10:30,138,76,62,0,0,0
2020-06-02 10:45,150,86,64,0,0,0
2020-06-02 11:00,141,71,70,0,0,0
2020-06-02 11:15,108,61,47,0,0,0
2020-06-02 11:30,128,80,48,0,0,0
2020-06-02 11:45,156,104,52,0,0,0
2020-06-02 12:00,120,71,49,0,0,0
2020-06-02 12:15,186,101,85,0,0,0
2020-06-02 12:30,157,83,74,0,0,0
2020-06-02 12:45,168,98,70,0,0,0
2020-06-02 13:00,168,83,85,0,0,0
2020-06-02 13:15,167,85,82,0,0,0
2020-06-02 13:30,168,95,73,0,0,0
2020-06-02 13:45,179,107,72,0,0,0
2020-06-02 14:00,199,113,86,0,0,0
2020-06-02 14:15,174,103,71,0,0,0
2020-06-02 14:30,185,94,91,0,0,0
2020-06-02 14:45,240,138,102,0,0,0
2020-06-02 15:00,194,99,95,0,0,0
2020-06-02 15:15,209,107,102,0,0,0
2020-06-02 15:30,190,117,73,0,0,0
2020-06-02 15:45,199,128,71,0,0,0
2020-06-02 16:00,213,121,92,0,0,0
2020-06-02 16:15,249,132,117,0,0,0
2020-06-02 16:30,225,114,111,0,0,0
2020-06-02 16:45,208,112,96,0,0,0
2020-06-02 17:00,210,102,108,0,0,0
2020-06-02 17:15,263,125,138,0,0,0
2020-06-02 17:30,171,49,122,0,0,0
2020-06-02 17:45,144,32,112,0,0,0
2020-06-02 18:00,171,45,126,0,0,0
2020-06-02 18:15,134,18,116,0,0,0
2020-06-02 18:30,126,13,113,0,0,0
2020-06-02 18:45,216,114,102,0,0,0
2020-06-02 19:00,183,76,107,0,0,0
2020-06-02 19:15,166,69,97,0,0,0
2020-06-02 19:30,163,51,112,0,0,0
2020-06-02 19:45,195,83,112,0,0,0
2020-06-02 20:00,128,56,72,0,0,0
2020-06-02 20:15,163,58,105,0,0,0
2020-06-02 20:30,121,42,79,0,0,0
2020-06-02 20:45,107,39,68,0,0,0
2020-06-02 21:00,115,48,67,0,0,0
2020-06-02 21:15,105,36,69,0,0,0
2020-06-02 21:30,83,33,50,0,0,0
2020-06-02 21:45,103,29,74,0,0,0
2020-06-02 22:00,79,28,51,0,0,0
2020-06-02 22:15,93,22,71,0,0,0
2020-06-02 22:30,88,25,63,0,0,0
2020-06-02 22:45,68,18,50,0,0,0
2020-06-02 23:00,52,16,36,0,0,0
2020-06-02 23:15,45,14,31,0,0,0
2020-06-02 23:30,51,12,39,0,0,0
2020-06-02 23:45,50,16,34,0,0,0
2020-06-03 00:00,30,10,20,0,0,0
2020-06-03 00:15,37,15,22,0,0,0
2020-06-03 00:30,26,2,24,0,0,0
2020-06-03 00:45,20,6,14,0,0,0
2020-06-03 01:00,20,10,10,0,0,0
2020-06-03 01:15,22,5,17,0,0,0
2020-06-03 01:30,10,4,6,0,0,0
2020-06-03 01:45,17,7,10,0,0,0
2020-06-03 02:00,9,2,7,0,0,0
2020-06-03 02:15,10,3,7,0,0,0
2020-06-03 02:30,2,1,1,0,0,0
2020-06-03 02:45,6,1,5,0,0,0
2020-06-03 03:00,3,1,2,0,0,0
2020-06-03 03:15,2,2,0,0,0,0
2020-06-03 03:30,5,5,0,0,0,0
2020-06-03 03:45,4,4,0,0,0,0
2020-06-03 04:00,2,2,0,0,0,0
2020-06-03 04:15,1,1,0,0,0,0
2020-06-03 04:30,3,3,0,0,0,0
2020-06-03 04:45,12,5,7,0,0,0
2020-06-03 05:00,6,5,1,0,0,0
2020-06-03 05:15,16,12,4,0,0,0
2020-06-03 05:30,19,17,2,0,0,0
2020-06-03 05:45,26,23,3,0,0,0
2020-06-03 06:00,35,23,12,0,0,0
2020-06-03 06:15,51,43,8,0,0,0
2020-06-03 06:30,73,48,25,0,0,0
2020-06-03 06:45,67,31,36,0,0,0
2020-06-03 07:00,109,69,40,0,0,0
2020-06-03 07:15,157,104,53,0,0,0
2020-06-03 07:30,195,137,58,0,0,0
2020-06-03 07:45,197,123,74,0,0,0
2020-06-03 08:00,198,111,87,0,0,0
2020-06-03 08:15,197,128,69,0,0,0
2020-06-03 08:30,180,112,68,0,0,0
2020-06-03 08:45,189,120,69,0,0,0
2020-06-03 09:00,138,75,63,0,0,0
2020-06-03 09:15,175,97,78,0,0,0
2020-06-03 09:30,182,115,67,0,0,0
2020-06-03 09:45,186,135,51,0,0,0
2020-06-03 10:00,157,96,61,0,0,0
2020-06-03 10:15,153,98,55,0,0,0
2020-06-03 10:30,173,110,63,0,0,0
2020-06-03 10:45,169,105,64,0,0,0
2020-06-03 11:00,146,80,66,0,0,0
2020-06-03 11:15,161,89,72,0,0,0
2020-06-03 11:30,180,100,80,0,0,0
2020-06-03 11:45,188,109,79,0,0,0
2020-06-03 12:00,183,98,85,0,0,0
2020-06-03 12:15,209,112,97,0,0,0
2020-06-03 12:30,164,81,83,0,0,0
2020-06-03 12:45,260,138,122,0,0,0
2020-06-03 13:00,197,100,97,0,0,0
2020-06-03 13:15,225,83,142,0,0,0
2020-06-03 13:30,208,104,104,0,0,0
2020-06-03 13:45,234,126,108,0,0,0
2020-06-03 14:00,211,99,112,0,0,0
2020-06-03 14:15,228,119,109,0,0,0
2020-06-03 14:30,177,92,85,0,0,0
2020-06-03 14:45,234,124,110,0,0,0
2020-06-03 15:00,211,126,85,0,0,0
2020-06-03 15:15,189,80,109,0,0,0
2020-06-03 15:30,179,106,73,0,0,0
2020-06-03 15:45,232,132,100,0,0,0
2020-06-03 16:00,234,135,99,0,0,0
2020-06-03 16:15,274,161,113,0,0,0
2020-06-03 16:30,258,143,115,0,0,0
2020-06-03 16:45,224,115,109,0,0,0
2020-06-03 17:00,266,136,130,0,0,0
2020-06-03 17:15,257,139,118,0,0,0
2020-06-03 17:30,268,142,126,0,0,0
2020-06-03 17:45,260,130,130,0,0,0
2020-06-03 18:00,262,126,136,0,0,0
2020-06-03 18:15,222,103,119,0,0,0
2020-06-03 18:30,214,98,116,0,0,0
2020-06-03 18:45,223,115,108,0,0,0
2020-06-03 19:00,206,98,108,0,0,0
2020-06-03 19:15,226,122,104,0,0,0
2020-06-03 19:30,182,95,87,0,0,0
2020-06-03 19:45,168,76,92,0,0,0
2020-06-03 20:00,183,97,86,0,0,0
2020-06-03 20:15,121,58,63,0,0,0
2020-06-03 20:30,127,56,71,0,0,0
2020-06-03 20:45,110,42,68,0,0,0
2020-06-03 21:00,90,35,55,0,0,0
2020-06-03 21:15,78,41,37,0,0,0
2020-06-03 21:30,113,60,53,0,0,0
2020-06-03 21:45,85,40,45,0,0,0
2020-06-03 22:00,94,33,61,0,0,0
2020-06-03 22:15,106,32,74,0,0,0
2020-06-03 22:30,97,40,57,0,0,0
2020-06-03 22:45,79,23,56,0,0,0
2020-06-03 23:00,67,21,46,0,0,0
2020-06-03 23:15,95,21,74,0,0,0
2020-06-03 23:30,49,12,37,0,0,0
2020-06-03 23:45,49,14,35,0,0,0
2020-06-04 00:00,30,12,18,0,0,0
2020-06-04 00:15,42,14,28,0,0,0
2020-06-04 00:30,32,9,23,0,0,0
2020-06-04 00:45,35,15,20,0,0,0
2020-06-04 01:00,26,9,17,0,0,0
2020-06-04 01:15,28,12,16,0,0,0
2020-06-04 01:30,19,4,15,0,0,0
2020-06-04 01:45,18,8,10,0,0,0
2020-06-04 02:00,17,7,10,0,0,0
2020-06-04 02:15,7,1,6,0,0,0
2020-06-04 02:30,8,0,8,0,0,0
2020-06-04 02:45,13,2,11,0,0,0
2020-06-04 03:00,5,0,5,0,0,0
2020-06-04 03:15,8,1,7,0,0,0
2020-06-04 03:30,5,1,4,0,0,0
2020-06-04 03:45,3,2,1,0,0,0
2020-06-04 04:00,0,0,0,0,0,0
2020-06-04 04:15,3,0,3,0,0,0
2020-06-04 04:30,8,3,5,0,0,0
2020-06-04 04:45,7,1,6,0,0,0
2020-06-04 05:00,10,6,4,0,0,0
2020-06-04 05:15,11,9,2,0,0,0
2020-06-04 05:30,20,16,4,0,0,0
2020-06-04 05:45,25,17,8,0,0,0
2020-06-04 06:00,30,23,7,0,0,0
2020-06-04 06:15,36,25,11,0,0,0
2020-06-04 06:30,52,33,19,0,0,0
2020-06-04 06:45,90,49,41,0,0,0
2020-06-04 07:00,81,42,39,0,0,0
2020-06-04 07:15,132,105,27,0,0,0
2020-06-04 07:30,179,123,56,0,0,0
2020-06-04 07:45,156,92,64,0,0,0
2020-06-04 08:00,154,74,80,0,0,0
2020-06-04 08:15,157,85,72,0,0,0
2020-06-04 08:30,144,85,59,0,0,0
2020-06-04 08:45,159,93,66,0,0,0
2020-06-04 09:00,117,60,57,0,0,0
2020-06-04 09:15,104,56,48,0,0,0
2020-06-04 09:30,120,69,51,0,0,0
2020-06-04 09:45,123,75,48,0,0,0
2020-06-04 10:00,120,56,64,0,0,0
2020-06-04 10:15,131,64,67,0,0,0
2020-06-04 10:30,113,64,49,0,0,0
2020-06-04 10:45,174,118,56,0,0,0
2020-06-04 11:00,118,72,46,0,0,0
2020-06-04 11:15,122,72,50,0,0,0
2020-06-04 11:30,105,50,55,0,0,0
2020-06-04 11:45,118,54,64,0,0,0
2020-06-04 12:00,123,54,69,0,0,0
2020-06-04 12:15,111,66,45,0,0,0
2020-06-04 12:30,105,44,61,0,0,0
2020-06-04 12:45,142,72,70,0,0,0
2020-06-04 13:00,122,53,69,0,0,0
2020-06-04 13:15,140,46,94,0,0,0
2020-06-04 13:30,117,55,62,0,0,0
2020-06-04 13:45,140,61,79,0,0,0
2020-06-04 14:00,114,50,64,0,0,0
2020-06-04 14:15,135,66,69,0,0,0
2020-06-04 14:30,127,65,62,0,0,0
2020-06-04 14:45,133,73,60,0,0,0
2020-06-04 15:00,141,69,72,0,0,0
2020-06-04 15:15,148,77,71,0,0,0
2020-06-04 15:30,133,72,61,0,0,0
2020-06-04 15:45,132,71,61,0,0,0
2020-06-04 16:00,156,75,81,0,0,0
2020-06-04 16:15,158,72,86,0,0,0
2020-06-04 16:30,182,80,102,0,0,0
2020-06-04 16:45,167,76,91,0,0,0
2020-06-04 17:00,169,82,87,0,0,0
2020-06-04 17:15,133,53,80,0,0,0
2020-06-04 17:30,182,95,87,0,0,0
2020-06-04 17:45,160,61,99,0,0,0
2020-06-04 18:00,151,54,97,0,0,0
2020-06-04 18:15,158,67,91,0,0,0
2020-06-04 18:30,119,54,65,0,0,0
2020-06-04 18:45,134,57,77,0,0,0
2020-06-04 19:00,123,51,72,0,0,0
2020-06-04 19:15,116,48,68,0,0,0
2020-06-04 19:30,97,41,56,0,0,0
2020-06-04 19:45,93,40,53,0,0,0
2020-06-04 20:00,85,31,54,0,0,0
2020-06-04 20:15,83,35,48,0,0,0
2020-06-04 20:30,64,21,43,0,0,0
2020-06-04 20:45,56,20,36,0,0,0
2020-06-04 21:00,56,21,35,0,0,0
2020-06-04 21:15,52,17,35,0,0,0
2020-06-04 21:30,30,9,21,0,0,0
2020-06-04 21:45,52,13,39,0,0,0
2020-06-04 22:00,55,19,36,0,0,0
2020-06-04 22:15,35,17,18,0,0,0
2020-06-04 22:30,41,13,28,0,0,0
2020-06-04 22:45,42,19,23,0,0,0
2020-06-04 23:00,46,11,35,0,0,0
2020-06-04 23:15,25,11,14,0,0,0
2020-06-04 23:30,37,11,26,0,0,0
2020-06-04 23:45,19,6,13,0,0,0
2020-06-05 00:00,26,10,16,0,0,0
2020-06-05 00:15,20,6,14,0,0,0
2020-06-05 00:30,17,4,13,0,0,0
2020-06-05 00:45,14,5,9,0,0,0
2020-06-05 01:00,15,5,10,0,0,0
2020-06-05 01:15,13,3,10,0,0,0
2020-06-05 01:30,9,1,8,0,0,0
2020-06-05 01:45,7,1,6,0,0,0
2020-06-05 02:00,17,6,11,0,0,0
2020-06-05 02:15,5,3,2,0,0,0
2020-06-05 02:30,6,0,6,0,0,0
2020-06-05 02:45,7,2,5,0,0,0
2020-06-05 03:00,4,1,3,0,0,0
2020-06-05 03:15,6,1,5,0,0,0
2020-06-05 03:30,8,2,6,0,0,0
2020-06-05 03:45,7,5,2,0,0,0
2020-06-05 04:00,4,2,2,0,0,0
2020-06-05 04:15,2,1,1,0,0,0
2020-06-05 04:30,10,1,9,0,0,0
2020-06-05 04:45,3,1,2,0,0,0
2020-06-05 05:00,7,6,1,0,0,0
2020-06-05 05:15,7,4,3,0,0,0
2020-06-05 05:30,15,10,5,0,0,0
2020-06-05 05:45,30,21,9,0,0,0
2020-06-05 06:00,31,20,11,0,0,0
2020-06-05 06:15,33,27,6,0,0,0
2020-06-05 06:30,44,26,18,0,0,0
2020-06-05 06:45,70,46,24,0,0,0
2020-06-05 07:00,67,43,24,0,0,0
2020-06-05 07:15,98,68,30,0,0,0
2020-06-05 07:30,162,127,35,0,0,0
2020-06-05 07:45,172,92,80,0,0,0
2020-06-05 08:00,122,51,71,0,0,0
2020-06-05 08:15,113,59,54,0,0,0
2020-06-05 08:30,135,87,48,0,0,0
2020-06-05 08:45,134,85,49,0,0,0
2020-06-05 09:00,111,51,60,0,0,0
2020-06-05 09:15,113,63,50,0,0,0
2020-06-05 09:30,125,68,57,0,0,0
2020-06-05 09:45,150,98,52,0,0,0
2020-06-05 10:00,144,69,75,0,0,0
2020-06-05 10:15,94,64,30,0,0,0
2020-06-05 10:30,114,76,38,0,0,0
2020-06-05 10:45,171,108,63,0,0,0
2020-06-05 11:00,129,82,47,0,0,0
2020-06-05 11:15,135,74,61,0,0,0
2020-06-05 11:30,125,72,53,0,0,0
2020-06-05 11:45,147,85,62,0,0,0
2020-06-05 12:00,157,81,76,0,0,0
2020-06-05 12:15,163,77,86,0,0,0
2020-06-05 12:30,164,86,78,0,0,0
2020-06-05 12:45,174,78,96,0,0,0
2020-06-05 13:00,153,72,81,0,0,0
2020-06-05 13:15,173,63,110,0,0,0
2020-06-05 13:30,162,77,85,0,0,0
2020-06-05 13:45,152,77,75,0,0,0
2020-06-05 14:00,143,59,84,0,0,0
2020-06-05 14:15,138,37,101,0,0,0
2020-06-05 14:30,106,44,62,0,0,0
2020-06-05 14:45,114,50,64,0,0,0
2020-06-05 15:00,117,57,60,0,0,0
2020-06-05 15:15,89,28,61,0,0,0
2020-06-05 15:30,96,49,47,0,0,0
2020-06-05 15:45,112,43,69,0,0,0
2020-06-05 16:00,130,62,68,0,0,0
2020-06-05 16:15,120,58,62,0,0,0
2020-06-05 16:30,88,48,40,0,0,0
2020-06-05 16:45,97,48,49,0,0,0
2020-06-05 17:00,119,65,54,0,0,0
2020-06-05 17:15,133,68,65,0,0,0
2020-06-05 17:30,123,66,57,0,0,0
2020-06-05 17:45,93,43,50,0,0,0
2020-06-05 18:00,93,40,53,0,0,0
2020-06-05 18:15,79,19,60,0,0,0
2020-06-05 18:30,88,43,45,0,0,0
2020-06-05 18:45,112,65,47,0,0,0
2020-06-05 19:00,112,51,61,0,0,0
2020-06-05 19:15,112,60,52,0,0,0
2020-06-05 19:30,88,42,46,0,0,0
2020-06-05 19:45,81,34,47,0,0,0
2020-06-05 20:00,89,38,51,0,0,0
2020-06-05 20:15,79,37,42,0,0,0
2020-06-05 20:30,77,37,40,0,0,0
2020-06-05 20:45,76,29,47,0,0,0
2020-06-05 21:00,46,21,25,0,0,0
2020-06-05 21:15,54,27,27,0,0,0
2020-06-05 21:30,34,13,21,0,0,0
2020-06-05 21:45,34,15,19,0,0,0
2020-06-05 22:00,38,7,31,0,0,0
2020-06-05 22:15,47,15,32,0,0,0
2020-06-05 22:30,38,13,25,0,0,0
2020-06-05 22:45,36,16,20,0,0,0
2020-06-05 23:00,42,13,29,0,0,0
2020-06-05 23:15,51,14,37,0,0,0
2020-06-05 23:30,51,24,27,0,0,0
2020-06-05 23:45,41,16,25,0,0,0
2020-06-06 00:00,47,15,32,0,0,0
2020-06-06 00:15,43,19,24,0,0,0
2020-06-06 00:30,30,11,19,0,0,0
2020-06-06 00:45,32,9,23,0,0,0
2020-06-06 01:00,37,14,23,0,0,0
2020-06-06 01:15,24,9,15,0,0,0
2020-06-06 01:30,26,5,21,0,0,0
2020-06-06 01:45,29,16,13,0,0,0
2020-06-06 02:00,25,11,14,0,0,0
2020-06-06 02:15,20,8,12,0,0,0
2020-06-06 02:30,19,8,11,0,0,0
2020-06-06 02:45,30,10,20,0,0,0
2020-06-06 03:00,34,3,31,0,0,0
2020-06-06 03:15,12,6,6,0,0,0
2020-06-06 03:30,9,1,8,0,0,0
2020-06-06 03:45,10,2,8,0,0,0
2020-06-06 04:00,13,4,9,0,0,0
2020-06-06 04:15,14,4,10,0,0,0
2020-06-06 04:30,8,2,6,0,0,0
2020-06-06 04:45,8,5,3,0,0,0
2020-06-06 05:00,4,3,1,0,0,0
2020-06-06 05:15,9,6,3,0,0,0
2020-06-06 05:30,15,11,4,0,0,0
2020-06-06 05:45,17,11,6,0,0,0
2020-06-06 06:00,8,4,4,0,0,0
2020-06-06 06:15,15,8,7,0,0,0
2020-06-06 06:30,21,16,5,0,0,0
2020-06-06 06:45,20,11,9,0,0,0
2020-06-06 07:00,16,10,6,0,0,0
2020-06-06 07:15,25,21,4,0,0,0
2020-06-06 07:30,58,49,9,0,0,0
2020-06-06 07:45,51,39,12,0,0,0
2020-06-06 08:00,28,21,7,0,0,0
2020-06-06 08:15,44,29,15,0,0,0
2020-06-06 08:30,51,29,22,0,0,0
2020-06-06 08:45,51,36,15,0,0,0
2020-06-06 09:00,52,30,22,0,0,0
2020-06-06 09:15,65,35,30,0,0,0
2020-06-06 09:30,67,50,17,0,0,0
2020-06-06 09:45,99,68,31,0,0,0
2020-06-06 10:00,98,53,45,0,0,0
2020-06-06 10:15,55,15,40,0,0,0
2020-06-06 10:30,53,36,17,0,0,0
2020-06-06 10:45,73,43,30,0,0,0
2020-06-06 11:00,67,41,26,0,0,0
2020-06-06 11:15,74,40,34,0,0,0
2020-06-06 11:30,104,70,34,0,0,0
2020-06-06 11:45,127,71,56,0,0,0
2020-06-06 12:00,103,64,39,0,0,0
2020-06-06 12:15,116,65,51,0,0,0
2020-06-06 12:30,134,82,52,0,0,0
2020-06-06 12:45,123,71,52,0,0,0
2020-06-06 13:00,124,78,46,0,0,0
2020-06-06 13:15,150,83,67,0,0,0
2020-06-06 13:30,146,96,50,0,0,0
2020-06-06 13:45,268,184,84,0,0,0
2020-06-06 14:00,242,177,65,0,0,0
2020-06-06 14:15,141,72,69,0,0,0
2020-06-06 14:30,132,86,46,0,0,0
2020-06-06 14:45,150,75,75,0,0,0
2020-06-06 15:00,160,87,73,0,0,0
2020-06-06 15:15,167,72,95,0,0,0
2020-06-06 15:30,141,61,80,0,0,0
2020-06-06 15:45,175,69,106,0,0,0
2020-06-06 16:00,226,78,148,0,0,0
2020-06-06 16:15,178,69,109,0,0,0
2020-06-06 16:30,137,69,68,0,0,0
2020-06-06 16:45,115,69,46,0,0,0
2020-06-06 17:00,114,55,59,0,0,0
2020-06-06 17:15,168,78,90,0,0,0
2020-06-06 17:30,155,67,88,0,0,0
2020-06-06 17:45,170,78,92,0,0,0
2020-06-06 18:00,130,54,76,0,0,0
2020-06-06 18:15,137,49,88,0,0,0
2020-06-06 18:30,128,47,81,0,0,0
2020-06-06 18:45,159,71,88,0,0,0
2020-06-06 19:00,141,63,78,0,0,0
2020-06-06 19:15,126,68,58,0,0,0
2020-06-06 19:30,94,50,44,0,0,0
2020-06-06 19:45,130,74,56,0,0,0
2020-06-06 20:00,116,48,68,0,0,0
2020-06-06 20:15,86,36,50,0,0,0
2020-06-06 20:30,119,54,65,0,0,0
2020-06-06 20:45,83,39,44,0,0,0
2020-06-06 21:00,70,39,31,0,0,0
2020-06-06 21:15,62,29,33,0,0,0
2020-06-06 21:30,53,28,25,0,0,0
2020-06-06 21:45,55,20,35,0,0,0
2020-06-06 22:00,74,30,44,0,0,0
2020-06-06 22:15,54,17,37,0,0,0
2020-06-06 22:30,48,16,32,0,0,0
2020-06-06 22:45,39,19,20,0,0,0
2020-06-06 23:00,51,12,39,0,0,0
2020-06-06 23:15,58,20,38,0,0,0
2020-06-06 23:30,50,20,30,0,0,0
2020-06-06 23:45,57,20,37,0,0,0
2020-06-07 00:00,42,11,31,0,0,0
2020-06-07 00:15,59,19,40,0,0,0
2020-06-07 00:30,45,15,30,0,0,0
2020-06-07 00:45,50,24,26,0,0,0
2020-06-07 01:00,49,13,36,0,0,0
2020-06-07 01:15,59,15,44,0,0,0
2020-06-07 01:30,61,31,30,0,0,0
2020-06-07 01:45,45,15,30,0,0,0
2020-06-07 02:00,50,12,38,0,0,0
2020-06-07 02:15,37,10,27,0,0,0
2020-06-07 02:30,27,9,18,0,0,0
2020-06-07 02:45,23,6,17,0,0,0
2020-06-07 03:00,33,15,18,0,0,0
2020-06-07 03:15,12,4,8,0,0,0
2020-06-07 03:30,18,4,14,0,0,0
2020-06-07 03:45,12,2,10,0,0,0
2020-06-07 04:00,19,10,9,0,0,0
2020-06-07 04:15,14,1,13,0,0,0
2020-06-07 04:30,11,4,7,0,0,0
2020-06-07 04:45,7,4,3,0,0,0
2020-06-07 05:00,12,4,8,0,0,0
2020-06-07 05:15,11,4,7,0,0,0
2020-06-07 05:30,12,4,8,0,0,0
2020-06-07 05:45,13,4,9,0,0,0
2020-06-07 06:00,9,5,4,0,0,0
2020-06-07 06:15,2,1,1,0,0,0
2020-06-07 06:30,7,4,3,0,0,0
2020-06-07 06:45,8,4,4,0,0,0
2020-06-07 07:00,2,1,1,0,0,0
2020-06-07 07:15,4,3,1,0,0,0
2020-06-07 07:30,11,6,5,0,0,0
2020-06-07 07:45,14,6,8,0,0,0
2020-06-07 08:00,7,4,3,0,0,0
2020-06-07 08:15,19,14,5,0,0,0
2020-06-07 08:30,15,12,3,0,0,0
2020-06-07 08:45,22,12,10,0,0,0
2020-06-07 09:00,29,19,10,0,0,0
2020-06-07 09:15,31,19,12,0,0,0
2020-06-07 09:30,27,25,2,0,0,0
2020-06-07 09:45,54,42,12,0,0,0
2020-06-07 10:00,31,17,14,0,0,0
2020-06-07 10:15,34,21,13,0,0,0
2020-06-07 10:30,44,23,21,0,0,0
2020-06-07 10:45,54,32,22,0,0,0
2020-06-07 11:00,54,30,24,0,0,0
2020-06-07 11:15,79,46,33,0,0,0
2020-06-07 11:30,69,39,30,0,0,0
2020-06-07 11:45,65,39,26,0,0,0
2020-06-07 12:00,57,31,26,0,0,0
2020-06-07 12:15,51,32,19,0,0,0
2020-06-07 12:30,69,23,46,0,0,0
2020-06-07 12:45,58,35,23,0,0,0
2020-06-07 13:00,71,36,35,0,0,0
2020-06-07 13:15,56,32,24,0,0,0
2020-06-07 13:30,79,33,46,0,0,0
2020-06-07 13:45,83,49,34,0,0,0
2020-06-07 14:00,90,57,33,0,0,0
2020-06-07 14:15,61,35,26,0,0,0
2020-06-07 14:30,82,45,37,0,0,0
2020-06-07 14:45,111,70,41,0,0,0
2020-06-07 15:00,107,37,70,0,0,0
2020-06-07 15:15,112,50,62,0,0,0
2020-06-07 15:30,94,54,40,0,0,0
2020-06-07 15:45,116,64,52,0,0,0
2020-06-07 16:00,97,49,48,0,0,0
2020-06-07 16:15,85,39,46,0,0,0
2020-06-07 16:30,81,39,42,0,0,0
2020-06-07 16:45,104,49,55,0,0,0
2020-06-07 17:00,107,57,50,0,0,0
2020-06-07 17:15,102,46,56,0,0,0
2020-06-07 17:30,115,53,62,0,0,0
2020-06-07 17:45,131,83,48,0,0,0
2020-06-07 18:00,97,41,56,0,0,0
2020-06-07 18:15,109,42,67,0,0,0
2020-06-07 18:30,84,37,47,0,0,0
2020-06-07 18:45,99,47,52,0,0,0
2020-06-07 19:00,80,39,41,0,0,0
2020-06-07 19:15,121,47,74,0,0,0
2020-06-07 19:30,88,37,51,0,0,0
2020-06-07 19:45,92,50,42,0,0,0
2020-06-07 20:00,71,34,37,0,0,0
2020-06-07 20:15,76,22,54,0,0,0
2020-06-07 20:30,73,35,38,0,0,0
2020-06-07 20:45,47,26,21,0,0,0
2020-06-07 21:00,54,22,32,0,0,0
2020-06-07 21:15,60,15,45,0,0,0
2020-06-07 21:30,53,24,29,0,0,0
2020-06-07 21:45,51,17,34,0,0,0
2020-06-07 22:00,43,16,27,0,0,0
2020-06-07 22:15,54,21,33,0,0,0
2020-06-07 22:30,40,14,26,0,0,0
2020-06-07 22:45,48,15,33,0,0,0
2020-06-07 23:00,50,26,24,0,0,0
2020-06-07 23:15,27,15,12,0,0,0
2020-06-07 23:30,23,10,13,0,0,0
2020-06-07 23:45,29,5,24,0,0,0
2020-06-08 00:00,25,8,17,0,0,0
2020-06-08 00:15,22,5,17,0,0,0
2020-06-08 00:30,15,11,4,0,0,0
2020-06-08 00:45,17,6,11,0,0,0
2020-06-08 01:00,24,9,15,0,0,0
2020-06-08 01:15,7,2,5,0,0,0
2020-06-08 01:30,15,3,12,0,0,0
2020-06-08 01:45,6,5,1,0,0,0
2020-06-08 02:00,11,7,4,0,0,0
2020-06-08 02:15,9,0,9,0,0,0
2020-06-08 02:30,3,1,2,0,0,0
2020-06-08 02:45,4,2,2,0,0,0
2020-06-08 03:00,3,0,3,0,0,0
2020-06-08 03:15,2,2,0,0,0,0
2020-06-08 03:30,3,2,1,0,0,0
2020-06-08 03:45,1,1,0,0,0,0
2020-06-08 04:00,1,0,1,0,0,0
2020-06-08 04:15,1,0,1,0,0,0
2020-06-08 04:30,7,3,4,0,0,0
2020-06-08 04:45,7,5,2,0,0,0
2020-06-08 05:00,10,6,4,0,0,0
2020-06-08 05:15,13,10,3,0,0,0
2020-06-08 05:30,19,18,1,0,0,0
2020-06-08 05:45,22,16,6,0,0,0
2020-06-08 06:00,32,24,8,0,0,0
2020-06-08 06:15,46,34,12,0,0,0
2020-06-08 06:30,45,32,13,0,0,0
2020-06-08 06:45,75,44,31,0,0,0
2020-06-08 07:00,81,52,29,0,0,0
2020-06-08 07:15,115,86,29,0,0,0
2020-06-08 07:30,190,115,75,0,0,0
2020-06-08 07:45,169,83,86,0,0,0
2020-06-08 08:00,169,96,73,0,0,0
2020-06-08 08:15,160,95,65,0,0,0
2020-06-08 08:30,154,85,69,0,0,0
2020-06-08 08:45,151,89,62,0,0,0
2020-06-08 09:00,153,85,68,0,0,0
2020-06-08 09:15,138,81,57,0,0,0
2020-06-08 09:30,152,91,61,0,0,0
2020-06-08 09:45,147,94,53,0,0,0
2020-06-08 10:00,127,73,54,0,0,0
2020-06-08 10:15,109,58,51,0,0,0
2020-06-08 10:30,119,68,51,0,0,0
2020-06-08 10:45,124,81,43,0,0,0
2020-06-08 11:00,131,63,68,0,0,0
2020-06-08 11:15,124,68,56,0,0,0
2020-06-08 11:30,132,70,62,0,0,0
2020-06-08 11:45,128,72,56,0,0,0
2020-06-08 12:00,81,28,53,0,0,0
2020-06-08 12:15,139,61,78,0,0,0
2020-06-08 12:30,116,47,69,0,0,0
2020-06-08 12:45,129,63,66,0,0,0
2020-06-08 13:00,135,61,74,0,0,0
2020-06-08 13:15,136,55,81,0,0,0
2020-06-08 13:30,167,85,82,0,0,0
2020-06-08 13:45,130,71,59,0,0,0
2020-06-08 14:00,157,76,81,0,0,0
2020-06-08 14:15,141,73,68,0,0,0
2020-06-08 14:30,165,73,92,0,0,0
2020-06-08 14:45,140,56,84,0,0,0
2020-06-08 15:00,143,79,64,0,0,0
2020-06-08 15:15,132,60,72,0,0,0
2020-06-08 15:30,153,72,81,0,0,0
2020-06-08 15:45,173,77,96,0,0,0
2020-06-08 16:00,191,111,80,0,0,0
2020-06-08 16:15,191,94,97,0,0,0
2020-06-08 16:30,182,91,91,0,0,0
2020-06-08 16:45,174,83,91,0,0,0
2020-06-08 17:00,206,96,110,0,0,0
2020-06-08 17:15,213,109,104,0,0,0
2020-06-08 17:30,188,89,99,0,0,0
2020-06-08 17:45,227,105,122,0,0,0
2020-06-08 18:00,221,105,116,0,0,0
2020-06-08 18:15,209,95,114,0,0,0
2020-06-08 18:30,177,82,95,0,0,0
2020-06-08 18:45,208,113,95,0,0,0
2020-06-08 19:00,147,65,82,0,0,0
2020-06-08 19:15,163,75,88,0,0,0
2020-06-08 19:30,130,63,67,0,0,0
2020-06-08 19:45,138,62,76,0,0,0
2020-06-08 20:00,115,42,73,0,0,0
2020-06-08 20:15,120,50,70,0,0,0
2020-06-08 20:30,99,44,55,0,0,0
2020-06-08 20:45,92,45,47,0,0,0
2020-06-08 21:00,87,35,52,0,0,0
2020-06-08 21:15,84,26,58,0,0,0
2020-06-08 21:30,90,48,42,0,0,0
2020-06-08 21:45,71,29,42,0,0,0
2020-06-08 22:00,38,15,23,0,0,0
2020-06-08 22:15,65,24,41,0,0,0
2020-06-08 22:30,69,18,51,0,0,0
2020-06-08 22:45,62,14,48,0,0,0
2020-06-08 23:00,50,14,36,0,0,0
2020-06-08 23:15,39,14,25,0,0,0
2020-06-08 23:30,31,14,17,0,0,0
2020-06-08 23:45,26,8,18,0,0,0
2020-06-09 00:00,43,15,28,0,0,0
2020-06-09 00:15,25,7,18,0,0,0
2020-06-09 00:30,22,11,11,0,0,0
2020-06-09 00:45,14,10,4,0,0,0
2020-06-09 01:00,12,3,9,0,0,0
2020-06-09 01:15,14,7,7,0,0,0
2020-06-09 01:30,7,2,5,0,0,0
2020-06-09 01:45,14,7,7,0,0,0
2020-06-09 02:00,13,6,7,0,0,0
2020-06-09 02:15,5,1,4,0,0,0
2020-06-09 02:30,11,2,9,0,0,0
2020-06-09 02:45,6,1,5,0,0,0
2020-06-09 03:00,2,1,1,0,0,0
2020-06-09 03:15,4,0,4,0,0,0
2020-06-09 03:30,3,2,1,0,0,0
2020-06-09 03:45,2,1,1,0,0,0
2020-06-09 04:00,0,0,0,0,0,0
2020-06-09 04:15,2,1,1,0,0,0
2020-06-09 04:30,4,4,0,0,0,0
2020-06-09 04:45,8,6,2,0,0,0
2020-06-09 05:00,4,0,4,0,0,0
2020-06-09 05:15,12,8,4,0,0,0
2020-06-09 05:30,21,19,2,0,0,0
2020-06-09 05:45,33,22,11,0,0,0
2020-06-09 06:00,36,23,13,0,0,0
2020-06-09 06:15,37,26,11,0,0,0
2020-06-09 06:30,47,31,16,0,0,0
2020-06-09 06:45,79,46,33,0,0,0
2020-06-09 07:00,72,44,28,0,0,0
2020-06-09 07:15,88,58,30,0,0,0
2020-06-09 07:30,57,8,49,0,0,0
2020-06-09 07:45,161,76,85,0,0,0
2020-06-09 08:00,140,77,63,0,0,0
2020-06-09 08:15,136,79,57,0,0,0
2020-06-09 08:30,143,84,59,0,0,0
2020-06-09 08:45,160,96,64,0,0,0
2020-06-09 09:00,130,66,64,0,0,0
2020-06-09 09:15,119,72,47,0,0,0
2020-06-09 09:30,111,54,57,0,0,0
2020-06-09 09:45,121,68,53,0,0,0
2020-06-09 10:00,122,66,56,0,0,0
2020-06-09 10:15,99,60,39,0,0,0
2020-06-09 10:30,112,59,53,0,0,0
2020-06-09 10:45,137,73,64,0,0,0
2020-06-09 11:00,129,69,60,0,0,0
2020-06-09 11:15,118,70,48,0,0,0
2020-06-09 11:30,92,52,40,0,0,0
2020-06-09 11:45,149,86,63,0,0,0
2020-06-09 12:00,151,67,84,0,0,0
2020-06-09 12:15,130,75,55,0,0,0
2020-06-09 12:30,158,71,87,0,0,0
2020-06-09 12:45,179,83,96,0,0,0
2020-06-09 13:00,155,74,81,0,0,0
2020-06-09 13:15,191,77,114,0,0,0
2020-06-09 13:30,166,86,80,0,0,0
2020-06-09 13:45,144,77,67,0,0,0
2020-06-09 14:00,183,105,78,0,0,0
2020-06-09 14:15,172,100,72,0,0,0
2020-06-09 14:30,179,80,99,0,0,0
2020-06-09 14:45,178,98,80,0,0,0
2020-06-09 15:00,174,100,74,0,0,0
2020-06-09 15:15,158,85,73,0,0,0
2020-06-09 15:30,175,96,79,0,0,0
2020-06-09 15:45,235,138,97,0,0,0
2020-06-09 16:00,181,89,92,0,0,0
2020-06-09 16:15,210,109,101,0,0,0
2020-06-09 16:30,197,88,109,0,0,0
2020-06-09 16:45,217,104,113,0,0,0
2020-06-09 17:00,220,115,105,0,0,0
2020-06-09 17:15,224,108,116,0,0,0
2020-06-09 17:30,233,126,107,0,0,0
2020-06-09 17:45,241,109,132,0,0,0
2020-06-09 18:00,216,107,109,0,0,0
2020-06-09 18:15,198,76,122,0,0,0
2020-06-09 18:30,242,114,128,0,0,0
2020-06-09 18:45,196,87,109,0,0,0
2020-06-09 19:00,177,87,90,0,0,0
2020-06-09 19:15,202,96,106,0,0,0
2020-06-09 19:30,147,70,77,0,0,0
2020-06-09 19:45,135,59,76,0,0,0
2020-06-09 20:00,141,58,83,0,0,0
2020-06-09 20:15,128,59,69,0,0,0
2020-06-09 20:30,122,44,78,0,0,0
2020-06-09 20:45,74,27,47,0,0,0
2020-06-09 21:00,78,29,49,0,0,0
2020-06-09 21:15,90,42,48,0,0,0
2020-06-09 21:30,86,43,43,0,0,0
2020-06-09 21:45,69,29,40,0,0,0
2020-06-09 22:00,76,40,36,0,0,0
2020-06-09 22:15,60,23,37,0,0,0
2020-06-09 22:30,56,17,39,0,0,0
2020-06-09 22:45,56,18,38,0,0,0
2020-06-09 23:00,57,14,43,0,0,0
2020-06-09 23:15,45,7,38,0,0,0
2020-06-09 23:30,41,17,24,0,0,0
2020-06-09 23:45,26,11,15,0,0,0
2020-06-10 00:00,34,12,22,0,0,0
2020-06-10 00:15,31,5,26,0,0,0
2020-06-10 00:30,27,10,17,0,0,0
2020-06-10 00:45,18,4,14,0,0,0
2020-06-10 01:00,18,7,11,0,0,0
2020-06-10 01:15,19,8,11,0,0,0
2020-06-10 01:30,16,7,9,0,0,0
2020-06-10 01:45,18,2,16,0,0,0
2020-06-10 02:00,7,4,3,0,0,0
2020-06-10 02:15,13,9,4,0,0,0
2020-06-10 02:30,7,1,6,0,0,0
2020-06-10 02:45,1,0,1,0,0,0
2020-06-10 03:00,2,2,0,0,0,0
2020-06-10 03:15,4,2,2,0,0,0
2020-06-10 03:30,6,3,3,0,0,0
2020-06-10 03:45,8,5,3,0,0,0
2020-06-10 04:00,8,3,5,0,0,0
2020-06-10 04:15,5,4,1,0,0,0
2020-06-10 04:30,6,4,2,0,0,0
2020-06-10 04:45,5,2,3,0,0,0
2020-06-10 05:00,5,4,1,0,0,0
2020-06-10 05:15,9,6,3,0,0,0
2020-06-10 05:30,19,17,2,0,0,0
2020-06-10 05:45,28,18,10,0,0,0
2020-06-10 06:00,35,27,8,0,0,0
2020-06-10 06:15,35,30,5,0,0,0
2020-06-10 06:30,53,34,19,0,0,0
2020-06-10 06:45,81,51,30,0,0,0
2020-06-10 07:00,79,45,34,0,0,0
2020-06-10 07:15,126,81,45,0,0,0
2020-06-10 07:30,206,146,60,0,0,0
2020-06-10 07:45,188,115,73,0,0,0
2020-06-10 08:00,156,83,73,0,0,0
2020-06-10 08:15,162,98,64,0,0,0
2020-06-10 08:30,168,92,76,0,0,0
2020-06-10 08:45,162,88,74,0,0,0
2020-06-10 09:00,139,78,61,0,0,0
2020-06-10 09:15,121,58,63,0,0,0
2020-06-10 09:30,127,83,44,0,0,0
2020-06-10 09:45,133,93,40,0,0,0
2020-06-10 10:00,97,49,48,0,0,0
2020-06-10 10:15,137,83,54,0,0,0
2020-06-10 10:30,125,74,51,0,0,0
2020-06-10 10:45,141,78,63,0,0,0
2020-06-10 11:00,129,72,57,0,0,0
2020-06-10 11:15,136,75,61,0,0,0
2020-06-10 11:30,157,84,73,0,0,0
2020-06-10 11:45,186,114,72,0,0,0
2020-06-10 12:00,171,90,81,0,0,0
2020-06-10 12:15,175,96,79,0,0,0
2020-06-10 12:30,176,81,95,0,0,0
2020-06-10 12:45,171,80,91,0,0,0
2020-06-10 13:00,169,82,87,0,0,0
2020-06-10 13:15,184,71,113,0,0,0
2020-06-10 13:30,202,95,107,0,0,0
2020-06-10 13:45,174,91,83,0,0,0
2020-06-10 14:00,158,74,84,0,0,0
2020-06-10 14:15,191,79,112,0,0,0
2020-06-10 14:30,188,88,100,0,0,0
2020-06-10 14:45,196,92,104,0,0,0
2020-06-10 15:00,188,90,98,0,0,0
2020-06-10 15:15,180,82,98,0,0,0
2020-06-10 15:30,161,45,116,0,0,0
2020-06-10 15:45,197,100,97,0,0,0
2020-06-10 16:00,215,104,111,0,0,0
2020-06-10 16:15,239,100,139,0,0,0
2020-06-10 16:30,202,98,104,0,0,0
2020-06-10 16:45,203,104,99,0,0,0
2020-06-10 17:00,204,77,127,0,0,0
2020-06-10 17:15,229,117,112,0,0,0
2020-06-10 17:30,222,121,101,0,0,0
2020-06-10 17:45,242,129,113,0,0,0
2020-06-10 18:00,228,107,121,0,0,0
2020-06-10 18:15,235,108,127,0,0,0
2020-06-10 18:30,225,109,116,0,0,0
2020-06-10 18:45,273,151,122,0,0,0
2020-06-10 19:00,224,115,109,0,0,0
2020-06-10 19:15,171,77,94,0,0,0
2020-06-10 19:30,202,91,111,0,0,0
2020-06-10 19:45,168,89,79,0,0,0
2020-06-10 20:00,180,85,95,0,0,0
2020-06-10 20:15,161,69,92,0,0,0
2020-06-10 20:30,120,47,73,0,0,0
2020-06-10 20:45,118,46,72,0,0,0
2020-06-10 21:00,101,40,61,0,0,0
2020-06-10 21:15,101,51,50,0,0,0
2020-06-10 21:30,90,34,56,0,0,0
2020-06-10 21:45,97,37,60,0,0,0
2020-06-10 22:00,73,31,42,0,0,0
2020-06-10 22:15,71,20,51,0,0,0
2020-06-10 22:30,82,26,56,0,0,0
2020-06-10 22:45,73,23,50,0,0,0
2020-06-10 23:00,70,23,47,0,0,0
2020-06-10 23:15,62,29,33,0,0,0
2020-06-10 23:30,69,19,50,0,0,0
2020-06-10 23:45,65,15,50,0,0,0
2020-06-11 00:00,64,23,41,0,0,0
2020-06-11 00:15,58,16,42,0,0,0
2020-06-11 00:30,74,32,42,0,0,0
2020-06-11 00:45,83,27,56,0,0,0
2020-06-11 01:00,60,27,33,0,0,0
2020-06-11 01:15,58,17,41,0,0,0
2020-06-11 01:30,42,17,25,0,0,0
2020-06-11 01:45,38,7,31,0,0,0
2020-06-11 02:00,52,32,20,0,0,0
2020-06-11 02:15,46,22,24,0,0,0
2020-06-11 02:30,34,14,20,0,0,0
2020-06-11 02:45,31,7,24,0,0,0
2020-06-11 03:00,26,5,21,0,0,0
2020-06-11 03:15,40,12,28,0,0,0
2020-06-11 03:30,19,4,15,0,0,0
2020-06-11 03:45,15,4,11,0,0,0
2020-06-11 04:00,19,6,13,0,0,0
2020-06-11 04:15,8,1,7,0,0,0
2020-06-11 04:30,9,1,8,0,0,0
2020-06-11 04:45,13,6,7,0,0,0
2020-06-11 05:00,8,3,5,0,0,0
2020-06-11 05:15,11,5,6,0,0,0
2020-06-11 05:30,11,5,6,0,0,0
2020-06-11 05:45,2,1,1,0,0,0
2020-06-11 06:00,8,5,3,0,0,0
2020-06-11 06:15,7,5,2,0,0,0
2020-06-11 06:30,18,8,10,0,0,0
2020-06-11 06:45,11,5,6,0,0,0
2020-06-11 07:00,5,3,2,0,0,0
2020-06-11 07:15,15,9,6,0,0,0
2020-06-11 07:30,14,4,10,0,0,0
2020-06-11 07:45,11,7,4,0,0,0
2020-06-11 08:00,14,9,5,0,0,0
2020-06-11 08:15,13,6,7,0,0,0
2020-06-11 08:30,13,10,3,0,0,0
2020-06-11 08:45,23,15,8,0,0,0
2020-06-11 09:00,22,10,12,0,0,0
2020-06-11 09:15,49,34,15,0,0,0
2020-06-11 09:30,36,28,8,0,0,0
2020-06-11 09:45,48,29,19,0,0,0
2020-06-11 10:00,41,25,16,0,0,0
2020-06-11 10:15,52,24,28,0,0,0
2020-06-11 10:30,57,38,19,0,0,0
2020-06-11 10:45,89,53,36,0,0,0
2020-06-11 11:00,60,32,28,0,0,0
2020-06-11 11:15,63,30,33,0,0,0
2020-06-11 11:30,67,38,29,0,0,0
2020-06-11 11:45,67,37,30,0,0,0
2020-06-11 12:00,110,54,56,0,0,0
2020-06-11 12:15,94,54,40,0,0,0
2020-06-11 12:30,94,44,50,0,0,0
2020-06-11 12:45,100,56,44,0,0,0
2020-06-11 13:00,92,35,57,0,0,0
2020-06-11 13:15,105,58,47,0,0,0
2020-06-11 13:30,90,52,38,0,0,0
2020-06-11 13:45,120,69,51,0,0,0
2020-06-11 14:00,102,61,41,0,0,0
2020-06-11 14:15,125,63,62,0,0,0
2020-06-11 14:30,141,91,50,0,0,0
2020-06-11 14:45,160,91,69,0,0,0
2020-06-11 15:00,154,68,86,0,0,0
2020-06-11 15:15,120,74,46,0,0,0
2020-06-11 15:30,135,90,45,0,0,0
2020-06-11 15:45,176,102,74,0,0,0
2020-06-11 16:00,114,64,50,0,0,0
2020-06-11 16:15,131,64,67,0,0,0
2020-06-11 16:30,142,80,62,0,0,0
2020-06-11 16:45,182,98,84,0,0,0
2020-06-11 17:00,151,79,72,0,0,0
2020-06-11 17:15,124,62,62,0,0,0
2020-06-11 17:30,153,76,77,0,0,0
2020-06-11 17:45,141,75,66,0,0,0
2020-06-11 18:00,141,71,70,0,0,0
2020-06-11 18:15,158,70,88,0,0,0
2020-06-11 18:30,135,67,68,0,0,0
2020-06-11 18:45,163,91,72,0,0,0
2020-06-11 19:00,144,61,83,0,0,0
2020-06-11 19:15,152,71,81,0,0,0
2020-06-11 19:30,142,77,65,0,0,0
2020-06-11 19:45,144,82,62,0,0,0
2020-06-11 20:00,115,62,53,0,0,0
2020-06-11 20:15,103,36,67,0,0,0
2020-06-11 20:30,83,33,50,0,0,0
2020-06-11 20:45,79,41,38,0,0,0
2020-06-11 21:00,87,42,45,0,0,0
2020-06-11 21:15,74,32,42,0,0,0
2020-06-11 21:30,58,29,29,0,0,0
2020-06-11 21:45,53,18,35,0,0,0
2020-06-11 22:00,77,36,41,0,0,0
2020-06-11 22:15,72,28,44,0,0,0
2020-06-11 22:30,64,16,48,0,0,0
2020-06-11 22:45,77,27,50,0,0,0
2020-06-11 23:00,58,17,41,0,0,0
2020-06-11 23:15,62,20,42,0,0,0
2020-06-11 23:30,52,13,39,0,0,0
2020-06-11 23:45,42,18,24,0,0,0
2020-06-12 00:00,40,15,25,0,0,0
2020-06-12 00:15,41,11,30,0,0,0
2020-06-12 00:30,27,9,18,0,0,0
2020-06-12 00:45,44,13,31,0,0,0
2020-06-12 01:00,29,11,18,0,0,0
2020-06-12 01:15,25,7,18,0,0,0
2020-06-12 01:30,32,16,16,0,0,0
2020-06-12 01:45,9,4,5,0,0,0
2020-06-12 02:00,27,4,23,0,0,0
2020-06-12 02:15,18,5,13,0,0,0
2020-06-12 02:30,5,2,3,0,0,0
2020-06-12 02:45,14,4,10,0,0,0
2020-06-12 03:00,9,1,8,0,0,0
2020-06-12 03:15,5,0,5,0,0,0
2020-06-12 03:30,2,1,1,0,0,0
2020-06-12 03:45,6,1,5,0,0,0
2020-06-12 04:00,3,2,1,0,0,0
2020-06-12 04:15,4,2,2,0,0,0
2020-06-12 04:30,5,2,3,0,0,0
2020-06-12 04:45,3,1,2,0,0,0
2020-06-12 05:00,6,2,4,0,0,0
2020-06-12 05:15,10,8,2,0,0,0
2020-06-12 05:30,16,14,2,0,0,0
2020-06-12 05:45,21,13,8,0,0,0
2020-06-12 06:00,22,17,5,0,0,0
2020-06-12 06:15,40,29,11,0,0,0
2020-06-12 06:30,49,30,19,0,0,0
2020-06-12 06:45,42,25,17,0,0,0
2020-06-12 07:00,59,41,18,0,0,0
2020-06-12 07:15,84,52,32,0,0,0
2020-06-12 07:30,141,99,42,0,0,0
2020-06-12 07:45,140,87,53,0,0,0
2020-06-12 08:00,116,71,45,0,0,0
2020-06-12 08:15,108,63,45,0,0,0
2020-06-12 08:30,128,89,39,0,0,0
2020-06-12 08:45,128,77,51,0,0,0
2020-06-12 09:00,127,80,47,0,0,0
2020-06-12 09:15,109,74,35,0,0,0
2020-06-12 09:30,137,96,41,0,0,0
2020-06-12 09:45,186,118,68,0,0,0
2020-06-12 10:00,153,84,69,0,0,0
2020-06-12 10:15,118,76,42,0,0,0
2020-06-12 10:30,169,94,75,0,0,0
2020-06-12 10:45,158,94,64,0,0,0
2020-06-12 11:00,149,83,66,0,0,0
2020-06-12 11:15,138,80,58,0,0,0
2020-06-12 11:30,218,133,85,0,0,0
2020-06-12 11:45,222,131,91,0,0,0
2020-06-12 12:00,196,128,68,0,0,0
2020-06-12 12:15,198,89,109,0,0,0
2020-06-12 12:30,203,95,108,0,0,0
2020-06-12 12:45,186,110,76,0,0,0
2020-06-12 13:00,225,110,115,0,0,0
2020-06-12 13:15,237,102,135,0,0,0
2020-06-12 13:30,224,114,110,0,0,0
2020-06-12 13:45,229,141,88,0,0,0
2020-06-12 14:00,202,105,97,0,0,0
2020-06-12 14:15,227,124,103,0,0,0
2020-06-12 14:30,188,113,75,0,0,0
2020-06-12 14:45,197,121,76,0,0,0
2020-06-12 15:00,240,118,122,0,0,0
2020-06-12 15:15,211,116,95,0,0,0
2020-06-12 15:30,228,130,98,0,0,0
2020-06-12 15:45,228,151,77,0,0,0
2020-06-12 16:00,224,120,104,0,0,0
2020-06-12 16:15,226,111,115,0,0,0
2020-06-12 16:30,228,109,119,0,0,0
2020-06-12 16:45,235,148,87,0,0,0
2020-06-12 17:00,213,113,100,0,0,0
2020-06-12 17:15,184,92,92,0,0,0
2020-06-12 17:30,216,106,110,0,0,0
2020-06-12 17:45,200,91,109,0,0,0
2020-06-12 18:00,183,103,80,0,0,0
2020-06-12 18:15,211,80,131,0,0,0
2020-06-12 18:30,191,92,99,0,0,0
2020-06-12 18:45,197,104,93,0,0,0
2020-06-12 19:00,180,76,104,0,0,0
2020-06-12 19:15,199,91,108,0,0,0
2020-06-12 19:30,172,66,106,0,0,0
2020-06-12 19:45,181,98,83,0,0,0
2020-06-12 20:00,164,68,96,0,0,0
2020-06-12 20:15,179,82,97,0,0,0
2020-06-12 20:30,140,61,79,0,0,0
2020-06-12 20:45,115,59,56,0,0,0
2020-06-12 21:00,157,66,91,0,0,0
2020-06-12 21:15,114,45,69,0,0,0
2020-06-12 21:30,84,36,48,0,0,0
2020-06-12 21:45,79,40,39,0,0,0
2020-06-12 22:00,84,37,47,0,0,0
2020-06-12 22:15,88,22,66,0,0,0
2020-06-12 22:30,84,34,50,0,0,0
2020-06-12 22:45,77,24,53,0,0,0
2020-06-12 23:00,92,35,57,0,0,0
2020-06-12 23:15,77,29,48,0,0,0
2020-06-12 23:30,92,19,73,0,0,0
2020-06-12 23:45,72,18,54,0,0,0
2020-06-13 00:00,80,37,43,0,0,0
2020-06-13 00:15,62,19,43,0,0,0
2020-06-13 00:30,77,23,54,0,0,0
2020-06-13 00:45,66,23,43,0,0,0
2020-06-13 01:00,40,10,30,0,0,0
2020-06-13 01:15,56,19,37,0,0,0
2020-06-13 01:30,55,20,35,0,0,0
2020-06-13 01:45,53,12,41,0,0,0
2020-06-13 02:00,67,17,50,0,0,0
2020-06-13 02:15,41,10,31,0,0,0
2020-06-13 02:30,47,14,33,0,0,0
2020-06-13 02:45,26,6,20,0,0,0
2020-06-13 03:00,31,6,25,0,0,0
2020-06-13 03:15,21,1,20,0,0,0
2020-06-13 03:30,24,6,18,0,0,0
2020-06-13 03:45,33,7,26,0,0,0
2020-06-13 04:00,12,7,5,0,0,0
2020-06-13 04:15,14,7,7,0,0,0
2020-06-13 04:30,12,1,11,0,0,0
2020-06-13 04:45,17,6,11,0,0,0
2020-06-13 05:00,13,7,6,0,0,0
2020-06-13 05:15,16,3,13,0,0,0
2020-06-13 05:30,18,8,10,0,0,0
2020-06-13 05:45,17,10,7,0,0,0
2020-06-13 06:00,8,4,4,0,0,0
2020-06-13 06:15,12,6,6,0,0,0
2020-06-13 06:30,12,9,3,0,0,0
2020-06-13 06:45,23,15,8,0,0,0
2020-06-13 07:00,17,11,6,0,0,0
2020-06-13 07:15,24,15,9,0,0,0
2020-06-13 07:30,25,12,13,0,0,0
2020-06-13 07:45,38,22,16,0,0,0
2020-06-13 08:00,23,13,10,0,0,0
2020-06-13 08:15,37,20,17,0,0,0
2020-06-13 08:30,53,32,21,0,0,0
2020-06-13 08:45,72,48,24,0,0,0
2020-06-13 09:00,68,46,22,0,0,0
2020-06-13 09:15,91,57,34,0,0,0
2020-06-13 09:30,89,68,21,0,0,0
2020-06-13 09:45,132,89,43,0,0,0
2020-06-13 10:00,103,69,34,0,0,0
2020-06-13 10:15,96,56,40,0,0,0
2020-06-13 10:30,124,80,44,0,0,0
2020-06-13 10:45,145,92,53,0,0,0
2020-06-13 11:00,151,103,48,0,0,0
2020-06-13 11:15,155,94,61,0,0,0
2020-06-13 11:30,179,102,77,0,0,0
2020-06-13 11:45,172,103,69,0,0,0
2020-06-13 12:00,196,132,64,0,0,0
2020-06-13 12:15,152,82,70,0,0,0
2020-06-13 12:30,166,94,72,0,0,0
2020-06-13 12:45,177,108,69,0,0,0
2020-06-13 13:00,144,77,67,0,0,0
2020-06-13 13:15,175,104,71,0,0,0
2020-06-13 13:30,149,85,64,0,0,0
2020-06-13 13:45,173,103,70,0,0,0
2020-06-13 14:00,176,88,88,0,0,0
2020-06-13 14:15,161,85,76,0,0,0
2020-06-13 14:30,131,57,74,0,0,0
2020-06-13 14:45,174,76,98,0,0,0
2020-06-13 15:00,150,66,84,0,0,0
2020-06-13 15:15,161,80,81,0,0,0
2020-06-13 15:30,136,66,70,0,0,0
2020-06-13 15:45,113,61,52,0,0,0
2020-06-13 16:00,134,56,78,0,0,0
2020-06-13 16:15,123,62,61,0,0,0
2020-06-13 16:30,129,61,68,0,0,0
2020-06-13 16:45,101,48,53,0,0,0
2020-06-13 17:00,138,64,74,0,0,0
2020-06-13 17:15,142,64,78,0,0,0
2020-06-13 17:30,149,73,76,0,0,0
2020-06-13 17:45,145,75,70,0,0,0
2020-06-13 18:00,129,58,71,0,0,0
2020-06-13 18:15,149,68,81,0,0,0
2020-06-13 18:30,132,71,61,0,0,0
2020-06-13 18:45,158,72,86,0,0,0
2020-06-13 19:00,130,49,81,0,0,0
2020-06-13 19:15,145,53,92,0,0,0
2020-06-13 19:30,122,51,71,0,0,0
2020-06-13 19:45,149,85,64,0,0,0
2020-06-13 20:00,119,59,60,0,0,0
2020-06-13 20:15,104,53,51,0,0,0
2020-06-13 20:30,93,49,44,0,0,0
2020-06-13 20:45,88,36,52,0,0,0
2020-06-13 21:00,98,34,64,0,0,0
2020-06-13 21:15,97,39,58,0,0,0
2020-06-13 21:30,63,27,36,0,0,0
2020-06-13 21:45,73,22,51,0,0,0
2020-06-13 22:00,63,25,38,0,0,0
2020-06-13 22:15,74,29,45,0,0,0
2020-06-13 22:30,68,24,44,0,0,0
2020-06-13 22:45,64,24,40,0,0,0
2020-06-13 23:00,72,21,51,0,0,0
2020-06-13 23:15,65,23,42,0,0,0
2020-06-13 23:30,70,19,51,0,0,0
2020-06-13 23:45,53,16,37,0,0,0
2020-06-14 00:00,66,21,45,0,0,0
2020-06-14 00:15,84,32,52,0,0,0
2020-06-14 00:30,44,21,23,0,0,0
2020-06-14 00:45,39,12,27,0,0,0
2020-06-14 01:00,53,17,36,0,0,0
2020-06-14 01:15,52,20,32,0,0,0
2020-06-14 01:30,49,12,37,0,0,0
2020-06-14 01:45,31,11,20,0,0,0
2020-06-14 02:00,41,12,29,0,0,0
2020-06-14 02:15,27,11,16,0,0,0
2020-06-14 02:30,40,9,31,0,0,0
2020-06-14 02:45,22,3,19,0,0,0
2020-06-14 03:00,24,6,18,0,0,0
2020-06-14 03:15,30,4,26,0,0,0
2020-06-14 03:30,17,6,11,0,0,0
2020-06-14 03:45,24,5,19,0,0,0
2020-06-14 04:00,16,4,12,0,0,0
2020-06-14 04:15,16,5,11,0,0,0
2020-06-14 04:30,13,8,5,0,0,0
2020-06-14 04:45,11,3,8,0,0,0
2020-06-14 05:00,10,4,6,0,0,0
2020-06-14 05:15,8,4,4,0,0,0
2020-06-14 05:30,6,2,4,0,0,0
2020-06-14 05:45,5,4,1,0,0,0
2020-06-14 06:00,8,6,2,0,0,0
2020-06-14 06:15,7,4,3,0,0,0
2020-06-14 06:30,9,5,4,0,0,0
2020-06-14 06:45,5,2,3,0,0,0
2020-06-14 07:00,9,2,7,0,0,0
2020-06-14 07:15,17,9,8,0,0,0
2020-06-14 07:30,6,5,1,0,0,0
2020-06-14 07:45,9,4,5,0,0,0
2020-06-14 08:00,8,4,4,0,0,0
2020-06-14 08:15,20,15,5,0,0,0
2020-06-14 08:30,17,6,11,0,0,0
2020-06-14 08:45,26,14,12,0,0,0
2020-06-14 09:00,29,13,16,0,0,0
2020-06-14 09:15,36,23,13,0,0,0
2020-06-14 09:30,49,29,20,0,0,0
2020-06-14 09:45,50,29,21,0,0,0
2020-06-14 10:00,45,22,23,0,0,0
2020-06-14 10:15,59,31,28,0,0,0
2020-06-14 10:30,61,38,23,0,0,0
2020-06-14 10:45,78,50,28,0,0,0
2020-06-14 11:00,55,37,18,0,0,0
2020-06-14 11:15,76,34,42,0,0,0
2020-06-14 11:30,55,32,23,0,0,0
2020-06-14 11:45,83,50,33,0,0,0
2020-06-14 12:00,65,38,27,0,0,0
2020-06-14 12:15,83,54,29,0,0,0
2020-06-14 12:30,62,37,25,0,0,0
2020-06-14 12:45,83,39,44,0,0,0
2020-06-14 13:00,92,42,50,0,0,0
2020-06-14 13:15,67,29,38,0,0,0
2020-06-14 13:30,85,50,35,0,0,0
2020-06-14 13:45,87,48,39,0,0,0
2020-06-14 14:00,105,65,40,0,0,0
2020-06-14 14:15,92,45,47,0,0,0
2020-06-14 14:30,77,38,39,0,0,0
2020-06-14 14:45,93,63,30,0,0,0
2020-06-14 15:00,98,54,44,0,0,0
2020-06-14 15:15,83,56,27,0,0,0
2020-06-14 15:30,89,46,43,0,0,0
2020-06-14 15:45,109,60,49,0,0,0
2020-06-14 16:00,102,45,57,0,0,0
2020-06-14 16:15,106,48,58,0,0,0
2020-06-14 16:30,144,81,63,0,0,0
2020-06-14 16:45,100,56,44,0,0,0
2020-06-14 17:00,77,24,53,0,0,0
2020-06-14 17:15,82,22,60,0,0,0
2020-06-14 17:30,96,48,48,0,0,0
2020-06-14 17:45,73,28,45,0,0,0
2020-06-14 18:00,63,27,36,0,0,0
2020-06-14 18:15,56,28,28,0,0,0
2020-06-14 18:30,41,19,22,0,0,0
2020-06-14 18:45,47,21,26,0,0,0
2020-06-14 19:00,41,15,26,0,0,0
2020-06-14 19:15,41,17,24,0,0,0
2020-06-14 19:30,46,15,31,0,0,0
2020-06-14 19:45,33,17,16,0,0,0
2020-06-14 20:00,29,15,14,0,0,0
2020-06-14 20:15,33,12,21,0,0,0
2020-06-14 20:30,32,15,17,0,0,0
2020-06-14 20:45,25,10,15,0,0,0
2020-06-14 21:00,37,15,22,0,0,0
2020-06-14 21:15,28,7,21,0,0,0
2020-06-14 21:30,39,15,24,0,0,0
2020-06-14 21:45,19,8,11,0,0,0
2020-06-14 22:00,19,9,10,0,0,0
2020-06-14 22:15,20,6,14,0,0,0
2020-06-14 22:30,14,5,9,0,0,0
2020-06-14 22:45,30,10,20,0,0,0
2020-06-14 23:00,17,3,14,0,0,0
2020-06-14 23:15,15,8,7,0,0,0
2020-06-14 23:30,15,10,5,0,0,0
2020-06-14 23:45,12,4,8,0,0,0
2020-06-15 00:00,18,9,9,0,0,0
2020-06-15 00:15,13,8,5,0,0,0
2020-06-15 00:30,8,1,7,0,0,0
2020-06-15 00:45,10,5,5,0,0,0
2020-06-15 01:00,6,2,4,0,0,0
2020-06-15 01:15,6,1,5,0,0,0
2020-06-15 01:30,8,3,5,0,0,0
2020-06-15 01:45,3,0,3,0,0,0
2020-06-15 02:00,4,3,1,0,0,0
2020-06-15 02:15,1,0,1,0,0,0
2020-06-15 02:30,1,1,0,0,0,0
2020-06-15 02:45,1,0,1,0,0,0
2020-06-15 03:00,2,1,1,0,0,0
2020-06-15 03:15,2,0,2,0,0,0
2020-06-15 03:30,0,0,0,0,0,0
2020-06-15 03:45,1,0,1,0,0,0
2020-06-15 04:00,0,0,0,0,0,0
2020-06-15 04:15,3,0,3,0,0,0
2020-06-15 04:30,5,3,2,0,0,0
2020-06-15 04:45,5,3,2,0,0,0
2020-06-15 05:00,5,3,2,0,0,0
2020-06-15 05:15,8,5,3,0,0,0
2020-06-15 05:30,19,12,7,0,0,0
2020-06-15 05:45,24,21,3,0,0,0
2020-06-15 06:00,40,28,12,0,0,0
2020-06-15 06:15,21,17,4,0,0,0
2020-06-15 06:30,52,31,21,0,0,0
2020-06-15 06:45,65,33,32,0,0,0
2020-06-15 07:00,52,32,20,0,0,0
2020-06-15 07:15,127,85,42,0,0,0
2020-06-15 07:30,178,119,59,0,0,0
2020-06-15 07:45,173,101,72,0,0,0
2020-06-15 08:00,126,52,74,0,0,0
2020-06-15 08:15,138,67,71,0,0,0
2020-06-15 08:30,171,112,59,0,0,0
2020-06-15 08:45,130,87,43,0,0,0
2020-06-15 09:00,105,50,55,0,0,0
2020-06-15 09:15,117,72,45,0,0,0
2020-06-15 09:30,128,87,41,0,0,0
2020-06-15 09:45,128,82,46,0,0,0
2020-06-15 10:00,112,58,54,0,0,0
2020-06-15 10:15,103,59,44,0,0,0
2020-06-15 10:30,89,53,36,0,0,0
2020-06-15 10:45,104,62,42,0,0,0
2020-06-15 11:00,106,63,43,0,0,0
2020-06-15 11:15,104,48,56,0,0,0
2020-06-15 11:30,135,86,49,0,0,0
2020-06-15 11:45,129,77,52,0,0,0
2020-06-15 12:00,142,80,62,0,0,0
2020-06-15 12:15,119,68,51,0,0,0
2020-06-15 12:30,135,69,66,0,0,0
2020-06-15 12:45,142,86,56,0,0,0
2020-06-15 13:00,149,66,83,0,0,0
2020-06-15 13:15,174,76,98,0,0,0
2020-06-15 13:30,164,72,92,0,0,0
2020-06-15 13:45,171,92,79,0,0,0
2020-06-15 14:00,166,82,84,0,0,0
2020-06-15 14:15,158,76,82,0,0,0
2020-06-15 14:30,147,80,67,0,0,0
2020-06-15 14:45,181,98,83,0,0,0
2020-06-15 15:00,170,57,113,0,0,0
2020-06-15 15:15,149,81,68,0,0,0
2020-06-15 15:30,151,78,73,0,0,0
2020-06-15 15:45,176,85,91,0,0,0
2020-06-15 16:00,179,87,92,0,0,0
2020-06-15 16:15,166,78,88,0,0,0
2020-06-15 16:30,196,81,115,0,0,0
2020-06-15 16:45,205,96,109,0,0,0
2020-06-15 17:00,192,86,106,0,0,0
2020-06-15 17:15,209,92,117,0,0,0
2020-06-15 17:30,209,83,126,0,0,0
2020-06-15 17:45,202,95,107,0,0,0
2020-06-15 18:00,182,91,91,0,0,0
2020-06-15 18:15,168,81,87,0,0,0
2020-06-15 18:30,170,74,96,0,0,0
2020-06-15 18:45,141,59,82,0,0,0
2020-06-15 19:00,129,73,56,0,0,0
2020-06-15 19:15,123,55,68,0,0,0
2020-06-15 19:30,129,61,68,0,0,0
2020-06-15 19:45,110,41,69,0,0,0
2020-06-15 20:00,140,50,90,0,0,0
2020-06-15 20:15,110,50,60,0,0,0
2020-06-15 20:30,76,45,31,0,0,0
2020-06-15 20:45,78,35,43,0,0,0
2020-06-15 21:00,56,28,28,0,0,0
2020-06-15 21:15,76,38,38,0,0,0
2020-06-15 21:30,65,27,38,0,0,0
2020-06-15 21:45,58,21,37,0,0,0
2020-06-15 22:00,60,30,30,0,0,0
2020-06-15 22:15,38,14,24,0,0,0
2020-06-15 22:30,47,21,26,0,0,0
2020-06-15 22:45,42,10,32,0,0,0
2020-06-15 23:00,42,14,28,0,0,0
2020-06-15 23:15,37,10,27,0,0,0
2020-06-15 23:30,40,13,27,0,0,0
2020-06-15 23:45,29,5,24,0,0,0
2020-06-16 00:00,45,14,31,0,0,0
2020-06-16 00:15,26,11,15,0,0,0
2020-06-16 00:30,25,4,21,0,0,0
2020-06-16 00:45,17,4,13,0,0,0
2020-06-16 01:00,22,8,14,0,0,0
2020-06-16 01:15,15,3,12,0,0,0
2020-06-16 01:30,8,3,5,0,0,0
2020-06-16 01:45,16,3,13,0,0,0
2020-06-16 02:00,7,2,5,0,0,0
2020-06-16 02:15,9,1,8,0,0,0
2020-06-16 02:30,4,2,2,0,0,0
2020-06-16 02:45,8,2,6,0,0,0
2020-06-16 03:00,5,0,5,0,0,0
2020-06-16 03:15,4,3,1,0,0,0
2020-06-16 03:30,1,1,0,0,0,0
2020-06-16 03:45,3,0,3,0,0,0
2020-06-16 04:00,3,2,1,0,0,0
2020-06-16 04:15,2,2,0,0,0,0
2020-06-16 04:30,7,4,3,0,0,0
2020-06-16 04:45,15,10,5,0,0,0
2020-06-16 05:00,8,5,3,0,0,0
2020-06-16 05:15,11,7,4,0,0,0
2020-06-16 05:30,22,15,7,0,0,0
2020-06-16 05:45,26,21,5,0,0,0
2020-06-16 06:00,33,25,8,0,0,0
2020-06-16 06:15,42,32,10,0,0,0
2020-06-16 06:30,51,38,13,0,0,0
2020-06-16 06:45,77,42,35,0,0,0
2020-06-16 07:00,92,61,31,0,0,0
2020-06-16 07:15,102,73,29,0,0,0
2020-06-16 07:30,222,161,61,0,0,0
2020-06-16 07:45,204,124,80,0,0,0
2020-06-16 08:00,179,95,84,0,0,0
2020-06-16 08:15,191,106,85,0,0,0
2020-06-16 08:30,181,110,71,0,0,0
2020-06-16 08:45,177,114,63,0,0,0
2020-06-16 09:00,124,63,61,0,0,0
2020-06-16 09:15,132,80,52,0,0,0
2020-06-16 09:30,144,96,48,0,0,0
2020-06-16 09:45,151,102,49,0,0,0
2020-06-16 10:00,147,78,69,0,0,0
2020-06-16 10:15,138,89,49,0,0,0
2020-06-16 10:30,127,73,54,0,0,0
2020-06-16 10:45,125,64,61,0,0,0
2020-06-16 11:00,122,56,66,0,0,0
2020-06-16 11:15,128,75,53,0,0,0
2020-06-16 11:30,156,78,78,0,0,0
2020-06-16 11:45,151,83,68,0,0,0
2020-06-16 12:00,163,89,74,0,0,0
2020-06-16 12:15,156,90,66,0,0,0
2020-06-16 12:30,162,73,89,0,0,0
2020-06-16 12:45,165,71,94,0,0,0
2020-06-16 13:00,150,68,82,0,0,0
2020-06-16 13:15,185,67,118,0,0,0
2020-06-16 13:30,166,77,89,0,0,0
2020-06-16 13:45,183,98,85,0,0,0
2020-06-16 14:00,167,67,100,0,0,0
2020-06-16 14:15,189,90,99,0,0,0
2020-06-16 14:30,143,83,60,0,0,0
2020-06-16 14:45,191,95,96,0,0,0
2020-06-16 15:00,171,79,92,0,0,0
2020-06-16 15:15,131,64,67,0,0,0
2020-06-16 15:30,176,85,91,0,0,0
2020-06-16 15:45,204,112,92,0,0,0
2020-06-16 16:00,204,106,98,0,0,0
2020-06-16 16:15,225,116,109,0,0,0
2020-06-16 16:30,208,107,101,0,0,0
2020-06-16 16:45,239,113,126,0,0,0
2020-06-16 17:00,211,103,108,0,0,0
2020-06-16 17:15,264,119,145,0,0,0
2020-06-16 17:30,186,82,104,0,0,0
2020-06-16 17:45,262,124,138,0,0,0
2020-06-16 18:00,222,90,132,0,0,0
2020-06-16 18:15,213,106,107,0,0,0
2020-06-16 18:30,207,95,112,0,0,0
2020-06-16 18:45,217,105,112,0,0,0
2020-06-16 19:00,189,104,85,0,0,0
2020-06-16 19:15,194,99,95,0,0,0
2020-06-16 19:30,140,66,74,0,0,0
2020-06-16 19:45,145,60,85,0,0,0
2020-06-16 20:00,159,66,93,0,0,0
2020-06-16 20:15,115,58,57,0,0,0
2020-06-16 20:30,102,36,66,0,0,0
2020-06-16 20:45,92,40,52,0,0,0
2020-06-16 21:00,81,31,50,0,0,0
2020-06-16 21:15,61,24,37,0,0,0
2020-06-16 21:30,82,29,53,0,0,0
2020-06-16 21:45,53,19,34,0,0,0
2020-06-16 22:00,60,19,41,0,0,0
2020-06-16 22:15,83,24,59,0,0,0
2020-06-16 22:30,92,34,58,0,0,0
2020-06-16 22:45,93,37,56,0,0,0
2020-06-16 23:00,71,23,48,0,0,0
2020-06-16 23:15,79,25,54,0,0,0
2020-06-16 23:30,61,19,42,0,0,0
2020-06-16 23:45,39,4,35,0,0,0
2020-06-17 00:00,30,11,19,0,0,0
2020-06-17 00:15,30,10,20,0,0,0
2020-06-17 00:30,33,10,23,0,0,0
2020-06-17 00:45,16,6,10,0,0,0
2020-06-17 01:00,10,5,5,0,0,0
2020-06-17 01:15,13,6,7,0,0,0
2020-06-17 01:30,22,7,15,0,0,0
2020-06-17 01:45,2,0,2,0,0,0
2020-06-17 02:00,15,8,7,0,0,0
2020-06-17 02:15,4,1,3,0,0,0
2020-06-17 02:30,9,3,6,0,0,0
2020-06-17 02:45,8,4,4,0,0,0
2020-06-17 03:00,7,3,4,0,0,0
2020-06-17 03:15,6,3,3,0,0,0
2020-06-17 03:30,5,3,2,0,0,0
2020-06-17 03:45,4,2,2,0,0,0
2020-06-17 04:00,7,5,2,0,0,0
2020-06-17 04:15,1,1,0,0,0,0
2020-06-17 04:30,2,1,1,0,0,0
2020-06-17 04:45,5,3,2,0,0,0
2020-06-17 05:00,9,4,5,0,0,0
2020-06-17 05:15,14,11,3,0,0,0
2020-06-17 05:30,19,16,3,0,0,0
2020-06-17 05:45,27,19,8,0,0,0
2020-06-17 06:00,34,23,11,0,0,0
2020-06-17 06:15,42,27,15,0,0,0
2020-06-17 06:30,70,47,23,0,0,0
2020-06-17 06:45,81,51,30,0,0,0
2020-06-17 07:00,97,57,40,0,0,0
2020-06-17 07:15,139,88,51,0,0,0
2020-06-17 07:30,238,136,102,0,0,0
2020-06-17 07:45,202,121,81,0,0,0
2020-06-17 08:00,207,111,96,0,0,0
2020-06-17 08:15,205,118,87,0,0,0
2020-06-17 08:30,204,120,84,0,0,0
2020-06-17 08:45,209,127,82,0,0,0
2020-06-17 09:00,157,89,68,0,0,0
2020-06-17 09:15,127,85,42,0,0,0
2020-06-17 09:30,151,94,57,0,0,0
2020-06-17 09:45,168,114,54,0,0,0
2020-06-17 10:00,148,97,51,0,0,0
2020-06-17 10:15,138,84,54,0,0,0
2020-06-17 10:30,153,76,77,0,0,0
2020-06-17 10:45,126,69,57,0,0,0
2020-06-17 11:00,154,84,70,0,0,0
2020-06-17 11:15,160,96,64,0,0,0
2020-06-17 11:30,141,79,62,0,0,0
2020-06-17 11:45,167,86,81,0,0,0
2020-06-17 12:00,161,93,68,0,0,0
2020-06-17 12:15,185,91,94,0,0,0
2020-06-17 12:30,162,83,79,0,0,0
2020-06-17 12:45,190,79,111,0,0,0
2020-06-17 13:00,178,96,82,0,0,0
2020-06-17 13:15,180,95,85,0,0,0
2020-06-17 13:30,192,91,101,0,0,0
2020-06-17 13:45,229,99,130,0,0,0
2020-06-17 14:00,174,78,96,0,0,0
2020-06-17 14:15,159,70,89,0,0,0
2020-06-17 14:30,170,77,93,0,0,0
2020-06-17 14:45,187,94,93,0,0,0
2020-06-17 15:00,182,84,98,0,0,0
2020-06-17 15:15,182,87,95,0,0,0
2020-06-17 15:30,186,102,84,0,0,0
2020-06-17 15:45,208,108,100,0,0,0
2020-06-17 16:00,221,95,126,0,0,0
2020-06-17 16:15,210,119,91,0,0,0
2020-06-17 16:30,194,98,96,0,0,0
2020-06-17 16:45,223,97,126,0,0,0
2020-06-17 17:00,309,145,164,0,0,0
2020-06-17 17:15,218,91,127,0,0,0
2020-06-17 17:30,162,83,79,0,0,0
2020-06-17 17:45,114,53,61,0,0,0
2020-06-17 18:00,106,45,61,0,0,0
2020-06-17 18:15,126,50,76,0,0,0
2020-06-17 18:30,135,60,75,0,0,0
2020-06-17 18:45,148,69,79,0,0,0
2020-06-17 19:00,141,67,74,0,0,0
2020-06-17 19:15,155,73,82,0,0,0
2020-06-17 19:30,112,54,58,0,0,0
2020-06-17 19:45,147,83,64,0,0,0
2020-06-17 20:00,118,67,51,0,0,0
2020-06-17 20:15,108,51,57,0,0,0
2020-06-17 20:30,93,49,44,0,0,0
2020-06-17 20:45,85,41,44,0,0,0
2020-06-17 21:00,76,35,41,0,0,0
2020-06-17 21:15,65,29,36,0,0,0
2020-06-17 21:30,66,29,37,0,0,0
2020-06-17 21:45,69,27,42,0,0,0
2020-06-17 22:00,88,34,54,0,0,0
2020-06-17 22:15,68,22,46,0,0,0
2020-06-17 22:30,55,21,34,0,0,0
2020-06-17 22:45,50,14,36,0,0,0
2020-06-17 23:00,61,29,32,0,0,0
2020-06-17 23:15,63,30,33,0,0,0
2020-06-17 23:30,49,18,31,0,0,0
2020-06-17 23:45,51,19,32,0,0,0
2020-06-18 00:00,36,14,22,0,0,0
2020-06-18 00:15,24,4,20,0,0,0
2020-06-18 00:30,21,5,16,0,0,0
2020-06-18 00:45,25,6,19,0,0,0
2020-06-18 01:00,16,7,9,0,0,0
2020-06-18 01:15,27,6,21,0,0,0
2020-06-18 01:30,17,4,13,0,0,0
2020-06-18 01:45,19,10,9,0,0,0
2020-06-18 02:00,12,2,10,0,0,0
2020-06-18 02:15,11,1,10,0,0,0
2020-06-18 02:30,5,2,3,0,0,0
2020-06-18 02:45,12,1,11,0,0,0
2020-06-18 03:00,21,5,16,0,0,0
2020-06-18 03:15,15,5,10,0,0,0
2020-06-18 03:30,2,2,0,0,0,0
2020-06-18 03:45,1,1,0,0,0,0
2020-06-18 04:00,1,0,1,0,0,0
2020-06-18 04:15,2,2,0,0,0,0
2020-06-18 04:30,2,2,0,0,0,0
2020-06-18 04:45,5,2,3,0,0,0
2020-06-18 05:00,8,6,2,0,0,0
2020-06-18 05:15,11,5,6,0,0,0
2020-06-18 05:30,18,14,4,0,0,0
2020-06-18 05:45,18,17,1,0,0,0
2020-06-18 06:00,26,17,9,0,0,0
2020-06-18 06:15,34,28,6,0,0,0
2020-06-18 06:30,51,33,18,0,0,0
2020-06-18 06:45,61,46,15,0,0,0
2020-06-18 07:00,63,41,22,0,0,0
2020-06-18 07:15,111,69,42,0,0,0
2020-06-18 07:30,195,150,45,0,0,0
2020-06-18 07:45,167,93,74,0,0,0
2020-06-18 08:00,161,94,67,0,0,0
2020-06-18 08:15,162,101,61,0,0,0
2020-06-18 08:30,167,101,66,0,0,0
2020-06-18 08:45,174,118,56,0,0,0
2020-06-18 09:00,124,68,56,0,0,0
2020-06-18 09:15,112,65,47,0,0,0
2020-06-18 09:30,140,81,59,0,0,0
2020-06-18 09:45,141,70,71,0,0,0
2020-06-18 10:00,126,79,47,0,0,0
2020-06-18 10:15,81,43,38,0,0,0
2020-06-18 10:30,89,53,36,0,0,0
2020-06-18 10:45,106,65,41,0,0,0
2020-06-18 11:00,111,57,54,0,0,0
2020-06-18 11:15,94,57,37,0,0,0
2020-06-18 11:30,89,50,39,0,0,0
2020-06-18 11:45,157,96,61,0,0,0
2020-06-18 12:00,156,83,73,0,0,0
2020-06-18 12:15,143,79,64,0,0,0
2020-06-18 12:30,151,67,84,0,0,0
2020-06-18 12:45,142,65,77,0,0,0
2020-06-18 13:00,153,85,68,0,0,0
2020-06-18 13:15,140,66,74,0,0,0
2020-06-18 13:30,158,74,84,0,0,0
2020-06-18 13:45,186,93,93,0,0,0
2020-06-18 14:00,145,76,69,0,0,0
2020-06-18 14:15,174,85,89,0,0,0
2020-06-18 14:30,135,68,67,0,0,0
2020-06-18 14:45,130,66,64,0,0,0
2020-06-18 15:00,158,71,87,0,0,0
2020-06-18 15:15,140,72,68,0,0,0
2020-06-18 15:30,134,69,65,0,0,0
2020-06-18 15:45,206,100,106,0,0,0
2020-06-18 16:00,180,83,97,0,0,0
2020-06-18 16:15,205,114,91,0,0,0
2020-06-18 16:30,168,78,90,0,0,0
2020-06-18 16:45,189,101,88,0,0,0
2020-06-18 17:00,206,108,98,0,0,0
2020-06-18 17:15,234,124,110,0,0,0
2020-06-18 17:30,217,114,103,0,0,0
2020-06-18 17:45,201,97,104,0,0,0
2020-06-18 18:00,214,96,118,0,0,0
2020-06-18 18:15,221,102,119,0,0,0
2020-06-18 18:30,198,95,103,0,0,0
2020-06-18 18:45,231,135,96,0,0,0
2020-06-18 19:00,191,92,99,0,0,0
2020-06-18 19:15,178,85,93,0,0,0
2020-06-18 19:30,150,52,98,0,0,0
2020-06-18 19:45,161,93,68,0,0,0
2020-06-18 20:00,159,76,83,0,0,0
2020-06-18 20:15,131,55,76,0,0,0
2020-06-18 20:30,107,43,64,0,0,0
2020-06-18 20:45,91,28,63,0,0,0
2020-06-18 21:00,73,30,43,0,0,0
2020-06-18 21:15,83,33,50,0,0,0
2020-06-18 21:30,85,42,43,0,0,0
2020-06-18 21:45,96,39,57,0,0,0
2020-06-18 22:00,55,15,40,0,0,0
2020-06-18 22:15,77,18,59,0,0,0
2020-06-18 22:30,68,23,45,0,0,0
2020-06-18 22:45,89,34,55,0,0,0
2020-06-18 23:00,70,21,49,0,0,0
2020-06-18 23:15,76,24,52,0,0,0
2020-06-18 23:30,51,15,36,0,0,0
2020-06-18 23:45,58,14,44,0,0,0
2020-06-19 00:00,37,13,24,0,0,0
2020-06-19 00:15,36,14,22,0,0,0
2020-06-19 00:30,30,12,18,0,0,0
2020-06-19 00:45,34,14,20,0,0,0
2020-06-19 01:00,35,7,28,0,0,0
2020-06-19 01:15,27,8,19,0,0,0
2020-06-19 01:30,14,9,5,0,0,0
2020-06-19 01:45,25,4,21,0,0,0
2020-06-19 02:00,4,1,3,0,0,0
2020-06-19 02:15,13,3,10,0,0,0
2020-06-19 02:30,8,3,5,0,0,0
2020-06-19 02:45,9,6,3,0,0,0
2020-06-19 03:00,9,2,7,0,0,0
2020-06-19 03:15,4,3,1,0,0,0
2020-06-19 03:30,5,1,4,0,0,0
2020-06-19 03:45,9,4,5,0,0,0
2020-06-19 04:00,3,2,1,0,0,0
2020-06-19 04:15,10,5,5,0,0,0
2020-06-19 04:30,6,2,4,0,0,0
2020-06-19 04:45,10,6,4,0,0,0
2020-06-19 05:00,6,3,3,0,0,0
2020-06-19 05:15,9,7,2,0,0,0
2020-06-19 05:30,19,17,2,0,0,0
2020-06-19 05:45,32,26,6,0,0,0
2020-06-19 06:00,23,19,4,0,0,0
2020-06-19 06:15,53,39,14,0,0,0
2020-06-19 06:30,45,30,15,0,0,0
2020-06-19 06:45,66,45,21,0,0,0
2020-06-19 07:00,71,44,27,0,0,0
2020-06-19 07:15,81,52,29,0,0,0
2020-06-19 07:30,168,116,52,0,0,0
2020-06-19 07:45,213,112,101,0,0,0
2020-06-19 08:00,161,89,72,0,0,0
2020-06-19 08:15,170,106,64,0,0,0
2020-06-19 08:30,188,119,69,0,0,0
2020-06-19 08:45,165,111,54,0,0,0
2020-06-19 09:00,130,68,62,0,0,0
2020-06-19 09:15,123,64,59,0,0,0
2020-06-19 09:30,141,101,40,0,0,0
2020-06-19 09:45,171,100,71,0,0,0
2020-06-19 10:00,140,78,62,0,0,0
2020-06-19 10:15,148,69,79,0,0,0
2020-06-19 10:30,139,80,59,0,0,0
2020-06-19 10:45,138,89,49,0,0,0
2020-06-19 11:00,136,77,59,0,0,0
2020-06-19 11:15,136,73,63,0,0,0
2020-06-19 11:30,157,85,72,0,0,0
2020-06-19 11:45,171,99,72,0,0,0
2020-06-19 12:00,167,73,94,0,0,0
2020-06-19 12:15,175,88,87,0,0,0
2020-06-19 12:30,184,85,99,0,0,0
2020-06-19 12:45,182,93,89,0,0,0
2020-06-19 13:00,198,90,108,0,0,0
2020-06-19 13:15,236,92,144,0,0,0
2020-06-19 13:30,202,110,92,0,0,0
2020-06-19 13:45,216,130,86,0,0,0
2020-06-19 14:00,177,84,93,0,0,0
2020-06-19 14:15,170,80,90,0,0,0
2020-06-19 14:30,170,90,80,0,0,0
2020-06-19 14:45,195,102,93,0,0,0
2020-06-19 15:00,225,114,111,0,0,0
2020-06-19 15:15,202,91,111,0,0,0
2020-06-19 15:30,201,98,103,0,0,0
2020-06-19 15:45,237,131,106,0,0,0
2020-06-19 16:00,210,119,91,0,0,0
2020-06-19 16:15,205,102,103,0,0,0
2020-06-19 16:30,191,90,101,0,0,0
2020-06-19 16:45,201,106,95,0,0,0
2020-06-19 17:00,246,120,126,0,0,0
2020-06-19 17:15,194,99,95,0,0,0
2020-06-19 17:30,215,98,117,0,0,0
2020-06-19 17:45,215,107,108,0,0,0
2020-06-19 18:00,186,88,98,0,0,0
2020-06-19 18:15,205,101,104,0,0,0
2020-06-19 18:30,189,98,91,0,0,0
2020-06-19 18:45,292,155,137,0,0,0
2020-06-19 19:00,221,117,104,0,0,0
2020-06-19 19:15,223,110,113,0,0,0
2020-06-19 19:30,162,82,80,0,0,0
2020-06-19 19:45,183,99,84,0,0,0
2020-06-19 20:00,176,99,77,0,0,0
2020-06-19 20:15,173,93,80,0,0,0
2020-06-19 20:30,121,59,62,0,0,0
2020-06-19 20:45,108,53,55,0,0,0
2020-06-19 21:00,121,68,53,0,0,0
2020-06-19 21:15,110,43,67,0,0,0
2020-06-19 21:30,111,45,66,0,0,0
2020-06-19 21:45,88,36,52,0,0,0
2020-06-19 22:00,84,31,53,0,0,0
2020-06-19 22:15,79,20,59,0,0,0
2020-06-19 22:30,95,26,69,0,0,0
2020-06-19 22:45,108,45,63,0,0,0
2020-06-19 23:00,81,18,63,0,0,0
2020-06-19 23:15,115,52,63,0,0,0
2020-06-19 23:30,63,25,38,0,0,0
2020-06-19 23:45,83,27,56,0,0,0
2020-06-20 00:00,73,27,46,0,0,0
2020-06-20 00:15,98,32,66,0,0,0
2020-06-20 00:30,76,25,51,0,0,0
2020-06-20 00:45,57,24,33,0,0,0
2020-06-20 01:00,65,24,41,0,0,0
2020-06-20 01:15,48,9,39,0,0,0
2020-06-20 01:30,66,13,53,0,0,0
2020-06-20 01:45,59,20,39,0,0,0
2020-06-20 02:00,38,12,26,0,0,0
2020-06-20 02:15,52,13,39,0,0,0
2020-06-20 02:30,46,6,40,0,0,0
2020-06-20 02:45,36,5,31,0,0,0
2020-06-20 03:00,38,13,25,0,0,0
2020-06-20 03:15,23,5,18,0,0,0
2020-06-20 03:30,15,2,13,0,0,0
2020-06-20 03:45,18,2,16,0,0,0
2020-06-20 04:00,20,1,19,0,0,0
2020-06-20 04:15,13,4,9,0,0,0
2020-06-20 04:30,17,1,16,0,0,0
2020-06-20 04:45,18,5,13,0,0,0
2020-06-20 05:00,11,6,5,0,0,0
2020-06-20 05:15,8,3,5,0,0,0
2020-06-20 05:30,13,11,2,0,0,0
2020-06-20 05:45,13,9,4,0,0,0
2020-06-20 06:00,9,5,4,0,0,0
2020-06-20 06:15,14,9,5,0,0,0
2020-06-20 06:30,9,3,6,0,0,0
2020-06-20 06:45,27,20,7,0,0,0
2020-06-20 07:00,11,4,7,0,0,0
2020-06-20 07:15,26,17,9,0,0,0
2020-06-20 07:30,35,26,9,0,0,0
2020-06-20 07:45,49,29,20,0,0,0
2020-06-20 08:00,39,27,12,0,0,0
2020-06-20 08:15,52,37,15,0,0,0
2020-06-20 08:30,77,47,30,0,0,0
2020-06-20 08:45,63,43,20,0,0,0
2020-06-20 09:00,75,44,31,0,0,0
2020-06-20 09:15,72,53,19,0,0,0
2020-06-20 09:30,103,65,38,0,0,0
2020-06-20 09:45,130,85,45,0,0,0
2020-06-20 10:00,119,76,43,0,0,0
2020-06-20 10:15,140,89,51,0,0,0
2020-06-20 10:30,134,86,48,0,0,0
2020-06-20 10:45,179,112,67,0,0,0
2020-06-20 11:00,157,101,56,0,0,0
2020-06-20 11:15,181,99,82,0,0,0
2020-06-20 11:30,130,73,57,0,0,0
2020-06-20 11:45,179,112,67,0,0,0
2020-06-20 12:00,174,102,72,0,0,0
2020-06-20 12:15,158,95,63,0,0,0
2020-06-20 12:30,191,88,103,0,0,0
2020-06-20 12:45,182,84,98,0,0,0
2020-06-20 13:00,189,101,88,0,0,0
2020-06-20 13:15,201,108,93,0,0,0
2020-06-20 13:30,208,94,114,0,0,0
2020-06-20 13:45,187,110,77,0,0,0
2020-06-20 14:00,166,82,84,0,0,0
2020-06-20 14:15,190,95,95,0,0,0
2020-06-20 14:30,197,116,81,0,0,0
2020-06-20 14:45,187,99,88,0,0,0
2020-06-20 15:00,164,88,76,0,0,0
2020-06-20 15:15,181,88,93,0,0,0
2020-06-20 15:30,154,73,81,0,0,0
2020-06-20 15:45,164,82,82,0,0,0
2020-06-20 16:00,150,78,72,0,0,0
2020-06-20 16:15,151,63,88,0,0,0
2020-06-20 16:30,184,70,114,0,0,0
2020-06-20 16:45,158,81,77,0,0,0
2020-06-20 17:00,163,76,87,0,0,0
2020-06-20 17:15,148,66,82,0,0,0
2020-06-20 17:30,192,92,100,0,0,0
2020-06-20 17:45,199,110,89,0,0,0
2020-06-20 18:00,166,70,96,0,0,0
2020-06-20 18:15,192,82,110,0,0,0
2020-06-20 18:30,170,78,92,0,0,0
2020-06-20 18:45,224,116,108,0,0,0
2020-06-20 19:00,177,77,100,0,0,0
2020-06-20 19:15,153,81,72,0,0,0
2020-06-20 19:30,179,87,92,0,0,0
2020-06-20 19:45,136,70,66,0,0,0
2020-06-20 20:00,142,76,66,0,0,0
2020-06-20 20:15,160,71,89,0,0,0
2020-06-20 20:30,139,68,71,0,0,0
2020-06-20 20:45,98,55,43,0,0,0
2020-06-20 21:00,119,55,64,0,0,0
2020-06-20 21:15,106,55,51,0,0,0
2020-06-20 21:30,105,44,61,0,0,0
2020-06-20 21:45,114,53,61,0,0,0
2020-06-20 22:00,88,45,43,0,0,0
2020-06-20 22:15,65,28,37,0,0,0
2020-06-20 22:30,66,24,42,0,0,0
2020-06-20 22:45,101,43,58,0,0,0
2020-06-20 23:00,91,24,67,0,0,0
2020-06-20 23:15,78,23,55,0,0,0
2020-06-20 23:30,87,33,54,0,0,0
2020-06-20 23:45,81,31,50,0,0,0
2020-06-21 00:00,67,19,48,0,0,0
2020-06-21 00:15,71,29,42,0,0,0
2020-06-21 00:30,82,24,58,0,0,0
2020-06-21 00:45,73,28,45,0,0,0
2020-06-21 01:00,73,30,43,0,0,0
2020-06-21 01:15,48,13,35,0,0,0
2020-06-21 01:30,91,45,46,0,0,0
2020-06-21 01:45,73,19,54,0,0,0
2020-06-21 02:00,55,14,41,0,0,0
2020-06-21 02:15,55,15,40,0,0,0
2020-06-21 02:30,40,9,31,0,0,0
2020-06-21 02:45,45,9,36,0,0,0
2020-06-21 03:00,43,5,38,0,0,0
2020-06-21 03:15,36,9,27,0,0,0
2020-06-21 03:30,40,8,32,0,0,0
2020-06-21 03:45,49,13,36,0,0,0
2020-06-21 04:00,19,1,18,0,0,0
2020-06-21 04:15,9,2,7,0,0,0
2020-06-21 04:30,19,8,11,0,0,0
2020-06-21 04:45,6,3,3,0,0,0
2020-06-21 05:00,10,2,8,0,0,0
2020-06-21 05:15,18,7,11,0,0,0
2020-06-21 05:30,15,7,8,0,0,0
2020-06-21 05:45,7,4,3,0,0,0
2020-06-21 06:00,10,5,5,0,0,0
2020-06-21 06:15,6,0,6,0,0,0
2020-06-21 06:30,12,7,5,0,0,0
2020-06-21 06:45,9,4,5,0,0,0
2020-06-21 07:00,13,2,11,0,0,0
2020-06-21 07:15,17,11,6,0,0,0
2020-06-21 07:30,7,3,4,0,0,0
2020-06-21 07:45,16,14,2,0,0,0
2020-06-21 08:00,17,11,6,0,0,0
2020-06-21 08:15,15,12,3,0,0,0
2020-06-21 08:30,24,14,10,0,0,0
2020-06-21 08:45,42,28,14,0,0,0
2020-06-21 09:00,53,20,33,0,0,0
2020-06-21 09:15,51,27,24,0,0,0
2020-06-21 09:30,53,33,20,0,0,0
2020-06-21 09:45,84,57,27,0,0,0
2020-06-21 10:00,62,40,22,0,0,0
2020-06-21 10:15,81,50,31,0,0,0
2020-06-21 10:30,84,35,49,0,0,0
2020-06-21 10:45,115,56,59,0,0,0
2020-06-21 11:00,74,39,35,0,0,0
2020-06-21 11:15,109,51,58,0,0,0
2020-06-21 11:30,87,50,37,0,0,0
2020-06-21 11:45,107,59,48,0,0,0
2020-06-21 12:00,102,45,57,0,0,0
2020-06-21 12:15,119,58,61,0,0,0
2020-06-21 12:30,105,51,54,0,0,0
2020-06-21 12:45,121,68,53,0,0,0
2020-06-21 13:00,114,70,44,0,0,0
2020-06-21 13:15,106,65,41,0,0,0
2020-06-21 13:30,100,50,50,0,0,0
2020-06-21 13:45,157,88,69,0,0,0
2020-06-21 14:00,93,57,36,0,0,0
2020-06-21 14:15,129,70,59,0,0,0
2020-06-21 14:30,149,85,64,0,0,0
2020-06-21 14:45,152,86,66,0,0,0
2020-06-21 15:00,142,76,66,0,0,0
2020-06-21 15:15,120,61,59,0,0,0
2020-06-21 15:30,132,71,61,0,0,0
2020-06-21 15:45,140,71,69,0,0,0
2020-06-21 16:00,137,75,62,0,0,0
2020-06-21 16:15,124,83,41,0,0,0
2020-06-21 16:30,166,102,64,0,0,0
2020-06-21 16:45,139,74,65,0,0,0
2020-06-21 17:00,167,96,71,0,0,0
2020-06-21 17:15,139,89,50,0,0,0
2020-06-21 17:30,175,100,75,0,0,0
2020-06-21 17:45,173,78,95,0,0,0
2020-06-21 18:00,142,65,77,0,0,0
2020-06-21 18:15,135,59,76,0,0,0
2020-06-21 18:30,134,55,79,0,0,0
2020-06-21 18:45,154,74,80,0,0,0
2020-06-21 19:00,104,52,52,0,0,0
2020-06-21 19:15,131,67,64,0,0,0
2020-06-21 19:30,122,55,67,0,0,0
2020-06-21 19:45,139,57,82,0,0,0
2020-06-21 20:00,111,50,61,0,0,0
2020-06-21 20:15,122,52,70,0,0,0
2020-06-21 20:30,102,34,68,0,0,0
2020-06-21 20:45,88,34,54,0,0,0
2020-06-21 21:00,88,39,49,0,0,0
2020-06-21 21:15,58,21,37,0,0,0
2020-06-21 21:30,71,21,50,0,0,0
2020-06-21 21:45,58,16,42,0,0,0
2020-06-21 22:00,73,26,47,0,0,0
2020-06-21 22:15,56,16,40,0,0,0
2020-06-21 22:30,53,16,37,0,0,0
2020-06-21 22:45,48,19,29,0,0,0
2020-06-21 23:00,40,16,24,0,0,0
2020-06-21 23:15,52,27,25,0,0,0
2020-06-21 23:30,40,11,29,0,0,0
2020-06-21 23:45,28,16,12,0,0,0
2020-06-22 00:00,28,13,15,0,0,0
2020-06-22 00:15,13,6,7,0,0,0
2020-06-22 00:30,15,2,13,0,0,0
2020-06-22 00:45,16,12,4,0,0,0
2020-06-22 01:00,10,4,6,0,0,0
2020-06-22 01:15,13,4,9,0,0,0
2020-06-22 01:30,10,4,6,0,0,0
2020-06-22 01:45,7,5,2,0,0,0
2020-06-22 02:00,6,3,3,0,0,0
2020-06-22 02:15,8,0,8,0,0,0
2020-06-22 02:30,4,0,4,0,0,0
2020-06-22 02:45,0,0,0,0,0,0
2020-06-22 03:00,2,2,0,0,0,0
2020-06-22 03:15,1,0,1,0,0,0
2020-06-22 03:30,2,2,0,0,0,0
2020-06-22 03:45,2,0,2,0,0,0
2020-06-22 04:00,2,0,2,0,0,0
2020-06-22 04:15,2,1,1,0,0,0
2020-06-22 04:30,3,0,3,0,0,0
2020-06-22 04:45,4,2,2,0,0,0
2020-06-22 05:00,12,6,6,0,0,0
2020-06-22 05:15,15,8,7,0,0,0
2020-06-22 05:30,28,21,7,0,0,0
2020-06-22 05:45,35,25,10,0,0,0
2020-06-22 06:00,30,21,9,0,0,0
2020-06-22 06:15,54,34,20,0,0,0
2020-06-22 06:30,73,46,27,0,0,0
2020-06-22 06:45,96,64,32,0,0,0
2020-06-22 07:00,135,78,57,0,0,0
2020-06-22 07:15,145,88,57,0,0,0
2020-06-22 07:30,230,149,81,0,0,0
2020-06-22 07:45,224,120,104,0,0,0
2020-06-22 08:00,205,111,94,0,0,0
2020-06-22 08:15,186,119,67,0,0,0
2020-06-22 08:30,167,88,79,0,0,0
2020-06-22 08:45,205,111,94,0,0,0
2020-06-22 09:00,121,62,59,0,0,0
2020-06-22 09:15,134,75,59,0,0,0
2020-06-22 09:30,138,79,59,0,0,0
2020-06-22 09:45,156,99,57,0,0,0
2020-06-22 10:00,140,78,62,0,0,0
2020-06-22 10:15,122,68,54,0,0,0
2020-06-22 10:30,139,76,63,0,0,0
2020-06-22 10:45,130,72,58,0,0,0
2020-06-22 11:00,117,61,56,0,0,0
2020-06-22 11:15,127,58,69,0,0,0
2020-06-22 11:30,144,86,58,0,0,0
2020-06-22 11:45,144,73,71,0,0,0
2020-06-22 12:00,160,79,81,0,0,0
2020-06-22 12:15,191,100,91,0,0,0
2020-06-22 12:30,172,74,98,0,0,0
2020-06-22 12:45,195,89,106,0,0,0
2020-06-22 13:00,198,72,126,0,0,0
2020-06-22 13:15,157,77,80,0,0,0
2020-06-22 13:30,174,87,87,0,0,0
2020-06-22 13:45,198,99,99,0,0,0
2020-06-22 14:00,182,108,74,0,0,0
2020-06-22 14:15,185,106,79,0,0,0
2020-06-22 14:30,201,82,119,0,0,0
2020-06-22 14:45,220,103,117,0,0,0
2020-06-22 15:00,176,86,90,0,0,0
2020-06-22 15:15,179,93,86,0,0,0
2020-06-22 15:30,148,40,108,0,0,0
2020-06-22 15:45,231,113,118,0,0,0
2020-06-22 16:00,228,104,124,0,0,0
2020-06-22 16:15,258,135,123,0,0,0
2020-06-22 16:30,227,95,132,0,0,0
2020-06-22 16:45,222,107,115,0,0,0
2020-06-22 17:00,224,96,128,0,0,0
2020-06-22 17:15,212,103,109,0,0,0
2020-06-22 17:30,243,112,131,0,0,0
2020-06-22 17:45,229,124,105,0,0,0
2020-06-22 18:00,246,108,138,0,0,0
2020-06-22 18:15,207,103,104,0,0,0
2020-06-22 18:30,191,95,96,0,0,0
2020-06-22 18:45,247,121,126,0,0,0
2020-06-22 19:00,186,93,93,0,0,0
2020-06-22 19:15,205,107,98,0,0,0
2020-06-22 19:30,180,100,80,0,0,0
2020-06-22 19:45,159,80,79,0,0,0
2020-06-22 20:00,140,61,79,0,0,0
2020-06-22 20:15,132,66,66,0,0,0
2020-06-22 20:30,108,63,45,0,0,0
2020-06-22 20:45,99,49,50,0,0,0
2020-06-22 21:00,107,49,58,0,0,0
2020-06-22 21:15,96,58,38,0,0,0
2020-06-22 21:30,112,47,65,0,0,0
2020-06-22 21:45,95,42,53,0,0,0
2020-06-22 22:00,84,40,44,0,0,0
2020-06-22 22:15,58,21,37,0,0,0
2020-06-22 22:30,102,22,80,0,0,0
2020-06-22 22:45,61,24,37,0,0,0
2020-06-22 23:00,73,15,58,0,0,0
2020-06-22 23:15,58,12,46,0,0,0
2020-06-22 23:30,45,10,35,0,0,0
2020-06-22 23:45,43,10,33,0,0,0
2020-06-23 00:00,32,8,24,0,0,0
2020-06-23 00:15,39,5,34,0,0,0
2020-06-23 00:30,37,5,32,0,0,0
2020-06-23 00:45,21,7,14,0,0,0
2020-06-23 01:00,25,7,18,0,0,0
2020-06-23 01:15,22,7,15,0,0,0
2020-06-23 01:30,11,2,9,0,0,0
2020-06-23 01:45,9,3,6,0,0,0
2020-06-23 02:00,3,2,1,0,0,0
2020-06-23 02:15,4,3,1,0,0,0
2020-06-23 02:30,10,0,10,0,0,0
2020-06-23 02:45,1,1,0,0,0,0
2020-06-23 03:00,2,1,1,0,0,0
2020-06-23 03:15,4,1,3,0,0,0
2020-06-23 03:30,1,1,0,0,0,0
2020-06-23 03:45,0,0,0,0,0,0
2020-06-23 04:00,1,0,1,0,0,0
2020-06-23 04:15,1,1,0,0,0,0
2020-06-23 04:30,4,0,4,0,0,0
2020-06-23 04:45,8,5,3,0,0,0
2020-06-23 05:00,6,3,3,0,0,0
2020-06-23 05:15,13,8,5,0,0,0
2020-06-23 05:30,27,18,9,0,0,0
2020-06-23 05:45,32,29,3,0,0,0
2020-06-23 06:00,38,24,14,0,0,0
2020-06-23 06:15,75,42,33,0,0,0
2020-06-23 06:30,64,35,29,0,0,0
2020-06-23 06:45,105,60,45,0,0,0
2020-06-23 07:00,120,75,45,0,0,0
2020-06-23 07:15,162,88,74,0,0,0
2020-06-23 07:30,208,127,81,0,0,0
2020-06-23 07:45,205,112,93,0,0,0
2020-06-23 08:00,188,94,94,0,0,0
2020-06-23 08:15,200,106,94,0,0,0
2020-06-23 08:30,208,127,81,0,0,0
2020-06-23 08:45,219,131,88,0,0,0
2020-06-23 09:00,140,86,54,0,0,0
2020-06-23 09:15,142,81,61,0,0,0
2020-06-23 09:30,197,91,106,0,0,0
2020-06-23 09:45,157,87,70,0,0,0
2020-06-23 10:00,130,79,51,0,0,0
2020-06-23 10:15,136,76,60,0,0,0
2020-06-23 10:30,143,72,71,0,0,0
2020-06-23 10:45,163,90,73,0,0,0
2020-06-23 11:00,118,70,48,0,0,0
2020-06-23 11:15,131,66,65,0,0,0
2020-06-23 11:30,119,53,66,0,0,0
2020-06-23 11:45,166,85,81,0,0,0
2020-06-23 12:00,170,95,75,0,0,0
2020-06-23 12:15,177,87,90,0,0,0
2020-06-23 12:30,168,86,82,0,0,0
2020-06-23 12:45,202,117,85,0,0,0
2020-06-23 13:00,168,71,97,0,0,0
2020-06-23 13:15,173,86,87,0,0,0
2020-06-23 13:30,212,114,98,0,0,0
2020-06-23 13:45,217,107,110,0,0,0
2020-06-23 14:00,152,70,82,0,0,0
2020-06-23 14:15,195,94,101,0,0,0
2020-06-23 14:30,193,101,92,0,0,0
2020-06-23 14:45,207,114,93,0,0,0
2020-06-23 15:00,203,102,101,0,0,0
2020-06-23 15:15,190,94,96,0,0,0
2020-06-23 15:30,241,119,122,0,0,0
2020-06-23 15:45,259,161,98,0,0,0
2020-06-23 16:00,223,109,114,0,0,0
2020-06-23 16:15,273,152,121,0,0,0
2020-06-23 16:30,216,122,94,0,0,0
2020-06-23 16:45,254,123,131,0,0,0
2020-06-23 17:00,267,141,126,0,0,0
2020-06-23 17:15,287,142,145,0,0,0
2020-06-23 17:30,277,128,149,0,0,0
2020-06-23 17:45,267,139,128,0,0,0
2020-06-23 18:00,304,125,179,0,0,0
2020-06-23 18:15,242,123,119,0,0,0
2020-06-23 18:30,252,125,127,0,0,0
2020-06-23 18:45,284,153,131,0,0,0
2020-06-23 19:00,222,108,114,0,0,0
2020-06-23 19:15,248,113,135,0,0,0
2020-06-23 19:30,222,99,123,0,0,0
2020-06-23 19:45,216,110,106,0,0,0
2020-06-23 20:00,194,85,109,0,0,0
2020-06-23 20:15,143,75,68,0,0,0
2020-06-23 20:30,137,68,69,0,0,0
2020-06-23 20:45,112,53,59,0,0,0
2020-06-23 21:00,139,55,84,0,0,0
2020-06-23 21:15,108,40,68,0,0,0
2020-06-23 21:30,108,49,59,0,0,0
2020-06-23 21:45,113,44,69,0,0,0
2020-06-23 22:00,131,33,98,0,0,0
2020-06-23 22:15,106,28,78,0,0,0
2020-06-23 22:30,107,45,62,0,0,0
2020-06-23 22:45,94,30,64,0,0,0
2020-06-23 23:00,82,20,62,0,0,0
2020-06-23 23:15,55,13,42,0,0,0
2020-06-23 23:30,72,29,43,0,0,0
2020-06-23 23:45,56,19,37,0,0,0
2020-06-24 00:00,33,5,28,0,0,0
2020-06-24 00:15,41,16,25,0,0,0
2020-06-24 00:30,40,9,31,0,0,0
2020-06-24 00:45,30,16,14,0,0,0
2020-06-24 01:00,26,14,12,0,0,0
2020-06-24 01:15,16,8,8,0,0,0
2020-06-24 01:30,22,12,10,0,0,0
2020-06-24 01:45,15,2,13,0,0,0
2020-06-24 02:00,13,4,9,0,0,0
2020-06-24 02:15,6,4,2,0,0,0
2020-06-24 02:30,15,7,8,0,0,0
2020-06-24 02:45,4,4,0,0,0,0
2020-06-24 03:00,1,0,1,0,0,0
2020-06-24 03:15,5,3,2,0,0,0
2020-06-24 03:30,6,1,5,0,0,0
2020-06-24 03:45,5,2,3,0,0,0
2020-06-24 04:00,2,1,1,0,0,0
2020-06-24 04:15,3,2,1,0,0,0
2020-06-24 04:30,7,3,4,0,0,0
2020-06-24 04:45,4,2,2,0,0,0
2020-06-24 05:00,11,6,5,0,0,0
2020-06-24 05:15,16,10,6,0,0,0
2020-06-24 05:30,23,17,6,0,0,0
2020-06-24 05:45,41,28,13,0,0,0
2020-06-24 06:00,38,27,11,0,0,0
2020-06-24 06:15,59,35,24,0,0,0
2020-06-24 06:30,86,53,33,0,0,0
2020-06-24 06:45,101,55,46,0,0,0
2020-06-24 07:00,122,85,37,0,0,0
2020-06-24 07:15,158,102,56,0,0,0
2020-06-24 07:30,289,178,111,0,0,0
2020-06-24 07:45,217,117,100,0,0,0
2020-06-24 08:00,186,95,91,0,0,0
2020-06-24 08:15,209,134,75,0,0,0
2020-06-24 08:30,218,134,84,0,0,0
2020-06-24 08:45,202,116,86,0,0,0
2020-06-24 09:00,170,96,74,0,0,0
2020-06-24 09:15,146,96,50,0,0,0
2020-06-24 09:30,145,81,64,0,0,0
2020-06-24 09:45,188,124,64,0,0,0
2020-06-24 10:00,157,86,71,0,0,0
2020-06-24 10:15,140,81,59,0,0,0
2020-06-24 10:30,145,75,70,0,0,0
2020-06-24 10:45,162,79,83,0,0,0
2020-06-24 11:00,153,80,73,0,0,0
2020-06-24 11:15,161,84,77,0,0,0
2020-06-24 11:30,161,82,79,0,0,0
2020-06-24 11:45,198,103,95,0,0,0
2020-06-24 12:00,185,87,98,0,0,0
2020-06-24 12:15,205,101,104,0,0,0
2020-06-24 12:30,171,86,85,0,0,0
2020-06-24 12:45,212,104,108,0,0,0
2020-06-24 13:00,222,94,128,0,0,0
2020-06-24 13:15,165,72,93,0,0,0
2020-06-24 13:30,185,82,103,0,0,0
2020-06-24 13:45,223,112,111,0,0,0
2020-06-24 14:00,208,118,90,0,0,0
2020-06-24 14:15,175,83,92,0,0,0
2020-06-24 14:30,195,87,108,0,0,0
2020-06-24 14:45,198,112,86,0,0,0
2020-06-24 15:00,157,71,86,0,0,0
2020-06-24 15:15,210,109,101,0,0,0
2020-06-24 15:30,182,92,90,0,0,0
2020-06-24 15:45,162,84,78,0,0,0
2020-06-24 16:00,283,146,137,0,0,0
2020-06-24 16:15,225,121,104,0,0,0
2020-06-24 16:30,248,133,115,0,0,0
2020-06-24 16:45,266,143,123,0,0,0
2020-06-24 17:00,233,119,114,0,0,0
2020-06-24 17:15,230,113,117,0,0,0
2020-06-24 17:30,299,154,145,0,0,0
2020-06-24 17:45,289,162,127,0,0,0
2020-06-24 18:00,272,148,124,0,0,0
2020-06-24 18:15,233,124,109,0,0,0
2020-06-24 18:30,243,106,137,0,0,0
2020-06-24 18:45,259,159,100,0,0,0
2020-06-24 19:00,294,130,164,0,0,0
2020-06-24 19:15,180,90,90,0,0,0
2020-06-24 19:30,183,90,93,0,0,0
2020-06-24 19:45,204,81,123,0,0,0
2020-06-24 20:00,174,82,92,0,0,0
2020-06-24 20:15,153,75,78,0,0,0
2020-06-24 20:30,122,39,83,0,0,0
2020-06-24 20:45,128,59,69,0,0,0
2020-06-24 21:00,153,54,99,0,0,0
2020-06-24 21:15,124,53,71,0,0,0
2020-06-24 21:30,124,40,84,0,0,0
2020-06-24 21:45,142,51,91,0,0,0
2020-06-24 22:00,131,50,81,0,0,0
2020-06-24 22:15,137,39,98,0,0,0
2020-06-24 22:30,120,35,85,0,0,0
2020-06-24 22:45,96,28,68,0,0,0
2020-06-24 23:00,102,28,74,0,0,0
2020-06-24 23:15,87,19,68,0,0,0
2020-06-24 23:30,78,18,60,0,0,0
2020-06-24 23:45,74,19,55,0,0,0
2020-06-25 00:00,74,30,44,0,0,0
2020-06-25 00:15,48,17,31,0,0,0
2020-06-25 00:30,46,16,30,0,0,0
2020-06-25 00:45,34,8,26,0,0,0
2020-06-25 01:00,47,15,32,0,0,0
2020-06-25 01:15,31,12,19,0,0,0
2020-06-25 01:30,18,6,12,0,0,0
2020-06-25 01:45,23,12,11,0,0,0
2020-06-25 02:00,29,5,24,0,0,0
2020-06-25 02:15,38,2,36,0,0,0
2020-06-25 02:30,16,9,7,0,0,0
2020-06-25 02:45,12,1,11,0,0,0
2020-06-25 03:00,12,4,8,0,0,0
2020-06-25 03:15,14,5,9,0,0,0
2020-06-25 03:30,11,3,8,0,0,0
2020-06-25 03:45,8,0,8,0,0,0
2020-06-25 04:00,3,1,2,0,0,0
2020-06-25 04:15,9,3,6,0,0,0
2020-06-25 04:30,7,0,7,0,0,0
2020-06-25 04:45,7,3,4,0,0,0
2020-06-25 05:00,12,5,7,0,0,0
2020-06-25 05:15,21,12,9,0,0,0
2020-06-25 05:30,25,19,6,0,0,0
2020-06-25 05:45,27,20,7,0,0,0
2020-06-25 06:00,34,25,9,0,0,0
2020-06-25 06:15,60,30,30,0,0,0
2020-06-25 06:30,67,42,25,0,0,0
2020-06-25 06:45,85,49,36,0,0,0
2020-06-25 07:00,113,66,47,0,0,0
2020-06-25 07:15,160,103,57,0,0,0
2020-06-25 07:30,248,161,87,0,0,0
2020-06-25 07:45,207,113,94,0,0,0
2020-06-25 08:00,189,101,88,0,0,0
2020-06-25 08:15,206,137,69,0,0,0
2020-06-25 08:30,209,115,94,0,0,0
2020-06-25 08:45,207,133,74,0,0,0
2020-06-25 09:00,138,81,57,0,0,0
2020-06-25 09:15,151,77,74,0,0,0
2020-06-25 09:30,186,100,86,0,0,0
2020-06-25 09:45,167,102,65,0,0,0
2020-06-25 10:00,148,89,59,0,0,0
2020-06-25 10:15,138,79,59,0,0,0
2020-06-25 10:30,141,87,54,0,0,0
2020-06-25 10:45,140,70,70,0,0,0
2020-06-25 11:00,118,69,49,0,0,0
2020-06-25 11:15,129,64,65,0,0,0
2020-06-25 11:30,169,88,81,0,0,0
2020-06-25 11:45,166,92,74,0,0,0
2020-06-25 12:00,182,91,91,0,0,0
2020-06-25 12:15,183,91,92,0,0,0
2020-06-25 12:30,186,103,83,0,0,0
2020-06-25 12:45,141,59,82,0,0,0
2020-06-25 13:00,174,74,100,0,0,0
2020-06-25 13:15,173,86,87,0,0,0
2020-06-25 13:30,195,92,103,0,0,0
2020-06-25 13:45,199,92,107,0,0,0
2020-06-25 14:00,198,102,96,0,0,0
2020-06-25 14:15,188,103,85,0,0,0
2020-06-25 14:30,185,85,100,0,0,0
2020-06-25 14:45,180,86,94,0,0,0
2020-06-25 15:00,182,91,91,0,0,0
2020-06-25 15:15,211,118,93,0,0,0
2020-06-25 15:30,182,96,86,0,0,0
2020-06-25 15:45,219,115,104,0,0,0
2020-06-25 16:00,239,119,120,0,0,0
2020-06-25 16:15,238,129,109,0,0,0
2020-06-25 16:30,254,115,139,0,0,0
2020-06-25 16:45,259,140,119,0,0,0
2020-06-25 17:00,284,137,147,0,0,0
2020-06-25 17:15,257,141,116,0,0,0
2020-06-25 17:30,291,130,161,0,0,0
2020-06-25 17:45,256,136,120,0,0,0
2020-06-25 18:00,260,138,122,0,0,0
2020-06-25 18:15,244,120,124,0,0,0
2020-06-25 18:30,231,108,123,0,0,0
2020-06-25 18:45,253,128,125,0,0,0
2020-06-25 19:00,186,107,79,0,0,0
2020-06-25 19:15,219,114,105,0,0,0
2020-06-25 19:30,170,81,89,0,0,0
2020-06-25 19:45,188,99,89,0,0,0
2020-06-25 20:00,156,72,84,0,0,0
2020-06-25 20:15,128,66,62,0,0,0
2020-06-25 20:30,135,73,62,0,0,0
2020-06-25 20:45,121,54,67,0,0,0
2020-06-25 21:00,144,49,95,0,0,0
2020-06-25 21:15,132,49,83,0,0,0
2020-06-25 21:30,128,50,78,0,0,0
2020-06-25 21:45,107,30,77,0,0,0
2020-06-25 22:00,103,28,75,0,0,0
2020-06-25 22:15,112,37,75,0,0,0
2020-06-25 22:30,110,48,62,0,0,0
2020-06-25 22:45,110,29,81,0,0,0
2020-06-25 23:00,70,28,42,0,0,0
2020-06-25 23:15,88,39,49,0,0,0
2020-06-25 23:30,73,20,53,0,0,0
2020-06-25 23:45,59,16,43,0,0,0
2020-06-26 00:00,49,16,33,0,0,0
2020-06-26 00:15,47,15,32,0,0,0
2020-06-26 00:30,31,6,25,0,0,0
2020-06-26 00:45,33,9,24,0,0,0
2020-06-26 01:00,28,7,21,0,0,0
2020-06-26 01:15,37,9,28,0,0,0
2020-06-26 01:30,29,7,22,0,0,0
2020-06-26 01:45,15,6,9,0,0,0
2020-06-26 02:00,17,1,16,0,0,0
2020-06-26 02:15,7,3,4,0,0,0
2020-06-26 02:30,9,2,7,0,0,0
2020-06-26 02:45,6,2,4,0,0,0
2020-06-26 03:00,8,2,6,0,0,0
2020-06-26 03:15,3,1,2,0,0,0
2020-06-26 03:30,4,2,2,0,0,0
2020-06-26 03:45,3,1,2,0,0,0
2020-06-26 04:00,4,0,4,0,0,0
2020-06-26 04:15,7,5,2,0,0,0
2020-06-26 04:30,6,2,4,0,0,0
2020-06-26 04:45,6,4,2,0,0,0
2020-06-26 05:00,10,6,4,0,0,0
2020-06-26 05:15,13,9,4,0,0,0
2020-06-26 05:30,21,13,8,0,0,0
2020-06-26 05:45,24,21,3,0,0,0
2020-06-26 06:00,28,17,11,0,0,0
2020-06-26 06:15,50,34,16,0,0,0
2020-06-26 06:30,68,44,24,0,0,0
2020-06-26 06:45,96,57,39,0,0,0
2020-06-26 07:00,94,68,26,0,0,0
2020-06-26 07:15,134,75,59,0,0,0
2020-06-26 07:30,199,107,92,0,0,0
2020-06-26 07:45,190,110,80,0,0,0
2020-06-26 08:00,180,93,87,0,0,0
2020-06-26 08:15,147,91,56,0,0,0
2020-06-26 08:30,196,112,84,0,0,0
2020-06-26 08:45,182,99,83,0,0,0
2020-06-26 09:00,153,93,60,0,0,0
2020-06-26 09:15,173,104,69,0,0,0
2020-06-26 09:30,171,84,87,0,0,0
2020-06-26 09:45,191,117,74,0,0,0
2020-06-26 10:00,181,103,78,0,0,0
2020-06-26 10:15,88,37,51,0,0,0
2020-06-26 10:30,164,69,95,0,0,0
2020-06-26 10:45,159,78,81,0,0,0
2020-06-26 11:00,130,68,62,0,0,0
2020-06-26 11:15,156,83,73,0,0,0
2020-06-26 11:30,185,85,100,0,0,0
2020-06-26 11:45,191,108,83,0,0,0
2020-06-26 12:00,175,97,78,0,0,0
2020-06-26 12:15,199,96,103,0,0,0
2020-06-26 12:30,145,72,73,0,0,0
2020-06-26 12:45,159,84,75,0,0,0
2020-06-26 13:00,175,96,79,0,0,0
2020-06-26 13:15,214,106,108,0,0,0
2020-06-26 13:30,173,90,83,0,0,0
2020-06-26 13:45,229,139,90,0,0,0
2020-06-26 14:00,195,101,94,0,0,0
2020-06-26 14:15,203,109,94,0,0,0
2020-06-26 14:30,208,105,103,0,0,0
2020-06-26 14:45,224,136,88,0,0,0
2020-06-26 15:00,189,103,86,0,0,0
2020-06-26 15:15,185,113,72,0,0,0
2020-06-26 15:30,194,90,104,0,0,0
2020-06-26 15:45,184,107,77,0,0,0
2020-06-26 16:00,222,123,99,0,0,0
2020-06-26 16:15,243,138,105,0,0,0
2020-06-26 16:30,161,73,88,0,0,0
2020-06-26 16:45,253,138,115,0,0,0
2020-06-26 17:00,189,96,93,0,0,0
2020-06-26 17:15,202,94,108,0,0,0
2020-06-26 17:30,193,107,86,0,0,0
2020-06-26 17:45,199,128,71,0,0,0
2020-06-26 18:00,205,115,90,0,0,0
2020-06-26 18:15,212,98,114,0,0,0
2020-06-26 18:30,210,102,108,0,0,0
2020-06-26 18:45,233,128,105,0,0,0
2020-06-26 19:00,196,103,93,0,0,0
2020-06-26 19:15,211,118,93,0,0,0
2020-06-26 19:30,178,83,95,0,0,0
2020-06-26 19:45,205,90,115,0,0,0
2020-06-26 20:00,150,79,71,0,0,0
2020-06-26 20:15,161,82,79,0,0,0
2020-06-26 20:30,140,75,65,0,0,0
2020-06-26 20:45,137,67,70,0,0,0
2020-06-26 21:00,116,41,75,0,0,0
2020-06-26 21:15,131,63,68,0,0,0
2020-06-26 21:30,99,35,64,0,0,0
2020-06-26 21:45,107,40,67,0,0,0
2020-06-26 22:00,104,43,61,0,0,0
2020-06-26 22:15,87,26,61,0,0,0
2020-06-26 22:30,102,25,77,0,0,0
2020-06-26 22:45,87,28,59,0,0,0
2020-06-26 23:00,110,32,78,0,0,0
2020-06-26 23:15,114,33,81,0,0,0
2020-06-26 23:30,88,28,60,0,0,0
2020-06-26 23:45,95,36,59,0,0,0
2020-06-27 00:00,123,26,97,0,0,0
2020-06-27 00:15,84,32,52,0,0,0
2020-06-27 00:30,77,23,54,0,0,0
2020-06-27 00:45,92,40,52,0,0,0
2020-06-27 01:00,86,31,55,0,0,0
2020-06-27 01:15,59,15,44,0,0,0
2020-06-27 01:30,56,20,36,0,0,0
2020-06-27 01:45,55,15,40,0,0,0
2020-06-27 02:00,34,4,30,0,0,0
2020-06-27 02:15,45,16,29,0,0,0
2020-06-27 02:30,36,17,19,0,0,0
2020-06-27 02:45,20,5,15,0,0,0
2020-06-27 03:00,30,8,22,0,0,0
2020-06-27 03:15,44,10,34,0,0,0
2020-06-27 03:30,40,14,26,0,0,0
2020-06-27 03:45,12,4,8,0,0,0
2020-06-27 04:00,17,2,15,0,0,0
2020-06-27 04:15,13,5,8,0,0,0
2020-06-27 04:30,11,2,9,0,0,0
2020-06-27 04:45,13,4,9,0,0,0
2020-06-27 05:00,17,4,13,0,0,0
2020-06-27 05:15,12,5,7,0,0,0
2020-06-27 05:30,15,8,7,0,0,0
2020-06-27 05:45,18,14,4,0,0,0
2020-06-27 06:00,16,7,9,0,0,0
2020-06-27 06:15,14,7,7,0,0,0
2020-06-27 06:30,18,11,7,0,0,0
2020-06-27 06:45,27,19,8,0,0,0
2020-06-27 07:00,10,6,4,0,0,0
2020-06-27 07:15,21,14,7,0,0,0
2020-06-27 07:30,28,16,12,0,0,0
2020-06-27 07:45,39,23,16,0,0,0
2020-06-27 08:00,38,23,15,0,0,0
2020-06-27 08:15,55,34,21,0,0,0
2020-06-27 08:30,61,39,22,0,0,0
2020-06-27 08:45,75,47,28,0,0,0
2020-06-27 09:00,78,55,23,0,0,0
2020-06-27 09:15,79,54,25,0,0,0
2020-06-27 09:30,110,70,40,0,0,0
2020-06-27 09:45,111,74,37,0,0,0
2020-06-27 10:00,119,83,36,0,0,0
2020-06-27 10:15,115,74,41,0,0,0
2020-06-27 10:30,110,64,46,0,0,0
2020-06-27 10:45,115,76,39,0,0,0
2020-06-27 11:00,141,85,56,0,0,0
2020-06-27 11:15,117,83,34,0,0,0
2020-06-27 11:30,159,91,68,0,0,0
2020-06-27 11:45,156,95,61,0,0,0
2020-06-27 12:00,154,85,69,0,0,0
2020-06-27 12:15,145,90,55,0,0,0
2020-06-27 12:30,130,71,59,0,0,0
2020-06-27 12:45,138,84,54,0,0,0
2020-06-27 13:00,155,81,74,0,0,0
2020-06-27 13:15,141,73,68,0,0,0
2020-06-27 13:30,127,66,61,0,0,0
2020-06-27 13:45,154,75,79,0,0,0
2020-06-27 14:00,141,72,69,0,0,0
2020-06-27 14:15,129,77,52,0,0,0
2020-06-27 14:30,144,65,79,0,0,0
2020-06-27 14:45,161,84,77,0,0,0
2020-06-27 15:00,148,66,82,0,0,0
2020-06-27 15:15,146,64,82,0,0,0
2020-06-27 15:30,102,59,43,0,0,0
2020-06-27 15:45,133,57,76,0,0,0
2020-06-27 16:00,137,62,75,0,0,0
2020-06-27 16:15,116,38,78,0,0,0
2020-06-27 16:30,132,60,72,0,0,0
2020-06-27 16:45,102,62,40,0,0,0
2020-06-27 17:00,111,48,63,0,0,0
2020-06-27 17:15,138,75,63,0,0,0
2020-06-27 17:30,147,75,72,0,0,0
2020-06-27 17:45,144,75,69,0,0,0
2020-06-27 18:00,146,65,81,0,0,0
2020-06-27 18:15,147,74,73,0,0,0
2020-06-27 18:30,122,61,61,0,0,0
2020-06-27 18:45,144,78,66,0,0,0
2020-06-27 19:00,135,69,66,0,0,0
2020-06-27 19:15,150,72,78,0,0,0
2020-06-27 19:30,135,66,69,0,0,0
2020-06-27 19:45,146,68,78,0,0,0
2020-06-27 20:00,135,60,75,0,0,0
2020-06-27 20:15,109,53,56,0,0,0
2020-06-27 20:30,114,57,57,0,0,0
2020-06-27 20:45,109,42,67,0,0,0
2020-06-27 21:00,97,51,46,0,0,0
2020-06-27 21:15,55,24,31,0,0,0
2020-06-27 21:30,92,48,44,0,0,0
2020-06-27 21:45,63,26,37,0,0,0
2020-06-27 22:00,104,51,53,0,0,0
2020-06-27 22:15,68,27,41,0,0,0
2020-06-27 22:30,80,35,45,0,0,0
2020-06-27 22:45,64,24,40,0,0,0
2020-06-27 23:00,76,29,47,0,0,0
2020-06-27 23:15,73,28,45,0,0,0
2020-06-27 23:30,94,28,66,0,0,0
2020-06-27 23:45,79,30,49,0,0,0
2020-06-28 00:00,71,27,44,0,0,0
2020-06-28 00:15,72,12,60,0,0,0
2020-06-28 00:30,59,18,41,0,0,0
2020-06-28 00:45,82,27,55,0,0,0
2020-06-28 01:00,76,25,51,0,0,0
2020-06-28 01:15,57,27,30,0,0,0
2020-06-28 01:30,70,20,50,0,0,0
2020-06-28 01:45,47,21,26,0,0,0
2020-06-28 02:00,40,10,30,0,0,0
2020-06-28 02:15,32,5,27,0,0,0
2020-06-28 02:30,45,18,27,0,0,0
2020-06-28 02:45,33,16,17,0,0,0
2020-06-28 03:00,24,10,14,0,0,0
2020-06-28 03:15,41,10,31,0,0,0
2020-06-28 03:30,21,2,19,0,0,0
2020-06-28 03:45,26,8,18,0,0,0
2020-06-28 04:00,16,10,6,0,0,0
2020-06-28 04:15,15,5,10,0,0,0
2020-06-28 04:30,0,0,0,0,0,0
2020-06-28 04:45,10,3,7,0,0,0
2020-06-28 05:00,4,1,3,0,0,0
2020-06-28 05:15,20,11,9,0,0,0
2020-06-28 05:30,11,7,4,0,0,0
2020-06-28 05:45,15,8,7,0,0,0
2020-06-28 06:00,4,3,1,0,0,0
2020-06-28 06:15,11,2,9,0,0,0
2020-06-28 06:30,14,7,7,0,0,0
2020-06-28 06:45,5,5,0,0,0,0
2020-06-28 07:00,7,4,3,0,0,0
2020-06-28 07:15,12,7,5,0,0,0
2020-06-28 07:30,10,7,3,0,0,0
2020-06-28 07:45,24,12,12,0,0,0
2020-06-28 08:00,16,11,5,0,0,0
2020-06-28 08:15,9,5,4,0,0,0
2020-06-28 08:30,19,10,9,0,0,0
2020-06-28 08:45,32,21,11,0,0,0
2020-06-28 09:00,27,13,14,0,0,0
2020-06-28 09:15,18,11,7,0,0,0
2020-06-28 09:30,37,24,13,0,0,0
2020-06-28 09:45,71,54,17,0,0,0
2020-06-28 10:00,50,36,14,0,0,0
2020-06-28 10:15,71,35,36,0,0,0
2020-06-28 10:30,41,30,11,0,0,0
2020-06-28 10:45,85,55,30,0,0,0
2020-06-28 11:00,59,26,33,0,0,0
2020-06-28 11:15,68,34,34,0,0,0
2020-06-28 11:30,54,32,22,0,0,0
2020-06-28 11:45,56,37,19,0,0,0
2020-06-28 12:00,72,35,37,0,0,0
2020-06-28 12:15,78,34,44,0,0,0
2020-06-28 12:30,95,63,32,0,0,0
2020-06-28 12:45,82,41,41,0,0,0
2020-06-28 13:00,79,45,34,0,0,0
2020-06-28 13:15,82,55,27,0,0,0
2020-06-28 13:30,91,40,51,0,0,0
2020-06-28 13:45,128,80,48,0,0,0
2020-06-28 14:00,84,42,42,0,0,0
2020-06-28 14:15,99,65,34,0,0,0
2020-06-28 14:30,83,57,26,0,0,0
2020-06-28 14:45,103,54,49,0,0,0
2020-06-28 15:00,114,52,62,0,0,0
2020-06-28 15:15,125,69,56,0,0,0
2020-06-28 15:30,120,67,53,0,0,0
2020-06-28 15:45,114,71,43,0,0,0
2020-06-28 16:00,94,49,45,0,0,0
2020-06-28 16:15,100,54,46,0,0,0
2020-06-28 16:30,133,72,61,0,0,0
2020-06-28 16:45,124,65,59,0,0,0
2020-06-28 17:00,102,57,45,0,0,0
2020-06-28 17:15,106,57,49,0,0,0
2020-06-28 17:30,135,63,72,0,0,0
2020-06-28 17:45,160,87,73,0,0,0
2020-06-28 18:00,148,82,66,0,0,0
2020-06-28 18:15,146,70,76,0,0,0
2020-06-28 18:30,124,61,63,0,0,0
2020-06-28 18:45,143,67,76,0,0,0
2020-06-28 19:00,126,55,71,0,0,0
2020-06-28 19:15,130,62,68,0,0,0
2020-06-28 19:30,113,59,54,0,0,0
2020-06-28 19:45,117,51,66,0,0,0
2020-06-28 20:00,103,39,64,0,0,0
2020-06-28 20:15,89,31,58,0,0,0
2020-06-28 20:30,84,32,52,0,0,0
2020-06-28 20:45,79,32,47,0,0,0
2020-06-28 21:00,83,33,50,0,0,0
2020-06-28 21:15,76,41,35,0,0,0
2020-06-28 21:30,70,28,42,0,0,0
2020-06-28 21:45,76,25,51,0,0,0
2020-06-28 22:00,62,27,35,0,0,0
2020-06-28 22:15,57,16,41,0,0,0
2020-06-28 22:30,47,15,32,0,0,0
2020-06-28 22:45,33,12,21,0,0,0
2020-06-28 23:00,46,17,29,0,0,0
2020-06-28 23:15,49,11,38,0,0,0
2020-06-28 23:30,41,13,28,0,0,0
2020-06-28 23:45,18,4,14,0,0,0
2020-06-29 00:00,24,8,16,0,0,0
2020-06-29 00:15,21,4,17,0,0,0
2020-06-29 00:30,25,9,16,0,0,0
2020-06-29 00:45,19,6,13,0,0,0
2020-06-29 01:00,11,6,5,0,0,0
2020-06-29 01:15,7,0,7,0,0,0
2020-06-29 01:30,4,2,2,0,0,0
2020-06-29 01:45,10,0,10,0,0,0
2020-06-29 02:00,9,3,6,0,0,0
2020-06-29 02:15,5,2,3,0,0,0
2020-06-29 02:30,6,3,3,0,0,0
2020-06-29 02:45,2,0,2,0,0,0
2020-06-29 03:00,4,2,2,0,0,0
2020-06-29 03:15,6,5,1,0,0,0
2020-06-29 03:30,2,0,2,0,0,0
2020-06-29 03:45,4,4,0,0,0,0
2020-06-29 04:00,2,1,1,0,0,0
2020-06-29 04:15,0,0,0,0,0,0
2020-06-29 04:30,4,4,0,0,0,0
2020-06-29 04:45,6,2,4,0,0,0
2020-06-29 05:00,10,2,8,0,0,0
2020-06-29 05:15,12,10,2,0,0,0
2020-06-29 05:30,12,8,4,0,0,0
2020-06-29 05:45,23,19,4,0,0,0
2020-06-29 06:00,31,29,2,0,0,0
2020-06-29 06:15,44,34,10,0,0,0
2020-06-29 06:30,57,40,17,0,0,0
2020-06-29 06:45,74,45,29,0,0,0
2020-06-29 07:00,96,62,34,0,0,0
2020-06-29 07:15,111,72,39,0,0,0
2020-06-29 07:30,145,97,48,0,0,0
2020-06-29 07:45,176,106,70,0,0,0
2020-06-29 08:00,166,102,64,0,0,0
2020-06-29 08:15,163,84,79,0,0,0
2020-06-29 08:30,165,100,65,0,0,0
2020-06-29 08:45,188,110,78,0,0,0
2020-06-29 09:00,130,62,68,0,0,0
2020-06-29 09:15,112,60,52,0,0,0
2020-06-29 09:30,134,76,58,0,0,0
2020-06-29 09:45,165,109,56,0,0,0
2020-06-29 10:00,137,76,61,0,0,0
2020-06-29 10:15,113,61,52,0,0,0
2020-06-29 10:30,105,60,45,0,0,0
2020-06-29 10:45,119,83,36,0,0,0
2020-06-29 11:00,77,9,68,0,0,0
2020-06-29 11:15,103,46,57,0,0,0
2020-06-29 11:30,119,75,44,0,0,0
2020-06-29 11:45,145,89,56,0,0,0
2020-06-29 12:00,143,85,58,0,0,0
2020-06-29 12:15,202,124,78,0,0,0
2020-06-29 12:30,157,84,73,0,0,0
2020-06-29 12:45,175,103,72,0,0,0
2020-06-29 13:00,144,66,78,0,0,0
2020-06-29 13:15,171,79,92,0,0,0
2020-06-29 13:30,218,111,107,0,0,0
2020-06-29 13:45,175,89,86,0,0,0
2020-06-29 14:00,190,99,91,0,0,0
2020-06-29 14:15,159,54,105,0,0,0
2020-06-29 14:30,194,90,104,0,0,0
2020-06-29 14:45,177,82,95,0,0,0
2020-06-29 15:00,169,83,86,0,0,0
2020-06-29 15:15,186,111,75,0,0,0
2020-06-29 15:30,169,98,71,0,0,0
2020-06-29 15:45,158,63,95,0,0,0
2020-06-29 16:00,187,110,77,0,0,0
2020-06-29 16:15,219,113,106,0,0,0
2020-06-29 16:30,227,113,114,0,0,0
2020-06-29 16:45,222,107,115,0,0,0
2020-06-29 17:00,194,83,111,0,0,0
2020-06-29 17:15,227,96,131,0,0,0
2020-06-29 17:30,215,116,99,0,0,0
2020-06-29 17:45,232,112,120,0,0,0
2020-06-29 18:00,257,123,134,0,0,0
2020-06-29 18:15,243,122,121,0,0,0
2020-06-29 18:30,214,82,132,0,0,0
2020-06-29 18:45,214,126,88,0,0,0
2020-06-29 19:00,205,110,95,0,0,0
2020-06-29 19:15,175,100,75,0,0,0
2020-06-29 19:30,179,93,86,0,0,0
2020-06-29 19:45,173,83,90,0,0,0
2020-06-29 20:00,154,73,81,0,0,0
2020-06-29 20:15,129,66,63,0,0,0
2020-06-29 20:30,126,46,80,0,0,0
2020-06-29 20:45,92,45,47,0,0,0
2020-06-29 21:00,92,40,52,0,0,0
2020-06-29 21:15,89,39,50,0,0,0
2020-06-29 21:30,79,36,43,0,0,0
2020-06-29 21:45,70,26,44,0,0,0
2020-06-29 22:00,77,24,53,0,0,0
2020-06-29 22:15,75,27,48,0,0,0
2020-06-29 22:30,68,22,46,0,0,0
2020-06-29 22:45,63,23,40,0,0,0
2020-06-29 23:00,60,11,49,0,0,0
2020-06-29 23:15,56,16,40,0,0,0
2020-06-29 23:30,41,12,29,0,0,0
2020-06-29 23:45,47,21,26,0,0,0
2020-06-30 00:00,33,11,22,0,0,0
2020-06-30 00:15,41,11,30,0,0,0
2020-06-30 00:30,19,5,14,0,0,0
2020-06-30 00:45,33,6,27,0,0,0
2020-06-30 01:00,13,2,11,0,0,0
2020-06-30 01:15,20,7,13,0,0,0
2020-06-30 01:30,14,0,14,0,0,0
2020-06-30 01:45,11,2,9,0,0,0
2020-06-30 02:00,9,5,4,0,0,0
2020-06-30 02:15,7,0,7,0,0,0
2020-06-30 02:30,6,0,6,0,0,0
2020-06-30 02:45,11,3,8,0,0,0
2020-06-30 03:00,2,0,2,0,0,0
2020-06-30 03:15,3,1,2,0,0,0
2020-06-30 03:30,3,2,1,0,0,0
2020-06-30 03:45,2,1,1,0,0,0
2020-06-30 04:00,4,4,0,0,0,0
2020-06-30 04:15,4,2,2,0,0,0
2020-06-30 04:30,10,3,7,0,0,0
2020-06-30 04:45,8,3,5,0,0,0
2020-06-30 05:00,9,6,3,0,0,0
2020-06-30 05:15,14,12,2,0,0,0
2020-06-30 05:30,21,12,9,0,0,0
2020-06-30 05:45,35,30,5,0,0,0
2020-06-30 06:00,40,26,14,0,0,0
2020-06-30 06:15,52,37,15,0,0,0
2020-06-30 06:30,46,30,16,0,0,0
2020-06-30 06:45,83,59,24,0,0,0
2020-06-30 07:00,78,44,34,0,0,0
2020-06-30 07:15,137,73,64,0,0,0
2020-06-30 07:30,188,107,81,0,0,0
2020-06-30 07:45,149,83,66,0,0,0
2020-06-30 08:00,168,91,77,0,0,0
2020-06-30 08:15,158,96,62,0,0,0
2020-06-30 08:30,149,93,56,0,0,0
2020-06-30 08:45,217,130,87,0,0,0
2020-06-30 09:00,168,104,64,0,0,0
2020-06-30 09:15,133,88,45,0,0,0
2020-06-30 09:30,87,28,59,0,0,0
2020-06-30 09:45,172,96,76,0,0,0
2020-06-30 10:00,105,55,50,0,0,0
2020-06-30 10:15,98,63,35,0,0,0
2020-06-30 10:30,82,22,60,0,0,0
2020-06-30 10:45,120,71,49,0,0,0
2020-06-30 11:00,111,58,53,0,0,0
2020-06-30 11:15,112,61,51,0,0,0
2020-06-30 11:30,118,49,69,0,0,0
2020-06-30 11:45,163,92,71,0,0,0
2020-06-30 12:00,166,92,74,0,0,0
2020-06-30 12:15,148,91,57,0,0,0
2020-06-30 12:30,154,77,77,0,0,0
2020-06-30 12:45,187,107,80,0,0,0
2020-06-30 13:00,187,100,87,0,0,0
2020-06-30 13:15,148,58,90,0,0,0
2020-06-30 13:30,148,78,70,0,0,0
2020-06-30 13:45,188,99,89,0,0,0
2020-06-30 14:00,178,89,89,0,0,0
2020-06-30 14:15,161,87,74,0,0,0
2020-06-30 14:30,169,89,80,0,0,0
2020-06-30 14:45,174,80,94,0,0,0
2020-06-30 15:00,195,101,94,0,0,0
2020-06-30 15:15,198,104,94,0,0,0
2020-06-30 15:30,176,96,80,0,0,0
2020-06-30 15:45,219,117,102,0,0,0
2020-06-30 16:00,218,108,110,0,0,0
2020-06-30 16:15,199,99,100,0,0,0
2020-06-30 16:30,219,100,119,0,0,0
2020-06-30 16:45,255,134,121,0,0,0
2020-06-30 17:00,250,115,135,0,0,0
2020-06-30 17:15,238,131,107,0,0,0
2020-06-30 17:30,242,109,133,0,0,0
2020-06-30 17:45,257,141,116,0,0,0
2020-06-30 18:00,232,117,115,0,0,0
2020-06-30 18:15,208,104,104,0,0,0
2020-06-30 18:30,209,109,100,0,0,0
2020-06-30 18:45,185,107,78,0,0,0
2020-06-30 19:00,196,107,89,0,0,0
2020-06-30 19:15,211,118,93,0,0,0
2020-06-30 19:30,144,79,65,0,0,0
2020-06-30 19:45,137,80,57,0,0,0
2020-06-30 20:00,148,62,86,0,0,0
2020-06-30 20:15,125,62,63,0,0,0
2020-06-30 20:30,74,24,50,0,0,0
2020-06-30 20:45,79,30,49,0,0,0
2020-06-30 21:00,100,38,62,0,0,0
2020-06-30 21:15,92,31,61,0,0,0
2020-06-30 21:30,82,25,57,0,0,0
2020-06-30 21:45,67,28,39,0,0,0
2020-06-30 22:00,89,35,54,0,0,0
2020-06-30 22:15,76,30,46,0,0,0
2020-06-30 22:30,69,26,43,0,0,0
2020-06-30 22:45,78,25,53,0,0,0
2020-06-30 23:00,51,17,34,0,0,0
2020-06-30 23:15,31,11,20,0,0,0
2020-06-30 23:30,49,14,35,0,0,0
2020-06-30 23:45,44,17,27,0,0,0
