Datetime,100035541 (Neutor),101035541 (Neutor stadteinwÃ¤rts),102035541 (Neutor stadtauswÃ¤rts),100035541-status,101035541-status,102035541-status
2020-11-01 00:00,32,15,17,0,0,0
2020-11-01 00:15,36,15,21,0,0,0
2020-11-01 00:30,36,6,30,0,0,0
2020-11-01 00:45,61,22,39,0,0,0
2020-11-01 01:00,33,11,22,0,0,0
2020-11-01 01:15,30,5,25,0,0,0
2020-11-01 01:30,36,22,14,0,0,0
2020-11-01 01:45,36,18,18,0,0,0
2020-11-01 02:00,39,11,28,0,0,0
2020-11-01 02:15,41,19,22,0,0,0
2020-11-01 02:30,24,6,18,0,0,0
2020-11-01 02:45,21,5,16,0,0,0
2020-11-01 03:00,24,9,15,0,0,0
2020-11-01 03:15,15,6,9,0,0,0
2020-11-01 03:30,19,11,8,0,0,0
2020-11-01 03:45,12,9,3,0,0,0
2020-11-01 04:00,12,6,6,0,0,0
2020-11-01 04:15,6,2,4,0,0,0
2020-11-01 04:30,5,3,2,0,0,0
2020-11-01 04:45,6,3,3,0,0,0
2020-11-01 05:00,5,2,3,0,0,0
2020-11-01 05:15,11,3,8,0,0,0
2020-11-01 05:30,11,5,6,0,0,0
2020-11-01 05:45,7,4,3,0,0,0
2020-11-01 06:00,4,3,1,0,0,0
2020-11-01 06:15,6,4,2,0,0,0
2020-11-01 06:30,4,2,2,0,0,0
2020-11-01 06:45,9,4,5,0,0,0
2020-11-01 07:00,2,2,0,0,0,0
2020-11-01 07:15,6,3,3,0,0,0
2020-11-01 07:30,11,7,4,0,0,0
2020-11-01 07:45,10,6,4,0,0,0
2020-11-01 08:00,7,5,2,0,0,0
2020-11-01 08:15,17,10,7,0,0,0
2020-11-01 08:30,17,9,8,0,0,0
2020-11-01 08:45,22,15,7,0,0,0
2020-11-01 09:00,25,15,10,0,0,0
2020-11-01 09:15,40,25,15,0,0,0
2020-11-01 09:30,46,37,9,0,0,0
2020-11-01 09:45,56,40,16,0,0,0
2020-11-01 10:00,48,23,25,0,0,0
2020-11-01 10:15,65,39,26,0,0,0
2020-11-01 10:30,49,35,14,0,0,0
2020-11-01 10:45,67,51,16,0,0,0
2020-11-01 11:00,65,32,33,0,0,0
2020-11-01 11:15,59,32,27,0,0,0
2020-11-01 11:30,77,48,29,0,0,0
2020-11-01 11:45,81,43,38,0,0,0
2020-11-01 12:00,82,44,38,0,0,0
2020-11-01 12:15,97,47,50,0,0,0
2020-11-01 12:30,78,42,36,0,0,0
2020-11-01 12:45,72,38,34,0,0,0
2020-11-01 13:00,100,46,54,0,0,0
2020-11-01 13:15,71,44,27,0,0,0
2020-11-01 13:30,73,35,38,0,0,0
2020-11-01 13:45,108,52,56,0,0,0
2020-11-01 14:00,71,34,37,0,0,0
2020-11-01 14:15,99,52,47,0,0,0
2020-11-01 14:30,105,55,50,0,0,0
2020-11-01 14:45,123,77,46,0,0,0
2020-11-01 15:00,95,40,55,0,0,0
2020-11-01 15:15,95,57,38,0,0,0
2020-11-01 15:30,119,57,62,0,0,0
2020-11-01 15:45,112,60,52,0,0,0
2020-11-01 16:00,72,35,37,0,0,0
2020-11-01 16:15,64,36,28,0,0,0
2020-11-01 16:30,82,40,42,0,0,0
2020-11-01 16:45,106,47,59,0,0,0
2020-11-01 17:00,83,43,40,0,0,0
2020-11-01 17:15,66,26,40,0,0,0
2020-11-01 17:30,73,40,33,0,0,0
2020-11-01 17:45,117,55,62,0,0,0
2020-11-01 18:00,96,29,67,0,0,0
2020-11-01 18:15,93,44,49,0,0,0
2020-11-01 18:30,85,43,42,0,0,0
2020-11-01 18:45,79,44,35,0,0,0
2020-11-01 19:00,81,41,40,0,0,0
2020-11-01 19:15,89,39,50,0,0,0
2020-11-01 19:30,70,28,42,0,0,0
2020-11-01 19:45,63,33,30,0,0,0
2020-11-01 20:00,59,21,38,0,0,0
2020-11-01 20:15,52,18,34,0,0,0
2020-11-01 20:30,40,17,23,0,0,0
2020-11-01 20:45,43,17,26,0,0,0
2020-11-01 21:00,47,12,35,0,0,0
2020-11-01 21:15,36,9,27,0,0,0
2020-11-01 21:30,26,7,19,0,0,0
2020-11-01 21:45,42,18,24,0,0,0
2020-11-01 22:00,43,10,33,0,0,0
2020-11-01 22:15,34,8,26,0,0,0
2020-11-01 22:30,27,9,18,0,0,0
2020-11-01 22:45,31,9,22,0,0,0
2020-11-01 23:00,53,10,43,0,0,0
2020-11-01 23:15,29,6,23,0,0,0
2020-11-01 23:30,23,5,18,0,0,0
2020-11-01 23:45,19,8,11,0,0,0
2020-11-02 00:00,20,9,11,0,0,0
2020-11-02 00:15,23,8,15,0,0,0
2020-11-02 00:30,6,3,3,0,0,0
2020-11-02 00:45,4,1,3,0,0,0
2020-11-02 01:00,5,3,2,0,0,0
2020-11-02 01:15,7,0,7,0,0,0
2020-11-02 01:30,3,1,2,0,0,0
2020-11-02 01:45,7,2,5,0,0,0
2020-11-02 02:00,4,3,1,0,0,0
2020-11-02 02:15,6,1,5,0,0,0
2020-11-02 02:30,0,0,0,0,0,0
2020-11-02 02:45,4,0,4,0,0,0
2020-11-02 03:00,0,0,0,0,0,0
2020-11-02 03:15,0,0,0,0,0,0
2020-11-02 03:30,0,0,0,0,0,0
2020-11-02 03:45,3,2,1,0,0,0
2020-11-02 04:00,1,1,0,0,0,0
2020-11-02 04:15,3,1,2,0,0,0
2020-11-02 04:30,5,4,1,0,0,0
2020-11-02 04:45,6,3,3,0,0,0
2020-11-02 05:00,9,6,3,0,0,0
2020-11-02 05:15,11,8,3,0,0,0
2020-11-02 05:30,19,13,6,0,0,0
2020-11-02 05:45,22,20,2,0,0,0
2020-11-02 06:00,15,8,7,0,0,0
2020-11-02 06:15,29,22,7,0,0,0
2020-11-02 06:30,50,38,12,0,0,0
2020-11-02 06:45,74,55,19,0,0,0
2020-11-02 07:00,91,56,35,0,0,0
2020-11-02 07:15,144,92,52,0,0,0
2020-11-02 07:30,255,194,61,0,0,0
2020-11-02 07:45,246,143,103,0,0,0
2020-11-02 08:00,176,104,72,0,0,0
2020-11-02 08:15,147,89,58,0,0,0
2020-11-02 08:30,138,79,59,0,0,0
2020-11-02 08:45,155,89,66,0,0,0
2020-11-02 09:00,105,55,50,0,0,0
2020-11-02 09:15,94,47,47,0,0,0
2020-11-02 09:30,105,58,47,0,0,0
2020-11-02 09:45,138,66,72,0,0,0
2020-11-02 10:00,99,55,44,0,0,0
2020-11-02 10:15,114,64,50,0,0,0
2020-11-02 10:30,93,47,46,0,0,0
2020-11-02 10:45,106,55,51,0,0,0
2020-11-02 11:00,101,54,47,0,0,0
2020-11-02 11:15,89,32,57,0,0,0
2020-11-02 11:30,94,44,50,0,0,0
2020-11-02 11:45,118,63,55,0,0,0
2020-11-02 12:00,135,58,77,0,0,0
2020-11-02 12:15,152,75,77,0,0,0
2020-11-02 12:30,133,65,68,0,0,0
2020-11-02 12:45,127,65,62,0,0,0
2020-11-02 13:00,149,54,95,0,0,0
2020-11-02 13:15,143,59,84,0,0,0
2020-11-02 13:30,136,53,83,0,0,0
2020-11-02 13:45,181,83,98,0,0,0
2020-11-02 14:00,158,75,83,0,0,0
2020-11-02 14:15,184,86,98,0,0,0
2020-11-02 14:30,121,56,65,0,0,0
2020-11-02 14:45,186,69,117,0,0,0
2020-11-02 15:00,132,53,79,0,0,0
2020-11-02 15:15,148,71,77,0,0,0
2020-11-02 15:30,217,64,153,0,0,0
2020-11-02 15:45,180,77,103,0,0,0
2020-11-02 16:00,199,93,106,0,0,0
2020-11-02 16:15,192,84,108,0,0,0
2020-11-02 16:30,199,76,123,0,0,0
2020-11-02 16:45,234,90,144,0,0,0
2020-11-02 17:00,228,83,145,0,0,0
2020-11-02 17:15,164,60,104,0,0,0
2020-11-02 17:30,170,76,94,0,0,0
2020-11-02 17:45,163,65,98,0,0,0
2020-11-02 18:00,141,62,79,0,0,0
2020-11-02 18:15,122,53,69,0,0,0
2020-11-02 18:30,133,56,77,0,0,0
2020-11-02 18:45,84,38,46,0,0,0
2020-11-02 19:00,97,27,70,0,0,0
2020-11-02 19:15,82,33,49,0,0,0
2020-11-02 19:30,78,34,44,0,0,0
2020-11-02 19:45,56,25,31,0,0,0
2020-11-02 20:00,73,31,42,0,0,0
2020-11-02 20:15,82,22,60,0,0,0
2020-11-02 20:30,51,15,36,0,0,0
2020-11-02 20:45,42,13,29,0,0,0
2020-11-02 21:00,44,14,30,0,0,0
2020-11-02 21:15,33,11,22,0,0,0
2020-11-02 21:30,30,11,19,0,0,0
2020-11-02 21:45,26,16,10,0,0,0
2020-11-02 22:00,18,7,11,0,0,0
2020-11-02 22:15,23,14,9,0,0,0
2020-11-02 22:30,21,11,10,0,0,0
2020-11-02 22:45,15,9,6,0,0,0
2020-11-02 23:00,25,13,12,0,0,0
2020-11-02 23:15,16,8,8,0,0,0
2020-11-02 23:30,20,9,11,0,0,0
2020-11-02 23:45,16,4,12,0,0,0
2020-11-03 00:00,9,2,7,0,0,0
2020-11-03 00:15,18,11,7,0,0,0
2020-11-03 00:30,9,2,7,0,0,0
2020-11-03 00:45,8,4,4,0,0,0
2020-11-03 01:00,4,3,1,0,0,0
2020-11-03 01:15,1,0,1,0,0,0
2020-11-03 01:30,8,1,7,0,0,0
2020-11-03 01:45,6,1,5,0,0,0
2020-11-03 02:00,3,1,2,0,0,0
2020-11-03 02:15,2,2,0,0,0,0
2020-11-03 02:30,1,1,0,0,0,0
2020-11-03 02:45,0,0,0,0,0,0
2020-11-03 03:00,2,1,1,0,0,0
2020-11-03 03:15,3,0,3,0,0,0
2020-11-03 03:30,0,0,0,0,0,0
2020-11-03 03:45,1,1,0,0,0,0
2020-11-03 04:00,3,3,0,0,0,0
2020-11-03 04:15,2,0,2,0,0,0
2020-11-03 04:30,7,7,0,0,0,0
2020-11-03 04:45,10,5,5,0,0,0
2020-11-03 05:00,13,8,5,0,0,0
2020-11-03 05:15,15,11,4,0,0,0
2020-11-03 05:30,24,16,8,0,0,0
2020-11-03 05:45,18,15,3,0,0,0
2020-11-03 06:00,28,20,8,0,0,0
2020-11-03 06:15,46,32,14,0,0,0
2020-11-03 06:30,67,49,18,0,0,0
2020-11-03 06:45,76,49,27,0,0,0
2020-11-03 07:00,109,62,47,0,0,0
2020-11-03 07:15,197,142,55,0,0,0
2020-11-03 07:30,334,254,80,0,0,0
2020-11-03 07:45,268,164,104,0,0,0
2020-11-03 08:00,186,123,63,0,0,0
2020-11-03 08:15,195,123,72,0,0,0
2020-11-03 08:30,176,122,54,0,0,0
2020-11-03 08:45,187,113,74,0,0,0
2020-11-03 09:00,118,68,50,0,0,0
2020-11-03 09:15,128,77,51,0,0,0
2020-11-03 09:30,137,80,57,0,0,0
2020-11-03 09:45,144,82,62,0,0,0
2020-11-03 10:00,99,53,46,0,0,0
2020-11-03 10:15,102,60,42,0,0,0
2020-11-03 10:30,107,65,42,0,0,0
2020-11-03 10:45,125,82,43,0,0,0
2020-11-03 11:00,110,68,42,0,0,0
2020-11-03 11:15,135,75,60,0,0,0
2020-11-03 11:30,162,82,80,0,0,0
2020-11-03 11:45,200,107,93,0,0,0
2020-11-03 12:00,180,83,97,0,0,0
2020-11-03 12:15,177,100,77,0,0,0
2020-11-03 12:30,190,87,103,0,0,0
2020-11-03 12:45,207,124,83,0,0,0
2020-11-03 13:00,280,112,168,0,0,0
2020-11-03 13:15,188,92,96,0,0,0
2020-11-03 13:30,184,80,104,0,0,0
2020-11-03 13:45,234,110,124,0,0,0
2020-11-03 14:00,220,93,127,0,0,0
2020-11-03 14:15,169,88,81,0,0,0
2020-11-03 14:30,167,98,69,0,0,0
2020-11-03 14:45,207,102,105,0,0,0
2020-11-03 15:00,201,98,103,0,0,0
2020-11-03 15:15,202,101,101,0,0,0
2020-11-03 15:30,200,85,115,0,0,0
2020-11-03 15:45,208,97,111,0,0,0
2020-11-03 16:00,258,120,138,0,0,0
2020-11-03 16:15,202,101,101,0,0,0
2020-11-03 16:30,232,110,122,0,0,0
2020-11-03 16:45,213,97,116,0,0,0
2020-11-03 17:00,238,103,135,0,0,0
2020-11-03 17:15,225,92,133,0,0,0
2020-11-03 17:30,202,91,111,0,0,0
2020-11-03 17:45,230,107,123,0,0,0
2020-11-03 18:00,193,79,114,0,0,0
2020-11-03 18:15,176,69,107,0,0,0
2020-11-03 18:30,164,58,106,0,0,0
2020-11-03 18:45,145,63,82,0,0,0
2020-11-03 19:00,124,57,67,0,0,0
2020-11-03 19:15,112,45,67,0,0,0
2020-11-03 19:30,92,43,49,0,0,0
2020-11-03 19:45,83,32,51,0,0,0
2020-11-03 20:00,83,34,49,0,0,0
2020-11-03 20:15,52,20,32,0,0,0
2020-11-03 20:30,62,22,40,0,0,0
2020-11-03 20:45,44,12,32,0,0,0
2020-11-03 21:00,52,29,23,0,0,0
2020-11-03 21:15,47,14,33,0,0,0
2020-11-03 21:30,45,20,25,0,0,0
2020-11-03 21:45,37,17,20,0,0,0
2020-11-03 22:00,52,22,30,0,0,0
2020-11-03 22:15,34,16,18,0,0,0
2020-11-03 22:30,32,16,16,0,0,0
2020-11-03 22:45,29,13,16,0,0,0
2020-11-03 23:00,32,9,23,0,0,0
2020-11-03 23:15,34,14,20,0,0,0
2020-11-03 23:30,28,16,12,0,0,0
2020-11-03 23:45,23,15,8,0,0,0
2020-11-04 00:00,20,10,10,0,0,0
2020-11-04 00:15,28,8,20,0,0,0
2020-11-04 00:30,13,7,6,0,0,0
2020-11-04 00:45,9,3,6,0,0,0
2020-11-04 01:00,8,2,6,0,0,0
2020-11-04 01:15,3,1,2,0,0,0
2020-11-04 01:30,4,3,1,0,0,0
2020-11-04 01:45,7,3,4,0,0,0
2020-11-04 02:00,1,0,1,0,0,0
2020-11-04 02:15,2,1,1,0,0,0
2020-11-04 02:30,4,2,2,0,0,0
2020-11-04 02:45,3,2,1,0,0,0
2020-11-04 03:00,5,0,5,0,0,0
2020-11-04 03:15,1,0,1,0,0,0
2020-11-04 03:30,2,1,1,0,0,0
2020-11-04 03:45,3,1,2,0,0,0
2020-11-04 04:00,2,0,2,0,0,0
2020-11-04 04:15,4,1,3,0,0,0
2020-11-04 04:30,4,4,0,0,0,0
2020-11-04 04:45,8,4,4,0,0,0
2020-11-04 05:00,9,6,3,0,0,0
2020-11-04 05:15,15,10,5,0,0,0
2020-11-04 05:30,22,15,7,0,0,0
2020-11-04 05:45,20,17,3,0,0,0
2020-11-04 06:00,27,20,7,0,0,0
2020-11-04 06:15,47,32,15,0,0,0
2020-11-04 06:30,70,49,21,0,0,0
2020-11-04 06:45,82,52,30,0,0,0
2020-11-04 07:00,113,76,37,0,0,0
2020-11-04 07:15,174,129,45,0,0,0
2020-11-04 07:30,305,237,68,0,0,0
2020-11-04 07:45,278,172,106,0,0,0
2020-11-04 08:00,175,102,73,0,0,0
2020-11-04 08:15,166,105,61,0,0,0
2020-11-04 08:30,169,91,78,0,0,0
2020-11-04 08:45,172,99,73,0,0,0
2020-11-04 09:00,129,75,54,0,0,0
2020-11-04 09:15,128,78,50,0,0,0
2020-11-04 09:30,128,74,54,0,0,0
2020-11-04 09:45,143,82,61,0,0,0
2020-11-04 10:00,113,66,47,0,0,0
2020-11-04 10:15,88,48,40,0,0,0
2020-11-04 10:30,89,62,27,0,0,0
2020-11-04 10:45,115,74,41,0,0,0
2020-11-04 11:00,108,57,51,0,0,0
2020-11-04 11:15,121,62,59,0,0,0
2020-11-04 11:30,135,79,56,0,0,0
2020-11-04 11:45,152,97,55,0,0,0
2020-11-04 12:00,151,79,72,0,0,0
2020-11-04 12:15,179,98,81,0,0,0
2020-11-04 12:30,160,74,86,0,0,0
2020-11-04 12:45,179,83,96,0,0,0
2020-11-04 13:00,181,80,101,0,0,0
2020-11-04 13:15,175,85,90,0,0,0
2020-11-04 13:30,207,91,116,0,0,0
2020-11-04 13:45,205,107,98,0,0,0
2020-11-04 14:00,225,97,128,0,0,0
2020-11-04 14:15,168,84,84,0,0,0
2020-11-04 14:30,161,85,76,0,0,0
2020-11-04 14:45,198,90,108,0,0,0
2020-11-04 15:00,178,87,91,0,0,0
2020-11-04 15:15,202,82,120,0,0,0
2020-11-04 15:30,253,91,162,0,0,0
2020-11-04 15:45,226,90,136,0,0,0
2020-11-04 16:00,205,92,113,0,0,0
2020-11-04 16:15,223,114,109,0,0,0
2020-11-04 16:30,208,86,122,0,0,0
2020-11-04 16:45,214,99,115,0,0,0
2020-11-04 17:00,239,100,139,0,0,0
2020-11-04 17:15,221,96,125,0,0,0
2020-11-04 17:30,196,88,108,0,0,0
2020-11-04 17:45,224,112,112,0,0,0
2020-11-04 18:00,175,73,102,0,0,0
2020-11-04 18:15,163,58,105,0,0,0
2020-11-04 18:30,170,75,95,0,0,0
2020-11-04 18:45,161,72,89,0,0,0
2020-11-04 19:00,101,41,60,0,0,0
2020-11-04 19:15,113,55,58,0,0,0
2020-11-04 19:30,101,42,59,0,0,0
2020-11-04 19:45,92,35,57,0,0,0
2020-11-04 20:00,91,41,50,0,0,0
2020-11-04 20:15,82,35,47,0,0,0
2020-11-04 20:30,56,23,33,0,0,0
2020-11-04 20:45,49,20,29,0,0,0
2020-11-04 21:00,52,21,31,0,0,0
2020-11-04 21:15,36,15,21,0,0,0
2020-11-04 21:30,47,18,29,0,0,0
2020-11-04 21:45,32,12,20,0,0,0
2020-11-04 22:00,32,16,16,0,0,0
2020-11-04 22:15,34,15,19,0,0,0
2020-11-04 22:30,29,14,15,0,0,0
2020-11-04 22:45,35,11,24,0,0,0
2020-11-04 23:00,48,24,24,0,0,0
2020-11-04 23:15,30,11,19,0,0,0
2020-11-04 23:30,26,13,13,0,0,0
2020-11-04 23:45,22,12,10,0,0,0
2020-11-05 00:00,28,14,14,0,0,0
2020-11-05 00:15,10,1,9,0,0,0
2020-11-05 00:30,20,10,10,0,0,0
2020-11-05 00:45,13,3,10,0,0,0
2020-11-05 01:00,11,4,7,0,0,0
2020-11-05 01:15,12,4,8,0,0,0
2020-11-05 01:30,4,1,3,0,0,0
2020-11-05 01:45,4,1,3,0,0,0
2020-11-05 02:00,5,2,3,0,0,0
2020-11-05 02:15,6,3,3,0,0,0
2020-11-05 02:30,2,1,1,0,0,0
2020-11-05 02:45,2,1,1,0,0,0
2020-11-05 03:00,2,2,0,0,0,0
2020-11-05 03:15,2,1,1,0,0,0
2020-11-05 03:30,0,0,0,0,0,0
2020-11-05 03:45,0,0,0,0,0,0
2020-11-05 04:00,3,2,1,0,0,0
2020-11-05 04:15,3,3,0,0,0,0
2020-11-05 04:30,4,3,1,0,0,0
2020-11-05 04:45,10,8,2,0,0,0
2020-11-05 05:00,9,5,4,0,0,0
2020-11-05 05:15,18,15,3,0,0,0
2020-11-05 05:30,24,17,7,0,0,0
2020-11-05 05:45,25,19,6,0,0,0
2020-11-05 06:00,22,14,8,0,0,0
2020-11-05 06:15,39,26,13,0,0,0
2020-11-05 06:30,52,39,13,0,0,0
2020-11-05 06:45,76,46,30,0,0,0
2020-11-05 07:00,96,60,36,0,0,0
2020-11-05 07:15,154,115,39,0,0,0
2020-11-05 07:30,242,168,74,0,0,0
2020-11-05 07:45,249,151,98,0,0,0
2020-11-05 08:00,162,104,58,0,0,0
2020-11-05 08:15,148,91,57,0,0,0
2020-11-05 08:30,145,90,55,0,0,0
2020-11-05 08:45,176,96,80,0,0,0
2020-11-05 09:00,104,64,40,0,0,0
2020-11-05 09:15,113,53,60,0,0,0
2020-11-05 09:30,122,68,54,0,0,0
2020-11-05 09:45,133,70,63,0,0,0
2020-11-05 10:00,91,41,50,0,0,0
2020-11-05 10:15,107,52,55,0,0,0
2020-11-05 10:30,98,45,53,0,0,0
2020-11-05 10:45,116,65,51,0,0,0
2020-11-05 11:00,110,57,53,0,0,0
2020-11-05 11:15,115,66,49,0,0,0
2020-11-05 11:30,114,74,40,0,0,0
2020-11-05 11:45,140,71,69,0,0,0
2020-11-05 12:00,141,74,67,0,0,0
2020-11-05 12:15,144,69,75,0,0,0
2020-11-05 12:30,158,73,85,0,0,0
2020-11-05 12:45,176,89,87,0,0,0
2020-11-05 13:00,200,100,100,0,0,0
2020-11-05 13:15,154,77,77,0,0,0
2020-11-05 13:30,184,89,95,0,0,0
2020-11-05 13:45,204,94,110,0,0,0
2020-11-05 14:00,179,76,103,0,0,0
2020-11-05 14:15,168,77,91,0,0,0
2020-11-05 14:30,172,94,78,0,0,0
2020-11-05 14:45,185,85,100,0,0,0
2020-11-05 15:00,176,69,107,0,0,0
2020-11-05 15:15,183,88,95,0,0,0
2020-11-05 15:30,167,71,96,0,0,0
2020-11-05 15:45,220,107,113,0,0,0
2020-11-05 16:00,230,97,133,0,0,0
2020-11-05 16:15,241,114,127,0,0,0
2020-11-05 16:30,187,95,92,0,0,0
2020-11-05 16:45,241,123,118,0,0,0
2020-11-05 17:00,207,83,124,0,0,0
2020-11-05 17:15,244,108,136,0,0,0
2020-11-05 17:30,174,73,101,0,0,0
2020-11-05 17:45,184,80,104,0,0,0
2020-11-05 18:00,178,67,111,0,0,0
2020-11-05 18:15,177,80,97,0,0,0
2020-11-05 18:30,124,58,66,0,0,0
2020-11-05 18:45,144,65,79,0,0,0
2020-11-05 19:00,130,62,68,0,0,0
2020-11-05 19:15,100,55,45,0,0,0
2020-11-05 19:30,106,44,62,0,0,0
2020-11-05 19:45,94,40,54,0,0,0
2020-11-05 20:00,86,31,55,0,0,0
2020-11-05 20:15,65,28,37,0,0,0
2020-11-05 20:30,49,18,31,0,0,0
2020-11-05 20:45,52,20,32,0,0,0
2020-11-05 21:00,41,18,23,0,0,0
2020-11-05 21:15,53,16,37,0,0,0
2020-11-05 21:30,33,13,20,0,0,0
2020-11-05 21:45,31,17,14,0,0,0
2020-11-05 22:00,38,11,27,0,0,0
2020-11-05 22:15,35,11,24,0,0,0
2020-11-05 22:30,32,18,14,0,0,0
2020-11-05 22:45,17,6,11,0,0,0
2020-11-05 23:00,30,11,19,0,0,0
2020-11-05 23:15,17,6,11,0,0,0
2020-11-05 23:30,22,12,10,0,0,0
2020-11-05 23:45,13,5,8,0,0,0
2020-11-06 00:00,8,4,4,0,0,0
2020-11-06 00:15,19,6,13,0,0,0
2020-11-06 00:30,19,9,10,0,0,0
2020-11-06 00:45,6,2,4,0,0,0
2020-11-06 01:00,6,3,3,0,0,0
2020-11-06 01:15,14,4,10,0,0,0
2020-11-06 01:30,7,4,3,0,0,0
2020-11-06 01:45,6,4,2,0,0,0
2020-11-06 02:00,8,4,4,0,0,0
2020-11-06 02:15,3,0,3,0,0,0
2020-11-06 02:30,1,0,1,0,0,0
2020-11-06 02:45,2,1,1,0,0,0
2020-11-06 03:00,1,1,0,0,0,0
2020-11-06 03:15,2,2,0,0,0,0
2020-11-06 03:30,0,0,0,0,0,0
2020-11-06 03:45,1,0,1,0,0,0
2020-11-06 04:00,2,1,1,0,0,0
2020-11-06 04:15,4,1,3,0,0,0
2020-11-06 04:30,6,3,3,0,0,0
2020-11-06 04:45,8,4,4,0,0,0
2020-11-06 05:00,6,4,2,0,0,0
2020-11-06 05:15,11,9,2,0,0,0
2020-11-06 05:30,18,14,4,0,0,0
2020-11-06 05:45,19,16,3,0,0,0
2020-11-06 06:00,20,18,2,0,0,0
2020-11-06 06:15,33,22,11,0,0,0
2020-11-06 06:30,49,30,19,0,0,0
2020-11-06 06:45,57,37,20,0,0,0
2020-11-06 07:00,81,54,27,0,0,0
2020-11-06 07:15,152,104,48,0,0,0
2020-11-06 07:30,249,178,71,0,0,0
2020-11-06 07:45,247,156,91,0,0,0
2020-11-06 08:00,124,82,42,0,0,0
2020-11-06 08:15,155,100,55,0,0,0
2020-11-06 08:30,124,69,55,0,0,0
2020-11-06 08:45,158,86,72,0,0,0
2020-11-06 09:00,114,71,43,0,0,0
2020-11-06 09:15,104,63,41,0,0,0
2020-11-06 09:30,122,83,39,0,0,0
2020-11-06 09:45,157,87,70,0,0,0
2020-11-06 10:00,82,53,29,0,0,0
2020-11-06 10:15,100,60,40,0,0,0
2020-11-06 10:30,80,43,37,0,0,0
2020-11-06 10:45,119,60,59,0,0,0
2020-11-06 11:00,113,55,58,0,0,0
2020-11-06 11:15,113,64,49,0,0,0
2020-11-06 11:30,121,59,62,0,0,0
2020-11-06 11:45,142,94,48,0,0,0
2020-11-06 12:00,171,87,84,0,0,0
2020-11-06 12:15,173,79,94,0,0,0
2020-11-06 12:30,152,73,79,0,0,0
2020-11-06 12:45,200,99,101,0,0,0
2020-11-06 13:00,202,90,112,0,0,0
2020-11-06 13:15,214,88,126,0,0,0
2020-11-06 13:30,188,90,98,0,0,0
2020-11-06 13:45,187,85,102,0,0,0
2020-11-06 14:00,248,117,131,0,0,0
2020-11-06 14:15,194,105,89,0,0,0
2020-11-06 14:30,194,98,96,0,0,0
2020-11-06 14:45,214,101,113,0,0,0
2020-11-06 15:00,231,105,126,0,0,0
2020-11-06 15:15,198,105,93,0,0,0
2020-11-06 15:30,231,119,112,0,0,0
2020-11-06 15:45,192,96,96,0,0,0
2020-11-06 16:00,240,117,123,0,0,0
2020-11-06 16:15,230,125,105,0,0,0
2020-11-06 16:30,200,89,111,0,0,0
2020-11-06 16:45,186,97,89,0,0,0
2020-11-06 17:00,182,80,102,0,0,0
2020-11-06 17:15,205,70,135,0,0,0
2020-11-06 17:30,179,78,101,0,0,0
2020-11-06 17:45,136,57,79,0,0,0
2020-11-06 18:00,130,53,77,0,0,0
2020-11-06 18:15,125,56,69,0,0,0
2020-11-06 18:30,143,56,87,0,0,0
2020-11-06 18:45,136,65,71,0,0,0
2020-11-06 19:00,118,57,61,0,0,0
2020-11-06 19:15,121,51,70,0,0,0
2020-11-06 19:30,109,41,68,0,0,0
2020-11-06 19:45,73,31,42,0,0,0
2020-11-06 20:00,70,38,32,0,0,0
2020-11-06 20:15,62,31,31,0,0,0
2020-11-06 20:30,46,22,24,0,0,0
2020-11-06 20:45,40,21,19,0,0,0
2020-11-06 21:00,23,11,12,0,0,0
2020-11-06 21:15,37,17,20,0,0,0
2020-11-06 21:30,28,17,11,0,0,0
2020-11-06 21:45,24,13,11,0,0,0
2020-11-06 22:00,30,8,22,0,0,0
2020-11-06 22:15,28,13,15,0,0,0
2020-11-06 22:30,29,7,22,0,0,0
2020-11-06 22:45,27,9,18,0,0,0
2020-11-06 23:00,39,11,28,0,0,0
2020-11-06 23:15,24,8,16,0,0,0
2020-11-06 23:30,33,13,20,0,0,0
2020-11-06 23:45,36,7,29,0,0,0
2020-11-07 00:00,36,14,22,0,0,0
2020-11-07 00:15,31,13,18,0,0,0
2020-11-07 00:30,29,10,19,0,0,0
2020-11-07 00:45,25,11,14,0,0,0
2020-11-07 01:00,23,10,13,0,0,0
2020-11-07 01:15,11,5,6,0,0,0
2020-11-07 01:30,30,12,18,0,0,0
2020-11-07 01:45,20,5,15,0,0,0
2020-11-07 02:00,12,5,7,0,0,0
2020-11-07 02:15,6,2,4,0,0,0
2020-11-07 02:30,8,4,4,0,0,0
2020-11-07 02:45,7,4,3,0,0,0
2020-11-07 03:00,8,3,5,0,0,0
2020-11-07 03:15,6,1,5,0,0,0
2020-11-07 03:30,3,0,3,0,0,0
2020-11-07 03:45,5,2,3,0,0,0
2020-11-07 04:00,0,0,0,0,0,0
2020-11-07 04:15,2,0,2,0,0,0
2020-11-07 04:30,1,1,0,0,0,0
2020-11-07 04:45,2,0,2,0,0,0
2020-11-07 05:00,7,2,5,0,0,0
2020-11-07 05:15,11,10,1,0,0,0
2020-11-07 05:30,15,12,3,0,0,0
2020-11-07 05:45,11,8,3,0,0,0
2020-11-07 06:00,8,5,3,0,0,0
2020-11-07 06:15,3,2,1,0,0,0
2020-11-07 06:30,11,7,4,0,0,0
2020-11-07 06:45,9,5,4,0,0,0
2020-11-07 07:00,12,6,6,0,0,0
2020-11-07 07:15,15,9,6,0,0,0
2020-11-07 07:30,26,19,7,0,0,0
2020-11-07 07:45,24,14,10,0,0,0
2020-11-07 08:00,24,14,10,0,0,0
2020-11-07 08:15,34,22,12,0,0,0
2020-11-07 08:30,36,22,14,0,0,0
2020-11-07 08:45,57,35,22,0,0,0
2020-11-07 09:00,62,39,23,0,0,0
2020-11-07 09:15,43,30,13,0,0,0
2020-11-07 09:30,72,39,33,0,0,0
2020-11-07 09:45,100,59,41,0,0,0
2020-11-07 10:00,91,60,31,0,0,0
2020-11-07 10:15,86,58,28,0,0,0
2020-11-07 10:30,106,73,33,0,0,0
2020-11-07 10:45,142,85,57,0,0,0
2020-11-07 11:00,121,78,43,0,0,0
2020-11-07 11:15,112,67,45,0,0,0
2020-11-07 11:30,150,86,64,0,0,0
2020-11-07 11:45,157,96,61,0,0,0
2020-11-07 12:00,150,89,61,0,0,0
2020-11-07 12:15,144,75,69,0,0,0
2020-11-07 12:30,174,99,75,0,0,0
2020-11-07 12:45,218,131,87,0,0,0
2020-11-07 13:00,157,79,78,0,0,0
2020-11-07 13:15,179,92,87,0,0,0
2020-11-07 13:30,191,93,98,0,0,0
2020-11-07 13:45,198,100,98,0,0,0
2020-11-07 14:00,200,105,95,0,0,0
2020-11-07 14:15,154,72,82,0,0,0
2020-11-07 14:30,167,87,80,0,0,0
2020-11-07 14:45,171,96,75,0,0,0
2020-11-07 15:00,193,97,96,0,0,0
2020-11-07 15:15,147,83,64,0,0,0
2020-11-07 15:30,149,71,78,0,0,0
2020-11-07 15:45,189,83,106,0,0,0
2020-11-07 16:00,158,75,83,0,0,0
2020-11-07 16:15,162,75,87,0,0,0
2020-11-07 16:30,171,84,87,0,0,0
2020-11-07 16:45,144,66,78,0,0,0
2020-11-07 17:00,163,61,102,0,0,0
2020-11-07 17:15,129,54,75,0,0,0
2020-11-07 17:30,132,37,95,0,0,0
2020-11-07 17:45,150,44,106,0,0,0
2020-11-07 18:00,142,52,90,0,0,0
2020-11-07 18:15,117,45,72,0,0,0
2020-11-07 18:30,102,38,64,0,0,0
2020-11-07 18:45,114,57,57,0,0,0
2020-11-07 19:00,96,31,65,0,0,0
2020-11-07 19:15,72,33,39,0,0,0
2020-11-07 19:30,65,26,39,0,0,0
2020-11-07 19:45,69,33,36,0,0,0
2020-11-07 20:00,56,20,36,0,0,0
2020-11-07 20:15,47,24,23,0,0,0
2020-11-07 20:30,56,28,28,0,0,0
2020-11-07 20:45,47,18,29,0,0,0
2020-11-07 21:00,44,19,25,0,0,0
2020-11-07 21:15,40,20,20,0,0,0
2020-11-07 21:30,36,14,22,0,0,0
2020-11-07 21:45,16,8,8,0,0,0
2020-11-07 22:00,25,13,12,0,0,0
2020-11-07 22:15,19,6,13,0,0,0
2020-11-07 22:30,23,10,13,0,0,0
2020-11-07 22:45,28,19,9,0,0,0
2020-11-07 23:00,47,16,31,0,0,0
2020-11-07 23:15,28,14,14,0,0,0
2020-11-07 23:30,33,12,21,0,0,0
2020-11-07 23:45,43,17,26,0,0,0
2020-11-08 00:00,42,20,22,0,0,0
2020-11-08 00:15,21,8,13,0,0,0
2020-11-08 00:30,22,10,12,0,0,0
2020-11-08 00:45,31,19,12,0,0,0
2020-11-08 01:00,24,10,14,0,0,0
2020-11-08 01:15,20,10,10,0,0,0
2020-11-08 01:30,26,9,17,0,0,0
2020-11-08 01:45,24,8,16,0,0,0
2020-11-08 02:00,19,4,15,0,0,0
2020-11-08 02:15,16,4,12,0,0,0
2020-11-08 02:30,15,8,7,0,0,0
2020-11-08 02:45,9,7,2,0,0,0
2020-11-08 03:00,7,4,3,0,0,0
2020-11-08 03:15,4,3,1,0,0,0
2020-11-08 03:30,4,1,3,0,0,0
2020-11-08 03:45,8,1,7,0,0,0
2020-11-08 04:00,1,1,0,0,0,0
2020-11-08 04:15,2,1,1,0,0,0
2020-11-08 04:30,1,0,1,0,0,0
2020-11-08 04:45,2,1,1,0,0,0
2020-11-08 05:00,0,0,0,0,0,0
2020-11-08 05:15,6,4,2,0,0,0
2020-11-08 05:30,2,1,1,0,0,0
2020-11-08 05:45,0,0,0,0,0,0
2020-11-08 06:00,6,3,3,0,0,0
2020-11-08 06:15,6,2,4,0,0,0
2020-11-08 06:30,6,4,2,0,0,0
2020-11-08 06:45,5,1,4,0,0,0
2020-11-08 07:00,4,2,2,0,0,0
2020-11-08 07:15,7,2,5,0,0,0
2020-11-08 07:30,10,3,7,0,0,0
2020-11-08 07:45,8,5,3,0,0,0
2020-11-08 08:00,8,4,4,0,0,0
2020-11-08 08:15,4,3,1,0,0,0
2020-11-08 08:30,12,7,5,0,0,0
2020-11-08 08:45,17,11,6,0,0,0
2020-11-08 09:00,25,13,12,0,0,0
2020-11-08 09:15,33,16,17,0,0,0
2020-11-08 09:30,28,12,16,0,0,0
2020-11-08 09:45,51,33,18,0,0,0
2020-11-08 10:00,24,14,10,0,0,0
2020-11-08 10:15,38,24,14,0,0,0
2020-11-08 10:30,59,32,27,0,0,0
2020-11-08 10:45,60,27,33,0,0,0
2020-11-08 11:00,50,22,28,0,0,0
2020-11-08 11:15,68,34,34,0,0,0
2020-11-08 11:30,53,24,29,0,0,0
2020-11-08 11:45,83,52,31,0,0,0
2020-11-08 12:00,77,40,37,0,0,0
2020-11-08 12:15,87,44,43,0,0,0
2020-11-08 12:30,92,48,44,0,0,0
2020-11-08 12:45,125,63,62,0,0,0
2020-11-08 13:00,86,44,42,0,0,0
2020-11-08 13:15,100,52,48,0,0,0
2020-11-08 13:30,108,49,59,0,0,0
2020-11-08 13:45,135,65,70,0,0,0
2020-11-08 14:00,142,90,52,0,0,0
2020-11-08 14:15,145,89,56,0,0,0
2020-11-08 14:30,143,82,61,0,0,0
2020-11-08 14:45,144,88,56,0,0,0
2020-11-08 15:00,144,68,76,0,0,0
2020-11-08 15:15,117,68,49,0,0,0
2020-11-08 15:30,116,59,57,0,0,0
2020-11-08 15:45,144,93,51,0,0,0
2020-11-08 16:00,154,73,81,0,0,0
2020-11-08 16:15,117,52,65,0,0,0
2020-11-08 16:30,117,51,66,0,0,0
2020-11-08 16:45,133,62,71,0,0,0
2020-11-08 17:00,105,43,62,0,0,0
2020-11-08 17:15,101,36,65,0,0,0
2020-11-08 17:30,124,63,61,0,0,0
2020-11-08 17:45,106,46,60,0,0,0
2020-11-08 18:00,117,43,74,0,0,0
2020-11-08 18:15,81,42,39,0,0,0
2020-11-08 18:30,63,27,36,0,0,0
2020-11-08 18:45,90,53,37,0,0,0
2020-11-08 19:00,63,31,32,0,0,0
2020-11-08 19:15,58,21,37,0,0,0
2020-11-08 19:30,58,20,38,0,0,0
2020-11-08 19:45,57,18,39,0,0,0
2020-11-08 20:00,68,23,45,0,0,0
2020-11-08 20:15,35,13,22,0,0,0
2020-11-08 20:30,36,8,28,0,0,0
2020-11-08 20:45,24,12,12,0,0,0
2020-11-08 21:00,23,6,17,0,0,0
2020-11-08 21:15,39,16,23,0,0,0
2020-11-08 21:30,25,8,17,0,0,0
2020-11-08 21:45,33,15,18,0,0,0
2020-11-08 22:00,24,10,14,0,0,0
2020-11-08 22:15,21,8,13,0,0,0
2020-11-08 22:30,22,7,15,0,0,0
2020-11-08 22:45,21,6,15,0,0,0
2020-11-08 23:00,23,6,17,0,0,0
2020-11-08 23:15,12,6,6,0,0,0
2020-11-08 23:30,18,10,8,0,0,0
2020-11-08 23:45,18,8,10,0,0,0
2020-11-09 00:00,8,2,6,0,0,0
2020-11-09 00:15,8,0,8,0,0,0
2020-11-09 00:30,7,1,6,0,0,0
2020-11-09 00:45,9,3,6,0,0,0
2020-11-09 01:00,4,1,3,0,0,0
2020-11-09 01:15,2,1,1,0,0,0
2020-11-09 01:30,0,0,0,0,0,0
2020-11-09 01:45,1,1,0,0,0,0
2020-11-09 02:00,6,2,4,0,0,0
2020-11-09 02:15,1,1,0,0,0,0
2020-11-09 02:30,1,0,1,0,0,0
2020-11-09 02:45,3,1,2,0,0,0
2020-11-09 03:00,5,3,2,0,0,0
2020-11-09 03:15,3,1,2,0,0,0
2020-11-09 03:30,0,0,0,0,0,0
2020-11-09 03:45,0,0,0,0,0,0
2020-11-09 04:00,0,0,0,0,0,0
2020-11-09 04:15,0,0,0,0,0,0
2020-11-09 04:30,7,5,2,0,0,0
2020-11-09 04:45,6,3,3,0,0,0
2020-11-09 05:00,3,3,0,0,0,0
2020-11-09 05:15,13,6,7,0,0,0
2020-11-09 05:30,21,14,7,0,0,0
2020-11-09 05:45,24,19,5,0,0,0
2020-11-09 06:00,30,20,10,0,0,0
2020-11-09 06:15,42,21,21,0,0,0
2020-11-09 06:30,71,52,19,0,0,0
2020-11-09 06:45,80,55,25,0,0,0
2020-11-09 07:00,103,67,36,0,0,0
2020-11-09 07:15,188,132,56,0,0,0
2020-11-09 07:30,275,212,63,0,0,0
2020-11-09 07:45,279,165,114,0,0,0
2020-11-09 08:00,168,95,73,0,0,0
2020-11-09 08:15,161,96,65,0,0,0
2020-11-09 08:30,155,100,55,0,0,0
2020-11-09 08:45,180,100,80,0,0,0
2020-11-09 09:00,129,72,57,0,0,0
2020-11-09 09:15,103,55,48,0,0,0
2020-11-09 09:30,122,70,52,0,0,0
2020-11-09 09:45,143,77,66,0,0,0
2020-11-09 10:00,119,57,62,0,0,0
2020-11-09 10:15,103,59,44,0,0,0
2020-11-09 10:30,80,49,31,0,0,0
2020-11-09 10:45,78,48,30,0,0,0
2020-11-09 11:00,105,52,53,0,0,0
2020-11-09 11:15,123,61,62,0,0,0
2020-11-09 11:30,124,65,59,0,0,0
2020-11-09 11:45,127,70,57,0,0,0
2020-11-09 12:00,133,70,63,0,0,0
2020-11-09 12:15,125,68,57,0,0,0
2020-11-09 12:30,142,71,71,0,0,0
2020-11-09 12:45,153,67,86,0,0,0
2020-11-09 13:00,191,74,117,0,0,0
2020-11-09 13:15,178,103,75,0,0,0
2020-11-09 13:30,133,65,68,0,0,0
2020-11-09 13:45,185,97,88,0,0,0
2020-11-09 14:00,208,93,115,0,0,0
2020-11-09 14:15,165,91,74,0,0,0
2020-11-09 14:30,159,76,83,0,0,0
2020-11-09 14:45,194,92,102,0,0,0
2020-11-09 15:00,193,90,103,0,0,0
2020-11-09 15:15,154,83,71,0,0,0
2020-11-09 15:30,256,89,167,0,0,0
2020-11-09 15:45,250,112,138,0,0,0
2020-11-09 16:00,216,94,122,0,0,0
2020-11-09 16:15,235,112,123,0,0,0
2020-11-09 16:30,272,129,143,0,0,0
2020-11-09 16:45,231,126,105,0,0,0
2020-11-09 17:00,224,83,141,0,0,0
2020-11-09 17:15,239,92,147,0,0,0
2020-11-09 17:30,226,99,127,0,0,0
2020-11-09 17:45,215,100,115,0,0,0
2020-11-09 18:00,180,92,88,0,0,0
2020-11-09 18:15,166,69,97,0,0,0
2020-11-09 18:30,119,44,75,0,0,0
2020-11-09 18:45,149,70,79,0,0,0
2020-11-09 19:00,113,62,51,0,0,0
2020-11-09 19:15,100,39,61,0,0,0
2020-11-09 19:30,86,30,56,0,0,0
2020-11-09 19:45,85,34,51,0,0,0
2020-11-09 20:00,102,41,61,0,0,0
2020-11-09 20:15,60,20,40,0,0,0
2020-11-09 20:30,71,31,40,0,0,0
2020-11-09 20:45,37,15,22,0,0,0
2020-11-09 21:00,38,16,22,0,0,0
2020-11-09 21:15,34,16,18,0,0,0
2020-11-09 21:30,30,10,20,0,0,0
2020-11-09 21:45,36,14,22,0,0,0
2020-11-09 22:00,30,9,21,0,0,0
2020-11-09 22:15,26,7,19,0,0,0
2020-11-09 22:30,31,11,20,0,0,0
2020-11-09 22:45,23,8,15,0,0,0
2020-11-09 23:00,27,4,23,0,0,0
2020-11-09 23:15,22,11,11,0,0,0
2020-11-09 23:30,14,8,6,0,0,0
2020-11-09 23:45,16,5,11,0,0,0
2020-11-10 00:00,20,3,17,0,0,0
2020-11-10 00:15,25,9,16,0,0,0
2020-11-10 00:30,4,2,2,0,0,0
2020-11-10 00:45,15,5,10,0,0,0
2020-11-10 01:00,10,1,9,0,0,0
2020-11-10 01:15,10,4,6,0,0,0
2020-11-10 01:30,7,1,6,0,0,0
2020-11-10 01:45,1,1,0,0,0,0
2020-11-10 02:00,4,1,3,0,0,0
2020-11-10 02:15,3,1,2,0,0,0
2020-11-10 02:30,0,0,0,0,0,0
2020-11-10 02:45,0,0,0,0,0,0
2020-11-10 03:00,0,0,0,0,0,0
2020-11-10 03:15,4,1,3,0,0,0
2020-11-10 03:30,3,3,0,0,0,0
2020-11-10 03:45,1,1,0,0,0,0
2020-11-10 04:00,1,1,0,0,0,0
2020-11-10 04:15,0,0,0,0,0,0
2020-11-10 04:30,4,3,1,0,0,0
2020-11-10 04:45,6,3,3,0,0,0
2020-11-10 05:00,7,5,2,0,0,0
2020-11-10 05:15,14,8,6,0,0,0
2020-11-10 05:30,35,25,10,0,0,0
2020-11-10 05:45,21,15,6,0,0,0
2020-11-10 06:00,32,19,13,0,0,0
2020-11-10 06:15,55,33,22,0,0,0
2020-11-10 06:30,64,39,25,0,0,0
2020-11-10 06:45,88,61,27,0,0,0
2020-11-10 07:00,96,59,37,0,0,0
2020-11-10 07:15,183,141,42,0,0,0
2020-11-10 07:30,265,198,67,0,0,0
2020-11-10 07:45,253,156,97,0,0,0
2020-11-10 08:00,160,99,61,0,0,0
2020-11-10 08:15,151,91,60,0,0,0
2020-11-10 08:30,139,85,54,0,0,0
2020-11-10 08:45,169,105,64,0,0,0
2020-11-10 09:00,121,66,55,0,0,0
2020-11-10 09:15,118,66,52,0,0,0
2020-11-10 09:30,138,80,58,0,0,0
2020-11-10 09:45,135,65,70,0,0,0
2020-11-10 10:00,91,50,41,0,0,0
2020-11-10 10:15,87,48,39,0,0,0
2020-11-10 10:30,102,59,43,0,0,0
2020-11-10 10:45,114,67,47,0,0,0
2020-11-10 11:00,85,44,41,0,0,0
2020-11-10 11:15,120,53,67,0,0,0
2020-11-10 11:30,94,47,47,0,0,0
2020-11-10 11:45,158,85,73,0,0,0
2020-11-10 12:00,160,76,84,0,0,0
2020-11-10 12:15,170,91,79,0,0,0
2020-11-10 12:30,160,78,82,0,0,0
2020-11-10 12:45,156,81,75,0,0,0
2020-11-10 13:00,254,92,162,0,0,0
2020-11-10 13:15,215,84,131,0,0,0
2020-11-10 13:30,201,91,110,0,0,0
2020-11-10 13:45,183,85,98,0,0,0
2020-11-10 14:00,221,108,113,0,0,0
2020-11-10 14:15,180,99,81,0,0,0
2020-11-10 14:30,165,72,93,0,0,0
2020-11-10 14:45,194,102,92,0,0,0
2020-11-10 15:00,197,101,96,0,0,0
2020-11-10 15:15,162,73,89,0,0,0
2020-11-10 15:30,195,90,105,0,0,0
2020-11-10 15:45,206,105,101,0,0,0
2020-11-10 16:00,228,112,116,0,0,0
2020-11-10 16:15,214,99,115,0,0,0
2020-11-10 16:30,217,106,111,0,0,0
2020-11-10 16:45,178,75,103,0,0,0
2020-11-10 17:00,201,97,104,0,0,0
2020-11-10 17:15,238,102,136,0,0,0
2020-11-10 17:30,208,84,124,0,0,0
2020-11-10 17:45,206,85,121,0,0,0
2020-11-10 18:00,186,85,101,0,0,0
2020-11-10 18:15,180,84,96,0,0,0
2020-11-10 18:30,160,66,94,0,0,0
2020-11-10 18:45,128,49,79,0,0,0
2020-11-10 19:00,142,68,74,0,0,0
2020-11-10 19:15,114,44,70,0,0,0
2020-11-10 19:30,76,39,37,0,0,0
2020-11-10 19:45,80,35,45,0,0,0
2020-11-10 20:00,70,33,37,0,0,0
2020-11-10 20:15,81,29,52,0,0,0
2020-11-10 20:30,48,24,24,0,0,0
2020-11-10 20:45,38,16,22,0,0,0
2020-11-10 21:00,52,15,37,0,0,0
2020-11-10 21:15,33,18,15,0,0,0
2020-11-10 21:30,24,9,15,0,0,0
2020-11-10 21:45,48,19,29,0,0,0
2020-11-10 22:00,33,10,23,0,0,0
2020-11-10 22:15,27,14,13,0,0,0
2020-11-10 22:30,32,16,16,0,0,0
2020-11-10 22:45,29,7,22,0,0,0
2020-11-10 23:00,29,13,16,0,0,0
2020-11-10 23:15,23,11,12,0,0,0
2020-11-10 23:30,25,8,17,0,0,0
2020-11-10 23:45,19,7,12,0,0,0
2020-11-11 00:00,18,10,8,0,0,0
2020-11-11 00:15,19,12,7,0,0,0
2020-11-11 00:30,15,7,8,0,0,0
2020-11-11 00:45,9,0,9,0,0,0
2020-11-11 01:00,11,5,6,0,0,0
2020-11-11 01:15,5,3,2,0,0,0
2020-11-11 01:30,9,5,4,0,0,0
2020-11-11 01:45,2,0,2,0,0,0
2020-11-11 02:00,6,0,6,0,0,0
2020-11-11 02:15,5,2,3,0,0,0
2020-11-11 02:30,4,2,2,0,0,0
2020-11-11 02:45,3,2,1,0,0,0
2020-11-11 03:00,2,1,1,0,0,0
2020-11-11 03:15,2,0,2,0,0,0
2020-11-11 03:30,0,0,0,0,0,0
2020-11-11 03:45,1,1,0,0,0,0
2020-11-11 04:00,1,1,0,0,0,0
2020-11-11 04:15,0,0,0,0,0,0
2020-11-11 04:30,6,4,2,0,0,0
2020-11-11 04:45,8,5,3,0,0,0
2020-11-11 05:00,8,8,0,0,0,0
2020-11-11 05:15,17,16,1,0,0,0
2020-11-11 05:30,20,11,9,0,0,0
2020-11-11 05:45,22,19,3,0,0,0
2020-11-11 06:00,24,17,7,0,0,0
2020-11-11 06:15,51,31,20,0,0,0
2020-11-11 06:30,61,43,18,0,0,0
2020-11-11 06:45,84,66,18,0,0,0
2020-11-11 07:00,85,59,26,0,0,0
2020-11-11 07:15,178,132,46,0,0,0
2020-11-11 07:30,260,217,43,0,0,0
2020-11-11 07:45,280,183,97,0,0,0
2020-11-11 08:00,203,110,93,0,0,0
2020-11-11 08:15,163,103,60,0,0,0
2020-11-11 08:30,145,93,52,0,0,0
2020-11-11 08:45,162,94,68,0,0,0
2020-11-11 09:00,131,71,60,0,0,0
2020-11-11 09:15,130,70,60,0,0,0
2020-11-11 09:30,128,80,48,0,0,0
2020-11-11 09:45,135,79,56,0,0,0
2020-11-11 10:00,101,56,45,0,0,0
2020-11-11 10:15,94,54,40,0,0,0
2020-11-11 10:30,88,52,36,0,0,0
2020-11-11 10:45,127,76,51,0,0,0
2020-11-11 11:00,124,79,45,0,0,0
2020-11-11 11:15,110,58,52,0,0,0
2020-11-11 11:30,121,63,58,0,0,0
2020-11-11 11:45,147,65,82,0,0,0
2020-11-11 12:00,140,63,77,0,0,0
2020-11-11 12:15,177,95,82,0,0,0
2020-11-11 12:30,147,77,70,0,0,0
2020-11-11 12:45,186,88,98,0,0,0
2020-11-11 13:00,205,85,120,0,0,0
2020-11-11 13:15,188,82,106,0,0,0
2020-11-11 13:30,187,100,87,0,0,0
2020-11-11 13:45,181,83,98,0,0,0
2020-11-11 14:00,177,81,96,0,0,0
2020-11-11 14:15,169,66,103,0,0,0
2020-11-11 14:30,111,57,54,0,0,0
2020-11-11 14:45,168,86,82,0,0,0
2020-11-11 15:00,163,88,75,0,0,0
2020-11-11 15:15,166,72,94,0,0,0
2020-11-11 15:30,258,100,158,0,0,0
2020-11-11 15:45,204,99,105,0,0,0
2020-11-11 16:00,186,86,100,0,0,0
2020-11-11 16:15,212,106,106,0,0,0
2020-11-11 16:30,186,89,97,0,0,0
2020-11-11 16:45,201,96,105,0,0,0
2020-11-11 17:00,186,76,110,0,0,0
2020-11-11 17:15,201,80,121,0,0,0
2020-11-11 17:30,174,77,97,0,0,0
2020-11-11 17:45,199,101,98,0,0,0
2020-11-11 18:00,187,78,109,0,0,0
2020-11-11 18:15,190,79,111,0,0,0
2020-11-11 18:30,128,59,69,0,0,0
2020-11-11 18:45,143,57,86,0,0,0
2020-11-11 19:00,134,67,67,0,0,0
2020-11-11 19:15,110,59,51,0,0,0
2020-11-11 19:30,87,34,53,0,0,0
2020-11-11 19:45,107,48,59,0,0,0
2020-11-11 20:00,79,27,52,0,0,0
2020-11-11 20:15,57,25,32,0,0,0
2020-11-11 20:30,72,24,48,0,0,0
2020-11-11 20:45,44,14,30,0,0,0
2020-11-11 21:00,41,13,28,0,0,0
2020-11-11 21:15,42,15,27,0,0,0
2020-11-11 21:30,53,18,35,0,0,0
2020-11-11 21:45,36,14,22,0,0,0
2020-11-11 22:00,51,16,35,0,0,0
2020-11-11 22:15,24,6,18,0,0,0
2020-11-11 22:30,40,22,18,0,0,0
2020-11-11 22:45,47,21,26,0,0,0
2020-11-11 23:00,41,19,22,0,0,0
2020-11-11 23:15,36,19,17,0,0,0
2020-11-11 23:30,29,14,15,0,0,0
2020-11-11 23:45,25,12,13,0,0,0
2020-11-12 00:00,22,13,9,0,0,0
2020-11-12 00:15,31,9,22,0,0,0
2020-11-12 00:30,16,9,7,0,0,0
2020-11-12 00:45,18,8,10,0,0,0
2020-11-12 01:00,10,2,8,0,0,0
2020-11-12 01:15,10,6,4,0,0,0
2020-11-12 01:30,4,1,3,0,0,0
2020-11-12 01:45,13,7,6,0,0,0
2020-11-12 02:00,8,3,5,0,0,0
2020-11-12 02:15,1,1,0,0,0,0
2020-11-12 02:30,6,1,5,0,0,0
2020-11-12 02:45,8,4,4,0,0,0
2020-11-12 03:00,1,1,0,0,0,0
2020-11-12 03:15,5,4,1,0,0,0
2020-11-12 03:30,1,1,0,0,0,0
2020-11-12 03:45,0,0,0,0,0,0
2020-11-12 04:00,1,1,0,0,0,0
2020-11-12 04:15,2,2,0,0,0,0
2020-11-12 04:30,2,2,0,0,0,0
2020-11-12 04:45,6,4,2,0,0,0
2020-11-12 05:00,6,6,0,0,0,0
2020-11-12 05:15,17,10,7,0,0,0
2020-11-12 05:30,17,12,5,0,0,0
2020-11-12 05:45,26,21,5,0,0,0
2020-11-12 06:00,30,19,11,0,0,0
2020-11-12 06:15,38,25,13,0,0,0
2020-11-12 06:30,48,31,17,0,0,0
2020-11-12 06:45,87,61,26,0,0,0
2020-11-12 07:00,84,55,29,0,0,0
2020-11-12 07:15,138,97,41,0,0,0
2020-11-12 07:30,239,175,64,0,0,0
2020-11-12 07:45,286,195,91,0,0,0
2020-11-12 08:00,204,138,66,0,0,0
2020-11-12 08:15,167,101,66,0,0,0
2020-11-12 08:30,147,84,63,0,0,0
2020-11-12 08:45,173,107,66,0,0,0
2020-11-12 09:00,141,74,67,0,0,0
2020-11-12 09:15,99,60,39,0,0,0
2020-11-12 09:30,99,64,35,0,0,0
2020-11-12 09:45,129,68,61,0,0,0
2020-11-12 10:00,85,43,42,0,0,0
2020-11-12 10:15,100,61,39,0,0,0
2020-11-12 10:30,87,41,46,0,0,0
2020-11-12 10:45,88,55,33,0,0,0
2020-11-12 11:00,84,49,35,0,0,0
2020-11-12 11:15,113,69,44,0,0,0
2020-11-12 11:30,120,71,49,0,0,0
2020-11-12 11:45,152,79,73,0,0,0
2020-11-12 12:00,148,74,74,0,0,0
2020-11-12 12:15,122,70,52,0,0,0
2020-11-12 12:30,161,93,68,0,0,0
2020-11-12 12:45,174,86,88,0,0,0
2020-11-12 13:00,148,71,77,0,0,0
2020-11-12 13:15,191,91,100,0,0,0
2020-11-12 13:30,183,64,119,0,0,0
2020-11-12 13:45,198,94,104,0,0,0
2020-11-12 14:00,161,77,84,0,0,0
2020-11-12 14:15,168,82,86,0,0,0
2020-11-12 14:30,157,76,81,0,0,0
2020-11-12 14:45,205,111,94,0,0,0
2020-11-12 15:00,177,83,94,0,0,0
2020-11-12 15:15,167,82,85,0,0,0
2020-11-12 15:30,221,79,142,0,0,0
2020-11-12 15:45,246,114,132,0,0,0
2020-11-12 16:00,239,111,128,0,0,0
2020-11-12 16:15,217,100,117,0,0,0
2020-11-12 16:30,209,94,115,0,0,0
2020-11-12 16:45,204,97,107,0,0,0
2020-11-12 17:00,185,68,117,0,0,0
2020-11-12 17:15,178,67,111,0,0,0
2020-11-12 17:30,186,85,101,0,0,0
2020-11-12 17:45,194,76,118,0,0,0
2020-11-12 18:00,184,87,97,0,0,0
2020-11-12 18:15,189,94,95,0,0,0
2020-11-12 18:30,146,69,77,0,0,0
2020-11-12 18:45,151,53,98,0,0,0
2020-11-12 19:00,143,59,84,0,0,0
2020-11-12 19:15,99,50,49,0,0,0
2020-11-12 19:30,85,38,47,0,0,0
2020-11-12 19:45,98,44,54,0,0,0
2020-11-12 20:00,54,21,33,0,0,0
2020-11-12 20:15,84,39,45,0,0,0
2020-11-12 20:30,51,18,33,0,0,0
2020-11-12 20:45,31,14,17,0,0,0
2020-11-12 21:00,55,27,28,0,0,0
2020-11-12 21:15,42,15,27,0,0,0
2020-11-12 21:30,35,17,18,0,0,0
2020-11-12 21:45,33,13,20,0,0,0
2020-11-12 22:00,27,12,15,0,0,0
2020-11-12 22:15,33,13,20,0,0,0
2020-11-12 22:30,47,25,22,0,0,0
2020-11-12 22:45,29,11,18,0,0,0
2020-11-12 23:00,28,10,18,0,0,0
2020-11-12 23:15,24,9,15,0,0,0
2020-11-12 23:30,25,12,13,0,0,0
2020-11-12 23:45,15,4,11,0,0,0
2020-11-13 00:00,17,5,12,0,0,0
2020-11-13 00:15,19,1,18,0,0,0
2020-11-13 00:30,15,4,11,0,0,0
2020-11-13 00:45,12,3,9,0,0,0
2020-11-13 01:00,7,2,5,0,0,0
2020-11-13 01:15,8,6,2,0,0,0
2020-11-13 01:30,12,4,8,0,0,0
2020-11-13 01:45,4,1,3,0,0,0
2020-11-13 02:00,3,0,3,0,0,0
2020-11-13 02:15,3,2,1,0,0,0
2020-11-13 02:30,1,0,1,0,0,0
2020-11-13 02:45,3,1,2,0,0,0
2020-11-13 03:00,2,1,1,0,0,0
2020-11-13 03:15,1,0,1,0,0,0
2020-11-13 03:30,3,2,1,0,0,0
2020-11-13 03:45,2,0,2,0,0,0
2020-11-13 04:00,1,1,0,0,0,0
2020-11-13 04:15,2,1,1,0,0,0
2020-11-13 04:30,3,3,0,0,0,0
2020-11-13 04:45,5,3,2,0,0,0
2020-11-13 05:00,4,3,1,0,0,0
2020-11-13 05:15,11,10,1,0,0,0
2020-11-13 05:30,23,15,8,0,0,0
2020-11-13 05:45,21,14,7,0,0,0
2020-11-13 06:00,22,15,7,0,0,0
2020-11-13 06:15,37,20,17,0,0,0
2020-11-13 06:30,34,22,12,0,0,0
2020-11-13 06:45,59,44,15,0,0,0
2020-11-13 07:00,72,46,26,0,0,0
2020-11-13 07:15,98,60,38,0,0,0
2020-11-13 07:30,216,148,68,0,0,0
2020-11-13 07:45,267,175,92,0,0,0
2020-11-13 08:00,227,148,79,0,0,0
2020-11-13 08:15,153,103,50,0,0,0
2020-11-13 08:30,148,82,66,0,0,0
2020-11-13 08:45,157,93,64,0,0,0
2020-11-13 09:00,125,70,55,0,0,0
2020-11-13 09:15,104,54,50,0,0,0
2020-11-13 09:30,150,102,48,0,0,0
2020-11-13 09:45,154,91,63,0,0,0
2020-11-13 10:00,123,65,58,0,0,0
2020-11-13 10:15,103,62,41,0,0,0
2020-11-13 10:30,122,59,63,0,0,0
2020-11-13 10:45,149,76,73,0,0,0
2020-11-13 11:00,108,59,49,0,0,0
2020-11-13 11:15,135,73,62,0,0,0
2020-11-13 11:30,160,85,75,0,0,0
2020-11-13 11:45,165,85,80,0,0,0
2020-11-13 12:00,177,93,84,0,0,0
2020-11-13 12:15,147,73,74,0,0,0
2020-11-13 12:30,198,89,109,0,0,0
2020-11-13 12:45,190,110,80,0,0,0
2020-11-13 13:00,239,96,143,0,0,0
2020-11-13 13:15,226,97,129,0,0,0
2020-11-13 13:30,205,68,137,0,0,0
2020-11-13 13:45,210,103,107,0,0,0
2020-11-13 14:00,196,92,104,0,0,0
2020-11-13 14:15,184,86,98,0,0,0
2020-11-13 14:30,213,92,121,0,0,0
2020-11-13 14:45,184,98,86,0,0,0
2020-11-13 15:00,182,98,84,0,0,0
2020-11-13 15:15,196,97,99,0,0,0
2020-11-13 15:30,190,89,101,0,0,0
2020-11-13 15:45,202,118,84,0,0,0
2020-11-13 16:00,168,77,91,0,0,0
2020-11-13 16:15,220,112,108,0,0,0
2020-11-13 16:30,193,93,100,0,0,0
2020-11-13 16:45,175,89,86,0,0,0
2020-11-13 17:00,169,66,103,0,0,0
2020-11-13 17:15,146,67,79,0,0,0
2020-11-13 17:30,176,77,99,0,0,0
2020-11-13 17:45,155,61,94,0,0,0
2020-11-13 18:00,148,69,79,0,0,0
2020-11-13 18:15,120,43,77,0,0,0
2020-11-13 18:30,117,51,66,0,0,0
2020-11-13 18:45,133,56,77,0,0,0
2020-11-13 19:00,121,56,65,0,0,0
2020-11-13 19:15,103,53,50,0,0,0
2020-11-13 19:30,96,42,54,0,0,0
2020-11-13 19:45,75,29,46,0,0,0
2020-11-13 20:00,75,37,38,0,0,0
2020-11-13 20:15,67,28,39,0,0,0
2020-11-13 20:30,47,15,32,0,0,0
2020-11-13 20:45,47,28,19,0,0,0
2020-11-13 21:00,44,16,28,0,0,0
2020-11-13 21:15,41,21,20,0,0,0
2020-11-13 21:30,39,20,19,0,0,0
2020-11-13 21:45,30,9,21,0,0,0
2020-11-13 22:00,30,6,24,0,0,0
2020-11-13 22:15,17,8,9,0,0,0
2020-11-13 22:30,28,7,21,0,0,0
2020-11-13 22:45,31,12,19,0,0,0
2020-11-13 23:00,22,11,11,0,0,0
2020-11-13 23:15,22,10,12,0,0,0
2020-11-13 23:30,21,8,13,0,0,0
2020-11-13 23:45,32,17,15,0,0,0
2020-11-14 00:00,23,6,17,0,0,0
2020-11-14 00:15,15,4,11,0,0,0
2020-11-14 00:30,26,15,11,0,0,0
2020-11-14 00:45,28,14,14,0,0,0
2020-11-14 01:00,19,14,5,0,0,0
2020-11-14 01:15,17,6,11,0,0,0
2020-11-14 01:30,24,17,7,0,0,0
2020-11-14 01:45,25,6,19,0,0,0
2020-11-14 02:00,9,4,5,0,0,0
2020-11-14 02:15,8,7,1,0,0,0
2020-11-14 02:30,10,3,7,0,0,0
2020-11-14 02:45,5,1,4,0,0,0
2020-11-14 03:00,11,1,10,0,0,0
2020-11-14 03:15,11,5,6,0,0,0
2020-11-14 03:30,11,2,9,0,0,0
2020-11-14 03:45,8,3,5,0,0,0
2020-11-14 04:00,2,2,0,0,0,0
2020-11-14 04:15,3,2,1,0,0,0
2020-11-14 04:30,5,3,2,0,0,0
2020-11-14 04:45,4,1,3,0,0,0
2020-11-14 05:00,5,3,2,0,0,0
2020-11-14 05:15,6,3,3,0,0,0
2020-11-14 05:30,18,12,6,0,0,0
2020-11-14 05:45,11,9,2,0,0,0
2020-11-14 06:00,5,3,2,0,0,0
2020-11-14 06:15,7,4,3,0,0,0
2020-11-14 06:30,7,6,1,0,0,0
2020-11-14 06:45,12,7,5,0,0,0
2020-11-14 07:00,1,1,0,0,0,0
2020-11-14 07:15,6,4,2,0,0,0
2020-11-14 07:30,23,17,6,0,0,0
2020-11-14 07:45,23,17,6,0,0,0
2020-11-14 08:00,22,13,9,0,0,0
2020-11-14 08:15,31,16,15,0,0,0
2020-11-14 08:30,39,25,14,0,0,0
2020-11-14 08:45,56,35,21,0,0,0
2020-11-14 09:00,41,24,17,0,0,0
2020-11-14 09:15,56,39,17,0,0,0
2020-11-14 09:30,81,61,20,0,0,0
2020-11-14 09:45,125,100,25,0,0,0
2020-11-14 10:00,89,61,28,0,0,0
2020-11-14 10:15,107,72,35,0,0,0
2020-11-14 10:30,118,77,41,0,0,0
2020-11-14 10:45,124,75,49,0,0,0
2020-11-14 11:00,110,74,36,0,0,0
2020-11-14 11:15,122,78,44,0,0,0
2020-11-14 11:30,116,68,48,0,0,0
2020-11-14 11:45,135,85,50,0,0,0
2020-11-14 12:00,124,71,53,0,0,0
2020-11-14 12:15,146,87,59,0,0,0
2020-11-14 12:30,160,86,74,0,0,0
2020-11-14 12:45,144,89,55,0,0,0
2020-11-14 13:00,149,70,79,0,0,0
2020-11-14 13:15,152,92,60,0,0,0
2020-11-14 13:30,161,72,89,0,0,0
2020-11-14 13:45,187,108,79,0,0,0
2020-11-14 14:00,147,62,85,0,0,0
2020-11-14 14:15,169,81,88,0,0,0
2020-11-14 14:30,154,67,87,0,0,0
2020-11-14 14:45,180,93,87,0,0,0
2020-11-14 15:00,170,70,100,0,0,0
2020-11-14 15:15,176,69,107,0,0,0
2020-11-14 15:30,160,81,79,0,0,0
2020-11-14 15:45,172,78,94,0,0,0
2020-11-14 16:00,142,62,80,0,0,0
2020-11-14 16:15,150,63,87,0,0,0
2020-11-14 16:30,144,59,85,0,0,0
2020-11-14 16:45,166,68,98,0,0,0
2020-11-14 17:00,117,57,60,0,0,0
2020-11-14 17:15,116,37,79,0,0,0
2020-11-14 17:30,114,44,70,0,0,0
2020-11-14 17:45,136,57,79,0,0,0
2020-11-14 18:00,125,33,92,0,0,0
2020-11-14 18:15,103,48,55,0,0,0
2020-11-14 18:30,109,40,69,0,0,0
2020-11-14 18:45,112,58,54,0,0,0
2020-11-14 19:00,110,50,60,0,0,0
2020-11-14 19:15,93,47,46,0,0,0
2020-11-14 19:30,79,45,34,0,0,0
2020-11-14 19:45,78,44,34,0,0,0
2020-11-14 20:00,72,34,38,0,0,0
2020-11-14 20:15,59,25,34,0,0,0
2020-11-14 20:30,49,17,32,0,0,0
2020-11-14 20:45,46,17,29,0,0,0
2020-11-14 21:00,39,13,26,0,0,0
2020-11-14 21:15,38,21,17,0,0,0
2020-11-14 21:30,29,13,16,0,0,0
2020-11-14 21:45,31,10,21,0,0,0
2020-11-14 22:00,27,10,17,0,0,0
2020-11-14 22:15,30,9,21,0,0,0
2020-11-14 22:30,36,15,21,0,0,0
2020-11-14 22:45,26,9,17,0,0,0
2020-11-14 23:00,41,15,26,0,0,0
2020-11-14 23:15,31,19,12,0,0,0
2020-11-14 23:30,21,8,13,0,0,0
2020-11-14 23:45,32,15,17,0,0,0
2020-11-15 00:00,34,14,20,0,0,0
2020-11-15 00:15,30,11,19,0,0,0
2020-11-15 00:30,30,12,18,0,0,0
2020-11-15 00:45,30,12,18,0,0,0
2020-11-15 01:00,40,18,22,0,0,0
2020-11-15 01:15,24,9,15,0,0,0
2020-11-15 01:30,20,10,10,0,0,0
2020-11-15 01:45,27,16,11,0,0,0
2020-11-15 02:00,15,6,9,0,0,0
2020-11-15 02:15,18,9,9,0,0,0
2020-11-15 02:30,14,9,5,0,0,0
2020-11-15 02:45,7,4,3,0,0,0
2020-11-15 03:00,9,6,3,0,0,0
2020-11-15 03:15,13,8,5,0,0,0
2020-11-15 03:30,7,3,4,0,0,0
2020-11-15 03:45,9,2,7,0,0,0
2020-11-15 04:00,4,1,3,0,0,0
2020-11-15 04:15,5,0,5,0,0,0
2020-11-15 04:30,3,2,1,0,0,0
2020-11-15 04:45,4,3,1,0,0,0
2020-11-15 05:00,4,1,3,0,0,0
2020-11-15 05:15,4,3,1,0,0,0
2020-11-15 05:30,4,2,2,0,0,0
2020-11-15 05:45,2,2,0,0,0,0
2020-11-15 06:00,7,4,3,0,0,0
2020-11-15 06:15,6,2,4,0,0,0
2020-11-15 06:30,6,1,5,0,0,0
2020-11-15 06:45,6,0,6,0,0,0
2020-11-15 07:00,5,2,3,0,0,0
2020-11-15 07:15,6,1,5,0,0,0
2020-11-15 07:30,5,3,2,0,0,0
2020-11-15 07:45,9,6,3,0,0,0
2020-11-15 08:00,10,5,5,0,0,0
2020-11-15 08:15,10,7,3,0,0,0
2020-11-15 08:30,15,9,6,0,0,0
2020-11-15 08:45,17,13,4,0,0,0
2020-11-15 09:00,15,11,4,0,0,0
2020-11-15 09:15,30,18,12,0,0,0
2020-11-15 09:30,46,30,16,0,0,0
2020-11-15 09:45,64,51,13,0,0,0
2020-11-15 10:00,55,32,23,0,0,0
2020-11-15 10:15,45,32,13,0,0,0
2020-11-15 10:30,51,31,20,0,0,0
2020-11-15 10:45,79,46,33,0,0,0
2020-11-15 11:00,54,26,28,0,0,0
2020-11-15 11:15,73,29,44,0,0,0
2020-11-15 11:30,76,45,31,0,0,0
2020-11-15 11:45,91,55,36,0,0,0
2020-11-15 12:00,87,39,48,0,0,0
2020-11-15 12:15,71,41,30,0,0,0
2020-11-15 12:30,77,32,45,0,0,0
2020-11-15 12:45,114,61,53,0,0,0
2020-11-15 13:00,92,55,37,0,0,0
2020-11-15 13:15,123,65,58,0,0,0
2020-11-15 13:30,96,43,53,0,0,0
2020-11-15 13:45,143,75,68,0,0,0
2020-11-15 14:00,118,74,44,0,0,0
2020-11-15 14:15,128,71,57,0,0,0
2020-11-15 14:30,91,46,45,0,0,0
2020-11-15 14:45,164,79,85,0,0,0
2020-11-15 15:00,112,54,58,0,0,0
2020-11-15 15:15,90,55,35,0,0,0
2020-11-15 15:30,100,50,50,0,0,0
2020-11-15 15:45,128,72,56,0,0,0
2020-11-15 16:00,101,40,61,0,0,0
2020-11-15 16:15,96,42,54,0,0,0
2020-11-15 16:30,115,42,73,0,0,0
2020-11-15 16:45,113,61,52,0,0,0
2020-11-15 17:00,70,30,40,0,0,0
2020-11-15 17:15,76,31,45,0,0,0
2020-11-15 17:30,59,31,28,0,0,0
2020-11-15 17:45,65,37,28,0,0,0
2020-11-15 18:00,49,22,27,0,0,0
2020-11-15 18:15,63,30,33,0,0,0
2020-11-15 18:30,68,24,44,0,0,0
2020-11-15 18:45,59,27,32,0,0,0
2020-11-15 19:00,48,25,23,0,0,0
2020-11-15 19:15,49,29,20,0,0,0
2020-11-15 19:30,51,20,31,0,0,0
2020-11-15 19:45,47,17,30,0,0,0
2020-11-15 20:00,38,14,24,0,0,0
2020-11-15 20:15,22,14,8,0,0,0
2020-11-15 20:30,18,7,11,0,0,0
2020-11-15 20:45,26,7,19,0,0,0
2020-11-15 21:00,21,9,12,0,0,0
2020-11-15 21:15,33,14,19,0,0,0
2020-11-15 21:30,26,9,17,0,0,0
2020-11-15 21:45,20,5,15,0,0,0
2020-11-15 22:00,24,13,11,0,0,0
2020-11-15 22:15,24,10,14,0,0,0
2020-11-15 22:30,26,9,17,0,0,0
2020-11-15 22:45,24,11,13,0,0,0
2020-11-15 23:00,17,9,8,0,0,0
2020-11-15 23:15,16,10,6,0,0,0
2020-11-15 23:30,8,5,3,0,0,0
2020-11-15 23:45,10,3,7,0,0,0
2020-11-16 00:00,7,3,4,0,0,0
2020-11-16 00:15,5,1,4,0,0,0
2020-11-16 00:30,9,1,8,0,0,0
2020-11-16 00:45,8,3,5,0,0,0
2020-11-16 01:00,1,0,1,0,0,0
2020-11-16 01:15,5,3,2,0,0,0
2020-11-16 01:30,4,1,3,0,0,0
2020-11-16 01:45,8,6,2,0,0,0
2020-11-16 02:00,2,1,1,0,0,0
2020-11-16 02:15,6,2,4,0,0,0
2020-11-16 02:30,1,0,1,0,0,0
2020-11-16 02:45,1,1,0,0,0,0
2020-11-16 03:00,3,1,2,0,0,0
2020-11-16 03:15,0,0,0,0,0,0
2020-11-16 03:30,0,0,0,0,0,0
2020-11-16 03:45,1,1,0,0,0,0
2020-11-16 04:00,2,2,0,0,0,0
2020-11-16 04:15,1,0,1,0,0,0
2020-11-16 04:30,4,3,1,0,0,0
2020-11-16 04:45,11,5,6,0,0,0
2020-11-16 05:00,3,3,0,0,0,0
2020-11-16 05:15,12,7,5,0,0,0
2020-11-16 05:30,17,12,5,0,0,0
2020-11-16 05:45,19,14,5,0,0,0
2020-11-16 06:00,28,21,7,0,0,0
2020-11-16 06:15,39,22,17,0,0,0
2020-11-16 06:30,49,38,11,0,0,0
2020-11-16 06:45,82,59,23,0,0,0
2020-11-16 07:00,82,50,32,0,0,0
2020-11-16 07:15,117,85,32,0,0,0
2020-11-16 07:30,240,176,64,0,0,0
2020-11-16 07:45,317,210,107,0,0,0
2020-11-16 08:00,238,151,87,0,0,0
2020-11-16 08:15,163,107,56,0,0,0
2020-11-16 08:30,156,89,67,0,0,0
2020-11-16 08:45,177,110,67,0,0,0
2020-11-16 09:00,121,77,44,0,0,0
2020-11-16 09:15,112,61,51,0,0,0
2020-11-16 09:30,126,71,55,0,0,0
2020-11-16 09:45,163,89,74,0,0,0
2020-11-16 10:00,114,59,55,0,0,0
2020-11-16 10:15,106,61,45,0,0,0
2020-11-16 10:30,87,54,33,0,0,0
2020-11-16 10:45,110,57,53,0,0,0
2020-11-16 11:00,116,79,37,0,0,0
2020-11-16 11:15,104,48,56,0,0,0
2020-11-16 11:30,121,63,58,0,0,0
2020-11-16 11:45,154,75,79,0,0,0
2020-11-16 12:00,122,64,58,0,0,0
2020-11-16 12:15,115,55,60,0,0,0
2020-11-16 12:30,129,55,74,0,0,0
2020-11-16 12:45,136,62,74,0,0,0
2020-11-16 13:00,153,68,85,0,0,0
2020-11-16 13:15,144,62,82,0,0,0
2020-11-16 13:30,157,62,95,0,0,0
2020-11-16 13:45,183,84,99,0,0,0
2020-11-16 14:00,149,73,76,0,0,0
2020-11-16 14:15,119,60,59,0,0,0
2020-11-16 14:30,142,69,73,0,0,0
2020-11-16 14:45,166,84,82,0,0,0
2020-11-16 15:00,147,65,82,0,0,0
2020-11-16 15:15,156,73,83,0,0,0
2020-11-16 15:30,194,70,124,0,0,0
2020-11-16 15:45,199,89,110,0,0,0
2020-11-16 16:00,201,85,116,0,0,0
2020-11-16 16:15,183,93,90,0,0,0
2020-11-16 16:30,191,80,111,0,0,0
2020-11-16 16:45,194,100,94,0,0,0
2020-11-16 17:00,195,87,108,0,0,0
2020-11-16 17:15,201,72,129,0,0,0
2020-11-16 17:30,185,86,99,0,0,0
2020-11-16 17:45,158,71,87,0,0,0
2020-11-16 18:00,198,93,105,0,0,0
2020-11-16 18:15,130,61,69,0,0,0
2020-11-16 18:30,140,67,73,0,0,0
2020-11-16 18:45,129,61,68,0,0,0
2020-11-16 19:00,119,43,76,0,0,0
2020-11-16 19:15,97,48,49,0,0,0
2020-11-16 19:30,87,34,53,0,0,0
2020-11-16 19:45,88,39,49,0,0,0
2020-11-16 20:00,76,30,46,0,0,0
2020-11-16 20:15,68,33,35,0,0,0
2020-11-16 20:30,72,27,45,0,0,0
2020-11-16 20:45,33,15,18,0,0,0
2020-11-16 21:00,34,11,23,0,0,0
2020-11-16 21:15,32,10,22,0,0,0
2020-11-16 21:30,45,17,28,0,0,0
2020-11-16 21:45,30,12,18,0,0,0
2020-11-16 22:00,26,9,17,0,0,0
2020-11-16 22:15,30,11,19,0,0,0
2020-11-16 22:30,32,12,20,0,0,0
2020-11-16 22:45,24,11,13,0,0,0
2020-11-16 23:00,22,11,11,0,0,0
2020-11-16 23:15,21,10,11,0,0,0
2020-11-16 23:30,14,8,6,0,0,0
2020-11-16 23:45,18,9,9,0,0,0
2020-11-17 00:00,25,12,13,0,0,0
2020-11-17 00:15,6,2,4,0,0,0
2020-11-17 00:30,10,2,8,0,0,0
2020-11-17 00:45,6,2,4,0,0,0
2020-11-17 01:00,7,0,7,0,0,0
2020-11-17 01:15,4,1,3,0,0,0
2020-11-17 01:30,6,3,3,0,0,0
2020-11-17 01:45,5,1,4,0,0,0
2020-11-17 02:00,4,2,2,0,0,0
2020-11-17 02:15,1,0,1,0,0,0
2020-11-17 02:30,4,1,3,0,0,0
2020-11-17 02:45,2,0,2,0,0,0
2020-11-17 03:00,0,0,0,0,0,0
2020-11-17 03:15,0,0,0,0,0,0
2020-11-17 03:30,0,0,0,0,0,0
2020-11-17 03:45,1,1,0,0,0,0
2020-11-17 04:00,2,2,0,0,0,0
2020-11-17 04:15,1,1,0,0,0,0
2020-11-17 04:30,5,5,0,0,0,0
2020-11-17 04:45,7,3,4,0,0,0
2020-11-17 05:00,4,3,1,0,0,0
2020-11-17 05:15,10,8,2,0,0,0
2020-11-17 05:30,18,10,8,0,0,0
2020-11-17 05:45,17,15,2,0,0,0
2020-11-17 06:00,20,16,4,0,0,0
2020-11-17 06:15,39,20,19,0,0,0
2020-11-17 06:30,55,39,16,0,0,0
2020-11-17 06:45,68,53,15,0,0,0
2020-11-17 07:00,64,45,19,0,0,0
2020-11-17 07:15,121,76,45,0,0,0
2020-11-17 07:30,202,160,42,0,0,0
2020-11-17 07:45,284,192,92,0,0,0
2020-11-17 08:00,187,130,57,0,0,0
2020-11-17 08:15,143,87,56,0,0,0
2020-11-17 08:30,141,91,50,0,0,0
2020-11-17 08:45,163,101,62,0,0,0
2020-11-17 09:00,106,57,49,0,0,0
2020-11-17 09:15,85,46,39,0,0,0
2020-11-17 09:30,113,62,51,0,0,0
2020-11-17 09:45,120,61,59,0,0,0
2020-11-17 10:00,78,40,38,0,0,0
2020-11-17 10:15,69,45,24,0,0,0
2020-11-17 10:30,84,41,43,0,0,0
2020-11-17 10:45,85,51,34,0,0,0
2020-11-17 11:00,83,44,39,0,0,0
2020-11-17 11:15,78,47,31,0,0,0
2020-11-17 11:30,125,60,65,0,0,0
2020-11-17 11:45,123,70,53,0,0,0
2020-11-17 12:00,123,53,70,0,0,0
2020-11-17 12:15,124,61,63,0,0,0
2020-11-17 12:30,129,58,71,0,0,0
2020-11-17 12:45,160,72,88,0,0,0
2020-11-17 13:00,219,87,132,0,0,0
2020-11-17 13:15,167,76,91,0,0,0
2020-11-17 13:30,168,66,102,0,0,0
2020-11-17 13:45,166,70,96,0,0,0
2020-11-17 14:00,160,83,77,0,0,0
2020-11-17 14:15,151,81,70,0,0,0
2020-11-17 14:30,150,74,76,0,0,0
2020-11-17 14:45,148,73,75,0,0,0
2020-11-17 15:00,146,70,76,0,0,0
2020-11-17 15:15,152,67,85,0,0,0
2020-11-17 15:30,138,80,58,0,0,0
2020-11-17 15:45,192,99,93,0,0,0
2020-11-17 16:00,193,92,101,0,0,0
2020-11-17 16:15,199,100,99,0,0,0
2020-11-17 16:30,164,70,94,0,0,0
2020-11-17 16:45,164,91,73,0,0,0
2020-11-17 17:00,167,76,91,0,0,0
2020-11-17 17:15,215,87,128,0,0,0
2020-11-17 17:30,160,73,87,0,0,0
2020-11-17 17:45,158,76,82,0,0,0
2020-11-17 18:00,188,75,113,0,0,0
2020-11-17 18:15,162,66,96,0,0,0
2020-11-17 18:30,123,57,66,0,0,0
2020-11-17 18:45,135,63,72,0,0,0
2020-11-17 19:00,104,45,59,0,0,0
2020-11-17 19:15,131,59,72,0,0,0
2020-11-17 19:30,82,36,46,0,0,0
2020-11-17 19:45,92,40,52,0,0,0
2020-11-17 20:00,67,35,32,0,0,0
2020-11-17 20:15,60,28,32,0,0,0
2020-11-17 20:30,62,25,37,0,0,0
2020-11-17 20:45,53,19,34,0,0,0
2020-11-17 21:00,37,7,30,0,0,0
2020-11-17 21:15,30,14,16,0,0,0
2020-11-17 21:30,45,22,23,0,0,0
2020-11-17 21:45,42,19,23,0,0,0
2020-11-17 22:00,29,12,17,0,0,0
2020-11-17 22:15,26,14,12,0,0,0
2020-11-17 22:30,33,13,20,0,0,0
2020-11-17 22:45,27,11,16,0,0,0
2020-11-17 23:00,22,8,14,0,0,0
2020-11-17 23:15,30,11,19,0,0,0
2020-11-17 23:30,24,10,14,0,0,0
2020-11-17 23:45,23,4,19,0,0,0
2020-11-18 00:00,13,5,8,0,0,0
2020-11-18 00:15,18,9,9,0,0,0
2020-11-18 00:30,10,4,6,0,0,0
2020-11-18 00:45,13,7,6,0,0,0
2020-11-18 01:00,6,4,2,0,0,0
2020-11-18 01:15,8,1,7,0,0,0
2020-11-18 01:30,6,1,5,0,0,0
2020-11-18 01:45,3,2,1,0,0,0
2020-11-18 02:00,4,2,2,0,0,0
2020-11-18 02:15,5,0,5,0,0,0
2020-11-18 02:30,8,2,6,0,0,0
2020-11-18 02:45,0,0,0,0,0,0
2020-11-18 03:00,0,0,0,0,0,0
2020-11-18 03:15,1,1,0,0,0,0
2020-11-18 03:30,2,0,2,0,0,0
2020-11-18 03:45,2,2,0,0,0,0
2020-11-18 04:00,6,4,2,0,0,0
2020-11-18 04:15,3,2,1,0,0,0
2020-11-18 04:30,7,5,2,0,0,0
2020-11-18 04:45,6,3,3,0,0,0
2020-11-18 05:00,5,4,1,0,0,0
2020-11-18 05:15,9,7,2,0,0,0
2020-11-18 05:30,16,11,5,0,0,0
2020-11-18 05:45,30,22,8,0,0,0
2020-11-18 06:00,27,21,6,0,0,0
2020-11-18 06:15,46,34,12,0,0,0
2020-11-18 06:30,78,53,25,0,0,0
2020-11-18 06:45,105,84,21,0,0,0
2020-11-18 07:00,84,57,27,0,0,0
2020-11-18 07:15,137,94,43,0,0,0
2020-11-18 07:30,246,169,77,0,0,0
2020-11-18 07:45,295,200,95,0,0,0
2020-11-18 08:00,235,165,70,0,0,0
2020-11-18 08:15,197,130,67,0,0,0
2020-11-18 08:30,145,87,58,0,0,0
2020-11-18 08:45,191,100,91,0,0,0
2020-11-18 09:00,121,84,37,0,0,0
2020-11-18 09:15,140,82,58,0,0,0
2020-11-18 09:30,134,78,56,0,0,0
2020-11-18 09:45,166,91,75,0,0,0
2020-11-18 10:00,134,86,48,0,0,0
2020-11-18 10:15,104,65,39,0,0,0
2020-11-18 10:30,124,72,52,0,0,0
2020-11-18 10:45,115,78,37,0,0,0
2020-11-18 11:00,130,69,61,0,0,0
2020-11-18 11:15,108,62,46,0,0,0
2020-11-18 11:30,143,84,59,0,0,0
2020-11-18 11:45,167,84,83,0,0,0
2020-11-18 12:00,169,85,84,0,0,0
2020-11-18 12:15,185,104,81,0,0,0
2020-11-18 12:30,171,78,93,0,0,0
2020-11-18 12:45,194,100,94,0,0,0
2020-11-18 13:00,211,100,111,0,0,0
2020-11-18 13:15,217,113,104,0,0,0
2020-11-18 13:30,232,101,131,0,0,0
2020-11-18 13:45,215,93,122,0,0,0
2020-11-18 14:00,207,103,104,0,0,0
2020-11-18 14:15,201,102,99,0,0,0
2020-11-18 14:30,221,102,119,0,0,0
2020-11-18 14:45,215,118,97,0,0,0
2020-11-18 15:00,211,129,82,0,0,0
2020-11-18 15:15,215,95,120,0,0,0
2020-11-18 15:30,267,93,174,0,0,0
2020-11-18 15:45,289,148,141,0,0,0
2020-11-18 16:00,263,133,130,0,0,0
2020-11-18 16:15,263,123,140,0,0,0
2020-11-18 16:30,218,94,124,0,0,0
2020-11-18 16:45,282,123,159,0,0,0
2020-11-18 17:00,228,92,136,0,0,0
2020-11-18 17:15,246,108,138,0,0,0
2020-11-18 17:30,224,102,122,0,0,0
2020-11-18 17:45,237,121,116,0,0,0
2020-11-18 18:00,197,86,111,0,0,0
2020-11-18 18:15,171,67,104,0,0,0
2020-11-18 18:30,142,70,72,0,0,0
2020-11-18 18:45,158,62,96,0,0,0
2020-11-18 19:00,125,59,66,0,0,0
2020-11-18 19:15,131,74,57,0,0,0
2020-11-18 19:30,98,40,58,0,0,0
2020-11-18 19:45,89,36,53,0,0,0
2020-11-18 20:00,103,38,65,0,0,0
2020-11-18 20:15,89,43,46,0,0,0
2020-11-18 20:30,79,31,48,0,0,0
2020-11-18 20:45,54,23,31,0,0,0
2020-11-18 21:00,59,28,31,0,0,0
2020-11-18 21:15,33,11,22,0,0,0
2020-11-18 21:30,49,13,36,0,0,0
2020-11-18 21:45,44,18,26,0,0,0
2020-11-18 22:00,48,22,26,0,0,0
2020-11-18 22:15,38,11,27,0,0,0
2020-11-18 22:30,38,13,25,0,0,0
2020-11-18 22:45,40,17,23,0,0,0
2020-11-18 23:00,30,16,14,0,0,0
2020-11-18 23:15,29,7,22,0,0,0
2020-11-18 23:30,22,10,12,0,0,0
2020-11-18 23:45,20,7,13,0,0,0
2020-11-19 00:00,24,13,11,0,0,0
2020-11-19 00:15,21,8,13,0,0,0
2020-11-19 00:30,22,12,10,0,0,0
2020-11-19 00:45,18,9,9,0,0,0
2020-11-19 01:00,17,1,16,0,0,0
2020-11-19 01:15,13,4,9,0,0,0
2020-11-19 01:30,9,5,4,0,0,0
2020-11-19 01:45,8,4,4,0,0,0
2020-11-19 02:00,9,6,3,0,0,0
2020-11-19 02:15,9,3,6,0,0,0
2020-11-19 02:30,8,2,6,0,0,0
2020-11-19 02:45,6,3,3,0,0,0
2020-11-19 03:00,5,4,1,0,0,0
2020-11-19 03:15,0,0,0,0,0,0
2020-11-19 03:30,1,1,0,0,0,0
2020-11-19 03:45,1,1,0,0,0,0
2020-11-19 04:00,2,1,1,0,0,0
2020-11-19 04:15,0,0,0,0,0,0
2020-11-19 04:30,5,4,1,0,0,0
2020-11-19 04:45,9,5,4,0,0,0
2020-11-19 05:00,6,6,0,0,0,0
2020-11-19 05:15,10,6,4,0,0,0
2020-11-19 05:30,14,9,5,0,0,0
2020-11-19 05:45,24,20,4,0,0,0
2020-11-19 06:00,23,18,5,0,0,0
2020-11-19 06:15,39,21,18,0,0,0
2020-11-19 06:30,66,41,25,0,0,0
2020-11-19 06:45,75,59,16,0,0,0
2020-11-19 07:00,83,53,30,0,0,0
2020-11-19 07:15,122,74,48,0,0,0
2020-11-19 07:30,233,182,51,0,0,0
2020-11-19 07:45,289,193,96,0,0,0
2020-11-19 08:00,205,140,65,0,0,0
2020-11-19 08:15,158,88,70,0,0,0
2020-11-19 08:30,141,88,53,0,0,0
2020-11-19 08:45,180,116,64,0,0,0
2020-11-19 09:00,110,70,40,0,0,0
2020-11-19 09:15,100,50,50,0,0,0
2020-11-19 09:30,111,55,56,0,0,0
2020-11-19 09:45,161,91,70,0,0,0
2020-11-19 10:00,108,53,55,0,0,0
2020-11-19 10:15,94,58,36,0,0,0
2020-11-19 10:30,108,57,51,0,0,0
2020-11-19 10:45,104,56,48,0,0,0
2020-11-19 11:00,85,46,39,0,0,0
2020-11-19 11:15,112,54,58,0,0,0
2020-11-19 11:30,106,48,58,0,0,0
2020-11-19 11:45,131,71,60,0,0,0
2020-11-19 12:00,148,66,82,0,0,0
2020-11-19 12:15,157,78,79,0,0,0
2020-11-19 12:30,148,63,85,0,0,0
2020-11-19 12:45,157,92,65,0,0,0
2020-11-19 13:00,182,99,83,0,0,0
2020-11-19 13:15,146,66,80,0,0,0
2020-11-19 13:30,161,54,107,0,0,0
2020-11-19 13:45,119,62,57,0,0,0
2020-11-19 14:00,165,76,89,0,0,0
2020-11-19 14:15,136,62,74,0,0,0
2020-11-19 14:30,152,71,81,0,0,0
2020-11-19 14:45,152,73,79,0,0,0
2020-11-19 15:00,161,84,77,0,0,0
2020-11-19 15:15,152,67,85,0,0,0
2020-11-19 15:30,189,77,112,0,0,0
2020-11-19 15:45,225,105,120,0,0,0
2020-11-19 16:00,164,81,83,0,0,0
2020-11-19 16:15,207,82,125,0,0,0
2020-11-19 16:30,180,74,106,0,0,0
2020-11-19 16:45,178,102,76,0,0,0
2020-11-19 17:00,196,88,108,0,0,0
2020-11-19 17:15,210,86,124,0,0,0
2020-11-19 17:30,182,74,108,0,0,0
2020-11-19 17:45,151,63,88,0,0,0
2020-11-19 18:00,157,71,86,0,0,0
2020-11-19 18:15,133,64,69,0,0,0
2020-11-19 18:30,131,70,61,0,0,0
2020-11-19 18:45,139,48,91,0,0,0
2020-11-19 19:00,97,53,44,0,0,0
2020-11-19 19:15,98,42,56,0,0,0
2020-11-19 19:30,79,33,46,0,0,0
2020-11-19 19:45,95,47,48,0,0,0
2020-11-19 20:00,88,32,56,0,0,0
2020-11-19 20:15,66,22,44,0,0,0
2020-11-19 20:30,58,19,39,0,0,0
2020-11-19 20:45,59,24,35,0,0,0
2020-11-19 21:00,45,28,17,0,0,0
2020-11-19 21:15,33,14,19,0,0,0
2020-11-19 21:30,42,17,25,0,0,0
2020-11-19 21:45,31,17,14,0,0,0
2020-11-19 22:00,27,10,17,0,0,0
2020-11-19 22:15,37,13,24,0,0,0
2020-11-19 22:30,28,9,19,0,0,0
2020-11-19 22:45,20,8,12,0,0,0
2020-11-19 23:00,26,5,21,0,0,0
2020-11-19 23:15,37,13,24,0,0,0
2020-11-19 23:30,15,4,11,0,0,0
2020-11-19 23:45,12,5,7,0,0,0
2020-11-20 00:00,14,9,5,0,0,0
2020-11-20 00:15,18,9,9,0,0,0
2020-11-20 00:30,12,2,10,0,0,0
2020-11-20 00:45,17,10,7,0,0,0
2020-11-20 01:00,7,3,4,0,0,0
2020-11-20 01:15,12,7,5,0,0,0
2020-11-20 01:30,4,1,3,0,0,0
2020-11-20 01:45,2,1,1,0,0,0
2020-11-20 02:00,5,2,3,0,0,0
2020-11-20 02:15,7,3,4,0,0,0
2020-11-20 02:30,4,3,1,0,0,0
2020-11-20 02:45,3,3,0,0,0,0
2020-11-20 03:00,0,0,0,0,0,0
2020-11-20 03:15,3,1,2,0,0,0
2020-11-20 03:30,1,0,1,0,0,0
2020-11-20 03:45,5,3,2,0,0,0
2020-11-20 04:00,7,5,2,0,0,0
2020-11-20 04:15,1,0,1,0,0,0
2020-11-20 04:30,4,3,1,0,0,0
2020-11-20 04:45,10,7,3,0,0,0
2020-11-20 05:00,2,1,1,0,0,0
2020-11-20 05:15,13,8,5,0,0,0
2020-11-20 05:30,18,14,4,0,0,0
2020-11-20 05:45,26,19,7,0,0,0
2020-11-20 06:00,19,14,5,0,0,0
2020-11-20 06:15,29,22,7,0,0,0
2020-11-20 06:30,58,30,28,0,0,0
2020-11-20 06:45,62,48,14,0,0,0
2020-11-20 07:00,60,47,13,0,0,0
2020-11-20 07:15,88,52,36,0,0,0
2020-11-20 07:30,184,122,62,0,0,0
2020-11-20 07:45,263,172,91,0,0,0
2020-11-20 08:00,196,128,68,0,0,0
2020-11-20 08:15,152,86,66,0,0,0
2020-11-20 08:30,112,75,37,0,0,0
2020-11-20 08:45,167,100,67,0,0,0
2020-11-20 09:00,97,58,39,0,0,0
2020-11-20 09:15,93,57,36,0,0,0
2020-11-20 09:30,100,61,39,0,0,0
2020-11-20 09:45,160,90,70,0,0,0
2020-11-20 10:00,119,65,54,0,0,0
2020-11-20 10:15,92,53,39,0,0,0
2020-11-20 10:30,105,62,43,0,0,0
2020-11-20 10:45,122,74,48,0,0,0
2020-11-20 11:00,109,55,54,0,0,0
2020-11-20 11:15,110,66,44,0,0,0
2020-11-20 11:30,127,65,62,0,0,0
2020-11-20 11:45,154,72,82,0,0,0
2020-11-20 12:00,140,67,73,0,0,0
2020-11-20 12:15,171,83,88,0,0,0
2020-11-20 12:30,170,92,78,0,0,0
2020-11-20 12:45,181,89,92,0,0,0
2020-11-20 13:00,208,80,128,0,0,0
2020-11-20 13:15,208,94,114,0,0,0
2020-11-20 13:30,192,79,113,0,0,0
2020-11-20 13:45,186,94,92,0,0,0
2020-11-20 14:00,193,93,100,0,0,0
2020-11-20 14:15,207,101,106,0,0,0
2020-11-20 14:30,190,83,107,0,0,0
2020-11-20 14:45,204,97,107,0,0,0
2020-11-20 15:00,168,88,80,0,0,0
2020-11-20 15:15,203,94,109,0,0,0
2020-11-20 15:30,182,87,95,0,0,0
2020-11-20 15:45,183,99,84,0,0,0
2020-11-20 16:00,188,84,104,0,0,0
2020-11-20 16:15,213,102,111,0,0,0
2020-11-20 16:30,202,103,99,0,0,0
2020-11-20 16:45,186,76,110,0,0,0
2020-11-20 17:00,205,93,112,0,0,0
2020-11-20 17:15,170,69,101,0,0,0
2020-11-20 17:30,130,54,76,0,0,0
2020-11-20 17:45,142,63,79,0,0,0
2020-11-20 18:00,141,44,97,0,0,0
2020-11-20 18:15,136,55,81,0,0,0
2020-11-20 18:30,118,47,71,0,0,0
2020-11-20 18:45,131,74,57,0,0,0
2020-11-20 19:00,121,53,68,0,0,0
2020-11-20 19:15,108,41,67,0,0,0
2020-11-20 19:30,85,38,47,0,0,0
2020-11-20 19:45,88,37,51,0,0,0
2020-11-20 20:00,71,34,37,0,0,0
2020-11-20 20:15,77,28,49,0,0,0
2020-11-20 20:30,47,19,28,0,0,0
2020-11-20 20:45,58,32,26,0,0,0
2020-11-20 21:00,43,19,24,0,0,0
2020-11-20 21:15,29,10,19,0,0,0
2020-11-20 21:30,30,9,21,0,0,0
2020-11-20 21:45,35,12,23,0,0,0
2020-11-20 22:00,26,6,20,0,0,0
2020-11-20 22:15,30,9,21,0,0,0
2020-11-20 22:30,32,9,23,0,0,0
2020-11-20 22:45,26,11,15,0,0,0
2020-11-20 23:00,23,11,12,0,0,0
2020-11-20 23:15,20,10,10,0,0,0
2020-11-20 23:30,23,7,16,0,0,0
2020-11-20 23:45,31,14,17,0,0,0
2020-11-21 00:00,22,10,12,0,0,0
2020-11-21 00:15,22,11,11,0,0,0
2020-11-21 00:30,21,9,12,0,0,0
2020-11-21 00:45,19,8,11,0,0,0
2020-11-21 01:00,24,5,19,0,0,0
2020-11-21 01:15,22,13,9,0,0,0
2020-11-21 01:30,23,8,15,0,0,0
2020-11-21 01:45,11,1,10,0,0,0
2020-11-21 02:00,17,2,15,0,0,0
2020-11-21 02:15,13,4,9,0,0,0
2020-11-21 02:30,11,4,7,0,0,0
2020-11-21 02:45,17,4,13,0,0,0
2020-11-21 03:00,5,2,3,0,0,0
2020-11-21 03:15,7,3,4,0,0,0
2020-11-21 03:30,8,0,8,0,0,0
2020-11-21 03:45,5,3,2,0,0,0
2020-11-21 04:00,3,3,0,0,0,0
2020-11-21 04:15,6,2,4,0,0,0
2020-11-21 04:30,4,2,2,0,0,0
2020-11-21 04:45,5,1,4,0,0,0
2020-11-21 05:00,4,2,2,0,0,0
2020-11-21 05:15,11,7,4,0,0,0
2020-11-21 05:30,15,10,5,0,0,0
2020-11-21 05:45,10,7,3,0,0,0
2020-11-21 06:00,6,2,4,0,0,0
2020-11-21 06:15,3,2,1,0,0,0
2020-11-21 06:30,10,3,7,0,0,0
2020-11-21 06:45,5,5,0,0,0,0
2020-11-21 07:00,6,4,2,0,0,0
2020-11-21 07:15,9,5,4,0,0,0
2020-11-21 07:30,13,9,4,0,0,0
2020-11-21 07:45,23,13,10,0,0,0
2020-11-21 08:00,26,15,11,0,0,0
2020-11-21 08:15,33,23,10,0,0,0
2020-11-21 08:30,41,26,15,0,0,0
2020-11-21 08:45,48,32,16,0,0,0
2020-11-21 09:00,41,26,15,0,0,0
2020-11-21 09:15,55,36,19,0,0,0
2020-11-21 09:30,65,42,23,0,0,0
2020-11-21 09:45,108,75,33,0,0,0
2020-11-21 10:00,79,58,21,0,0,0
2020-11-21 10:15,79,51,28,0,0,0
2020-11-21 10:30,83,56,27,0,0,0
2020-11-21 10:45,107,78,29,0,0,0
2020-11-21 11:00,88,59,29,0,0,0
2020-11-21 11:15,92,54,38,0,0,0
2020-11-21 11:30,108,64,44,0,0,0
2020-11-21 11:45,100,48,52,0,0,0
2020-11-21 12:00,105,58,47,0,0,0
2020-11-21 12:15,128,83,45,0,0,0
2020-11-21 12:30,112,58,54,0,0,0
2020-11-21 12:45,127,67,60,0,0,0
2020-11-21 13:00,126,71,55,0,0,0
2020-11-21 13:15,113,51,62,0,0,0
2020-11-21 13:30,105,52,53,0,0,0
2020-11-21 13:45,156,90,66,0,0,0
2020-11-21 14:00,134,62,72,0,0,0
2020-11-21 14:15,111,50,61,0,0,0
2020-11-21 14:30,112,47,65,0,0,0
2020-11-21 14:45,149,84,65,0,0,0
2020-11-21 15:00,147,73,74,0,0,0
2020-11-21 15:15,111,65,46,0,0,0
2020-11-21 15:30,120,51,69,0,0,0
2020-11-21 15:45,114,60,54,0,0,0
2020-11-21 16:00,114,46,68,0,0,0
2020-11-21 16:15,95,40,55,0,0,0
2020-11-21 16:30,113,59,54,0,0,0
2020-11-21 16:45,102,32,70,0,0,0
2020-11-21 17:00,93,41,52,0,0,0
2020-11-21 17:15,102,36,66,0,0,0
2020-11-21 17:30,77,30,47,0,0,0
2020-11-21 17:45,104,39,65,0,0,0
2020-11-21 18:00,70,31,39,0,0,0
2020-11-21 18:15,87,35,52,0,0,0
2020-11-21 18:30,88,28,60,0,0,0
2020-11-21 18:45,87,34,53,0,0,0
2020-11-21 19:00,85,24,61,0,0,0
2020-11-21 19:15,73,29,44,0,0,0
2020-11-21 19:30,75,33,42,0,0,0
2020-11-21 19:45,76,33,43,0,0,0
2020-11-21 20:00,71,29,42,0,0,0
2020-11-21 20:15,46,14,32,0,0,0
2020-11-21 20:30,40,14,26,0,0,0
2020-11-21 20:45,41,24,17,0,0,0
2020-11-21 21:00,29,9,20,0,0,0
2020-11-21 21:15,28,14,14,0,0,0
2020-11-21 21:30,31,13,18,0,0,0
2020-11-21 21:45,27,11,16,0,0,0
2020-11-21 22:00,14,7,7,0,0,0
2020-11-21 22:15,21,6,15,0,0,0
2020-11-21 22:30,24,8,16,0,0,0
2020-11-21 22:45,22,11,11,0,0,0
2020-11-21 23:00,32,14,18,0,0,0
2020-11-21 23:15,39,17,22,0,0,0
2020-11-21 23:30,26,10,16,0,0,0
2020-11-21 23:45,38,12,26,0,0,0
2020-11-22 00:00,24,9,15,0,0,0
2020-11-22 00:15,24,8,16,0,0,0
2020-11-22 00:30,17,2,15,0,0,0
2020-11-22 00:45,23,11,12,0,0,0
2020-11-22 01:00,36,8,28,0,0,0
2020-11-22 01:15,22,6,16,0,0,0
2020-11-22 01:30,21,11,10,0,0,0
2020-11-22 01:45,14,6,8,0,0,0
2020-11-22 02:00,5,3,2,0,0,0
2020-11-22 02:15,14,9,5,0,0,0
2020-11-22 02:30,20,10,10,0,0,0
2020-11-22 02:45,12,4,8,0,0,0
2020-11-22 03:00,8,7,1,0,0,0
2020-11-22 03:15,6,2,4,0,0,0
2020-11-22 03:30,6,4,2,0,0,0
2020-11-22 03:45,8,0,8,0,0,0
2020-11-22 04:00,7,0,7,0,0,0
2020-11-22 04:15,4,1,3,0,0,0
2020-11-22 04:30,2,0,2,0,0,0
2020-11-22 04:45,2,1,1,0,0,0
2020-11-22 05:00,2,2,0,0,0,0
2020-11-22 05:15,3,1,2,0,0,0
2020-11-22 05:30,9,7,2,0,0,0
2020-11-22 05:45,9,3,6,0,0,0
2020-11-22 06:00,3,1,2,0,0,0
2020-11-22 06:15,4,3,1,0,0,0
2020-11-22 06:30,3,0,3,0,0,0
2020-11-22 06:45,1,0,1,0,0,0
2020-11-22 07:00,4,2,2,0,0,0
2020-11-22 07:15,6,3,3,0,0,0
2020-11-22 07:30,6,2,4,0,0,0
2020-11-22 07:45,11,8,3,0,0,0
2020-11-22 08:00,9,4,5,0,0,0
2020-11-22 08:15,15,10,5,0,0,0
2020-11-22 08:30,12,8,4,0,0,0
2020-11-22 08:45,22,10,12,0,0,0
2020-11-22 09:00,27,18,9,0,0,0
2020-11-22 09:15,12,6,6,0,0,0
2020-11-22 09:30,24,13,11,0,0,0
2020-11-22 09:45,43,26,17,0,0,0
2020-11-22 10:00,26,15,11,0,0,0
2020-11-22 10:15,27,19,8,0,0,0
2020-11-22 10:30,38,22,16,0,0,0
2020-11-22 10:45,27,18,9,0,0,0
2020-11-22 11:00,36,18,18,0,0,0
2020-11-22 11:15,27,15,12,0,0,0
2020-11-22 11:30,35,15,20,0,0,0
2020-11-22 11:45,41,27,14,0,0,0
2020-11-22 12:00,47,26,21,0,0,0
2020-11-22 12:15,40,16,24,0,0,0
2020-11-22 12:30,61,34,27,0,0,0
2020-11-22 12:45,63,32,31,0,0,0
2020-11-22 13:00,67,31,36,0,0,0
2020-11-22 13:15,65,32,33,0,0,0
2020-11-22 13:30,63,30,33,0,0,0
2020-11-22 13:45,74,37,37,0,0,0
2020-11-22 14:00,67,28,39,0,0,0
2020-11-22 14:15,69,41,28,0,0,0
2020-11-22 14:30,85,49,36,0,0,0
2020-11-22 14:45,79,43,36,0,0,0
2020-11-22 15:00,75,39,36,0,0,0
2020-11-22 15:15,81,39,42,0,0,0
2020-11-22 15:30,79,40,39,0,0,0
2020-11-22 15:45,82,45,37,0,0,0
2020-11-22 16:00,60,32,28,0,0,0
2020-11-22 16:15,68,36,32,0,0,0
2020-11-22 16:30,96,47,49,0,0,0
2020-11-22 16:45,61,40,21,0,0,0
2020-11-22 17:00,77,30,47,0,0,0
2020-11-22 17:15,46,21,25,0,0,0
2020-11-22 17:30,80,44,36,0,0,0
2020-11-22 17:45,70,43,27,0,0,0
2020-11-22 18:00,79,31,48,0,0,0
2020-11-22 18:15,55,26,29,0,0,0
2020-11-22 18:30,69,30,39,0,0,0
2020-11-22 18:45,79,29,50,0,0,0
2020-11-22 19:00,70,33,37,0,0,0
2020-11-22 19:15,39,22,17,0,0,0
2020-11-22 19:30,64,21,43,0,0,0
2020-11-22 19:45,55,24,31,0,0,0
2020-11-22 20:00,58,29,29,0,0,0
2020-11-22 20:15,26,12,14,0,0,0
2020-11-22 20:30,32,16,16,0,0,0
2020-11-22 20:45,25,9,16,0,0,0
2020-11-22 21:00,38,16,22,0,0,0
2020-11-22 21:15,28,11,17,0,0,0
2020-11-22 21:30,29,9,20,0,0,0
2020-11-22 21:45,25,12,13,0,0,0
2020-11-22 22:00,25,5,20,0,0,0
2020-11-22 22:15,22,8,14,0,0,0
2020-11-22 22:30,21,4,17,0,0,0
2020-11-22 22:45,23,7,16,0,0,0
2020-11-22 23:00,18,7,11,0,0,0
2020-11-22 23:15,14,7,7,0,0,0
2020-11-22 23:30,20,5,15,0,0,0
2020-11-22 23:45,13,10,3,0,0,0
2020-11-23 00:00,14,7,7,0,0,0
2020-11-23 00:15,13,6,7,0,0,0
2020-11-23 00:30,8,3,5,0,0,0
2020-11-23 00:45,7,3,4,0,0,0
2020-11-23 01:00,5,2,3,0,0,0
2020-11-23 01:15,6,2,4,0,0,0
2020-11-23 01:30,4,3,1,0,0,0
2020-11-23 01:45,3,1,2,0,0,0
2020-11-23 02:00,3,0,3,0,0,0
2020-11-23 02:15,3,2,1,0,0,0
2020-11-23 02:30,3,3,0,0,0,0
2020-11-23 02:45,0,0,0,0,0,0
2020-11-23 03:00,2,0,2,0,0,0
2020-11-23 03:15,0,0,0,0,0,0
2020-11-23 03:30,2,0,2,0,0,0
2020-11-23 03:45,0,0,0,0,0,0
2020-11-23 04:00,2,2,0,0,0,0
2020-11-23 04:15,2,1,1,0,0,0
2020-11-23 04:30,6,5,1,0,0,0
2020-11-23 04:45,7,5,2,0,0,0
2020-11-23 05:00,4,4,0,0,0,0
2020-11-23 05:15,11,7,4,0,0,0
2020-11-23 05:30,19,14,5,0,0,0
2020-11-23 05:45,23,16,7,0,0,0
2020-11-23 06:00,34,22,12,0,0,0
2020-11-23 06:15,40,27,13,0,0,0
2020-11-23 06:30,54,34,20,0,0,0
2020-11-23 06:45,74,51,23,0,0,0
2020-11-23 07:00,81,56,25,0,0,0
2020-11-23 07:15,132,82,50,0,0,0
2020-11-23 07:30,214,148,66,0,0,0
2020-11-23 07:45,252,169,83,0,0,0
2020-11-23 08:00,245,173,72,0,0,0
2020-11-23 08:15,164,98,66,0,0,0
2020-11-23 08:30,144,86,58,0,0,0
2020-11-23 08:45,183,104,79,0,0,0
2020-11-23 09:00,111,57,54,0,0,0
2020-11-23 09:15,128,79,49,0,0,0
2020-11-23 09:30,128,79,49,0,0,0
2020-11-23 09:45,143,83,60,0,0,0
2020-11-23 10:00,117,62,55,0,0,0
2020-11-23 10:15,102,54,48,0,0,0
2020-11-23 10:30,105,49,56,0,0,0
2020-11-23 10:45,114,66,48,0,0,0
2020-11-23 11:00,121,71,50,0,0,0
2020-11-23 11:15,110,57,53,0,0,0
2020-11-23 11:30,129,66,63,0,0,0
2020-11-23 11:45,137,75,62,0,0,0
2020-11-23 12:00,132,72,60,0,0,0
2020-11-23 12:15,138,73,65,0,0,0
2020-11-23 12:30,158,72,86,0,0,0
2020-11-23 12:45,153,76,77,0,0,0
2020-11-23 13:00,160,72,88,0,0,0
2020-11-23 13:15,177,79,98,0,0,0
2020-11-23 13:30,202,91,111,0,0,0
2020-11-23 13:45,204,102,102,0,0,0
2020-11-23 14:00,175,80,95,0,0,0
2020-11-23 14:15,163,83,80,0,0,0
2020-11-23 14:30,146,69,77,0,0,0
2020-11-23 14:45,167,84,83,0,0,0
2020-11-23 15:00,173,82,91,0,0,0
2020-11-23 15:15,187,89,98,0,0,0
2020-11-23 15:30,240,99,141,0,0,0
2020-11-23 15:45,236,113,123,0,0,0
2020-11-23 16:00,241,113,128,0,0,0
2020-11-23 16:15,253,115,138,0,0,0
2020-11-23 16:30,225,94,131,0,0,0
2020-11-23 16:45,202,92,110,0,0,0
2020-11-23 17:00,228,94,134,0,0,0
2020-11-23 17:15,227,86,141,0,0,0
2020-11-23 17:30,181,66,115,0,0,0
2020-11-23 17:45,214,84,130,0,0,0
2020-11-23 18:00,155,61,94,0,0,0
2020-11-23 18:15,138,55,83,0,0,0
2020-11-23 18:30,126,51,75,0,0,0
2020-11-23 18:45,102,41,61,0,0,0
2020-11-23 19:00,119,51,68,0,0,0
2020-11-23 19:15,108,47,61,0,0,0
2020-11-23 19:30,82,29,53,0,0,0
2020-11-23 19:45,83,35,48,0,0,0
2020-11-23 20:00,84,28,56,0,0,0
2020-11-23 20:15,70,21,49,0,0,0
2020-11-23 20:30,49,25,24,0,0,0
2020-11-23 20:45,40,16,24,0,0,0
2020-11-23 21:00,37,16,21,0,0,0
2020-11-23 21:15,24,5,19,0,0,0
2020-11-23 21:30,30,13,17,0,0,0
2020-11-23 21:45,18,11,7,0,0,0
2020-11-23 22:00,29,14,15,0,0,0
2020-11-23 22:15,26,9,17,0,0,0
2020-11-23 22:30,23,6,17,0,0,0
2020-11-23 22:45,24,9,15,0,0,0
2020-11-23 23:00,23,9,14,0,0,0
2020-11-23 23:15,16,4,12,0,0,0
2020-11-23 23:30,13,2,11,0,0,0
2020-11-23 23:45,9,3,6,0,0,0
2020-11-24 00:00,24,3,21,0,0,0
2020-11-24 00:15,9,3,6,0,0,0
2020-11-24 00:30,6,1,5,0,0,0
2020-11-24 00:45,4,2,2,0,0,0
2020-11-24 01:00,7,2,5,0,0,0
2020-11-24 01:15,3,1,2,0,0,0
2020-11-24 01:30,4,4,0,0,0,0
2020-11-24 01:45,4,1,3,0,0,0
2020-11-24 02:00,3,1,2,0,0,0
2020-11-24 02:15,3,3,0,0,0,0
2020-11-24 02:30,1,0,1,0,0,0
2020-11-24 02:45,2,0,2,0,0,0
2020-11-24 03:00,4,2,2,0,0,0
2020-11-24 03:15,0,0,0,0,0,0
2020-11-24 03:30,0,0,0,0,0,0
2020-11-24 03:45,2,1,1,0,0,0
2020-11-24 04:00,2,2,0,0,0,0
2020-11-24 04:15,4,2,2,0,0,0
2020-11-24 04:30,4,3,1,0,0,0
2020-11-24 04:45,5,3,2,0,0,0
2020-11-24 05:00,7,5,2,0,0,0
2020-11-24 05:15,11,10,1,0,0,0
2020-11-24 05:30,20,14,6,0,0,0
2020-11-24 05:45,28,21,7,0,0,0
2020-11-24 06:00,36,21,15,0,0,0
2020-11-24 06:15,46,33,13,0,0,0
2020-11-24 06:30,50,28,22,0,0,0
2020-11-24 06:45,85,59,26,0,0,0
2020-11-24 07:00,93,72,21,0,0,0
2020-11-24 07:15,127,78,49,0,0,0
2020-11-24 07:30,232,170,62,0,0,0
2020-11-24 07:45,255,167,88,0,0,0
2020-11-24 08:00,214,155,59,0,0,0
2020-11-24 08:15,162,94,68,0,0,0
2020-11-24 08:30,154,89,65,0,0,0
2020-11-24 08:45,171,113,58,0,0,0
2020-11-24 09:00,98,62,36,0,0,0
2020-11-24 09:15,118,66,52,0,0,0
2020-11-24 09:30,110,60,50,0,0,0
2020-11-24 09:45,142,79,63,0,0,0
2020-11-24 10:00,104,73,31,0,0,0
2020-11-24 10:15,94,63,31,0,0,0
2020-11-24 10:30,104,67,37,0,0,0
2020-11-24 10:45,105,54,51,0,0,0
2020-11-24 11:00,90,50,40,0,0,0
2020-11-24 11:15,108,54,54,0,0,0
2020-11-24 11:30,90,41,49,0,0,0
2020-11-24 11:45,152,79,73,0,0,0
2020-11-24 12:00,163,68,95,0,0,0
2020-11-24 12:15,145,86,59,0,0,0
2020-11-24 12:30,142,63,79,0,0,0
2020-11-24 12:45,179,83,96,0,0,0
2020-11-24 13:00,210,87,123,0,0,0
2020-11-24 13:15,184,80,104,0,0,0
2020-11-24 13:30,215,100,115,0,0,0
2020-11-24 13:45,198,79,119,0,0,0
2020-11-24 14:00,164,89,75,0,0,0
2020-11-24 14:15,184,105,79,0,0,0
2020-11-24 14:30,178,73,105,0,0,0
2020-11-24 14:45,179,90,89,0,0,0
2020-11-24 15:00,181,94,87,0,0,0
2020-11-24 15:15,148,63,85,0,0,0
2020-11-24 15:30,168,78,90,0,0,0
2020-11-24 15:45,196,110,86,0,0,0
2020-11-24 16:00,217,123,94,0,0,0
2020-11-24 16:15,224,121,103,0,0,0
2020-11-24 16:30,197,92,105,0,0,0
2020-11-24 16:45,204,79,125,0,0,0
2020-11-24 17:00,185,77,108,0,0,0
2020-11-24 17:15,248,109,139,0,0,0
2020-11-24 17:30,175,78,97,0,0,0
2020-11-24 17:45,193,78,115,0,0,0
2020-11-24 18:00,166,59,107,0,0,0
2020-11-24 18:15,147,59,88,0,0,0
2020-11-24 18:30,128,50,78,0,0,0
2020-11-24 18:45,146,56,90,0,0,0
2020-11-24 19:00,106,44,62,0,0,0
2020-11-24 19:15,117,45,72,0,0,0
2020-11-24 19:30,94,42,52,0,0,0
2020-11-24 19:45,88,34,54,0,0,0
2020-11-24 20:00,74,30,44,0,0,0
2020-11-24 20:15,62,19,43,0,0,0
2020-11-24 20:30,55,23,32,0,0,0
2020-11-24 20:45,47,15,32,0,0,0
2020-11-24 21:00,43,16,27,0,0,0
2020-11-24 21:15,34,10,24,0,0,0
2020-11-24 21:30,29,10,19,0,0,0
2020-11-24 21:45,27,13,14,0,0,0
2020-11-24 22:00,27,6,21,0,0,0
2020-11-24 22:15,27,9,18,0,0,0
2020-11-24 22:30,33,16,17,0,0,0
2020-11-24 22:45,24,6,18,0,0,0
2020-11-24 23:00,25,7,18,0,0,0
2020-11-24 23:15,34,9,25,0,0,0
2020-11-24 23:30,26,8,18,0,0,0
2020-11-24 23:45,22,11,11,0,0,0
2020-11-25 00:00,25,8,17,0,0,0
2020-11-25 00:15,11,4,7,0,0,0
2020-11-25 00:30,18,10,8,0,0,0
2020-11-25 00:45,5,3,2,0,0,0
2020-11-25 01:00,5,5,0,0,0,0
2020-11-25 01:15,1,1,0,0,0,0
2020-11-25 01:30,7,1,6,0,0,0
2020-11-25 01:45,5,3,2,0,0,0
2020-11-25 02:00,3,3,0,0,0,0
2020-11-25 02:15,2,1,1,0,0,0
2020-11-25 02:30,2,0,2,0,0,0
2020-11-25 02:45,2,1,1,0,0,0
2020-11-25 03:00,2,0,2,0,0,0
2020-11-25 03:15,0,0,0,0,0,0
2020-11-25 03:30,1,1,0,0,0,0
2020-11-25 03:45,4,2,2,0,0,0
2020-11-25 04:00,2,2,0,0,0,0
2020-11-25 04:15,7,1,6,0,0,0
2020-11-25 04:30,7,6,1,0,0,0
2020-11-25 04:45,6,3,3,0,0,0
2020-11-25 05:00,7,6,1,0,0,0
2020-11-25 05:15,10,9,1,0,0,0
2020-11-25 05:30,18,12,6,0,0,0
2020-11-25 05:45,16,14,2,0,0,0
2020-11-25 06:00,25,17,8,0,0,0
2020-11-25 06:15,45,35,10,0,0,0
2020-11-25 06:30,61,38,23,0,0,0
2020-11-25 06:45,90,65,25,0,0,0
2020-11-25 07:00,97,68,29,0,0,0
2020-11-25 07:15,128,94,34,0,0,0
2020-11-25 07:30,218,148,70,0,0,0
2020-11-25 07:45,289,195,94,0,0,0
2020-11-25 08:00,237,149,88,0,0,0
2020-11-25 08:15,179,103,76,0,0,0
2020-11-25 08:30,149,97,52,0,0,0
2020-11-25 08:45,172,100,72,0,0,0
2020-11-25 09:00,117,79,38,0,0,0
2020-11-25 09:15,129,79,50,0,0,0
2020-11-25 09:30,143,85,58,0,0,0
2020-11-25 09:45,157,86,71,0,0,0
2020-11-25 10:00,136,78,58,0,0,0
2020-11-25 10:15,101,56,45,0,0,0
2020-11-25 10:30,117,71,46,0,0,0
2020-11-25 10:45,135,74,61,0,0,0
2020-11-25 11:00,124,70,54,0,0,0
2020-11-25 11:15,116,57,59,0,0,0
2020-11-25 11:30,143,80,63,0,0,0
2020-11-25 11:45,160,75,85,0,0,0
2020-11-25 12:00,166,79,87,0,0,0
2020-11-25 12:15,188,107,81,0,0,0
2020-11-25 12:30,154,83,71,0,0,0
2020-11-25 12:45,198,97,101,0,0,0
2020-11-25 13:00,195,93,102,0,0,0
2020-11-25 13:15,203,99,104,0,0,0
2020-11-25 13:30,242,113,129,0,0,0
2020-11-25 13:45,201,103,98,0,0,0
2020-11-25 14:00,207,99,108,0,0,0
2020-11-25 14:15,190,109,81,0,0,0
2020-11-25 14:30,183,67,116,0,0,0
2020-11-25 14:45,214,105,109,0,0,0
2020-11-25 15:00,183,86,97,0,0,0
2020-11-25 15:15,172,85,87,0,0,0
2020-11-25 15:30,249,94,155,0,0,0
2020-11-25 15:45,242,110,132,0,0,0
2020-11-25 16:00,228,89,139,0,0,0
2020-11-25 16:15,223,111,112,0,0,0
2020-11-25 16:30,208,92,116,0,0,0
2020-11-25 16:45,196,89,107,0,0,0
2020-11-25 17:00,208,83,125,0,0,0
2020-11-25 17:15,221,82,139,0,0,0
2020-11-25 17:30,191,74,117,0,0,0
2020-11-25 17:45,196,85,111,0,0,0
2020-11-25 18:00,171,84,87,0,0,0
2020-11-25 18:15,162,73,89,0,0,0
2020-11-25 18:30,140,51,89,0,0,0
2020-11-25 18:45,154,64,90,0,0,0
2020-11-25 19:00,125,50,75,0,0,0
2020-11-25 19:15,112,40,72,0,0,0
2020-11-25 19:30,104,40,64,0,0,0
2020-11-25 19:45,105,47,58,0,0,0
2020-11-25 20:00,83,28,55,0,0,0
2020-11-25 20:15,76,42,34,0,0,0
2020-11-25 20:30,43,17,26,0,0,0
2020-11-25 20:45,58,22,36,0,0,0
2020-11-25 21:00,58,28,30,0,0,0
2020-11-25 21:15,33,14,19,0,0,0
2020-11-25 21:30,37,18,19,0,0,0
2020-11-25 21:45,37,11,26,0,0,0
2020-11-25 22:00,28,16,12,0,0,0
2020-11-25 22:15,39,9,30,0,0,0
2020-11-25 22:30,31,16,15,0,0,0
2020-11-25 22:45,46,11,35,0,0,0
2020-11-25 23:00,42,13,29,0,0,0
2020-11-25 23:15,38,14,24,0,0,0
2020-11-25 23:30,28,10,18,0,0,0
2020-11-25 23:45,32,16,16,0,0,0
2020-11-26 00:00,24,14,10,0,0,0
2020-11-26 00:15,19,7,12,0,0,0
2020-11-26 00:30,14,1,13,0,0,0
2020-11-26 00:45,7,2,5,0,0,0
2020-11-26 01:00,16,4,12,0,0,0
2020-11-26 01:15,9,3,6,0,0,0
2020-11-26 01:30,10,4,6,0,0,0
2020-11-26 01:45,8,4,4,0,0,0
2020-11-26 02:00,8,5,3,0,0,0
2020-11-26 02:15,9,3,6,0,0,0
2020-11-26 02:30,2,2,0,0,0,0
2020-11-26 02:45,6,5,1,0,0,0
2020-11-26 03:00,6,1,5,0,0,0
2020-11-26 03:15,1,0,1,0,0,0
2020-11-26 03:30,3,2,1,0,0,0
2020-11-26 03:45,2,2,0,0,0,0
2020-11-26 04:00,4,1,3,0,0,0
2020-11-26 04:15,6,3,3,0,0,0
2020-11-26 04:30,9,7,2,0,0,0
2020-11-26 04:45,6,4,2,0,0,0
2020-11-26 05:00,5,3,2,0,0,0
2020-11-26 05:15,7,6,1,0,0,0
2020-11-26 05:30,24,14,10,0,0,0
2020-11-26 05:45,20,15,5,0,0,0
2020-11-26 06:00,32,20,12,0,0,0
2020-11-26 06:15,40,31,9,0,0,0
2020-11-26 06:30,51,31,20,0,0,0
2020-11-26 06:45,75,52,23,0,0,0
2020-11-26 07:00,64,42,22,0,0,0
2020-11-26 07:15,124,86,38,0,0,0
2020-11-26 07:30,214,155,59,0,0,0
2020-11-26 07:45,272,176,96,0,0,0
2020-11-26 08:00,164,112,52,0,0,0
2020-11-26 08:15,146,73,73,0,0,0
2020-11-26 08:30,114,70,44,0,0,0
2020-11-26 08:45,156,96,60,0,0,0
2020-11-26 09:00,103,66,37,0,0,0
2020-11-26 09:15,111,61,50,0,0,0
2020-11-26 09:30,103,56,47,0,0,0
2020-11-26 09:45,127,55,72,0,0,0
2020-11-26 10:00,110,68,42,0,0,0
2020-11-26 10:15,96,53,43,0,0,0
2020-11-26 10:30,94,57,37,0,0,0
2020-11-26 10:45,97,51,46,0,0,0
2020-11-26 11:00,74,38,36,0,0,0
2020-11-26 11:15,79,35,44,0,0,0
2020-11-26 11:30,95,40,55,0,0,0
2020-11-26 11:45,107,61,46,0,0,0
2020-11-26 12:00,138,49,89,0,0,0
2020-11-26 12:15,120,53,67,0,0,0
2020-11-26 12:30,124,51,73,0,0,0
2020-11-26 12:45,123,64,59,0,0,0
2020-11-26 13:00,129,65,64,0,0,0
2020-11-26 13:15,119,55,64,0,0,0
2020-11-26 13:30,161,73,88,0,0,0
2020-11-26 13:45,166,88,78,0,0,0
2020-11-26 14:00,196,96,100,0,0,0
2020-11-26 14:15,162,77,85,0,0,0
2020-11-26 14:30,148,91,57,0,0,0
2020-11-26 14:45,146,70,76,0,0,0
2020-11-26 15:00,147,71,76,0,0,0
2020-11-26 15:15,133,54,79,0,0,0
2020-11-26 15:30,180,63,117,0,0,0
2020-11-26 15:45,211,105,106,0,0,0
2020-11-26 16:00,172,67,105,0,0,0
2020-11-26 16:15,195,87,108,0,0,0
2020-11-26 16:30,170,80,90,0,0,0
2020-11-26 16:45,171,62,109,0,0,0
2020-11-26 17:00,177,68,109,0,0,0
2020-11-26 17:15,174,84,90,0,0,0
2020-11-26 17:30,155,66,89,0,0,0
2020-11-26 17:45,149,66,83,0,0,0
2020-11-26 18:00,163,81,82,0,0,0
2020-11-26 18:15,139,51,88,0,0,0
2020-11-26 18:30,141,62,79,0,0,0
2020-11-26 18:45,100,46,54,0,0,0
2020-11-26 19:00,123,52,71,0,0,0
2020-11-26 19:15,100,42,58,0,0,0
2020-11-26 19:30,93,39,54,0,0,0
2020-11-26 19:45,97,45,52,0,0,0
2020-11-26 20:00,84,31,53,0,0,0
2020-11-26 20:15,46,15,31,0,0,0
2020-11-26 20:30,47,19,28,0,0,0
2020-11-26 20:45,37,21,16,0,0,0
2020-11-26 21:00,35,19,16,0,0,0
2020-11-26 21:15,45,18,27,0,0,0
2020-11-26 21:30,37,13,24,0,0,0
2020-11-26 21:45,32,16,16,0,0,0
2020-11-26 22:00,34,16,18,0,0,0
2020-11-26 22:15,37,14,23,0,0,0
2020-11-26 22:30,28,11,17,0,0,0
2020-11-26 22:45,23,10,13,0,0,0
2020-11-26 23:00,21,10,11,0,0,0
2020-11-26 23:15,24,10,14,0,0,0
2020-11-26 23:30,16,8,8,0,0,0
2020-11-26 23:45,20,9,11,0,0,0
2020-11-27 00:00,16,8,8,0,0,0
2020-11-27 00:15,17,10,7,0,0,0
2020-11-27 00:30,18,4,14,0,0,0
2020-11-27 00:45,11,5,6,0,0,0
2020-11-27 01:00,7,5,2,0,0,0
2020-11-27 01:15,9,5,4,0,0,0
2020-11-27 01:30,6,2,4,0,0,0
2020-11-27 01:45,8,3,5,0,0,0
2020-11-27 02:00,6,1,5,0,0,0
2020-11-27 02:15,4,1,3,0,0,0
2020-11-27 02:30,12,6,6,0,0,0
2020-11-27 02:45,3,2,1,0,0,0
2020-11-27 03:00,0,0,0,0,0,0
2020-11-27 03:15,1,0,1,0,0,0
2020-11-27 03:30,1,1,0,0,0,0
2020-11-27 03:45,2,0,2,0,0,0
2020-11-27 04:00,2,2,0,0,0,0
2020-11-27 04:15,4,3,1,0,0,0
2020-11-27 04:30,6,4,2,0,0,0
2020-11-27 04:45,4,1,3,0,0,0
2020-11-27 05:00,3,3,0,0,0,0
2020-11-27 05:15,15,8,7,0,0,0
2020-11-27 05:30,17,9,8,0,0,0
2020-11-27 05:45,23,18,5,0,0,0
2020-11-27 06:00,27,20,7,0,0,0
2020-11-27 06:15,36,25,11,0,0,0
2020-11-27 06:30,49,24,25,0,0,0
2020-11-27 06:45,57,38,19,0,0,0
2020-11-27 07:00,60,41,19,0,0,0
2020-11-27 07:15,100,68,32,0,0,0
2020-11-27 07:30,196,138,58,0,0,0
2020-11-27 07:45,233,160,73,0,0,0
2020-11-27 08:00,211,129,82,0,0,0
2020-11-27 08:15,149,92,57,0,0,0
2020-11-27 08:30,121,71,50,0,0,0
2020-11-27 08:45,148,87,61,0,0,0
2020-11-27 09:00,102,58,44,0,0,0
2020-11-27 09:15,116,68,48,0,0,0
2020-11-27 09:30,122,64,58,0,0,0
2020-11-27 09:45,167,102,65,0,0,0
2020-11-27 10:00,128,77,51,0,0,0
2020-11-27 10:15,112,64,48,0,0,0
2020-11-27 10:30,132,59,73,0,0,0
2020-11-27 10:45,115,65,50,0,0,0
2020-11-27 11:00,109,59,50,0,0,0
2020-11-27 11:15,115,66,49,0,0,0
2020-11-27 11:30,146,74,72,0,0,0
2020-11-27 11:45,154,73,81,0,0,0
2020-11-27 12:00,183,89,94,0,0,0
2020-11-27 12:15,157,83,74,0,0,0
2020-11-27 12:30,166,73,93,0,0,0
2020-11-27 12:45,191,102,89,0,0,0
2020-11-27 13:00,234,88,146,0,0,0
2020-11-27 13:15,195,97,98,0,0,0
2020-11-27 13:30,210,72,138,0,0,0
2020-11-27 13:45,200,93,107,0,0,0
2020-11-27 14:00,204,103,101,0,0,0
2020-11-27 14:15,198,95,103,0,0,0
2020-11-27 14:30,178,81,97,0,0,0
2020-11-27 14:45,187,95,92,0,0,0
2020-11-27 15:00,168,78,90,0,0,0
2020-11-27 15:15,191,109,82,0,0,0
2020-11-27 15:30,189,96,93,0,0,0
2020-11-27 15:45,208,112,96,0,0,0
2020-11-27 16:00,189,105,84,0,0,0
2020-11-27 16:15,185,96,89,0,0,0
2020-11-27 16:30,208,108,100,0,0,0
2020-11-27 16:45,189,82,107,0,0,0
2020-11-27 17:00,184,73,111,0,0,0
2020-11-27 17:15,161,63,98,0,0,0
2020-11-27 17:30,137,53,84,0,0,0
2020-11-27 17:45,168,71,97,0,0,0
2020-11-27 18:00,159,76,83,0,0,0
2020-11-27 18:15,147,60,87,0,0,0
2020-11-27 18:30,133,54,79,0,0,0
2020-11-27 18:45,133,58,75,0,0,0
2020-11-27 19:00,154,54,100,0,0,0
2020-11-27 19:15,120,38,82,0,0,0
2020-11-27 19:30,119,49,70,0,0,0
2020-11-27 19:45,71,35,36,0,0,0
2020-11-27 20:00,107,40,67,0,0,0
2020-11-27 20:15,74,27,47,0,0,0
2020-11-27 20:30,49,26,23,0,0,0
2020-11-27 20:45,59,21,38,0,0,0
2020-11-27 21:00,45,19,26,0,0,0
2020-11-27 21:15,38,17,21,0,0,0
2020-11-27 21:30,55,27,28,0,0,0
2020-11-27 21:45,26,10,16,0,0,0
2020-11-27 22:00,35,17,18,0,0,0
2020-11-27 22:15,30,10,20,0,0,0
2020-11-27 22:30,25,7,18,0,0,0
2020-11-27 22:45,25,11,14,0,0,0
2020-11-27 23:00,25,10,15,0,0,0
2020-11-27 23:15,21,7,14,0,0,0
2020-11-27 23:30,29,12,17,0,0,0
2020-11-27 23:45,27,15,12,0,0,0
2020-11-28 00:00,18,4,14,0,0,0
2020-11-28 00:15,25,12,13,0,0,0
2020-11-28 00:30,27,10,17,0,0,0
2020-11-28 00:45,31,15,16,0,0,0
2020-11-28 01:00,15,4,11,0,0,0
2020-11-28 01:15,34,20,14,0,0,0
2020-11-28 01:30,26,13,13,0,0,0
2020-11-28 01:45,10,1,9,0,0,0
2020-11-28 02:00,22,7,15,0,0,0
2020-11-28 02:15,12,4,8,0,0,0
2020-11-28 02:30,7,3,4,0,0,0
2020-11-28 02:45,13,4,9,0,0,0
2020-11-28 03:00,8,4,4,0,0,0
2020-11-28 03:15,5,3,2,0,0,0
2020-11-28 03:30,8,2,6,0,0,0
2020-11-28 03:45,4,2,2,0,0,0
2020-11-28 04:00,5,1,4,0,0,0
2020-11-28 04:15,4,2,2,0,0,0
2020-11-28 04:30,1,1,0,0,0,0
2020-11-28 04:45,6,4,2,0,0,0
2020-11-28 05:00,4,2,2,0,0,0
2020-11-28 05:15,3,3,0,0,0,0
2020-11-28 05:30,9,6,3,0,0,0
2020-11-28 05:45,4,1,3,0,0,0
2020-11-28 06:00,8,5,3,0,0,0
2020-11-28 06:15,9,5,4,0,0,0
2020-11-28 06:30,7,3,4,0,0,0
2020-11-28 06:45,13,7,6,0,0,0
2020-11-28 07:00,6,4,2,0,0,0
2020-11-28 07:15,11,8,3,0,0,0
2020-11-28 07:30,23,14,9,0,0,0
2020-11-28 07:45,25,12,13,0,0,0
2020-11-28 08:00,21,12,9,0,0,0
2020-11-28 08:15,35,22,13,0,0,0
2020-11-28 08:30,44,28,16,0,0,0
2020-11-28 08:45,61,31,30,0,0,0
2020-11-28 09:00,49,27,22,0,0,0
2020-11-28 09:15,57,38,19,0,0,0
2020-11-28 09:30,73,47,26,0,0,0
2020-11-28 09:45,93,76,17,0,0,0
2020-11-28 10:00,93,66,27,0,0,0
2020-11-28 10:15,85,57,28,0,0,0
2020-11-28 10:30,106,69,37,0,0,0
2020-11-28 10:45,113,82,31,0,0,0
2020-11-28 11:00,106,68,38,0,0,0
2020-11-28 11:15,94,63,31,0,0,0
2020-11-28 11:30,98,71,27,0,0,0
2020-11-28 11:45,112,58,54,0,0,0
2020-11-28 12:00,97,60,37,0,0,0
2020-11-28 12:15,132,61,71,0,0,0
2020-11-28 12:30,148,65,83,0,0,0
2020-11-28 12:45,127,68,59,0,0,0
2020-11-28 13:00,117,73,44,0,0,0
2020-11-28 13:15,120,61,59,0,0,0
2020-11-28 13:30,131,74,57,0,0,0
2020-11-28 13:45,130,66,64,0,0,0
2020-11-28 14:00,146,72,74,0,0,0
2020-11-28 14:15,149,65,84,0,0,0
2020-11-28 14:30,142,62,80,0,0,0
2020-11-28 14:45,121,48,73,0,0,0
2020-11-28 15:00,143,64,79,0,0,0
2020-11-28 15:15,118,54,64,0,0,0
2020-11-28 15:30,118,46,72,0,0,0
2020-11-28 15:45,136,62,74,0,0,0
2020-11-28 16:00,105,54,51,0,0,0
2020-11-28 16:15,92,32,60,0,0,0
2020-11-28 16:30,104,46,58,0,0,0
2020-11-28 16:45,95,34,61,0,0,0
2020-11-28 17:00,123,53,70,0,0,0
2020-11-28 17:15,80,30,50,0,0,0
2020-11-28 17:30,75,30,45,0,0,0
2020-11-28 17:45,91,33,58,0,0,0
2020-11-28 18:00,107,37,70,0,0,0
2020-11-28 18:15,111,40,71,0,0,0
2020-11-28 18:30,83,34,49,0,0,0
2020-11-28 18:45,103,44,59,0,0,0
2020-11-28 19:00,83,30,53,0,0,0
2020-11-28 19:15,71,23,48,0,0,0
2020-11-28 19:30,63,21,42,0,0,0
2020-11-28 19:45,59,20,39,0,0,0
2020-11-28 20:00,59,26,33,0,0,0
2020-11-28 20:15,61,18,43,0,0,0
2020-11-28 20:30,39,13,26,0,0,0
2020-11-28 20:45,42,15,27,0,0,0
2020-11-28 21:00,51,20,31,0,0,0
2020-11-28 21:15,21,6,15,0,0,0
2020-11-28 21:30,32,14,18,0,0,0
2020-11-28 21:45,31,10,21,0,0,0
2020-11-28 22:00,23,10,13,0,0,0
2020-11-28 22:15,26,11,15,0,0,0
2020-11-28 22:30,21,9,12,0,0,0
2020-11-28 22:45,33,17,16,0,0,0
2020-11-28 23:00,22,6,16,0,0,0
2020-11-28 23:15,37,10,27,0,0,0
2020-11-28 23:30,25,13,12,0,0,0
2020-11-28 23:45,23,12,11,0,0,0
2020-11-29 00:00,30,17,13,0,0,0
2020-11-29 00:15,35,10,25,0,0,0
2020-11-29 00:30,29,12,17,0,0,0
2020-11-29 00:45,27,9,18,0,0,0
2020-11-29 01:00,26,9,17,0,0,0
2020-11-29 01:15,21,15,6,0,0,0
2020-11-29 01:30,17,8,9,0,0,0
2020-11-29 01:45,25,10,15,0,0,0
2020-11-29 02:00,8,3,5,0,0,0
2020-11-29 02:15,12,11,1,0,0,0
2020-11-29 02:30,5,4,1,0,0,0
2020-11-29 02:45,16,6,10,0,0,0
2020-11-29 03:00,7,1,6,0,0,0
2020-11-29 03:15,9,2,7,0,0,0
2020-11-29 03:30,5,3,2,0,0,0
2020-11-29 03:45,13,6,7,0,0,0
2020-11-29 04:00,1,0,1,0,0,0
2020-11-29 04:15,7,0,7,0,0,0
2020-11-29 04:30,2,2,0,0,0,0
2020-11-29 04:45,9,2,7,0,0,0
2020-11-29 05:00,2,2,0,0,0,0
2020-11-29 05:15,6,4,2,0,0,0
2020-11-29 05:30,7,3,4,0,0,0
2020-11-29 05:45,2,0,2,0,0,0
2020-11-29 06:00,4,1,3,0,0,0
2020-11-29 06:15,5,1,4,0,0,0
2020-11-29 06:30,6,4,2,0,0,0
2020-11-29 06:45,7,2,5,0,0,0
2020-11-29 07:00,3,1,2,0,0,0
2020-11-29 07:15,4,2,2,0,0,0
2020-11-29 07:30,6,2,4,0,0,0
2020-11-29 07:45,10,7,3,0,0,0
2020-11-29 08:00,4,3,1,0,0,0
2020-11-29 08:15,6,2,4,0,0,0
2020-11-29 08:30,15,7,8,0,0,0
2020-11-29 08:45,29,10,19,0,0,0
2020-11-29 09:00,15,11,4,0,0,0
2020-11-29 09:15,22,12,10,0,0,0
2020-11-29 09:30,24,17,7,0,0,0
2020-11-29 09:45,53,44,9,0,0,0
2020-11-29 10:00,33,22,11,0,0,0
2020-11-29 10:15,38,25,13,0,0,0
2020-11-29 10:30,37,17,20,0,0,0
2020-11-29 10:45,46,23,23,0,0,0
2020-11-29 11:00,42,21,21,0,0,0
2020-11-29 11:15,56,35,21,0,0,0
2020-11-29 11:30,53,27,26,0,0,0
2020-11-29 11:45,65,38,27,0,0,0
2020-11-29 12:00,70,27,43,0,0,0
2020-11-29 12:15,60,31,29,0,0,0
2020-11-29 12:30,69,37,32,0,0,0
2020-11-29 12:45,88,38,50,0,0,0
2020-11-29 13:00,82,52,30,0,0,0
2020-11-29 13:15,70,39,31,0,0,0
2020-11-29 13:30,83,45,38,0,0,0
2020-11-29 13:45,96,54,42,0,0,0
2020-11-29 14:00,95,46,49,0,0,0
2020-11-29 14:15,85,49,36,0,0,0
2020-11-29 14:30,109,42,67,0,0,0
2020-11-29 14:45,109,65,44,0,0,0
2020-11-29 15:00,103,50,53,0,0,0
2020-11-29 15:15,130,61,69,0,0,0
2020-11-29 15:30,99,49,50,0,0,0
2020-11-29 15:45,81,37,44,0,0,0
2020-11-29 16:00,100,51,49,0,0,0
2020-11-29 16:15,81,43,38,0,0,0
2020-11-29 16:30,77,38,39,0,0,0
2020-11-29 16:45,99,46,53,0,0,0
2020-11-29 17:00,57,18,39,0,0,0
2020-11-29 17:15,73,25,48,0,0,0
2020-11-29 17:30,78,31,47,0,0,0
2020-11-29 17:45,64,25,39,0,0,0
2020-11-29 18:00,62,17,45,0,0,0
2020-11-29 18:15,41,20,21,0,0,0
2020-11-29 18:30,58,24,34,0,0,0
2020-11-29 18:45,64,32,32,0,0,0
2020-11-29 19:00,35,12,23,0,0,0
2020-11-29 19:15,48,16,32,0,0,0
2020-11-29 19:30,33,19,14,0,0,0
2020-11-29 19:45,54,26,28,0,0,0
2020-11-29 20:00,42,12,30,0,0,0
2020-11-29 20:15,35,13,22,0,0,0
2020-11-29 20:30,33,10,23,0,0,0
2020-11-29 20:45,25,13,12,0,0,0
2020-11-29 21:00,21,8,13,0,0,0
2020-11-29 21:15,32,13,19,0,0,0
2020-11-29 21:30,33,10,23,0,0,0
2020-11-29 21:45,27,10,17,0,0,0
2020-11-29 22:00,30,7,23,0,0,0
2020-11-29 22:15,20,4,16,0,0,0
2020-11-29 22:30,17,10,7,0,0,0
2020-11-29 22:45,23,8,15,0,0,0
2020-11-29 23:00,19,12,7,0,0,0
2020-11-29 23:15,20,13,7,0,0,0
2020-11-29 23:30,15,2,13,0,0,0
2020-11-29 23:45,4,2,2,0,0,0
2020-11-30 00:00,9,1,8,0,0,0
2020-11-30 00:15,6,1,5,0,0,0
2020-11-30 00:30,3,1,2,0,0,0
2020-11-30 00:45,5,2,3,0,0,0
2020-11-30 01:00,5,0,5,0,0,0
2020-11-30 01:15,9,4,5,0,0,0
2020-11-30 01:30,1,1,0,0,0,0
2020-11-30 01:45,3,0,3,0,0,0
2020-11-30 02:00,0,0,0,0,0,0
2020-11-30 02:15,3,3,0,0,0,0
2020-11-30 02:30,0,0,0,0,0,0
2020-11-30 02:45,1,0,1,0,0,0
2020-11-30 03:00,0,0,0,0,0,0
2020-11-30 03:15,0,0,0,0,0,0
2020-11-30 03:30,1,0,1,0,0,0
2020-11-30 03:45,2,0,2,0,0,0
2020-11-30 04:00,4,4,0,0,0,0
2020-11-30 04:15,1,1,0,0,0,0
2020-11-30 04:30,6,5,1,0,0,0
2020-11-30 04:45,11,4,7,0,0,0
2020-11-30 05:00,2,2,0,0,0,0
2020-11-30 05:15,7,5,2,0,0,0
2020-11-30 05:30,21,14,7,0,0,0
2020-11-30 05:45,22,19,3,0,0,0
2020-11-30 06:00,20,14,6,0,0,0
2020-11-30 06:15,32,22,10,0,0,0
2020-11-30 06:30,39,23,16,0,0,0
2020-11-30 06:45,78,50,28,0,0,0
2020-11-30 07:00,69,37,32,0,0,0
2020-11-30 07:15,110,71,39,0,0,0
2020-11-30 07:30,200,147,53,0,0,0
2020-11-30 07:45,268,172,96,0,0,0
2020-11-30 08:00,206,136,70,0,0,0
2020-11-30 08:15,143,93,50,0,0,0
2020-11-30 08:30,119,74,45,0,0,0
2020-11-30 08:45,148,90,58,0,0,0
2020-11-30 09:00,103,64,39,0,0,0
2020-11-30 09:15,103,57,46,0,0,0
2020-11-30 09:30,96,50,46,0,0,0
2020-11-30 09:45,141,82,59,0,0,0
2020-11-30 10:00,93,46,47,0,0,0
2020-11-30 10:15,88,53,35,0,0,0
2020-11-30 10:30,86,50,36,0,0,0
2020-11-30 10:45,77,35,42,0,0,0
2020-11-30 11:00,77,45,32,0,0,0
2020-11-30 11:15,93,47,46,0,0,0
2020-11-30 11:30,116,67,49,0,0,0
2020-11-30 11:45,121,64,57,0,0,0
2020-11-30 12:00,97,40,57,0,0,0
2020-11-30 12:15,105,47,58,0,0,0
2020-11-30 12:30,107,46,61,0,0,0
2020-11-30 12:45,137,66,71,0,0,0
2020-11-30 13:00,128,67,61,0,0,0
2020-11-30 13:15,128,50,78,0,0,0
2020-11-30 13:30,154,58,96,0,0,0
2020-11-30 13:45,179,63,116,0,0,0
2020-11-30 14:00,137,63,74,0,0,0
2020-11-30 14:15,126,59,67,0,0,0
2020-11-30 14:30,134,60,74,0,0,0
2020-11-30 14:45,169,86,83,0,0,0
2020-11-30 15:00,165,64,101,0,0,0
2020-11-30 15:15,149,55,94,0,0,0
2020-11-30 15:30,198,58,140,0,0,0
2020-11-30 15:45,202,89,113,0,0,0
2020-11-30 16:00,198,90,108,0,0,0
2020-11-30 16:15,175,80,95,0,0,0
2020-11-30 16:30,187,81,106,0,0,0
2020-11-30 16:45,162,66,96,0,0,0
2020-11-30 17:00,160,63,97,0,0,0
2020-11-30 17:15,147,62,85,0,0,0
2020-11-30 17:30,151,51,100,0,0,0
2020-11-30 17:45,140,60,80,0,0,0
2020-11-30 18:00,122,52,70,0,0,0
2020-11-30 18:15,125,51,74,0,0,0
2020-11-30 18:30,87,33,54,0,0,0
2020-11-30 18:45,94,39,55,0,0,0
2020-11-30 19:00,87,32,55,0,0,0
2020-11-30 19:15,61,20,41,0,0,0
2020-11-30 19:30,65,27,38,0,0,0
2020-11-30 19:45,52,18,34,0,0,0
2020-11-30 20:00,73,22,51,0,0,0
2020-11-30 20:15,42,11,31,0,0,0
2020-11-30 20:30,31,8,23,0,0,0
2020-11-30 20:45,30,14,16,0,0,0
2020-11-30 21:00,34,11,23,0,0,0
2020-11-30 21:15,25,9,16,0,0,0
2020-11-30 21:30,30,10,20,0,0,0
2020-11-30 21:45,7,2,5,0,0,0
2020-11-30 22:00,21,9,12,0,0,0
2020-11-30 22:15,15,3,12,0,0,0
2020-11-30 22:30,15,5,10,0,0,0
2020-11-30 22:45,19,10,9,0,0,0
2020-11-30 23:00,15,9,6,0,0,0
2020-11-30 23:15,12,5,7,0,0,0
2020-11-30 23:30,6,4,2,0,0,0
2020-11-30 23:45,13,7,6,0,0,0
