Datetime,100035541 (Neutor),101035541 (Neutor stadteinwÃ¤rts),102035541 (Neutor stadtauswÃ¤rts),100035541-status,101035541-status,102035541-status
2020-08-01 00:00,63,21,42,0,0,0
2020-08-01 00:15,107,15,92,0,0,0
2020-08-01 00:30,68,12,56,0,0,0
2020-08-01 00:45,77,22,55,0,0,0
2020-08-01 01:00,71,15,56,0,0,0
2020-08-01 01:15,88,18,70,0,0,0
2020-08-01 01:30,57,14,43,0,0,0
2020-08-01 01:45,51,17,34,0,0,0
2020-08-01 02:00,56,13,43,0,0,0
2020-08-01 02:15,34,16,18,0,0,0
2020-08-01 02:30,47,8,39,0,0,0
2020-08-01 02:45,35,14,21,0,0,0
2020-08-01 03:00,25,7,18,0,0,0
2020-08-01 03:15,16,2,14,0,0,0
2020-08-01 03:30,35,7,28,0,0,0
2020-08-01 03:45,22,10,12,0,0,0
2020-08-01 04:00,20,9,11,0,0,0
2020-08-01 04:15,18,4,14,0,0,0
2020-08-01 04:30,12,1,11,0,0,0
2020-08-01 04:45,22,2,20,0,0,0
2020-08-01 05:00,8,5,3,0,0,0
2020-08-01 05:15,10,7,3,0,0,0
2020-08-01 05:30,14,6,8,0,0,0
2020-08-01 05:45,16,8,8,0,0,0
2020-08-01 06:00,8,5,3,0,0,0
2020-08-01 06:15,13,8,5,0,0,0
2020-08-01 06:30,18,7,11,0,0,0
2020-08-01 06:45,22,19,3,0,0,0
2020-08-01 07:00,10,5,5,0,0,0
2020-08-01 07:15,28,18,10,0,0,0
2020-08-01 07:30,52,44,8,0,0,0
2020-08-01 07:45,69,51,18,0,0,0
2020-08-01 08:00,35,27,8,0,0,0
2020-08-01 08:15,28,16,12,0,0,0
2020-08-01 08:30,49,25,24,0,0,0
2020-08-01 08:45,56,34,22,0,0,0
2020-08-01 09:00,56,34,22,0,0,0
2020-08-01 09:15,61,39,22,0,0,0
2020-08-01 09:30,71,44,27,0,0,0
2020-08-01 09:45,99,68,31,0,0,0
2020-08-01 10:00,103,59,44,0,0,0
2020-08-01 10:15,82,55,27,0,0,0
2020-08-01 10:30,97,62,35,0,0,0
2020-08-01 10:45,94,39,55,0,0,0
2020-08-01 11:00,78,36,42,0,0,0
2020-08-01 11:15,92,54,38,0,0,0
2020-08-01 11:30,95,38,57,0,0,0
2020-08-01 11:45,114,69,45,0,0,0
2020-08-01 12:00,122,63,59,0,0,0
2020-08-01 12:15,118,62,56,0,0,0
2020-08-01 12:30,118,67,51,0,0,0
2020-08-01 12:45,119,60,59,0,0,0
2020-08-01 13:00,127,64,63,0,0,0
2020-08-01 13:15,131,78,53,0,0,0
2020-08-01 13:30,125,67,58,0,0,0
2020-08-01 13:45,140,92,48,0,0,0
2020-08-01 14:00,125,60,65,0,0,0
2020-08-01 14:15,118,63,55,0,0,0
2020-08-01 14:30,130,79,51,0,0,0
2020-08-01 14:45,116,57,59,0,0,0
2020-08-01 15:00,131,51,80,0,0,0
2020-08-01 15:15,113,63,50,0,0,0
2020-08-01 15:30,119,51,68,0,0,0
2020-08-01 15:45,128,59,69,0,0,0
2020-08-01 16:00,123,53,70,0,0,0
2020-08-01 16:15,110,64,46,0,0,0
2020-08-01 16:30,113,49,64,0,0,0
2020-08-01 16:45,117,61,56,0,0,0
2020-08-01 17:00,144,76,68,0,0,0
2020-08-01 17:15,134,60,74,0,0,0
2020-08-01 17:30,135,72,63,0,0,0
2020-08-01 17:45,136,72,64,0,0,0
2020-08-01 18:00,126,55,71,0,0,0
2020-08-01 18:15,111,56,55,0,0,0
2020-08-01 18:30,139,62,77,0,0,0
2020-08-01 18:45,128,59,69,0,0,0
2020-08-01 19:00,149,74,75,0,0,0
2020-08-01 19:15,143,70,73,0,0,0
2020-08-01 19:30,117,60,57,0,0,0
2020-08-01 19:45,146,74,72,0,0,0
2020-08-01 20:00,154,87,67,0,0,0
2020-08-01 20:15,114,62,52,0,0,0
2020-08-01 20:30,90,48,42,0,0,0
2020-08-01 20:45,90,45,45,0,0,0
2020-08-01 21:00,87,44,43,0,0,0
2020-08-01 21:15,84,43,41,0,0,0
2020-08-01 21:30,72,39,33,0,0,0
2020-08-01 21:45,58,23,35,0,0,0
2020-08-01 22:00,71,26,45,0,0,0
2020-08-01 22:15,65,16,49,0,0,0
2020-08-01 22:30,59,18,41,0,0,0
2020-08-01 22:45,53,15,38,0,0,0
2020-08-01 23:00,78,28,50,0,0,0
2020-08-01 23:15,55,16,39,0,0,0
2020-08-01 23:30,71,17,54,0,0,0
2020-08-01 23:45,104,30,74,0,0,0
2020-08-02 00:00,66,19,47,0,0,0
2020-08-02 00:15,72,32,40,0,0,0
2020-08-02 00:30,55,26,29,0,0,0
2020-08-02 00:45,57,13,44,0,0,0
2020-08-02 01:00,63,15,48,0,0,0
2020-08-02 01:15,57,14,43,0,0,0
2020-08-02 01:30,35,12,23,0,0,0
2020-08-02 01:45,54,16,38,0,0,0
2020-08-02 02:00,44,11,33,0,0,0
2020-08-02 02:15,24,4,20,0,0,0
2020-08-02 02:30,40,5,35,0,0,0
2020-08-02 02:45,31,17,14,0,0,0
2020-08-02 03:00,20,6,14,0,0,0
2020-08-02 03:15,30,9,21,0,0,0
2020-08-02 03:30,33,8,25,0,0,0
2020-08-02 03:45,14,7,7,0,0,0
2020-08-02 04:00,17,5,12,0,0,0
2020-08-02 04:15,16,6,10,0,0,0
2020-08-02 04:30,11,3,8,0,0,0
2020-08-02 04:45,11,2,9,0,0,0
2020-08-02 05:00,6,0,6,0,0,0
2020-08-02 05:15,9,0,9,0,0,0
2020-08-02 05:30,9,2,7,0,0,0
2020-08-02 05:45,9,4,5,0,0,0
2020-08-02 06:00,12,5,7,0,0,0
2020-08-02 06:15,8,4,4,0,0,0
2020-08-02 06:30,12,3,9,0,0,0
2020-08-02 06:45,0,0,0,0,0,0
2020-08-02 07:00,4,0,4,0,0,0
2020-08-02 07:15,11,3,8,0,0,0
2020-08-02 07:30,10,3,7,0,0,0
2020-08-02 07:45,13,6,7,0,0,0
2020-08-02 08:00,13,6,7,0,0,0
2020-08-02 08:15,13,8,5,0,0,0
2020-08-02 08:30,9,4,5,0,0,0
2020-08-02 08:45,26,17,9,0,0,0
2020-08-02 09:00,24,10,14,0,0,0
2020-08-02 09:15,33,16,17,0,0,0
2020-08-02 09:30,51,34,17,0,0,0
2020-08-02 09:45,67,42,25,0,0,0
2020-08-02 10:00,59,33,26,0,0,0
2020-08-02 10:15,53,25,28,0,0,0
2020-08-02 10:30,66,34,32,0,0,0
2020-08-02 10:45,69,44,25,0,0,0
2020-08-02 11:00,64,44,20,0,0,0
2020-08-02 11:15,75,38,37,0,0,0
2020-08-02 11:30,71,36,35,0,0,0
2020-08-02 11:45,82,41,41,0,0,0
2020-08-02 12:00,88,27,61,0,0,0
2020-08-02 12:15,65,37,28,0,0,0
2020-08-02 12:30,98,49,49,0,0,0
2020-08-02 12:45,96,48,48,0,0,0
2020-08-02 13:00,105,49,56,0,0,0
2020-08-02 13:15,86,39,47,0,0,0
2020-08-02 13:30,95,50,45,0,0,0
2020-08-02 13:45,126,73,53,0,0,0
2020-08-02 14:00,125,80,45,0,0,0
2020-08-02 14:15,106,61,45,0,0,0
2020-08-02 14:30,134,71,63,0,0,0
2020-08-02 14:45,108,59,49,0,0,0
2020-08-02 15:00,122,62,60,0,0,0
2020-08-02 15:15,135,56,79,0,0,0
2020-08-02 15:30,132,66,66,0,0,0
2020-08-02 15:45,110,61,49,0,0,0
2020-08-02 16:00,102,52,50,0,0,0
2020-08-02 16:15,109,55,54,0,0,0
2020-08-02 16:30,110,45,65,0,0,0
2020-08-02 16:45,141,70,71,0,0,0
2020-08-02 17:00,104,62,42,0,0,0
2020-08-02 17:15,121,66,55,0,0,0
2020-08-02 17:30,107,58,49,0,0,0
2020-08-02 17:45,118,61,57,0,0,0
2020-08-02 18:00,113,64,49,0,0,0
2020-08-02 18:15,116,36,80,0,0,0
2020-08-02 18:30,97,49,48,0,0,0
2020-08-02 18:45,109,61,48,0,0,0
2020-08-02 19:00,105,54,51,0,0,0
2020-08-02 19:15,109,56,53,0,0,0
2020-08-02 19:30,94,47,47,0,0,0
2020-08-02 19:45,126,65,61,0,0,0
2020-08-02 20:00,94,41,53,0,0,0
2020-08-02 20:15,100,55,45,0,0,0
2020-08-02 20:30,92,44,48,0,0,0
2020-08-02 20:45,75,25,50,0,0,0
2020-08-02 21:00,93,43,50,0,0,0
2020-08-02 21:15,83,38,45,0,0,0
2020-08-02 21:30,79,33,46,0,0,0
2020-08-02 21:45,69,24,45,0,0,0
2020-08-02 22:00,65,28,37,0,0,0
2020-08-02 22:15,51,21,30,0,0,0
2020-08-02 22:30,48,15,33,0,0,0
2020-08-02 22:45,54,18,36,0,0,0
2020-08-02 23:00,38,9,29,0,0,0
2020-08-02 23:15,24,10,14,0,0,0
2020-08-02 23:30,19,9,10,0,0,0
2020-08-02 23:45,61,6,55,0,0,0
2020-08-03 00:00,21,6,15,0,0,0
2020-08-03 00:15,22,9,13,0,0,0
2020-08-03 00:30,15,3,12,0,0,0
2020-08-03 00:45,4,2,2,0,0,0
2020-08-03 01:00,10,3,7,0,0,0
2020-08-03 01:15,11,5,6,0,0,0
2020-08-03 01:30,8,3,5,0,0,0
2020-08-03 01:45,6,3,3,0,0,0
2020-08-03 02:00,5,4,1,0,0,0
2020-08-03 02:15,6,4,2,0,0,0
2020-08-03 02:30,7,1,6,0,0,0
2020-08-03 02:45,2,0,2,0,0,0
2020-08-03 03:00,4,1,3,0,0,0
2020-08-03 03:15,1,0,1,0,0,0
2020-08-03 03:30,2,0,2,0,0,0
2020-08-03 03:45,5,2,3,0,0,0
2020-08-03 04:00,0,0,0,0,0,0
2020-08-03 04:15,3,2,1,0,0,0
2020-08-03 04:30,5,5,0,0,0,0
2020-08-03 04:45,5,4,1,0,0,0
2020-08-03 05:00,11,7,4,0,0,0
2020-08-03 05:15,14,12,2,0,0,0
2020-08-03 05:30,16,13,3,0,0,0
2020-08-03 05:45,31,23,8,0,0,0
2020-08-03 06:00,26,23,3,0,0,0
2020-08-03 06:15,35,26,9,0,0,0
2020-08-03 06:30,57,40,17,0,0,0
2020-08-03 06:45,68,47,21,0,0,0
2020-08-03 07:00,96,67,29,0,0,0
2020-08-03 07:15,100,60,40,0,0,0
2020-08-03 07:30,144,91,53,0,0,0
2020-08-03 07:45,170,105,65,0,0,0
2020-08-03 08:00,192,122,70,0,0,0
2020-08-03 08:15,148,93,55,0,0,0
2020-08-03 08:30,158,104,54,0,0,0
2020-08-03 08:45,195,132,63,0,0,0
2020-08-03 09:00,161,101,60,0,0,0
2020-08-03 09:15,148,88,60,0,0,0
2020-08-03 09:30,110,71,39,0,0,0
2020-08-03 09:45,154,85,69,0,0,0
2020-08-03 10:00,122,65,57,0,0,0
2020-08-03 10:15,117,53,64,0,0,0
2020-08-03 10:30,114,54,60,0,0,0
2020-08-03 10:45,105,58,47,0,0,0
2020-08-03 11:00,130,61,69,0,0,0
2020-08-03 11:15,120,70,50,0,0,0
2020-08-03 11:30,139,81,58,0,0,0
2020-08-03 11:45,133,75,58,0,0,0
2020-08-03 12:00,138,67,71,0,0,0
2020-08-03 12:15,129,71,58,0,0,0
2020-08-03 12:30,135,77,58,0,0,0
2020-08-03 12:45,180,95,85,0,0,0
2020-08-03 13:00,150,77,73,0,0,0
2020-08-03 13:15,179,81,98,0,0,0
2020-08-03 13:30,175,88,87,0,0,0
2020-08-03 13:45,160,90,70,0,0,0
2020-08-03 14:00,173,100,73,0,0,0
2020-08-03 14:15,169,94,75,0,0,0
2020-08-03 14:30,155,83,72,0,0,0
2020-08-03 14:45,187,109,78,0,0,0
2020-08-03 15:00,152,56,96,0,0,0
2020-08-03 15:15,174,80,94,0,0,0
2020-08-03 15:30,162,82,80,0,0,0
2020-08-03 15:45,202,98,104,0,0,0
2020-08-03 16:00,213,109,104,0,0,0
2020-08-03 16:15,214,110,104,0,0,0
2020-08-03 16:30,220,100,120,0,0,0
2020-08-03 16:45,218,105,113,0,0,0
2020-08-03 17:00,219,102,117,0,0,0
2020-08-03 17:15,235,120,115,0,0,0
2020-08-03 17:30,248,108,140,0,0,0
2020-08-03 17:45,232,99,133,0,0,0
2020-08-03 18:00,243,102,141,0,0,0
2020-08-03 18:15,241,102,139,0,0,0
2020-08-03 18:30,209,91,118,0,0,0
2020-08-03 18:45,206,91,115,0,0,0
2020-08-03 19:00,199,94,105,0,0,0
2020-08-03 19:15,195,91,104,0,0,0
2020-08-03 19:30,137,61,76,0,0,0
2020-08-03 19:45,146,70,76,0,0,0
2020-08-03 20:00,146,69,77,0,0,0
2020-08-03 20:15,122,44,78,0,0,0
2020-08-03 20:30,121,56,65,0,0,0
2020-08-03 20:45,129,60,69,0,0,0
2020-08-03 21:00,109,55,54,0,0,0
2020-08-03 21:15,105,38,67,0,0,0
2020-08-03 21:30,105,39,66,0,0,0
2020-08-03 21:45,65,23,42,0,0,0
2020-08-03 22:00,96,42,54,0,0,0
2020-08-03 22:15,68,23,45,0,0,0
2020-08-03 22:30,73,23,50,0,0,0
2020-08-03 22:45,55,22,33,0,0,0
2020-08-03 23:00,64,23,41,0,0,0
2020-08-03 23:15,35,16,19,0,0,0
2020-08-03 23:30,45,10,35,0,0,0
2020-08-03 23:45,70,8,62,0,0,0
2020-08-04 00:00,63,10,53,0,0,0
2020-08-04 00:15,27,9,18,0,0,0
2020-08-04 00:30,19,4,15,0,0,0
2020-08-04 00:45,25,6,19,0,0,0
2020-08-04 01:00,20,4,16,0,0,0
2020-08-04 01:15,17,5,12,0,0,0
2020-08-04 01:30,8,4,4,0,0,0
2020-08-04 01:45,20,4,16,0,0,0
2020-08-04 02:00,10,2,8,0,0,0
2020-08-04 02:15,6,1,5,0,0,0
2020-08-04 02:30,13,4,9,0,0,0
2020-08-04 02:45,0,0,0,0,0,0
2020-08-04 03:00,9,3,6,0,0,0
2020-08-04 03:15,5,2,3,0,0,0
2020-08-04 03:30,15,5,10,0,0,0
2020-08-04 03:45,7,6,1,0,0,0
2020-08-04 04:00,9,4,5,0,0,0
2020-08-04 04:15,3,3,0,0,0,0
2020-08-04 04:30,5,4,1,0,0,0
2020-08-04 04:45,8,5,3,0,0,0
2020-08-04 05:00,6,4,2,0,0,0
2020-08-04 05:15,26,15,11,0,0,0
2020-08-04 05:30,24,18,6,0,0,0
2020-08-04 05:45,32,23,9,0,0,0
2020-08-04 06:00,34,25,9,0,0,0
2020-08-04 06:15,55,34,21,0,0,0
2020-08-04 06:30,63,42,21,0,0,0
2020-08-04 06:45,65,46,19,0,0,0
2020-08-04 07:00,121,83,38,0,0,0
2020-08-04 07:15,118,64,54,0,0,0
2020-08-04 07:30,184,104,80,0,0,0
2020-08-04 07:45,199,126,73,0,0,0
2020-08-04 08:00,162,102,60,0,0,0
2020-08-04 08:15,189,114,75,0,0,0
2020-08-04 08:30,178,110,68,0,0,0
2020-08-04 08:45,199,122,77,0,0,0
2020-08-04 09:00,153,98,55,0,0,0
2020-08-04 09:15,144,88,56,0,0,0
2020-08-04 09:30,114,67,47,0,0,0
2020-08-04 09:45,151,111,40,0,0,0
2020-08-04 10:00,129,67,62,0,0,0
2020-08-04 10:15,108,51,57,0,0,0
2020-08-04 10:30,118,66,52,0,0,0
2020-08-04 10:45,120,62,58,0,0,0
2020-08-04 11:00,113,65,48,0,0,0
2020-08-04 11:15,135,72,63,0,0,0
2020-08-04 11:30,163,78,85,0,0,0
2020-08-04 11:45,142,84,58,0,0,0
2020-08-04 12:00,151,89,62,0,0,0
2020-08-04 12:15,135,59,76,0,0,0
2020-08-04 12:30,136,71,65,0,0,0
2020-08-04 12:45,147,70,77,0,0,0
2020-08-04 13:00,170,92,78,0,0,0
2020-08-04 13:15,118,66,52,0,0,0
2020-08-04 13:30,193,97,96,0,0,0
2020-08-04 13:45,183,95,88,0,0,0
2020-08-04 14:00,220,114,106,0,0,0
2020-08-04 14:15,187,89,98,0,0,0
2020-08-04 14:30,182,101,81,0,0,0
2020-08-04 14:45,184,81,103,0,0,0
2020-08-04 15:00,163,69,94,0,0,0
2020-08-04 15:15,178,88,90,0,0,0
2020-08-04 15:30,153,80,73,0,0,0
2020-08-04 15:45,220,109,111,0,0,0
2020-08-04 16:00,221,115,106,0,0,0
2020-08-04 16:15,223,110,113,0,0,0
2020-08-04 16:30,242,122,120,0,0,0
2020-08-04 16:45,284,125,159,0,0,0
2020-08-04 17:00,260,120,140,0,0,0
2020-08-04 17:15,245,116,129,0,0,0
2020-08-04 17:30,271,129,142,0,0,0
2020-08-04 17:45,241,100,141,0,0,0
2020-08-04 18:00,244,111,133,0,0,0
2020-08-04 18:15,257,136,121,0,0,0
2020-08-04 18:30,224,99,125,0,0,0
2020-08-04 18:45,218,112,106,0,0,0
2020-08-04 19:00,192,99,93,0,0,0
2020-08-04 19:15,195,98,97,0,0,0
2020-08-04 19:30,167,89,78,0,0,0
2020-08-04 19:45,197,112,85,0,0,0
2020-08-04 20:00,158,64,94,0,0,0
2020-08-04 20:15,136,75,61,0,0,0
2020-08-04 20:30,137,70,67,0,0,0
2020-08-04 20:45,118,46,72,0,0,0
2020-08-04 21:00,109,65,44,0,0,0
2020-08-04 21:15,114,39,75,0,0,0
2020-08-04 21:30,94,35,59,0,0,0
2020-08-04 21:45,104,39,65,0,0,0
2020-08-04 22:00,122,37,85,0,0,0
2020-08-04 22:15,95,23,72,0,0,0
2020-08-04 22:30,99,31,68,0,0,0
2020-08-04 22:45,81,24,57,0,0,0
2020-08-04 23:00,57,15,42,0,0,0
2020-08-04 23:15,59,13,46,0,0,0
2020-08-04 23:30,61,20,41,0,0,0
2020-08-04 23:45,65,14,51,0,0,0
2020-08-05 00:00,105,15,90,0,0,0
2020-08-05 00:15,39,15,24,0,0,0
2020-08-05 00:30,31,11,20,0,0,0
2020-08-05 00:45,32,7,25,0,0,0
2020-08-05 01:00,25,4,21,0,0,0
2020-08-05 01:15,21,4,17,0,0,0
2020-08-05 01:30,18,2,16,0,0,0
2020-08-05 01:45,15,1,14,0,0,0
2020-08-05 02:00,12,1,11,0,0,0
2020-08-05 02:15,11,5,6,0,0,0
2020-08-05 02:30,8,0,8,0,0,0
2020-08-05 02:45,6,2,4,0,0,0
2020-08-05 03:00,5,1,4,0,0,0
2020-08-05 03:15,2,2,0,0,0,0
2020-08-05 03:30,3,2,1,0,0,0
2020-08-05 03:45,8,4,4,0,0,0
2020-08-05 04:00,4,0,4,0,0,0
2020-08-05 04:15,12,9,3,0,0,0
2020-08-05 04:30,11,9,2,0,0,0
2020-08-05 04:45,6,2,4,0,0,0
2020-08-05 05:00,10,5,5,0,0,0
2020-08-05 05:15,22,15,7,0,0,0
2020-08-05 05:30,14,6,8,0,0,0
2020-08-05 05:45,23,16,7,0,0,0
2020-08-05 06:00,38,28,10,0,0,0
2020-08-05 06:15,68,43,25,0,0,0
2020-08-05 06:30,79,54,25,0,0,0
2020-08-05 06:45,83,60,23,0,0,0
2020-08-05 07:00,116,83,33,0,0,0
2020-08-05 07:15,113,65,48,0,0,0
2020-08-05 07:30,172,107,65,0,0,0
2020-08-05 07:45,197,128,69,0,0,0
2020-08-05 08:00,183,116,67,0,0,0
2020-08-05 08:15,180,114,66,0,0,0
2020-08-05 08:30,184,106,78,0,0,0
2020-08-05 08:45,202,137,65,0,0,0
2020-08-05 09:00,169,106,63,0,0,0
2020-08-05 09:15,148,92,56,0,0,0
2020-08-05 09:30,163,98,65,0,0,0
2020-08-05 09:45,167,109,58,0,0,0
2020-08-05 10:00,107,65,42,0,0,0
2020-08-05 10:15,141,82,59,0,0,0
2020-08-05 10:30,150,75,75,0,0,0
2020-08-05 10:45,160,95,65,0,0,0
2020-08-05 11:00,133,73,60,0,0,0
2020-08-05 11:15,157,91,66,0,0,0
2020-08-05 11:30,151,84,67,0,0,0
2020-08-05 11:45,175,92,83,0,0,0
2020-08-05 12:00,165,80,85,0,0,0
2020-08-05 12:15,180,104,76,0,0,0
2020-08-05 12:30,186,91,95,0,0,0
2020-08-05 12:45,200,107,93,0,0,0
2020-08-05 13:00,197,93,104,0,0,0
2020-08-05 13:15,207,108,99,0,0,0
2020-08-05 13:30,189,89,100,0,0,0
2020-08-05 13:45,187,82,105,0,0,0
2020-08-05 14:00,166,79,87,0,0,0
2020-08-05 14:15,199,90,109,0,0,0
2020-08-05 14:30,198,95,103,0,0,0
2020-08-05 14:45,169,75,94,0,0,0
2020-08-05 15:00,176,83,93,0,0,0
2020-08-05 15:15,180,90,90,0,0,0
2020-08-05 15:30,202,96,106,0,0,0
2020-08-05 15:45,178,91,87,0,0,0
2020-08-05 16:00,220,85,135,0,0,0
2020-08-05 16:15,199,110,89,0,0,0
2020-08-05 16:30,218,113,105,0,0,0
2020-08-05 16:45,217,99,118,0,0,0
2020-08-05 17:00,242,117,125,0,0,0
2020-08-05 17:15,230,113,117,0,0,0
2020-08-05 17:30,240,120,120,0,0,0
2020-08-05 17:45,239,118,121,0,0,0
2020-08-05 18:00,242,94,148,0,0,0
2020-08-05 18:15,238,106,132,0,0,0
2020-08-05 18:30,214,116,98,0,0,0
2020-08-05 18:45,236,121,115,0,0,0
2020-08-05 19:00,204,108,96,0,0,0
2020-08-05 19:15,211,104,107,0,0,0
2020-08-05 19:30,178,86,92,0,0,0
2020-08-05 19:45,168,84,84,0,0,0
2020-08-05 20:00,173,83,90,0,0,0
2020-08-05 20:15,157,104,53,0,0,0
2020-08-05 20:30,129,66,63,0,0,0
2020-08-05 20:45,141,54,87,0,0,0
2020-08-05 21:00,165,76,89,0,0,0
2020-08-05 21:15,157,78,79,0,0,0
2020-08-05 21:30,108,40,68,0,0,0
2020-08-05 21:45,125,46,79,0,0,0
2020-08-05 22:00,123,40,83,0,0,0
2020-08-05 22:15,111,41,70,0,0,0
2020-08-05 22:30,115,29,86,0,0,0
2020-08-05 22:45,85,20,65,0,0,0
2020-08-05 23:00,92,23,69,0,0,0
2020-08-05 23:15,55,21,34,0,0,0
2020-08-05 23:30,72,21,51,0,0,0
2020-08-05 23:45,113,25,88,0,0,0
2020-08-06 00:00,50,17,33,0,0,0
2020-08-06 00:15,52,19,33,0,0,0
2020-08-06 00:30,34,6,28,0,0,0
2020-08-06 00:45,38,7,31,0,0,0
2020-08-06 01:00,41,12,29,0,0,0
2020-08-06 01:15,38,9,29,0,0,0
2020-08-06 01:30,22,10,12,0,0,0
2020-08-06 01:45,18,7,11,0,0,0
2020-08-06 02:00,33,10,23,0,0,0
2020-08-06 02:15,14,0,14,0,0,0
2020-08-06 02:30,20,3,17,0,0,0
2020-08-06 02:45,21,4,17,0,0,0
2020-08-06 03:00,3,0,3,0,0,0
2020-08-06 03:15,7,0,7,0,0,0
2020-08-06 03:30,8,3,5,0,0,0
2020-08-06 03:45,17,4,13,0,0,0
2020-08-06 04:00,14,7,7,0,0,0
2020-08-06 04:15,7,4,3,0,0,0
2020-08-06 04:30,13,7,6,0,0,0
2020-08-06 04:45,11,8,3,0,0,0
2020-08-06 05:00,13,5,8,0,0,0
2020-08-06 05:15,16,10,6,0,0,0
2020-08-06 05:30,26,17,9,0,0,0
2020-08-06 05:45,27,18,9,0,0,0
2020-08-06 06:00,41,33,8,0,0,0
2020-08-06 06:15,51,28,23,0,0,0
2020-08-06 06:30,73,53,20,0,0,0
2020-08-06 06:45,96,52,44,0,0,0
2020-08-06 07:00,112,78,34,0,0,0
2020-08-06 07:15,106,67,39,0,0,0
2020-08-06 07:30,184,94,90,0,0,0
2020-08-06 07:45,184,120,64,0,0,0
2020-08-06 08:00,163,95,68,0,0,0
2020-08-06 08:15,175,108,67,0,0,0
2020-08-06 08:30,176,108,68,0,0,0
2020-08-06 08:45,202,133,69,0,0,0
2020-08-06 09:00,132,73,59,0,0,0
2020-08-06 09:15,124,63,61,0,0,0
2020-08-06 09:30,123,74,49,0,0,0
2020-08-06 09:45,123,77,46,0,0,0
2020-08-06 10:00,109,60,49,0,0,0
2020-08-06 10:15,100,58,42,0,0,0
2020-08-06 10:30,93,53,40,0,0,0
2020-08-06 10:45,126,71,55,0,0,0
2020-08-06 11:00,106,53,53,0,0,0
2020-08-06 11:15,127,75,52,0,0,0
2020-08-06 11:30,138,79,59,0,0,0
2020-08-06 11:45,143,79,64,0,0,0
2020-08-06 12:00,130,71,59,0,0,0
2020-08-06 12:15,157,93,64,0,0,0
2020-08-06 12:30,158,69,89,0,0,0
2020-08-06 12:45,175,99,76,0,0,0
2020-08-06 13:00,157,81,76,0,0,0
2020-08-06 13:15,151,81,70,0,0,0
2020-08-06 13:30,166,73,93,0,0,0
2020-08-06 13:45,192,118,74,0,0,0
2020-08-06 14:00,148,72,76,0,0,0
2020-08-06 14:15,160,78,82,0,0,0
2020-08-06 14:30,182,114,68,0,0,0
2020-08-06 14:45,159,86,73,0,0,0
2020-08-06 15:00,184,100,84,0,0,0
2020-08-06 15:15,176,93,83,0,0,0
2020-08-06 15:30,184,105,79,0,0,0
2020-08-06 15:45,212,107,105,0,0,0
2020-08-06 16:00,213,116,97,0,0,0
2020-08-06 16:15,202,106,96,0,0,0
2020-08-06 16:30,181,83,98,0,0,0
2020-08-06 16:45,210,86,124,0,0,0
2020-08-06 17:00,236,121,115,0,0,0
2020-08-06 17:15,252,133,119,0,0,0
2020-08-06 17:30,231,110,121,0,0,0
2020-08-06 17:45,285,144,141,0,0,0
2020-08-06 18:00,201,99,102,0,0,0
2020-08-06 18:15,207,92,115,0,0,0
2020-08-06 18:30,180,103,77,0,0,0
2020-08-06 18:45,214,106,108,0,0,0
2020-08-06 19:00,181,88,93,0,0,0
2020-08-06 19:15,192,98,94,0,0,0
2020-08-06 19:30,172,70,102,0,0,0
2020-08-06 19:45,184,80,104,0,0,0
2020-08-06 20:00,182,86,96,0,0,0
2020-08-06 20:15,171,91,80,0,0,0
2020-08-06 20:30,145,52,93,0,0,0
2020-08-06 20:45,144,64,80,0,0,0
2020-08-06 21:00,120,53,67,0,0,0
2020-08-06 21:15,121,59,62,0,0,0
2020-08-06 21:30,97,37,60,0,0,0
2020-08-06 21:45,104,40,64,0,0,0
2020-08-06 22:00,112,33,79,0,0,0
2020-08-06 22:15,99,25,74,0,0,0
2020-08-06 22:30,106,26,80,0,0,0
2020-08-06 22:45,99,16,83,0,0,0
2020-08-06 23:00,61,19,42,0,0,0
2020-08-06 23:15,66,17,49,0,0,0
2020-08-06 23:30,69,25,44,0,0,0
2020-08-06 23:45,63,20,43,0,0,0
2020-08-07 00:00,134,23,111,0,0,0
2020-08-07 00:15,54,6,48,0,0,0
2020-08-07 00:30,31,5,26,0,0,0
2020-08-07 00:45,29,10,19,0,0,0
2020-08-07 01:00,30,9,21,0,0,0
2020-08-07 01:15,32,7,25,0,0,0
2020-08-07 01:30,20,3,17,0,0,0
2020-08-07 01:45,18,5,13,0,0,0
2020-08-07 02:00,16,5,11,0,0,0
2020-08-07 02:15,23,4,19,0,0,0
2020-08-07 02:30,11,10,1,0,0,0
2020-08-07 02:45,18,7,11,0,0,0
2020-08-07 03:00,8,0,8,0,0,0
2020-08-07 03:15,5,1,4,0,0,0
2020-08-07 03:30,2,1,1,0,0,0
2020-08-07 03:45,4,3,1,0,0,0
2020-08-07 04:00,1,1,0,0,0,0
2020-08-07 04:15,6,4,2,0,0,0
2020-08-07 04:30,11,9,2,0,0,0
2020-08-07 04:45,11,7,4,0,0,0
2020-08-07 05:00,8,5,3,0,0,0
2020-08-07 05:15,15,11,4,0,0,0
2020-08-07 05:30,21,11,10,0,0,0
2020-08-07 05:45,33,25,8,0,0,0
2020-08-07 06:00,37,26,11,0,0,0
2020-08-07 06:15,53,31,22,0,0,0
2020-08-07 06:30,58,43,15,0,0,0
2020-08-07 06:45,86,50,36,0,0,0
2020-08-07 07:00,100,63,37,0,0,0
2020-08-07 07:15,138,82,56,0,0,0
2020-08-07 07:30,159,88,71,0,0,0
2020-08-07 07:45,178,108,70,0,0,0
2020-08-07 08:00,143,80,63,0,0,0
2020-08-07 08:15,154,89,65,0,0,0
2020-08-07 08:30,167,92,75,0,0,0
2020-08-07 08:45,195,128,67,0,0,0
2020-08-07 09:00,158,104,54,0,0,0
2020-08-07 09:15,118,76,42,0,0,0
2020-08-07 09:30,128,85,43,0,0,0
2020-08-07 09:45,161,95,66,0,0,0
2020-08-07 10:00,126,76,50,0,0,0
2020-08-07 10:15,126,72,54,0,0,0
2020-08-07 10:30,105,58,47,0,0,0
2020-08-07 10:45,149,92,57,0,0,0
2020-08-07 11:00,127,73,54,0,0,0
2020-08-07 11:15,158,78,80,0,0,0
2020-08-07 11:30,144,84,60,0,0,0
2020-08-07 11:45,144,77,67,0,0,0
2020-08-07 12:00,141,70,71,0,0,0
2020-08-07 12:15,132,58,74,0,0,0
2020-08-07 12:30,129,61,68,0,0,0
2020-08-07 12:45,158,77,81,0,0,0
2020-08-07 13:00,145,81,64,0,0,0
2020-08-07 13:15,156,83,73,0,0,0
2020-08-07 13:30,175,89,86,0,0,0
2020-08-07 13:45,188,112,76,0,0,0
2020-08-07 14:00,159,76,83,0,0,0
2020-08-07 14:15,183,90,93,0,0,0
2020-08-07 14:30,167,71,96,0,0,0
2020-08-07 14:45,168,79,89,0,0,0
2020-08-07 15:00,184,87,97,0,0,0
2020-08-07 15:15,164,76,88,0,0,0
2020-08-07 15:30,168,76,92,0,0,0
2020-08-07 15:45,190,100,90,0,0,0
2020-08-07 16:00,167,87,80,0,0,0
2020-08-07 16:15,168,80,88,0,0,0
2020-08-07 16:30,185,107,78,0,0,0
2020-08-07 16:45,167,96,71,0,0,0
2020-08-07 17:00,171,88,83,0,0,0
2020-08-07 17:15,164,80,84,0,0,0
2020-08-07 17:30,183,86,97,0,0,0
2020-08-07 17:45,167,90,77,0,0,0
2020-08-07 18:00,172,76,96,0,0,0
2020-08-07 18:15,166,84,82,0,0,0
2020-08-07 18:30,170,93,77,0,0,0
2020-08-07 18:45,187,107,80,0,0,0
2020-08-07 19:00,176,101,75,0,0,0
2020-08-07 19:15,172,111,61,0,0,0
2020-08-07 19:30,149,74,75,0,0,0
2020-08-07 19:45,179,102,77,0,0,0
2020-08-07 20:00,156,95,61,0,0,0
2020-08-07 20:15,142,91,51,0,0,0
2020-08-07 20:30,126,68,58,0,0,0
2020-08-07 20:45,117,53,64,0,0,0
2020-08-07 21:00,106,51,55,0,0,0
2020-08-07 21:15,137,73,64,0,0,0
2020-08-07 21:30,120,52,68,0,0,0
2020-08-07 21:45,85,36,49,0,0,0
2020-08-07 22:00,73,31,42,0,0,0
2020-08-07 22:15,78,25,53,0,0,0
2020-08-07 22:30,73,26,47,0,0,0
2020-08-07 22:45,93,35,58,0,0,0
2020-08-07 23:00,130,27,103,0,0,0
2020-08-07 23:15,137,27,110,0,0,0
2020-08-07 23:30,106,25,81,0,0,0
2020-08-07 23:45,73,16,57,0,0,0
2020-08-08 00:00,72,17,55,0,0,0
2020-08-08 00:15,66,17,49,0,0,0
2020-08-08 00:30,61,13,48,0,0,0
2020-08-08 00:45,55,14,41,0,0,0
2020-08-08 01:00,59,14,45,0,0,0
2020-08-08 01:15,42,10,32,0,0,0
2020-08-08 01:30,30,8,22,0,0,0
2020-08-08 01:45,56,15,41,0,0,0
2020-08-08 02:00,30,4,26,0,0,0
2020-08-08 02:15,39,6,33,0,0,0
2020-08-08 02:30,49,10,39,0,0,0
2020-08-08 02:45,47,9,38,0,0,0
2020-08-08 03:00,29,8,21,0,0,0
2020-08-08 03:15,20,7,13,0,0,0
2020-08-08 03:30,8,4,4,0,0,0
2020-08-08 03:45,24,5,19,0,0,0
2020-08-08 04:00,27,4,23,0,0,0
2020-08-08 04:15,14,5,9,0,0,0
2020-08-08 04:30,15,2,13,0,0,0
2020-08-08 04:45,10,7,3,0,0,0
2020-08-08 05:00,9,0,9,0,0,0
2020-08-08 05:15,10,4,6,0,0,0
2020-08-08 05:30,12,7,5,0,0,0
2020-08-08 05:45,20,14,6,0,0,0
2020-08-08 06:00,23,9,14,0,0,0
2020-08-08 06:15,10,5,5,0,0,0
2020-08-08 06:30,19,10,9,0,0,0
2020-08-08 06:45,24,19,5,0,0,0
2020-08-08 07:00,16,12,4,0,0,0
2020-08-08 07:15,30,11,19,0,0,0
2020-08-08 07:30,35,21,14,0,0,0
2020-08-08 07:45,33,19,14,0,0,0
2020-08-08 08:00,47,25,22,0,0,0
2020-08-08 08:15,40,20,20,0,0,0
2020-08-08 08:30,47,31,16,0,0,0
2020-08-08 08:45,79,55,24,0,0,0
2020-08-08 09:00,64,44,20,0,0,0
2020-08-08 09:15,91,62,29,0,0,0
2020-08-08 09:30,92,56,36,0,0,0
2020-08-08 09:45,144,109,35,0,0,0
2020-08-08 10:00,111,69,42,0,0,0
2020-08-08 10:15,95,62,33,0,0,0
2020-08-08 10:30,98,65,33,0,0,0
2020-08-08 10:45,132,79,53,0,0,0
2020-08-08 11:00,121,69,52,0,0,0
2020-08-08 11:15,135,86,49,0,0,0
2020-08-08 11:30,129,72,57,0,0,0
2020-08-08 11:45,134,66,68,0,0,0
2020-08-08 12:00,122,66,56,0,0,0
2020-08-08 12:15,114,62,52,0,0,0
2020-08-08 12:30,145,87,58,0,0,0
2020-08-08 12:45,131,77,54,0,0,0
2020-08-08 13:00,123,66,57,0,0,0
2020-08-08 13:15,124,74,50,0,0,0
2020-08-08 13:30,129,76,53,0,0,0
2020-08-08 13:45,140,93,47,0,0,0
2020-08-08 14:00,107,57,50,0,0,0
2020-08-08 14:15,138,70,68,0,0,0
2020-08-08 14:30,91,42,49,0,0,0
2020-08-08 14:45,129,76,53,0,0,0
2020-08-08 15:00,117,71,46,0,0,0
2020-08-08 15:15,132,67,65,0,0,0
2020-08-08 15:30,114,57,57,0,0,0
2020-08-08 15:45,117,67,50,0,0,0
2020-08-08 16:00,126,66,60,0,0,0
2020-08-08 16:15,84,43,41,0,0,0
2020-08-08 16:30,114,64,50,0,0,0
2020-08-08 16:45,139,71,68,0,0,0
2020-08-08 17:00,112,44,68,0,0,0
2020-08-08 17:15,110,57,53,0,0,0
2020-08-08 17:30,125,72,53,0,0,0
2020-08-08 17:45,136,65,71,0,0,0
2020-08-08 18:00,109,42,67,0,0,0
2020-08-08 18:15,128,59,69,0,0,0
2020-08-08 18:30,141,70,71,0,0,0
2020-08-08 18:45,151,80,71,0,0,0
2020-08-08 19:00,156,65,91,0,0,0
2020-08-08 19:15,151,59,92,0,0,0
2020-08-08 19:30,146,59,87,0,0,0
2020-08-08 19:45,165,75,90,0,0,0
2020-08-08 20:00,111,60,51,0,0,0
2020-08-08 20:15,138,79,59,0,0,0
2020-08-08 20:30,107,53,54,0,0,0
2020-08-08 20:45,140,79,61,0,0,0
2020-08-08 21:00,126,50,76,0,0,0
2020-08-08 21:15,103,59,44,0,0,0
2020-08-08 21:30,78,36,42,0,0,0
2020-08-08 21:45,66,17,49,0,0,0
2020-08-08 22:00,88,32,56,0,0,0
2020-08-08 22:15,94,37,57,0,0,0
2020-08-08 22:30,62,18,44,0,0,0
2020-08-08 22:45,78,24,54,0,0,0
2020-08-08 23:00,85,29,56,0,0,0
2020-08-08 23:15,81,28,53,0,0,0
2020-08-08 23:30,69,19,50,0,0,0
2020-08-08 23:45,79,23,56,0,0,0
2020-08-09 00:00,114,15,99,0,0,0
2020-08-09 00:15,91,19,72,0,0,0
2020-08-09 00:30,57,14,43,0,0,0
2020-08-09 00:45,60,16,44,0,0,0
2020-08-09 01:00,50,15,35,0,0,0
2020-08-09 01:15,57,20,37,0,0,0
2020-08-09 01:30,57,20,37,0,0,0
2020-08-09 01:45,43,13,30,0,0,0
2020-08-09 02:00,36,15,21,0,0,0
2020-08-09 02:15,35,8,27,0,0,0
2020-08-09 02:30,36,12,24,0,0,0
2020-08-09 02:45,36,13,23,0,0,0
2020-08-09 03:00,30,6,24,0,0,0
2020-08-09 03:15,22,15,7,0,0,0
2020-08-09 03:30,35,10,25,0,0,0
2020-08-09 03:45,17,4,13,0,0,0
2020-08-09 04:00,24,6,18,0,0,0
2020-08-09 04:15,19,8,11,0,0,0
2020-08-09 04:30,13,5,8,0,0,0
2020-08-09 04:45,13,5,8,0,0,0
2020-08-09 05:00,5,0,5,0,0,0
2020-08-09 05:15,17,6,11,0,0,0
2020-08-09 05:30,4,0,4,0,0,0
2020-08-09 05:45,12,2,10,0,0,0
2020-08-09 06:00,16,10,6,0,0,0
2020-08-09 06:15,13,5,8,0,0,0
2020-08-09 06:30,17,8,9,0,0,0
2020-08-09 06:45,6,4,2,0,0,0
2020-08-09 07:00,8,4,4,0,0,0
2020-08-09 07:15,17,5,12,0,0,0
2020-08-09 07:30,14,6,8,0,0,0
2020-08-09 07:45,15,8,7,0,0,0
2020-08-09 08:00,18,9,9,0,0,0
2020-08-09 08:15,37,15,22,0,0,0
2020-08-09 08:30,21,8,13,0,0,0
2020-08-09 08:45,32,17,15,0,0,0
2020-08-09 09:00,30,11,19,0,0,0
2020-08-09 09:15,38,21,17,0,0,0
2020-08-09 09:30,57,41,16,0,0,0
2020-08-09 09:45,74,39,35,0,0,0
2020-08-09 10:00,64,29,35,0,0,0
2020-08-09 10:15,54,29,25,0,0,0
2020-08-09 10:30,75,38,37,0,0,0
2020-08-09 10:45,74,44,30,0,0,0
2020-08-09 11:00,74,47,27,0,0,0
2020-08-09 11:15,84,50,34,0,0,0
2020-08-09 11:30,78,41,37,0,0,0
2020-08-09 11:45,99,60,39,0,0,0
2020-08-09 12:00,76,42,34,0,0,0
2020-08-09 12:15,71,41,30,0,0,0
2020-08-09 12:30,79,49,30,0,0,0
2020-08-09 12:45,88,50,38,0,0,0
2020-08-09 13:00,86,41,45,0,0,0
2020-08-09 13:15,68,34,34,0,0,0
2020-08-09 13:30,63,39,24,0,0,0
2020-08-09 13:45,100,56,44,0,0,0
2020-08-09 14:00,86,37,49,0,0,0
2020-08-09 14:15,99,61,38,0,0,0
2020-08-09 14:30,78,42,36,0,0,0
2020-08-09 14:45,93,52,41,0,0,0
2020-08-09 15:00,87,43,44,0,0,0
2020-08-09 15:15,90,63,27,0,0,0
2020-08-09 15:30,95,46,49,0,0,0
2020-08-09 15:45,92,53,39,0,0,0
2020-08-09 16:00,108,62,46,0,0,0
2020-08-09 16:15,106,57,49,0,0,0
2020-08-09 16:30,126,57,69,0,0,0
2020-08-09 16:45,107,72,35,0,0,0
2020-08-09 17:00,92,43,49,0,0,0
2020-08-09 17:15,114,67,47,0,0,0
2020-08-09 17:30,117,48,69,0,0,0
2020-08-09 17:45,137,53,84,0,0,0
2020-08-09 18:00,172,61,111,0,0,0
2020-08-09 18:15,162,72,90,0,0,0
2020-08-09 18:30,71,21,50,0,0,0
2020-08-09 18:45,57,32,25,0,0,0
2020-08-09 19:00,84,31,53,0,0,0
2020-08-09 19:15,97,47,50,0,0,0
2020-08-09 19:30,91,34,57,0,0,0
2020-08-09 19:45,89,54,35,0,0,0
2020-08-09 20:00,88,48,40,0,0,0
2020-08-09 20:15,70,33,37,0,0,0
2020-08-09 20:30,84,34,50,0,0,0
2020-08-09 20:45,91,46,45,0,0,0
2020-08-09 21:00,91,50,41,0,0,0
2020-08-09 21:15,83,35,48,0,0,0
2020-08-09 21:30,58,24,34,0,0,0
2020-08-09 21:45,50,28,22,0,0,0
2020-08-09 22:00,70,19,51,0,0,0
2020-08-09 22:15,67,24,43,0,0,0
2020-08-09 22:30,48,14,34,0,0,0
2020-08-09 22:45,40,17,23,0,0,0
2020-08-09 23:00,30,6,24,0,0,0
2020-08-09 23:15,26,10,16,0,0,0
2020-08-09 23:30,25,7,18,0,0,0
2020-08-09 23:45,23,6,17,0,0,0
2020-08-10 00:00,89,5,84,0,0,0
2020-08-10 00:15,22,7,15,0,0,0
2020-08-10 00:30,14,6,8,0,0,0
2020-08-10 00:45,7,3,4,0,0,0
2020-08-10 01:00,7,1,6,0,0,0
2020-08-10 01:15,8,6,2,0,0,0
2020-08-10 01:30,6,1,5,0,0,0
2020-08-10 01:45,6,4,2,0,0,0
2020-08-10 02:00,2,2,0,0,0,0
2020-08-10 02:15,6,2,4,0,0,0
2020-08-10 02:30,4,2,2,0,0,0
2020-08-10 02:45,5,0,5,0,0,0
2020-08-10 03:00,1,0,1,0,0,0
2020-08-10 03:15,2,2,0,0,0,0
2020-08-10 03:30,8,2,6,0,0,0
2020-08-10 03:45,0,0,0,0,0,0
2020-08-10 04:00,1,1,0,0,0,0
2020-08-10 04:15,1,0,1,0,0,0
2020-08-10 04:30,9,5,4,0,0,0
2020-08-10 04:45,9,5,4,0,0,0
2020-08-10 05:00,6,1,5,0,0,0
2020-08-10 05:15,10,8,2,0,0,0
2020-08-10 05:30,10,6,4,0,0,0
2020-08-10 05:45,37,27,10,0,0,0
2020-08-10 06:00,41,32,9,0,0,0
2020-08-10 06:15,51,33,18,0,0,0
2020-08-10 06:30,67,46,21,0,0,0
2020-08-10 06:45,84,51,33,0,0,0
2020-08-10 07:00,105,64,41,0,0,0
2020-08-10 07:15,118,80,38,0,0,0
2020-08-10 07:30,187,100,87,0,0,0
2020-08-10 07:45,200,103,97,0,0,0
2020-08-10 08:00,178,113,65,0,0,0
2020-08-10 08:15,161,96,65,0,0,0
2020-08-10 08:30,171,89,82,0,0,0
2020-08-10 08:45,198,123,75,0,0,0
2020-08-10 09:00,149,78,71,0,0,0
2020-08-10 09:15,138,78,60,0,0,0
2020-08-10 09:30,141,72,69,0,0,0
2020-08-10 09:45,138,92,46,0,0,0
2020-08-10 10:00,127,73,54,0,0,0
2020-08-10 10:15,116,73,43,0,0,0
2020-08-10 10:30,123,66,57,0,0,0
2020-08-10 10:45,131,82,49,0,0,0
2020-08-10 11:00,98,47,51,0,0,0
2020-08-10 11:15,141,69,72,0,0,0
2020-08-10 11:30,112,52,60,0,0,0
2020-08-10 11:45,126,71,55,0,0,0
2020-08-10 12:00,140,69,71,0,0,0
2020-08-10 12:15,148,70,78,0,0,0
2020-08-10 12:30,139,62,77,0,0,0
2020-08-10 12:45,131,64,67,0,0,0
2020-08-10 13:00,126,63,63,0,0,0
2020-08-10 13:15,135,68,67,0,0,0
2020-08-10 13:30,155,85,70,0,0,0
2020-08-10 13:45,178,107,71,0,0,0
2020-08-10 14:00,154,78,76,0,0,0
2020-08-10 14:15,154,89,65,0,0,0
2020-08-10 14:30,171,75,96,0,0,0
2020-08-10 14:45,163,90,73,0,0,0
2020-08-10 15:00,180,97,83,0,0,0
2020-08-10 15:15,170,88,82,0,0,0
2020-08-10 15:30,161,85,76,0,0,0
2020-08-10 15:45,186,101,85,0,0,0
2020-08-10 16:00,187,87,100,0,0,0
2020-08-10 16:15,174,79,95,0,0,0
2020-08-10 16:30,193,87,106,0,0,0
2020-08-10 16:45,202,87,115,0,0,0
2020-08-10 17:00,204,97,107,0,0,0
2020-08-10 17:15,204,100,104,0,0,0
2020-08-10 17:30,233,101,132,0,0,0
2020-08-10 17:45,212,110,102,0,0,0
2020-08-10 18:00,217,85,132,0,0,0
2020-08-10 18:15,211,110,101,0,0,0
2020-08-10 18:30,173,70,103,0,0,0
2020-08-10 18:45,195,92,103,0,0,0
2020-08-10 19:00,192,95,97,0,0,0
2020-08-10 19:15,180,68,112,0,0,0
2020-08-10 19:30,134,55,79,0,0,0
2020-08-10 19:45,173,95,78,0,0,0
2020-08-10 20:00,136,65,71,0,0,0
2020-08-10 20:15,172,77,95,0,0,0
2020-08-10 20:30,139,73,66,0,0,0
2020-08-10 20:45,129,68,61,0,0,0
2020-08-10 21:00,108,50,58,0,0,0
2020-08-10 21:15,105,46,59,0,0,0
2020-08-10 21:30,96,39,57,0,0,0
2020-08-10 21:45,88,33,55,0,0,0
2020-08-10 22:00,90,32,58,0,0,0
2020-08-10 22:15,84,28,56,0,0,0
2020-08-10 22:30,84,25,59,0,0,0
2020-08-10 22:45,82,17,65,0,0,0
2020-08-10 23:00,53,10,43,0,0,0
2020-08-10 23:15,67,20,47,0,0,0
2020-08-10 23:30,75,12,63,0,0,0
2020-08-10 23:45,38,9,29,0,0,0
2020-08-11 00:00,44,17,27,0,0,0
2020-08-11 00:15,37,7,30,0,0,0
2020-08-11 00:30,46,21,25,0,0,0
2020-08-11 00:45,26,7,19,0,0,0
2020-08-11 01:00,24,11,13,0,0,0
2020-08-11 01:15,9,2,7,0,0,0
2020-08-11 01:30,21,5,16,0,0,0
2020-08-11 01:45,17,6,11,0,0,0
2020-08-11 02:00,13,5,8,0,0,0
2020-08-11 02:15,15,5,10,0,0,0
2020-08-11 02:30,11,6,5,0,0,0
2020-08-11 02:45,11,1,10,0,0,0
2020-08-11 03:00,4,1,3,0,0,0
2020-08-11 03:15,1,1,0,0,0,0
2020-08-11 03:30,1,0,1,0,0,0
2020-08-11 03:45,5,3,2,0,0,0
2020-08-11 04:00,4,3,1,0,0,0
2020-08-11 04:15,5,1,4,0,0,0
2020-08-11 04:30,3,3,0,0,0,0
2020-08-11 04:45,7,5,2,0,0,0
2020-08-11 05:00,13,3,10,0,0,0
2020-08-11 05:15,17,12,5,0,0,0
2020-08-11 05:30,18,14,4,0,0,0
2020-08-11 05:45,24,13,11,0,0,0
2020-08-11 06:00,45,37,8,0,0,0
2020-08-11 06:15,56,46,10,0,0,0
2020-08-11 06:30,65,43,22,0,0,0
2020-08-11 06:45,84,55,29,0,0,0
2020-08-11 07:00,99,70,29,0,0,0
2020-08-11 07:15,116,77,39,0,0,0
2020-08-11 07:30,182,106,76,0,0,0
2020-08-11 07:45,208,131,77,0,0,0
2020-08-11 08:00,201,109,92,0,0,0
2020-08-11 08:15,173,101,72,0,0,0
2020-08-11 08:30,198,103,95,0,0,0
2020-08-11 08:45,213,156,57,0,0,0
2020-08-11 09:00,165,100,65,0,0,0
2020-08-11 09:15,145,77,68,0,0,0
2020-08-11 09:30,121,66,55,0,0,0
2020-08-11 09:45,167,109,58,0,0,0
2020-08-11 10:00,112,66,46,0,0,0
2020-08-11 10:15,124,79,45,0,0,0
2020-08-11 10:30,122,71,51,0,0,0
2020-08-11 10:45,138,78,60,0,0,0
2020-08-11 11:00,141,79,62,0,0,0
2020-08-11 11:15,117,66,51,0,0,0
2020-08-11 11:30,124,73,51,0,0,0
2020-08-11 11:45,105,57,48,0,0,0
2020-08-11 12:00,164,91,73,0,0,0
2020-08-11 12:15,161,86,75,0,0,0
2020-08-11 12:30,132,65,67,0,0,0
2020-08-11 12:45,173,95,78,0,0,0
2020-08-11 13:00,156,77,79,0,0,0
2020-08-11 13:15,145,63,82,0,0,0
2020-08-11 13:30,153,89,64,0,0,0
2020-08-11 13:45,194,108,86,0,0,0
2020-08-11 14:00,143,68,75,0,0,0
2020-08-11 14:15,157,82,75,0,0,0
2020-08-11 14:30,148,84,64,0,0,0
2020-08-11 14:45,175,86,89,0,0,0
2020-08-11 15:00,170,87,83,0,0,0
2020-08-11 15:15,151,68,83,0,0,0
2020-08-11 15:30,183,103,80,0,0,0
2020-08-11 15:45,191,105,86,0,0,0
2020-08-11 16:00,214,105,109,0,0,0
2020-08-11 16:15,226,121,105,0,0,0
2020-08-11 16:30,205,96,109,0,0,0
2020-08-11 16:45,217,112,105,0,0,0
2020-08-11 17:00,205,95,110,0,0,0
2020-08-11 17:15,241,116,125,0,0,0
2020-08-11 17:30,235,121,114,0,0,0
2020-08-11 17:45,297,142,155,0,0,0
2020-08-11 18:00,213,84,129,0,0,0
2020-08-11 18:15,199,91,108,0,0,0
2020-08-11 18:30,201,93,108,0,0,0
2020-08-11 18:45,227,130,97,0,0,0
2020-08-11 19:00,201,110,91,0,0,0
2020-08-11 19:15,166,82,84,0,0,0
2020-08-11 19:30,173,78,95,0,0,0
2020-08-11 19:45,207,106,101,0,0,0
2020-08-11 20:00,160,75,85,0,0,0
2020-08-11 20:15,159,66,93,0,0,0
2020-08-11 20:30,134,60,74,0,0,0
2020-08-11 20:45,116,61,55,0,0,0
2020-08-11 21:00,97,41,56,0,0,0
2020-08-11 21:15,99,47,52,0,0,0
2020-08-11 21:30,95,27,68,0,0,0
2020-08-11 21:45,103,42,61,0,0,0
2020-08-11 22:00,93,25,68,0,0,0
2020-08-11 22:15,103,32,71,0,0,0
2020-08-11 22:30,99,24,75,0,0,0
2020-08-11 22:45,76,15,61,0,0,0
2020-08-11 23:00,77,16,61,0,0,0
2020-08-11 23:15,84,15,69,0,0,0
2020-08-11 23:30,55,15,40,0,0,0
2020-08-11 23:45,49,14,35,0,0,0
2020-08-12 00:00,45,8,37,0,0,0
2020-08-12 00:15,55,10,45,0,0,0
2020-08-12 00:30,24,7,17,0,0,0
2020-08-12 00:45,19,3,16,0,0,0
2020-08-12 01:00,18,3,15,0,0,0
2020-08-12 01:15,10,1,9,0,0,0
2020-08-12 01:30,12,5,7,0,0,0
2020-08-12 01:45,18,3,15,0,0,0
2020-08-12 02:00,18,5,13,0,0,0
2020-08-12 02:15,6,1,5,0,0,0
2020-08-12 02:30,10,5,5,0,0,0
2020-08-12 02:45,5,0,5,0,0,0
2020-08-12 03:00,4,0,4,0,0,0
2020-08-12 03:15,4,0,4,0,0,0
2020-08-12 03:30,2,1,1,0,0,0
2020-08-12 03:45,9,2,7,0,0,0
2020-08-12 04:00,2,1,1,0,0,0
2020-08-12 04:15,4,3,1,0,0,0
2020-08-12 04:30,5,3,2,0,0,0
2020-08-12 04:45,14,5,9,0,0,0
2020-08-12 05:00,9,4,5,0,0,0
2020-08-12 05:15,10,7,3,0,0,0
2020-08-12 05:30,14,8,6,0,0,0
2020-08-12 05:45,22,15,7,0,0,0
2020-08-12 06:00,41,30,11,0,0,0
2020-08-12 06:15,44,32,12,0,0,0
2020-08-12 06:30,89,60,29,0,0,0
2020-08-12 06:45,92,63,29,0,0,0
2020-08-12 07:00,108,80,28,0,0,0
2020-08-12 07:15,175,140,35,0,0,0
2020-08-12 07:30,300,231,69,0,0,0
2020-08-12 07:45,277,196,81,0,0,0
2020-08-12 08:00,185,92,93,0,0,0
2020-08-12 08:15,199,119,80,0,0,0
2020-08-12 08:30,176,88,88,0,0,0
2020-08-12 08:45,167,115,52,0,0,0
2020-08-12 09:00,199,107,92,0,0,0
2020-08-12 09:15,148,93,55,0,0,0
2020-08-12 09:30,167,114,53,0,0,0
2020-08-12 09:45,174,115,59,0,0,0
2020-08-12 10:00,125,61,64,0,0,0
2020-08-12 10:15,156,95,61,0,0,0
2020-08-12 10:30,120,65,55,0,0,0
2020-08-12 10:45,153,86,67,0,0,0
2020-08-12 11:00,128,79,49,0,0,0
2020-08-12 11:15,132,74,58,0,0,0
2020-08-12 11:30,175,80,95,0,0,0
2020-08-12 11:45,171,94,77,0,0,0
2020-08-12 12:00,152,86,66,0,0,0
2020-08-12 12:15,153,82,71,0,0,0
2020-08-12 12:30,179,86,93,0,0,0
2020-08-12 12:45,215,119,96,0,0,0
2020-08-12 13:00,201,87,114,0,0,0
2020-08-12 13:15,250,85,165,0,0,0
2020-08-12 13:30,170,74,96,0,0,0
2020-08-12 13:45,209,119,90,0,0,0
2020-08-12 14:00,171,89,82,0,0,0
2020-08-12 14:15,207,111,96,0,0,0
2020-08-12 14:30,144,67,77,0,0,0
2020-08-12 14:45,174,76,98,0,0,0
2020-08-12 15:00,178,92,86,0,0,0
2020-08-12 15:15,159,76,83,0,0,0
2020-08-12 15:30,157,77,80,0,0,0
2020-08-12 15:45,232,122,110,0,0,0
2020-08-12 16:00,206,91,115,0,0,0
2020-08-12 16:15,224,117,107,0,0,0
2020-08-12 16:30,225,114,111,0,0,0
2020-08-12 16:45,203,112,91,0,0,0
2020-08-12 17:00,205,107,98,0,0,0
2020-08-12 17:15,224,121,103,0,0,0
2020-08-12 17:30,216,107,109,0,0,0
2020-08-12 17:45,236,119,117,0,0,0
2020-08-12 18:00,209,88,121,0,0,0
2020-08-12 18:15,232,103,129,0,0,0
2020-08-12 18:30,207,110,97,0,0,0
2020-08-12 18:45,210,108,102,0,0,0
2020-08-12 19:00,194,97,97,0,0,0
2020-08-12 19:15,189,86,103,0,0,0
2020-08-12 19:30,187,84,103,0,0,0
2020-08-12 19:45,165,68,97,0,0,0
2020-08-12 20:00,166,77,89,0,0,0
2020-08-12 20:15,153,51,102,0,0,0
2020-08-12 20:30,149,76,73,0,0,0
2020-08-12 20:45,142,56,86,0,0,0
2020-08-12 21:00,128,56,72,0,0,0
2020-08-12 21:15,93,39,54,0,0,0
2020-08-12 21:30,111,43,68,0,0,0
2020-08-12 21:45,126,58,68,0,0,0
2020-08-12 22:00,113,31,82,0,0,0
2020-08-12 22:15,88,32,56,0,0,0
2020-08-12 22:30,87,26,61,0,0,0
2020-08-12 22:45,95,14,81,0,0,0
2020-08-12 23:00,61,13,48,0,0,0
2020-08-12 23:15,71,18,53,0,0,0
2020-08-12 23:30,82,21,61,0,0,0
2020-08-12 23:45,48,12,36,0,0,0
2020-08-13 00:00,103,24,79,0,0,0
2020-08-13 00:15,59,11,48,0,0,0
2020-08-13 00:30,29,9,20,0,0,0
2020-08-13 00:45,38,11,27,0,0,0
2020-08-13 01:00,34,11,23,0,0,0
2020-08-13 01:15,36,8,28,0,0,0
2020-08-13 01:30,23,8,15,0,0,0
2020-08-13 01:45,19,3,16,0,0,0
2020-08-13 02:00,16,3,13,0,0,0
2020-08-13 02:15,24,10,14,0,0,0
2020-08-13 02:30,27,4,23,0,0,0
2020-08-13 02:45,21,0,21,0,0,0
2020-08-13 03:00,23,8,15,0,0,0
2020-08-13 03:15,12,1,11,0,0,0
2020-08-13 03:30,8,5,3,0,0,0
2020-08-13 03:45,6,2,4,0,0,0
2020-08-13 04:00,3,1,2,0,0,0
2020-08-13 04:15,8,4,4,0,0,0
2020-08-13 04:30,6,2,4,0,0,0
2020-08-13 04:45,14,7,7,0,0,0
2020-08-13 05:00,14,5,9,0,0,0
2020-08-13 05:15,15,8,7,0,0,0
2020-08-13 05:30,19,13,6,0,0,0
2020-08-13 05:45,25,14,11,0,0,0
2020-08-13 06:00,41,30,11,0,0,0
2020-08-13 06:15,45,35,10,0,0,0
2020-08-13 06:30,72,51,21,0,0,0
2020-08-13 06:45,68,41,27,0,0,0
2020-08-13 07:00,102,70,32,0,0,0
2020-08-13 07:15,192,142,50,0,0,0
2020-08-13 07:30,310,258,52,0,0,0
2020-08-13 07:45,256,148,108,0,0,0
2020-08-13 08:00,206,103,103,0,0,0
2020-08-13 08:15,146,79,67,0,0,0
2020-08-13 08:30,164,97,67,0,0,0
2020-08-13 08:45,190,121,69,0,0,0
2020-08-13 09:00,168,88,80,0,0,0
2020-08-13 09:15,116,68,48,0,0,0
2020-08-13 09:30,154,83,71,0,0,0
2020-08-13 09:45,136,86,50,0,0,0
2020-08-13 10:00,121,68,53,0,0,0
2020-08-13 10:15,125,74,51,0,0,0
2020-08-13 10:30,105,62,43,0,0,0
2020-08-13 10:45,118,75,43,0,0,0
2020-08-13 11:00,113,61,52,0,0,0
2020-08-13 11:15,125,54,71,0,0,0
2020-08-13 11:30,164,72,92,0,0,0
2020-08-13 11:45,126,67,59,0,0,0
2020-08-13 12:00,130,56,74,0,0,0
2020-08-13 12:15,132,69,63,0,0,0
2020-08-13 12:30,148,61,87,0,0,0
2020-08-13 12:45,196,107,89,0,0,0
2020-08-13 13:00,185,73,112,0,0,0
2020-08-13 13:15,251,85,166,0,0,0
2020-08-13 13:30,182,83,99,0,0,0
2020-08-13 13:45,165,84,81,0,0,0
2020-08-13 14:00,160,87,73,0,0,0
2020-08-13 14:15,156,73,83,0,0,0
2020-08-13 14:30,148,76,72,0,0,0
2020-08-13 14:45,177,86,91,0,0,0
2020-08-13 15:00,211,101,110,0,0,0
2020-08-13 15:15,163,76,87,0,0,0
2020-08-13 15:30,189,98,91,0,0,0
2020-08-13 15:45,211,125,86,0,0,0
2020-08-13 16:00,191,99,92,0,0,0
2020-08-13 16:15,205,99,106,0,0,0
2020-08-13 16:30,197,104,93,0,0,0
2020-08-13 16:45,205,103,102,0,0,0
2020-08-13 17:00,196,101,95,0,0,0
2020-08-13 17:15,242,107,135,0,0,0
2020-08-13 17:30,220,107,113,0,0,0
2020-08-13 17:45,216,99,117,0,0,0
2020-08-13 18:00,226,99,127,0,0,0
2020-08-13 18:15,182,89,93,0,0,0
2020-08-13 18:30,176,87,89,0,0,0
2020-08-13 18:45,193,113,80,0,0,0
2020-08-13 19:00,190,87,103,0,0,0
2020-08-13 19:15,192,95,97,0,0,0
2020-08-13 19:30,183,78,105,0,0,0
2020-08-13 19:45,177,87,90,0,0,0
2020-08-13 20:00,147,73,74,0,0,0
2020-08-13 20:15,139,64,75,0,0,0
2020-08-13 20:30,138,64,74,0,0,0
2020-08-13 20:45,126,39,87,0,0,0
2020-08-13 21:00,130,53,77,0,0,0
2020-08-13 21:15,120,33,87,0,0,0
2020-08-13 21:30,146,31,115,0,0,0
2020-08-13 21:45,89,18,71,0,0,0
2020-08-13 22:00,68,20,48,0,0,0
2020-08-13 22:15,55,13,42,0,0,0
2020-08-13 22:30,48,14,34,0,0,0
2020-08-13 22:45,52,6,46,0,0,0
2020-08-13 23:00,53,17,36,0,0,0
2020-08-13 23:15,51,18,33,0,0,0
2020-08-13 23:30,64,18,46,0,0,0
2020-08-13 23:45,41,21,20,0,0,0
2020-08-14 00:00,52,6,46,0,0,0
2020-08-14 00:15,22,6,16,0,0,0
2020-08-14 00:30,29,12,17,0,0,0
2020-08-14 00:45,23,4,19,0,0,0
2020-08-14 01:00,17,3,14,0,0,0
2020-08-14 01:15,19,2,17,0,0,0
2020-08-14 01:30,18,2,16,0,0,0
2020-08-14 01:45,13,5,8,0,0,0
2020-08-14 02:00,20,5,15,0,0,0
2020-08-14 02:15,7,1,6,0,0,0
2020-08-14 02:30,4,1,3,0,0,0
2020-08-14 02:45,10,2,8,0,0,0
2020-08-14 03:00,2,0,2,0,0,0
2020-08-14 03:15,7,2,5,0,0,0
2020-08-14 03:30,6,0,6,0,0,0
2020-08-14 03:45,8,0,8,0,0,0
2020-08-14 04:00,7,2,5,0,0,0
2020-08-14 04:15,6,3,3,0,0,0
2020-08-14 04:30,9,5,4,0,0,0
2020-08-14 04:45,10,6,4,0,0,0
2020-08-14 05:00,7,3,4,0,0,0
2020-08-14 05:15,12,7,5,0,0,0
2020-08-14 05:30,14,10,4,0,0,0
2020-08-14 05:45,19,14,5,0,0,0
2020-08-14 06:00,30,18,12,0,0,0
2020-08-14 06:15,45,35,10,0,0,0
2020-08-14 06:30,54,33,21,0,0,0
2020-08-14 06:45,67,39,28,0,0,0
2020-08-14 07:00,83,60,23,0,0,0
2020-08-14 07:15,182,143,39,0,0,0
2020-08-14 07:30,291,226,65,0,0,0
2020-08-14 07:45,246,150,96,0,0,0
2020-08-14 08:00,166,68,98,0,0,0
2020-08-14 08:15,173,96,77,0,0,0
2020-08-14 08:30,153,100,53,0,0,0
2020-08-14 08:45,159,101,58,0,0,0
2020-08-14 09:00,150,93,57,0,0,0
2020-08-14 09:15,128,86,42,0,0,0
2020-08-14 09:30,142,79,63,0,0,0
2020-08-14 09:45,175,92,83,0,0,0
2020-08-14 10:00,112,69,43,0,0,0
2020-08-14 10:15,118,71,47,0,0,0
2020-08-14 10:30,95,58,37,0,0,0
2020-08-14 10:45,129,58,71,0,0,0
2020-08-14 11:00,112,66,46,0,0,0
2020-08-14 11:15,128,76,52,0,0,0
2020-08-14 11:30,155,92,63,0,0,0
2020-08-14 11:45,140,77,63,0,0,0
2020-08-14 12:00,146,82,64,0,0,0
2020-08-14 12:15,149,76,73,0,0,0
2020-08-14 12:30,145,57,88,0,0,0
2020-08-14 12:45,178,97,81,0,0,0
2020-08-14 13:00,181,88,93,0,0,0
2020-08-14 13:15,288,78,210,0,0,0
2020-08-14 13:30,225,81,144,0,0,0
2020-08-14 13:45,192,100,92,0,0,0
2020-08-14 14:00,175,89,86,0,0,0
2020-08-14 14:15,213,105,108,0,0,0
2020-08-14 14:30,166,79,87,0,0,0
2020-08-14 14:45,178,81,97,0,0,0
2020-08-14 15:00,199,84,115,0,0,0
2020-08-14 15:15,204,91,113,0,0,0
2020-08-14 15:30,157,75,82,0,0,0
2020-08-14 15:45,210,120,90,0,0,0
2020-08-14 16:00,174,88,86,0,0,0
2020-08-14 16:15,213,105,108,0,0,0
2020-08-14 16:30,201,99,102,0,0,0
2020-08-14 16:45,198,99,99,0,0,0
2020-08-14 17:00,181,90,91,0,0,0
2020-08-14 17:15,191,94,97,0,0,0
2020-08-14 17:30,192,83,109,0,0,0
2020-08-14 17:45,208,116,92,0,0,0
2020-08-14 18:00,165,73,92,0,0,0
2020-08-14 18:15,166,76,90,0,0,0
2020-08-14 18:30,154,85,69,0,0,0
2020-08-14 18:45,217,132,85,0,0,0
2020-08-14 19:00,160,80,80,0,0,0
2020-08-14 19:15,207,109,98,0,0,0
2020-08-14 19:30,149,64,85,0,0,0
2020-08-14 19:45,154,91,63,0,0,0
2020-08-14 20:00,162,71,91,0,0,0
2020-08-14 20:15,143,77,66,0,0,0
2020-08-14 20:30,106,60,46,0,0,0
2020-08-14 20:45,120,62,58,0,0,0
2020-08-14 21:00,125,52,73,0,0,0
2020-08-14 21:15,110,42,68,0,0,0
2020-08-14 21:30,87,39,48,0,0,0
2020-08-14 21:45,81,39,42,0,0,0
2020-08-14 22:00,74,30,44,0,0,0
2020-08-14 22:15,74,10,64,0,0,0
2020-08-14 22:30,81,28,53,0,0,0
2020-08-14 22:45,64,24,40,0,0,0
2020-08-14 23:00,80,12,68,0,0,0
2020-08-14 23:15,77,14,63,0,0,0
2020-08-14 23:30,49,16,33,0,0,0
2020-08-14 23:45,58,24,34,0,0,0
2020-08-15 00:00,67,21,46,0,0,0
2020-08-15 00:15,48,16,32,0,0,0
2020-08-15 00:30,47,22,25,0,0,0
2020-08-15 00:45,56,10,46,0,0,0
2020-08-15 01:00,54,18,36,0,0,0
2020-08-15 01:15,48,11,37,0,0,0
2020-08-15 01:30,47,6,41,0,0,0
2020-08-15 01:45,36,9,27,0,0,0
2020-08-15 02:00,31,8,23,0,0,0
2020-08-15 02:15,32,8,24,0,0,0
2020-08-15 02:30,32,11,21,0,0,0
2020-08-15 02:45,20,4,16,0,0,0
2020-08-15 03:00,9,1,8,0,0,0
2020-08-15 03:15,34,12,22,0,0,0
2020-08-15 03:30,14,4,10,0,0,0
2020-08-15 03:45,20,7,13,0,0,0
2020-08-15 04:00,20,6,14,0,0,0
2020-08-15 04:15,7,1,6,0,0,0
2020-08-15 04:30,12,3,9,0,0,0
2020-08-15 04:45,17,2,15,0,0,0
2020-08-15 05:00,7,0,7,0,0,0
2020-08-15 05:15,12,6,6,0,0,0
2020-08-15 05:30,12,5,7,0,0,0
2020-08-15 05:45,9,8,1,0,0,0
2020-08-15 06:00,18,9,9,0,0,0
2020-08-15 06:15,15,10,5,0,0,0
2020-08-15 06:30,15,7,8,0,0,0
2020-08-15 06:45,20,12,8,0,0,0
2020-08-15 07:00,15,10,5,0,0,0
2020-08-15 07:15,25,9,16,0,0,0
2020-08-15 07:30,33,19,14,0,0,0
2020-08-15 07:45,43,26,17,0,0,0
2020-08-15 08:00,47,26,21,0,0,0
2020-08-15 08:15,39,16,23,0,0,0
2020-08-15 08:30,45,24,21,0,0,0
2020-08-15 08:45,57,30,27,0,0,0
2020-08-15 09:00,53,30,23,0,0,0
2020-08-15 09:15,74,50,24,0,0,0
2020-08-15 09:30,115,79,36,0,0,0
2020-08-15 09:45,125,97,28,0,0,0
2020-08-15 10:00,112,77,35,0,0,0
2020-08-15 10:15,79,56,23,0,0,0
2020-08-15 10:30,105,62,43,0,0,0
2020-08-15 10:45,139,81,58,0,0,0
2020-08-15 11:00,134,64,70,0,0,0
2020-08-15 11:15,122,68,54,0,0,0
2020-08-15 11:30,118,68,50,0,0,0
2020-08-15 11:45,150,91,59,0,0,0
2020-08-15 12:00,134,74,60,0,0,0
2020-08-15 12:15,147,74,73,0,0,0
2020-08-15 12:30,87,45,42,0,0,0
2020-08-15 12:45,137,79,58,0,0,0
2020-08-15 13:00,110,65,45,0,0,0
2020-08-15 13:15,136,72,64,0,0,0
2020-08-15 13:30,145,80,65,0,0,0
2020-08-15 13:45,122,65,57,0,0,0
2020-08-15 14:00,136,63,73,0,0,0
2020-08-15 14:15,123,56,67,0,0,0
2020-08-15 14:30,141,53,88,0,0,0
2020-08-15 14:45,140,71,69,0,0,0
2020-08-15 15:00,130,56,74,0,0,0
2020-08-15 15:15,114,44,70,0,0,0
2020-08-15 15:30,123,61,62,0,0,0
2020-08-15 15:45,137,68,69,0,0,0
2020-08-15 16:00,127,61,66,0,0,0
2020-08-15 16:15,97,44,53,0,0,0
2020-08-15 16:30,113,47,66,0,0,0
2020-08-15 16:45,129,60,69,0,0,0
2020-08-15 17:00,123,57,66,0,0,0
2020-08-15 17:15,120,61,59,0,0,0
2020-08-15 17:30,119,57,62,0,0,0
2020-08-15 17:45,140,68,72,0,0,0
2020-08-15 18:00,162,77,85,0,0,0
2020-08-15 18:15,144,72,72,0,0,0
2020-08-15 18:30,129,62,67,0,0,0
2020-08-15 18:45,134,56,78,0,0,0
2020-08-15 19:00,141,81,60,0,0,0
2020-08-15 19:15,146,78,68,0,0,0
2020-08-15 19:30,127,68,59,0,0,0
2020-08-15 19:45,136,62,74,0,0,0
2020-08-15 20:00,111,62,49,0,0,0
2020-08-15 20:15,118,58,60,0,0,0
2020-08-15 20:30,106,46,60,0,0,0
2020-08-15 20:45,96,51,45,0,0,0
2020-08-15 21:00,80,50,30,0,0,0
2020-08-15 21:15,71,32,39,0,0,0
2020-08-15 21:30,42,21,21,0,0,0
2020-08-15 21:45,53,29,24,0,0,0
2020-08-15 22:00,69,23,46,0,0,0
2020-08-15 22:15,50,25,25,0,0,0
2020-08-15 22:30,71,25,46,0,0,0
2020-08-15 22:45,59,22,37,0,0,0
2020-08-15 23:00,60,20,40,0,0,0
2020-08-15 23:15,80,26,54,0,0,0
2020-08-15 23:30,105,33,72,0,0,0
2020-08-15 23:45,74,20,54,0,0,0
2020-08-16 00:00,45,7,38,0,0,0
2020-08-16 00:15,51,21,30,0,0,0
2020-08-16 00:30,62,11,51,0,0,0
2020-08-16 00:45,39,13,26,0,0,0
2020-08-16 01:00,70,19,51,0,0,0
2020-08-16 01:15,50,11,39,0,0,0
2020-08-16 01:30,50,12,38,0,0,0
2020-08-16 01:45,43,24,19,0,0,0
2020-08-16 02:00,49,14,35,0,0,0
2020-08-16 02:15,36,11,25,0,0,0
2020-08-16 02:30,46,8,38,0,0,0
2020-08-16 02:45,40,14,26,0,0,0
2020-08-16 03:00,38,14,24,0,0,0
2020-08-16 03:15,30,4,26,0,0,0
2020-08-16 03:30,34,8,26,0,0,0
2020-08-16 03:45,17,8,9,0,0,0
2020-08-16 04:00,11,2,9,0,0,0
2020-08-16 04:15,12,6,6,0,0,0
2020-08-16 04:30,5,1,4,0,0,0
2020-08-16 04:45,11,2,9,0,0,0
2020-08-16 05:00,8,2,6,0,0,0
2020-08-16 05:15,12,7,5,0,0,0
2020-08-16 05:30,8,3,5,0,0,0
2020-08-16 05:45,10,5,5,0,0,0
2020-08-16 06:00,7,4,3,0,0,0
2020-08-16 06:15,9,3,6,0,0,0
2020-08-16 06:30,8,2,6,0,0,0
2020-08-16 06:45,6,2,4,0,0,0
2020-08-16 07:00,19,5,14,0,0,0
2020-08-16 07:15,15,4,11,0,0,0
2020-08-16 07:30,10,8,2,0,0,0
2020-08-16 07:45,22,15,7,0,0,0
2020-08-16 08:00,9,6,3,0,0,0
2020-08-16 08:15,31,14,17,0,0,0
2020-08-16 08:30,19,9,10,0,0,0
2020-08-16 08:45,36,23,13,0,0,0
2020-08-16 09:00,32,20,12,0,0,0
2020-08-16 09:15,43,33,10,0,0,0
2020-08-16 09:30,63,34,29,0,0,0
2020-08-16 09:45,85,41,44,0,0,0
2020-08-16 10:00,62,33,29,0,0,0
2020-08-16 10:15,68,42,26,0,0,0
2020-08-16 10:30,91,43,48,0,0,0
2020-08-16 10:45,79,37,42,0,0,0
2020-08-16 11:00,51,27,24,0,0,0
2020-08-16 11:15,94,39,55,0,0,0
2020-08-16 11:30,76,42,34,0,0,0
2020-08-16 11:45,71,36,35,0,0,0
2020-08-16 12:00,92,50,42,0,0,0
2020-08-16 12:15,99,42,57,0,0,0
2020-08-16 12:30,104,46,58,0,0,0
2020-08-16 12:45,101,63,38,0,0,0
2020-08-16 13:00,84,50,34,0,0,0
2020-08-16 13:15,87,56,31,0,0,0
2020-08-16 13:30,96,54,42,0,0,0
2020-08-16 13:45,101,58,43,0,0,0
2020-08-16 14:00,128,60,68,0,0,0
2020-08-16 14:15,124,71,53,0,0,0
2020-08-16 14:30,102,48,54,0,0,0
2020-08-16 14:45,115,62,53,0,0,0
2020-08-16 15:00,99,39,60,0,0,0
2020-08-16 15:15,91,66,25,0,0,0
2020-08-16 15:30,106,60,46,0,0,0
2020-08-16 15:45,123,48,75,0,0,0
2020-08-16 16:00,100,56,44,0,0,0
2020-08-16 16:15,104,59,45,0,0,0
2020-08-16 16:30,121,63,58,0,0,0
2020-08-16 16:45,152,83,69,0,0,0
2020-08-16 17:00,122,67,55,0,0,0
2020-08-16 17:15,113,56,57,0,0,0
2020-08-16 17:30,117,67,50,0,0,0
2020-08-16 17:45,123,75,48,0,0,0
2020-08-16 18:00,108,48,60,0,0,0
2020-08-16 18:15,160,95,65,0,0,0
2020-08-16 18:30,125,56,69,0,0,0
2020-08-16 18:45,141,70,71,0,0,0
2020-08-16 19:00,143,69,74,0,0,0
2020-08-16 19:15,146,60,86,0,0,0
2020-08-16 19:30,101,52,49,0,0,0
2020-08-16 19:45,127,66,61,0,0,0
2020-08-16 20:00,97,48,49,0,0,0
2020-08-16 20:15,90,46,44,0,0,0
2020-08-16 20:30,120,41,79,0,0,0
2020-08-16 20:45,72,37,35,0,0,0
2020-08-16 21:00,66,17,49,0,0,0
2020-08-16 21:15,59,21,38,0,0,0
2020-08-16 21:30,53,16,37,0,0,0
2020-08-16 21:45,47,14,33,0,0,0
2020-08-16 22:00,34,6,28,0,0,0
2020-08-16 22:15,35,13,22,0,0,0
2020-08-16 22:30,34,4,30,0,0,0
2020-08-16 22:45,32,12,20,0,0,0
2020-08-16 23:00,30,5,25,0,0,0
2020-08-16 23:15,24,3,21,0,0,0
2020-08-16 23:30,35,13,22,0,0,0
2020-08-16 23:45,23,7,16,0,0,0
2020-08-17 00:00,12,5,7,0,0,0
2020-08-17 00:15,9,6,3,0,0,0
2020-08-17 00:30,12,3,9,0,0,0
2020-08-17 00:45,14,5,9,0,0,0
2020-08-17 01:00,9,2,7,0,0,0
2020-08-17 01:15,9,2,7,0,0,0
2020-08-17 01:30,5,3,2,0,0,0
2020-08-17 01:45,2,2,0,0,0,0
2020-08-17 02:00,5,0,5,0,0,0
2020-08-17 02:15,1,0,1,0,0,0
2020-08-17 02:30,5,0,5,0,0,0
2020-08-17 02:45,4,0,4,0,0,0
2020-08-17 03:00,1,0,1,0,0,0
2020-08-17 03:15,0,0,0,0,0,0
2020-08-17 03:30,1,0,1,0,0,0
2020-08-17 03:45,1,1,0,0,0,0
2020-08-17 04:00,1,0,1,0,0,0
2020-08-17 04:15,8,2,6,0,0,0
2020-08-17 04:30,2,1,1,0,0,0
2020-08-17 04:45,12,6,6,0,0,0
2020-08-17 05:00,5,3,2,0,0,0
2020-08-17 05:15,14,12,2,0,0,0
2020-08-17 05:30,20,7,13,0,0,0
2020-08-17 05:45,20,13,7,0,0,0
2020-08-17 06:00,27,17,10,0,0,0
2020-08-17 06:15,60,40,20,0,0,0
2020-08-17 06:30,51,26,25,0,0,0
2020-08-17 06:45,89,61,28,0,0,0
2020-08-17 07:00,86,43,43,0,0,0
2020-08-17 07:15,203,145,58,0,0,0
2020-08-17 07:30,346,236,110,0,0,0
2020-08-17 07:45,231,140,91,0,0,0
2020-08-17 08:00,185,102,83,0,0,0
2020-08-17 08:15,148,91,57,0,0,0
2020-08-17 08:30,155,99,56,0,0,0
2020-08-17 08:45,181,113,68,0,0,0
2020-08-17 09:00,127,75,52,0,0,0
2020-08-17 09:15,139,82,57,0,0,0
2020-08-17 09:30,125,76,49,0,0,0
2020-08-17 09:45,160,92,68,0,0,0
2020-08-17 10:00,95,51,44,0,0,0
2020-08-17 10:15,92,50,42,0,0,0
2020-08-17 10:30,124,57,67,0,0,0
2020-08-17 10:45,102,48,54,0,0,0
2020-08-17 11:00,112,48,64,0,0,0
2020-08-17 11:15,119,64,55,0,0,0
2020-08-17 11:30,135,61,74,0,0,0
2020-08-17 11:45,113,72,41,0,0,0
2020-08-17 12:00,135,78,57,0,0,0
2020-08-17 12:15,107,58,49,0,0,0
2020-08-17 12:30,179,69,110,0,0,0
2020-08-17 12:45,169,91,78,0,0,0
2020-08-17 13:00,198,74,124,0,0,0
2020-08-17 13:15,152,65,87,0,0,0
2020-08-17 13:30,165,75,90,0,0,0
2020-08-17 13:45,182,79,103,0,0,0
2020-08-17 14:00,174,72,102,0,0,0
2020-08-17 14:15,157,87,70,0,0,0
2020-08-17 14:30,140,76,64,0,0,0
2020-08-17 14:45,179,79,100,0,0,0
2020-08-17 15:00,182,89,93,0,0,0
2020-08-17 15:15,176,89,87,0,0,0
2020-08-17 15:30,247,86,161,0,0,0
2020-08-17 15:45,239,103,136,0,0,0
2020-08-17 16:00,208,94,114,0,0,0
2020-08-17 16:15,235,91,144,0,0,0
2020-08-17 16:30,208,96,112,0,0,0
2020-08-17 16:45,242,113,129,0,0,0
2020-08-17 17:00,220,91,129,0,0,0
2020-08-17 17:15,273,120,153,0,0,0
2020-08-17 17:30,240,94,146,0,0,0
2020-08-17 17:45,251,131,120,0,0,0
2020-08-17 18:00,233,90,143,0,0,0
2020-08-17 18:15,217,111,106,0,0,0
2020-08-17 18:30,205,99,106,0,0,0
2020-08-17 18:45,180,96,84,0,0,0
2020-08-17 19:00,189,67,122,0,0,0
2020-08-17 19:15,106,53,53,0,0,0
2020-08-17 19:30,73,33,40,0,0,0
2020-08-17 19:45,69,34,35,0,0,0
2020-08-17 20:00,83,39,44,0,0,0
2020-08-17 20:15,134,65,69,0,0,0
2020-08-17 20:30,119,71,48,0,0,0
2020-08-17 20:45,98,61,37,0,0,0
2020-08-17 21:00,94,50,44,0,0,0
2020-08-17 21:15,69,35,34,0,0,0
2020-08-17 21:30,71,32,39,0,0,0
2020-08-17 21:45,56,22,34,0,0,0
2020-08-17 22:00,64,24,40,0,0,0
2020-08-17 22:15,68,22,46,0,0,0
2020-08-17 22:30,32,9,23,0,0,0
2020-08-17 22:45,58,14,44,0,0,0
2020-08-17 23:00,58,20,38,0,0,0
2020-08-17 23:15,30,8,22,0,0,0
2020-08-17 23:30,30,14,16,0,0,0
2020-08-17 23:45,85,12,73,0,0,0
2020-08-18 00:00,24,8,16,0,0,0
2020-08-18 00:15,18,6,12,0,0,0
2020-08-18 00:30,25,9,16,0,0,0
2020-08-18 00:45,11,0,11,0,0,0
2020-08-18 01:00,18,2,16,0,0,0
2020-08-18 01:15,4,1,3,0,0,0
2020-08-18 01:30,7,2,5,0,0,0
2020-08-18 01:45,7,0,7,0,0,0
2020-08-18 02:00,11,3,8,0,0,0
2020-08-18 02:15,5,3,2,0,0,0
2020-08-18 02:30,8,4,4,0,0,0
2020-08-18 02:45,0,0,0,0,0,0
2020-08-18 03:00,0,0,0,0,0,0
2020-08-18 03:15,3,1,2,0,0,0
2020-08-18 03:30,1,0,1,0,0,0
2020-08-18 03:45,8,5,3,0,0,0
2020-08-18 04:00,2,2,0,0,0,0
2020-08-18 04:15,5,3,2,0,0,0
2020-08-18 04:30,4,4,0,0,0,0
2020-08-18 04:45,8,6,2,0,0,0
2020-08-18 05:00,7,4,3,0,0,0
2020-08-18 05:15,16,13,3,0,0,0
2020-08-18 05:30,16,14,2,0,0,0
2020-08-18 05:45,30,21,9,0,0,0
2020-08-18 06:00,32,25,7,0,0,0
2020-08-18 06:15,44,30,14,0,0,0
2020-08-18 06:30,69,45,24,0,0,0
2020-08-18 06:45,88,60,28,0,0,0
2020-08-18 07:00,108,79,29,0,0,0
2020-08-18 07:15,211,154,57,0,0,0
2020-08-18 07:30,306,248,58,0,0,0
2020-08-18 07:45,270,184,86,0,0,0
2020-08-18 08:00,224,99,125,0,0,0
2020-08-18 08:15,196,106,90,0,0,0
2020-08-18 08:30,194,117,77,0,0,0
2020-08-18 08:45,199,139,60,0,0,0
2020-08-18 09:00,172,98,74,0,0,0
2020-08-18 09:15,127,76,51,0,0,0
2020-08-18 09:30,132,85,47,0,0,0
2020-08-18 09:45,147,90,57,0,0,0
2020-08-18 10:00,129,75,54,0,0,0
2020-08-18 10:15,91,50,41,0,0,0
2020-08-18 10:30,125,76,49,0,0,0
2020-08-18 10:45,132,81,51,0,0,0
2020-08-18 11:00,120,71,49,0,0,0
2020-08-18 11:15,112,67,45,0,0,0
2020-08-18 11:30,117,66,51,0,0,0
2020-08-18 11:45,162,101,61,0,0,0
2020-08-18 12:00,144,73,71,0,0,0
2020-08-18 12:15,173,100,73,0,0,0
2020-08-18 12:30,154,67,87,0,0,0
2020-08-18 12:45,176,96,80,0,0,0
2020-08-18 13:00,160,75,85,0,0,0
2020-08-18 13:15,280,79,201,0,0,0
2020-08-18 13:30,219,93,126,0,0,0
2020-08-18 13:45,224,127,97,0,0,0
2020-08-18 14:00,180,86,94,0,0,0
2020-08-18 14:15,201,104,97,0,0,0
2020-08-18 14:30,162,78,84,0,0,0
2020-08-18 14:45,192,90,102,0,0,0
2020-08-18 15:00,186,103,83,0,0,0
2020-08-18 15:15,214,92,122,0,0,0
2020-08-18 15:30,178,90,88,0,0,0
2020-08-18 15:45,218,114,104,0,0,0
2020-08-18 16:00,222,106,116,0,0,0
2020-08-18 16:15,229,105,124,0,0,0
2020-08-18 16:30,244,109,135,0,0,0
2020-08-18 16:45,225,102,123,0,0,0
2020-08-18 17:00,241,90,151,0,0,0
2020-08-18 17:15,304,128,176,0,0,0
2020-08-18 17:30,274,119,155,0,0,0
2020-08-18 17:45,275,143,132,0,0,0
2020-08-18 18:00,256,103,153,0,0,0
2020-08-18 18:15,251,122,129,0,0,0
2020-08-18 18:30,212,104,108,0,0,0
2020-08-18 18:45,234,106,128,0,0,0
2020-08-18 19:00,221,116,105,0,0,0
2020-08-18 19:15,194,92,102,0,0,0
2020-08-18 19:30,231,100,131,0,0,0
2020-08-18 19:45,166,85,81,0,0,0
2020-08-18 20:00,154,80,74,0,0,0
2020-08-18 20:15,174,89,85,0,0,0
2020-08-18 20:30,133,62,71,0,0,0
2020-08-18 20:45,147,62,85,0,0,0
2020-08-18 21:00,140,70,70,0,0,0
2020-08-18 21:15,150,55,95,0,0,0
2020-08-18 21:30,105,33,72,0,0,0
2020-08-18 21:45,79,23,56,0,0,0
2020-08-18 22:00,71,34,37,0,0,0
2020-08-18 22:15,78,19,59,0,0,0
2020-08-18 22:30,81,26,55,0,0,0
2020-08-18 22:45,57,12,45,0,0,0
2020-08-18 23:00,70,27,43,0,0,0
2020-08-18 23:15,74,18,56,0,0,0
2020-08-18 23:30,48,16,32,0,0,0
2020-08-18 23:45,91,15,76,0,0,0
2020-08-19 00:00,40,14,26,0,0,0
2020-08-19 00:15,22,6,16,0,0,0
2020-08-19 00:30,28,7,21,0,0,0
2020-08-19 00:45,23,10,13,0,0,0
2020-08-19 01:00,26,7,19,0,0,0
2020-08-19 01:15,17,3,14,0,0,0
2020-08-19 01:30,12,1,11,0,0,0
2020-08-19 01:45,15,1,14,0,0,0
2020-08-19 02:00,11,1,10,0,0,0
2020-08-19 02:15,8,2,6,0,0,0
2020-08-19 02:30,4,0,4,0,0,0
2020-08-19 02:45,6,4,2,0,0,0
2020-08-19 03:00,4,3,1,0,0,0
2020-08-19 03:15,3,2,1,0,0,0
2020-08-19 03:30,2,0,2,0,0,0
2020-08-19 03:45,3,0,3,0,0,0
2020-08-19 04:00,2,1,1,0,0,0
2020-08-19 04:15,2,2,0,0,0,0
2020-08-19 04:30,8,4,4,0,0,0
2020-08-19 04:45,11,9,2,0,0,0
2020-08-19 05:00,8,3,5,0,0,0
2020-08-19 05:15,9,7,2,0,0,0
2020-08-19 05:30,15,11,4,0,0,0
2020-08-19 05:45,30,18,12,0,0,0
2020-08-19 06:00,30,25,5,0,0,0
2020-08-19 06:15,53,39,14,0,0,0
2020-08-19 06:30,57,40,17,0,0,0
2020-08-19 06:45,87,59,28,0,0,0
2020-08-19 07:00,105,75,30,0,0,0
2020-08-19 07:15,216,169,47,0,0,0
2020-08-19 07:30,327,276,51,0,0,0
2020-08-19 07:45,281,192,89,0,0,0
2020-08-19 08:00,228,111,117,0,0,0
2020-08-19 08:15,194,109,85,0,0,0
2020-08-19 08:30,169,93,76,0,0,0
2020-08-19 08:45,227,148,79,0,0,0
2020-08-19 09:00,183,98,85,0,0,0
2020-08-19 09:15,150,101,49,0,0,0
2020-08-19 09:30,156,95,61,0,0,0
2020-08-19 09:45,164,109,55,0,0,0
2020-08-19 10:00,143,72,71,0,0,0
2020-08-19 10:15,141,73,68,0,0,0
2020-08-19 10:30,118,71,47,0,0,0
2020-08-19 10:45,163,90,73,0,0,0
2020-08-19 11:00,118,73,45,0,0,0
2020-08-19 11:15,171,101,70,0,0,0
2020-08-19 11:30,146,82,64,0,0,0
2020-08-19 11:45,192,109,83,0,0,0
2020-08-19 12:00,158,95,63,0,0,0
2020-08-19 12:15,184,93,91,0,0,0
2020-08-19 12:30,194,92,102,0,0,0
2020-08-19 12:45,208,119,89,0,0,0
2020-08-19 13:00,179,80,99,0,0,0
2020-08-19 13:15,213,83,130,0,0,0
2020-08-19 13:30,224,103,121,0,0,0
2020-08-19 13:45,213,105,108,0,0,0
2020-08-19 14:00,222,92,130,0,0,0
2020-08-19 14:15,206,81,125,0,0,0
2020-08-19 14:30,198,106,92,0,0,0
2020-08-19 14:45,230,112,118,0,0,0
2020-08-19 15:00,214,96,118,0,0,0
2020-08-19 15:15,230,104,126,0,0,0
2020-08-19 15:30,201,102,99,0,0,0
2020-08-19 15:45,328,120,208,0,0,0
2020-08-19 16:00,233,104,129,0,0,0
2020-08-19 16:15,253,104,149,0,0,0
2020-08-19 16:30,242,104,138,0,0,0
2020-08-19 16:45,238,118,120,0,0,0
2020-08-19 17:00,245,122,123,0,0,0
2020-08-19 17:15,287,134,153,0,0,0
2020-08-19 17:30,281,145,136,0,0,0
2020-08-19 17:45,288,144,144,0,0,0
2020-08-19 18:00,208,102,106,0,0,0
2020-08-19 18:15,279,131,148,0,0,0
2020-08-19 18:30,231,94,137,0,0,0
2020-08-19 18:45,273,124,149,0,0,0
2020-08-19 19:00,211,94,117,0,0,0
2020-08-19 19:15,227,129,98,0,0,0
2020-08-19 19:30,232,114,118,0,0,0
2020-08-19 19:45,179,92,87,0,0,0
2020-08-19 20:00,222,125,97,0,0,0
2020-08-19 20:15,162,91,71,0,0,0
2020-08-19 20:30,158,67,91,0,0,0
2020-08-19 20:45,140,58,82,0,0,0
2020-08-19 21:00,130,51,79,0,0,0
2020-08-19 21:15,107,45,62,0,0,0
2020-08-19 21:30,87,36,51,0,0,0
2020-08-19 21:45,90,28,62,0,0,0
2020-08-19 22:00,59,17,42,0,0,0
2020-08-19 22:15,91,33,58,0,0,0
2020-08-19 22:30,76,24,52,0,0,0
2020-08-19 22:45,89,15,74,0,0,0
2020-08-19 23:00,105,36,69,0,0,0
2020-08-19 23:15,118,37,81,0,0,0
2020-08-19 23:30,87,19,68,0,0,0
2020-08-19 23:45,80,19,61,0,0,0
2020-08-20 00:00,55,15,40,0,0,0
2020-08-20 00:15,33,7,26,0,0,0
2020-08-20 00:30,41,6,35,0,0,0
2020-08-20 00:45,45,16,29,0,0,0
2020-08-20 01:00,22,4,18,0,0,0
2020-08-20 01:15,19,4,15,0,0,0
2020-08-20 01:30,16,6,10,0,0,0
2020-08-20 01:45,15,6,9,0,0,0
2020-08-20 02:00,25,5,20,0,0,0
2020-08-20 02:15,9,2,7,0,0,0
2020-08-20 02:30,6,1,5,0,0,0
2020-08-20 02:45,12,1,11,0,0,0
2020-08-20 03:00,18,1,17,0,0,0
2020-08-20 03:15,10,1,9,0,0,0
2020-08-20 03:30,10,2,8,0,0,0
2020-08-20 03:45,10,0,10,0,0,0
2020-08-20 04:00,6,6,0,0,0,0
2020-08-20 04:15,12,3,9,0,0,0
2020-08-20 04:30,14,6,8,0,0,0
2020-08-20 04:45,9,5,4,0,0,0
2020-08-20 05:00,7,2,5,0,0,0
2020-08-20 05:15,18,13,5,0,0,0
2020-08-20 05:30,13,11,2,0,0,0
2020-08-20 05:45,18,13,5,0,0,0
2020-08-20 06:00,36,26,10,0,0,0
2020-08-20 06:15,42,31,11,0,0,0
2020-08-20 06:30,64,43,21,0,0,0
2020-08-20 06:45,71,50,21,0,0,0
2020-08-20 07:00,97,74,23,0,0,0
2020-08-20 07:15,204,151,53,0,0,0
2020-08-20 07:30,334,266,68,0,0,0
2020-08-20 07:45,268,169,99,0,0,0
2020-08-20 08:00,204,115,89,0,0,0
2020-08-20 08:15,187,106,81,0,0,0
2020-08-20 08:30,192,104,88,0,0,0
2020-08-20 08:45,184,137,47,0,0,0
2020-08-20 09:00,167,105,62,0,0,0
2020-08-20 09:15,139,70,69,0,0,0
2020-08-20 09:30,132,86,46,0,0,0
2020-08-20 09:45,146,91,55,0,0,0
2020-08-20 10:00,136,71,65,0,0,0
2020-08-20 10:15,106,57,49,0,0,0
2020-08-20 10:30,129,70,59,0,0,0
2020-08-20 10:45,125,68,57,0,0,0
2020-08-20 11:00,106,62,44,0,0,0
2020-08-20 11:15,143,71,72,0,0,0
2020-08-20 11:30,157,88,69,0,0,0
2020-08-20 11:45,132,65,67,0,0,0
2020-08-20 12:00,132,69,63,0,0,0
2020-08-20 12:15,159,71,88,0,0,0
2020-08-20 12:30,132,61,71,0,0,0
2020-08-20 12:45,204,119,85,0,0,0
2020-08-20 13:00,167,87,80,0,0,0
2020-08-20 13:15,210,83,127,0,0,0
2020-08-20 13:30,177,72,105,0,0,0
2020-08-20 13:45,210,101,109,0,0,0
2020-08-20 14:00,237,105,132,0,0,0
2020-08-20 14:15,179,91,88,0,0,0
2020-08-20 14:30,191,107,84,0,0,0
2020-08-20 14:45,165,80,85,0,0,0
2020-08-20 15:00,206,111,95,0,0,0
2020-08-20 15:15,193,91,102,0,0,0
2020-08-20 15:30,177,69,108,0,0,0
2020-08-20 15:45,301,113,188,0,0,0
2020-08-20 16:00,205,102,103,0,0,0
2020-08-20 16:15,231,109,122,0,0,0
2020-08-20 16:30,227,105,122,0,0,0
2020-08-20 16:45,242,118,124,0,0,0
2020-08-20 17:00,238,115,123,0,0,0
2020-08-20 17:15,259,127,132,0,0,0
2020-08-20 17:30,249,141,108,0,0,0
2020-08-20 17:45,225,115,110,0,0,0
2020-08-20 18:00,246,113,133,0,0,0
2020-08-20 18:15,227,101,126,0,0,0
2020-08-20 18:30,219,104,115,0,0,0
2020-08-20 18:45,225,113,112,0,0,0
2020-08-20 19:00,259,142,117,0,0,0
2020-08-20 19:15,184,91,93,0,0,0
2020-08-20 19:30,185,100,85,0,0,0
2020-08-20 19:45,199,99,100,0,0,0
2020-08-20 20:00,148,59,89,0,0,0
2020-08-20 20:15,166,77,89,0,0,0
2020-08-20 20:30,101,43,58,0,0,0
2020-08-20 20:45,106,61,45,0,0,0
2020-08-20 21:00,86,45,41,0,0,0
2020-08-20 21:15,118,52,66,0,0,0
2020-08-20 21:30,81,24,57,0,0,0
2020-08-20 21:45,109,33,76,0,0,0
2020-08-20 22:00,73,21,52,0,0,0
2020-08-20 22:15,97,21,76,0,0,0
2020-08-20 22:30,65,20,45,0,0,0
2020-08-20 22:45,69,17,52,0,0,0
2020-08-20 23:00,83,14,69,0,0,0
2020-08-20 23:15,72,14,58,0,0,0
2020-08-20 23:30,82,20,62,0,0,0
2020-08-20 23:45,57,9,48,0,0,0
2020-08-21 00:00,46,11,35,0,0,0
2020-08-21 00:15,38,9,29,0,0,0
2020-08-21 00:30,23,6,17,0,0,0
2020-08-21 00:45,26,6,20,0,0,0
2020-08-21 01:00,18,4,14,0,0,0
2020-08-21 01:15,14,6,8,0,0,0
2020-08-21 01:30,11,0,11,0,0,0
2020-08-21 01:45,15,3,12,0,0,0
2020-08-21 02:00,13,6,7,0,0,0
2020-08-21 02:15,7,4,3,0,0,0
2020-08-21 02:30,6,3,3,0,0,0
2020-08-21 02:45,11,7,4,0,0,0
2020-08-21 03:00,2,0,2,0,0,0
2020-08-21 03:15,4,3,1,0,0,0
2020-08-21 03:30,4,1,3,0,0,0
2020-08-21 03:45,2,0,2,0,0,0
2020-08-21 04:00,2,1,1,0,0,0
2020-08-21 04:15,4,2,2,0,0,0
2020-08-21 04:30,5,5,0,0,0,0
2020-08-21 04:45,10,6,4,0,0,0
2020-08-21 05:00,8,5,3,0,0,0
2020-08-21 05:15,13,9,4,0,0,0
2020-08-21 05:30,15,9,6,0,0,0
2020-08-21 05:45,32,19,13,0,0,0
2020-08-21 06:00,29,19,10,0,0,0
2020-08-21 06:15,48,36,12,0,0,0
2020-08-21 06:30,56,36,20,0,0,0
2020-08-21 06:45,61,36,25,0,0,0
2020-08-21 07:00,67,38,29,0,0,0
2020-08-21 07:15,91,61,30,0,0,0
2020-08-21 07:30,175,125,50,0,0,0
2020-08-21 07:45,151,98,53,0,0,0
2020-08-21 08:00,132,90,42,0,0,0
2020-08-21 08:15,121,63,58,0,0,0
2020-08-21 08:30,104,64,40,0,0,0
2020-08-21 08:45,115,73,42,0,0,0
2020-08-21 09:00,118,76,42,0,0,0
2020-08-21 09:15,112,80,32,0,0,0
2020-08-21 09:30,127,67,60,0,0,0
2020-08-21 09:45,111,69,42,0,0,0
2020-08-21 10:00,109,76,33,0,0,0
2020-08-21 10:15,81,53,28,0,0,0
2020-08-21 10:30,97,49,48,0,0,0
2020-08-21 10:45,101,45,56,0,0,0
2020-08-21 11:00,92,46,46,0,0,0
2020-08-21 11:15,101,62,39,0,0,0
2020-08-21 11:30,148,77,71,0,0,0
2020-08-21 11:45,112,68,44,0,0,0
2020-08-21 12:00,125,50,75,0,0,0
2020-08-21 12:15,118,44,74,0,0,0
2020-08-21 12:30,114,53,61,0,0,0
2020-08-21 12:45,150,78,72,0,0,0
2020-08-21 13:00,204,83,121,0,0,0
2020-08-21 13:15,172,72,100,0,0,0
2020-08-21 13:30,164,67,97,0,0,0
2020-08-21 13:45,169,97,72,0,0,0
2020-08-21 14:00,155,71,84,0,0,0
2020-08-21 14:15,154,95,59,0,0,0
2020-08-21 14:30,143,73,70,0,0,0
2020-08-21 14:45,173,87,86,0,0,0
2020-08-21 15:00,189,100,89,0,0,0
2020-08-21 15:15,150,71,79,0,0,0
2020-08-21 15:30,192,110,82,0,0,0
2020-08-21 15:45,182,95,87,0,0,0
2020-08-21 16:00,188,79,109,0,0,0
2020-08-21 16:15,175,72,103,0,0,0
2020-08-21 16:30,141,77,64,0,0,0
2020-08-21 16:45,193,103,90,0,0,0
2020-08-21 17:00,140,72,68,0,0,0
2020-08-21 17:15,121,65,56,0,0,0
2020-08-21 17:30,128,50,78,0,0,0
2020-08-21 17:45,131,50,81,0,0,0
2020-08-21 18:00,206,76,130,0,0,0
2020-08-21 18:15,158,88,70,0,0,0
2020-08-21 18:30,163,84,79,0,0,0
2020-08-21 18:45,189,109,80,0,0,0
2020-08-21 19:00,196,110,86,0,0,0
2020-08-21 19:15,95,40,55,0,0,0
2020-08-21 19:30,180,83,97,0,0,0
2020-08-21 19:45,160,95,65,0,0,0
2020-08-21 20:00,128,74,54,0,0,0
2020-08-21 20:15,138,70,68,0,0,0
2020-08-21 20:30,121,73,48,0,0,0
2020-08-21 20:45,98,48,50,0,0,0
2020-08-21 21:00,95,49,46,0,0,0
2020-08-21 21:15,91,37,54,0,0,0
2020-08-21 21:30,75,38,37,0,0,0
2020-08-21 21:45,86,34,52,0,0,0
2020-08-21 22:00,70,30,40,0,0,0
2020-08-21 22:15,58,19,39,0,0,0
2020-08-21 22:30,62,19,43,0,0,0
2020-08-21 22:45,47,11,36,0,0,0
2020-08-21 23:00,72,22,50,0,0,0
2020-08-21 23:15,55,19,36,0,0,0
2020-08-21 23:30,85,24,61,0,0,0
2020-08-21 23:45,63,26,37,0,0,0
2020-08-22 00:00,57,25,32,0,0,0
2020-08-22 00:15,53,16,37,0,0,0
2020-08-22 00:30,73,12,61,0,0,0
2020-08-22 00:45,46,20,26,0,0,0
2020-08-22 01:00,43,12,31,0,0,0
2020-08-22 01:15,36,10,26,0,0,0
2020-08-22 01:30,31,5,26,0,0,0
2020-08-22 01:45,32,10,22,0,0,0
2020-08-22 02:00,35,14,21,0,0,0
2020-08-22 02:15,22,6,16,0,0,0
2020-08-22 02:30,35,8,27,0,0,0
2020-08-22 02:45,24,13,11,0,0,0
2020-08-22 03:00,25,3,22,0,0,0
2020-08-22 03:15,21,3,18,0,0,0
2020-08-22 03:30,25,13,12,0,0,0
2020-08-22 03:45,20,6,14,0,0,0
2020-08-22 04:00,14,6,8,0,0,0
2020-08-22 04:15,8,5,3,0,0,0
2020-08-22 04:30,9,1,8,0,0,0
2020-08-22 04:45,10,4,6,0,0,0
2020-08-22 05:00,12,2,10,0,0,0
2020-08-22 05:15,12,8,4,0,0,0
2020-08-22 05:30,18,7,11,0,0,0
2020-08-22 05:45,16,12,4,0,0,0
2020-08-22 06:00,13,6,7,0,0,0
2020-08-22 06:15,14,8,6,0,0,0
2020-08-22 06:30,11,7,4,0,0,0
2020-08-22 06:45,14,10,4,0,0,0
2020-08-22 07:00,20,16,4,0,0,0
2020-08-22 07:15,18,8,10,0,0,0
2020-08-22 07:30,28,16,12,0,0,0
2020-08-22 07:45,30,21,9,0,0,0
2020-08-22 08:00,35,21,14,0,0,0
2020-08-22 08:15,36,17,19,0,0,0
2020-08-22 08:30,45,27,18,0,0,0
2020-08-22 08:45,59,43,16,0,0,0
2020-08-22 09:00,55,42,13,0,0,0
2020-08-22 09:15,67,46,21,0,0,0
2020-08-22 09:30,88,51,37,0,0,0
2020-08-22 09:45,118,85,33,0,0,0
2020-08-22 10:00,111,81,30,0,0,0
2020-08-22 10:15,106,70,36,0,0,0
2020-08-22 10:30,108,64,44,0,0,0
2020-08-22 10:45,106,78,28,0,0,0
2020-08-22 11:00,137,93,44,0,0,0
2020-08-22 11:15,133,70,63,0,0,0
2020-08-22 11:30,137,72,65,0,0,0
2020-08-22 11:45,155,109,46,0,0,0
2020-08-22 12:00,150,81,69,0,0,0
2020-08-22 12:15,123,64,59,0,0,0
2020-08-22 12:30,127,77,50,0,0,0
2020-08-22 12:45,178,97,81,0,0,0
2020-08-22 13:00,169,93,76,0,0,0
2020-08-22 13:15,165,81,84,0,0,0
2020-08-22 13:30,182,86,96,0,0,0
2020-08-22 13:45,159,76,83,0,0,0
2020-08-22 14:00,169,93,76,0,0,0
2020-08-22 14:15,165,100,65,0,0,0
2020-08-22 14:30,150,70,80,0,0,0
2020-08-22 14:45,148,71,77,0,0,0
2020-08-22 15:00,147,56,91,0,0,0
2020-08-22 15:15,128,70,58,0,0,0
2020-08-22 15:30,183,81,102,0,0,0
2020-08-22 15:45,161,85,76,0,0,0
2020-08-22 16:00,162,64,98,0,0,0
2020-08-22 16:15,137,55,82,0,0,0
2020-08-22 16:30,169,72,97,0,0,0
2020-08-22 16:45,159,92,67,0,0,0
2020-08-22 17:00,164,83,81,0,0,0
2020-08-22 17:15,121,59,62,0,0,0
2020-08-22 17:30,156,72,84,0,0,0
2020-08-22 17:45,216,113,103,0,0,0
2020-08-22 18:00,169,52,117,0,0,0
2020-08-22 18:15,112,54,58,0,0,0
2020-08-22 18:30,100,41,59,0,0,0
2020-08-22 18:45,150,79,71,0,0,0
2020-08-22 19:00,127,59,68,0,0,0
2020-08-22 19:15,138,79,59,0,0,0
2020-08-22 19:30,96,51,45,0,0,0
2020-08-22 19:45,100,55,45,0,0,0
2020-08-22 20:00,100,45,55,0,0,0
2020-08-22 20:15,117,61,56,0,0,0
2020-08-22 20:30,101,55,46,0,0,0
2020-08-22 20:45,98,52,46,0,0,0
2020-08-22 21:00,100,44,56,0,0,0
2020-08-22 21:15,74,33,41,0,0,0
2020-08-22 21:30,65,28,37,0,0,0
2020-08-22 21:45,55,31,24,0,0,0
2020-08-22 22:00,81,27,54,0,0,0
2020-08-22 22:15,63,40,23,0,0,0
2020-08-22 22:30,54,11,43,0,0,0
2020-08-22 22:45,73,27,46,0,0,0
2020-08-22 23:00,63,13,50,0,0,0
2020-08-22 23:15,39,13,26,0,0,0
2020-08-22 23:30,32,17,15,0,0,0
2020-08-22 23:45,103,24,79,0,0,0
2020-08-23 00:00,85,32,53,0,0,0
2020-08-23 00:15,63,22,41,0,0,0
2020-08-23 00:30,62,15,47,0,0,0
2020-08-23 00:45,61,17,44,0,0,0
2020-08-23 01:00,46,12,34,0,0,0
2020-08-23 01:15,43,15,28,0,0,0
2020-08-23 01:30,36,6,30,0,0,0
2020-08-23 01:45,53,18,35,0,0,0
2020-08-23 02:00,51,13,38,0,0,0
2020-08-23 02:15,32,10,22,0,0,0
2020-08-23 02:30,28,9,19,0,0,0
2020-08-23 02:45,26,9,17,0,0,0
2020-08-23 03:00,19,4,15,0,0,0
2020-08-23 03:15,16,7,9,0,0,0
2020-08-23 03:30,18,6,12,0,0,0
2020-08-23 03:45,13,4,9,0,0,0
2020-08-23 04:00,12,0,12,0,0,0
2020-08-23 04:15,12,3,9,0,0,0
2020-08-23 04:30,5,3,2,0,0,0
2020-08-23 04:45,9,2,7,0,0,0
2020-08-23 05:00,3,1,2,0,0,0
2020-08-23 05:15,15,1,14,0,0,0
2020-08-23 05:30,8,2,6,0,0,0
2020-08-23 05:45,17,5,12,0,0,0
2020-08-23 06:00,9,8,1,0,0,0
2020-08-23 06:15,3,2,1,0,0,0
2020-08-23 06:30,7,2,5,0,0,0
2020-08-23 06:45,10,5,5,0,0,0
2020-08-23 07:00,6,4,2,0,0,0
2020-08-23 07:15,14,6,8,0,0,0
2020-08-23 07:30,10,6,4,0,0,0
2020-08-23 07:45,15,11,4,0,0,0
2020-08-23 08:00,13,8,5,0,0,0
2020-08-23 08:15,12,3,9,0,0,0
2020-08-23 08:30,21,14,7,0,0,0
2020-08-23 08:45,39,12,27,0,0,0
2020-08-23 09:00,26,16,10,0,0,0
2020-08-23 09:15,46,23,23,0,0,0
2020-08-23 09:30,58,36,22,0,0,0
2020-08-23 09:45,64,42,22,0,0,0
2020-08-23 10:00,62,35,27,0,0,0
2020-08-23 10:15,59,33,26,0,0,0
2020-08-23 10:30,58,36,22,0,0,0
2020-08-23 10:45,76,29,47,0,0,0
2020-08-23 11:00,62,30,32,0,0,0
2020-08-23 11:15,74,40,34,0,0,0
2020-08-23 11:30,77,36,41,0,0,0
2020-08-23 11:45,80,51,29,0,0,0
2020-08-23 12:00,69,36,33,0,0,0
2020-08-23 12:15,92,53,39,0,0,0
2020-08-23 12:30,84,37,47,0,0,0
2020-08-23 12:45,80,40,40,0,0,0
2020-08-23 13:00,67,36,31,0,0,0
2020-08-23 13:15,64,37,27,0,0,0
2020-08-23 13:30,78,39,39,0,0,0
2020-08-23 13:45,79,45,34,0,0,0
2020-08-23 14:00,98,48,50,0,0,0
2020-08-23 14:15,78,43,35,0,0,0
2020-08-23 14:30,72,33,39,0,0,0
2020-08-23 14:45,74,28,46,0,0,0
2020-08-23 15:00,104,47,57,0,0,0
2020-08-23 15:15,90,43,47,0,0,0
2020-08-23 15:30,90,52,38,0,0,0
2020-08-23 15:45,104,56,48,0,0,0
2020-08-23 16:00,87,39,48,0,0,0
2020-08-23 16:15,74,46,28,0,0,0
2020-08-23 16:30,80,43,37,0,0,0
2020-08-23 16:45,115,59,56,0,0,0
2020-08-23 17:00,90,56,34,0,0,0
2020-08-23 17:15,88,45,43,0,0,0
2020-08-23 17:30,82,40,42,0,0,0
2020-08-23 17:45,113,48,65,0,0,0
2020-08-23 18:00,86,30,56,0,0,0
2020-08-23 18:15,79,41,38,0,0,0
2020-08-23 18:30,80,38,42,0,0,0
2020-08-23 18:45,98,41,57,0,0,0
2020-08-23 19:00,95,42,53,0,0,0
2020-08-23 19:15,88,42,46,0,0,0
2020-08-23 19:30,82,37,45,0,0,0
2020-08-23 19:45,80,45,35,0,0,0
2020-08-23 20:00,95,54,41,0,0,0
2020-08-23 20:15,83,50,33,0,0,0
2020-08-23 20:30,109,53,56,0,0,0
2020-08-23 20:45,94,43,51,0,0,0
2020-08-23 21:00,71,47,24,0,0,0
2020-08-23 21:15,32,15,17,0,0,0
2020-08-23 21:30,35,17,18,0,0,0
2020-08-23 21:45,35,8,27,0,0,0
2020-08-23 22:00,53,15,38,0,0,0
2020-08-23 22:15,39,14,25,0,0,0
2020-08-23 22:30,44,9,35,0,0,0
2020-08-23 22:45,36,13,23,0,0,0
2020-08-23 23:00,62,17,45,0,0,0
2020-08-23 23:15,78,26,52,0,0,0
2020-08-23 23:30,65,20,45,0,0,0
2020-08-23 23:45,38,10,28,0,0,0
2020-08-24 00:00,29,8,21,0,0,0
2020-08-24 00:15,22,4,18,0,0,0
2020-08-24 00:30,11,4,7,0,0,0
2020-08-24 00:45,10,1,9,0,0,0
2020-08-24 01:00,19,6,13,0,0,0
2020-08-24 01:15,8,2,6,0,0,0
2020-08-24 01:30,3,2,1,0,0,0
2020-08-24 01:45,6,3,3,0,0,0
2020-08-24 02:00,7,1,6,0,0,0
2020-08-24 02:15,5,1,4,0,0,0
2020-08-24 02:30,4,1,3,0,0,0
2020-08-24 02:45,1,0,1,0,0,0
2020-08-24 03:00,0,0,0,0,0,0
2020-08-24 03:15,0,0,0,0,0,0
2020-08-24 03:30,2,0,2,0,0,0
2020-08-24 03:45,0,0,0,0,0,0
2020-08-24 04:00,0,0,0,0,0,0
2020-08-24 04:15,3,2,1,0,0,0
2020-08-24 04:30,6,3,3,0,0,0
2020-08-24 04:45,9,5,4,0,0,0
2020-08-24 05:00,8,4,4,0,0,0
2020-08-24 05:15,12,9,3,0,0,0
2020-08-24 05:30,23,16,7,0,0,0
2020-08-24 05:45,21,15,6,0,0,0
2020-08-24 06:00,35,22,13,0,0,0
2020-08-24 06:15,42,27,15,0,0,0
2020-08-24 06:30,75,49,26,0,0,0
2020-08-24 06:45,79,44,35,0,0,0
2020-08-24 07:00,110,75,35,0,0,0
2020-08-24 07:15,184,139,45,0,0,0
2020-08-24 07:30,390,300,90,0,0,0
2020-08-24 07:45,274,187,87,0,0,0
2020-08-24 08:00,179,101,78,0,0,0
2020-08-24 08:15,183,111,72,0,0,0
2020-08-24 08:30,164,97,67,0,0,0
2020-08-24 08:45,207,123,84,0,0,0
2020-08-24 09:00,121,82,39,0,0,0
2020-08-24 09:15,98,63,35,0,0,0
2020-08-24 09:30,133,73,60,0,0,0
2020-08-24 09:45,131,77,54,0,0,0
2020-08-24 10:00,100,53,47,0,0,0
2020-08-24 10:15,81,37,44,0,0,0
2020-08-24 10:30,98,50,48,0,0,0
2020-08-24 10:45,105,49,56,0,0,0
2020-08-24 11:00,92,48,44,0,0,0
2020-08-24 11:15,91,49,42,0,0,0
2020-08-24 11:30,108,59,49,0,0,0
2020-08-24 11:45,116,58,58,0,0,0
2020-08-24 12:00,129,62,67,0,0,0
2020-08-24 12:15,129,61,68,0,0,0
2020-08-24 12:30,156,84,72,0,0,0
2020-08-24 12:45,75,34,41,0,0,0
2020-08-24 13:00,142,51,91,0,0,0
2020-08-24 13:15,126,54,72,0,0,0
2020-08-24 13:30,138,64,74,0,0,0
2020-08-24 13:45,157,84,73,0,0,0
2020-08-24 14:00,180,89,91,0,0,0
2020-08-24 14:15,140,63,77,0,0,0
2020-08-24 14:30,104,43,61,0,0,0
2020-08-24 14:45,128,59,69,0,0,0
2020-08-24 15:00,140,56,84,0,0,0
2020-08-24 15:15,156,62,94,0,0,0
2020-08-24 15:30,265,76,189,0,0,0
2020-08-24 15:45,170,95,75,0,0,0
2020-08-24 16:00,196,90,106,0,0,0
2020-08-24 16:15,196,92,104,0,0,0
2020-08-24 16:30,193,92,101,0,0,0
2020-08-24 16:45,204,93,111,0,0,0
2020-08-24 17:00,204,99,105,0,0,0
2020-08-24 17:15,218,89,129,0,0,0
2020-08-24 17:30,211,102,109,0,0,0
2020-08-24 17:45,237,121,116,0,0,0
2020-08-24 18:00,223,97,126,0,0,0
2020-08-24 18:15,175,69,106,0,0,0
2020-08-24 18:30,177,85,92,0,0,0
2020-08-24 18:45,184,98,86,0,0,0
2020-08-24 19:00,147,69,78,0,0,0
2020-08-24 19:15,150,66,84,0,0,0
2020-08-24 19:30,106,48,58,0,0,0
2020-08-24 19:45,109,42,67,0,0,0
2020-08-24 20:00,130,57,73,0,0,0
2020-08-24 20:15,91,43,48,0,0,0
2020-08-24 20:30,86,36,50,0,0,0
2020-08-24 20:45,83,35,48,0,0,0
2020-08-24 21:00,92,31,61,0,0,0
2020-08-24 21:15,53,20,33,0,0,0
2020-08-24 21:30,63,28,35,0,0,0
2020-08-24 21:45,63,19,44,0,0,0
2020-08-24 22:00,62,28,34,0,0,0
2020-08-24 22:15,44,5,39,0,0,0
2020-08-24 22:30,51,15,36,0,0,0
2020-08-24 22:45,42,11,31,0,0,0
2020-08-24 23:00,39,9,30,0,0,0
2020-08-24 23:15,23,3,20,0,0,0
2020-08-24 23:30,40,16,24,0,0,0
2020-08-24 23:45,18,6,12,0,0,0
2020-08-25 00:00,22,5,17,0,0,0
2020-08-25 00:15,18,4,14,0,0,0
2020-08-25 00:30,12,4,8,0,0,0
2020-08-25 00:45,19,5,14,0,0,0
2020-08-25 01:00,13,4,9,0,0,0
2020-08-25 01:15,9,3,6,0,0,0
2020-08-25 01:30,9,5,4,0,0,0
2020-08-25 01:45,5,2,3,0,0,0
2020-08-25 02:00,6,2,4,0,0,0
2020-08-25 02:15,5,2,3,0,0,0
2020-08-25 02:30,4,3,1,0,0,0
2020-08-25 02:45,4,0,4,0,0,0
2020-08-25 03:00,3,2,1,0,0,0
2020-08-25 03:15,0,0,0,0,0,0
2020-08-25 03:30,1,0,1,0,0,0
2020-08-25 03:45,4,2,2,0,0,0
2020-08-25 04:00,3,0,3,0,0,0
2020-08-25 04:15,4,2,2,0,0,0
2020-08-25 04:30,3,2,1,0,0,0
2020-08-25 04:45,14,8,6,0,0,0
2020-08-25 05:00,5,5,0,0,0,0
2020-08-25 05:15,16,13,3,0,0,0
2020-08-25 05:30,13,5,8,0,0,0
2020-08-25 05:45,23,18,5,0,0,0
2020-08-25 06:00,30,21,9,0,0,0
2020-08-25 06:15,52,30,22,0,0,0
2020-08-25 06:30,82,47,35,0,0,0
2020-08-25 06:45,88,66,22,0,0,0
2020-08-25 07:00,111,68,43,0,0,0
2020-08-25 07:15,202,150,52,0,0,0
2020-08-25 07:30,368,278,90,0,0,0
2020-08-25 07:45,296,181,115,0,0,0
2020-08-25 08:00,177,114,63,0,0,0
2020-08-25 08:15,171,115,56,0,0,0
2020-08-25 08:30,169,99,70,0,0,0
2020-08-25 08:45,222,156,66,0,0,0
2020-08-25 09:00,155,106,49,0,0,0
2020-08-25 09:15,153,105,48,0,0,0
2020-08-25 09:30,113,63,50,0,0,0
2020-08-25 09:45,136,75,61,0,0,0
2020-08-25 10:00,115,66,49,0,0,0
2020-08-25 10:15,122,56,66,0,0,0
2020-08-25 10:30,84,46,38,0,0,0
2020-08-25 10:45,129,68,61,0,0,0
2020-08-25 11:00,99,48,51,0,0,0
2020-08-25 11:15,103,56,47,0,0,0
2020-08-25 11:30,132,63,69,0,0,0
2020-08-25 11:45,186,91,95,0,0,0
2020-08-25 12:00,134,61,73,0,0,0
2020-08-25 12:15,143,68,75,0,0,0
2020-08-25 12:30,158,68,90,0,0,0
2020-08-25 12:45,183,86,97,0,0,0
2020-08-25 13:00,260,91,169,0,0,0
2020-08-25 13:15,164,59,105,0,0,0
2020-08-25 13:30,165,90,75,0,0,0
2020-08-25 13:45,166,85,81,0,0,0
2020-08-25 14:00,179,99,80,0,0,0
2020-08-25 14:15,168,86,82,0,0,0
2020-08-25 14:30,157,66,91,0,0,0
2020-08-25 14:45,168,77,91,0,0,0
2020-08-25 15:00,168,60,108,0,0,0
2020-08-25 15:15,155,73,82,0,0,0
2020-08-25 15:30,182,73,109,0,0,0
2020-08-25 15:45,153,77,76,0,0,0
2020-08-25 16:00,169,70,99,0,0,0
2020-08-25 16:15,145,67,78,0,0,0
2020-08-25 16:30,149,58,91,0,0,0
2020-08-25 16:45,198,86,112,0,0,0
2020-08-25 17:00,179,68,111,0,0,0
2020-08-25 17:15,203,76,127,0,0,0
2020-08-25 17:30,229,100,129,0,0,0
2020-08-25 17:45,221,99,122,0,0,0
2020-08-25 18:00,202,75,127,0,0,0
2020-08-25 18:15,167,70,97,0,0,0
2020-08-25 18:30,164,84,80,0,0,0
2020-08-25 18:45,174,99,75,0,0,0
2020-08-25 19:00,141,81,60,0,0,0
2020-08-25 19:15,159,72,87,0,0,0
2020-08-25 19:30,154,64,90,0,0,0
2020-08-25 19:45,135,77,58,0,0,0
2020-08-25 20:00,93,50,43,0,0,0
2020-08-25 20:15,117,51,66,0,0,0
2020-08-25 20:30,90,41,49,0,0,0
2020-08-25 20:45,82,41,41,0,0,0
2020-08-25 21:00,83,28,55,0,0,0
2020-08-25 21:15,58,18,40,0,0,0
2020-08-25 21:30,62,21,41,0,0,0
2020-08-25 21:45,67,27,40,0,0,0
2020-08-25 22:00,63,26,37,0,0,0
2020-08-25 22:15,65,17,48,0,0,0
2020-08-25 22:30,50,14,36,0,0,0
2020-08-25 22:45,50,22,28,0,0,0
2020-08-25 23:00,43,14,29,0,0,0
2020-08-25 23:15,33,6,27,0,0,0
2020-08-25 23:30,30,10,20,0,0,0
2020-08-25 23:45,16,4,12,0,0,0
2020-08-26 00:00,30,10,20,0,0,0
2020-08-26 00:15,23,8,15,0,0,0
2020-08-26 00:30,17,4,13,0,0,0
2020-08-26 00:45,18,3,15,0,0,0
2020-08-26 01:00,19,4,15,0,0,0
2020-08-26 01:15,21,0,21,0,0,0
2020-08-26 01:30,12,4,8,0,0,0
2020-08-26 01:45,5,0,5,0,0,0
2020-08-26 02:00,7,4,3,0,0,0
2020-08-26 02:15,1,1,0,0,0,0
2020-08-26 02:30,2,0,2,0,0,0
2020-08-26 02:45,2,0,2,0,0,0
2020-08-26 03:00,6,1,5,0,0,0
2020-08-26 03:15,1,0,1,0,0,0
2020-08-26 03:30,3,2,1,0,0,0
2020-08-26 03:45,8,4,4,0,0,0
2020-08-26 04:00,1,0,1,0,0,0
2020-08-26 04:15,2,0,2,0,0,0
2020-08-26 04:30,6,3,3,0,0,0
2020-08-26 04:45,4,1,3,0,0,0
2020-08-26 05:00,3,3,0,0,0,0
2020-08-26 05:15,14,9,5,0,0,0
2020-08-26 05:30,17,9,8,0,0,0
2020-08-26 05:45,23,20,3,0,0,0
2020-08-26 06:00,26,16,10,0,0,0
2020-08-26 06:15,34,19,15,0,0,0
2020-08-26 06:30,46,24,22,0,0,0
2020-08-26 06:45,70,46,24,0,0,0
2020-08-26 07:00,79,51,28,0,0,0
2020-08-26 07:15,106,75,31,0,0,0
2020-08-26 07:30,260,201,59,0,0,0
2020-08-26 07:45,206,146,60,0,0,0
2020-08-26 08:00,138,89,49,0,0,0
2020-08-26 08:15,121,67,54,0,0,0
2020-08-26 08:30,111,65,46,0,0,0
2020-08-26 08:45,169,99,70,0,0,0
2020-08-26 09:00,109,76,33,0,0,0
2020-08-26 09:15,127,82,45,0,0,0
2020-08-26 09:30,97,57,40,0,0,0
2020-08-26 09:45,101,58,43,0,0,0
2020-08-26 10:00,78,48,30,0,0,0
2020-08-26 10:15,67,37,30,0,0,0
2020-08-26 10:30,69,44,25,0,0,0
2020-08-26 10:45,69,38,31,0,0,0
2020-08-26 11:00,98,53,45,0,0,0
2020-08-26 11:15,89,46,43,0,0,0
2020-08-26 11:30,79,42,37,0,0,0
2020-08-26 11:45,110,61,49,0,0,0
2020-08-26 12:00,86,36,50,0,0,0
2020-08-26 12:15,109,63,46,0,0,0
2020-08-26 12:30,118,55,63,0,0,0
2020-08-26 12:45,127,61,66,0,0,0
2020-08-26 13:00,105,47,58,0,0,0
2020-08-26 13:15,110,47,63,0,0,0
2020-08-26 13:30,87,45,42,0,0,0
2020-08-26 13:45,164,76,88,0,0,0
2020-08-26 14:00,127,61,66,0,0,0
2020-08-26 14:15,122,60,62,0,0,0
2020-08-26 14:30,117,56,61,0,0,0
2020-08-26 14:45,109,54,55,0,0,0
2020-08-26 15:00,111,54,57,0,0,0
2020-08-26 15:15,102,43,59,0,0,0
2020-08-26 15:30,176,71,105,0,0,0
2020-08-26 15:45,133,56,77,0,0,0
2020-08-26 16:00,156,64,92,0,0,0
2020-08-26 16:15,157,75,82,0,0,0
2020-08-26 16:30,141,67,74,0,0,0
2020-08-26 16:45,150,80,70,0,0,0
2020-08-26 17:00,159,74,85,0,0,0
2020-08-26 17:15,169,81,88,0,0,0
2020-08-26 17:30,149,70,79,0,0,0
2020-08-26 17:45,126,59,67,0,0,0
2020-08-26 18:00,130,66,64,0,0,0
2020-08-26 18:15,120,61,59,0,0,0
2020-08-26 18:30,122,55,67,0,0,0
2020-08-26 18:45,162,81,81,0,0,0
2020-08-26 19:00,116,53,63,0,0,0
2020-08-26 19:15,131,88,43,0,0,0
2020-08-26 19:30,113,62,51,0,0,0
2020-08-26 19:45,124,57,67,0,0,0
2020-08-26 20:00,112,49,63,0,0,0
2020-08-26 20:15,84,43,41,0,0,0
2020-08-26 20:30,75,33,42,0,0,0
2020-08-26 20:45,71,34,37,0,0,0
2020-08-26 21:00,60,23,37,0,0,0
2020-08-26 21:15,61,24,37,0,0,0
2020-08-26 21:30,68,33,35,0,0,0
2020-08-26 21:45,74,32,42,0,0,0
2020-08-26 22:00,56,23,33,0,0,0
2020-08-26 22:15,46,15,31,0,0,0
2020-08-26 22:30,54,11,43,0,0,0
2020-08-26 22:45,56,24,32,0,0,0
2020-08-26 23:00,32,13,19,0,0,0
2020-08-26 23:15,50,18,32,0,0,0
2020-08-26 23:30,37,8,29,0,0,0
2020-08-26 23:45,38,21,17,0,0,0
2020-08-27 00:00,37,11,26,0,0,0
2020-08-27 00:15,22,5,17,0,0,0
2020-08-27 00:30,24,7,17,0,0,0
2020-08-27 00:45,17,4,13,0,0,0
2020-08-27 01:00,22,2,20,0,0,0
2020-08-27 01:15,19,6,13,0,0,0
2020-08-27 01:30,13,4,9,0,0,0
2020-08-27 01:45,12,2,10,0,0,0
2020-08-27 02:00,6,1,5,0,0,0
2020-08-27 02:15,9,4,5,0,0,0
2020-08-27 02:30,8,2,6,0,0,0
2020-08-27 02:45,11,3,8,0,0,0
2020-08-27 03:00,7,1,6,0,0,0
2020-08-27 03:15,8,4,4,0,0,0
2020-08-27 03:30,1,0,1,0,0,0
2020-08-27 03:45,4,0,4,0,0,0
2020-08-27 04:00,1,1,0,0,0,0
2020-08-27 04:15,2,1,1,0,0,0
2020-08-27 04:30,3,1,2,0,0,0
2020-08-27 04:45,12,6,6,0,0,0
2020-08-27 05:00,8,4,4,0,0,0
2020-08-27 05:15,7,7,0,0,0,0
2020-08-27 05:30,21,13,8,0,0,0
2020-08-27 05:45,17,14,3,0,0,0
2020-08-27 06:00,33,24,9,0,0,0
2020-08-27 06:15,50,28,22,0,0,0
2020-08-27 06:30,52,33,19,0,0,0
2020-08-27 06:45,70,45,25,0,0,0
2020-08-27 07:00,116,79,37,0,0,0
2020-08-27 07:15,187,131,56,0,0,0
2020-08-27 07:30,338,258,80,0,0,0
2020-08-27 07:45,261,179,82,0,0,0
2020-08-27 08:00,151,85,66,0,0,0
2020-08-27 08:15,195,113,82,0,0,0
2020-08-27 08:30,172,106,66,0,0,0
2020-08-27 08:45,224,144,80,0,0,0
2020-08-27 09:00,147,99,48,0,0,0
2020-08-27 09:15,146,102,44,0,0,0
2020-08-27 09:30,134,80,54,0,0,0
2020-08-27 09:45,135,84,51,0,0,0
2020-08-27 10:00,117,52,65,0,0,0
2020-08-27 10:15,93,56,37,0,0,0
2020-08-27 10:30,107,50,57,0,0,0
2020-08-27 10:45,125,68,57,0,0,0
2020-08-27 11:00,102,63,39,0,0,0
2020-08-27 11:15,122,61,61,0,0,0
2020-08-27 11:30,133,71,62,0,0,0
2020-08-27 11:45,129,66,63,0,0,0
2020-08-27 12:00,151,79,72,0,0,0
2020-08-27 12:15,164,71,93,0,0,0
2020-08-27 12:30,145,66,79,0,0,0
2020-08-27 12:45,191,95,96,0,0,0
2020-08-27 13:00,199,85,114,0,0,0
2020-08-27 13:15,166,76,90,0,0,0
2020-08-27 13:30,149,75,74,0,0,0
2020-08-27 13:45,186,106,80,0,0,0
2020-08-27 14:00,180,79,101,0,0,0
2020-08-27 14:15,155,75,80,0,0,0
2020-08-27 14:30,190,86,104,0,0,0
2020-08-27 14:45,207,99,108,0,0,0
2020-08-27 15:00,164,83,81,0,0,0
2020-08-27 15:15,162,74,88,0,0,0
2020-08-27 15:30,238,77,161,0,0,0
2020-08-27 15:45,198,116,82,0,0,0
2020-08-27 16:00,216,97,119,0,0,0
2020-08-27 16:15,195,94,101,0,0,0
2020-08-27 16:30,214,98,116,0,0,0
2020-08-27 16:45,220,104,116,0,0,0
2020-08-27 17:00,245,115,130,0,0,0
2020-08-27 17:15,248,106,142,0,0,0
2020-08-27 17:30,274,122,152,0,0,0
2020-08-27 17:45,225,114,111,0,0,0
2020-08-27 18:00,213,83,130,0,0,0
2020-08-27 18:15,206,93,113,0,0,0
2020-08-27 18:30,199,88,111,0,0,0
2020-08-27 18:45,209,93,116,0,0,0
2020-08-27 19:00,197,102,95,0,0,0
2020-08-27 19:15,230,121,109,0,0,0
2020-08-27 19:30,155,69,86,0,0,0
2020-08-27 19:45,175,86,89,0,0,0
2020-08-27 20:00,161,65,96,0,0,0
2020-08-27 20:15,126,74,52,0,0,0
2020-08-27 20:30,118,46,72,0,0,0
2020-08-27 20:45,99,43,56,0,0,0
2020-08-27 21:00,86,29,57,0,0,0
2020-08-27 21:15,94,31,63,0,0,0
2020-08-27 21:30,74,26,48,0,0,0
2020-08-27 21:45,69,36,33,0,0,0
2020-08-27 22:00,88,34,54,0,0,0
2020-08-27 22:15,61,22,39,0,0,0
2020-08-27 22:30,79,21,58,0,0,0
2020-08-27 22:45,53,14,39,0,0,0
2020-08-27 23:00,50,20,30,0,0,0
2020-08-27 23:15,48,13,35,0,0,0
2020-08-27 23:30,37,9,28,0,0,0
2020-08-27 23:45,27,5,22,0,0,0
2020-08-28 00:00,43,10,33,0,0,0
2020-08-28 00:15,33,4,29,0,0,0
2020-08-28 00:30,21,5,16,0,0,0
2020-08-28 00:45,11,3,8,0,0,0
2020-08-28 01:00,16,2,14,0,0,0
2020-08-28 01:15,11,5,6,0,0,0
2020-08-28 01:30,19,8,11,0,0,0
2020-08-28 01:45,13,5,8,0,0,0
2020-08-28 02:00,14,6,8,0,0,0
2020-08-28 02:15,17,9,8,0,0,0
2020-08-28 02:30,4,1,3,0,0,0
2020-08-28 02:45,7,1,6,0,0,0
2020-08-28 03:00,5,2,3,0,0,0
2020-08-28 03:15,5,0,5,0,0,0
2020-08-28 03:30,2,0,2,0,0,0
2020-08-28 03:45,8,5,3,0,0,0
2020-08-28 04:00,3,0,3,0,0,0
2020-08-28 04:15,8,0,8,0,0,0
2020-08-28 04:30,10,4,6,0,0,0
2020-08-28 04:45,13,9,4,0,0,0
2020-08-28 05:00,5,4,1,0,0,0
2020-08-28 05:15,13,12,1,0,0,0
2020-08-28 05:30,26,13,13,0,0,0
2020-08-28 05:45,20,12,8,0,0,0
2020-08-28 06:00,27,19,8,0,0,0
2020-08-28 06:15,45,24,21,0,0,0
2020-08-28 06:30,55,36,19,0,0,0
2020-08-28 06:45,71,45,26,0,0,0
2020-08-28 07:00,94,63,31,0,0,0
2020-08-28 07:15,154,108,46,0,0,0
2020-08-28 07:30,329,256,73,0,0,0
2020-08-28 07:45,223,156,67,0,0,0
2020-08-28 08:00,166,99,67,0,0,0
2020-08-28 08:15,162,101,61,0,0,0
2020-08-28 08:30,151,95,56,0,0,0
2020-08-28 08:45,171,118,53,0,0,0
2020-08-28 09:00,124,78,46,0,0,0
2020-08-28 09:15,137,86,51,0,0,0
2020-08-28 09:30,128,76,52,0,0,0
2020-08-28 09:45,140,76,64,0,0,0
2020-08-28 10:00,112,63,49,0,0,0
2020-08-28 10:15,109,55,54,0,0,0
2020-08-28 10:30,98,62,36,0,0,0
2020-08-28 10:45,114,61,53,0,0,0
2020-08-28 11:00,126,66,60,0,0,0
2020-08-28 11:15,108,65,43,0,0,0
2020-08-28 11:30,147,78,69,0,0,0
2020-08-28 11:45,125,75,50,0,0,0
2020-08-28 12:00,121,52,69,0,0,0
2020-08-28 12:15,187,86,101,0,0,0
2020-08-28 12:30,170,77,93,0,0,0
2020-08-28 12:45,186,87,99,0,0,0
2020-08-28 13:00,273,86,187,0,0,0
2020-08-28 13:15,185,85,100,0,0,0
2020-08-28 13:30,172,74,98,0,0,0
2020-08-28 13:45,175,77,98,0,0,0
2020-08-28 14:00,191,88,103,0,0,0
2020-08-28 14:15,173,96,77,0,0,0
2020-08-28 14:30,177,69,108,0,0,0
2020-08-28 14:45,192,85,107,0,0,0
2020-08-28 15:00,185,84,101,0,0,0
2020-08-28 15:15,177,86,91,0,0,0
2020-08-28 15:30,184,77,107,0,0,0
2020-08-28 15:45,203,108,95,0,0,0
2020-08-28 16:00,191,85,106,0,0,0
2020-08-28 16:15,196,105,91,0,0,0
2020-08-28 16:30,180,83,97,0,0,0
2020-08-28 16:45,199,98,101,0,0,0
2020-08-28 17:00,169,70,99,0,0,0
2020-08-28 17:15,185,88,97,0,0,0
2020-08-28 17:30,189,102,87,0,0,0
2020-08-28 17:45,221,120,101,0,0,0
2020-08-28 18:00,186,84,102,0,0,0
2020-08-28 18:15,181,85,96,0,0,0
2020-08-28 18:30,180,94,86,0,0,0
2020-08-28 18:45,178,87,91,0,0,0
2020-08-28 19:00,188,100,88,0,0,0
2020-08-28 19:15,167,75,92,0,0,0
2020-08-28 19:30,150,68,82,0,0,0
2020-08-28 19:45,174,95,79,0,0,0
2020-08-28 20:00,168,81,87,0,0,0
2020-08-28 20:15,119,53,66,0,0,0
2020-08-28 20:30,129,63,66,0,0,0
2020-08-28 20:45,154,55,99,0,0,0
2020-08-28 21:00,60,21,39,0,0,0
2020-08-28 21:15,44,21,23,0,0,0
2020-08-28 21:30,22,7,15,0,0,0
2020-08-28 21:45,39,8,31,0,0,0
2020-08-28 22:00,57,22,35,0,0,0
2020-08-28 22:15,57,14,43,0,0,0
2020-08-28 22:30,55,12,43,0,0,0
2020-08-28 22:45,66,21,45,0,0,0
2020-08-28 23:00,65,14,51,0,0,0
2020-08-28 23:15,75,15,60,0,0,0
2020-08-28 23:30,48,14,34,0,0,0
2020-08-28 23:45,58,28,30,0,0,0
2020-08-29 00:00,43,15,28,0,0,0
2020-08-29 00:15,55,23,32,0,0,0
2020-08-29 00:30,64,25,39,0,0,0
2020-08-29 00:45,52,9,43,0,0,0
2020-08-29 01:00,42,9,33,0,0,0
2020-08-29 01:15,33,15,18,0,0,0
2020-08-29 01:30,50,13,37,0,0,0
2020-08-29 01:45,38,14,24,0,0,0
2020-08-29 02:00,24,6,18,0,0,0
2020-08-29 02:15,36,6,30,0,0,0
2020-08-29 02:30,27,8,19,0,0,0
2020-08-29 02:45,23,10,13,0,0,0
2020-08-29 03:00,22,7,15,0,0,0
2020-08-29 03:15,27,12,15,0,0,0
2020-08-29 03:30,19,2,17,0,0,0
2020-08-29 03:45,13,2,11,0,0,0
2020-08-29 04:00,4,1,3,0,0,0
2020-08-29 04:15,11,8,3,0,0,0
2020-08-29 04:30,11,1,10,0,0,0
2020-08-29 04:45,9,8,1,0,0,0
2020-08-29 05:00,10,4,6,0,0,0
2020-08-29 05:15,15,8,7,0,0,0
2020-08-29 05:30,13,7,6,0,0,0
2020-08-29 05:45,20,11,9,0,0,0
2020-08-29 06:00,8,3,5,0,0,0
2020-08-29 06:15,18,9,9,0,0,0
2020-08-29 06:30,15,4,11,0,0,0
2020-08-29 06:45,13,11,2,0,0,0
2020-08-29 07:00,12,9,3,0,0,0
2020-08-29 07:15,15,10,5,0,0,0
2020-08-29 07:30,39,23,16,0,0,0
2020-08-29 07:45,31,22,9,0,0,0
2020-08-29 08:00,37,25,12,0,0,0
2020-08-29 08:15,36,19,17,0,0,0
2020-08-29 08:30,67,39,28,0,0,0
2020-08-29 08:45,82,53,29,0,0,0
2020-08-29 09:00,61,39,22,0,0,0
2020-08-29 09:15,79,56,23,0,0,0
2020-08-29 09:30,131,91,40,0,0,0
2020-08-29 09:45,117,89,28,0,0,0
2020-08-29 10:00,95,72,23,0,0,0
2020-08-29 10:15,119,85,34,0,0,0
2020-08-29 10:30,123,73,50,0,0,0
2020-08-29 10:45,117,79,38,0,0,0
2020-08-29 11:00,142,93,49,0,0,0
2020-08-29 11:15,139,80,59,0,0,0
2020-08-29 11:30,145,79,66,0,0,0
2020-08-29 11:45,130,78,52,0,0,0
2020-08-29 12:00,123,67,56,0,0,0
2020-08-29 12:15,111,52,59,0,0,0
2020-08-29 12:30,138,71,67,0,0,0
2020-08-29 12:45,127,79,48,0,0,0
2020-08-29 13:00,133,71,62,0,0,0
2020-08-29 13:15,141,69,72,0,0,0
2020-08-29 13:30,147,66,81,0,0,0
2020-08-29 13:45,152,72,80,0,0,0
2020-08-29 14:00,161,82,79,0,0,0
2020-08-29 14:15,144,73,71,0,0,0
2020-08-29 14:30,157,77,80,0,0,0
2020-08-29 14:45,155,81,74,0,0,0
2020-08-29 15:00,149,83,66,0,0,0
2020-08-29 15:15,141,56,85,0,0,0
2020-08-29 15:30,114,54,60,0,0,0
2020-08-29 15:45,113,58,55,0,0,0
2020-08-29 16:00,141,61,80,0,0,0
2020-08-29 16:15,157,72,85,0,0,0
2020-08-29 16:30,125,60,65,0,0,0
2020-08-29 16:45,119,67,52,0,0,0
2020-08-29 17:00,153,80,73,0,0,0
2020-08-29 17:15,118,56,62,0,0,0
2020-08-29 17:30,115,52,63,0,0,0
2020-08-29 17:45,180,87,93,0,0,0
2020-08-29 18:00,190,72,118,0,0,0
2020-08-29 18:15,122,69,53,0,0,0
2020-08-29 18:30,112,55,57,0,0,0
2020-08-29 18:45,138,67,71,0,0,0
2020-08-29 19:00,149,68,81,0,0,0
2020-08-29 19:15,149,73,76,0,0,0
2020-08-29 19:30,116,56,60,0,0,0
2020-08-29 19:45,142,61,81,0,0,0
2020-08-29 20:00,120,60,60,0,0,0
2020-08-29 20:15,118,51,67,0,0,0
2020-08-29 20:30,94,49,45,0,0,0
2020-08-29 20:45,84,42,42,0,0,0
2020-08-29 21:00,80,47,33,0,0,0
2020-08-29 21:15,66,27,39,0,0,0
2020-08-29 21:30,57,18,39,0,0,0
2020-08-29 21:45,65,23,42,0,0,0
2020-08-29 22:00,82,41,41,0,0,0
2020-08-29 22:15,68,25,43,0,0,0
2020-08-29 22:30,66,21,45,0,0,0
2020-08-29 22:45,58,10,48,0,0,0
2020-08-29 23:00,58,17,41,0,0,0
2020-08-29 23:15,72,20,52,0,0,0
2020-08-29 23:30,43,11,32,0,0,0
2020-08-29 23:45,50,15,35,0,0,0
2020-08-30 00:00,51,9,42,0,0,0
2020-08-30 00:15,85,22,63,0,0,0
2020-08-30 00:30,62,21,41,0,0,0
2020-08-30 00:45,53,18,35,0,0,0
2020-08-30 01:00,52,19,33,0,0,0
2020-08-30 01:15,44,10,34,0,0,0
2020-08-30 01:30,41,14,27,0,0,0
2020-08-30 01:45,39,16,23,0,0,0
2020-08-30 02:00,64,19,45,0,0,0
2020-08-30 02:15,30,19,11,0,0,0
2020-08-30 02:30,40,9,31,0,0,0
2020-08-30 02:45,19,4,15,0,0,0
2020-08-30 03:00,32,8,24,0,0,0
2020-08-30 03:15,46,6,40,0,0,0
2020-08-30 03:30,20,6,14,0,0,0
2020-08-30 03:45,21,4,17,0,0,0
2020-08-30 04:00,19,7,12,0,0,0
2020-08-30 04:15,14,6,8,0,0,0
2020-08-30 04:30,7,3,4,0,0,0
2020-08-30 04:45,7,3,4,0,0,0
2020-08-30 05:00,4,2,2,0,0,0
2020-08-30 05:15,5,4,1,0,0,0
2020-08-30 05:30,9,1,8,0,0,0
2020-08-30 05:45,13,6,7,0,0,0
2020-08-30 06:00,13,4,9,0,0,0
2020-08-30 06:15,6,1,5,0,0,0
2020-08-30 06:30,10,0,10,0,0,0
2020-08-30 06:45,8,5,3,0,0,0
2020-08-30 07:00,11,6,5,0,0,0
2020-08-30 07:15,8,4,4,0,0,0
2020-08-30 07:30,9,7,2,0,0,0
2020-08-30 07:45,19,12,7,0,0,0
2020-08-30 08:00,6,2,4,0,0,0
2020-08-30 08:15,20,8,12,0,0,0
2020-08-30 08:30,20,14,6,0,0,0
2020-08-30 08:45,32,19,13,0,0,0
2020-08-30 09:00,23,10,13,0,0,0
2020-08-30 09:15,42,24,18,0,0,0
2020-08-30 09:30,29,17,12,0,0,0
2020-08-30 09:45,81,51,30,0,0,0
2020-08-30 10:00,47,19,28,0,0,0
2020-08-30 10:15,55,23,32,0,0,0
2020-08-30 10:30,67,47,20,0,0,0
2020-08-30 10:45,75,45,30,0,0,0
2020-08-30 11:00,64,36,28,0,0,0
2020-08-30 11:15,70,35,35,0,0,0
2020-08-30 11:30,69,37,32,0,0,0
2020-08-30 11:45,88,46,42,0,0,0
2020-08-30 12:00,68,39,29,0,0,0
2020-08-30 12:15,96,51,45,0,0,0
2020-08-30 12:30,88,48,40,0,0,0
2020-08-30 12:45,96,52,44,0,0,0
2020-08-30 13:00,86,46,40,0,0,0
2020-08-30 13:15,88,54,34,0,0,0
2020-08-30 13:30,79,36,43,0,0,0
2020-08-30 13:45,102,61,41,0,0,0
2020-08-30 14:00,82,37,45,0,0,0
2020-08-30 14:15,102,50,52,0,0,0
2020-08-30 14:30,95,58,37,0,0,0
2020-08-30 14:45,155,80,75,0,0,0
2020-08-30 15:00,113,61,52,0,0,0
2020-08-30 15:15,116,65,51,0,0,0
2020-08-30 15:30,95,41,54,0,0,0
2020-08-30 15:45,130,74,56,0,0,0
2020-08-30 16:00,105,56,49,0,0,0
2020-08-30 16:15,128,70,58,0,0,0
2020-08-30 16:30,131,62,69,0,0,0
2020-08-30 16:45,115,53,62,0,0,0
2020-08-30 17:00,118,53,65,0,0,0
2020-08-30 17:15,108,47,61,0,0,0
2020-08-30 17:30,119,62,57,0,0,0
2020-08-30 17:45,111,59,52,0,0,0
2020-08-30 18:00,110,63,47,0,0,0
2020-08-30 18:15,140,77,63,0,0,0
2020-08-30 18:30,120,66,54,0,0,0
2020-08-30 18:45,132,72,60,0,0,0
2020-08-30 19:00,106,49,57,0,0,0
2020-08-30 19:15,104,62,42,0,0,0
2020-08-30 19:30,115,44,71,0,0,0
2020-08-30 19:45,122,58,64,0,0,0
2020-08-30 20:00,80,38,42,0,0,0
2020-08-30 20:15,103,51,52,0,0,0
2020-08-30 20:30,54,21,33,0,0,0
2020-08-30 20:45,82,31,51,0,0,0
2020-08-30 21:00,82,34,48,0,0,0
2020-08-30 21:15,55,17,38,0,0,0
2020-08-30 21:30,53,12,41,0,0,0
2020-08-30 21:45,34,7,27,0,0,0
2020-08-30 22:00,48,20,28,0,0,0
2020-08-30 22:15,31,8,23,0,0,0
2020-08-30 22:30,35,11,24,0,0,0
2020-08-30 22:45,47,10,37,0,0,0
2020-08-30 23:00,25,8,17,0,0,0
2020-08-30 23:15,28,10,18,0,0,0
2020-08-30 23:30,16,12,4,0,0,0
2020-08-30 23:45,11,5,6,0,0,0
2020-08-31 00:00,23,3,20,0,0,0
2020-08-31 00:15,10,1,9,0,0,0
2020-08-31 00:30,7,2,5,0,0,0
2020-08-31 00:45,17,6,11,0,0,0
2020-08-31 01:00,8,4,4,0,0,0
2020-08-31 01:15,11,6,5,0,0,0
2020-08-31 01:30,8,2,6,0,0,0
2020-08-31 01:45,6,3,3,0,0,0
2020-08-31 02:00,5,2,3,0,0,0
2020-08-31 02:15,5,2,3,0,0,0
2020-08-31 02:30,2,0,2,0,0,0
2020-08-31 02:45,0,0,0,0,0,0
2020-08-31 03:00,1,0,1,0,0,0
2020-08-31 03:15,1,1,0,0,0,0
2020-08-31 03:30,3,2,1,0,0,0
2020-08-31 03:45,7,1,6,0,0,0
2020-08-31 04:00,0,0,0,0,0,0
2020-08-31 04:15,4,1,3,0,0,0
2020-08-31 04:30,3,3,0,0,0,0
2020-08-31 04:45,7,4,3,0,0,0
2020-08-31 05:00,9,7,2,0,0,0
2020-08-31 05:15,18,13,5,0,0,0
2020-08-31 05:30,17,14,3,0,0,0
2020-08-31 05:45,18,14,4,0,0,0
2020-08-31 06:00,33,25,8,0,0,0
2020-08-31 06:15,46,28,18,0,0,0
2020-08-31 06:30,67,40,27,0,0,0
2020-08-31 06:45,78,50,28,0,0,0
2020-08-31 07:00,99,69,30,0,0,0
2020-08-31 07:15,213,157,56,0,0,0
2020-08-31 07:30,376,277,99,0,0,0
2020-08-31 07:45,294,195,99,0,0,0
2020-08-31 08:00,184,119,65,0,0,0
2020-08-31 08:15,185,93,92,0,0,0
2020-08-31 08:30,184,110,74,0,0,0
2020-08-31 08:45,178,113,65,0,0,0
2020-08-31 09:00,167,111,56,0,0,0
2020-08-31 09:15,142,100,42,0,0,0
2020-08-31 09:30,127,76,51,0,0,0
2020-08-31 09:45,140,83,57,0,0,0
2020-08-31 10:00,85,42,43,0,0,0
2020-08-31 10:15,111,63,48,0,0,0
2020-08-31 10:30,107,53,54,0,0,0
2020-08-31 10:45,128,74,54,0,0,0
2020-08-31 11:00,111,55,56,0,0,0
2020-08-31 11:15,118,51,67,0,0,0
2020-08-31 11:30,144,86,58,0,0,0
2020-08-31 11:45,138,68,70,0,0,0
2020-08-31 12:00,128,63,65,0,0,0
2020-08-31 12:15,129,72,57,0,0,0
2020-08-31 12:30,171,75,96,0,0,0
2020-08-31 12:45,173,85,88,0,0,0
2020-08-31 13:00,202,78,124,0,0,0
2020-08-31 13:15,155,72,83,0,0,0
2020-08-31 13:30,171,87,84,0,0,0
2020-08-31 13:45,193,108,85,0,0,0
2020-08-31 14:00,193,74,119,0,0,0
2020-08-31 14:15,155,69,86,0,0,0
2020-08-31 14:30,150,72,78,0,0,0
2020-08-31 14:45,181,76,105,0,0,0
2020-08-31 15:00,193,78,115,0,0,0
2020-08-31 15:15,200,97,103,0,0,0
2020-08-31 15:30,288,84,204,0,0,0
2020-08-31 15:45,238,106,132,0,0,0
2020-08-31 16:00,201,82,119,0,0,0
2020-08-31 16:15,215,81,134,0,0,0
2020-08-31 16:30,248,116,132,0,0,0
2020-08-31 16:45,253,114,139,0,0,0
2020-08-31 17:00,215,99,116,0,0,0
2020-08-31 17:15,232,112,120,0,0,0
2020-08-31 17:30,253,111,142,0,0,0
2020-08-31 17:45,238,112,126,0,0,0
2020-08-31 18:00,251,106,145,0,0,0
2020-08-31 18:15,207,85,122,0,0,0
2020-08-31 18:30,194,92,102,0,0,0
2020-08-31 18:45,169,86,83,0,0,0
2020-08-31 19:00,139,64,75,0,0,0
2020-08-31 19:15,174,75,99,0,0,0
2020-08-31 19:30,147,71,76,0,0,0
2020-08-31 19:45,127,65,62,0,0,0
2020-08-31 20:00,109,34,75,0,0,0
2020-08-31 20:15,120,59,61,0,0,0
2020-08-31 20:30,83,39,44,0,0,0
2020-08-31 20:45,81,35,46,0,0,0
2020-08-31 21:00,74,27,47,0,0,0
2020-08-31 21:15,67,27,40,0,0,0
2020-08-31 21:30,75,34,41,0,0,0
2020-08-31 21:45,57,24,33,0,0,0
2020-08-31 22:00,50,15,35,0,0,0
2020-08-31 22:15,71,14,57,0,0,0
2020-08-31 22:30,82,22,60,0,0,0
2020-08-31 22:45,39,11,28,0,0,0
2020-08-31 23:00,50,16,34,0,0,0
2020-08-31 23:15,40,11,29,0,0,0
2020-08-31 23:30,19,4,15,0,0,0
2020-08-31 23:45,27,6,21,0,0,0
