Datetime,100035541 (Neutor),101035541 (Neutor stadteinwÃ¤rts),102035541 (Neutor stadtauswÃ¤rts),100035541-status,101035541-status,102035541-status
2021-04-01 00:00,29,13,16,0,0,0
2021-04-01 00:15,13,7,6,0,0,0
2021-04-01 00:30,18,10,8,0,0,0
2021-04-01 00:45,17,11,6,0,0,0
2021-04-01 01:00,10,2,8,0,0,0
2021-04-01 01:15,10,3,7,0,0,0
2021-04-01 01:30,8,3,5,0,0,0
2021-04-01 01:45,9,0,9,0,0,0
2021-04-01 02:00,10,3,7,0,0,0
2021-04-01 02:15,9,2,7,0,0,0
2021-04-01 02:30,3,0,3,0,0,0
2021-04-01 02:45,11,4,7,0,0,0
2021-04-01 03:00,2,1,1,0,0,0
2021-04-01 03:15,5,3,2,0,0,0
2021-04-01 03:30,5,1,4,0,0,0
2021-04-01 03:45,7,3,4,0,0,0
2021-04-01 04:00,2,0,2,0,0,0
2021-04-01 04:15,3,3,0,0,0,0
2021-04-01 04:30,4,2,2,0,0,0
2021-04-01 04:45,7,4,3,0,0,0
2021-04-01 05:00,9,7,2,0,0,0
2021-04-01 05:15,11,11,0,0,0,0
2021-04-01 05:30,22,14,8,0,0,0
2021-04-01 05:45,18,10,8,0,0,0
2021-04-01 06:00,24,12,12,0,0,0
2021-04-01 06:15,38,19,19,0,0,0
2021-04-01 06:30,45,28,17,0,0,0
2021-04-01 06:45,66,46,20,0,0,0
2021-04-01 07:00,68,44,24,0,0,0
2021-04-01 07:15,80,49,31,0,0,0
2021-04-01 07:30,129,83,46,0,0,0
2021-04-01 07:45,123,62,61,0,0,0
2021-04-01 08:00,80,53,27,0,0,0
2021-04-01 08:15,127,75,52,0,0,0
2021-04-01 08:30,115,73,42,0,0,0
2021-04-01 08:45,129,76,53,0,0,0
2021-04-01 09:00,98,58,40,0,0,0
2021-04-01 09:15,107,63,44,0,0,0
2021-04-01 09:30,122,76,46,0,0,0
2021-04-01 09:45,112,68,44,0,0,0
2021-04-01 10:00,93,56,37,0,0,0
2021-04-01 10:15,79,50,29,0,0,0
2021-04-01 10:30,96,48,48,0,0,0
2021-04-01 10:45,118,59,59,0,0,0
2021-04-01 11:00,128,71,57,0,0,0
2021-04-01 11:15,99,46,53,0,0,0
2021-04-01 11:30,130,72,58,0,0,0
2021-04-01 11:45,124,56,68,0,0,0
2021-04-01 12:00,136,68,68,0,0,0
2021-04-01 12:15,109,56,53,0,0,0
2021-04-01 12:30,132,62,70,0,0,0
2021-04-01 12:45,134,84,50,0,0,0
2021-04-01 13:00,143,62,81,0,0,0
2021-04-01 13:15,111,61,50,0,0,0
2021-04-01 13:30,136,76,60,0,0,0
2021-04-01 13:45,138,65,73,0,0,0
2021-04-01 14:00,143,66,77,0,0,0
2021-04-01 14:15,144,69,75,0,0,0
2021-04-01 14:30,137,82,55,0,0,0
2021-04-01 14:45,162,72,90,0,0,0
2021-04-01 15:00,156,83,73,0,0,0
2021-04-01 15:15,139,57,82,0,0,0
2021-04-01 15:30,157,93,64,0,0,0
2021-04-01 15:45,203,102,101,0,0,0
2021-04-01 16:00,189,84,105,0,0,0
2021-04-01 16:15,167,80,87,0,0,0
2021-04-01 16:30,197,86,111,0,0,0
2021-04-01 16:45,178,90,88,0,0,0
2021-04-01 17:00,198,96,102,0,0,0
2021-04-01 17:15,167,80,87,0,0,0
2021-04-01 17:30,173,73,100,0,0,0
2021-04-01 17:45,165,73,92,0,0,0
2021-04-01 18:00,149,69,80,0,0,0
2021-04-01 18:15,179,77,102,0,0,0
2021-04-01 18:30,157,64,93,0,0,0
2021-04-01 18:45,176,89,87,0,0,0
2021-04-01 19:00,123,50,73,0,0,0
2021-04-01 19:15,116,71,45,0,0,0
2021-04-01 19:30,115,59,56,0,0,0
2021-04-01 19:45,108,54,54,0,0,0
2021-04-01 20:00,92,44,48,0,0,0
2021-04-01 20:15,74,37,37,0,0,0
2021-04-01 20:30,69,28,41,0,0,0
2021-04-01 20:45,63,28,35,0,0,0
2021-04-01 21:00,47,23,24,0,0,0
2021-04-01 21:15,52,19,33,0,0,0
2021-04-01 21:30,43,10,33,0,0,0
2021-04-01 21:45,24,6,18,0,0,0
2021-04-01 22:00,36,16,20,0,0,0
2021-04-01 22:15,29,10,19,0,0,0
2021-04-01 22:30,26,10,16,0,0,0
2021-04-01 22:45,28,14,14,0,0,0
2021-04-01 23:00,28,13,15,0,0,0
2021-04-01 23:15,29,12,17,0,0,0
2021-04-01 23:30,25,10,15,0,0,0
2021-04-01 23:45,27,14,13,0,0,0
2021-04-02 00:00,24,18,6,0,0,0
2021-04-02 00:15,21,5,16,0,0,0
2021-04-02 00:30,10,6,4,0,0,0
2021-04-02 00:45,16,4,12,0,0,0
2021-04-02 01:00,13,7,6,0,0,0
2021-04-02 01:15,16,6,10,0,0,0
2021-04-02 01:30,14,4,10,0,0,0
2021-04-02 01:45,13,6,7,0,0,0
2021-04-02 02:00,10,5,5,0,0,0
2021-04-02 02:15,3,0,3,0,0,0
2021-04-02 02:30,13,5,8,0,0,0
2021-04-02 02:45,6,2,4,0,0,0
2021-04-02 03:00,3,2,1,0,0,0
2021-04-02 03:15,6,2,4,0,0,0
2021-04-02 03:30,5,3,2,0,0,0
2021-04-02 03:45,3,1,2,0,0,0
2021-04-02 04:00,3,2,1,0,0,0
2021-04-02 04:15,3,1,2,0,0,0
2021-04-02 04:30,3,2,1,0,0,0
2021-04-02 04:45,6,1,5,0,0,0
2021-04-02 05:00,1,1,0,0,0,0
2021-04-02 05:15,5,4,1,0,0,0
2021-04-02 05:30,9,5,4,0,0,0
2021-04-02 05:45,5,2,3,0,0,0
2021-04-02 06:00,4,4,0,0,0,0
2021-04-02 06:15,6,1,5,0,0,0
2021-04-02 06:30,10,4,6,0,0,0
2021-04-02 06:45,4,4,0,0,0,0
2021-04-02 07:00,5,1,4,0,0,0
2021-04-02 07:15,5,4,1,0,0,0
2021-04-02 07:30,8,5,3,0,0,0
2021-04-02 07:45,10,8,2,0,0,0
2021-04-02 08:00,14,11,3,0,0,0
2021-04-02 08:15,24,19,5,0,0,0
2021-04-02 08:30,19,8,11,0,0,0
2021-04-02 08:45,31,18,13,0,0,0
2021-04-02 09:00,23,10,13,0,0,0
2021-04-02 09:15,37,21,16,0,0,0
2021-04-02 09:30,25,19,6,0,0,0
2021-04-02 09:45,42,22,20,0,0,0
2021-04-02 10:00,33,17,16,0,0,0
2021-04-02 10:15,26,15,11,0,0,0
2021-04-02 10:30,46,27,19,0,0,0
2021-04-02 10:45,61,26,35,0,0,0
2021-04-02 11:00,54,31,23,0,0,0
2021-04-02 11:15,44,23,21,0,0,0
2021-04-02 11:30,58,29,29,0,0,0
2021-04-02 11:45,55,33,22,0,0,0
2021-04-02 12:00,49,26,23,0,0,0
2021-04-02 12:15,43,26,17,0,0,0
2021-04-02 12:30,66,30,36,0,0,0
2021-04-02 12:45,57,32,25,0,0,0
2021-04-02 13:00,70,49,21,0,0,0
2021-04-02 13:15,74,37,37,0,0,0
2021-04-02 13:30,70,32,38,0,0,0
2021-04-02 13:45,74,50,24,0,0,0
2021-04-02 14:00,72,40,32,0,0,0
2021-04-02 14:15,67,34,33,0,0,0
2021-04-02 14:30,80,48,32,0,0,0
2021-04-02 14:45,81,58,23,0,0,0
2021-04-02 15:00,67,27,40,0,0,0
2021-04-02 15:15,49,28,21,0,0,0
2021-04-02 15:30,63,31,32,0,0,0
2021-04-02 15:45,62,32,30,0,0,0
2021-04-02 16:00,100,50,50,0,0,0
2021-04-02 16:15,73,39,34,0,0,0
2021-04-02 16:30,88,42,46,0,0,0
2021-04-02 16:45,95,37,58,0,0,0
2021-04-02 17:00,73,34,39,0,0,0
2021-04-02 17:15,51,22,29,0,0,0
2021-04-02 17:30,67,28,39,0,0,0
2021-04-02 17:45,65,20,45,0,0,0
2021-04-02 18:00,59,25,34,0,0,0
2021-04-02 18:15,74,42,32,0,0,0
2021-04-02 18:30,74,33,41,0,0,0
2021-04-02 18:45,52,18,34,0,0,0
2021-04-02 19:00,59,21,38,0,0,0
2021-04-02 19:15,44,21,23,0,0,0
2021-04-02 19:30,38,15,23,0,0,0
2021-04-02 19:45,46,20,26,0,0,0
2021-04-02 20:00,41,24,17,0,0,0
2021-04-02 20:15,40,20,20,0,0,0
2021-04-02 20:30,25,15,10,0,0,0
2021-04-02 20:45,33,7,26,0,0,0
2021-04-02 21:00,23,10,13,0,0,0
2021-04-02 21:15,21,6,15,0,0,0
2021-04-02 21:30,24,8,16,0,0,0
2021-04-02 21:45,17,9,8,0,0,0
2021-04-02 22:00,14,7,7,0,0,0
2021-04-02 22:15,24,13,11,0,0,0
2021-04-02 22:30,17,5,12,0,0,0
2021-04-02 22:45,17,12,5,0,0,0
2021-04-02 23:00,8,5,3,0,0,0
2021-04-02 23:15,17,7,10,0,0,0
2021-04-02 23:30,8,4,4,0,0,0
2021-04-02 23:45,9,2,7,0,0,0
2021-04-03 00:00,20,4,16,0,0,0
2021-04-03 00:15,17,6,11,0,0,0
2021-04-03 00:30,12,8,4,0,0,0
2021-04-03 00:45,8,4,4,0,0,0
2021-04-03 01:00,12,7,5,0,0,0
2021-04-03 01:15,10,3,7,0,0,0
2021-04-03 01:30,8,3,5,0,0,0
2021-04-03 01:45,9,1,8,0,0,0
2021-04-03 02:00,5,1,4,0,0,0
2021-04-03 02:15,4,4,0,0,0,0
2021-04-03 02:30,6,4,2,0,0,0
2021-04-03 02:45,6,3,3,0,0,0
2021-04-03 03:00,2,2,0,0,0,0
2021-04-03 03:15,3,3,0,0,0,0
2021-04-03 03:30,1,0,1,0,0,0
2021-04-03 03:45,3,1,2,0,0,0
2021-04-03 04:00,5,3,2,0,0,0
2021-04-03 04:15,2,1,1,0,0,0
2021-04-03 04:30,1,0,1,0,0,0
2021-04-03 04:45,8,7,1,0,0,0
2021-04-03 05:00,3,1,2,0,0,0
2021-04-03 05:15,6,4,2,0,0,0
2021-04-03 05:30,8,4,4,0,0,0
2021-04-03 05:45,12,6,6,0,0,0
2021-04-03 06:00,12,3,9,0,0,0
2021-04-03 06:15,7,3,4,0,0,0
2021-04-03 06:30,8,3,5,0,0,0
2021-04-03 06:45,9,5,4,0,0,0
2021-04-03 07:00,9,8,1,0,0,0
2021-04-03 07:15,19,16,3,0,0,0
2021-04-03 07:30,20,14,6,0,0,0
2021-04-03 07:45,30,20,10,0,0,0
2021-04-03 08:00,30,22,8,0,0,0
2021-04-03 08:15,46,32,14,0,0,0
2021-04-03 08:30,35,21,14,0,0,0
2021-04-03 08:45,43,28,15,0,0,0
2021-04-03 09:00,35,22,13,0,0,0
2021-04-03 09:15,59,43,16,0,0,0
2021-04-03 09:30,43,30,13,0,0,0
2021-04-03 09:45,76,52,24,0,0,0
2021-04-03 10:00,72,42,30,0,0,0
2021-04-03 10:15,64,34,30,0,0,0
2021-04-03 10:30,58,30,28,0,0,0
2021-04-03 10:45,89,57,32,0,0,0
2021-04-03 11:00,93,58,35,0,0,0
2021-04-03 11:15,63,46,17,0,0,0
2021-04-03 11:30,122,78,44,0,0,0
2021-04-03 11:45,75,50,25,0,0,0
2021-04-03 12:00,105,53,52,0,0,0
2021-04-03 12:15,112,57,55,0,0,0
2021-04-03 12:30,94,60,34,0,0,0
2021-04-03 12:45,94,49,45,0,0,0
2021-04-03 13:00,103,59,44,0,0,0
2021-04-03 13:15,85,39,46,0,0,0
2021-04-03 13:30,97,52,45,0,0,0
2021-04-03 13:45,115,72,43,0,0,0
2021-04-03 14:00,102,42,60,0,0,0
2021-04-03 14:15,100,43,57,0,0,0
2021-04-03 14:30,102,46,56,0,0,0
2021-04-03 14:45,132,46,86,0,0,0
2021-04-03 15:00,116,50,66,0,0,0
2021-04-03 15:15,130,51,79,0,0,0
2021-04-03 15:30,108,57,51,0,0,0
2021-04-03 15:45,83,40,43,0,0,0
2021-04-03 16:00,56,29,27,0,0,0
2021-04-03 16:15,101,45,56,0,0,0
2021-04-03 16:30,84,46,38,0,0,0
2021-04-03 16:45,62,28,34,0,0,0
2021-04-03 17:00,62,29,33,0,0,0
2021-04-03 17:15,75,44,31,0,0,0
2021-04-03 17:30,80,41,39,0,0,0
2021-04-03 17:45,66,39,27,0,0,0
2021-04-03 18:00,55,24,31,0,0,0
2021-04-03 18:15,77,34,43,0,0,0
2021-04-03 18:30,60,37,23,0,0,0
2021-04-03 18:45,69,31,38,0,0,0
2021-04-03 19:00,43,22,21,0,0,0
2021-04-03 19:15,38,16,22,0,0,0
2021-04-03 19:30,50,24,26,0,0,0
2021-04-03 19:45,40,18,22,0,0,0
2021-04-03 20:00,30,14,16,0,0,0
2021-04-03 20:15,38,14,24,0,0,0
2021-04-03 20:30,45,18,27,0,0,0
2021-04-03 20:45,26,10,16,0,0,0
2021-04-03 21:00,27,10,17,0,0,0
2021-04-03 21:15,27,10,17,0,0,0
2021-04-03 21:30,31,11,20,0,0,0
2021-04-03 21:45,17,13,4,0,0,0
2021-04-03 22:00,21,8,13,0,0,0
2021-04-03 22:15,25,10,15,0,0,0
2021-04-03 22:30,8,1,7,0,0,0
2021-04-03 22:45,11,5,6,0,0,0
2021-04-03 23:00,10,4,6,0,0,0
2021-04-03 23:15,13,7,6,0,0,0
2021-04-03 23:30,17,7,10,0,0,0
2021-04-03 23:45,15,4,11,0,0,0
2021-04-04 00:00,25,10,15,0,0,0
2021-04-04 00:15,15,5,10,0,0,0
2021-04-04 00:30,11,2,9,0,0,0
2021-04-04 00:45,13,5,8,0,0,0
2021-04-04 01:00,10,6,4,0,0,0
2021-04-04 01:15,9,5,4,0,0,0
2021-04-04 01:30,10,5,5,0,0,0
2021-04-04 01:45,5,3,2,0,0,0
2021-04-04 02:00,2,2,0,0,0,0
2021-04-04 02:15,7,0,7,0,0,0
2021-04-04 02:30,3,1,2,0,0,0
2021-04-04 02:45,5,0,5,0,0,0
2021-04-04 03:00,3,1,2,0,0,0
2021-04-04 03:15,1,0,1,0,0,0
2021-04-04 03:30,3,2,1,0,0,0
2021-04-04 03:45,1,0,1,0,0,0
2021-04-04 04:00,8,3,5,0,0,0
2021-04-04 04:15,3,2,1,0,0,0
2021-04-04 04:30,2,2,0,0,0,0
2021-04-04 04:45,4,3,1,0,0,0
2021-04-04 05:00,2,1,1,0,0,0
2021-04-04 05:15,3,2,1,0,0,0
2021-04-04 05:30,10,6,4,0,0,0
2021-04-04 05:45,5,2,3,0,0,0
2021-04-04 06:00,5,4,1,0,0,0
2021-04-04 06:15,5,2,3,0,0,0
2021-04-04 06:30,7,3,4,0,0,0
2021-04-04 06:45,5,0,5,0,0,0
2021-04-04 07:00,2,2,0,0,0,0
2021-04-04 07:15,3,2,1,0,0,0
2021-04-04 07:30,5,5,0,0,0,0
2021-04-04 07:45,6,5,1,0,0,0
2021-04-04 08:00,10,4,6,0,0,0
2021-04-04 08:15,9,4,5,0,0,0
2021-04-04 08:30,13,8,5,0,0,0
2021-04-04 08:45,14,7,7,0,0,0
2021-04-04 09:00,15,11,4,0,0,0
2021-04-04 09:15,18,13,5,0,0,0
2021-04-04 09:30,23,15,8,0,0,0
2021-04-04 09:45,34,17,17,0,0,0
2021-04-04 10:00,21,15,6,0,0,0
2021-04-04 10:15,27,12,15,0,0,0
2021-04-04 10:30,27,16,11,0,0,0
2021-04-04 10:45,49,27,22,0,0,0
2021-04-04 11:00,30,16,14,0,0,0
2021-04-04 11:15,24,10,14,0,0,0
2021-04-04 11:30,31,18,13,0,0,0
2021-04-04 11:45,41,21,20,0,0,0
2021-04-04 12:00,27,15,12,0,0,0
2021-04-04 12:15,47,27,20,0,0,0
2021-04-04 12:30,20,11,9,0,0,0
2021-04-04 12:45,44,18,26,0,0,0
2021-04-04 13:00,34,16,18,0,0,0
2021-04-04 13:15,33,14,19,0,0,0
2021-04-04 13:30,55,21,34,0,0,0
2021-04-04 13:45,59,27,32,0,0,0
2021-04-04 14:00,41,22,19,0,0,0
2021-04-04 14:15,37,24,13,0,0,0
2021-04-04 14:30,35,15,20,0,0,0
2021-04-04 14:45,55,33,22,0,0,0
2021-04-04 15:00,35,17,18,0,0,0
2021-04-04 15:15,39,17,22,0,0,0
2021-04-04 15:30,45,27,18,0,0,0
2021-04-04 15:45,30,19,11,0,0,0
2021-04-04 16:00,31,16,15,0,0,0
2021-04-04 16:15,39,21,18,0,0,0
2021-04-04 16:30,53,19,34,0,0,0
2021-04-04 16:45,51,32,19,0,0,0
2021-04-04 17:00,47,19,28,0,0,0
2021-04-04 17:15,49,23,26,0,0,0
2021-04-04 17:30,41,21,20,0,0,0
2021-04-04 17:45,35,20,15,0,0,0
2021-04-04 18:00,38,18,20,0,0,0
2021-04-04 18:15,32,15,17,0,0,0
2021-04-04 18:30,40,13,27,0,0,0
2021-04-04 18:45,32,12,20,0,0,0
2021-04-04 19:00,24,9,15,0,0,0
2021-04-04 19:15,27,9,18,0,0,0
2021-04-04 19:30,37,17,20,0,0,0
2021-04-04 19:45,30,24,6,0,0,0
2021-04-04 20:00,35,12,23,0,0,0
2021-04-04 20:15,27,15,12,0,0,0
2021-04-04 20:30,22,6,16,0,0,0
2021-04-04 20:45,17,8,9,0,0,0
2021-04-04 21:00,22,8,14,0,0,0
2021-04-04 21:15,22,10,12,0,0,0
2021-04-04 21:30,20,9,11,0,0,0
2021-04-04 21:45,18,9,9,0,0,0
2021-04-04 22:00,33,12,21,0,0,0
2021-04-04 22:15,14,3,11,0,0,0
2021-04-04 22:30,14,5,9,0,0,0
2021-04-04 22:45,12,7,5,0,0,0
2021-04-04 23:00,13,4,9,0,0,0
2021-04-04 23:15,5,3,2,0,0,0
2021-04-04 23:30,15,6,9,0,0,0
2021-04-04 23:45,9,4,5,0,0,0
2021-04-05 00:00,8,3,5,0,0,0
2021-04-05 00:15,7,1,6,0,0,0
2021-04-05 00:30,6,1,5,0,0,0
2021-04-05 00:45,7,1,6,0,0,0
2021-04-05 01:00,13,6,7,0,0,0
2021-04-05 01:15,1,1,0,0,0,0
2021-04-05 01:30,8,1,7,0,0,0
2021-04-05 01:45,1,0,1,0,0,0
2021-04-05 02:00,5,2,3,0,0,0
2021-04-05 02:15,1,1,0,0,0,0
2021-04-05 02:30,9,4,5,0,0,0
2021-04-05 02:45,1,1,0,0,0,0
2021-04-05 03:00,0,0,0,0,0,0
2021-04-05 03:15,5,3,2,0,0,0
2021-04-05 03:30,2,1,1,0,0,0
2021-04-05 03:45,0,0,0,0,0,0
2021-04-05 04:00,0,0,0,0,0,0
2021-04-05 04:15,3,3,0,0,0,0
2021-04-05 04:30,1,0,1,0,0,0
2021-04-05 04:45,3,1,2,0,0,0
2021-04-05 05:00,1,1,0,0,0,0
2021-04-05 05:15,3,2,1,0,0,0
2021-04-05 05:30,4,1,3,0,0,0
2021-04-05 05:45,4,1,3,0,0,0
2021-04-05 06:00,4,2,2,0,0,0
2021-04-05 06:15,1,1,0,0,0,0
2021-04-05 06:30,7,3,4,0,0,0
2021-04-05 06:45,3,0,3,0,0,0
2021-04-05 07:00,7,5,2,0,0,0
2021-04-05 07:15,3,2,1,0,0,0
2021-04-05 07:30,7,4,3,0,0,0
2021-04-05 07:45,5,3,2,0,0,0
2021-04-05 08:00,7,6,1,0,0,0
2021-04-05 08:15,7,4,3,0,0,0
2021-04-05 08:30,2,1,1,0,0,0
2021-04-05 08:45,9,5,4,0,0,0
2021-04-05 09:00,4,2,2,0,0,0
2021-04-05 09:15,11,4,7,0,0,0
2021-04-05 09:30,12,4,8,0,0,0
2021-04-05 09:45,16,15,1,0,0,0
2021-04-05 10:00,16,11,5,0,0,0
2021-04-05 10:15,14,6,8,0,0,0
2021-04-05 10:30,7,4,3,0,0,0
2021-04-05 10:45,19,13,6,0,0,0
2021-04-05 11:00,22,8,14,0,0,0
2021-04-05 11:15,16,8,8,0,0,0
2021-04-05 11:30,17,11,6,0,0,0
2021-04-05 11:45,25,15,10,0,0,0
2021-04-05 12:00,18,12,6,0,0,0
2021-04-05 12:15,15,10,5,0,0,0
2021-04-05 12:30,28,6,22,0,0,0
2021-04-05 12:45,13,4,9,0,0,0
2021-04-05 13:00,18,9,9,0,0,0
2021-04-05 13:15,28,14,14,0,0,0
2021-04-05 13:30,22,11,11,0,0,0
2021-04-05 13:45,25,13,12,0,0,0
2021-04-05 14:00,25,14,11,0,0,0
2021-04-05 14:15,22,8,14,0,0,0
2021-04-05 14:30,42,15,27,0,0,0
2021-04-05 14:45,50,31,19,0,0,0
2021-04-05 15:00,26,18,8,0,0,0
2021-04-05 15:15,35,19,16,0,0,0
2021-04-05 15:30,37,20,17,0,0,0
2021-04-05 15:45,41,24,17,0,0,0
2021-04-05 16:00,35,16,19,0,0,0
2021-04-05 16:15,44,23,21,0,0,0
2021-04-05 16:30,36,21,15,0,0,0
2021-04-05 16:45,50,14,36,0,0,0
2021-04-05 17:00,37,14,23,0,0,0
2021-04-05 17:15,25,11,14,0,0,0
2021-04-05 17:30,50,20,30,0,0,0
2021-04-05 17:45,45,20,25,0,0,0
2021-04-05 18:00,38,14,24,0,0,0
2021-04-05 18:15,29,16,13,0,0,0
2021-04-05 18:30,27,12,15,0,0,0
2021-04-05 18:45,38,20,18,0,0,0
2021-04-05 19:00,27,10,17,0,0,0
2021-04-05 19:15,29,14,15,0,0,0
2021-04-05 19:30,40,14,26,0,0,0
2021-04-05 19:45,37,15,22,0,0,0
2021-04-05 20:00,27,8,19,0,0,0
2021-04-05 20:15,31,19,12,0,0,0
2021-04-05 20:30,19,7,12,0,0,0
2021-04-05 20:45,27,14,13,0,0,0
2021-04-05 21:00,21,8,13,0,0,0
2021-04-05 21:15,18,6,12,0,0,0
2021-04-05 21:30,22,8,14,0,0,0
2021-04-05 21:45,16,7,9,0,0,0
2021-04-05 22:00,10,4,6,0,0,0
2021-04-05 22:15,14,3,11,0,0,0
2021-04-05 22:30,13,7,6,0,0,0
2021-04-05 22:45,8,2,6,0,0,0
2021-04-05 23:00,10,7,3,0,0,0
2021-04-05 23:15,13,6,7,0,0,0
2021-04-05 23:30,5,1,4,0,0,0
2021-04-05 23:45,6,3,3,0,0,0
2021-04-06 00:00,6,0,6,0,0,0
2021-04-06 00:15,1,1,0,0,0,0
2021-04-06 00:30,3,2,1,0,0,0
2021-04-06 00:45,7,0,7,0,0,0
2021-04-06 01:00,8,3,5,0,0,0
2021-04-06 01:15,0,0,0,0,0,0
2021-04-06 01:30,0,0,0,0,0,0
2021-04-06 01:45,4,0,4,0,0,0
2021-04-06 02:00,6,4,2,0,0,0
2021-04-06 02:15,1,1,0,0,0,0
2021-04-06 02:30,0,0,0,0,0,0
2021-04-06 02:45,1,0,1,0,0,0
2021-04-06 03:00,1,1,0,0,0,0
2021-04-06 03:15,0,0,0,0,0,0
2021-04-06 03:30,1,1,0,0,0,0
2021-04-06 03:45,2,2,0,0,0,0
2021-04-06 04:00,2,1,1,0,0,0
2021-04-06 04:15,6,3,3,0,0,0
2021-04-06 04:30,4,3,1,0,0,0
2021-04-06 04:45,7,5,2,0,0,0
2021-04-06 05:00,3,3,0,0,0,0
2021-04-06 05:15,11,6,5,0,0,0
2021-04-06 05:30,13,9,4,0,0,0
2021-04-06 05:45,13,8,5,0,0,0
2021-04-06 06:00,19,9,10,0,0,0
2021-04-06 06:15,22,14,8,0,0,0
2021-04-06 06:30,41,25,16,0,0,0
2021-04-06 06:45,55,35,20,0,0,0
2021-04-06 07:00,47,29,18,0,0,0
2021-04-06 07:15,60,40,20,0,0,0
2021-04-06 07:30,84,48,36,0,0,0
2021-04-06 07:45,106,53,53,0,0,0
2021-04-06 08:00,63,39,24,0,0,0
2021-04-06 08:15,84,41,43,0,0,0
2021-04-06 08:30,95,50,45,0,0,0
2021-04-06 08:45,89,50,39,0,0,0
2021-04-06 09:00,71,40,31,0,0,0
2021-04-06 09:15,66,41,25,0,0,0
2021-04-06 09:30,51,34,17,0,0,0
2021-04-06 09:45,70,44,26,0,0,0
2021-04-06 10:00,57,30,27,0,0,0
2021-04-06 10:15,58,31,27,0,0,0
2021-04-06 10:30,53,25,28,0,0,0
2021-04-06 10:45,54,37,17,0,0,0
2021-04-06 11:00,57,29,28,0,0,0
2021-04-06 11:15,56,26,30,0,0,0
2021-04-06 11:30,69,39,30,0,0,0
2021-04-06 11:45,58,33,25,0,0,0
2021-04-06 12:00,38,21,17,0,0,0
2021-04-06 12:15,45,24,21,0,0,0
2021-04-06 12:30,72,35,37,0,0,0
2021-04-06 12:45,64,39,25,0,0,0
2021-04-06 13:00,61,26,35,0,0,0
2021-04-06 13:15,48,25,23,0,0,0
2021-04-06 13:30,64,33,31,0,0,0
2021-04-06 13:45,61,40,21,0,0,0
2021-04-06 14:00,60,28,32,0,0,0
2021-04-06 14:15,88,44,44,0,0,0
2021-04-06 14:30,79,39,40,0,0,0
2021-04-06 14:45,70,31,39,0,0,0
2021-04-06 15:00,78,34,44,0,0,0
2021-04-06 15:15,74,35,39,0,0,0
2021-04-06 15:30,76,37,39,0,0,0
2021-04-06 15:45,98,47,51,0,0,0
2021-04-06 16:00,89,42,47,0,0,0
2021-04-06 16:15,90,39,51,0,0,0
2021-04-06 16:30,92,42,50,0,0,0
2021-04-06 16:45,100,45,55,0,0,0
2021-04-06 17:00,102,51,51,0,0,0
2021-04-06 17:15,108,51,57,0,0,0
2021-04-06 17:30,115,45,70,0,0,0
2021-04-06 17:45,95,37,58,0,0,0
2021-04-06 18:00,102,41,61,0,0,0
2021-04-06 18:15,98,53,45,0,0,0
2021-04-06 18:30,85,39,46,0,0,0
2021-04-06 18:45,74,32,42,0,0,0
2021-04-06 19:00,75,37,38,0,0,0
2021-04-06 19:15,54,20,34,0,0,0
2021-04-06 19:30,37,21,16,0,0,0
2021-04-06 19:45,46,22,24,0,0,0
2021-04-06 20:00,42,16,26,0,0,0
2021-04-06 20:15,40,24,16,0,0,0
2021-04-06 20:30,40,22,18,0,0,0
2021-04-06 20:45,36,13,23,0,0,0
2021-04-06 21:00,32,14,18,0,0,0
2021-04-06 21:15,29,10,19,0,0,0
2021-04-06 21:30,19,11,8,0,0,0
2021-04-06 21:45,13,5,8,0,0,0
2021-04-06 22:00,16,4,12,0,0,0
2021-04-06 22:15,15,5,10,0,0,0
2021-04-06 22:30,13,3,10,0,0,0
2021-04-06 22:45,10,5,5,0,0,0
2021-04-06 23:00,20,10,10,0,0,0
2021-04-06 23:15,18,10,8,0,0,0
2021-04-06 23:30,14,2,12,0,0,0
2021-04-06 23:45,17,8,9,0,0,0
2021-04-07 00:00,10,4,6,0,0,0
2021-04-07 00:15,7,2,5,0,0,0
2021-04-07 00:30,5,2,3,0,0,0
2021-04-07 00:45,6,4,2,0,0,0
2021-04-07 01:00,3,1,2,0,0,0
2021-04-07 01:15,3,3,0,0,0,0
2021-04-07 01:30,6,2,4,0,0,0
2021-04-07 01:45,7,4,3,0,0,0
2021-04-07 02:00,2,2,0,0,0,0
2021-04-07 02:15,0,0,0,0,0,0
2021-04-07 02:30,2,2,0,0,0,0
2021-04-07 02:45,0,0,0,0,0,0
2021-04-07 03:00,1,0,1,0,0,0
2021-04-07 03:15,2,1,1,0,0,0
2021-04-07 03:30,1,1,0,0,0,0
2021-04-07 03:45,2,2,0,0,0,0
2021-04-07 04:00,2,0,2,0,0,0
2021-04-07 04:15,1,0,1,0,0,0
2021-04-07 04:30,9,5,4,0,0,0
2021-04-07 04:45,7,4,3,0,0,0
2021-04-07 05:00,6,5,1,0,0,0
2021-04-07 05:15,12,6,6,0,0,0
2021-04-07 05:30,12,8,4,0,0,0
2021-04-07 05:45,23,16,7,0,0,0
2021-04-07 06:00,9,6,3,0,0,0
2021-04-07 06:15,32,20,12,0,0,0
2021-04-07 06:30,33,20,13,0,0,0
2021-04-07 06:45,42,31,11,0,0,0
2021-04-07 07:00,50,34,16,0,0,0
2021-04-07 07:15,57,40,17,0,0,0
2021-04-07 07:30,87,52,35,0,0,0
2021-04-07 07:45,111,61,50,0,0,0
2021-04-07 08:00,79,40,39,0,0,0
2021-04-07 08:15,74,38,36,0,0,0
2021-04-07 08:30,93,52,41,0,0,0
2021-04-07 08:45,110,64,46,0,0,0
2021-04-07 09:00,70,41,29,0,0,0
2021-04-07 09:15,80,44,36,0,0,0
2021-04-07 09:30,64,40,24,0,0,0
2021-04-07 09:45,80,45,35,0,0,0
2021-04-07 10:00,63,43,20,0,0,0
2021-04-07 10:15,54,32,22,0,0,0
2021-04-07 10:30,58,33,25,0,0,0
2021-04-07 10:45,46,28,18,0,0,0
2021-04-07 11:00,66,29,37,0,0,0
2021-04-07 11:15,56,29,27,0,0,0
2021-04-07 11:30,81,45,36,0,0,0
2021-04-07 11:45,68,45,23,0,0,0
2021-04-07 12:00,65,27,38,0,0,0
2021-04-07 12:15,98,56,42,0,0,0
2021-04-07 12:30,76,33,43,0,0,0
2021-04-07 12:45,77,37,40,0,0,0
2021-04-07 13:00,73,22,51,0,0,0
2021-04-07 13:15,75,35,40,0,0,0
2021-04-07 13:30,57,23,34,0,0,0
2021-04-07 13:45,73,42,31,0,0,0
2021-04-07 14:00,58,27,31,0,0,0
2021-04-07 14:15,99,50,49,0,0,0
2021-04-07 14:30,66,32,34,0,0,0
2021-04-07 14:45,94,55,39,0,0,0
2021-04-07 15:00,72,36,36,0,0,0
2021-04-07 15:15,75,36,39,0,0,0
2021-04-07 15:30,68,34,34,0,0,0
2021-04-07 15:45,88,46,42,0,0,0
2021-04-07 16:00,92,45,47,0,0,0
2021-04-07 16:15,104,45,59,0,0,0
2021-04-07 16:30,93,48,45,0,0,0
2021-04-07 16:45,101,49,52,0,0,0
2021-04-07 17:00,113,62,51,0,0,0
2021-04-07 17:15,99,45,54,0,0,0
2021-04-07 17:30,103,41,62,0,0,0
2021-04-07 17:45,127,56,71,0,0,0
2021-04-07 18:00,101,31,70,0,0,0
2021-04-07 18:15,91,38,53,0,0,0
2021-04-07 18:30,85,35,50,0,0,0
2021-04-07 18:45,66,24,42,0,0,0
2021-04-07 19:00,117,50,67,0,0,0
2021-04-07 19:15,76,42,34,0,0,0
2021-04-07 19:30,74,38,36,0,0,0
2021-04-07 19:45,48,19,29,0,0,0
2021-04-07 20:00,67,30,37,0,0,0
2021-04-07 20:15,30,10,20,0,0,0
2021-04-07 20:30,44,18,26,0,0,0
2021-04-07 20:45,34,12,22,0,0,0
2021-04-07 21:00,24,13,11,0,0,0
2021-04-07 21:15,28,13,15,0,0,0
2021-04-07 21:30,33,11,22,0,0,0
2021-04-07 21:45,24,13,11,0,0,0
2021-04-07 22:00,16,5,11,0,0,0
2021-04-07 22:15,21,4,17,0,0,0
2021-04-07 22:30,18,6,12,0,0,0
2021-04-07 22:45,16,4,12,0,0,0
2021-04-07 23:00,24,15,9,0,0,0
2021-04-07 23:15,28,13,15,0,0,0
2021-04-07 23:30,26,13,13,0,0,0
2021-04-07 23:45,13,5,8,0,0,0
2021-04-08 00:00,15,11,4,0,0,0
2021-04-08 00:15,11,5,6,0,0,0
2021-04-08 00:30,12,8,4,0,0,0
2021-04-08 00:45,16,9,7,0,0,0
2021-04-08 01:00,10,8,2,0,0,0
2021-04-08 01:15,4,0,4,0,0,0
2021-04-08 01:30,5,4,1,0,0,0
2021-04-08 01:45,11,4,7,0,0,0
2021-04-08 02:00,10,4,6,0,0,0
2021-04-08 02:15,4,1,3,0,0,0
2021-04-08 02:30,4,3,1,0,0,0
2021-04-08 02:45,1,0,1,0,0,0
2021-04-08 03:00,5,1,4,0,0,0
2021-04-08 03:15,3,0,3,0,0,0
2021-04-08 03:30,1,1,0,0,0,0
2021-04-08 03:45,5,3,2,0,0,0
2021-04-08 04:00,2,1,1,0,0,0
2021-04-08 04:15,3,2,1,0,0,0
2021-04-08 04:30,4,2,2,0,0,0
2021-04-08 04:45,5,5,0,0,0,0
2021-04-08 05:00,6,5,1,0,0,0
2021-04-08 05:15,7,7,0,0,0,0
2021-04-08 05:30,16,7,9,0,0,0
2021-04-08 05:45,18,13,5,0,0,0
2021-04-08 06:00,11,9,2,0,0,0
2021-04-08 06:15,34,19,15,0,0,0
2021-04-08 06:30,30,19,11,0,0,0
2021-04-08 06:45,46,36,10,0,0,0
2021-04-08 07:00,51,31,20,0,0,0
2021-04-08 07:15,72,43,29,0,0,0
2021-04-08 07:30,107,61,46,0,0,0
2021-04-08 07:45,115,62,53,0,0,0
2021-04-08 08:00,78,41,37,0,0,0
2021-04-08 08:15,109,50,59,0,0,0
2021-04-08 08:30,101,58,43,0,0,0
2021-04-08 08:45,117,65,52,0,0,0
2021-04-08 09:00,87,57,30,0,0,0
2021-04-08 09:15,63,42,21,0,0,0
2021-04-08 09:30,75,44,31,0,0,0
2021-04-08 09:45,99,66,33,0,0,0
2021-04-08 10:00,78,41,37,0,0,0
2021-04-08 10:15,94,53,41,0,0,0
2021-04-08 10:30,76,36,40,0,0,0
2021-04-08 10:45,91,53,38,0,0,0
2021-04-08 11:00,62,36,26,0,0,0
2021-04-08 11:15,82,34,48,0,0,0
2021-04-08 11:30,91,49,42,0,0,0
2021-04-08 11:45,76,39,37,0,0,0
2021-04-08 12:00,72,36,36,0,0,0
2021-04-08 12:15,96,39,57,0,0,0
2021-04-08 12:30,97,41,56,0,0,0
2021-04-08 12:45,87,47,40,0,0,0
2021-04-08 13:00,97,53,44,0,0,0
2021-04-08 13:15,100,45,55,0,0,0
2021-04-08 13:30,77,39,38,0,0,0
2021-04-08 13:45,102,55,47,0,0,0
2021-04-08 14:00,100,57,43,0,0,0
2021-04-08 14:15,106,61,45,0,0,0
2021-04-08 14:30,106,55,51,0,0,0
2021-04-08 14:45,127,63,64,0,0,0
2021-04-08 15:00,117,55,62,0,0,0
2021-04-08 15:15,122,63,59,0,0,0
2021-04-08 15:30,129,67,62,0,0,0
2021-04-08 15:45,139,72,67,0,0,0
2021-04-08 16:00,141,70,71,0,0,0
2021-04-08 16:15,147,69,78,0,0,0
2021-04-08 16:30,164,82,82,0,0,0
2021-04-08 16:45,183,85,98,0,0,0
2021-04-08 17:00,158,74,84,0,0,0
2021-04-08 17:15,149,57,92,0,0,0
2021-04-08 17:30,149,79,70,0,0,0
2021-04-08 17:45,165,73,92,0,0,0
2021-04-08 18:00,127,48,79,0,0,0
2021-04-08 18:15,140,62,78,0,0,0
2021-04-08 18:30,117,42,75,0,0,0
2021-04-08 18:45,110,52,58,0,0,0
2021-04-08 19:00,110,59,51,0,0,0
2021-04-08 19:15,108,41,67,0,0,0
2021-04-08 19:30,75,31,44,0,0,0
2021-04-08 19:45,72,37,35,0,0,0
2021-04-08 20:00,68,27,41,0,0,0
2021-04-08 20:15,72,31,41,0,0,0
2021-04-08 20:30,47,18,29,0,0,0
2021-04-08 20:45,48,24,24,0,0,0
2021-04-08 21:00,36,14,22,0,0,0
2021-04-08 21:15,42,14,28,0,0,0
2021-04-08 21:30,34,9,25,0,0,0
2021-04-08 21:45,25,13,12,0,0,0
2021-04-08 22:00,31,18,13,0,0,0
2021-04-08 22:15,29,13,16,0,0,0
2021-04-08 22:30,14,4,10,0,0,0
2021-04-08 22:45,16,8,8,0,0,0
2021-04-08 23:00,25,7,18,0,0,0
2021-04-08 23:15,26,14,12,0,0,0
2021-04-08 23:30,34,12,22,0,0,0
2021-04-08 23:45,25,8,17,0,0,0
2021-04-09 00:00,26,19,7,0,0,0
2021-04-09 00:15,17,9,8,0,0,0
2021-04-09 00:30,17,8,9,0,0,0
2021-04-09 00:45,13,3,10,0,0,0
2021-04-09 01:00,7,3,4,0,0,0
2021-04-09 01:15,8,4,4,0,0,0
2021-04-09 01:30,6,4,2,0,0,0
2021-04-09 01:45,6,2,4,0,0,0
2021-04-09 02:00,7,2,5,0,0,0
2021-04-09 02:15,4,2,2,0,0,0
2021-04-09 02:30,3,1,2,0,0,0
2021-04-09 02:45,5,4,1,0,0,0
2021-04-09 03:00,3,1,2,0,0,0
2021-04-09 03:15,1,1,0,0,0,0
2021-04-09 03:30,3,0,3,0,0,0
2021-04-09 03:45,5,2,3,0,0,0
2021-04-09 04:00,2,0,2,0,0,0
2021-04-09 04:15,3,1,2,0,0,0
2021-04-09 04:30,7,5,2,0,0,0
2021-04-09 04:45,10,5,5,0,0,0
2021-04-09 05:00,10,10,0,0,0,0
2021-04-09 05:15,8,3,5,0,0,0
2021-04-09 05:30,18,9,9,0,0,0
2021-04-09 05:45,24,15,9,0,0,0
2021-04-09 06:00,16,10,6,0,0,0
2021-04-09 06:15,28,17,11,0,0,0
2021-04-09 06:30,41,26,15,0,0,0
2021-04-09 06:45,46,32,14,0,0,0
2021-04-09 07:00,62,35,27,0,0,0
2021-04-09 07:15,71,42,29,0,0,0
2021-04-09 07:30,84,52,32,0,0,0
2021-04-09 07:45,109,57,52,0,0,0
2021-04-09 08:00,84,48,36,0,0,0
2021-04-09 08:15,94,57,37,0,0,0
2021-04-09 08:30,103,62,41,0,0,0
2021-04-09 08:45,97,56,41,0,0,0
2021-04-09 09:00,95,64,31,0,0,0
2021-04-09 09:15,87,59,28,0,0,0
2021-04-09 09:30,90,52,38,0,0,0
2021-04-09 09:45,110,70,40,0,0,0
2021-04-09 10:00,76,41,35,0,0,0
2021-04-09 10:15,91,57,34,0,0,0
2021-04-09 10:30,83,51,32,0,0,0
2021-04-09 10:45,97,53,44,0,0,0
2021-04-09 11:00,83,48,35,0,0,0
2021-04-09 11:15,85,39,46,0,0,0
2021-04-09 11:30,120,64,56,0,0,0
2021-04-09 11:45,129,79,50,0,0,0
2021-04-09 12:00,94,52,42,0,0,0
2021-04-09 12:15,125,67,58,0,0,0
2021-04-09 12:30,148,71,77,0,0,0
2021-04-09 12:45,165,83,82,0,0,0
2021-04-09 13:00,129,48,81,0,0,0
2021-04-09 13:15,147,72,75,0,0,0
2021-04-09 13:30,142,79,63,0,0,0
2021-04-09 13:45,163,89,74,0,0,0
2021-04-09 14:00,139,67,72,0,0,0
2021-04-09 14:15,156,75,81,0,0,0
2021-04-09 14:30,128,63,65,0,0,0
2021-04-09 14:45,149,72,77,0,0,0
2021-04-09 15:00,150,70,80,0,0,0
2021-04-09 15:15,132,72,60,0,0,0
2021-04-09 15:30,135,74,61,0,0,0
2021-04-09 15:45,155,83,72,0,0,0
2021-04-09 16:00,131,58,73,0,0,0
2021-04-09 16:15,120,53,67,0,0,0
2021-04-09 16:30,165,83,82,0,0,0
2021-04-09 16:45,137,69,68,0,0,0
2021-04-09 17:00,175,91,84,0,0,0
2021-04-09 17:15,138,65,73,0,0,0
2021-04-09 17:30,135,56,79,0,0,0
2021-04-09 17:45,133,59,74,0,0,0
2021-04-09 18:00,120,45,75,0,0,0
2021-04-09 18:15,141,72,69,0,0,0
2021-04-09 18:30,140,50,90,0,0,0
2021-04-09 18:45,139,78,61,0,0,0
2021-04-09 19:00,123,62,61,0,0,0
2021-04-09 19:15,102,47,55,0,0,0
2021-04-09 19:30,93,42,51,0,0,0
2021-04-09 19:45,83,45,38,0,0,0
2021-04-09 20:00,99,48,51,0,0,0
2021-04-09 20:15,68,37,31,0,0,0
2021-04-09 20:30,68,36,32,0,0,0
2021-04-09 20:45,41,20,21,0,0,0
2021-04-09 21:00,49,19,30,0,0,0
2021-04-09 21:15,54,29,25,0,0,0
2021-04-09 21:30,37,19,18,0,0,0
2021-04-09 21:45,36,18,18,0,0,0
2021-04-09 22:00,31,15,16,0,0,0
2021-04-09 22:15,24,7,17,0,0,0
2021-04-09 22:30,21,10,11,0,0,0
2021-04-09 22:45,34,20,14,0,0,0
2021-04-09 23:00,20,6,14,0,0,0
2021-04-09 23:15,28,14,14,0,0,0
2021-04-09 23:30,29,10,19,0,0,0
2021-04-09 23:45,24,11,13,0,0,0
2021-04-10 00:00,35,11,24,0,0,0
2021-04-10 00:15,29,15,14,0,0,0
2021-04-10 00:30,26,11,15,0,0,0
2021-04-10 00:45,26,15,11,0,0,0
2021-04-10 01:00,30,9,21,0,0,0
2021-04-10 01:15,17,5,12,0,0,0
2021-04-10 01:30,22,9,13,0,0,0
2021-04-10 01:45,28,11,17,0,0,0
2021-04-10 02:00,12,6,6,0,0,0
2021-04-10 02:15,16,6,10,0,0,0
2021-04-10 02:30,15,9,6,0,0,0
2021-04-10 02:45,17,1,16,0,0,0
2021-04-10 03:00,11,5,6,0,0,0
2021-04-10 03:15,8,1,7,0,0,0
2021-04-10 03:30,8,3,5,0,0,0
2021-04-10 03:45,3,2,1,0,0,0
2021-04-10 04:00,5,1,4,0,0,0
2021-04-10 04:15,6,3,3,0,0,0
2021-04-10 04:30,11,7,4,0,0,0
2021-04-10 04:45,4,3,1,0,0,0
2021-04-10 05:00,7,6,1,0,0,0
2021-04-10 05:15,7,5,2,0,0,0
2021-04-10 05:30,12,11,1,0,0,0
2021-04-10 05:45,6,3,3,0,0,0
2021-04-10 06:00,13,3,10,0,0,0
2021-04-10 06:15,4,1,3,0,0,0
2021-04-10 06:30,4,3,1,0,0,0
2021-04-10 06:45,5,2,3,0,0,0
2021-04-10 07:00,11,9,2,0,0,0
2021-04-10 07:15,12,9,3,0,0,0
2021-04-10 07:30,18,12,6,0,0,0
2021-04-10 07:45,20,16,4,0,0,0
2021-04-10 08:00,24,15,9,0,0,0
2021-04-10 08:15,32,19,13,0,0,0
2021-04-10 08:30,37,24,13,0,0,0
2021-04-10 08:45,52,27,25,0,0,0
2021-04-10 09:00,56,41,15,0,0,0
2021-04-10 09:15,38,24,14,0,0,0
2021-04-10 09:30,45,30,15,0,0,0
2021-04-10 09:45,73,46,27,0,0,0
2021-04-10 10:00,52,34,18,0,0,0
2021-04-10 10:15,58,39,19,0,0,0
2021-04-10 10:30,72,47,25,0,0,0
2021-04-10 10:45,67,37,30,0,0,0
2021-04-10 11:00,58,28,30,0,0,0
2021-04-10 11:15,68,38,30,0,0,0
2021-04-10 11:30,68,38,30,0,0,0
2021-04-10 11:45,82,51,31,0,0,0
2021-04-10 12:00,53,30,23,0,0,0
2021-04-10 12:15,87,49,38,0,0,0
2021-04-10 12:30,98,52,46,0,0,0
2021-04-10 12:45,79,42,37,0,0,0
2021-04-10 13:00,81,31,50,0,0,0
2021-04-10 13:15,81,43,38,0,0,0
2021-04-10 13:30,79,43,36,0,0,0
2021-04-10 13:45,92,48,44,0,0,0
2021-04-10 14:00,84,33,51,0,0,0
2021-04-10 14:15,73,35,38,0,0,0
2021-04-10 14:30,60,30,30,0,0,0
2021-04-10 14:45,66,37,29,0,0,0
2021-04-10 15:00,53,23,30,0,0,0
2021-04-10 15:15,97,36,61,0,0,0
2021-04-10 15:30,64,31,33,0,0,0
2021-04-10 15:45,74,31,43,0,0,0
2021-04-10 16:00,65,26,39,0,0,0
2021-04-10 16:15,48,22,26,0,0,0
2021-04-10 16:30,63,27,36,0,0,0
2021-04-10 16:45,57,21,36,0,0,0
2021-04-10 17:00,54,26,28,0,0,0
2021-04-10 17:15,45,25,20,0,0,0
2021-04-10 17:30,51,24,27,0,0,0
2021-04-10 17:45,56,31,25,0,0,0
2021-04-10 18:00,62,21,41,0,0,0
2021-04-10 18:15,59,28,31,0,0,0
2021-04-10 18:30,47,19,28,0,0,0
2021-04-10 18:45,49,19,30,0,0,0
2021-04-10 19:00,48,15,33,0,0,0
2021-04-10 19:15,45,19,26,0,0,0
2021-04-10 19:30,43,16,27,0,0,0
2021-04-10 19:45,46,21,25,0,0,0
2021-04-10 20:00,37,21,16,0,0,0
2021-04-10 20:15,35,17,18,0,0,0
2021-04-10 20:30,38,14,24,0,0,0
2021-04-10 20:45,16,3,13,0,0,0
2021-04-10 21:00,28,19,9,0,0,0
2021-04-10 21:15,16,5,11,0,0,0
2021-04-10 21:30,14,8,6,0,0,0
2021-04-10 21:45,13,9,4,0,0,0
2021-04-10 22:00,13,8,5,0,0,0
2021-04-10 22:15,19,5,14,0,0,0
2021-04-10 22:30,11,4,7,0,0,0
2021-04-10 22:45,11,4,7,0,0,0
2021-04-10 23:00,17,9,8,0,0,0
2021-04-10 23:15,17,5,12,0,0,0
2021-04-10 23:30,22,6,16,0,0,0
2021-04-10 23:45,21,7,14,0,0,0
2021-04-11 00:00,25,5,20,0,0,0
2021-04-11 00:15,30,8,22,0,0,0
2021-04-11 00:30,12,6,6,0,0,0
2021-04-11 00:45,16,4,12,0,0,0
2021-04-11 01:00,16,8,8,0,0,0
2021-04-11 01:15,12,4,8,0,0,0
2021-04-11 01:30,12,6,6,0,0,0
2021-04-11 01:45,20,13,7,0,0,0
2021-04-11 02:00,12,7,5,0,0,0
2021-04-11 02:15,21,15,6,0,0,0
2021-04-11 02:30,24,15,9,0,0,0
2021-04-11 02:45,9,5,4,0,0,0
2021-04-11 03:00,9,6,3,0,0,0
2021-04-11 03:15,6,3,3,0,0,0
2021-04-11 03:30,6,4,2,0,0,0
2021-04-11 03:45,6,4,2,0,0,0
2021-04-11 04:00,6,1,5,0,0,0
2021-04-11 04:15,3,0,3,0,0,0
2021-04-11 04:30,3,2,1,0,0,0
2021-04-11 04:45,7,5,2,0,0,0
2021-04-11 05:00,3,2,1,0,0,0
2021-04-11 05:15,4,2,2,0,0,0
2021-04-11 05:30,5,5,0,0,0,0
2021-04-11 05:45,3,0,3,0,0,0
2021-04-11 06:00,7,3,4,0,0,0
2021-04-11 06:15,4,1,3,0,0,0
2021-04-11 06:30,8,5,3,0,0,0
2021-04-11 06:45,2,0,2,0,0,0
2021-04-11 07:00,5,4,1,0,0,0
2021-04-11 07:15,8,2,6,0,0,0
2021-04-11 07:30,6,3,3,0,0,0
2021-04-11 07:45,6,4,2,0,0,0
2021-04-11 08:00,8,7,1,0,0,0
2021-04-11 08:15,7,4,3,0,0,0
2021-04-11 08:30,9,5,4,0,0,0
2021-04-11 08:45,17,15,2,0,0,0
2021-04-11 09:00,18,13,5,0,0,0
2021-04-11 09:15,28,18,10,0,0,0
2021-04-11 09:30,16,11,5,0,0,0
2021-04-11 09:45,23,11,12,0,0,0
2021-04-11 10:00,35,13,22,0,0,0
2021-04-11 10:15,33,22,11,0,0,0
2021-04-11 10:30,32,18,14,0,0,0
2021-04-11 10:45,28,17,11,0,0,0
2021-04-11 11:00,33,17,16,0,0,0
2021-04-11 11:15,24,10,14,0,0,0
2021-04-11 11:30,25,14,11,0,0,0
2021-04-11 11:45,38,19,19,0,0,0
2021-04-11 12:00,29,23,6,0,0,0
2021-04-11 12:15,41,24,17,0,0,0
2021-04-11 12:30,53,21,32,0,0,0
2021-04-11 12:45,40,18,22,0,0,0
2021-04-11 13:00,30,15,15,0,0,0
2021-04-11 13:15,46,16,30,0,0,0
2021-04-11 13:30,46,24,22,0,0,0
2021-04-11 13:45,46,28,18,0,0,0
2021-04-11 14:00,47,23,24,0,0,0
2021-04-11 14:15,51,22,29,0,0,0
2021-04-11 14:30,35,22,13,0,0,0
2021-04-11 14:45,50,23,27,0,0,0
2021-04-11 15:00,51,30,21,0,0,0
2021-04-11 15:15,45,21,24,0,0,0
2021-04-11 15:30,59,40,19,0,0,0
2021-04-11 15:45,87,40,47,0,0,0
2021-04-11 16:00,71,24,47,0,0,0
2021-04-11 16:15,60,29,31,0,0,0
2021-04-11 16:30,46,24,22,0,0,0
2021-04-11 16:45,66,42,24,0,0,0
2021-04-11 17:00,55,31,24,0,0,0
2021-04-11 17:15,53,25,28,0,0,0
2021-04-11 17:30,40,20,20,0,0,0
2021-04-11 17:45,54,22,32,0,0,0
2021-04-11 18:00,66,38,28,0,0,0
2021-04-11 18:15,50,29,21,0,0,0
2021-04-11 18:30,47,23,24,0,0,0
2021-04-11 18:45,64,31,33,0,0,0
2021-04-11 19:00,57,32,25,0,0,0
2021-04-11 19:15,51,22,29,0,0,0
2021-04-11 19:30,49,28,21,0,0,0
2021-04-11 19:45,30,15,15,0,0,0
2021-04-11 20:00,42,19,23,0,0,0
2021-04-11 20:15,38,15,23,0,0,0
2021-04-11 20:30,41,22,19,0,0,0
2021-04-11 20:45,15,5,10,0,0,0
2021-04-11 21:00,27,9,18,0,0,0
2021-04-11 21:15,21,6,15,0,0,0
2021-04-11 21:30,21,2,19,0,0,0
2021-04-11 21:45,30,11,19,0,0,0
2021-04-11 22:00,29,10,19,0,0,0
2021-04-11 22:15,27,7,20,0,0,0
2021-04-11 22:30,18,9,9,0,0,0
2021-04-11 22:45,15,11,4,0,0,0
2021-04-11 23:00,17,5,12,0,0,0
2021-04-11 23:15,11,4,7,0,0,0
2021-04-11 23:30,11,5,6,0,0,0
2021-04-11 23:45,17,5,12,0,0,0
2021-04-12 00:00,15,4,11,0,0,0
2021-04-12 00:15,11,4,7,0,0,0
2021-04-12 00:30,13,2,11,0,0,0
2021-04-12 00:45,2,1,1,0,0,0
2021-04-12 01:00,3,2,1,0,0,0
2021-04-12 01:15,7,3,4,0,0,0
2021-04-12 01:30,3,1,2,0,0,0
2021-04-12 01:45,2,1,1,0,0,0
2021-04-12 02:00,4,3,1,0,0,0
2021-04-12 02:15,0,0,0,0,0,0
2021-04-12 02:30,1,1,0,0,0,0
2021-04-12 02:45,1,1,0,0,0,0
2021-04-12 03:00,0,0,0,0,0,0
2021-04-12 03:15,0,0,0,0,0,0
2021-04-12 03:30,0,0,0,0,0,0
2021-04-12 03:45,2,1,1,0,0,0
2021-04-12 04:00,4,1,3,0,0,0
2021-04-12 04:15,4,1,3,0,0,0
2021-04-12 04:30,2,1,1,0,0,0
2021-04-12 04:45,5,4,1,0,0,0
2021-04-12 05:00,6,6,0,0,0,0
2021-04-12 05:15,4,2,2,0,0,0
2021-04-12 05:30,14,11,3,0,0,0
2021-04-12 05:45,13,10,3,0,0,0
2021-04-12 06:00,21,17,4,0,0,0
2021-04-12 06:15,42,19,23,0,0,0
2021-04-12 06:30,39,30,9,0,0,0
2021-04-12 06:45,65,43,22,0,0,0
2021-04-12 07:00,83,46,37,0,0,0
2021-04-12 07:15,113,72,41,0,0,0
2021-04-12 07:30,128,85,43,0,0,0
2021-04-12 07:45,185,99,86,0,0,0
2021-04-12 08:00,120,80,40,0,0,0
2021-04-12 08:15,126,79,47,0,0,0
2021-04-12 08:30,117,69,48,0,0,0
2021-04-12 08:45,129,82,47,0,0,0
2021-04-12 09:00,95,53,42,0,0,0
2021-04-12 09:15,96,59,37,0,0,0
2021-04-12 09:30,88,44,44,0,0,0
2021-04-12 09:45,107,59,48,0,0,0
2021-04-12 10:00,100,57,43,0,0,0
2021-04-12 10:15,75,40,35,0,0,0
2021-04-12 10:30,90,44,46,0,0,0
2021-04-12 10:45,94,55,39,0,0,0
2021-04-12 11:00,94,54,40,0,0,0
2021-04-12 11:15,89,44,45,0,0,0
2021-04-12 11:30,93,54,39,0,0,0
2021-04-12 11:45,122,57,65,0,0,0
2021-04-12 12:00,107,55,52,0,0,0
2021-04-12 12:15,126,64,62,0,0,0
2021-04-12 12:30,109,56,53,0,0,0
2021-04-12 12:45,143,77,66,0,0,0
2021-04-12 13:00,142,64,78,0,0,0
2021-04-12 13:15,102,57,45,0,0,0
2021-04-12 13:30,131,64,67,0,0,0
2021-04-12 13:45,153,79,74,0,0,0
2021-04-12 14:00,93,48,45,0,0,0
2021-04-12 14:15,109,49,60,0,0,0
2021-04-12 14:30,120,59,61,0,0,0
2021-04-12 14:45,142,75,67,0,0,0
2021-04-12 15:00,113,50,63,0,0,0
2021-04-12 15:15,126,65,61,0,0,0
2021-04-12 15:30,137,75,62,0,0,0
2021-04-12 15:45,146,71,75,0,0,0
2021-04-12 16:00,115,51,64,0,0,0
2021-04-12 16:15,115,55,60,0,0,0
2021-04-12 16:30,166,76,90,0,0,0
2021-04-12 16:45,160,73,87,0,0,0
2021-04-12 17:00,160,71,89,0,0,0
2021-04-12 17:15,147,63,84,0,0,0
2021-04-12 17:30,144,68,76,0,0,0
2021-04-12 17:45,164,80,84,0,0,0
2021-04-12 18:00,158,55,103,0,0,0
2021-04-12 18:15,143,69,74,0,0,0
2021-04-12 18:30,124,53,71,0,0,0
2021-04-12 18:45,140,58,82,0,0,0
2021-04-12 19:00,101,40,61,0,0,0
2021-04-12 19:15,104,49,55,0,0,0
2021-04-12 19:30,99,28,71,0,0,0
2021-04-12 19:45,72,36,36,0,0,0
2021-04-12 20:00,87,38,49,0,0,0
2021-04-12 20:15,73,33,40,0,0,0
2021-04-12 20:30,41,18,23,0,0,0
2021-04-12 20:45,36,23,13,0,0,0
2021-04-12 21:00,47,19,28,0,0,0
2021-04-12 21:15,28,16,12,0,0,0
2021-04-12 21:30,32,18,14,0,0,0
2021-04-12 21:45,39,14,25,0,0,0
2021-04-12 22:00,20,7,13,0,0,0
2021-04-12 22:15,18,5,13,0,0,0
2021-04-12 22:30,20,5,15,0,0,0
2021-04-12 22:45,26,9,17,0,0,0
2021-04-12 23:00,23,7,16,0,0,0
2021-04-12 23:15,22,10,12,0,0,0
2021-04-12 23:30,16,9,7,0,0,0
2021-04-12 23:45,21,8,13,0,0,0
2021-04-13 00:00,19,7,12,0,0,0
2021-04-13 00:15,7,2,5,0,0,0
2021-04-13 00:30,10,4,6,0,0,0
2021-04-13 00:45,3,1,2,0,0,0
2021-04-13 01:00,9,3,6,0,0,0
2021-04-13 01:15,6,3,3,0,0,0
2021-04-13 01:30,4,0,4,0,0,0
2021-04-13 01:45,5,2,3,0,0,0
2021-04-13 02:00,3,2,1,0,0,0
2021-04-13 02:15,7,5,2,0,0,0
2021-04-13 02:30,2,2,0,0,0,0
2021-04-13 02:45,1,1,0,0,0,0
2021-04-13 03:00,2,1,1,0,0,0
2021-04-13 03:15,2,2,0,0,0,0
2021-04-13 03:30,0,0,0,0,0,0
2021-04-13 03:45,1,1,0,0,0,0
2021-04-13 04:00,1,0,1,0,0,0
2021-04-13 04:15,3,1,2,0,0,0
2021-04-13 04:30,2,1,1,0,0,0
2021-04-13 04:45,3,2,1,0,0,0
2021-04-13 05:00,8,8,0,0,0,0
2021-04-13 05:15,5,4,1,0,0,0
2021-04-13 05:30,14,7,7,0,0,0
2021-04-13 05:45,22,19,3,0,0,0
2021-04-13 06:00,12,12,0,0,0,0
2021-04-13 06:15,25,21,4,0,0,0
2021-04-13 06:30,53,38,15,0,0,0
2021-04-13 06:45,55,36,19,0,0,0
2021-04-13 07:00,68,44,24,0,0,0
2021-04-13 07:15,87,62,25,0,0,0
2021-04-13 07:30,115,76,39,0,0,0
2021-04-13 07:45,153,103,50,0,0,0
2021-04-13 08:00,146,77,69,0,0,0
2021-04-13 08:15,134,83,51,0,0,0
2021-04-13 08:30,144,87,57,0,0,0
2021-04-13 08:45,119,76,43,0,0,0
2021-04-13 09:00,109,54,55,0,0,0
2021-04-13 09:15,95,57,38,0,0,0
2021-04-13 09:30,103,69,34,0,0,0
2021-04-13 09:45,107,63,44,0,0,0
2021-04-13 10:00,86,41,45,0,0,0
2021-04-13 10:15,93,50,43,0,0,0
2021-04-13 10:30,96,56,40,0,0,0
2021-04-13 10:45,102,56,46,0,0,0
2021-04-13 11:00,100,41,59,0,0,0
2021-04-13 11:15,77,38,39,0,0,0
2021-04-13 11:30,100,59,41,0,0,0
2021-04-13 11:45,97,58,39,0,0,0
2021-04-13 12:00,122,72,50,0,0,0
2021-04-13 12:15,121,74,47,0,0,0
2021-04-13 12:30,114,57,57,0,0,0
2021-04-13 12:45,165,92,73,0,0,0
2021-04-13 13:00,123,59,64,0,0,0
2021-04-13 13:15,161,82,79,0,0,0
2021-04-13 13:30,138,74,64,0,0,0
2021-04-13 13:45,134,79,55,0,0,0
2021-04-13 14:00,133,66,67,0,0,0
2021-04-13 14:15,144,81,63,0,0,0
2021-04-13 14:30,124,64,60,0,0,0
2021-04-13 14:45,127,67,60,0,0,0
2021-04-13 15:00,134,63,71,0,0,0
2021-04-13 15:15,148,70,78,0,0,0
2021-04-13 15:30,145,75,70,0,0,0
2021-04-13 15:45,180,91,89,0,0,0
2021-04-13 16:00,157,86,71,0,0,0
2021-04-13 16:15,190,97,93,0,0,0
2021-04-13 16:30,177,86,91,0,0,0
2021-04-13 16:45,174,91,83,0,0,0
2021-04-13 17:00,211,100,111,0,0,0
2021-04-13 17:15,182,86,96,0,0,0
2021-04-13 17:30,174,78,96,0,0,0
2021-04-13 17:45,198,78,120,0,0,0
2021-04-13 18:00,176,76,100,0,0,0
2021-04-13 18:15,178,81,97,0,0,0
2021-04-13 18:30,168,64,104,0,0,0
2021-04-13 18:45,148,83,65,0,0,0
2021-04-13 19:00,141,55,86,0,0,0
2021-04-13 19:15,105,30,75,0,0,0
2021-04-13 19:30,99,33,66,0,0,0
2021-04-13 19:45,107,43,64,0,0,0
2021-04-13 20:00,95,49,46,0,0,0
2021-04-13 20:15,103,45,58,0,0,0
2021-04-13 20:30,78,33,45,0,0,0
2021-04-13 20:45,68,24,44,0,0,0
2021-04-13 21:00,49,12,37,0,0,0
2021-04-13 21:15,47,17,30,0,0,0
2021-04-13 21:30,28,11,17,0,0,0
2021-04-13 21:45,29,12,17,0,0,0
2021-04-13 22:00,35,11,24,0,0,0
2021-04-13 22:15,30,14,16,0,0,0
2021-04-13 22:30,24,9,15,0,0,0
2021-04-13 22:45,32,14,18,0,0,0
2021-04-13 23:00,29,13,16,0,0,0
2021-04-13 23:15,35,16,19,0,0,0
2021-04-13 23:30,27,10,17,0,0,0
2021-04-13 23:45,32,17,15,0,0,0
2021-04-14 00:00,25,10,15,0,0,0
2021-04-14 00:15,26,8,18,0,0,0
2021-04-14 00:30,17,5,12,0,0,0
2021-04-14 00:45,14,4,10,0,0,0
2021-04-14 01:00,8,4,4,0,0,0
2021-04-14 01:15,5,1,4,0,0,0
2021-04-14 01:30,8,3,5,0,0,0
2021-04-14 01:45,5,3,2,0,0,0
2021-04-14 02:00,3,1,2,0,0,0
2021-04-14 02:15,4,4,0,0,0,0
2021-04-14 02:30,1,0,1,0,0,0
2021-04-14 02:45,1,0,1,0,0,0
2021-04-14 03:00,0,0,0,0,0,0
2021-04-14 03:15,0,0,0,0,0,0
2021-04-14 03:30,5,1,4,0,0,0
2021-04-14 03:45,1,0,1,0,0,0
2021-04-14 04:00,1,1,0,0,0,0
2021-04-14 04:15,3,1,2,0,0,0
2021-04-14 04:30,3,3,0,0,0,0
2021-04-14 04:45,4,3,1,0,0,0
2021-04-14 05:00,4,3,1,0,0,0
2021-04-14 05:15,5,5,0,0,0,0
2021-04-14 05:30,11,7,4,0,0,0
2021-04-14 05:45,23,14,9,0,0,0
2021-04-14 06:00,15,11,4,0,0,0
2021-04-14 06:15,60,37,23,0,0,0
2021-04-14 06:30,48,32,16,0,0,0
2021-04-14 06:45,70,44,26,0,0,0
2021-04-14 07:00,72,48,24,0,0,0
2021-04-14 07:15,110,60,50,0,0,0
2021-04-14 07:30,144,94,50,0,0,0
2021-04-14 07:45,186,111,75,0,0,0
2021-04-14 08:00,139,87,52,0,0,0
2021-04-14 08:15,128,79,49,0,0,0
2021-04-14 08:30,122,71,51,0,0,0
2021-04-14 08:45,156,101,55,0,0,0
2021-04-14 09:00,128,80,48,0,0,0
2021-04-14 09:15,100,64,36,0,0,0
2021-04-14 09:30,115,66,49,0,0,0
2021-04-14 09:45,144,91,53,0,0,0
2021-04-14 10:00,99,61,38,0,0,0
2021-04-14 10:15,110,69,41,0,0,0
2021-04-14 10:30,120,69,51,0,0,0
2021-04-14 10:45,127,85,42,0,0,0
2021-04-14 11:00,91,57,34,0,0,0
2021-04-14 11:15,120,52,68,0,0,0
2021-04-14 11:30,136,69,67,0,0,0
2021-04-14 11:45,149,82,67,0,0,0
2021-04-14 12:00,147,70,77,0,0,0
2021-04-14 12:15,151,82,69,0,0,0
2021-04-14 12:30,131,71,60,0,0,0
2021-04-14 12:45,178,76,102,0,0,0
2021-04-14 13:00,160,67,93,0,0,0
2021-04-14 13:15,145,77,68,0,0,0
2021-04-14 13:30,144,69,75,0,0,0
2021-04-14 13:45,173,86,87,0,0,0
2021-04-14 14:00,135,65,70,0,0,0
2021-04-14 14:15,159,80,79,0,0,0
2021-04-14 14:30,140,64,76,0,0,0
2021-04-14 14:45,133,67,66,0,0,0
2021-04-14 15:00,162,67,95,0,0,0
2021-04-14 15:15,116,40,76,0,0,0
2021-04-14 15:30,131,64,67,0,0,0
2021-04-14 15:45,133,72,61,0,0,0
2021-04-14 16:00,176,79,97,0,0,0
2021-04-14 16:15,136,68,68,0,0,0
2021-04-14 16:30,171,85,86,0,0,0
2021-04-14 16:45,187,92,95,0,0,0
2021-04-14 17:00,157,76,81,0,0,0
2021-04-14 17:15,163,61,102,0,0,0
2021-04-14 17:30,180,67,113,0,0,0
2021-04-14 17:45,181,76,105,0,0,0
2021-04-14 18:00,165,69,96,0,0,0
2021-04-14 18:15,155,76,79,0,0,0
2021-04-14 18:30,139,50,89,0,0,0
2021-04-14 18:45,151,60,91,0,0,0
2021-04-14 19:00,126,57,69,0,0,0
2021-04-14 19:15,122,55,67,0,0,0
2021-04-14 19:30,88,39,49,0,0,0
2021-04-14 19:45,104,45,59,0,0,0
2021-04-14 20:00,108,45,63,0,0,0
2021-04-14 20:15,98,47,51,0,0,0
2021-04-14 20:30,66,29,37,0,0,0
2021-04-14 20:45,50,22,28,0,0,0
2021-04-14 21:00,43,22,21,0,0,0
2021-04-14 21:15,46,16,30,0,0,0
2021-04-14 21:30,31,12,19,0,0,0
2021-04-14 21:45,29,11,18,0,0,0
2021-04-14 22:00,37,16,21,0,0,0
2021-04-14 22:15,43,13,30,0,0,0
2021-04-14 22:30,25,14,11,0,0,0
2021-04-14 22:45,37,14,23,0,0,0
2021-04-14 23:00,47,18,29,0,0,0
2021-04-14 23:15,52,17,35,0,0,0
2021-04-14 23:30,38,19,19,0,0,0
2021-04-14 23:45,30,15,15,0,0,0
2021-04-15 00:00,23,8,15,0,0,0
2021-04-15 00:15,24,3,21,0,0,0
2021-04-15 00:30,12,2,10,0,0,0
2021-04-15 00:45,19,4,15,0,0,0
2021-04-15 01:00,17,10,7,0,0,0
2021-04-15 01:15,9,2,7,0,0,0
2021-04-15 01:30,7,5,2,0,0,0
2021-04-15 01:45,2,2,0,0,0,0
2021-04-15 02:00,5,2,3,0,0,0
2021-04-15 02:15,7,5,2,0,0,0
2021-04-15 02:30,6,3,3,0,0,0
2021-04-15 02:45,4,1,3,0,0,0
2021-04-15 03:00,4,4,0,0,0,0
2021-04-15 03:15,3,2,1,0,0,0
2021-04-15 03:30,2,1,1,0,0,0
2021-04-15 03:45,3,3,0,0,0,0
2021-04-15 04:00,5,2,3,0,0,0
2021-04-15 04:15,3,1,2,0,0,0
2021-04-15 04:30,2,1,1,0,0,0
2021-04-15 04:45,4,3,1,0,0,0
2021-04-15 05:00,3,2,1,0,0,0
2021-04-15 05:15,6,5,1,0,0,0
2021-04-15 05:30,17,11,6,0,0,0
2021-04-15 05:45,15,11,4,0,0,0
2021-04-15 06:00,25,15,10,0,0,0
2021-04-15 06:15,40,21,19,0,0,0
2021-04-15 06:30,37,27,10,0,0,0
2021-04-15 06:45,71,38,33,0,0,0
2021-04-15 07:00,75,51,24,0,0,0
2021-04-15 07:15,93,50,43,0,0,0
2021-04-15 07:30,123,81,42,0,0,0
2021-04-15 07:45,167,99,68,0,0,0
2021-04-15 08:00,128,80,48,0,0,0
2021-04-15 08:15,133,77,56,0,0,0
2021-04-15 08:30,135,88,47,0,0,0
2021-04-15 08:45,141,97,44,0,0,0
2021-04-15 09:00,115,75,40,0,0,0
2021-04-15 09:15,100,64,36,0,0,0
2021-04-15 09:30,132,81,51,0,0,0
2021-04-15 09:45,111,68,43,0,0,0
2021-04-15 10:00,90,55,35,0,0,0
2021-04-15 10:15,94,52,42,0,0,0
2021-04-15 10:30,92,59,33,0,0,0
2021-04-15 10:45,93,54,39,0,0,0
2021-04-15 11:00,111,49,62,0,0,0
2021-04-15 11:15,103,49,54,0,0,0
2021-04-15 11:30,99,49,50,0,0,0
2021-04-15 11:45,143,61,82,0,0,0
2021-04-15 12:00,110,59,51,0,0,0
2021-04-15 12:15,115,67,48,0,0,0
2021-04-15 12:30,140,78,62,0,0,0
2021-04-15 12:45,141,68,73,0,0,0
2021-04-15 13:00,149,65,84,0,0,0
2021-04-15 13:15,123,56,67,0,0,0
2021-04-15 13:30,143,70,73,0,0,0
2021-04-15 13:45,164,94,70,0,0,0
2021-04-15 14:00,132,74,58,0,0,0
2021-04-15 14:15,154,77,77,0,0,0
2021-04-15 14:30,154,77,77,0,0,0
2021-04-15 14:45,136,78,58,0,0,0
2021-04-15 15:00,148,68,80,0,0,0
2021-04-15 15:15,150,69,81,0,0,0
2021-04-15 15:30,164,81,83,0,0,0
2021-04-15 15:45,189,99,90,0,0,0
2021-04-15 16:00,180,94,86,0,0,0
2021-04-15 16:15,203,96,107,0,0,0
2021-04-15 16:30,212,114,98,0,0,0
2021-04-15 16:45,182,87,95,0,0,0
2021-04-15 17:00,191,99,92,0,0,0
2021-04-15 17:15,201,98,103,0,0,0
2021-04-15 17:30,152,61,91,0,0,0
2021-04-15 17:45,215,88,127,0,0,0
2021-04-15 18:00,204,86,118,0,0,0
2021-04-15 18:15,158,68,90,0,0,0
2021-04-15 18:30,131,51,80,0,0,0
2021-04-15 18:45,160,85,75,0,0,0
2021-04-15 19:00,145,70,75,0,0,0
2021-04-15 19:15,135,70,65,0,0,0
2021-04-15 19:30,113,47,66,0,0,0
2021-04-15 19:45,103,56,47,0,0,0
2021-04-15 20:00,118,45,73,0,0,0
2021-04-15 20:15,81,27,54,0,0,0
2021-04-15 20:30,66,29,37,0,0,0
2021-04-15 20:45,46,20,26,0,0,0
2021-04-15 21:00,38,16,22,0,0,0
2021-04-15 21:15,47,19,28,0,0,0
2021-04-15 21:30,39,21,18,0,0,0
2021-04-15 21:45,47,14,33,0,0,0
2021-04-15 22:00,33,13,20,0,0,0
2021-04-15 22:15,29,9,20,0,0,0
2021-04-15 22:30,38,11,27,0,0,0
2021-04-15 22:45,50,12,38,0,0,0
2021-04-15 23:00,33,14,19,0,0,0
2021-04-15 23:15,49,21,28,0,0,0
2021-04-15 23:30,27,8,19,0,0,0
2021-04-15 23:45,23,11,12,0,0,0
2021-04-16 00:00,21,8,13,0,0,0
2021-04-16 00:15,21,9,12,0,0,0
2021-04-16 00:30,17,6,11,0,0,0
2021-04-16 00:45,11,5,6,0,0,0
2021-04-16 01:00,17,6,11,0,0,0
2021-04-16 01:15,9,5,4,0,0,0
2021-04-16 01:30,9,3,6,0,0,0
2021-04-16 01:45,7,3,4,0,0,0
2021-04-16 02:00,12,7,5,0,0,0
2021-04-16 02:15,6,1,5,0,0,0
2021-04-16 02:30,12,4,8,0,0,0
2021-04-16 02:45,5,4,1,0,0,0
2021-04-16 03:00,6,1,5,0,0,0
2021-04-16 03:15,7,0,7,0,0,0
2021-04-16 03:30,0,0,0,0,0,0
2021-04-16 03:45,2,1,1,0,0,0
2021-04-16 04:00,3,0,3,0,0,0
2021-04-16 04:15,3,2,1,0,0,0
2021-04-16 04:30,3,1,2,0,0,0
2021-04-16 04:45,12,9,3,0,0,0
2021-04-16 05:00,8,6,2,0,0,0
2021-04-16 05:15,7,5,2,0,0,0
2021-04-16 05:30,17,11,6,0,0,0
2021-04-16 05:45,15,13,2,0,0,0
2021-04-16 06:00,20,12,8,0,0,0
2021-04-16 06:15,32,22,10,0,0,0
2021-04-16 06:30,54,36,18,0,0,0
2021-04-16 06:45,69,48,21,0,0,0
2021-04-16 07:00,66,47,19,0,0,0
2021-04-16 07:15,79,43,36,0,0,0
2021-04-16 07:30,109,68,41,0,0,0
2021-04-16 07:45,163,101,62,0,0,0
2021-04-16 08:00,144,72,72,0,0,0
2021-04-16 08:15,131,80,51,0,0,0
2021-04-16 08:30,117,71,46,0,0,0
2021-04-16 08:45,134,95,39,0,0,0
2021-04-16 09:00,131,82,49,0,0,0
2021-04-16 09:15,123,79,44,0,0,0
2021-04-16 09:30,109,62,47,0,0,0
2021-04-16 09:45,129,84,45,0,0,0
2021-04-16 10:00,108,54,54,0,0,0
2021-04-16 10:15,89,55,34,0,0,0
2021-04-16 10:30,84,43,41,0,0,0
2021-04-16 10:45,95,51,44,0,0,0
2021-04-16 11:00,93,46,47,0,0,0
2021-04-16 11:15,103,47,56,0,0,0
2021-04-16 11:30,116,55,61,0,0,0
2021-04-16 11:45,116,65,51,0,0,0
2021-04-16 12:00,113,52,61,0,0,0
2021-04-16 12:15,150,73,77,0,0,0
2021-04-16 12:30,150,66,84,0,0,0
2021-04-16 12:45,154,72,82,0,0,0
2021-04-16 13:00,181,86,95,0,0,0
2021-04-16 13:15,174,80,94,0,0,0
2021-04-16 13:30,160,84,76,0,0,0
2021-04-16 13:45,211,116,95,0,0,0
2021-04-16 14:00,158,96,62,0,0,0
2021-04-16 14:15,192,95,97,0,0,0
2021-04-16 14:30,187,87,100,0,0,0
2021-04-16 14:45,167,76,91,0,0,0
2021-04-16 15:00,159,73,86,0,0,0
2021-04-16 15:15,177,83,94,0,0,0
2021-04-16 15:30,149,67,82,0,0,0
2021-04-16 15:45,143,80,63,0,0,0
2021-04-16 16:00,152,75,77,0,0,0
2021-04-16 16:15,166,88,78,0,0,0
2021-04-16 16:30,143,66,77,0,0,0
2021-04-16 16:45,147,74,73,0,0,0
2021-04-16 17:00,144,77,67,0,0,0
2021-04-16 17:15,128,61,67,0,0,0
2021-04-16 17:30,149,61,88,0,0,0
2021-04-16 17:45,160,60,100,0,0,0
2021-04-16 18:00,144,53,91,0,0,0
2021-04-16 18:15,158,76,82,0,0,0
2021-04-16 18:30,148,72,76,0,0,0
2021-04-16 18:45,155,71,84,0,0,0
2021-04-16 19:00,138,62,76,0,0,0
2021-04-16 19:15,116,57,59,0,0,0
2021-04-16 19:30,113,52,61,0,0,0
2021-04-16 19:45,146,74,72,0,0,0
2021-04-16 20:00,111,51,60,0,0,0
2021-04-16 20:15,123,63,60,0,0,0
2021-04-16 20:30,53,28,25,0,0,0
2021-04-16 20:45,65,27,38,0,0,0
2021-04-16 21:00,49,18,31,0,0,0
2021-04-16 21:15,44,15,29,0,0,0
2021-04-16 21:30,54,21,33,0,0,0
2021-04-16 21:45,31,12,19,0,0,0
2021-04-16 22:00,34,16,18,0,0,0
2021-04-16 22:15,34,8,26,0,0,0
2021-04-16 22:30,29,10,19,0,0,0
2021-04-16 22:45,45,19,26,0,0,0
2021-04-16 23:00,27,13,14,0,0,0
2021-04-16 23:15,27,11,16,0,0,0
2021-04-16 23:30,27,12,15,0,0,0
2021-04-16 23:45,35,14,21,0,0,0
2021-04-17 00:00,32,14,18,0,0,0
2021-04-17 00:15,40,20,20,0,0,0
2021-04-17 00:30,35,14,21,0,0,0
2021-04-17 00:45,23,11,12,0,0,0
2021-04-17 01:00,39,8,31,0,0,0
2021-04-17 01:15,18,7,11,0,0,0
2021-04-17 01:30,20,8,12,0,0,0
2021-04-17 01:45,26,5,21,0,0,0
2021-04-17 02:00,20,10,10,0,0,0
2021-04-17 02:15,15,9,6,0,0,0
2021-04-17 02:30,8,5,3,0,0,0
2021-04-17 02:45,20,8,12,0,0,0
2021-04-17 03:00,15,4,11,0,0,0
2021-04-17 03:15,10,5,5,0,0,0
2021-04-17 03:30,13,1,12,0,0,0
2021-04-17 03:45,6,4,2,0,0,0
2021-04-17 04:00,5,2,3,0,0,0
2021-04-17 04:15,5,4,1,0,0,0
2021-04-17 04:30,3,0,3,0,0,0
2021-04-17 04:45,6,4,2,0,0,0
2021-04-17 05:00,6,3,3,0,0,0
2021-04-17 05:15,10,7,3,0,0,0
2021-04-17 05:30,19,11,8,0,0,0
2021-04-17 05:45,3,2,1,0,0,0
2021-04-17 06:00,7,4,3,0,0,0
2021-04-17 06:15,11,4,7,0,0,0
2021-04-17 06:30,12,4,8,0,0,0
2021-04-17 06:45,15,12,3,0,0,0
2021-04-17 07:00,10,8,2,0,0,0
2021-04-17 07:15,12,7,5,0,0,0
2021-04-17 07:30,15,14,1,0,0,0
2021-04-17 07:45,27,19,8,0,0,0
2021-04-17 08:00,33,27,6,0,0,0
2021-04-17 08:15,43,26,17,0,0,0
2021-04-17 08:30,56,34,22,0,0,0
2021-04-17 08:45,60,43,17,0,0,0
2021-04-17 09:00,50,32,18,0,0,0
2021-04-17 09:15,75,47,28,0,0,0
2021-04-17 09:30,81,54,27,0,0,0
2021-04-17 09:45,122,86,36,0,0,0
2021-04-17 10:00,96,67,29,0,0,0
2021-04-17 10:15,114,75,39,0,0,0
2021-04-17 10:30,97,49,48,0,0,0
2021-04-17 10:45,144,106,38,0,0,0
2021-04-17 11:00,132,89,43,0,0,0
2021-04-17 11:15,134,90,44,0,0,0
2021-04-17 11:30,130,88,42,0,0,0
2021-04-17 11:45,151,94,57,0,0,0
2021-04-17 12:00,140,63,77,0,0,0
2021-04-17 12:15,160,102,58,0,0,0
2021-04-17 12:30,161,75,86,0,0,0
2021-04-17 12:45,187,102,85,0,0,0
2021-04-17 13:00,162,81,81,0,0,0
2021-04-17 13:15,175,82,93,0,0,0
2021-04-17 13:30,154,68,86,0,0,0
2021-04-17 13:45,153,85,68,0,0,0
2021-04-17 14:00,129,50,79,0,0,0
2021-04-17 14:15,130,71,59,0,0,0
2021-04-17 14:30,129,69,60,0,0,0
2021-04-17 14:45,156,79,77,0,0,0
2021-04-17 15:00,133,58,75,0,0,0
2021-04-17 15:15,134,66,68,0,0,0
2021-04-17 15:30,125,52,73,0,0,0
2021-04-17 15:45,122,65,57,0,0,0
2021-04-17 16:00,143,63,80,0,0,0
2021-04-17 16:15,141,81,60,0,0,0
2021-04-17 16:30,137,62,75,0,0,0
2021-04-17 16:45,133,67,66,0,0,0
2021-04-17 17:00,135,57,78,0,0,0
2021-04-17 17:15,131,58,73,0,0,0
2021-04-17 17:30,121,55,66,0,0,0
2021-04-17 17:45,125,37,88,0,0,0
2021-04-17 18:00,138,64,74,0,0,0
2021-04-17 18:15,114,45,69,0,0,0
2021-04-17 18:30,112,42,70,0,0,0
2021-04-17 18:45,108,51,57,0,0,0
2021-04-17 19:00,88,35,53,0,0,0
2021-04-17 19:15,119,36,83,0,0,0
2021-04-17 19:30,85,30,55,0,0,0
2021-04-17 19:45,110,41,69,0,0,0
2021-04-17 20:00,84,26,58,0,0,0
2021-04-17 20:15,63,26,37,0,0,0
2021-04-17 20:30,56,22,34,0,0,0
2021-04-17 20:45,51,20,31,0,0,0
2021-04-17 21:00,43,19,24,0,0,0
2021-04-17 21:15,35,18,17,0,0,0
2021-04-17 21:30,30,11,19,0,0,0
2021-04-17 21:45,24,11,13,0,0,0
2021-04-17 22:00,32,16,16,0,0,0
2021-04-17 22:15,35,11,24,0,0,0
2021-04-17 22:30,33,14,19,0,0,0
2021-04-17 22:45,24,8,16,0,0,0
2021-04-17 23:00,26,12,14,0,0,0
2021-04-17 23:15,41,21,20,0,0,0
2021-04-17 23:30,23,8,15,0,0,0
2021-04-17 23:45,45,17,28,0,0,0
2021-04-18 00:00,19,10,9,0,0,0
2021-04-18 00:15,33,14,19,0,0,0
2021-04-18 00:30,23,15,8,0,0,0
2021-04-18 00:45,36,20,16,0,0,0
2021-04-18 01:00,18,4,14,0,0,0
2021-04-18 01:15,23,14,9,0,0,0
2021-04-18 01:30,25,10,15,0,0,0
2021-04-18 01:45,23,16,7,0,0,0
2021-04-18 02:00,10,2,8,0,0,0
2021-04-18 02:15,9,4,5,0,0,0
2021-04-18 02:30,15,8,7,0,0,0
2021-04-18 02:45,22,10,12,0,0,0
2021-04-18 03:00,25,10,15,0,0,0
2021-04-18 03:15,11,5,6,0,0,0
2021-04-18 03:30,9,4,5,0,0,0
2021-04-18 03:45,11,6,5,0,0,0
2021-04-18 04:00,3,1,2,0,0,0
2021-04-18 04:15,4,0,4,0,0,0
2021-04-18 04:30,6,2,4,0,0,0
2021-04-18 04:45,3,1,2,0,0,0
2021-04-18 05:00,2,1,1,0,0,0
2021-04-18 05:15,9,2,7,0,0,0
2021-04-18 05:30,5,3,2,0,0,0
2021-04-18 05:45,7,3,4,0,0,0
2021-04-18 06:00,3,0,3,0,0,0
2021-04-18 06:15,4,2,2,0,0,0
2021-04-18 06:30,8,4,4,0,0,0
2021-04-18 06:45,6,3,3,0,0,0
2021-04-18 07:00,6,5,1,0,0,0
2021-04-18 07:15,3,3,0,0,0,0
2021-04-18 07:30,6,3,3,0,0,0
2021-04-18 07:45,9,5,4,0,0,0
2021-04-18 08:00,9,8,1,0,0,0
2021-04-18 08:15,13,9,4,0,0,0
2021-04-18 08:30,17,13,4,0,0,0
2021-04-18 08:45,27,20,7,0,0,0
2021-04-18 09:00,19,12,7,0,0,0
2021-04-18 09:15,17,7,10,0,0,0
2021-04-18 09:30,30,18,12,0,0,0
2021-04-18 09:45,47,34,13,0,0,0
2021-04-18 10:00,51,32,19,0,0,0
2021-04-18 10:15,52,33,19,0,0,0
2021-04-18 10:30,48,22,26,0,0,0
2021-04-18 10:45,65,42,23,0,0,0
2021-04-18 11:00,44,21,23,0,0,0
2021-04-18 11:15,44,21,23,0,0,0
2021-04-18 11:30,58,36,22,0,0,0
2021-04-18 11:45,85,39,46,0,0,0
2021-04-18 12:00,79,43,36,0,0,0
2021-04-18 12:15,67,35,32,0,0,0
2021-04-18 12:30,81,47,34,0,0,0
2021-04-18 12:45,92,53,39,0,0,0
2021-04-18 13:00,78,44,34,0,0,0
2021-04-18 13:15,98,54,44,0,0,0
2021-04-18 13:30,90,57,33,0,0,0
2021-04-18 13:45,99,57,42,0,0,0
2021-04-18 14:00,98,55,43,0,0,0
2021-04-18 14:15,132,65,67,0,0,0
2021-04-18 14:30,128,66,62,0,0,0
2021-04-18 14:45,144,75,69,0,0,0
2021-04-18 15:00,146,65,81,0,0,0
2021-04-18 15:15,144,81,63,0,0,0
2021-04-18 15:30,102,53,49,0,0,0
2021-04-18 15:45,154,75,79,0,0,0
2021-04-18 16:00,142,56,86,0,0,0
2021-04-18 16:15,130,71,59,0,0,0
2021-04-18 16:30,105,37,68,0,0,0
2021-04-18 16:45,108,49,59,0,0,0
2021-04-18 17:00,87,48,39,0,0,0
2021-04-18 17:15,117,67,50,0,0,0
2021-04-18 17:30,105,39,66,0,0,0
2021-04-18 17:45,127,52,75,0,0,0
2021-04-18 18:00,134,55,79,0,0,0
2021-04-18 18:15,103,45,58,0,0,0
2021-04-18 18:30,118,51,67,0,0,0
2021-04-18 18:45,106,48,58,0,0,0
2021-04-18 19:00,77,29,48,0,0,0
2021-04-18 19:15,70,34,36,0,0,0
2021-04-18 19:30,73,30,43,0,0,0
2021-04-18 19:45,76,35,41,0,0,0
2021-04-18 20:00,90,33,57,0,0,0
2021-04-18 20:15,66,24,42,0,0,0
2021-04-18 20:30,51,20,31,0,0,0
2021-04-18 20:45,44,20,24,0,0,0
2021-04-18 21:00,67,26,41,0,0,0
2021-04-18 21:15,45,17,28,0,0,0
2021-04-18 21:30,29,8,21,0,0,0
2021-04-18 21:45,24,11,13,0,0,0
2021-04-18 22:00,38,9,29,0,0,0
2021-04-18 22:15,25,9,16,0,0,0
2021-04-18 22:30,32,16,16,0,0,0
2021-04-18 22:45,21,6,15,0,0,0
2021-04-18 23:00,24,9,15,0,0,0
2021-04-18 23:15,28,11,17,0,0,0
2021-04-18 23:30,22,9,13,0,0,0
2021-04-18 23:45,10,3,7,0,0,0
2021-04-19 00:00,13,6,7,0,0,0
2021-04-19 00:15,12,6,6,0,0,0
2021-04-19 00:30,10,1,9,0,0,0
2021-04-19 00:45,13,7,6,0,0,0
2021-04-19 01:00,10,1,9,0,0,0
2021-04-19 01:15,9,0,9,0,0,0
2021-04-19 01:30,7,2,5,0,0,0
2021-04-19 01:45,2,1,1,0,0,0
2021-04-19 02:00,1,1,0,0,0,0
2021-04-19 02:15,1,1,0,0,0,0
2021-04-19 02:30,0,0,0,0,0,0
2021-04-19 02:45,0,0,0,0,0,0
2021-04-19 03:00,2,0,2,0,0,0
2021-04-19 03:15,0,0,0,0,0,0
2021-04-19 03:30,1,0,1,0,0,0
2021-04-19 03:45,1,1,0,0,0,0
2021-04-19 04:00,1,0,1,0,0,0
2021-04-19 04:15,2,1,1,0,0,0
2021-04-19 04:30,3,2,1,0,0,0
2021-04-19 04:45,7,4,3,0,0,0
2021-04-19 05:00,3,3,0,0,0,0
2021-04-19 05:15,12,7,5,0,0,0
2021-04-19 05:30,15,12,3,0,0,0
2021-04-19 05:45,14,11,3,0,0,0
2021-04-19 06:00,16,10,6,0,0,0
2021-04-19 06:15,38,23,15,0,0,0
2021-04-19 06:30,57,37,20,0,0,0
2021-04-19 06:45,81,53,28,0,0,0
2021-04-19 07:00,95,59,36,0,0,0
2021-04-19 07:15,134,82,52,0,0,0
2021-04-19 07:30,199,148,51,0,0,0
2021-04-19 07:45,215,132,83,0,0,0
2021-04-19 08:00,180,124,56,0,0,0
2021-04-19 08:15,142,92,50,0,0,0
2021-04-19 08:30,145,83,62,0,0,0
2021-04-19 08:45,153,90,63,0,0,0
2021-04-19 09:00,88,48,40,0,0,0
2021-04-19 09:15,111,63,48,0,0,0
2021-04-19 09:30,86,60,26,0,0,0
2021-04-19 09:45,117,67,50,0,0,0
2021-04-19 10:00,98,54,44,0,0,0
2021-04-19 10:15,99,45,54,0,0,0
2021-04-19 10:30,73,43,30,0,0,0
2021-04-19 10:45,108,53,55,0,0,0
2021-04-19 11:00,85,48,37,0,0,0
2021-04-19 11:15,100,50,50,0,0,0
2021-04-19 11:30,93,50,43,0,0,0
2021-04-19 11:45,97,46,51,0,0,0
2021-04-19 12:00,113,62,51,0,0,0
2021-04-19 12:15,121,56,65,0,0,0
2021-04-19 12:30,105,44,61,0,0,0
2021-04-19 12:45,139,59,80,0,0,0
2021-04-19 13:00,128,50,78,0,0,0
2021-04-19 13:15,152,61,91,0,0,0
2021-04-19 13:30,150,64,86,0,0,0
2021-04-19 13:45,141,65,76,0,0,0
2021-04-19 14:00,128,44,84,0,0,0
2021-04-19 14:15,118,47,71,0,0,0
2021-04-19 14:30,112,53,59,0,0,0
2021-04-19 14:45,130,68,62,0,0,0
2021-04-19 15:00,121,61,60,0,0,0
2021-04-19 15:15,125,59,66,0,0,0
2021-04-19 15:30,132,60,72,0,0,0
2021-04-19 15:45,116,51,65,0,0,0
2021-04-19 16:00,168,72,96,0,0,0
2021-04-19 16:15,151,77,74,0,0,0
2021-04-19 16:30,173,76,97,0,0,0
2021-04-19 16:45,199,95,104,0,0,0
2021-04-19 17:00,192,89,103,0,0,0
2021-04-19 17:15,181,79,102,0,0,0
2021-04-19 17:30,150,65,85,0,0,0
2021-04-19 17:45,156,67,89,0,0,0
2021-04-19 18:00,145,59,86,0,0,0
2021-04-19 18:15,158,58,100,0,0,0
2021-04-19 18:30,157,72,85,0,0,0
2021-04-19 18:45,138,67,71,0,0,0
2021-04-19 19:00,109,52,57,0,0,0
2021-04-19 19:15,101,42,59,0,0,0
2021-04-19 19:30,86,39,47,0,0,0
2021-04-19 19:45,87,34,53,0,0,0
2021-04-19 20:00,86,41,45,0,0,0
2021-04-19 20:15,64,24,40,0,0,0
2021-04-19 20:30,64,28,36,0,0,0
2021-04-19 20:45,42,19,23,0,0,0
2021-04-19 21:00,37,16,21,0,0,0
2021-04-19 21:15,46,16,30,0,0,0
2021-04-19 21:30,37,16,21,0,0,0
2021-04-19 21:45,35,14,21,0,0,0
2021-04-19 22:00,31,12,19,0,0,0
2021-04-19 22:15,40,13,27,0,0,0
2021-04-19 22:30,34,11,23,0,0,0
2021-04-19 22:45,21,6,15,0,0,0
2021-04-19 23:00,16,9,7,0,0,0
2021-04-19 23:15,25,10,15,0,0,0
2021-04-19 23:30,16,6,10,0,0,0
2021-04-19 23:45,10,3,7,0,0,0
2021-04-20 00:00,18,9,9,0,0,0
2021-04-20 00:15,22,10,12,0,0,0
2021-04-20 00:30,12,7,5,0,0,0
2021-04-20 00:45,22,10,12,0,0,0
2021-04-20 01:00,9,6,3,0,0,0
2021-04-20 01:15,6,4,2,0,0,0
2021-04-20 01:30,5,1,4,0,0,0
2021-04-20 01:45,6,1,5,0,0,0
2021-04-20 02:00,2,1,1,0,0,0
2021-04-20 02:15,2,1,1,0,0,0
2021-04-20 02:30,2,2,0,0,0,0
2021-04-20 02:45,0,0,0,0,0,0
2021-04-20 03:00,0,0,0,0,0,0
2021-04-20 03:15,0,0,0,0,0,0
2021-04-20 03:30,2,1,1,0,0,0
2021-04-20 03:45,4,1,3,0,0,0
2021-04-20 04:00,3,1,2,0,0,0
2021-04-20 04:15,4,2,2,0,0,0
2021-04-20 04:30,2,1,1,0,0,0
2021-04-20 04:45,6,5,1,0,0,0
2021-04-20 05:00,8,4,4,0,0,0
2021-04-20 05:15,13,10,3,0,0,0
2021-04-20 05:30,16,11,5,0,0,0
2021-04-20 05:45,16,12,4,0,0,0
2021-04-20 06:00,26,21,5,0,0,0
2021-04-20 06:15,44,25,19,0,0,0
2021-04-20 06:30,59,37,22,0,0,0
2021-04-20 06:45,73,51,22,0,0,0
2021-04-20 07:00,93,61,32,0,0,0
2021-04-20 07:15,133,79,54,0,0,0
2021-04-20 07:30,207,141,66,0,0,0
2021-04-20 07:45,232,135,97,0,0,0
2021-04-20 08:00,164,113,51,0,0,0
2021-04-20 08:15,151,97,54,0,0,0
2021-04-20 08:30,148,104,44,0,0,0
2021-04-20 08:45,190,104,86,0,0,0
2021-04-20 09:00,130,86,44,0,0,0
2021-04-20 09:15,116,69,47,0,0,0
2021-04-20 09:30,119,77,42,0,0,0
2021-04-20 09:45,129,63,66,0,0,0
2021-04-20 10:00,94,45,49,0,0,0
2021-04-20 10:15,88,53,35,0,0,0
2021-04-20 10:30,97,43,54,0,0,0
2021-04-20 10:45,110,44,66,0,0,0
2021-04-20 11:00,75,35,40,0,0,0
2021-04-20 11:15,99,58,41,0,0,0
2021-04-20 11:30,100,46,54,0,0,0
2021-04-20 11:45,110,59,51,0,0,0
2021-04-20 12:00,131,61,70,0,0,0
2021-04-20 12:15,131,64,67,0,0,0
2021-04-20 12:30,151,67,84,0,0,0
2021-04-20 12:45,167,87,80,0,0,0
2021-04-20 13:00,145,50,95,0,0,0
2021-04-20 13:15,146,57,89,0,0,0
2021-04-20 13:30,120,49,71,0,0,0
2021-04-20 13:45,176,98,78,0,0,0
2021-04-20 14:00,144,70,74,0,0,0
2021-04-20 14:15,157,72,85,0,0,0
2021-04-20 14:30,145,59,86,0,0,0
2021-04-20 14:45,181,92,89,0,0,0
2021-04-20 15:00,166,87,79,0,0,0
2021-04-20 15:15,124,51,73,0,0,0
2021-04-20 15:30,175,73,102,0,0,0
2021-04-20 15:45,175,92,83,0,0,0
2021-04-20 16:00,217,107,110,0,0,0
2021-04-20 16:15,214,103,111,0,0,0
2021-04-20 16:30,188,88,100,0,0,0
2021-04-20 16:45,207,105,102,0,0,0
2021-04-20 17:00,189,73,116,0,0,0
2021-04-20 17:15,226,89,137,0,0,0
2021-04-20 17:30,198,94,104,0,0,0
2021-04-20 17:45,220,112,108,0,0,0
2021-04-20 18:00,189,98,91,0,0,0
2021-04-20 18:15,178,76,102,0,0,0
2021-04-20 18:30,204,100,104,0,0,0
2021-04-20 18:45,162,65,97,0,0,0
2021-04-20 19:00,166,83,83,0,0,0
2021-04-20 19:15,122,57,65,0,0,0
2021-04-20 19:30,114,54,60,0,0,0
2021-04-20 19:45,138,59,79,0,0,0
2021-04-20 20:00,129,57,72,0,0,0
2021-04-20 20:15,112,45,67,0,0,0
2021-04-20 20:30,94,32,62,0,0,0
2021-04-20 20:45,59,18,41,0,0,0
2021-04-20 21:00,51,24,27,0,0,0
2021-04-20 21:15,59,22,37,0,0,0
2021-04-20 21:30,54,16,38,0,0,0
2021-04-20 21:45,66,26,40,0,0,0
2021-04-20 22:00,38,15,23,0,0,0
2021-04-20 22:15,37,12,25,0,0,0
2021-04-20 22:30,42,19,23,0,0,0
2021-04-20 22:45,34,10,24,0,0,0
2021-04-20 23:00,41,13,28,0,0,0
2021-04-20 23:15,33,18,15,0,0,0
2021-04-20 23:30,26,9,17,0,0,0
2021-04-20 23:45,38,24,14,0,0,0
2021-04-21 00:00,18,7,11,0,0,0
2021-04-21 00:15,20,5,15,0,0,0
2021-04-21 00:30,21,12,9,0,0,0
2021-04-21 00:45,10,5,5,0,0,0
2021-04-21 01:00,6,2,4,0,0,0
2021-04-21 01:15,4,1,3,0,0,0
2021-04-21 01:30,11,2,9,0,0,0
2021-04-21 01:45,9,1,8,0,0,0
2021-04-21 02:00,6,2,4,0,0,0
2021-04-21 02:15,11,8,3,0,0,0
2021-04-21 02:30,2,2,0,0,0,0
2021-04-21 02:45,4,2,2,0,0,0
2021-04-21 03:00,3,3,0,0,0,0
2021-04-21 03:15,2,0,2,0,0,0
2021-04-21 03:30,1,0,1,0,0,0
2021-04-21 03:45,2,0,2,0,0,0
2021-04-21 04:00,6,4,2,0,0,0
2021-04-21 04:15,2,0,2,0,0,0
2021-04-21 04:30,2,1,1,0,0,0
2021-04-21 04:45,8,6,2,0,0,0
2021-04-21 05:00,5,5,0,0,0,0
2021-04-21 05:15,5,5,0,0,0,0
2021-04-21 05:30,23,15,8,0,0,0
2021-04-21 05:45,17,14,3,0,0,0
2021-04-21 06:00,31,19,12,0,0,0
2021-04-21 06:15,34,24,10,0,0,0
2021-04-21 06:30,64,45,19,0,0,0
2021-04-21 06:45,89,59,30,0,0,0
2021-04-21 07:00,90,55,35,0,0,0
2021-04-21 07:15,116,69,47,0,0,0
2021-04-21 07:30,186,120,66,0,0,0
2021-04-21 07:45,212,124,88,0,0,0
2021-04-21 08:00,158,96,62,0,0,0
2021-04-21 08:15,168,117,51,0,0,0
2021-04-21 08:30,160,97,63,0,0,0
2021-04-21 08:45,174,112,62,0,0,0
2021-04-21 09:00,125,78,47,0,0,0
2021-04-21 09:15,127,81,46,0,0,0
2021-04-21 09:30,127,84,43,0,0,0
2021-04-21 09:45,156,103,53,0,0,0
2021-04-21 10:00,132,78,54,0,0,0
2021-04-21 10:15,107,59,48,0,0,0
2021-04-21 10:30,112,63,49,0,0,0
2021-04-21 10:45,135,91,44,0,0,0
2021-04-21 11:00,94,54,40,0,0,0
2021-04-21 11:15,115,57,58,0,0,0
2021-04-21 11:30,118,57,61,0,0,0
2021-04-21 11:45,169,81,88,0,0,0
2021-04-21 12:00,138,79,59,0,0,0
2021-04-21 12:15,170,100,70,0,0,0
2021-04-21 12:30,137,65,72,0,0,0
2021-04-21 12:45,173,76,97,0,0,0
2021-04-21 13:00,157,72,85,0,0,0
2021-04-21 13:15,186,79,107,0,0,0
2021-04-21 13:30,177,72,105,0,0,0
2021-04-21 13:45,168,75,93,0,0,0
2021-04-21 14:00,176,72,104,0,0,0
2021-04-21 14:15,169,76,93,0,0,0
2021-04-21 14:30,178,83,95,0,0,0
2021-04-21 14:45,151,75,76,0,0,0
2021-04-21 15:00,147,61,86,0,0,0
2021-04-21 15:15,130,56,74,0,0,0
2021-04-21 15:30,168,74,94,0,0,0
2021-04-21 15:45,168,76,92,0,0,0
2021-04-21 16:00,173,88,85,0,0,0
2021-04-21 16:15,170,83,87,0,0,0
2021-04-21 16:30,188,83,105,0,0,0
2021-04-21 16:45,196,101,95,0,0,0
2021-04-21 17:00,182,77,105,0,0,0
2021-04-21 17:15,211,94,117,0,0,0
2021-04-21 17:30,198,88,110,0,0,0
2021-04-21 17:45,194,87,107,0,0,0
2021-04-21 18:00,190,89,101,0,0,0
2021-04-21 18:15,175,79,96,0,0,0
2021-04-21 18:30,201,91,110,0,0,0
2021-04-21 18:45,176,76,100,0,0,0
2021-04-21 19:00,151,85,66,0,0,0
2021-04-21 19:15,144,69,75,0,0,0
2021-04-21 19:30,141,61,80,0,0,0
2021-04-21 19:45,145,74,71,0,0,0
2021-04-21 20:00,101,41,60,0,0,0
2021-04-21 20:15,107,46,61,0,0,0
2021-04-21 20:30,92,39,53,0,0,0
2021-04-21 20:45,78,27,51,0,0,0
2021-04-21 21:00,54,27,27,0,0,0
2021-04-21 21:15,57,19,38,0,0,0
2021-04-21 21:30,49,15,34,0,0,0
2021-04-21 21:45,45,20,25,0,0,0
2021-04-21 22:00,36,14,22,0,0,0
2021-04-21 22:15,33,15,18,0,0,0
2021-04-21 22:30,42,20,22,0,0,0
2021-04-21 22:45,33,11,22,0,0,0
2021-04-21 23:00,41,21,20,0,0,0
2021-04-21 23:15,43,23,20,0,0,0
2021-04-21 23:30,37,18,19,0,0,0
2021-04-21 23:45,21,15,6,0,0,0
2021-04-22 00:00,21,4,17,0,0,0
2021-04-22 00:15,19,9,10,0,0,0
2021-04-22 00:30,18,8,10,0,0,0
2021-04-22 00:45,5,4,1,0,0,0
2021-04-22 01:00,4,1,3,0,0,0
2021-04-22 01:15,10,5,5,0,0,0
2021-04-22 01:30,6,2,4,0,0,0
2021-04-22 01:45,2,1,1,0,0,0
2021-04-22 02:00,6,0,6,0,0,0
2021-04-22 02:15,5,2,3,0,0,0
2021-04-22 02:30,6,1,5,0,0,0
2021-04-22 02:45,4,0,4,0,0,0
2021-04-22 03:00,3,1,2,0,0,0
2021-04-22 03:15,6,2,4,0,0,0
2021-04-22 03:30,2,2,0,0,0,0
2021-04-22 03:45,2,1,1,0,0,0
2021-04-22 04:00,5,0,5,0,0,0
2021-04-22 04:15,1,1,0,0,0,0
2021-04-22 04:30,3,2,1,0,0,0
2021-04-22 04:45,6,4,2,0,0,0
2021-04-22 05:00,3,3,0,0,0,0
2021-04-22 05:15,9,6,3,0,0,0
2021-04-22 05:30,15,11,4,0,0,0
2021-04-22 05:45,24,15,9,0,0,0
2021-04-22 06:00,19,14,5,0,0,0
2021-04-22 06:15,41,25,16,0,0,0
2021-04-22 06:30,50,30,20,0,0,0
2021-04-22 06:45,88,60,28,0,0,0
2021-04-22 07:00,59,40,19,0,0,0
2021-04-22 07:15,133,70,63,0,0,0
2021-04-22 07:30,171,118,53,0,0,0
2021-04-22 07:45,247,144,103,0,0,0
2021-04-22 08:00,182,117,65,0,0,0
2021-04-22 08:15,160,102,58,0,0,0
2021-04-22 08:30,141,93,48,0,0,0
2021-04-22 08:45,135,81,54,0,0,0
2021-04-22 09:00,112,62,50,0,0,0
2021-04-22 09:15,115,66,49,0,0,0
2021-04-22 09:30,117,65,52,0,0,0
2021-04-22 09:45,129,78,51,0,0,0
2021-04-22 10:00,105,54,51,0,0,0
2021-04-22 10:15,89,56,33,0,0,0
2021-04-22 10:30,89,51,38,0,0,0
2021-04-22 10:45,122,65,57,0,0,0
2021-04-22 11:00,95,40,55,0,0,0
2021-04-22 11:15,87,49,38,0,0,0
2021-04-22 11:30,102,58,44,0,0,0
2021-04-22 11:45,126,55,71,0,0,0
2021-04-22 12:00,118,60,58,0,0,0
2021-04-22 12:15,130,68,62,0,0,0
2021-04-22 12:30,110,64,46,0,0,0
2021-04-22 12:45,135,68,67,0,0,0
2021-04-22 13:00,163,67,96,0,0,0
2021-04-22 13:15,136,66,70,0,0,0
2021-04-22 13:30,150,68,82,0,0,0
2021-04-22 13:45,159,77,82,0,0,0
2021-04-22 14:00,142,57,85,0,0,0
2021-04-22 14:15,153,75,78,0,0,0
2021-04-22 14:30,141,63,78,0,0,0
2021-04-22 14:45,154,75,79,0,0,0
2021-04-22 15:00,150,66,84,0,0,0
2021-04-22 15:15,135,71,64,0,0,0
2021-04-22 15:30,147,90,57,0,0,0
2021-04-22 15:45,163,87,76,0,0,0
2021-04-22 16:00,171,100,71,0,0,0
2021-04-22 16:15,227,123,104,0,0,0
2021-04-22 16:30,178,103,75,0,0,0
2021-04-22 16:45,186,84,102,0,0,0
2021-04-22 17:00,189,83,106,0,0,0
2021-04-22 17:15,230,119,111,0,0,0
2021-04-22 17:30,178,88,90,0,0,0
2021-04-22 17:45,181,75,106,0,0,0
2021-04-22 18:00,184,87,97,0,0,0
2021-04-22 18:15,194,84,110,0,0,0
2021-04-22 18:30,145,69,76,0,0,0
2021-04-22 18:45,160,78,82,0,0,0
2021-04-22 19:00,151,75,76,0,0,0
2021-04-22 19:15,145,64,81,0,0,0
2021-04-22 19:30,121,51,70,0,0,0
2021-04-22 19:45,129,68,61,0,0,0
2021-04-22 20:00,125,62,63,0,0,0
2021-04-22 20:15,102,46,56,0,0,0
2021-04-22 20:30,75,31,44,0,0,0
2021-04-22 20:45,58,31,27,0,0,0
2021-04-22 21:00,46,23,23,0,0,0
2021-04-22 21:15,54,16,38,0,0,0
2021-04-22 21:30,33,14,19,0,0,0
2021-04-22 21:45,39,16,23,0,0,0
2021-04-22 22:00,43,16,27,0,0,0
2021-04-22 22:15,44,23,21,0,0,0
2021-04-22 22:30,33,12,21,0,0,0
2021-04-22 22:45,28,10,18,0,0,0
2021-04-22 23:00,35,20,15,0,0,0
2021-04-22 23:15,39,12,27,0,0,0
2021-04-22 23:30,36,15,21,0,0,0
2021-04-22 23:45,25,11,14,0,0,0
2021-04-23 00:00,19,11,8,0,0,0
2021-04-23 00:15,26,12,14,0,0,0
2021-04-23 00:30,8,2,6,0,0,0
2021-04-23 00:45,15,10,5,0,0,0
2021-04-23 01:00,3,1,2,0,0,0
2021-04-23 01:15,3,0,3,0,0,0
2021-04-23 01:30,11,4,7,0,0,0
2021-04-23 01:45,4,1,3,0,0,0
2021-04-23 02:00,6,4,2,0,0,0
2021-04-23 02:15,4,1,3,0,0,0
2021-04-23 02:30,3,1,2,0,0,0
2021-04-23 02:45,4,0,4,0,0,0
2021-04-23 03:00,2,0,2,0,0,0
2021-04-23 03:15,1,0,1,0,0,0
2021-04-23 03:30,1,1,0,0,0,0
2021-04-23 03:45,1,0,1,0,0,0
2021-04-23 04:00,5,1,4,0,0,0
2021-04-23 04:15,0,0,0,0,0,0
2021-04-23 04:30,4,3,1,0,0,0
2021-04-23 04:45,5,3,2,0,0,0
2021-04-23 05:00,9,6,3,0,0,0
2021-04-23 05:15,11,7,4,0,0,0
2021-04-23 05:30,19,10,9,0,0,0
2021-04-23 05:45,15,10,5,0,0,0
2021-04-23 06:00,26,18,8,0,0,0
2021-04-23 06:15,32,21,11,0,0,0
2021-04-23 06:30,49,38,11,0,0,0
2021-04-23 06:45,72,44,28,0,0,0
2021-04-23 07:00,84,62,22,0,0,0
2021-04-23 07:15,98,56,42,0,0,0
2021-04-23 07:30,163,107,56,0,0,0
2021-04-23 07:45,205,124,81,0,0,0
2021-04-23 08:00,150,96,54,0,0,0
2021-04-23 08:15,146,95,51,0,0,0
2021-04-23 08:30,120,71,49,0,0,0
2021-04-23 08:45,143,69,74,0,0,0
2021-04-23 09:00,109,62,47,0,0,0
2021-04-23 09:15,112,57,55,0,0,0
2021-04-23 09:30,92,61,31,0,0,0
2021-04-23 09:45,125,73,52,0,0,0
2021-04-23 10:00,82,47,35,0,0,0
2021-04-23 10:15,94,53,41,0,0,0
2021-04-23 10:30,95,59,36,0,0,0
2021-04-23 10:45,101,55,46,0,0,0
2021-04-23 11:00,97,52,45,0,0,0
2021-04-23 11:15,98,59,39,0,0,0
2021-04-23 11:30,92,39,53,0,0,0
2021-04-23 11:45,118,69,49,0,0,0
2021-04-23 12:00,122,67,55,0,0,0
2021-04-23 12:15,143,74,69,0,0,0
2021-04-23 12:30,146,78,68,0,0,0
2021-04-23 12:45,157,78,79,0,0,0
2021-04-23 13:00,176,73,103,0,0,0
2021-04-23 13:15,185,72,113,0,0,0
2021-04-23 13:30,173,65,108,0,0,0
2021-04-23 13:45,189,85,104,0,0,0
2021-04-23 14:00,159,85,74,0,0,0
2021-04-23 14:15,165,75,90,0,0,0
2021-04-23 14:30,164,87,77,0,0,0
2021-04-23 14:45,169,91,78,0,0,0
2021-04-23 15:00,162,92,70,0,0,0
2021-04-23 15:15,155,68,87,0,0,0
2021-04-23 15:30,177,84,93,0,0,0
2021-04-23 15:45,166,92,74,0,0,0
2021-04-23 16:00,170,92,78,0,0,0
2021-04-23 16:15,178,96,82,0,0,0
2021-04-23 16:30,175,81,94,0,0,0
2021-04-23 16:45,191,109,82,0,0,0
2021-04-23 17:00,162,90,72,0,0,0
2021-04-23 17:15,175,82,93,0,0,0
2021-04-23 17:30,151,81,70,0,0,0
2021-04-23 17:45,207,106,101,0,0,0
2021-04-23 18:00,199,89,110,0,0,0
2021-04-23 18:15,186,87,99,0,0,0
2021-04-23 18:30,139,85,54,0,0,0
2021-04-23 18:45,160,91,69,0,0,0
2021-04-23 19:00,146,80,66,0,0,0
2021-04-23 19:15,146,70,76,0,0,0
2021-04-23 19:30,153,77,76,0,0,0
2021-04-23 19:45,134,79,55,0,0,0
2021-04-23 20:00,119,60,59,0,0,0
2021-04-23 20:15,120,62,58,0,0,0
2021-04-23 20:30,80,40,40,0,0,0
2021-04-23 20:45,72,32,40,0,0,0
2021-04-23 21:00,74,21,53,0,0,0
2021-04-23 21:15,61,26,35,0,0,0
2021-04-23 21:30,55,28,27,0,0,0
2021-04-23 21:45,56,28,28,0,0,0
2021-04-23 22:00,37,15,22,0,0,0
2021-04-23 22:15,37,12,25,0,0,0
2021-04-23 22:30,30,12,18,0,0,0
2021-04-23 22:45,26,10,16,0,0,0
2021-04-23 23:00,44,16,28,0,0,0
2021-04-23 23:15,48,23,25,0,0,0
2021-04-23 23:30,42,11,31,0,0,0
2021-04-23 23:45,52,21,31,0,0,0
2021-04-24 00:00,33,12,21,0,0,0
2021-04-24 00:15,31,9,22,0,0,0
2021-04-24 00:30,32,12,20,0,0,0
2021-04-24 00:45,15,6,9,0,0,0
2021-04-24 01:00,29,12,17,0,0,0
2021-04-24 01:15,31,12,19,0,0,0
2021-04-24 01:30,28,7,21,0,0,0
2021-04-24 01:45,22,6,16,0,0,0
2021-04-24 02:00,19,5,14,0,0,0
2021-04-24 02:15,16,6,10,0,0,0
2021-04-24 02:30,26,13,13,0,0,0
2021-04-24 02:45,11,4,7,0,0,0
2021-04-24 03:00,10,6,4,0,0,0
2021-04-24 03:15,15,6,9,0,0,0
2021-04-24 03:30,7,3,4,0,0,0
2021-04-24 03:45,11,2,9,0,0,0
2021-04-24 04:00,3,1,2,0,0,0
2021-04-24 04:15,6,2,4,0,0,0
2021-04-24 04:30,4,2,2,0,0,0
2021-04-24 04:45,5,4,1,0,0,0
2021-04-24 05:00,11,2,9,0,0,0
2021-04-24 05:15,7,5,2,0,0,0
2021-04-24 05:30,8,7,1,0,0,0
2021-04-24 05:45,13,9,4,0,0,0
2021-04-24 06:00,12,7,5,0,0,0
2021-04-24 06:15,8,4,4,0,0,0
2021-04-24 06:30,7,5,2,0,0,0
2021-04-24 06:45,10,8,2,0,0,0
2021-04-24 07:00,10,10,0,0,0,0
2021-04-24 07:15,26,19,7,0,0,0
2021-04-24 07:30,25,14,11,0,0,0
2021-04-24 07:45,27,20,7,0,0,0
2021-04-24 08:00,31,23,8,0,0,0
2021-04-24 08:15,40,26,14,0,0,0
2021-04-24 08:30,39,24,15,0,0,0
2021-04-24 08:45,53,33,20,0,0,0
2021-04-24 09:00,52,35,17,0,0,0
2021-04-24 09:15,78,49,29,0,0,0
2021-04-24 09:30,99,67,32,0,0,0
2021-04-24 09:45,105,73,32,0,0,0
2021-04-24 10:00,91,50,41,0,0,0
2021-04-24 10:15,116,75,41,0,0,0
2021-04-24 10:30,119,71,48,0,0,0
2021-04-24 10:45,121,85,36,0,0,0
2021-04-24 11:00,124,76,48,0,0,0
2021-04-24 11:15,132,71,61,0,0,0
2021-04-24 11:30,120,61,59,0,0,0
2021-04-24 11:45,155,90,65,0,0,0
2021-04-24 12:00,150,82,68,0,0,0
2021-04-24 12:15,127,79,48,0,0,0
2021-04-24 12:30,141,90,51,0,0,0
2021-04-24 12:45,126,81,45,0,0,0
2021-04-24 13:00,172,102,70,0,0,0
2021-04-24 13:15,168,69,99,0,0,0
2021-04-24 13:30,165,87,78,0,0,0
2021-04-24 13:45,199,96,103,0,0,0
2021-04-24 14:00,178,86,92,0,0,0
2021-04-24 14:15,176,96,80,0,0,0
2021-04-24 14:30,182,96,86,0,0,0
2021-04-24 14:45,186,78,108,0,0,0
2021-04-24 15:00,147,73,74,0,0,0
2021-04-24 15:15,130,53,77,0,0,0
2021-04-24 15:30,163,68,95,0,0,0
2021-04-24 15:45,121,61,60,0,0,0
2021-04-24 16:00,125,61,64,0,0,0
2021-04-24 16:15,127,68,59,0,0,0
2021-04-24 16:30,141,70,71,0,0,0
2021-04-24 16:45,133,55,78,0,0,0
2021-04-24 17:00,148,69,79,0,0,0
2021-04-24 17:15,135,71,64,0,0,0
2021-04-24 17:30,128,56,72,0,0,0
2021-04-24 17:45,128,53,75,0,0,0
2021-04-24 18:00,132,50,82,0,0,0
2021-04-24 18:15,142,71,71,0,0,0
2021-04-24 18:30,127,56,71,0,0,0
2021-04-24 18:45,137,60,77,0,0,0
2021-04-24 19:00,123,60,63,0,0,0
2021-04-24 19:15,103,43,60,0,0,0
2021-04-24 19:30,95,31,64,0,0,0
2021-04-24 19:45,99,52,47,0,0,0
2021-04-24 20:00,78,40,38,0,0,0
2021-04-24 20:15,62,23,39,0,0,0
2021-04-24 20:30,79,33,46,0,0,0
2021-04-24 20:45,66,29,37,0,0,0
2021-04-24 21:00,60,25,35,0,0,0
2021-04-24 21:15,54,18,36,0,0,0
2021-04-24 21:30,47,15,32,0,0,0
2021-04-24 21:45,39,16,23,0,0,0
2021-04-24 22:00,41,11,30,0,0,0
2021-04-24 22:15,45,11,34,0,0,0
2021-04-24 22:30,33,17,16,0,0,0
2021-04-24 22:45,29,13,16,0,0,0
2021-04-24 23:00,30,7,23,0,0,0
2021-04-24 23:15,32,13,19,0,0,0
2021-04-24 23:30,31,11,20,0,0,0
2021-04-24 23:45,26,9,17,0,0,0
2021-04-25 00:00,24,10,14,0,0,0
2021-04-25 00:15,36,20,16,0,0,0
2021-04-25 00:30,38,22,16,0,0,0
2021-04-25 00:45,22,12,10,0,0,0
2021-04-25 01:00,14,7,7,0,0,0
2021-04-25 01:15,18,8,10,0,0,0
2021-04-25 01:30,18,10,8,0,0,0
2021-04-25 01:45,11,2,9,0,0,0
2021-04-25 02:00,9,5,4,0,0,0
2021-04-25 02:15,13,6,7,0,0,0
2021-04-25 02:30,7,2,5,0,0,0
2021-04-25 02:45,12,7,5,0,0,0
2021-04-25 03:00,5,4,1,0,0,0
2021-04-25 03:15,11,8,3,0,0,0
2021-04-25 03:30,6,2,4,0,0,0
2021-04-25 03:45,2,2,0,0,0,0
2021-04-25 04:00,3,0,3,0,0,0
2021-04-25 04:15,4,2,2,0,0,0
2021-04-25 04:30,4,1,3,0,0,0
2021-04-25 04:45,2,1,1,0,0,0
2021-04-25 05:00,4,2,2,0,0,0
2021-04-25 05:15,2,0,2,0,0,0
2021-04-25 05:30,3,2,1,0,0,0
2021-04-25 05:45,7,2,5,0,0,0
2021-04-25 06:00,10,7,3,0,0,0
2021-04-25 06:15,3,3,0,0,0,0
2021-04-25 06:30,6,4,2,0,0,0
2021-04-25 06:45,4,2,2,0,0,0
2021-04-25 07:00,3,2,1,0,0,0
2021-04-25 07:15,7,2,5,0,0,0
2021-04-25 07:30,21,12,9,0,0,0
2021-04-25 07:45,14,7,7,0,0,0
2021-04-25 08:00,15,9,6,0,0,0
2021-04-25 08:15,9,4,5,0,0,0
2021-04-25 08:30,24,12,12,0,0,0
2021-04-25 08:45,20,15,5,0,0,0
2021-04-25 09:00,24,16,8,0,0,0
2021-04-25 09:15,35,25,10,0,0,0
2021-04-25 09:30,43,20,23,0,0,0
2021-04-25 09:45,42,22,20,0,0,0
2021-04-25 10:00,46,25,21,0,0,0
2021-04-25 10:15,55,28,27,0,0,0
2021-04-25 10:30,54,29,25,0,0,0
2021-04-25 10:45,52,22,30,0,0,0
2021-04-25 11:00,63,35,28,0,0,0
2021-04-25 11:15,52,33,19,0,0,0
2021-04-25 11:30,61,30,31,0,0,0
2021-04-25 11:45,60,39,21,0,0,0
2021-04-25 12:00,53,22,31,0,0,0
2021-04-25 12:15,85,34,51,0,0,0
2021-04-25 12:30,66,39,27,0,0,0
2021-04-25 12:45,52,27,25,0,0,0
2021-04-25 13:00,94,48,46,0,0,0
2021-04-25 13:15,86,44,42,0,0,0
2021-04-25 13:30,83,44,39,0,0,0
2021-04-25 13:45,113,56,57,0,0,0
2021-04-25 14:00,96,43,53,0,0,0
2021-04-25 14:15,102,53,49,0,0,0
2021-04-25 14:30,117,71,46,0,0,0
2021-04-25 14:45,127,67,60,0,0,0
2021-04-25 15:00,148,74,74,0,0,0
2021-04-25 15:15,119,59,60,0,0,0
2021-04-25 15:30,129,66,63,0,0,0
2021-04-25 15:45,134,81,53,0,0,0
2021-04-25 16:00,108,64,44,0,0,0
2021-04-25 16:15,106,53,53,0,0,0
2021-04-25 16:30,144,66,78,0,0,0
2021-04-25 16:45,152,84,68,0,0,0
2021-04-25 17:00,121,57,64,0,0,0
2021-04-25 17:15,120,70,50,0,0,0
2021-04-25 17:30,129,62,67,0,0,0
2021-04-25 17:45,144,71,73,0,0,0
2021-04-25 18:00,120,62,58,0,0,0
2021-04-25 18:15,141,76,65,0,0,0
2021-04-25 18:30,90,43,47,0,0,0
2021-04-25 18:45,128,62,66,0,0,0
2021-04-25 19:00,104,46,58,0,0,0
2021-04-25 19:15,93,49,44,0,0,0
2021-04-25 19:30,96,48,48,0,0,0
2021-04-25 19:45,86,36,50,0,0,0
2021-04-25 20:00,69,39,30,0,0,0
2021-04-25 20:15,66,33,33,0,0,0
2021-04-25 20:30,67,25,42,0,0,0
2021-04-25 20:45,62,27,35,0,0,0
2021-04-25 21:00,40,14,26,0,0,0
2021-04-25 21:15,21,4,17,0,0,0
2021-04-25 21:30,35,16,19,0,0,0
2021-04-25 21:45,35,17,18,0,0,0
2021-04-25 22:00,34,13,21,0,0,0
2021-04-25 22:15,32,14,18,0,0,0
2021-04-25 22:30,34,14,20,0,0,0
2021-04-25 22:45,19,6,13,0,0,0
2021-04-25 23:00,22,9,13,0,0,0
2021-04-25 23:15,20,5,15,0,0,0
2021-04-25 23:30,14,3,11,0,0,0
2021-04-25 23:45,13,4,9,0,0,0
2021-04-26 00:00,17,4,13,0,0,0
2021-04-26 00:15,9,5,4,0,0,0
2021-04-26 00:30,10,5,5,0,0,0
2021-04-26 00:45,11,8,3,0,0,0
2021-04-26 01:00,3,1,2,0,0,0
2021-04-26 01:15,4,1,3,0,0,0
2021-04-26 01:30,6,2,4,0,0,0
2021-04-26 01:45,3,1,2,0,0,0
2021-04-26 02:00,1,0,1,0,0,0
2021-04-26 02:15,2,1,1,0,0,0
2021-04-26 02:30,0,0,0,0,0,0
2021-04-26 02:45,1,1,0,0,0,0
2021-04-26 03:00,2,2,0,0,0,0
2021-04-26 03:15,0,0,0,0,0,0
2021-04-26 03:30,1,0,1,0,0,0
2021-04-26 03:45,2,1,1,0,0,0
2021-04-26 04:00,1,0,1,0,0,0
2021-04-26 04:15,4,1,3,0,0,0
2021-04-26 04:30,1,0,1,0,0,0
2021-04-26 04:45,6,5,1,0,0,0
2021-04-26 05:00,3,3,0,0,0,0
2021-04-26 05:15,11,8,3,0,0,0
2021-04-26 05:30,16,12,4,0,0,0
2021-04-26 05:45,17,10,7,0,0,0
2021-04-26 06:00,21,12,9,0,0,0
2021-04-26 06:15,37,21,16,0,0,0
2021-04-26 06:30,52,40,12,0,0,0
2021-04-26 06:45,62,44,18,0,0,0
2021-04-26 07:00,78,46,32,0,0,0
2021-04-26 07:15,143,86,57,0,0,0
2021-04-26 07:30,203,136,67,0,0,0
2021-04-26 07:45,233,132,101,0,0,0
2021-04-26 08:00,192,113,79,0,0,0
2021-04-26 08:15,140,80,60,0,0,0
2021-04-26 08:30,169,105,64,0,0,0
2021-04-26 08:45,163,83,80,0,0,0
2021-04-26 09:00,124,66,58,0,0,0
2021-04-26 09:15,92,53,39,0,0,0
2021-04-26 09:30,117,66,51,0,0,0
2021-04-26 09:45,139,83,56,0,0,0
2021-04-26 10:00,105,55,50,0,0,0
2021-04-26 10:15,101,53,48,0,0,0
2021-04-26 10:30,88,41,47,0,0,0
2021-04-26 10:45,96,57,39,0,0,0
2021-04-26 11:00,95,44,51,0,0,0
2021-04-26 11:15,103,55,48,0,0,0
2021-04-26 11:30,98,49,49,0,0,0
2021-04-26 11:45,121,64,57,0,0,0
2021-04-26 12:00,129,70,59,0,0,0
2021-04-26 12:15,142,73,69,0,0,0
2021-04-26 12:30,140,72,68,0,0,0
2021-04-26 12:45,154,87,67,0,0,0
2021-04-26 13:00,172,86,86,0,0,0
2021-04-26 13:15,157,73,84,0,0,0
2021-04-26 13:30,160,62,98,0,0,0
2021-04-26 13:45,163,74,89,0,0,0
2021-04-26 14:00,147,76,71,0,0,0
2021-04-26 14:15,168,86,82,0,0,0
2021-04-26 14:30,148,71,77,0,0,0
2021-04-26 14:45,178,85,93,0,0,0
2021-04-26 15:00,152,68,84,0,0,0
2021-04-26 15:15,164,89,75,0,0,0
2021-04-26 15:30,172,93,79,0,0,0
2021-04-26 15:45,187,94,93,0,0,0
2021-04-26 16:00,172,71,101,0,0,0
2021-04-26 16:15,206,112,94,0,0,0
2021-04-26 16:30,206,99,107,0,0,0
2021-04-26 16:45,217,112,105,0,0,0
2021-04-26 17:00,189,102,87,0,0,0
2021-04-26 17:15,204,92,112,0,0,0
2021-04-26 17:30,198,82,116,0,0,0
2021-04-26 17:45,208,89,119,0,0,0
2021-04-26 18:00,163,80,83,0,0,0
2021-04-26 18:15,200,78,122,0,0,0
2021-04-26 18:30,161,72,89,0,0,0
2021-04-26 18:45,146,71,75,0,0,0
2021-04-26 19:00,147,72,75,0,0,0
2021-04-26 19:15,124,68,56,0,0,0
2021-04-26 19:30,118,62,56,0,0,0
2021-04-26 19:45,106,48,58,0,0,0
2021-04-26 20:00,100,51,49,0,0,0
2021-04-26 20:15,60,27,33,0,0,0
2021-04-26 20:30,76,30,46,0,0,0
2021-04-26 20:45,54,25,29,0,0,0
2021-04-26 21:00,65,25,40,0,0,0
2021-04-26 21:15,51,20,31,0,0,0
2021-04-26 21:30,45,19,26,0,0,0
2021-04-26 21:45,54,22,32,0,0,0
2021-04-26 22:00,29,14,15,0,0,0
2021-04-26 22:15,32,18,14,0,0,0
2021-04-26 22:30,31,8,23,0,0,0
2021-04-26 22:45,34,12,22,0,0,0
2021-04-26 23:00,29,12,17,0,0,0
2021-04-26 23:15,19,5,14,0,0,0
2021-04-26 23:30,5,3,2,0,0,0
2021-04-26 23:45,23,7,16,0,0,0
2021-04-27 00:00,7,5,2,0,0,0
2021-04-27 00:15,11,1,10,0,0,0
2021-04-27 00:30,14,7,7,0,0,0
2021-04-27 00:45,8,3,5,0,0,0
2021-04-27 01:00,6,2,4,0,0,0
2021-04-27 01:15,5,3,2,0,0,0
2021-04-27 01:30,10,3,7,0,0,0
2021-04-27 01:45,5,1,4,0,0,0
2021-04-27 02:00,1,0,1,0,0,0
2021-04-27 02:15,5,2,3,0,0,0
2021-04-27 02:30,0,0,0,0,0,0
2021-04-27 02:45,0,0,0,0,0,0
2021-04-27 03:00,2,2,0,0,0,0
2021-04-27 03:15,0,0,0,0,0,0
2021-04-27 03:30,0,0,0,0,0,0
2021-04-27 03:45,1,0,1,0,0,0
2021-04-27 04:00,3,1,2,0,0,0
2021-04-27 04:15,2,0,2,0,0,0
2021-04-27 04:30,4,2,2,0,0,0
2021-04-27 04:45,8,7,1,0,0,0
2021-04-27 05:00,2,2,0,0,0,0
2021-04-27 05:15,13,12,1,0,0,0
2021-04-27 05:30,23,13,10,0,0,0
2021-04-27 05:45,23,16,7,0,0,0
2021-04-27 06:00,26,19,7,0,0,0
2021-04-27 06:15,34,19,15,0,0,0
2021-04-27 06:30,57,42,15,0,0,0
2021-04-27 06:45,71,46,25,0,0,0
2021-04-27 07:00,87,56,31,0,0,0
2021-04-27 07:15,123,78,45,0,0,0
2021-04-27 07:30,185,122,63,0,0,0
2021-04-27 07:45,234,151,83,0,0,0
2021-04-27 08:00,161,100,61,0,0,0
2021-04-27 08:15,164,96,68,0,0,0
2021-04-27 08:30,155,94,61,0,0,0
2021-04-27 08:45,142,85,57,0,0,0
2021-04-27 09:00,117,73,44,0,0,0
2021-04-27 09:15,115,65,50,0,0,0
2021-04-27 09:30,101,57,44,0,0,0
2021-04-27 09:45,101,69,32,0,0,0
2021-04-27 10:00,97,60,37,0,0,0
2021-04-27 10:15,108,59,49,0,0,0
2021-04-27 10:30,104,53,51,0,0,0
2021-04-27 10:45,117,66,51,0,0,0
2021-04-27 11:00,96,51,45,0,0,0
2021-04-27 11:15,109,48,61,0,0,0
2021-04-27 11:30,129,72,57,0,0,0
2021-04-27 11:45,125,56,69,0,0,0
2021-04-27 12:00,121,51,70,0,0,0
2021-04-27 12:15,133,70,63,0,0,0
2021-04-27 12:30,148,76,72,0,0,0
2021-04-27 12:45,152,76,76,0,0,0
2021-04-27 13:00,163,66,97,0,0,0
2021-04-27 13:15,177,76,101,0,0,0
2021-04-27 13:30,158,68,90,0,0,0
2021-04-27 13:45,164,91,73,0,0,0
2021-04-27 14:00,161,63,98,0,0,0
2021-04-27 14:15,179,89,90,0,0,0
2021-04-27 14:30,175,84,91,0,0,0
2021-04-27 14:45,171,100,71,0,0,0
2021-04-27 15:00,150,65,85,0,0,0
2021-04-27 15:15,142,78,64,0,0,0
2021-04-27 15:30,179,98,81,0,0,0
2021-04-27 15:45,187,112,75,0,0,0
2021-04-27 16:00,176,109,67,0,0,0
2021-04-27 16:15,189,87,102,0,0,0
2021-04-27 16:30,191,96,95,0,0,0
2021-04-27 16:45,244,118,126,0,0,0
2021-04-27 17:00,227,106,121,0,0,0
2021-04-27 17:15,248,127,121,0,0,0
2021-04-27 17:30,226,108,118,0,0,0
2021-04-27 17:45,238,131,107,0,0,0
2021-04-27 18:00,217,103,114,0,0,0
2021-04-27 18:15,227,87,140,0,0,0
2021-04-27 18:30,172,84,88,0,0,0
2021-04-27 18:45,186,95,91,0,0,0
2021-04-27 19:00,153,84,69,0,0,0
2021-04-27 19:15,131,61,70,0,0,0
2021-04-27 19:30,127,63,64,0,0,0
2021-04-27 19:45,117,57,60,0,0,0
2021-04-27 20:00,136,54,82,0,0,0
2021-04-27 20:15,121,51,70,0,0,0
2021-04-27 20:30,102,45,57,0,0,0
2021-04-27 20:45,88,25,63,0,0,0
2021-04-27 21:00,65,22,43,0,0,0
2021-04-27 21:15,61,26,35,0,0,0
2021-04-27 21:30,67,32,35,0,0,0
2021-04-27 21:45,42,13,29,0,0,0
2021-04-27 22:00,44,22,22,0,0,0
2021-04-27 22:15,39,13,26,0,0,0
2021-04-27 22:30,28,8,20,0,0,0
2021-04-27 22:45,48,23,25,0,0,0
2021-04-27 23:00,36,12,24,0,0,0
2021-04-27 23:15,31,13,18,0,0,0
2021-04-27 23:30,24,8,16,0,0,0
2021-04-27 23:45,34,13,21,0,0,0
2021-04-28 00:00,10,3,7,0,0,0
2021-04-28 00:15,12,5,7,0,0,0
2021-04-28 00:30,13,5,8,0,0,0
2021-04-28 00:45,11,6,5,0,0,0
2021-04-28 01:00,11,3,8,0,0,0
2021-04-28 01:15,6,4,2,0,0,0
2021-04-28 01:30,6,1,5,0,0,0
2021-04-28 01:45,3,1,2,0,0,0
2021-04-28 02:00,5,3,2,0,0,0
2021-04-28 02:15,7,3,4,0,0,0
2021-04-28 02:30,4,3,1,0,0,0
2021-04-28 02:45,1,0,1,0,0,0
2021-04-28 03:00,1,0,1,0,0,0
2021-04-28 03:15,0,0,0,0,0,0
2021-04-28 03:30,1,0,1,0,0,0
2021-04-28 03:45,1,1,0,0,0,0
2021-04-28 04:00,0,0,0,0,0,0
2021-04-28 04:15,2,0,2,0,0,0
2021-04-28 04:30,4,1,3,0,0,0
2021-04-28 04:45,7,6,1,0,0,0
2021-04-28 05:00,4,3,1,0,0,0
2021-04-28 05:15,15,13,2,0,0,0
2021-04-28 05:30,19,9,10,0,0,0
2021-04-28 05:45,14,11,3,0,0,0
2021-04-28 06:00,33,20,13,0,0,0
2021-04-28 06:15,40,25,15,0,0,0
2021-04-28 06:30,50,37,13,0,0,0
2021-04-28 06:45,78,58,20,0,0,0
2021-04-28 07:00,78,56,22,0,0,0
2021-04-28 07:15,142,93,49,0,0,0
2021-04-28 07:30,213,145,68,0,0,0
2021-04-28 07:45,223,133,90,0,0,0
2021-04-28 08:00,175,109,66,0,0,0
2021-04-28 08:15,184,116,68,0,0,0
2021-04-28 08:30,164,104,60,0,0,0
2021-04-28 08:45,160,95,65,0,0,0
2021-04-28 09:00,147,92,55,0,0,0
2021-04-28 09:15,153,109,44,0,0,0
2021-04-28 09:30,132,83,49,0,0,0
2021-04-28 09:45,157,102,55,0,0,0
2021-04-28 10:00,117,68,49,0,0,0
2021-04-28 10:15,115,71,44,0,0,0
2021-04-28 10:30,108,59,49,0,0,0
2021-04-28 10:45,139,72,67,0,0,0
2021-04-28 11:00,117,53,64,0,0,0
2021-04-28 11:15,120,66,54,0,0,0
2021-04-28 11:30,136,65,71,0,0,0
2021-04-28 11:45,158,76,82,0,0,0
2021-04-28 12:00,153,68,85,0,0,0
2021-04-28 12:15,198,95,103,0,0,0
2021-04-28 12:30,177,78,99,0,0,0
2021-04-28 12:45,183,97,86,0,0,0
2021-04-28 13:00,227,100,127,0,0,0
2021-04-28 13:15,218,97,121,0,0,0
2021-04-28 13:30,212,88,124,0,0,0
2021-04-28 13:45,203,95,108,0,0,0
2021-04-28 14:00,194,87,107,0,0,0
2021-04-28 14:15,193,86,107,0,0,0
2021-04-28 14:30,197,100,97,0,0,0
2021-04-28 14:45,180,92,88,0,0,0
2021-04-28 15:00,199,80,119,0,0,0
2021-04-28 15:15,154,79,75,0,0,0
2021-04-28 15:30,209,93,116,0,0,0
2021-04-28 15:45,201,95,106,0,0,0
2021-04-28 16:00,224,107,117,0,0,0
2021-04-28 16:15,231,118,113,0,0,0
2021-04-28 16:30,225,112,113,0,0,0
2021-04-28 16:45,250,131,119,0,0,0
2021-04-28 17:00,228,106,122,0,0,0
2021-04-28 17:15,256,136,120,0,0,0
2021-04-28 17:30,217,96,121,0,0,0
2021-04-28 17:45,256,113,143,0,0,0
2021-04-28 18:00,248,100,148,0,0,0
2021-04-28 18:15,232,116,116,0,0,0
2021-04-28 18:30,206,95,111,0,0,0
2021-04-28 18:45,237,108,129,0,0,0
2021-04-28 19:00,174,91,83,0,0,0
2021-04-28 19:15,145,60,85,0,0,0
2021-04-28 19:30,152,69,83,0,0,0
2021-04-28 19:45,137,72,65,0,0,0
2021-04-28 20:00,123,47,76,0,0,0
2021-04-28 20:15,125,48,77,0,0,0
2021-04-28 20:30,118,42,76,0,0,0
2021-04-28 20:45,82,32,50,0,0,0
2021-04-28 21:00,83,33,50,0,0,0
2021-04-28 21:15,69,27,42,0,0,0
2021-04-28 21:30,80,29,51,0,0,0
2021-04-28 21:45,59,22,37,0,0,0
2021-04-28 22:00,41,14,27,0,0,0
2021-04-28 22:15,55,13,42,0,0,0
2021-04-28 22:30,54,22,32,0,0,0
2021-04-28 22:45,47,17,30,0,0,0
2021-04-28 23:00,45,17,28,0,0,0
2021-04-28 23:15,47,16,31,0,0,0
2021-04-28 23:30,29,13,16,0,0,0
2021-04-28 23:45,26,8,18,0,0,0
2021-04-29 00:00,7,7,,0,0,
2021-04-29 00:15,7,7,,0,0,
2021-04-29 00:30,5,5,,0,0,
2021-04-29 00:45,7,7,,0,0,
2021-04-29 01:00,6,6,,0,0,
2021-04-29 01:15,6,6,,0,0,
2021-04-29 01:30,6,6,,0,0,
2021-04-29 01:45,2,2,,0,0,
2021-04-29 02:00,2,2,,0,0,
2021-04-29 02:15,2,2,,0,0,
2021-04-29 02:30,3,3,,0,0,
2021-04-29 02:45,0,0,,0,0,
2021-04-29 03:00,1,1,,0,0,
2021-04-29 03:15,0,0,,0,0,
2021-04-29 03:30,4,4,,0,0,
2021-04-29 03:45,1,1,,0,0,
2021-04-29 04:00,1,1,,0,0,
2021-04-29 04:15,0,0,,0,0,
2021-04-29 04:30,1,1,,0,0,
2021-04-29 04:45,5,5,,0,0,
2021-04-29 05:00,3,3,,0,0,
2021-04-29 05:15,10,10,,0,0,
2021-04-29 05:30,13,13,,0,0,
2021-04-29 05:45,14,14,,0,0,
2021-04-29 06:00,16,16,,0,0,
2021-04-29 06:15,19,19,,0,0,
2021-04-29 06:30,32,32,,0,0,
2021-04-29 06:45,44,44,,0,0,
2021-04-29 07:00,50,50,,0,0,
2021-04-29 07:15,73,73,,0,0,
2021-04-29 07:30,125,125,,0,0,
2021-04-29 07:45,141,141,,0,0,
2021-04-29 08:00,104,104,,0,0,
2021-04-29 08:15,98,98,,0,0,
2021-04-29 08:30,91,91,,0,0,
2021-04-29 08:45,86,86,,0,0,
2021-04-29 09:00,67,67,,0,0,
2021-04-29 09:15,63,63,,0,0,
2021-04-29 09:30,68,68,,0,0,
2021-04-29 09:45,82,82,,0,0,
2021-04-29 10:00,45,45,,0,0,
2021-04-29 10:15,51,51,,0,0,
2021-04-29 10:30,48,48,,0,0,
2021-04-29 10:45,54,54,,0,0,
2021-04-29 11:00,41,41,,0,0,
2021-04-29 11:15,46,46,,0,0,
2021-04-29 11:30,72,72,,0,0,
2021-04-29 11:45,66,66,,0,0,
2021-04-29 12:00,54,54,,0,0,
2021-04-29 12:15,64,64,,0,0,
2021-04-29 12:30,66,66,,0,0,
2021-04-29 12:45,65,65,,0,0,
2021-04-29 13:00,58,58,,0,0,
2021-04-29 13:15,65,65,,0,0,
2021-04-29 13:30,69,69,,0,0,
2021-04-29 13:45,56,56,,0,0,
2021-04-29 14:00,66,66,,0,0,
2021-04-29 14:15,63,63,,0,0,
2021-04-29 14:30,74,74,,0,0,
2021-04-29 14:45,71,71,,0,0,
2021-04-29 15:00,65,65,,0,0,
2021-04-29 15:15,55,55,,0,0,
2021-04-29 15:30,55,55,,0,0,
2021-04-29 15:45,82,82,,0,0,
2021-04-29 16:00,69,69,,0,0,
2021-04-29 16:15,77,77,,0,0,
2021-04-29 16:30,55,55,,0,0,
2021-04-29 16:45,76,76,,0,0,
2021-04-29 17:00,55,55,,0,0,
2021-04-29 17:15,76,76,,0,0,
2021-04-29 17:30,76,76,,0,0,
2021-04-29 17:45,62,62,,0,0,
2021-04-29 18:00,69,69,,0,0,
2021-04-29 18:15,59,59,,0,0,
2021-04-29 18:30,58,58,,0,0,
2021-04-29 18:45,46,46,,0,0,
2021-04-29 19:00,59,59,,0,0,
2021-04-29 19:15,53,53,,0,0,
2021-04-29 19:30,45,45,,0,0,
2021-04-29 19:45,39,39,,0,0,
2021-04-29 20:00,21,21,,0,0,
2021-04-29 20:15,35,35,,0,0,
2021-04-29 20:30,39,39,,0,0,
2021-04-29 20:45,17,17,,0,0,
2021-04-29 21:00,22,22,,0,0,
2021-04-29 21:15,15,15,,0,0,
2021-04-29 21:30,11,11,,0,0,
2021-04-29 21:45,15,15,,0,0,
2021-04-29 22:00,18,18,,0,0,
2021-04-29 22:15,9,9,,0,0,
2021-04-29 22:30,15,15,,0,0,
2021-04-29 22:45,12,12,,0,0,
2021-04-29 23:00,9,9,,0,0,
2021-04-29 23:15,9,9,,0,0,
2021-04-29 23:30,11,11,,0,0,
2021-04-29 23:45,8,8,,0,0,
