Datetime,100035541 (Neutor),101035541 (Neutor stadteinwÃ¤rts),102035541 (Neutor stadtauswÃ¤rts),100035541-status,101035541-status,102035541-status
2021-07-01 00:00,38,16,22,0,0,0
2021-07-01 00:15,46,8,38,0,0,0
2021-07-01 00:30,48,15,33,0,0,0
2021-07-01 00:45,26,11,15,0,0,0
2021-07-01 01:00,25,4,21,0,0,0
2021-07-01 01:15,22,5,17,0,0,0
2021-07-01 01:30,29,12,17,0,0,0
2021-07-01 01:45,23,4,19,0,0,0
2021-07-01 02:00,17,4,13,0,0,0
2021-07-01 02:15,13,2,11,0,0,0
2021-07-01 02:30,23,1,22,0,0,0
2021-07-01 02:45,9,0,9,0,0,0
2021-07-01 03:00,12,1,11,0,0,0
2021-07-01 03:15,10,0,10,0,0,0
2021-07-01 03:30,6,0,6,0,0,0
2021-07-01 03:45,8,0,8,0,0,0
2021-07-01 04:00,11,2,9,0,0,0
2021-07-01 04:15,16,11,5,0,0,0
2021-07-01 04:30,8,4,4,0,0,0
2021-07-01 04:45,15,10,5,0,0,0
2021-07-01 05:00,8,3,5,0,0,0
2021-07-01 05:15,21,13,8,0,0,0
2021-07-01 05:30,22,16,6,0,0,0
2021-07-01 05:45,27,20,7,0,0,0
2021-07-01 06:00,41,28,13,0,0,0
2021-07-01 06:15,41,28,13,0,0,0
2021-07-01 06:30,62,42,20,0,0,0
2021-07-01 06:45,90,62,28,0,0,0
2021-07-01 07:00,89,61,28,0,0,0
2021-07-01 07:15,99,71,28,0,0,0
2021-07-01 07:30,200,128,72,0,0,0
2021-07-01 07:45,245,166,79,0,0,0
2021-07-01 08:00,189,137,52,0,0,0
2021-07-01 08:15,184,113,71,0,0,0
2021-07-01 08:30,181,127,54,0,0,0
2021-07-01 08:45,178,91,87,0,0,0
2021-07-01 09:00,152,98,54,0,0,0
2021-07-01 09:15,168,120,48,0,0,0
2021-07-01 09:30,124,75,49,0,0,0
2021-07-01 09:45,149,93,56,0,0,0
2021-07-01 10:00,144,69,75,0,0,0
2021-07-01 10:15,126,75,51,0,0,0
2021-07-01 10:30,80,48,32,0,0,0
2021-07-01 10:45,91,39,52,0,0,0
2021-07-01 11:00,90,44,46,0,0,0
2021-07-01 11:15,87,48,39,0,0,0
2021-07-01 11:30,129,40,89,0,0,0
2021-07-01 11:45,142,77,65,0,0,0
2021-07-01 12:00,123,57,66,0,0,0
2021-07-01 12:15,128,60,68,0,0,0
2021-07-01 12:30,85,34,51,0,0,0
2021-07-01 12:45,140,67,73,0,0,0
2021-07-01 13:00,144,53,91,0,0,0
2021-07-01 13:15,133,58,75,0,0,0
2021-07-01 13:30,148,67,81,0,0,0
2021-07-01 13:45,159,81,78,0,0,0
2021-07-01 14:00,136,70,66,0,0,0
2021-07-01 14:15,142,76,66,0,0,0
2021-07-01 14:30,134,63,71,0,0,0
2021-07-01 14:45,141,79,62,0,0,0
2021-07-01 15:00,137,80,57,0,0,0
2021-07-01 15:15,137,68,69,0,0,0
2021-07-01 15:30,135,66,69,0,0,0
2021-07-01 15:45,170,94,76,0,0,0
2021-07-01 16:00,175,84,91,0,0,0
2021-07-01 16:15,178,83,95,0,0,0
2021-07-01 16:30,188,98,90,0,0,0
2021-07-01 16:45,185,92,93,0,0,0
2021-07-01 17:00,176,83,93,0,0,0
2021-07-01 17:15,217,100,117,0,0,0
2021-07-01 17:30,187,86,101,0,0,0
2021-07-01 17:45,189,88,101,0,0,0
2021-07-01 18:00,170,84,86,0,0,0
2021-07-01 18:15,198,90,108,0,0,0
2021-07-01 18:30,171,83,88,0,0,0
2021-07-01 18:45,191,106,85,0,0,0
2021-07-01 19:00,178,100,78,0,0,0
2021-07-01 19:15,160,94,66,0,0,0
2021-07-01 19:30,133,74,59,0,0,0
2021-07-01 19:45,141,81,60,0,0,0
2021-07-01 20:00,126,56,70,0,0,0
2021-07-01 20:15,100,54,46,0,0,0
2021-07-01 20:30,105,50,55,0,0,0
2021-07-01 20:45,88,37,51,0,0,0
2021-07-01 21:00,78,39,39,0,0,0
2021-07-01 21:15,87,41,46,0,0,0
2021-07-01 21:30,82,38,44,0,0,0
2021-07-01 21:45,64,14,50,0,0,0
2021-07-01 22:00,60,21,39,0,0,0
2021-07-01 22:15,72,23,49,0,0,0
2021-07-01 22:30,95,20,75,0,0,0
2021-07-01 22:45,68,10,58,0,0,0
2021-07-01 23:00,64,16,48,0,0,0
2021-07-01 23:15,65,19,46,0,0,0
2021-07-01 23:30,46,15,31,0,0,0
2021-07-01 23:45,46,10,36,0,0,0
2021-07-02 00:00,54,23,31,0,0,0
2021-07-02 00:15,33,12,21,0,0,0
2021-07-02 00:30,31,8,23,0,0,0
2021-07-02 00:45,20,6,14,0,0,0
2021-07-02 01:00,27,8,19,0,0,0
2021-07-02 01:15,17,4,13,0,0,0
2021-07-02 01:30,21,4,17,0,0,0
2021-07-02 01:45,21,4,17,0,0,0
2021-07-02 02:00,10,1,9,0,0,0
2021-07-02 02:15,6,1,5,0,0,0
2021-07-02 02:30,13,0,13,0,0,0
2021-07-02 02:45,9,2,7,0,0,0
2021-07-02 03:00,3,1,2,0,0,0
2021-07-02 03:15,4,2,2,0,0,0
2021-07-02 03:30,5,0,5,0,0,0
2021-07-02 03:45,1,0,1,0,0,0
2021-07-02 04:00,0,0,0,0,0,0
2021-07-02 04:15,9,0,9,0,0,0
2021-07-02 04:30,11,6,5,0,0,0
2021-07-02 04:45,11,7,4,0,0,0
2021-07-02 05:00,5,4,1,0,0,0
2021-07-02 05:15,11,7,4,0,0,0
2021-07-02 05:30,19,18,1,0,0,0
2021-07-02 05:45,24,17,7,0,0,0
2021-07-02 06:00,32,23,9,0,0,0
2021-07-02 06:15,36,22,14,0,0,0
2021-07-02 06:30,52,36,16,0,0,0
2021-07-02 06:45,89,61,28,0,0,0
2021-07-02 07:00,82,52,30,0,0,0
2021-07-02 07:15,118,82,36,0,0,0
2021-07-02 07:30,192,144,48,0,0,0
2021-07-02 07:45,266,184,82,0,0,0
2021-07-02 08:00,204,117,87,0,0,0
2021-07-02 08:15,171,103,68,0,0,0
2021-07-02 08:30,142,99,43,0,0,0
2021-07-02 08:45,169,92,77,0,0,0
2021-07-02 09:00,142,91,51,0,0,0
2021-07-02 09:15,149,99,50,0,0,0
2021-07-02 09:30,126,80,46,0,0,0
2021-07-02 09:45,170,102,68,0,0,0
2021-07-02 10:00,166,93,73,0,0,0
2021-07-02 10:15,135,86,49,0,0,0
2021-07-02 10:30,157,66,91,0,0,0
2021-07-02 10:45,197,79,118,0,0,0
2021-07-02 11:00,131,62,69,0,0,0
2021-07-02 11:15,144,88,56,0,0,0
2021-07-02 11:30,148,77,71,0,0,0
2021-07-02 11:45,191,92,99,0,0,0
2021-07-02 12:00,170,85,85,0,0,0
2021-07-02 12:15,176,104,72,0,0,0
2021-07-02 12:30,191,101,90,0,0,0
2021-07-02 12:45,166,93,73,0,0,0
2021-07-02 13:00,155,80,75,0,0,0
2021-07-02 13:15,161,74,87,0,0,0
2021-07-02 13:30,168,77,91,0,0,0
2021-07-02 13:45,204,108,96,0,0,0
2021-07-02 14:00,194,100,94,0,0,0
2021-07-02 14:15,192,102,90,0,0,0
2021-07-02 14:30,191,93,98,0,0,0
2021-07-02 14:45,180,85,95,0,0,0
2021-07-02 15:00,165,77,88,0,0,0
2021-07-02 15:15,211,104,107,0,0,0
2021-07-02 15:30,212,99,113,0,0,0
2021-07-02 15:45,238,116,122,0,0,0
2021-07-02 16:00,181,98,83,0,0,0
2021-07-02 16:15,162,81,81,0,0,0
2021-07-02 16:30,204,113,91,0,0,0
2021-07-02 16:45,219,98,121,0,0,0
2021-07-02 17:00,191,100,91,0,0,0
2021-07-02 17:15,183,91,92,0,0,0
2021-07-02 17:30,226,118,108,0,0,0
2021-07-02 17:45,222,106,116,0,0,0
2021-07-02 18:00,194,103,91,0,0,0
2021-07-02 18:15,218,108,110,0,0,0
2021-07-02 18:30,167,93,74,0,0,0
2021-07-02 18:45,241,133,108,0,0,0
2021-07-02 19:00,224,121,103,0,0,0
2021-07-02 19:15,204,121,83,0,0,0
2021-07-02 19:30,132,64,68,0,0,0
2021-07-02 19:45,187,104,83,0,0,0
2021-07-02 20:00,162,87,75,0,0,0
2021-07-02 20:15,172,111,61,0,0,0
2021-07-02 20:30,113,51,62,0,0,0
2021-07-02 20:45,106,56,50,0,0,0
2021-07-02 21:00,132,63,69,0,0,0
2021-07-02 21:15,128,65,63,0,0,0
2021-07-02 21:30,101,37,64,0,0,0
2021-07-02 21:45,102,47,55,0,0,0
2021-07-02 22:00,81,29,52,0,0,0
2021-07-02 22:15,92,30,62,0,0,0
2021-07-02 22:30,102,32,70,0,0,0
2021-07-02 22:45,68,32,36,0,0,0
2021-07-02 23:00,91,27,64,0,0,0
2021-07-02 23:15,112,38,74,0,0,0
2021-07-02 23:30,107,43,64,0,0,0
2021-07-02 23:45,105,42,63,0,0,0
2021-07-03 00:00,79,20,59,0,0,0
2021-07-03 00:15,68,15,53,0,0,0
2021-07-03 00:30,70,16,54,0,0,0
2021-07-03 00:45,58,20,38,0,0,0
2021-07-03 01:00,87,32,55,0,0,0
2021-07-03 01:15,81,21,60,0,0,0
2021-07-03 01:30,84,16,68,0,0,0
2021-07-03 01:45,48,12,36,0,0,0
2021-07-03 02:00,45,16,29,0,0,0
2021-07-03 02:15,32,7,25,0,0,0
2021-07-03 02:30,51,19,32,0,0,0
2021-07-03 02:45,37,9,28,0,0,0
2021-07-03 03:00,41,9,32,0,0,0
2021-07-03 03:15,25,9,16,0,0,0
2021-07-03 03:30,31,9,22,0,0,0
2021-07-03 03:45,31,10,21,0,0,0
2021-07-03 04:00,21,9,12,0,0,0
2021-07-03 04:15,22,10,12,0,0,0
2021-07-03 04:30,23,2,21,0,0,0
2021-07-03 04:45,20,7,13,0,0,0
2021-07-03 05:00,19,7,12,0,0,0
2021-07-03 05:15,18,5,13,0,0,0
2021-07-03 05:30,14,10,4,0,0,0
2021-07-03 05:45,15,6,9,0,0,0
2021-07-03 06:00,11,6,5,0,0,0
2021-07-03 06:15,11,5,6,0,0,0
2021-07-03 06:30,24,15,9,0,0,0
2021-07-03 06:45,27,17,10,0,0,0
2021-07-03 07:00,10,9,1,0,0,0
2021-07-03 07:15,17,10,7,0,0,0
2021-07-03 07:30,35,23,12,0,0,0
2021-07-03 07:45,54,34,20,0,0,0
2021-07-03 08:00,28,21,7,0,0,0
2021-07-03 08:15,41,29,12,0,0,0
2021-07-03 08:30,58,37,21,0,0,0
2021-07-03 08:45,69,46,23,0,0,0
2021-07-03 09:00,80,58,22,0,0,0
2021-07-03 09:15,86,51,35,0,0,0
2021-07-03 09:30,104,69,35,0,0,0
2021-07-03 09:45,147,92,55,0,0,0
2021-07-03 10:00,116,83,33,0,0,0
2021-07-03 10:15,114,70,44,0,0,0
2021-07-03 10:30,120,77,43,0,0,0
2021-07-03 10:45,125,80,45,0,0,0
2021-07-03 11:00,112,51,61,0,0,0
2021-07-03 11:15,131,82,49,0,0,0
2021-07-03 11:30,132,71,61,0,0,0
2021-07-03 11:45,146,95,51,0,0,0
2021-07-03 12:00,158,93,65,0,0,0
2021-07-03 12:15,144,82,62,0,0,0
2021-07-03 12:30,168,98,70,0,0,0
2021-07-03 12:45,168,93,75,0,0,0
2021-07-03 13:00,156,85,71,0,0,0
2021-07-03 13:15,162,78,84,0,0,0
2021-07-03 13:30,154,98,56,0,0,0
2021-07-03 13:45,179,100,79,0,0,0
2021-07-03 14:00,160,77,83,0,0,0
2021-07-03 14:15,170,80,90,0,0,0
2021-07-03 14:30,173,76,97,0,0,0
2021-07-03 14:45,199,106,93,0,0,0
2021-07-03 15:00,145,69,76,0,0,0
2021-07-03 15:15,171,98,73,0,0,0
2021-07-03 15:30,166,86,80,0,0,0
2021-07-03 15:45,161,88,73,0,0,0
2021-07-03 16:00,156,84,72,0,0,0
2021-07-03 16:15,159,72,87,0,0,0
2021-07-03 16:30,146,81,65,0,0,0
2021-07-03 16:45,200,97,103,0,0,0
2021-07-03 17:00,161,75,86,0,0,0
2021-07-03 17:15,162,74,88,0,0,0
2021-07-03 17:30,138,70,68,0,0,0
2021-07-03 17:45,190,99,91,0,0,0
2021-07-03 18:00,195,79,116,0,0,0
2021-07-03 18:15,184,90,94,0,0,0
2021-07-03 18:30,165,89,76,0,0,0
2021-07-03 18:45,199,105,94,0,0,0
2021-07-03 19:00,152,72,80,0,0,0
2021-07-03 19:15,127,66,61,0,0,0
2021-07-03 19:30,132,67,65,0,0,0
2021-07-03 19:45,198,102,96,0,0,0
2021-07-03 20:00,132,67,65,0,0,0
2021-07-03 20:15,134,64,70,0,0,0
2021-07-03 20:30,152,66,86,0,0,0
2021-07-03 20:45,112,65,47,0,0,0
2021-07-03 21:00,97,40,57,0,0,0
2021-07-03 21:15,113,55,58,0,0,0
2021-07-03 21:30,83,33,50,0,0,0
2021-07-03 21:45,91,32,59,0,0,0
2021-07-03 22:00,99,29,70,0,0,0
2021-07-03 22:15,81,28,53,0,0,0
2021-07-03 22:30,91,30,61,0,0,0
2021-07-03 22:45,73,30,43,0,0,0
2021-07-03 23:00,89,30,59,0,0,0
2021-07-03 23:15,81,22,59,0,0,0
2021-07-03 23:30,93,28,65,0,0,0
2021-07-03 23:45,98,28,70,0,0,0
2021-07-04 00:00,66,27,39,0,0,0
2021-07-04 00:15,62,21,41,0,0,0
2021-07-04 00:30,58,17,41,0,0,0
2021-07-04 00:45,55,10,45,0,0,0
2021-07-04 01:00,90,24,66,0,0,0
2021-07-04 01:15,54,16,38,0,0,0
2021-07-04 01:30,49,20,29,0,0,0
2021-07-04 01:45,69,21,48,0,0,0
2021-07-04 02:00,55,11,44,0,0,0
2021-07-04 02:15,41,10,31,0,0,0
2021-07-04 02:30,53,18,35,0,0,0
2021-07-04 02:45,42,7,35,0,0,0
2021-07-04 03:00,34,14,20,0,0,0
2021-07-04 03:15,34,13,21,0,0,0
2021-07-04 03:30,35,8,27,0,0,0
2021-07-04 03:45,25,9,16,0,0,0
2021-07-04 04:00,24,6,18,0,0,0
2021-07-04 04:15,16,7,9,0,0,0
2021-07-04 04:30,12,5,7,0,0,0
2021-07-04 04:45,9,5,4,0,0,0
2021-07-04 05:00,8,1,7,0,0,0
2021-07-04 05:15,11,3,8,0,0,0
2021-07-04 05:30,16,7,9,0,0,0
2021-07-04 05:45,7,3,4,0,0,0
2021-07-04 06:00,12,4,8,0,0,0
2021-07-04 06:15,2,0,2,0,0,0
2021-07-04 06:30,6,2,4,0,0,0
2021-07-04 06:45,7,2,5,0,0,0
2021-07-04 07:00,5,2,3,0,0,0
2021-07-04 07:15,6,3,3,0,0,0
2021-07-04 07:30,8,3,5,0,0,0
2021-07-04 07:45,14,7,7,0,0,0
2021-07-04 08:00,8,5,3,0,0,0
2021-07-04 08:15,14,10,4,0,0,0
2021-07-04 08:30,11,6,5,0,0,0
2021-07-04 08:45,25,19,6,0,0,0
2021-07-04 09:00,17,11,6,0,0,0
2021-07-04 09:15,31,16,15,0,0,0
2021-07-04 09:30,23,11,12,0,0,0
2021-07-04 09:45,70,42,28,0,0,0
2021-07-04 10:00,47,24,23,0,0,0
2021-07-04 10:15,28,15,13,0,0,0
2021-07-04 10:30,53,35,18,0,0,0
2021-07-04 10:45,58,41,17,0,0,0
2021-07-04 11:00,47,28,19,0,0,0
2021-07-04 11:15,53,37,16,0,0,0
2021-07-04 11:30,48,33,15,0,0,0
2021-07-04 11:45,62,37,25,0,0,0
2021-07-04 12:00,61,33,28,0,0,0
2021-07-04 12:15,60,37,23,0,0,0
2021-07-04 12:30,84,35,49,0,0,0
2021-07-04 12:45,116,67,49,0,0,0
2021-07-04 13:00,101,59,42,0,0,0
2021-07-04 13:15,116,65,51,0,0,0
2021-07-04 13:30,93,45,48,0,0,0
2021-07-04 13:45,89,53,36,0,0,0
2021-07-04 14:00,112,58,54,0,0,0
2021-07-04 14:15,86,45,41,0,0,0
2021-07-04 14:30,63,18,45,0,0,0
2021-07-04 14:45,15,9,6,0,0,0
2021-07-04 15:00,25,10,15,0,0,0
2021-07-04 15:15,50,19,31,0,0,0
2021-07-04 15:30,47,18,29,0,0,0
2021-07-04 15:45,50,25,25,0,0,0
2021-07-04 16:00,51,21,30,0,0,0
2021-07-04 16:15,49,24,25,0,0,0
2021-07-04 16:30,36,16,20,0,0,0
2021-07-04 16:45,47,25,22,0,0,0
2021-07-04 17:00,68,34,34,0,0,0
2021-07-04 17:15,58,32,26,0,0,0
2021-07-04 17:30,46,24,22,0,0,0
2021-07-04 17:45,75,34,41,0,0,0
2021-07-04 18:00,84,36,48,0,0,0
2021-07-04 18:15,55,30,25,0,0,0
2021-07-04 18:30,70,36,34,0,0,0
2021-07-04 18:45,79,43,36,0,0,0
2021-07-04 19:00,63,36,27,0,0,0
2021-07-04 19:15,80,27,53,0,0,0
2021-07-04 19:30,63,32,31,0,0,0
2021-07-04 19:45,50,27,23,0,0,0
2021-07-04 20:00,74,26,48,0,0,0
2021-07-04 20:15,59,23,36,0,0,0
2021-07-04 20:30,55,24,31,0,0,0
2021-07-04 20:45,46,13,33,0,0,0
2021-07-04 21:00,56,22,34,0,0,0
2021-07-04 21:15,44,18,26,0,0,0
2021-07-04 21:30,39,17,22,0,0,0
2021-07-04 21:45,48,21,27,0,0,0
2021-07-04 22:00,44,13,31,0,0,0
2021-07-04 22:15,33,7,26,0,0,0
2021-07-04 22:30,37,12,25,0,0,0
2021-07-04 22:45,33,12,21,0,0,0
2021-07-04 23:00,45,13,32,0,0,0
2021-07-04 23:15,27,13,14,0,0,0
2021-07-04 23:30,17,6,11,0,0,0
2021-07-04 23:45,33,7,26,0,0,0
2021-07-05 00:00,15,5,10,0,0,0
2021-07-05 00:15,7,4,3,0,0,0
2021-07-05 00:30,16,5,11,0,0,0
2021-07-05 00:45,15,6,9,0,0,0
2021-07-05 01:00,5,4,1,0,0,0
2021-07-05 01:15,9,1,8,0,0,0
2021-07-05 01:30,6,4,2,0,0,0
2021-07-05 01:45,6,1,5,0,0,0
2021-07-05 02:00,3,0,3,0,0,0
2021-07-05 02:15,1,1,0,0,0,0
2021-07-05 02:30,0,0,0,0,0,0
2021-07-05 02:45,3,2,1,0,0,0
2021-07-05 03:00,4,0,4,0,0,0
2021-07-05 03:15,0,0,0,0,0,0
2021-07-05 03:30,0,0,0,0,0,0
2021-07-05 03:45,0,0,0,0,0,0
2021-07-05 04:00,0,0,0,0,0,0
2021-07-05 04:15,4,3,1,0,0,0
2021-07-05 04:30,6,3,3,0,0,0
2021-07-05 04:45,6,3,3,0,0,0
2021-07-05 05:00,6,3,3,0,0,0
2021-07-05 05:15,9,4,5,0,0,0
2021-07-05 05:30,19,15,4,0,0,0
2021-07-05 05:45,23,14,9,0,0,0
2021-07-05 06:00,35,28,7,0,0,0
2021-07-05 06:15,42,28,14,0,0,0
2021-07-05 06:30,65,46,19,0,0,0
2021-07-05 06:45,72,48,24,0,0,0
2021-07-05 07:00,93,66,27,0,0,0
2021-07-05 07:15,110,72,38,0,0,0
2021-07-05 07:30,161,105,56,0,0,0
2021-07-05 07:45,189,112,77,0,0,0
2021-07-05 08:00,156,89,67,0,0,0
2021-07-05 08:15,105,54,51,0,0,0
2021-07-05 08:30,71,45,26,0,0,0
2021-07-05 08:45,91,51,40,0,0,0
2021-07-05 09:00,74,34,40,0,0,0
2021-07-05 09:15,66,32,34,0,0,0
2021-07-05 09:30,69,47,22,0,0,0
2021-07-05 09:45,108,66,42,0,0,0
2021-07-05 10:00,105,47,58,0,0,0
2021-07-05 10:15,81,35,46,0,0,0
2021-07-05 10:30,71,32,39,0,0,0
2021-07-05 10:45,100,52,48,0,0,0
2021-07-05 11:00,97,51,46,0,0,0
2021-07-05 11:15,76,42,34,0,0,0
2021-07-05 11:30,108,64,44,0,0,0
2021-07-05 11:45,129,68,61,0,0,0
2021-07-05 12:00,154,63,91,0,0,0
2021-07-05 12:15,139,70,69,0,0,0
2021-07-05 12:30,143,82,61,0,0,0
2021-07-05 12:45,144,75,69,0,0,0
2021-07-05 13:00,129,71,58,0,0,0
2021-07-05 13:15,152,68,84,0,0,0
2021-07-05 13:30,153,82,71,0,0,0
2021-07-05 13:45,166,95,71,0,0,0
2021-07-05 14:00,144,74,70,0,0,0
2021-07-05 14:15,122,68,54,0,0,0
2021-07-05 14:30,174,82,92,0,0,0
2021-07-05 14:45,190,103,87,0,0,0
2021-07-05 15:00,149,91,58,0,0,0
2021-07-05 15:15,195,99,96,0,0,0
2021-07-05 15:30,152,98,54,0,0,0
2021-07-05 15:45,192,87,105,0,0,0
2021-07-05 16:00,198,105,93,0,0,0
2021-07-05 16:15,213,99,114,0,0,0
2021-07-05 16:30,195,108,87,0,0,0
2021-07-05 16:45,239,109,130,0,0,0
2021-07-05 17:00,222,101,121,0,0,0
2021-07-05 17:15,209,101,108,0,0,0
2021-07-05 17:30,211,112,99,0,0,0
2021-07-05 17:45,233,111,122,0,0,0
2021-07-05 18:00,255,110,145,0,0,0
2021-07-05 18:15,191,97,94,0,0,0
2021-07-05 18:30,198,93,105,0,0,0
2021-07-05 18:45,233,115,118,0,0,0
2021-07-05 19:00,171,91,80,0,0,0
2021-07-05 19:15,164,72,92,0,0,0
2021-07-05 19:30,131,58,73,0,0,0
2021-07-05 19:45,148,75,73,0,0,0
2021-07-05 20:00,149,79,70,0,0,0
2021-07-05 20:15,128,66,62,0,0,0
2021-07-05 20:30,92,42,50,0,0,0
2021-07-05 20:45,117,41,76,0,0,0
2021-07-05 21:00,83,43,40,0,0,0
2021-07-05 21:15,80,34,46,0,0,0
2021-07-05 21:30,68,30,38,0,0,0
2021-07-05 21:45,71,23,48,0,0,0
2021-07-05 22:00,64,24,40,0,0,0
2021-07-05 22:15,93,33,60,0,0,0
2021-07-05 22:30,78,31,47,0,0,0
2021-07-05 22:45,39,17,22,0,0,0
2021-07-05 23:00,63,17,46,0,0,0
2021-07-05 23:15,63,17,46,0,0,0
2021-07-05 23:30,47,13,34,0,0,0
2021-07-05 23:45,35,15,20,0,0,0
2021-07-06 00:00,24,8,16,0,0,0
2021-07-06 00:15,35,6,29,0,0,0
2021-07-06 00:30,31,10,21,0,0,0
2021-07-06 00:45,14,6,8,0,0,0
2021-07-06 01:00,22,4,18,0,0,0
2021-07-06 01:15,16,6,10,0,0,0
2021-07-06 01:30,11,2,9,0,0,0
2021-07-06 01:45,5,3,2,0,0,0
2021-07-06 02:00,10,5,5,0,0,0
2021-07-06 02:15,5,2,3,0,0,0
2021-07-06 02:30,3,2,1,0,0,0
2021-07-06 02:45,7,3,4,0,0,0
2021-07-06 03:00,9,4,5,0,0,0
2021-07-06 03:15,4,0,4,0,0,0
2021-07-06 03:30,2,1,1,0,0,0
2021-07-06 03:45,2,2,0,0,0,0
2021-07-06 04:00,2,0,2,0,0,0
2021-07-06 04:15,3,2,1,0,0,0
2021-07-06 04:30,5,2,3,0,0,0
2021-07-06 04:45,6,5,1,0,0,0
2021-07-06 05:00,7,5,2,0,0,0
2021-07-06 05:15,8,4,4,0,0,0
2021-07-06 05:30,24,20,4,0,0,0
2021-07-06 05:45,22,15,7,0,0,0
2021-07-06 06:00,25,16,9,0,0,0
2021-07-06 06:15,48,32,16,0,0,0
2021-07-06 06:30,58,34,24,0,0,0
2021-07-06 06:45,106,71,35,0,0,0
2021-07-06 07:00,100,75,25,0,0,0
2021-07-06 07:15,93,66,27,0,0,0
2021-07-06 07:30,155,100,55,0,0,0
2021-07-06 07:45,202,112,90,0,0,0
2021-07-06 08:00,145,75,70,0,0,0
2021-07-06 08:15,154,111,43,0,0,0
2021-07-06 08:30,119,70,49,0,0,0
2021-07-06 08:45,157,100,57,0,0,0
2021-07-06 09:00,132,79,53,0,0,0
2021-07-06 09:15,81,44,37,0,0,0
2021-07-06 09:30,81,36,45,0,0,0
2021-07-06 09:45,117,52,65,0,0,0
2021-07-06 10:00,94,46,48,0,0,0
2021-07-06 10:15,78,46,32,0,0,0
2021-07-06 10:30,82,47,35,0,0,0
2021-07-06 10:45,99,53,46,0,0,0
2021-07-06 11:00,93,45,48,0,0,0
2021-07-06 11:15,88,44,44,0,0,0
2021-07-06 11:30,91,51,40,0,0,0
2021-07-06 11:45,116,68,48,0,0,0
2021-07-06 12:00,135,57,78,0,0,0
2021-07-06 12:15,165,87,78,0,0,0
2021-07-06 12:30,105,62,43,0,0,0
2021-07-06 12:45,146,71,75,0,0,0
2021-07-06 13:00,128,66,62,0,0,0
2021-07-06 13:15,161,84,77,0,0,0
2021-07-06 13:30,141,78,63,0,0,0
2021-07-06 13:45,160,98,62,0,0,0
2021-07-06 14:00,191,96,95,0,0,0
2021-07-06 14:15,166,82,84,0,0,0
2021-07-06 14:30,139,73,66,0,0,0
2021-07-06 14:45,190,101,89,0,0,0
2021-07-06 15:00,177,80,97,0,0,0
2021-07-06 15:15,177,94,83,0,0,0
2021-07-06 15:30,150,76,74,0,0,0
2021-07-06 15:45,187,90,97,0,0,0
2021-07-06 16:00,193,91,102,0,0,0
2021-07-06 16:15,193,88,105,0,0,0
2021-07-06 16:30,188,102,86,0,0,0
2021-07-06 16:45,238,111,127,0,0,0
2021-07-06 17:00,219,122,97,0,0,0
2021-07-06 17:15,222,105,117,0,0,0
2021-07-06 17:30,247,112,135,0,0,0
2021-07-06 17:45,254,116,138,0,0,0
2021-07-06 18:00,222,101,121,0,0,0
2021-07-06 18:15,208,94,114,0,0,0
2021-07-06 18:30,169,73,96,0,0,0
2021-07-06 18:45,201,109,92,0,0,0
2021-07-06 19:00,196,104,92,0,0,0
2021-07-06 19:15,211,85,126,0,0,0
2021-07-06 19:30,168,76,92,0,0,0
2021-07-06 19:45,171,92,79,0,0,0
2021-07-06 20:00,164,89,75,0,0,0
2021-07-06 20:15,154,89,65,0,0,0
2021-07-06 20:30,174,77,97,0,0,0
2021-07-06 20:45,125,60,65,0,0,0
2021-07-06 21:00,110,50,60,0,0,0
2021-07-06 21:15,102,48,54,0,0,0
2021-07-06 21:30,89,40,49,0,0,0
2021-07-06 21:45,51,25,26,0,0,0
2021-07-06 22:00,103,27,76,0,0,0
2021-07-06 22:15,82,34,48,0,0,0
2021-07-06 22:30,60,15,45,0,0,0
2021-07-06 22:45,41,10,31,0,0,0
2021-07-06 23:00,58,19,39,0,0,0
2021-07-06 23:15,50,10,40,0,0,0
2021-07-06 23:30,39,12,27,0,0,0
2021-07-06 23:45,95,45,50,0,0,0
2021-07-07 00:00,126,26,100,0,0,0
2021-07-07 00:15,63,23,40,0,0,0
2021-07-07 00:30,25,13,12,0,0,0
2021-07-07 00:45,18,3,15,0,0,0
2021-07-07 01:00,26,9,17,0,0,0
2021-07-07 01:15,27,4,23,0,0,0
2021-07-07 01:30,12,1,11,0,0,0
2021-07-07 01:45,15,2,13,0,0,0
2021-07-07 02:00,7,1,6,0,0,0
2021-07-07 02:15,19,3,16,0,0,0
2021-07-07 02:30,9,5,4,0,0,0
2021-07-07 02:45,5,2,3,0,0,0
2021-07-07 03:00,4,0,4,0,0,0
2021-07-07 03:15,2,0,2,0,0,0
2021-07-07 03:30,9,5,4,0,0,0
2021-07-07 03:45,3,2,1,0,0,0
2021-07-07 04:00,2,1,1,0,0,0
2021-07-07 04:15,4,1,3,0,0,0
2021-07-07 04:30,3,1,2,0,0,0
2021-07-07 04:45,8,6,2,0,0,0
2021-07-07 05:00,1,0,1,0,0,0
2021-07-07 05:15,15,11,4,0,0,0
2021-07-07 05:30,27,21,6,0,0,0
2021-07-07 05:45,27,20,7,0,0,0
2021-07-07 06:00,34,21,13,0,0,0
2021-07-07 06:15,45,31,14,0,0,0
2021-07-07 06:30,72,51,21,0,0,0
2021-07-07 06:45,96,63,33,0,0,0
2021-07-07 07:00,89,62,27,0,0,0
2021-07-07 07:15,107,64,43,0,0,0
2021-07-07 07:30,156,105,51,0,0,0
2021-07-07 07:45,213,128,85,0,0,0
2021-07-07 08:00,182,112,70,0,0,0
2021-07-07 08:15,181,118,63,0,0,0
2021-07-07 08:30,169,95,74,0,0,0
2021-07-07 08:45,210,119,91,0,0,0
2021-07-07 09:00,181,113,68,0,0,0
2021-07-07 09:15,135,70,65,0,0,0
2021-07-07 09:30,147,88,59,0,0,0
2021-07-07 09:45,201,107,94,0,0,0
2021-07-07 10:00,152,73,79,0,0,0
2021-07-07 10:15,142,75,67,0,0,0
2021-07-07 10:30,141,78,63,0,0,0
2021-07-07 10:45,137,73,64,0,0,0
2021-07-07 11:00,133,73,60,0,0,0
2021-07-07 11:15,148,76,72,0,0,0
2021-07-07 11:30,145,78,67,0,0,0
2021-07-07 11:45,175,100,75,0,0,0
2021-07-07 12:00,181,81,100,0,0,0
2021-07-07 12:15,199,112,87,0,0,0
2021-07-07 12:30,176,77,99,0,0,0
2021-07-07 12:45,203,103,100,0,0,0
2021-07-07 13:00,208,103,105,0,0,0
2021-07-07 13:15,183,78,105,0,0,0
2021-07-07 13:30,198,97,101,0,0,0
2021-07-07 13:45,215,131,84,0,0,0
2021-07-07 14:00,213,99,114,0,0,0
2021-07-07 14:15,202,87,115,0,0,0
2021-07-07 14:30,158,80,78,0,0,0
2021-07-07 14:45,185,85,100,0,0,0
2021-07-07 15:00,195,82,113,0,0,0
2021-07-07 15:15,187,88,99,0,0,0
2021-07-07 15:30,175,72,103,0,0,0
2021-07-07 15:45,221,114,107,0,0,0
2021-07-07 16:00,242,123,119,0,0,0
2021-07-07 16:15,206,111,95,0,0,0
2021-07-07 16:30,221,108,113,0,0,0
2021-07-07 16:45,234,111,123,0,0,0
2021-07-07 17:00,239,121,118,0,0,0
2021-07-07 17:15,242,121,121,0,0,0
2021-07-07 17:30,252,114,138,0,0,0
2021-07-07 17:45,286,131,155,0,0,0
2021-07-07 18:00,251,130,121,0,0,0
2021-07-07 18:15,258,125,133,0,0,0
2021-07-07 18:30,212,114,98,0,0,0
2021-07-07 18:45,254,140,114,0,0,0
2021-07-07 19:00,220,118,102,0,0,0
2021-07-07 19:15,205,138,67,0,0,0
2021-07-07 19:30,219,111,108,0,0,0
2021-07-07 19:45,192,113,79,0,0,0
2021-07-07 20:00,196,107,89,0,0,0
2021-07-07 20:15,158,99,59,0,0,0
2021-07-07 20:30,204,113,91,0,0,0
2021-07-07 20:45,148,81,67,0,0,0
2021-07-07 21:00,115,52,63,0,0,0
2021-07-07 21:15,101,45,56,0,0,0
2021-07-07 21:30,97,39,58,0,0,0
2021-07-07 21:45,111,47,64,0,0,0
2021-07-07 22:00,116,37,79,0,0,0
2021-07-07 22:15,86,28,58,0,0,0
2021-07-07 22:30,67,16,51,0,0,0
2021-07-07 22:45,71,22,49,0,0,0
2021-07-07 23:00,70,22,48,0,0,0
2021-07-07 23:15,100,23,77,0,0,0
2021-07-07 23:30,68,24,44,0,0,0
2021-07-07 23:45,92,29,63,0,0,0
2021-07-08 00:00,85,28,57,0,0,0
2021-07-08 00:15,64,14,50,0,0,0
2021-07-08 00:30,42,13,29,0,0,0
2021-07-08 00:45,43,8,35,0,0,0
2021-07-08 01:00,38,10,28,0,0,0
2021-07-08 01:15,28,5,23,0,0,0
2021-07-08 01:30,31,10,21,0,0,0
2021-07-08 01:45,37,8,29,0,0,0
2021-07-08 02:00,28,7,21,0,0,0
2021-07-08 02:15,35,5,30,0,0,0
2021-07-08 02:30,16,1,15,0,0,0
2021-07-08 02:45,18,8,10,0,0,0
2021-07-08 03:00,8,0,8,0,0,0
2021-07-08 03:15,20,6,14,0,0,0
2021-07-08 03:30,13,4,9,0,0,0
2021-07-08 03:45,14,4,10,0,0,0
2021-07-08 04:00,6,2,4,0,0,0
2021-07-08 04:15,16,7,9,0,0,0
2021-07-08 04:30,10,3,7,0,0,0
2021-07-08 04:45,19,10,9,0,0,0
2021-07-08 05:00,8,1,7,0,0,0
2021-07-08 05:15,15,9,6,0,0,0
2021-07-08 05:30,25,18,7,0,0,0
2021-07-08 05:45,34,21,13,0,0,0
2021-07-08 06:00,38,26,12,0,0,0
2021-07-08 06:15,52,34,18,0,0,0
2021-07-08 06:30,53,34,19,0,0,0
2021-07-08 06:45,73,45,28,0,0,0
2021-07-08 07:00,80,59,21,0,0,0
2021-07-08 07:15,102,67,35,0,0,0
2021-07-08 07:30,154,104,50,0,0,0
2021-07-08 07:45,182,93,89,0,0,0
2021-07-08 08:00,170,91,79,0,0,0
2021-07-08 08:15,154,99,55,0,0,0
2021-07-08 08:30,171,107,64,0,0,0
2021-07-08 08:45,189,116,73,0,0,0
2021-07-08 09:00,146,88,58,0,0,0
2021-07-08 09:15,140,76,64,0,0,0
2021-07-08 09:30,143,79,64,0,0,0
2021-07-08 09:45,172,105,67,0,0,0
2021-07-08 10:00,133,70,63,0,0,0
2021-07-08 10:15,109,49,60,0,0,0
2021-07-08 10:30,117,71,46,0,0,0
2021-07-08 10:45,119,64,55,0,0,0
2021-07-08 11:00,104,48,56,0,0,0
2021-07-08 11:15,103,54,49,0,0,0
2021-07-08 11:30,119,63,56,0,0,0
2021-07-08 11:45,129,66,63,0,0,0
2021-07-08 12:00,179,92,87,0,0,0
2021-07-08 12:15,175,101,74,0,0,0
2021-07-08 12:30,155,85,70,0,0,0
2021-07-08 12:45,165,83,82,0,0,0
2021-07-08 13:00,167,89,78,0,0,0
2021-07-08 13:15,134,65,69,0,0,0
2021-07-08 13:30,176,89,87,0,0,0
2021-07-08 13:45,186,103,83,0,0,0
2021-07-08 14:00,187,103,84,0,0,0
2021-07-08 14:15,187,100,87,0,0,0
2021-07-08 14:30,169,83,86,0,0,0
2021-07-08 14:45,200,96,104,0,0,0
2021-07-08 15:00,170,84,86,0,0,0
2021-07-08 15:15,175,79,96,0,0,0
2021-07-08 15:30,182,95,87,0,0,0
2021-07-08 15:45,218,109,109,0,0,0
2021-07-08 16:00,185,95,90,0,0,0
2021-07-08 16:15,221,94,127,0,0,0
2021-07-08 16:30,222,113,109,0,0,0
2021-07-08 16:45,223,114,109,0,0,0
2021-07-08 17:00,187,95,92,0,0,0
2021-07-08 17:15,221,111,110,0,0,0
2021-07-08 17:30,221,119,102,0,0,0
2021-07-08 17:45,208,110,98,0,0,0
2021-07-08 18:00,174,82,92,0,0,0
2021-07-08 18:15,190,99,91,0,0,0
2021-07-08 18:30,195,93,102,0,0,0
2021-07-08 18:45,178,95,83,0,0,0
2021-07-08 19:00,178,90,88,0,0,0
2021-07-08 19:15,131,76,55,0,0,0
2021-07-08 19:30,136,69,67,0,0,0
2021-07-08 19:45,141,74,67,0,0,0
2021-07-08 20:00,128,50,78,0,0,0
2021-07-08 20:15,89,37,52,0,0,0
2021-07-08 20:30,87,38,49,0,0,0
2021-07-08 20:45,60,30,30,0,0,0
2021-07-08 21:00,65,27,38,0,0,0
2021-07-08 21:15,66,28,38,0,0,0
2021-07-08 21:30,47,21,26,0,0,0
2021-07-08 21:45,63,27,36,0,0,0
2021-07-08 22:00,59,21,38,0,0,0
2021-07-08 22:15,79,28,51,0,0,0
2021-07-08 22:30,59,22,37,0,0,0
2021-07-08 22:45,67,15,52,0,0,0
2021-07-08 23:00,58,18,40,0,0,0
2021-07-08 23:15,51,16,35,0,0,0
2021-07-08 23:30,56,13,43,0,0,0
2021-07-08 23:45,28,10,18,0,0,0
2021-07-09 00:00,37,12,25,0,0,0
2021-07-09 00:15,35,12,23,0,0,0
2021-07-09 00:30,41,12,29,0,0,0
2021-07-09 00:45,24,7,17,0,0,0
2021-07-09 01:00,14,3,11,0,0,0
2021-07-09 01:15,11,2,9,0,0,0
2021-07-09 01:30,15,3,12,0,0,0
2021-07-09 01:45,12,7,5,0,0,0
2021-07-09 02:00,9,3,6,0,0,0
2021-07-09 02:15,19,9,10,0,0,0
2021-07-09 02:30,11,3,8,0,0,0
2021-07-09 02:45,15,4,11,0,0,0
2021-07-09 03:00,3,2,1,0,0,0
2021-07-09 03:15,4,2,2,0,0,0
2021-07-09 03:30,4,1,3,0,0,0
2021-07-09 03:45,2,2,0,0,0,0
2021-07-09 04:00,11,1,10,0,0,0
2021-07-09 04:15,5,3,2,0,0,0
2021-07-09 04:30,7,6,1,0,0,0
2021-07-09 04:45,9,5,4,0,0,0
2021-07-09 05:00,10,5,5,0,0,0
2021-07-09 05:15,10,5,5,0,0,0
2021-07-09 05:30,17,8,9,0,0,0
2021-07-09 05:45,28,19,9,0,0,0
2021-07-09 06:00,24,16,8,0,0,0
2021-07-09 06:15,33,15,18,0,0,0
2021-07-09 06:30,45,33,12,0,0,0
2021-07-09 06:45,51,29,22,0,0,0
2021-07-09 07:00,69,45,24,0,0,0
2021-07-09 07:15,96,59,37,0,0,0
2021-07-09 07:30,106,57,49,0,0,0
2021-07-09 07:45,155,83,72,0,0,0
2021-07-09 08:00,152,77,75,0,0,0
2021-07-09 08:15,126,69,57,0,0,0
2021-07-09 08:30,133,72,61,0,0,0
2021-07-09 08:45,175,104,71,0,0,0
2021-07-09 09:00,163,106,57,0,0,0
2021-07-09 09:15,147,95,52,0,0,0
2021-07-09 09:30,119,82,37,0,0,0
2021-07-09 09:45,139,68,71,0,0,0
2021-07-09 10:00,151,90,61,0,0,0
2021-07-09 10:15,153,94,59,0,0,0
2021-07-09 10:30,109,66,43,0,0,0
2021-07-09 10:45,108,62,46,0,0,0
2021-07-09 11:00,132,61,71,0,0,0
2021-07-09 11:15,120,63,57,0,0,0
2021-07-09 11:30,119,64,55,0,0,0
2021-07-09 11:45,118,58,60,0,0,0
2021-07-09 12:00,181,81,100,0,0,0
2021-07-09 12:15,142,65,77,0,0,0
2021-07-09 12:30,155,77,78,0,0,0
2021-07-09 12:45,147,77,70,0,0,0
2021-07-09 13:00,171,97,74,0,0,0
2021-07-09 13:15,183,84,99,0,0,0
2021-07-09 13:30,174,86,88,0,0,0
2021-07-09 13:45,185,84,101,0,0,0
2021-07-09 14:00,196,94,102,0,0,0
2021-07-09 14:15,210,93,117,0,0,0
2021-07-09 14:30,200,91,109,0,0,0
2021-07-09 14:45,190,108,82,0,0,0
2021-07-09 15:00,160,88,72,0,0,0
2021-07-09 15:15,205,110,95,0,0,0
2021-07-09 15:30,192,88,104,0,0,0
2021-07-09 15:45,183,82,101,0,0,0
2021-07-09 16:00,174,90,84,0,0,0
2021-07-09 16:15,200,99,101,0,0,0
2021-07-09 16:30,178,106,72,0,0,0
2021-07-09 16:45,165,68,97,0,0,0
2021-07-09 17:00,187,107,80,0,0,0
2021-07-09 17:15,195,98,97,0,0,0
2021-07-09 17:30,180,79,101,0,0,0
2021-07-09 17:45,223,109,114,0,0,0
2021-07-09 18:00,195,116,79,0,0,0
2021-07-09 18:15,236,125,111,0,0,0
2021-07-09 18:30,198,97,101,0,0,0
2021-07-09 18:45,212,109,103,0,0,0
2021-07-09 19:00,225,131,94,0,0,0
2021-07-09 19:15,171,87,84,0,0,0
2021-07-09 19:30,178,100,78,0,0,0
2021-07-09 19:45,161,93,68,0,0,0
2021-07-09 20:00,218,144,74,0,0,0
2021-07-09 20:15,166,103,63,0,0,0
2021-07-09 20:30,171,106,65,0,0,0
2021-07-09 20:45,125,61,64,0,0,0
2021-07-09 21:00,116,60,56,0,0,0
2021-07-09 21:15,119,63,56,0,0,0
2021-07-09 21:30,101,48,53,0,0,0
2021-07-09 21:45,113,64,49,0,0,0
2021-07-09 22:00,107,39,68,0,0,0
2021-07-09 22:15,96,43,53,0,0,0
2021-07-09 22:30,84,31,53,0,0,0
2021-07-09 22:45,81,29,52,0,0,0
2021-07-09 23:00,83,18,65,0,0,0
2021-07-09 23:15,83,35,48,0,0,0
2021-07-09 23:30,70,20,50,0,0,0
2021-07-09 23:45,82,29,53,0,0,0
2021-07-10 00:00,97,36,61,0,0,0
2021-07-10 00:15,89,28,61,0,0,0
2021-07-10 00:30,69,31,38,0,0,0
2021-07-10 00:45,71,22,49,0,0,0
2021-07-10 01:00,49,14,35,0,0,0
2021-07-10 01:15,77,24,53,0,0,0
2021-07-10 01:30,47,18,29,0,0,0
2021-07-10 01:45,41,6,35,0,0,0
2021-07-10 02:00,65,14,51,0,0,0
2021-07-10 02:15,47,10,37,0,0,0
2021-07-10 02:30,68,19,49,0,0,0
2021-07-10 02:45,45,10,35,0,0,0
2021-07-10 03:00,35,10,25,0,0,0
2021-07-10 03:15,39,7,32,0,0,0
2021-07-10 03:30,36,5,31,0,0,0
2021-07-10 03:45,35,12,23,0,0,0
2021-07-10 04:00,31,7,24,0,0,0
2021-07-10 04:15,27,7,20,0,0,0
2021-07-10 04:30,15,7,8,0,0,0
2021-07-10 04:45,11,2,9,0,0,0
2021-07-10 05:00,10,1,9,0,0,0
2021-07-10 05:15,21,7,14,0,0,0
2021-07-10 05:30,27,12,15,0,0,0
2021-07-10 05:45,15,7,8,0,0,0
2021-07-10 06:00,20,12,8,0,0,0
2021-07-10 06:15,19,10,9,0,0,0
2021-07-10 06:30,20,6,14,0,0,0
2021-07-10 06:45,23,16,7,0,0,0
2021-07-10 07:00,22,12,10,0,0,0
2021-07-10 07:15,30,23,7,0,0,0
2021-07-10 07:30,36,20,16,0,0,0
2021-07-10 07:45,27,17,10,0,0,0
2021-07-10 08:00,53,40,13,0,0,0
2021-07-10 08:15,62,50,12,0,0,0
2021-07-10 08:30,68,58,10,0,0,0
2021-07-10 08:45,75,47,28,0,0,0
2021-07-10 09:00,72,42,30,0,0,0
2021-07-10 09:15,107,82,25,0,0,0
2021-07-10 09:30,113,77,36,0,0,0
2021-07-10 09:45,122,72,50,0,0,0
2021-07-10 10:00,128,72,56,0,0,0
2021-07-10 10:15,109,65,44,0,0,0
2021-07-10 10:30,145,96,49,0,0,0
2021-07-10 10:45,133,72,61,0,0,0
2021-07-10 11:00,134,79,55,0,0,0
2021-07-10 11:15,146,90,56,0,0,0
2021-07-10 11:30,140,83,57,0,0,0
2021-07-10 11:45,153,77,76,0,0,0
2021-07-10 12:00,154,91,63,0,0,0
2021-07-10 12:15,162,95,67,0,0,0
2021-07-10 12:30,132,71,61,0,0,0
2021-07-10 12:45,141,80,61,0,0,0
2021-07-10 13:00,142,77,65,0,0,0
2021-07-10 13:15,151,77,74,0,0,0
2021-07-10 13:30,167,90,77,0,0,0
2021-07-10 13:45,192,94,98,0,0,0
2021-07-10 14:00,215,106,109,0,0,0
2021-07-10 14:15,143,62,81,0,0,0
2021-07-10 14:30,188,107,81,0,0,0
2021-07-10 14:45,157,83,74,0,0,0
2021-07-10 15:00,166,78,88,0,0,0
2021-07-10 15:15,117,55,62,0,0,0
2021-07-10 15:30,134,60,74,0,0,0
2021-07-10 15:45,192,101,91,0,0,0
2021-07-10 16:00,134,67,67,0,0,0
2021-07-10 16:15,141,68,73,0,0,0
2021-07-10 16:30,171,76,95,0,0,0
2021-07-10 16:45,147,83,64,0,0,0
2021-07-10 17:00,121,56,65,0,0,0
2021-07-10 17:15,147,82,65,0,0,0
2021-07-10 17:30,194,120,74,0,0,0
2021-07-10 17:45,162,73,89,0,0,0
2021-07-10 18:00,164,83,81,0,0,0
2021-07-10 18:15,156,61,95,0,0,0
2021-07-10 18:30,154,88,66,0,0,0
2021-07-10 18:45,139,65,74,0,0,0
2021-07-10 19:00,146,73,73,0,0,0
2021-07-10 19:15,134,76,58,0,0,0
2021-07-10 19:30,146,82,64,0,0,0
2021-07-10 19:45,144,76,68,0,0,0
2021-07-10 20:00,134,55,79,0,0,0
2021-07-10 20:15,131,64,67,0,0,0
2021-07-10 20:30,112,48,64,0,0,0
2021-07-10 20:45,104,52,52,0,0,0
2021-07-10 21:00,100,51,49,0,0,0
2021-07-10 21:15,106,51,55,0,0,0
2021-07-10 21:30,98,36,62,0,0,0
2021-07-10 21:45,81,41,40,0,0,0
2021-07-10 22:00,61,27,34,0,0,0
2021-07-10 22:15,51,23,28,0,0,0
2021-07-10 22:30,75,27,48,0,0,0
2021-07-10 22:45,64,29,35,0,0,0
2021-07-10 23:00,76,25,51,0,0,0
2021-07-10 23:15,87,31,56,0,0,0
2021-07-10 23:30,58,19,39,0,0,0
2021-07-10 23:45,61,26,35,0,0,0
2021-07-11 00:00,51,14,37,0,0,0
2021-07-11 00:15,67,30,37,0,0,0
2021-07-11 00:30,68,27,41,0,0,0
2021-07-11 00:45,72,20,52,0,0,0
2021-07-11 01:00,75,20,55,0,0,0
2021-07-11 01:15,73,22,51,0,0,0
2021-07-11 01:30,63,21,42,0,0,0
2021-07-11 01:45,73,14,59,0,0,0
2021-07-11 02:00,59,16,43,0,0,0
2021-07-11 02:15,63,7,56,0,0,0
2021-07-11 02:30,46,11,35,0,0,0
2021-07-11 02:45,72,16,56,0,0,0
2021-07-11 03:00,40,8,32,0,0,0
2021-07-11 03:15,39,7,32,0,0,0
2021-07-11 03:30,33,9,24,0,0,0
2021-07-11 03:45,30,8,22,0,0,0
2021-07-11 04:00,15,3,12,0,0,0
2021-07-11 04:15,26,10,16,0,0,0
2021-07-11 04:30,21,2,19,0,0,0
2021-07-11 04:45,6,1,5,0,0,0
2021-07-11 05:00,8,1,7,0,0,0
2021-07-11 05:15,13,2,11,0,0,0
2021-07-11 05:30,12,3,9,0,0,0
2021-07-11 05:45,10,3,7,0,0,0
2021-07-11 06:00,3,2,1,0,0,0
2021-07-11 06:15,12,5,7,0,0,0
2021-07-11 06:30,8,0,8,0,0,0
2021-07-11 06:45,13,3,10,0,0,0
2021-07-11 07:00,6,6,0,0,0,0
2021-07-11 07:15,11,7,4,0,0,0
2021-07-11 07:30,16,8,8,0,0,0
2021-07-11 07:45,15,10,5,0,0,0
2021-07-11 08:00,18,10,8,0,0,0
2021-07-11 08:15,27,15,12,0,0,0
2021-07-11 08:30,21,16,5,0,0,0
2021-07-11 08:45,29,19,10,0,0,0
2021-07-11 09:00,21,13,8,0,0,0
2021-07-11 09:15,26,19,7,0,0,0
2021-07-11 09:30,40,31,9,0,0,0
2021-07-11 09:45,63,32,31,0,0,0
2021-07-11 10:00,52,35,17,0,0,0
2021-07-11 10:15,52,27,25,0,0,0
2021-07-11 10:30,63,39,24,0,0,0
2021-07-11 10:45,75,45,30,0,0,0
2021-07-11 11:00,39,26,13,0,0,0
2021-07-11 11:15,50,34,16,0,0,0
2021-07-11 11:30,74,58,16,0,0,0
2021-07-11 11:45,74,46,28,0,0,0
2021-07-11 12:00,74,47,27,0,0,0
2021-07-11 12:15,64,35,29,0,0,0
2021-07-11 12:30,96,49,47,0,0,0
2021-07-11 12:45,78,39,39,0,0,0
2021-07-11 13:00,106,50,56,0,0,0
2021-07-11 13:15,93,42,51,0,0,0
2021-07-11 13:30,96,53,43,0,0,0
2021-07-11 13:45,94,54,40,0,0,0
2021-07-11 14:00,108,52,56,0,0,0
2021-07-11 14:15,98,48,50,0,0,0
2021-07-11 14:30,106,54,52,0,0,0
2021-07-11 14:45,134,72,62,0,0,0
2021-07-11 15:00,119,58,61,0,0,0
2021-07-11 15:15,100,58,42,0,0,0
2021-07-11 15:30,96,45,51,0,0,0
2021-07-11 15:45,98,63,35,0,0,0
2021-07-11 16:00,139,59,80,0,0,0
2021-07-11 16:15,100,53,47,0,0,0
2021-07-11 16:30,149,89,60,0,0,0
2021-07-11 16:45,106,57,49,0,0,0
2021-07-11 17:00,135,61,74,0,0,0
2021-07-11 17:15,97,43,54,0,0,0
2021-07-11 17:30,140,86,54,0,0,0
2021-07-11 17:45,135,79,56,0,0,0
2021-07-11 18:00,131,57,74,0,0,0
2021-07-11 18:15,136,57,79,0,0,0
2021-07-11 18:30,102,55,47,0,0,0
2021-07-11 18:45,141,76,65,0,0,0
2021-07-11 19:00,137,56,81,0,0,0
2021-07-11 19:15,129,60,69,0,0,0
2021-07-11 19:30,115,71,44,0,0,0
2021-07-11 19:45,149,83,66,0,0,0
2021-07-11 20:00,143,75,68,0,0,0
2021-07-11 20:15,140,78,62,0,0,0
2021-07-11 20:30,158,73,85,0,0,0
2021-07-11 20:45,115,37,78,0,0,0
2021-07-11 21:00,94,19,75,0,0,0
2021-07-11 21:15,53,13,40,0,0,0
2021-07-11 21:30,45,15,30,0,0,0
2021-07-11 21:45,35,6,29,0,0,0
2021-07-11 22:00,45,6,39,0,0,0
2021-07-11 22:15,34,10,24,0,0,0
2021-07-11 22:30,30,7,23,0,0,0
2021-07-11 22:45,30,13,17,0,0,0
2021-07-11 23:00,28,6,22,0,0,0
2021-07-11 23:15,25,3,22,0,0,0
2021-07-11 23:30,16,6,10,0,0,0
2021-07-11 23:45,39,35,4,0,0,0
2021-07-12 00:00,109,47,62,0,0,0
2021-07-12 00:15,167,47,120,0,0,0
2021-07-12 00:30,114,28,86,0,0,0
2021-07-12 00:45,41,11,30,0,0,0
2021-07-12 01:00,31,7,24,0,0,0
2021-07-12 01:15,17,13,4,0,0,0
2021-07-12 01:30,10,0,10,0,0,0
2021-07-12 01:45,11,2,9,0,0,0
2021-07-12 02:00,14,3,11,0,0,0
2021-07-12 02:15,1,1,0,0,0,0
2021-07-12 02:30,6,5,1,0,0,0
2021-07-12 02:45,12,3,9,0,0,0
2021-07-12 03:00,7,4,3,0,0,0
2021-07-12 03:15,7,6,1,0,0,0
2021-07-12 03:30,1,0,1,0,0,0
2021-07-12 03:45,7,3,4,0,0,0
2021-07-12 04:00,3,2,1,0,0,0
2021-07-12 04:15,8,4,4,0,0,0
2021-07-12 04:30,10,7,3,0,0,0
2021-07-12 04:45,11,8,3,0,0,0
2021-07-12 05:00,10,4,6,0,0,0
2021-07-12 05:15,9,4,5,0,0,0
2021-07-12 05:30,17,11,6,0,0,0
2021-07-12 05:45,29,19,10,0,0,0
2021-07-12 06:00,17,12,5,0,0,0
2021-07-12 06:15,57,41,16,0,0,0
2021-07-12 06:30,53,31,22,0,0,0
2021-07-12 06:45,83,55,28,0,0,0
2021-07-12 07:00,82,55,27,0,0,0
2021-07-12 07:15,124,74,50,0,0,0
2021-07-12 07:30,137,81,56,0,0,0
2021-07-12 07:45,155,84,71,0,0,0
2021-07-12 08:00,167,98,69,0,0,0
2021-07-12 08:15,144,83,61,0,0,0
2021-07-12 08:30,147,77,70,0,0,0
2021-07-12 08:45,164,112,52,0,0,0
2021-07-12 09:00,128,70,58,0,0,0
2021-07-12 09:15,83,46,37,0,0,0
2021-07-12 09:30,114,70,44,0,0,0
2021-07-12 09:45,165,96,69,0,0,0
2021-07-12 10:00,147,74,73,0,0,0
2021-07-12 10:15,120,76,44,0,0,0
2021-07-12 10:30,100,58,42,0,0,0
2021-07-12 10:45,110,62,48,0,0,0
2021-07-12 11:00,123,62,61,0,0,0
2021-07-12 11:15,113,73,40,0,0,0
2021-07-12 11:30,133,75,58,0,0,0
2021-07-12 11:45,132,73,59,0,0,0
2021-07-12 12:00,140,70,70,0,0,0
2021-07-12 12:15,158,88,70,0,0,0
2021-07-12 12:30,137,78,59,0,0,0
2021-07-12 12:45,179,97,82,0,0,0
2021-07-12 13:00,181,105,76,0,0,0
2021-07-12 13:15,132,63,69,0,0,0
2021-07-12 13:30,157,88,69,0,0,0
2021-07-12 13:45,129,71,58,0,0,0
2021-07-12 14:00,166,70,96,0,0,0
2021-07-12 14:15,181,91,90,0,0,0
2021-07-12 14:30,178,75,103,0,0,0
2021-07-12 14:45,205,105,100,0,0,0
2021-07-12 15:00,169,79,90,0,0,0
2021-07-12 15:15,151,75,76,0,0,0
2021-07-12 15:30,168,97,71,0,0,0
2021-07-12 15:45,190,105,85,0,0,0
2021-07-12 16:00,230,104,126,0,0,0
2021-07-12 16:15,244,122,122,0,0,0
2021-07-12 16:30,216,101,115,0,0,0
2021-07-12 16:45,266,132,134,0,0,0
2021-07-12 17:00,256,128,128,0,0,0
2021-07-12 17:15,221,100,121,0,0,0
2021-07-12 17:30,213,100,113,0,0,0
2021-07-12 17:45,262,135,127,0,0,0
2021-07-12 18:00,232,126,106,0,0,0
2021-07-12 18:15,231,103,128,0,0,0
2021-07-12 18:30,211,109,102,0,0,0
2021-07-12 18:45,225,104,121,0,0,0
2021-07-12 19:00,171,81,90,0,0,0
2021-07-12 19:15,191,103,88,0,0,0
2021-07-12 19:30,176,68,108,0,0,0
2021-07-12 19:45,150,78,72,0,0,0
2021-07-12 20:00,156,73,83,0,0,0
2021-07-12 20:15,122,60,62,0,0,0
2021-07-12 20:30,112,53,59,0,0,0
2021-07-12 20:45,98,45,53,0,0,0
2021-07-12 21:00,87,37,50,0,0,0
2021-07-12 21:15,89,38,51,0,0,0
2021-07-12 21:30,76,32,44,0,0,0
2021-07-12 21:45,88,27,61,0,0,0
2021-07-12 22:00,78,36,42,0,0,0
2021-07-12 22:15,56,22,34,0,0,0
2021-07-12 22:30,72,24,48,0,0,0
2021-07-12 22:45,58,19,39,0,0,0
2021-07-12 23:00,51,15,36,0,0,0
2021-07-12 23:15,37,10,27,0,0,0
2021-07-12 23:30,47,11,36,0,0,0
2021-07-12 23:45,40,15,25,0,0,0
2021-07-13 00:00,28,4,24,0,0,0
2021-07-13 00:15,21,8,13,0,0,0
2021-07-13 00:30,13,1,12,0,0,0
2021-07-13 00:45,25,6,19,0,0,0
2021-07-13 01:00,23,4,19,0,0,0
2021-07-13 01:15,14,5,9,0,0,0
2021-07-13 01:30,18,10,8,0,0,0
2021-07-13 01:45,16,3,13,0,0,0
2021-07-13 02:00,6,1,5,0,0,0
2021-07-13 02:15,6,2,4,0,0,0
2021-07-13 02:30,5,2,3,0,0,0
2021-07-13 02:45,6,2,4,0,0,0
2021-07-13 03:00,5,4,1,0,0,0
2021-07-13 03:15,4,3,1,0,0,0
2021-07-13 03:30,7,2,5,0,0,0
2021-07-13 03:45,6,1,5,0,0,0
2021-07-13 04:00,5,3,2,0,0,0
2021-07-13 04:15,8,5,3,0,0,0
2021-07-13 04:30,5,0,5,0,0,0
2021-07-13 04:45,13,6,7,0,0,0
2021-07-13 05:00,8,3,5,0,0,0
2021-07-13 05:15,15,11,4,0,0,0
2021-07-13 05:30,20,13,7,0,0,0
2021-07-13 05:45,23,17,6,0,0,0
2021-07-13 06:00,27,21,6,0,0,0
2021-07-13 06:15,46,28,18,0,0,0
2021-07-13 06:30,47,28,19,0,0,0
2021-07-13 06:45,73,46,27,0,0,0
2021-07-13 07:00,67,44,23,0,0,0
2021-07-13 07:15,79,49,30,0,0,0
2021-07-13 07:30,126,78,48,0,0,0
2021-07-13 07:45,154,86,68,0,0,0
2021-07-13 08:00,133,72,61,0,0,0
2021-07-13 08:15,131,63,68,0,0,0
2021-07-13 08:30,127,80,47,0,0,0
2021-07-13 08:45,126,69,57,0,0,0
2021-07-13 09:00,114,66,48,0,0,0
2021-07-13 09:15,92,66,26,0,0,0
2021-07-13 09:30,85,46,39,0,0,0
2021-07-13 09:45,116,66,50,0,0,0
2021-07-13 10:00,92,47,45,0,0,0
2021-07-13 10:15,62,29,33,0,0,0
2021-07-13 10:30,73,34,39,0,0,0
2021-07-13 10:45,68,39,29,0,0,0
2021-07-13 11:00,60,31,29,0,0,0
2021-07-13 11:15,69,45,24,0,0,0
2021-07-13 11:30,75,45,30,0,0,0
2021-07-13 11:45,125,81,44,0,0,0
2021-07-13 12:00,105,52,53,0,0,0
2021-07-13 12:15,124,73,51,0,0,0
2021-07-13 12:30,114,56,58,0,0,0
2021-07-13 12:45,127,76,51,0,0,0
2021-07-13 13:00,109,63,46,0,0,0
2021-07-13 13:15,119,62,57,0,0,0
2021-07-13 13:30,126,77,49,0,0,0
2021-07-13 13:45,145,77,68,0,0,0
2021-07-13 14:00,126,63,63,0,0,0
2021-07-13 14:15,119,62,57,0,0,0
2021-07-13 14:30,106,54,52,0,0,0
2021-07-13 14:45,153,63,90,0,0,0
2021-07-13 15:00,139,70,69,0,0,0
2021-07-13 15:15,152,69,83,0,0,0
2021-07-13 15:30,150,67,83,0,0,0
2021-07-13 15:45,159,83,76,0,0,0
2021-07-13 16:00,190,95,95,0,0,0
2021-07-13 16:15,193,81,112,0,0,0
2021-07-13 16:30,189,102,87,0,0,0
2021-07-13 16:45,196,107,89,0,0,0
2021-07-13 17:00,178,100,78,0,0,0
2021-07-13 17:15,177,82,95,0,0,0
2021-07-13 17:30,208,97,111,0,0,0
2021-07-13 17:45,282,142,140,0,0,0
2021-07-13 18:00,227,104,123,0,0,0
2021-07-13 18:15,196,84,112,0,0,0
2021-07-13 18:30,165,81,84,0,0,0
2021-07-13 18:45,192,110,82,0,0,0
2021-07-13 19:00,172,81,91,0,0,0
2021-07-13 19:15,171,94,77,0,0,0
2021-07-13 19:30,133,65,68,0,0,0
2021-07-13 19:45,159,85,74,0,0,0
2021-07-13 20:00,139,72,67,0,0,0
2021-07-13 20:15,116,52,64,0,0,0
2021-07-13 20:30,101,52,49,0,0,0
2021-07-13 20:45,77,33,44,0,0,0
2021-07-13 21:00,88,44,44,0,0,0
2021-07-13 21:15,90,30,60,0,0,0
2021-07-13 21:30,93,43,50,0,0,0
2021-07-13 21:45,76,39,37,0,0,0
2021-07-13 22:00,74,30,44,0,0,0
2021-07-13 22:15,76,16,60,0,0,0
2021-07-13 22:30,85,26,59,0,0,0
2021-07-13 22:45,74,26,48,0,0,0
2021-07-13 23:00,50,16,34,0,0,0
2021-07-13 23:15,62,16,46,0,0,0
2021-07-13 23:30,50,21,29,0,0,0
2021-07-13 23:45,42,12,30,0,0,0
2021-07-14 00:00,45,14,31,0,0,0
2021-07-14 00:15,33,7,26,0,0,0
2021-07-14 00:30,31,16,15,0,0,0
2021-07-14 00:45,19,5,14,0,0,0
2021-07-14 01:00,36,9,27,0,0,0
2021-07-14 01:15,13,9,4,0,0,0
2021-07-14 01:30,13,2,11,0,0,0
2021-07-14 01:45,13,4,9,0,0,0
2021-07-14 02:00,10,6,4,0,0,0
2021-07-14 02:15,20,10,10,0,0,0
2021-07-14 02:30,10,4,6,0,0,0
2021-07-14 02:45,6,4,2,0,0,0
2021-07-14 03:00,4,2,2,0,0,0
2021-07-14 03:15,2,1,1,0,0,0
2021-07-14 03:30,4,1,3,0,0,0
2021-07-14 03:45,5,2,3,0,0,0
2021-07-14 04:00,12,7,5,0,0,0
2021-07-14 04:15,8,6,2,0,0,0
2021-07-14 04:30,8,2,6,0,0,0
2021-07-14 04:45,8,4,4,0,0,0
2021-07-14 05:00,8,6,2,0,0,0
2021-07-14 05:15,16,10,6,0,0,0
2021-07-14 05:30,21,16,5,0,0,0
2021-07-14 05:45,25,17,8,0,0,0
2021-07-14 06:00,19,12,7,0,0,0
2021-07-14 06:15,32,14,18,0,0,0
2021-07-14 06:30,30,22,8,0,0,0
2021-07-14 06:45,55,41,14,0,0,0
2021-07-14 07:00,55,36,19,0,0,0
2021-07-14 07:15,83,53,30,0,0,0
2021-07-14 07:30,125,66,59,0,0,0
2021-07-14 07:45,146,76,70,0,0,0
2021-07-14 08:00,125,65,60,0,0,0
2021-07-14 08:15,109,54,55,0,0,0
2021-07-14 08:30,124,76,48,0,0,0
2021-07-14 08:45,122,74,48,0,0,0
2021-07-14 09:00,131,80,51,0,0,0
2021-07-14 09:15,105,61,44,0,0,0
2021-07-14 09:30,88,50,38,0,0,0
2021-07-14 09:45,150,98,52,0,0,0
2021-07-14 10:00,119,78,41,0,0,0
2021-07-14 10:15,108,65,43,0,0,0
2021-07-14 10:30,84,48,36,0,0,0
2021-07-14 10:45,75,40,35,0,0,0
2021-07-14 11:00,82,38,44,0,0,0
2021-07-14 11:15,104,50,54,0,0,0
2021-07-14 11:30,99,54,45,0,0,0
2021-07-14 11:45,128,66,62,0,0,0
2021-07-14 12:00,130,66,64,0,0,0
2021-07-14 12:15,122,70,52,0,0,0
2021-07-14 12:30,127,81,46,0,0,0
2021-07-14 12:45,135,62,73,0,0,0
2021-07-14 13:00,126,74,52,0,0,0
2021-07-14 13:15,117,50,67,0,0,0
2021-07-14 13:30,147,77,70,0,0,0
2021-07-14 13:45,117,55,62,0,0,0
2021-07-14 14:00,135,60,75,0,0,0
2021-07-14 14:15,117,48,69,0,0,0
2021-07-14 14:30,111,52,59,0,0,0
2021-07-14 14:45,132,73,59,0,0,0
2021-07-14 15:00,131,64,67,0,0,0
2021-07-14 15:15,131,69,62,0,0,0
2021-07-14 15:30,136,66,70,0,0,0
2021-07-14 15:45,122,45,77,0,0,0
2021-07-14 16:00,88,38,50,0,0,0
2021-07-14 16:15,73,26,47,0,0,0
2021-07-14 16:30,98,47,51,0,0,0
2021-07-14 16:45,126,74,52,0,0,0
2021-07-14 17:00,161,65,96,0,0,0
2021-07-14 17:15,151,64,87,0,0,0
2021-07-14 17:30,148,75,73,0,0,0
2021-07-14 17:45,161,84,77,0,0,0
2021-07-14 18:00,87,40,47,0,0,0
2021-07-14 18:15,67,33,34,0,0,0
2021-07-14 18:30,72,33,39,0,0,0
2021-07-14 18:45,110,62,48,0,0,0
2021-07-14 19:00,99,47,52,0,0,0
2021-07-14 19:15,78,33,45,0,0,0
2021-07-14 19:30,91,37,54,0,0,0
2021-07-14 19:45,119,64,55,0,0,0
2021-07-14 20:00,121,69,52,0,0,0
2021-07-14 20:15,82,41,41,0,0,0
2021-07-14 20:30,61,37,24,0,0,0
2021-07-14 20:45,60,22,38,0,0,0
2021-07-14 21:00,59,36,23,0,0,0
2021-07-14 21:15,51,25,26,0,0,0
2021-07-14 21:30,43,23,20,0,0,0
2021-07-14 21:45,52,27,25,0,0,0
2021-07-14 22:00,51,21,30,0,0,0
2021-07-14 22:15,41,13,28,0,0,0
2021-07-14 22:30,67,31,36,0,0,0
2021-07-14 22:45,41,16,25,0,0,0
2021-07-14 23:00,44,24,20,0,0,0
2021-07-14 23:15,49,23,26,0,0,0
2021-07-14 23:30,32,15,17,0,0,0
2021-07-14 23:45,45,12,33,0,0,0
2021-07-15 00:00,32,10,22,0,0,0
2021-07-15 00:15,38,21,17,0,0,0
2021-07-15 00:30,26,14,12,0,0,0
2021-07-15 00:45,22,8,14,0,0,0
2021-07-15 01:00,16,3,13,0,0,0
2021-07-15 01:15,17,9,8,0,0,0
2021-07-15 01:30,26,8,18,0,0,0
2021-07-15 01:45,14,3,11,0,0,0
2021-07-15 02:00,11,2,9,0,0,0
2021-07-15 02:15,20,9,11,0,0,0
2021-07-15 02:30,13,3,10,0,0,0
2021-07-15 02:45,17,3,14,0,0,0
2021-07-15 03:00,17,3,14,0,0,0
2021-07-15 03:15,15,1,14,0,0,0
2021-07-15 03:30,18,6,12,0,0,0
2021-07-15 03:45,12,2,10,0,0,0
2021-07-15 04:00,7,2,5,0,0,0
2021-07-15 04:15,11,4,7,0,0,0
2021-07-15 04:30,10,4,6,0,0,0
2021-07-15 04:45,12,5,7,0,0,0
2021-07-15 05:00,4,2,2,0,0,0
2021-07-15 05:15,14,8,6,0,0,0
2021-07-15 05:30,16,13,3,0,0,0
2021-07-15 05:45,33,21,12,0,0,0
2021-07-15 06:00,16,10,6,0,0,0
2021-07-15 06:15,40,18,22,0,0,0
2021-07-15 06:30,42,27,15,0,0,0
2021-07-15 06:45,52,32,20,0,0,0
2021-07-15 07:00,76,46,30,0,0,0
2021-07-15 07:15,85,55,30,0,0,0
2021-07-15 07:30,130,89,41,0,0,0
2021-07-15 07:45,159,76,83,0,0,0
2021-07-15 08:00,130,71,59,0,0,0
2021-07-15 08:15,123,71,52,0,0,0
2021-07-15 08:30,125,84,41,0,0,0
2021-07-15 08:45,156,91,65,0,0,0
2021-07-15 09:00,127,60,67,0,0,0
2021-07-15 09:15,114,64,50,0,0,0
2021-07-15 09:30,132,79,53,0,0,0
2021-07-15 09:45,158,94,64,0,0,0
2021-07-15 10:00,118,53,65,0,0,0
2021-07-15 10:15,122,63,59,0,0,0
2021-07-15 10:30,119,57,62,0,0,0
2021-07-15 10:45,103,53,50,0,0,0
2021-07-15 11:00,92,55,37,0,0,0
2021-07-15 11:15,123,75,48,0,0,0
2021-07-15 11:30,127,73,54,0,0,0
2021-07-15 11:45,124,72,52,0,0,0
2021-07-15 12:00,173,102,71,0,0,0
2021-07-15 12:15,172,90,82,0,0,0
2021-07-15 12:30,177,90,87,0,0,0
2021-07-15 12:45,183,101,82,0,0,0
2021-07-15 13:00,196,106,90,0,0,0
2021-07-15 13:15,182,80,102,0,0,0
2021-07-15 13:30,189,110,79,0,0,0
2021-07-15 13:45,210,110,100,0,0,0
2021-07-15 14:00,179,86,93,0,0,0
2021-07-15 14:15,173,81,92,0,0,0
2021-07-15 14:30,155,79,76,0,0,0
2021-07-15 14:45,176,101,75,0,0,0
2021-07-15 15:00,157,85,72,0,0,0
2021-07-15 15:15,166,81,85,0,0,0
2021-07-15 15:30,162,89,73,0,0,0
2021-07-15 15:45,190,103,87,0,0,0
2021-07-15 16:00,190,98,92,0,0,0
2021-07-15 16:15,208,84,124,0,0,0
2021-07-15 16:30,204,109,95,0,0,0
2021-07-15 16:45,223,107,116,0,0,0
2021-07-15 17:00,192,101,91,0,0,0
2021-07-15 17:15,222,99,123,0,0,0
2021-07-15 17:30,190,87,103,0,0,0
2021-07-15 17:45,221,120,101,0,0,0
2021-07-15 18:00,207,106,101,0,0,0
2021-07-15 18:15,204,102,102,0,0,0
2021-07-15 18:30,225,108,117,0,0,0
2021-07-15 18:45,178,80,98,0,0,0
2021-07-15 19:00,188,87,101,0,0,0
2021-07-15 19:15,141,71,70,0,0,0
2021-07-15 19:30,139,77,62,0,0,0
2021-07-15 19:45,184,88,96,0,0,0
2021-07-15 20:00,144,73,71,0,0,0
2021-07-15 20:15,122,59,63,0,0,0
2021-07-15 20:30,116,57,59,0,0,0
2021-07-15 20:45,94,35,59,0,0,0
2021-07-15 21:00,70,33,37,0,0,0
2021-07-15 21:15,87,51,36,0,0,0
2021-07-15 21:30,74,30,44,0,0,0
2021-07-15 21:45,73,24,49,0,0,0
2021-07-15 22:00,79,30,49,0,0,0
2021-07-15 22:15,68,25,43,0,0,0
2021-07-15 22:30,69,23,46,0,0,0
2021-07-15 22:45,54,16,38,0,0,0
2021-07-15 23:00,68,21,47,0,0,0
2021-07-15 23:15,64,19,45,0,0,0
2021-07-15 23:30,55,10,45,0,0,0
2021-07-15 23:45,54,18,36,0,0,0
2021-07-16 00:00,41,11,30,0,0,0
2021-07-16 00:15,43,23,20,0,0,0
2021-07-16 00:30,44,5,39,0,0,0
2021-07-16 00:45,26,7,19,0,0,0
2021-07-16 01:00,25,7,18,0,0,0
2021-07-16 01:15,20,8,12,0,0,0
2021-07-16 01:30,18,3,15,0,0,0
2021-07-16 01:45,18,3,15,0,0,0
2021-07-16 02:00,10,1,9,0,0,0
2021-07-16 02:15,7,1,6,0,0,0
2021-07-16 02:30,7,2,5,0,0,0
2021-07-16 02:45,8,0,8,0,0,0
2021-07-16 03:00,8,5,3,0,0,0
2021-07-16 03:15,1,0,1,0,0,0
2021-07-16 03:30,5,3,2,0,0,0
2021-07-16 03:45,2,0,2,0,0,0
2021-07-16 04:00,2,2,0,0,0,0
2021-07-16 04:15,4,2,2,0,0,0
2021-07-16 04:30,14,2,12,0,0,0
2021-07-16 04:45,9,4,5,0,0,0
2021-07-16 05:00,3,2,1,0,0,0
2021-07-16 05:15,15,10,5,0,0,0
2021-07-16 05:30,20,14,6,0,0,0
2021-07-16 05:45,32,26,6,0,0,0
2021-07-16 06:00,17,8,9,0,0,0
2021-07-16 06:15,35,18,17,0,0,0
2021-07-16 06:30,50,31,19,0,0,0
2021-07-16 06:45,68,41,27,0,0,0
2021-07-16 07:00,74,55,19,0,0,0
2021-07-16 07:15,76,46,30,0,0,0
2021-07-16 07:30,119,77,42,0,0,0
2021-07-16 07:45,134,82,52,0,0,0
2021-07-16 08:00,123,62,61,0,0,0
2021-07-16 08:15,140,78,62,0,0,0
2021-07-16 08:30,131,83,48,0,0,0
2021-07-16 08:45,156,92,64,0,0,0
2021-07-16 09:00,145,93,52,0,0,0
2021-07-16 09:15,118,70,48,0,0,0
2021-07-16 09:30,107,63,44,0,0,0
2021-07-16 09:45,146,104,42,0,0,0
2021-07-16 10:00,133,78,55,0,0,0
2021-07-16 10:15,117,61,56,0,0,0
2021-07-16 10:30,111,58,53,0,0,0
2021-07-16 10:45,141,84,57,0,0,0
2021-07-16 11:00,116,62,54,0,0,0
2021-07-16 11:15,100,50,50,0,0,0
2021-07-16 11:30,117,51,66,0,0,0
2021-07-16 11:45,163,96,67,0,0,0
2021-07-16 12:00,161,91,70,0,0,0
2021-07-16 12:15,157,93,64,0,0,0
2021-07-16 12:30,144,72,72,0,0,0
2021-07-16 12:45,155,96,59,0,0,0
2021-07-16 13:00,131,64,67,0,0,0
2021-07-16 13:15,158,70,88,0,0,0
2021-07-16 13:30,144,80,64,0,0,0
2021-07-16 13:45,179,87,92,0,0,0
2021-07-16 14:00,173,72,101,0,0,0
2021-07-16 14:15,135,55,80,0,0,0
2021-07-16 14:30,138,56,82,0,0,0
2021-07-16 14:45,145,65,80,0,0,0
2021-07-16 15:00,132,61,71,0,0,0
2021-07-16 15:15,154,86,68,0,0,0
2021-07-16 15:30,169,81,88,0,0,0
2021-07-16 15:45,183,104,79,0,0,0
2021-07-16 16:00,179,97,82,0,0,0
2021-07-16 16:15,183,94,89,0,0,0
2021-07-16 16:30,172,94,78,0,0,0
2021-07-16 16:45,181,103,78,0,0,0
2021-07-16 17:00,158,90,68,0,0,0
2021-07-16 17:15,186,108,78,0,0,0
2021-07-16 17:30,175,90,85,0,0,0
2021-07-16 17:45,236,113,123,0,0,0
2021-07-16 18:00,162,85,77,0,0,0
2021-07-16 18:15,180,106,74,0,0,0
2021-07-16 18:30,187,120,67,0,0,0
2021-07-16 18:45,219,131,88,0,0,0
2021-07-16 19:00,174,98,76,0,0,0
2021-07-16 19:15,194,102,92,0,0,0
2021-07-16 19:30,132,79,53,0,0,0
2021-07-16 19:45,165,102,63,0,0,0
2021-07-16 20:00,147,85,62,0,0,0
2021-07-16 20:15,129,71,58,0,0,0
2021-07-16 20:30,152,79,73,0,0,0
2021-07-16 20:45,92,54,38,0,0,0
2021-07-16 21:00,108,62,46,0,0,0
2021-07-16 21:15,97,44,53,0,0,0
2021-07-16 21:30,100,50,50,0,0,0
2021-07-16 21:45,92,50,42,0,0,0
2021-07-16 22:00,78,36,42,0,0,0
2021-07-16 22:15,96,42,54,0,0,0
2021-07-16 22:30,99,46,53,0,0,0
2021-07-16 22:45,64,25,39,0,0,0
2021-07-16 23:00,91,31,60,0,0,0
2021-07-16 23:15,57,21,36,0,0,0
2021-07-16 23:30,57,22,35,0,0,0
2021-07-16 23:45,71,28,43,0,0,0
2021-07-17 00:00,74,22,52,0,0,0
2021-07-17 00:15,55,19,36,0,0,0
2021-07-17 00:30,80,22,58,0,0,0
2021-07-17 00:45,71,23,48,0,0,0
2021-07-17 01:00,47,11,36,0,0,0
2021-07-17 01:15,51,17,34,0,0,0
2021-07-17 01:30,57,11,46,0,0,0
2021-07-17 01:45,41,13,28,0,0,0
2021-07-17 02:00,54,11,43,0,0,0
2021-07-17 02:15,34,6,28,0,0,0
2021-07-17 02:30,41,21,20,0,0,0
2021-07-17 02:45,38,6,32,0,0,0
2021-07-17 03:00,39,6,33,0,0,0
2021-07-17 03:15,41,8,33,0,0,0
2021-07-17 03:30,28,8,20,0,0,0
2021-07-17 03:45,32,8,24,0,0,0
2021-07-17 04:00,21,3,18,0,0,0
2021-07-17 04:15,20,1,19,0,0,0
2021-07-17 04:30,22,4,18,0,0,0
2021-07-17 04:45,21,1,20,0,0,0
2021-07-17 05:00,11,1,10,0,0,0
2021-07-17 05:15,16,5,11,0,0,0
2021-07-17 05:30,12,8,4,0,0,0
2021-07-17 05:45,16,7,9,0,0,0
2021-07-17 06:00,14,8,6,0,0,0
2021-07-17 06:15,17,6,11,0,0,0
2021-07-17 06:30,20,9,11,0,0,0
2021-07-17 06:45,18,10,8,0,0,0
2021-07-17 07:00,18,12,6,0,0,0
2021-07-17 07:15,22,15,7,0,0,0
2021-07-17 07:30,40,24,16,0,0,0
2021-07-17 07:45,36,21,15,0,0,0
2021-07-17 08:00,24,18,6,0,0,0
2021-07-17 08:15,26,18,8,0,0,0
2021-07-17 08:30,48,29,19,0,0,0
2021-07-17 08:45,75,39,36,0,0,0
2021-07-17 09:00,73,44,29,0,0,0
2021-07-17 09:15,83,56,27,0,0,0
2021-07-17 09:30,84,54,30,0,0,0
2021-07-17 09:45,137,95,42,0,0,0
2021-07-17 10:00,108,71,37,0,0,0
2021-07-17 10:15,123,89,34,0,0,0
2021-07-17 10:30,112,88,24,0,0,0
2021-07-17 10:45,145,85,60,0,0,0
2021-07-17 11:00,133,83,50,0,0,0
2021-07-17 11:15,140,89,51,0,0,0
2021-07-17 11:30,131,74,57,0,0,0
2021-07-17 11:45,164,109,55,0,0,0
2021-07-17 12:00,124,71,53,0,0,0
2021-07-17 12:15,159,103,56,0,0,0
2021-07-17 12:30,143,73,70,0,0,0
2021-07-17 12:45,160,96,64,0,0,0
2021-07-17 13:00,172,101,71,0,0,0
2021-07-17 13:15,169,94,75,0,0,0
2021-07-17 13:30,173,79,94,0,0,0
2021-07-17 13:45,174,96,78,0,0,0
2021-07-17 14:00,162,85,77,0,0,0
2021-07-17 14:15,160,74,86,0,0,0
2021-07-17 14:30,171,85,86,0,0,0
2021-07-17 14:45,177,107,70,0,0,0
2021-07-17 15:00,160,73,87,0,0,0
2021-07-17 15:15,159,78,81,0,0,0
2021-07-17 15:30,208,94,114,0,0,0
2021-07-17 15:45,164,94,70,0,0,0
2021-07-17 16:00,165,71,94,0,0,0
2021-07-17 16:15,132,73,59,0,0,0
2021-07-17 16:30,133,72,61,0,0,0
2021-07-17 16:45,178,98,80,0,0,0
2021-07-17 17:00,158,85,73,0,0,0
2021-07-17 17:15,141,79,62,0,0,0
2021-07-17 17:30,154,79,75,0,0,0
2021-07-17 17:45,163,84,79,0,0,0
2021-07-17 18:00,180,90,90,0,0,0
2021-07-17 18:15,185,99,86,0,0,0
2021-07-17 18:30,159,78,81,0,0,0
2021-07-17 18:45,203,104,99,0,0,0
2021-07-17 19:00,157,86,71,0,0,0
2021-07-17 19:15,188,95,93,0,0,0
2021-07-17 19:30,164,105,59,0,0,0
2021-07-17 19:45,170,107,63,0,0,0
2021-07-17 20:00,145,77,68,0,0,0
2021-07-17 20:15,147,89,58,0,0,0
2021-07-17 20:30,117,43,74,0,0,0
2021-07-17 20:45,127,70,57,0,0,0
2021-07-17 21:00,106,58,48,0,0,0
2021-07-17 21:15,118,48,70,0,0,0
2021-07-17 21:30,84,36,48,0,0,0
2021-07-17 21:45,100,35,65,0,0,0
2021-07-17 22:00,77,21,56,0,0,0
2021-07-17 22:15,89,32,57,0,0,0
2021-07-17 22:30,127,40,87,0,0,0
2021-07-17 22:45,82,37,45,0,0,0
2021-07-17 23:00,91,36,55,0,0,0
2021-07-17 23:15,75,31,44,0,0,0
2021-07-17 23:30,77,34,43,0,0,0
2021-07-17 23:45,70,13,57,0,0,0
2021-07-18 00:00,98,19,79,0,0,0
2021-07-18 00:15,62,15,47,0,0,0
2021-07-18 00:30,50,13,37,0,0,0
2021-07-18 00:45,74,13,61,0,0,0
2021-07-18 01:00,67,15,52,0,0,0
2021-07-18 01:15,48,8,40,0,0,0
2021-07-18 01:30,47,16,31,0,0,0
2021-07-18 01:45,66,13,53,0,0,0
2021-07-18 02:00,53,11,42,0,0,0
2021-07-18 02:15,45,11,34,0,0,0
2021-07-18 02:30,31,6,25,0,0,0
2021-07-18 02:45,45,13,32,0,0,0
2021-07-18 03:00,23,5,18,0,0,0
2021-07-18 03:15,37,10,27,0,0,0
2021-07-18 03:30,29,5,24,0,0,0
2021-07-18 03:45,31,9,22,0,0,0
2021-07-18 04:00,21,2,19,0,0,0
2021-07-18 04:15,28,5,23,0,0,0
2021-07-18 04:30,15,4,11,0,0,0
2021-07-18 04:45,18,4,14,0,0,0
2021-07-18 05:00,20,0,20,0,0,0
2021-07-18 05:15,13,2,11,0,0,0
2021-07-18 05:30,20,6,14,0,0,0
2021-07-18 05:45,8,4,4,0,0,0
2021-07-18 06:00,13,4,9,0,0,0
2021-07-18 06:15,10,7,3,0,0,0
2021-07-18 06:30,15,7,8,0,0,0
2021-07-18 06:45,19,10,9,0,0,0
2021-07-18 07:00,17,11,6,0,0,0
2021-07-18 07:15,11,6,5,0,0,0
2021-07-18 07:30,22,11,11,0,0,0
2021-07-18 07:45,15,9,6,0,0,0
2021-07-18 08:00,17,14,3,0,0,0
2021-07-18 08:15,22,12,10,0,0,0
2021-07-18 08:30,27,21,6,0,0,0
2021-07-18 08:45,32,20,12,0,0,0
2021-07-18 09:00,30,16,14,0,0,0
2021-07-18 09:15,44,28,16,0,0,0
2021-07-18 09:30,52,32,20,0,0,0
2021-07-18 09:45,73,55,18,0,0,0
2021-07-18 10:00,69,45,24,0,0,0
2021-07-18 10:15,99,65,34,0,0,0
2021-07-18 10:30,73,44,29,0,0,0
2021-07-18 10:45,83,50,33,0,0,0
2021-07-18 11:00,88,44,44,0,0,0
2021-07-18 11:15,95,53,42,0,0,0
2021-07-18 11:30,85,45,40,0,0,0
2021-07-18 11:45,112,70,42,0,0,0
2021-07-18 12:00,97,50,47,0,0,0
2021-07-18 12:15,101,49,52,0,0,0
2021-07-18 12:30,131,68,63,0,0,0
2021-07-18 12:45,103,57,46,0,0,0
2021-07-18 13:00,131,75,56,0,0,0
2021-07-18 13:15,123,59,64,0,0,0
2021-07-18 13:30,94,51,43,0,0,0
2021-07-18 13:45,159,80,79,0,0,0
2021-07-18 14:00,122,61,61,0,0,0
2021-07-18 14:15,132,66,66,0,0,0
2021-07-18 14:30,148,75,73,0,0,0
2021-07-18 14:45,148,92,56,0,0,0
2021-07-18 15:00,174,99,75,0,0,0
2021-07-18 15:15,131,76,55,0,0,0
2021-07-18 15:30,142,83,59,0,0,0
2021-07-18 15:45,136,73,63,0,0,0
2021-07-18 16:00,142,52,90,0,0,0
2021-07-18 16:15,137,75,62,0,0,0
2021-07-18 16:30,135,78,57,0,0,0
2021-07-18 16:45,125,77,48,0,0,0
2021-07-18 17:00,157,77,80,0,0,0
2021-07-18 17:15,143,57,86,0,0,0
2021-07-18 17:30,150,83,67,0,0,0
2021-07-18 17:45,150,82,68,0,0,0
2021-07-18 18:00,157,81,76,0,0,0
2021-07-18 18:15,120,53,67,0,0,0
2021-07-18 18:30,150,79,71,0,0,0
2021-07-18 18:45,141,69,72,0,0,0
2021-07-18 19:00,134,59,75,0,0,0
2021-07-18 19:15,132,68,64,0,0,0
2021-07-18 19:30,145,63,82,0,0,0
2021-07-18 19:45,126,69,57,0,0,0
2021-07-18 20:00,101,54,47,0,0,0
2021-07-18 20:15,110,39,71,0,0,0
2021-07-18 20:30,94,42,52,0,0,0
2021-07-18 20:45,87,40,47,0,0,0
2021-07-18 21:00,81,35,46,0,0,0
2021-07-18 21:15,101,28,73,0,0,0
2021-07-18 21:30,78,32,46,0,0,0
2021-07-18 21:45,70,32,38,0,0,0
2021-07-18 22:00,60,15,45,0,0,0
2021-07-18 22:15,59,17,42,0,0,0
2021-07-18 22:30,64,17,47,0,0,0
2021-07-18 22:45,53,10,43,0,0,0
2021-07-18 23:00,53,14,39,0,0,0
2021-07-18 23:15,35,9,26,0,0,0
2021-07-18 23:30,31,7,24,0,0,0
2021-07-18 23:45,22,8,14,0,0,0
2021-07-19 00:00,24,5,19,0,0,0
2021-07-19 00:15,23,7,16,0,0,0
2021-07-19 00:30,19,7,12,0,0,0
2021-07-19 00:45,13,5,8,0,0,0
2021-07-19 01:00,10,1,9,0,0,0
2021-07-19 01:15,6,3,3,0,0,0
2021-07-19 01:30,8,3,5,0,0,0
2021-07-19 01:45,3,1,2,0,0,0
2021-07-19 02:00,3,2,1,0,0,0
2021-07-19 02:15,3,0,3,0,0,0
2021-07-19 02:30,2,2,0,0,0,0
2021-07-19 02:45,0,0,0,0,0,0
2021-07-19 03:00,4,0,4,0,0,0
2021-07-19 03:15,1,0,1,0,0,0
2021-07-19 03:30,10,4,6,0,0,0
2021-07-19 03:45,1,0,1,0,0,0
2021-07-19 04:00,3,2,1,0,0,0
2021-07-19 04:15,3,1,2,0,0,0
2021-07-19 04:30,6,3,3,0,0,0
2021-07-19 04:45,8,6,2,0,0,0
2021-07-19 05:00,2,0,2,0,0,0
2021-07-19 05:15,15,10,5,0,0,0
2021-07-19 05:30,20,14,6,0,0,0
2021-07-19 05:45,27,19,8,0,0,0
2021-07-19 06:00,22,13,9,0,0,0
2021-07-19 06:15,45,22,23,0,0,0
2021-07-19 06:30,55,37,18,0,0,0
2021-07-19 06:45,59,42,17,0,0,0
2021-07-19 07:00,65,43,22,0,0,0
2021-07-19 07:15,102,62,40,0,0,0
2021-07-19 07:30,127,75,52,0,0,0
2021-07-19 07:45,177,101,76,0,0,0
2021-07-19 08:00,137,72,65,0,0,0
2021-07-19 08:15,156,89,67,0,0,0
2021-07-19 08:30,129,87,42,0,0,0
2021-07-19 08:45,161,95,66,0,0,0
2021-07-19 09:00,128,72,56,0,0,0
2021-07-19 09:15,125,67,58,0,0,0
2021-07-19 09:30,129,74,55,0,0,0
2021-07-19 09:45,152,100,52,0,0,0
2021-07-19 10:00,105,55,50,0,0,0
2021-07-19 10:15,129,69,60,0,0,0
2021-07-19 10:30,90,48,42,0,0,0
2021-07-19 10:45,129,63,66,0,0,0
2021-07-19 11:00,100,54,46,0,0,0
2021-07-19 11:15,124,59,65,0,0,0
2021-07-19 11:30,119,67,52,0,0,0
2021-07-19 11:45,140,75,65,0,0,0
2021-07-19 12:00,138,73,65,0,0,0
2021-07-19 12:15,126,70,56,0,0,0
2021-07-19 12:30,126,65,61,0,0,0
2021-07-19 12:45,147,95,52,0,0,0
2021-07-19 13:00,126,73,53,0,0,0
2021-07-19 13:15,136,74,62,0,0,0
2021-07-19 13:30,141,73,68,0,0,0
2021-07-19 13:45,131,73,58,0,0,0
2021-07-19 14:00,142,70,72,0,0,0
2021-07-19 14:15,134,61,73,0,0,0
2021-07-19 14:30,157,76,81,0,0,0
2021-07-19 14:45,141,61,80,0,0,0
2021-07-19 15:00,168,78,90,0,0,0
2021-07-19 15:15,176,84,92,0,0,0
2021-07-19 15:30,164,99,65,0,0,0
2021-07-19 15:45,179,94,85,0,0,0
2021-07-19 16:00,171,73,98,0,0,0
2021-07-19 16:15,189,97,92,0,0,0
2021-07-19 16:30,167,89,78,0,0,0
2021-07-19 16:45,182,86,96,0,0,0
2021-07-19 17:00,221,108,113,0,0,0
2021-07-19 17:15,191,74,117,0,0,0
2021-07-19 17:30,219,110,109,0,0,0
2021-07-19 17:45,223,108,115,0,0,0
2021-07-19 18:00,244,139,105,0,0,0
2021-07-19 18:15,210,106,104,0,0,0
2021-07-19 18:30,198,88,110,0,0,0
2021-07-19 18:45,218,120,98,0,0,0
2021-07-19 19:00,189,105,84,0,0,0
2021-07-19 19:15,166,75,91,0,0,0
2021-07-19 19:30,156,73,83,0,0,0
2021-07-19 19:45,148,78,70,0,0,0
2021-07-19 20:00,151,70,81,0,0,0
2021-07-19 20:15,107,50,57,0,0,0
2021-07-19 20:30,87,39,48,0,0,0
2021-07-19 20:45,97,32,65,0,0,0
2021-07-19 21:00,101,49,52,0,0,0
2021-07-19 21:15,86,38,48,0,0,0
2021-07-19 21:30,90,37,53,0,0,0
2021-07-19 21:45,67,36,31,0,0,0
2021-07-19 22:00,82,31,51,0,0,0
2021-07-19 22:15,100,36,64,0,0,0
2021-07-19 22:30,52,17,35,0,0,0
2021-07-19 22:45,73,28,45,0,0,0
2021-07-19 23:00,58,11,47,0,0,0
2021-07-19 23:15,60,20,40,0,0,0
2021-07-19 23:30,39,18,21,0,0,0
2021-07-19 23:45,41,20,21,0,0,0
2021-07-20 00:00,36,15,21,0,0,0
2021-07-20 00:15,44,18,26,0,0,0
2021-07-20 00:30,20,10,10,0,0,0
2021-07-20 00:45,24,12,12,0,0,0
2021-07-20 01:00,23,8,15,0,0,0
2021-07-20 01:15,11,7,4,0,0,0
2021-07-20 01:30,9,4,5,0,0,0
2021-07-20 01:45,15,4,11,0,0,0
2021-07-20 02:00,11,5,6,0,0,0
2021-07-20 02:15,6,6,0,0,0,0
2021-07-20 02:30,6,5,1,0,0,0
2021-07-20 02:45,6,3,3,0,0,0
2021-07-20 03:00,3,0,3,0,0,0
2021-07-20 03:15,2,2,0,0,0,0
2021-07-20 03:30,2,0,2,0,0,0
2021-07-20 03:45,1,1,0,0,0,0
2021-07-20 04:00,3,1,2,0,0,0
2021-07-20 04:15,9,4,5,0,0,0
2021-07-20 04:30,9,7,2,0,0,0
2021-07-20 04:45,11,8,3,0,0,0
2021-07-20 05:00,5,0,5,0,0,0
2021-07-20 05:15,10,7,3,0,0,0
2021-07-20 05:30,28,14,14,0,0,0
2021-07-20 05:45,23,16,7,0,0,0
2021-07-20 06:00,20,16,4,0,0,0
2021-07-20 06:15,48,27,21,0,0,0
2021-07-20 06:30,53,31,22,0,0,0
2021-07-20 06:45,74,41,33,0,0,0
2021-07-20 07:00,75,48,27,0,0,0
2021-07-20 07:15,93,54,39,0,0,0
2021-07-20 07:30,141,71,70,0,0,0
2021-07-20 07:45,178,106,72,0,0,0
2021-07-20 08:00,131,71,60,0,0,0
2021-07-20 08:15,132,81,51,0,0,0
2021-07-20 08:30,121,74,47,0,0,0
2021-07-20 08:45,166,94,72,0,0,0
2021-07-20 09:00,135,77,58,0,0,0
2021-07-20 09:15,155,84,71,0,0,0
2021-07-20 09:30,121,62,59,0,0,0
2021-07-20 09:45,139,73,66,0,0,0
2021-07-20 10:00,146,74,72,0,0,0
2021-07-20 10:15,79,48,31,0,0,0
2021-07-20 10:30,119,64,55,0,0,0
2021-07-20 10:45,130,67,63,0,0,0
2021-07-20 11:00,130,70,60,0,0,0
2021-07-20 11:15,125,70,55,0,0,0
2021-07-20 11:30,112,60,52,0,0,0
2021-07-20 11:45,149,95,54,0,0,0
2021-07-20 12:00,145,68,77,0,0,0
2021-07-20 12:15,128,82,46,0,0,0
2021-07-20 12:30,153,78,75,0,0,0
2021-07-20 12:45,171,108,63,0,0,0
2021-07-20 13:00,181,99,82,0,0,0
2021-07-20 13:15,153,92,61,0,0,0
2021-07-20 13:30,130,69,61,0,0,0
2021-07-20 13:45,171,99,72,0,0,0
2021-07-20 14:00,155,94,61,0,0,0
2021-07-20 14:15,170,78,92,0,0,0
2021-07-20 14:30,182,97,85,0,0,0
2021-07-20 14:45,167,88,79,0,0,0
2021-07-20 15:00,182,89,93,0,0,0
2021-07-20 15:15,158,82,76,0,0,0
2021-07-20 15:30,241,120,121,0,0,0
2021-07-20 15:45,201,111,90,0,0,0
2021-07-20 16:00,210,103,107,0,0,0
2021-07-20 16:15,214,115,99,0,0,0
2021-07-20 16:30,210,100,110,0,0,0
2021-07-20 16:45,233,103,130,0,0,0
2021-07-20 17:00,241,117,124,0,0,0
2021-07-20 17:15,261,141,120,0,0,0
2021-07-20 17:30,257,129,128,0,0,0
2021-07-20 17:45,246,139,107,0,0,0
2021-07-20 18:00,224,111,113,0,0,0
2021-07-20 18:15,253,120,133,0,0,0
2021-07-20 18:30,200,99,101,0,0,0
2021-07-20 18:45,227,120,107,0,0,0
2021-07-20 19:00,209,107,102,0,0,0
2021-07-20 19:15,219,120,99,0,0,0
2021-07-20 19:30,205,108,97,0,0,0
2021-07-20 19:45,186,84,102,0,0,0
2021-07-20 20:00,170,85,85,0,0,0
2021-07-20 20:15,163,84,79,0,0,0
2021-07-20 20:30,201,115,86,0,0,0
2021-07-20 20:45,142,85,57,0,0,0
2021-07-20 21:00,141,70,71,0,0,0
2021-07-20 21:15,118,56,62,0,0,0
2021-07-20 21:30,90,36,54,0,0,0
2021-07-20 21:45,75,35,40,0,0,0
2021-07-20 22:00,122,37,85,0,0,0
2021-07-20 22:15,89,43,46,0,0,0
2021-07-20 22:30,64,19,45,0,0,0
2021-07-20 22:45,118,65,53,0,0,0
2021-07-20 23:00,75,23,52,0,0,0
2021-07-20 23:15,63,17,46,0,0,0
2021-07-20 23:30,87,23,64,0,0,0
2021-07-20 23:45,58,18,40,0,0,0
2021-07-21 00:00,102,19,83,0,0,0
2021-07-21 00:15,69,9,60,0,0,0
2021-07-21 00:30,36,5,31,0,0,0
2021-07-21 00:45,26,8,18,0,0,0
2021-07-21 01:00,30,2,28,0,0,0
2021-07-21 01:15,14,6,8,0,0,0
2021-07-21 01:30,22,13,9,0,0,0
2021-07-21 01:45,15,2,13,0,0,0
2021-07-21 02:00,24,3,21,0,0,0
2021-07-21 02:15,9,2,7,0,0,0
2021-07-21 02:30,2,0,2,0,0,0
2021-07-21 02:45,12,1,11,0,0,0
2021-07-21 03:00,8,2,6,0,0,0
2021-07-21 03:15,3,0,3,0,0,0
2021-07-21 03:30,5,5,0,0,0,0
2021-07-21 03:45,7,1,6,0,0,0
2021-07-21 04:00,3,0,3,0,0,0
2021-07-21 04:15,14,4,10,0,0,0
2021-07-21 04:30,10,6,4,0,0,0
2021-07-21 04:45,9,5,4,0,0,0
2021-07-21 05:00,8,5,3,0,0,0
2021-07-21 05:15,10,6,4,0,0,0
2021-07-21 05:30,21,14,7,0,0,0
2021-07-21 05:45,20,13,7,0,0,0
2021-07-21 06:00,25,21,4,0,0,0
2021-07-21 06:15,52,30,22,0,0,0
2021-07-21 06:30,50,35,15,0,0,0
2021-07-21 06:45,62,39,23,0,0,0
2021-07-21 07:00,82,51,31,0,0,0
2021-07-21 07:15,108,67,41,0,0,0
2021-07-21 07:30,127,83,44,0,0,0
2021-07-21 07:45,167,90,77,0,0,0
2021-07-21 08:00,145,80,65,0,0,0
2021-07-21 08:15,145,83,62,0,0,0
2021-07-21 08:30,164,93,71,0,0,0
2021-07-21 08:45,185,116,69,0,0,0
2021-07-21 09:00,129,76,53,0,0,0
2021-07-21 09:15,144,76,68,0,0,0
2021-07-21 09:30,123,73,50,0,0,0
2021-07-21 09:45,165,94,71,0,0,0
2021-07-21 10:00,136,74,62,0,0,0
2021-07-21 10:15,123,68,55,0,0,0
2021-07-21 10:30,109,61,48,0,0,0
2021-07-21 10:45,162,95,67,0,0,0
2021-07-21 11:00,124,60,64,0,0,0
2021-07-21 11:15,136,71,65,0,0,0
2021-07-21 11:30,153,82,71,0,0,0
2021-07-21 11:45,164,111,53,0,0,0
2021-07-21 12:00,157,90,67,0,0,0
2021-07-21 12:15,161,84,77,0,0,0
2021-07-21 12:30,143,70,73,0,0,0
2021-07-21 12:45,180,102,78,0,0,0
2021-07-21 13:00,194,93,101,0,0,0
2021-07-21 13:15,169,88,81,0,0,0
2021-07-21 13:30,159,80,79,0,0,0
2021-07-21 13:45,174,94,80,0,0,0
2021-07-21 14:00,156,85,71,0,0,0
2021-07-21 14:15,178,77,101,0,0,0
2021-07-21 14:30,194,80,114,0,0,0
2021-07-21 14:45,187,82,105,0,0,0
2021-07-21 15:00,190,88,102,0,0,0
2021-07-21 15:15,164,94,70,0,0,0
2021-07-21 15:30,151,65,86,0,0,0
2021-07-21 15:45,181,86,95,0,0,0
2021-07-21 16:00,224,98,126,0,0,0
2021-07-21 16:15,191,91,100,0,0,0
2021-07-21 16:30,169,90,79,0,0,0
2021-07-21 16:45,218,111,107,0,0,0
2021-07-21 17:00,196,90,106,0,0,0
2021-07-21 17:15,233,115,118,0,0,0
2021-07-21 17:30,243,125,118,0,0,0
2021-07-21 17:45,305,156,149,0,0,0
2021-07-21 18:00,196,91,105,0,0,0
2021-07-21 18:15,234,132,102,0,0,0
2021-07-21 18:30,220,98,122,0,0,0
2021-07-21 18:45,279,167,112,0,0,0
2021-07-21 19:00,216,136,80,0,0,0
2021-07-21 19:15,199,103,96,0,0,0
2021-07-21 19:30,156,79,77,0,0,0
2021-07-21 19:45,197,111,86,0,0,0
2021-07-21 20:00,185,105,80,0,0,0
2021-07-21 20:15,155,81,74,0,0,0
2021-07-21 20:30,117,62,55,0,0,0
2021-07-21 20:45,151,78,73,0,0,0
2021-07-21 21:00,111,61,50,0,0,0
2021-07-21 21:15,93,36,57,0,0,0
2021-07-21 21:30,109,59,50,0,0,0
2021-07-21 21:45,97,39,58,0,0,0
2021-07-21 22:00,113,51,62,0,0,0
2021-07-21 22:15,108,40,68,0,0,0
2021-07-21 22:30,75,22,53,0,0,0
2021-07-21 22:45,117,23,94,0,0,0
2021-07-21 23:00,81,28,53,0,0,0
2021-07-21 23:15,63,18,45,0,0,0
2021-07-21 23:30,63,26,37,0,0,0
2021-07-21 23:45,81,15,66,0,0,0
2021-07-22 00:00,89,13,76,0,0,0
2021-07-22 00:15,56,18,38,0,0,0
2021-07-22 00:30,52,11,41,0,0,0
2021-07-22 00:45,45,12,33,0,0,0
2021-07-22 01:00,57,11,46,0,0,0
2021-07-22 01:15,27,3,24,0,0,0
2021-07-22 01:30,45,12,33,0,0,0
2021-07-22 01:45,19,3,16,0,0,0
2021-07-22 02:00,23,4,19,0,0,0
2021-07-22 02:15,38,15,23,0,0,0
2021-07-22 02:30,21,5,16,0,0,0
2021-07-22 02:45,32,4,28,0,0,0
2021-07-22 03:00,20,5,15,0,0,0
2021-07-22 03:15,22,9,13,0,0,0
2021-07-22 03:30,13,0,13,0,0,0
2021-07-22 03:45,11,3,8,0,0,0
2021-07-22 04:00,15,6,9,0,0,0
2021-07-22 04:15,5,4,1,0,0,0
2021-07-22 04:30,9,5,4,0,0,0
2021-07-22 04:45,14,7,7,0,0,0
2021-07-22 05:00,7,2,5,0,0,0
2021-07-22 05:15,14,8,6,0,0,0
2021-07-22 05:30,26,18,8,0,0,0
2021-07-22 05:45,34,25,9,0,0,0
2021-07-22 06:00,21,15,6,0,0,0
2021-07-22 06:15,48,29,19,0,0,0
2021-07-22 06:30,64,47,17,0,0,0
2021-07-22 06:45,69,41,28,0,0,0
2021-07-22 07:00,83,55,28,0,0,0
2021-07-22 07:15,88,52,36,0,0,0
2021-07-22 07:30,106,63,43,0,0,0
2021-07-22 07:45,162,100,62,0,0,0
2021-07-22 08:00,119,58,61,0,0,0
2021-07-22 08:15,146,88,58,0,0,0
2021-07-22 08:30,127,86,41,0,0,0
2021-07-22 08:45,157,86,71,0,0,0
2021-07-22 09:00,154,88,66,0,0,0
2021-07-22 09:15,106,59,47,0,0,0
2021-07-22 09:30,124,65,59,0,0,0
2021-07-22 09:45,117,74,43,0,0,0
2021-07-22 10:00,122,66,56,0,0,0
2021-07-22 10:15,108,58,50,0,0,0
2021-07-22 10:30,120,64,56,0,0,0
2021-07-22 10:45,135,68,67,0,0,0
2021-07-22 11:00,110,54,56,0,0,0
2021-07-22 11:15,133,82,51,0,0,0
2021-07-22 11:30,139,72,67,0,0,0
2021-07-22 11:45,164,101,63,0,0,0
2021-07-22 12:00,142,88,54,0,0,0
2021-07-22 12:15,170,87,83,0,0,0
2021-07-22 12:30,112,64,48,0,0,0
2021-07-22 12:45,195,97,98,0,0,0
2021-07-22 13:00,161,89,72,0,0,0
2021-07-22 13:15,141,83,58,0,0,0
2021-07-22 13:30,174,92,82,0,0,0
2021-07-22 13:45,188,102,86,0,0,0
2021-07-22 14:00,186,90,96,0,0,0
2021-07-22 14:15,164,80,84,0,0,0
2021-07-22 14:30,184,93,91,0,0,0
2021-07-22 14:45,196,103,93,0,0,0
2021-07-22 15:00,203,71,132,0,0,0
2021-07-22 15:15,179,94,85,0,0,0
2021-07-22 15:30,205,104,101,0,0,0
2021-07-22 15:45,211,118,93,0,0,0
2021-07-22 16:00,212,105,107,0,0,0
2021-07-22 16:15,190,88,102,0,0,0
2021-07-22 16:30,210,88,122,0,0,0
2021-07-22 16:45,226,130,96,0,0,0
2021-07-22 17:00,233,114,119,0,0,0
2021-07-22 17:15,248,117,131,0,0,0
2021-07-22 17:30,260,145,115,0,0,0
2021-07-22 17:45,295,141,154,0,0,0
2021-07-22 18:00,244,118,126,0,0,0
2021-07-22 18:15,211,100,111,0,0,0
2021-07-22 18:30,193,98,95,0,0,0
2021-07-22 18:45,238,135,103,0,0,0
2021-07-22 19:00,228,114,114,0,0,0
2021-07-22 19:15,224,119,105,0,0,0
2021-07-22 19:30,201,107,94,0,0,0
2021-07-22 19:45,222,128,94,0,0,0
2021-07-22 20:00,177,91,86,0,0,0
2021-07-22 20:15,153,84,69,0,0,0
2021-07-22 20:30,154,89,65,0,0,0
2021-07-22 20:45,141,72,69,0,0,0
2021-07-22 21:00,125,71,54,0,0,0
2021-07-22 21:15,135,61,74,0,0,0
2021-07-22 21:30,125,66,59,0,0,0
2021-07-22 21:45,108,47,61,0,0,0
2021-07-22 22:00,100,30,70,0,0,0
2021-07-22 22:15,103,39,64,0,0,0
2021-07-22 22:30,120,34,86,0,0,0
2021-07-22 22:45,122,38,84,0,0,0
2021-07-22 23:00,88,18,70,0,0,0
2021-07-22 23:15,73,28,45,0,0,0
2021-07-22 23:30,60,17,43,0,0,0
2021-07-22 23:45,62,14,48,0,0,0
2021-07-23 00:00,67,21,46,0,0,0
2021-07-23 00:15,105,8,97,0,0,0
2021-07-23 00:30,38,9,29,0,0,0
2021-07-23 00:45,29,9,20,0,0,0
2021-07-23 01:00,31,14,17,0,0,0
2021-07-23 01:15,45,7,38,0,0,0
2021-07-23 01:30,27,5,22,0,0,0
2021-07-23 01:45,24,5,19,0,0,0
2021-07-23 02:00,22,1,21,0,0,0
2021-07-23 02:15,25,2,23,0,0,0
2021-07-23 02:30,21,6,15,0,0,0
2021-07-23 02:45,18,6,12,0,0,0
2021-07-23 03:00,18,2,16,0,0,0
2021-07-23 03:15,7,1,6,0,0,0
2021-07-23 03:30,10,1,9,0,0,0
2021-07-23 03:45,11,3,8,0,0,0
2021-07-23 04:00,6,4,2,0,0,0
2021-07-23 04:15,11,1,10,0,0,0
2021-07-23 04:30,11,7,4,0,0,0
2021-07-23 04:45,12,9,3,0,0,0
2021-07-23 05:00,6,4,2,0,0,0
2021-07-23 05:15,16,6,10,0,0,0
2021-07-23 05:30,19,14,5,0,0,0
2021-07-23 05:45,25,14,11,0,0,0
2021-07-23 06:00,34,23,11,0,0,0
2021-07-23 06:15,39,23,16,0,0,0
2021-07-23 06:30,51,38,13,0,0,0
2021-07-23 06:45,76,51,25,0,0,0
2021-07-23 07:00,118,94,24,0,0,0
2021-07-23 07:15,105,77,28,0,0,0
2021-07-23 07:30,123,79,44,0,0,0
2021-07-23 07:45,164,88,76,0,0,0
2021-07-23 08:00,127,74,53,0,0,0
2021-07-23 08:15,110,65,45,0,0,0
2021-07-23 08:30,147,92,55,0,0,0
2021-07-23 08:45,151,83,68,0,0,0
2021-07-23 09:00,142,82,60,0,0,0
2021-07-23 09:15,121,65,56,0,0,0
2021-07-23 09:30,127,66,61,0,0,0
2021-07-23 09:45,152,87,65,0,0,0
2021-07-23 10:00,144,72,72,0,0,0
2021-07-23 10:15,147,79,68,0,0,0
2021-07-23 10:30,163,110,53,0,0,0
2021-07-23 10:45,151,91,60,0,0,0
2021-07-23 11:00,137,58,79,0,0,0
2021-07-23 11:15,123,65,58,0,0,0
2021-07-23 11:30,130,61,69,0,0,0
2021-07-23 11:45,150,83,67,0,0,0
2021-07-23 12:00,184,94,90,0,0,0
2021-07-23 12:15,192,95,97,0,0,0
2021-07-23 12:30,164,85,79,0,0,0
2021-07-23 12:45,199,105,94,0,0,0
2021-07-23 13:00,190,103,87,0,0,0
2021-07-23 13:15,181,93,88,0,0,0
2021-07-23 13:30,189,109,80,0,0,0
2021-07-23 13:45,215,110,105,0,0,0
2021-07-23 14:00,245,113,132,0,0,0
2021-07-23 14:15,214,99,115,0,0,0
2021-07-23 14:30,212,112,100,0,0,0
2021-07-23 14:45,231,129,102,0,0,0
2021-07-23 15:00,230,136,94,0,0,0
2021-07-23 15:15,237,142,95,0,0,0
2021-07-23 15:30,173,98,75,0,0,0
2021-07-23 15:45,223,113,110,0,0,0
2021-07-23 16:00,171,87,84,0,0,0
2021-07-23 16:15,205,101,104,0,0,0
2021-07-23 16:30,204,115,89,0,0,0
2021-07-23 16:45,204,108,96,0,0,0
2021-07-23 17:00,224,101,123,0,0,0
2021-07-23 17:15,190,105,85,0,0,0
2021-07-23 17:30,185,88,97,0,0,0
2021-07-23 17:45,253,142,111,0,0,0
2021-07-23 18:00,218,102,116,0,0,0
2021-07-23 18:15,221,105,116,0,0,0
2021-07-23 18:30,198,93,105,0,0,0
2021-07-23 18:45,257,144,113,0,0,0
2021-07-23 19:00,200,106,94,0,0,0
2021-07-23 19:15,230,125,105,0,0,0
2021-07-23 19:30,193,112,81,0,0,0
2021-07-23 19:45,214,128,86,0,0,0
2021-07-23 20:00,213,138,75,0,0,0
2021-07-23 20:15,186,105,81,0,0,0
2021-07-23 20:30,155,83,72,0,0,0
2021-07-23 20:45,116,55,61,0,0,0
2021-07-23 21:00,136,75,61,0,0,0
2021-07-23 21:15,128,59,69,0,0,0
2021-07-23 21:30,129,63,66,0,0,0
2021-07-23 21:45,122,56,66,0,0,0
2021-07-23 22:00,96,47,49,0,0,0
2021-07-23 22:15,105,48,57,0,0,0
2021-07-23 22:30,118,33,85,0,0,0
2021-07-23 22:45,119,37,82,0,0,0
2021-07-23 23:00,109,42,67,0,0,0
2021-07-23 23:15,80,39,41,0,0,0
2021-07-23 23:30,89,30,59,0,0,0
2021-07-23 23:45,83,22,61,0,0,0
2021-07-24 00:00,106,22,84,0,0,0
2021-07-24 00:15,78,16,62,0,0,0
2021-07-24 00:30,100,24,76,0,0,0
2021-07-24 00:45,77,24,53,0,0,0
2021-07-24 01:00,66,21,45,0,0,0
2021-07-24 01:15,58,19,39,0,0,0
2021-07-24 01:30,47,8,39,0,0,0
2021-07-24 01:45,52,8,44,0,0,0
2021-07-24 02:00,38,4,34,0,0,0
2021-07-24 02:15,42,9,33,0,0,0
2021-07-24 02:30,59,10,49,0,0,0
2021-07-24 02:45,44,11,33,0,0,0
2021-07-24 03:00,29,9,20,0,0,0
2021-07-24 03:15,27,9,18,0,0,0
2021-07-24 03:30,23,9,14,0,0,0
2021-07-24 03:45,23,6,17,0,0,0
2021-07-24 04:00,20,7,13,0,0,0
2021-07-24 04:15,27,10,17,0,0,0
2021-07-24 04:30,30,9,21,0,0,0
2021-07-24 04:45,17,1,16,0,0,0
2021-07-24 05:00,16,2,14,0,0,0
2021-07-24 05:15,18,9,9,0,0,0
2021-07-24 05:30,13,6,7,0,0,0
2021-07-24 05:45,23,11,12,0,0,0
2021-07-24 06:00,15,7,8,0,0,0
2021-07-24 06:15,12,8,4,0,0,0
2021-07-24 06:30,16,9,7,0,0,0
2021-07-24 06:45,20,15,5,0,0,0
2021-07-24 07:00,15,10,5,0,0,0
2021-07-24 07:15,23,21,2,0,0,0
2021-07-24 07:30,29,20,9,0,0,0
2021-07-24 07:45,50,38,12,0,0,0
2021-07-24 08:00,33,26,7,0,0,0
2021-07-24 08:15,46,36,10,0,0,0
2021-07-24 08:30,45,38,7,0,0,0
2021-07-24 08:45,52,30,22,0,0,0
2021-07-24 09:00,58,24,34,0,0,0
2021-07-24 09:15,79,53,26,0,0,0
2021-07-24 09:30,78,46,32,0,0,0
2021-07-24 09:45,137,93,44,0,0,0
2021-07-24 10:00,103,68,35,0,0,0
2021-07-24 10:15,134,87,47,0,0,0
2021-07-24 10:30,113,72,41,0,0,0
2021-07-24 10:45,148,92,56,0,0,0
2021-07-24 11:00,142,97,45,0,0,0
2021-07-24 11:15,134,88,46,0,0,0
2021-07-24 11:30,126,79,47,0,0,0
2021-07-24 11:45,163,83,80,0,0,0
2021-07-24 12:00,141,94,47,0,0,0
2021-07-24 12:15,142,82,60,0,0,0
2021-07-24 12:30,157,79,78,0,0,0
2021-07-24 12:45,147,83,64,0,0,0
2021-07-24 13:00,160,86,74,0,0,0
2021-07-24 13:15,139,76,63,0,0,0
2021-07-24 13:30,155,84,71,0,0,0
2021-07-24 13:45,138,86,52,0,0,0
2021-07-24 14:00,152,68,84,0,0,0
2021-07-24 14:15,155,61,94,0,0,0
2021-07-24 14:30,137,73,64,0,0,0
2021-07-24 14:45,143,61,82,0,0,0
2021-07-24 15:00,140,69,71,0,0,0
2021-07-24 15:15,133,76,57,0,0,0
2021-07-24 15:30,172,81,91,0,0,0
2021-07-24 15:45,122,60,62,0,0,0
2021-07-24 16:00,133,54,79,0,0,0
2021-07-24 16:15,138,71,67,0,0,0
2021-07-24 16:30,129,53,76,0,0,0
2021-07-24 16:45,165,84,81,0,0,0
2021-07-24 17:00,137,54,83,0,0,0
2021-07-24 17:15,63,18,45,0,0,0
2021-07-24 17:30,70,21,49,0,0,0
2021-07-24 17:45,83,29,54,0,0,0
2021-07-24 18:00,146,59,87,0,0,0
2021-07-24 18:15,93,37,56,0,0,0
2021-07-24 18:30,78,20,58,0,0,0
2021-07-24 18:45,82,38,44,0,0,0
2021-07-24 19:00,54,24,30,0,0,0
2021-07-24 19:15,54,23,31,0,0,0
2021-07-24 19:30,90,41,49,0,0,0
2021-07-24 19:45,63,34,29,0,0,0
2021-07-24 20:00,82,44,38,0,0,0
2021-07-24 20:15,60,23,37,0,0,0
2021-07-24 20:30,75,37,38,0,0,0
2021-07-24 20:45,57,29,28,0,0,0
2021-07-24 21:00,65,29,36,0,0,0
2021-07-24 21:15,42,22,20,0,0,0
2021-07-24 21:30,50,24,26,0,0,0
2021-07-24 21:45,51,19,32,0,0,0
2021-07-24 22:00,34,21,13,0,0,0
2021-07-24 22:15,61,27,34,0,0,0
2021-07-24 22:30,36,15,21,0,0,0
2021-07-24 22:45,50,16,34,0,0,0
2021-07-24 23:00,47,20,27,0,0,0
2021-07-24 23:15,37,9,28,0,0,0
2021-07-24 23:30,40,12,28,0,0,0
2021-07-24 23:45,31,6,25,0,0,0
2021-07-25 00:00,38,,38,0,,0
2021-07-25 00:15,27,,27,0,,0
2021-07-25 00:30,19,,19,0,,0
2021-07-25 00:45,31,,31,0,,0
2021-07-25 01:00,30,,30,0,,0
2021-07-25 01:15,25,,25,0,,0
2021-07-25 01:30,17,,17,0,,0
2021-07-25 01:45,13,,13,0,,0
2021-07-25 02:00,8,,8,0,,0
2021-07-25 02:15,20,,20,0,,0
2021-07-25 02:30,9,,9,0,,0
2021-07-25 02:45,17,,17,0,,0
2021-07-25 03:00,17,,17,0,,0
2021-07-25 03:15,20,,20,0,,0
2021-07-25 03:30,28,,28,0,,0
2021-07-25 03:45,5,,5,0,,0
2021-07-25 04:00,12,,12,0,,0
2021-07-25 04:15,12,,12,0,,0
2021-07-25 04:30,11,,11,0,,0
2021-07-25 04:45,24,,24,0,,0
2021-07-25 05:00,5,,5,0,,0
2021-07-25 05:15,5,,5,0,,0
2021-07-25 05:30,6,,6,0,,0
2021-07-25 05:45,10,,10,0,,0
2021-07-25 06:00,11,,11,0,,0
2021-07-25 06:15,3,,3,0,,0
2021-07-25 06:30,1,,1,0,,0
2021-07-25 06:45,7,,7,0,,0
2021-07-25 07:00,1,,1,0,,0
2021-07-25 07:15,4,,4,0,,0
2021-07-25 07:30,4,,4,0,,0
2021-07-25 07:45,7,,7,0,,0
2021-07-25 08:00,5,,5,0,,0
2021-07-25 08:15,8,,8,0,,0
2021-07-25 08:30,3,,3,0,,0
2021-07-25 08:45,10,,10,0,,0
2021-07-25 09:00,11,,11,0,,0
2021-07-25 09:15,12,,12,0,,0
2021-07-25 09:30,19,,19,0,,0
2021-07-25 09:45,30,,30,0,,0
2021-07-25 10:00,13,,13,0,,0
2021-07-25 10:15,15,,15,0,,0
2021-07-25 10:30,30,,30,0,,0
2021-07-25 10:45,44,,44,0,,0
2021-07-25 11:00,38,,38,0,,0
2021-07-25 11:15,31,,31,0,,0
2021-07-25 11:30,22,,22,0,,0
2021-07-25 11:45,48,,48,0,,0
2021-07-25 12:00,36,,36,0,,0
2021-07-25 12:15,51,,51,0,,0
2021-07-25 12:30,47,,47,0,,0
2021-07-25 12:45,65,,65,0,,0
2021-07-25 13:00,45,,45,0,,0
2021-07-25 13:15,45,,45,0,,0
2021-07-25 13:30,53,,53,0,,0
2021-07-25 13:45,40,,40,0,,0
2021-07-25 14:00,72,,72,0,,0
2021-07-25 14:15,41,,41,0,,0
2021-07-25 14:30,62,,62,0,,0
2021-07-25 14:45,44,,44,0,,0
2021-07-25 15:00,60,,60,0,,0
2021-07-25 15:15,66,,66,0,,0
2021-07-25 15:30,57,,57,0,,0
2021-07-25 15:45,46,,46,0,,0
2021-07-25 16:00,64,,64,0,,0
2021-07-25 16:15,62,,62,0,,0
2021-07-25 16:30,53,,53,0,,0
2021-07-25 16:45,63,,63,0,,0
2021-07-25 17:00,72,,72,0,,0
2021-07-25 17:15,52,,52,0,,0
2021-07-25 17:30,47,,47,0,,0
2021-07-25 17:45,60,,60,0,,0
2021-07-25 18:00,87,,87,0,,0
2021-07-25 18:15,48,,48,0,,0
2021-07-25 18:30,72,,72,0,,0
2021-07-25 18:45,54,,54,0,,0
2021-07-25 19:00,65,,65,0,,0
2021-07-25 19:15,68,,68,0,,0
2021-07-25 19:30,55,,55,0,,0
2021-07-25 19:45,59,,59,0,,0
2021-07-25 20:00,59,,59,0,,0
2021-07-25 20:15,63,,63,0,,0
2021-07-25 20:30,57,,57,0,,0
2021-07-25 20:45,32,,32,0,,0
2021-07-25 21:00,35,,35,0,,0
2021-07-25 21:15,61,,61,0,,0
2021-07-25 21:30,43,,43,0,,0
2021-07-25 21:45,29,,29,0,,0
2021-07-25 22:00,35,,35,0,,0
2021-07-25 22:15,28,,28,0,,0
2021-07-25 22:30,30,,30,0,,0
2021-07-25 22:45,44,,44,0,,0
2021-07-25 23:00,31,,31,0,,0
2021-07-25 23:15,39,,39,0,,0
2021-07-25 23:30,18,,18,0,,0
2021-07-25 23:45,41,,41,0,,0
2021-07-26 00:00,21,,21,0,,0
2021-07-26 00:15,15,,15,0,,0
2021-07-26 00:30,7,,7,0,,0
2021-07-26 00:45,12,,12,0,,0
2021-07-26 01:00,5,,5,0,,0
2021-07-26 01:15,10,,10,0,,0
2021-07-26 01:30,6,,6,0,,0
2021-07-26 01:45,3,,3,0,,0
2021-07-26 02:00,3,,3,0,,0
2021-07-26 02:15,2,,2,0,,0
2021-07-26 02:30,4,,4,0,,0
2021-07-26 02:45,4,,4,0,,0
2021-07-26 03:00,0,,0,0,,0
2021-07-26 03:15,1,,1,0,,0
2021-07-26 03:30,4,,4,0,,0
2021-07-26 03:45,2,,2,0,,0
2021-07-26 04:00,6,,6,0,,0
2021-07-26 04:15,2,,2,0,,0
2021-07-26 04:30,2,,2,0,,0
2021-07-26 04:45,6,,6,0,,0
2021-07-26 05:00,6,0,6,0,0,0
2021-07-26 05:15,12,8,4,0,0,0
2021-07-26 05:30,18,10,8,0,0,0
2021-07-26 05:45,28,22,6,0,0,0
2021-07-26 06:00,21,14,7,0,0,0
2021-07-26 06:15,45,31,14,0,0,0
2021-07-26 06:30,53,42,11,0,0,0
2021-07-26 06:45,81,53,28,0,0,0
2021-07-26 07:00,78,54,24,0,0,0
2021-07-26 07:15,93,60,33,0,0,0
2021-07-26 07:30,119,70,49,0,0,0
2021-07-26 07:45,138,75,63,0,0,0
2021-07-26 08:00,99,56,43,0,0,0
2021-07-26 08:15,124,86,38,0,0,0
2021-07-26 08:30,137,76,61,0,0,0
2021-07-26 08:45,155,99,56,0,0,0
2021-07-26 09:00,112,61,51,0,0,0
2021-07-26 09:15,115,67,48,0,0,0
2021-07-26 09:30,114,79,35,0,0,0
2021-07-26 09:45,153,97,56,0,0,0
2021-07-26 10:00,130,72,58,0,0,0
2021-07-26 10:15,111,67,44,0,0,0
2021-07-26 10:30,102,57,45,0,0,0
2021-07-26 10:45,120,75,45,0,0,0
2021-07-26 11:00,109,63,46,0,0,0
2021-07-26 11:15,110,58,52,0,0,0
2021-07-26 11:30,108,53,55,0,0,0
2021-07-26 11:45,129,75,54,0,0,0
2021-07-26 12:00,111,66,45,0,0,0
2021-07-26 12:15,127,76,51,0,0,0
2021-07-26 12:30,108,60,48,0,0,0
2021-07-26 12:45,151,86,65,0,0,0
2021-07-26 13:00,150,94,56,0,0,0
2021-07-26 13:15,133,68,65,0,0,0
2021-07-26 13:30,170,81,89,0,0,0
2021-07-26 13:45,154,81,73,0,0,0
2021-07-26 14:00,164,86,78,0,0,0
2021-07-26 14:15,161,87,74,0,0,0
2021-07-26 14:30,150,75,75,0,0,0
2021-07-26 14:45,172,83,89,0,0,0
2021-07-26 15:00,146,69,77,0,0,0
2021-07-26 15:15,146,51,95,0,0,0
2021-07-26 15:30,153,82,71,0,0,0
2021-07-26 15:45,199,101,98,0,0,0
2021-07-26 16:00,167,80,87,0,0,0
2021-07-26 16:15,237,125,112,0,0,0
2021-07-26 16:30,178,88,90,0,0,0
2021-07-26 16:45,194,85,109,0,0,0
2021-07-26 17:00,213,93,120,0,0,0
2021-07-26 17:15,244,117,127,0,0,0
2021-07-26 17:30,222,125,97,0,0,0
2021-07-26 17:45,242,115,127,0,0,0
2021-07-26 18:00,213,92,121,0,0,0
2021-07-26 18:15,186,81,105,0,0,0
2021-07-26 18:30,184,97,87,0,0,0
2021-07-26 18:45,201,94,107,0,0,0
2021-07-26 19:00,170,102,68,0,0,0
2021-07-26 19:15,143,74,69,0,0,0
2021-07-26 19:30,148,87,61,0,0,0
2021-07-26 19:45,178,85,93,0,0,0
2021-07-26 20:00,152,110,42,0,0,0
2021-07-26 20:15,163,92,71,0,0,0
2021-07-26 20:30,88,49,39,0,0,0
2021-07-26 20:45,103,43,60,0,0,0
2021-07-26 21:00,106,57,49,0,0,0
2021-07-26 21:15,77,39,38,0,0,0
2021-07-26 21:30,77,33,44,0,0,0
2021-07-26 21:45,84,32,52,0,0,0
2021-07-26 22:00,98,32,66,0,0,0
2021-07-26 22:15,203,47,156,0,0,0
2021-07-26 22:30,65,8,57,0,0,0
2021-07-26 22:45,38,8,30,0,0,0
2021-07-26 23:00,53,9,44,0,0,0
2021-07-26 23:15,38,10,28,0,0,0
2021-07-26 23:30,26,11,15,0,0,0
2021-07-26 23:45,38,9,29,0,0,0
2021-07-27 00:00,33,4,29,0,0,0
2021-07-27 00:15,42,5,37,0,0,0
2021-07-27 00:30,40,14,26,0,0,0
2021-07-27 00:45,25,3,22,0,0,0
2021-07-27 01:00,24,4,20,0,0,0
2021-07-27 01:15,13,5,8,0,0,0
2021-07-27 01:30,8,6,2,0,0,0
2021-07-27 01:45,16,4,12,0,0,0
2021-07-27 02:00,21,5,16,0,0,0
2021-07-27 02:15,15,3,12,0,0,0
2021-07-27 02:30,12,3,9,0,0,0
2021-07-27 02:45,12,9,3,0,0,0
2021-07-27 03:00,8,3,5,0,0,0
2021-07-27 03:15,4,2,2,0,0,0
2021-07-27 03:30,11,6,5,0,0,0
2021-07-27 03:45,6,5,1,0,0,0
2021-07-27 04:00,6,3,3,0,0,0
2021-07-27 04:15,7,5,2,0,0,0
2021-07-27 04:30,6,2,4,0,0,0
2021-07-27 04:45,13,6,7,0,0,0
2021-07-27 05:00,3,0,3,0,0,0
2021-07-27 05:15,7,6,1,0,0,0
2021-07-27 05:30,17,10,7,0,0,0
2021-07-27 05:45,25,17,8,0,0,0
2021-07-27 06:00,29,19,10,0,0,0
2021-07-27 06:15,41,22,19,0,0,0
2021-07-27 06:30,55,40,15,0,0,0
2021-07-27 06:45,76,42,34,0,0,0
2021-07-27 07:00,79,56,23,0,0,0
2021-07-27 07:15,86,54,32,0,0,0
2021-07-27 07:30,122,69,53,0,0,0
2021-07-27 07:45,174,100,74,0,0,0
2021-07-27 08:00,103,64,39,0,0,0
2021-07-27 08:15,146,104,42,0,0,0
2021-07-27 08:30,157,90,67,0,0,0
2021-07-27 08:45,149,86,63,0,0,0
2021-07-27 09:00,118,74,44,0,0,0
2021-07-27 09:15,115,71,44,0,0,0
2021-07-27 09:30,103,63,40,0,0,0
2021-07-27 09:45,158,97,61,0,0,0
2021-07-27 10:00,114,69,45,0,0,0
2021-07-27 10:15,118,75,43,0,0,0
2021-07-27 10:30,124,71,53,0,0,0
2021-07-27 10:45,124,66,58,0,0,0
2021-07-27 11:00,141,52,89,0,0,0
2021-07-27 11:15,91,52,39,0,0,0
2021-07-27 11:30,132,63,69,0,0,0
2021-07-27 11:45,140,73,67,0,0,0
2021-07-27 12:00,140,79,61,0,0,0
2021-07-27 12:15,171,102,69,0,0,0
2021-07-27 12:30,175,92,83,0,0,0
2021-07-27 12:45,125,72,53,0,0,0
2021-07-27 13:00,164,93,71,0,0,0
2021-07-27 13:15,142,74,68,0,0,0
2021-07-27 13:30,175,87,88,0,0,0
2021-07-27 13:45,172,114,58,0,0,0
2021-07-27 14:00,142,70,72,0,0,0
2021-07-27 14:15,187,89,98,0,0,0
2021-07-27 14:30,151,79,72,0,0,0
2021-07-27 14:45,153,90,63,0,0,0
2021-07-27 15:00,114,48,66,0,0,0
2021-07-27 15:15,122,55,67,0,0,0
2021-07-27 15:30,152,74,78,0,0,0
2021-07-27 15:45,136,68,68,0,0,0
2021-07-27 16:00,166,84,82,0,0,0
2021-07-27 16:15,195,94,101,0,0,0
2021-07-27 16:30,215,116,99,0,0,0
2021-07-27 16:45,203,80,123,0,0,0
2021-07-27 17:00,188,85,103,0,0,0
2021-07-27 17:15,197,96,101,0,0,0
2021-07-27 17:30,236,106,130,0,0,0
2021-07-27 17:45,268,128,140,0,0,0
2021-07-27 18:00,120,54,66,0,0,0
2021-07-27 18:15,157,61,96,0,0,0
2021-07-27 18:30,48,19,29,0,0,0
2021-07-27 18:45,77,32,45,0,0,0
2021-07-27 19:00,105,39,66,0,0,0
2021-07-27 19:15,75,33,42,0,0,0
2021-07-27 19:30,73,30,43,0,0,0
2021-07-27 19:45,106,65,41,0,0,0
2021-07-27 20:00,115,50,65,0,0,0
2021-07-27 20:15,102,39,63,0,0,0
2021-07-27 20:30,94,46,48,0,0,0
2021-07-27 20:45,58,26,32,0,0,0
2021-07-27 21:00,53,28,25,0,0,0
2021-07-27 21:15,37,23,14,0,0,0
2021-07-27 21:30,32,12,20,0,0,0
2021-07-27 21:45,47,13,34,0,0,0
2021-07-27 22:00,27,11,16,0,0,0
2021-07-27 22:15,44,11,33,0,0,0
2021-07-27 22:30,50,13,37,0,0,0
2021-07-27 22:45,34,10,24,0,0,0
2021-07-27 23:00,33,6,27,0,0,0
2021-07-27 23:15,39,8,31,0,0,0
2021-07-27 23:30,36,13,23,0,0,0
2021-07-27 23:45,43,14,29,0,0,0
2021-07-28 00:00,3,3,,0,0,
2021-07-28 00:15,5,5,,0,0,
2021-07-28 00:30,6,6,,0,0,
2021-07-28 00:45,9,9,,0,0,
2021-07-28 01:00,5,5,,0,0,
2021-07-28 01:15,2,2,,0,0,
2021-07-28 01:30,4,4,,0,0,
2021-07-28 01:45,2,2,,0,0,
2021-07-28 02:00,5,5,,0,0,
2021-07-28 02:15,0,0,,0,0,
2021-07-28 02:30,0,0,,0,0,
2021-07-28 02:45,2,2,,0,0,
2021-07-28 03:00,2,2,,0,0,
2021-07-28 03:15,1,1,,0,0,
2021-07-28 03:30,1,1,,0,0,
2021-07-28 03:45,3,3,,0,0,
2021-07-28 04:00,0,0,,0,0,
2021-07-28 04:15,1,1,,0,0,
2021-07-28 04:30,2,2,,0,0,
2021-07-28 04:45,2,2,,0,0,
2021-07-28 05:00,1,1,,0,0,
2021-07-28 05:15,8,8,,0,0,
2021-07-28 05:30,3,3,,0,0,
2021-07-28 05:45,6,6,,0,0,
2021-07-28 06:00,21,21,,0,0,
2021-07-28 06:15,22,22,,0,0,
2021-07-28 06:30,40,40,,0,0,
2021-07-28 06:45,48,48,,0,0,
2021-07-28 07:00,52,52,,0,0,
2021-07-28 07:15,60,60,,0,0,
2021-07-28 07:30,63,63,,0,0,
2021-07-28 07:45,89,89,,0,0,
2021-07-28 08:00,60,60,,0,0,
2021-07-28 08:15,65,65,,0,0,
2021-07-28 08:30,83,83,,0,0,
2021-07-28 08:45,101,101,,0,0,
2021-07-28 09:00,84,84,,0,0,
2021-07-28 09:15,82,82,,0,0,
2021-07-28 09:30,92,92,,0,0,
2021-07-28 09:45,95,95,,0,0,
2021-07-28 10:00,62,62,,0,0,
2021-07-28 10:15,72,72,,0,0,
2021-07-28 10:30,54,54,,0,0,
2021-07-28 10:45,29,29,,0,0,
2021-07-28 11:00,51,51,,0,0,
2021-07-28 11:15,50,50,,0,0,
2021-07-28 11:30,44,44,,0,0,
2021-07-28 11:45,61,61,,0,0,
2021-07-28 12:00,60,60,,0,0,
2021-07-28 12:15,79,79,,0,0,
2021-07-28 12:30,69,69,,0,0,
2021-07-28 12:45,93,93,,0,0,
2021-07-28 13:00,80,80,,0,0,
2021-07-28 13:15,103,103,,0,0,
2021-07-28 13:30,50,50,,0,0,
2021-07-28 13:45,96,96,,0,0,
2021-07-28 14:00,73,73,,0,0,
2021-07-28 14:15,74,74,,0,0,
2021-07-28 14:30,63,63,,0,0,
2021-07-28 14:45,94,94,,0,0,
2021-07-28 15:00,65,65,,0,0,
2021-07-28 15:15,71,71,,0,0,
2021-07-28 15:30,108,108,,0,0,
2021-07-28 15:45,95,95,,0,0,
2021-07-28 16:00,85,85,,0,0,
2021-07-28 16:15,65,65,,0,0,
2021-07-28 16:30,124,124,,0,0,
2021-07-28 16:45,113,113,,0,0,
2021-07-28 17:00,112,112,,0,0,
2021-07-28 17:15,101,101,,0,0,
2021-07-28 17:30,111,111,,0,0,
2021-07-28 17:45,105,105,,0,0,
2021-07-28 18:00,78,78,,0,0,
2021-07-28 18:15,90,90,,0,0,
2021-07-28 18:30,79,79,,0,0,
2021-07-28 18:45,106,106,,0,0,
2021-07-28 19:00,94,94,,0,0,
2021-07-28 19:15,74,74,,0,0,
2021-07-28 19:30,76,76,,0,0,
2021-07-28 19:45,92,92,,0,0,
2021-07-28 20:00,99,99,,0,0,
2021-07-28 20:15,81,81,,0,0,
2021-07-28 20:30,75,75,,0,0,
2021-07-28 20:45,45,45,,0,0,
2021-07-28 21:00,57,57,,0,0,
2021-07-28 21:15,48,48,,0,0,
2021-07-28 21:30,25,25,,0,0,
2021-07-28 21:45,51,51,,0,0,
2021-07-28 22:00,50,50,,0,0,
2021-07-28 22:15,39,39,,0,0,
2021-07-28 22:30,30,30,,0,0,
2021-07-28 22:45,29,29,,0,0,
2021-07-28 23:00,24,24,,0,0,
2021-07-28 23:15,25,25,,0,0,
2021-07-28 23:30,17,17,,0,0,
2021-07-28 23:45,29,29,,0,0,
