Datetime,100034980 (Hammer Straße),101034980 (Hammer Straße stadteinwärts),102034980 (Hammer Straße stadtauswärts),100034980-status,101034980-status,102034980-status
2019-08-01 00:00,26,13,13,0,0,0
2019-08-01 00:15,18,11,7,0,0,0
2019-08-01 00:30,14,6,8,0,0,0
2019-08-01 00:45,10,7,3,0,0,0
2019-08-01 01:00,4,1,3,0,0,0
2019-08-01 01:15,5,3,2,0,0,0
2019-08-01 01:30,4,0,4,0,0,0
2019-08-01 01:45,8,0,8,0,0,0
2019-08-01 02:00,3,1,2,0,0,0
2019-08-01 02:15,7,2,5,0,0,0
2019-08-01 02:30,10,2,8,0,0,0
2019-08-01 02:45,14,0,14,0,0,0
2019-08-01 03:00,5,1,4,0,0,0
2019-08-01 03:15,6,2,4,0,0,0
2019-08-01 03:30,3,1,2,0,0,0
2019-08-01 03:45,3,1,2,0,0,0
2019-08-01 04:00,3,0,3,0,0,0
2019-08-01 04:15,5,1,4,0,0,0
2019-08-01 04:30,3,2,1,0,0,0
2019-08-01 04:45,7,4,3,0,0,0
2019-08-01 05:00,2,1,1,0,0,0
2019-08-01 05:15,9,8,1,0,0,0
2019-08-01 05:30,22,18,4,0,0,0
2019-08-01 05:45,30,25,5,0,0,0
2019-08-01 06:00,34,24,10,0,0,0
2019-08-01 06:15,42,28,14,0,0,0
2019-08-01 06:30,44,34,10,0,0,0
2019-08-01 06:45,60,41,19,0,0,0
2019-08-01 07:00,55,38,17,0,0,0
2019-08-01 07:15,96,69,27,0,0,0
2019-08-01 07:30,91,57,34,0,0,0
2019-08-01 07:45,148,93,55,0,0,0
2019-08-01 08:00,133,95,38,0,0,0
2019-08-01 08:15,95,58,37,0,0,0
2019-08-01 08:30,114,83,31,0,0,0
2019-08-01 08:45,135,93,42,0,0,0
2019-08-01 09:00,91,66,25,0,0,0
2019-08-01 09:15,119,78,41,0,0,0
2019-08-01 09:30,96,63,33,0,0,0
2019-08-01 09:45,143,89,54,0,0,0
2019-08-01 10:00,108,66,42,0,0,0
2019-08-01 10:15,92,56,36,0,0,0
2019-08-01 10:30,90,53,37,0,0,0
2019-08-01 10:45,115,70,45,0,0,0
2019-08-01 11:00,114,68,46,0,0,0
2019-08-01 11:15,106,56,50,0,0,0
2019-08-01 11:30,123,68,55,0,0,0
2019-08-01 11:45,139,76,63,0,0,0
2019-08-01 12:00,135,50,85,0,0,0
2019-08-01 12:15,134,63,71,0,0,0
2019-08-01 12:30,120,54,66,0,0,0
2019-08-01 12:45,141,73,68,0,0,0
2019-08-01 13:00,132,65,67,0,0,0
2019-08-01 13:15,136,74,62,0,0,0
2019-08-01 13:30,136,67,69,0,0,0
2019-08-01 13:45,147,77,70,0,0,0
2019-08-01 14:00,146,68,78,0,0,0
2019-08-01 14:15,150,79,71,0,0,0
2019-08-01 14:30,153,71,82,0,0,0
2019-08-01 14:45,152,74,78,0,0,0
2019-08-01 15:00,186,83,103,0,0,0
2019-08-01 15:15,176,66,110,0,0,0
2019-08-01 15:30,145,64,81,0,0,0
2019-08-01 15:45,160,81,79,0,0,0
2019-08-01 16:00,164,75,89,0,0,0
2019-08-01 16:15,182,70,112,0,0,0
2019-08-01 16:30,204,74,130,0,0,0
2019-08-01 16:45,185,79,106,0,0,0
2019-08-01 17:00,221,95,126,0,0,0
2019-08-01 17:15,213,98,115,0,0,0
2019-08-01 17:30,190,73,117,0,0,0
2019-08-01 17:45,203,76,127,0,0,0
2019-08-01 18:00,154,51,103,0,0,0
2019-08-01 18:15,182,64,118,0,0,0
2019-08-01 18:30,133,46,87,0,0,0
2019-08-01 18:45,140,59,81,0,0,0
2019-08-01 19:00,125,47,78,0,0,0
2019-08-01 19:15,137,72,65,0,0,0
2019-08-01 19:30,119,42,77,0,0,0
2019-08-01 19:45,99,32,67,0,0,0
2019-08-01 20:00,111,29,82,0,0,0
2019-08-01 20:15,66,28,38,0,0,0
2019-08-01 20:30,66,12,54,0,0,0
2019-08-01 20:45,69,22,47,0,0,0
2019-08-01 21:00,56,21,35,0,0,0
2019-08-01 21:15,45,15,30,0,0,0
2019-08-01 21:30,59,15,44,0,0,0
2019-08-01 21:45,65,21,44,0,0,0
2019-08-01 22:00,48,18,30,0,0,0
2019-08-01 22:15,58,21,37,0,0,0
2019-08-01 22:30,39,4,35,0,0,0
2019-08-01 22:45,34,14,20,0,0,0
2019-08-01 23:00,46,19,27,0,0,0
2019-08-01 23:15,12,4,8,0,0,0
2019-08-01 23:30,21,6,15,0,0,0
2019-08-01 23:45,19,7,12,0,0,0
2019-08-02 00:00,20,5,15,0,0,0
2019-08-02 00:15,18,6,12,0,0,0
2019-08-02 00:30,24,12,12,0,0,0
2019-08-02 00:45,11,0,11,0,0,0
2019-08-02 01:00,11,0,11,0,0,0
2019-08-02 01:15,5,2,3,0,0,0
2019-08-02 01:30,5,2,3,0,0,0
2019-08-02 01:45,4,1,3,0,0,0
2019-08-02 02:00,1,1,0,0,0,0
2019-08-02 02:15,8,4,4,0,0,0
2019-08-02 02:30,12,3,9,0,0,0
2019-08-02 02:45,4,1,3,0,0,0
2019-08-02 03:00,11,7,4,0,0,0
2019-08-02 03:15,2,1,1,0,0,0
2019-08-02 03:30,4,1,3,0,0,0
2019-08-02 03:45,0,0,0,0,0,0
2019-08-02 04:00,2,0,2,0,0,0
2019-08-02 04:15,3,3,0,0,0,0
2019-08-02 04:30,4,3,1,0,0,0
2019-08-02 04:45,5,4,1,0,0,0
2019-08-02 05:00,3,3,0,0,0,0
2019-08-02 05:15,12,11,1,0,0,0
2019-08-02 05:30,19,15,4,0,0,0
2019-08-02 05:45,31,23,8,0,0,0
2019-08-02 06:00,23,19,4,0,0,0
2019-08-02 06:15,25,19,6,0,0,0
2019-08-02 06:30,42,30,12,0,0,0
2019-08-02 06:45,68,52,16,0,0,0
2019-08-02 07:00,51,40,11,0,0,0
2019-08-02 07:15,91,61,30,0,0,0
2019-08-02 07:30,84,52,32,0,0,0
2019-08-02 07:45,99,61,38,0,0,0
2019-08-02 08:00,97,74,23,0,0,0
2019-08-02 08:15,116,75,41,0,0,0
2019-08-02 08:30,109,66,43,0,0,0
2019-08-02 08:45,125,90,35,0,0,0
2019-08-02 09:00,69,46,23,0,0,0
2019-08-02 09:15,83,48,35,0,0,0
2019-08-02 09:30,94,61,33,0,0,0
2019-08-02 09:45,111,69,42,0,0,0
2019-08-02 10:00,76,52,24,0,0,0
2019-08-02 10:15,100,59,41,0,0,0
2019-08-02 10:30,123,80,43,0,0,0
2019-08-02 10:45,134,88,46,0,0,0
2019-08-02 11:00,142,81,61,0,0,0
2019-08-02 11:15,112,65,47,0,0,0
2019-08-02 11:30,126,58,68,0,0,0
2019-08-02 11:45,142,76,66,0,0,0
2019-08-02 12:00,185,84,101,0,0,0
2019-08-02 12:15,152,81,71,0,0,0
2019-08-02 12:30,155,65,90,0,0,0
2019-08-02 12:45,130,54,76,0,0,0
2019-08-02 13:00,154,51,103,0,0,0
2019-08-02 13:15,147,65,82,0,0,0
2019-08-02 13:30,159,74,85,0,0,0
2019-08-02 13:45,154,75,79,0,0,0
2019-08-02 14:00,166,53,113,0,0,0
2019-08-02 14:15,150,59,91,0,0,0
2019-08-02 14:30,132,52,80,0,0,0
2019-08-02 14:45,150,60,90,0,0,0
2019-08-02 15:00,169,77,92,0,0,0
2019-08-02 15:15,163,57,106,0,0,0
2019-08-02 15:30,129,49,80,0,0,0
2019-08-02 15:45,146,51,95,0,0,0
2019-08-02 16:00,155,60,95,0,0,0
2019-08-02 16:15,178,74,104,0,0,0
2019-08-02 16:30,165,82,83,0,0,0
2019-08-02 16:45,164,67,97,0,0,0
2019-08-02 17:00,144,59,85,0,0,0
2019-08-02 17:15,147,56,91,0,0,0
2019-08-02 17:30,138,49,89,0,0,0
2019-08-02 17:45,169,66,103,0,0,0
2019-08-02 18:00,123,39,84,0,0,0
2019-08-02 18:15,109,35,74,0,0,0
2019-08-02 18:30,90,40,50,0,0,0
2019-08-02 18:45,102,28,74,0,0,0
2019-08-02 19:00,114,36,78,0,0,0
2019-08-02 19:15,92,40,52,0,0,0
2019-08-02 19:30,77,35,42,0,0,0
2019-08-02 19:45,68,25,43,0,0,0
2019-08-02 20:00,77,29,48,0,0,0
2019-08-02 20:15,56,25,31,0,0,0
2019-08-02 20:30,39,18,21,0,0,0
2019-08-02 20:45,42,14,28,0,0,0
2019-08-02 21:00,41,23,18,0,0,0
2019-08-02 21:15,43,17,26,0,0,0
2019-08-02 21:30,24,1,23,0,0,0
2019-08-02 21:45,17,8,9,0,0,0
2019-08-02 22:00,17,4,13,0,0,0
2019-08-02 22:15,10,5,5,0,0,0
2019-08-02 22:30,24,18,6,0,0,0
2019-08-02 22:45,17,11,6,0,0,0
2019-08-02 23:00,15,7,8,0,0,0
2019-08-02 23:15,19,5,14,0,0,0
2019-08-02 23:30,20,9,11,0,0,0
2019-08-02 23:45,10,6,4,0,0,0
2019-08-03 00:00,12,6,6,0,0,0
2019-08-03 00:15,7,4,3,0,0,0
2019-08-03 00:30,9,5,4,0,0,0
2019-08-03 00:45,9,1,8,0,0,0
2019-08-03 01:00,7,3,4,0,0,0
2019-08-03 01:15,13,10,3,0,0,0
2019-08-03 01:30,5,3,2,0,0,0
2019-08-03 01:45,2,1,1,0,0,0
2019-08-03 02:00,3,0,3,0,0,0
2019-08-03 02:15,6,0,6,0,0,0
2019-08-03 02:30,5,1,4,0,0,0
2019-08-03 02:45,3,0,3,0,0,0
2019-08-03 03:00,2,2,0,0,0,0
2019-08-03 03:15,2,2,0,0,0,0
2019-08-03 03:30,6,2,4,0,0,0
2019-08-03 03:45,2,1,1,0,0,0
2019-08-03 04:00,2,0,2,0,0,0
2019-08-03 04:15,2,1,1,0,0,0
2019-08-03 04:30,3,0,3,0,0,0
2019-08-03 04:45,0,0,0,0,0,0
2019-08-03 05:00,2,1,1,0,0,0
2019-08-03 05:15,1,1,0,0,0,0
2019-08-03 05:30,3,2,1,0,0,0
2019-08-03 05:45,5,3,2,0,0,0
2019-08-03 06:00,2,0,2,0,0,0
2019-08-03 06:15,0,0,0,0,0,0
2019-08-03 06:30,2,0,2,0,0,0
2019-08-03 06:45,2,1,1,0,0,0
2019-08-03 07:00,3,2,1,0,0,0
2019-08-03 07:15,1,1,0,0,0,0
2019-08-03 07:30,4,0,4,0,0,0
2019-08-03 07:45,7,0,7,0,0,0
2019-08-03 08:00,2,1,1,0,0,0
2019-08-03 08:15,8,1,7,0,0,0
2019-08-03 08:30,7,3,4,0,0,0
2019-08-03 08:45,8,5,3,0,0,0
2019-08-03 09:00,5,5,0,0,0,0
2019-08-03 09:15,4,1,3,0,0,0
2019-08-03 09:30,9,3,6,0,0,0
2019-08-03 09:45,4,1,3,0,0,0
2019-08-03 10:00,3,1,2,0,0,0
2019-08-03 10:15,5,0,5,0,0,0
2019-08-03 10:30,4,0,4,0,0,0
2019-08-03 10:45,6,1,5,0,0,0
2019-08-03 11:00,14,6,8,0,0,0
2019-08-03 11:15,15,13,2,0,0,0
2019-08-03 11:30,3,1,2,0,0,0
2019-08-03 11:45,8,5,3,0,0,0
2019-08-03 12:00,6,6,0,0,0,0
2019-08-03 12:15,3,2,1,0,0,0
2019-08-03 12:30,7,3,4,0,0,0
2019-08-03 12:45,11,4,7,0,0,0
2019-08-03 13:00,10,7,3,0,0,0
2019-08-03 13:15,10,3,7,0,0,0
2019-08-03 13:30,14,9,5,0,0,0
2019-08-03 13:45,13,6,7,0,0,0
2019-08-03 14:00,5,3,2,0,0,0
2019-08-03 14:15,2,2,0,0,0,0
2019-08-03 14:30,2,2,0,0,0,0
2019-08-03 14:45,3,3,0,0,0,0
2019-08-03 15:00,7,6,1,0,0,0
2019-08-03 15:15,2,2,0,0,0,0
2019-08-03 15:30,7,7,0,0,0,0
2019-08-03 15:45,1,0,1,0,0,0
2019-08-03 16:00,3,3,0,0,0,0
2019-08-03 16:15,1,1,0,0,0,0
2019-08-03 16:30,0,0,0,0,0,0
2019-08-03 16:45,2,2,0,0,0,0
2019-08-03 17:00,1,1,0,0,0,0
2019-08-03 17:15,3,3,0,0,0,0
2019-08-03 17:30,1,1,0,0,0,0
2019-08-03 17:45,2,1,1,0,0,0
2019-08-03 18:00,3,2,1,0,0,0
2019-08-03 18:15,7,3,4,0,0,0
2019-08-03 18:30,5,4,1,0,0,0
2019-08-03 18:45,0,0,0,0,0,0
2019-08-03 19:00,5,1,4,0,0,0
2019-08-03 19:15,2,2,0,0,0,0
2019-08-03 19:30,1,0,1,0,0,0
2019-08-03 19:45,3,1,2,0,0,0
2019-08-03 20:00,2,0,2,0,0,0
2019-08-03 20:15,1,1,0,0,0,0
2019-08-03 20:30,3,2,1,0,0,0
2019-08-03 20:45,1,0,1,0,0,0
2019-08-03 21:00,1,1,0,0,0,0
2019-08-03 21:15,0,0,0,0,0,0
2019-08-03 21:30,2,0,2,0,0,0
2019-08-03 21:45,0,0,0,0,0,0
2019-08-03 22:00,3,2,1,0,0,0
2019-08-03 22:15,1,1,0,0,0,0
2019-08-03 22:30,1,0,1,0,0,0
2019-08-03 22:45,2,1,1,0,0,0
2019-08-03 23:00,3,2,1,0,0,0
2019-08-03 23:15,2,1,1,0,0,0
2019-08-03 23:30,3,2,1,0,0,0
2019-08-03 23:45,2,2,0,0,0,0
2019-08-04 00:00,0,0,0,0,0,0
2019-08-04 00:15,1,0,1,0,0,0
2019-08-04 00:30,1,0,1,0,0,0
2019-08-04 00:45,4,1,3,0,0,0
2019-08-04 01:00,0,0,0,0,0,0
2019-08-04 01:15,0,0,0,0,0,0
2019-08-04 01:30,0,0,0,0,0,0
2019-08-04 01:45,1,0,1,0,0,0
2019-08-04 02:00,2,1,1,0,0,0
2019-08-04 02:15,2,0,2,0,0,0
2019-08-04 02:30,1,0,1,0,0,0
2019-08-04 02:45,0,0,0,0,0,0
2019-08-04 03:00,1,0,1,0,0,0
2019-08-04 03:15,0,0,0,0,0,0
2019-08-04 03:30,0,0,0,0,0,0
2019-08-04 03:45,3,0,3,0,0,0
2019-08-04 04:00,0,0,0,0,0,0
2019-08-04 04:15,0,0,0,0,0,0
2019-08-04 04:30,0,0,0,0,0,0
2019-08-04 04:45,0,0,0,0,0,0
2019-08-04 05:00,0,0,0,0,0,0
2019-08-04 05:15,0,0,0,0,0,0
2019-08-04 05:30,0,0,0,0,0,0
2019-08-04 05:45,1,1,0,0,0,0
2019-08-04 06:00,0,0,0,0,0,0
2019-08-04 06:15,0,0,0,0,0,0
2019-08-04 06:30,0,0,0,0,0,0
2019-08-04 06:45,0,0,0,0,0,0
2019-08-04 07:00,0,0,0,0,0,0
2019-08-04 07:15,1,0,1,0,0,0
2019-08-04 07:30,0,0,0,0,0,0
2019-08-04 07:45,0,0,0,0,0,0
2019-08-04 08:00,0,0,0,0,0,0
2019-08-04 08:15,0,0,0,0,0,0
2019-08-04 08:30,0,0,0,0,0,0
2019-08-04 08:45,0,0,0,0,0,0
2019-08-04 09:00,0,0,0,0,0,0
2019-08-04 09:15,0,0,0,0,0,0
2019-08-04 09:30,1,0,1,0,0,0
2019-08-04 09:45,0,0,0,0,0,0
2019-08-04 10:00,2,0,2,0,0,0
2019-08-04 10:15,1,0,1,0,0,0
2019-08-04 10:30,1,0,1,0,0,0
2019-08-04 10:45,5,4,1,0,0,0
2019-08-04 11:00,4,4,0,0,0,0
2019-08-04 11:15,2,2,0,0,0,0
2019-08-04 11:30,3,2,1,0,0,0
2019-08-04 11:45,1,1,0,0,0,0
2019-08-04 12:00,3,3,0,0,0,0
2019-08-04 12:15,1,1,0,0,0,0
2019-08-04 12:30,5,5,0,0,0,0
2019-08-04 12:45,2,0,2,0,0,0
2019-08-04 13:00,2,2,0,0,0,0
2019-08-04 13:15,2,0,2,0,0,0
2019-08-04 13:30,4,3,1,0,0,0
2019-08-04 13:45,1,1,0,0,0,0
2019-08-04 14:00,5,4,1,0,0,0
2019-08-04 14:15,7,4,3,0,0,0
2019-08-04 14:30,2,2,0,0,0,0
2019-08-04 14:45,3,3,0,0,0,0
2019-08-04 15:00,0,0,0,0,0,0
2019-08-04 15:15,2,1,1,0,0,0
2019-08-04 15:30,1,1,0,0,0,0
2019-08-04 15:45,2,2,0,0,0,0
2019-08-04 16:00,9,7,2,0,0,0
2019-08-04 16:15,8,6,2,0,0,0
2019-08-04 16:30,3,3,0,0,0,0
2019-08-04 16:45,0,0,0,0,0,0
2019-08-04 17:00,0,0,0,0,0,0
2019-08-04 17:15,1,0,1,0,0,0
2019-08-04 17:30,1,0,1,0,0,0
2019-08-04 17:45,1,0,1,0,0,0
2019-08-04 18:00,3,0,3,0,0,0
2019-08-04 18:15,0,0,0,0,0,0
2019-08-04 18:30,1,0,1,0,0,0
2019-08-04 18:45,1,0,1,0,0,0
2019-08-04 19:00,1,0,1,0,0,0
2019-08-04 19:15,3,1,2,0,0,0
2019-08-04 19:30,1,0,1,0,0,0
2019-08-04 19:45,4,0,4,0,0,0
2019-08-04 20:00,3,0,3,0,0,0
2019-08-04 20:15,1,0,1,0,0,0
2019-08-04 20:30,0,0,0,0,0,0
2019-08-04 20:45,1,0,1,0,0,0
2019-08-04 21:00,0,0,0,0,0,0
2019-08-04 21:15,0,0,0,0,0,0
2019-08-04 21:30,2,0,2,0,0,0
2019-08-04 21:45,2,0,2,0,0,0
2019-08-04 22:00,7,1,6,0,0,0
2019-08-04 22:15,5,3,2,0,0,0
2019-08-04 22:30,2,1,1,0,0,0
2019-08-04 22:45,2,0,2,0,0,0
2019-08-04 23:00,10,1,9,0,0,0
2019-08-04 23:15,3,0,3,0,0,0
2019-08-04 23:30,2,0,2,0,0,0
2019-08-04 23:45,4,0,4,0,0,0
2019-08-05 00:00,7,4,3,0,0,0
2019-08-05 00:15,4,1,3,0,0,0
2019-08-05 00:30,13,3,10,0,0,0
2019-08-05 00:45,1,0,1,0,0,0
2019-08-05 01:00,1,1,0,0,0,0
2019-08-05 01:15,3,1,2,0,0,0
2019-08-05 01:30,1,1,0,0,0,0
2019-08-05 01:45,2,1,1,0,0,0
2019-08-05 02:00,2,1,1,0,0,0
2019-08-05 02:15,1,0,1,0,0,0
2019-08-05 02:30,2,2,0,0,0,0
2019-08-05 02:45,0,0,0,0,0,0
2019-08-05 03:00,1,0,1,0,0,0
2019-08-05 03:15,2,1,1,0,0,0
2019-08-05 03:30,0,0,0,0,0,0
2019-08-05 03:45,0,0,0,0,0,0
2019-08-05 04:00,0,0,0,0,0,0
2019-08-05 04:15,1,0,1,0,0,0
2019-08-05 04:30,1,1,0,0,0,0
2019-08-05 04:45,4,4,0,0,0,0
2019-08-05 05:00,5,1,4,0,0,0
2019-08-05 05:15,9,6,3,0,0,0
2019-08-05 05:30,25,15,10,0,0,0
2019-08-05 05:45,32,25,7,0,0,0
2019-08-05 06:00,15,8,7,0,0,0
2019-08-05 06:15,34,27,7,0,0,0
2019-08-05 06:30,33,24,9,0,0,0
2019-08-05 06:45,62,52,10,0,0,0
2019-08-05 07:00,73,50,23,0,0,0
2019-08-05 07:15,82,53,29,0,0,0
2019-08-05 07:30,77,50,27,0,0,0
2019-08-05 07:45,119,84,35,0,0,0
2019-08-05 08:00,99,69,30,0,0,0
2019-08-05 08:15,95,55,40,0,0,0
2019-08-05 08:30,92,62,30,0,0,0
2019-08-05 08:45,100,55,45,0,0,0
2019-08-05 09:00,79,59,20,0,0,0
2019-08-05 09:15,87,53,34,0,0,0
2019-08-05 09:30,80,51,29,0,0,0
2019-08-05 09:45,109,74,35,0,0,0
2019-08-05 10:00,105,68,37,0,0,0
2019-08-05 10:15,97,57,40,0,0,0
2019-08-05 10:30,95,55,40,0,0,0
2019-08-05 10:45,93,53,40,0,0,0
2019-08-05 11:00,89,41,48,0,0,0
2019-08-05 11:15,110,59,51,0,0,0
2019-08-05 11:30,92,50,42,0,0,0
2019-08-05 11:45,112,65,47,0,0,0
2019-08-05 12:00,121,59,62,0,0,0
2019-08-05 12:15,127,62,65,0,0,0
2019-08-05 12:30,121,59,62,0,0,0
2019-08-05 12:45,119,58,61,0,0,0
2019-08-05 13:00,130,56,74,0,0,0
2019-08-05 13:15,130,56,74,0,0,0
2019-08-05 13:30,131,53,78,0,0,0
2019-08-05 13:45,149,68,81,0,0,0
2019-08-05 14:00,153,70,83,0,0,0
2019-08-05 14:15,111,51,60,0,0,0
2019-08-05 14:30,112,45,67,0,0,0
2019-08-05 14:45,143,59,84,0,0,0
2019-08-05 15:00,149,59,90,0,0,0
2019-08-05 15:15,150,65,85,0,0,0
2019-08-05 15:30,138,57,81,0,0,0
2019-08-05 15:45,166,70,96,0,0,0
2019-08-05 16:00,172,63,109,0,0,0
2019-08-05 16:15,164,68,96,0,0,0
2019-08-05 16:30,187,66,121,0,0,0
2019-08-05 16:45,191,82,109,0,0,0
2019-08-05 17:00,191,76,115,0,0,0
2019-08-05 17:15,201,87,114,0,0,0
2019-08-05 17:30,180,65,115,0,0,0
2019-08-05 17:45,176,71,105,0,0,0
2019-08-05 18:00,198,66,132,0,0,0
2019-08-05 18:15,167,49,118,0,0,0
2019-08-05 18:30,140,48,92,0,0,0
2019-08-05 18:45,150,67,83,0,0,0
2019-08-05 19:00,144,40,104,0,0,0
2019-08-05 19:15,115,42,73,0,0,0
2019-08-05 19:30,88,38,50,0,0,0
2019-08-05 19:45,119,45,74,0,0,0
2019-08-05 20:00,91,29,62,0,0,0
2019-08-05 20:15,92,40,52,0,0,0
2019-08-05 20:30,63,30,33,0,0,0
2019-08-05 20:45,65,37,28,0,0,0
2019-08-05 21:00,54,20,34,0,0,0
2019-08-05 21:15,50,14,36,0,0,0
2019-08-05 21:30,49,15,34,0,0,0
2019-08-05 21:45,34,10,24,0,0,0
2019-08-05 22:00,66,28,38,0,0,0
2019-08-05 22:15,51,17,34,0,0,0
2019-08-05 22:30,34,7,27,0,0,0
2019-08-05 22:45,28,4,24,0,0,0
2019-08-05 23:00,21,5,16,0,0,0
2019-08-05 23:15,23,4,19,0,0,0
2019-08-05 23:30,22,4,18,0,0,0
2019-08-05 23:45,17,4,13,0,0,0
2019-08-06 00:00,10,2,8,0,0,0
2019-08-06 00:15,9,3,6,0,0,0
2019-08-06 00:30,11,2,9,0,0,0
2019-08-06 00:45,10,0,10,0,0,0
2019-08-06 01:00,14,1,13,0,0,0
2019-08-06 01:15,4,1,3,0,0,0
2019-08-06 01:30,6,1,5,0,0,0
2019-08-06 01:45,3,1,2,0,0,0
2019-08-06 02:00,9,1,8,0,0,0
2019-08-06 02:15,3,1,2,0,0,0
2019-08-06 02:30,0,0,0,0,0,0
2019-08-06 02:45,3,0,3,0,0,0
2019-08-06 03:00,3,0,3,0,0,0
2019-08-06 03:15,2,1,1,0,0,0
2019-08-06 03:30,0,0,0,0,0,0
2019-08-06 03:45,0,0,0,0,0,0
2019-08-06 04:00,5,0,5,0,0,0
2019-08-06 04:15,1,0,1,0,0,0
2019-08-06 04:30,0,0,0,0,0,0
2019-08-06 04:45,5,4,1,0,0,0
2019-08-06 05:00,2,2,0,0,0,0
2019-08-06 05:15,11,10,1,0,0,0
2019-08-06 05:30,19,14,5,0,0,0
2019-08-06 05:45,32,25,7,0,0,0
2019-08-06 06:00,24,17,7,0,0,0
2019-08-06 06:15,36,27,9,0,0,0
2019-08-06 06:30,34,24,10,0,0,0
2019-08-06 06:45,51,40,11,0,0,0
2019-08-06 07:00,56,42,14,0,0,0
2019-08-06 07:15,68,48,20,0,0,0
2019-08-06 07:30,47,26,21,0,0,0
2019-08-06 07:45,105,75,30,0,0,0
2019-08-06 08:00,72,58,14,0,0,0
2019-08-06 08:15,103,75,28,0,0,0
2019-08-06 08:30,92,58,34,0,0,0
2019-08-06 08:45,117,83,34,0,0,0
2019-08-06 09:00,89,62,27,0,0,0
2019-08-06 09:15,87,51,36,0,0,0
2019-08-06 09:30,100,60,40,0,0,0
2019-08-06 09:45,95,68,27,0,0,0
2019-08-06 10:00,65,43,22,0,0,0
2019-08-06 10:15,77,50,27,0,0,0
2019-08-06 10:30,106,74,32,0,0,0
2019-08-06 10:45,97,57,40,0,0,0
2019-08-06 11:00,118,50,68,0,0,0
2019-08-06 11:15,85,54,31,0,0,0
2019-08-06 11:30,109,58,51,0,0,0
2019-08-06 11:45,134,64,70,0,0,0
2019-08-06 12:00,114,47,67,0,0,0
2019-08-06 12:15,121,61,60,0,0,0
2019-08-06 12:30,124,54,70,0,0,0
2019-08-06 12:45,132,54,78,0,0,0
2019-08-06 13:00,108,58,50,0,0,0
2019-08-06 13:15,120,58,62,0,0,0
2019-08-06 13:30,112,42,70,0,0,0
2019-08-06 13:45,135,63,72,0,0,0
2019-08-06 14:00,124,57,67,0,0,0
2019-08-06 14:15,153,57,96,0,0,0
2019-08-06 14:30,132,54,78,0,0,0
2019-08-06 14:45,153,75,78,0,0,0
2019-08-06 15:00,155,69,86,0,0,0
2019-08-06 15:15,137,67,70,0,0,0
2019-08-06 15:30,174,77,97,0,0,0
2019-08-06 15:45,157,60,97,0,0,0
2019-08-06 16:00,188,76,112,0,0,0
2019-08-06 16:15,171,69,102,0,0,0
2019-08-06 16:30,187,59,128,0,0,0
2019-08-06 16:45,215,86,129,0,0,0
2019-08-06 17:00,192,89,103,0,0,0
2019-08-06 17:15,170,71,99,0,0,0
2019-08-06 17:30,179,79,100,0,0,0
2019-08-06 17:45,190,87,103,0,0,0
2019-08-06 18:00,159,63,96,0,0,0
2019-08-06 18:15,141,60,81,0,0,0
2019-08-06 18:30,154,51,103,0,0,0
2019-08-06 18:45,169,82,87,0,0,0
2019-08-06 19:00,152,50,102,0,0,0
2019-08-06 19:15,121,54,67,0,0,0
2019-08-06 19:30,125,41,84,0,0,0
2019-08-06 19:45,104,28,76,0,0,0
2019-08-06 20:00,71,27,44,0,0,0
2019-08-06 20:15,91,32,59,0,0,0
2019-08-06 20:30,65,19,46,0,0,0
2019-08-06 20:45,60,24,36,0,0,0
2019-08-06 21:00,57,28,29,0,0,0
2019-08-06 21:15,53,14,39,0,0,0
2019-08-06 21:30,43,13,30,0,0,0
2019-08-06 21:45,63,15,48,0,0,0
2019-08-06 22:00,56,21,35,0,0,0
2019-08-06 22:15,66,11,55,0,0,0
2019-08-06 22:30,51,14,37,0,0,0
2019-08-06 22:45,42,12,30,0,0,0
2019-08-06 23:00,35,9,26,0,0,0
2019-08-06 23:15,24,10,14,0,0,0
2019-08-06 23:30,19,10,9,0,0,0
2019-08-06 23:45,17,3,14,0,0,0
2019-08-07 00:00,17,4,13,0,0,0
2019-08-07 00:15,9,4,5,0,0,0
2019-08-07 00:30,8,1,7,0,0,0
2019-08-07 00:45,5,0,5,0,0,0
2019-08-07 01:00,9,4,5,0,0,0
2019-08-07 01:15,3,1,2,0,0,0
2019-08-07 01:30,0,0,0,0,0,0
2019-08-07 01:45,3,2,1,0,0,0
2019-08-07 02:00,3,1,2,0,0,0
2019-08-07 02:15,1,0,1,0,0,0
2019-08-07 02:30,4,2,2,0,0,0
2019-08-07 02:45,0,0,0,0,0,0
2019-08-07 03:00,2,0,2,0,0,0
2019-08-07 03:15,4,0,4,0,0,0
2019-08-07 03:30,4,1,3,0,0,0
2019-08-07 03:45,2,2,0,0,0,0
2019-08-07 04:00,0,0,0,0,0,0
2019-08-07 04:15,0,0,0,0,0,0
2019-08-07 04:30,0,0,0,0,0,0
2019-08-07 04:45,5,2,3,0,0,0
2019-08-07 05:00,2,2,0,0,0,0
2019-08-07 05:15,9,7,2,0,0,0
2019-08-07 05:30,19,12,7,0,0,0
2019-08-07 05:45,29,26,3,0,0,0
2019-08-07 06:00,25,15,10,0,0,0
2019-08-07 06:15,38,28,10,0,0,0
2019-08-07 06:30,33,19,14,0,0,0
2019-08-07 06:45,78,51,27,0,0,0
2019-08-07 07:00,78,57,21,0,0,0
2019-08-07 07:15,95,68,27,0,0,0
2019-08-07 07:30,94,68,26,0,0,0
2019-08-07 07:45,147,106,41,0,0,0
2019-08-07 08:00,105,80,25,0,0,0
2019-08-07 08:15,125,81,44,0,0,0
2019-08-07 08:30,102,74,28,0,0,0
2019-08-07 08:45,124,93,31,0,0,0
2019-08-07 09:00,113,79,34,0,0,0
2019-08-07 09:15,113,83,30,0,0,0
2019-08-07 09:30,88,60,28,0,0,0
2019-08-07 09:45,124,89,35,0,0,0
2019-08-07 10:00,121,68,53,0,0,0
2019-08-07 10:15,99,66,33,0,0,0
2019-08-07 10:30,143,89,54,0,0,0
2019-08-07 10:45,132,80,52,0,0,0
2019-08-07 11:00,130,78,52,0,0,0
2019-08-07 11:15,134,83,51,0,0,0
2019-08-07 11:30,127,70,57,0,0,0
2019-08-07 11:45,155,84,71,0,0,0
2019-08-07 12:00,164,90,74,0,0,0
2019-08-07 12:15,131,64,67,0,0,0
2019-08-07 12:30,142,70,72,0,0,0
2019-08-07 12:45,149,71,78,0,0,0
2019-08-07 13:00,142,69,73,0,0,0
2019-08-07 13:15,136,51,85,0,0,0
2019-08-07 13:30,124,59,65,0,0,0
2019-08-07 13:45,129,56,73,0,0,0
2019-08-07 14:00,123,46,77,0,0,0
2019-08-07 14:15,148,52,96,0,0,0
2019-08-07 14:30,133,51,82,0,0,0
2019-08-07 14:45,122,51,71,0,0,0
2019-08-07 15:00,135,47,88,0,0,0
2019-08-07 15:15,144,62,82,0,0,0
2019-08-07 15:30,149,61,88,0,0,0
2019-08-07 15:45,155,60,95,0,0,0
2019-08-07 16:00,170,63,107,0,0,0
2019-08-07 16:15,183,91,92,0,0,0
2019-08-07 16:30,199,70,129,0,0,0
2019-08-07 16:45,204,84,120,0,0,0
2019-08-07 17:00,213,83,130,0,0,0
2019-08-07 17:15,191,85,106,0,0,0
2019-08-07 17:30,224,101,123,0,0,0
2019-08-07 17:45,168,84,84,0,0,0
2019-08-07 18:00,171,53,118,0,0,0
2019-08-07 18:15,187,72,115,0,0,0
2019-08-07 18:30,177,60,117,0,0,0
2019-08-07 18:45,130,60,70,0,0,0
2019-08-07 19:00,138,48,90,0,0,0
2019-08-07 19:15,137,61,76,0,0,0
2019-08-07 19:30,103,29,74,0,0,0
2019-08-07 19:45,104,38,66,0,0,0
2019-08-07 20:00,110,39,71,0,0,0
2019-08-07 20:15,96,40,56,0,0,0
2019-08-07 20:30,74,27,47,0,0,0
2019-08-07 20:45,64,23,41,0,0,0
2019-08-07 21:00,59,20,39,0,0,0
2019-08-07 21:15,73,24,49,0,0,0
2019-08-07 21:30,55,32,23,0,0,0
2019-08-07 21:45,59,20,39,0,0,0
2019-08-07 22:00,55,23,32,0,0,0
2019-08-07 22:15,39,18,21,0,0,0
2019-08-07 22:30,52,19,33,0,0,0
2019-08-07 22:45,61,26,35,0,0,0
2019-08-07 23:00,47,17,30,0,0,0
2019-08-07 23:15,39,21,18,0,0,0
2019-08-07 23:30,24,5,19,0,0,0
2019-08-07 23:45,17,6,11,0,0,0
2019-08-08 00:00,17,8,9,0,0,0
2019-08-08 00:15,10,5,5,0,0,0
2019-08-08 00:30,18,9,9,0,0,0
2019-08-08 00:45,8,2,6,0,0,0
2019-08-08 01:00,17,3,14,0,0,0
2019-08-08 01:15,6,1,5,0,0,0
2019-08-08 01:30,8,2,6,0,0,0
2019-08-08 01:45,1,0,1,0,0,0
2019-08-08 02:00,2,0,2,0,0,0
2019-08-08 02:15,4,1,3,0,0,0
2019-08-08 02:30,4,0,4,0,0,0
2019-08-08 02:45,1,1,0,0,0,0
2019-08-08 03:00,7,2,5,0,0,0
2019-08-08 03:15,3,0,3,0,0,0
2019-08-08 03:30,3,0,3,0,0,0
2019-08-08 03:45,2,0,2,0,0,0
2019-08-08 04:00,2,1,1,0,0,0
2019-08-08 04:15,0,0,0,0,0,0
2019-08-08 04:30,1,1,0,0,0,0
2019-08-08 04:45,5,3,2,0,0,0
2019-08-08 05:00,2,2,0,0,0,0
2019-08-08 05:15,12,11,1,0,0,0
2019-08-08 05:30,31,18,13,0,0,0
2019-08-08 05:45,26,23,3,0,0,0
2019-08-08 06:00,22,14,8,0,0,0
2019-08-08 06:15,43,33,10,0,0,0
2019-08-08 06:30,53,35,18,0,0,0
2019-08-08 06:45,67,51,16,0,0,0
2019-08-08 07:00,66,52,14,0,0,0
2019-08-08 07:15,99,72,27,0,0,0
2019-08-08 07:30,107,73,34,0,0,0
2019-08-08 07:45,116,86,30,0,0,0
2019-08-08 08:00,117,82,35,0,0,0
2019-08-08 08:15,105,70,35,0,0,0
2019-08-08 08:30,127,91,36,0,0,0
2019-08-08 08:45,150,103,47,0,0,0
2019-08-08 09:00,88,50,38,0,0,0
2019-08-08 09:15,90,55,35,0,0,0
2019-08-08 09:30,109,78,31,0,0,0
2019-08-08 09:45,106,68,38,0,0,0
2019-08-08 10:00,88,60,28,0,0,0
2019-08-08 10:15,105,67,38,0,0,0
2019-08-08 10:30,113,68,45,0,0,0
2019-08-08 10:45,116,69,47,0,0,0
2019-08-08 11:00,107,51,56,0,0,0
2019-08-08 11:15,105,59,46,0,0,0
2019-08-08 11:30,121,61,60,0,0,0
2019-08-08 11:45,118,64,54,0,0,0
2019-08-08 12:00,126,55,71,0,0,0
2019-08-08 12:15,156,75,81,0,0,0
2019-08-08 12:30,126,54,72,0,0,0
2019-08-08 12:45,121,57,64,0,0,0
2019-08-08 13:00,121,61,60,0,0,0
2019-08-08 13:15,137,59,78,0,0,0
2019-08-08 13:30,113,57,56,0,0,0
2019-08-08 13:45,130,70,60,0,0,0
2019-08-08 14:00,144,66,78,0,0,0
2019-08-08 14:15,133,50,83,0,0,0
2019-08-08 14:30,141,58,83,0,0,0
2019-08-08 14:45,160,82,78,0,0,0
2019-08-08 15:00,145,66,79,0,0,0
2019-08-08 15:15,150,73,77,0,0,0
2019-08-08 15:30,161,74,87,0,0,0
2019-08-08 15:45,192,80,112,0,0,0
2019-08-08 16:00,160,53,107,0,0,0
2019-08-08 16:15,178,70,108,0,0,0
2019-08-08 16:30,192,85,107,0,0,0
2019-08-08 16:45,199,85,114,0,0,0
2019-08-08 17:00,222,69,153,0,0,0
2019-08-08 17:15,210,84,126,0,0,0
2019-08-08 17:30,212,85,127,0,0,0
2019-08-08 17:45,231,89,142,0,0,0
2019-08-08 18:00,181,65,116,0,0,0
2019-08-08 18:15,176,78,98,0,0,0
2019-08-08 18:30,149,61,88,0,0,0
2019-08-08 18:45,159,78,81,0,0,0
2019-08-08 19:00,153,72,81,0,0,0
2019-08-08 19:15,122,41,81,0,0,0
2019-08-08 19:30,101,28,73,0,0,0
2019-08-08 19:45,127,54,73,0,0,0
2019-08-08 20:00,89,34,55,0,0,0
2019-08-08 20:15,72,27,45,0,0,0
2019-08-08 20:30,68,24,44,0,0,0
2019-08-08 20:45,72,31,41,0,0,0
2019-08-08 21:00,64,24,40,0,0,0
2019-08-08 21:15,74,33,41,0,0,0
2019-08-08 21:30,50,16,34,0,0,0
2019-08-08 21:45,47,10,37,0,0,0
2019-08-08 22:00,56,19,37,0,0,0
2019-08-08 22:15,53,10,43,0,0,0
2019-08-08 22:30,49,14,35,0,0,0
2019-08-08 22:45,53,11,42,0,0,0
2019-08-08 23:00,41,7,34,0,0,0
2019-08-08 23:15,29,14,15,0,0,0
2019-08-08 23:30,18,4,14,0,0,0
2019-08-08 23:45,19,7,12,0,0,0
2019-08-09 00:00,26,10,16,0,0,0
2019-08-09 00:15,17,8,9,0,0,0
2019-08-09 00:30,6,1,5,0,0,0
2019-08-09 00:45,10,2,8,0,0,0
2019-08-09 01:00,8,0,8,0,0,0
2019-08-09 01:15,13,4,9,0,0,0
2019-08-09 01:30,6,2,4,0,0,0
2019-08-09 01:45,10,5,5,0,0,0
2019-08-09 02:00,7,0,7,0,0,0
2019-08-09 02:15,9,6,3,0,0,0
2019-08-09 02:30,4,1,3,0,0,0
2019-08-09 02:45,1,0,1,0,0,0
2019-08-09 03:00,1,0,1,0,0,0
2019-08-09 03:15,8,7,1,0,0,0
2019-08-09 03:30,1,0,1,0,0,0
2019-08-09 03:45,2,0,2,0,0,0
2019-08-09 04:00,1,0,1,0,0,0
2019-08-09 04:15,2,2,0,0,0,0
2019-08-09 04:30,1,1,0,0,0,0
2019-08-09 04:45,3,3,0,0,0,0
2019-08-09 05:00,3,3,0,0,0,0
2019-08-09 05:15,12,5,7,0,0,0
2019-08-09 05:30,23,16,7,0,0,0
2019-08-09 05:45,22,19,3,0,0,0
2019-08-09 06:00,24,19,5,0,0,0
2019-08-09 06:15,32,23,9,0,0,0
2019-08-09 06:30,38,22,16,0,0,0
2019-08-09 06:45,63,42,21,0,0,0
2019-08-09 07:00,62,50,12,0,0,0
2019-08-09 07:15,85,61,24,0,0,0
2019-08-09 07:30,78,42,36,0,0,0
2019-08-09 07:45,127,88,39,0,0,0
2019-08-09 08:00,78,55,23,0,0,0
2019-08-09 08:15,92,55,37,0,0,0
2019-08-09 08:30,94,67,27,0,0,0
2019-08-09 08:45,111,73,38,0,0,0
2019-08-09 09:00,96,62,34,0,0,0
2019-08-09 09:15,75,62,13,0,0,0
2019-08-09 09:30,94,62,32,0,0,0
2019-08-09 09:45,132,77,55,0,0,0
2019-08-09 10:00,84,45,39,0,0,0
2019-08-09 10:15,104,54,50,0,0,0
2019-08-09 10:30,135,66,69,0,0,0
2019-08-09 10:45,110,61,49,0,0,0
2019-08-09 11:00,98,54,44,0,0,0
2019-08-09 11:15,101,59,42,0,0,0
2019-08-09 11:30,100,48,52,0,0,0
2019-08-09 11:45,131,71,60,0,0,0
2019-08-09 12:00,122,62,60,0,0,0
2019-08-09 12:15,117,58,59,0,0,0
2019-08-09 12:30,103,45,58,0,0,0
2019-08-09 12:45,112,43,69,0,0,0
2019-08-09 13:00,129,52,77,0,0,0
2019-08-09 13:15,139,60,79,0,0,0
2019-08-09 13:30,121,51,70,0,0,0
2019-08-09 13:45,136,62,74,0,0,0
2019-08-09 14:00,124,50,74,0,0,0
2019-08-09 14:15,155,76,79,0,0,0
2019-08-09 14:30,120,39,81,0,0,0
2019-08-09 14:45,154,70,84,0,0,0
2019-08-09 15:00,131,57,74,0,0,0
2019-08-09 15:15,122,53,69,0,0,0
2019-08-09 15:30,136,68,68,0,0,0
2019-08-09 15:45,113,61,52,0,0,0
2019-08-09 16:00,136,70,66,0,0,0
2019-08-09 16:15,142,63,79,0,0,0
2019-08-09 16:30,132,51,81,0,0,0
2019-08-09 16:45,131,57,74,0,0,0
2019-08-09 17:00,143,62,81,0,0,0
2019-08-09 17:15,138,67,71,0,0,0
2019-08-09 17:30,147,59,88,0,0,0
2019-08-09 17:45,143,74,69,0,0,0
2019-08-09 18:00,120,52,68,0,0,0
2019-08-09 18:15,130,48,82,0,0,0
2019-08-09 18:30,104,46,58,0,0,0
2019-08-09 18:45,109,51,58,0,0,0
2019-08-09 19:00,119,47,72,0,0,0
2019-08-09 19:15,105,45,60,0,0,0
2019-08-09 19:30,82,33,49,0,0,0
2019-08-09 19:45,82,36,46,0,0,0
2019-08-09 20:00,92,37,55,0,0,0
2019-08-09 20:15,72,32,40,0,0,0
2019-08-09 20:30,44,24,20,0,0,0
2019-08-09 20:45,43,20,23,0,0,0
2019-08-09 21:00,49,23,26,0,0,0
2019-08-09 21:15,59,27,32,0,0,0
2019-08-09 21:30,42,16,26,0,0,0
2019-08-09 21:45,41,16,25,0,0,0
2019-08-09 22:00,31,7,24,0,0,0
2019-08-09 22:15,33,12,21,0,0,0
2019-08-09 22:30,33,11,22,0,0,0
2019-08-09 22:45,47,17,30,0,0,0
2019-08-09 23:00,32,13,19,0,0,0
2019-08-09 23:15,32,11,21,0,0,0
2019-08-09 23:30,31,13,18,0,0,0
2019-08-09 23:45,25,12,13,0,0,0
2019-08-10 00:00,27,13,14,0,0,0
2019-08-10 00:15,41,10,31,0,0,0
2019-08-10 00:30,19,9,10,0,0,0
2019-08-10 00:45,18,4,14,0,0,0
2019-08-10 01:00,18,4,14,0,0,0
2019-08-10 01:15,14,2,12,0,0,0
2019-08-10 01:30,10,1,9,0,0,0
2019-08-10 01:45,11,2,9,0,0,0
2019-08-10 02:00,7,1,6,0,0,0
2019-08-10 02:15,10,0,10,0,0,0
2019-08-10 02:30,11,3,8,0,0,0
2019-08-10 02:45,5,1,4,0,0,0
2019-08-10 03:00,10,3,7,0,0,0
2019-08-10 03:15,13,3,10,0,0,0
2019-08-10 03:30,9,1,8,0,0,0
2019-08-10 03:45,6,0,6,0,0,0
2019-08-10 04:00,4,2,2,0,0,0
2019-08-10 04:15,3,1,2,0,0,0
2019-08-10 04:30,1,0,1,0,0,0
2019-08-10 04:45,4,0,4,0,0,0
2019-08-10 05:00,5,4,1,0,0,0
2019-08-10 05:15,5,1,4,0,0,0
2019-08-10 05:30,10,8,2,0,0,0
2019-08-10 05:45,6,3,3,0,0,0
2019-08-10 06:00,11,7,4,0,0,0
2019-08-10 06:15,7,6,1,0,0,0
2019-08-10 06:30,9,3,6,0,0,0
2019-08-10 06:45,9,6,3,0,0,0
2019-08-10 07:00,4,3,1,0,0,0
2019-08-10 07:15,17,11,6,0,0,0
2019-08-10 07:30,20,14,6,0,0,0
2019-08-10 07:45,24,18,6,0,0,0
2019-08-10 08:00,24,16,8,0,0,0
2019-08-10 08:15,35,17,18,0,0,0
2019-08-10 08:30,45,31,14,0,0,0
2019-08-10 08:45,66,48,18,0,0,0
2019-08-10 09:00,64,46,18,0,0,0
2019-08-10 09:15,64,38,26,0,0,0
2019-08-10 09:30,116,77,39,0,0,0
2019-08-10 09:45,118,79,39,0,0,0
2019-08-10 10:00,133,97,36,0,0,0
2019-08-10 10:15,115,73,42,0,0,0
2019-08-10 10:30,129,82,47,0,0,0
2019-08-10 10:45,126,74,52,0,0,0
2019-08-10 11:00,132,77,55,0,0,0
2019-08-10 11:15,144,84,60,0,0,0
2019-08-10 11:30,161,106,55,0,0,0
2019-08-10 11:45,137,83,54,0,0,0
2019-08-10 12:00,153,71,82,0,0,0
2019-08-10 12:15,172,95,77,0,0,0
2019-08-10 12:30,118,56,62,0,0,0
2019-08-10 12:45,166,84,82,0,0,0
2019-08-10 13:00,156,57,99,0,0,0
2019-08-10 13:15,169,63,106,0,0,0
2019-08-10 13:30,154,62,92,0,0,0
2019-08-10 13:45,200,65,135,0,0,0
2019-08-10 14:00,204,53,151,0,0,0
2019-08-10 14:15,202,63,139,0,0,0
2019-08-10 14:30,156,47,109,0,0,0
2019-08-10 14:45,159,59,100,0,0,0
2019-08-10 15:00,119,36,83,0,0,0
2019-08-10 15:15,111,50,61,0,0,0
2019-08-10 15:30,100,44,56,0,0,0
2019-08-10 15:45,111,38,73,0,0,0
2019-08-10 16:00,103,39,64,0,0,0
2019-08-10 16:15,89,28,61,0,0,0
2019-08-10 16:30,101,48,53,0,0,0
2019-08-10 16:45,113,53,60,0,0,0
2019-08-10 17:00,222,146,76,0,0,0
2019-08-10 17:15,223,158,65,0,0,0
2019-08-10 17:30,129,59,70,0,0,0
2019-08-10 17:45,113,56,57,0,0,0
2019-08-10 18:00,122,62,60,0,0,0
2019-08-10 18:15,93,41,52,0,0,0
2019-08-10 18:30,75,37,38,0,0,0
2019-08-10 18:45,88,33,55,0,0,0
2019-08-10 19:00,88,38,50,0,0,0
2019-08-10 19:15,127,63,64,0,0,0
2019-08-10 19:30,88,45,43,0,0,0
2019-08-10 19:45,88,47,41,0,0,0
2019-08-10 20:00,91,42,49,0,0,0
2019-08-10 20:15,61,28,33,0,0,0
2019-08-10 20:30,60,18,42,0,0,0
2019-08-10 20:45,60,29,31,0,0,0
2019-08-10 21:00,51,19,32,0,0,0
2019-08-10 21:15,41,13,28,0,0,0
2019-08-10 21:30,41,30,11,0,0,0
2019-08-10 21:45,44,12,32,0,0,0
2019-08-10 22:00,45,10,35,0,0,0
2019-08-10 22:15,52,22,30,0,0,0
2019-08-10 22:30,54,15,39,0,0,0
2019-08-10 22:45,29,12,17,0,0,0
2019-08-10 23:00,28,13,15,0,0,0
2019-08-10 23:15,49,25,24,0,0,0
2019-08-10 23:30,44,20,24,0,0,0
2019-08-10 23:45,29,13,16,0,0,0
2019-08-11 00:00,37,19,18,0,0,0
2019-08-11 00:15,34,17,17,0,0,0
2019-08-11 00:30,23,13,10,0,0,0
2019-08-11 00:45,22,8,14,0,0,0
2019-08-11 01:00,22,9,13,0,0,0
2019-08-11 01:15,22,4,18,0,0,0
2019-08-11 01:30,23,12,11,0,0,0
2019-08-11 01:45,19,3,16,0,0,0
2019-08-11 02:00,19,6,13,0,0,0
2019-08-11 02:15,10,3,7,0,0,0
2019-08-11 02:30,12,5,7,0,0,0
2019-08-11 02:45,3,0,3,0,0,0
2019-08-11 03:00,5,0,5,0,0,0
2019-08-11 03:15,8,1,7,0,0,0
2019-08-11 03:30,7,1,6,0,0,0
2019-08-11 03:45,12,3,9,0,0,0
2019-08-11 04:00,8,0,8,0,0,0
2019-08-11 04:15,6,2,4,0,0,0
2019-08-11 04:30,5,1,4,0,0,0
2019-08-11 04:45,6,1,5,0,0,0
2019-08-11 05:00,0,0,0,0,0,0
2019-08-11 05:15,4,2,2,0,0,0
2019-08-11 05:30,5,2,3,0,0,0
2019-08-11 05:45,4,1,3,0,0,0
2019-08-11 06:00,7,1,6,0,0,0
2019-08-11 06:15,2,2,0,0,0,0
2019-08-11 06:30,7,6,1,0,0,0
2019-08-11 06:45,6,1,5,0,0,0
2019-08-11 07:00,1,0,1,0,0,0
2019-08-11 07:15,1,0,1,0,0,0
2019-08-11 07:30,3,1,2,0,0,0
2019-08-11 07:45,11,6,5,0,0,0
2019-08-11 08:00,15,9,6,0,0,0
2019-08-11 08:15,4,1,3,0,0,0
2019-08-11 08:30,4,3,1,0,0,0
2019-08-11 08:45,19,10,9,0,0,0
2019-08-11 09:00,16,8,8,0,0,0
2019-08-11 09:15,31,19,12,0,0,0
2019-08-11 09:30,17,10,7,0,0,0
2019-08-11 09:45,43,19,24,0,0,0
2019-08-11 10:00,48,17,31,0,0,0
2019-08-11 10:15,46,26,20,0,0,0
2019-08-11 10:30,33,18,15,0,0,0
2019-08-11 10:45,48,35,13,0,0,0
2019-08-11 11:00,23,13,10,0,0,0
2019-08-11 11:15,56,35,21,0,0,0
2019-08-11 11:30,49,27,22,0,0,0
2019-08-11 11:45,42,23,19,0,0,0
2019-08-11 12:00,54,31,23,0,0,0
2019-08-11 12:15,57,22,35,0,0,0
2019-08-11 12:30,55,37,18,0,0,0
2019-08-11 12:45,68,36,32,0,0,0
2019-08-11 13:00,46,27,19,0,0,0
2019-08-11 13:15,52,28,24,0,0,0
2019-08-11 13:30,76,41,35,0,0,0
2019-08-11 13:45,69,37,32,0,0,0
2019-08-11 14:00,60,18,42,0,0,0
2019-08-11 14:15,54,26,28,0,0,0
2019-08-11 14:30,65,29,36,0,0,0
2019-08-11 14:45,88,38,50,0,0,0
2019-08-11 15:00,100,32,68,0,0,0
2019-08-11 15:15,90,49,41,0,0,0
2019-08-11 15:30,70,32,38,0,0,0
2019-08-11 15:45,96,46,50,0,0,0
2019-08-11 16:00,73,41,32,0,0,0
2019-08-11 16:15,58,22,36,0,0,0
2019-08-11 16:30,70,25,45,0,0,0
2019-08-11 16:45,87,32,55,0,0,0
2019-08-11 17:00,69,26,43,0,0,0
2019-08-11 17:15,63,27,36,0,0,0
2019-08-11 17:30,82,37,45,0,0,0
2019-08-11 17:45,72,37,35,0,0,0
2019-08-11 18:00,83,41,42,0,0,0
2019-08-11 18:15,80,47,33,0,0,0
2019-08-11 18:30,93,37,56,0,0,0
2019-08-11 18:45,72,27,45,0,0,0
2019-08-11 19:00,58,28,30,0,0,0
2019-08-11 19:15,80,36,44,0,0,0
2019-08-11 19:30,74,34,40,0,0,0
2019-08-11 19:45,60,27,33,0,0,0
2019-08-11 20:00,50,21,29,0,0,0
2019-08-11 20:15,52,15,37,0,0,0
2019-08-11 20:30,59,30,29,0,0,0
2019-08-11 20:45,30,16,14,0,0,0
2019-08-11 21:00,39,15,24,0,0,0
2019-08-11 21:15,43,14,29,0,0,0
2019-08-11 21:30,21,8,13,0,0,0
2019-08-11 21:45,35,8,27,0,0,0
2019-08-11 22:00,29,12,17,0,0,0
2019-08-11 22:15,18,5,13,0,0,0
2019-08-11 22:30,20,7,13,0,0,0
2019-08-11 22:45,12,6,6,0,0,0
2019-08-11 23:00,14,4,10,0,0,0
2019-08-11 23:15,14,4,10,0,0,0
2019-08-11 23:30,15,5,10,0,0,0
2019-08-11 23:45,19,3,16,0,0,0
2019-08-12 00:00,36,3,33,0,0,0
2019-08-12 00:15,17,8,9,0,0,0
2019-08-12 00:30,8,1,7,0,0,0
2019-08-12 00:45,4,0,4,0,0,0
2019-08-12 01:00,6,3,3,0,0,0
2019-08-12 01:15,1,0,1,0,0,0
2019-08-12 01:30,3,1,2,0,0,0
2019-08-12 01:45,1,0,1,0,0,0
2019-08-12 02:00,0,0,0,0,0,0
2019-08-12 02:15,0,0,0,0,0,0
2019-08-12 02:30,1,0,1,0,0,0
2019-08-12 02:45,1,0,1,0,0,0
2019-08-12 03:00,3,0,3,0,0,0
2019-08-12 03:15,1,0,1,0,0,0
2019-08-12 03:30,3,1,2,0,0,0
2019-08-12 03:45,2,1,1,0,0,0
2019-08-12 04:00,2,0,2,0,0,0
2019-08-12 04:15,0,0,0,0,0,0
2019-08-12 04:30,1,1,0,0,0,0
2019-08-12 04:45,3,3,0,0,0,0
2019-08-12 05:00,2,2,0,0,0,0
2019-08-12 05:15,9,7,2,0,0,0
2019-08-12 05:30,17,11,6,0,0,0
2019-08-12 05:45,35,27,8,0,0,0
2019-08-12 06:00,28,19,9,0,0,0
2019-08-12 06:15,26,15,11,0,0,0
2019-08-12 06:30,48,36,12,0,0,0
2019-08-12 06:45,64,42,22,0,0,0
2019-08-12 07:00,54,36,18,0,0,0
2019-08-12 07:15,74,50,24,0,0,0
2019-08-12 07:30,120,86,34,0,0,0
2019-08-12 07:45,136,95,41,0,0,0
2019-08-12 08:00,105,69,36,0,0,0
2019-08-12 08:15,104,65,39,0,0,0
2019-08-12 08:30,102,67,35,0,0,0
2019-08-12 08:45,123,91,32,0,0,0
2019-08-12 09:00,96,64,32,0,0,0
2019-08-12 09:15,102,74,28,0,0,0
2019-08-12 09:30,81,62,19,0,0,0
2019-08-12 09:45,138,110,28,0,0,0
2019-08-12 10:00,102,60,42,0,0,0
2019-08-12 10:15,100,62,38,0,0,0
2019-08-12 10:30,121,59,62,0,0,0
2019-08-12 10:45,116,74,42,0,0,0
2019-08-12 11:00,134,62,72,0,0,0
2019-08-12 11:15,101,53,48,0,0,0
2019-08-12 11:30,109,57,52,0,0,0
2019-08-12 11:45,138,74,64,0,0,0
2019-08-12 12:00,126,53,73,0,0,0
2019-08-12 12:15,121,60,61,0,0,0
2019-08-12 12:30,150,70,80,0,0,0
2019-08-12 12:45,117,50,67,0,0,0
2019-08-12 13:00,115,57,58,0,0,0
2019-08-12 13:15,112,49,63,0,0,0
2019-08-12 13:30,136,67,69,0,0,0
2019-08-12 13:45,156,84,72,0,0,0
2019-08-12 14:00,136,54,82,0,0,0
2019-08-12 14:15,163,73,90,0,0,0
2019-08-12 14:30,146,60,86,0,0,0
2019-08-12 14:45,156,68,88,0,0,0
2019-08-12 15:00,157,77,80,0,0,0
2019-08-12 15:15,153,47,106,0,0,0
2019-08-12 15:30,118,39,79,0,0,0
2019-08-12 15:45,178,85,93,0,0,0
2019-08-12 16:00,175,66,109,0,0,0
2019-08-12 16:15,171,64,107,0,0,0
2019-08-12 16:30,174,67,107,0,0,0
2019-08-12 16:45,222,74,148,0,0,0
2019-08-12 17:00,205,75,130,0,0,0
2019-08-12 17:15,185,55,130,0,0,0
2019-08-12 17:30,130,45,85,0,0,0
2019-08-12 17:45,97,28,69,0,0,0
2019-08-12 18:00,125,24,101,0,0,0
2019-08-12 18:15,113,27,86,0,0,0
2019-08-12 18:30,90,27,63,0,0,0
2019-08-12 18:45,101,37,64,0,0,0
2019-08-12 19:00,90,24,66,0,0,0
2019-08-12 19:15,66,20,46,0,0,0
2019-08-12 19:30,70,23,47,0,0,0
2019-08-12 19:45,54,22,32,0,0,0
2019-08-12 20:00,60,19,41,0,0,0
2019-08-12 20:15,47,13,34,0,0,0
2019-08-12 20:30,46,18,28,0,0,0
2019-08-12 20:45,39,15,24,0,0,0
2019-08-12 21:00,36,12,24,0,0,0
2019-08-12 21:15,28,18,10,0,0,0
2019-08-12 21:30,21,3,18,0,0,0
2019-08-12 21:45,29,11,18,0,0,0
2019-08-12 22:00,32,12,20,0,0,0
2019-08-12 22:15,34,12,22,0,0,0
2019-08-12 22:30,22,6,16,0,0,0
2019-08-12 22:45,24,7,17,0,0,0
2019-08-12 23:00,14,1,13,0,0,0
2019-08-12 23:15,16,6,10,0,0,0
2019-08-12 23:30,12,3,9,0,0,0
2019-08-12 23:45,10,2,8,0,0,0
2019-08-13 00:00,11,4,7,0,0,0
2019-08-13 00:15,6,3,3,0,0,0
2019-08-13 00:30,7,1,6,0,0,0
2019-08-13 00:45,4,1,3,0,0,0
2019-08-13 01:00,4,0,4,0,0,0
2019-08-13 01:15,5,1,4,0,0,0
2019-08-13 01:30,4,1,3,0,0,0
2019-08-13 01:45,4,0,4,0,0,0
2019-08-13 02:00,2,1,1,0,0,0
2019-08-13 02:15,2,0,2,0,0,0
2019-08-13 02:30,2,2,0,0,0,0
2019-08-13 02:45,0,0,0,0,0,0
2019-08-13 03:00,1,0,1,0,0,0
2019-08-13 03:15,1,1,0,0,0,0
2019-08-13 03:30,0,0,0,0,0,0
2019-08-13 03:45,2,0,2,0,0,0
2019-08-13 04:00,0,0,0,0,0,0
2019-08-13 04:15,1,0,1,0,0,0
2019-08-13 04:30,1,1,0,0,0,0
2019-08-13 04:45,3,2,1,0,0,0
2019-08-13 05:00,1,1,0,0,0,0
2019-08-13 05:15,13,9,4,0,0,0
2019-08-13 05:30,15,13,2,0,0,0
2019-08-13 05:45,26,25,1,0,0,0
2019-08-13 06:00,31,20,11,0,0,0
2019-08-13 06:15,23,15,8,0,0,0
2019-08-13 06:30,36,24,12,0,0,0
2019-08-13 06:45,66,51,15,0,0,0
2019-08-13 07:00,65,46,19,0,0,0
2019-08-13 07:15,82,63,19,0,0,0
2019-08-13 07:30,87,63,24,0,0,0
2019-08-13 07:45,139,88,51,0,0,0
2019-08-13 08:00,120,77,43,0,0,0
2019-08-13 08:15,106,62,44,0,0,0
2019-08-13 08:30,100,66,34,0,0,0
2019-08-13 08:45,112,78,34,0,0,0
2019-08-13 09:00,82,58,24,0,0,0
2019-08-13 09:15,104,78,26,0,0,0
2019-08-13 09:30,75,49,26,0,0,0
2019-08-13 09:45,111,71,40,0,0,0
2019-08-13 10:00,86,52,34,0,0,0
2019-08-13 10:15,71,44,27,0,0,0
2019-08-13 10:30,92,53,39,0,0,0
2019-08-13 10:45,109,65,44,0,0,0
2019-08-13 11:00,93,49,44,0,0,0
2019-08-13 11:15,91,50,41,0,0,0
2019-08-13 11:30,124,65,59,0,0,0
2019-08-13 11:45,95,47,48,0,0,0
2019-08-13 12:00,114,50,64,0,0,0
2019-08-13 12:15,103,46,57,0,0,0
2019-08-13 12:30,114,43,71,0,0,0
2019-08-13 12:45,128,54,74,0,0,0
2019-08-13 13:00,125,47,78,0,0,0
2019-08-13 13:15,109,40,69,0,0,0
2019-08-13 13:30,101,41,60,0,0,0
2019-08-13 13:45,119,58,61,0,0,0
2019-08-13 14:00,126,50,76,0,0,0
2019-08-13 14:15,103,53,50,0,0,0
2019-08-13 14:30,107,39,68,0,0,0
2019-08-13 14:45,129,63,66,0,0,0
2019-08-13 15:00,133,53,80,0,0,0
2019-08-13 15:15,126,48,78,0,0,0
2019-08-13 15:30,99,30,69,0,0,0
2019-08-13 15:45,105,34,71,0,0,0
2019-08-13 16:00,100,38,62,0,0,0
2019-08-13 16:15,146,56,90,0,0,0
2019-08-13 16:30,140,50,90,0,0,0
2019-08-13 16:45,163,57,106,0,0,0
2019-08-13 17:00,154,46,108,0,0,0
2019-08-13 17:15,166,65,101,0,0,0
2019-08-13 17:30,158,56,102,0,0,0
2019-08-13 17:45,146,56,90,0,0,0
2019-08-13 18:00,175,52,123,0,0,0
2019-08-13 18:15,122,25,97,0,0,0
2019-08-13 18:30,120,39,81,0,0,0
2019-08-13 18:45,104,31,73,0,0,0
2019-08-13 19:00,106,27,79,0,0,0
2019-08-13 19:15,85,21,64,0,0,0
2019-08-13 19:30,94,30,64,0,0,0
2019-08-13 19:45,76,24,52,0,0,0
2019-08-13 20:00,72,21,51,0,0,0
2019-08-13 20:15,61,19,42,0,0,0
2019-08-13 20:30,44,18,26,0,0,0
2019-08-13 20:45,36,12,24,0,0,0
2019-08-13 21:00,44,12,32,0,0,0
2019-08-13 21:15,34,11,23,0,0,0
2019-08-13 21:30,35,12,23,0,0,0
2019-08-13 21:45,33,12,21,0,0,0
2019-08-13 22:00,37,7,30,0,0,0
2019-08-13 22:15,30,8,22,0,0,0
2019-08-13 22:30,40,12,28,0,0,0
2019-08-13 22:45,27,11,16,0,0,0
2019-08-13 23:00,35,8,27,0,0,0
2019-08-13 23:15,24,8,16,0,0,0
2019-08-13 23:30,20,2,18,0,0,0
2019-08-13 23:45,24,6,18,0,0,0
2019-08-14 00:00,17,3,14,0,0,0
2019-08-14 00:15,12,6,6,0,0,0
2019-08-14 00:30,11,2,9,0,0,0
2019-08-14 00:45,8,5,3,0,0,0
2019-08-14 01:00,5,2,3,0,0,0
2019-08-14 01:15,4,2,2,0,0,0
2019-08-14 01:30,3,1,2,0,0,0
2019-08-14 01:45,2,1,1,0,0,0
2019-08-14 02:00,3,0,3,0,0,0
2019-08-14 02:15,1,0,1,0,0,0
2019-08-14 02:30,6,0,6,0,0,0
2019-08-14 02:45,1,1,0,0,0,0
2019-08-14 03:00,0,0,0,0,0,0
2019-08-14 03:15,0,0,0,0,0,0
2019-08-14 03:30,1,1,0,0,0,0
2019-08-14 03:45,1,0,1,0,0,0
2019-08-14 04:00,0,0,0,0,0,0
2019-08-14 04:15,2,0,2,0,0,0
2019-08-14 04:30,1,1,0,0,0,0
2019-08-14 04:45,3,3,0,0,0,0
2019-08-14 05:00,4,4,0,0,0,0
2019-08-14 05:15,11,8,3,0,0,0
2019-08-14 05:30,29,21,8,0,0,0
2019-08-14 05:45,29,25,4,0,0,0
2019-08-14 06:00,21,17,4,0,0,0
2019-08-14 06:15,32,25,7,0,0,0
2019-08-14 06:30,47,37,10,0,0,0
2019-08-14 06:45,76,56,20,0,0,0
2019-08-14 07:00,78,63,15,0,0,0
2019-08-14 07:15,100,75,25,0,0,0
2019-08-14 07:30,124,82,42,0,0,0
2019-08-14 07:45,135,85,50,0,0,0
2019-08-14 08:00,130,85,45,0,0,0
2019-08-14 08:15,126,78,48,0,0,0
2019-08-14 08:30,107,63,44,0,0,0
2019-08-14 08:45,146,97,49,0,0,0
2019-08-14 09:00,90,63,27,0,0,0
2019-08-14 09:15,98,59,39,0,0,0
2019-08-14 09:30,108,75,33,0,0,0
2019-08-14 09:45,148,97,51,0,0,0
2019-08-14 10:00,93,55,38,0,0,0
2019-08-14 10:15,119,69,50,0,0,0
2019-08-14 10:30,104,59,45,0,0,0
2019-08-14 10:45,133,81,52,0,0,0
2019-08-14 11:00,119,65,54,0,0,0
2019-08-14 11:15,129,73,56,0,0,0
2019-08-14 11:30,132,67,65,0,0,0
2019-08-14 11:45,162,96,66,0,0,0
2019-08-14 12:00,178,77,101,0,0,0
2019-08-14 12:15,149,63,86,0,0,0
2019-08-14 12:30,137,64,73,0,0,0
2019-08-14 12:45,178,78,100,0,0,0
2019-08-14 13:00,155,66,89,0,0,0
2019-08-14 13:15,158,63,95,0,0,0
2019-08-14 13:30,158,70,88,0,0,0
2019-08-14 13:45,177,72,105,0,0,0
2019-08-14 14:00,156,67,89,0,0,0
2019-08-14 14:15,194,83,111,0,0,0
2019-08-14 14:30,142,59,83,0,0,0
2019-08-14 14:45,154,63,91,0,0,0
2019-08-14 15:00,181,70,111,0,0,0
2019-08-14 15:15,162,70,92,0,0,0
2019-08-14 15:30,141,59,82,0,0,0
2019-08-14 15:45,159,49,110,0,0,0
2019-08-14 16:00,171,64,107,0,0,0
2019-08-14 16:15,179,70,109,0,0,0
2019-08-14 16:30,185,74,111,0,0,0
2019-08-14 16:45,195,75,120,0,0,0
2019-08-14 17:00,242,93,149,0,0,0
2019-08-14 17:15,225,94,131,0,0,0
2019-08-14 17:30,210,78,132,0,0,0
2019-08-14 17:45,188,88,100,0,0,0
2019-08-14 18:00,219,94,125,0,0,0
2019-08-14 18:15,175,65,110,0,0,0
2019-08-14 18:30,160,62,98,0,0,0
2019-08-14 18:45,159,76,83,0,0,0
2019-08-14 19:00,176,49,127,0,0,0
2019-08-14 19:15,133,55,78,0,0,0
2019-08-14 19:30,120,35,85,0,0,0
2019-08-14 19:45,122,43,79,0,0,0
2019-08-14 20:00,136,49,87,0,0,0
2019-08-14 20:15,91,33,58,0,0,0
2019-08-14 20:30,100,35,65,0,0,0
2019-08-14 20:45,67,27,40,0,0,0
2019-08-14 21:00,61,27,34,0,0,0
2019-08-14 21:15,70,22,48,0,0,0
2019-08-14 21:30,49,24,25,0,0,0
2019-08-14 21:45,55,20,35,0,0,0
2019-08-14 22:00,64,18,46,0,0,0
2019-08-14 22:15,59,17,42,0,0,0
2019-08-14 22:30,49,8,41,0,0,0
2019-08-14 22:45,49,19,30,0,0,0
2019-08-14 23:00,29,10,19,0,0,0
2019-08-14 23:15,28,11,17,0,0,0
2019-08-14 23:30,41,11,30,0,0,0
2019-08-14 23:45,25,9,16,0,0,0
2019-08-15 00:00,14,5,9,0,0,0
2019-08-15 00:15,13,3,10,0,0,0
2019-08-15 00:30,17,6,11,0,0,0
2019-08-15 00:45,20,5,15,0,0,0
2019-08-15 01:00,11,4,7,0,0,0
2019-08-15 01:15,6,0,6,0,0,0
2019-08-15 01:30,10,3,7,0,0,0
2019-08-15 01:45,3,0,3,0,0,0
2019-08-15 02:00,5,0,5,0,0,0
2019-08-15 02:15,3,1,2,0,0,0
2019-08-15 02:30,7,3,4,0,0,0
2019-08-15 02:45,3,0,3,0,0,0
2019-08-15 03:00,6,1,5,0,0,0
2019-08-15 03:15,1,1,0,0,0,0
2019-08-15 03:30,4,2,2,0,0,0
2019-08-15 03:45,1,0,1,0,0,0
2019-08-15 04:00,2,0,2,0,0,0
2019-08-15 04:15,0,0,0,0,0,0
2019-08-15 04:30,1,1,0,0,0,0
2019-08-15 04:45,5,3,2,0,0,0
2019-08-15 05:00,5,2,3,0,0,0
2019-08-15 05:15,9,6,3,0,0,0
2019-08-15 05:30,15,9,6,0,0,0
2019-08-15 05:45,19,15,4,0,0,0
2019-08-15 06:00,19,10,9,0,0,0
2019-08-15 06:15,25,20,5,0,0,0
2019-08-15 06:30,44,34,10,0,0,0
2019-08-15 06:45,52,40,12,0,0,0
2019-08-15 07:00,47,33,14,0,0,0
2019-08-15 07:15,68,46,22,0,0,0
2019-08-15 07:30,64,43,21,0,0,0
2019-08-15 07:45,115,77,38,0,0,0
2019-08-15 08:00,79,55,24,0,0,0
2019-08-15 08:15,73,48,25,0,0,0
2019-08-15 08:30,77,50,27,0,0,0
2019-08-15 08:45,100,73,27,0,0,0
2019-08-15 09:00,78,62,16,0,0,0
2019-08-15 09:15,74,46,28,0,0,0
2019-08-15 09:30,92,66,26,0,0,0
2019-08-15 09:45,90,62,28,0,0,0
2019-08-15 10:00,78,47,31,0,0,0
2019-08-15 10:15,79,45,34,0,0,0
2019-08-15 10:30,85,47,38,0,0,0
2019-08-15 10:45,88,57,31,0,0,0
2019-08-15 11:00,76,40,36,0,0,0
2019-08-15 11:15,91,45,46,0,0,0
2019-08-15 11:30,86,49,37,0,0,0
2019-08-15 11:45,107,59,48,0,0,0
2019-08-15 12:00,104,41,63,0,0,0
2019-08-15 12:15,108,63,45,0,0,0
2019-08-15 12:30,98,44,54,0,0,0
2019-08-15 12:45,122,60,62,0,0,0
2019-08-15 13:00,101,40,61,0,0,0
2019-08-15 13:15,84,34,50,0,0,0
2019-08-15 13:30,86,35,51,0,0,0
2019-08-15 13:45,121,56,65,0,0,0
2019-08-15 14:00,126,54,72,0,0,0
2019-08-15 14:15,108,61,47,0,0,0
2019-08-15 14:30,118,60,58,0,0,0
2019-08-15 14:45,118,69,49,0,0,0
2019-08-15 15:00,77,29,48,0,0,0
2019-08-15 15:15,97,27,70,0,0,0
2019-08-15 15:30,123,55,68,0,0,0
2019-08-15 15:45,138,54,84,0,0,0
2019-08-15 16:00,143,60,83,0,0,0
2019-08-15 16:15,155,65,90,0,0,0
2019-08-15 16:30,142,66,76,0,0,0
2019-08-15 16:45,151,61,90,0,0,0
2019-08-15 17:00,175,84,91,0,0,0
2019-08-15 17:15,147,58,89,0,0,0
2019-08-15 17:30,150,55,95,0,0,0
2019-08-15 17:45,207,87,120,0,0,0
2019-08-15 18:00,174,73,101,0,0,0
2019-08-15 18:15,167,56,111,0,0,0
2019-08-15 18:30,145,44,101,0,0,0
2019-08-15 18:45,129,65,64,0,0,0
2019-08-15 19:00,76,24,52,0,0,0
2019-08-15 19:15,93,24,69,0,0,0
2019-08-15 19:30,116,49,67,0,0,0
2019-08-15 19:45,90,29,61,0,0,0
2019-08-15 20:00,94,36,58,0,0,0
2019-08-15 20:15,70,24,46,0,0,0
2019-08-15 20:30,52,25,27,0,0,0
2019-08-15 20:45,77,28,49,0,0,0
2019-08-15 21:00,75,32,43,0,0,0
2019-08-15 21:15,53,28,25,0,0,0
2019-08-15 21:30,78,41,37,0,0,0
2019-08-15 21:45,75,38,37,0,0,0
2019-08-15 22:00,64,18,46,0,0,0
2019-08-15 22:15,40,14,26,0,0,0
2019-08-15 22:30,42,15,27,0,0,0
2019-08-15 22:45,33,20,13,0,0,0
2019-08-15 23:00,39,12,27,0,0,0
2019-08-15 23:15,39,10,29,0,0,0
2019-08-15 23:30,33,6,27,0,0,0
2019-08-15 23:45,17,5,12,0,0,0
2019-08-16 00:00,15,4,11,0,0,0
2019-08-16 00:15,17,1,16,0,0,0
2019-08-16 00:30,9,4,5,0,0,0
2019-08-16 00:45,10,4,6,0,0,0
2019-08-16 01:00,5,1,4,0,0,0
2019-08-16 01:15,4,1,3,0,0,0
2019-08-16 01:30,3,0,3,0,0,0
2019-08-16 01:45,15,2,13,0,0,0
2019-08-16 02:00,4,0,4,0,0,0
2019-08-16 02:15,0,0,0,0,0,0
2019-08-16 02:30,4,1,3,0,0,0
2019-08-16 02:45,2,0,2,0,0,0
2019-08-16 03:00,2,0,2,0,0,0
2019-08-16 03:15,1,1,0,0,0,0
2019-08-16 03:30,5,0,5,0,0,0
2019-08-16 03:45,1,0,1,0,0,0
2019-08-16 04:00,1,0,1,0,0,0
2019-08-16 04:15,2,1,1,0,0,0
2019-08-16 04:30,2,2,0,0,0,0
2019-08-16 04:45,4,3,1,0,0,0
2019-08-16 05:00,1,1,0,0,0,0
2019-08-16 05:15,8,7,1,0,0,0
2019-08-16 05:30,17,11,6,0,0,0
2019-08-16 05:45,21,16,5,0,0,0
2019-08-16 06:00,20,15,5,0,0,0
2019-08-16 06:15,21,12,9,0,0,0
2019-08-16 06:30,47,37,10,0,0,0
2019-08-16 06:45,56,41,15,0,0,0
2019-08-16 07:00,49,34,15,0,0,0
2019-08-16 07:15,83,54,29,0,0,0
2019-08-16 07:30,86,52,34,0,0,0
2019-08-16 07:45,121,75,46,0,0,0
2019-08-16 08:00,97,69,28,0,0,0
2019-08-16 08:15,110,63,47,0,0,0
2019-08-16 08:30,100,64,36,0,0,0
2019-08-16 08:45,111,76,35,0,0,0
2019-08-16 09:00,87,57,30,0,0,0
2019-08-16 09:15,105,76,29,0,0,0
2019-08-16 09:30,111,80,31,0,0,0
2019-08-16 09:45,113,86,27,0,0,0
2019-08-16 10:00,102,70,32,0,0,0
2019-08-16 10:15,94,53,41,0,0,0
2019-08-16 10:30,93,53,40,0,0,0
2019-08-16 10:45,137,84,53,0,0,0
2019-08-16 11:00,123,69,54,0,0,0
2019-08-16 11:15,108,58,50,0,0,0
2019-08-16 11:30,123,65,58,0,0,0
2019-08-16 11:45,144,85,59,0,0,0
2019-08-16 12:00,140,61,79,0,0,0
2019-08-16 12:15,146,71,75,0,0,0
2019-08-16 12:30,140,65,75,0,0,0
2019-08-16 12:45,142,60,82,0,0,0
2019-08-16 13:00,144,60,84,0,0,0
2019-08-16 13:15,155,58,97,0,0,0
2019-08-16 13:30,167,75,92,0,0,0
2019-08-16 13:45,174,75,99,0,0,0
2019-08-16 14:00,164,65,99,0,0,0
2019-08-16 14:15,172,65,107,0,0,0
2019-08-16 14:30,144,58,86,0,0,0
2019-08-16 14:45,177,67,110,0,0,0
2019-08-16 15:00,175,93,82,0,0,0
2019-08-16 15:15,176,76,100,0,0,0
2019-08-16 15:30,188,86,102,0,0,0
2019-08-16 15:45,178,90,88,0,0,0
2019-08-16 16:00,192,81,111,0,0,0
2019-08-16 16:15,202,96,106,0,0,0
2019-08-16 16:30,178,72,106,0,0,0
2019-08-16 16:45,181,92,89,0,0,0
2019-08-16 17:00,174,86,88,0,0,0
2019-08-16 17:15,179,91,88,0,0,0
2019-08-16 17:30,163,83,80,0,0,0
2019-08-16 17:45,204,119,85,0,0,0
2019-08-16 18:00,180,78,102,0,0,0
2019-08-16 18:15,160,85,75,0,0,0
2019-08-16 18:30,187,94,93,0,0,0
2019-08-16 18:45,233,119,114,0,0,0
2019-08-16 19:00,191,98,93,0,0,0
2019-08-16 19:15,181,104,77,0,0,0
2019-08-16 19:30,161,84,77,0,0,0
2019-08-16 19:45,180,100,80,0,0,0
2019-08-16 20:00,168,85,83,0,0,0
2019-08-16 20:15,144,88,56,0,0,0
2019-08-16 20:30,108,70,38,0,0,0
2019-08-16 20:45,116,58,58,0,0,0
2019-08-16 21:00,65,28,37,0,0,0
2019-08-16 21:15,81,38,43,0,0,0
2019-08-16 21:30,83,20,63,0,0,0
2019-08-16 21:45,79,26,53,0,0,0
2019-08-16 22:00,84,21,63,0,0,0
2019-08-16 22:15,69,21,48,0,0,0
2019-08-16 22:30,77,24,53,0,0,0
2019-08-16 22:45,72,16,56,0,0,0
2019-08-16 23:00,62,15,47,0,0,0
2019-08-16 23:15,58,7,51,0,0,0
2019-08-16 23:30,63,15,48,0,0,0
2019-08-16 23:45,88,10,78,0,0,0
2019-08-17 00:00,83,7,76,0,0,0
2019-08-17 00:15,180,17,163,0,0,0
2019-08-17 00:30,109,19,90,0,0,0
2019-08-17 00:45,39,2,37,0,0,0
2019-08-17 01:00,34,7,27,0,0,0
2019-08-17 01:15,52,15,37,0,0,0
2019-08-17 01:30,39,4,35,0,0,0
2019-08-17 01:45,33,11,22,0,0,0
2019-08-17 02:00,20,6,14,0,0,0
2019-08-17 02:15,17,3,14,0,0,0
2019-08-17 02:30,23,2,21,0,0,0
2019-08-17 02:45,6,1,5,0,0,0
2019-08-17 03:00,12,3,9,0,0,0
2019-08-17 03:15,21,5,16,0,0,0
2019-08-17 03:30,17,5,12,0,0,0
2019-08-17 03:45,19,4,15,0,0,0
2019-08-17 04:00,6,0,6,0,0,0
2019-08-17 04:15,15,2,13,0,0,0
2019-08-17 04:30,7,1,6,0,0,0
2019-08-17 04:45,6,1,5,0,0,0
2019-08-17 05:00,3,3,0,0,0,0
2019-08-17 05:15,7,5,2,0,0,0
2019-08-17 05:30,10,6,4,0,0,0
2019-08-17 05:45,12,10,2,0,0,0
2019-08-17 06:00,2,1,1,0,0,0
2019-08-17 06:15,12,9,3,0,0,0
2019-08-17 06:30,7,2,5,0,0,0
2019-08-17 06:45,14,10,4,0,0,0
2019-08-17 07:00,23,19,4,0,0,0
2019-08-17 07:15,20,16,4,0,0,0
2019-08-17 07:30,17,9,8,0,0,0
2019-08-17 07:45,19,12,7,0,0,0
2019-08-17 08:00,27,21,6,0,0,0
2019-08-17 08:15,42,27,15,0,0,0
2019-08-17 08:30,34,22,12,0,0,0
2019-08-17 08:45,60,40,20,0,0,0
2019-08-17 09:00,56,39,17,0,0,0
2019-08-17 09:15,97,79,18,0,0,0
2019-08-17 09:30,101,70,31,0,0,0
2019-08-17 09:45,133,100,33,0,0,0
2019-08-17 10:00,98,65,33,0,0,0
2019-08-17 10:15,110,67,43,0,0,0
2019-08-17 10:30,115,79,36,0,0,0
2019-08-17 10:45,165,103,62,0,0,0
2019-08-17 11:00,114,69,45,0,0,0
2019-08-17 11:15,143,85,58,0,0,0
2019-08-17 11:30,145,88,57,0,0,0
2019-08-17 11:45,159,88,71,0,0,0
2019-08-17 12:00,141,77,64,0,0,0
2019-08-17 12:15,132,76,56,0,0,0
2019-08-17 12:30,148,76,72,0,0,0
2019-08-17 12:45,137,67,70,0,0,0
2019-08-17 13:00,158,65,93,0,0,0
2019-08-17 13:15,159,64,95,0,0,0
2019-08-17 13:30,141,65,76,0,0,0
2019-08-17 13:45,156,66,90,0,0,0
2019-08-17 14:00,180,72,108,0,0,0
2019-08-17 14:15,126,50,76,0,0,0
2019-08-17 14:30,129,39,90,0,0,0
2019-08-17 14:45,135,43,92,0,0,0
2019-08-17 15:00,88,33,55,0,0,0
2019-08-17 15:15,112,26,86,0,0,0
2019-08-17 15:30,90,33,57,0,0,0
2019-08-17 15:45,139,61,78,0,0,0
2019-08-17 16:00,97,34,63,0,0,0
2019-08-17 16:15,141,56,85,0,0,0
2019-08-17 16:30,120,55,65,0,0,0
2019-08-17 16:45,113,66,47,0,0,0
2019-08-17 17:00,97,49,48,0,0,0
2019-08-17 17:15,104,43,61,0,0,0
2019-08-17 17:30,114,67,47,0,0,0
2019-08-17 17:45,147,80,67,0,0,0
2019-08-17 18:00,158,73,85,0,0,0
2019-08-17 18:15,125,71,54,0,0,0
2019-08-17 18:30,121,69,52,0,0,0
2019-08-17 18:45,103,65,38,0,0,0
2019-08-17 19:00,105,51,54,0,0,0
2019-08-17 19:15,82,39,43,0,0,0
2019-08-17 19:30,115,60,55,0,0,0
2019-08-17 19:45,114,75,39,0,0,0
2019-08-17 20:00,93,57,36,0,0,0
2019-08-17 20:15,101,77,24,0,0,0
2019-08-17 20:30,105,62,43,0,0,0
2019-08-17 20:45,103,58,45,0,0,0
2019-08-17 21:00,60,22,38,0,0,0
2019-08-17 21:15,54,27,27,0,0,0
2019-08-17 21:30,63,33,30,0,0,0
2019-08-17 21:45,43,17,26,0,0,0
2019-08-17 22:00,66,23,43,0,0,0
2019-08-17 22:15,47,10,37,0,0,0
2019-08-17 22:30,64,14,50,0,0,0
2019-08-17 22:45,40,10,30,0,0,0
2019-08-17 23:00,39,9,30,0,0,0
2019-08-17 23:15,42,4,38,0,0,0
2019-08-17 23:30,53,9,44,0,0,0
2019-08-17 23:45,64,19,45,0,0,0
2019-08-18 00:00,76,15,61,0,0,0
2019-08-18 00:15,141,11,130,0,0,0
2019-08-18 00:30,103,10,93,0,0,0
2019-08-18 00:45,55,7,48,0,0,0
2019-08-18 01:00,50,7,43,0,0,0
2019-08-18 01:15,59,14,45,0,0,0
2019-08-18 01:30,39,12,27,0,0,0
2019-08-18 01:45,13,4,9,0,0,0
2019-08-18 02:00,21,9,12,0,0,0
2019-08-18 02:15,33,7,26,0,0,0
2019-08-18 02:30,22,1,21,0,0,0
2019-08-18 02:45,14,1,13,0,0,0
2019-08-18 03:00,10,0,10,0,0,0
2019-08-18 03:15,7,1,6,0,0,0
2019-08-18 03:30,9,1,8,0,0,0
2019-08-18 03:45,15,5,10,0,0,0
2019-08-18 04:00,10,2,8,0,0,0
2019-08-18 04:15,6,1,5,0,0,0
2019-08-18 04:30,3,1,2,0,0,0
2019-08-18 04:45,5,2,3,0,0,0
2019-08-18 05:00,10,5,5,0,0,0
2019-08-18 05:15,4,2,2,0,0,0
2019-08-18 05:30,6,4,2,0,0,0
2019-08-18 05:45,4,2,2,0,0,0
2019-08-18 06:00,6,0,6,0,0,0
2019-08-18 06:15,2,1,1,0,0,0
2019-08-18 06:30,4,1,3,0,0,0
2019-08-18 06:45,6,3,3,0,0,0
2019-08-18 07:00,4,0,4,0,0,0
2019-08-18 07:15,3,2,1,0,0,0
2019-08-18 07:30,6,2,4,0,0,0
2019-08-18 07:45,11,7,4,0,0,0
2019-08-18 08:00,5,4,1,0,0,0
2019-08-18 08:15,8,6,2,0,0,0
2019-08-18 08:30,6,2,4,0,0,0
2019-08-18 08:45,19,12,7,0,0,0
2019-08-18 09:00,6,4,2,0,0,0
2019-08-18 09:15,16,6,10,0,0,0
2019-08-18 09:30,19,7,12,0,0,0
2019-08-18 09:45,31,20,11,0,0,0
2019-08-18 10:00,28,16,12,0,0,0
2019-08-18 10:15,11,7,4,0,0,0
2019-08-18 10:30,20,9,11,0,0,0
2019-08-18 10:45,24,15,9,0,0,0
2019-08-18 11:00,18,6,12,0,0,0
2019-08-18 11:15,18,12,6,0,0,0
2019-08-18 11:30,23,12,11,0,0,0
2019-08-18 11:45,31,16,15,0,0,0
2019-08-18 12:00,12,9,3,0,0,0
2019-08-18 12:15,14,6,8,0,0,0
2019-08-18 12:30,9,3,6,0,0,0
2019-08-18 12:45,25,12,13,0,0,0
2019-08-18 13:00,23,11,12,0,0,0
2019-08-18 13:15,30,9,21,0,0,0
2019-08-18 13:30,17,8,9,0,0,0
2019-08-18 13:45,27,16,11,0,0,0
2019-08-18 14:00,32,18,14,0,0,0
2019-08-18 14:15,36,19,17,0,0,0
2019-08-18 14:30,38,13,25,0,0,0
2019-08-18 14:45,55,32,23,0,0,0
2019-08-18 15:00,58,33,25,0,0,0
2019-08-18 15:15,42,29,13,0,0,0
2019-08-18 15:30,68,50,18,0,0,0
2019-08-18 15:45,94,60,34,0,0,0
2019-08-18 16:00,83,53,30,0,0,0
2019-08-18 16:15,84,47,37,0,0,0
2019-08-18 16:30,90,44,46,0,0,0
2019-08-18 16:45,112,68,44,0,0,0
2019-08-18 17:00,86,43,43,0,0,0
2019-08-18 17:15,99,46,53,0,0,0
2019-08-18 17:30,94,46,48,0,0,0
2019-08-18 17:45,115,66,49,0,0,0
2019-08-18 18:00,88,50,38,0,0,0
2019-08-18 18:15,102,49,53,0,0,0
2019-08-18 18:30,104,54,50,0,0,0
2019-08-18 18:45,104,67,37,0,0,0
2019-08-18 19:00,94,60,34,0,0,0
2019-08-18 19:15,92,42,50,0,0,0
2019-08-18 19:30,63,35,28,0,0,0
2019-08-18 19:45,63,40,23,0,0,0
2019-08-18 20:00,79,44,35,0,0,0
2019-08-18 20:15,43,24,19,0,0,0
2019-08-18 20:30,47,16,31,0,0,0
2019-08-18 20:45,55,16,39,0,0,0
2019-08-18 21:00,62,22,40,0,0,0
2019-08-18 21:15,40,9,31,0,0,0
2019-08-18 21:30,50,11,39,0,0,0
2019-08-18 21:45,44,9,35,0,0,0
2019-08-18 22:00,61,4,57,0,0,0
2019-08-18 22:15,56,6,50,0,0,0
2019-08-18 22:30,107,11,96,0,0,0
2019-08-18 22:45,73,3,70,0,0,0
2019-08-18 23:00,40,1,39,0,0,0
2019-08-18 23:15,36,3,33,0,0,0
2019-08-18 23:30,35,1,34,0,0,0
2019-08-18 23:45,22,1,21,0,0,0
2019-08-19 00:00,17,5,12,0,0,0
2019-08-19 00:15,10,3,7,0,0,0
2019-08-19 00:30,1,0,1,0,0,0
2019-08-19 00:45,3,1,2,0,0,0
2019-08-19 01:00,6,0,6,0,0,0
2019-08-19 01:15,0,0,0,0,0,0
2019-08-19 01:30,2,1,1,0,0,0
2019-08-19 01:45,3,0,3,0,0,0
2019-08-19 02:00,6,0,6,0,0,0
2019-08-19 02:15,2,0,2,0,0,0
2019-08-19 02:30,3,2,1,0,0,0
2019-08-19 02:45,2,0,2,0,0,0
2019-08-19 03:00,0,0,0,0,0,0
2019-08-19 03:15,2,0,2,0,0,0
2019-08-19 03:30,2,0,2,0,0,0
2019-08-19 03:45,1,1,0,0,0,0
2019-08-19 04:00,4,2,2,0,0,0
2019-08-19 04:15,0,0,0,0,0,0
2019-08-19 04:30,0,0,0,0,0,0
2019-08-19 04:45,4,4,0,0,0,0
2019-08-19 05:00,3,3,0,0,0,0
2019-08-19 05:15,8,8,0,0,0,0
2019-08-19 05:30,16,8,8,0,0,0
2019-08-19 05:45,29,23,6,0,0,0
2019-08-19 06:00,21,15,6,0,0,0
2019-08-19 06:15,40,31,9,0,0,0
2019-08-19 06:30,52,39,13,0,0,0
2019-08-19 06:45,78,57,21,0,0,0
2019-08-19 07:00,66,48,18,0,0,0
2019-08-19 07:15,88,60,28,0,0,0
2019-08-19 07:30,102,73,29,0,0,0
2019-08-19 07:45,150,111,39,0,0,0
2019-08-19 08:00,105,70,35,0,0,0
2019-08-19 08:15,113,76,37,0,0,0
2019-08-19 08:30,102,67,35,0,0,0
2019-08-19 08:45,123,82,41,0,0,0
2019-08-19 09:00,113,83,30,0,0,0
2019-08-19 09:15,90,59,31,0,0,0
2019-08-19 09:30,100,65,35,0,0,0
2019-08-19 09:45,109,79,30,0,0,0
2019-08-19 10:00,97,59,38,0,0,0
2019-08-19 10:15,105,68,37,0,0,0
2019-08-19 10:30,98,57,41,0,0,0
2019-08-19 10:45,118,63,55,0,0,0
2019-08-19 11:00,111,58,53,0,0,0
2019-08-19 11:15,147,80,67,0,0,0
2019-08-19 11:30,116,55,61,0,0,0
2019-08-19 11:45,162,80,82,0,0,0
2019-08-19 12:00,119,51,68,0,0,0
2019-08-19 12:15,137,66,71,0,0,0
2019-08-19 12:30,128,49,79,0,0,0
2019-08-19 12:45,142,59,83,0,0,0
2019-08-19 13:00,124,49,75,0,0,0
2019-08-19 13:15,153,74,79,0,0,0
2019-08-19 13:30,120,63,57,0,0,0
2019-08-19 13:45,175,86,89,0,0,0
2019-08-19 14:00,157,72,85,0,0,0
2019-08-19 14:15,132,66,66,0,0,0
2019-08-19 14:30,146,77,69,0,0,0
2019-08-19 14:45,160,73,87,0,0,0
2019-08-19 15:00,177,84,93,0,0,0
2019-08-19 15:15,163,76,87,0,0,0
2019-08-19 15:30,176,70,106,0,0,0
2019-08-19 15:45,205,82,123,0,0,0
2019-08-19 16:00,177,82,95,0,0,0
2019-08-19 16:15,219,87,132,0,0,0
2019-08-19 16:30,201,78,123,0,0,0
2019-08-19 16:45,206,76,130,0,0,0
2019-08-19 17:00,220,89,131,0,0,0
2019-08-19 17:15,241,96,145,0,0,0
2019-08-19 17:30,225,83,142,0,0,0
2019-08-19 17:45,222,84,138,0,0,0
2019-08-19 18:00,184,63,121,0,0,0
2019-08-19 18:15,223,69,154,0,0,0
2019-08-19 18:30,167,59,108,0,0,0
2019-08-19 18:45,168,55,113,0,0,0
2019-08-19 19:00,133,41,92,0,0,0
2019-08-19 19:15,125,59,66,0,0,0
2019-08-19 19:30,119,32,87,0,0,0
2019-08-19 19:45,117,53,64,0,0,0
2019-08-19 20:00,92,32,60,0,0,0
2019-08-19 20:15,70,30,40,0,0,0
2019-08-19 20:30,71,24,47,0,0,0
2019-08-19 20:45,58,25,33,0,0,0
2019-08-19 21:00,59,16,43,0,0,0
2019-08-19 21:15,51,17,34,0,0,0
2019-08-19 21:30,37,15,22,0,0,0
2019-08-19 21:45,49,22,27,0,0,0
2019-08-19 22:00,42,13,29,0,0,0
2019-08-19 22:15,53,21,32,0,0,0
2019-08-19 22:30,22,8,14,0,0,0
2019-08-19 22:45,39,14,25,0,0,0
2019-08-19 23:00,48,22,26,0,0,0
2019-08-19 23:15,37,9,28,0,0,0
2019-08-19 23:30,35,10,25,0,0,0
2019-08-19 23:45,23,6,17,0,0,0
2019-08-20 00:00,22,7,15,0,0,0
2019-08-20 00:15,15,8,7,0,0,0
2019-08-20 00:30,7,0,7,0,0,0
2019-08-20 00:45,4,0,4,0,0,0
2019-08-20 01:00,6,2,4,0,0,0
2019-08-20 01:15,6,2,4,0,0,0
2019-08-20 01:30,5,0,5,0,0,0
2019-08-20 01:45,1,1,0,0,0,0
2019-08-20 02:00,8,0,8,0,0,0
2019-08-20 02:15,2,2,0,0,0,0
2019-08-20 02:30,3,2,1,0,0,0
2019-08-20 02:45,4,1,3,0,0,0
2019-08-20 03:00,1,0,1,0,0,0
2019-08-20 03:15,4,1,3,0,0,0
2019-08-20 03:30,3,0,3,0,0,0
2019-08-20 03:45,0,0,0,0,0,0
2019-08-20 04:00,0,0,0,0,0,0
2019-08-20 04:15,1,1,0,0,0,0
2019-08-20 04:30,0,0,0,0,0,0
2019-08-20 04:45,4,4,0,0,0,0
2019-08-20 05:00,5,5,0,0,0,0
2019-08-20 05:15,12,11,1,0,0,0
2019-08-20 05:30,17,14,3,0,0,0
2019-08-20 05:45,26,21,5,0,0,0
2019-08-20 06:00,23,15,8,0,0,0
2019-08-20 06:15,31,25,6,0,0,0
2019-08-20 06:30,39,27,12,0,0,0
2019-08-20 06:45,83,64,19,0,0,0
2019-08-20 07:00,71,53,18,0,0,0
2019-08-20 07:15,96,67,29,0,0,0
2019-08-20 07:30,114,80,34,0,0,0
2019-08-20 07:45,159,112,47,0,0,0
2019-08-20 08:00,125,85,40,0,0,0
2019-08-20 08:15,128,88,40,0,0,0
2019-08-20 08:30,136,94,42,0,0,0
2019-08-20 08:45,137,89,48,0,0,0
2019-08-20 09:00,95,58,37,0,0,0
2019-08-20 09:15,111,83,28,0,0,0
2019-08-20 09:30,118,79,39,0,0,0
2019-08-20 09:45,124,85,39,0,0,0
2019-08-20 10:00,104,64,40,0,0,0
2019-08-20 10:15,127,66,61,0,0,0
2019-08-20 10:30,90,54,36,0,0,0
2019-08-20 10:45,129,74,55,0,0,0
2019-08-20 11:00,108,57,51,0,0,0
2019-08-20 11:15,112,52,60,0,0,0
2019-08-20 11:30,117,56,61,0,0,0
2019-08-20 11:45,137,78,59,0,0,0
2019-08-20 12:00,138,66,72,0,0,0
2019-08-20 12:15,124,50,74,0,0,0
2019-08-20 12:30,138,57,81,0,0,0
2019-08-20 12:45,165,81,84,0,0,0
2019-08-20 13:00,142,60,82,0,0,0
2019-08-20 13:15,121,51,70,0,0,0
2019-08-20 13:30,132,53,79,0,0,0
2019-08-20 13:45,135,56,79,0,0,0
2019-08-20 14:00,140,58,82,0,0,0
2019-08-20 14:15,131,56,75,0,0,0
2019-08-20 14:30,147,65,82,0,0,0
2019-08-20 14:45,149,79,70,0,0,0
2019-08-20 15:00,171,82,89,0,0,0
2019-08-20 15:15,153,85,68,0,0,0
2019-08-20 15:30,206,73,133,0,0,0
2019-08-20 15:45,192,87,105,0,0,0
2019-08-20 16:00,205,91,114,0,0,0
2019-08-20 16:15,193,73,120,0,0,0
2019-08-20 16:30,220,90,130,0,0,0
2019-08-20 16:45,241,103,138,0,0,0
2019-08-20 17:00,255,103,152,0,0,0
2019-08-20 17:15,238,104,134,0,0,0
2019-08-20 17:30,258,103,155,0,0,0
2019-08-20 17:45,199,66,133,0,0,0
2019-08-20 18:00,265,95,170,0,0,0
2019-08-20 18:15,196,64,132,0,0,0
2019-08-20 18:30,141,39,102,0,0,0
2019-08-20 18:45,163,67,96,0,0,0
2019-08-20 19:00,152,44,108,0,0,0
2019-08-20 19:15,130,47,83,0,0,0
2019-08-20 19:30,111,41,70,0,0,0
2019-08-20 19:45,99,38,61,0,0,0
2019-08-20 20:00,97,39,58,0,0,0
2019-08-20 20:15,68,27,41,0,0,0
2019-08-20 20:30,59,19,40,0,0,0
2019-08-20 20:45,48,23,25,0,0,0
2019-08-20 21:00,41,12,29,0,0,0
2019-08-20 21:15,42,12,30,0,0,0
2019-08-20 21:30,44,3,41,0,0,0
2019-08-20 21:45,47,25,22,0,0,0
2019-08-20 22:00,43,7,36,0,0,0
2019-08-20 22:15,46,11,35,0,0,0
2019-08-20 22:30,43,15,28,0,0,0
2019-08-20 22:45,29,11,18,0,0,0
2019-08-20 23:00,38,9,29,0,0,0
2019-08-20 23:15,24,4,20,0,0,0
2019-08-20 23:30,20,0,20,0,0,0
2019-08-20 23:45,6,2,4,0,0,0
2019-08-21 00:00,11,3,8,0,0,0
2019-08-21 00:15,9,3,6,0,0,0
2019-08-21 00:30,8,2,6,0,0,0
2019-08-21 00:45,9,3,6,0,0,0
2019-08-21 01:00,5,2,3,0,0,0
2019-08-21 01:15,7,5,2,0,0,0
2019-08-21 01:30,1,0,1,0,0,0
2019-08-21 01:45,7,5,2,0,0,0
2019-08-21 02:00,1,1,0,0,0,0
2019-08-21 02:15,2,0,2,0,0,0
2019-08-21 02:30,3,1,2,0,0,0
2019-08-21 02:45,1,1,0,0,0,0
2019-08-21 03:00,1,1,0,0,0,0
2019-08-21 03:15,1,1,0,0,0,0
2019-08-21 03:30,1,0,1,0,0,0
2019-08-21 03:45,0,0,0,0,0,0
2019-08-21 04:00,2,1,1,0,0,0
2019-08-21 04:15,1,0,1,0,0,0
2019-08-21 04:30,0,0,0,0,0,0
2019-08-21 04:45,5,4,1,0,0,0
2019-08-21 05:00,1,1,0,0,0,0
2019-08-21 05:15,14,12,2,0,0,0
2019-08-21 05:30,18,12,6,0,0,0
2019-08-21 05:45,29,23,6,0,0,0
2019-08-21 06:00,18,13,5,0,0,0
2019-08-21 06:15,45,34,11,0,0,0
2019-08-21 06:30,39,28,11,0,0,0
2019-08-21 06:45,73,59,14,0,0,0
2019-08-21 07:00,76,53,23,0,0,0
2019-08-21 07:15,106,65,41,0,0,0
2019-08-21 07:30,123,74,49,0,0,0
2019-08-21 07:45,139,107,32,0,0,0
2019-08-21 08:00,120,85,35,0,0,0
2019-08-21 08:15,142,91,51,0,0,0
2019-08-21 08:30,134,94,40,0,0,0
2019-08-21 08:45,176,123,53,0,0,0
2019-08-21 09:00,122,74,48,0,0,0
2019-08-21 09:15,115,72,43,0,0,0
2019-08-21 09:30,128,83,45,0,0,0
2019-08-21 09:45,155,106,49,0,0,0
2019-08-21 10:00,133,81,52,0,0,0
2019-08-21 10:15,111,73,38,0,0,0
2019-08-21 10:30,159,96,63,0,0,0
2019-08-21 10:45,134,79,55,0,0,0
2019-08-21 11:00,169,96,73,0,0,0
2019-08-21 11:15,157,91,66,0,0,0
2019-08-21 11:30,166,93,73,0,0,0
2019-08-21 11:45,187,107,80,0,0,0
2019-08-21 12:00,145,63,82,0,0,0
2019-08-21 12:15,182,84,98,0,0,0
2019-08-21 12:30,163,84,79,0,0,0
2019-08-21 12:45,192,90,102,0,0,0
2019-08-21 13:00,156,67,89,0,0,0
2019-08-21 13:15,152,69,83,0,0,0
2019-08-21 13:30,155,70,85,0,0,0
2019-08-21 13:45,160,73,87,0,0,0
2019-08-21 14:00,161,45,116,0,0,0
2019-08-21 14:15,208,70,138,0,0,0
2019-08-21 14:30,147,60,87,0,0,0
2019-08-21 14:45,193,74,119,0,0,0
2019-08-21 15:00,203,86,117,0,0,0
2019-08-21 15:15,127,64,63,0,0,0
2019-08-21 15:30,173,70,103,0,0,0
2019-08-21 15:45,157,65,92,0,0,0
2019-08-21 16:00,173,71,102,0,0,0
2019-08-21 16:15,228,100,128,0,0,0
2019-08-21 16:30,219,100,119,0,0,0
2019-08-21 16:45,213,106,107,0,0,0
2019-08-21 17:00,230,81,149,0,0,0
2019-08-21 17:15,218,79,139,0,0,0
2019-08-21 17:30,250,112,138,0,0,0
2019-08-21 17:45,205,90,115,0,0,0
2019-08-21 18:00,212,94,118,0,0,0
2019-08-21 18:15,233,77,156,0,0,0
2019-08-21 18:30,177,64,113,0,0,0
2019-08-21 18:45,151,59,92,0,0,0
2019-08-21 19:00,178,76,102,0,0,0
2019-08-21 19:15,131,49,82,0,0,0
2019-08-21 19:30,134,53,81,0,0,0
2019-08-21 19:45,131,50,81,0,0,0
2019-08-21 20:00,152,55,97,0,0,0
2019-08-21 20:15,85,31,54,0,0,0
2019-08-21 20:30,91,33,58,0,0,0
2019-08-21 20:45,62,30,32,0,0,0
2019-08-21 21:00,69,21,48,0,0,0
2019-08-21 21:15,78,34,44,0,0,0
2019-08-21 21:30,52,27,25,0,0,0
2019-08-21 21:45,55,16,39,0,0,0
2019-08-21 22:00,68,15,53,0,0,0
2019-08-21 22:15,61,26,35,0,0,0
2019-08-21 22:30,49,20,29,0,0,0
2019-08-21 22:45,61,25,36,0,0,0
2019-08-21 23:00,54,28,26,0,0,0
2019-08-21 23:15,29,11,18,0,0,0
2019-08-21 23:30,24,10,14,0,0,0
2019-08-21 23:45,32,4,28,0,0,0
2019-08-22 00:00,39,9,30,0,0,0
2019-08-22 00:15,16,9,7,0,0,0
2019-08-22 00:30,13,4,9,0,0,0
2019-08-22 00:45,17,5,12,0,0,0
2019-08-22 01:00,20,12,8,0,0,0
2019-08-22 01:15,14,3,11,0,0,0
2019-08-22 01:30,4,0,4,0,0,0
2019-08-22 01:45,5,0,5,0,0,0
2019-08-22 02:00,7,4,3,0,0,0
2019-08-22 02:15,5,0,5,0,0,0
2019-08-22 02:30,2,0,2,0,0,0
2019-08-22 02:45,5,1,4,0,0,0
2019-08-22 03:00,4,0,4,0,0,0
2019-08-22 03:15,5,2,3,0,0,0
2019-08-22 03:30,10,0,10,0,0,0
2019-08-22 03:45,5,2,3,0,0,0
2019-08-22 04:00,5,1,4,0,0,0
2019-08-22 04:15,0,0,0,0,0,0
2019-08-22 04:30,4,3,1,0,0,0
2019-08-22 04:45,5,2,3,0,0,0
2019-08-22 05:00,0,0,0,0,0,0
2019-08-22 05:15,8,7,1,0,0,0
2019-08-22 05:30,23,13,10,0,0,0
2019-08-22 05:45,30,24,6,0,0,0
2019-08-22 06:00,22,14,8,0,0,0
2019-08-22 06:15,41,28,13,0,0,0
2019-08-22 06:30,41,26,15,0,0,0
2019-08-22 06:45,63,47,16,0,0,0
2019-08-22 07:00,74,52,22,0,0,0
2019-08-22 07:15,99,66,33,0,0,0
2019-08-22 07:30,125,75,50,0,0,0
2019-08-22 07:45,135,90,45,0,0,0
2019-08-22 08:00,121,79,42,0,0,0
2019-08-22 08:15,130,86,44,0,0,0
2019-08-22 08:30,150,105,45,0,0,0
2019-08-22 08:45,195,144,51,0,0,0
2019-08-22 09:00,112,78,34,0,0,0
2019-08-22 09:15,103,74,29,0,0,0
2019-08-22 09:30,103,73,30,0,0,0
2019-08-22 09:45,124,84,40,0,0,0
2019-08-22 10:00,103,57,46,0,0,0
2019-08-22 10:15,103,63,40,0,0,0
2019-08-22 10:30,108,65,43,0,0,0
2019-08-22 10:45,124,63,61,0,0,0
2019-08-22 11:00,123,77,46,0,0,0
2019-08-22 11:15,137,71,66,0,0,0
2019-08-22 11:30,152,78,74,0,0,0
2019-08-22 11:45,152,92,60,0,0,0
2019-08-22 12:00,113,54,59,0,0,0
2019-08-22 12:15,151,62,89,0,0,0
2019-08-22 12:30,150,57,93,0,0,0
2019-08-22 12:45,155,63,92,0,0,0
2019-08-22 13:00,160,59,101,0,0,0
2019-08-22 13:15,153,63,90,0,0,0
2019-08-22 13:30,167,78,89,0,0,0
2019-08-22 13:45,183,91,92,0,0,0
2019-08-22 14:00,171,82,89,0,0,0
2019-08-22 14:15,153,65,88,0,0,0
2019-08-22 14:30,169,79,90,0,0,0
2019-08-22 14:45,172,76,96,0,0,0
2019-08-22 15:00,177,77,100,0,0,0
2019-08-22 15:15,148,55,93,0,0,0
2019-08-22 15:30,184,78,106,0,0,0
2019-08-22 15:45,205,81,124,0,0,0
2019-08-22 16:00,208,87,121,0,0,0
2019-08-22 16:15,214,101,113,0,0,0
2019-08-22 16:30,194,84,110,0,0,0
2019-08-22 16:45,210,90,120,0,0,0
2019-08-22 17:00,209,83,126,0,0,0
2019-08-22 17:15,235,94,141,0,0,0
2019-08-22 17:30,222,108,114,0,0,0
2019-08-22 17:45,222,90,132,0,0,0
2019-08-22 18:00,241,65,176,0,0,0
2019-08-22 18:15,201,79,122,0,0,0
2019-08-22 18:30,188,72,116,0,0,0
2019-08-22 18:45,197,91,106,0,0,0
2019-08-22 19:00,155,64,91,0,0,0
2019-08-22 19:15,154,54,100,0,0,0
2019-08-22 19:30,138,59,79,0,0,0
2019-08-22 19:45,139,61,78,0,0,0
2019-08-22 20:00,151,62,89,0,0,0
2019-08-22 20:15,115,37,78,0,0,0
2019-08-22 20:30,81,25,56,0,0,0
2019-08-22 20:45,85,37,48,0,0,0
2019-08-22 21:00,76,30,46,0,0,0
2019-08-22 21:15,59,19,40,0,0,0
2019-08-22 21:30,65,15,50,0,0,0
2019-08-22 21:45,45,12,33,0,0,0
2019-08-22 22:00,58,16,42,0,0,0
2019-08-22 22:15,49,12,37,0,0,0
2019-08-22 22:30,54,25,29,0,0,0
2019-08-22 22:45,39,13,26,0,0,0
2019-08-22 23:00,50,21,29,0,0,0
2019-08-22 23:15,22,5,17,0,0,0
2019-08-22 23:30,59,17,42,0,0,0
2019-08-22 23:45,30,12,18,0,0,0
2019-08-23 00:00,19,4,15,0,0,0
2019-08-23 00:15,17,5,12,0,0,0
2019-08-23 00:30,14,4,10,0,0,0
2019-08-23 00:45,8,4,4,0,0,0
2019-08-23 01:00,10,1,9,0,0,0
2019-08-23 01:15,5,1,4,0,0,0
2019-08-23 01:30,7,2,5,0,0,0
2019-08-23 01:45,0,0,0,0,0,0
2019-08-23 02:00,5,0,5,0,0,0
2019-08-23 02:15,2,0,2,0,0,0
2019-08-23 02:30,4,1,3,0,0,0
2019-08-23 02:45,5,3,2,0,0,0
2019-08-23 03:00,2,0,2,0,0,0
2019-08-23 03:15,0,0,0,0,0,0
2019-08-23 03:30,1,0,1,0,0,0
2019-08-23 03:45,1,1,0,0,0,0
2019-08-23 04:00,2,1,1,0,0,0
2019-08-23 04:15,1,1,0,0,0,0
2019-08-23 04:30,2,2,0,0,0,0
2019-08-23 04:45,3,3,0,0,0,0
2019-08-23 05:00,1,1,0,0,0,0
2019-08-23 05:15,13,9,4,0,0,0
2019-08-23 05:30,23,18,5,0,0,0
2019-08-23 05:45,27,19,8,0,0,0
2019-08-23 06:00,21,17,4,0,0,0
2019-08-23 06:15,41,30,11,0,0,0
2019-08-23 06:30,37,29,8,0,0,0
2019-08-23 06:45,66,48,18,0,0,0
2019-08-23 07:00,73,45,28,0,0,0
2019-08-23 07:15,95,62,33,0,0,0
2019-08-23 07:30,119,72,47,0,0,0
2019-08-23 07:45,158,106,52,0,0,0
2019-08-23 08:00,116,83,33,0,0,0
2019-08-23 08:15,123,85,38,0,0,0
2019-08-23 08:30,112,69,43,0,0,0
2019-08-23 08:45,126,89,37,0,0,0
2019-08-23 09:00,128,90,38,0,0,0
2019-08-23 09:15,111,66,45,0,0,0
2019-08-23 09:30,125,75,50,0,0,0
2019-08-23 09:45,172,118,54,0,0,0
2019-08-23 10:00,100,65,35,0,0,0
2019-08-23 10:15,127,68,59,0,0,0
2019-08-23 10:30,127,76,51,0,0,0
2019-08-23 10:45,137,80,57,0,0,0
2019-08-23 11:00,127,55,72,0,0,0
2019-08-23 11:15,131,64,67,0,0,0
2019-08-23 11:30,149,73,76,0,0,0
2019-08-23 11:45,159,82,77,0,0,0
2019-08-23 12:00,153,88,65,0,0,0
2019-08-23 12:15,188,75,113,0,0,0
2019-08-23 12:30,167,76,91,0,0,0
2019-08-23 12:45,171,62,109,0,0,0
2019-08-23 13:00,180,67,113,0,0,0
2019-08-23 13:15,184,82,102,0,0,0
2019-08-23 13:30,161,64,97,0,0,0
2019-08-23 13:45,183,94,89,0,0,0
2019-08-23 14:00,153,68,85,0,0,0
2019-08-23 14:15,176,72,104,0,0,0
2019-08-23 14:30,188,75,113,0,0,0
2019-08-23 14:45,183,76,107,0,0,0
2019-08-23 15:00,171,69,102,0,0,0
2019-08-23 15:15,208,78,130,0,0,0
2019-08-23 15:30,170,84,86,0,0,0
2019-08-23 15:45,200,84,116,0,0,0
2019-08-23 16:00,180,73,107,0,0,0
2019-08-23 16:15,176,86,90,0,0,0
2019-08-23 16:30,156,61,95,0,0,0
2019-08-23 16:45,175,86,89,0,0,0
2019-08-23 17:00,157,70,87,0,0,0
2019-08-23 17:15,156,57,99,0,0,0
2019-08-23 17:30,180,78,102,0,0,0
2019-08-23 17:45,194,102,92,0,0,0
2019-08-23 18:00,175,68,107,0,0,0
2019-08-23 18:15,141,58,83,0,0,0
2019-08-23 18:30,148,57,91,0,0,0
2019-08-23 18:45,138,52,86,0,0,0
2019-08-23 19:00,160,55,105,0,0,0
2019-08-23 19:15,144,75,69,0,0,0
2019-08-23 19:30,112,50,62,0,0,0
2019-08-23 19:45,120,56,64,0,0,0
2019-08-23 20:00,130,51,79,0,0,0
2019-08-23 20:15,111,49,62,0,0,0
2019-08-23 20:30,79,30,49,0,0,0
2019-08-23 20:45,82,42,40,0,0,0
2019-08-23 21:00,72,25,47,0,0,0
2019-08-23 21:15,59,24,35,0,0,0
2019-08-23 21:30,58,31,27,0,0,0
2019-08-23 21:45,58,22,36,0,0,0
2019-08-23 22:00,56,13,43,0,0,0
2019-08-23 22:15,68,31,37,0,0,0
2019-08-23 22:30,66,26,40,0,0,0
2019-08-23 22:45,80,30,50,0,0,0
2019-08-23 23:00,62,17,45,0,0,0
2019-08-23 23:15,41,22,19,0,0,0
2019-08-23 23:30,47,20,27,0,0,0
2019-08-23 23:45,64,14,50,0,0,0
2019-08-24 00:00,60,16,44,0,0,0
2019-08-24 00:15,38,17,21,0,0,0
2019-08-24 00:30,38,15,23,0,0,0
2019-08-24 00:45,54,29,25,0,0,0
2019-08-24 01:00,45,22,23,0,0,0
2019-08-24 01:15,30,13,17,0,0,0
2019-08-24 01:30,22,12,10,0,0,0
2019-08-24 01:45,24,11,13,0,0,0
2019-08-24 02:00,15,2,13,0,0,0
2019-08-24 02:15,15,3,12,0,0,0
2019-08-24 02:30,15,3,12,0,0,0
2019-08-24 02:45,13,6,7,0,0,0
2019-08-24 03:00,16,8,8,0,0,0
2019-08-24 03:15,13,5,8,0,0,0
2019-08-24 03:30,12,2,10,0,0,0
2019-08-24 03:45,15,5,10,0,0,0
2019-08-24 04:00,13,5,8,0,0,0
2019-08-24 04:15,7,6,1,0,0,0
2019-08-24 04:30,5,2,3,0,0,0
2019-08-24 04:45,5,4,1,0,0,0
2019-08-24 05:00,6,4,2,0,0,0
2019-08-24 05:15,7,6,1,0,0,0
2019-08-24 05:30,10,9,1,0,0,0
2019-08-24 05:45,7,5,2,0,0,0
2019-08-24 06:00,5,4,1,0,0,0
2019-08-24 06:15,17,10,7,0,0,0
2019-08-24 06:30,11,3,8,0,0,0
2019-08-24 06:45,9,7,2,0,0,0
2019-08-24 07:00,9,8,1,0,0,0
2019-08-24 07:15,17,14,3,0,0,0
2019-08-24 07:30,32,21,11,0,0,0
2019-08-24 07:45,38,28,10,0,0,0
2019-08-24 08:00,33,24,9,0,0,0
2019-08-24 08:15,47,30,17,0,0,0
2019-08-24 08:30,53,35,18,0,0,0
2019-08-24 08:45,83,49,34,0,0,0
2019-08-24 09:00,80,53,27,0,0,0
2019-08-24 09:15,108,78,30,0,0,0
2019-08-24 09:30,111,93,18,0,0,0
2019-08-24 09:45,137,96,41,0,0,0
2019-08-24 10:00,143,102,41,0,0,0
2019-08-24 10:15,108,81,27,0,0,0
2019-08-24 10:30,153,90,63,0,0,0
2019-08-24 10:45,192,121,71,0,0,0
2019-08-24 11:00,169,104,65,0,0,0
2019-08-24 11:15,202,106,96,0,0,0
2019-08-24 11:30,131,76,55,0,0,0
2019-08-24 11:45,163,81,82,0,0,0
2019-08-24 12:00,170,83,87,0,0,0
2019-08-24 12:15,198,102,96,0,0,0
2019-08-24 12:30,194,102,92,0,0,0
2019-08-24 12:45,192,74,118,0,0,0
2019-08-24 13:00,224,73,151,0,0,0
2019-08-24 13:15,234,84,150,0,0,0
2019-08-24 13:30,192,58,134,0,0,0
2019-08-24 13:45,158,71,87,0,0,0
2019-08-24 14:00,172,63,109,0,0,0
2019-08-24 14:15,132,50,82,0,0,0
2019-08-24 14:30,150,65,85,0,0,0
2019-08-24 14:45,151,71,80,0,0,0
2019-08-24 15:00,167,72,95,0,0,0
2019-08-24 15:15,140,53,87,0,0,0
2019-08-24 15:30,181,60,121,0,0,0
2019-08-24 15:45,130,59,71,0,0,0
2019-08-24 16:00,188,104,84,0,0,0
2019-08-24 16:15,251,166,85,0,0,0
2019-08-24 16:30,151,84,67,0,0,0
2019-08-24 16:45,148,80,68,0,0,0
2019-08-24 17:00,139,71,68,0,0,0
2019-08-24 17:15,137,47,90,0,0,0
2019-08-24 17:30,124,46,78,0,0,0
2019-08-24 17:45,142,79,63,0,0,0
2019-08-24 18:00,144,57,87,0,0,0
2019-08-24 18:15,157,72,85,0,0,0
2019-08-24 18:30,118,52,66,0,0,0
2019-08-24 18:45,117,58,59,0,0,0
2019-08-24 19:00,133,73,60,0,0,0
2019-08-24 19:15,140,67,73,0,0,0
2019-08-24 19:30,112,57,55,0,0,0
2019-08-24 19:45,121,64,57,0,0,0
2019-08-24 20:00,134,64,70,0,0,0
2019-08-24 20:15,101,56,45,0,0,0
2019-08-24 20:30,92,50,42,0,0,0
2019-08-24 20:45,76,40,36,0,0,0
2019-08-24 21:00,44,22,22,0,0,0
2019-08-24 21:15,66,39,27,0,0,0
2019-08-24 21:30,49,22,27,0,0,0
2019-08-24 21:45,49,15,34,0,0,0
2019-08-24 22:00,45,21,24,0,0,0
2019-08-24 22:15,43,18,25,0,0,0
2019-08-24 22:30,71,23,48,0,0,0
2019-08-24 22:45,57,13,44,0,0,0
2019-08-24 23:00,53,13,40,0,0,0
2019-08-24 23:15,61,14,47,0,0,0
2019-08-24 23:30,55,10,45,0,0,0
2019-08-24 23:45,59,14,45,0,0,0
2019-08-25 00:00,33,11,22,0,0,0
2019-08-25 00:15,42,19,23,0,0,0
2019-08-25 00:30,45,8,37,0,0,0
2019-08-25 00:45,43,11,32,0,0,0
2019-08-25 01:00,32,9,23,0,0,0
2019-08-25 01:15,41,11,30,0,0,0
2019-08-25 01:30,19,1,18,0,0,0
2019-08-25 01:45,26,5,21,0,0,0
2019-08-25 02:00,13,2,11,0,0,0
2019-08-25 02:15,20,0,20,0,0,0
2019-08-25 02:30,13,3,10,0,0,0
2019-08-25 02:45,15,6,9,0,0,0
2019-08-25 03:00,8,1,7,0,0,0
2019-08-25 03:15,10,1,9,0,0,0
2019-08-25 03:30,6,0,6,0,0,0
2019-08-25 03:45,6,2,4,0,0,0
2019-08-25 04:00,11,1,10,0,0,0
2019-08-25 04:15,5,0,5,0,0,0
2019-08-25 04:30,12,1,11,0,0,0
2019-08-25 04:45,10,0,10,0,0,0
2019-08-25 05:00,0,0,0,0,0,0
2019-08-25 05:15,3,3,0,0,0,0
2019-08-25 05:30,8,3,5,0,0,0
2019-08-25 05:45,5,3,2,0,0,0
2019-08-25 06:00,1,0,1,0,0,0
2019-08-25 06:15,5,2,3,0,0,0
2019-08-25 06:30,11,5,6,0,0,0
2019-08-25 06:45,8,5,3,0,0,0
2019-08-25 07:00,5,4,1,0,0,0
2019-08-25 07:15,8,6,2,0,0,0
2019-08-25 07:30,10,7,3,0,0,0
2019-08-25 07:45,14,7,7,0,0,0
2019-08-25 08:00,13,8,5,0,0,0
2019-08-25 08:15,11,7,4,0,0,0
2019-08-25 08:30,24,16,8,0,0,0
2019-08-25 08:45,17,13,4,0,0,0
2019-08-25 09:00,33,23,10,0,0,0
2019-08-25 09:15,36,19,17,0,0,0
2019-08-25 09:30,49,33,16,0,0,0
2019-08-25 09:45,60,34,26,0,0,0
2019-08-25 10:00,46,27,19,0,0,0
2019-08-25 10:15,46,25,21,0,0,0
2019-08-25 10:30,51,29,22,0,0,0
2019-08-25 10:45,50,19,31,0,0,0
2019-08-25 11:00,57,30,27,0,0,0
2019-08-25 11:15,65,37,28,0,0,0
2019-08-25 11:30,60,23,37,0,0,0
2019-08-25 11:45,61,39,22,0,0,0
2019-08-25 12:00,60,37,23,0,0,0
2019-08-25 12:15,61,35,26,0,0,0
2019-08-25 12:30,75,34,41,0,0,0
2019-08-25 12:45,78,42,36,0,0,0
2019-08-25 13:00,75,32,43,0,0,0
2019-08-25 13:15,61,28,33,0,0,0
2019-08-25 13:30,99,51,48,0,0,0
2019-08-25 13:45,88,38,50,0,0,0
2019-08-25 14:00,81,39,42,0,0,0
2019-08-25 14:15,98,51,47,0,0,0
2019-08-25 14:30,88,45,43,0,0,0
2019-08-25 14:45,80,39,41,0,0,0
2019-08-25 15:00,87,46,41,0,0,0
2019-08-25 15:15,98,44,54,0,0,0
2019-08-25 15:30,95,46,49,0,0,0
2019-08-25 15:45,107,60,47,0,0,0
2019-08-25 16:00,103,57,46,0,0,0
2019-08-25 16:15,99,56,43,0,0,0
2019-08-25 16:30,80,32,48,0,0,0
2019-08-25 16:45,99,46,53,0,0,0
2019-08-25 17:00,95,37,58,0,0,0
2019-08-25 17:15,95,40,55,0,0,0
2019-08-25 17:30,76,30,46,0,0,0
2019-08-25 17:45,101,51,50,0,0,0
2019-08-25 18:00,75,35,40,0,0,0
2019-08-25 18:15,80,41,39,0,0,0
2019-08-25 18:30,85,34,51,0,0,0
2019-08-25 18:45,83,43,40,0,0,0
2019-08-25 19:00,92,41,51,0,0,0
2019-08-25 19:15,104,36,68,0,0,0
2019-08-25 19:30,63,28,35,0,0,0
2019-08-25 19:45,94,31,63,0,0,0
2019-08-25 20:00,57,18,39,0,0,0
2019-08-25 20:15,84,37,47,0,0,0
2019-08-25 20:30,63,24,39,0,0,0
2019-08-25 20:45,66,19,47,0,0,0
2019-08-25 21:00,54,15,39,0,0,0
2019-08-25 21:15,51,20,31,0,0,0
2019-08-25 21:30,46,16,30,0,0,0
2019-08-25 21:45,48,6,42,0,0,0
2019-08-25 22:00,37,13,24,0,0,0
2019-08-25 22:15,30,10,20,0,0,0
2019-08-25 22:30,29,6,23,0,0,0
2019-08-25 22:45,34,4,30,0,0,0
2019-08-25 23:00,17,5,12,0,0,0
2019-08-25 23:15,24,5,19,0,0,0
2019-08-25 23:30,11,3,8,0,0,0
2019-08-25 23:45,12,2,10,0,0,0
2019-08-26 00:00,14,4,10,0,0,0
2019-08-26 00:15,13,4,9,0,0,0
2019-08-26 00:30,13,3,10,0,0,0
2019-08-26 00:45,5,2,3,0,0,0
2019-08-26 01:00,8,2,6,0,0,0
2019-08-26 01:15,5,1,4,0,0,0
2019-08-26 01:30,2,1,1,0,0,0
2019-08-26 01:45,2,0,2,0,0,0
2019-08-26 02:00,1,0,1,0,0,0
2019-08-26 02:15,3,0,3,0,0,0
2019-08-26 02:30,1,0,1,0,0,0
2019-08-26 02:45,2,2,0,0,0,0
2019-08-26 03:00,5,5,0,0,0,0
2019-08-26 03:15,0,0,0,0,0,0
2019-08-26 03:30,2,0,2,0,0,0
2019-08-26 03:45,2,1,1,0,0,0
2019-08-26 04:00,1,0,1,0,0,0
2019-08-26 04:15,0,0,0,0,0,0
2019-08-26 04:30,2,2,0,0,0,0
2019-08-26 04:45,5,5,0,0,0,0
2019-08-26 05:00,1,1,0,0,0,0
2019-08-26 05:15,10,7,3,0,0,0
2019-08-26 05:30,21,14,7,0,0,0
2019-08-26 05:45,27,20,7,0,0,0
2019-08-26 06:00,22,14,8,0,0,0
2019-08-26 06:15,40,34,6,0,0,0
2019-08-26 06:30,45,31,14,0,0,0
2019-08-26 06:45,70,49,21,0,0,0
2019-08-26 07:00,76,47,29,0,0,0
2019-08-26 07:15,114,83,31,0,0,0
2019-08-26 07:30,145,100,45,0,0,0
2019-08-26 07:45,171,126,45,0,0,0
2019-08-26 08:00,139,101,38,0,0,0
2019-08-26 08:15,127,77,50,0,0,0
2019-08-26 08:30,155,112,43,0,0,0
2019-08-26 08:45,132,95,37,0,0,0
2019-08-26 09:00,118,81,37,0,0,0
2019-08-26 09:15,107,67,40,0,0,0
2019-08-26 09:30,99,60,39,0,0,0
2019-08-26 09:45,129,85,44,0,0,0
2019-08-26 10:00,105,68,37,0,0,0
2019-08-26 10:15,97,53,44,0,0,0
2019-08-26 10:30,127,69,58,0,0,0
2019-08-26 10:45,140,73,67,0,0,0
2019-08-26 11:00,109,61,48,0,0,0
2019-08-26 11:15,132,71,61,0,0,0
2019-08-26 11:30,155,70,85,0,0,0
2019-08-26 11:45,132,69,63,0,0,0
2019-08-26 12:00,136,61,75,0,0,0
2019-08-26 12:15,132,57,75,0,0,0
2019-08-26 12:30,147,75,72,0,0,0
2019-08-26 12:45,158,63,95,0,0,0
2019-08-26 13:00,132,51,81,0,0,0
2019-08-26 13:15,155,66,89,0,0,0
2019-08-26 13:30,152,62,90,0,0,0
2019-08-26 13:45,149,70,79,0,0,0
2019-08-26 14:00,152,59,93,0,0,0
2019-08-26 14:15,158,58,100,0,0,0
2019-08-26 14:30,156,70,86,0,0,0
2019-08-26 14:45,166,66,100,0,0,0
2019-08-26 15:00,143,62,81,0,0,0
2019-08-26 15:15,170,74,96,0,0,0
2019-08-26 15:30,168,51,117,0,0,0
2019-08-26 15:45,185,81,104,0,0,0
2019-08-26 16:00,179,61,118,0,0,0
2019-08-26 16:15,176,71,105,0,0,0
2019-08-26 16:30,197,67,130,0,0,0
2019-08-26 16:45,223,88,135,0,0,0
2019-08-26 17:00,215,79,136,0,0,0
2019-08-26 17:15,235,86,149,0,0,0
2019-08-26 17:30,221,88,133,0,0,0
2019-08-26 17:45,224,94,130,0,0,0
2019-08-26 18:00,241,85,156,0,0,0
2019-08-26 18:15,157,55,102,0,0,0
2019-08-26 18:30,175,65,110,0,0,0
2019-08-26 18:45,159,59,100,0,0,0
2019-08-26 19:00,167,72,95,0,0,0
2019-08-26 19:15,142,47,95,0,0,0
2019-08-26 19:30,139,48,91,0,0,0
2019-08-26 19:45,91,34,57,0,0,0
2019-08-26 20:00,103,37,66,0,0,0
2019-08-26 20:15,83,38,45,0,0,0
2019-08-26 20:30,47,21,26,0,0,0
2019-08-26 20:45,67,31,36,0,0,0
2019-08-26 21:00,64,17,47,0,0,0
2019-08-26 21:15,58,22,36,0,0,0
2019-08-26 21:30,52,17,35,0,0,0
2019-08-26 21:45,57,14,43,0,0,0
2019-08-26 22:00,61,18,43,0,0,0
2019-08-26 22:15,62,31,31,0,0,0
2019-08-26 22:30,56,10,46,0,0,0
2019-08-26 22:45,40,9,31,0,0,0
2019-08-26 23:00,30,11,19,0,0,0
2019-08-26 23:15,26,7,19,0,0,0
2019-08-26 23:30,23,4,19,0,0,0
2019-08-26 23:45,21,6,15,0,0,0
2019-08-27 00:00,12,0,12,0,0,0
2019-08-27 00:15,19,8,11,0,0,0
2019-08-27 00:30,9,1,8,0,0,0
2019-08-27 00:45,7,1,6,0,0,0
2019-08-27 01:00,6,0,6,0,0,0
2019-08-27 01:15,5,1,4,0,0,0
2019-08-27 01:30,8,1,7,0,0,0
2019-08-27 01:45,5,2,3,0,0,0
2019-08-27 02:00,6,1,5,0,0,0
2019-08-27 02:15,1,0,1,0,0,0
2019-08-27 02:30,0,0,0,0,0,0
2019-08-27 02:45,7,2,5,0,0,0
2019-08-27 03:00,2,0,2,0,0,0
2019-08-27 03:15,2,2,0,0,0,0
2019-08-27 03:30,2,1,1,0,0,0
2019-08-27 03:45,1,1,0,0,0,0
2019-08-27 04:00,1,0,1,0,0,0
2019-08-27 04:15,2,1,1,0,0,0
2019-08-27 04:30,2,2,0,0,0,0
2019-08-27 04:45,5,5,0,0,0,0
2019-08-27 05:00,0,0,0,0,0,0
2019-08-27 05:15,12,8,4,0,0,0
2019-08-27 05:30,23,17,6,0,0,0
2019-08-27 05:45,35,30,5,0,0,0
2019-08-27 06:00,27,22,5,0,0,0
2019-08-27 06:15,30,24,6,0,0,0
2019-08-27 06:30,45,33,12,0,0,0
2019-08-27 06:45,70,51,19,0,0,0
2019-08-27 07:00,86,56,30,0,0,0
2019-08-27 07:15,101,71,30,0,0,0
2019-08-27 07:30,144,99,45,0,0,0
2019-08-27 07:45,169,114,55,0,0,0
2019-08-27 08:00,151,103,48,0,0,0
2019-08-27 08:15,156,102,54,0,0,0
2019-08-27 08:30,123,84,39,0,0,0
2019-08-27 08:45,153,102,51,0,0,0
2019-08-27 09:00,110,61,49,0,0,0
2019-08-27 09:15,107,73,34,0,0,0
2019-08-27 09:30,127,76,51,0,0,0
2019-08-27 09:45,165,106,59,0,0,0
2019-08-27 10:00,114,67,47,0,0,0
2019-08-27 10:15,117,67,50,0,0,0
2019-08-27 10:30,136,68,68,0,0,0
2019-08-27 10:45,138,86,52,0,0,0
2019-08-27 11:00,121,63,58,0,0,0
2019-08-27 11:15,135,84,51,0,0,0
2019-08-27 11:30,148,76,72,0,0,0
2019-08-27 11:45,156,64,92,0,0,0
2019-08-27 12:00,144,58,86,0,0,0
2019-08-27 12:15,147,52,95,0,0,0
2019-08-27 12:30,159,69,90,0,0,0
2019-08-27 12:45,133,53,80,0,0,0
2019-08-27 13:00,161,72,89,0,0,0
2019-08-27 13:15,142,59,83,0,0,0
2019-08-27 13:30,145,62,83,0,0,0
2019-08-27 13:45,151,66,85,0,0,0
2019-08-27 14:00,141,62,79,0,0,0
2019-08-27 14:15,152,70,82,0,0,0
2019-08-27 14:30,141,65,76,0,0,0
2019-08-27 14:45,175,78,97,0,0,0
2019-08-27 15:00,156,59,97,0,0,0
2019-08-27 15:15,158,68,90,0,0,0
2019-08-27 15:30,168,63,105,0,0,0
2019-08-27 15:45,196,90,106,0,0,0
2019-08-27 16:00,186,74,112,0,0,0
2019-08-27 16:15,215,78,137,0,0,0
2019-08-27 16:30,207,69,138,0,0,0
2019-08-27 16:45,216,73,143,0,0,0
2019-08-27 17:00,216,80,136,0,0,0
2019-08-27 17:15,214,87,127,0,0,0
2019-08-27 17:30,181,77,104,0,0,0
2019-08-27 17:45,255,108,147,0,0,0
2019-08-27 18:00,218,70,148,0,0,0
2019-08-27 18:15,147,37,110,0,0,0
2019-08-27 18:30,62,15,47,0,0,0
2019-08-27 18:45,95,37,58,0,0,0
2019-08-27 19:00,143,47,96,0,0,0
2019-08-27 19:15,155,63,92,0,0,0
2019-08-27 19:30,139,60,79,0,0,0
2019-08-27 19:45,105,46,59,0,0,0
2019-08-27 20:00,83,23,60,0,0,0
2019-08-27 20:15,91,36,55,0,0,0
2019-08-27 20:30,85,33,52,0,0,0
2019-08-27 20:45,58,23,35,0,0,0
2019-08-27 21:00,57,19,38,0,0,0
2019-08-27 21:15,38,14,24,0,0,0
2019-08-27 21:30,41,17,24,0,0,0
2019-08-27 21:45,47,19,28,0,0,0
2019-08-27 22:00,50,22,28,0,0,0
2019-08-27 22:15,42,15,27,0,0,0
2019-08-27 22:30,49,21,28,0,0,0
2019-08-27 22:45,50,19,31,0,0,0
2019-08-27 23:00,31,7,24,0,0,0
2019-08-27 23:15,12,3,9,0,0,0
2019-08-27 23:30,11,4,7,0,0,0
2019-08-27 23:45,16,2,14,0,0,0
2019-08-28 00:00,14,6,8,0,0,0
2019-08-28 00:15,12,10,2,0,0,0
2019-08-28 00:30,6,2,4,0,0,0
2019-08-28 00:45,10,5,5,0,0,0
2019-08-28 01:00,3,1,2,0,0,0
2019-08-28 01:15,4,1,3,0,0,0
2019-08-28 01:30,0,0,0,0,0,0
2019-08-28 01:45,3,0,3,0,0,0
2019-08-28 02:00,2,1,1,0,0,0
2019-08-28 02:15,4,3,1,0,0,0
2019-08-28 02:30,0,0,0,0,0,0
2019-08-28 02:45,2,1,1,0,0,0
2019-08-28 03:00,1,0,1,0,0,0
2019-08-28 03:15,1,0,1,0,0,0
2019-08-28 03:30,1,1,0,0,0,0
2019-08-28 03:45,1,0,1,0,0,0
2019-08-28 04:00,0,0,0,0,0,0
2019-08-28 04:15,2,2,0,0,0,0
2019-08-28 04:30,0,0,0,0,0,0
2019-08-28 04:45,5,5,0,0,0,0
2019-08-28 05:00,1,1,0,0,0,0
2019-08-28 05:15,10,6,4,0,0,0
2019-08-28 05:30,20,16,4,0,0,0
2019-08-28 05:45,41,34,7,0,0,0
2019-08-28 06:00,20,16,4,0,0,0
2019-08-28 06:15,50,38,12,0,0,0
2019-08-28 06:30,59,36,23,0,0,0
2019-08-28 06:45,85,71,14,0,0,0
2019-08-28 07:00,83,49,34,0,0,0
2019-08-28 07:15,153,92,61,0,0,0
2019-08-28 07:30,185,127,58,0,0,0
2019-08-28 07:45,195,138,57,0,0,0
2019-08-28 08:00,166,113,53,0,0,0
2019-08-28 08:15,164,104,60,0,0,0
2019-08-28 08:30,156,113,43,0,0,0
2019-08-28 08:45,162,113,49,0,0,0
2019-08-28 09:00,122,76,46,0,0,0
2019-08-28 09:15,129,87,42,0,0,0
2019-08-28 09:30,137,97,40,0,0,0
2019-08-28 09:45,153,110,43,0,0,0
2019-08-28 10:00,149,96,53,0,0,0
2019-08-28 10:15,125,73,52,0,0,0
2019-08-28 10:30,139,81,58,0,0,0
2019-08-28 10:45,139,84,55,0,0,0
2019-08-28 11:00,132,72,60,0,0,0
2019-08-28 11:15,161,86,75,0,0,0
2019-08-28 11:30,168,82,86,0,0,0
2019-08-28 11:45,166,83,83,0,0,0
2019-08-28 12:00,152,67,85,0,0,0
2019-08-28 12:15,168,79,89,0,0,0
2019-08-28 12:30,143,58,85,0,0,0
2019-08-28 12:45,134,64,70,0,0,0
2019-08-28 13:00,161,65,96,0,0,0
2019-08-28 13:15,189,68,121,0,0,0
2019-08-28 13:30,155,63,92,0,0,0
2019-08-28 13:45,155,65,90,0,0,0
2019-08-28 14:00,150,37,113,0,0,0
2019-08-28 14:15,144,59,85,0,0,0
2019-08-28 14:30,190,80,110,0,0,0
2019-08-28 14:45,164,79,85,0,0,0
2019-08-28 15:00,181,81,100,0,0,0
2019-08-28 15:15,171,67,104,0,0,0
2019-08-28 15:30,169,69,100,0,0,0
2019-08-28 15:45,169,68,101,0,0,0
2019-08-28 16:00,223,96,127,0,0,0
2019-08-28 16:15,210,86,124,0,0,0
2019-08-28 16:30,212,98,114,0,0,0
2019-08-28 16:45,193,87,106,0,0,0
2019-08-28 17:00,238,106,132,0,0,0
2019-08-28 17:15,210,91,119,0,0,0
2019-08-28 17:30,234,99,135,0,0,0
2019-08-28 17:45,229,107,122,0,0,0
2019-08-28 18:00,186,66,120,0,0,0
2019-08-28 18:15,197,73,124,0,0,0
2019-08-28 18:30,184,80,104,0,0,0
2019-08-28 18:45,174,74,100,0,0,0
2019-08-28 19:00,174,50,124,0,0,0
2019-08-28 19:15,155,64,91,0,0,0
2019-08-28 19:30,143,53,90,0,0,0
2019-08-28 19:45,123,47,76,0,0,0
2019-08-28 20:00,115,35,80,0,0,0
2019-08-28 20:15,86,22,64,0,0,0
2019-08-28 20:30,85,32,53,0,0,0
2019-08-28 20:45,58,22,36,0,0,0
2019-08-28 21:00,90,38,52,0,0,0
2019-08-28 21:15,71,30,41,0,0,0
2019-08-28 21:30,68,25,43,0,0,0
2019-08-28 21:45,47,18,29,0,0,0
2019-08-28 22:00,55,9,46,0,0,0
2019-08-28 22:15,61,20,41,0,0,0
2019-08-28 22:30,54,23,31,0,0,0
2019-08-28 22:45,43,13,30,0,0,0
2019-08-28 23:00,38,10,28,0,0,0
2019-08-28 23:15,37,14,23,0,0,0
2019-08-28 23:30,22,4,18,0,0,0
2019-08-28 23:45,21,7,14,0,0,0
2019-08-29 00:00,23,7,16,0,0,0
2019-08-29 00:15,18,10,8,0,0,0
2019-08-29 00:30,10,1,9,0,0,0
2019-08-29 00:45,9,1,8,0,0,0
2019-08-29 01:00,6,2,4,0,0,0
2019-08-29 01:15,4,2,2,0,0,0
2019-08-29 01:30,10,1,9,0,0,0
2019-08-29 01:45,7,3,4,0,0,0
2019-08-29 02:00,7,0,7,0,0,0
2019-08-29 02:15,4,0,4,0,0,0
2019-08-29 02:30,5,1,4,0,0,0
2019-08-29 02:45,1,1,0,0,0,0
2019-08-29 03:00,6,0,6,0,0,0
2019-08-29 03:15,0,0,0,0,0,0
2019-08-29 03:30,6,1,5,0,0,0
2019-08-29 03:45,0,0,0,0,0,0
2019-08-29 04:00,4,0,4,0,0,0
2019-08-29 04:15,1,0,1,0,0,0
2019-08-29 04:30,1,1,0,0,0,0
2019-08-29 04:45,4,4,0,0,0,0
2019-08-29 05:00,3,2,1,0,0,0
2019-08-29 05:15,8,5,3,0,0,0
2019-08-29 05:30,10,5,5,0,0,0
2019-08-29 05:45,20,14,6,0,0,0
2019-08-29 06:00,19,15,4,0,0,0
2019-08-29 06:15,16,14,2,0,0,0
2019-08-29 06:30,37,28,9,0,0,0
2019-08-29 06:45,49,40,9,0,0,0
2019-08-29 07:00,38,23,15,0,0,0
2019-08-29 07:15,83,50,33,0,0,0
2019-08-29 07:30,145,103,42,0,0,0
2019-08-29 07:45,162,120,42,0,0,0
2019-08-29 08:00,119,94,25,0,0,0
2019-08-29 08:15,143,99,44,0,0,0
2019-08-29 08:30,124,96,28,0,0,0
2019-08-29 08:45,130,88,42,0,0,0
2019-08-29 09:00,106,83,23,0,0,0
2019-08-29 09:15,126,82,44,0,0,0
2019-08-29 09:30,105,73,32,0,0,0
2019-08-29 09:45,100,74,26,0,0,0
2019-08-29 10:00,90,51,39,0,0,0
2019-08-29 10:15,86,50,36,0,0,0
2019-08-29 10:30,90,51,39,0,0,0
2019-08-29 10:45,129,83,46,0,0,0
2019-08-29 11:00,84,42,42,0,0,0
2019-08-29 11:15,133,73,60,0,0,0
2019-08-29 11:30,116,59,57,0,0,0
2019-08-29 11:45,124,74,50,0,0,0
2019-08-29 12:00,127,58,69,0,0,0
2019-08-29 12:15,144,64,80,0,0,0
2019-08-29 12:30,163,61,102,0,0,0
2019-08-29 12:45,148,65,83,0,0,0
2019-08-29 13:00,127,66,61,0,0,0
2019-08-29 13:15,140,58,82,0,0,0
2019-08-29 13:30,131,55,76,0,0,0
2019-08-29 13:45,159,77,82,0,0,0
2019-08-29 14:00,161,63,98,0,0,0
2019-08-29 14:15,149,55,94,0,0,0
2019-08-29 14:30,152,91,61,0,0,0
2019-08-29 14:45,186,93,93,0,0,0
2019-08-29 15:00,165,73,92,0,0,0
2019-08-29 15:15,160,81,79,0,0,0
2019-08-29 15:30,171,68,103,0,0,0
2019-08-29 15:45,177,70,107,0,0,0
2019-08-29 16:00,239,98,141,0,0,0
2019-08-29 16:15,195,78,117,0,0,0
2019-08-29 16:30,196,80,116,0,0,0
2019-08-29 16:45,228,112,116,0,0,0
2019-08-29 17:00,227,97,130,0,0,0
2019-08-29 17:15,225,108,117,0,0,0
2019-08-29 17:30,206,90,116,0,0,0
2019-08-29 17:45,211,89,122,0,0,0
2019-08-29 18:00,209,79,130,0,0,0
2019-08-29 18:15,181,64,117,0,0,0
2019-08-29 18:30,186,74,112,0,0,0
2019-08-29 18:45,191,87,104,0,0,0
2019-08-29 19:00,167,65,102,0,0,0
2019-08-29 19:15,166,75,91,0,0,0
2019-08-29 19:30,106,43,63,0,0,0
2019-08-29 19:45,130,43,87,0,0,0
2019-08-29 20:00,116,44,72,0,0,0
2019-08-29 20:15,106,43,63,0,0,0
2019-08-29 20:30,90,27,63,0,0,0
2019-08-29 20:45,61,25,36,0,0,0
2019-08-29 21:00,50,16,34,0,0,0
2019-08-29 21:15,72,25,47,0,0,0
2019-08-29 21:30,70,15,55,0,0,0
2019-08-29 21:45,71,18,53,0,0,0
2019-08-29 22:00,72,17,55,0,0,0
2019-08-29 22:15,64,26,38,0,0,0
2019-08-29 22:30,52,16,36,0,0,0
2019-08-29 22:45,30,6,24,0,0,0
2019-08-29 23:00,51,12,39,0,0,0
2019-08-29 23:15,34,1,33,0,0,0
2019-08-29 23:30,27,10,17,0,0,0
2019-08-29 23:45,21,4,17,0,0,0
2019-08-30 00:00,20,10,10,0,0,0
2019-08-30 00:15,9,3,6,0,0,0
2019-08-30 00:30,11,2,9,0,0,0
2019-08-30 00:45,12,2,10,0,0,0
2019-08-30 01:00,6,2,4,0,0,0
2019-08-30 01:15,11,8,3,0,0,0
2019-08-30 01:30,0,0,0,0,0,0
2019-08-30 01:45,4,0,4,0,0,0
2019-08-30 02:00,9,2,7,0,0,0
2019-08-30 02:15,1,0,1,0,0,0
2019-08-30 02:30,0,0,0,0,0,0
2019-08-30 02:45,2,2,0,0,0,0
2019-08-30 03:00,2,1,1,0,0,0
2019-08-30 03:15,4,4,0,0,0,0
2019-08-30 03:30,1,1,0,0,0,0
2019-08-30 03:45,2,1,1,0,0,0
2019-08-30 04:00,2,0,2,0,0,0
2019-08-30 04:15,2,2,0,0,0,0
2019-08-30 04:30,1,1,0,0,0,0
2019-08-30 04:45,5,4,1,0,0,0
2019-08-30 05:00,1,1,0,0,0,0
2019-08-30 05:15,10,7,3,0,0,0
2019-08-30 05:30,17,10,7,0,0,0
2019-08-30 05:45,34,28,6,0,0,0
2019-08-30 06:00,22,17,5,0,0,0
2019-08-30 06:15,30,20,10,0,0,0
2019-08-30 06:30,44,29,15,0,0,0
2019-08-30 06:45,73,58,15,0,0,0
2019-08-30 07:00,76,53,23,0,0,0
2019-08-30 07:15,140,87,53,0,0,0
2019-08-30 07:30,193,118,75,0,0,0
2019-08-30 07:45,161,113,48,0,0,0
2019-08-30 08:00,143,109,34,0,0,0
2019-08-30 08:15,141,93,48,0,0,0
2019-08-30 08:30,144,107,37,0,0,0
2019-08-30 08:45,158,106,52,0,0,0
2019-08-30 09:00,112,75,37,0,0,0
2019-08-30 09:15,116,74,42,0,0,0
2019-08-30 09:30,117,84,33,0,0,0
2019-08-30 09:45,134,92,42,0,0,0
2019-08-30 10:00,137,78,59,0,0,0
2019-08-30 10:15,104,73,31,0,0,0
2019-08-30 10:30,138,88,50,0,0,0
2019-08-30 10:45,153,106,47,0,0,0
2019-08-30 11:00,148,72,76,0,0,0
2019-08-30 11:15,153,85,68,0,0,0
2019-08-30 11:30,153,60,93,0,0,0
2019-08-30 11:45,154,80,74,0,0,0
2019-08-30 12:00,169,81,88,0,0,0
2019-08-30 12:15,175,69,106,0,0,0
2019-08-30 12:30,166,65,101,0,0,0
2019-08-30 12:45,183,70,113,0,0,0
2019-08-30 13:00,182,76,106,0,0,0
2019-08-30 13:15,190,76,114,0,0,0
2019-08-30 13:30,185,80,105,0,0,0
2019-08-30 13:45,255,122,133,0,0,0
2019-08-30 14:00,184,69,115,0,0,0
2019-08-30 14:15,180,58,122,0,0,0
2019-08-30 14:30,173,63,110,0,0,0
2019-08-30 14:45,191,69,122,0,0,0
2019-08-30 15:00,204,72,132,0,0,0
2019-08-30 15:15,180,78,102,0,0,0
2019-08-30 15:30,171,74,97,0,0,0
2019-08-30 15:45,217,110,107,0,0,0
2019-08-30 16:00,198,99,99,0,0,0
2019-08-30 16:15,178,79,99,0,0,0
2019-08-30 16:30,178,88,90,0,0,0
2019-08-30 16:45,190,87,103,0,0,0
2019-08-30 17:00,191,84,107,0,0,0
2019-08-30 17:15,171,80,91,0,0,0
2019-08-30 17:30,179,76,103,0,0,0
2019-08-30 17:45,196,83,113,0,0,0
2019-08-30 18:00,198,101,97,0,0,0
2019-08-30 18:15,192,89,103,0,0,0
2019-08-30 18:30,198,92,106,0,0,0
2019-08-30 18:45,173,67,106,0,0,0
2019-08-30 19:00,173,82,91,0,0,0
2019-08-30 19:15,180,74,106,0,0,0
2019-08-30 19:30,108,54,54,0,0,0
2019-08-30 19:45,124,60,64,0,0,0
2019-08-30 20:00,125,37,88,0,0,0
2019-08-30 20:15,111,61,50,0,0,0
2019-08-30 20:30,80,29,51,0,0,0
2019-08-30 20:45,84,38,46,0,0,0
2019-08-30 21:00,92,29,63,0,0,0
2019-08-30 21:15,66,22,44,0,0,0
2019-08-30 21:30,52,17,35,0,0,0
2019-08-30 21:45,51,10,41,0,0,0
2019-08-30 22:00,60,15,45,0,0,0
2019-08-30 22:15,48,18,30,0,0,0
2019-08-30 22:30,57,25,32,0,0,0
2019-08-30 22:45,57,23,34,0,0,0
2019-08-30 23:00,60,23,37,0,0,0
2019-08-30 23:15,44,14,30,0,0,0
2019-08-30 23:30,55,20,35,0,0,0
2019-08-30 23:45,60,21,39,0,0,0
2019-08-31 00:00,45,12,33,0,0,0
2019-08-31 00:15,35,10,25,0,0,0
2019-08-31 00:30,66,25,41,0,0,0
2019-08-31 00:45,33,8,25,0,0,0
2019-08-31 01:00,38,15,23,0,0,0
2019-08-31 01:15,45,8,37,0,0,0
2019-08-31 01:30,18,2,16,0,0,0
2019-08-31 01:45,14,6,8,0,0,0
2019-08-31 02:00,26,3,23,0,0,0
2019-08-31 02:15,17,3,14,0,0,0
2019-08-31 02:30,21,7,14,0,0,0
2019-08-31 02:45,12,3,9,0,0,0
2019-08-31 03:00,12,3,9,0,0,0
2019-08-31 03:15,13,5,8,0,0,0
2019-08-31 03:30,7,0,7,0,0,0
2019-08-31 03:45,6,1,5,0,0,0
2019-08-31 04:00,3,0,3,0,0,0
2019-08-31 04:15,7,2,5,0,0,0
2019-08-31 04:30,7,3,4,0,0,0
2019-08-31 04:45,9,1,8,0,0,0
2019-08-31 05:00,7,4,3,0,0,0
2019-08-31 05:15,4,1,3,0,0,0
2019-08-31 05:30,7,4,3,0,0,0
2019-08-31 05:45,13,8,5,0,0,0
2019-08-31 06:00,7,5,2,0,0,0
2019-08-31 06:15,9,6,3,0,0,0
2019-08-31 06:30,8,4,4,0,0,0
2019-08-31 06:45,10,6,4,0,0,0
2019-08-31 07:00,8,7,1,0,0,0
2019-08-31 07:15,21,13,8,0,0,0
2019-08-31 07:30,31,15,16,0,0,0
2019-08-31 07:45,53,32,21,0,0,0
2019-08-31 08:00,24,10,14,0,0,0
2019-08-31 08:15,37,26,11,0,0,0
2019-08-31 08:30,51,38,13,0,0,0
2019-08-31 08:45,65,46,19,0,0,0
2019-08-31 09:00,75,43,32,0,0,0
2019-08-31 09:15,104,72,32,0,0,0
2019-08-31 09:30,96,58,38,0,0,0
2019-08-31 09:45,115,90,25,0,0,0
2019-08-31 10:00,155,111,44,0,0,0
2019-08-31 10:15,158,108,50,0,0,0
2019-08-31 10:30,166,115,51,0,0,0
2019-08-31 10:45,178,115,63,0,0,0
2019-08-31 11:00,175,104,71,0,0,0
2019-08-31 11:15,223,144,79,0,0,0
2019-08-31 11:30,176,93,83,0,0,0
2019-08-31 11:45,192,107,85,0,0,0
2019-08-31 12:00,195,98,97,0,0,0
2019-08-31 12:15,154,78,76,0,0,0
2019-08-31 12:30,208,102,106,0,0,0
2019-08-31 12:45,203,81,122,0,0,0
2019-08-31 13:00,169,76,93,0,0,0
2019-08-31 13:15,178,85,93,0,0,0
2019-08-31 13:30,160,71,89,0,0,0
2019-08-31 13:45,198,92,106,0,0,0
2019-08-31 14:00,180,58,122,0,0,0
2019-08-31 14:15,168,66,102,0,0,0
2019-08-31 14:30,141,55,86,0,0,0
2019-08-31 14:45,187,78,109,0,0,0
2019-08-31 15:00,154,62,92,0,0,0
2019-08-31 15:15,155,63,92,0,0,0
2019-08-31 15:30,139,48,91,0,0,0
2019-08-31 15:45,121,51,70,0,0,0
2019-08-31 16:00,131,69,62,0,0,0
2019-08-31 16:15,117,52,65,0,0,0
2019-08-31 16:30,131,48,83,0,0,0
2019-08-31 16:45,159,71,88,0,0,0
2019-08-31 17:00,97,33,64,0,0,0
2019-08-31 17:15,122,55,67,0,0,0
2019-08-31 17:30,117,41,76,0,0,0
2019-08-31 17:45,132,50,82,0,0,0
2019-08-31 18:00,148,59,89,0,0,0
2019-08-31 18:15,119,49,70,0,0,0
2019-08-31 18:30,102,39,63,0,0,0
2019-08-31 18:45,125,50,75,0,0,0
2019-08-31 19:00,121,45,76,0,0,0
2019-08-31 19:15,106,53,53,0,0,0
2019-08-31 19:30,105,51,54,0,0,0
2019-08-31 19:45,86,45,41,0,0,0
2019-08-31 20:00,104,37,67,0,0,0
2019-08-31 20:15,83,51,32,0,0,0
2019-08-31 20:30,79,33,46,0,0,0
2019-08-31 20:45,71,27,44,0,0,0
2019-08-31 21:00,70,27,43,0,0,0
2019-08-31 21:15,78,29,49,0,0,0
2019-08-31 21:30,72,33,39,0,0,0
2019-08-31 21:45,54,17,37,0,0,0
2019-08-31 22:00,81,28,53,0,0,0
2019-08-31 22:15,63,14,49,0,0,0
2019-08-31 22:30,29,5,24,0,0,0
2019-08-31 22:45,14,5,9,0,0,0
2019-08-31 23:00,31,8,23,0,0,0
2019-08-31 23:15,47,21,26,0,0,0
2019-08-31 23:30,53,20,33,0,0,0
2019-08-31 23:45,32,12,20,0,0,0
