Datetime,100034980 (Hammer Straße),101034980 (Hammer Straße stadteinwärts),102034980 (Hammer Straße stadtauswärts),100034980-status,101034980-status,102034980-status
2019-09-01 00:00,34,12,22,0,0,0
2019-09-01 00:15,32,9,23,0,0,0
2019-09-01 00:30,35,16,19,0,0,0
2019-09-01 00:45,40,14,26,0,0,0
2019-09-01 01:00,36,16,20,0,0,0
2019-09-01 01:15,33,13,20,0,0,0
2019-09-01 01:30,22,10,12,0,0,0
2019-09-01 01:45,25,13,12,0,0,0
2019-09-01 02:00,13,3,10,0,0,0
2019-09-01 02:15,26,13,13,0,0,0
2019-09-01 02:30,26,8,18,0,0,0
2019-09-01 02:45,16,6,10,0,0,0
2019-09-01 03:00,5,1,4,0,0,0
2019-09-01 03:15,10,3,7,0,0,0
2019-09-01 03:30,6,1,5,0,0,0
2019-09-01 03:45,12,7,5,0,0,0
2019-09-01 04:00,2,0,2,0,0,0
2019-09-01 04:15,3,0,3,0,0,0
2019-09-01 04:30,11,4,7,0,0,0
2019-09-01 04:45,6,0,6,0,0,0
2019-09-01 05:00,4,2,2,0,0,0
2019-09-01 05:15,2,0,2,0,0,0
2019-09-01 05:30,10,5,5,0,0,0
2019-09-01 05:45,7,4,3,0,0,0
2019-09-01 06:00,5,4,1,0,0,0
2019-09-01 06:15,3,3,0,0,0,0
2019-09-01 06:30,13,4,9,0,0,0
2019-09-01 06:45,7,4,3,0,0,0
2019-09-01 07:00,7,4,3,0,0,0
2019-09-01 07:15,1,1,0,0,0,0
2019-09-01 07:30,7,2,5,0,0,0
2019-09-01 07:45,12,10,2,0,0,0
2019-09-01 08:00,16,10,6,0,0,0
2019-09-01 08:15,14,4,10,0,0,0
2019-09-01 08:30,13,4,9,0,0,0
2019-09-01 08:45,16,12,4,0,0,0
2019-09-01 09:00,16,11,5,0,0,0
2019-09-01 09:15,19,13,6,0,0,0
2019-09-01 09:30,28,19,9,0,0,0
2019-09-01 09:45,53,37,16,0,0,0
2019-09-01 10:00,41,25,16,0,0,0
2019-09-01 10:15,33,19,14,0,0,0
2019-09-01 10:30,27,22,5,0,0,0
2019-09-01 10:45,44,21,23,0,0,0
2019-09-01 11:00,37,17,20,0,0,0
2019-09-01 11:15,42,32,10,0,0,0
2019-09-01 11:30,52,33,19,0,0,0
2019-09-01 11:45,58,28,30,0,0,0
2019-09-01 12:00,50,29,21,0,0,0
2019-09-01 12:15,57,29,28,0,0,0
2019-09-01 12:30,50,23,27,0,0,0
2019-09-01 12:45,72,40,32,0,0,0
2019-09-01 13:00,60,37,23,0,0,0
2019-09-01 13:15,67,36,31,0,0,0
2019-09-01 13:30,52,29,23,0,0,0
2019-09-01 13:45,50,19,31,0,0,0
2019-09-01 14:00,56,28,28,0,0,0
2019-09-01 14:15,64,30,34,0,0,0
2019-09-01 14:30,62,32,30,0,0,0
2019-09-01 14:45,79,41,38,0,0,0
2019-09-01 15:00,80,54,26,0,0,0
2019-09-01 15:15,69,46,23,0,0,0
2019-09-01 15:30,67,26,41,0,0,0
2019-09-01 15:45,61,38,23,0,0,0
2019-09-01 16:00,65,31,34,0,0,0
2019-09-01 16:15,81,39,42,0,0,0
2019-09-01 16:30,76,35,41,0,0,0
2019-09-01 16:45,91,46,45,0,0,0
2019-09-01 17:00,66,31,35,0,0,0
2019-09-01 17:15,105,52,53,0,0,0
2019-09-01 17:30,89,37,52,0,0,0
2019-09-01 17:45,103,50,53,0,0,0
2019-09-01 18:00,79,40,39,0,0,0
2019-09-01 18:15,82,32,50,0,0,0
2019-09-01 18:30,80,34,46,0,0,0
2019-09-01 18:45,55,27,28,0,0,0
2019-09-01 19:00,69,20,49,0,0,0
2019-09-01 19:15,67,30,37,0,0,0
2019-09-01 19:30,52,23,29,0,0,0
2019-09-01 19:45,68,27,41,0,0,0
2019-09-01 20:00,59,18,41,0,0,0
2019-09-01 20:15,45,16,29,0,0,0
2019-09-01 20:30,42,14,28,0,0,0
2019-09-01 20:45,37,15,22,0,0,0
2019-09-01 21:00,29,9,20,0,0,0
2019-09-01 21:15,39,9,30,0,0,0
2019-09-01 21:30,32,7,25,0,0,0
2019-09-01 21:45,22,3,19,0,0,0
2019-09-01 22:00,28,9,19,0,0,0
2019-09-01 22:15,22,6,16,0,0,0
2019-09-01 22:30,19,4,15,0,0,0
2019-09-01 22:45,18,5,13,0,0,0
2019-09-01 23:00,15,2,13,0,0,0
2019-09-01 23:15,4,3,1,0,0,0
2019-09-01 23:30,10,4,6,0,0,0
2019-09-01 23:45,8,3,5,0,0,0
2019-09-02 00:00,3,1,2,0,0,0
2019-09-02 00:15,7,2,5,0,0,0
2019-09-02 00:30,11,3,8,0,0,0
2019-09-02 00:45,6,5,1,0,0,0
2019-09-02 01:00,4,3,1,0,0,0
2019-09-02 01:15,2,0,2,0,0,0
2019-09-02 01:30,3,3,0,0,0,0
2019-09-02 01:45,1,1,0,0,0,0
2019-09-02 02:00,1,0,1,0,0,0
2019-09-02 02:15,0,0,0,0,0,0
2019-09-02 02:30,3,0,3,0,0,0
2019-09-02 02:45,1,1,0,0,0,0
2019-09-02 03:00,0,0,0,0,0,0
2019-09-02 03:15,0,0,0,0,0,0
2019-09-02 03:30,1,1,0,0,0,0
2019-09-02 03:45,0,0,0,0,0,0
2019-09-02 04:00,1,1,0,0,0,0
2019-09-02 04:15,2,0,2,0,0,0
2019-09-02 04:30,0,0,0,0,0,0
2019-09-02 04:45,7,6,1,0,0,0
2019-09-02 05:00,2,2,0,0,0,0
2019-09-02 05:15,5,4,1,0,0,0
2019-09-02 05:30,19,16,3,0,0,0
2019-09-02 05:45,23,15,8,0,0,0
2019-09-02 06:00,25,18,7,0,0,0
2019-09-02 06:15,47,37,10,0,0,0
2019-09-02 06:30,62,41,21,0,0,0
2019-09-02 06:45,78,59,19,0,0,0
2019-09-02 07:00,87,52,35,0,0,0
2019-09-02 07:15,143,104,39,0,0,0
2019-09-02 07:30,227,153,74,0,0,0
2019-09-02 07:45,214,145,69,0,0,0
2019-09-02 08:00,154,113,41,0,0,0
2019-09-02 08:15,154,103,51,0,0,0
2019-09-02 08:30,127,95,32,0,0,0
2019-09-02 08:45,153,95,58,0,0,0
2019-09-02 09:00,107,75,32,0,0,0
2019-09-02 09:15,111,73,38,0,0,0
2019-09-02 09:30,97,70,27,0,0,0
2019-09-02 09:45,116,82,34,0,0,0
2019-09-02 10:00,103,58,45,0,0,0
2019-09-02 10:15,109,62,47,0,0,0
2019-09-02 10:30,111,70,41,0,0,0
2019-09-02 10:45,118,59,59,0,0,0
2019-09-02 11:00,119,60,59,0,0,0
2019-09-02 11:15,116,57,59,0,0,0
2019-09-02 11:30,123,66,57,0,0,0
2019-09-02 11:45,151,72,79,0,0,0
2019-09-02 12:00,131,56,75,0,0,0
2019-09-02 12:15,133,55,78,0,0,0
2019-09-02 12:30,154,68,86,0,0,0
2019-09-02 12:45,147,65,82,0,0,0
2019-09-02 13:00,156,69,87,0,0,0
2019-09-02 13:15,146,64,82,0,0,0
2019-09-02 13:30,135,61,74,0,0,0
2019-09-02 13:45,150,69,81,0,0,0
2019-09-02 14:00,149,65,84,0,0,0
2019-09-02 14:15,150,64,86,0,0,0
2019-09-02 14:30,151,71,80,0,0,0
2019-09-02 14:45,195,87,108,0,0,0
2019-09-02 15:00,153,57,96,0,0,0
2019-09-02 15:15,183,77,106,0,0,0
2019-09-02 15:30,198,81,117,0,0,0
2019-09-02 15:45,217,73,144,0,0,0
2019-09-02 16:00,211,95,116,0,0,0
2019-09-02 16:15,236,108,128,0,0,0
2019-09-02 16:30,224,88,136,0,0,0
2019-09-02 16:45,230,92,138,0,0,0
2019-09-02 17:00,260,113,147,0,0,0
2019-09-02 17:15,242,86,156,0,0,0
2019-09-02 17:30,210,65,145,0,0,0
2019-09-02 17:45,246,90,156,0,0,0
2019-09-02 18:00,207,80,127,0,0,0
2019-09-02 18:15,212,71,141,0,0,0
2019-09-02 18:30,171,61,110,0,0,0
2019-09-02 18:45,129,55,74,0,0,0
2019-09-02 19:00,151,47,104,0,0,0
2019-09-02 19:15,160,68,92,0,0,0
2019-09-02 19:30,114,37,77,0,0,0
2019-09-02 19:45,128,49,79,0,0,0
2019-09-02 20:00,115,35,80,0,0,0
2019-09-02 20:15,81,32,49,0,0,0
2019-09-02 20:30,69,30,39,0,0,0
2019-09-02 20:45,54,19,35,0,0,0
2019-09-02 21:00,54,22,32,0,0,0
2019-09-02 21:15,57,17,40,0,0,0
2019-09-02 21:30,59,28,31,0,0,0
2019-09-02 21:45,49,19,30,0,0,0
2019-09-02 22:00,55,11,44,0,0,0
2019-09-02 22:15,43,18,25,0,0,0
2019-09-02 22:30,45,14,31,0,0,0
2019-09-02 22:45,32,12,20,0,0,0
2019-09-02 23:00,21,9,12,0,0,0
2019-09-02 23:15,13,3,10,0,0,0
2019-09-02 23:30,25,6,19,0,0,0
2019-09-02 23:45,22,6,16,0,0,0
2019-09-03 00:00,10,2,8,0,0,0
2019-09-03 00:15,6,3,3,0,0,0
2019-09-03 00:30,6,1,5,0,0,0
2019-09-03 00:45,17,5,12,0,0,0
2019-09-03 01:00,5,0,5,0,0,0
2019-09-03 01:15,2,0,2,0,0,0
2019-09-03 01:30,4,1,3,0,0,0
2019-09-03 01:45,2,0,2,0,0,0
2019-09-03 02:00,2,1,1,0,0,0
2019-09-03 02:15,1,1,0,0,0,0
2019-09-03 02:30,3,1,2,0,0,0
2019-09-03 02:45,2,2,0,0,0,0
2019-09-03 03:00,3,3,0,0,0,0
2019-09-03 03:15,2,1,1,0,0,0
2019-09-03 03:30,1,1,0,0,0,0
2019-09-03 03:45,0,0,0,0,0,0
2019-09-03 04:00,2,1,1,0,0,0
2019-09-03 04:15,0,0,0,0,0,0
2019-09-03 04:30,2,2,0,0,0,0
2019-09-03 04:45,8,8,0,0,0,0
2019-09-03 05:00,2,2,0,0,0,0
2019-09-03 05:15,9,6,3,0,0,0
2019-09-03 05:30,19,13,6,0,0,0
2019-09-03 05:45,34,24,10,0,0,0
2019-09-03 06:00,29,20,9,0,0,0
2019-09-03 06:15,40,30,10,0,0,0
2019-09-03 06:30,51,41,10,0,0,0
2019-09-03 06:45,74,53,21,0,0,0
2019-09-03 07:00,87,57,30,0,0,0
2019-09-03 07:15,163,107,56,0,0,0
2019-09-03 07:30,219,145,74,0,0,0
2019-09-03 07:45,222,163,59,0,0,0
2019-09-03 08:00,161,113,48,0,0,0
2019-09-03 08:15,160,116,44,0,0,0
2019-09-03 08:30,154,112,42,0,0,0
2019-09-03 08:45,155,100,55,0,0,0
2019-09-03 09:00,109,67,42,0,0,0
2019-09-03 09:15,123,87,36,0,0,0
2019-09-03 09:30,114,72,42,0,0,0
2019-09-03 09:45,103,85,18,0,0,0
2019-09-03 10:00,85,58,27,0,0,0
2019-09-03 10:15,87,52,35,0,0,0
2019-09-03 10:30,103,54,49,0,0,0
2019-09-03 10:45,117,63,54,0,0,0
2019-09-03 11:00,122,69,53,0,0,0
2019-09-03 11:15,108,54,54,0,0,0
2019-09-03 11:30,112,56,56,0,0,0
2019-09-03 11:45,140,69,71,0,0,0
2019-09-03 12:00,115,48,67,0,0,0
2019-09-03 12:15,136,54,82,0,0,0
2019-09-03 12:30,138,54,84,0,0,0
2019-09-03 12:45,148,69,79,0,0,0
2019-09-03 13:00,141,62,79,0,0,0
2019-09-03 13:15,151,61,90,0,0,0
2019-09-03 13:30,155,86,69,0,0,0
2019-09-03 13:45,178,77,101,0,0,0
2019-09-03 14:00,146,57,89,0,0,0
2019-09-03 14:15,145,66,79,0,0,0
2019-09-03 14:30,172,70,102,0,0,0
2019-09-03 14:45,188,98,90,0,0,0
2019-09-03 15:00,154,48,106,0,0,0
2019-09-03 15:15,174,77,97,0,0,0
2019-09-03 15:30,196,90,106,0,0,0
2019-09-03 15:45,196,74,122,0,0,0
2019-09-03 16:00,199,84,115,0,0,0
2019-09-03 16:15,194,72,122,0,0,0
2019-09-03 16:30,224,91,133,0,0,0
2019-09-03 16:45,216,84,132,0,0,0
2019-09-03 17:00,225,78,147,0,0,0
2019-09-03 17:15,208,79,129,0,0,0
2019-09-03 17:30,195,74,121,0,0,0
2019-09-03 17:45,197,68,129,0,0,0
2019-09-03 18:00,179,65,114,0,0,0
2019-09-03 18:15,169,67,102,0,0,0
2019-09-03 18:30,152,56,96,0,0,0
2019-09-03 18:45,156,49,107,0,0,0
2019-09-03 19:00,146,44,102,0,0,0
2019-09-03 19:15,122,47,75,0,0,0
2019-09-03 19:30,112,38,74,0,0,0
2019-09-03 19:45,124,40,84,0,0,0
2019-09-03 20:00,81,32,49,0,0,0
2019-09-03 20:15,90,32,58,0,0,0
2019-09-03 20:30,53,16,37,0,0,0
2019-09-03 20:45,73,29,44,0,0,0
2019-09-03 21:00,46,18,28,0,0,0
2019-09-03 21:15,43,11,32,0,0,0
2019-09-03 21:30,46,8,38,0,0,0
2019-09-03 21:45,49,14,35,0,0,0
2019-09-03 22:00,69,25,44,0,0,0
2019-09-03 22:15,58,11,47,0,0,0
2019-09-03 22:30,55,11,44,0,0,0
2019-09-03 22:45,30,9,21,0,0,0
2019-09-03 23:00,36,10,26,0,0,0
2019-09-03 23:15,25,9,16,0,0,0
2019-09-03 23:30,25,4,21,0,0,0
2019-09-03 23:45,8,2,6,0,0,0
2019-09-04 00:00,21,4,17,0,0,0
2019-09-04 00:15,12,4,8,0,0,0
2019-09-04 00:30,14,1,13,0,0,0
2019-09-04 00:45,4,1,3,0,0,0
2019-09-04 01:00,15,5,10,0,0,0
2019-09-04 01:15,5,1,4,0,0,0
2019-09-04 01:30,1,0,1,0,0,0
2019-09-04 01:45,4,0,4,0,0,0
2019-09-04 02:00,3,0,3,0,0,0
2019-09-04 02:15,0,0,0,0,0,0
2019-09-04 02:30,1,0,1,0,0,0
2019-09-04 02:45,1,0,1,0,0,0
2019-09-04 03:00,3,1,2,0,0,0
2019-09-04 03:15,2,1,1,0,0,0
2019-09-04 03:30,0,0,0,0,0,0
2019-09-04 03:45,1,0,1,0,0,0
2019-09-04 04:00,2,1,1,0,0,0
2019-09-04 04:15,0,0,0,0,0,0
2019-09-04 04:30,0,0,0,0,0,0
2019-09-04 04:45,7,7,0,0,0,0
2019-09-04 05:00,2,2,0,0,0,0
2019-09-04 05:15,7,7,0,0,0,0
2019-09-04 05:30,8,5,3,0,0,0
2019-09-04 05:45,25,20,5,0,0,0
2019-09-04 06:00,29,19,10,0,0,0
2019-09-04 06:15,41,38,3,0,0,0
2019-09-04 06:30,46,37,9,0,0,0
2019-09-04 06:45,61,46,15,0,0,0
2019-09-04 07:00,90,60,30,0,0,0
2019-09-04 07:15,142,90,52,0,0,0
2019-09-04 07:30,203,132,71,0,0,0
2019-09-04 07:45,223,149,74,0,0,0
2019-09-04 08:00,154,118,36,0,0,0
2019-09-04 08:15,145,103,42,0,0,0
2019-09-04 08:30,136,89,47,0,0,0
2019-09-04 08:45,138,97,41,0,0,0
2019-09-04 09:00,115,79,36,0,0,0
2019-09-04 09:15,123,83,40,0,0,0
2019-09-04 09:30,132,92,40,0,0,0
2019-09-04 09:45,131,88,43,0,0,0
2019-09-04 10:00,130,82,48,0,0,0
2019-09-04 10:15,124,73,51,0,0,0
2019-09-04 10:30,118,75,43,0,0,0
2019-09-04 10:45,147,97,50,0,0,0
2019-09-04 11:00,137,73,64,0,0,0
2019-09-04 11:15,143,67,76,0,0,0
2019-09-04 11:30,148,66,82,0,0,0
2019-09-04 11:45,161,75,86,0,0,0
2019-09-04 12:00,160,75,85,0,0,0
2019-09-04 12:15,186,87,99,0,0,0
2019-09-04 12:30,150,64,86,0,0,0
2019-09-04 12:45,144,61,83,0,0,0
2019-09-04 13:00,150,57,93,0,0,0
2019-09-04 13:15,164,67,97,0,0,0
2019-09-04 13:30,156,65,91,0,0,0
2019-09-04 13:45,160,58,102,0,0,0
2019-09-04 14:00,168,56,112,0,0,0
2019-09-04 14:15,163,63,100,0,0,0
2019-09-04 14:30,164,66,98,0,0,0
2019-09-04 14:45,178,72,106,0,0,0
2019-09-04 15:00,161,55,106,0,0,0
2019-09-04 15:15,199,70,129,0,0,0
2019-09-04 15:30,145,53,92,0,0,0
2019-09-04 15:45,193,95,98,0,0,0
2019-09-04 16:00,172,66,106,0,0,0
2019-09-04 16:15,194,69,125,0,0,0
2019-09-04 16:30,223,96,127,0,0,0
2019-09-04 16:45,239,113,126,0,0,0
2019-09-04 17:00,235,81,154,0,0,0
2019-09-04 17:15,218,72,146,0,0,0
2019-09-04 17:30,176,71,105,0,0,0
2019-09-04 17:45,180,73,107,0,0,0
2019-09-04 18:00,143,56,87,0,0,0
2019-09-04 18:15,123,38,85,0,0,0
2019-09-04 18:30,111,32,79,0,0,0
2019-09-04 18:45,118,43,75,0,0,0
2019-09-04 19:00,125,34,91,0,0,0
2019-09-04 19:15,102,38,64,0,0,0
2019-09-04 19:30,75,24,51,0,0,0
2019-09-04 19:45,87,33,54,0,0,0
2019-09-04 20:00,71,25,46,0,0,0
2019-09-04 20:15,67,21,46,0,0,0
2019-09-04 20:30,40,13,27,0,0,0
2019-09-04 20:45,43,15,28,0,0,0
2019-09-04 21:00,75,29,46,0,0,0
2019-09-04 21:15,37,13,24,0,0,0
2019-09-04 21:30,40,9,31,0,0,0
2019-09-04 21:45,50,22,28,0,0,0
2019-09-04 22:00,36,10,26,0,0,0
2019-09-04 22:15,53,16,37,0,0,0
2019-09-04 22:30,38,14,24,0,0,0
2019-09-04 22:45,32,16,16,0,0,0
2019-09-04 23:00,30,10,20,0,0,0
2019-09-04 23:15,18,6,12,0,0,0
2019-09-04 23:30,20,6,14,0,0,0
2019-09-04 23:45,10,5,5,0,0,0
2019-09-05 00:00,17,9,8,0,0,0
2019-09-05 00:15,6,3,3,0,0,0
2019-09-05 00:30,10,5,5,0,0,0
2019-09-05 00:45,7,3,4,0,0,0
2019-09-05 01:00,10,2,8,0,0,0
2019-09-05 01:15,8,1,7,0,0,0
2019-09-05 01:30,6,1,5,0,0,0
2019-09-05 01:45,6,0,6,0,0,0
2019-09-05 02:00,7,0,7,0,0,0
2019-09-05 02:15,3,0,3,0,0,0
2019-09-05 02:30,1,0,1,0,0,0
2019-09-05 02:45,2,1,1,0,0,0
2019-09-05 03:00,0,0,0,0,0,0
2019-09-05 03:15,2,1,1,0,0,0
2019-09-05 03:30,2,0,2,0,0,0
2019-09-05 03:45,3,0,3,0,0,0
2019-09-05 04:00,3,2,1,0,0,0
2019-09-05 04:15,1,1,0,0,0,0
2019-09-05 04:30,0,0,0,0,0,0
2019-09-05 04:45,8,8,0,0,0,0
2019-09-05 05:00,2,2,0,0,0,0
2019-09-05 05:15,8,7,1,0,0,0
2019-09-05 05:30,10,6,4,0,0,0
2019-09-05 05:45,22,18,4,0,0,0
2019-09-05 06:00,22,15,7,0,0,0
2019-09-05 06:15,27,22,5,0,0,0
2019-09-05 06:30,48,34,14,0,0,0
2019-09-05 06:45,55,44,11,0,0,0
2019-09-05 07:00,70,52,18,0,0,0
2019-09-05 07:15,108,64,44,0,0,0
2019-09-05 07:30,174,109,65,0,0,0
2019-09-05 07:45,163,102,61,0,0,0
2019-09-05 08:00,132,97,35,0,0,0
2019-09-05 08:15,152,92,60,0,0,0
2019-09-05 08:30,120,79,41,0,0,0
2019-09-05 08:45,142,102,40,0,0,0
2019-09-05 09:00,122,88,34,0,0,0
2019-09-05 09:15,108,73,35,0,0,0
2019-09-05 09:30,94,59,35,0,0,0
2019-09-05 09:45,118,85,33,0,0,0
2019-09-05 10:00,117,64,53,0,0,0
2019-09-05 10:15,88,59,29,0,0,0
2019-09-05 10:30,98,49,49,0,0,0
2019-09-05 10:45,116,65,51,0,0,0
2019-09-05 11:00,105,55,50,0,0,0
2019-09-05 11:15,113,54,59,0,0,0
2019-09-05 11:30,123,53,70,0,0,0
2019-09-05 11:45,125,60,65,0,0,0
2019-09-05 12:00,122,48,74,0,0,0
2019-09-05 12:15,92,35,57,0,0,0
2019-09-05 12:30,153,43,110,0,0,0
2019-09-05 12:45,113,41,72,0,0,0
2019-09-05 13:00,137,40,97,0,0,0
2019-09-05 13:15,131,51,80,0,0,0
2019-09-05 13:30,122,51,71,0,0,0
2019-09-05 13:45,144,83,61,0,0,0
2019-09-05 14:00,136,55,81,0,0,0
2019-09-05 14:15,152,69,83,0,0,0
2019-09-05 14:30,98,44,54,0,0,0
2019-09-05 14:45,140,70,70,0,0,0
2019-09-05 15:00,151,60,91,0,0,0
2019-09-05 15:15,147,58,89,0,0,0
2019-09-05 15:30,164,65,99,0,0,0
2019-09-05 15:45,143,58,85,0,0,0
2019-09-05 16:00,179,68,111,0,0,0
2019-09-05 16:15,178,74,104,0,0,0
2019-09-05 16:30,191,81,110,0,0,0
2019-09-05 16:45,178,70,108,0,0,0
2019-09-05 17:00,216,93,123,0,0,0
2019-09-05 17:15,194,74,120,0,0,0
2019-09-05 17:30,232,103,129,0,0,0
2019-09-05 17:45,205,79,126,0,0,0
2019-09-05 18:00,194,55,139,0,0,0
2019-09-05 18:15,199,72,127,0,0,0
2019-09-05 18:30,150,49,101,0,0,0
2019-09-05 18:45,159,63,96,0,0,0
2019-09-05 19:00,122,39,83,0,0,0
2019-09-05 19:15,154,52,102,0,0,0
2019-09-05 19:30,135,50,85,0,0,0
2019-09-05 19:45,93,36,57,0,0,0
2019-09-05 20:00,132,47,85,0,0,0
2019-09-05 20:15,77,28,49,0,0,0
2019-09-05 20:30,72,20,52,0,0,0
2019-09-05 20:45,83,31,52,0,0,0
2019-09-05 21:00,55,18,37,0,0,0
2019-09-05 21:15,64,18,46,0,0,0
2019-09-05 21:30,61,17,44,0,0,0
2019-09-05 21:45,67,17,50,0,0,0
2019-09-05 22:00,68,23,45,0,0,0
2019-09-05 22:15,48,13,35,0,0,0
2019-09-05 22:30,50,9,41,0,0,0
2019-09-05 22:45,47,7,40,0,0,0
2019-09-05 23:00,41,15,26,0,0,0
2019-09-05 23:15,40,8,32,0,0,0
2019-09-05 23:30,27,3,24,0,0,0
2019-09-05 23:45,16,3,13,0,0,0
2019-09-06 00:00,18,3,15,0,0,0
2019-09-06 00:15,12,9,3,0,0,0
2019-09-06 00:30,16,4,12,0,0,0
2019-09-06 00:45,13,3,10,0,0,0
2019-09-06 01:00,11,5,6,0,0,0
2019-09-06 01:15,6,2,4,0,0,0
2019-09-06 01:30,8,3,5,0,0,0
2019-09-06 01:45,3,1,2,0,0,0
2019-09-06 02:00,3,2,1,0,0,0
2019-09-06 02:15,2,0,2,0,0,0
2019-09-06 02:30,3,0,3,0,0,0
2019-09-06 02:45,2,1,1,0,0,0
2019-09-06 03:00,1,0,1,0,0,0
2019-09-06 03:15,1,1,0,0,0,0
2019-09-06 03:30,1,1,0,0,0,0
2019-09-06 03:45,0,0,0,0,0,0
2019-09-06 04:00,1,0,1,0,0,0
2019-09-06 04:15,4,2,2,0,0,0
2019-09-06 04:30,0,0,0,0,0,0
2019-09-06 04:45,5,4,1,0,0,0
2019-09-06 05:00,2,2,0,0,0,0
2019-09-06 05:15,5,3,2,0,0,0
2019-09-06 05:30,17,12,5,0,0,0
2019-09-06 05:45,19,16,3,0,0,0
2019-09-06 06:00,24,21,3,0,0,0
2019-09-06 06:15,37,28,9,0,0,0
2019-09-06 06:30,48,34,14,0,0,0
2019-09-06 06:45,71,55,16,0,0,0
2019-09-06 07:00,67,38,29,0,0,0
2019-09-06 07:15,106,63,43,0,0,0
2019-09-06 07:30,183,117,66,0,0,0
2019-09-06 07:45,171,115,56,0,0,0
2019-09-06 08:00,120,94,26,0,0,0
2019-09-06 08:15,134,88,46,0,0,0
2019-09-06 08:30,118,75,43,0,0,0
2019-09-06 08:45,157,114,43,0,0,0
2019-09-06 09:00,97,67,30,0,0,0
2019-09-06 09:15,106,73,33,0,0,0
2019-09-06 09:30,96,60,36,0,0,0
2019-09-06 09:45,105,73,32,0,0,0
2019-09-06 10:00,113,72,41,0,0,0
2019-09-06 10:15,93,63,30,0,0,0
2019-09-06 10:30,113,64,49,0,0,0
2019-09-06 10:45,119,61,58,0,0,0
2019-09-06 11:00,111,61,50,0,0,0
2019-09-06 11:15,131,67,64,0,0,0
2019-09-06 11:30,124,56,68,0,0,0
2019-09-06 11:45,154,71,83,0,0,0
2019-09-06 12:00,124,47,77,0,0,0
2019-09-06 12:15,156,48,108,0,0,0
2019-09-06 12:30,166,60,106,0,0,0
2019-09-06 12:45,176,69,107,0,0,0
2019-09-06 13:00,140,69,71,0,0,0
2019-09-06 13:15,164,62,102,0,0,0
2019-09-06 13:30,162,73,89,0,0,0
2019-09-06 13:45,203,98,105,0,0,0
2019-09-06 14:00,157,58,99,0,0,0
2019-09-06 14:15,199,77,122,0,0,0
2019-09-06 14:30,191,83,108,0,0,0
2019-09-06 14:45,166,72,94,0,0,0
2019-09-06 15:00,165,62,103,0,0,0
2019-09-06 15:15,158,72,86,0,0,0
2019-09-06 15:30,179,70,109,0,0,0
2019-09-06 15:45,182,98,84,0,0,0
2019-09-06 16:00,167,79,88,0,0,0
2019-09-06 16:15,209,99,110,0,0,0
2019-09-06 16:30,196,80,116,0,0,0
2019-09-06 16:45,176,95,81,0,0,0
2019-09-06 17:00,179,73,106,0,0,0
2019-09-06 17:15,172,75,97,0,0,0
2019-09-06 17:30,154,74,80,0,0,0
2019-09-06 17:45,190,94,96,0,0,0
2019-09-06 18:00,192,71,121,0,0,0
2019-09-06 18:15,152,61,91,0,0,0
2019-09-06 18:30,129,68,61,0,0,0
2019-09-06 18:45,165,68,97,0,0,0
2019-09-06 19:00,140,70,70,0,0,0
2019-09-06 19:15,153,71,82,0,0,0
2019-09-06 19:30,118,52,66,0,0,0
2019-09-06 19:45,136,68,68,0,0,0
2019-09-06 20:00,111,29,82,0,0,0
2019-09-06 20:15,109,45,64,0,0,0
2019-09-06 20:30,85,29,56,0,0,0
2019-09-06 20:45,87,30,57,0,0,0
2019-09-06 21:00,58,22,36,0,0,0
2019-09-06 21:15,68,18,50,0,0,0
2019-09-06 21:30,58,9,49,0,0,0
2019-09-06 21:45,60,19,41,0,0,0
2019-09-06 22:00,64,14,50,0,0,0
2019-09-06 22:15,61,9,52,0,0,0
2019-09-06 22:30,57,18,39,0,0,0
2019-09-06 22:45,58,18,40,0,0,0
2019-09-06 23:00,62,20,42,0,0,0
2019-09-06 23:15,53,14,39,0,0,0
2019-09-06 23:30,55,8,47,0,0,0
2019-09-06 23:45,52,13,39,0,0,0
2019-09-07 00:00,37,10,27,0,0,0
2019-09-07 00:15,25,9,16,0,0,0
2019-09-07 00:30,38,18,20,0,0,0
2019-09-07 00:45,23,7,16,0,0,0
2019-09-07 01:00,24,7,17,0,0,0
2019-09-07 01:15,23,1,22,0,0,0
2019-09-07 01:30,20,3,17,0,0,0
2019-09-07 01:45,19,6,13,0,0,0
2019-09-07 02:00,14,5,9,0,0,0
2019-09-07 02:15,16,2,14,0,0,0
2019-09-07 02:30,6,3,3,0,0,0
2019-09-07 02:45,6,1,5,0,0,0
2019-09-07 03:00,11,3,8,0,0,0
2019-09-07 03:15,8,3,5,0,0,0
2019-09-07 03:30,10,6,4,0,0,0
2019-09-07 03:45,9,1,8,0,0,0
2019-09-07 04:00,3,2,1,0,0,0
2019-09-07 04:15,7,4,3,0,0,0
2019-09-07 04:30,6,2,4,0,0,0
2019-09-07 04:45,3,1,2,0,0,0
2019-09-07 05:00,1,0,1,0,0,0
2019-09-07 05:15,3,1,2,0,0,0
2019-09-07 05:30,7,5,2,0,0,0
2019-09-07 05:45,7,3,4,0,0,0
2019-09-07 06:00,3,3,0,0,0,0
2019-09-07 06:15,3,2,1,0,0,0
2019-09-07 06:30,4,3,1,0,0,0
2019-09-07 06:45,6,4,2,0,0,0
2019-09-07 07:00,7,6,1,0,0,0
2019-09-07 07:15,13,11,2,0,0,0
2019-09-07 07:30,24,19,5,0,0,0
2019-09-07 07:45,25,21,4,0,0,0
2019-09-07 08:00,30,21,9,0,0,0
2019-09-07 08:15,37,20,17,0,0,0
2019-09-07 08:30,34,18,16,0,0,0
2019-09-07 08:45,63,39,24,0,0,0
2019-09-07 09:00,45,27,18,0,0,0
2019-09-07 09:15,76,50,26,0,0,0
2019-09-07 09:30,80,55,25,0,0,0
2019-09-07 09:45,119,75,44,0,0,0
2019-09-07 10:00,94,71,23,0,0,0
2019-09-07 10:15,105,75,30,0,0,0
2019-09-07 10:30,139,101,38,0,0,0
2019-09-07 10:45,153,101,52,0,0,0
2019-09-07 11:00,135,79,56,0,0,0
2019-09-07 11:15,140,89,51,0,0,0
2019-09-07 11:30,141,75,66,0,0,0
2019-09-07 11:45,182,99,83,0,0,0
2019-09-07 12:00,151,84,67,0,0,0
2019-09-07 12:15,148,78,70,0,0,0
2019-09-07 12:30,207,101,106,0,0,0
2019-09-07 12:45,178,99,79,0,0,0
2019-09-07 13:00,158,63,95,0,0,0
2019-09-07 13:15,153,69,84,0,0,0
2019-09-07 13:30,162,94,68,0,0,0
2019-09-07 13:45,173,75,98,0,0,0
2019-09-07 14:00,164,69,95,0,0,0
2019-09-07 14:15,153,66,87,0,0,0
2019-09-07 14:30,155,65,90,0,0,0
2019-09-07 14:45,146,71,75,0,0,0
2019-09-07 15:00,142,43,99,0,0,0
2019-09-07 15:15,140,57,83,0,0,0
2019-09-07 15:30,138,65,73,0,0,0
2019-09-07 15:45,172,72,100,0,0,0
2019-09-07 16:00,165,57,108,0,0,0
2019-09-07 16:15,90,37,53,0,0,0
2019-09-07 16:30,113,52,61,0,0,0
2019-09-07 16:45,163,78,85,0,0,0
2019-09-07 17:00,157,68,89,0,0,0
2019-09-07 17:15,142,61,81,0,0,0
2019-09-07 17:30,149,69,80,0,0,0
2019-09-07 17:45,131,56,75,0,0,0
2019-09-07 18:00,134,46,88,0,0,0
2019-09-07 18:15,140,55,85,0,0,0
2019-09-07 18:30,160,73,87,0,0,0
2019-09-07 18:45,138,83,55,0,0,0
2019-09-07 19:00,141,71,70,0,0,0
2019-09-07 19:15,103,59,44,0,0,0
2019-09-07 19:30,103,55,48,0,0,0
2019-09-07 19:45,123,56,67,0,0,0
2019-09-07 20:00,112,50,62,0,0,0
2019-09-07 20:15,111,44,67,0,0,0
2019-09-07 20:30,85,46,39,0,0,0
2019-09-07 20:45,57,31,26,0,0,0
2019-09-07 21:00,92,41,51,0,0,0
2019-09-07 21:15,94,43,51,0,0,0
2019-09-07 21:30,79,35,44,0,0,0
2019-09-07 21:45,68,29,39,0,0,0
2019-09-07 22:00,75,18,57,0,0,0
2019-09-07 22:15,64,10,54,0,0,0
2019-09-07 22:30,77,8,69,0,0,0
2019-09-07 22:45,44,7,37,0,0,0
2019-09-07 23:00,51,7,44,0,0,0
2019-09-07 23:15,64,13,51,0,0,0
2019-09-07 23:30,70,13,57,0,0,0
2019-09-07 23:45,77,14,63,0,0,0
2019-09-08 00:00,49,9,40,0,0,0
2019-09-08 00:15,61,14,47,0,0,0
2019-09-08 00:30,52,13,39,0,0,0
2019-09-08 00:45,44,12,32,0,0,0
2019-09-08 01:00,48,18,30,0,0,0
2019-09-08 01:15,23,3,20,0,0,0
2019-09-08 01:30,20,2,18,0,0,0
2019-09-08 01:45,19,4,15,0,0,0
2019-09-08 02:00,18,5,13,0,0,0
2019-09-08 02:15,22,9,13,0,0,0
2019-09-08 02:30,15,5,10,0,0,0
2019-09-08 02:45,10,1,9,0,0,0
2019-09-08 03:00,25,12,13,0,0,0
2019-09-08 03:15,10,2,8,0,0,0
2019-09-08 03:30,9,1,8,0,0,0
2019-09-08 03:45,6,0,6,0,0,0
2019-09-08 04:00,10,2,8,0,0,0
2019-09-08 04:15,5,2,3,0,0,0
2019-09-08 04:30,7,2,5,0,0,0
2019-09-08 04:45,4,1,3,0,0,0
2019-09-08 05:00,2,0,2,0,0,0
2019-09-08 05:15,3,1,2,0,0,0
2019-09-08 05:30,7,4,3,0,0,0
2019-09-08 05:45,5,3,2,0,0,0
2019-09-08 06:00,4,3,1,0,0,0
2019-09-08 06:15,3,1,2,0,0,0
2019-09-08 06:30,5,2,3,0,0,0
2019-09-08 06:45,12,11,1,0,0,0
2019-09-08 07:00,7,3,4,0,0,0
2019-09-08 07:15,3,3,0,0,0,0
2019-09-08 07:30,7,4,3,0,0,0
2019-09-08 07:45,11,9,2,0,0,0
2019-09-08 08:00,21,17,4,0,0,0
2019-09-08 08:15,52,46,6,0,0,0
2019-09-08 08:30,37,32,5,0,0,0
2019-09-08 08:45,31,25,6,0,0,0
2019-09-08 09:00,16,12,4,0,0,0
2019-09-08 09:15,36,30,6,0,0,0
2019-09-08 09:30,44,27,17,0,0,0
2019-09-08 09:45,59,40,19,0,0,0
2019-09-08 10:00,49,36,13,0,0,0
2019-09-08 10:15,35,22,13,0,0,0
2019-09-08 10:30,64,36,28,0,0,0
2019-09-08 10:45,67,45,22,0,0,0
2019-09-08 11:00,59,34,25,0,0,0
2019-09-08 11:15,54,29,25,0,0,0
2019-09-08 11:30,75,37,38,0,0,0
2019-09-08 11:45,63,35,28,0,0,0
2019-09-08 12:00,66,41,25,0,0,0
2019-09-08 12:15,84,41,43,0,0,0
2019-09-08 12:30,73,49,24,0,0,0
2019-09-08 12:45,75,49,26,0,0,0
2019-09-08 13:00,81,42,39,0,0,0
2019-09-08 13:15,106,41,65,0,0,0
2019-09-08 13:30,68,22,46,0,0,0
2019-09-08 13:45,126,51,75,0,0,0
2019-09-08 14:00,134,45,89,0,0,0
2019-09-08 14:15,126,34,92,0,0,0
2019-09-08 14:30,135,38,97,0,0,0
2019-09-08 14:45,101,39,62,0,0,0
2019-09-08 15:00,128,44,84,0,0,0
2019-09-08 15:15,87,34,53,0,0,0
2019-09-08 15:30,89,36,53,0,0,0
2019-09-08 15:45,112,52,60,0,0,0
2019-09-08 16:00,101,34,67,0,0,0
2019-09-08 16:15,84,36,48,0,0,0
2019-09-08 16:30,85,36,49,0,0,0
2019-09-08 16:45,79,37,42,0,0,0
2019-09-08 17:00,92,32,60,0,0,0
2019-09-08 17:15,101,34,67,0,0,0
2019-09-08 17:30,92,31,61,0,0,0
2019-09-08 17:45,128,50,78,0,0,0
2019-09-08 18:00,76,32,44,0,0,0
2019-09-08 18:15,79,37,42,0,0,0
2019-09-08 18:30,46,17,29,0,0,0
2019-09-08 18:45,47,16,31,0,0,0
2019-09-08 19:00,74,34,40,0,0,0
2019-09-08 19:15,43,14,29,0,0,0
2019-09-08 19:30,38,16,22,0,0,0
2019-09-08 19:45,37,17,20,0,0,0
2019-09-08 20:00,53,17,36,0,0,0
2019-09-08 20:15,28,12,16,0,0,0
2019-09-08 20:30,42,12,30,0,0,0
2019-09-08 20:45,36,17,19,0,0,0
2019-09-08 21:00,30,8,22,0,0,0
2019-09-08 21:15,29,13,16,0,0,0
2019-09-08 21:30,18,12,6,0,0,0
2019-09-08 21:45,21,9,12,0,0,0
2019-09-08 22:00,19,7,12,0,0,0
2019-09-08 22:15,24,8,16,0,0,0
2019-09-08 22:30,17,2,15,0,0,0
2019-09-08 22:45,12,0,12,0,0,0
2019-09-08 23:00,12,4,8,0,0,0
2019-09-08 23:15,9,2,7,0,0,0
2019-09-08 23:30,4,2,2,0,0,0
2019-09-08 23:45,13,3,10,0,0,0
2019-09-09 00:00,6,0,6,0,0,0
2019-09-09 00:15,2,1,1,0,0,0
2019-09-09 00:30,4,1,3,0,0,0
2019-09-09 00:45,4,1,3,0,0,0
2019-09-09 01:00,2,1,1,0,0,0
2019-09-09 01:15,2,0,2,0,0,0
2019-09-09 01:30,0,0,0,0,0,0
2019-09-09 01:45,3,2,1,0,0,0
2019-09-09 02:00,1,0,1,0,0,0
2019-09-09 02:15,0,0,0,0,0,0
2019-09-09 02:30,0,0,0,0,0,0
2019-09-09 02:45,1,1,0,0,0,0
2019-09-09 03:00,0,0,0,0,0,0
2019-09-09 03:15,1,1,0,0,0,0
2019-09-09 03:30,0,0,0,0,0,0
2019-09-09 03:45,2,0,2,0,0,0
2019-09-09 04:00,1,1,0,0,0,0
2019-09-09 04:15,0,0,0,0,0,0
2019-09-09 04:30,1,1,0,0,0,0
2019-09-09 04:45,6,6,0,0,0,0
2019-09-09 05:00,2,2,0,0,0,0
2019-09-09 05:15,7,7,0,0,0,0
2019-09-09 05:30,13,10,3,0,0,0
2019-09-09 05:45,26,21,5,0,0,0
2019-09-09 06:00,23,16,7,0,0,0
2019-09-09 06:15,47,29,18,0,0,0
2019-09-09 06:30,52,37,15,0,0,0
2019-09-09 06:45,64,48,16,0,0,0
2019-09-09 07:00,62,40,22,0,0,0
2019-09-09 07:15,125,82,43,0,0,0
2019-09-09 07:30,198,123,75,0,0,0
2019-09-09 07:45,184,124,60,0,0,0
2019-09-09 08:00,128,90,38,0,0,0
2019-09-09 08:15,159,109,50,0,0,0
2019-09-09 08:30,122,81,41,0,0,0
2019-09-09 08:45,129,83,46,0,0,0
2019-09-09 09:00,103,76,27,0,0,0
2019-09-09 09:15,102,67,35,0,0,0
2019-09-09 09:30,95,66,29,0,0,0
2019-09-09 09:45,111,67,44,0,0,0
2019-09-09 10:00,100,55,45,0,0,0
2019-09-09 10:15,103,55,48,0,0,0
2019-09-09 10:30,95,56,39,0,0,0
2019-09-09 10:45,103,52,51,0,0,0
2019-09-09 11:00,106,52,54,0,0,0
2019-09-09 11:15,105,43,62,0,0,0
2019-09-09 11:30,104,47,57,0,0,0
2019-09-09 11:45,135,65,70,0,0,0
2019-09-09 12:00,118,45,73,0,0,0
2019-09-09 12:15,127,55,72,0,0,0
2019-09-09 12:30,145,47,98,0,0,0
2019-09-09 12:45,146,49,97,0,0,0
2019-09-09 13:00,139,51,88,0,0,0
2019-09-09 13:15,134,58,76,0,0,0
2019-09-09 13:30,155,57,98,0,0,0
2019-09-09 13:45,136,63,73,0,0,0
2019-09-09 14:00,123,46,77,0,0,0
2019-09-09 14:15,150,62,88,0,0,0
2019-09-09 14:30,133,67,66,0,0,0
2019-09-09 14:45,150,72,78,0,0,0
2019-09-09 15:00,163,72,91,0,0,0
2019-09-09 15:15,153,80,73,0,0,0
2019-09-09 15:30,186,56,130,0,0,0
2019-09-09 15:45,205,79,126,0,0,0
2019-09-09 16:00,170,72,98,0,0,0
2019-09-09 16:15,196,79,117,0,0,0
2019-09-09 16:30,198,77,121,0,0,0
2019-09-09 16:45,219,82,137,0,0,0
2019-09-09 17:00,208,81,127,0,0,0
2019-09-09 17:15,216,76,140,0,0,0
2019-09-09 17:30,231,71,160,0,0,0
2019-09-09 17:45,228,76,152,0,0,0
2019-09-09 18:00,223,80,143,0,0,0
2019-09-09 18:15,174,58,116,0,0,0
2019-09-09 18:30,145,53,92,0,0,0
2019-09-09 18:45,168,51,117,0,0,0
2019-09-09 19:00,147,35,112,0,0,0
2019-09-09 19:15,124,43,81,0,0,0
2019-09-09 19:30,98,23,75,0,0,0
2019-09-09 19:45,118,47,71,0,0,0
2019-09-09 20:00,87,27,60,0,0,0
2019-09-09 20:15,65,25,40,0,0,0
2019-09-09 20:30,51,19,32,0,0,0
2019-09-09 20:45,51,22,29,0,0,0
2019-09-09 21:00,55,11,44,0,0,0
2019-09-09 21:15,51,13,38,0,0,0
2019-09-09 21:30,58,13,45,0,0,0
2019-09-09 21:45,73,31,42,0,0,0
2019-09-09 22:00,57,25,32,0,0,0
2019-09-09 22:15,27,6,21,0,0,0
2019-09-09 22:30,47,13,34,0,0,0
2019-09-09 22:45,36,12,24,0,0,0
2019-09-09 23:00,23,8,15,0,0,0
2019-09-09 23:15,14,3,11,0,0,0
2019-09-09 23:30,17,2,15,0,0,0
2019-09-09 23:45,10,5,5,0,0,0
2019-09-10 00:00,20,5,15,0,0,0
2019-09-10 00:15,11,3,8,0,0,0
2019-09-10 00:30,11,4,7,0,0,0
2019-09-10 00:45,9,1,8,0,0,0
2019-09-10 01:00,6,2,4,0,0,0
2019-09-10 01:15,13,3,10,0,0,0
2019-09-10 01:30,4,0,4,0,0,0
2019-09-10 01:45,7,0,7,0,0,0
2019-09-10 02:00,2,0,2,0,0,0
2019-09-10 02:15,0,0,0,0,0,0
2019-09-10 02:30,0,0,0,0,0,0
2019-09-10 02:45,0,0,0,0,0,0
2019-09-10 03:00,1,0,1,0,0,0
2019-09-10 03:15,1,1,0,0,0,0
2019-09-10 03:30,2,1,1,0,0,0
2019-09-10 03:45,1,0,1,0,0,0
2019-09-10 04:00,2,0,2,0,0,0
2019-09-10 04:15,1,1,0,0,0,0
2019-09-10 04:30,2,2,0,0,0,0
2019-09-10 04:45,8,7,1,0,0,0
2019-09-10 05:00,2,2,0,0,0,0
2019-09-10 05:15,10,8,2,0,0,0
2019-09-10 05:30,12,10,2,0,0,0
2019-09-10 05:45,28,22,6,0,0,0
2019-09-10 06:00,18,16,2,0,0,0
2019-09-10 06:15,36,28,8,0,0,0
2019-09-10 06:30,50,39,11,0,0,0
2019-09-10 06:45,61,45,16,0,0,0
2019-09-10 07:00,89,62,27,0,0,0
2019-09-10 07:15,124,78,46,0,0,0
2019-09-10 07:30,190,113,77,0,0,0
2019-09-10 07:45,182,121,61,0,0,0
2019-09-10 08:00,154,107,47,0,0,0
2019-09-10 08:15,147,96,51,0,0,0
2019-09-10 08:30,163,92,71,0,0,0
2019-09-10 08:45,144,105,39,0,0,0
2019-09-10 09:00,118,77,41,0,0,0
2019-09-10 09:15,99,70,29,0,0,0
2019-09-10 09:30,113,76,37,0,0,0
2019-09-10 09:45,131,99,32,0,0,0
2019-09-10 10:00,129,79,50,0,0,0
2019-09-10 10:15,106,63,43,0,0,0
2019-09-10 10:30,102,55,47,0,0,0
2019-09-10 10:45,135,76,59,0,0,0
2019-09-10 11:00,114,67,47,0,0,0
2019-09-10 11:15,108,60,48,0,0,0
2019-09-10 11:30,123,52,71,0,0,0
2019-09-10 11:45,129,65,64,0,0,0
2019-09-10 12:00,140,57,83,0,0,0
2019-09-10 12:15,120,54,66,0,0,0
2019-09-10 12:30,167,67,100,0,0,0
2019-09-10 12:45,143,63,80,0,0,0
2019-09-10 13:00,173,83,90,0,0,0
2019-09-10 13:15,148,64,84,0,0,0
2019-09-10 13:30,144,52,92,0,0,0
2019-09-10 13:45,192,83,109,0,0,0
2019-09-10 14:00,133,50,83,0,0,0
2019-09-10 14:15,136,54,82,0,0,0
2019-09-10 14:30,174,73,101,0,0,0
2019-09-10 14:45,189,80,109,0,0,0
2019-09-10 15:00,175,67,108,0,0,0
2019-09-10 15:15,155,65,90,0,0,0
2019-09-10 15:30,168,77,91,0,0,0
2019-09-10 15:45,216,101,115,0,0,0
2019-09-10 16:00,219,81,138,0,0,0
2019-09-10 16:15,232,87,145,0,0,0
2019-09-10 16:30,206,91,115,0,0,0
2019-09-10 16:45,231,99,132,0,0,0
2019-09-10 17:00,231,95,136,0,0,0
2019-09-10 17:15,200,90,110,0,0,0
2019-09-10 17:30,196,75,121,0,0,0
2019-09-10 17:45,243,108,135,0,0,0
2019-09-10 18:00,207,67,140,0,0,0
2019-09-10 18:15,204,72,132,0,0,0
2019-09-10 18:30,175,59,116,0,0,0
2019-09-10 18:45,160,65,95,0,0,0
2019-09-10 19:00,152,47,105,0,0,0
2019-09-10 19:15,123,48,75,0,0,0
2019-09-10 19:30,138,47,91,0,0,0
2019-09-10 19:45,119,54,65,0,0,0
2019-09-10 20:00,103,33,70,0,0,0
2019-09-10 20:15,87,32,55,0,0,0
2019-09-10 20:30,90,26,64,0,0,0
2019-09-10 20:45,57,19,38,0,0,0
2019-09-10 21:00,48,20,28,0,0,0
2019-09-10 21:15,52,12,40,0,0,0
2019-09-10 21:30,45,11,34,0,0,0
2019-09-10 21:45,59,16,43,0,0,0
2019-09-10 22:00,59,12,47,0,0,0
2019-09-10 22:15,53,11,42,0,0,0
2019-09-10 22:30,59,9,50,0,0,0
2019-09-10 22:45,33,2,31,0,0,0
2019-09-10 23:00,31,9,22,0,0,0
2019-09-10 23:15,13,4,9,0,0,0
2019-09-10 23:30,14,6,8,0,0,0
2019-09-10 23:45,19,3,16,0,0,0
2019-09-11 00:00,19,4,15,0,0,0
2019-09-11 00:15,25,4,21,0,0,0
2019-09-11 00:30,4,1,3,0,0,0
2019-09-11 00:45,3,0,3,0,0,0
2019-09-11 01:00,9,4,5,0,0,0
2019-09-11 01:15,1,0,1,0,0,0
2019-09-11 01:30,2,0,2,0,0,0
2019-09-11 01:45,4,3,1,0,0,0
2019-09-11 02:00,1,0,1,0,0,0
2019-09-11 02:15,2,1,1,0,0,0
2019-09-11 02:30,0,0,0,0,0,0
2019-09-11 02:45,1,1,0,0,0,0
2019-09-11 03:00,2,0,2,0,0,0
2019-09-11 03:15,1,0,1,0,0,0
2019-09-11 03:30,2,1,1,0,0,0
2019-09-11 03:45,1,0,1,0,0,0
2019-09-11 04:00,3,0,3,0,0,0
2019-09-11 04:15,1,1,0,0,0,0
2019-09-11 04:30,1,1,0,0,0,0
2019-09-11 04:45,8,6,2,0,0,0
2019-09-11 05:00,3,3,0,0,0,0
2019-09-11 05:15,9,8,1,0,0,0
2019-09-11 05:30,10,8,2,0,0,0
2019-09-11 05:45,26,21,5,0,0,0
2019-09-11 06:00,20,17,3,0,0,0
2019-09-11 06:15,37,28,9,0,0,0
2019-09-11 06:30,55,44,11,0,0,0
2019-09-11 06:45,67,48,19,0,0,0
2019-09-11 07:00,88,58,30,0,0,0
2019-09-11 07:15,110,73,37,0,0,0
2019-09-11 07:30,195,119,76,0,0,0
2019-09-11 07:45,169,116,53,0,0,0
2019-09-11 08:00,160,100,60,0,0,0
2019-09-11 08:15,162,105,57,0,0,0
2019-09-11 08:30,135,81,54,0,0,0
2019-09-11 08:45,171,120,51,0,0,0
2019-09-11 09:00,127,78,49,0,0,0
2019-09-11 09:15,114,78,36,0,0,0
2019-09-11 09:30,105,78,27,0,0,0
2019-09-11 09:45,131,94,37,0,0,0
2019-09-11 10:00,99,61,38,0,0,0
2019-09-11 10:15,132,84,48,0,0,0
2019-09-11 10:30,143,75,68,0,0,0
2019-09-11 10:45,151,94,57,0,0,0
2019-09-11 11:00,120,68,52,0,0,0
2019-09-11 11:15,116,61,55,0,0,0
2019-09-11 11:30,126,67,59,0,0,0
2019-09-11 11:45,161,72,89,0,0,0
2019-09-11 12:00,146,67,79,0,0,0
2019-09-11 12:15,161,64,97,0,0,0
2019-09-11 12:30,157,70,87,0,0,0
2019-09-11 12:45,167,74,93,0,0,0
2019-09-11 13:00,173,65,108,0,0,0
2019-09-11 13:15,166,64,102,0,0,0
2019-09-11 13:30,183,61,122,0,0,0
2019-09-11 13:45,158,64,94,0,0,0
2019-09-11 14:00,174,68,106,0,0,0
2019-09-11 14:15,164,52,112,0,0,0
2019-09-11 14:30,123,36,87,0,0,0
2019-09-11 14:45,143,69,74,0,0,0
2019-09-11 15:00,144,57,87,0,0,0
2019-09-11 15:15,137,55,82,0,0,0
2019-09-11 15:30,148,60,88,0,0,0
2019-09-11 15:45,156,52,104,0,0,0
2019-09-11 16:00,160,48,112,0,0,0
2019-09-11 16:15,178,80,98,0,0,0
2019-09-11 16:30,175,64,111,0,0,0
2019-09-11 16:45,159,61,98,0,0,0
2019-09-11 17:00,150,56,94,0,0,0
2019-09-11 17:15,148,59,89,0,0,0
2019-09-11 17:30,183,62,121,0,0,0
2019-09-11 17:45,165,74,91,0,0,0
2019-09-11 18:00,147,44,103,0,0,0
2019-09-11 18:15,111,29,82,0,0,0
2019-09-11 18:30,125,42,83,0,0,0
2019-09-11 18:45,135,55,80,0,0,0
2019-09-11 19:00,130,38,92,0,0,0
2019-09-11 19:15,107,55,52,0,0,0
2019-09-11 19:30,109,28,81,0,0,0
2019-09-11 19:45,98,34,64,0,0,0
2019-09-11 20:00,77,20,57,0,0,0
2019-09-11 20:15,78,27,51,0,0,0
2019-09-11 20:30,60,9,51,0,0,0
2019-09-11 20:45,54,15,39,0,0,0
2019-09-11 21:00,48,13,35,0,0,0
2019-09-11 21:15,42,14,28,0,0,0
2019-09-11 21:30,49,9,40,0,0,0
2019-09-11 21:45,48,15,33,0,0,0
2019-09-11 22:00,35,9,26,0,0,0
2019-09-11 22:15,43,12,31,0,0,0
2019-09-11 22:30,30,6,24,0,0,0
2019-09-11 22:45,29,8,21,0,0,0
2019-09-11 23:00,21,3,18,0,0,0
2019-09-11 23:15,25,9,16,0,0,0
2019-09-11 23:30,24,5,19,0,0,0
2019-09-11 23:45,17,6,11,0,0,0
2019-09-12 00:00,24,9,15,0,0,0
2019-09-12 00:15,15,10,5,0,0,0
2019-09-12 00:30,12,2,10,0,0,0
2019-09-12 00:45,11,5,6,0,0,0
2019-09-12 01:00,10,0,10,0,0,0
2019-09-12 01:15,4,1,3,0,0,0
2019-09-12 01:30,5,0,5,0,0,0
2019-09-12 01:45,5,0,5,0,0,0
2019-09-12 02:00,3,0,3,0,0,0
2019-09-12 02:15,8,0,8,0,0,0
2019-09-12 02:30,2,0,2,0,0,0
2019-09-12 02:45,4,0,4,0,0,0
2019-09-12 03:00,3,0,3,0,0,0
2019-09-12 03:15,4,1,3,0,0,0
2019-09-12 03:30,4,2,2,0,0,0
2019-09-12 03:45,1,1,0,0,0,0
2019-09-12 04:00,2,0,2,0,0,0
2019-09-12 04:15,2,1,1,0,0,0
2019-09-12 04:30,1,1,0,0,0,0
2019-09-12 04:45,3,3,0,0,0,0
2019-09-12 05:00,4,4,0,0,0,0
2019-09-12 05:15,10,6,4,0,0,0
2019-09-12 05:30,21,14,7,0,0,0
2019-09-12 05:45,19,14,5,0,0,0
2019-09-12 06:00,23,16,7,0,0,0
2019-09-12 06:15,37,31,6,0,0,0
2019-09-12 06:30,43,34,9,0,0,0
2019-09-12 06:45,62,50,12,0,0,0
2019-09-12 07:00,83,55,28,0,0,0
2019-09-12 07:15,109,77,32,0,0,0
2019-09-12 07:30,156,92,64,0,0,0
2019-09-12 07:45,182,124,58,0,0,0
2019-09-12 08:00,135,100,35,0,0,0
2019-09-12 08:15,133,82,51,0,0,0
2019-09-12 08:30,125,95,30,0,0,0
2019-09-12 08:45,152,113,39,0,0,0
2019-09-12 09:00,93,72,21,0,0,0
2019-09-12 09:15,89,57,32,0,0,0
2019-09-12 09:30,99,66,33,0,0,0
2019-09-12 09:45,108,72,36,0,0,0
2019-09-12 10:00,130,81,49,0,0,0
2019-09-12 10:15,81,50,31,0,0,0
2019-09-12 10:30,74,46,28,0,0,0
2019-09-12 10:45,106,59,47,0,0,0
2019-09-12 11:00,120,62,58,0,0,0
2019-09-12 11:15,110,59,51,0,0,0
2019-09-12 11:30,99,43,56,0,0,0
2019-09-12 11:45,119,53,66,0,0,0
2019-09-12 12:00,102,49,53,0,0,0
2019-09-12 12:15,116,48,68,0,0,0
2019-09-12 12:30,176,63,113,0,0,0
2019-09-12 12:45,131,50,81,0,0,0
2019-09-12 13:00,132,48,84,0,0,0
2019-09-12 13:15,138,55,83,0,0,0
2019-09-12 13:30,144,63,81,0,0,0
2019-09-12 13:45,155,78,77,0,0,0
2019-09-12 14:00,155,64,91,0,0,0
2019-09-12 14:15,121,46,75,0,0,0
2019-09-12 14:30,149,69,80,0,0,0
2019-09-12 14:45,179,97,82,0,0,0
2019-09-12 15:00,157,61,96,0,0,0
2019-09-12 15:15,154,64,90,0,0,0
2019-09-12 15:30,157,70,87,0,0,0
2019-09-12 15:45,177,83,94,0,0,0
2019-09-12 16:00,212,94,118,0,0,0
2019-09-12 16:15,219,98,121,0,0,0
2019-09-12 16:30,170,82,88,0,0,0
2019-09-12 16:45,212,85,127,0,0,0
2019-09-12 17:00,234,100,134,0,0,0
2019-09-12 17:15,204,77,127,0,0,0
2019-09-12 17:30,216,82,134,0,0,0
2019-09-12 17:45,201,88,113,0,0,0
2019-09-12 18:00,205,68,137,0,0,0
2019-09-12 18:15,174,66,108,0,0,0
2019-09-12 18:30,164,68,96,0,0,0
2019-09-12 18:45,169,70,99,0,0,0
2019-09-12 19:00,181,68,113,0,0,0
2019-09-12 19:15,158,56,102,0,0,0
2019-09-12 19:30,116,53,63,0,0,0
2019-09-12 19:45,132,44,88,0,0,0
2019-09-12 20:00,105,42,63,0,0,0
2019-09-12 20:15,78,26,52,0,0,0
2019-09-12 20:30,64,26,38,0,0,0
2019-09-12 20:45,63,28,35,0,0,0
2019-09-12 21:00,84,33,51,0,0,0
2019-09-12 21:15,73,19,54,0,0,0
2019-09-12 21:30,72,22,50,0,0,0
2019-09-12 21:45,75,24,51,0,0,0
2019-09-12 22:00,79,25,54,0,0,0
2019-09-12 22:15,55,14,41,0,0,0
2019-09-12 22:30,53,14,39,0,0,0
2019-09-12 22:45,46,13,33,0,0,0
2019-09-12 23:00,23,5,18,0,0,0
2019-09-12 23:15,37,13,24,0,0,0
2019-09-12 23:30,32,9,23,0,0,0
2019-09-12 23:45,18,6,12,0,0,0
2019-09-13 00:00,20,6,14,0,0,0
2019-09-13 00:15,10,4,6,0,0,0
2019-09-13 00:30,19,5,14,0,0,0
2019-09-13 00:45,11,3,8,0,0,0
2019-09-13 01:00,10,0,10,0,0,0
2019-09-13 01:15,6,2,4,0,0,0
2019-09-13 01:30,12,1,11,0,0,0
2019-09-13 01:45,2,0,2,0,0,0
2019-09-13 02:00,8,2,6,0,0,0
2019-09-13 02:15,0,0,0,0,0,0
2019-09-13 02:30,4,1,3,0,0,0
2019-09-13 02:45,5,3,2,0,0,0
2019-09-13 03:00,3,2,1,0,0,0
2019-09-13 03:15,1,0,1,0,0,0
2019-09-13 03:30,2,1,1,0,0,0
2019-09-13 03:45,2,1,1,0,0,0
2019-09-13 04:00,1,0,1,0,0,0
2019-09-13 04:15,4,4,0,0,0,0
2019-09-13 04:30,2,1,1,0,0,0
2019-09-13 04:45,7,6,1,0,0,0
2019-09-13 05:00,1,1,0,0,0,0
2019-09-13 05:15,7,6,1,0,0,0
2019-09-13 05:30,14,9,5,0,0,0
2019-09-13 05:45,26,21,5,0,0,0
2019-09-13 06:00,22,15,7,0,0,0
2019-09-13 06:15,32,22,10,0,0,0
2019-09-13 06:30,53,37,16,0,0,0
2019-09-13 06:45,60,43,17,0,0,0
2019-09-13 07:00,77,58,19,0,0,0
2019-09-13 07:15,122,82,40,0,0,0
2019-09-13 07:30,196,126,70,0,0,0
2019-09-13 07:45,173,115,58,0,0,0
2019-09-13 08:00,128,92,36,0,0,0
2019-09-13 08:15,136,90,46,0,0,0
2019-09-13 08:30,134,87,47,0,0,0
2019-09-13 08:45,139,100,39,0,0,0
2019-09-13 09:00,118,84,34,0,0,0
2019-09-13 09:15,134,94,40,0,0,0
2019-09-13 09:30,105,76,29,0,0,0
2019-09-13 09:45,116,84,32,0,0,0
2019-09-13 10:00,76,45,31,0,0,0
2019-09-13 10:15,41,19,22,0,0,0
2019-09-13 10:30,59,21,38,0,0,0
2019-09-13 10:45,74,38,36,0,0,0
2019-09-13 11:00,90,39,51,0,0,0
2019-09-13 11:15,83,39,44,0,0,0
2019-09-13 11:30,113,49,64,0,0,0
2019-09-13 11:45,128,58,70,0,0,0
2019-09-13 12:00,118,48,70,0,0,0
2019-09-13 12:15,132,52,80,0,0,0
2019-09-13 12:30,146,48,98,0,0,0
2019-09-13 12:45,140,63,77,0,0,0
2019-09-13 13:00,154,51,103,0,0,0
2019-09-13 13:15,167,54,113,0,0,0
2019-09-13 13:30,163,58,105,0,0,0
2019-09-13 13:45,174,77,97,0,0,0
2019-09-13 14:00,178,60,118,0,0,0
2019-09-13 14:15,163,62,101,0,0,0
2019-09-13 14:30,182,64,118,0,0,0
2019-09-13 14:45,166,64,102,0,0,0
2019-09-13 15:00,189,67,122,0,0,0
2019-09-13 15:15,170,78,92,0,0,0
2019-09-13 15:30,180,72,108,0,0,0
2019-09-13 15:45,151,69,82,0,0,0
2019-09-13 16:00,187,86,101,0,0,0
2019-09-13 16:15,183,77,106,0,0,0
2019-09-13 16:30,148,58,90,0,0,0
2019-09-13 16:45,190,89,101,0,0,0
2019-09-13 17:00,186,72,114,0,0,0
2019-09-13 17:15,153,67,86,0,0,0
2019-09-13 17:30,179,77,102,0,0,0
2019-09-13 17:45,189,94,95,0,0,0
2019-09-13 18:00,140,55,85,0,0,0
2019-09-13 18:15,161,73,88,0,0,0
2019-09-13 18:30,172,51,121,0,0,0
2019-09-13 18:45,157,72,85,0,0,0
2019-09-13 19:00,134,63,71,0,0,0
2019-09-13 19:15,129,51,78,0,0,0
2019-09-13 19:30,115,43,72,0,0,0
2019-09-13 19:45,136,55,81,0,0,0
2019-09-13 20:00,90,31,59,0,0,0
2019-09-13 20:15,85,36,49,0,0,0
2019-09-13 20:30,94,40,54,0,0,0
2019-09-13 20:45,93,43,50,0,0,0
2019-09-13 21:00,86,46,40,0,0,0
2019-09-13 21:15,68,33,35,0,0,0
2019-09-13 21:30,53,14,39,0,0,0
2019-09-13 21:45,60,18,42,0,0,0
2019-09-13 22:00,43,12,31,0,0,0
2019-09-13 22:15,62,19,43,0,0,0
2019-09-13 22:30,54,18,36,0,0,0
2019-09-13 22:45,62,22,40,0,0,0
2019-09-13 23:00,51,9,42,0,0,0
2019-09-13 23:15,52,9,43,0,0,0
2019-09-13 23:30,32,14,18,0,0,0
2019-09-13 23:45,42,14,28,0,0,0
2019-09-14 00:00,38,9,29,0,0,0
2019-09-14 00:15,49,22,27,0,0,0
2019-09-14 00:30,47,14,33,0,0,0
2019-09-14 00:45,42,18,24,0,0,0
2019-09-14 01:00,25,6,19,0,0,0
2019-09-14 01:15,19,5,14,0,0,0
2019-09-14 01:30,28,9,19,0,0,0
2019-09-14 01:45,20,9,11,0,0,0
2019-09-14 02:00,23,5,18,0,0,0
2019-09-14 02:15,28,9,19,0,0,0
2019-09-14 02:30,12,2,10,0,0,0
2019-09-14 02:45,11,4,7,0,0,0
2019-09-14 03:00,20,5,15,0,0,0
2019-09-14 03:15,5,0,5,0,0,0
2019-09-14 03:30,17,3,14,0,0,0
2019-09-14 03:45,11,1,10,0,0,0
2019-09-14 04:00,9,3,6,0,0,0
2019-09-14 04:15,3,0,3,0,0,0
2019-09-14 04:30,6,3,3,0,0,0
2019-09-14 04:45,15,9,6,0,0,0
2019-09-14 05:00,3,3,0,0,0,0
2019-09-14 05:15,3,1,2,0,0,0
2019-09-14 05:30,11,9,2,0,0,0
2019-09-14 05:45,16,10,6,0,0,0
2019-09-14 06:00,12,6,6,0,0,0
2019-09-14 06:15,4,2,2,0,0,0
2019-09-14 06:30,12,6,6,0,0,0
2019-09-14 06:45,7,6,1,0,0,0
2019-09-14 07:00,10,6,4,0,0,0
2019-09-14 07:15,14,11,3,0,0,0
2019-09-14 07:30,26,14,12,0,0,0
2019-09-14 07:45,41,28,13,0,0,0
2019-09-14 08:00,31,16,15,0,0,0
2019-09-14 08:15,36,24,12,0,0,0
2019-09-14 08:30,53,32,21,0,0,0
2019-09-14 08:45,69,49,20,0,0,0
2019-09-14 09:00,94,53,41,0,0,0
2019-09-14 09:15,89,68,21,0,0,0
2019-09-14 09:30,103,65,38,0,0,0
2019-09-14 09:45,172,113,59,0,0,0
2019-09-14 10:00,125,85,40,0,0,0
2019-09-14 10:15,125,103,22,0,0,0
2019-09-14 10:30,151,102,49,0,0,0
2019-09-14 10:45,158,113,45,0,0,0
2019-09-14 11:00,179,111,68,0,0,0
2019-09-14 11:15,186,130,56,0,0,0
2019-09-14 11:30,194,103,91,0,0,0
2019-09-14 11:45,181,104,77,0,0,0
2019-09-14 12:00,179,102,77,0,0,0
2019-09-14 12:15,218,126,92,0,0,0
2019-09-14 12:30,217,96,121,0,0,0
2019-09-14 12:45,230,91,139,0,0,0
2019-09-14 13:00,234,93,141,0,0,0
2019-09-14 13:15,263,97,166,0,0,0
2019-09-14 13:30,190,86,104,0,0,0
2019-09-14 13:45,225,102,123,0,0,0
2019-09-14 14:00,174,71,103,0,0,0
2019-09-14 14:15,187,79,108,0,0,0
2019-09-14 14:30,166,69,97,0,0,0
2019-09-14 14:45,171,80,91,0,0,0
2019-09-14 15:00,168,62,106,0,0,0
2019-09-14 15:15,138,57,81,0,0,0
2019-09-14 15:30,163,79,84,0,0,0
2019-09-14 15:45,161,83,78,0,0,0
2019-09-14 16:00,192,113,79,0,0,0
2019-09-14 16:15,173,103,70,0,0,0
2019-09-14 16:30,142,72,70,0,0,0
2019-09-14 16:45,157,59,98,0,0,0
2019-09-14 17:00,136,61,75,0,0,0
2019-09-14 17:15,120,46,74,0,0,0
2019-09-14 17:30,157,59,98,0,0,0
2019-09-14 17:45,150,67,83,0,0,0
2019-09-14 18:00,136,48,88,0,0,0
2019-09-14 18:15,123,45,78,0,0,0
2019-09-14 18:30,110,54,56,0,0,0
2019-09-14 18:45,132,63,69,0,0,0
2019-09-14 19:00,127,59,68,0,0,0
2019-09-14 19:15,116,46,70,0,0,0
2019-09-14 19:30,94,35,59,0,0,0
2019-09-14 19:45,105,42,63,0,0,0
2019-09-14 20:00,85,21,64,0,0,0
2019-09-14 20:15,87,29,58,0,0,0
2019-09-14 20:30,84,28,56,0,0,0
2019-09-14 20:45,74,33,41,0,0,0
2019-09-14 21:00,53,20,33,0,0,0
2019-09-14 21:15,53,25,28,0,0,0
2019-09-14 21:30,63,23,40,0,0,0
2019-09-14 21:45,31,10,21,0,0,0
2019-09-14 22:00,53,22,31,0,0,0
2019-09-14 22:15,77,25,52,0,0,0
2019-09-14 22:30,72,17,55,0,0,0
2019-09-14 22:45,30,12,18,0,0,0
2019-09-14 23:00,36,11,25,0,0,0
2019-09-14 23:15,39,18,21,0,0,0
2019-09-14 23:30,46,14,32,0,0,0
2019-09-14 23:45,58,16,42,0,0,0
2019-09-15 00:00,45,16,29,0,0,0
2019-09-15 00:15,41,21,20,0,0,0
2019-09-15 00:30,41,9,32,0,0,0
2019-09-15 00:45,35,9,26,0,0,0
2019-09-15 01:00,34,21,13,0,0,0
2019-09-15 01:15,32,12,20,0,0,0
2019-09-15 01:30,32,17,15,0,0,0
2019-09-15 01:45,18,2,16,0,0,0
2019-09-15 02:00,30,5,25,0,0,0
2019-09-15 02:15,13,3,10,0,0,0
2019-09-15 02:30,12,3,9,0,0,0
2019-09-15 02:45,15,1,14,0,0,0
2019-09-15 03:00,5,1,4,0,0,0
2019-09-15 03:15,12,3,9,0,0,0
2019-09-15 03:30,9,3,6,0,0,0
2019-09-15 03:45,15,5,10,0,0,0
2019-09-15 04:00,6,1,5,0,0,0
2019-09-15 04:15,7,3,4,0,0,0
2019-09-15 04:30,7,5,2,0,0,0
2019-09-15 04:45,2,0,2,0,0,0
2019-09-15 05:00,2,1,1,0,0,0
2019-09-15 05:15,7,4,3,0,0,0
2019-09-15 05:30,10,5,5,0,0,0
2019-09-15 05:45,11,4,7,0,0,0
2019-09-15 06:00,1,1,0,0,0,0
2019-09-15 06:15,4,2,2,0,0,0
2019-09-15 06:30,4,1,3,0,0,0
2019-09-15 06:45,4,0,4,0,0,0
2019-09-15 07:00,2,0,2,0,0,0
2019-09-15 07:15,7,3,4,0,0,0
2019-09-15 07:30,6,3,3,0,0,0
2019-09-15 07:45,13,10,3,0,0,0
2019-09-15 08:00,8,6,2,0,0,0
2019-09-15 08:15,10,7,3,0,0,0
2019-09-15 08:30,15,13,2,0,0,0
2019-09-15 08:45,32,16,16,0,0,0
2019-09-15 09:00,22,13,9,0,0,0
2019-09-15 09:15,27,12,15,0,0,0
2019-09-15 09:30,27,18,9,0,0,0
2019-09-15 09:45,66,35,31,0,0,0
2019-09-15 10:00,49,33,16,0,0,0
2019-09-15 10:15,37,21,16,0,0,0
2019-09-15 10:30,55,43,12,0,0,0
2019-09-15 10:45,57,37,20,0,0,0
2019-09-15 11:00,47,21,26,0,0,0
2019-09-15 11:15,44,27,17,0,0,0
2019-09-15 11:30,74,53,21,0,0,0
2019-09-15 11:45,52,21,31,0,0,0
2019-09-15 12:00,74,41,33,0,0,0
2019-09-15 12:15,65,37,28,0,0,0
2019-09-15 12:30,71,47,24,0,0,0
2019-09-15 12:45,72,42,30,0,0,0
2019-09-15 13:00,70,24,46,0,0,0
2019-09-15 13:15,86,45,41,0,0,0
2019-09-15 13:30,110,64,46,0,0,0
2019-09-15 13:45,85,39,46,0,0,0
2019-09-15 14:00,89,45,44,0,0,0
2019-09-15 14:15,70,39,31,0,0,0
2019-09-15 14:30,109,57,52,0,0,0
2019-09-15 14:45,90,43,47,0,0,0
2019-09-15 15:00,87,42,45,0,0,0
2019-09-15 15:15,100,53,47,0,0,0
2019-09-15 15:30,114,60,54,0,0,0
2019-09-15 15:45,104,36,68,0,0,0
2019-09-15 16:00,102,49,53,0,0,0
2019-09-15 16:15,91,47,44,0,0,0
2019-09-15 16:30,99,43,56,0,0,0
2019-09-15 16:45,110,54,56,0,0,0
2019-09-15 17:00,98,43,55,0,0,0
2019-09-15 17:15,105,60,45,0,0,0
2019-09-15 17:30,115,49,66,0,0,0
2019-09-15 17:45,101,47,54,0,0,0
2019-09-15 18:00,91,34,57,0,0,0
2019-09-15 18:15,65,27,38,0,0,0
2019-09-15 18:30,104,44,60,0,0,0
2019-09-15 18:45,82,40,42,0,0,0
2019-09-15 19:00,66,27,39,0,0,0
2019-09-15 19:15,67,26,41,0,0,0
2019-09-15 19:30,59,20,39,0,0,0
2019-09-15 19:45,64,32,32,0,0,0
2019-09-15 20:00,70,26,44,0,0,0
2019-09-15 20:15,45,18,27,0,0,0
2019-09-15 20:30,48,13,35,0,0,0
2019-09-15 20:45,50,15,35,0,0,0
2019-09-15 21:00,34,13,21,0,0,0
2019-09-15 21:15,31,10,21,0,0,0
2019-09-15 21:30,25,5,20,0,0,0
2019-09-15 21:45,19,14,5,0,0,0
2019-09-15 22:00,19,10,9,0,0,0
2019-09-15 22:15,19,7,12,0,0,0
2019-09-15 22:30,24,17,7,0,0,0
2019-09-15 22:45,15,8,7,0,0,0
2019-09-15 23:00,9,2,7,0,0,0
2019-09-15 23:15,7,1,6,0,0,0
2019-09-15 23:30,9,3,6,0,0,0
2019-09-15 23:45,5,1,4,0,0,0
2019-09-16 00:00,10,2,8,0,0,0
2019-09-16 00:15,4,1,3,0,0,0
2019-09-16 00:30,3,1,2,0,0,0
2019-09-16 00:45,7,1,6,0,0,0
2019-09-16 01:00,0,0,0,0,0,0
2019-09-16 01:15,6,1,5,0,0,0
2019-09-16 01:30,4,1,3,0,0,0
2019-09-16 01:45,5,2,3,0,0,0
2019-09-16 02:00,1,1,0,0,0,0
2019-09-16 02:15,1,0,1,0,0,0
2019-09-16 02:30,0,0,0,0,0,0
2019-09-16 02:45,2,1,1,0,0,0
2019-09-16 03:00,3,0,3,0,0,0
2019-09-16 03:15,1,0,1,0,0,0
2019-09-16 03:30,1,1,0,0,0,0
2019-09-16 03:45,0,0,0,0,0,0
2019-09-16 04:00,1,1,0,0,0,0
2019-09-16 04:15,1,0,1,0,0,0
2019-09-16 04:30,1,1,0,0,0,0
2019-09-16 04:45,3,2,1,0,0,0
2019-09-16 05:00,3,3,0,0,0,0
2019-09-16 05:15,7,7,0,0,0,0
2019-09-16 05:30,15,11,4,0,0,0
2019-09-16 05:45,19,17,2,0,0,0
2019-09-16 06:00,14,6,8,0,0,0
2019-09-16 06:15,38,31,7,0,0,0
2019-09-16 06:30,30,22,8,0,0,0
2019-09-16 06:45,55,44,11,0,0,0
2019-09-16 07:00,56,42,14,0,0,0
2019-09-16 07:15,100,59,41,0,0,0
2019-09-16 07:30,156,97,59,0,0,0
2019-09-16 07:45,140,93,47,0,0,0
2019-09-16 08:00,101,73,28,0,0,0
2019-09-16 08:15,98,66,32,0,0,0
2019-09-16 08:30,104,71,33,0,0,0
2019-09-16 08:45,101,70,31,0,0,0
2019-09-16 09:00,84,55,29,0,0,0
2019-09-16 09:15,60,37,23,0,0,0
2019-09-16 09:30,54,35,19,0,0,0
2019-09-16 09:45,70,46,24,0,0,0
2019-09-16 10:00,56,35,21,0,0,0
2019-09-16 10:15,47,26,21,0,0,0
2019-09-16 10:30,35,17,18,0,0,0
2019-09-16 10:45,58,25,33,0,0,0
2019-09-16 11:00,56,26,30,0,0,0
2019-09-16 11:15,55,33,22,0,0,0
2019-09-16 11:30,61,33,28,0,0,0
2019-09-16 11:45,58,25,33,0,0,0
2019-09-16 12:00,76,34,42,0,0,0
2019-09-16 12:15,82,31,51,0,0,0
2019-09-16 12:30,84,36,48,0,0,0
2019-09-16 12:45,100,51,49,0,0,0
2019-09-16 13:00,96,44,52,0,0,0
2019-09-16 13:15,86,34,52,0,0,0
2019-09-16 13:30,83,31,52,0,0,0
2019-09-16 13:45,106,54,52,0,0,0
2019-09-16 14:00,103,36,67,0,0,0
2019-09-16 14:15,102,43,59,0,0,0
2019-09-16 14:30,85,36,49,0,0,0
2019-09-16 14:45,119,55,64,0,0,0
2019-09-16 15:00,113,42,71,0,0,0
2019-09-16 15:15,117,49,68,0,0,0
2019-09-16 15:30,136,49,87,0,0,0
2019-09-16 15:45,136,58,78,0,0,0
2019-09-16 16:00,157,63,94,0,0,0
2019-09-16 16:15,152,56,96,0,0,0
2019-09-16 16:30,154,52,102,0,0,0
2019-09-16 16:45,156,54,102,0,0,0
2019-09-16 17:00,153,66,87,0,0,0
2019-09-16 17:15,172,59,113,0,0,0
2019-09-16 17:30,161,64,97,0,0,0
2019-09-16 17:45,196,68,128,0,0,0
2019-09-16 18:00,177,61,116,0,0,0
2019-09-16 18:15,164,49,115,0,0,0
2019-09-16 18:30,138,56,82,0,0,0
2019-09-16 18:45,150,51,99,0,0,0
2019-09-16 19:00,96,39,57,0,0,0
2019-09-16 19:15,86,25,61,0,0,0
2019-09-16 19:30,97,38,59,0,0,0
2019-09-16 19:45,89,36,53,0,0,0
2019-09-16 20:00,62,23,39,0,0,0
2019-09-16 20:15,62,21,41,0,0,0
2019-09-16 20:30,79,16,63,0,0,0
2019-09-16 20:45,48,14,34,0,0,0
2019-09-16 21:00,47,16,31,0,0,0
2019-09-16 21:15,43,13,30,0,0,0
2019-09-16 21:30,38,10,28,0,0,0
2019-09-16 21:45,42,17,25,0,0,0
2019-09-16 22:00,42,10,32,0,0,0
2019-09-16 22:15,41,16,25,0,0,0
2019-09-16 22:30,36,12,24,0,0,0
2019-09-16 22:45,32,11,21,0,0,0
2019-09-16 23:00,36,14,22,0,0,0
2019-09-16 23:15,28,12,16,0,0,0
2019-09-16 23:30,19,10,9,0,0,0
2019-09-16 23:45,15,6,9,0,0,0
2019-09-17 00:00,16,8,8,0,0,0
2019-09-17 00:15,14,4,10,0,0,0
2019-09-17 00:30,7,4,3,0,0,0
2019-09-17 00:45,8,0,8,0,0,0
2019-09-17 01:00,11,0,11,0,0,0
2019-09-17 01:15,3,0,3,0,0,0
2019-09-17 01:30,2,2,0,0,0,0
2019-09-17 01:45,5,0,5,0,0,0
2019-09-17 02:00,0,0,0,0,0,0
2019-09-17 02:15,0,0,0,0,0,0
2019-09-17 02:30,1,0,1,0,0,0
2019-09-17 02:45,2,1,1,0,0,0
2019-09-17 03:00,0,0,0,0,0,0
2019-09-17 03:15,2,1,1,0,0,0
2019-09-17 03:30,0,0,0,0,0,0
2019-09-17 03:45,0,0,0,0,0,0
2019-09-17 04:00,1,0,1,0,0,0
2019-09-17 04:15,1,1,0,0,0,0
2019-09-17 04:30,0,0,0,0,0,0
2019-09-17 04:45,5,4,1,0,0,0
2019-09-17 05:00,6,4,2,0,0,0
2019-09-17 05:15,9,4,5,0,0,0
2019-09-17 05:30,17,13,4,0,0,0
2019-09-17 05:45,24,18,6,0,0,0
2019-09-17 06:00,23,12,11,0,0,0
2019-09-17 06:15,35,30,5,0,0,0
2019-09-17 06:30,55,41,14,0,0,0
2019-09-17 06:45,62,44,18,0,0,0
2019-09-17 07:00,75,44,31,0,0,0
2019-09-17 07:15,136,83,53,0,0,0
2019-09-17 07:30,191,122,69,0,0,0
2019-09-17 07:45,209,132,77,0,0,0
2019-09-17 08:00,177,141,36,0,0,0
2019-09-17 08:15,162,112,50,0,0,0
2019-09-17 08:30,135,94,41,0,0,0
2019-09-17 08:45,173,113,60,0,0,0
2019-09-17 09:00,102,57,45,0,0,0
2019-09-17 09:15,101,67,34,0,0,0
2019-09-17 09:30,110,67,43,0,0,0
2019-09-17 09:45,108,62,46,0,0,0
2019-09-17 10:00,103,64,39,0,0,0
2019-09-17 10:15,116,70,46,0,0,0
2019-09-17 10:30,110,48,62,0,0,0
2019-09-17 10:45,119,58,61,0,0,0
2019-09-17 11:00,105,57,48,0,0,0
2019-09-17 11:15,127,53,74,0,0,0
2019-09-17 11:30,128,52,76,0,0,0
2019-09-17 11:45,157,61,96,0,0,0
2019-09-17 12:00,123,58,65,0,0,0
2019-09-17 12:15,145,58,87,0,0,0
2019-09-17 12:30,152,58,94,0,0,0
2019-09-17 12:45,153,61,92,0,0,0
2019-09-17 13:00,170,68,102,0,0,0
2019-09-17 13:15,133,49,84,0,0,0
2019-09-17 13:30,146,57,89,0,0,0
2019-09-17 13:45,145,68,77,0,0,0
2019-09-17 14:00,134,48,86,0,0,0
2019-09-17 14:15,115,45,70,0,0,0
2019-09-17 14:30,149,58,91,0,0,0
2019-09-17 14:45,129,54,75,0,0,0
2019-09-17 15:00,169,62,107,0,0,0
2019-09-17 15:15,163,59,104,0,0,0
2019-09-17 15:30,160,61,99,0,0,0
2019-09-17 15:45,194,67,127,0,0,0
2019-09-17 16:00,197,66,131,0,0,0
2019-09-17 16:15,185,49,136,0,0,0
2019-09-17 16:30,210,73,137,0,0,0
2019-09-17 16:45,214,81,133,0,0,0
2019-09-17 17:00,203,67,136,0,0,0
2019-09-17 17:15,223,88,135,0,0,0
2019-09-17 17:30,199,68,131,0,0,0
2019-09-17 17:45,205,72,133,0,0,0
2019-09-17 18:00,188,61,127,0,0,0
2019-09-17 18:15,185,82,103,0,0,0
2019-09-17 18:30,185,63,122,0,0,0
2019-09-17 18:45,133,50,83,0,0,0
2019-09-17 19:00,127,32,95,0,0,0
2019-09-17 19:15,122,43,79,0,0,0
2019-09-17 19:30,122,45,77,0,0,0
2019-09-17 19:45,124,44,80,0,0,0
2019-09-17 20:00,88,29,59,0,0,0
2019-09-17 20:15,98,35,63,0,0,0
2019-09-17 20:30,73,26,47,0,0,0
2019-09-17 20:45,51,17,34,0,0,0
2019-09-17 21:00,54,15,39,0,0,0
2019-09-17 21:15,53,16,37,0,0,0
2019-09-17 21:30,44,9,35,0,0,0
2019-09-17 21:45,55,12,43,0,0,0
2019-09-17 22:00,55,16,39,0,0,0
2019-09-17 22:15,45,12,33,0,0,0
2019-09-17 22:30,39,13,26,0,0,0
2019-09-17 22:45,37,8,29,0,0,0
2019-09-17 23:00,71,26,45,0,0,0
2019-09-17 23:15,44,12,32,0,0,0
2019-09-17 23:30,28,9,19,0,0,0
2019-09-17 23:45,21,4,17,0,0,0
2019-09-18 00:00,12,6,6,0,0,0
2019-09-18 00:15,17,5,12,0,0,0
2019-09-18 00:30,13,5,8,0,0,0
2019-09-18 00:45,2,0,2,0,0,0
2019-09-18 01:00,4,0,4,0,0,0
2019-09-18 01:15,7,3,4,0,0,0
2019-09-18 01:30,1,1,0,0,0,0
2019-09-18 01:45,5,3,2,0,0,0
2019-09-18 02:00,3,0,3,0,0,0
2019-09-18 02:15,1,1,0,0,0,0
2019-09-18 02:30,1,0,1,0,0,0
2019-09-18 02:45,1,1,0,0,0,0
2019-09-18 03:00,5,0,5,0,0,0
2019-09-18 03:15,1,1,0,0,0,0
2019-09-18 03:30,2,0,2,0,0,0
2019-09-18 03:45,0,0,0,0,0,0
2019-09-18 04:00,4,0,4,0,0,0
2019-09-18 04:15,6,2,4,0,0,0
2019-09-18 04:30,2,2,0,0,0,0
2019-09-18 04:45,2,1,1,0,0,0
2019-09-18 05:00,3,3,0,0,0,0
2019-09-18 05:15,10,8,2,0,0,0
2019-09-18 05:30,11,8,3,0,0,0
2019-09-18 05:45,24,21,3,0,0,0
2019-09-18 06:00,18,15,3,0,0,0
2019-09-18 06:15,38,32,6,0,0,0
2019-09-18 06:30,48,34,14,0,0,0
2019-09-18 06:45,69,55,14,0,0,0
2019-09-18 07:00,72,44,28,0,0,0
2019-09-18 07:15,140,97,43,0,0,0
2019-09-18 07:30,197,135,62,0,0,0
2019-09-18 07:45,179,118,61,0,0,0
2019-09-18 08:00,133,89,44,0,0,0
2019-09-18 08:15,151,108,43,0,0,0
2019-09-18 08:30,124,83,41,0,0,0
2019-09-18 08:45,159,105,54,0,0,0
2019-09-18 09:00,135,95,40,0,0,0
2019-09-18 09:15,144,90,54,0,0,0
2019-09-18 09:30,128,78,50,0,0,0
2019-09-18 09:45,150,115,35,0,0,0
2019-09-18 10:00,114,64,50,0,0,0
2019-09-18 10:15,127,75,52,0,0,0
2019-09-18 10:30,119,70,49,0,0,0
2019-09-18 10:45,117,68,49,0,0,0
2019-09-18 11:00,102,58,44,0,0,0
2019-09-18 11:15,130,73,57,0,0,0
2019-09-18 11:30,117,64,53,0,0,0
2019-09-18 11:45,140,76,64,0,0,0
2019-09-18 12:00,149,63,86,0,0,0
2019-09-18 12:15,138,64,74,0,0,0
2019-09-18 12:30,157,58,99,0,0,0
2019-09-18 12:45,166,68,98,0,0,0
2019-09-18 13:00,164,62,102,0,0,0
2019-09-18 13:15,177,59,118,0,0,0
2019-09-18 13:30,156,56,100,0,0,0
2019-09-18 13:45,161,76,85,0,0,0
2019-09-18 14:00,168,51,117,0,0,0
2019-09-18 14:15,138,53,85,0,0,0
2019-09-18 14:30,146,53,93,0,0,0
2019-09-18 14:45,162,61,101,0,0,0
2019-09-18 15:00,170,65,105,0,0,0
2019-09-18 15:15,166,49,117,0,0,0
2019-09-18 15:30,157,59,98,0,0,0
2019-09-18 15:45,182,69,113,0,0,0
2019-09-18 16:00,186,70,116,0,0,0
2019-09-18 16:15,178,59,119,0,0,0
2019-09-18 16:30,221,88,133,0,0,0
2019-09-18 16:45,203,99,104,0,0,0
2019-09-18 17:00,194,66,128,0,0,0
2019-09-18 17:15,202,66,136,0,0,0
2019-09-18 17:30,197,69,128,0,0,0
2019-09-18 17:45,226,88,138,0,0,0
2019-09-18 18:00,206,73,133,0,0,0
2019-09-18 18:15,179,60,119,0,0,0
2019-09-18 18:30,174,47,127,0,0,0
2019-09-18 18:45,152,71,81,0,0,0
2019-09-18 19:00,140,48,92,0,0,0
2019-09-18 19:15,128,40,88,0,0,0
2019-09-18 19:30,115,33,82,0,0,0
2019-09-18 19:45,108,38,70,0,0,0
2019-09-18 20:00,95,39,56,0,0,0
2019-09-18 20:15,90,25,65,0,0,0
2019-09-18 20:30,67,22,45,0,0,0
2019-09-18 20:45,54,13,41,0,0,0
2019-09-18 21:00,71,45,26,0,0,0
2019-09-18 21:15,53,14,39,0,0,0
2019-09-18 21:30,55,19,36,0,0,0
2019-09-18 21:45,54,20,34,0,0,0
2019-09-18 22:00,43,10,33,0,0,0
2019-09-18 22:15,42,15,27,0,0,0
2019-09-18 22:30,36,9,27,0,0,0
2019-09-18 22:45,34,12,22,0,0,0
2019-09-18 23:00,39,14,25,0,0,0
2019-09-18 23:15,38,17,21,0,0,0
2019-09-18 23:30,26,10,16,0,0,0
2019-09-18 23:45,13,2,11,0,0,0
2019-09-19 00:00,25,10,15,0,0,0
2019-09-19 00:15,27,9,18,0,0,0
2019-09-19 00:30,12,3,9,0,0,0
2019-09-19 00:45,9,1,8,0,0,0
2019-09-19 01:00,8,3,5,0,0,0
2019-09-19 01:15,9,4,5,0,0,0
2019-09-19 01:30,7,0,7,0,0,0
2019-09-19 01:45,5,1,4,0,0,0
2019-09-19 02:00,5,0,5,0,0,0
2019-09-19 02:15,4,0,4,0,0,0
2019-09-19 02:30,3,2,1,0,0,0
2019-09-19 02:45,7,1,6,0,0,0
2019-09-19 03:00,3,1,2,0,0,0
2019-09-19 03:15,6,0,6,0,0,0
2019-09-19 03:30,1,0,1,0,0,0
2019-09-19 03:45,1,0,1,0,0,0
2019-09-19 04:00,3,0,3,0,0,0
2019-09-19 04:15,1,1,0,0,0,0
2019-09-19 04:30,4,2,2,0,0,0
2019-09-19 04:45,6,2,4,0,0,0
2019-09-19 05:00,1,0,1,0,0,0
2019-09-19 05:15,11,6,5,0,0,0
2019-09-19 05:30,12,9,3,0,0,0
2019-09-19 05:45,25,17,8,0,0,0
2019-09-19 06:00,20,16,4,0,0,0
2019-09-19 06:15,35,31,4,0,0,0
2019-09-19 06:30,36,24,12,0,0,0
2019-09-19 06:45,72,52,20,0,0,0
2019-09-19 07:00,67,46,21,0,0,0
2019-09-19 07:15,109,65,44,0,0,0
2019-09-19 07:30,153,95,58,0,0,0
2019-09-19 07:45,188,119,69,0,0,0
2019-09-19 08:00,129,90,39,0,0,0
2019-09-19 08:15,105,78,27,0,0,0
2019-09-19 08:30,133,80,53,0,0,0
2019-09-19 08:45,152,109,43,0,0,0
2019-09-19 09:00,113,77,36,0,0,0
2019-09-19 09:15,121,77,44,0,0,0
2019-09-19 09:30,98,71,27,0,0,0
2019-09-19 09:45,98,70,28,0,0,0
2019-09-19 10:00,74,44,30,0,0,0
2019-09-19 10:15,91,46,45,0,0,0
2019-09-19 10:30,94,62,32,0,0,0
2019-09-19 10:45,119,65,54,0,0,0
2019-09-19 11:00,92,56,36,0,0,0
2019-09-19 11:15,115,66,49,0,0,0
2019-09-19 11:30,109,53,56,0,0,0
2019-09-19 11:45,126,61,65,0,0,0
2019-09-19 12:00,134,64,70,0,0,0
2019-09-19 12:15,117,57,60,0,0,0
2019-09-19 12:30,139,64,75,0,0,0
2019-09-19 12:45,179,63,116,0,0,0
2019-09-19 13:00,143,48,95,0,0,0
2019-09-19 13:15,151,63,88,0,0,0
2019-09-19 13:30,148,63,85,0,0,0
2019-09-19 13:45,177,78,99,0,0,0
2019-09-19 14:00,162,72,90,0,0,0
2019-09-19 14:15,186,64,122,0,0,0
2019-09-19 14:30,152,68,84,0,0,0
2019-09-19 14:45,197,95,102,0,0,0
2019-09-19 15:00,203,80,123,0,0,0
2019-09-19 15:15,187,80,107,0,0,0
2019-09-19 15:30,209,94,115,0,0,0
2019-09-19 15:45,193,79,114,0,0,0
2019-09-19 16:00,192,80,112,0,0,0
2019-09-19 16:15,179,73,106,0,0,0
2019-09-19 16:30,220,97,123,0,0,0
2019-09-19 16:45,221,93,128,0,0,0
2019-09-19 17:00,234,81,153,0,0,0
2019-09-19 17:15,235,95,140,0,0,0
2019-09-19 17:30,216,86,130,0,0,0
2019-09-19 17:45,208,83,125,0,0,0
2019-09-19 18:00,196,69,127,0,0,0
2019-09-19 18:15,191,68,123,0,0,0
2019-09-19 18:30,213,77,136,0,0,0
2019-09-19 18:45,168,72,96,0,0,0
2019-09-19 19:00,163,54,109,0,0,0
2019-09-19 19:15,145,62,83,0,0,0
2019-09-19 19:30,134,53,81,0,0,0
2019-09-19 19:45,128,44,84,0,0,0
2019-09-19 20:00,102,33,69,0,0,0
2019-09-19 20:15,61,17,44,0,0,0
2019-09-19 20:30,85,22,63,0,0,0
2019-09-19 20:45,60,22,38,0,0,0
2019-09-19 21:00,58,20,38,0,0,0
2019-09-19 21:15,58,19,39,0,0,0
2019-09-19 21:30,70,13,57,0,0,0
2019-09-19 21:45,50,11,39,0,0,0
2019-09-19 22:00,53,19,34,0,0,0
2019-09-19 22:15,49,16,33,0,0,0
2019-09-19 22:30,60,14,46,0,0,0
2019-09-19 22:45,52,17,35,0,0,0
2019-09-19 23:00,38,13,25,0,0,0
2019-09-19 23:15,48,8,40,0,0,0
2019-09-19 23:30,31,15,16,0,0,0
2019-09-19 23:45,22,7,15,0,0,0
2019-09-20 00:00,20,12,8,0,0,0
2019-09-20 00:15,24,8,16,0,0,0
2019-09-20 00:30,10,0,10,0,0,0
2019-09-20 00:45,7,2,5,0,0,0
2019-09-20 01:00,8,1,7,0,0,0
2019-09-20 01:15,7,1,6,0,0,0
2019-09-20 01:30,6,2,4,0,0,0
2019-09-20 01:45,5,1,4,0,0,0
2019-09-20 02:00,1,1,0,0,0,0
2019-09-20 02:15,6,3,3,0,0,0
2019-09-20 02:30,4,0,4,0,0,0
2019-09-20 02:45,1,0,1,0,0,0
2019-09-20 03:00,0,0,0,0,0,0
2019-09-20 03:15,0,0,0,0,0,0
2019-09-20 03:30,0,0,0,0,0,0
2019-09-20 03:45,1,1,0,0,0,0
2019-09-20 04:00,4,1,3,0,0,0
2019-09-20 04:15,4,2,2,0,0,0
2019-09-20 04:30,0,0,0,0,0,0
2019-09-20 04:45,4,3,1,0,0,0
2019-09-20 05:00,3,3,0,0,0,0
2019-09-20 05:15,8,4,4,0,0,0
2019-09-20 05:30,13,7,6,0,0,0
2019-09-20 05:45,20,16,4,0,0,0
2019-09-20 06:00,19,15,4,0,0,0
2019-09-20 06:15,29,23,6,0,0,0
2019-09-20 06:30,35,23,12,0,0,0
2019-09-20 06:45,53,40,13,0,0,0
2019-09-20 07:00,72,45,27,0,0,0
2019-09-20 07:15,111,69,42,0,0,0
2019-09-20 07:30,166,109,57,0,0,0
2019-09-20 07:45,173,117,56,0,0,0
2019-09-20 08:00,129,86,43,0,0,0
2019-09-20 08:15,132,85,47,0,0,0
2019-09-20 08:30,129,83,46,0,0,0
2019-09-20 08:45,151,95,56,0,0,0
2019-09-20 09:00,103,76,27,0,0,0
2019-09-20 09:15,138,107,31,0,0,0
2019-09-20 09:30,240,204,36,0,0,0
2019-09-20 09:45,259,226,33,0,0,0
2019-09-20 10:00,225,183,42,0,0,0
2019-09-20 10:15,156,110,46,0,0,0
2019-09-20 10:30,119,77,42,0,0,0
2019-09-20 10:45,153,81,72,0,0,0
2019-09-20 11:00,128,55,73,0,0,0
2019-09-20 11:15,159,56,103,0,0,0
2019-09-20 11:30,161,68,93,0,0,0
2019-09-20 11:45,177,71,106,0,0,0
2019-09-20 12:00,157,52,105,0,0,0
2019-09-20 12:15,175,55,120,0,0,0
2019-09-20 12:30,188,62,126,0,0,0
2019-09-20 12:45,218,86,132,0,0,0
2019-09-20 13:00,219,63,156,0,0,0
2019-09-20 13:15,219,55,164,0,0,0
2019-09-20 13:30,247,76,171,0,0,0
2019-09-20 13:45,249,79,170,0,0,0
2019-09-20 14:00,202,62,140,0,0,0
2019-09-20 14:15,186,70,116,0,0,0
2019-09-20 14:30,199,84,115,0,0,0
2019-09-20 14:45,180,69,111,0,0,0
2019-09-20 15:00,207,87,120,0,0,0
2019-09-20 15:15,185,79,106,0,0,0
2019-09-20 15:30,166,73,93,0,0,0
2019-09-20 15:45,174,65,109,0,0,0
2019-09-20 16:00,224,100,124,0,0,0
2019-09-20 16:15,223,94,129,0,0,0
2019-09-20 16:30,175,82,93,0,0,0
2019-09-20 16:45,190,83,107,0,0,0
2019-09-20 17:00,209,76,133,0,0,0
2019-09-20 17:15,196,72,124,0,0,0
2019-09-20 17:30,171,83,88,0,0,0
2019-09-20 17:45,182,79,103,0,0,0
2019-09-20 18:00,158,72,86,0,0,0
2019-09-20 18:15,163,49,114,0,0,0
2019-09-20 18:30,147,66,81,0,0,0
2019-09-20 18:45,197,79,118,0,0,0
2019-09-20 19:00,168,83,85,0,0,0
2019-09-20 19:15,147,64,83,0,0,0
2019-09-20 19:30,108,46,62,0,0,0
2019-09-20 19:45,106,49,57,0,0,0
2019-09-20 20:00,108,42,66,0,0,0
2019-09-20 20:15,106,36,70,0,0,0
2019-09-20 20:30,72,24,48,0,0,0
2019-09-20 20:45,77,36,41,0,0,0
2019-09-20 21:00,62,14,48,0,0,0
2019-09-20 21:15,57,19,38,0,0,0
2019-09-20 21:30,43,8,35,0,0,0
2019-09-20 21:45,58,20,38,0,0,0
2019-09-20 22:00,61,14,47,0,0,0
2019-09-20 22:15,34,16,18,0,0,0
2019-09-20 22:30,50,10,40,0,0,0
2019-09-20 22:45,52,9,43,0,0,0
2019-09-20 23:00,44,14,30,0,0,0
2019-09-20 23:15,36,12,24,0,0,0
2019-09-20 23:30,40,10,30,0,0,0
2019-09-20 23:45,32,13,19,0,0,0
2019-09-21 00:00,32,9,23,0,0,0
2019-09-21 00:15,36,12,24,0,0,0
2019-09-21 00:30,28,15,13,0,0,0
2019-09-21 00:45,19,8,11,0,0,0
2019-09-21 01:00,24,3,21,0,0,0
2019-09-21 01:15,31,9,22,0,0,0
2019-09-21 01:30,20,5,15,0,0,0
2019-09-21 01:45,18,5,13,0,0,0
2019-09-21 02:00,11,2,9,0,0,0
2019-09-21 02:15,13,1,12,0,0,0
2019-09-21 02:30,20,6,14,0,0,0
2019-09-21 02:45,9,2,7,0,0,0
2019-09-21 03:00,11,3,8,0,0,0
2019-09-21 03:15,8,0,8,0,0,0
2019-09-21 03:30,6,1,5,0,0,0
2019-09-21 03:45,12,0,12,0,0,0
2019-09-21 04:00,9,2,7,0,0,0
2019-09-21 04:15,6,2,4,0,0,0
2019-09-21 04:30,3,0,3,0,0,0
2019-09-21 04:45,5,2,3,0,0,0
2019-09-21 05:00,2,1,1,0,0,0
2019-09-21 05:15,3,2,1,0,0,0
2019-09-21 05:30,9,5,4,0,0,0
2019-09-21 05:45,14,5,9,0,0,0
2019-09-21 06:00,9,4,5,0,0,0
2019-09-21 06:15,5,3,2,0,0,0
2019-09-21 06:30,11,4,7,0,0,0
2019-09-21 06:45,5,3,2,0,0,0
2019-09-21 07:00,17,13,4,0,0,0
2019-09-21 07:15,14,8,6,0,0,0
2019-09-21 07:30,28,19,9,0,0,0
2019-09-21 07:45,34,28,6,0,0,0
2019-09-21 08:00,34,16,18,0,0,0
2019-09-21 08:15,34,21,13,0,0,0
2019-09-21 08:30,47,30,17,0,0,0
2019-09-21 08:45,75,56,19,0,0,0
2019-09-21 09:00,58,43,15,0,0,0
2019-09-21 09:15,80,60,20,0,0,0
2019-09-21 09:30,84,60,24,0,0,0
2019-09-21 09:45,136,102,34,0,0,0
2019-09-21 10:00,124,95,29,0,0,0
2019-09-21 10:15,120,90,30,0,0,0
2019-09-21 10:30,159,92,67,0,0,0
2019-09-21 10:45,173,124,49,0,0,0
2019-09-21 11:00,178,115,63,0,0,0
2019-09-21 11:15,197,126,71,0,0,0
2019-09-21 11:30,166,97,69,0,0,0
2019-09-21 11:45,187,113,74,0,0,0
2019-09-21 12:00,189,93,96,0,0,0
2019-09-21 12:15,190,97,93,0,0,0
2019-09-21 12:30,203,100,103,0,0,0
2019-09-21 12:45,216,122,94,0,0,0
2019-09-21 13:00,155,78,77,0,0,0
2019-09-21 13:15,190,93,97,0,0,0
2019-09-21 13:30,223,105,118,0,0,0
2019-09-21 13:45,212,102,110,0,0,0
2019-09-21 14:00,197,107,90,0,0,0
2019-09-21 14:15,179,74,105,0,0,0
2019-09-21 14:30,192,61,131,0,0,0
2019-09-21 14:45,184,80,104,0,0,0
2019-09-21 15:00,184,65,119,0,0,0
2019-09-21 15:15,205,87,118,0,0,0
2019-09-21 15:30,155,62,93,0,0,0
2019-09-21 15:45,186,93,93,0,0,0
2019-09-21 16:00,168,63,105,0,0,0
2019-09-21 16:15,165,69,96,0,0,0
2019-09-21 16:30,163,66,97,0,0,0
2019-09-21 16:45,187,64,123,0,0,0
2019-09-21 17:00,138,53,85,0,0,0
2019-09-21 17:15,159,65,94,0,0,0
2019-09-21 17:30,171,62,109,0,0,0
2019-09-21 17:45,153,60,93,0,0,0
2019-09-21 18:00,160,56,104,0,0,0
2019-09-21 18:15,165,61,104,0,0,0
2019-09-21 18:30,115,58,57,0,0,0
2019-09-21 18:45,158,50,108,0,0,0
2019-09-21 19:00,129,46,83,0,0,0
2019-09-21 19:15,122,53,69,0,0,0
2019-09-21 19:30,109,38,71,0,0,0
2019-09-21 19:45,89,43,46,0,0,0
2019-09-21 20:00,98,33,65,0,0,0
2019-09-21 20:15,84,26,58,0,0,0
2019-09-21 20:30,87,20,67,0,0,0
2019-09-21 20:45,57,23,34,0,0,0
2019-09-21 21:00,67,27,40,0,0,0
2019-09-21 21:15,70,22,48,0,0,0
2019-09-21 21:30,36,9,27,0,0,0
2019-09-21 21:45,43,13,30,0,0,0
2019-09-21 22:00,30,12,18,0,0,0
2019-09-21 22:15,56,21,35,0,0,0
2019-09-21 22:30,48,12,36,0,0,0
2019-09-21 22:45,44,20,24,0,0,0
2019-09-21 23:00,47,18,29,0,0,0
2019-09-21 23:15,32,18,14,0,0,0
2019-09-21 23:30,36,10,26,0,0,0
2019-09-21 23:45,50,18,32,0,0,0
2019-09-22 00:00,48,22,26,0,0,0
2019-09-22 00:15,32,6,26,0,0,0
2019-09-22 00:30,30,15,15,0,0,0
2019-09-22 00:45,30,15,15,0,0,0
2019-09-22 01:00,22,7,15,0,0,0
2019-09-22 01:15,22,5,17,0,0,0
2019-09-22 01:30,20,6,14,0,0,0
2019-09-22 01:45,24,10,14,0,0,0
2019-09-22 02:00,19,12,7,0,0,0
2019-09-22 02:15,13,3,10,0,0,0
2019-09-22 02:30,11,7,4,0,0,0
2019-09-22 02:45,18,5,13,0,0,0
2019-09-22 03:00,14,1,13,0,0,0
2019-09-22 03:15,19,4,15,0,0,0
2019-09-22 03:30,14,4,10,0,0,0
2019-09-22 03:45,10,1,9,0,0,0
2019-09-22 04:00,6,2,4,0,0,0
2019-09-22 04:15,7,0,7,0,0,0
2019-09-22 04:30,11,3,8,0,0,0
2019-09-22 04:45,5,3,2,0,0,0
2019-09-22 05:00,0,0,0,0,0,0
2019-09-22 05:15,5,2,3,0,0,0
2019-09-22 05:30,4,1,3,0,0,0
2019-09-22 05:45,9,3,6,0,0,0
2019-09-22 06:00,4,3,1,0,0,0
2019-09-22 06:15,4,1,3,0,0,0
2019-09-22 06:30,3,1,2,0,0,0
2019-09-22 06:45,6,2,4,0,0,0
2019-09-22 07:00,4,2,2,0,0,0
2019-09-22 07:15,4,3,1,0,0,0
2019-09-22 07:30,6,4,2,0,0,0
2019-09-22 07:45,13,5,8,0,0,0
2019-09-22 08:00,4,3,1,0,0,0
2019-09-22 08:15,11,3,8,0,0,0
2019-09-22 08:30,16,8,8,0,0,0
2019-09-22 08:45,20,11,9,0,0,0
2019-09-22 09:00,16,13,3,0,0,0
2019-09-22 09:15,20,10,10,0,0,0
2019-09-22 09:30,29,15,14,0,0,0
2019-09-22 09:45,45,25,20,0,0,0
2019-09-22 10:00,43,25,18,0,0,0
2019-09-22 10:15,43,25,18,0,0,0
2019-09-22 10:30,42,21,21,0,0,0
2019-09-22 10:45,46,26,20,0,0,0
2019-09-22 11:00,36,19,17,0,0,0
2019-09-22 11:15,88,47,41,0,0,0
2019-09-22 11:30,60,28,32,0,0,0
2019-09-22 11:45,58,39,19,0,0,0
2019-09-22 12:00,52,25,27,0,0,0
2019-09-22 12:15,73,34,39,0,0,0
2019-09-22 12:30,78,44,34,0,0,0
2019-09-22 12:45,56,32,24,0,0,0
2019-09-22 13:00,64,31,33,0,0,0
2019-09-22 13:15,105,48,57,0,0,0
2019-09-22 13:30,78,43,35,0,0,0
2019-09-22 13:45,82,48,34,0,0,0
2019-09-22 14:00,87,44,43,0,0,0
2019-09-22 14:15,97,48,49,0,0,0
2019-09-22 14:30,91,52,39,0,0,0
2019-09-22 14:45,117,58,59,0,0,0
2019-09-22 15:00,107,38,69,0,0,0
2019-09-22 15:15,99,47,52,0,0,0
2019-09-22 15:30,115,36,79,0,0,0
2019-09-22 15:45,118,56,62,0,0,0
2019-09-22 16:00,125,53,72,0,0,0
2019-09-22 16:15,103,39,64,0,0,0
2019-09-22 16:30,107,48,59,0,0,0
2019-09-22 16:45,116,49,67,0,0,0
2019-09-22 17:00,103,44,59,0,0,0
2019-09-22 17:15,90,47,43,0,0,0
2019-09-22 17:30,114,78,36,0,0,0
2019-09-22 17:45,151,73,78,0,0,0
2019-09-22 18:00,101,55,46,0,0,0
2019-09-22 18:15,85,40,45,0,0,0
2019-09-22 18:30,80,42,38,0,0,0
2019-09-22 18:45,83,40,43,0,0,0
2019-09-22 19:00,109,54,55,0,0,0
2019-09-22 19:15,69,29,40,0,0,0
2019-09-22 19:30,70,29,41,0,0,0
2019-09-22 19:45,57,24,33,0,0,0
2019-09-22 20:00,77,27,50,0,0,0
2019-09-22 20:15,46,23,23,0,0,0
2019-09-22 20:30,61,31,30,0,0,0
2019-09-22 20:45,59,13,46,0,0,0
2019-09-22 21:00,51,15,36,0,0,0
2019-09-22 21:15,30,4,26,0,0,0
2019-09-22 21:30,39,15,24,0,0,0
2019-09-22 21:45,30,3,27,0,0,0
2019-09-22 22:00,25,5,20,0,0,0
2019-09-22 22:15,22,9,13,0,0,0
2019-09-22 22:30,14,5,9,0,0,0
2019-09-22 22:45,24,1,23,0,0,0
2019-09-22 23:00,25,10,15,0,0,0
2019-09-22 23:15,11,2,9,0,0,0
2019-09-22 23:30,13,5,8,0,0,0
2019-09-22 23:45,7,2,5,0,0,0
2019-09-23 00:00,5,2,3,0,0,0
2019-09-23 00:15,5,2,3,0,0,0
2019-09-23 00:30,2,0,2,0,0,0
2019-09-23 00:45,3,1,2,0,0,0
2019-09-23 01:00,3,0,3,0,0,0
2019-09-23 01:15,2,1,1,0,0,0
2019-09-23 01:30,2,0,2,0,0,0
2019-09-23 01:45,3,2,1,0,0,0
2019-09-23 02:00,0,0,0,0,0,0
2019-09-23 02:15,5,0,5,0,0,0
2019-09-23 02:30,2,1,1,0,0,0
2019-09-23 02:45,0,0,0,0,0,0
2019-09-23 03:00,1,0,1,0,0,0
2019-09-23 03:15,1,1,0,0,0,0
2019-09-23 03:30,0,0,0,0,0,0
2019-09-23 03:45,2,1,1,0,0,0
2019-09-23 04:00,2,2,0,0,0,0
2019-09-23 04:15,1,1,0,0,0,0
2019-09-23 04:30,2,2,0,0,0,0
2019-09-23 04:45,5,3,2,0,0,0
2019-09-23 05:00,2,2,0,0,0,0
2019-09-23 05:15,13,9,4,0,0,0
2019-09-23 05:30,10,8,2,0,0,0
2019-09-23 05:45,24,17,7,0,0,0
2019-09-23 06:00,25,16,9,0,0,0
2019-09-23 06:15,18,14,4,0,0,0
2019-09-23 06:30,35,31,4,0,0,0
2019-09-23 06:45,53,39,14,0,0,0
2019-09-23 07:00,78,51,27,0,0,0
2019-09-23 07:15,91,65,26,0,0,0
2019-09-23 07:30,132,86,46,0,0,0
2019-09-23 07:45,119,85,34,0,0,0
2019-09-23 08:00,108,77,31,0,0,0
2019-09-23 08:15,115,81,34,0,0,0
2019-09-23 08:30,105,78,27,0,0,0
2019-09-23 08:45,119,76,43,0,0,0
2019-09-23 09:00,89,64,25,0,0,0
2019-09-23 09:15,75,53,22,0,0,0
2019-09-23 09:30,111,85,26,0,0,0
2019-09-23 09:45,88,53,35,0,0,0
2019-09-23 10:00,71,46,25,0,0,0
2019-09-23 10:15,79,48,31,0,0,0
2019-09-23 10:30,71,35,36,0,0,0
2019-09-23 10:45,84,47,37,0,0,0
2019-09-23 11:00,66,35,31,0,0,0
2019-09-23 11:15,71,33,38,0,0,0
2019-09-23 11:30,77,36,41,0,0,0
2019-09-23 11:45,86,43,43,0,0,0
2019-09-23 12:00,97,32,65,0,0,0
2019-09-23 12:15,117,56,61,0,0,0
2019-09-23 12:30,114,55,59,0,0,0
2019-09-23 12:45,107,57,50,0,0,0
2019-09-23 13:00,115,53,62,0,0,0
2019-09-23 13:15,117,51,66,0,0,0
2019-09-23 13:30,120,65,55,0,0,0
2019-09-23 13:45,126,66,60,0,0,0
2019-09-23 14:00,134,68,66,0,0,0
2019-09-23 14:15,127,48,79,0,0,0
2019-09-23 14:30,120,49,71,0,0,0
2019-09-23 14:45,125,57,68,0,0,0
2019-09-23 15:00,138,60,78,0,0,0
2019-09-23 15:15,161,62,99,0,0,0
2019-09-23 15:30,138,54,84,0,0,0
2019-09-23 15:45,155,61,94,0,0,0
2019-09-23 16:00,164,63,101,0,0,0
2019-09-23 16:15,166,72,94,0,0,0
2019-09-23 16:30,207,79,128,0,0,0
2019-09-23 16:45,208,80,128,0,0,0
2019-09-23 17:00,184,71,113,0,0,0
2019-09-23 17:15,160,67,93,0,0,0
2019-09-23 17:30,184,62,122,0,0,0
2019-09-23 17:45,188,69,119,0,0,0
2019-09-23 18:00,176,61,115,0,0,0
2019-09-23 18:15,161,51,110,0,0,0
2019-09-23 18:30,185,64,121,0,0,0
2019-09-23 18:45,150,51,99,0,0,0
2019-09-23 19:00,133,31,102,0,0,0
2019-09-23 19:15,118,45,73,0,0,0
2019-09-23 19:30,111,41,70,0,0,0
2019-09-23 19:45,89,36,53,0,0,0
2019-09-23 20:00,79,32,47,0,0,0
2019-09-23 20:15,73,27,46,0,0,0
2019-09-23 20:30,51,17,34,0,0,0
2019-09-23 20:45,40,14,26,0,0,0
2019-09-23 21:00,56,22,34,0,0,0
2019-09-23 21:15,52,12,40,0,0,0
2019-09-23 21:30,49,14,35,0,0,0
2019-09-23 21:45,60,18,42,0,0,0
2019-09-23 22:00,52,12,40,0,0,0
2019-09-23 22:15,21,8,13,0,0,0
2019-09-23 22:30,46,16,30,0,0,0
2019-09-23 22:45,25,4,21,0,0,0
2019-09-23 23:00,23,3,20,0,0,0
2019-09-23 23:15,25,2,23,0,0,0
2019-09-23 23:30,22,6,16,0,0,0
2019-09-23 23:45,7,2,5,0,0,0
2019-09-24 00:00,11,5,6,0,0,0
2019-09-24 00:15,22,7,15,0,0,0
2019-09-24 00:30,9,1,8,0,0,0
2019-09-24 00:45,12,4,8,0,0,0
2019-09-24 01:00,3,0,3,0,0,0
2019-09-24 01:15,9,1,8,0,0,0
2019-09-24 01:30,2,0,2,0,0,0
2019-09-24 01:45,0,0,0,0,0,0
2019-09-24 02:00,2,1,1,0,0,0
2019-09-24 02:15,2,1,1,0,0,0
2019-09-24 02:30,1,0,1,0,0,0
2019-09-24 02:45,1,1,0,0,0,0
2019-09-24 03:00,2,0,2,0,0,0
2019-09-24 03:15,2,1,1,0,0,0
2019-09-24 03:30,0,0,0,0,0,0
2019-09-24 03:45,0,0,0,0,0,0
2019-09-24 04:00,1,1,0,0,0,0
2019-09-24 04:15,0,0,0,0,0,0
2019-09-24 04:30,8,6,2,0,0,0
2019-09-24 04:45,2,1,1,0,0,0
2019-09-24 05:00,3,3,0,0,0,0
2019-09-24 05:15,6,4,2,0,0,0
2019-09-24 05:30,16,11,5,0,0,0
2019-09-24 05:45,18,12,6,0,0,0
2019-09-24 06:00,30,22,8,0,0,0
2019-09-24 06:15,38,29,9,0,0,0
2019-09-24 06:30,39,33,6,0,0,0
2019-09-24 06:45,79,54,25,0,0,0
2019-09-24 07:00,78,49,29,0,0,0
2019-09-24 07:15,117,80,37,0,0,0
2019-09-24 07:30,161,106,55,0,0,0
2019-09-24 07:45,170,116,54,0,0,0
2019-09-24 08:00,155,106,49,0,0,0
2019-09-24 08:15,160,107,53,0,0,0
2019-09-24 08:30,130,97,33,0,0,0
2019-09-24 08:45,145,102,43,0,0,0
2019-09-24 09:00,115,75,40,0,0,0
2019-09-24 09:15,111,67,44,0,0,0
2019-09-24 09:30,107,73,34,0,0,0
2019-09-24 09:45,144,93,51,0,0,0
2019-09-24 10:00,84,47,37,0,0,0
2019-09-24 10:15,92,59,33,0,0,0
2019-09-24 10:30,95,61,34,0,0,0
2019-09-24 10:45,137,89,48,0,0,0
2019-09-24 11:00,122,66,56,0,0,0
2019-09-24 11:15,138,67,71,0,0,0
2019-09-24 11:30,108,49,59,0,0,0
2019-09-24 11:45,143,69,74,0,0,0
2019-09-24 12:00,141,65,76,0,0,0
2019-09-24 12:15,150,64,86,0,0,0
2019-09-24 12:30,165,61,104,0,0,0
2019-09-24 12:45,153,62,91,0,0,0
2019-09-24 13:00,155,63,92,0,0,0
2019-09-24 13:15,147,62,85,0,0,0
2019-09-24 13:30,123,45,78,0,0,0
2019-09-24 13:45,149,62,87,0,0,0
2019-09-24 14:00,138,57,81,0,0,0
2019-09-24 14:15,133,64,69,0,0,0
2019-09-24 14:30,162,68,94,0,0,0
2019-09-24 14:45,175,81,94,0,0,0
2019-09-24 15:00,152,58,94,0,0,0
2019-09-24 15:15,169,64,105,0,0,0
2019-09-24 15:30,160,71,89,0,0,0
2019-09-24 15:45,190,89,101,0,0,0
2019-09-24 16:00,194,71,123,0,0,0
2019-09-24 16:15,203,79,124,0,0,0
2019-09-24 16:30,202,79,123,0,0,0
2019-09-24 16:45,233,80,153,0,0,0
2019-09-24 17:00,213,69,144,0,0,0
2019-09-24 17:15,204,82,122,0,0,0
2019-09-24 17:30,192,70,122,0,0,0
2019-09-24 17:45,198,90,108,0,0,0
2019-09-24 18:00,202,80,122,0,0,0
2019-09-24 18:15,200,76,124,0,0,0
2019-09-24 18:30,159,48,111,0,0,0
2019-09-24 18:45,171,46,125,0,0,0
2019-09-24 19:00,155,47,108,0,0,0
2019-09-24 19:15,117,46,71,0,0,0
2019-09-24 19:30,99,36,63,0,0,0
2019-09-24 19:45,99,38,61,0,0,0
2019-09-24 20:00,86,36,50,0,0,0
2019-09-24 20:15,76,30,46,0,0,0
2019-09-24 20:30,49,15,34,0,0,0
2019-09-24 20:45,38,20,18,0,0,0
2019-09-24 21:00,61,19,42,0,0,0
2019-09-24 21:15,48,17,31,0,0,0
2019-09-24 21:30,44,22,22,0,0,0
2019-09-24 21:45,56,18,38,0,0,0
2019-09-24 22:00,64,13,51,0,0,0
2019-09-24 22:15,52,15,37,0,0,0
2019-09-24 22:30,35,10,25,0,0,0
2019-09-24 22:45,38,7,31,0,0,0
2019-09-24 23:00,24,2,22,0,0,0
2019-09-24 23:15,33,13,20,0,0,0
2019-09-24 23:30,18,4,14,0,0,0
2019-09-24 23:45,17,5,12,0,0,0
2019-09-25 00:00,14,4,10,0,0,0
2019-09-25 00:15,23,11,12,0,0,0
2019-09-25 00:30,10,2,8,0,0,0
2019-09-25 00:45,13,5,8,0,0,0
2019-09-25 01:00,15,2,13,0,0,0
2019-09-25 01:15,5,0,5,0,0,0
2019-09-25 01:30,0,0,0,0,0,0
2019-09-25 01:45,3,0,3,0,0,0
2019-09-25 02:00,3,1,2,0,0,0
2019-09-25 02:15,5,0,5,0,0,0
2019-09-25 02:30,5,0,5,0,0,0
2019-09-25 02:45,1,1,0,0,0,0
2019-09-25 03:00,1,1,0,0,0,0
2019-09-25 03:15,2,2,0,0,0,0
2019-09-25 03:30,2,0,2,0,0,0
2019-09-25 03:45,2,0,2,0,0,0
2019-09-25 04:00,0,0,0,0,0,0
2019-09-25 04:15,1,1,0,0,0,0
2019-09-25 04:30,0,0,0,0,0,0
2019-09-25 04:45,4,4,0,0,0,0
2019-09-25 05:00,1,1,0,0,0,0
2019-09-25 05:15,8,7,1,0,0,0
2019-09-25 05:30,18,16,2,0,0,0
2019-09-25 05:45,19,17,2,0,0,0
2019-09-25 06:00,21,17,4,0,0,0
2019-09-25 06:15,39,29,10,0,0,0
2019-09-25 06:30,45,32,13,0,0,0
2019-09-25 06:45,56,45,11,0,0,0
2019-09-25 07:00,75,54,21,0,0,0
2019-09-25 07:15,135,88,47,0,0,0
2019-09-25 07:30,158,104,54,0,0,0
2019-09-25 07:45,178,124,54,0,0,0
2019-09-25 08:00,119,82,37,0,0,0
2019-09-25 08:15,138,102,36,0,0,0
2019-09-25 08:30,162,111,51,0,0,0
2019-09-25 08:45,156,104,52,0,0,0
2019-09-25 09:00,116,90,26,0,0,0
2019-09-25 09:15,116,89,27,0,0,0
2019-09-25 09:30,111,73,38,0,0,0
2019-09-25 09:45,127,84,43,0,0,0
2019-09-25 10:00,126,81,45,0,0,0
2019-09-25 10:15,116,60,56,0,0,0
2019-09-25 10:30,109,66,43,0,0,0
2019-09-25 10:45,150,89,61,0,0,0
2019-09-25 11:00,110,58,52,0,0,0
2019-09-25 11:15,129,64,65,0,0,0
2019-09-25 11:30,118,56,62,0,0,0
2019-09-25 11:45,150,80,70,0,0,0
2019-09-25 12:00,129,46,83,0,0,0
2019-09-25 12:15,144,76,68,0,0,0
2019-09-25 12:30,121,52,69,0,0,0
2019-09-25 12:45,155,59,96,0,0,0
2019-09-25 13:00,149,62,87,0,0,0
2019-09-25 13:15,146,63,83,0,0,0
2019-09-25 13:30,130,58,72,0,0,0
2019-09-25 13:45,150,58,92,0,0,0
2019-09-25 14:00,156,58,98,0,0,0
2019-09-25 14:15,137,50,87,0,0,0
2019-09-25 14:30,156,77,79,0,0,0
2019-09-25 14:45,172,67,105,0,0,0
2019-09-25 15:00,157,62,95,0,0,0
2019-09-25 15:15,170,70,100,0,0,0
2019-09-25 15:30,152,67,85,0,0,0
2019-09-25 15:45,192,77,115,0,0,0
2019-09-25 16:00,189,60,129,0,0,0
2019-09-25 16:15,178,75,103,0,0,0
2019-09-25 16:30,203,83,120,0,0,0
2019-09-25 16:45,205,86,119,0,0,0
2019-09-25 17:00,191,78,113,0,0,0
2019-09-25 17:15,210,81,129,0,0,0
2019-09-25 17:30,237,83,154,0,0,0
2019-09-25 17:45,183,68,115,0,0,0
2019-09-25 18:00,216,85,131,0,0,0
2019-09-25 18:15,189,72,117,0,0,0
2019-09-25 18:30,188,66,122,0,0,0
2019-09-25 18:45,187,75,112,0,0,0
2019-09-25 19:00,155,53,102,0,0,0
2019-09-25 19:15,165,66,99,0,0,0
2019-09-25 19:30,150,52,98,0,0,0
2019-09-25 19:45,136,64,72,0,0,0
2019-09-25 20:00,111,40,71,0,0,0
2019-09-25 20:15,85,32,53,0,0,0
2019-09-25 20:30,70,26,44,0,0,0
2019-09-25 20:45,68,19,49,0,0,0
2019-09-25 21:00,77,32,45,0,0,0
2019-09-25 21:15,55,18,37,0,0,0
2019-09-25 21:30,57,19,38,0,0,0
2019-09-25 21:45,50,13,37,0,0,0
2019-09-25 22:00,72,20,52,0,0,0
2019-09-25 22:15,69,30,39,0,0,0
2019-09-25 22:30,43,11,32,0,0,0
2019-09-25 22:45,58,32,26,0,0,0
2019-09-25 23:00,29,10,19,0,0,0
2019-09-25 23:15,31,13,18,0,0,0
2019-09-25 23:30,16,4,12,0,0,0
2019-09-25 23:45,30,14,16,0,0,0
2019-09-26 00:00,21,15,6,0,0,0
2019-09-26 00:15,7,3,4,0,0,0
2019-09-26 00:30,14,4,10,0,0,0
2019-09-26 00:45,11,4,7,0,0,0
2019-09-26 01:00,11,1,10,0,0,0
2019-09-26 01:15,5,0,5,0,0,0
2019-09-26 01:30,5,1,4,0,0,0
2019-09-26 01:45,5,0,5,0,0,0
2019-09-26 02:00,7,1,6,0,0,0
2019-09-26 02:15,7,0,7,0,0,0
2019-09-26 02:30,3,0,3,0,0,0
2019-09-26 02:45,6,1,5,0,0,0
2019-09-26 03:00,7,0,7,0,0,0
2019-09-26 03:15,6,2,4,0,0,0
2019-09-26 03:30,2,0,2,0,0,0
2019-09-26 03:45,3,0,3,0,0,0
2019-09-26 04:00,6,1,5,0,0,0
2019-09-26 04:15,4,1,3,0,0,0
2019-09-26 04:30,4,2,2,0,0,0
2019-09-26 04:45,5,4,1,0,0,0
2019-09-26 05:00,3,3,0,0,0,0
2019-09-26 05:15,7,6,1,0,0,0
2019-09-26 05:30,11,9,2,0,0,0
2019-09-26 05:45,22,16,6,0,0,0
2019-09-26 06:00,20,14,6,0,0,0
2019-09-26 06:15,28,24,4,0,0,0
2019-09-26 06:30,43,28,15,0,0,0
2019-09-26 06:45,62,45,17,0,0,0
2019-09-26 07:00,89,57,32,0,0,0
2019-09-26 07:15,102,65,37,0,0,0
2019-09-26 07:30,167,113,54,0,0,0
2019-09-26 07:45,141,98,43,0,0,0
2019-09-26 08:00,133,97,36,0,0,0
2019-09-26 08:15,144,98,46,0,0,0
2019-09-26 08:30,132,85,47,0,0,0
2019-09-26 08:45,143,106,37,0,0,0
2019-09-26 09:00,113,77,36,0,0,0
2019-09-26 09:15,120,89,31,0,0,0
2019-09-26 09:30,126,77,49,0,0,0
2019-09-26 09:45,138,94,44,0,0,0
2019-09-26 10:00,95,64,31,0,0,0
2019-09-26 10:15,88,54,34,0,0,0
2019-09-26 10:30,102,53,49,0,0,0
2019-09-26 10:45,125,86,39,0,0,0
2019-09-26 11:00,117,61,56,0,0,0
2019-09-26 11:15,118,52,66,0,0,0
2019-09-26 11:30,76,39,37,0,0,0
2019-09-26 11:45,104,58,46,0,0,0
2019-09-26 12:00,127,63,64,0,0,0
2019-09-26 12:15,108,58,50,0,0,0
2019-09-26 12:30,164,51,113,0,0,0
2019-09-26 12:45,135,51,84,0,0,0
2019-09-26 13:00,111,35,76,0,0,0
2019-09-26 13:15,101,35,66,0,0,0
2019-09-26 13:30,98,33,65,0,0,0
2019-09-26 13:45,123,58,65,0,0,0
2019-09-26 14:00,100,35,65,0,0,0
2019-09-26 14:15,119,52,67,0,0,0
2019-09-26 14:30,106,49,57,0,0,0
2019-09-26 14:45,148,82,66,0,0,0
2019-09-26 15:00,110,38,72,0,0,0
2019-09-26 15:15,114,44,70,0,0,0
2019-09-26 15:30,106,58,48,0,0,0
2019-09-26 15:45,91,34,57,0,0,0
2019-09-26 16:00,149,44,105,0,0,0
2019-09-26 16:15,144,58,86,0,0,0
2019-09-26 16:30,172,49,123,0,0,0
2019-09-26 16:45,146,53,93,0,0,0
2019-09-26 17:00,162,39,123,0,0,0
2019-09-26 17:15,162,54,108,0,0,0
2019-09-26 17:30,141,54,87,0,0,0
2019-09-26 17:45,158,55,103,0,0,0
2019-09-26 18:00,174,63,111,0,0,0
2019-09-26 18:15,128,37,91,0,0,0
2019-09-26 18:30,109,53,56,0,0,0
2019-09-26 18:45,141,50,91,0,0,0
2019-09-26 19:00,133,49,84,0,0,0
2019-09-26 19:15,116,58,58,0,0,0
2019-09-26 19:30,82,27,55,0,0,0
2019-09-26 19:45,85,28,57,0,0,0
2019-09-26 20:00,73,31,42,0,0,0
2019-09-26 20:15,56,28,28,0,0,0
2019-09-26 20:30,52,17,35,0,0,0
2019-09-26 20:45,51,17,34,0,0,0
2019-09-26 21:00,74,16,58,0,0,0
2019-09-26 21:15,59,18,41,0,0,0
2019-09-26 21:30,47,13,34,0,0,0
2019-09-26 21:45,40,13,27,0,0,0
2019-09-26 22:00,66,22,44,0,0,0
2019-09-26 22:15,54,14,40,0,0,0
2019-09-26 22:30,40,5,35,0,0,0
2019-09-26 22:45,29,5,24,0,0,0
2019-09-26 23:00,39,9,30,0,0,0
2019-09-26 23:15,25,2,23,0,0,0
2019-09-26 23:30,23,4,19,0,0,0
2019-09-26 23:45,14,6,8,0,0,0
2019-09-27 00:00,14,6,8,0,0,0
2019-09-27 00:15,11,0,11,0,0,0
2019-09-27 00:30,10,8,2,0,0,0
2019-09-27 00:45,10,2,8,0,0,0
2019-09-27 01:00,4,0,4,0,0,0
2019-09-27 01:15,2,0,2,0,0,0
2019-09-27 01:30,4,0,4,0,0,0
2019-09-27 01:45,4,1,3,0,0,0
2019-09-27 02:00,2,0,2,0,0,0
2019-09-27 02:15,3,0,3,0,0,0
2019-09-27 02:30,3,1,2,0,0,0
2019-09-27 02:45,7,1,6,0,0,0
2019-09-27 03:00,0,0,0,0,0,0
2019-09-27 03:15,1,1,0,0,0,0
2019-09-27 03:30,5,0,5,0,0,0
2019-09-27 03:45,1,0,1,0,0,0
2019-09-27 04:00,2,2,0,0,0,0
2019-09-27 04:15,2,1,1,0,0,0
2019-09-27 04:30,1,0,1,0,0,0
2019-09-27 04:45,1,1,0,0,0,0
2019-09-27 05:00,3,3,0,0,0,0
2019-09-27 05:15,7,3,4,0,0,0
2019-09-27 05:30,10,9,1,0,0,0
2019-09-27 05:45,10,7,3,0,0,0
2019-09-27 06:00,23,16,7,0,0,0
2019-09-27 06:15,25,18,7,0,0,0
2019-09-27 06:30,43,22,21,0,0,0
2019-09-27 06:45,58,44,14,0,0,0
2019-09-27 07:00,65,40,25,0,0,0
2019-09-27 07:15,99,59,40,0,0,0
2019-09-27 07:30,179,115,64,0,0,0
2019-09-27 07:45,159,117,42,0,0,0
2019-09-27 08:00,87,60,27,0,0,0
2019-09-27 08:15,126,84,42,0,0,0
2019-09-27 08:30,125,84,41,0,0,0
2019-09-27 08:45,138,87,51,0,0,0
2019-09-27 09:00,68,47,21,0,0,0
2019-09-27 09:15,106,74,32,0,0,0
2019-09-27 09:30,87,55,32,0,0,0
2019-09-27 09:45,123,90,33,0,0,0
2019-09-27 10:00,109,60,49,0,0,0
2019-09-27 10:15,109,59,50,0,0,0
2019-09-27 10:30,103,50,53,0,0,0
2019-09-27 10:45,110,58,52,0,0,0
2019-09-27 11:00,94,50,44,0,0,0
2019-09-27 11:15,124,63,61,0,0,0
2019-09-27 11:30,131,62,69,0,0,0
2019-09-27 11:45,135,71,64,0,0,0
2019-09-27 12:00,154,68,86,0,0,0
2019-09-27 12:15,150,69,81,0,0,0
2019-09-27 12:30,172,62,110,0,0,0
2019-09-27 12:45,144,60,84,0,0,0
2019-09-27 13:00,154,50,104,0,0,0
2019-09-27 13:15,152,55,97,0,0,0
2019-09-27 13:30,172,59,113,0,0,0
2019-09-27 13:45,208,89,119,0,0,0
2019-09-27 14:00,189,81,108,0,0,0
2019-09-27 14:15,163,71,92,0,0,0
2019-09-27 14:30,191,71,120,0,0,0
2019-09-27 14:45,186,92,94,0,0,0
2019-09-27 15:00,175,62,113,0,0,0
2019-09-27 15:15,183,78,105,0,0,0
2019-09-27 15:30,175,75,100,0,0,0
2019-09-27 15:45,193,91,102,0,0,0
2019-09-27 16:00,174,72,102,0,0,0
2019-09-27 16:15,170,72,98,0,0,0
2019-09-27 16:30,183,78,105,0,0,0
2019-09-27 16:45,166,72,94,0,0,0
2019-09-27 17:00,188,77,111,0,0,0
2019-09-27 17:15,134,54,80,0,0,0
2019-09-27 17:30,154,60,94,0,0,0
2019-09-27 17:45,189,69,120,0,0,0
2019-09-27 18:00,171,62,109,0,0,0
2019-09-27 18:15,143,54,89,0,0,0
2019-09-27 18:30,156,60,96,0,0,0
2019-09-27 18:45,154,79,75,0,0,0
2019-09-27 19:00,153,56,97,0,0,0
2019-09-27 19:15,144,74,70,0,0,0
2019-09-27 19:30,106,44,62,0,0,0
2019-09-27 19:45,138,58,80,0,0,0
2019-09-27 20:00,129,49,80,0,0,0
2019-09-27 20:15,91,36,55,0,0,0
2019-09-27 20:30,74,28,46,0,0,0
2019-09-27 20:45,56,22,34,0,0,0
2019-09-27 21:00,73,19,54,0,0,0
2019-09-27 21:15,43,16,27,0,0,0
2019-09-27 21:30,60,19,41,0,0,0
2019-09-27 21:45,61,22,39,0,0,0
2019-09-27 22:00,61,19,42,0,0,0
2019-09-27 22:15,55,14,41,0,0,0
2019-09-27 22:30,49,16,33,0,0,0
2019-09-27 22:45,67,24,43,0,0,0
2019-09-27 23:00,33,6,27,0,0,0
2019-09-27 23:15,28,4,24,0,0,0
2019-09-27 23:30,48,16,32,0,0,0
2019-09-27 23:45,47,27,20,0,0,0
2019-09-28 00:00,38,11,27,0,0,0
2019-09-28 00:15,42,14,28,0,0,0
2019-09-28 00:30,48,12,36,0,0,0
2019-09-28 00:45,34,15,19,0,0,0
2019-09-28 01:00,33,18,15,0,0,0
2019-09-28 01:15,22,3,19,0,0,0
2019-09-28 01:30,18,6,12,0,0,0
2019-09-28 01:45,20,6,14,0,0,0
2019-09-28 02:00,16,2,14,0,0,0
2019-09-28 02:15,13,2,11,0,0,0
2019-09-28 02:30,14,3,11,0,0,0
2019-09-28 02:45,8,0,8,0,0,0
2019-09-28 03:00,10,3,7,0,0,0
2019-09-28 03:15,7,1,6,0,0,0
2019-09-28 03:30,8,2,6,0,0,0
2019-09-28 03:45,13,3,10,0,0,0
2019-09-28 04:00,4,0,4,0,0,0
2019-09-28 04:15,5,0,5,0,0,0
2019-09-28 04:30,3,1,2,0,0,0
2019-09-28 04:45,9,3,6,0,0,0
2019-09-28 05:00,2,2,0,0,0,0
2019-09-28 05:15,3,2,1,0,0,0
2019-09-28 05:30,11,6,5,0,0,0
2019-09-28 05:45,7,6,1,0,0,0
2019-09-28 06:00,5,3,2,0,0,0
2019-09-28 06:15,8,5,3,0,0,0
2019-09-28 06:30,6,2,4,0,0,0
2019-09-28 06:45,8,5,3,0,0,0
2019-09-28 07:00,9,7,2,0,0,0
2019-09-28 07:15,12,9,3,0,0,0
2019-09-28 07:30,21,15,6,0,0,0
2019-09-28 07:45,23,15,8,0,0,0
2019-09-28 08:00,24,13,11,0,0,0
2019-09-28 08:15,27,18,9,0,0,0
2019-09-28 08:30,37,16,21,0,0,0
2019-09-28 08:45,66,43,23,0,0,0
2019-09-28 09:00,48,36,12,0,0,0
2019-09-28 09:15,43,26,17,0,0,0
2019-09-28 09:30,67,50,17,0,0,0
2019-09-28 09:45,96,71,25,0,0,0
2019-09-28 10:00,93,68,25,0,0,0
2019-09-28 10:15,99,67,32,0,0,0
2019-09-28 10:30,118,76,42,0,0,0
2019-09-28 10:45,98,60,38,0,0,0
2019-09-28 11:00,122,67,55,0,0,0
2019-09-28 11:15,138,89,49,0,0,0
2019-09-28 11:30,164,112,52,0,0,0
2019-09-28 11:45,187,107,80,0,0,0
2019-09-28 12:00,170,97,73,0,0,0
2019-09-28 12:15,181,86,95,0,0,0
2019-09-28 12:30,196,94,102,0,0,0
2019-09-28 12:45,219,94,125,0,0,0
2019-09-28 13:00,217,90,127,0,0,0
2019-09-28 13:15,193,60,133,0,0,0
2019-09-28 13:30,126,41,85,0,0,0
2019-09-28 13:45,110,33,77,0,0,0
2019-09-28 14:00,173,48,125,0,0,0
2019-09-28 14:15,166,55,111,0,0,0
2019-09-28 14:30,124,49,75,0,0,0
2019-09-28 14:45,131,54,77,0,0,0
2019-09-28 15:00,116,47,69,0,0,0
2019-09-28 15:15,106,35,71,0,0,0
2019-09-28 15:30,134,50,84,0,0,0
2019-09-28 15:45,119,67,52,0,0,0
2019-09-28 16:00,173,123,50,0,0,0
2019-09-28 16:15,185,102,83,0,0,0
2019-09-28 16:30,124,66,58,0,0,0
2019-09-28 16:45,123,76,47,0,0,0
2019-09-28 17:00,114,52,62,0,0,0
2019-09-28 17:15,129,46,83,0,0,0
2019-09-28 17:30,111,43,68,0,0,0
2019-09-28 17:45,152,65,87,0,0,0
2019-09-28 18:00,127,47,80,0,0,0
2019-09-28 18:15,137,50,87,0,0,0
2019-09-28 18:30,134,43,91,0,0,0
2019-09-28 18:45,122,57,65,0,0,0
2019-09-28 19:00,106,37,69,0,0,0
2019-09-28 19:15,96,41,55,0,0,0
2019-09-28 19:30,91,43,48,0,0,0
2019-09-28 19:45,91,39,52,0,0,0
2019-09-28 20:00,76,27,49,0,0,0
2019-09-28 20:15,47,18,29,0,0,0
2019-09-28 20:30,61,31,30,0,0,0
2019-09-28 20:45,46,26,20,0,0,0
2019-09-28 21:00,39,19,20,0,0,0
2019-09-28 21:15,52,18,34,0,0,0
2019-09-28 21:30,46,26,20,0,0,0
2019-09-28 21:45,87,67,20,0,0,0
2019-09-28 22:00,49,35,14,0,0,0
2019-09-28 22:15,47,18,29,0,0,0
2019-09-28 22:30,53,28,25,0,0,0
2019-09-28 22:45,32,10,22,0,0,0
2019-09-28 23:00,32,12,20,0,0,0
2019-09-28 23:15,29,15,14,0,0,0
2019-09-28 23:30,49,16,33,0,0,0
2019-09-28 23:45,36,13,23,0,0,0
2019-09-29 00:00,31,10,21,0,0,0
2019-09-29 00:15,38,21,17,0,0,0
2019-09-29 00:30,21,7,14,0,0,0
2019-09-29 00:45,20,7,13,0,0,0
2019-09-29 01:00,24,3,21,0,0,0
2019-09-29 01:15,22,7,15,0,0,0
2019-09-29 01:30,22,8,14,0,0,0
2019-09-29 01:45,15,2,13,0,0,0
2019-09-29 02:00,13,3,10,0,0,0
2019-09-29 02:15,8,1,7,0,0,0
2019-09-29 02:30,13,0,13,0,0,0
2019-09-29 02:45,12,2,10,0,0,0
2019-09-29 03:00,20,4,16,0,0,0
2019-09-29 03:15,15,5,10,0,0,0
2019-09-29 03:30,11,3,8,0,0,0
2019-09-29 03:45,4,1,3,0,0,0
2019-09-29 04:00,7,2,5,0,0,0
2019-09-29 04:15,8,1,7,0,0,0
2019-09-29 04:30,5,2,3,0,0,0
2019-09-29 04:45,4,0,4,0,0,0
2019-09-29 05:00,1,0,1,0,0,0
2019-09-29 05:15,5,1,4,0,0,0
2019-09-29 05:30,8,5,3,0,0,0
2019-09-29 05:45,6,3,3,0,0,0
2019-09-29 06:00,2,1,1,0,0,0
2019-09-29 06:15,2,0,2,0,0,0
2019-09-29 06:30,2,2,0,0,0,0
2019-09-29 06:45,2,0,2,0,0,0
2019-09-29 07:00,2,0,2,0,0,0
2019-09-29 07:15,2,2,0,0,0,0
2019-09-29 07:30,7,4,3,0,0,0
2019-09-29 07:45,8,6,2,0,0,0
2019-09-29 08:00,6,4,2,0,0,0
2019-09-29 08:15,5,4,1,0,0,0
2019-09-29 08:30,8,5,3,0,0,0
2019-09-29 08:45,11,7,4,0,0,0
2019-09-29 09:00,25,15,10,0,0,0
2019-09-29 09:15,23,12,11,0,0,0
2019-09-29 09:30,32,18,14,0,0,0
2019-09-29 09:45,38,19,19,0,0,0
2019-09-29 10:00,24,12,12,0,0,0
2019-09-29 10:15,34,24,10,0,0,0
2019-09-29 10:30,23,10,13,0,0,0
2019-09-29 10:45,24,21,3,0,0,0
2019-09-29 11:00,22,10,12,0,0,0
2019-09-29 11:15,20,11,9,0,0,0
2019-09-29 11:30,36,16,20,0,0,0
2019-09-29 11:45,39,22,17,0,0,0
2019-09-29 12:00,27,18,9,0,0,0
2019-09-29 12:15,29,18,11,0,0,0
2019-09-29 12:30,37,17,20,0,0,0
2019-09-29 12:45,48,28,20,0,0,0
2019-09-29 13:00,37,15,22,0,0,0
2019-09-29 13:15,47,28,19,0,0,0
2019-09-29 13:30,51,26,25,0,0,0
2019-09-29 13:45,51,30,21,0,0,0
2019-09-29 14:00,44,19,25,0,0,0
2019-09-29 14:15,42,25,17,0,0,0
2019-09-29 14:30,33,21,12,0,0,0
2019-09-29 14:45,55,32,23,0,0,0
2019-09-29 15:00,38,22,16,0,0,0
2019-09-29 15:15,24,11,13,0,0,0
2019-09-29 15:30,43,16,27,0,0,0
2019-09-29 15:45,32,18,14,0,0,0
2019-09-29 16:00,44,20,24,0,0,0
2019-09-29 16:15,46,15,31,0,0,0
2019-09-29 16:30,27,8,19,0,0,0
2019-09-29 16:45,25,9,16,0,0,0
2019-09-29 17:00,37,13,24,0,0,0
2019-09-29 17:15,31,17,14,0,0,0
2019-09-29 17:30,35,7,28,0,0,0
2019-09-29 17:45,49,20,29,0,0,0
2019-09-29 18:00,47,16,31,0,0,0
2019-09-29 18:15,44,21,23,0,0,0
2019-09-29 18:30,40,16,24,0,0,0
2019-09-29 18:45,48,26,22,0,0,0
2019-09-29 19:00,42,15,27,0,0,0
2019-09-29 19:15,39,22,17,0,0,0
2019-09-29 19:30,29,10,19,0,0,0
2019-09-29 19:45,14,4,10,0,0,0
2019-09-29 20:00,26,11,15,0,0,0
2019-09-29 20:15,26,8,18,0,0,0
2019-09-29 20:30,21,6,15,0,0,0
2019-09-29 20:45,22,9,13,0,0,0
2019-09-29 21:00,28,12,16,0,0,0
2019-09-29 21:15,14,5,9,0,0,0
2019-09-29 21:30,13,1,12,0,0,0
2019-09-29 21:45,10,4,6,0,0,0
2019-09-29 22:00,8,2,6,0,0,0
2019-09-29 22:15,19,6,13,0,0,0
2019-09-29 22:30,16,4,12,0,0,0
2019-09-29 22:45,11,2,9,0,0,0
2019-09-29 23:00,10,2,8,0,0,0
2019-09-29 23:15,8,1,7,0,0,0
2019-09-29 23:30,11,0,11,0,0,0
2019-09-29 23:45,2,1,1,0,0,0
2019-09-30 00:00,7,1,6,0,0,0
2019-09-30 00:15,3,1,2,0,0,0
2019-09-30 00:30,4,0,4,0,0,0
2019-09-30 00:45,2,1,1,0,0,0
2019-09-30 01:00,1,0,1,0,0,0
2019-09-30 01:15,1,0,1,0,0,0
2019-09-30 01:30,1,1,0,0,0,0
2019-09-30 01:45,1,0,1,0,0,0
2019-09-30 02:00,1,0,1,0,0,0
2019-09-30 02:15,1,0,1,0,0,0
2019-09-30 02:30,1,1,0,0,0,0
2019-09-30 02:45,1,0,1,0,0,0
2019-09-30 03:00,1,1,0,0,0,0
2019-09-30 03:15,1,1,0,0,0,0
2019-09-30 03:30,0,0,0,0,0,0
2019-09-30 03:45,0,0,0,0,0,0
2019-09-30 04:00,1,0,1,0,0,0
2019-09-30 04:15,1,1,0,0,0,0
2019-09-30 04:30,0,0,0,0,0,0
2019-09-30 04:45,3,2,1,0,0,0
2019-09-30 05:00,1,0,1,0,0,0
2019-09-30 05:15,2,2,0,0,0,0
2019-09-30 05:30,10,8,2,0,0,0
2019-09-30 05:45,12,10,2,0,0,0
2019-09-30 06:00,18,13,5,0,0,0
2019-09-30 06:15,32,24,8,0,0,0
2019-09-30 06:30,38,26,12,0,0,0
2019-09-30 06:45,46,34,12,0,0,0
2019-09-30 07:00,53,29,24,0,0,0
2019-09-30 07:15,97,68,29,0,0,0
2019-09-30 07:30,160,97,63,0,0,0
2019-09-30 07:45,144,106,38,0,0,0
2019-09-30 08:00,118,90,28,0,0,0
2019-09-30 08:15,124,85,39,0,0,0
2019-09-30 08:30,124,95,29,0,0,0
2019-09-30 08:45,124,92,32,0,0,0
2019-09-30 09:00,81,57,24,0,0,0
2019-09-30 09:15,103,74,29,0,0,0
2019-09-30 09:30,102,70,32,0,0,0
2019-09-30 09:45,127,100,27,0,0,0
2019-09-30 10:00,92,47,45,0,0,0
2019-09-30 10:15,89,50,39,0,0,0
2019-09-30 10:30,113,68,45,0,0,0
2019-09-30 10:45,103,62,41,0,0,0
2019-09-30 11:00,85,42,43,0,0,0
2019-09-30 11:15,115,52,63,0,0,0
2019-09-30 11:30,121,62,59,0,0,0
2019-09-30 11:45,116,64,52,0,0,0
2019-09-30 12:00,131,51,80,0,0,0
2019-09-30 12:15,123,58,65,0,0,0
2019-09-30 12:30,133,52,81,0,0,0
2019-09-30 12:45,147,61,86,0,0,0
2019-09-30 13:00,152,55,97,0,0,0
2019-09-30 13:15,119,48,71,0,0,0
2019-09-30 13:30,142,50,92,0,0,0
2019-09-30 13:45,163,75,88,0,0,0
2019-09-30 14:00,127,50,77,0,0,0
2019-09-30 14:15,131,50,81,0,0,0
2019-09-30 14:30,139,65,74,0,0,0
2019-09-30 14:45,179,78,101,0,0,0
2019-09-30 15:00,158,60,98,0,0,0
2019-09-30 15:15,160,81,79,0,0,0
2019-09-30 15:30,161,62,99,0,0,0
2019-09-30 15:45,190,75,115,0,0,0
2019-09-30 16:00,164,68,96,0,0,0
2019-09-30 16:15,135,46,89,0,0,0
2019-09-30 16:30,190,62,128,0,0,0
2019-09-30 16:45,202,84,118,0,0,0
2019-09-30 17:00,208,78,130,0,0,0
2019-09-30 17:15,194,73,121,0,0,0
2019-09-30 17:30,202,69,133,0,0,0
2019-09-30 17:45,178,65,113,0,0,0
2019-09-30 18:00,204,71,133,0,0,0
2019-09-30 18:15,175,53,122,0,0,0
2019-09-30 18:30,158,57,101,0,0,0
2019-09-30 18:45,162,72,90,0,0,0
2019-09-30 19:00,123,41,82,0,0,0
2019-09-30 19:15,140,53,87,0,0,0
2019-09-30 19:30,123,37,86,0,0,0
2019-09-30 19:45,116,57,59,0,0,0
2019-09-30 20:00,115,42,73,0,0,0
2019-09-30 20:15,84,30,54,0,0,0
2019-09-30 20:30,55,19,36,0,0,0
2019-09-30 20:45,71,33,38,0,0,0
2019-09-30 21:00,59,23,36,0,0,0
2019-09-30 21:15,51,14,37,0,0,0
2019-09-30 21:30,45,11,34,0,0,0
2019-09-30 21:45,57,23,34,0,0,0
2019-09-30 22:00,61,16,45,0,0,0
2019-09-30 22:15,51,19,32,0,0,0
2019-09-30 22:30,41,15,26,0,0,0
2019-09-30 22:45,27,12,15,0,0,0
2019-09-30 23:00,35,13,22,0,0,0
2019-09-30 23:15,27,5,22,0,0,0
2019-09-30 23:30,15,2,13,0,0,0
2019-09-30 23:45,13,2,11,0,0,0
