Datetime,100034980 (Hammer Straße),101034980 (Hammer Straße stadteinwärts),102034980 (Hammer Straße stadtauswärts),100034980-status,101034980-status,102034980-status
2019-07-01 00:00,8,3,5,0,0,0
2019-07-01 00:15,5,3,2,0,0,0
2019-07-01 00:30,4,0,4,0,0,0
2019-07-01 00:45,7,0,7,0,0,0
2019-07-01 01:00,4,1,3,0,0,0
2019-07-01 01:15,6,1,5,0,0,0
2019-07-01 01:30,5,3,2,0,0,0
2019-07-01 01:45,2,1,1,0,0,0
2019-07-01 02:00,1,0,1,0,0,0
2019-07-01 02:15,3,0,3,0,0,0
2019-07-01 02:30,4,3,1,0,0,0
2019-07-01 02:45,3,1,2,0,0,0
2019-07-01 03:00,2,2,0,0,0,0
2019-07-01 03:15,1,0,1,0,0,0
2019-07-01 03:30,1,0,1,0,0,0
2019-07-01 03:45,3,3,0,0,0,0
2019-07-01 04:00,0,0,0,0,0,0
2019-07-01 04:15,1,0,1,0,0,0
2019-07-01 04:30,1,0,1,0,0,0
2019-07-01 04:45,6,5,1,0,0,0
2019-07-01 05:00,1,1,0,0,0,0
2019-07-01 05:15,11,11,0,0,0,0
2019-07-01 05:30,25,21,4,0,0,0
2019-07-01 05:45,32,26,6,0,0,0
2019-07-01 06:00,33,23,10,0,0,0
2019-07-01 06:15,46,33,13,0,0,0
2019-07-01 06:30,61,42,19,0,0,0
2019-07-01 06:45,87,61,26,0,0,0
2019-07-01 07:00,100,64,36,0,0,0
2019-07-01 07:15,131,81,50,0,0,0
2019-07-01 07:30,166,107,59,0,0,0
2019-07-01 07:45,219,164,55,0,0,0
2019-07-01 08:00,181,122,59,0,0,0
2019-07-01 08:15,164,103,61,0,0,0
2019-07-01 08:30,135,91,44,0,0,0
2019-07-01 08:45,192,138,54,0,0,0
2019-07-01 09:00,135,90,45,0,0,0
2019-07-01 09:15,125,87,38,0,0,0
2019-07-01 09:30,117,87,30,0,0,0
2019-07-01 09:45,175,124,51,0,0,0
2019-07-01 10:00,147,99,48,0,0,0
2019-07-01 10:15,112,67,45,0,0,0
2019-07-01 10:30,132,78,54,0,0,0
2019-07-01 10:45,147,78,69,0,0,0
2019-07-01 11:00,138,77,61,0,0,0
2019-07-01 11:15,161,75,86,0,0,0
2019-07-01 11:30,155,80,75,0,0,0
2019-07-01 11:45,158,90,68,0,0,0
2019-07-01 12:00,174,79,95,0,0,0
2019-07-01 12:15,164,76,88,0,0,0
2019-07-01 12:30,144,69,75,0,0,0
2019-07-01 12:45,157,84,73,0,0,0
2019-07-01 13:00,191,80,111,0,0,0
2019-07-01 13:15,173,68,105,0,0,0
2019-07-01 13:30,155,86,69,0,0,0
2019-07-01 13:45,175,76,99,0,0,0
2019-07-01 14:00,187,94,93,0,0,0
2019-07-01 14:15,164,87,77,0,0,0
2019-07-01 14:30,178,88,90,0,0,0
2019-07-01 14:45,195,97,98,0,0,0
2019-07-01 15:00,198,86,112,0,0,0
2019-07-01 15:15,187,74,113,0,0,0
2019-07-01 15:30,225,94,131,0,0,0
2019-07-01 15:45,274,133,141,0,0,0
2019-07-01 16:00,244,97,147,0,0,0
2019-07-01 16:15,260,103,157,0,0,0
2019-07-01 16:30,239,84,155,0,0,0
2019-07-01 16:45,253,101,152,0,0,0
2019-07-01 17:00,251,91,160,0,0,0
2019-07-01 17:15,204,76,128,0,0,0
2019-07-01 17:30,229,76,153,0,0,0
2019-07-01 17:45,276,111,165,0,0,0
2019-07-01 18:00,248,101,147,0,0,0
2019-07-01 18:15,220,73,147,0,0,0
2019-07-01 18:30,200,73,127,0,0,0
2019-07-01 18:45,208,74,134,0,0,0
2019-07-01 19:00,198,88,110,0,0,0
2019-07-01 19:15,178,66,112,0,0,0
2019-07-01 19:30,142,48,94,0,0,0
2019-07-01 19:45,177,68,109,0,0,0
2019-07-01 20:00,112,30,82,0,0,0
2019-07-01 20:15,110,45,65,0,0,0
2019-07-01 20:30,94,37,57,0,0,0
2019-07-01 20:45,96,36,60,0,0,0
2019-07-01 21:00,66,25,41,0,0,0
2019-07-01 21:15,65,18,47,0,0,0
2019-07-01 21:30,70,29,41,0,0,0
2019-07-01 21:45,103,42,61,0,0,0
2019-07-01 22:00,59,19,40,0,0,0
2019-07-01 22:15,61,17,44,0,0,0
2019-07-01 22:30,51,19,32,0,0,0
2019-07-01 22:45,35,4,31,0,0,0
2019-07-01 23:00,40,10,30,0,0,0
2019-07-01 23:15,36,15,21,0,0,0
2019-07-01 23:30,20,1,19,0,0,0
2019-07-01 23:45,22,6,16,0,0,0
2019-07-02 00:00,17,3,14,0,0,0
2019-07-02 00:15,18,5,13,0,0,0
2019-07-02 00:30,5,3,2,0,0,0
2019-07-02 00:45,2,1,1,0,0,0
2019-07-02 01:00,5,4,1,0,0,0
2019-07-02 01:15,0,0,0,0,0,0
2019-07-02 01:30,2,0,2,0,0,0
2019-07-02 01:45,2,1,1,0,0,0
2019-07-02 02:00,7,1,6,0,0,0
2019-07-02 02:15,1,0,1,0,0,0
2019-07-02 02:30,0,0,0,0,0,0
2019-07-02 02:45,6,4,2,0,0,0
2019-07-02 03:00,4,2,2,0,0,0
2019-07-02 03:15,1,1,0,0,0,0
2019-07-02 03:30,1,0,1,0,0,0
2019-07-02 03:45,0,0,0,0,0,0
2019-07-02 04:00,3,1,2,0,0,0
2019-07-02 04:15,0,0,0,0,0,0
2019-07-02 04:30,2,1,1,0,0,0
2019-07-02 04:45,1,1,0,0,0,0
2019-07-02 05:00,3,3,0,0,0,0
2019-07-02 05:15,15,11,4,0,0,0
2019-07-02 05:30,26,16,10,0,0,0
2019-07-02 05:45,40,33,7,0,0,0
2019-07-02 06:00,41,31,10,0,0,0
2019-07-02 06:15,50,36,14,0,0,0
2019-07-02 06:30,56,41,15,0,0,0
2019-07-02 06:45,101,70,31,0,0,0
2019-07-02 07:00,97,57,40,0,0,0
2019-07-02 07:15,138,91,47,0,0,0
2019-07-02 07:30,177,123,54,0,0,0
2019-07-02 07:45,204,144,60,0,0,0
2019-07-02 08:00,214,155,59,0,0,0
2019-07-02 08:15,182,127,55,0,0,0
2019-07-02 08:30,148,93,55,0,0,0
2019-07-02 08:45,164,123,41,0,0,0
2019-07-02 09:00,120,82,38,0,0,0
2019-07-02 09:15,123,71,52,0,0,0
2019-07-02 09:30,122,83,39,0,0,0
2019-07-02 09:45,177,138,39,0,0,0
2019-07-02 10:00,142,92,50,0,0,0
2019-07-02 10:15,142,88,54,0,0,0
2019-07-02 10:30,130,73,57,0,0,0
2019-07-02 10:45,126,74,52,0,0,0
2019-07-02 11:00,112,53,59,0,0,0
2019-07-02 11:15,137,77,60,0,0,0
2019-07-02 11:30,116,60,56,0,0,0
2019-07-02 11:45,158,76,82,0,0,0
2019-07-02 12:00,175,78,97,0,0,0
2019-07-02 12:15,165,84,81,0,0,0
2019-07-02 12:30,149,72,77,0,0,0
2019-07-02 12:45,160,72,88,0,0,0
2019-07-02 13:00,186,90,96,0,0,0
2019-07-02 13:15,142,54,88,0,0,0
2019-07-02 13:30,166,82,84,0,0,0
2019-07-02 13:45,194,88,106,0,0,0
2019-07-02 14:00,194,87,107,0,0,0
2019-07-02 14:15,187,82,105,0,0,0
2019-07-02 14:30,164,73,91,0,0,0
2019-07-02 14:45,196,94,102,0,0,0
2019-07-02 15:00,189,76,113,0,0,0
2019-07-02 15:15,174,87,87,0,0,0
2019-07-02 15:30,206,83,123,0,0,0
2019-07-02 15:45,238,102,136,0,0,0
2019-07-02 16:00,252,95,157,0,0,0
2019-07-02 16:15,214,77,137,0,0,0
2019-07-02 16:30,264,87,177,0,0,0
2019-07-02 16:45,258,95,163,0,0,0
2019-07-02 17:00,267,130,137,0,0,0
2019-07-02 17:15,235,98,137,0,0,0
2019-07-02 17:30,276,107,169,0,0,0
2019-07-02 17:45,248,117,131,0,0,0
2019-07-02 18:00,225,97,128,0,0,0
2019-07-02 18:15,261,117,144,0,0,0
2019-07-02 18:30,225,81,144,0,0,0
2019-07-02 18:45,195,89,106,0,0,0
2019-07-02 19:00,187,70,117,0,0,0
2019-07-02 19:15,172,82,90,0,0,0
2019-07-02 19:30,142,58,84,0,0,0
2019-07-02 19:45,163,76,87,0,0,0
2019-07-02 20:00,137,42,95,0,0,0
2019-07-02 20:15,110,42,68,0,0,0
2019-07-02 20:30,85,25,60,0,0,0
2019-07-02 20:45,99,32,67,0,0,0
2019-07-02 21:00,61,15,46,0,0,0
2019-07-02 21:15,84,30,54,0,0,0
2019-07-02 21:30,86,29,57,0,0,0
2019-07-02 21:45,68,27,41,0,0,0
2019-07-02 22:00,90,25,65,0,0,0
2019-07-02 22:15,77,22,55,0,0,0
2019-07-02 22:30,81,19,62,0,0,0
2019-07-02 22:45,50,18,32,0,0,0
2019-07-02 23:00,45,18,27,0,0,0
2019-07-02 23:15,31,9,22,0,0,0
2019-07-02 23:30,21,8,13,0,0,0
2019-07-02 23:45,19,2,17,0,0,0
2019-07-03 00:00,25,7,18,0,0,0
2019-07-03 00:15,16,4,12,0,0,0
2019-07-03 00:30,16,5,11,0,0,0
2019-07-03 00:45,6,1,5,0,0,0
2019-07-03 01:00,9,2,7,0,0,0
2019-07-03 01:15,0,0,0,0,0,0
2019-07-03 01:30,5,2,3,0,0,0
2019-07-03 01:45,4,1,3,0,0,0
2019-07-03 02:00,3,1,2,0,0,0
2019-07-03 02:15,3,0,3,0,0,0
2019-07-03 02:30,0,0,0,0,0,0
2019-07-03 02:45,3,2,1,0,0,0
2019-07-03 03:00,1,0,1,0,0,0
2019-07-03 03:15,0,0,0,0,0,0
2019-07-03 03:30,0,0,0,0,0,0
2019-07-03 03:45,1,0,1,0,0,0
2019-07-03 04:00,0,0,0,0,0,0
2019-07-03 04:15,1,1,0,0,0,0
2019-07-03 04:30,1,0,1,0,0,0
2019-07-03 04:45,5,5,0,0,0,0
2019-07-03 05:00,1,1,0,0,0,0
2019-07-03 05:15,13,12,1,0,0,0
2019-07-03 05:30,29,25,4,0,0,0
2019-07-03 05:45,32,25,7,0,0,0
2019-07-03 06:00,33,27,6,0,0,0
2019-07-03 06:15,47,36,11,0,0,0
2019-07-03 06:30,56,37,19,0,0,0
2019-07-03 06:45,90,63,27,0,0,0
2019-07-03 07:00,97,66,31,0,0,0
2019-07-03 07:15,149,110,39,0,0,0
2019-07-03 07:30,161,111,50,0,0,0
2019-07-03 07:45,234,163,71,0,0,0
2019-07-03 08:00,204,142,62,0,0,0
2019-07-03 08:15,193,126,67,0,0,0
2019-07-03 08:30,175,109,66,0,0,0
2019-07-03 08:45,188,132,56,0,0,0
2019-07-03 09:00,157,96,61,0,0,0
2019-07-03 09:15,134,83,51,0,0,0
2019-07-03 09:30,159,107,52,0,0,0
2019-07-03 09:45,177,121,56,0,0,0
2019-07-03 10:00,168,110,58,0,0,0
2019-07-03 10:15,143,86,57,0,0,0
2019-07-03 10:30,146,84,62,0,0,0
2019-07-03 10:45,135,86,49,0,0,0
2019-07-03 11:00,156,81,75,0,0,0
2019-07-03 11:15,151,88,63,0,0,0
2019-07-03 11:30,196,103,93,0,0,0
2019-07-03 11:45,195,118,77,0,0,0
2019-07-03 12:00,172,85,87,0,0,0
2019-07-03 12:15,191,82,109,0,0,0
2019-07-03 12:30,167,81,86,0,0,0
2019-07-03 12:45,201,93,108,0,0,0
2019-07-03 13:00,172,79,93,0,0,0
2019-07-03 13:15,195,76,119,0,0,0
2019-07-03 13:30,198,83,115,0,0,0
2019-07-03 13:45,197,87,110,0,0,0
2019-07-03 14:00,184,62,122,0,0,0
2019-07-03 14:15,183,56,127,0,0,0
2019-07-03 14:30,192,85,107,0,0,0
2019-07-03 14:45,173,70,103,0,0,0
2019-07-03 15:00,191,87,104,0,0,0
2019-07-03 15:15,200,77,123,0,0,0
2019-07-03 15:30,207,97,110,0,0,0
2019-07-03 15:45,238,108,130,0,0,0
2019-07-03 16:00,245,93,152,0,0,0
2019-07-03 16:15,247,111,136,0,0,0
2019-07-03 16:30,230,85,145,0,0,0
2019-07-03 16:45,262,121,141,0,0,0
2019-07-03 17:00,205,82,123,0,0,0
2019-07-03 17:15,249,99,150,0,0,0
2019-07-03 17:30,242,95,147,0,0,0
2019-07-03 17:45,241,106,135,0,0,0
2019-07-03 18:00,225,94,131,0,0,0
2019-07-03 18:15,222,73,149,0,0,0
2019-07-03 18:30,200,92,108,0,0,0
2019-07-03 18:45,197,85,112,0,0,0
2019-07-03 19:00,203,82,121,0,0,0
2019-07-03 19:15,181,80,101,0,0,0
2019-07-03 19:30,153,62,91,0,0,0
2019-07-03 19:45,178,66,112,0,0,0
2019-07-03 20:00,119,28,91,0,0,0
2019-07-03 20:15,110,38,72,0,0,0
2019-07-03 20:30,95,36,59,0,0,0
2019-07-03 20:45,109,29,80,0,0,0
2019-07-03 21:00,64,23,41,0,0,0
2019-07-03 21:15,73,29,44,0,0,0
2019-07-03 21:30,106,27,79,0,0,0
2019-07-03 21:45,72,24,48,0,0,0
2019-07-03 22:00,81,20,61,0,0,0
2019-07-03 22:15,82,32,50,0,0,0
2019-07-03 22:30,62,20,42,0,0,0
2019-07-03 22:45,49,9,40,0,0,0
2019-07-03 23:00,49,13,36,0,0,0
2019-07-03 23:15,42,17,25,0,0,0
2019-07-03 23:30,34,8,26,0,0,0
2019-07-03 23:45,33,15,18,0,0,0
2019-07-04 00:00,30,7,23,0,0,0
2019-07-04 00:15,16,8,8,0,0,0
2019-07-04 00:30,29,5,24,0,0,0
2019-07-04 00:45,13,7,6,0,0,0
2019-07-04 01:00,8,1,7,0,0,0
2019-07-04 01:15,12,1,11,0,0,0
2019-07-04 01:30,5,2,3,0,0,0
2019-07-04 01:45,18,2,16,0,0,0
2019-07-04 02:00,5,2,3,0,0,0
2019-07-04 02:15,2,2,0,0,0,0
2019-07-04 02:30,1,0,1,0,0,0
2019-07-04 02:45,6,4,2,0,0,0
2019-07-04 03:00,0,0,0,0,0,0
2019-07-04 03:15,2,1,1,0,0,0
2019-07-04 03:30,2,2,0,0,0,0
2019-07-04 03:45,3,0,3,0,0,0
2019-07-04 04:00,3,0,3,0,0,0
2019-07-04 04:15,2,0,2,0,0,0
2019-07-04 04:30,1,0,1,0,0,0
2019-07-04 04:45,5,3,2,0,0,0
2019-07-04 05:00,4,4,0,0,0,0
2019-07-04 05:15,10,7,3,0,0,0
2019-07-04 05:30,25,18,7,0,0,0
2019-07-04 05:45,40,34,6,0,0,0
2019-07-04 06:00,25,18,7,0,0,0
2019-07-04 06:15,44,30,14,0,0,0
2019-07-04 06:30,54,37,17,0,0,0
2019-07-04 06:45,69,51,18,0,0,0
2019-07-04 07:00,75,53,22,0,0,0
2019-07-04 07:15,128,97,31,0,0,0
2019-07-04 07:30,165,109,56,0,0,0
2019-07-04 07:45,207,154,53,0,0,0
2019-07-04 08:00,169,126,43,0,0,0
2019-07-04 08:15,184,117,67,0,0,0
2019-07-04 08:30,153,101,52,0,0,0
2019-07-04 08:45,180,131,49,0,0,0
2019-07-04 09:00,147,102,45,0,0,0
2019-07-04 09:15,138,95,43,0,0,0
2019-07-04 09:30,143,102,41,0,0,0
2019-07-04 09:45,152,103,49,0,0,0
2019-07-04 10:00,141,91,50,0,0,0
2019-07-04 10:15,85,48,37,0,0,0
2019-07-04 10:30,116,62,54,0,0,0
2019-07-04 10:45,150,93,57,0,0,0
2019-07-04 11:00,154,76,78,0,0,0
2019-07-04 11:15,161,84,77,0,0,0
2019-07-04 11:30,130,72,58,0,0,0
2019-07-04 11:45,157,82,75,0,0,0
2019-07-04 12:00,164,68,96,0,0,0
2019-07-04 12:15,136,58,78,0,0,0
2019-07-04 12:30,147,51,96,0,0,0
2019-07-04 12:45,172,83,89,0,0,0
2019-07-04 13:00,168,68,100,0,0,0
2019-07-04 13:15,153,55,98,0,0,0
2019-07-04 13:30,162,75,87,0,0,0
2019-07-04 13:45,190,82,108,0,0,0
2019-07-04 14:00,172,81,91,0,0,0
2019-07-04 14:15,194,76,118,0,0,0
2019-07-04 14:30,166,77,89,0,0,0
2019-07-04 14:45,200,95,105,0,0,0
2019-07-04 15:00,223,105,118,0,0,0
2019-07-04 15:15,181,77,104,0,0,0
2019-07-04 15:30,205,90,115,0,0,0
2019-07-04 15:45,250,97,153,0,0,0
2019-07-04 16:00,237,108,129,0,0,0
2019-07-04 16:15,238,88,150,0,0,0
2019-07-04 16:30,229,99,130,0,0,0
2019-07-04 16:45,243,82,161,0,0,0
2019-07-04 17:00,230,107,123,0,0,0
2019-07-04 17:15,245,95,150,0,0,0
2019-07-04 17:30,242,110,132,0,0,0
2019-07-04 17:45,275,122,153,0,0,0
2019-07-04 18:00,266,80,186,0,0,0
2019-07-04 18:15,245,89,156,0,0,0
2019-07-04 18:30,196,79,117,0,0,0
2019-07-04 18:45,201,79,122,0,0,0
2019-07-04 19:00,174,71,103,0,0,0
2019-07-04 19:15,153,56,97,0,0,0
2019-07-04 19:30,147,62,85,0,0,0
2019-07-04 19:45,163,61,102,0,0,0
2019-07-04 20:00,150,34,116,0,0,0
2019-07-04 20:15,117,55,62,0,0,0
2019-07-04 20:30,97,27,70,0,0,0
2019-07-04 20:45,100,24,76,0,0,0
2019-07-04 21:00,69,32,37,0,0,0
2019-07-04 21:15,102,53,49,0,0,0
2019-07-04 21:30,81,31,50,0,0,0
2019-07-04 21:45,83,30,53,0,0,0
2019-07-04 22:00,99,37,62,0,0,0
2019-07-04 22:15,77,29,48,0,0,0
2019-07-04 22:30,73,21,52,0,0,0
2019-07-04 22:45,44,13,31,0,0,0
2019-07-04 23:00,52,22,30,0,0,0
2019-07-04 23:15,39,16,23,0,0,0
2019-07-04 23:30,43,9,34,0,0,0
2019-07-04 23:45,37,12,25,0,0,0
2019-07-05 00:00,26,12,14,0,0,0
2019-07-05 00:15,17,5,12,0,0,0
2019-07-05 00:30,15,3,12,0,0,0
2019-07-05 00:45,12,7,5,0,0,0
2019-07-05 01:00,5,1,4,0,0,0
2019-07-05 01:15,5,1,4,0,0,0
2019-07-05 01:30,2,0,2,0,0,0
2019-07-05 01:45,7,2,5,0,0,0
2019-07-05 02:00,5,2,3,0,0,0
2019-07-05 02:15,9,0,9,0,0,0
2019-07-05 02:30,4,0,4,0,0,0
2019-07-05 02:45,3,2,1,0,0,0
2019-07-05 03:00,0,0,0,0,0,0
2019-07-05 03:15,2,2,0,0,0,0
2019-07-05 03:30,3,3,0,0,0,0
2019-07-05 03:45,3,1,2,0,0,0
2019-07-05 04:00,1,1,0,0,0,0
2019-07-05 04:15,1,0,1,0,0,0
2019-07-05 04:30,2,0,2,0,0,0
2019-07-05 04:45,7,6,1,0,0,0
2019-07-05 05:00,4,2,2,0,0,0
2019-07-05 05:15,7,5,2,0,0,0
2019-07-05 05:30,16,14,2,0,0,0
2019-07-05 05:45,34,28,6,0,0,0
2019-07-05 06:00,28,22,6,0,0,0
2019-07-05 06:15,45,34,11,0,0,0
2019-07-05 06:30,39,26,13,0,0,0
2019-07-05 06:45,65,47,18,0,0,0
2019-07-05 07:00,68,46,22,0,0,0
2019-07-05 07:15,117,86,31,0,0,0
2019-07-05 07:30,161,116,45,0,0,0
2019-07-05 07:45,186,130,56,0,0,0
2019-07-05 08:00,152,117,35,0,0,0
2019-07-05 08:15,156,105,51,0,0,0
2019-07-05 08:30,136,90,46,0,0,0
2019-07-05 08:45,153,104,49,0,0,0
2019-07-05 09:00,108,71,37,0,0,0
2019-07-05 09:15,143,105,38,0,0,0
2019-07-05 09:30,141,95,46,0,0,0
2019-07-05 09:45,151,101,50,0,0,0
2019-07-05 10:00,138,94,44,0,0,0
2019-07-05 10:15,149,87,62,0,0,0
2019-07-05 10:30,120,70,50,0,0,0
2019-07-05 10:45,149,83,66,0,0,0
2019-07-05 11:00,116,63,53,0,0,0
2019-07-05 11:15,162,72,90,0,0,0
2019-07-05 11:30,138,66,72,0,0,0
2019-07-05 11:45,183,88,95,0,0,0
2019-07-05 12:00,164,77,87,0,0,0
2019-07-05 12:15,194,81,113,0,0,0
2019-07-05 12:30,158,67,91,0,0,0
2019-07-05 12:45,182,70,112,0,0,0
2019-07-05 13:00,182,72,110,0,0,0
2019-07-05 13:15,195,78,117,0,0,0
2019-07-05 13:30,178,69,109,0,0,0
2019-07-05 13:45,181,82,99,0,0,0
2019-07-05 14:00,201,87,114,0,0,0
2019-07-05 14:15,186,81,105,0,0,0
2019-07-05 14:30,194,88,106,0,0,0
2019-07-05 14:45,191,73,118,0,0,0
2019-07-05 15:00,215,98,117,0,0,0
2019-07-05 15:15,174,86,88,0,0,0
2019-07-05 15:30,188,78,110,0,0,0
2019-07-05 15:45,209,98,111,0,0,0
2019-07-05 16:00,179,70,109,0,0,0
2019-07-05 16:15,203,75,128,0,0,0
2019-07-05 16:30,212,76,136,0,0,0
2019-07-05 16:45,203,91,112,0,0,0
2019-07-05 17:00,197,87,110,0,0,0
2019-07-05 17:15,170,69,101,0,0,0
2019-07-05 17:30,216,91,125,0,0,0
2019-07-05 17:45,207,103,104,0,0,0
2019-07-05 18:00,207,62,145,0,0,0
2019-07-05 18:15,167,74,93,0,0,0
2019-07-05 18:30,178,74,104,0,0,0
2019-07-05 18:45,211,110,101,0,0,0
2019-07-05 19:00,168,65,103,0,0,0
2019-07-05 19:15,200,107,93,0,0,0
2019-07-05 19:30,156,78,78,0,0,0
2019-07-05 19:45,135,70,65,0,0,0
2019-07-05 20:00,149,56,93,0,0,0
2019-07-05 20:15,107,56,51,0,0,0
2019-07-05 20:30,107,60,47,0,0,0
2019-07-05 20:45,77,29,48,0,0,0
2019-07-05 21:00,87,38,49,0,0,0
2019-07-05 21:15,64,29,35,0,0,0
2019-07-05 21:30,80,29,51,0,0,0
2019-07-05 21:45,59,22,37,0,0,0
2019-07-05 22:00,66,31,35,0,0,0
2019-07-05 22:15,83,27,56,0,0,0
2019-07-05 22:30,53,15,38,0,0,0
2019-07-05 22:45,97,22,75,0,0,0
2019-07-05 23:00,71,17,54,0,0,0
2019-07-05 23:15,67,22,45,0,0,0
2019-07-05 23:30,49,23,26,0,0,0
2019-07-05 23:45,65,18,47,0,0,0
2019-07-06 00:00,50,14,36,0,0,0
2019-07-06 00:15,59,18,41,0,0,0
2019-07-06 00:30,38,14,24,0,0,0
2019-07-06 00:45,47,7,40,0,0,0
2019-07-06 01:00,40,10,30,0,0,0
2019-07-06 01:15,47,14,33,0,0,0
2019-07-06 01:30,27,13,14,0,0,0
2019-07-06 01:45,14,4,10,0,0,0
2019-07-06 02:00,14,4,10,0,0,0
2019-07-06 02:15,14,3,11,0,0,0
2019-07-06 02:30,25,12,13,0,0,0
2019-07-06 02:45,18,1,17,0,0,0
2019-07-06 03:00,7,2,5,0,0,0
2019-07-06 03:15,18,5,13,0,0,0
2019-07-06 03:30,12,3,9,0,0,0
2019-07-06 03:45,10,4,6,0,0,0
2019-07-06 04:00,6,0,6,0,0,0
2019-07-06 04:15,6,0,6,0,0,0
2019-07-06 04:30,4,2,2,0,0,0
2019-07-06 04:45,4,0,4,0,0,0
2019-07-06 05:00,3,1,2,0,0,0
2019-07-06 05:15,4,2,2,0,0,0
2019-07-06 05:30,13,5,8,0,0,0
2019-07-06 05:45,15,8,7,0,0,0
2019-07-06 06:00,10,5,5,0,0,0
2019-07-06 06:15,7,2,5,0,0,0
2019-07-06 06:30,12,7,5,0,0,0
2019-07-06 06:45,12,9,3,0,0,0
2019-07-06 07:00,16,11,5,0,0,0
2019-07-06 07:15,18,15,3,0,0,0
2019-07-06 07:30,27,11,16,0,0,0
2019-07-06 07:45,45,34,11,0,0,0
2019-07-06 08:00,38,28,10,0,0,0
2019-07-06 08:15,54,38,16,0,0,0
2019-07-06 08:30,69,46,23,0,0,0
2019-07-06 08:45,83,63,20,0,0,0
2019-07-06 09:00,73,41,32,0,0,0
2019-07-06 09:15,100,69,31,0,0,0
2019-07-06 09:30,105,69,36,0,0,0
2019-07-06 09:45,140,101,39,0,0,0
2019-07-06 10:00,140,103,37,0,0,0
2019-07-06 10:15,152,104,48,0,0,0
2019-07-06 10:30,145,94,51,0,0,0
2019-07-06 10:45,173,117,56,0,0,0
2019-07-06 11:00,177,99,78,0,0,0
2019-07-06 11:15,196,117,79,0,0,0
2019-07-06 11:30,201,134,67,0,0,0
2019-07-06 11:45,187,102,85,0,0,0
2019-07-06 12:00,187,116,71,0,0,0
2019-07-06 12:15,205,90,115,0,0,0
2019-07-06 12:30,184,104,80,0,0,0
2019-07-06 12:45,209,101,108,0,0,0
2019-07-06 13:00,199,93,106,0,0,0
2019-07-06 13:15,168,84,84,0,0,0
2019-07-06 13:30,181,95,86,0,0,0
2019-07-06 13:45,194,96,98,0,0,0
2019-07-06 14:00,191,97,94,0,0,0
2019-07-06 14:15,154,80,74,0,0,0
2019-07-06 14:30,215,97,118,0,0,0
2019-07-06 14:45,258,138,120,0,0,0
2019-07-06 15:00,174,79,95,0,0,0
2019-07-06 15:15,207,101,106,0,0,0
2019-07-06 15:30,187,98,89,0,0,0
2019-07-06 15:45,162,70,92,0,0,0
2019-07-06 16:00,142,62,80,0,0,0
2019-07-06 16:15,200,87,113,0,0,0
2019-07-06 16:30,177,86,91,0,0,0
2019-07-06 16:45,160,73,87,0,0,0
2019-07-06 17:00,132,55,77,0,0,0
2019-07-06 17:15,148,58,90,0,0,0
2019-07-06 17:30,154,53,101,0,0,0
2019-07-06 17:45,119,24,95,0,0,0
2019-07-06 18:00,142,28,114,0,0,0
2019-07-06 18:15,90,20,70,0,0,0
2019-07-06 18:30,132,50,82,0,0,0
2019-07-06 18:45,106,33,73,0,0,0
2019-07-06 19:00,69,9,60,0,0,0
2019-07-06 19:15,105,28,77,0,0,0
2019-07-06 19:30,54,20,34,0,0,0
2019-07-06 19:45,69,28,41,0,0,0
2019-07-06 20:00,102,31,71,0,0,0
2019-07-06 20:15,46,10,36,0,0,0
2019-07-06 20:30,50,12,38,0,0,0
2019-07-06 20:45,43,11,32,0,0,0
2019-07-06 21:00,54,14,40,0,0,0
2019-07-06 21:15,33,18,15,0,0,0
2019-07-06 21:30,28,12,16,0,0,0
2019-07-06 21:45,28,10,18,0,0,0
2019-07-06 22:00,34,13,21,0,0,0
2019-07-06 22:15,34,9,25,0,0,0
2019-07-06 22:30,36,21,15,0,0,0
2019-07-06 22:45,38,10,28,0,0,0
2019-07-06 23:00,41,18,23,0,0,0
2019-07-06 23:15,30,11,19,0,0,0
2019-07-06 23:30,31,17,14,0,0,0
2019-07-06 23:45,26,13,13,0,0,0
2019-07-07 00:00,39,20,19,0,0,0
2019-07-07 00:15,20,6,14,0,0,0
2019-07-07 00:30,28,14,14,0,0,0
2019-07-07 00:45,27,16,11,0,0,0
2019-07-07 01:00,24,2,22,0,0,0
2019-07-07 01:15,21,9,12,0,0,0
2019-07-07 01:30,25,15,10,0,0,0
2019-07-07 01:45,19,10,9,0,0,0
2019-07-07 02:00,11,3,8,0,0,0
2019-07-07 02:15,16,7,9,0,0,0
2019-07-07 02:30,20,9,11,0,0,0
2019-07-07 02:45,4,1,3,0,0,0
2019-07-07 03:00,0,0,0,0,0,0
2019-07-07 03:15,11,2,9,0,0,0
2019-07-07 03:30,11,2,9,0,0,0
2019-07-07 03:45,6,1,5,0,0,0
2019-07-07 04:00,3,1,2,0,0,0
2019-07-07 04:15,9,0,9,0,0,0
2019-07-07 04:30,4,0,4,0,0,0
2019-07-07 04:45,6,2,4,0,0,0
2019-07-07 05:00,3,1,2,0,0,0
2019-07-07 05:15,6,1,5,0,0,0
2019-07-07 05:30,5,4,1,0,0,0
2019-07-07 05:45,11,8,3,0,0,0
2019-07-07 06:00,7,2,5,0,0,0
2019-07-07 06:15,6,6,0,0,0,0
2019-07-07 06:30,6,0,6,0,0,0
2019-07-07 06:45,5,3,2,0,0,0
2019-07-07 07:00,4,0,4,0,0,0
2019-07-07 07:15,10,4,6,0,0,0
2019-07-07 07:30,2,1,1,0,0,0
2019-07-07 07:45,28,25,3,0,0,0
2019-07-07 08:00,24,9,15,0,0,0
2019-07-07 08:15,9,7,2,0,0,0
2019-07-07 08:30,22,12,10,0,0,0
2019-07-07 08:45,20,13,7,0,0,0
2019-07-07 09:00,30,15,15,0,0,0
2019-07-07 09:15,30,20,10,0,0,0
2019-07-07 09:30,37,24,13,0,0,0
2019-07-07 09:45,70,38,32,0,0,0
2019-07-07 10:00,43,28,15,0,0,0
2019-07-07 10:15,38,26,12,0,0,0
2019-07-07 10:30,59,38,21,0,0,0
2019-07-07 10:45,61,43,18,0,0,0
2019-07-07 11:00,59,21,38,0,0,0
2019-07-07 11:15,43,17,26,0,0,0
2019-07-07 11:30,45,24,21,0,0,0
2019-07-07 11:45,58,33,25,0,0,0
2019-07-07 12:00,60,40,20,0,0,0
2019-07-07 12:15,51,30,21,0,0,0
2019-07-07 12:30,45,26,19,0,0,0
2019-07-07 12:45,62,39,23,0,0,0
2019-07-07 13:00,55,27,28,0,0,0
2019-07-07 13:15,63,34,29,0,0,0
2019-07-07 13:30,71,43,28,0,0,0
2019-07-07 13:45,73,32,41,0,0,0
2019-07-07 14:00,73,24,49,0,0,0
2019-07-07 14:15,89,41,48,0,0,0
2019-07-07 14:30,92,53,39,0,0,0
2019-07-07 14:45,88,40,48,0,0,0
2019-07-07 15:00,86,43,43,0,0,0
2019-07-07 15:15,79,33,46,0,0,0
2019-07-07 15:30,69,44,25,0,0,0
2019-07-07 15:45,87,37,50,0,0,0
2019-07-07 16:00,80,37,43,0,0,0
2019-07-07 16:15,83,40,43,0,0,0
2019-07-07 16:30,112,66,46,0,0,0
2019-07-07 16:45,107,53,54,0,0,0
2019-07-07 17:00,100,37,63,0,0,0
2019-07-07 17:15,127,68,59,0,0,0
2019-07-07 17:30,98,34,64,0,0,0
2019-07-07 17:45,122,54,68,0,0,0
2019-07-07 18:00,69,35,34,0,0,0
2019-07-07 18:15,100,48,52,0,0,0
2019-07-07 18:30,82,34,48,0,0,0
2019-07-07 18:45,102,61,41,0,0,0
2019-07-07 19:00,71,35,36,0,0,0
2019-07-07 19:15,56,25,31,0,0,0
2019-07-07 19:30,67,27,40,0,0,0
2019-07-07 19:45,62,29,33,0,0,0
2019-07-07 20:00,79,34,45,0,0,0
2019-07-07 20:15,57,24,33,0,0,0
2019-07-07 20:30,74,21,53,0,0,0
2019-07-07 20:45,56,13,43,0,0,0
2019-07-07 21:00,54,20,34,0,0,0
2019-07-07 21:15,47,14,33,0,0,0
2019-07-07 21:30,49,12,37,0,0,0
2019-07-07 21:45,28,6,22,0,0,0
2019-07-07 22:00,28,10,18,0,0,0
2019-07-07 22:15,32,15,17,0,0,0
2019-07-07 22:30,26,12,14,0,0,0
2019-07-07 22:45,16,7,9,0,0,0
2019-07-07 23:00,23,8,15,0,0,0
2019-07-07 23:15,10,1,9,0,0,0
2019-07-07 23:30,14,6,8,0,0,0
2019-07-07 23:45,5,3,2,0,0,0
2019-07-08 00:00,11,1,10,0,0,0
2019-07-08 00:15,7,3,4,0,0,0
2019-07-08 00:30,4,1,3,0,0,0
2019-07-08 00:45,4,3,1,0,0,0
2019-07-08 01:00,2,0,2,0,0,0
2019-07-08 01:15,4,0,4,0,0,0
2019-07-08 01:30,1,1,0,0,0,0
2019-07-08 01:45,0,0,0,0,0,0
2019-07-08 02:00,0,0,0,0,0,0
2019-07-08 02:15,1,0,1,0,0,0
2019-07-08 02:30,2,2,0,0,0,0
2019-07-08 02:45,2,1,1,0,0,0
2019-07-08 03:00,1,1,0,0,0,0
2019-07-08 03:15,1,0,1,0,0,0
2019-07-08 03:30,0,0,0,0,0,0
2019-07-08 03:45,1,0,1,0,0,0
2019-07-08 04:00,1,0,1,0,0,0
2019-07-08 04:15,3,2,1,0,0,0
2019-07-08 04:30,2,1,1,0,0,0
2019-07-08 04:45,6,5,1,0,0,0
2019-07-08 05:00,4,1,3,0,0,0
2019-07-08 05:15,9,8,1,0,0,0
2019-07-08 05:30,23,17,6,0,0,0
2019-07-08 05:45,39,31,8,0,0,0
2019-07-08 06:00,32,22,10,0,0,0
2019-07-08 06:15,48,34,14,0,0,0
2019-07-08 06:30,44,31,13,0,0,0
2019-07-08 06:45,64,48,16,0,0,0
2019-07-08 07:00,84,59,25,0,0,0
2019-07-08 07:15,119,78,41,0,0,0
2019-07-08 07:30,145,93,52,0,0,0
2019-07-08 07:45,200,141,59,0,0,0
2019-07-08 08:00,173,119,54,0,0,0
2019-07-08 08:15,163,104,59,0,0,0
2019-07-08 08:30,134,78,56,0,0,0
2019-07-08 08:45,149,107,42,0,0,0
2019-07-08 09:00,140,101,39,0,0,0
2019-07-08 09:15,120,78,42,0,0,0
2019-07-08 09:30,119,91,28,0,0,0
2019-07-08 09:45,150,100,50,0,0,0
2019-07-08 10:00,130,88,42,0,0,0
2019-07-08 10:15,114,64,50,0,0,0
2019-07-08 10:30,115,67,48,0,0,0
2019-07-08 10:45,129,70,59,0,0,0
2019-07-08 11:00,102,51,51,0,0,0
2019-07-08 11:15,130,68,62,0,0,0
2019-07-08 11:30,140,70,70,0,0,0
2019-07-08 11:45,147,78,69,0,0,0
2019-07-08 12:00,129,68,61,0,0,0
2019-07-08 12:15,143,62,81,0,0,0
2019-07-08 12:30,123,60,63,0,0,0
2019-07-08 12:45,157,55,102,0,0,0
2019-07-08 13:00,152,48,104,0,0,0
2019-07-08 13:15,150,48,102,0,0,0
2019-07-08 13:30,112,40,72,0,0,0
2019-07-08 13:45,158,61,97,0,0,0
2019-07-08 14:00,157,62,95,0,0,0
2019-07-08 14:15,125,43,82,0,0,0
2019-07-08 14:30,155,68,87,0,0,0
2019-07-08 14:45,210,98,112,0,0,0
2019-07-08 15:00,172,61,111,0,0,0
2019-07-08 15:15,148,58,90,0,0,0
2019-07-08 15:30,191,80,111,0,0,0
2019-07-08 15:45,216,86,130,0,0,0
2019-07-08 16:00,194,73,121,0,0,0
2019-07-08 16:15,205,93,112,0,0,0
2019-07-08 16:30,177,63,114,0,0,0
2019-07-08 16:45,222,85,137,0,0,0
2019-07-08 17:00,223,80,143,0,0,0
2019-07-08 17:15,218,64,154,0,0,0
2019-07-08 17:30,197,77,120,0,0,0
2019-07-08 17:45,229,92,137,0,0,0
2019-07-08 18:00,194,59,135,0,0,0
2019-07-08 18:15,186,61,125,0,0,0
2019-07-08 18:30,147,49,98,0,0,0
2019-07-08 18:45,169,66,103,0,0,0
2019-07-08 19:00,161,44,117,0,0,0
2019-07-08 19:15,132,42,90,0,0,0
2019-07-08 19:30,99,27,72,0,0,0
2019-07-08 19:45,118,46,72,0,0,0
2019-07-08 20:00,119,28,91,0,0,0
2019-07-08 20:15,71,35,36,0,0,0
2019-07-08 20:30,55,24,31,0,0,0
2019-07-08 20:45,63,26,37,0,0,0
2019-07-08 21:00,54,16,38,0,0,0
2019-07-08 21:15,59,21,38,0,0,0
2019-07-08 21:30,58,18,40,0,0,0
2019-07-08 21:45,49,14,35,0,0,0
2019-07-08 22:00,64,17,47,0,0,0
2019-07-08 22:15,70,22,48,0,0,0
2019-07-08 22:30,49,19,30,0,0,0
2019-07-08 22:45,42,20,22,0,0,0
2019-07-08 23:00,33,13,20,0,0,0
2019-07-08 23:15,32,8,24,0,0,0
2019-07-08 23:30,18,8,10,0,0,0
2019-07-08 23:45,29,10,19,0,0,0
2019-07-09 00:00,18,2,16,0,0,0
2019-07-09 00:15,14,2,12,0,0,0
2019-07-09 00:30,1,0,1,0,0,0
2019-07-09 00:45,11,4,7,0,0,0
2019-07-09 01:00,6,2,4,0,0,0
2019-07-09 01:15,5,3,2,0,0,0
2019-07-09 01:30,1,1,0,0,0,0
2019-07-09 01:45,5,1,4,0,0,0
2019-07-09 02:00,3,1,2,0,0,0
2019-07-09 02:15,5,0,5,0,0,0
2019-07-09 02:30,7,0,7,0,0,0
2019-07-09 02:45,3,2,1,0,0,0
2019-07-09 03:00,0,0,0,0,0,0
2019-07-09 03:15,2,0,2,0,0,0
2019-07-09 03:30,1,0,1,0,0,0
2019-07-09 03:45,4,0,4,0,0,0
2019-07-09 04:00,0,0,0,0,0,0
2019-07-09 04:15,0,0,0,0,0,0
2019-07-09 04:30,2,1,1,0,0,0
2019-07-09 04:45,3,3,0,0,0,0
2019-07-09 05:00,3,1,2,0,0,0
2019-07-09 05:15,9,8,1,0,0,0
2019-07-09 05:30,23,19,4,0,0,0
2019-07-09 05:45,33,26,7,0,0,0
2019-07-09 06:00,28,23,5,0,0,0
2019-07-09 06:15,45,34,11,0,0,0
2019-07-09 06:30,38,31,7,0,0,0
2019-07-09 06:45,80,63,17,0,0,0
2019-07-09 07:00,92,67,25,0,0,0
2019-07-09 07:15,130,87,43,0,0,0
2019-07-09 07:30,164,110,54,0,0,0
2019-07-09 07:45,213,149,64,0,0,0
2019-07-09 08:00,184,133,51,0,0,0
2019-07-09 08:15,206,144,62,0,0,0
2019-07-09 08:30,124,90,34,0,0,0
2019-07-09 08:45,176,133,43,0,0,0
2019-07-09 09:00,125,90,35,0,0,0
2019-07-09 09:15,116,74,42,0,0,0
2019-07-09 09:30,125,87,38,0,0,0
2019-07-09 09:45,136,111,25,0,0,0
2019-07-09 10:00,127,76,51,0,0,0
2019-07-09 10:15,94,50,44,0,0,0
2019-07-09 10:30,110,56,54,0,0,0
2019-07-09 10:45,127,71,56,0,0,0
2019-07-09 11:00,117,63,54,0,0,0
2019-07-09 11:15,127,73,54,0,0,0
2019-07-09 11:30,131,65,66,0,0,0
2019-07-09 11:45,150,76,74,0,0,0
2019-07-09 12:00,144,70,74,0,0,0
2019-07-09 12:15,151,71,80,0,0,0
2019-07-09 12:30,135,62,73,0,0,0
2019-07-09 12:45,158,77,81,0,0,0
2019-07-09 13:00,143,61,82,0,0,0
2019-07-09 13:15,153,69,84,0,0,0
2019-07-09 13:30,162,70,92,0,0,0
2019-07-09 13:45,175,70,105,0,0,0
2019-07-09 14:00,164,76,88,0,0,0
2019-07-09 14:15,155,68,87,0,0,0
2019-07-09 14:30,171,55,116,0,0,0
2019-07-09 14:45,157,76,81,0,0,0
2019-07-09 15:00,179,79,100,0,0,0
2019-07-09 15:15,187,81,106,0,0,0
2019-07-09 15:30,188,73,115,0,0,0
2019-07-09 15:45,235,112,123,0,0,0
2019-07-09 16:00,242,87,155,0,0,0
2019-07-09 16:15,233,94,139,0,0,0
2019-07-09 16:30,238,90,148,0,0,0
2019-07-09 16:45,228,91,137,0,0,0
2019-07-09 17:00,279,96,183,0,0,0
2019-07-09 17:15,242,95,147,0,0,0
2019-07-09 17:30,228,106,122,0,0,0
2019-07-09 17:45,233,90,143,0,0,0
2019-07-09 18:00,236,96,140,0,0,0
2019-07-09 18:15,223,76,147,0,0,0
2019-07-09 18:30,188,81,107,0,0,0
2019-07-09 18:45,215,97,118,0,0,0
2019-07-09 19:00,173,77,96,0,0,0
2019-07-09 19:15,158,72,86,0,0,0
2019-07-09 19:30,135,48,87,0,0,0
2019-07-09 19:45,163,57,106,0,0,0
2019-07-09 20:00,126,45,81,0,0,0
2019-07-09 20:15,123,37,86,0,0,0
2019-07-09 20:30,98,30,68,0,0,0
2019-07-09 20:45,79,24,55,0,0,0
2019-07-09 21:00,102,26,76,0,0,0
2019-07-09 21:15,65,19,46,0,0,0
2019-07-09 21:30,70,20,50,0,0,0
2019-07-09 21:45,83,21,62,0,0,0
2019-07-09 22:00,88,28,60,0,0,0
2019-07-09 22:15,88,26,62,0,0,0
2019-07-09 22:30,55,15,40,0,0,0
2019-07-09 22:45,65,18,47,0,0,0
2019-07-09 23:00,55,23,32,0,0,0
2019-07-09 23:15,52,16,36,0,0,0
2019-07-09 23:30,22,11,11,0,0,0
2019-07-09 23:45,22,11,11,0,0,0
2019-07-10 00:00,11,6,5,0,0,0
2019-07-10 00:15,30,14,16,0,0,0
2019-07-10 00:30,14,6,8,0,0,0
2019-07-10 00:45,10,1,9,0,0,0
2019-07-10 01:00,13,6,7,0,0,0
2019-07-10 01:15,5,1,4,0,0,0
2019-07-10 01:30,6,0,6,0,0,0
2019-07-10 01:45,10,0,10,0,0,0
2019-07-10 02:00,4,0,4,0,0,0
2019-07-10 02:15,0,0,0,0,0,0
2019-07-10 02:30,4,1,3,0,0,0
2019-07-10 02:45,4,3,1,0,0,0
2019-07-10 03:00,0,0,0,0,0,0
2019-07-10 03:15,1,1,0,0,0,0
2019-07-10 03:30,2,2,0,0,0,0
2019-07-10 03:45,1,0,1,0,0,0
2019-07-10 04:00,3,1,2,0,0,0
2019-07-10 04:15,0,0,0,0,0,0
2019-07-10 04:30,5,3,2,0,0,0
2019-07-10 04:45,5,5,0,0,0,0
2019-07-10 05:00,3,3,0,0,0,0
2019-07-10 05:15,9,8,1,0,0,0
2019-07-10 05:30,18,12,6,0,0,0
2019-07-10 05:45,37,33,4,0,0,0
2019-07-10 06:00,32,24,8,0,0,0
2019-07-10 06:15,46,36,10,0,0,0
2019-07-10 06:30,54,35,19,0,0,0
2019-07-10 06:45,66,51,15,0,0,0
2019-07-10 07:00,88,59,29,0,0,0
2019-07-10 07:15,151,103,48,0,0,0
2019-07-10 07:30,147,96,51,0,0,0
2019-07-10 07:45,226,151,75,0,0,0
2019-07-10 08:00,170,127,43,0,0,0
2019-07-10 08:15,155,105,50,0,0,0
2019-07-10 08:30,160,116,44,0,0,0
2019-07-10 08:45,186,136,50,0,0,0
2019-07-10 09:00,133,87,46,0,0,0
2019-07-10 09:15,118,83,35,0,0,0
2019-07-10 09:30,143,110,33,0,0,0
2019-07-10 09:45,162,117,45,0,0,0
2019-07-10 10:00,130,77,53,0,0,0
2019-07-10 10:15,134,79,55,0,0,0
2019-07-10 10:30,146,80,66,0,0,0
2019-07-10 10:45,156,89,67,0,0,0
2019-07-10 11:00,156,93,63,0,0,0
2019-07-10 11:15,163,88,75,0,0,0
2019-07-10 11:30,151,89,62,0,0,0
2019-07-10 11:45,178,90,88,0,0,0
2019-07-10 12:00,169,80,89,0,0,0
2019-07-10 12:15,186,91,95,0,0,0
2019-07-10 12:30,195,84,111,0,0,0
2019-07-10 12:45,196,88,108,0,0,0
2019-07-10 13:00,202,94,108,0,0,0
2019-07-10 13:15,187,78,109,0,0,0
2019-07-10 13:30,167,78,89,0,0,0
2019-07-10 13:45,197,81,116,0,0,0
2019-07-10 14:00,154,61,93,0,0,0
2019-07-10 14:15,172,66,106,0,0,0
2019-07-10 14:30,204,90,114,0,0,0
2019-07-10 14:45,179,80,99,0,0,0
2019-07-10 15:00,168,67,101,0,0,0
2019-07-10 15:15,173,72,101,0,0,0
2019-07-10 15:30,197,92,105,0,0,0
2019-07-10 15:45,247,104,143,0,0,0
2019-07-10 16:00,255,104,151,0,0,0
2019-07-10 16:15,208,73,135,0,0,0
2019-07-10 16:30,227,86,141,0,0,0
2019-07-10 16:45,253,97,156,0,0,0
2019-07-10 17:00,202,85,117,0,0,0
2019-07-10 17:15,213,85,128,0,0,0
2019-07-10 17:30,232,97,135,0,0,0
2019-07-10 17:45,253,95,158,0,0,0
2019-07-10 18:00,239,78,161,0,0,0
2019-07-10 18:15,228,88,140,0,0,0
2019-07-10 18:30,184,75,109,0,0,0
2019-07-10 18:45,204,102,102,0,0,0
2019-07-10 19:00,178,55,123,0,0,0
2019-07-10 19:15,155,53,102,0,0,0
2019-07-10 19:30,134,57,77,0,0,0
2019-07-10 19:45,125,42,83,0,0,0
2019-07-10 20:00,117,35,82,0,0,0
2019-07-10 20:15,91,31,60,0,0,0
2019-07-10 20:30,107,36,71,0,0,0
2019-07-10 20:45,79,24,55,0,0,0
2019-07-10 21:00,74,32,42,0,0,0
2019-07-10 21:15,83,30,53,0,0,0
2019-07-10 21:30,77,21,56,0,0,0
2019-07-10 21:45,68,18,50,0,0,0
2019-07-10 22:00,72,23,49,0,0,0
2019-07-10 22:15,71,28,43,0,0,0
2019-07-10 22:30,70,17,53,0,0,0
2019-07-10 22:45,57,11,46,0,0,0
2019-07-10 23:00,49,20,29,0,0,0
2019-07-10 23:15,35,10,25,0,0,0
2019-07-10 23:30,21,10,11,0,0,0
2019-07-10 23:45,41,16,25,0,0,0
2019-07-11 00:00,33,13,20,0,0,0
2019-07-11 00:15,25,12,13,0,0,0
2019-07-11 00:30,17,3,14,0,0,0
2019-07-11 00:45,16,1,15,0,0,0
2019-07-11 01:00,9,3,6,0,0,0
2019-07-11 01:15,5,1,4,0,0,0
2019-07-11 01:30,5,0,5,0,0,0
2019-07-11 01:45,9,5,4,0,0,0
2019-07-11 02:00,4,2,2,0,0,0
2019-07-11 02:15,3,0,3,0,0,0
2019-07-11 02:30,6,1,5,0,0,0
2019-07-11 02:45,8,4,4,0,0,0
2019-07-11 03:00,1,0,1,0,0,0
2019-07-11 03:15,2,1,1,0,0,0
2019-07-11 03:30,2,0,2,0,0,0
2019-07-11 03:45,4,3,1,0,0,0
2019-07-11 04:00,3,0,3,0,0,0
2019-07-11 04:15,5,4,1,0,0,0
2019-07-11 04:30,4,0,4,0,0,0
2019-07-11 04:45,7,4,3,0,0,0
2019-07-11 05:00,2,2,0,0,0,0
2019-07-11 05:15,12,11,1,0,0,0
2019-07-11 05:30,17,13,4,0,0,0
2019-07-11 05:45,34,30,4,0,0,0
2019-07-11 06:00,34,23,11,0,0,0
2019-07-11 06:15,44,33,11,0,0,0
2019-07-11 06:30,39,27,12,0,0,0
2019-07-11 06:45,69,50,19,0,0,0
2019-07-11 07:00,66,49,17,0,0,0
2019-07-11 07:15,89,60,29,0,0,0
2019-07-11 07:30,123,82,41,0,0,0
2019-07-11 07:45,139,100,39,0,0,0
2019-07-11 08:00,131,97,34,0,0,0
2019-07-11 08:15,156,110,46,0,0,0
2019-07-11 08:30,111,79,32,0,0,0
2019-07-11 08:45,138,99,39,0,0,0
2019-07-11 09:00,124,82,42,0,0,0
2019-07-11 09:15,118,85,33,0,0,0
2019-07-11 09:30,115,79,36,0,0,0
2019-07-11 09:45,110,79,31,0,0,0
2019-07-11 10:00,94,61,33,0,0,0
2019-07-11 10:15,68,36,32,0,0,0
2019-07-11 10:30,105,61,44,0,0,0
2019-07-11 10:45,76,47,29,0,0,0
2019-07-11 11:00,65,33,32,0,0,0
2019-07-11 11:15,84,43,41,0,0,0
2019-07-11 11:30,91,53,38,0,0,0
2019-07-11 11:45,107,62,45,0,0,0
2019-07-11 12:00,92,47,45,0,0,0
2019-07-11 12:15,133,66,67,0,0,0
2019-07-11 12:30,102,56,46,0,0,0
2019-07-11 12:45,127,57,70,0,0,0
2019-07-11 13:00,109,42,67,0,0,0
2019-07-11 13:15,125,54,71,0,0,0
2019-07-11 13:30,124,50,74,0,0,0
2019-07-11 13:45,147,64,83,0,0,0
2019-07-11 14:00,129,61,68,0,0,0
2019-07-11 14:15,133,47,86,0,0,0
2019-07-11 14:30,157,83,74,0,0,0
2019-07-11 14:45,144,65,79,0,0,0
2019-07-11 15:00,140,54,86,0,0,0
2019-07-11 15:15,174,82,92,0,0,0
2019-07-11 15:30,159,67,92,0,0,0
2019-07-11 15:45,179,62,117,0,0,0
2019-07-11 16:00,186,61,125,0,0,0
2019-07-11 16:15,186,75,111,0,0,0
2019-07-11 16:30,231,84,147,0,0,0
2019-07-11 16:45,179,71,108,0,0,0
2019-07-11 17:00,205,82,123,0,0,0
2019-07-11 17:15,214,67,147,0,0,0
2019-07-11 17:30,242,104,138,0,0,0
2019-07-11 17:45,137,40,97,0,0,0
2019-07-11 18:00,60,22,38,0,0,0
2019-07-11 18:15,134,44,90,0,0,0
2019-07-11 18:30,111,35,76,0,0,0
2019-07-11 18:45,95,30,65,0,0,0
2019-07-11 19:00,146,57,89,0,0,0
2019-07-11 19:15,151,54,97,0,0,0
2019-07-11 19:30,98,38,60,0,0,0
2019-07-11 19:45,96,37,59,0,0,0
2019-07-11 20:00,79,26,53,0,0,0
2019-07-11 20:15,89,28,61,0,0,0
2019-07-11 20:30,63,24,39,0,0,0
2019-07-11 20:45,55,21,34,0,0,0
2019-07-11 21:00,69,29,40,0,0,0
2019-07-11 21:15,52,16,36,0,0,0
2019-07-11 21:30,65,14,51,0,0,0
2019-07-11 21:45,46,15,31,0,0,0
2019-07-11 22:00,48,14,34,0,0,0
2019-07-11 22:15,54,13,41,0,0,0
2019-07-11 22:30,36,15,21,0,0,0
2019-07-11 22:45,62,14,48,0,0,0
2019-07-11 23:00,40,8,32,0,0,0
2019-07-11 23:15,44,14,30,0,0,0
2019-07-11 23:30,23,10,13,0,0,0
2019-07-11 23:45,24,10,14,0,0,0
2019-07-12 00:00,17,10,7,0,0,0
2019-07-12 00:15,14,4,10,0,0,0
2019-07-12 00:30,18,9,9,0,0,0
2019-07-12 00:45,17,2,15,0,0,0
2019-07-12 01:00,17,7,10,0,0,0
2019-07-12 01:15,10,6,4,0,0,0
2019-07-12 01:30,10,2,8,0,0,0
2019-07-12 01:45,4,2,2,0,0,0
2019-07-12 02:00,7,4,3,0,0,0
2019-07-12 02:15,4,2,2,0,0,0
2019-07-12 02:30,9,1,8,0,0,0
2019-07-12 02:45,5,3,2,0,0,0
2019-07-12 03:00,2,1,1,0,0,0
2019-07-12 03:15,4,1,3,0,0,0
2019-07-12 03:30,4,0,4,0,0,0
2019-07-12 03:45,0,0,0,0,0,0
2019-07-12 04:00,2,0,2,0,0,0
2019-07-12 04:15,6,1,5,0,0,0
2019-07-12 04:30,1,1,0,0,0,0
2019-07-12 04:45,3,3,0,0,0,0
2019-07-12 05:00,2,2,0,0,0,0
2019-07-12 05:15,6,4,2,0,0,0
2019-07-12 05:30,14,11,3,0,0,0
2019-07-12 05:45,26,24,2,0,0,0
2019-07-12 06:00,16,11,5,0,0,0
2019-07-12 06:15,34,25,9,0,0,0
2019-07-12 06:30,44,27,17,0,0,0
2019-07-12 06:45,59,42,17,0,0,0
2019-07-12 07:00,70,40,30,0,0,0
2019-07-12 07:15,86,60,26,0,0,0
2019-07-12 07:30,129,77,52,0,0,0
2019-07-12 07:45,145,102,43,0,0,0
2019-07-12 08:00,133,101,32,0,0,0
2019-07-12 08:15,149,89,60,0,0,0
2019-07-12 08:30,130,84,46,0,0,0
2019-07-12 08:45,158,110,48,0,0,0
2019-07-12 09:00,105,75,30,0,0,0
2019-07-12 09:15,119,73,46,0,0,0
2019-07-12 09:30,70,38,32,0,0,0
2019-07-12 09:45,74,46,28,0,0,0
2019-07-12 10:00,75,39,36,0,0,0
2019-07-12 10:15,87,44,43,0,0,0
2019-07-12 10:30,87,36,51,0,0,0
2019-07-12 10:45,95,59,36,0,0,0
2019-07-12 11:00,111,55,56,0,0,0
2019-07-12 11:15,118,54,64,0,0,0
2019-07-12 11:30,132,64,68,0,0,0
2019-07-12 11:45,116,63,53,0,0,0
2019-07-12 12:00,130,58,72,0,0,0
2019-07-12 12:15,132,70,62,0,0,0
2019-07-12 12:30,152,73,79,0,0,0
2019-07-12 12:45,169,65,104,0,0,0
2019-07-12 13:00,153,67,86,0,0,0
2019-07-12 13:15,145,61,84,0,0,0
2019-07-12 13:30,138,60,78,0,0,0
2019-07-12 13:45,174,64,110,0,0,0
2019-07-12 14:00,159,53,106,0,0,0
2019-07-12 14:15,164,63,101,0,0,0
2019-07-12 14:30,161,70,91,0,0,0
2019-07-12 14:45,168,81,87,0,0,0
2019-07-12 15:00,164,65,99,0,0,0
2019-07-12 15:15,136,60,76,0,0,0
2019-07-12 15:30,176,63,113,0,0,0
2019-07-12 15:45,111,39,72,0,0,0
2019-07-12 16:00,66,17,49,0,0,0
2019-07-12 16:15,121,40,81,0,0,0
2019-07-12 16:30,146,60,86,0,0,0
2019-07-12 16:45,121,49,72,0,0,0
2019-07-12 17:00,154,58,96,0,0,0
2019-07-12 17:15,132,61,71,0,0,0
2019-07-12 17:30,149,64,85,0,0,0
2019-07-12 17:45,123,61,62,0,0,0
2019-07-12 18:00,133,59,74,0,0,0
2019-07-12 18:15,108,50,58,0,0,0
2019-07-12 18:30,127,57,70,0,0,0
2019-07-12 18:45,126,51,75,0,0,0
2019-07-12 19:00,128,54,74,0,0,0
2019-07-12 19:15,104,47,57,0,0,0
2019-07-12 19:30,116,51,65,0,0,0
2019-07-12 19:45,137,58,79,0,0,0
2019-07-12 20:00,109,47,62,0,0,0
2019-07-12 20:15,88,39,49,0,0,0
2019-07-12 20:30,84,42,42,0,0,0
2019-07-12 20:45,77,45,32,0,0,0
2019-07-12 21:00,61,20,41,0,0,0
2019-07-12 21:15,65,40,25,0,0,0
2019-07-12 21:30,35,20,15,0,0,0
2019-07-12 21:45,68,34,34,0,0,0
2019-07-12 22:00,47,15,32,0,0,0
2019-07-12 22:15,47,17,30,0,0,0
2019-07-12 22:30,53,24,29,0,0,0
2019-07-12 22:45,54,14,40,0,0,0
2019-07-12 23:00,36,16,20,0,0,0
2019-07-12 23:15,51,24,27,0,0,0
2019-07-12 23:30,61,22,39,0,0,0
2019-07-12 23:45,50,16,34,0,0,0
2019-07-13 00:00,53,14,39,0,0,0
2019-07-13 00:15,49,14,35,0,0,0
2019-07-13 00:30,40,6,34,0,0,0
2019-07-13 00:45,36,10,26,0,0,0
2019-07-13 01:00,54,25,29,0,0,0
2019-07-13 01:15,37,17,20,0,0,0
2019-07-13 01:30,15,7,8,0,0,0
2019-07-13 01:45,19,4,15,0,0,0
2019-07-13 02:00,32,16,16,0,0,0
2019-07-13 02:15,32,13,19,0,0,0
2019-07-13 02:30,13,6,7,0,0,0
2019-07-13 02:45,11,3,8,0,0,0
2019-07-13 03:00,24,12,12,0,0,0
2019-07-13 03:15,11,3,8,0,0,0
2019-07-13 03:30,8,2,6,0,0,0
2019-07-13 03:45,7,5,2,0,0,0
2019-07-13 04:00,9,0,9,0,0,0
2019-07-13 04:15,4,1,3,0,0,0
2019-07-13 04:30,1,0,1,0,0,0
2019-07-13 04:45,9,0,9,0,0,0
2019-07-13 05:00,6,3,3,0,0,0
2019-07-13 05:15,12,4,8,0,0,0
2019-07-13 05:30,13,6,7,0,0,0
2019-07-13 05:45,13,9,4,0,0,0
2019-07-13 06:00,8,4,4,0,0,0
2019-07-13 06:15,12,9,3,0,0,0
2019-07-13 06:30,10,6,4,0,0,0
2019-07-13 06:45,9,7,2,0,0,0
2019-07-13 07:00,10,8,2,0,0,0
2019-07-13 07:15,19,17,2,0,0,0
2019-07-13 07:30,29,21,8,0,0,0
2019-07-13 07:45,37,27,10,0,0,0
2019-07-13 08:00,30,19,11,0,0,0
2019-07-13 08:15,35,24,11,0,0,0
2019-07-13 08:30,41,21,20,0,0,0
2019-07-13 08:45,63,40,23,0,0,0
2019-07-13 09:00,60,36,24,0,0,0
2019-07-13 09:15,76,62,14,0,0,0
2019-07-13 09:30,81,61,20,0,0,0
2019-07-13 09:45,125,88,37,0,0,0
2019-07-13 10:00,77,48,29,0,0,0
2019-07-13 10:15,111,69,42,0,0,0
2019-07-13 10:30,108,66,42,0,0,0
2019-07-13 10:45,139,95,44,0,0,0
2019-07-13 11:00,151,83,68,0,0,0
2019-07-13 11:15,156,82,74,0,0,0
2019-07-13 11:30,140,86,54,0,0,0
2019-07-13 11:45,157,87,70,0,0,0
2019-07-13 12:00,156,88,68,0,0,0
2019-07-13 12:15,154,60,94,0,0,0
2019-07-13 12:30,182,100,82,0,0,0
2019-07-13 12:45,164,93,71,0,0,0
2019-07-13 13:00,193,82,111,0,0,0
2019-07-13 13:15,166,73,93,0,0,0
2019-07-13 13:30,138,70,68,0,0,0
2019-07-13 13:45,174,88,86,0,0,0
2019-07-13 14:00,154,66,88,0,0,0
2019-07-13 14:15,145,51,94,0,0,0
2019-07-13 14:30,146,57,89,0,0,0
2019-07-13 14:45,164,61,103,0,0,0
2019-07-13 15:00,159,80,79,0,0,0
2019-07-13 15:15,133,68,65,0,0,0
2019-07-13 15:30,157,71,86,0,0,0
2019-07-13 15:45,169,69,100,0,0,0
2019-07-13 16:00,137,48,89,0,0,0
2019-07-13 16:15,155,45,110,0,0,0
2019-07-13 16:30,116,48,68,0,0,0
2019-07-13 16:45,157,78,79,0,0,0
2019-07-13 17:00,131,48,83,0,0,0
2019-07-13 17:15,124,42,82,0,0,0
2019-07-13 17:30,106,52,54,0,0,0
2019-07-13 17:45,122,55,67,0,0,0
2019-07-13 18:00,123,38,85,0,0,0
2019-07-13 18:15,149,44,105,0,0,0
2019-07-13 18:30,97,40,57,0,0,0
2019-07-13 18:45,123,55,68,0,0,0
2019-07-13 19:00,118,42,76,0,0,0
2019-07-13 19:15,127,62,65,0,0,0
2019-07-13 19:30,90,36,54,0,0,0
2019-07-13 19:45,102,37,65,0,0,0
2019-07-13 20:00,85,27,58,0,0,0
2019-07-13 20:15,85,33,52,0,0,0
2019-07-13 20:30,45,23,22,0,0,0
2019-07-13 20:45,74,28,46,0,0,0
2019-07-13 21:00,64,20,44,0,0,0
2019-07-13 21:15,52,12,40,0,0,0
2019-07-13 21:30,56,15,41,0,0,0
2019-07-13 21:45,50,20,30,0,0,0
2019-07-13 22:00,57,21,36,0,0,0
2019-07-13 22:15,41,12,29,0,0,0
2019-07-13 22:30,34,17,17,0,0,0
2019-07-13 22:45,45,15,30,0,0,0
2019-07-13 23:00,46,11,35,0,0,0
2019-07-13 23:15,42,12,30,0,0,0
2019-07-13 23:30,35,9,26,0,0,0
2019-07-13 23:45,30,10,20,0,0,0
2019-07-14 00:00,40,16,24,0,0,0
2019-07-14 00:15,39,7,32,0,0,0
2019-07-14 00:30,29,9,20,0,0,0
2019-07-14 00:45,36,14,22,0,0,0
2019-07-14 01:00,23,7,16,0,0,0
2019-07-14 01:15,37,14,23,0,0,0
2019-07-14 01:30,34,14,20,0,0,0
2019-07-14 01:45,17,5,12,0,0,0
2019-07-14 02:00,14,2,12,0,0,0
2019-07-14 02:15,10,2,8,0,0,0
2019-07-14 02:30,12,2,10,0,0,0
2019-07-14 02:45,23,7,16,0,0,0
2019-07-14 03:00,14,5,9,0,0,0
2019-07-14 03:15,11,7,4,0,0,0
2019-07-14 03:30,5,1,4,0,0,0
2019-07-14 03:45,8,2,6,0,0,0
2019-07-14 04:00,11,1,10,0,0,0
2019-07-14 04:15,9,4,5,0,0,0
2019-07-14 04:30,5,1,4,0,0,0
2019-07-14 04:45,3,0,3,0,0,0
2019-07-14 05:00,4,1,3,0,0,0
2019-07-14 05:15,7,3,4,0,0,0
2019-07-14 05:30,11,7,4,0,0,0
2019-07-14 05:45,8,5,3,0,0,0
2019-07-14 06:00,5,2,3,0,0,0
2019-07-14 06:15,6,2,4,0,0,0
2019-07-14 06:30,8,3,5,0,0,0
2019-07-14 06:45,6,2,4,0,0,0
2019-07-14 07:00,2,1,1,0,0,0
2019-07-14 07:15,4,2,2,0,0,0
2019-07-14 07:30,4,3,1,0,0,0
2019-07-14 07:45,18,15,3,0,0,0
2019-07-14 08:00,12,9,3,0,0,0
2019-07-14 08:15,4,1,3,0,0,0
2019-07-14 08:30,9,5,4,0,0,0
2019-07-14 08:45,16,8,8,0,0,0
2019-07-14 09:00,19,14,5,0,0,0
2019-07-14 09:15,31,14,17,0,0,0
2019-07-14 09:30,39,20,19,0,0,0
2019-07-14 09:45,67,43,24,0,0,0
2019-07-14 10:00,37,23,14,0,0,0
2019-07-14 10:15,34,22,12,0,0,0
2019-07-14 10:30,32,18,14,0,0,0
2019-07-14 10:45,30,18,12,0,0,0
2019-07-14 11:00,39,23,16,0,0,0
2019-07-14 11:15,47,20,27,0,0,0
2019-07-14 11:30,30,11,19,0,0,0
2019-07-14 11:45,41,26,15,0,0,0
2019-07-14 12:00,56,28,28,0,0,0
2019-07-14 12:15,54,25,29,0,0,0
2019-07-14 12:30,38,14,24,0,0,0
2019-07-14 12:45,61,30,31,0,0,0
2019-07-14 13:00,56,23,33,0,0,0
2019-07-14 13:15,53,19,34,0,0,0
2019-07-14 13:30,75,40,35,0,0,0
2019-07-14 13:45,53,27,26,0,0,0
2019-07-14 14:00,59,32,27,0,0,0
2019-07-14 14:15,69,34,35,0,0,0
2019-07-14 14:30,80,30,50,0,0,0
2019-07-14 14:45,86,41,45,0,0,0
2019-07-14 15:00,73,35,38,0,0,0
2019-07-14 15:15,50,17,33,0,0,0
2019-07-14 15:30,65,20,45,0,0,0
2019-07-14 15:45,68,29,39,0,0,0
2019-07-14 16:00,65,31,34,0,0,0
2019-07-14 16:15,63,26,37,0,0,0
2019-07-14 16:30,93,40,53,0,0,0
2019-07-14 16:45,89,29,60,0,0,0
2019-07-14 17:00,85,32,53,0,0,0
2019-07-14 17:15,50,24,26,0,0,0
2019-07-14 17:30,84,35,49,0,0,0
2019-07-14 17:45,89,36,53,0,0,0
2019-07-14 18:00,72,20,52,0,0,0
2019-07-14 18:15,78,33,45,0,0,0
2019-07-14 18:30,66,23,43,0,0,0
2019-07-14 18:45,67,24,43,0,0,0
2019-07-14 19:00,76,27,49,0,0,0
2019-07-14 19:15,60,24,36,0,0,0
2019-07-14 19:30,59,23,36,0,0,0
2019-07-14 19:45,59,20,39,0,0,0
2019-07-14 20:00,39,10,29,0,0,0
2019-07-14 20:15,50,18,32,0,0,0
2019-07-14 20:30,49,14,35,0,0,0
2019-07-14 20:45,34,6,28,0,0,0
2019-07-14 21:00,49,21,28,0,0,0
2019-07-14 21:15,32,8,24,0,0,0
2019-07-14 21:30,37,9,28,0,0,0
2019-07-14 21:45,63,19,44,0,0,0
2019-07-14 22:00,39,15,24,0,0,0
2019-07-14 22:15,31,8,23,0,0,0
2019-07-14 22:30,46,15,31,0,0,0
2019-07-14 22:45,25,6,19,0,0,0
2019-07-14 23:00,26,8,18,0,0,0
2019-07-14 23:15,17,5,12,0,0,0
2019-07-14 23:30,22,7,15,0,0,0
2019-07-14 23:45,9,1,8,0,0,0
2019-07-15 00:00,8,4,4,0,0,0
2019-07-15 00:15,10,8,2,0,0,0
2019-07-15 00:30,7,4,3,0,0,0
2019-07-15 00:45,11,5,6,0,0,0
2019-07-15 01:00,11,2,9,0,0,0
2019-07-15 01:15,5,1,4,0,0,0
2019-07-15 01:30,4,0,4,0,0,0
2019-07-15 01:45,2,2,0,0,0,0
2019-07-15 02:00,3,1,2,0,0,0
2019-07-15 02:15,0,0,0,0,0,0
2019-07-15 02:30,2,2,0,0,0,0
2019-07-15 02:45,2,1,1,0,0,0
2019-07-15 03:00,2,1,1,0,0,0
2019-07-15 03:15,0,0,0,0,0,0
2019-07-15 03:30,5,0,5,0,0,0
2019-07-15 03:45,0,0,0,0,0,0
2019-07-15 04:00,1,0,1,0,0,0
2019-07-15 04:15,0,0,0,0,0,0
2019-07-15 04:30,2,1,1,0,0,0
2019-07-15 04:45,1,1,0,0,0,0
2019-07-15 05:00,1,1,0,0,0,0
2019-07-15 05:15,7,6,1,0,0,0
2019-07-15 05:30,18,13,5,0,0,0
2019-07-15 05:45,27,22,5,0,0,0
2019-07-15 06:00,24,17,7,0,0,0
2019-07-15 06:15,31,23,8,0,0,0
2019-07-15 06:30,39,26,13,0,0,0
2019-07-15 06:45,71,51,20,0,0,0
2019-07-15 07:00,65,47,18,0,0,0
2019-07-15 07:15,98,75,23,0,0,0
2019-07-15 07:30,122,80,42,0,0,0
2019-07-15 07:45,174,128,46,0,0,0
2019-07-15 08:00,139,100,39,0,0,0
2019-07-15 08:15,131,80,51,0,0,0
2019-07-15 08:30,133,86,47,0,0,0
2019-07-15 08:45,125,83,42,0,0,0
2019-07-15 09:00,103,68,35,0,0,0
2019-07-15 09:15,102,63,39,0,0,0
2019-07-15 09:30,91,60,31,0,0,0
2019-07-15 09:45,130,93,37,0,0,0
2019-07-15 10:00,88,52,36,0,0,0
2019-07-15 10:15,113,71,42,0,0,0
2019-07-15 10:30,104,67,37,0,0,0
2019-07-15 10:45,119,76,43,0,0,0
2019-07-15 11:00,106,57,49,0,0,0
2019-07-15 11:15,131,75,56,0,0,0
2019-07-15 11:30,133,66,67,0,0,0
2019-07-15 11:45,116,61,55,0,0,0
2019-07-15 12:00,136,63,73,0,0,0
2019-07-15 12:15,117,49,68,0,0,0
2019-07-15 12:30,135,61,74,0,0,0
2019-07-15 12:45,155,77,78,0,0,0
2019-07-15 13:00,135,64,71,0,0,0
2019-07-15 13:15,134,49,85,0,0,0
2019-07-15 13:30,162,64,98,0,0,0
2019-07-15 13:45,109,36,73,0,0,0
2019-07-15 14:00,162,72,90,0,0,0
2019-07-15 14:15,164,63,101,0,0,0
2019-07-15 14:30,141,55,86,0,0,0
2019-07-15 14:45,143,62,81,0,0,0
2019-07-15 15:00,166,72,94,0,0,0
2019-07-15 15:15,164,73,91,0,0,0
2019-07-15 15:30,154,66,88,0,0,0
2019-07-15 15:45,167,70,97,0,0,0
2019-07-15 16:00,212,73,139,0,0,0
2019-07-15 16:15,195,69,126,0,0,0
2019-07-15 16:30,188,60,128,0,0,0
2019-07-15 16:45,218,84,134,0,0,0
2019-07-15 17:00,230,80,150,0,0,0
2019-07-15 17:15,226,88,138,0,0,0
2019-07-15 17:30,192,68,124,0,0,0
2019-07-15 17:45,225,93,132,0,0,0
2019-07-15 18:00,204,60,144,0,0,0
2019-07-15 18:15,209,70,139,0,0,0
2019-07-15 18:30,163,66,97,0,0,0
2019-07-15 18:45,172,49,123,0,0,0
2019-07-15 19:00,160,53,107,0,0,0
2019-07-15 19:15,164,66,98,0,0,0
2019-07-15 19:30,118,40,78,0,0,0
2019-07-15 19:45,133,44,89,0,0,0
2019-07-15 20:00,129,56,73,0,0,0
2019-07-15 20:15,73,24,49,0,0,0
2019-07-15 20:30,61,26,35,0,0,0
2019-07-15 20:45,57,16,41,0,0,0
2019-07-15 21:00,74,30,44,0,0,0
2019-07-15 21:15,80,27,53,0,0,0
2019-07-15 21:30,42,15,27,0,0,0
2019-07-15 21:45,58,19,39,0,0,0
2019-07-15 22:00,81,26,55,0,0,0
2019-07-15 22:15,47,15,32,0,0,0
2019-07-15 22:30,41,11,30,0,0,0
2019-07-15 22:45,45,12,33,0,0,0
2019-07-15 23:00,33,13,20,0,0,0
2019-07-15 23:15,19,6,13,0,0,0
2019-07-15 23:30,35,19,16,0,0,0
2019-07-15 23:45,16,3,13,0,0,0
2019-07-16 00:00,16,3,13,0,0,0
2019-07-16 00:15,17,3,14,0,0,0
2019-07-16 00:30,15,1,14,0,0,0
2019-07-16 00:45,6,0,6,0,0,0
2019-07-16 01:00,8,2,6,0,0,0
2019-07-16 01:15,10,5,5,0,0,0
2019-07-16 01:30,1,0,1,0,0,0
2019-07-16 01:45,5,1,4,0,0,0
2019-07-16 02:00,8,1,7,0,0,0
2019-07-16 02:15,3,1,2,0,0,0
2019-07-16 02:30,1,0,1,0,0,0
2019-07-16 02:45,11,2,9,0,0,0
2019-07-16 03:00,3,1,2,0,0,0
2019-07-16 03:15,0,0,0,0,0,0
2019-07-16 03:30,1,0,1,0,0,0
2019-07-16 03:45,2,0,2,0,0,0
2019-07-16 04:00,2,0,2,0,0,0
2019-07-16 04:15,1,0,1,0,0,0
2019-07-16 04:30,2,0,2,0,0,0
2019-07-16 04:45,4,3,1,0,0,0
2019-07-16 05:00,1,1,0,0,0,0
2019-07-16 05:15,6,5,1,0,0,0
2019-07-16 05:30,17,12,5,0,0,0
2019-07-16 05:45,29,23,6,0,0,0
2019-07-16 06:00,33,19,14,0,0,0
2019-07-16 06:15,31,25,6,0,0,0
2019-07-16 06:30,45,31,14,0,0,0
2019-07-16 06:45,69,52,17,0,0,0
2019-07-16 07:00,86,58,28,0,0,0
2019-07-16 07:15,108,76,32,0,0,0
2019-07-16 07:30,123,89,34,0,0,0
2019-07-16 07:45,189,138,51,0,0,0
2019-07-16 08:00,133,91,42,0,0,0
2019-07-16 08:15,140,100,40,0,0,0
2019-07-16 08:30,132,81,51,0,0,0
2019-07-16 08:45,152,100,52,0,0,0
2019-07-16 09:00,117,73,44,0,0,0
2019-07-16 09:15,144,96,48,0,0,0
2019-07-16 09:30,105,72,33,0,0,0
2019-07-16 09:45,143,104,39,0,0,0
2019-07-16 10:00,134,89,45,0,0,0
2019-07-16 10:15,127,80,47,0,0,0
2019-07-16 10:30,118,62,56,0,0,0
2019-07-16 10:45,118,73,45,0,0,0
2019-07-16 11:00,131,66,65,0,0,0
2019-07-16 11:15,117,67,50,0,0,0
2019-07-16 11:30,153,81,72,0,0,0
2019-07-16 11:45,140,80,60,0,0,0
2019-07-16 12:00,143,68,75,0,0,0
2019-07-16 12:15,126,62,64,0,0,0
2019-07-16 12:30,162,70,92,0,0,0
2019-07-16 12:45,161,66,95,0,0,0
2019-07-16 13:00,150,74,76,0,0,0
2019-07-16 13:15,170,89,81,0,0,0
2019-07-16 13:30,148,66,82,0,0,0
2019-07-16 13:45,172,79,93,0,0,0
2019-07-16 14:00,164,63,101,0,0,0
2019-07-16 14:15,161,69,92,0,0,0
2019-07-16 14:30,138,60,78,0,0,0
2019-07-16 14:45,175,77,98,0,0,0
2019-07-16 15:00,158,84,74,0,0,0
2019-07-16 15:15,150,65,85,0,0,0
2019-07-16 15:30,167,77,90,0,0,0
2019-07-16 15:45,212,95,117,0,0,0
2019-07-16 16:00,202,75,127,0,0,0
2019-07-16 16:15,253,88,165,0,0,0
2019-07-16 16:30,214,73,141,0,0,0
2019-07-16 16:45,236,96,140,0,0,0
2019-07-16 17:00,251,83,168,0,0,0
2019-07-16 17:15,221,79,142,0,0,0
2019-07-16 17:30,186,68,118,0,0,0
2019-07-16 17:45,192,79,113,0,0,0
2019-07-16 18:00,247,64,183,0,0,0
2019-07-16 18:15,221,95,126,0,0,0
2019-07-16 18:30,189,73,116,0,0,0
2019-07-16 18:45,155,61,94,0,0,0
2019-07-16 19:00,167,52,115,0,0,0
2019-07-16 19:15,129,47,82,0,0,0
2019-07-16 19:30,107,38,69,0,0,0
2019-07-16 19:45,123,38,85,0,0,0
2019-07-16 20:00,102,37,65,0,0,0
2019-07-16 20:15,98,30,68,0,0,0
2019-07-16 20:30,68,29,39,0,0,0
2019-07-16 20:45,63,22,41,0,0,0
2019-07-16 21:00,67,21,46,0,0,0
2019-07-16 21:15,77,22,55,0,0,0
2019-07-16 21:30,58,17,41,0,0,0
2019-07-16 21:45,65,24,41,0,0,0
2019-07-16 22:00,50,19,31,0,0,0
2019-07-16 22:15,56,19,37,0,0,0
2019-07-16 22:30,65,24,41,0,0,0
2019-07-16 22:45,42,10,32,0,0,0
2019-07-16 23:00,32,2,30,0,0,0
2019-07-16 23:15,39,8,31,0,0,0
2019-07-16 23:30,25,4,21,0,0,0
2019-07-16 23:45,28,9,19,0,0,0
2019-07-17 00:00,27,13,14,0,0,0
2019-07-17 00:15,21,13,8,0,0,0
2019-07-17 00:30,17,6,11,0,0,0
2019-07-17 00:45,11,4,7,0,0,0
2019-07-17 01:00,14,4,10,0,0,0
2019-07-17 01:15,7,3,4,0,0,0
2019-07-17 01:30,7,2,5,0,0,0
2019-07-17 01:45,3,0,3,0,0,0
2019-07-17 02:00,4,1,3,0,0,0
2019-07-17 02:15,6,2,4,0,0,0
2019-07-17 02:30,2,1,1,0,0,0
2019-07-17 02:45,3,1,2,0,0,0
2019-07-17 03:00,3,0,3,0,0,0
2019-07-17 03:15,0,0,0,0,0,0
2019-07-17 03:30,3,1,2,0,0,0
2019-07-17 03:45,0,0,0,0,0,0
2019-07-17 04:00,1,0,1,0,0,0
2019-07-17 04:15,3,3,0,0,0,0
2019-07-17 04:30,3,0,3,0,0,0
2019-07-17 04:45,3,3,0,0,0,0
2019-07-17 05:00,5,5,0,0,0,0
2019-07-17 05:15,10,9,1,0,0,0
2019-07-17 05:30,15,11,4,0,0,0
2019-07-17 05:45,33,29,4,0,0,0
2019-07-17 06:00,28,18,10,0,0,0
2019-07-17 06:15,34,26,8,0,0,0
2019-07-17 06:30,54,35,19,0,0,0
2019-07-17 06:45,80,58,22,0,0,0
2019-07-17 07:00,72,53,19,0,0,0
2019-07-17 07:15,104,72,32,0,0,0
2019-07-17 07:30,143,97,46,0,0,0
2019-07-17 07:45,168,123,45,0,0,0
2019-07-17 08:00,126,89,37,0,0,0
2019-07-17 08:15,149,104,45,0,0,0
2019-07-17 08:30,157,95,62,0,0,0
2019-07-17 08:45,150,102,48,0,0,0
2019-07-17 09:00,119,71,48,0,0,0
2019-07-17 09:15,114,77,37,0,0,0
2019-07-17 09:30,154,116,38,0,0,0
2019-07-17 09:45,144,115,29,0,0,0
2019-07-17 10:00,107,69,38,0,0,0
2019-07-17 10:15,122,70,52,0,0,0
2019-07-17 10:30,153,86,67,0,0,0
2019-07-17 10:45,141,90,51,0,0,0
2019-07-17 11:00,145,78,67,0,0,0
2019-07-17 11:15,143,77,66,0,0,0
2019-07-17 11:30,157,97,60,0,0,0
2019-07-17 11:45,148,81,67,0,0,0
2019-07-17 12:00,161,80,81,0,0,0
2019-07-17 12:15,171,87,84,0,0,0
2019-07-17 12:30,172,84,88,0,0,0
2019-07-17 12:45,168,84,84,0,0,0
2019-07-17 13:00,198,85,113,0,0,0
2019-07-17 13:15,196,71,125,0,0,0
2019-07-17 13:30,163,70,93,0,0,0
2019-07-17 13:45,166,63,103,0,0,0
2019-07-17 14:00,167,57,110,0,0,0
2019-07-17 14:15,130,59,71,0,0,0
2019-07-17 14:30,175,71,104,0,0,0
2019-07-17 14:45,185,83,102,0,0,0
2019-07-17 15:00,190,67,123,0,0,0
2019-07-17 15:15,161,77,84,0,0,0
2019-07-17 15:30,187,73,114,0,0,0
2019-07-17 15:45,222,94,128,0,0,0
2019-07-17 16:00,181,78,103,0,0,0
2019-07-17 16:15,192,69,123,0,0,0
2019-07-17 16:30,184,70,114,0,0,0
2019-07-17 16:45,225,88,137,0,0,0
2019-07-17 17:00,219,90,129,0,0,0
2019-07-17 17:15,194,69,125,0,0,0
2019-07-17 17:30,205,85,120,0,0,0
2019-07-17 17:45,216,92,124,0,0,0
2019-07-17 18:00,226,89,137,0,0,0
2019-07-17 18:15,208,81,127,0,0,0
2019-07-17 18:30,185,84,101,0,0,0
2019-07-17 18:45,161,62,99,0,0,0
2019-07-17 19:00,157,55,102,0,0,0
2019-07-17 19:15,175,69,106,0,0,0
2019-07-17 19:30,137,45,92,0,0,0
2019-07-17 19:45,132,42,90,0,0,0
2019-07-17 20:00,117,44,73,0,0,0
2019-07-17 20:15,106,36,70,0,0,0
2019-07-17 20:30,93,31,62,0,0,0
2019-07-17 20:45,85,32,53,0,0,0
2019-07-17 21:00,57,21,36,0,0,0
2019-07-17 21:15,70,26,44,0,0,0
2019-07-17 21:30,72,19,53,0,0,0
2019-07-17 21:45,63,28,35,0,0,0
2019-07-17 22:00,69,24,45,0,0,0
2019-07-17 22:15,80,29,51,0,0,0
2019-07-17 22:30,76,37,39,0,0,0
2019-07-17 22:45,55,25,30,0,0,0
2019-07-17 23:00,42,7,35,0,0,0
2019-07-17 23:15,46,19,27,0,0,0
2019-07-17 23:30,38,10,28,0,0,0
2019-07-17 23:45,45,17,28,0,0,0
2019-07-18 00:00,23,5,18,0,0,0
2019-07-18 00:15,21,7,14,0,0,0
2019-07-18 00:30,21,2,19,0,0,0
2019-07-18 00:45,17,7,10,0,0,0
2019-07-18 01:00,9,2,7,0,0,0
2019-07-18 01:15,10,6,4,0,0,0
2019-07-18 01:30,9,1,8,0,0,0
2019-07-18 01:45,7,0,7,0,0,0
2019-07-18 02:00,16,2,14,0,0,0
2019-07-18 02:15,8,1,7,0,0,0
2019-07-18 02:30,5,0,5,0,0,0
2019-07-18 02:45,6,1,5,0,0,0
2019-07-18 03:00,3,0,3,0,0,0
2019-07-18 03:15,14,1,13,0,0,0
2019-07-18 03:30,4,0,4,0,0,0
2019-07-18 03:45,6,0,6,0,0,0
2019-07-18 04:00,3,0,3,0,0,0
2019-07-18 04:15,2,0,2,0,0,0
2019-07-18 04:30,4,0,4,0,0,0
2019-07-18 04:45,7,1,6,0,0,0
2019-07-18 05:00,3,2,1,0,0,0
2019-07-18 05:15,13,9,4,0,0,0
2019-07-18 05:30,17,14,3,0,0,0
2019-07-18 05:45,33,28,5,0,0,0
2019-07-18 06:00,26,17,9,0,0,0
2019-07-18 06:15,33,27,6,0,0,0
2019-07-18 06:30,50,32,18,0,0,0
2019-07-18 06:45,64,43,21,0,0,0
2019-07-18 07:00,61,40,21,0,0,0
2019-07-18 07:15,111,78,33,0,0,0
2019-07-18 07:30,115,71,44,0,0,0
2019-07-18 07:45,170,116,54,0,0,0
2019-07-18 08:00,138,95,43,0,0,0
2019-07-18 08:15,136,93,43,0,0,0
2019-07-18 08:30,137,83,54,0,0,0
2019-07-18 08:45,159,103,56,0,0,0
2019-07-18 09:00,119,73,46,0,0,0
2019-07-18 09:15,134,79,55,0,0,0
2019-07-18 09:30,104,67,37,0,0,0
2019-07-18 09:45,138,94,44,0,0,0
2019-07-18 10:00,131,79,52,0,0,0
2019-07-18 10:15,131,72,59,0,0,0
2019-07-18 10:30,107,61,46,0,0,0
2019-07-18 10:45,137,84,53,0,0,0
2019-07-18 11:00,137,67,70,0,0,0
2019-07-18 11:15,140,78,62,0,0,0
2019-07-18 11:30,137,77,60,0,0,0
2019-07-18 11:45,148,75,73,0,0,0
2019-07-18 12:00,146,74,72,0,0,0
2019-07-18 12:15,167,67,100,0,0,0
2019-07-18 12:30,122,58,64,0,0,0
2019-07-18 12:45,143,60,83,0,0,0
2019-07-18 13:00,167,76,91,0,0,0
2019-07-18 13:15,154,67,87,0,0,0
2019-07-18 13:30,131,72,59,0,0,0
2019-07-18 13:45,154,83,71,0,0,0
2019-07-18 14:00,144,65,79,0,0,0
2019-07-18 14:15,184,85,99,0,0,0
2019-07-18 14:30,160,72,88,0,0,0
2019-07-18 14:45,223,123,100,0,0,0
2019-07-18 15:00,177,85,92,0,0,0
2019-07-18 15:15,195,85,110,0,0,0
2019-07-18 15:30,166,91,75,0,0,0
2019-07-18 15:45,216,88,128,0,0,0
2019-07-18 16:00,245,106,139,0,0,0
2019-07-18 16:15,239,93,146,0,0,0
2019-07-18 16:30,226,85,141,0,0,0
2019-07-18 16:45,201,79,122,0,0,0
2019-07-18 17:00,235,94,141,0,0,0
2019-07-18 17:15,206,87,119,0,0,0
2019-07-18 17:30,212,71,141,0,0,0
2019-07-18 17:45,202,78,124,0,0,0
2019-07-18 18:00,214,77,137,0,0,0
2019-07-18 18:15,202,85,117,0,0,0
2019-07-18 18:30,182,74,108,0,0,0
2019-07-18 18:45,201,87,114,0,0,0
2019-07-18 19:00,157,53,104,0,0,0
2019-07-18 19:15,128,57,71,0,0,0
2019-07-18 19:30,135,49,86,0,0,0
2019-07-18 19:45,116,44,72,0,0,0
2019-07-18 20:00,112,48,64,0,0,0
2019-07-18 20:15,81,27,54,0,0,0
2019-07-18 20:30,74,31,43,0,0,0
2019-07-18 20:45,82,32,50,0,0,0
2019-07-18 21:00,84,27,57,0,0,0
2019-07-18 21:15,72,18,54,0,0,0
2019-07-18 21:30,88,32,56,0,0,0
2019-07-18 21:45,70,19,51,0,0,0
2019-07-18 22:00,60,21,39,0,0,0
2019-07-18 22:15,49,15,34,0,0,0
2019-07-18 22:30,46,14,32,0,0,0
2019-07-18 22:45,63,17,46,0,0,0
2019-07-18 23:00,42,10,32,0,0,0
2019-07-18 23:15,32,17,15,0,0,0
2019-07-18 23:30,30,8,22,0,0,0
2019-07-18 23:45,28,9,19,0,0,0
2019-07-19 00:00,34,16,18,0,0,0
2019-07-19 00:15,23,9,14,0,0,0
2019-07-19 00:30,24,8,16,0,0,0
2019-07-19 00:45,20,12,8,0,0,0
2019-07-19 01:00,15,2,13,0,0,0
2019-07-19 01:15,10,2,8,0,0,0
2019-07-19 01:30,12,2,10,0,0,0
2019-07-19 01:45,7,1,6,0,0,0
2019-07-19 02:00,3,1,2,0,0,0
2019-07-19 02:15,4,0,4,0,0,0
2019-07-19 02:30,3,1,2,0,0,0
2019-07-19 02:45,8,0,8,0,0,0
2019-07-19 03:00,4,0,4,0,0,0
2019-07-19 03:15,1,0,1,0,0,0
2019-07-19 03:30,2,1,1,0,0,0
2019-07-19 03:45,4,3,1,0,0,0
2019-07-19 04:00,1,0,1,0,0,0
2019-07-19 04:15,1,1,0,0,0,0
2019-07-19 04:30,6,4,2,0,0,0
2019-07-19 04:45,4,4,0,0,0,0
2019-07-19 05:00,4,1,3,0,0,0
2019-07-19 05:15,6,5,1,0,0,0
2019-07-19 05:30,20,12,8,0,0,0
2019-07-19 05:45,32,28,4,0,0,0
2019-07-19 06:00,22,16,6,0,0,0
2019-07-19 06:15,28,15,13,0,0,0
2019-07-19 06:30,45,29,16,0,0,0
2019-07-19 06:45,56,44,12,0,0,0
2019-07-19 07:00,62,44,18,0,0,0
2019-07-19 07:15,95,58,37,0,0,0
2019-07-19 07:30,108,69,39,0,0,0
2019-07-19 07:45,143,102,41,0,0,0
2019-07-19 08:00,109,76,33,0,0,0
2019-07-19 08:15,125,91,34,0,0,0
2019-07-19 08:30,110,68,42,0,0,0
2019-07-19 08:45,142,98,44,0,0,0
2019-07-19 09:00,101,61,40,0,0,0
2019-07-19 09:15,119,78,41,0,0,0
2019-07-19 09:30,86,55,31,0,0,0
2019-07-19 09:45,136,91,45,0,0,0
2019-07-19 10:00,110,67,43,0,0,0
2019-07-19 10:15,112,64,48,0,0,0
2019-07-19 10:30,136,74,62,0,0,0
2019-07-19 10:45,113,67,46,0,0,0
2019-07-19 11:00,126,70,56,0,0,0
2019-07-19 11:15,128,68,60,0,0,0
2019-07-19 11:30,131,70,61,0,0,0
2019-07-19 11:45,146,70,76,0,0,0
2019-07-19 12:00,175,85,90,0,0,0
2019-07-19 12:15,167,72,95,0,0,0
2019-07-19 12:30,140,57,83,0,0,0
2019-07-19 12:45,181,68,113,0,0,0
2019-07-19 13:00,155,58,97,0,0,0
2019-07-19 13:15,159,63,96,0,0,0
2019-07-19 13:30,193,81,112,0,0,0
2019-07-19 13:45,158,62,96,0,0,0
2019-07-19 14:00,149,58,91,0,0,0
2019-07-19 14:15,182,78,104,0,0,0
2019-07-19 14:30,206,99,107,0,0,0
2019-07-19 14:45,167,74,93,0,0,0
2019-07-19 15:00,184,70,114,0,0,0
2019-07-19 15:15,160,71,89,0,0,0
2019-07-19 15:30,181,77,104,0,0,0
2019-07-19 15:45,151,63,88,0,0,0
2019-07-19 16:00,164,79,85,0,0,0
2019-07-19 16:15,172,79,93,0,0,0
2019-07-19 16:30,182,74,108,0,0,0
2019-07-19 16:45,173,76,97,0,0,0
2019-07-19 17:00,182,81,101,0,0,0
2019-07-19 17:15,144,64,80,0,0,0
2019-07-19 17:30,156,50,106,0,0,0
2019-07-19 17:45,179,99,80,0,0,0
2019-07-19 18:00,159,70,89,0,0,0
2019-07-19 18:15,181,79,102,0,0,0
2019-07-19 18:30,135,52,83,0,0,0
2019-07-19 18:45,183,91,92,0,0,0
2019-07-19 19:00,148,80,68,0,0,0
2019-07-19 19:15,117,53,64,0,0,0
2019-07-19 19:30,98,31,67,0,0,0
2019-07-19 19:45,115,50,65,0,0,0
2019-07-19 20:00,123,40,83,0,0,0
2019-07-19 20:15,101,55,46,0,0,0
2019-07-19 20:30,84,34,50,0,0,0
2019-07-19 20:45,74,33,41,0,0,0
2019-07-19 21:00,70,18,52,0,0,0
2019-07-19 21:15,70,29,41,0,0,0
2019-07-19 21:30,69,28,41,0,0,0
2019-07-19 21:45,72,25,47,0,0,0
2019-07-19 22:00,45,15,30,0,0,0
2019-07-19 22:15,39,18,21,0,0,0
2019-07-19 22:30,64,23,41,0,0,0
2019-07-19 22:45,58,26,32,0,0,0
2019-07-19 23:00,47,18,29,0,0,0
2019-07-19 23:15,60,22,38,0,0,0
2019-07-19 23:30,60,23,37,0,0,0
2019-07-19 23:45,43,14,29,0,0,0
2019-07-20 00:00,49,16,33,0,0,0
2019-07-20 00:15,25,5,20,0,0,0
2019-07-20 00:30,43,17,26,0,0,0
2019-07-20 00:45,31,13,18,0,0,0
2019-07-20 01:00,30,9,21,0,0,0
2019-07-20 01:15,18,7,11,0,0,0
2019-07-20 01:30,25,15,10,0,0,0
2019-07-20 01:45,18,7,11,0,0,0
2019-07-20 02:00,20,5,15,0,0,0
2019-07-20 02:15,18,8,10,0,0,0
2019-07-20 02:30,15,3,12,0,0,0
2019-07-20 02:45,12,6,6,0,0,0
2019-07-20 03:00,12,4,8,0,0,0
2019-07-20 03:15,10,1,9,0,0,0
2019-07-20 03:30,12,1,11,0,0,0
2019-07-20 03:45,3,0,3,0,0,0
2019-07-20 04:00,14,3,11,0,0,0
2019-07-20 04:15,7,2,5,0,0,0
2019-07-20 04:30,10,1,9,0,0,0
2019-07-20 04:45,8,2,6,0,0,0
2019-07-20 05:00,3,0,3,0,0,0
2019-07-20 05:15,6,5,1,0,0,0
2019-07-20 05:30,14,6,8,0,0,0
2019-07-20 05:45,21,13,8,0,0,0
2019-07-20 06:00,8,5,3,0,0,0
2019-07-20 06:15,9,5,4,0,0,0
2019-07-20 06:30,5,3,2,0,0,0
2019-07-20 06:45,24,11,13,0,0,0
2019-07-20 07:00,12,6,6,0,0,0
2019-07-20 07:15,24,18,6,0,0,0
2019-07-20 07:30,33,16,17,0,0,0
2019-07-20 07:45,46,27,19,0,0,0
2019-07-20 08:00,33,21,12,0,0,0
2019-07-20 08:15,32,21,11,0,0,0
2019-07-20 08:30,52,35,17,0,0,0
2019-07-20 08:45,72,48,24,0,0,0
2019-07-20 09:00,69,54,15,0,0,0
2019-07-20 09:15,82,62,20,0,0,0
2019-07-20 09:30,126,88,38,0,0,0
2019-07-20 09:45,118,72,46,0,0,0
2019-07-20 10:00,105,70,35,0,0,0
2019-07-20 10:15,114,73,41,0,0,0
2019-07-20 10:30,143,86,57,0,0,0
2019-07-20 10:45,160,102,58,0,0,0
2019-07-20 11:00,153,99,54,0,0,0
2019-07-20 11:15,115,71,44,0,0,0
2019-07-20 11:30,185,112,73,0,0,0
2019-07-20 11:45,196,117,79,0,0,0
2019-07-20 12:00,184,97,87,0,0,0
2019-07-20 12:15,213,100,113,0,0,0
2019-07-20 12:30,139,63,76,0,0,0
2019-07-20 12:45,177,81,96,0,0,0
2019-07-20 13:00,158,69,89,0,0,0
2019-07-20 13:15,139,55,84,0,0,0
2019-07-20 13:30,197,83,114,0,0,0
2019-07-20 13:45,147,58,89,0,0,0
2019-07-20 14:00,15,3,12,0,0,0
2019-07-20 14:15,107,23,84,0,0,0
2019-07-20 14:30,134,51,83,0,0,0
2019-07-20 14:45,124,46,78,0,0,0
2019-07-20 15:00,107,40,67,0,0,0
2019-07-20 15:15,127,53,74,0,0,0
2019-07-20 15:30,110,50,60,0,0,0
2019-07-20 15:45,121,51,70,0,0,0
2019-07-20 16:00,126,61,65,0,0,0
2019-07-20 16:15,123,58,65,0,0,0
2019-07-20 16:30,104,38,66,0,0,0
2019-07-20 16:45,83,31,52,0,0,0
2019-07-20 17:00,72,27,45,0,0,0
2019-07-20 17:15,99,39,60,0,0,0
2019-07-20 17:30,72,28,44,0,0,0
2019-07-20 17:45,88,33,55,0,0,0
2019-07-20 18:00,45,13,32,0,0,0
2019-07-20 18:15,73,25,48,0,0,0
2019-07-20 18:30,64,20,44,0,0,0
2019-07-20 18:45,70,33,37,0,0,0
2019-07-20 19:00,84,34,50,0,0,0
2019-07-20 19:15,82,33,49,0,0,0
2019-07-20 19:30,85,46,39,0,0,0
2019-07-20 19:45,71,35,36,0,0,0
2019-07-20 20:00,93,46,47,0,0,0
2019-07-20 20:15,75,30,45,0,0,0
2019-07-20 20:30,48,25,23,0,0,0
2019-07-20 20:45,50,25,25,0,0,0
2019-07-20 21:00,48,22,26,0,0,0
2019-07-20 21:15,43,20,23,0,0,0
2019-07-20 21:30,39,17,22,0,0,0
2019-07-20 21:45,43,18,25,0,0,0
2019-07-20 22:00,43,12,31,0,0,0
2019-07-20 22:15,24,6,18,0,0,0
2019-07-20 22:30,35,14,21,0,0,0
2019-07-20 22:45,33,10,23,0,0,0
2019-07-20 23:00,37,10,27,0,0,0
2019-07-20 23:15,30,6,24,0,0,0
2019-07-20 23:30,26,11,15,0,0,0
2019-07-20 23:45,18,9,9,0,0,0
2019-07-21 00:00,21,3,18,0,0,0
2019-07-21 00:15,30,10,20,0,0,0
2019-07-21 00:30,29,11,18,0,0,0
2019-07-21 00:45,29,13,16,0,0,0
2019-07-21 01:00,24,9,15,0,0,0
2019-07-21 01:15,23,5,18,0,0,0
2019-07-21 01:30,25,14,11,0,0,0
2019-07-21 01:45,17,3,14,0,0,0
2019-07-21 02:00,16,6,10,0,0,0
2019-07-21 02:15,13,8,5,0,0,0
2019-07-21 02:30,19,2,17,0,0,0
2019-07-21 02:45,16,4,12,0,0,0
2019-07-21 03:00,20,4,16,0,0,0
2019-07-21 03:15,13,3,10,0,0,0
2019-07-21 03:30,8,2,6,0,0,0
2019-07-21 03:45,11,0,11,0,0,0
2019-07-21 04:00,8,1,7,0,0,0
2019-07-21 04:15,0,0,0,0,0,0
2019-07-21 04:30,5,0,5,0,0,0
2019-07-21 04:45,9,2,7,0,0,0
2019-07-21 05:00,5,0,5,0,0,0
2019-07-21 05:15,1,1,0,0,0,0
2019-07-21 05:30,7,2,5,0,0,0
2019-07-21 05:45,4,2,2,0,0,0
2019-07-21 06:00,1,0,1,0,0,0
2019-07-21 06:15,10,4,6,0,0,0
2019-07-21 06:30,4,1,3,0,0,0
2019-07-21 06:45,5,2,3,0,0,0
2019-07-21 07:00,4,4,0,0,0,0
2019-07-21 07:15,6,2,4,0,0,0
2019-07-21 07:30,7,6,1,0,0,0
2019-07-21 07:45,11,9,2,0,0,0
2019-07-21 08:00,15,8,7,0,0,0
2019-07-21 08:15,10,3,7,0,0,0
2019-07-21 08:30,15,10,5,0,0,0
2019-07-21 08:45,26,18,8,0,0,0
2019-07-21 09:00,17,13,4,0,0,0
2019-07-21 09:15,25,15,10,0,0,0
2019-07-21 09:30,40,23,17,0,0,0
2019-07-21 09:45,48,21,27,0,0,0
2019-07-21 10:00,45,30,15,0,0,0
2019-07-21 10:15,55,45,10,0,0,0
2019-07-21 10:30,40,25,15,0,0,0
2019-07-21 10:45,59,31,28,0,0,0
2019-07-21 11:00,58,34,24,0,0,0
2019-07-21 11:15,32,17,15,0,0,0
2019-07-21 11:30,52,26,26,0,0,0
2019-07-21 11:45,51,23,28,0,0,0
2019-07-21 12:00,66,43,23,0,0,0
2019-07-21 12:15,72,47,25,0,0,0
2019-07-21 12:30,74,33,41,0,0,0
2019-07-21 12:45,53,23,30,0,0,0
2019-07-21 13:00,58,32,26,0,0,0
2019-07-21 13:15,68,34,34,0,0,0
2019-07-21 13:30,85,50,35,0,0,0
2019-07-21 13:45,93,51,42,0,0,0
2019-07-21 14:00,75,29,46,0,0,0
2019-07-21 14:15,82,42,40,0,0,0
2019-07-21 14:30,80,32,48,0,0,0
2019-07-21 14:45,81,41,40,0,0,0
2019-07-21 15:00,69,34,35,0,0,0
2019-07-21 15:15,93,45,48,0,0,0
2019-07-21 15:30,82,48,34,0,0,0
2019-07-21 15:45,69,36,33,0,0,0
2019-07-21 16:00,90,45,45,0,0,0
2019-07-21 16:15,89,42,47,0,0,0
2019-07-21 16:30,128,51,77,0,0,0
2019-07-21 16:45,97,41,56,0,0,0
2019-07-21 17:00,103,49,54,0,0,0
2019-07-21 17:15,81,28,53,0,0,0
2019-07-21 17:30,79,31,48,0,0,0
2019-07-21 17:45,103,47,56,0,0,0
2019-07-21 18:00,70,27,43,0,0,0
2019-07-21 18:15,79,32,47,0,0,0
2019-07-21 18:30,98,38,60,0,0,0
2019-07-21 18:45,76,35,41,0,0,0
2019-07-21 19:00,86,32,54,0,0,0
2019-07-21 19:15,69,26,43,0,0,0
2019-07-21 19:30,91,38,53,0,0,0
2019-07-21 19:45,66,30,36,0,0,0
2019-07-21 20:00,65,22,43,0,0,0
2019-07-21 20:15,58,23,35,0,0,0
2019-07-21 20:30,44,21,23,0,0,0
2019-07-21 20:45,51,20,31,0,0,0
2019-07-21 21:00,48,12,36,0,0,0
2019-07-21 21:15,56,25,31,0,0,0
2019-07-21 21:30,40,9,31,0,0,0
2019-07-21 21:45,35,10,25,0,0,0
2019-07-21 22:00,45,16,29,0,0,0
2019-07-21 22:15,36,17,19,0,0,0
2019-07-21 22:30,34,11,23,0,0,0
2019-07-21 22:45,19,1,18,0,0,0
2019-07-21 23:00,21,6,15,0,0,0
2019-07-21 23:15,32,8,24,0,0,0
2019-07-21 23:30,21,4,17,0,0,0
2019-07-21 23:45,18,7,11,0,0,0
2019-07-22 00:00,14,0,14,0,0,0
2019-07-22 00:15,8,3,5,0,0,0
2019-07-22 00:30,6,1,5,0,0,0
2019-07-22 00:45,8,0,8,0,0,0
2019-07-22 01:00,5,2,3,0,0,0
2019-07-22 01:15,1,0,1,0,0,0
2019-07-22 01:30,2,1,1,0,0,0
2019-07-22 01:45,3,2,1,0,0,0
2019-07-22 02:00,1,0,1,0,0,0
2019-07-22 02:15,0,0,0,0,0,0
2019-07-22 02:30,2,0,2,0,0,0
2019-07-22 02:45,2,1,1,0,0,0
2019-07-22 03:00,1,1,0,0,0,0
2019-07-22 03:15,1,1,0,0,0,0
2019-07-22 03:30,1,1,0,0,0,0
2019-07-22 03:45,0,0,0,0,0,0
2019-07-22 04:00,1,0,1,0,0,0
2019-07-22 04:15,0,0,0,0,0,0
2019-07-22 04:30,1,0,1,0,0,0
2019-07-22 04:45,4,4,0,0,0,0
2019-07-22 05:00,2,2,0,0,0,0
2019-07-22 05:15,9,8,1,0,0,0
2019-07-22 05:30,20,15,5,0,0,0
2019-07-22 05:45,29,25,4,0,0,0
2019-07-22 06:00,24,15,9,0,0,0
2019-07-22 06:15,46,32,14,0,0,0
2019-07-22 06:30,50,36,14,0,0,0
2019-07-22 06:45,56,42,14,0,0,0
2019-07-22 07:00,76,50,26,0,0,0
2019-07-22 07:15,93,62,31,0,0,0
2019-07-22 07:30,114,74,40,0,0,0
2019-07-22 07:45,136,93,43,0,0,0
2019-07-22 08:00,125,82,43,0,0,0
2019-07-22 08:15,101,63,38,0,0,0
2019-07-22 08:30,121,79,42,0,0,0
2019-07-22 08:45,125,74,51,0,0,0
2019-07-22 09:00,101,62,39,0,0,0
2019-07-22 09:15,82,53,29,0,0,0
2019-07-22 09:30,93,67,26,0,0,0
2019-07-22 09:45,141,96,45,0,0,0
2019-07-22 10:00,112,62,50,0,0,0
2019-07-22 10:15,102,54,48,0,0,0
2019-07-22 10:30,119,77,42,0,0,0
2019-07-22 10:45,118,88,30,0,0,0
2019-07-22 11:00,106,56,50,0,0,0
2019-07-22 11:15,115,60,55,0,0,0
2019-07-22 11:30,113,65,48,0,0,0
2019-07-22 11:45,127,68,59,0,0,0
2019-07-22 12:00,137,57,80,0,0,0
2019-07-22 12:15,127,53,74,0,0,0
2019-07-22 12:30,147,58,89,0,0,0
2019-07-22 12:45,128,57,71,0,0,0
2019-07-22 13:00,131,58,73,0,0,0
2019-07-22 13:15,121,60,61,0,0,0
2019-07-22 13:30,122,49,73,0,0,0
2019-07-22 13:45,152,66,86,0,0,0
2019-07-22 14:00,134,60,74,0,0,0
2019-07-22 14:15,120,54,66,0,0,0
2019-07-22 14:30,131,45,86,0,0,0
2019-07-22 14:45,167,82,85,0,0,0
2019-07-22 15:00,155,67,88,0,0,0
2019-07-22 15:15,148,50,98,0,0,0
2019-07-22 15:30,149,66,83,0,0,0
2019-07-22 15:45,150,52,98,0,0,0
2019-07-22 16:00,176,66,110,0,0,0
2019-07-22 16:15,170,70,100,0,0,0
2019-07-22 16:30,183,72,111,0,0,0
2019-07-22 16:45,199,66,133,0,0,0
2019-07-22 17:00,221,76,145,0,0,0
2019-07-22 17:15,196,61,135,0,0,0
2019-07-22 17:30,195,81,114,0,0,0
2019-07-22 17:45,203,84,119,0,0,0
2019-07-22 18:00,180,66,114,0,0,0
2019-07-22 18:15,180,69,111,0,0,0
2019-07-22 18:30,169,66,103,0,0,0
2019-07-22 18:45,178,65,113,0,0,0
2019-07-22 19:00,168,62,106,0,0,0
2019-07-22 19:15,139,50,89,0,0,0
2019-07-22 19:30,130,45,85,0,0,0
2019-07-22 19:45,132,40,92,0,0,0
2019-07-22 20:00,110,39,71,0,0,0
2019-07-22 20:15,79,36,43,0,0,0
2019-07-22 20:30,61,24,37,0,0,0
2019-07-22 20:45,74,41,33,0,0,0
2019-07-22 21:00,83,27,56,0,0,0
2019-07-22 21:15,66,19,47,0,0,0
2019-07-22 21:30,68,21,47,0,0,0
2019-07-22 21:45,49,16,33,0,0,0
2019-07-22 22:00,47,18,29,0,0,0
2019-07-22 22:15,40,12,28,0,0,0
2019-07-22 22:30,36,12,24,0,0,0
2019-07-22 22:45,42,8,34,0,0,0
2019-07-22 23:00,28,6,22,0,0,0
2019-07-22 23:15,31,6,25,0,0,0
2019-07-22 23:30,19,4,15,0,0,0
2019-07-22 23:45,22,7,15,0,0,0
2019-07-23 00:00,20,10,10,0,0,0
2019-07-23 00:15,20,6,14,0,0,0
2019-07-23 00:30,9,3,6,0,0,0
2019-07-23 00:45,6,2,4,0,0,0
2019-07-23 01:00,2,2,0,0,0,0
2019-07-23 01:15,8,1,7,0,0,0
2019-07-23 01:30,24,6,18,0,0,0
2019-07-23 01:45,5,1,4,0,0,0
2019-07-23 02:00,2,1,1,0,0,0
2019-07-23 02:15,5,4,1,0,0,0
2019-07-23 02:30,0,0,0,0,0,0
2019-07-23 02:45,3,1,2,0,0,0
2019-07-23 03:00,7,3,4,0,0,0
2019-07-23 03:15,3,0,3,0,0,0
2019-07-23 03:30,1,0,1,0,0,0
2019-07-23 03:45,2,0,2,0,0,0
2019-07-23 04:00,2,1,1,0,0,0
2019-07-23 04:15,1,1,0,0,0,0
2019-07-23 04:30,0,0,0,0,0,0
2019-07-23 04:45,1,1,0,0,0,0
2019-07-23 05:00,2,2,0,0,0,0
2019-07-23 05:15,11,9,2,0,0,0
2019-07-23 05:30,27,20,7,0,0,0
2019-07-23 05:45,36,27,9,0,0,0
2019-07-23 06:00,40,28,12,0,0,0
2019-07-23 06:15,40,31,9,0,0,0
2019-07-23 06:30,54,40,14,0,0,0
2019-07-23 06:45,69,51,18,0,0,0
2019-07-23 07:00,77,49,28,0,0,0
2019-07-23 07:15,101,73,28,0,0,0
2019-07-23 07:30,110,78,32,0,0,0
2019-07-23 07:45,165,125,40,0,0,0
2019-07-23 08:00,112,73,39,0,0,0
2019-07-23 08:15,118,71,47,0,0,0
2019-07-23 08:30,129,88,41,0,0,0
2019-07-23 08:45,138,86,52,0,0,0
2019-07-23 09:00,116,70,46,0,0,0
2019-07-23 09:15,98,61,37,0,0,0
2019-07-23 09:30,109,73,36,0,0,0
2019-07-23 09:45,138,103,35,0,0,0
2019-07-23 10:00,114,77,37,0,0,0
2019-07-23 10:15,115,75,40,0,0,0
2019-07-23 10:30,124,75,49,0,0,0
2019-07-23 10:45,133,75,58,0,0,0
2019-07-23 11:00,129,62,67,0,0,0
2019-07-23 11:15,120,70,50,0,0,0
2019-07-23 11:30,109,51,58,0,0,0
2019-07-23 11:45,131,69,62,0,0,0
2019-07-23 12:00,129,61,68,0,0,0
2019-07-23 12:15,154,59,95,0,0,0
2019-07-23 12:30,141,49,92,0,0,0
2019-07-23 12:45,155,68,87,0,0,0
2019-07-23 13:00,140,62,78,0,0,0
2019-07-23 13:15,149,53,96,0,0,0
2019-07-23 13:30,133,59,74,0,0,0
2019-07-23 13:45,153,74,79,0,0,0
2019-07-23 14:00,139,62,77,0,0,0
2019-07-23 14:15,147,58,89,0,0,0
2019-07-23 14:30,144,66,78,0,0,0
2019-07-23 14:45,135,71,64,0,0,0
2019-07-23 15:00,135,50,85,0,0,0
2019-07-23 15:15,146,59,87,0,0,0
2019-07-23 15:30,137,57,80,0,0,0
2019-07-23 15:45,183,75,108,0,0,0
2019-07-23 16:00,196,91,105,0,0,0
2019-07-23 16:15,209,71,138,0,0,0
2019-07-23 16:30,215,91,124,0,0,0
2019-07-23 16:45,231,86,145,0,0,0
2019-07-23 17:00,204,81,123,0,0,0
2019-07-23 17:15,184,71,113,0,0,0
2019-07-23 17:30,197,83,114,0,0,0
2019-07-23 17:45,185,83,102,0,0,0
2019-07-23 18:00,174,60,114,0,0,0
2019-07-23 18:15,182,65,117,0,0,0
2019-07-23 18:30,139,55,84,0,0,0
2019-07-23 18:45,151,58,93,0,0,0
2019-07-23 19:00,157,44,113,0,0,0
2019-07-23 19:15,131,40,91,0,0,0
2019-07-23 19:30,155,54,101,0,0,0
2019-07-23 19:45,137,51,86,0,0,0
2019-07-23 20:00,125,31,94,0,0,0
2019-07-23 20:15,91,38,53,0,0,0
2019-07-23 20:30,75,22,53,0,0,0
2019-07-23 20:45,71,23,48,0,0,0
2019-07-23 21:00,78,21,57,0,0,0
2019-07-23 21:15,56,20,36,0,0,0
2019-07-23 21:30,78,23,55,0,0,0
2019-07-23 21:45,65,15,50,0,0,0
2019-07-23 22:00,45,6,39,0,0,0
2019-07-23 22:15,73,22,51,0,0,0
2019-07-23 22:30,37,13,24,0,0,0
2019-07-23 22:45,40,11,29,0,0,0
2019-07-23 23:00,47,16,31,0,0,0
2019-07-23 23:15,36,16,20,0,0,0
2019-07-23 23:30,27,12,15,0,0,0
2019-07-23 23:45,24,11,13,0,0,0
2019-07-24 00:00,9,2,7,0,0,0
2019-07-24 00:15,16,8,8,0,0,0
2019-07-24 00:30,9,1,8,0,0,0
2019-07-24 00:45,5,0,5,0,0,0
2019-07-24 01:00,11,3,8,0,0,0
2019-07-24 01:15,6,0,6,0,0,0
2019-07-24 01:30,14,5,9,0,0,0
2019-07-24 01:45,10,4,6,0,0,0
2019-07-24 02:00,5,1,4,0,0,0
2019-07-24 02:15,3,2,1,0,0,0
2019-07-24 02:30,4,2,2,0,0,0
2019-07-24 02:45,0,0,0,0,0,0
2019-07-24 03:00,0,0,0,0,0,0
2019-07-24 03:15,6,1,5,0,0,0
2019-07-24 03:30,1,0,1,0,0,0
2019-07-24 03:45,2,0,2,0,0,0
2019-07-24 04:00,5,0,5,0,0,0
2019-07-24 04:15,1,0,1,0,0,0
2019-07-24 04:30,1,1,0,0,0,0
2019-07-24 04:45,3,2,1,0,0,0
2019-07-24 05:00,2,2,0,0,0,0
2019-07-24 05:15,8,6,2,0,0,0
2019-07-24 05:30,24,15,9,0,0,0
2019-07-24 05:45,48,40,8,0,0,0
2019-07-24 06:00,28,20,8,0,0,0
2019-07-24 06:15,45,30,15,0,0,0
2019-07-24 06:30,54,35,19,0,0,0
2019-07-24 06:45,48,34,14,0,0,0
2019-07-24 07:00,70,45,25,0,0,0
2019-07-24 07:15,111,69,42,0,0,0
2019-07-24 07:30,106,69,37,0,0,0
2019-07-24 07:45,144,78,66,0,0,0
2019-07-24 08:00,118,90,28,0,0,0
2019-07-24 08:15,147,95,52,0,0,0
2019-07-24 08:30,122,81,41,0,0,0
2019-07-24 08:45,138,89,49,0,0,0
2019-07-24 09:00,120,76,44,0,0,0
2019-07-24 09:15,124,84,40,0,0,0
2019-07-24 09:30,125,93,32,0,0,0
2019-07-24 09:45,138,93,45,0,0,0
2019-07-24 10:00,107,59,48,0,0,0
2019-07-24 10:15,138,73,65,0,0,0
2019-07-24 10:30,119,71,48,0,0,0
2019-07-24 10:45,137,75,62,0,0,0
2019-07-24 11:00,135,66,69,0,0,0
2019-07-24 11:15,136,62,74,0,0,0
2019-07-24 11:30,120,62,58,0,0,0
2019-07-24 11:45,128,64,64,0,0,0
2019-07-24 12:00,115,33,82,0,0,0
2019-07-24 12:15,155,68,87,0,0,0
2019-07-24 12:30,130,49,81,0,0,0
2019-07-24 12:45,137,59,78,0,0,0
2019-07-24 13:00,146,58,88,0,0,0
2019-07-24 13:15,141,61,80,0,0,0
2019-07-24 13:30,120,46,74,0,0,0
2019-07-24 13:45,115,52,63,0,0,0
2019-07-24 14:00,162,56,106,0,0,0
2019-07-24 14:15,106,31,75,0,0,0
2019-07-24 14:30,139,54,85,0,0,0
2019-07-24 14:45,138,57,81,0,0,0
2019-07-24 15:00,142,59,83,0,0,0
2019-07-24 15:15,133,55,78,0,0,0
2019-07-24 15:30,123,44,79,0,0,0
2019-07-24 15:45,167,63,104,0,0,0
2019-07-24 16:00,164,68,96,0,0,0
2019-07-24 16:15,160,61,99,0,0,0
2019-07-24 16:30,158,55,103,0,0,0
2019-07-24 16:45,144,53,91,0,0,0
2019-07-24 17:00,164,58,106,0,0,0
2019-07-24 17:15,179,79,100,0,0,0
2019-07-24 17:30,170,64,106,0,0,0
2019-07-24 17:45,181,81,100,0,0,0
2019-07-24 18:00,187,69,118,0,0,0
2019-07-24 18:15,145,52,93,0,0,0
2019-07-24 18:30,131,46,85,0,0,0
2019-07-24 18:45,140,57,83,0,0,0
2019-07-24 19:00,151,67,84,0,0,0
2019-07-24 19:15,131,51,80,0,0,0
2019-07-24 19:30,131,36,95,0,0,0
2019-07-24 19:45,119,53,66,0,0,0
2019-07-24 20:00,102,44,58,0,0,0
2019-07-24 20:15,83,32,51,0,0,0
2019-07-24 20:30,86,39,47,0,0,0
2019-07-24 20:45,68,25,43,0,0,0
2019-07-24 21:00,77,23,54,0,0,0
2019-07-24 21:15,70,33,37,0,0,0
2019-07-24 21:30,53,20,33,0,0,0
2019-07-24 21:45,75,32,43,0,0,0
2019-07-24 22:00,54,25,29,0,0,0
2019-07-24 22:15,71,23,48,0,0,0
2019-07-24 22:30,72,27,45,0,0,0
2019-07-24 22:45,58,16,42,0,0,0
2019-07-24 23:00,28,10,18,0,0,0
2019-07-24 23:15,32,8,24,0,0,0
2019-07-24 23:30,29,14,15,0,0,0
2019-07-24 23:45,27,14,13,0,0,0
2019-07-25 00:00,23,10,13,0,0,0
2019-07-25 00:15,24,10,14,0,0,0
2019-07-25 00:30,25,16,9,0,0,0
2019-07-25 00:45,16,3,13,0,0,0
2019-07-25 01:00,10,2,8,0,0,0
2019-07-25 01:15,7,0,7,0,0,0
2019-07-25 01:30,12,2,10,0,0,0
2019-07-25 01:45,12,3,9,0,0,0
2019-07-25 02:00,7,1,6,0,0,0
2019-07-25 02:15,3,1,2,0,0,0
2019-07-25 02:30,5,1,4,0,0,0
2019-07-25 02:45,8,1,7,0,0,0
2019-07-25 03:00,4,0,4,0,0,0
2019-07-25 03:15,5,1,4,0,0,0
2019-07-25 03:30,0,0,0,0,0,0
2019-07-25 03:45,3,2,1,0,0,0
2019-07-25 04:00,1,0,1,0,0,0
2019-07-25 04:15,2,0,2,0,0,0
2019-07-25 04:30,4,2,2,0,0,0
2019-07-25 04:45,3,3,0,0,0,0
2019-07-25 05:00,3,1,2,0,0,0
2019-07-25 05:15,15,10,5,0,0,0
2019-07-25 05:30,20,15,5,0,0,0
2019-07-25 05:45,41,32,9,0,0,0
2019-07-25 06:00,24,15,9,0,0,0
2019-07-25 06:15,49,34,15,0,0,0
2019-07-25 06:30,42,24,18,0,0,0
2019-07-25 06:45,68,46,22,0,0,0
2019-07-25 07:00,83,55,28,0,0,0
2019-07-25 07:15,85,57,28,0,0,0
2019-07-25 07:30,106,70,36,0,0,0
2019-07-25 07:45,130,91,39,0,0,0
2019-07-25 08:00,114,74,40,0,0,0
2019-07-25 08:15,122,82,40,0,0,0
2019-07-25 08:30,107,72,35,0,0,0
2019-07-25 08:45,124,81,43,0,0,0
2019-07-25 09:00,101,62,39,0,0,0
2019-07-25 09:15,98,52,46,0,0,0
2019-07-25 09:30,94,69,25,0,0,0
2019-07-25 09:45,115,67,48,0,0,0
2019-07-25 10:00,78,51,27,0,0,0
2019-07-25 10:15,97,53,44,0,0,0
2019-07-25 10:30,104,60,44,0,0,0
2019-07-25 10:45,82,38,44,0,0,0
2019-07-25 11:00,102,52,50,0,0,0
2019-07-25 11:15,121,65,56,0,0,0
2019-07-25 11:30,92,48,44,0,0,0
2019-07-25 11:45,86,42,44,0,0,0
2019-07-25 12:00,89,43,46,0,0,0
2019-07-25 12:15,113,54,59,0,0,0
2019-07-25 12:30,114,42,72,0,0,0
2019-07-25 12:45,117,39,78,0,0,0
2019-07-25 13:00,114,47,67,0,0,0
2019-07-25 13:15,117,39,78,0,0,0
2019-07-25 13:30,88,46,42,0,0,0
2019-07-25 13:45,137,57,80,0,0,0
2019-07-25 14:00,93,39,54,0,0,0
2019-07-25 14:15,108,50,58,0,0,0
2019-07-25 14:30,95,34,61,0,0,0
2019-07-25 14:45,135,55,80,0,0,0
2019-07-25 15:00,137,41,96,0,0,0
2019-07-25 15:15,128,55,73,0,0,0
2019-07-25 15:30,110,41,69,0,0,0
2019-07-25 15:45,137,52,85,0,0,0
2019-07-25 16:00,155,54,101,0,0,0
2019-07-25 16:15,126,39,87,0,0,0
2019-07-25 16:30,136,64,72,0,0,0
2019-07-25 16:45,172,58,114,0,0,0
2019-07-25 17:00,149,50,99,0,0,0
2019-07-25 17:15,158,58,100,0,0,0
2019-07-25 17:30,130,58,72,0,0,0
2019-07-25 17:45,142,44,98,0,0,0
2019-07-25 18:00,135,41,94,0,0,0
2019-07-25 18:15,123,54,69,0,0,0
2019-07-25 18:30,118,48,70,0,0,0
2019-07-25 18:45,109,52,57,0,0,0
2019-07-25 19:00,127,44,83,0,0,0
2019-07-25 19:15,120,39,81,0,0,0
2019-07-25 19:30,89,28,61,0,0,0
2019-07-25 19:45,93,22,71,0,0,0
2019-07-25 20:00,87,25,62,0,0,0
2019-07-25 20:15,90,28,62,0,0,0
2019-07-25 20:30,81,34,47,0,0,0
2019-07-25 20:45,63,29,34,0,0,0
2019-07-25 21:00,58,26,32,0,0,0
2019-07-25 21:15,68,30,38,0,0,0
2019-07-25 21:30,58,25,33,0,0,0
2019-07-25 21:45,67,27,40,0,0,0
2019-07-25 22:00,58,17,41,0,0,0
2019-07-25 22:15,47,18,29,0,0,0
2019-07-25 22:30,39,13,26,0,0,0
2019-07-25 22:45,54,16,38,0,0,0
2019-07-25 23:00,40,7,33,0,0,0
2019-07-25 23:15,33,11,22,0,0,0
2019-07-25 23:30,25,5,20,0,0,0
2019-07-25 23:45,18,3,15,0,0,0
2019-07-26 00:00,24,10,14,0,0,0
2019-07-26 00:15,19,8,11,0,0,0
2019-07-26 00:30,15,7,8,0,0,0
2019-07-26 00:45,8,6,2,0,0,0
2019-07-26 01:00,6,3,3,0,0,0
2019-07-26 01:15,10,2,8,0,0,0
2019-07-26 01:30,4,0,4,0,0,0
2019-07-26 01:45,5,0,5,0,0,0
2019-07-26 02:00,5,1,4,0,0,0
2019-07-26 02:15,3,2,1,0,0,0
2019-07-26 02:30,3,0,3,0,0,0
2019-07-26 02:45,1,1,0,0,0,0
2019-07-26 03:00,3,2,1,0,0,0
2019-07-26 03:15,2,0,2,0,0,0
2019-07-26 03:30,1,0,1,0,0,0
2019-07-26 03:45,1,0,1,0,0,0
2019-07-26 04:00,1,0,1,0,0,0
2019-07-26 04:15,3,2,1,0,0,0
2019-07-26 04:30,0,0,0,0,0,0
2019-07-26 04:45,3,2,1,0,0,0
2019-07-26 05:00,3,1,2,0,0,0
2019-07-26 05:15,8,7,1,0,0,0
2019-07-26 05:30,24,16,8,0,0,0
2019-07-26 05:45,40,32,8,0,0,0
2019-07-26 06:00,26,16,10,0,0,0
2019-07-26 06:15,34,24,10,0,0,0
2019-07-26 06:30,41,29,12,0,0,0
2019-07-26 06:45,58,42,16,0,0,0
2019-07-26 07:00,62,43,19,0,0,0
2019-07-26 07:15,87,52,35,0,0,0
2019-07-26 07:30,74,52,22,0,0,0
2019-07-26 07:45,133,94,39,0,0,0
2019-07-26 08:00,107,71,36,0,0,0
2019-07-26 08:15,98,58,40,0,0,0
2019-07-26 08:30,93,67,26,0,0,0
2019-07-26 08:45,134,100,34,0,0,0
2019-07-26 09:00,105,64,41,0,0,0
2019-07-26 09:15,107,62,45,0,0,0
2019-07-26 09:30,109,74,35,0,0,0
2019-07-26 09:45,104,69,35,0,0,0
2019-07-26 10:00,90,51,39,0,0,0
2019-07-26 10:15,96,57,39,0,0,0
2019-07-26 10:30,115,69,46,0,0,0
2019-07-26 10:45,113,69,44,0,0,0
2019-07-26 11:00,103,45,58,0,0,0
2019-07-26 11:15,110,55,55,0,0,0
2019-07-26 11:30,121,62,59,0,0,0
2019-07-26 11:45,120,55,65,0,0,0
2019-07-26 12:00,148,70,78,0,0,0
2019-07-26 12:15,114,47,67,0,0,0
2019-07-26 12:30,137,52,85,0,0,0
2019-07-26 12:45,126,47,79,0,0,0
2019-07-26 13:00,145,55,90,0,0,0
2019-07-26 13:15,150,50,100,0,0,0
2019-07-26 13:30,116,36,80,0,0,0
2019-07-26 13:45,162,72,90,0,0,0
2019-07-26 14:00,128,52,76,0,0,0
2019-07-26 14:15,137,49,88,0,0,0
2019-07-26 14:30,135,57,78,0,0,0
2019-07-26 14:45,111,45,66,0,0,0
2019-07-26 15:00,140,56,84,0,0,0
2019-07-26 15:15,135,50,85,0,0,0
2019-07-26 15:30,147,56,91,0,0,0
2019-07-26 15:45,169,57,112,0,0,0
2019-07-26 16:00,118,39,79,0,0,0
2019-07-26 16:15,134,55,79,0,0,0
2019-07-26 16:30,132,51,81,0,0,0
2019-07-26 16:45,107,48,59,0,0,0
2019-07-26 17:00,129,53,76,0,0,0
2019-07-26 17:15,102,35,67,0,0,0
2019-07-26 17:30,151,71,80,0,0,0
2019-07-26 17:45,144,59,85,0,0,0
2019-07-26 18:00,131,62,69,0,0,0
2019-07-26 18:15,118,65,53,0,0,0
2019-07-26 18:30,121,45,76,0,0,0
2019-07-26 18:45,129,63,66,0,0,0
2019-07-26 19:00,117,36,81,0,0,0
2019-07-26 19:15,121,57,64,0,0,0
2019-07-26 19:30,91,41,50,0,0,0
2019-07-26 19:45,91,37,54,0,0,0
2019-07-26 20:00,95,29,66,0,0,0
2019-07-26 20:15,67,24,43,0,0,0
2019-07-26 20:30,76,28,48,0,0,0
2019-07-26 20:45,57,27,30,0,0,0
2019-07-26 21:00,81,37,44,0,0,0
2019-07-26 21:15,56,19,37,0,0,0
2019-07-26 21:30,39,14,25,0,0,0
2019-07-26 21:45,63,22,41,0,0,0
2019-07-26 22:00,64,23,41,0,0,0
2019-07-26 22:15,50,19,31,0,0,0
2019-07-26 22:30,55,14,41,0,0,0
2019-07-26 22:45,57,17,40,0,0,0
2019-07-26 23:00,44,16,28,0,0,0
2019-07-26 23:15,35,10,25,0,0,0
2019-07-26 23:30,49,17,32,0,0,0
2019-07-26 23:45,63,25,38,0,0,0
2019-07-27 00:00,45,14,31,0,0,0
2019-07-27 00:15,42,18,24,0,0,0
2019-07-27 00:30,37,16,21,0,0,0
2019-07-27 00:45,30,14,16,0,0,0
2019-07-27 01:00,36,13,23,0,0,0
2019-07-27 01:15,21,10,11,0,0,0
2019-07-27 01:30,18,8,10,0,0,0
2019-07-27 01:45,17,3,14,0,0,0
2019-07-27 02:00,15,2,13,0,0,0
2019-07-27 02:15,9,2,7,0,0,0
2019-07-27 02:30,8,4,4,0,0,0
2019-07-27 02:45,10,0,10,0,0,0
2019-07-27 03:00,5,2,3,0,0,0
2019-07-27 03:15,8,1,7,0,0,0
2019-07-27 03:30,6,5,1,0,0,0
2019-07-27 03:45,7,2,5,0,0,0
2019-07-27 04:00,1,0,1,0,0,0
2019-07-27 04:15,3,0,3,0,0,0
2019-07-27 04:30,3,3,0,0,0,0
2019-07-27 04:45,4,3,1,0,0,0
2019-07-27 05:00,3,1,2,0,0,0
2019-07-27 05:15,5,4,1,0,0,0
2019-07-27 05:30,7,6,1,0,0,0
2019-07-27 05:45,14,9,5,0,0,0
2019-07-27 06:00,6,3,3,0,0,0
2019-07-27 06:15,6,2,4,0,0,0
2019-07-27 06:30,12,5,7,0,0,0
2019-07-27 06:45,9,7,2,0,0,0
2019-07-27 07:00,14,12,2,0,0,0
2019-07-27 07:15,29,19,10,0,0,0
2019-07-27 07:30,26,10,16,0,0,0
2019-07-27 07:45,34,23,11,0,0,0
2019-07-27 08:00,35,24,11,0,0,0
2019-07-27 08:15,49,33,16,0,0,0
2019-07-27 08:30,60,38,22,0,0,0
2019-07-27 08:45,75,57,18,0,0,0
2019-07-27 09:00,83,61,22,0,0,0
2019-07-27 09:15,96,62,34,0,0,0
2019-07-27 09:30,98,60,38,0,0,0
2019-07-27 09:45,131,110,21,0,0,0
2019-07-27 10:00,128,82,46,0,0,0
2019-07-27 10:15,118,73,45,0,0,0
2019-07-27 10:30,121,70,51,0,0,0
2019-07-27 10:45,136,83,53,0,0,0
2019-07-27 11:00,150,77,73,0,0,0
2019-07-27 11:15,157,74,83,0,0,0
2019-07-27 11:30,142,81,61,0,0,0
2019-07-27 11:45,171,90,81,0,0,0
2019-07-27 12:00,132,62,70,0,0,0
2019-07-27 12:15,162,80,82,0,0,0
2019-07-27 12:30,184,69,115,0,0,0
2019-07-27 12:45,220,84,136,0,0,0
2019-07-27 13:00,209,64,145,0,0,0
2019-07-27 13:15,228,76,152,0,0,0
2019-07-27 13:30,196,61,135,0,0,0
2019-07-27 13:45,136,46,90,0,0,0
2019-07-27 14:00,146,62,84,0,0,0
2019-07-27 14:15,112,42,70,0,0,0
2019-07-27 14:30,125,31,94,0,0,0
2019-07-27 14:45,150,55,95,0,0,0
2019-07-27 15:00,127,41,86,0,0,0
2019-07-27 15:15,141,51,90,0,0,0
2019-07-27 15:30,133,57,76,0,0,0
2019-07-27 15:45,111,34,77,0,0,0
2019-07-27 16:00,141,76,65,0,0,0
2019-07-27 16:15,197,131,66,0,0,0
2019-07-27 16:30,169,86,83,0,0,0
2019-07-27 16:45,123,62,61,0,0,0
2019-07-27 17:00,130,43,87,0,0,0
2019-07-27 17:15,109,40,69,0,0,0
2019-07-27 17:30,91,46,45,0,0,0
2019-07-27 17:45,124,47,77,0,0,0
2019-07-27 18:00,103,38,65,0,0,0
2019-07-27 18:15,82,24,58,0,0,0
2019-07-27 18:30,88,38,50,0,0,0
2019-07-27 18:45,92,43,49,0,0,0
2019-07-27 19:00,87,35,52,0,0,0
2019-07-27 19:15,81,34,47,0,0,0
2019-07-27 19:30,84,28,56,0,0,0
2019-07-27 19:45,99,43,56,0,0,0
2019-07-27 20:00,96,43,53,0,0,0
2019-07-27 20:15,69,26,43,0,0,0
2019-07-27 20:30,72,37,35,0,0,0
2019-07-27 20:45,57,27,30,0,0,0
2019-07-27 21:00,86,32,54,0,0,0
2019-07-27 21:15,57,23,34,0,0,0
2019-07-27 21:30,61,23,38,0,0,0
2019-07-27 21:45,49,21,28,0,0,0
2019-07-27 22:00,49,13,36,0,0,0
2019-07-27 22:15,43,19,24,0,0,0
2019-07-27 22:30,66,31,35,0,0,0
2019-07-27 22:45,61,21,40,0,0,0
2019-07-27 23:00,57,29,28,0,0,0
2019-07-27 23:15,27,9,18,0,0,0
2019-07-27 23:30,30,12,18,0,0,0
2019-07-27 23:45,34,8,26,0,0,0
2019-07-28 00:00,39,6,33,0,0,0
2019-07-28 00:15,34,12,22,0,0,0
2019-07-28 00:30,34,9,25,0,0,0
2019-07-28 00:45,31,16,15,0,0,0
2019-07-28 01:00,33,9,24,0,0,0
2019-07-28 01:15,28,13,15,0,0,0
2019-07-28 01:30,16,4,12,0,0,0
2019-07-28 01:45,9,7,2,0,0,0
2019-07-28 02:00,29,12,17,0,0,0
2019-07-28 02:15,16,5,11,0,0,0
2019-07-28 02:30,7,3,4,0,0,0
2019-07-28 02:45,10,3,7,0,0,0
2019-07-28 03:00,11,1,10,0,0,0
2019-07-28 03:15,13,10,3,0,0,0
2019-07-28 03:30,19,6,13,0,0,0
2019-07-28 03:45,14,6,8,0,0,0
2019-07-28 04:00,12,2,10,0,0,0
2019-07-28 04:15,14,4,10,0,0,0
2019-07-28 04:30,10,1,9,0,0,0
2019-07-28 04:45,4,2,2,0,0,0
2019-07-28 05:00,1,0,1,0,0,0
2019-07-28 05:15,6,4,2,0,0,0
2019-07-28 05:30,7,4,3,0,0,0
2019-07-28 05:45,5,1,4,0,0,0
2019-07-28 06:00,3,2,1,0,0,0
2019-07-28 06:15,4,4,0,0,0,0
2019-07-28 06:30,8,1,7,0,0,0
2019-07-28 06:45,6,2,4,0,0,0
2019-07-28 07:00,5,3,2,0,0,0
2019-07-28 07:15,5,4,1,0,0,0
2019-07-28 07:30,10,3,7,0,0,0
2019-07-28 07:45,12,8,4,0,0,0
2019-07-28 08:00,13,6,7,0,0,0
2019-07-28 08:15,9,5,4,0,0,0
2019-07-28 08:30,4,1,3,0,0,0
2019-07-28 08:45,20,13,7,0,0,0
2019-07-28 09:00,18,9,9,0,0,0
2019-07-28 09:15,37,26,11,0,0,0
2019-07-28 09:30,44,27,17,0,0,0
2019-07-28 09:45,44,31,13,0,0,0
2019-07-28 10:00,47,26,21,0,0,0
2019-07-28 10:15,34,16,18,0,0,0
2019-07-28 10:30,56,32,24,0,0,0
2019-07-28 10:45,46,27,19,0,0,0
2019-07-28 11:00,56,26,30,0,0,0
2019-07-28 11:15,44,33,11,0,0,0
2019-07-28 11:30,61,32,29,0,0,0
2019-07-28 11:45,43,25,18,0,0,0
2019-07-28 12:00,79,39,40,0,0,0
2019-07-28 12:15,55,30,25,0,0,0
2019-07-28 12:30,48,20,28,0,0,0
2019-07-28 12:45,71,31,40,0,0,0
2019-07-28 13:00,59,33,26,0,0,0
2019-07-28 13:15,49,25,24,0,0,0
2019-07-28 13:30,59,32,27,0,0,0
2019-07-28 13:45,70,31,39,0,0,0
2019-07-28 14:00,99,50,49,0,0,0
2019-07-28 14:15,61,23,38,0,0,0
2019-07-28 14:30,59,32,27,0,0,0
2019-07-28 14:45,74,37,37,0,0,0
2019-07-28 15:00,72,36,36,0,0,0
2019-07-28 15:15,86,39,47,0,0,0
2019-07-28 15:30,63,33,30,0,0,0
2019-07-28 15:45,75,37,38,0,0,0
2019-07-28 16:00,68,36,32,0,0,0
2019-07-28 16:15,66,35,31,0,0,0
2019-07-28 16:30,80,43,37,0,0,0
2019-07-28 16:45,79,33,46,0,0,0
2019-07-28 17:00,62,32,30,0,0,0
2019-07-28 17:15,77,23,54,0,0,0
2019-07-28 17:30,71,41,30,0,0,0
2019-07-28 17:45,96,52,44,0,0,0
2019-07-28 18:00,99,30,69,0,0,0
2019-07-28 18:15,71,38,33,0,0,0
2019-07-28 18:30,65,22,43,0,0,0
2019-07-28 18:45,74,32,42,0,0,0
2019-07-28 19:00,71,37,34,0,0,0
2019-07-28 19:15,68,31,37,0,0,0
2019-07-28 19:30,50,21,29,0,0,0
2019-07-28 19:45,76,37,39,0,0,0
2019-07-28 20:00,59,22,37,0,0,0
2019-07-28 20:15,67,32,35,0,0,0
2019-07-28 20:30,54,25,29,0,0,0
2019-07-28 20:45,54,13,41,0,0,0
2019-07-28 21:00,47,17,30,0,0,0
2019-07-28 21:15,33,13,20,0,0,0
2019-07-28 21:30,28,9,19,0,0,0
2019-07-28 21:45,25,15,10,0,0,0
2019-07-28 22:00,34,18,16,0,0,0
2019-07-28 22:15,33,12,21,0,0,0
2019-07-28 22:30,22,8,14,0,0,0
2019-07-28 22:45,23,5,18,0,0,0
2019-07-28 23:00,20,4,16,0,0,0
2019-07-28 23:15,11,5,6,0,0,0
2019-07-28 23:30,12,1,11,0,0,0
2019-07-28 23:45,10,1,9,0,0,0
2019-07-29 00:00,5,2,3,0,0,0
2019-07-29 00:15,4,2,2,0,0,0
2019-07-29 00:30,8,2,6,0,0,0
2019-07-29 00:45,6,2,4,0,0,0
2019-07-29 01:00,4,1,3,0,0,0
2019-07-29 01:15,3,0,3,0,0,0
2019-07-29 01:30,1,1,0,0,0,0
2019-07-29 01:45,5,0,5,0,0,0
2019-07-29 02:00,1,1,0,0,0,0
2019-07-29 02:15,0,0,0,0,0,0
2019-07-29 02:30,1,0,1,0,0,0
2019-07-29 02:45,2,0,2,0,0,0
2019-07-29 03:00,0,0,0,0,0,0
2019-07-29 03:15,0,0,0,0,0,0
2019-07-29 03:30,2,1,1,0,0,0
2019-07-29 03:45,1,0,1,0,0,0
2019-07-29 04:00,3,1,2,0,0,0
2019-07-29 04:15,0,0,0,0,0,0
2019-07-29 04:30,0,0,0,0,0,0
2019-07-29 04:45,5,5,0,0,0,0
2019-07-29 05:00,2,2,0,0,0,0
2019-07-29 05:15,11,11,0,0,0,0
2019-07-29 05:30,24,17,7,0,0,0
2019-07-29 05:45,39,30,9,0,0,0
2019-07-29 06:00,32,21,11,0,0,0
2019-07-29 06:15,27,21,6,0,0,0
2019-07-29 06:30,39,22,17,0,0,0
2019-07-29 06:45,67,50,17,0,0,0
2019-07-29 07:00,58,39,19,0,0,0
2019-07-29 07:15,101,66,35,0,0,0
2019-07-29 07:30,101,66,35,0,0,0
2019-07-29 07:45,128,91,37,0,0,0
2019-07-29 08:00,108,80,28,0,0,0
2019-07-29 08:15,126,81,45,0,0,0
2019-07-29 08:30,107,75,32,0,0,0
2019-07-29 08:45,121,87,34,0,0,0
2019-07-29 09:00,72,56,16,0,0,0
2019-07-29 09:15,91,57,34,0,0,0
2019-07-29 09:30,92,69,23,0,0,0
2019-07-29 09:45,136,104,32,0,0,0
2019-07-29 10:00,99,58,41,0,0,0
2019-07-29 10:15,118,76,42,0,0,0
2019-07-29 10:30,113,66,47,0,0,0
2019-07-29 10:45,121,83,38,0,0,0
2019-07-29 11:00,112,63,49,0,0,0
2019-07-29 11:15,115,62,53,0,0,0
2019-07-29 11:30,140,81,59,0,0,0
2019-07-29 11:45,129,75,54,0,0,0
2019-07-29 12:00,97,47,50,0,0,0
2019-07-29 12:15,145,73,72,0,0,0
2019-07-29 12:30,124,59,65,0,0,0
2019-07-29 12:45,128,62,66,0,0,0
2019-07-29 13:00,145,66,79,0,0,0
2019-07-29 13:15,134,44,90,0,0,0
2019-07-29 13:30,134,74,60,0,0,0
2019-07-29 13:45,142,61,81,0,0,0
2019-07-29 14:00,147,71,76,0,0,0
2019-07-29 14:15,164,83,81,0,0,0
2019-07-29 14:30,141,68,73,0,0,0
2019-07-29 14:45,170,71,99,0,0,0
2019-07-29 15:00,144,67,77,0,0,0
2019-07-29 15:15,160,66,94,0,0,0
2019-07-29 15:30,153,58,95,0,0,0
2019-07-29 15:45,189,94,95,0,0,0
2019-07-29 16:00,176,72,104,0,0,0
2019-07-29 16:15,203,74,129,0,0,0
2019-07-29 16:30,213,97,116,0,0,0
2019-07-29 16:45,207,83,124,0,0,0
2019-07-29 17:00,199,81,118,0,0,0
2019-07-29 17:15,206,78,128,0,0,0
2019-07-29 17:30,224,71,153,0,0,0
2019-07-29 17:45,215,80,135,0,0,0
2019-07-29 18:00,155,51,104,0,0,0
2019-07-29 18:15,196,72,124,0,0,0
2019-07-29 18:30,166,67,99,0,0,0
2019-07-29 18:45,143,48,95,0,0,0
2019-07-29 19:00,150,43,107,0,0,0
2019-07-29 19:15,159,53,106,0,0,0
2019-07-29 19:30,109,42,67,0,0,0
2019-07-29 19:45,112,43,69,0,0,0
2019-07-29 20:00,98,33,65,0,0,0
2019-07-29 20:15,82,44,38,0,0,0
2019-07-29 20:30,54,25,29,0,0,0
2019-07-29 20:45,54,26,28,0,0,0
2019-07-29 21:00,54,17,37,0,0,0
2019-07-29 21:15,63,29,34,0,0,0
2019-07-29 21:30,48,22,26,0,0,0
2019-07-29 21:45,52,22,30,0,0,0
2019-07-29 22:00,52,19,33,0,0,0
2019-07-29 22:15,54,18,36,0,0,0
2019-07-29 22:30,33,14,19,0,0,0
2019-07-29 22:45,38,13,25,0,0,0
2019-07-29 23:00,43,11,32,0,0,0
2019-07-29 23:15,33,9,24,0,0,0
2019-07-29 23:30,24,6,18,0,0,0
2019-07-29 23:45,24,5,19,0,0,0
2019-07-30 00:00,19,12,7,0,0,0
2019-07-30 00:15,16,4,12,0,0,0
2019-07-30 00:30,9,3,6,0,0,0
2019-07-30 00:45,14,3,11,0,0,0
2019-07-30 01:00,9,3,6,0,0,0
2019-07-30 01:15,10,5,5,0,0,0
2019-07-30 01:30,12,2,10,0,0,0
2019-07-30 01:45,6,1,5,0,0,0
2019-07-30 02:00,7,1,6,0,0,0
2019-07-30 02:15,4,1,3,0,0,0
2019-07-30 02:30,3,2,1,0,0,0
2019-07-30 02:45,4,1,3,0,0,0
2019-07-30 03:00,3,1,2,0,0,0
2019-07-30 03:15,2,1,1,0,0,0
2019-07-30 03:30,1,0,1,0,0,0
2019-07-30 03:45,0,0,0,0,0,0
2019-07-30 04:00,1,0,1,0,0,0
2019-07-30 04:15,0,0,0,0,0,0
2019-07-30 04:30,2,0,2,0,0,0
2019-07-30 04:45,8,8,0,0,0,0
2019-07-30 05:00,4,4,0,0,0,0
2019-07-30 05:15,16,12,4,0,0,0
2019-07-30 05:30,25,18,7,0,0,0
2019-07-30 05:45,50,38,12,0,0,0
2019-07-30 06:00,28,19,9,0,0,0
2019-07-30 06:15,37,27,10,0,0,0
2019-07-30 06:30,45,31,14,0,0,0
2019-07-30 06:45,63,46,17,0,0,0
2019-07-30 07:00,96,64,32,0,0,0
2019-07-30 07:15,101,71,30,0,0,0
2019-07-30 07:30,107,69,38,0,0,0
2019-07-30 07:45,141,90,51,0,0,0
2019-07-30 08:00,106,83,23,0,0,0
2019-07-30 08:15,141,80,61,0,0,0
2019-07-30 08:30,106,76,30,0,0,0
2019-07-30 08:45,135,102,33,0,0,0
2019-07-30 09:00,100,61,39,0,0,0
2019-07-30 09:15,116,73,43,0,0,0
2019-07-30 09:30,108,70,38,0,0,0
2019-07-30 09:45,114,72,42,0,0,0
2019-07-30 10:00,129,80,49,0,0,0
2019-07-30 10:15,96,57,39,0,0,0
2019-07-30 10:30,115,65,50,0,0,0
2019-07-30 10:45,132,60,72,0,0,0
2019-07-30 11:00,113,64,49,0,0,0
2019-07-30 11:15,98,54,44,0,0,0
2019-07-30 11:30,124,63,61,0,0,0
2019-07-30 11:45,138,81,57,0,0,0
2019-07-30 12:00,143,80,63,0,0,0
2019-07-30 12:15,132,59,73,0,0,0
2019-07-30 12:30,124,61,63,0,0,0
2019-07-30 12:45,142,58,84,0,0,0
2019-07-30 13:00,125,55,70,0,0,0
2019-07-30 13:15,153,65,88,0,0,0
2019-07-30 13:30,138,65,73,0,0,0
2019-07-30 13:45,136,69,67,0,0,0
2019-07-30 14:00,134,50,84,0,0,0
2019-07-30 14:15,135,55,80,0,0,0
2019-07-30 14:30,150,63,87,0,0,0
2019-07-30 14:45,174,85,89,0,0,0
2019-07-30 15:00,164,44,120,0,0,0
2019-07-30 15:15,145,56,89,0,0,0
2019-07-30 15:30,162,66,96,0,0,0
2019-07-30 15:45,172,75,97,0,0,0
2019-07-30 16:00,207,82,125,0,0,0
2019-07-30 16:15,185,76,109,0,0,0
2019-07-30 16:30,188,82,106,0,0,0
2019-07-30 16:45,210,98,112,0,0,0
2019-07-30 17:00,181,75,106,0,0,0
2019-07-30 17:15,224,82,142,0,0,0
2019-07-30 17:30,193,72,121,0,0,0
2019-07-30 17:45,196,84,112,0,0,0
2019-07-30 18:00,222,86,136,0,0,0
2019-07-30 18:15,192,77,115,0,0,0
2019-07-30 18:30,160,65,95,0,0,0
2019-07-30 18:45,153,70,83,0,0,0
2019-07-30 19:00,129,40,89,0,0,0
2019-07-30 19:15,166,66,100,0,0,0
2019-07-30 19:30,101,36,65,0,0,0
2019-07-30 19:45,102,40,62,0,0,0
2019-07-30 20:00,110,32,78,0,0,0
2019-07-30 20:15,75,25,50,0,0,0
2019-07-30 20:30,86,34,52,0,0,0
2019-07-30 20:45,61,23,38,0,0,0
2019-07-30 21:00,66,17,49,0,0,0
2019-07-30 21:15,67,17,50,0,0,0
2019-07-30 21:30,50,13,37,0,0,0
2019-07-30 21:45,61,17,44,0,0,0
2019-07-30 22:00,63,23,40,0,0,0
2019-07-30 22:15,58,26,32,0,0,0
2019-07-30 22:30,64,13,51,0,0,0
2019-07-30 22:45,44,9,35,0,0,0
2019-07-30 23:00,32,8,24,0,0,0
2019-07-30 23:15,25,10,15,0,0,0
2019-07-30 23:30,19,4,15,0,0,0
2019-07-30 23:45,18,3,15,0,0,0
2019-07-31 00:00,16,4,12,0,0,0
2019-07-31 00:15,15,8,7,0,0,0
2019-07-31 00:30,14,7,7,0,0,0
2019-07-31 00:45,8,0,8,0,0,0
2019-07-31 01:00,9,2,7,0,0,0
2019-07-31 01:15,8,1,7,0,0,0
2019-07-31 01:30,5,5,0,0,0,0
2019-07-31 01:45,5,1,4,0,0,0
2019-07-31 02:00,5,0,5,0,0,0
2019-07-31 02:15,4,0,4,0,0,0
2019-07-31 02:30,1,0,1,0,0,0
2019-07-31 02:45,6,2,4,0,0,0
2019-07-31 03:00,1,0,1,0,0,0
2019-07-31 03:15,5,2,3,0,0,0
2019-07-31 03:30,1,0,1,0,0,0
2019-07-31 03:45,3,0,3,0,0,0
2019-07-31 04:00,4,1,3,0,0,0
2019-07-31 04:15,1,0,1,0,0,0
2019-07-31 04:30,0,0,0,0,0,0
2019-07-31 04:45,4,4,0,0,0,0
2019-07-31 05:00,1,1,0,0,0,0
2019-07-31 05:15,12,8,4,0,0,0
2019-07-31 05:30,19,14,5,0,0,0
2019-07-31 05:45,29,23,6,0,0,0
2019-07-31 06:00,29,24,5,0,0,0
2019-07-31 06:15,32,23,9,0,0,0
2019-07-31 06:30,44,35,9,0,0,0
2019-07-31 06:45,70,51,19,0,0,0
2019-07-31 07:00,71,48,23,0,0,0
2019-07-31 07:15,92,60,32,0,0,0
2019-07-31 07:30,110,71,39,0,0,0
2019-07-31 07:45,134,93,41,0,0,0
2019-07-31 08:00,123,79,44,0,0,0
2019-07-31 08:15,127,85,42,0,0,0
2019-07-31 08:30,124,82,42,0,0,0
2019-07-31 08:45,148,98,50,0,0,0
2019-07-31 09:00,105,69,36,0,0,0
2019-07-31 09:15,117,66,51,0,0,0
2019-07-31 09:30,111,74,37,0,0,0
2019-07-31 09:45,130,91,39,0,0,0
2019-07-31 10:00,119,74,45,0,0,0
2019-07-31 10:15,132,73,59,0,0,0
2019-07-31 10:30,143,101,42,0,0,0
2019-07-31 10:45,153,96,57,0,0,0
2019-07-31 11:00,154,80,74,0,0,0
2019-07-31 11:15,147,88,59,0,0,0
2019-07-31 11:30,165,89,76,0,0,0
2019-07-31 11:45,180,88,92,0,0,0
2019-07-31 12:00,150,74,76,0,0,0
2019-07-31 12:15,151,77,74,0,0,0
2019-07-31 12:30,140,73,67,0,0,0
2019-07-31 12:45,144,61,83,0,0,0
2019-07-31 13:00,148,51,97,0,0,0
2019-07-31 13:15,126,50,76,0,0,0
2019-07-31 13:30,141,53,88,0,0,0
2019-07-31 13:45,167,70,97,0,0,0
2019-07-31 14:00,162,52,110,0,0,0
2019-07-31 14:15,126,46,80,0,0,0
2019-07-31 14:30,151,63,88,0,0,0
2019-07-31 14:45,150,67,83,0,0,0
2019-07-31 15:00,168,60,108,0,0,0
2019-07-31 15:15,153,69,84,0,0,0
2019-07-31 15:30,125,42,83,0,0,0
2019-07-31 15:45,157,68,89,0,0,0
2019-07-31 16:00,189,65,124,0,0,0
2019-07-31 16:15,189,69,120,0,0,0
2019-07-31 16:30,98,19,79,0,0,0
2019-07-31 16:45,94,32,62,0,0,0
2019-07-31 17:00,162,46,116,0,0,0
2019-07-31 17:15,153,49,104,0,0,0
2019-07-31 17:30,162,62,100,0,0,0
2019-07-31 17:45,184,85,99,0,0,0
2019-07-31 18:00,158,61,97,0,0,0
2019-07-31 18:15,165,69,96,0,0,0
2019-07-31 18:30,154,56,98,0,0,0
2019-07-31 18:45,140,66,74,0,0,0
2019-07-31 19:00,133,41,92,0,0,0
2019-07-31 19:15,110,34,76,0,0,0
2019-07-31 19:30,102,40,62,0,0,0
2019-07-31 19:45,116,53,63,0,0,0
2019-07-31 20:00,99,33,66,0,0,0
2019-07-31 20:15,55,17,38,0,0,0
2019-07-31 20:30,46,17,29,0,0,0
2019-07-31 20:45,62,31,31,0,0,0
2019-07-31 21:00,55,18,37,0,0,0
2019-07-31 21:15,44,16,28,0,0,0
2019-07-31 21:30,42,12,30,0,0,0
2019-07-31 21:45,54,13,41,0,0,0
2019-07-31 22:00,60,20,40,0,0,0
2019-07-31 22:15,47,21,26,0,0,0
2019-07-31 22:30,53,15,38,0,0,0
2019-07-31 22:45,42,21,21,0,0,0
2019-07-31 23:00,42,15,27,0,0,0
2019-07-31 23:15,34,12,22,0,0,0
2019-07-31 23:30,40,20,20,0,0,0
2019-07-31 23:45,28,18,10,0,0,0
