Datetime,100034980 (Hammer Straße),101034980 (Hammer Straße stadteinwärts),102034980 (Hammer Straße stadtauswärts),100034980-status,101034980-status,102034980-status
2019-12-01 00:00,37,11,26,0,0,0
2019-12-01 00:15,41,16,25,0,0,0
2019-12-01 00:30,36,9,27,0,0,0
2019-12-01 00:45,30,10,20,0,0,0
2019-12-01 01:00,47,16,31,0,0,0
2019-12-01 01:15,23,5,18,0,0,0
2019-12-01 01:30,32,15,17,0,0,0
2019-12-01 01:45,26,6,20,0,0,0
2019-12-01 02:00,19,3,16,0,0,0
2019-12-01 02:15,19,7,12,0,0,0
2019-12-01 02:30,17,5,12,0,0,0
2019-12-01 02:45,18,8,10,0,0,0
2019-12-01 03:00,20,7,13,0,0,0
2019-12-01 03:15,8,3,5,0,0,0
2019-12-01 03:30,13,3,10,0,0,0
2019-12-01 03:45,14,6,8,0,0,0
2019-12-01 04:00,4,1,3,0,0,0
2019-12-01 04:15,4,1,3,0,0,0
2019-12-01 04:30,3,1,2,0,0,0
2019-12-01 04:45,7,2,5,0,0,0
2019-12-01 05:00,2,1,1,0,0,0
2019-12-01 05:15,5,5,0,0,0,0
2019-12-01 05:30,7,5,2,0,0,0
2019-12-01 05:45,4,2,2,0,0,0
2019-12-01 06:00,5,4,1,0,0,0
2019-12-01 06:15,5,2,3,0,0,0
2019-12-01 06:30,5,2,3,0,0,0
2019-12-01 06:45,2,0,2,0,0,0
2019-12-01 07:00,3,2,1,0,0,0
2019-12-01 07:15,4,2,2,0,0,0
2019-12-01 07:30,6,3,3,0,0,0
2019-12-01 07:45,12,8,4,0,0,0
2019-12-01 08:00,2,1,1,0,0,0
2019-12-01 08:15,4,2,2,0,0,0
2019-12-01 08:30,11,7,4,0,0,0
2019-12-01 08:45,14,9,5,0,0,0
2019-12-01 09:00,13,8,5,0,0,0
2019-12-01 09:15,23,11,12,0,0,0
2019-12-01 09:30,27,17,10,0,0,0
2019-12-01 09:45,54,32,22,0,0,0
2019-12-01 10:00,40,26,14,0,0,0
2019-12-01 10:15,38,19,19,0,0,0
2019-12-01 10:30,36,21,15,0,0,0
2019-12-01 10:45,36,25,11,0,0,0
2019-12-01 11:00,21,12,9,0,0,0
2019-12-01 11:15,41,26,15,0,0,0
2019-12-01 11:30,44,30,14,0,0,0
2019-12-01 11:45,55,35,20,0,0,0
2019-12-01 12:00,42,21,21,0,0,0
2019-12-01 12:15,37,22,15,0,0,0
2019-12-01 12:30,55,33,22,0,0,0
2019-12-01 12:45,55,27,28,0,0,0
2019-12-01 13:00,67,39,28,0,0,0
2019-12-01 13:15,53,29,24,0,0,0
2019-12-01 13:30,55,28,27,0,0,0
2019-12-01 13:45,68,34,34,0,0,0
2019-12-01 14:00,68,20,48,0,0,0
2019-12-01 14:15,54,27,27,0,0,0
2019-12-01 14:30,56,23,33,0,0,0
2019-12-01 14:45,72,39,33,0,0,0
2019-12-01 15:00,69,31,38,0,0,0
2019-12-01 15:15,67,33,34,0,0,0
2019-12-01 15:30,61,26,35,0,0,0
2019-12-01 15:45,74,37,37,0,0,0
2019-12-01 16:00,66,32,34,0,0,0
2019-12-01 16:15,57,36,21,0,0,0
2019-12-01 16:30,58,20,38,0,0,0
2019-12-01 16:45,86,55,31,0,0,0
2019-12-01 17:00,62,40,22,0,0,0
2019-12-01 17:15,59,39,20,0,0,0
2019-12-01 17:30,70,38,32,0,0,0
2019-12-01 17:45,91,47,44,0,0,0
2019-12-01 18:00,58,15,43,0,0,0
2019-12-01 18:15,53,28,25,0,0,0
2019-12-01 18:30,74,31,43,0,0,0
2019-12-01 18:45,39,13,26,0,0,0
2019-12-01 19:00,69,20,49,0,0,0
2019-12-01 19:15,82,20,62,0,0,0
2019-12-01 19:30,69,16,53,0,0,0
2019-12-01 19:45,68,21,47,0,0,0
2019-12-01 20:00,65,19,46,0,0,0
2019-12-01 20:15,46,7,39,0,0,0
2019-12-01 20:30,50,12,38,0,0,0
2019-12-01 20:45,32,7,25,0,0,0
2019-12-01 21:00,28,5,23,0,0,0
2019-12-01 21:15,27,3,24,0,0,0
2019-12-01 21:30,27,4,23,0,0,0
2019-12-01 21:45,28,11,17,0,0,0
2019-12-01 22:00,15,7,8,0,0,0
2019-12-01 22:15,24,4,20,0,0,0
2019-12-01 22:30,19,6,13,0,0,0
2019-12-01 22:45,22,8,14,0,0,0
2019-12-01 23:00,15,2,13,0,0,0
2019-12-01 23:15,10,4,6,0,0,0
2019-12-01 23:30,14,5,9,0,0,0
2019-12-01 23:45,5,3,2,0,0,0
2019-12-02 00:00,3,3,0,0,0,0
2019-12-02 00:15,2,1,1,0,0,0
2019-12-02 00:30,5,1,4,0,0,0
2019-12-02 00:45,5,2,3,0,0,0
2019-12-02 01:00,3,1,2,0,0,0
2019-12-02 01:15,1,1,0,0,0,0
2019-12-02 01:30,0,0,0,0,0,0
2019-12-02 01:45,1,0,1,0,0,0
2019-12-02 02:00,1,0,1,0,0,0
2019-12-02 02:15,0,0,0,0,0,0
2019-12-02 02:30,0,0,0,0,0,0
2019-12-02 02:45,1,1,0,0,0,0
2019-12-02 03:00,0,0,0,0,0,0
2019-12-02 03:15,0,0,0,0,0,0
2019-12-02 03:30,1,1,0,0,0,0
2019-12-02 03:45,1,0,1,0,0,0
2019-12-02 04:00,1,1,0,0,0,0
2019-12-02 04:15,3,1,2,0,0,0
2019-12-02 04:30,3,3,0,0,0,0
2019-12-02 04:45,4,3,1,0,0,0
2019-12-02 05:00,1,1,0,0,0,0
2019-12-02 05:15,7,7,0,0,0,0
2019-12-02 05:30,17,12,5,0,0,0
2019-12-02 05:45,18,14,4,0,0,0
2019-12-02 06:00,27,20,7,0,0,0
2019-12-02 06:15,39,35,4,0,0,0
2019-12-02 06:30,61,44,17,0,0,0
2019-12-02 06:45,63,47,16,0,0,0
2019-12-02 07:00,76,51,25,0,0,0
2019-12-02 07:15,98,64,34,0,0,0
2019-12-02 07:30,154,94,60,0,0,0
2019-12-02 07:45,148,96,52,0,0,0
2019-12-02 08:00,174,115,59,0,0,0
2019-12-02 08:15,183,119,64,0,0,0
2019-12-02 08:30,119,78,41,0,0,0
2019-12-02 08:45,146,114,32,0,0,0
2019-12-02 09:00,86,60,26,0,0,0
2019-12-02 09:15,107,78,29,0,0,0
2019-12-02 09:30,118,80,38,0,0,0
2019-12-02 09:45,150,120,30,0,0,0
2019-12-02 10:00,125,93,32,0,0,0
2019-12-02 10:15,89,58,31,0,0,0
2019-12-02 10:30,95,54,41,0,0,0
2019-12-02 10:45,104,70,34,0,0,0
2019-12-02 11:00,98,47,51,0,0,0
2019-12-02 11:15,99,47,52,0,0,0
2019-12-02 11:30,101,46,55,0,0,0
2019-12-02 11:45,108,58,50,0,0,0
2019-12-02 12:00,115,45,70,0,0,0
2019-12-02 12:15,125,54,71,0,0,0
2019-12-02 12:30,135,59,76,0,0,0
2019-12-02 12:45,132,41,91,0,0,0
2019-12-02 13:00,122,41,81,0,0,0
2019-12-02 13:15,104,49,55,0,0,0
2019-12-02 13:30,116,52,64,0,0,0
2019-12-02 13:45,148,70,78,0,0,0
2019-12-02 14:00,149,63,86,0,0,0
2019-12-02 14:15,150,58,92,0,0,0
2019-12-02 14:30,158,71,87,0,0,0
2019-12-02 14:45,177,81,96,0,0,0
2019-12-02 15:00,137,55,82,0,0,0
2019-12-02 15:15,155,58,97,0,0,0
2019-12-02 15:30,153,59,94,0,0,0
2019-12-02 15:45,202,86,116,0,0,0
2019-12-02 16:00,201,73,128,0,0,0
2019-12-02 16:15,200,70,130,0,0,0
2019-12-02 16:30,199,80,119,0,0,0
2019-12-02 16:45,200,78,122,0,0,0
2019-12-02 17:00,179,68,111,0,0,0
2019-12-02 17:15,176,61,115,0,0,0
2019-12-02 17:30,189,58,131,0,0,0
2019-12-02 17:45,241,96,145,0,0,0
2019-12-02 18:00,203,71,132,0,0,0
2019-12-02 18:15,192,75,117,0,0,0
2019-12-02 18:30,143,51,92,0,0,0
2019-12-02 18:45,162,61,101,0,0,0
2019-12-02 19:00,124,32,92,0,0,0
2019-12-02 19:15,121,37,84,0,0,0
2019-12-02 19:30,118,28,90,0,0,0
2019-12-02 19:45,132,36,96,0,0,0
2019-12-02 20:00,130,37,93,0,0,0
2019-12-02 20:15,94,25,69,0,0,0
2019-12-02 20:30,62,20,42,0,0,0
2019-12-02 20:45,51,18,33,0,0,0
2019-12-02 21:00,47,17,30,0,0,0
2019-12-02 21:15,63,12,51,0,0,0
2019-12-02 21:30,44,7,37,0,0,0
2019-12-02 21:45,51,12,39,0,0,0
2019-12-02 22:00,57,6,51,0,0,0
2019-12-02 22:15,59,15,44,0,0,0
2019-12-02 22:30,54,16,38,0,0,0
2019-12-02 22:45,19,3,16,0,0,0
2019-12-02 23:00,28,6,22,0,0,0
2019-12-02 23:15,21,4,17,0,0,0
2019-12-02 23:30,19,3,16,0,0,0
2019-12-02 23:45,13,2,11,0,0,0
2019-12-03 00:00,12,2,10,0,0,0
2019-12-03 00:15,12,5,7,0,0,0
2019-12-03 00:30,9,0,9,0,0,0
2019-12-03 00:45,8,0,8,0,0,0
2019-12-03 01:00,4,1,3,0,0,0
2019-12-03 01:15,5,2,3,0,0,0
2019-12-03 01:30,3,0,3,0,0,0
2019-12-03 01:45,9,2,7,0,0,0
2019-12-03 02:00,0,0,0,0,0,0
2019-12-03 02:15,1,1,0,0,0,0
2019-12-03 02:30,1,1,0,0,0,0
2019-12-03 02:45,2,1,1,0,0,0
2019-12-03 03:00,1,0,1,0,0,0
2019-12-03 03:15,0,0,0,0,0,0
2019-12-03 03:30,2,0,2,0,0,0
2019-12-03 03:45,1,0,1,0,0,0
2019-12-03 04:00,1,1,0,0,0,0
2019-12-03 04:15,1,1,0,0,0,0
2019-12-03 04:30,2,1,1,0,0,0
2019-12-03 04:45,5,3,2,0,0,0
2019-12-03 05:00,1,1,0,0,0,0
2019-12-03 05:15,3,3,0,0,0,0
2019-12-03 05:30,10,9,1,0,0,0
2019-12-03 05:45,21,17,4,0,0,0
2019-12-03 06:00,28,15,13,0,0,0
2019-12-03 06:15,42,36,6,0,0,0
2019-12-03 06:30,38,22,16,0,0,0
2019-12-03 06:45,56,37,19,0,0,0
2019-12-03 07:00,85,61,24,0,0,0
2019-12-03 07:15,120,81,39,0,0,0
2019-12-03 07:30,170,101,69,0,0,0
2019-12-03 07:45,160,108,52,0,0,0
2019-12-03 08:00,158,109,49,0,0,0
2019-12-03 08:15,169,111,58,0,0,0
2019-12-03 08:30,114,88,26,0,0,0
2019-12-03 08:45,145,101,44,0,0,0
2019-12-03 09:00,103,69,34,0,0,0
2019-12-03 09:15,101,73,28,0,0,0
2019-12-03 09:30,98,79,19,0,0,0
2019-12-03 09:45,103,65,38,0,0,0
2019-12-03 10:00,95,58,37,0,0,0
2019-12-03 10:15,94,51,43,0,0,0
2019-12-03 10:30,76,50,26,0,0,0
2019-12-03 10:45,117,72,45,0,0,0
2019-12-03 11:00,95,56,39,0,0,0
2019-12-03 11:15,121,56,65,0,0,0
2019-12-03 11:30,109,46,63,0,0,0
2019-12-03 11:45,142,71,71,0,0,0
2019-12-03 12:00,135,61,74,0,0,0
2019-12-03 12:15,130,65,65,0,0,0
2019-12-03 12:30,121,57,64,0,0,0
2019-12-03 12:45,139,55,84,0,0,0
2019-12-03 13:00,156,60,96,0,0,0
2019-12-03 13:15,145,48,97,0,0,0
2019-12-03 13:30,127,46,81,0,0,0
2019-12-03 13:45,164,66,98,0,0,0
2019-12-03 14:00,157,75,82,0,0,0
2019-12-03 14:15,117,50,67,0,0,0
2019-12-03 14:30,124,51,73,0,0,0
2019-12-03 14:45,171,73,98,0,0,0
2019-12-03 15:00,161,63,98,0,0,0
2019-12-03 15:15,167,60,107,0,0,0
2019-12-03 15:30,159,69,90,0,0,0
2019-12-03 15:45,211,90,121,0,0,0
2019-12-03 16:00,190,79,111,0,0,0
2019-12-03 16:15,203,81,122,0,0,0
2019-12-03 16:30,187,70,117,0,0,0
2019-12-03 16:45,198,90,108,0,0,0
2019-12-03 17:00,202,83,119,0,0,0
2019-12-03 17:15,199,82,117,0,0,0
2019-12-03 17:30,194,69,125,0,0,0
2019-12-03 17:45,247,116,131,0,0,0
2019-12-03 18:00,200,74,126,0,0,0
2019-12-03 18:15,216,88,128,0,0,0
2019-12-03 18:30,161,66,95,0,0,0
2019-12-03 18:45,162,57,105,0,0,0
2019-12-03 19:00,162,49,113,0,0,0
2019-12-03 19:15,153,63,90,0,0,0
2019-12-03 19:30,117,33,84,0,0,0
2019-12-03 19:45,134,40,94,0,0,0
2019-12-03 20:00,153,27,126,0,0,0
2019-12-03 20:15,116,31,85,0,0,0
2019-12-03 20:30,63,13,50,0,0,0
2019-12-03 20:45,71,21,50,0,0,0
2019-12-03 21:00,57,14,43,0,0,0
2019-12-03 21:15,74,15,59,0,0,0
2019-12-03 21:30,56,13,43,0,0,0
2019-12-03 21:45,101,18,83,0,0,0
2019-12-03 22:00,68,14,54,0,0,0
2019-12-03 22:15,58,16,42,0,0,0
2019-12-03 22:30,69,11,58,0,0,0
2019-12-03 22:45,42,12,30,0,0,0
2019-12-03 23:00,35,9,26,0,0,0
2019-12-03 23:15,54,23,31,0,0,0
2019-12-03 23:30,28,12,16,0,0,0
2019-12-03 23:45,17,4,13,0,0,0
2019-12-04 00:00,12,2,10,0,0,0
2019-12-04 00:15,19,4,15,0,0,0
2019-12-04 00:30,12,1,11,0,0,0
2019-12-04 00:45,8,3,5,0,0,0
2019-12-04 01:00,12,5,7,0,0,0
2019-12-04 01:15,13,3,10,0,0,0
2019-12-04 01:30,5,2,3,0,0,0
2019-12-04 01:45,2,1,1,0,0,0
2019-12-04 02:00,7,0,7,0,0,0
2019-12-04 02:15,3,1,2,0,0,0
2019-12-04 02:30,2,1,1,0,0,0
2019-12-04 02:45,1,1,0,0,0,0
2019-12-04 03:00,1,0,1,0,0,0
2019-12-04 03:15,1,0,1,0,0,0
2019-12-04 03:30,5,2,3,0,0,0
2019-12-04 03:45,0,0,0,0,0,0
2019-12-04 04:00,0,0,0,0,0,0
2019-12-04 04:15,1,0,1,0,0,0
2019-12-04 04:30,2,2,0,0,0,0
2019-12-04 04:45,5,4,1,0,0,0
2019-12-04 05:00,4,3,1,0,0,0
2019-12-04 05:15,5,5,0,0,0,0
2019-12-04 05:30,15,10,5,0,0,0
2019-12-04 05:45,23,16,7,0,0,0
2019-12-04 06:00,27,16,11,0,0,0
2019-12-04 06:15,42,35,7,0,0,0
2019-12-04 06:30,46,30,16,0,0,0
2019-12-04 06:45,62,47,15,0,0,0
2019-12-04 07:00,89,55,34,0,0,0
2019-12-04 07:15,121,78,43,0,0,0
2019-12-04 07:30,149,95,54,0,0,0
2019-12-04 07:45,174,124,50,0,0,0
2019-12-04 08:00,161,106,55,0,0,0
2019-12-04 08:15,169,113,56,0,0,0
2019-12-04 08:30,152,102,50,0,0,0
2019-12-04 08:45,150,107,43,0,0,0
2019-12-04 09:00,112,83,29,0,0,0
2019-12-04 09:15,102,72,30,0,0,0
2019-12-04 09:30,116,86,30,0,0,0
2019-12-04 09:45,153,97,56,0,0,0
2019-12-04 10:00,142,103,39,0,0,0
2019-12-04 10:15,83,54,29,0,0,0
2019-12-04 10:30,92,49,43,0,0,0
2019-12-04 10:45,146,90,56,0,0,0
2019-12-04 11:00,100,58,42,0,0,0
2019-12-04 11:15,124,63,61,0,0,0
2019-12-04 11:30,134,59,75,0,0,0
2019-12-04 11:45,168,84,84,0,0,0
2019-12-04 12:00,148,63,85,0,0,0
2019-12-04 12:15,148,58,90,0,0,0
2019-12-04 12:30,152,63,89,0,0,0
2019-12-04 12:45,177,89,88,0,0,0
2019-12-04 13:00,158,61,97,0,0,0
2019-12-04 13:15,172,46,126,0,0,0
2019-12-04 13:30,137,57,80,0,0,0
2019-12-04 13:45,166,78,88,0,0,0
2019-12-04 14:00,164,65,99,0,0,0
2019-12-04 14:15,163,68,95,0,0,0
2019-12-04 14:30,148,63,85,0,0,0
2019-12-04 14:45,131,52,79,0,0,0
2019-12-04 15:00,137,51,86,0,0,0
2019-12-04 15:15,158,63,95,0,0,0
2019-12-04 15:30,132,48,84,0,0,0
2019-12-04 15:45,212,81,131,0,0,0
2019-12-04 16:00,212,79,133,0,0,0
2019-12-04 16:15,205,78,127,0,0,0
2019-12-04 16:30,168,70,98,0,0,0
2019-12-04 16:45,204,82,122,0,0,0
2019-12-04 17:00,221,88,133,0,0,0
2019-12-04 17:15,229,99,130,0,0,0
2019-12-04 17:30,189,68,121,0,0,0
2019-12-04 17:45,236,123,113,0,0,0
2019-12-04 18:00,233,91,142,0,0,0
2019-12-04 18:15,174,77,97,0,0,0
2019-12-04 18:30,158,73,85,0,0,0
2019-12-04 18:45,170,78,92,0,0,0
2019-12-04 19:00,162,66,96,0,0,0
2019-12-04 19:15,129,46,83,0,0,0
2019-12-04 19:30,144,37,107,0,0,0
2019-12-04 19:45,118,32,86,0,0,0
2019-12-04 20:00,139,28,111,0,0,0
2019-12-04 20:15,116,24,92,0,0,0
2019-12-04 20:30,99,25,74,0,0,0
2019-12-04 20:45,89,15,74,0,0,0
2019-12-04 21:00,75,31,44,0,0,0
2019-12-04 21:15,66,20,46,0,0,0
2019-12-04 21:30,79,10,69,0,0,0
2019-12-04 21:45,70,13,57,0,0,0
2019-12-04 22:00,70,20,50,0,0,0
2019-12-04 22:15,62,14,48,0,0,0
2019-12-04 22:30,72,31,41,0,0,0
2019-12-04 22:45,63,11,52,0,0,0
2019-12-04 23:00,36,5,31,0,0,0
2019-12-04 23:15,49,10,39,0,0,0
2019-12-04 23:30,18,3,15,0,0,0
2019-12-04 23:45,38,13,25,0,0,0
2019-12-05 00:00,22,7,15,0,0,0
2019-12-05 00:15,18,3,15,0,0,0
2019-12-05 00:30,15,1,14,0,0,0
2019-12-05 00:45,11,3,8,0,0,0
2019-12-05 01:00,13,0,13,0,0,0
2019-12-05 01:15,5,0,5,0,0,0
2019-12-05 01:30,8,2,6,0,0,0
2019-12-05 01:45,12,4,8,0,0,0
2019-12-05 02:00,5,3,2,0,0,0
2019-12-05 02:15,1,0,1,0,0,0
2019-12-05 02:30,4,1,3,0,0,0
2019-12-05 02:45,3,1,2,0,0,0
2019-12-05 03:00,4,1,3,0,0,0
2019-12-05 03:15,1,1,0,0,0,0
2019-12-05 03:30,3,0,3,0,0,0
2019-12-05 03:45,5,0,5,0,0,0
2019-12-05 04:00,2,0,2,0,0,0
2019-12-05 04:15,9,2,7,0,0,0
2019-12-05 04:30,4,2,2,0,0,0
2019-12-05 04:45,4,2,2,0,0,0
2019-12-05 05:00,2,1,1,0,0,0
2019-12-05 05:15,8,6,2,0,0,0
2019-12-05 05:30,16,12,4,0,0,0
2019-12-05 05:45,20,17,3,0,0,0
2019-12-05 06:00,27,16,11,0,0,0
2019-12-05 06:15,44,36,8,0,0,0
2019-12-05 06:30,37,23,14,0,0,0
2019-12-05 06:45,70,54,16,0,0,0
2019-12-05 07:00,70,49,21,0,0,0
2019-12-05 07:15,116,83,33,0,0,0
2019-12-05 07:30,156,97,59,0,0,0
2019-12-05 07:45,166,119,47,0,0,0
2019-12-05 08:00,145,112,33,0,0,0
2019-12-05 08:15,149,99,50,0,0,0
2019-12-05 08:30,148,100,48,0,0,0
2019-12-05 08:45,160,122,38,0,0,0
2019-12-05 09:00,98,71,27,0,0,0
2019-12-05 09:15,99,68,31,0,0,0
2019-12-05 09:30,113,77,36,0,0,0
2019-12-05 09:45,159,117,42,0,0,0
2019-12-05 10:00,102,63,39,0,0,0
2019-12-05 10:15,89,50,39,0,0,0
2019-12-05 10:30,92,48,44,0,0,0
2019-12-05 10:45,105,57,48,0,0,0
2019-12-05 11:00,97,44,53,0,0,0
2019-12-05 11:15,100,59,41,0,0,0
2019-12-05 11:30,121,74,47,0,0,0
2019-12-05 11:45,133,77,56,0,0,0
2019-12-05 12:00,129,67,62,0,0,0
2019-12-05 12:15,115,50,65,0,0,0
2019-12-05 12:30,153,58,95,0,0,0
2019-12-05 12:45,151,64,87,0,0,0
2019-12-05 13:00,135,56,79,0,0,0
2019-12-05 13:15,126,56,70,0,0,0
2019-12-05 13:30,128,54,74,0,0,0
2019-12-05 13:45,180,87,93,0,0,0
2019-12-05 14:00,166,69,97,0,0,0
2019-12-05 14:15,147,64,83,0,0,0
2019-12-05 14:30,118,62,56,0,0,0
2019-12-05 14:45,171,78,93,0,0,0
2019-12-05 15:00,163,56,107,0,0,0
2019-12-05 15:15,146,71,75,0,0,0
2019-12-05 15:30,149,63,86,0,0,0
2019-12-05 15:45,177,80,97,0,0,0
2019-12-05 16:00,193,68,125,0,0,0
2019-12-05 16:15,192,74,118,0,0,0
2019-12-05 16:30,195,88,107,0,0,0
2019-12-05 16:45,231,95,136,0,0,0
2019-12-05 17:00,171,63,108,0,0,0
2019-12-05 17:15,190,87,103,0,0,0
2019-12-05 17:30,225,106,119,0,0,0
2019-12-05 17:45,245,115,130,0,0,0
2019-12-05 18:00,199,78,121,0,0,0
2019-12-05 18:15,179,87,92,0,0,0
2019-12-05 18:30,150,57,93,0,0,0
2019-12-05 18:45,176,76,100,0,0,0
2019-12-05 19:00,152,49,103,0,0,0
2019-12-05 19:15,142,57,85,0,0,0
2019-12-05 19:30,118,46,72,0,0,0
2019-12-05 19:45,136,46,90,0,0,0
2019-12-05 20:00,120,24,96,0,0,0
2019-12-05 20:15,117,31,86,0,0,0
2019-12-05 20:30,83,16,67,0,0,0
2019-12-05 20:45,83,21,62,0,0,0
2019-12-05 21:00,65,25,40,0,0,0
2019-12-05 21:15,70,16,54,0,0,0
2019-12-05 21:30,68,13,55,0,0,0
2019-12-05 21:45,57,12,45,0,0,0
2019-12-05 22:00,61,11,50,0,0,0
2019-12-05 22:15,73,22,51,0,0,0
2019-12-05 22:30,66,14,52,0,0,0
2019-12-05 22:45,42,13,29,0,0,0
2019-12-05 23:00,43,15,28,0,0,0
2019-12-05 23:15,52,10,42,0,0,0
2019-12-05 23:30,37,11,26,0,0,0
2019-12-05 23:45,23,7,16,0,0,0
2019-12-06 00:00,28,14,14,0,0,0
2019-12-06 00:15,16,3,13,0,0,0
2019-12-06 00:30,15,4,11,0,0,0
2019-12-06 00:45,7,1,6,0,0,0
2019-12-06 01:00,13,1,12,0,0,0
2019-12-06 01:15,8,1,7,0,0,0
2019-12-06 01:30,7,4,3,0,0,0
2019-12-06 01:45,7,0,7,0,0,0
2019-12-06 02:00,8,1,7,0,0,0
2019-12-06 02:15,7,2,5,0,0,0
2019-12-06 02:30,2,1,1,0,0,0
2019-12-06 02:45,9,1,8,0,0,0
2019-12-06 03:00,1,0,1,0,0,0
2019-12-06 03:15,1,0,1,0,0,0
2019-12-06 03:30,3,0,3,0,0,0
2019-12-06 03:45,2,0,2,0,0,0
2019-12-06 04:00,1,0,1,0,0,0
2019-12-06 04:15,2,2,0,0,0,0
2019-12-06 04:30,7,4,3,0,0,0
2019-12-06 04:45,7,4,3,0,0,0
2019-12-06 05:00,0,0,0,0,0,0
2019-12-06 05:15,5,3,2,0,0,0
2019-12-06 05:30,14,9,5,0,0,0
2019-12-06 05:45,22,18,4,0,0,0
2019-12-06 06:00,22,15,7,0,0,0
2019-12-06 06:15,34,28,6,0,0,0
2019-12-06 06:30,41,28,13,0,0,0
2019-12-06 06:45,53,38,15,0,0,0
2019-12-06 07:00,72,47,25,0,0,0
2019-12-06 07:15,88,62,26,0,0,0
2019-12-06 07:30,151,105,46,0,0,0
2019-12-06 07:45,147,108,39,0,0,0
2019-12-06 08:00,114,87,27,0,0,0
2019-12-06 08:15,150,104,46,0,0,0
2019-12-06 08:30,90,62,28,0,0,0
2019-12-06 08:45,121,88,33,0,0,0
2019-12-06 09:00,95,61,34,0,0,0
2019-12-06 09:15,63,42,21,0,0,0
2019-12-06 09:30,55,46,9,0,0,0
2019-12-06 09:45,72,50,22,0,0,0
2019-12-06 10:00,67,45,22,0,0,0
2019-12-06 10:15,68,36,32,0,0,0
2019-12-06 10:30,58,36,22,0,0,0
2019-12-06 10:45,79,49,30,0,0,0
2019-12-06 11:00,53,27,26,0,0,0
2019-12-06 11:15,79,34,45,0,0,0
2019-12-06 11:30,69,37,32,0,0,0
2019-12-06 11:45,97,52,45,0,0,0
2019-12-06 12:00,87,37,50,0,0,0
2019-12-06 12:15,115,37,78,0,0,0
2019-12-06 12:30,104,43,61,0,0,0
2019-12-06 12:45,131,49,82,0,0,0
2019-12-06 13:00,125,52,73,0,0,0
2019-12-06 13:15,118,51,67,0,0,0
2019-12-06 13:30,114,49,65,0,0,0
2019-12-06 13:45,144,62,82,0,0,0
2019-12-06 14:00,138,52,86,0,0,0
2019-12-06 14:15,132,52,80,0,0,0
2019-12-06 14:30,136,61,75,0,0,0
2019-12-06 14:45,160,59,101,0,0,0
2019-12-06 15:00,129,46,83,0,0,0
2019-12-06 15:15,120,54,66,0,0,0
2019-12-06 15:30,130,55,75,0,0,0
2019-12-06 15:45,142,63,79,0,0,0
2019-12-06 16:00,137,57,80,0,0,0
2019-12-06 16:15,156,65,91,0,0,0
2019-12-06 16:30,102,39,63,0,0,0
2019-12-06 16:45,114,51,63,0,0,0
2019-12-06 17:00,114,41,73,0,0,0
2019-12-06 17:15,94,47,47,0,0,0
2019-12-06 17:30,93,38,55,0,0,0
2019-12-06 17:45,140,63,77,0,0,0
2019-12-06 18:00,124,55,69,0,0,0
2019-12-06 18:15,107,51,56,0,0,0
2019-12-06 18:30,104,41,63,0,0,0
2019-12-06 18:45,117,67,50,0,0,0
2019-12-06 19:00,93,45,48,0,0,0
2019-12-06 19:15,84,42,42,0,0,0
2019-12-06 19:30,70,24,46,0,0,0
2019-12-06 19:45,105,48,57,0,0,0
2019-12-06 20:00,96,33,63,0,0,0
2019-12-06 20:15,67,25,42,0,0,0
2019-12-06 20:30,53,19,34,0,0,0
2019-12-06 20:45,47,15,32,0,0,0
2019-12-06 21:00,49,12,37,0,0,0
2019-12-06 21:15,53,21,32,0,0,0
2019-12-06 21:30,46,13,33,0,0,0
2019-12-06 21:45,32,9,23,0,0,0
2019-12-06 22:00,42,14,28,0,0,0
2019-12-06 22:15,53,13,40,0,0,0
2019-12-06 22:30,37,11,26,0,0,0
2019-12-06 22:45,49,10,39,0,0,0
2019-12-06 23:00,53,14,39,0,0,0
2019-12-06 23:15,29,13,16,0,0,0
2019-12-06 23:30,35,15,20,0,0,0
2019-12-06 23:45,44,9,35,0,0,0
2019-12-07 00:00,41,19,22,0,0,0
2019-12-07 00:15,41,18,23,0,0,0
2019-12-07 00:30,35,15,20,0,0,0
2019-12-07 00:45,32,8,24,0,0,0
2019-12-07 01:00,30,11,19,0,0,0
2019-12-07 01:15,29,8,21,0,0,0
2019-12-07 01:30,20,3,17,0,0,0
2019-12-07 01:45,24,10,14,0,0,0
2019-12-07 02:00,17,3,14,0,0,0
2019-12-07 02:15,15,6,9,0,0,0
2019-12-07 02:30,11,1,10,0,0,0
2019-12-07 02:45,16,7,9,0,0,0
2019-12-07 03:00,11,3,8,0,0,0
2019-12-07 03:15,14,5,9,0,0,0
2019-12-07 03:30,4,0,4,0,0,0
2019-12-07 03:45,9,4,5,0,0,0
2019-12-07 04:00,7,2,5,0,0,0
2019-12-07 04:15,11,6,5,0,0,0
2019-12-07 04:30,4,0,4,0,0,0
2019-12-07 04:45,5,1,4,0,0,0
2019-12-07 05:00,2,1,1,0,0,0
2019-12-07 05:15,4,1,3,0,0,0
2019-12-07 05:30,14,8,6,0,0,0
2019-12-07 05:45,8,5,3,0,0,0
2019-12-07 06:00,8,4,4,0,0,0
2019-12-07 06:15,4,3,1,0,0,0
2019-12-07 06:30,8,5,3,0,0,0
2019-12-07 06:45,10,5,5,0,0,0
2019-12-07 07:00,8,6,2,0,0,0
2019-12-07 07:15,17,14,3,0,0,0
2019-12-07 07:30,20,8,12,0,0,0
2019-12-07 07:45,34,22,12,0,0,0
2019-12-07 08:00,15,5,10,0,0,0
2019-12-07 08:15,19,11,8,0,0,0
2019-12-07 08:30,37,22,15,0,0,0
2019-12-07 08:45,62,45,17,0,0,0
2019-12-07 09:00,37,27,10,0,0,0
2019-12-07 09:15,66,43,23,0,0,0
2019-12-07 09:30,83,57,26,0,0,0
2019-12-07 09:45,100,82,18,0,0,0
2019-12-07 10:00,81,57,24,0,0,0
2019-12-07 10:15,85,58,27,0,0,0
2019-12-07 10:30,103,68,35,0,0,0
2019-12-07 10:45,103,68,35,0,0,0
2019-12-07 11:00,89,54,35,0,0,0
2019-12-07 11:15,86,53,33,0,0,0
2019-12-07 11:30,96,49,47,0,0,0
2019-12-07 11:45,109,61,48,0,0,0
2019-12-07 12:00,106,63,43,0,0,0
2019-12-07 12:15,125,74,51,0,0,0
2019-12-07 12:30,101,56,45,0,0,0
2019-12-07 12:45,153,74,79,0,0,0
2019-12-07 13:00,104,58,46,0,0,0
2019-12-07 13:15,134,73,61,0,0,0
2019-12-07 13:30,123,65,58,0,0,0
2019-12-07 13:45,133,63,70,0,0,0
2019-12-07 14:00,122,49,73,0,0,0
2019-12-07 14:15,128,55,73,0,0,0
2019-12-07 14:30,112,37,75,0,0,0
2019-12-07 14:45,127,55,72,0,0,0
2019-12-07 15:00,110,49,61,0,0,0
2019-12-07 15:15,114,51,63,0,0,0
2019-12-07 15:30,104,44,60,0,0,0
2019-12-07 15:45,111,51,60,0,0,0
2019-12-07 16:00,87,48,39,0,0,0
2019-12-07 16:15,90,39,51,0,0,0
2019-12-07 16:30,81,40,41,0,0,0
2019-12-07 16:45,77,36,41,0,0,0
2019-12-07 17:00,108,37,71,0,0,0
2019-12-07 17:15,91,43,48,0,0,0
2019-12-07 17:30,97,47,50,0,0,0
2019-12-07 17:45,101,61,40,0,0,0
2019-12-07 18:00,114,55,59,0,0,0
2019-12-07 18:15,112,33,79,0,0,0
2019-12-07 18:30,122,37,85,0,0,0
2019-12-07 18:45,128,50,78,0,0,0
2019-12-07 19:00,122,60,62,0,0,0
2019-12-07 19:15,96,49,47,0,0,0
2019-12-07 19:30,79,25,54,0,0,0
2019-12-07 19:45,90,40,50,0,0,0
2019-12-07 20:00,97,41,56,0,0,0
2019-12-07 20:15,76,31,45,0,0,0
2019-12-07 20:30,74,28,46,0,0,0
2019-12-07 20:45,42,12,30,0,0,0
2019-12-07 21:00,48,14,34,0,0,0
2019-12-07 21:15,35,10,25,0,0,0
2019-12-07 21:30,92,59,33,0,0,0
2019-12-07 21:45,82,51,31,0,0,0
2019-12-07 22:00,52,29,23,0,0,0
2019-12-07 22:15,54,22,32,0,0,0
2019-12-07 22:30,51,18,33,0,0,0
2019-12-07 22:45,38,8,30,0,0,0
2019-12-07 23:00,30,8,22,0,0,0
2019-12-07 23:15,35,11,24,0,0,0
2019-12-07 23:30,40,15,25,0,0,0
2019-12-07 23:45,31,14,17,0,0,0
2019-12-08 00:00,39,13,26,0,0,0
2019-12-08 00:15,53,18,35,0,0,0
2019-12-08 00:30,51,28,23,0,0,0
2019-12-08 00:45,44,17,27,0,0,0
2019-12-08 01:00,34,9,25,0,0,0
2019-12-08 01:15,18,6,12,0,0,0
2019-12-08 01:30,30,15,15,0,0,0
2019-12-08 01:45,19,7,12,0,0,0
2019-12-08 02:00,21,7,14,0,0,0
2019-12-08 02:15,28,5,23,0,0,0
2019-12-08 02:30,14,2,12,0,0,0
2019-12-08 02:45,11,4,7,0,0,0
2019-12-08 03:00,19,7,12,0,0,0
2019-12-08 03:15,16,5,11,0,0,0
2019-12-08 03:30,10,2,8,0,0,0
2019-12-08 03:45,10,1,9,0,0,0
2019-12-08 04:00,9,3,6,0,0,0
2019-12-08 04:15,10,1,9,0,0,0
2019-12-08 04:30,3,1,2,0,0,0
2019-12-08 04:45,9,0,9,0,0,0
2019-12-08 05:00,5,3,2,0,0,0
2019-12-08 05:15,7,2,5,0,0,0
2019-12-08 05:30,10,7,3,0,0,0
2019-12-08 05:45,3,2,1,0,0,0
2019-12-08 06:00,3,1,2,0,0,0
2019-12-08 06:15,1,0,1,0,0,0
2019-12-08 06:30,5,2,3,0,0,0
2019-12-08 06:45,4,0,4,0,0,0
2019-12-08 07:00,4,4,0,0,0,0
2019-12-08 07:15,3,1,2,0,0,0
2019-12-08 07:30,9,5,4,0,0,0
2019-12-08 07:45,12,7,5,0,0,0
2019-12-08 08:00,4,1,3,0,0,0
2019-12-08 08:15,4,1,3,0,0,0
2019-12-08 08:30,11,5,6,0,0,0
2019-12-08 08:45,12,7,5,0,0,0
2019-12-08 09:00,9,4,5,0,0,0
2019-12-08 09:15,14,10,4,0,0,0
2019-12-08 09:30,15,9,6,0,0,0
2019-12-08 09:45,28,16,12,0,0,0
2019-12-08 10:00,24,17,7,0,0,0
2019-12-08 10:15,27,21,6,0,0,0
2019-12-08 10:30,18,8,10,0,0,0
2019-12-08 10:45,34,30,4,0,0,0
2019-12-08 11:00,29,16,13,0,0,0
2019-12-08 11:15,13,5,8,0,0,0
2019-12-08 11:30,20,7,13,0,0,0
2019-12-08 11:45,25,10,15,0,0,0
2019-12-08 12:00,25,16,9,0,0,0
2019-12-08 12:15,28,15,13,0,0,0
2019-12-08 12:30,23,13,10,0,0,0
2019-12-08 12:45,33,20,13,0,0,0
2019-12-08 13:00,24,15,9,0,0,0
2019-12-08 13:15,32,14,18,0,0,0
2019-12-08 13:30,24,13,11,0,0,0
2019-12-08 13:45,49,31,18,0,0,0
2019-12-08 14:00,44,26,18,0,0,0
2019-12-08 14:15,40,20,20,0,0,0
2019-12-08 14:30,38,19,19,0,0,0
2019-12-08 14:45,66,32,34,0,0,0
2019-12-08 15:00,66,29,37,0,0,0
2019-12-08 15:15,57,31,26,0,0,0
2019-12-08 15:30,36,23,13,0,0,0
2019-12-08 15:45,67,46,21,0,0,0
2019-12-08 16:00,99,76,23,0,0,0
2019-12-08 16:15,116,81,35,0,0,0
2019-12-08 16:30,72,49,23,0,0,0
2019-12-08 16:45,65,41,24,0,0,0
2019-12-08 17:00,77,38,39,0,0,0
2019-12-08 17:15,68,29,39,0,0,0
2019-12-08 17:30,77,25,52,0,0,0
2019-12-08 17:45,157,55,102,0,0,0
2019-12-08 18:00,71,19,52,0,0,0
2019-12-08 18:15,73,24,49,0,0,0
2019-12-08 18:30,87,24,63,0,0,0
2019-12-08 18:45,80,26,54,0,0,0
2019-12-08 19:00,60,18,42,0,0,0
2019-12-08 19:15,63,27,36,0,0,0
2019-12-08 19:30,50,18,32,0,0,0
2019-12-08 19:45,50,17,33,0,0,0
2019-12-08 20:00,39,11,28,0,0,0
2019-12-08 20:15,51,9,42,0,0,0
2019-12-08 20:30,39,17,22,0,0,0
2019-12-08 20:45,24,9,15,0,0,0
2019-12-08 21:00,19,10,9,0,0,0
2019-12-08 21:15,31,8,23,0,0,0
2019-12-08 21:30,35,12,23,0,0,0
2019-12-08 21:45,26,9,17,0,0,0
2019-12-08 22:00,23,8,15,0,0,0
2019-12-08 22:15,30,7,23,0,0,0
2019-12-08 22:30,18,7,11,0,0,0
2019-12-08 22:45,15,7,8,0,0,0
2019-12-08 23:00,17,8,9,0,0,0
2019-12-08 23:15,12,3,9,0,0,0
2019-12-08 23:30,16,5,11,0,0,0
2019-12-08 23:45,13,6,7,0,0,0
2019-12-09 00:00,9,3,6,0,0,0
2019-12-09 00:15,2,0,2,0,0,0
2019-12-09 00:30,7,2,5,0,0,0
2019-12-09 00:45,6,2,4,0,0,0
2019-12-09 01:00,1,0,1,0,0,0
2019-12-09 01:15,2,1,1,0,0,0
2019-12-09 01:30,1,0,1,0,0,0
2019-12-09 01:45,0,0,0,0,0,0
2019-12-09 02:00,0,0,0,0,0,0
2019-12-09 02:15,0,0,0,0,0,0
2019-12-09 02:30,2,2,0,0,0,0
2019-12-09 02:45,1,1,0,0,0,0
2019-12-09 03:00,2,1,1,0,0,0
2019-12-09 03:15,1,0,1,0,0,0
2019-12-09 03:30,1,0,1,0,0,0
2019-12-09 03:45,1,0,1,0,0,0
2019-12-09 04:00,4,1,3,0,0,0
2019-12-09 04:15,1,1,0,0,0,0
2019-12-09 04:30,1,1,0,0,0,0
2019-12-09 04:45,4,3,1,0,0,0
2019-12-09 05:00,3,3,0,0,0,0
2019-12-09 05:15,7,5,2,0,0,0
2019-12-09 05:30,13,10,3,0,0,0
2019-12-09 05:45,17,11,6,0,0,0
2019-12-09 06:00,25,18,7,0,0,0
2019-12-09 06:15,37,29,8,0,0,0
2019-12-09 06:30,32,19,13,0,0,0
2019-12-09 06:45,52,39,13,0,0,0
2019-12-09 07:00,70,47,23,0,0,0
2019-12-09 07:15,115,82,33,0,0,0
2019-12-09 07:30,134,81,53,0,0,0
2019-12-09 07:45,144,102,42,0,0,0
2019-12-09 08:00,114,74,40,0,0,0
2019-12-09 08:15,136,96,40,0,0,0
2019-12-09 08:30,79,60,19,0,0,0
2019-12-09 08:45,104,78,26,0,0,0
2019-12-09 09:00,61,42,19,0,0,0
2019-12-09 09:15,54,37,17,0,0,0
2019-12-09 09:30,73,56,17,0,0,0
2019-12-09 09:45,85,62,23,0,0,0
2019-12-09 10:00,92,60,32,0,0,0
2019-12-09 10:15,49,25,24,0,0,0
2019-12-09 10:30,48,29,19,0,0,0
2019-12-09 10:45,76,39,37,0,0,0
2019-12-09 11:00,62,31,31,0,0,0
2019-12-09 11:15,74,39,35,0,0,0
2019-12-09 11:30,79,48,31,0,0,0
2019-12-09 11:45,87,47,40,0,0,0
2019-12-09 12:00,110,48,62,0,0,0
2019-12-09 12:15,101,44,57,0,0,0
2019-12-09 12:30,108,50,58,0,0,0
2019-12-09 12:45,95,40,55,0,0,0
2019-12-09 13:00,85,39,46,0,0,0
2019-12-09 13:15,120,46,74,0,0,0
2019-12-09 13:30,108,43,65,0,0,0
2019-12-09 13:45,132,62,70,0,0,0
2019-12-09 14:00,118,56,62,0,0,0
2019-12-09 14:15,138,46,92,0,0,0
2019-12-09 14:30,127,62,65,0,0,0
2019-12-09 14:45,144,62,82,0,0,0
2019-12-09 15:00,134,43,91,0,0,0
2019-12-09 15:15,119,46,73,0,0,0
2019-12-09 15:30,151,68,83,0,0,0
2019-12-09 15:45,148,68,80,0,0,0
2019-12-09 16:00,154,45,109,0,0,0
2019-12-09 16:15,156,61,95,0,0,0
2019-12-09 16:30,144,44,100,0,0,0
2019-12-09 16:45,153,60,93,0,0,0
2019-12-09 17:00,146,38,108,0,0,0
2019-12-09 17:15,140,51,89,0,0,0
2019-12-09 17:30,146,41,105,0,0,0
2019-12-09 17:45,162,65,97,0,0,0
2019-12-09 18:00,170,66,104,0,0,0
2019-12-09 18:15,153,71,82,0,0,0
2019-12-09 18:30,121,46,75,0,0,0
2019-12-09 18:45,131,51,80,0,0,0
2019-12-09 19:00,111,42,69,0,0,0
2019-12-09 19:15,102,32,70,0,0,0
2019-12-09 19:30,109,26,83,0,0,0
2019-12-09 19:45,84,31,53,0,0,0
2019-12-09 20:00,117,35,82,0,0,0
2019-12-09 20:15,68,16,52,0,0,0
2019-12-09 20:30,60,13,47,0,0,0
2019-12-09 20:45,65,18,47,0,0,0
2019-12-09 21:00,48,15,33,0,0,0
2019-12-09 21:15,42,15,27,0,0,0
2019-12-09 21:30,48,11,37,0,0,0
2019-12-09 21:45,41,10,31,0,0,0
2019-12-09 22:00,50,14,36,0,0,0
2019-12-09 22:15,36,7,29,0,0,0
2019-12-09 22:30,43,9,34,0,0,0
2019-12-09 22:45,27,6,21,0,0,0
2019-12-09 23:00,33,9,24,0,0,0
2019-12-09 23:15,20,5,15,0,0,0
2019-12-09 23:30,10,4,6,0,0,0
2019-12-09 23:45,19,2,17,0,0,0
2019-12-10 00:00,12,6,6,0,0,0
2019-12-10 00:15,13,6,7,0,0,0
2019-12-10 00:30,15,0,15,0,0,0
2019-12-10 00:45,9,9,0,0,0,0
2019-12-10 01:00,5,2,3,0,0,0
2019-12-10 01:15,2,0,2,0,0,0
2019-12-10 01:30,1,0,1,0,0,0
2019-12-10 01:45,5,2,3,0,0,0
2019-12-10 02:00,0,0,0,0,0,0
2019-12-10 02:15,1,1,0,0,0,0
2019-12-10 02:30,2,0,2,0,0,0
2019-12-10 02:45,5,1,4,0,0,0
2019-12-10 03:00,0,0,0,0,0,0
2019-12-10 03:15,0,0,0,0,0,0
2019-12-10 03:30,2,0,2,0,0,0
2019-12-10 03:45,2,0,2,0,0,0
2019-12-10 04:00,1,1,0,0,0,0
2019-12-10 04:15,2,2,0,0,0,0
2019-12-10 04:30,1,1,0,0,0,0
2019-12-10 04:45,3,1,2,0,0,0
2019-12-10 05:00,4,1,3,0,0,0
2019-12-10 05:15,5,4,1,0,0,0
2019-12-10 05:30,14,8,6,0,0,0
2019-12-10 05:45,16,13,3,0,0,0
2019-12-10 06:00,32,20,12,0,0,0
2019-12-10 06:15,37,30,7,0,0,0
2019-12-10 06:30,38,30,8,0,0,0
2019-12-10 06:45,60,42,18,0,0,0
2019-12-10 07:00,86,49,37,0,0,0
2019-12-10 07:15,103,69,34,0,0,0
2019-12-10 07:30,146,91,55,0,0,0
2019-12-10 07:45,167,122,45,0,0,0
2019-12-10 08:00,148,93,55,0,0,0
2019-12-10 08:15,162,114,48,0,0,0
2019-12-10 08:30,107,71,36,0,0,0
2019-12-10 08:45,132,88,44,0,0,0
2019-12-10 09:00,95,64,31,0,0,0
2019-12-10 09:15,109,70,39,0,0,0
2019-12-10 09:30,90,62,28,0,0,0
2019-12-10 09:45,119,89,30,0,0,0
2019-12-10 10:00,105,78,27,0,0,0
2019-12-10 10:15,113,71,42,0,0,0
2019-12-10 10:30,88,51,37,0,0,0
2019-12-10 10:45,108,62,46,0,0,0
2019-12-10 11:00,112,61,51,0,0,0
2019-12-10 11:15,134,68,66,0,0,0
2019-12-10 11:30,117,59,58,0,0,0
2019-12-10 11:45,151,75,76,0,0,0
2019-12-10 12:00,154,65,89,0,0,0
2019-12-10 12:15,119,47,72,0,0,0
2019-12-10 12:30,117,48,69,0,0,0
2019-12-10 12:45,149,68,81,0,0,0
2019-12-10 13:00,131,55,76,0,0,0
2019-12-10 13:15,149,50,99,0,0,0
2019-12-10 13:30,145,61,84,0,0,0
2019-12-10 13:45,183,73,110,0,0,0
2019-12-10 14:00,172,77,95,0,0,0
2019-12-10 14:15,124,53,71,0,0,0
2019-12-10 14:30,154,61,93,0,0,0
2019-12-10 14:45,172,80,92,0,0,0
2019-12-10 15:00,159,75,84,0,0,0
2019-12-10 15:15,159,70,89,0,0,0
2019-12-10 15:30,181,77,104,0,0,0
2019-12-10 15:45,204,82,122,0,0,0
2019-12-10 16:00,197,83,114,0,0,0
2019-12-10 16:15,257,106,151,0,0,0
2019-12-10 16:30,203,76,127,0,0,0
2019-12-10 16:45,183,76,107,0,0,0
2019-12-10 17:00,194,86,108,0,0,0
2019-12-10 17:15,194,104,90,0,0,0
2019-12-10 17:30,203,78,125,0,0,0
2019-12-10 17:45,247,96,151,0,0,0
2019-12-10 18:00,237,88,149,0,0,0
2019-12-10 18:15,205,79,126,0,0,0
2019-12-10 18:30,145,56,89,0,0,0
2019-12-10 18:45,157,64,93,0,0,0
2019-12-10 19:00,145,53,92,0,0,0
2019-12-10 19:15,131,49,82,0,0,0
2019-12-10 19:30,121,49,72,0,0,0
2019-12-10 19:45,161,48,113,0,0,0
2019-12-10 20:00,117,24,93,0,0,0
2019-12-10 20:15,138,30,108,0,0,0
2019-12-10 20:30,73,15,58,0,0,0
2019-12-10 20:45,66,17,49,0,0,0
2019-12-10 21:00,63,13,50,0,0,0
2019-12-10 21:15,60,16,44,0,0,0
2019-12-10 21:30,56,12,44,0,0,0
2019-12-10 21:45,50,11,39,0,0,0
2019-12-10 22:00,36,12,24,0,0,0
2019-12-10 22:15,65,12,53,0,0,0
2019-12-10 22:30,46,8,38,0,0,0
2019-12-10 22:45,47,11,36,0,0,0
2019-12-10 23:00,48,11,37,0,0,0
2019-12-10 23:15,42,11,31,0,0,0
2019-12-10 23:30,31,18,13,0,0,0
2019-12-10 23:45,17,3,14,0,0,0
2019-12-11 00:00,22,8,14,0,0,0
2019-12-11 00:15,20,9,11,0,0,0
2019-12-11 00:30,11,3,8,0,0,0
2019-12-11 00:45,5,0,5,0,0,0
2019-12-11 01:00,9,3,6,0,0,0
2019-12-11 01:15,8,5,3,0,0,0
2019-12-11 01:30,2,1,1,0,0,0
2019-12-11 01:45,3,0,3,0,0,0
2019-12-11 02:00,1,0,1,0,0,0
2019-12-11 02:15,1,0,1,0,0,0
2019-12-11 02:30,2,0,2,0,0,0
2019-12-11 02:45,0,0,0,0,0,0
2019-12-11 03:00,0,0,0,0,0,0
2019-12-11 03:15,0,0,0,0,0,0
2019-12-11 03:30,0,0,0,0,0,0
2019-12-11 03:45,1,1,0,0,0,0
2019-12-11 04:00,1,0,1,0,0,0
2019-12-11 04:15,1,1,0,0,0,0
2019-12-11 04:30,2,1,1,0,0,0
2019-12-11 04:45,4,2,2,0,0,0
2019-12-11 05:00,1,1,0,0,0,0
2019-12-11 05:15,9,8,1,0,0,0
2019-12-11 05:30,20,12,8,0,0,0
2019-12-11 05:45,14,11,3,0,0,0
2019-12-11 06:00,21,13,8,0,0,0
2019-12-11 06:15,38,34,4,0,0,0
2019-12-11 06:30,34,23,11,0,0,0
2019-12-11 06:45,55,37,18,0,0,0
2019-12-11 07:00,64,38,26,0,0,0
2019-12-11 07:15,90,70,20,0,0,0
2019-12-11 07:30,120,85,35,0,0,0
2019-12-11 07:45,143,98,45,0,0,0
2019-12-11 08:00,133,105,28,0,0,0
2019-12-11 08:15,133,74,59,0,0,0
2019-12-11 08:30,97,65,32,0,0,0
2019-12-11 08:45,118,78,40,0,0,0
2019-12-11 09:00,84,66,18,0,0,0
2019-12-11 09:15,67,45,22,0,0,0
2019-12-11 09:30,85,54,31,0,0,0
2019-12-11 09:45,118,85,33,0,0,0
2019-12-11 10:00,97,63,34,0,0,0
2019-12-11 10:15,62,36,26,0,0,0
2019-12-11 10:30,70,40,30,0,0,0
2019-12-11 10:45,87,52,35,0,0,0
2019-12-11 11:00,75,44,31,0,0,0
2019-12-11 11:15,74,44,30,0,0,0
2019-12-11 11:30,62,28,34,0,0,0
2019-12-11 11:45,102,51,51,0,0,0
2019-12-11 12:00,100,48,52,0,0,0
2019-12-11 12:15,102,48,54,0,0,0
2019-12-11 12:30,110,33,77,0,0,0
2019-12-11 12:45,104,42,62,0,0,0
2019-12-11 13:00,96,36,60,0,0,0
2019-12-11 13:15,92,32,60,0,0,0
2019-12-11 13:30,112,42,70,0,0,0
2019-12-11 13:45,129,56,73,0,0,0
2019-12-11 14:00,135,46,89,0,0,0
2019-12-11 14:15,116,46,70,0,0,0
2019-12-11 14:30,112,40,72,0,0,0
2019-12-11 14:45,132,61,71,0,0,0
2019-12-11 15:00,135,55,80,0,0,0
2019-12-11 15:15,113,43,70,0,0,0
2019-12-11 15:30,111,44,67,0,0,0
2019-12-11 15:45,137,48,89,0,0,0
2019-12-11 16:00,154,59,95,0,0,0
2019-12-11 16:15,153,56,97,0,0,0
2019-12-11 16:30,164,61,103,0,0,0
2019-12-11 16:45,169,74,95,0,0,0
2019-12-11 17:00,159,67,92,0,0,0
2019-12-11 17:15,175,86,89,0,0,0
2019-12-11 17:30,206,77,129,0,0,0
2019-12-11 17:45,203,103,100,0,0,0
2019-12-11 18:00,189,93,96,0,0,0
2019-12-11 18:15,170,64,106,0,0,0
2019-12-11 18:30,144,66,78,0,0,0
2019-12-11 18:45,143,84,59,0,0,0
2019-12-11 19:00,139,41,98,0,0,0
2019-12-11 19:15,125,53,72,0,0,0
2019-12-11 19:30,114,40,74,0,0,0
2019-12-11 19:45,118,49,69,0,0,0
2019-12-11 20:00,100,33,67,0,0,0
2019-12-11 20:15,103,18,85,0,0,0
2019-12-11 20:30,83,37,46,0,0,0
2019-12-11 20:45,79,18,61,0,0,0
2019-12-11 21:00,53,15,38,0,0,0
2019-12-11 21:15,68,21,47,0,0,0
2019-12-11 21:30,73,16,57,0,0,0
2019-12-11 21:45,56,16,40,0,0,0
2019-12-11 22:00,45,5,40,0,0,0
2019-12-11 22:15,70,15,55,0,0,0
2019-12-11 22:30,40,12,28,0,0,0
2019-12-11 22:45,61,26,35,0,0,0
2019-12-11 23:00,36,7,29,0,0,0
2019-12-11 23:15,44,11,33,0,0,0
2019-12-11 23:30,20,5,15,0,0,0
2019-12-11 23:45,39,20,19,0,0,0
2019-12-12 00:00,25,9,16,0,0,0
2019-12-12 00:15,17,4,13,0,0,0
2019-12-12 00:30,21,3,18,0,0,0
2019-12-12 00:45,16,6,10,0,0,0
2019-12-12 01:00,8,3,5,0,0,0
2019-12-12 01:15,11,2,9,0,0,0
2019-12-12 01:30,9,0,9,0,0,0
2019-12-12 01:45,0,0,0,0,0,0
2019-12-12 02:00,9,0,9,0,0,0
2019-12-12 02:15,7,0,7,0,0,0
2019-12-12 02:30,7,1,6,0,0,0
2019-12-12 02:45,6,2,4,0,0,0
2019-12-12 03:00,4,1,3,0,0,0
2019-12-12 03:15,5,0,5,0,0,0
2019-12-12 03:30,8,0,8,0,0,0
2019-12-12 03:45,3,0,3,0,0,0
2019-12-12 04:00,3,0,3,0,0,0
2019-12-12 04:15,8,4,4,0,0,0
2019-12-12 04:30,0,0,0,0,0,0
2019-12-12 04:45,5,2,3,0,0,0
2019-12-12 05:00,6,5,1,0,0,0
2019-12-12 05:15,2,2,0,0,0,0
2019-12-12 05:30,15,10,5,0,0,0
2019-12-12 05:45,23,17,6,0,0,0
2019-12-12 06:00,18,12,6,0,0,0
2019-12-12 06:15,49,39,10,0,0,0
2019-12-12 06:30,42,27,15,0,0,0
2019-12-12 06:45,60,43,17,0,0,0
2019-12-12 07:00,54,40,14,0,0,0
2019-12-12 07:15,123,83,40,0,0,0
2019-12-12 07:30,130,91,39,0,0,0
2019-12-12 07:45,156,112,44,0,0,0
2019-12-12 08:00,137,100,37,0,0,0
2019-12-12 08:15,155,104,51,0,0,0
2019-12-12 08:30,147,102,45,0,0,0
2019-12-12 08:45,125,90,35,0,0,0
2019-12-12 09:00,123,90,33,0,0,0
2019-12-12 09:15,115,83,32,0,0,0
2019-12-12 09:30,119,87,32,0,0,0
2019-12-12 09:45,148,96,52,0,0,0
2019-12-12 10:00,132,94,38,0,0,0
2019-12-12 10:15,117,69,48,0,0,0
2019-12-12 10:30,105,63,42,0,0,0
2019-12-12 10:45,129,79,50,0,0,0
2019-12-12 11:00,108,57,51,0,0,0
2019-12-12 11:15,98,56,42,0,0,0
2019-12-12 11:30,130,62,68,0,0,0
2019-12-12 11:45,138,67,71,0,0,0
2019-12-12 12:00,169,76,93,0,0,0
2019-12-12 12:15,117,54,63,0,0,0
2019-12-12 12:30,171,69,102,0,0,0
2019-12-12 12:45,145,59,86,0,0,0
2019-12-12 13:00,142,60,82,0,0,0
2019-12-12 13:15,145,48,97,0,0,0
2019-12-12 13:30,144,70,74,0,0,0
2019-12-12 13:45,173,89,84,0,0,0
2019-12-12 14:00,154,63,91,0,0,0
2019-12-12 14:15,156,74,82,0,0,0
2019-12-12 14:30,152,80,72,0,0,0
2019-12-12 14:45,197,95,102,0,0,0
2019-12-12 15:00,152,63,89,0,0,0
2019-12-12 15:15,206,100,106,0,0,0
2019-12-12 15:30,187,92,95,0,0,0
2019-12-12 15:45,195,95,100,0,0,0
2019-12-12 16:00,232,112,120,0,0,0
2019-12-12 16:15,185,77,108,0,0,0
2019-12-12 16:30,180,74,106,0,0,0
2019-12-12 16:45,216,91,125,0,0,0
2019-12-12 17:00,212,97,115,0,0,0
2019-12-12 17:15,213,87,126,0,0,0
2019-12-12 17:30,207,77,130,0,0,0
2019-12-12 17:45,246,115,131,0,0,0
2019-12-12 18:00,201,91,110,0,0,0
2019-12-12 18:15,206,92,114,0,0,0
2019-12-12 18:30,201,82,119,0,0,0
2019-12-12 18:45,144,63,81,0,0,0
2019-12-12 19:00,141,52,89,0,0,0
2019-12-12 19:15,107,39,68,0,0,0
2019-12-12 19:30,130,49,81,0,0,0
2019-12-12 19:45,150,30,120,0,0,0
2019-12-12 20:00,118,26,92,0,0,0
2019-12-12 20:15,120,37,83,0,0,0
2019-12-12 20:30,82,11,71,0,0,0
2019-12-12 20:45,77,19,58,0,0,0
2019-12-12 21:00,88,19,69,0,0,0
2019-12-12 21:15,62,15,47,0,0,0
2019-12-12 21:30,75,18,57,0,0,0
2019-12-12 21:45,79,22,57,0,0,0
2019-12-12 22:00,92,22,70,0,0,0
2019-12-12 22:15,77,18,59,0,0,0
2019-12-12 22:30,72,20,52,0,0,0
2019-12-12 22:45,69,22,47,0,0,0
2019-12-12 23:00,60,17,43,0,0,0
2019-12-12 23:15,48,16,32,0,0,0
2019-12-12 23:30,35,9,26,0,0,0
2019-12-12 23:45,25,7,18,0,0,0
2019-12-13 00:00,29,9,20,0,0,0
2019-12-13 00:15,25,10,15,0,0,0
2019-12-13 00:30,16,8,8,0,0,0
2019-12-13 00:45,15,5,10,0,0,0
2019-12-13 01:00,20,8,12,0,0,0
2019-12-13 01:15,9,3,6,0,0,0
2019-12-13 01:30,7,1,6,0,0,0
2019-12-13 01:45,5,1,4,0,0,0
2019-12-13 02:00,3,2,1,0,0,0
2019-12-13 02:15,4,1,3,0,0,0
2019-12-13 02:30,8,1,7,0,0,0
2019-12-13 02:45,0,0,0,0,0,0
2019-12-13 03:00,2,0,2,0,0,0
2019-12-13 03:15,3,0,3,0,0,0
2019-12-13 03:30,3,0,3,0,0,0
2019-12-13 03:45,4,3,1,0,0,0
2019-12-13 04:00,2,0,2,0,0,0
2019-12-13 04:15,2,1,1,0,0,0
2019-12-13 04:30,3,2,1,0,0,0
2019-12-13 04:45,5,1,4,0,0,0
2019-12-13 05:00,5,3,2,0,0,0
2019-12-13 05:15,5,4,1,0,0,0
2019-12-13 05:30,10,8,2,0,0,0
2019-12-13 05:45,16,13,3,0,0,0
2019-12-13 06:00,24,15,9,0,0,0
2019-12-13 06:15,26,18,8,0,0,0
2019-12-13 06:30,31,21,10,0,0,0
2019-12-13 06:45,56,42,14,0,0,0
2019-12-13 07:00,62,39,23,0,0,0
2019-12-13 07:15,84,49,35,0,0,0
2019-12-13 07:30,130,92,38,0,0,0
2019-12-13 07:45,152,103,49,0,0,0
2019-12-13 08:00,101,73,28,0,0,0
2019-12-13 08:15,136,95,41,0,0,0
2019-12-13 08:30,125,89,36,0,0,0
2019-12-13 08:45,137,90,47,0,0,0
2019-12-13 09:00,90,70,20,0,0,0
2019-12-13 09:15,99,60,39,0,0,0
2019-12-13 09:30,93,60,33,0,0,0
2019-12-13 09:45,121,84,37,0,0,0
2019-12-13 10:00,105,72,33,0,0,0
2019-12-13 10:15,87,56,31,0,0,0
2019-12-13 10:30,69,43,26,0,0,0
2019-12-13 10:45,103,56,47,0,0,0
2019-12-13 11:00,91,46,45,0,0,0
2019-12-13 11:15,96,48,48,0,0,0
2019-12-13 11:30,107,57,50,0,0,0
2019-12-13 11:45,105,47,58,0,0,0
2019-12-13 12:00,114,57,57,0,0,0
2019-12-13 12:15,120,46,74,0,0,0
2019-12-13 12:30,142,63,79,0,0,0
2019-12-13 12:45,147,55,92,0,0,0
2019-12-13 13:00,132,68,64,0,0,0
2019-12-13 13:15,151,55,96,0,0,0
2019-12-13 13:30,152,49,103,0,0,0
2019-12-13 13:45,146,64,82,0,0,0
2019-12-13 14:00,168,64,104,0,0,0
2019-12-13 14:15,141,53,88,0,0,0
2019-12-13 14:30,131,50,81,0,0,0
2019-12-13 14:45,137,60,77,0,0,0
2019-12-13 15:00,170,70,100,0,0,0
2019-12-13 15:15,150,65,85,0,0,0
2019-12-13 15:30,150,78,72,0,0,0
2019-12-13 15:45,165,82,83,0,0,0
2019-12-13 16:00,154,56,98,0,0,0
2019-12-13 16:15,142,55,87,0,0,0
2019-12-13 16:30,138,59,79,0,0,0
2019-12-13 16:45,139,57,82,0,0,0
2019-12-13 17:00,151,65,86,0,0,0
2019-12-13 17:15,122,43,79,0,0,0
2019-12-13 17:30,116,43,73,0,0,0
2019-12-13 17:45,128,64,64,0,0,0
2019-12-13 18:00,146,58,88,0,0,0
2019-12-13 18:15,140,36,104,0,0,0
2019-12-13 18:30,109,37,72,0,0,0
2019-12-13 18:45,112,41,71,0,0,0
2019-12-13 19:00,111,41,70,0,0,0
2019-12-13 19:15,115,48,67,0,0,0
2019-12-13 19:30,94,38,56,0,0,0
2019-12-13 19:45,90,38,52,0,0,0
2019-12-13 20:00,109,35,74,0,0,0
2019-12-13 20:15,74,32,42,0,0,0
2019-12-13 20:30,60,19,41,0,0,0
2019-12-13 20:45,47,20,27,0,0,0
2019-12-13 21:00,85,42,43,0,0,0
2019-12-13 21:15,84,37,47,0,0,0
2019-12-13 21:30,68,26,42,0,0,0
2019-12-13 21:45,51,20,31,0,0,0
2019-12-13 22:00,39,11,28,0,0,0
2019-12-13 22:15,55,22,33,0,0,0
2019-12-13 22:30,58,27,31,0,0,0
2019-12-13 22:45,57,20,37,0,0,0
2019-12-13 23:00,71,38,33,0,0,0
2019-12-13 23:15,58,24,34,0,0,0
2019-12-13 23:30,48,7,41,0,0,0
2019-12-13 23:45,56,17,39,0,0,0
2019-12-14 00:00,74,24,50,0,0,0
2019-12-14 00:15,50,18,32,0,0,0
2019-12-14 00:30,41,15,26,0,0,0
2019-12-14 00:45,44,13,31,0,0,0
2019-12-14 01:00,43,25,18,0,0,0
2019-12-14 01:15,40,20,20,0,0,0
2019-12-14 01:30,25,7,18,0,0,0
2019-12-14 01:45,29,8,21,0,0,0
2019-12-14 02:00,21,8,13,0,0,0
2019-12-14 02:15,19,10,9,0,0,0
2019-12-14 02:30,15,6,9,0,0,0
2019-12-14 02:45,18,6,12,0,0,0
2019-12-14 03:00,11,4,7,0,0,0
2019-12-14 03:15,14,3,11,0,0,0
2019-12-14 03:30,11,3,8,0,0,0
2019-12-14 03:45,13,2,11,0,0,0
2019-12-14 04:00,9,5,4,0,0,0
2019-12-14 04:15,14,2,12,0,0,0
2019-12-14 04:30,4,0,4,0,0,0
2019-12-14 04:45,10,0,10,0,0,0
2019-12-14 05:00,6,1,5,0,0,0
2019-12-14 05:15,4,1,3,0,0,0
2019-12-14 05:30,8,3,5,0,0,0
2019-12-14 05:45,9,6,3,0,0,0
2019-12-14 06:00,14,6,8,0,0,0
2019-12-14 06:15,0,0,0,0,0,0
2019-12-14 06:30,6,3,3,0,0,0
2019-12-14 06:45,2,2,0,0,0,0
2019-12-14 07:00,7,5,2,0,0,0
2019-12-14 07:15,9,5,4,0,0,0
2019-12-14 07:30,13,6,7,0,0,0
2019-12-14 07:45,27,16,11,0,0,0
2019-12-14 08:00,16,8,8,0,0,0
2019-12-14 08:15,10,8,2,0,0,0
2019-12-14 08:30,26,16,10,0,0,0
2019-12-14 08:45,57,36,21,0,0,0
2019-12-14 09:00,47,38,9,0,0,0
2019-12-14 09:15,69,51,18,0,0,0
2019-12-14 09:30,73,52,21,0,0,0
2019-12-14 09:45,97,69,28,0,0,0
2019-12-14 10:00,94,66,28,0,0,0
2019-12-14 10:15,104,76,28,0,0,0
2019-12-14 10:30,103,60,43,0,0,0
2019-12-14 10:45,113,77,36,0,0,0
2019-12-14 11:00,129,84,45,0,0,0
2019-12-14 11:15,123,73,50,0,0,0
2019-12-14 11:30,127,72,55,0,0,0
2019-12-14 11:45,131,82,49,0,0,0
2019-12-14 12:00,164,87,77,0,0,0
2019-12-14 12:15,136,67,69,0,0,0
2019-12-14 12:30,116,57,59,0,0,0
2019-12-14 12:45,164,89,75,0,0,0
2019-12-14 13:00,136,55,81,0,0,0
2019-12-14 13:15,152,70,82,0,0,0
2019-12-14 13:30,128,66,62,0,0,0
2019-12-14 13:45,150,68,82,0,0,0
2019-12-14 14:00,158,77,81,0,0,0
2019-12-14 14:15,165,73,92,0,0,0
2019-12-14 14:30,120,47,73,0,0,0
2019-12-14 14:45,152,73,79,0,0,0
2019-12-14 15:00,143,52,91,0,0,0
2019-12-14 15:15,162,61,101,0,0,0
2019-12-14 15:30,142,58,84,0,0,0
2019-12-14 15:45,105,52,53,0,0,0
2019-12-14 16:00,99,42,57,0,0,0
2019-12-14 16:15,79,25,54,0,0,0
2019-12-14 16:30,78,32,46,0,0,0
2019-12-14 16:45,99,39,60,0,0,0
2019-12-14 17:00,91,45,46,0,0,0
2019-12-14 17:15,95,44,51,0,0,0
2019-12-14 17:30,92,43,49,0,0,0
2019-12-14 17:45,131,85,46,0,0,0
2019-12-14 18:00,118,54,64,0,0,0
2019-12-14 18:15,89,35,54,0,0,0
2019-12-14 18:30,80,37,43,0,0,0
2019-12-14 18:45,78,36,42,0,0,0
2019-12-14 19:00,75,30,45,0,0,0
2019-12-14 19:15,78,36,42,0,0,0
2019-12-14 19:30,65,23,42,0,0,0
2019-12-14 19:45,89,30,59,0,0,0
2019-12-14 20:00,78,18,60,0,0,0
2019-12-14 20:15,47,20,27,0,0,0
2019-12-14 20:30,53,16,37,0,0,0
2019-12-14 20:45,53,24,29,0,0,0
2019-12-14 21:00,46,15,31,0,0,0
2019-12-14 21:15,31,7,24,0,0,0
2019-12-14 21:30,48,15,33,0,0,0
2019-12-14 21:45,77,51,26,0,0,0
2019-12-14 22:00,65,33,32,0,0,0
2019-12-14 22:15,46,27,19,0,0,0
2019-12-14 22:30,35,14,21,0,0,0
2019-12-14 22:45,31,7,24,0,0,0
2019-12-14 23:00,27,5,22,0,0,0
2019-12-14 23:15,23,9,14,0,0,0
2019-12-14 23:30,36,11,25,0,0,0
2019-12-14 23:45,34,18,16,0,0,0
2019-12-15 00:00,39,15,24,0,0,0
2019-12-15 00:15,24,8,16,0,0,0
2019-12-15 00:30,27,13,14,0,0,0
2019-12-15 00:45,31,6,25,0,0,0
2019-12-15 01:00,26,12,14,0,0,0
2019-12-15 01:15,24,7,17,0,0,0
2019-12-15 01:30,29,11,18,0,0,0
2019-12-15 01:45,32,11,21,0,0,0
2019-12-15 02:00,17,2,15,0,0,0
2019-12-15 02:15,12,6,6,0,0,0
2019-12-15 02:30,17,8,9,0,0,0
2019-12-15 02:45,15,4,11,0,0,0
2019-12-15 03:00,13,5,8,0,0,0
2019-12-15 03:15,13,5,8,0,0,0
2019-12-15 03:30,9,1,8,0,0,0
2019-12-15 03:45,17,5,12,0,0,0
2019-12-15 04:00,5,1,4,0,0,0
2019-12-15 04:15,8,0,8,0,0,0
2019-12-15 04:30,6,3,3,0,0,0
2019-12-15 04:45,6,0,6,0,0,0
2019-12-15 05:00,3,2,1,0,0,0
2019-12-15 05:15,4,1,3,0,0,0
2019-12-15 05:30,6,2,4,0,0,0
2019-12-15 05:45,6,4,2,0,0,0
2019-12-15 06:00,2,2,0,0,0,0
2019-12-15 06:15,7,5,2,0,0,0
2019-12-15 06:30,5,0,5,0,0,0
2019-12-15 06:45,6,2,4,0,0,0
2019-12-15 07:00,2,1,1,0,0,0
2019-12-15 07:15,3,3,0,0,0,0
2019-12-15 07:30,4,2,2,0,0,0
2019-12-15 07:45,6,4,2,0,0,0
2019-12-15 08:00,4,3,1,0,0,0
2019-12-15 08:15,1,0,1,0,0,0
2019-12-15 08:30,7,3,4,0,0,0
2019-12-15 08:45,9,3,6,0,0,0
2019-12-15 09:00,12,7,5,0,0,0
2019-12-15 09:15,23,14,9,0,0,0
2019-12-15 09:30,21,16,5,0,0,0
2019-12-15 09:45,51,32,19,0,0,0
2019-12-15 10:00,28,17,11,0,0,0
2019-12-15 10:15,24,17,7,0,0,0
2019-12-15 10:30,22,13,9,0,0,0
2019-12-15 10:45,31,22,9,0,0,0
2019-12-15 11:00,34,20,14,0,0,0
2019-12-15 11:15,32,20,12,0,0,0
2019-12-15 11:30,41,26,15,0,0,0
2019-12-15 11:45,43,31,12,0,0,0
2019-12-15 12:00,34,17,17,0,0,0
2019-12-15 12:15,48,27,21,0,0,0
2019-12-15 12:30,44,29,15,0,0,0
2019-12-15 12:45,60,38,22,0,0,0
2019-12-15 13:00,60,30,30,0,0,0
2019-12-15 13:15,62,28,34,0,0,0
2019-12-15 13:30,50,26,24,0,0,0
2019-12-15 13:45,99,51,48,0,0,0
2019-12-15 14:00,86,35,51,0,0,0
2019-12-15 14:15,90,47,43,0,0,0
2019-12-15 14:30,50,27,23,0,0,0
2019-12-15 14:45,76,44,32,0,0,0
2019-12-15 15:00,91,55,36,0,0,0
2019-12-15 15:15,77,39,38,0,0,0
2019-12-15 15:30,61,37,24,0,0,0
2019-12-15 15:45,79,41,38,0,0,0
2019-12-15 16:00,76,41,35,0,0,0
2019-12-15 16:15,63,28,35,0,0,0
2019-12-15 16:30,86,39,47,0,0,0
2019-12-15 16:45,60,27,33,0,0,0
2019-12-15 17:00,47,23,24,0,0,0
2019-12-15 17:15,80,39,41,0,0,0
2019-12-15 17:30,74,26,48,0,0,0
2019-12-15 17:45,78,29,49,0,0,0
2019-12-15 18:00,87,29,58,0,0,0
2019-12-15 18:15,77,22,55,0,0,0
2019-12-15 18:30,67,30,37,0,0,0
2019-12-15 18:45,78,32,46,0,0,0
2019-12-15 19:00,51,18,33,0,0,0
2019-12-15 19:15,60,22,38,0,0,0
2019-12-15 19:30,59,20,39,0,0,0
2019-12-15 19:45,63,16,47,0,0,0
2019-12-15 20:00,46,13,33,0,0,0
2019-12-15 20:15,39,7,32,0,0,0
2019-12-15 20:30,43,18,25,0,0,0
2019-12-15 20:45,32,14,18,0,0,0
2019-12-15 21:00,32,5,27,0,0,0
2019-12-15 21:15,20,5,15,0,0,0
2019-12-15 21:30,31,11,20,0,0,0
2019-12-15 21:45,34,17,17,0,0,0
2019-12-15 22:00,28,5,23,0,0,0
2019-12-15 22:15,34,11,23,0,0,0
2019-12-15 22:30,14,4,10,0,0,0
2019-12-15 22:45,19,4,15,0,0,0
2019-12-15 23:00,16,7,9,0,0,0
2019-12-15 23:15,9,4,5,0,0,0
2019-12-15 23:30,10,1,9,0,0,0
2019-12-15 23:45,3,0,3,0,0,0
2019-12-16 00:00,7,3,4,0,0,0
2019-12-16 00:15,2,0,2,0,0,0
2019-12-16 00:30,2,0,2,0,0,0
2019-12-16 00:45,4,0,4,0,0,0
2019-12-16 01:00,3,1,2,0,0,0
2019-12-16 01:15,2,0,2,0,0,0
2019-12-16 01:30,4,3,1,0,0,0
2019-12-16 01:45,2,0,2,0,0,0
2019-12-16 02:00,1,0,1,0,0,0
2019-12-16 02:15,0,0,0,0,0,0
2019-12-16 02:30,1,1,0,0,0,0
2019-12-16 02:45,3,0,3,0,0,0
2019-12-16 03:00,0,0,0,0,0,0
2019-12-16 03:15,2,0,2,0,0,0
2019-12-16 03:30,1,1,0,0,0,0
2019-12-16 03:45,0,0,0,0,0,0
2019-12-16 04:00,5,1,4,0,0,0
2019-12-16 04:15,2,1,1,0,0,0
2019-12-16 04:30,0,0,0,0,0,0
2019-12-16 04:45,3,2,1,0,0,0
2019-12-16 05:00,2,1,1,0,0,0
2019-12-16 05:15,7,5,2,0,0,0
2019-12-16 05:30,11,8,3,0,0,0
2019-12-16 05:45,20,16,4,0,0,0
2019-12-16 06:00,20,11,9,0,0,0
2019-12-16 06:15,35,34,1,0,0,0
2019-12-16 06:30,38,21,17,0,0,0
2019-12-16 06:45,59,45,14,0,0,0
2019-12-16 07:00,68,42,26,0,0,0
2019-12-16 07:15,97,73,24,0,0,0
2019-12-16 07:30,122,73,49,0,0,0
2019-12-16 07:45,143,104,39,0,0,0
2019-12-16 08:00,116,75,41,0,0,0
2019-12-16 08:15,142,86,56,0,0,0
2019-12-16 08:30,118,84,34,0,0,0
2019-12-16 08:45,146,105,41,0,0,0
2019-12-16 09:00,106,75,31,0,0,0
2019-12-16 09:15,100,68,32,0,0,0
2019-12-16 09:30,91,70,21,0,0,0
2019-12-16 09:45,148,100,48,0,0,0
2019-12-16 10:00,117,75,42,0,0,0
2019-12-16 10:15,123,78,45,0,0,0
2019-12-16 10:30,105,59,46,0,0,0
2019-12-16 10:45,107,60,47,0,0,0
2019-12-16 11:00,122,54,68,0,0,0
2019-12-16 11:15,113,55,58,0,0,0
2019-12-16 11:30,144,75,69,0,0,0
2019-12-16 11:45,140,71,69,0,0,0
2019-12-16 12:00,126,59,67,0,0,0
2019-12-16 12:15,118,41,77,0,0,0
2019-12-16 12:30,161,78,83,0,0,0
2019-12-16 12:45,133,62,71,0,0,0
2019-12-16 13:00,135,64,71,0,0,0
2019-12-16 13:15,139,41,98,0,0,0
2019-12-16 13:30,160,55,105,0,0,0
2019-12-16 13:45,175,84,91,0,0,0
2019-12-16 14:00,171,69,102,0,0,0
2019-12-16 14:15,130,55,75,0,0,0
2019-12-16 14:30,152,67,85,0,0,0
2019-12-16 14:45,162,79,83,0,0,0
2019-12-16 15:00,162,59,103,0,0,0
2019-12-16 15:15,160,77,83,0,0,0
2019-12-16 15:30,188,75,113,0,0,0
2019-12-16 15:45,182,62,120,0,0,0
2019-12-16 16:00,196,83,113,0,0,0
2019-12-16 16:15,192,77,115,0,0,0
2019-12-16 16:30,227,85,142,0,0,0
2019-12-16 16:45,214,98,116,0,0,0
2019-12-16 17:00,216,93,123,0,0,0
2019-12-16 17:15,199,82,117,0,0,0
2019-12-16 17:30,222,94,128,0,0,0
2019-12-16 17:45,265,111,154,0,0,0
2019-12-16 18:00,246,94,152,0,0,0
2019-12-16 18:15,192,77,115,0,0,0
2019-12-16 18:30,183,72,111,0,0,0
2019-12-16 18:45,169,69,100,0,0,0
2019-12-16 19:00,151,56,95,0,0,0
2019-12-16 19:15,137,43,94,0,0,0
2019-12-16 19:30,108,23,85,0,0,0
2019-12-16 19:45,145,35,110,0,0,0
2019-12-16 20:00,136,28,108,0,0,0
2019-12-16 20:15,117,29,88,0,0,0
2019-12-16 20:30,68,14,54,0,0,0
2019-12-16 20:45,74,22,52,0,0,0
2019-12-16 21:00,66,15,51,0,0,0
2019-12-16 21:15,64,14,50,0,0,0
2019-12-16 21:30,69,12,57,0,0,0
2019-12-16 21:45,57,23,34,0,0,0
2019-12-16 22:00,63,17,46,0,0,0
2019-12-16 22:15,49,18,31,0,0,0
2019-12-16 22:30,52,12,40,0,0,0
2019-12-16 22:45,43,10,33,0,0,0
2019-12-16 23:00,27,11,16,0,0,0
2019-12-16 23:15,27,7,20,0,0,0
2019-12-16 23:30,21,6,15,0,0,0
2019-12-16 23:45,31,12,19,0,0,0
2019-12-17 00:00,12,3,9,0,0,0
2019-12-17 00:15,18,7,11,0,0,0
2019-12-17 00:30,9,1,8,0,0,0
2019-12-17 00:45,9,2,7,0,0,0
2019-12-17 01:00,6,0,6,0,0,0
2019-12-17 01:15,8,3,5,0,0,0
2019-12-17 01:30,14,1,13,0,0,0
2019-12-17 01:45,6,3,3,0,0,0
2019-12-17 02:00,3,1,2,0,0,0
2019-12-17 02:15,3,0,3,0,0,0
2019-12-17 02:30,4,0,4,0,0,0
2019-12-17 02:45,2,1,1,0,0,0
2019-12-17 03:00,3,1,2,0,0,0
2019-12-17 03:15,1,0,1,0,0,0
2019-12-17 03:30,0,0,0,0,0,0
2019-12-17 03:45,0,0,0,0,0,0
2019-12-17 04:00,0,0,0,0,0,0
2019-12-17 04:15,2,1,1,0,0,0
2019-12-17 04:30,8,5,3,0,0,0
2019-12-17 04:45,8,6,2,0,0,0
2019-12-17 05:00,2,2,0,0,0,0
2019-12-17 05:15,6,4,2,0,0,0
2019-12-17 05:30,10,10,0,0,0,0
2019-12-17 05:45,18,16,2,0,0,0
2019-12-17 06:00,28,17,11,0,0,0
2019-12-17 06:15,34,31,3,0,0,0
2019-12-17 06:30,41,33,8,0,0,0
2019-12-17 06:45,67,44,23,0,0,0
2019-12-17 07:00,79,55,24,0,0,0
2019-12-17 07:15,109,73,36,0,0,0
2019-12-17 07:30,127,82,45,0,0,0
2019-12-17 07:45,174,121,53,0,0,0
2019-12-17 08:00,150,111,39,0,0,0
2019-12-17 08:15,143,97,46,0,0,0
2019-12-17 08:30,125,91,34,0,0,0
2019-12-17 08:45,149,109,40,0,0,0
2019-12-17 09:00,114,83,31,0,0,0
2019-12-17 09:15,96,64,32,0,0,0
2019-12-17 09:30,113,82,31,0,0,0
2019-12-17 09:45,148,100,48,0,0,0
2019-12-17 10:00,165,113,52,0,0,0
2019-12-17 10:15,111,69,42,0,0,0
2019-12-17 10:30,137,92,45,0,0,0
2019-12-17 10:45,140,74,66,0,0,0
2019-12-17 11:00,145,80,65,0,0,0
2019-12-17 11:15,148,73,75,0,0,0
2019-12-17 11:30,130,71,59,0,0,0
2019-12-17 11:45,159,83,76,0,0,0
2019-12-17 12:00,173,74,99,0,0,0
2019-12-17 12:15,161,70,91,0,0,0
2019-12-17 12:30,147,71,76,0,0,0
2019-12-17 12:45,161,68,93,0,0,0
2019-12-17 13:00,161,62,99,0,0,0
2019-12-17 13:15,166,73,93,0,0,0
2019-12-17 13:30,145,44,101,0,0,0
2019-12-17 13:45,184,78,106,0,0,0
2019-12-17 14:00,180,81,99,0,0,0
2019-12-17 14:15,158,66,92,0,0,0
2019-12-17 14:30,168,70,98,0,0,0
2019-12-17 14:45,177,86,91,0,0,0
2019-12-17 15:00,193,72,121,0,0,0
2019-12-17 15:15,174,88,86,0,0,0
2019-12-17 15:30,192,101,91,0,0,0
2019-12-17 15:45,236,99,137,0,0,0
2019-12-17 16:00,235,96,139,0,0,0
2019-12-17 16:15,259,121,138,0,0,0
2019-12-17 16:30,253,109,144,0,0,0
2019-12-17 16:45,233,112,121,0,0,0
2019-12-17 17:00,225,91,134,0,0,0
2019-12-17 17:15,278,126,152,0,0,0
2019-12-17 17:30,225,92,133,0,0,0
2019-12-17 17:45,279,134,145,0,0,0
2019-12-17 18:00,264,99,165,0,0,0
2019-12-17 18:15,217,91,126,0,0,0
2019-12-17 18:30,220,96,124,0,0,0
2019-12-17 18:45,190,79,111,0,0,0
2019-12-17 19:00,166,66,100,0,0,0
2019-12-17 19:15,172,59,113,0,0,0
2019-12-17 19:30,136,36,100,0,0,0
2019-12-17 19:45,153,48,105,0,0,0
2019-12-17 20:00,152,24,128,0,0,0
2019-12-17 20:15,131,29,102,0,0,0
2019-12-17 20:30,72,17,55,0,0,0
2019-12-17 20:45,62,13,49,0,0,0
2019-12-17 21:00,71,13,58,0,0,0
2019-12-17 21:15,62,19,43,0,0,0
2019-12-17 21:30,75,14,61,0,0,0
2019-12-17 21:45,60,22,38,0,0,0
2019-12-17 22:00,62,17,45,0,0,0
2019-12-17 22:15,68,10,58,0,0,0
2019-12-17 22:30,79,20,59,0,0,0
2019-12-17 22:45,32,13,19,0,0,0
2019-12-17 23:00,42,12,30,0,0,0
2019-12-17 23:15,34,11,23,0,0,0
2019-12-17 23:30,39,17,22,0,0,0
2019-12-17 23:45,30,10,20,0,0,0
2019-12-18 00:00,20,8,12,0,0,0
2019-12-18 00:15,20,9,11,0,0,0
2019-12-18 00:30,12,7,5,0,0,0
2019-12-18 00:45,5,0,5,0,0,0
2019-12-18 01:00,5,1,4,0,0,0
2019-12-18 01:15,16,4,12,0,0,0
2019-12-18 01:30,3,1,2,0,0,0
2019-12-18 01:45,4,2,2,0,0,0
2019-12-18 02:00,1,0,1,0,0,0
2019-12-18 02:15,3,1,2,0,0,0
2019-12-18 02:30,1,0,1,0,0,0
2019-12-18 02:45,5,1,4,0,0,0
2019-12-18 03:00,3,0,3,0,0,0
2019-12-18 03:15,5,1,4,0,0,0
2019-12-18 03:30,1,0,1,0,0,0
2019-12-18 03:45,1,0,1,0,0,0
2019-12-18 04:00,0,0,0,0,0,0
2019-12-18 04:15,3,1,2,0,0,0
2019-12-18 04:30,0,0,0,0,0,0
2019-12-18 04:45,5,4,1,0,0,0
2019-12-18 05:00,0,0,0,0,0,0
2019-12-18 05:15,4,4,0,0,0,0
2019-12-18 05:30,16,11,5,0,0,0
2019-12-18 05:45,19,18,1,0,0,0
2019-12-18 06:00,20,14,6,0,0,0
2019-12-18 06:15,37,31,6,0,0,0
2019-12-18 06:30,47,30,17,0,0,0
2019-12-18 06:45,71,45,26,0,0,0
2019-12-18 07:00,67,48,19,0,0,0
2019-12-18 07:15,124,89,35,0,0,0
2019-12-18 07:30,133,94,39,0,0,0
2019-12-18 07:45,164,122,42,0,0,0
2019-12-18 08:00,156,112,44,0,0,0
2019-12-18 08:15,172,119,53,0,0,0
2019-12-18 08:30,124,87,37,0,0,0
2019-12-18 08:45,162,123,39,0,0,0
2019-12-18 09:00,110,80,30,0,0,0
2019-12-18 09:15,129,80,49,0,0,0
2019-12-18 09:30,126,92,34,0,0,0
2019-12-18 09:45,159,113,46,0,0,0
2019-12-18 10:00,154,101,53,0,0,0
2019-12-18 10:15,145,94,51,0,0,0
2019-12-18 10:30,130,78,52,0,0,0
2019-12-18 10:45,181,118,63,0,0,0
2019-12-18 11:00,144,73,71,0,0,0
2019-12-18 11:15,163,96,67,0,0,0
2019-12-18 11:30,156,74,82,0,0,0
2019-12-18 11:45,198,119,79,0,0,0
2019-12-18 12:00,173,74,99,0,0,0
2019-12-18 12:15,183,95,88,0,0,0
2019-12-18 12:30,164,67,97,0,0,0
2019-12-18 12:45,227,86,141,0,0,0
2019-12-18 13:00,141,66,75,0,0,0
2019-12-18 13:15,204,76,128,0,0,0
2019-12-18 13:30,179,86,93,0,0,0
2019-12-18 13:45,176,76,100,0,0,0
2019-12-18 14:00,186,84,102,0,0,0
2019-12-18 14:15,173,78,95,0,0,0
2019-12-18 14:30,171,74,97,0,0,0
2019-12-18 14:45,197,88,109,0,0,0
2019-12-18 15:00,172,57,115,0,0,0
2019-12-18 15:15,171,69,102,0,0,0
2019-12-18 15:30,242,89,153,0,0,0
2019-12-18 15:45,225,103,122,0,0,0
2019-12-18 16:00,190,80,110,0,0,0
2019-12-18 16:15,245,117,128,0,0,0
2019-12-18 16:30,238,100,138,0,0,0
2019-12-18 16:45,226,119,107,0,0,0
2019-12-18 17:00,256,134,122,0,0,0
2019-12-18 17:15,242,116,126,0,0,0
2019-12-18 17:30,248,103,145,0,0,0
2019-12-18 17:45,259,125,134,0,0,0
2019-12-18 18:00,222,107,115,0,0,0
2019-12-18 18:15,243,115,128,0,0,0
2019-12-18 18:30,194,84,110,0,0,0
2019-12-18 18:45,205,107,98,0,0,0
2019-12-18 19:00,161,70,91,0,0,0
2019-12-18 19:15,176,65,111,0,0,0
2019-12-18 19:30,147,58,89,0,0,0
2019-12-18 19:45,167,48,119,0,0,0
2019-12-18 20:00,191,48,143,0,0,0
2019-12-18 20:15,206,40,166,0,0,0
2019-12-18 20:30,118,38,80,0,0,0
2019-12-18 20:45,82,27,55,0,0,0
2019-12-18 21:00,79,28,51,0,0,0
2019-12-18 21:15,91,26,65,0,0,0
2019-12-18 21:30,103,25,78,0,0,0
2019-12-18 21:45,55,12,43,0,0,0
2019-12-18 22:00,93,26,67,0,0,0
2019-12-18 22:15,80,22,58,0,0,0
2019-12-18 22:30,65,23,42,0,0,0
2019-12-18 22:45,59,11,48,0,0,0
2019-12-18 23:00,53,9,44,0,0,0
2019-12-18 23:15,35,11,24,0,0,0
2019-12-18 23:30,47,13,34,0,0,0
2019-12-18 23:45,47,17,30,0,0,0
2019-12-19 00:00,33,18,15,0,0,0
2019-12-19 00:15,37,7,30,0,0,0
2019-12-19 00:30,17,12,5,0,0,0
2019-12-19 00:45,23,7,16,0,0,0
2019-12-19 01:00,19,3,16,0,0,0
2019-12-19 01:15,12,2,10,0,0,0
2019-12-19 01:30,22,5,17,0,0,0
2019-12-19 01:45,15,3,12,0,0,0
2019-12-19 02:00,6,0,6,0,0,0
2019-12-19 02:15,14,9,5,0,0,0
2019-12-19 02:30,8,0,8,0,0,0
2019-12-19 02:45,6,2,4,0,0,0
2019-12-19 03:00,8,1,7,0,0,0
2019-12-19 03:15,5,2,3,0,0,0
2019-12-19 03:30,4,0,4,0,0,0
2019-12-19 03:45,5,3,2,0,0,0
2019-12-19 04:00,4,0,4,0,0,0
2019-12-19 04:15,7,3,4,0,0,0
2019-12-19 04:30,10,3,7,0,0,0
2019-12-19 04:45,6,3,3,0,0,0
2019-12-19 05:00,3,2,1,0,0,0
2019-12-19 05:15,9,5,4,0,0,0
2019-12-19 05:30,16,11,5,0,0,0
2019-12-19 05:45,25,17,8,0,0,0
2019-12-19 06:00,24,15,9,0,0,0
2019-12-19 06:15,36,33,3,0,0,0
2019-12-19 06:30,33,29,4,0,0,0
2019-12-19 06:45,68,46,22,0,0,0
2019-12-19 07:00,71,51,20,0,0,0
2019-12-19 07:15,117,83,34,0,0,0
2019-12-19 07:30,133,76,57,0,0,0
2019-12-19 07:45,144,98,46,0,0,0
2019-12-19 08:00,142,108,34,0,0,0
2019-12-19 08:15,151,90,61,0,0,0
2019-12-19 08:30,120,88,32,0,0,0
2019-12-19 08:45,167,114,53,0,0,0
2019-12-19 09:00,107,68,39,0,0,0
2019-12-19 09:15,118,79,39,0,0,0
2019-12-19 09:30,115,75,40,0,0,0
2019-12-19 09:45,164,115,49,0,0,0
2019-12-19 10:00,138,88,50,0,0,0
2019-12-19 10:15,118,61,57,0,0,0
2019-12-19 10:30,118,71,47,0,0,0
2019-12-19 10:45,151,91,60,0,0,0
2019-12-19 11:00,131,80,51,0,0,0
2019-12-19 11:15,159,82,77,0,0,0
2019-12-19 11:30,167,79,88,0,0,0
2019-12-19 11:45,205,103,102,0,0,0
2019-12-19 12:00,197,96,101,0,0,0
2019-12-19 12:15,169,75,94,0,0,0
2019-12-19 12:30,214,84,130,0,0,0
2019-12-19 12:45,196,102,94,0,0,0
2019-12-19 13:00,195,68,127,0,0,0
2019-12-19 13:15,193,81,112,0,0,0
2019-12-19 13:30,178,78,100,0,0,0
2019-12-19 13:45,213,95,118,0,0,0
2019-12-19 14:00,190,76,114,0,0,0
2019-12-19 14:15,203,86,117,0,0,0
2019-12-19 14:30,155,69,86,0,0,0
2019-12-19 14:45,213,108,105,0,0,0
2019-12-19 15:00,201,100,101,0,0,0
2019-12-19 15:15,214,100,114,0,0,0
2019-12-19 15:30,225,92,133,0,0,0
2019-12-19 15:45,248,105,143,0,0,0
2019-12-19 16:00,235,90,145,0,0,0
2019-12-19 16:15,244,124,120,0,0,0
2019-12-19 16:30,235,95,140,0,0,0
2019-12-19 16:45,265,132,133,0,0,0
2019-12-19 17:00,224,100,124,0,0,0
2019-12-19 17:15,228,108,120,0,0,0
2019-12-19 17:30,229,113,116,0,0,0
2019-12-19 17:45,253,121,132,0,0,0
2019-12-19 18:00,234,107,127,0,0,0
2019-12-19 18:15,214,101,113,0,0,0
2019-12-19 18:30,234,108,126,0,0,0
2019-12-19 18:45,206,88,118,0,0,0
2019-12-19 19:00,173,73,100,0,0,0
2019-12-19 19:15,181,65,116,0,0,0
2019-12-19 19:30,161,55,106,0,0,0
2019-12-19 19:45,137,43,94,0,0,0
2019-12-19 20:00,169,39,130,0,0,0
2019-12-19 20:15,154,28,126,0,0,0
2019-12-19 20:30,100,33,67,0,0,0
2019-12-19 20:45,73,20,53,0,0,0
2019-12-19 21:00,78,18,60,0,0,0
2019-12-19 21:15,84,32,52,0,0,0
2019-12-19 21:30,86,19,67,0,0,0
2019-12-19 21:45,80,17,63,0,0,0
2019-12-19 22:00,82,19,63,0,0,0
2019-12-19 22:15,95,21,74,0,0,0
2019-12-19 22:30,64,12,52,0,0,0
2019-12-19 22:45,64,18,46,0,0,0
2019-12-19 23:00,53,16,37,0,0,0
2019-12-19 23:15,57,13,44,0,0,0
2019-12-19 23:30,40,8,32,0,0,0
2019-12-19 23:45,52,13,39,0,0,0
2019-12-20 00:00,26,7,19,0,0,0
2019-12-20 00:15,44,7,37,0,0,0
2019-12-20 00:30,18,7,11,0,0,0
2019-12-20 00:45,14,3,11,0,0,0
2019-12-20 01:00,12,3,9,0,0,0
2019-12-20 01:15,24,12,12,0,0,0
2019-12-20 01:30,19,6,13,0,0,0
2019-12-20 01:45,14,0,14,0,0,0
2019-12-20 02:00,15,4,11,0,0,0
2019-12-20 02:15,14,1,13,0,0,0
2019-12-20 02:30,13,4,9,0,0,0
2019-12-20 02:45,8,3,5,0,0,0
2019-12-20 03:00,3,0,3,0,0,0
2019-12-20 03:15,1,1,0,0,0,0
2019-12-20 03:30,5,2,3,0,0,0
2019-12-20 03:45,4,1,3,0,0,0
2019-12-20 04:00,4,0,4,0,0,0
2019-12-20 04:15,4,2,2,0,0,0
2019-12-20 04:30,3,2,1,0,0,0
2019-12-20 04:45,4,4,0,0,0,0
2019-12-20 05:00,4,2,2,0,0,0
2019-12-20 05:15,9,5,4,0,0,0
2019-12-20 05:30,10,10,0,0,0,0
2019-12-20 05:45,16,13,3,0,0,0
2019-12-20 06:00,21,12,9,0,0,0
2019-12-20 06:15,26,23,3,0,0,0
2019-12-20 06:30,46,34,12,0,0,0
2019-12-20 06:45,53,34,19,0,0,0
2019-12-20 07:00,63,42,21,0,0,0
2019-12-20 07:15,90,57,33,0,0,0
2019-12-20 07:30,121,81,40,0,0,0
2019-12-20 07:45,132,85,47,0,0,0
2019-12-20 08:00,97,63,34,0,0,0
2019-12-20 08:15,124,79,45,0,0,0
2019-12-20 08:30,109,72,37,0,0,0
2019-12-20 08:45,144,100,44,0,0,0
2019-12-20 09:00,130,90,40,0,0,0
2019-12-20 09:15,124,83,41,0,0,0
2019-12-20 09:30,109,79,30,0,0,0
2019-12-20 09:45,126,88,38,0,0,0
2019-12-20 10:00,134,84,50,0,0,0
2019-12-20 10:15,107,68,39,0,0,0
2019-12-20 10:30,149,92,57,0,0,0
2019-12-20 10:45,153,82,71,0,0,0
2019-12-20 11:00,128,72,56,0,0,0
2019-12-20 11:15,151,74,77,0,0,0
2019-12-20 11:30,128,56,72,0,0,0
2019-12-20 11:45,168,77,91,0,0,0
2019-12-20 12:00,144,58,86,0,0,0
2019-12-20 12:15,151,57,94,0,0,0
2019-12-20 12:30,183,66,117,0,0,0
2019-12-20 12:45,161,63,98,0,0,0
2019-12-20 13:00,161,59,102,0,0,0
2019-12-20 13:15,145,59,86,0,0,0
2019-12-20 13:30,141,54,87,0,0,0
2019-12-20 13:45,198,90,108,0,0,0
2019-12-20 14:00,189,77,112,0,0,0
2019-12-20 14:15,206,82,124,0,0,0
2019-12-20 14:30,157,57,100,0,0,0
2019-12-20 14:45,190,66,124,0,0,0
2019-12-20 15:00,196,76,120,0,0,0
2019-12-20 15:15,214,88,126,0,0,0
2019-12-20 15:30,170,79,91,0,0,0
2019-12-20 15:45,202,97,105,0,0,0
2019-12-20 16:00,209,96,113,0,0,0
2019-12-20 16:15,209,97,112,0,0,0
2019-12-20 16:30,190,78,112,0,0,0
2019-12-20 16:45,183,88,95,0,0,0
2019-12-20 17:00,164,85,79,0,0,0
2019-12-20 17:15,169,63,106,0,0,0
2019-12-20 17:30,145,69,76,0,0,0
2019-12-20 17:45,206,94,112,0,0,0
2019-12-20 18:00,180,103,77,0,0,0
2019-12-20 18:15,184,79,105,0,0,0
2019-12-20 18:30,135,59,76,0,0,0
2019-12-20 18:45,125,69,56,0,0,0
2019-12-20 19:00,165,65,100,0,0,0
2019-12-20 19:15,137,61,76,0,0,0
2019-12-20 19:30,136,49,87,0,0,0
2019-12-20 19:45,133,54,79,0,0,0
2019-12-20 20:00,120,37,83,0,0,0
2019-12-20 20:15,108,40,68,0,0,0
2019-12-20 20:30,52,21,31,0,0,0
2019-12-20 20:45,60,23,37,0,0,0
2019-12-20 21:00,68,16,52,0,0,0
2019-12-20 21:15,54,16,38,0,0,0
2019-12-20 21:30,62,15,47,0,0,0
2019-12-20 21:45,48,10,38,0,0,0
2019-12-20 22:00,43,14,29,0,0,0
2019-12-20 22:15,51,15,36,0,0,0
2019-12-20 22:30,58,14,44,0,0,0
2019-12-20 22:45,63,24,39,0,0,0
2019-12-20 23:00,72,23,49,0,0,0
2019-12-20 23:15,37,10,27,0,0,0
2019-12-20 23:30,52,10,42,0,0,0
2019-12-20 23:45,41,11,30,0,0,0
2019-12-21 00:00,46,8,38,0,0,0
2019-12-21 00:15,38,14,24,0,0,0
2019-12-21 00:30,40,10,30,0,0,0
2019-12-21 00:45,36,16,20,0,0,0
2019-12-21 01:00,37,9,28,0,0,0
2019-12-21 01:15,44,8,36,0,0,0
2019-12-21 01:30,27,9,18,0,0,0
2019-12-21 01:45,25,11,14,0,0,0
2019-12-21 02:00,29,4,25,0,0,0
2019-12-21 02:15,25,5,20,0,0,0
2019-12-21 02:30,29,9,20,0,0,0
2019-12-21 02:45,34,13,21,0,0,0
2019-12-21 03:00,15,4,11,0,0,0
2019-12-21 03:15,15,7,8,0,0,0
2019-12-21 03:30,18,0,18,0,0,0
2019-12-21 03:45,12,3,9,0,0,0
2019-12-21 04:00,10,2,8,0,0,0
2019-12-21 04:15,16,5,11,0,0,0
2019-12-21 04:30,7,1,6,0,0,0
2019-12-21 04:45,10,5,5,0,0,0
2019-12-21 05:00,3,0,3,0,0,0
2019-12-21 05:15,7,3,4,0,0,0
2019-12-21 05:30,15,7,8,0,0,0
2019-12-21 05:45,9,7,2,0,0,0
2019-12-21 06:00,1,1,0,0,0,0
2019-12-21 06:15,8,2,6,0,0,0
2019-12-21 06:30,3,2,1,0,0,0
2019-12-21 06:45,7,6,1,0,0,0
2019-12-21 07:00,10,9,1,0,0,0
2019-12-21 07:15,10,5,5,0,0,0
2019-12-21 07:30,26,18,8,0,0,0
2019-12-21 07:45,42,22,20,0,0,0
2019-12-21 08:00,27,11,16,0,0,0
2019-12-21 08:15,46,33,13,0,0,0
2019-12-21 08:30,37,23,14,0,0,0
2019-12-21 08:45,63,36,27,0,0,0
2019-12-21 09:00,67,47,20,0,0,0
2019-12-21 09:15,87,58,29,0,0,0
2019-12-21 09:30,83,57,26,0,0,0
2019-12-21 09:45,131,98,33,0,0,0
2019-12-21 10:00,118,80,38,0,0,0
2019-12-21 10:15,150,104,46,0,0,0
2019-12-21 10:30,168,108,60,0,0,0
2019-12-21 10:45,182,127,55,0,0,0
2019-12-21 11:00,172,116,56,0,0,0
2019-12-21 11:15,196,124,72,0,0,0
2019-12-21 11:30,221,125,96,0,0,0
2019-12-21 11:45,198,129,69,0,0,0
2019-12-21 12:00,194,96,98,0,0,0
2019-12-21 12:15,195,102,93,0,0,0
2019-12-21 12:30,236,99,137,0,0,0
2019-12-21 12:45,253,111,142,0,0,0
2019-12-21 13:00,267,93,174,0,0,0
2019-12-21 13:15,270,112,158,0,0,0
2019-12-21 13:30,237,84,153,0,0,0
2019-12-21 13:45,218,107,111,0,0,0
2019-12-21 14:00,175,72,103,0,0,0
2019-12-21 14:15,154,61,93,0,0,0
2019-12-21 14:30,170,64,106,0,0,0
2019-12-21 14:45,161,76,85,0,0,0
2019-12-21 15:00,157,68,89,0,0,0
2019-12-21 15:15,153,71,82,0,0,0
2019-12-21 15:30,151,73,78,0,0,0
2019-12-21 15:45,165,89,76,0,0,0
2019-12-21 16:00,239,146,93,0,0,0
2019-12-21 16:15,243,167,76,0,0,0
2019-12-21 16:30,161,100,61,0,0,0
2019-12-21 16:45,162,84,78,0,0,0
2019-12-21 17:00,128,68,60,0,0,0
2019-12-21 17:15,146,70,76,0,0,0
2019-12-21 17:30,138,69,69,0,0,0
2019-12-21 17:45,157,77,80,0,0,0
2019-12-21 18:00,150,65,85,0,0,0
2019-12-21 18:15,154,73,81,0,0,0
2019-12-21 18:30,172,66,106,0,0,0
2019-12-21 18:45,147,62,85,0,0,0
2019-12-21 19:00,101,36,65,0,0,0
2019-12-21 19:15,131,56,75,0,0,0
2019-12-21 19:30,89,32,57,0,0,0
2019-12-21 19:45,119,38,81,0,0,0
2019-12-21 20:00,102,37,65,0,0,0
2019-12-21 20:15,92,31,61,0,0,0
2019-12-21 20:30,62,18,44,0,0,0
2019-12-21 20:45,61,22,39,0,0,0
2019-12-21 21:00,41,13,28,0,0,0
2019-12-21 21:15,59,11,48,0,0,0
2019-12-21 21:30,103,36,67,0,0,0
2019-12-21 21:45,103,67,36,0,0,0
2019-12-21 22:00,51,18,33,0,0,0
2019-12-21 22:15,30,13,17,0,0,0
2019-12-21 22:30,39,18,21,0,0,0
2019-12-21 22:45,42,21,21,0,0,0
2019-12-21 23:00,35,20,15,0,0,0
2019-12-21 23:15,40,21,19,0,0,0
2019-12-21 23:30,39,18,21,0,0,0
2019-12-21 23:45,39,15,24,0,0,0
2019-12-22 00:00,53,14,39,0,0,0
2019-12-22 00:15,32,11,21,0,0,0
2019-12-22 00:30,50,14,36,0,0,0
2019-12-22 00:45,35,15,20,0,0,0
2019-12-22 01:00,34,8,26,0,0,0
2019-12-22 01:15,30,5,25,0,0,0
2019-12-22 01:30,25,8,17,0,0,0
2019-12-22 01:45,31,10,21,0,0,0
2019-12-22 02:00,18,10,8,0,0,0
2019-12-22 02:15,19,2,17,0,0,0
2019-12-22 02:30,13,5,8,0,0,0
2019-12-22 02:45,16,5,11,0,0,0
2019-12-22 03:00,7,5,2,0,0,0
2019-12-22 03:15,13,6,7,0,0,0
2019-12-22 03:30,13,1,12,0,0,0
2019-12-22 03:45,8,0,8,0,0,0
2019-12-22 04:00,9,3,6,0,0,0
2019-12-22 04:15,2,0,2,0,0,0
2019-12-22 04:30,6,0,6,0,0,0
2019-12-22 04:45,4,0,4,0,0,0
2019-12-22 05:00,3,0,3,0,0,0
2019-12-22 05:15,3,0,3,0,0,0
2019-12-22 05:30,11,6,5,0,0,0
2019-12-22 05:45,4,2,2,0,0,0
2019-12-22 06:00,3,2,1,0,0,0
2019-12-22 06:15,1,1,0,0,0,0
2019-12-22 06:30,3,1,2,0,0,0
2019-12-22 06:45,1,0,1,0,0,0
2019-12-22 07:00,3,0,3,0,0,0
2019-12-22 07:15,7,3,4,0,0,0
2019-12-22 07:30,5,5,0,0,0,0
2019-12-22 07:45,11,10,1,0,0,0
2019-12-22 08:00,3,1,2,0,0,0
2019-12-22 08:15,9,2,7,0,0,0
2019-12-22 08:30,16,10,6,0,0,0
2019-12-22 08:45,11,8,3,0,0,0
2019-12-22 09:00,13,7,6,0,0,0
2019-12-22 09:15,15,7,8,0,0,0
2019-12-22 09:30,16,13,3,0,0,0
2019-12-22 09:45,28,12,16,0,0,0
2019-12-22 10:00,35,17,18,0,0,0
2019-12-22 10:15,31,19,12,0,0,0
2019-12-22 10:30,35,19,16,0,0,0
2019-12-22 10:45,61,43,18,0,0,0
2019-12-22 11:00,23,13,10,0,0,0
2019-12-22 11:15,37,22,15,0,0,0
2019-12-22 11:30,39,24,15,0,0,0
2019-12-22 11:45,48,34,14,0,0,0
2019-12-22 12:00,49,26,23,0,0,0
2019-12-22 12:15,46,22,24,0,0,0
2019-12-22 12:30,54,29,25,0,0,0
2019-12-22 12:45,58,34,24,0,0,0
2019-12-22 13:00,57,20,37,0,0,0
2019-12-22 13:15,38,21,17,0,0,0
2019-12-22 13:30,35,12,23,0,0,0
2019-12-22 13:45,56,36,20,0,0,0
2019-12-22 14:00,49,28,21,0,0,0
2019-12-22 14:15,43,23,20,0,0,0
2019-12-22 14:30,44,22,22,0,0,0
2019-12-22 14:45,67,34,33,0,0,0
2019-12-22 15:00,40,24,16,0,0,0
2019-12-22 15:15,49,21,28,0,0,0
2019-12-22 15:30,34,13,21,0,0,0
2019-12-22 15:45,45,22,23,0,0,0
2019-12-22 16:00,53,31,22,0,0,0
2019-12-22 16:15,42,27,15,0,0,0
2019-12-22 16:30,55,31,24,0,0,0
2019-12-22 16:45,64,40,24,0,0,0
2019-12-22 17:00,49,28,21,0,0,0
2019-12-22 17:15,56,31,25,0,0,0
2019-12-22 17:30,53,21,32,0,0,0
2019-12-22 17:45,62,32,30,0,0,0
2019-12-22 18:00,71,27,44,0,0,0
2019-12-22 18:15,64,26,38,0,0,0
2019-12-22 18:30,43,19,24,0,0,0
2019-12-22 18:45,57,23,34,0,0,0
2019-12-22 19:00,47,11,36,0,0,0
2019-12-22 19:15,38,9,29,0,0,0
2019-12-22 19:30,30,9,21,0,0,0
2019-12-22 19:45,26,13,13,0,0,0
2019-12-22 20:00,27,5,22,0,0,0
2019-12-22 20:15,36,8,28,0,0,0
2019-12-22 20:30,20,10,10,0,0,0
2019-12-22 20:45,16,3,13,0,0,0
2019-12-22 21:00,22,5,17,0,0,0
2019-12-22 21:15,23,10,13,0,0,0
2019-12-22 21:30,16,1,15,0,0,0
2019-12-22 21:45,20,5,15,0,0,0
2019-12-22 22:00,18,2,16,0,0,0
2019-12-22 22:15,12,5,7,0,0,0
2019-12-22 22:30,17,4,13,0,0,0
2019-12-22 22:45,21,9,12,0,0,0
2019-12-22 23:00,16,4,12,0,0,0
2019-12-22 23:15,16,2,14,0,0,0
2019-12-22 23:30,19,0,19,0,0,0
2019-12-22 23:45,16,2,14,0,0,0
2019-12-23 00:00,12,6,6,0,0,0
2019-12-23 00:15,9,5,4,0,0,0
2019-12-23 00:30,8,2,6,0,0,0
2019-12-23 00:45,7,0,7,0,0,0
2019-12-23 01:00,14,7,7,0,0,0
2019-12-23 01:15,9,4,5,0,0,0
2019-12-23 01:30,6,2,4,0,0,0
2019-12-23 01:45,2,0,2,0,0,0
2019-12-23 02:00,6,2,4,0,0,0
2019-12-23 02:15,3,0,3,0,0,0
2019-12-23 02:30,2,1,1,0,0,0
2019-12-23 02:45,2,1,1,0,0,0
2019-12-23 03:00,5,0,5,0,0,0
2019-12-23 03:15,1,1,0,0,0,0
2019-12-23 03:30,3,1,2,0,0,0
2019-12-23 03:45,1,0,1,0,0,0
2019-12-23 04:00,0,0,0,0,0,0
2019-12-23 04:15,2,1,1,0,0,0
2019-12-23 04:30,1,0,1,0,0,0
2019-12-23 04:45,2,0,2,0,0,0
2019-12-23 05:00,0,0,0,0,0,0
2019-12-23 05:15,4,3,1,0,0,0
2019-12-23 05:30,7,6,1,0,0,0
2019-12-23 05:45,9,8,1,0,0,0
2019-12-23 06:00,12,6,6,0,0,0
2019-12-23 06:15,10,10,0,0,0,0
2019-12-23 06:30,28,20,8,0,0,0
2019-12-23 06:45,25,19,6,0,0,0
2019-12-23 07:00,21,14,7,0,0,0
2019-12-23 07:15,47,33,14,0,0,0
2019-12-23 07:30,36,26,10,0,0,0
2019-12-23 07:45,64,42,22,0,0,0
2019-12-23 08:00,41,23,18,0,0,0
2019-12-23 08:15,55,33,22,0,0,0
2019-12-23 08:30,56,32,24,0,0,0
2019-12-23 08:45,65,47,18,0,0,0
2019-12-23 09:00,61,47,14,0,0,0
2019-12-23 09:15,75,55,20,0,0,0
2019-12-23 09:30,73,55,18,0,0,0
2019-12-23 09:45,111,80,31,0,0,0
2019-12-23 10:00,141,108,33,0,0,0
2019-12-23 10:15,136,94,42,0,0,0
2019-12-23 10:30,134,77,57,0,0,0
2019-12-23 10:45,159,106,53,0,0,0
2019-12-23 11:00,149,82,67,0,0,0
2019-12-23 11:15,183,104,79,0,0,0
2019-12-23 11:30,197,113,84,0,0,0
2019-12-23 11:45,182,93,89,0,0,0
2019-12-23 12:00,182,86,96,0,0,0
2019-12-23 12:15,213,115,98,0,0,0
2019-12-23 12:30,164,88,76,0,0,0
2019-12-23 12:45,178,88,90,0,0,0
2019-12-23 13:00,180,78,102,0,0,0
2019-12-23 13:15,177,88,89,0,0,0
2019-12-23 13:30,164,67,97,0,0,0
2019-12-23 13:45,171,80,91,0,0,0
2019-12-23 14:00,150,70,80,0,0,0
2019-12-23 14:15,163,76,87,0,0,0
2019-12-23 14:30,196,80,116,0,0,0
2019-12-23 14:45,191,82,109,0,0,0
2019-12-23 15:00,157,65,92,0,0,0
2019-12-23 15:15,152,57,95,0,0,0
2019-12-23 15:30,176,69,107,0,0,0
2019-12-23 15:45,152,64,88,0,0,0
2019-12-23 16:00,154,60,94,0,0,0
2019-12-23 16:15,144,61,83,0,0,0
2019-12-23 16:30,148,66,82,0,0,0
2019-12-23 16:45,140,63,77,0,0,0
2019-12-23 17:00,162,73,89,0,0,0
2019-12-23 17:15,151,66,85,0,0,0
2019-12-23 17:30,147,75,72,0,0,0
2019-12-23 17:45,146,58,88,0,0,0
2019-12-23 18:00,141,49,92,0,0,0
2019-12-23 18:15,130,62,68,0,0,0
2019-12-23 18:30,114,47,67,0,0,0
2019-12-23 18:45,100,39,61,0,0,0
2019-12-23 19:00,82,29,53,0,0,0
2019-12-23 19:15,87,32,55,0,0,0
2019-12-23 19:30,73,22,51,0,0,0
2019-12-23 19:45,86,24,62,0,0,0
2019-12-23 20:00,66,21,45,0,0,0
2019-12-23 20:15,57,15,42,0,0,0
2019-12-23 20:30,35,15,20,0,0,0
2019-12-23 20:45,45,22,23,0,0,0
2019-12-23 21:00,44,24,20,0,0,0
2019-12-23 21:15,31,12,19,0,0,0
2019-12-23 21:30,22,7,15,0,0,0
2019-12-23 21:45,30,9,21,0,0,0
2019-12-23 22:00,29,15,14,0,0,0
2019-12-23 22:15,36,13,23,0,0,0
2019-12-23 22:30,29,12,17,0,0,0
2019-12-23 22:45,28,10,18,0,0,0
2019-12-23 23:00,21,3,18,0,0,0
2019-12-23 23:15,34,13,21,0,0,0
2019-12-23 23:30,15,6,9,0,0,0
2019-12-23 23:45,25,5,20,0,0,0
2019-12-24 00:00,33,5,28,0,0,0
2019-12-24 00:15,11,5,6,0,0,0
2019-12-24 00:30,21,5,16,0,0,0
2019-12-24 00:45,29,3,26,0,0,0
2019-12-24 01:00,25,1,24,0,0,0
2019-12-24 01:15,16,0,16,0,0,0
2019-12-24 01:30,16,3,13,0,0,0
2019-12-24 01:45,8,5,3,0,0,0
2019-12-24 02:00,7,2,5,0,0,0
2019-12-24 02:15,12,2,10,0,0,0
2019-12-24 02:30,9,1,8,0,0,0
2019-12-24 02:45,7,0,7,0,0,0
2019-12-24 03:00,7,1,6,0,0,0
2019-12-24 03:15,9,1,8,0,0,0
2019-12-24 03:30,18,1,17,0,0,0
2019-12-24 03:45,3,0,3,0,0,0
2019-12-24 04:00,7,0,7,0,0,0
2019-12-24 04:15,5,2,3,0,0,0
2019-12-24 04:30,5,0,5,0,0,0
2019-12-24 04:45,10,3,7,0,0,0
2019-12-24 05:00,3,1,2,0,0,0
2019-12-24 05:15,6,6,0,0,0,0
2019-12-24 05:30,4,2,2,0,0,0
2019-12-24 05:45,3,3,0,0,0,0
2019-12-24 06:00,3,0,3,0,0,0
2019-12-24 06:15,6,4,2,0,0,0
2019-12-24 06:30,8,5,3,0,0,0
2019-12-24 06:45,12,10,2,0,0,0
2019-12-24 07:00,16,12,4,0,0,0
2019-12-24 07:15,32,23,9,0,0,0
2019-12-24 07:30,32,21,11,0,0,0
2019-12-24 07:45,38,18,20,0,0,0
2019-12-24 08:00,29,18,11,0,0,0
2019-12-24 08:15,31,15,16,0,0,0
2019-12-24 08:30,45,25,20,0,0,0
2019-12-24 08:45,54,34,20,0,0,0
2019-12-24 09:00,56,37,19,0,0,0
2019-12-24 09:15,85,60,25,0,0,0
2019-12-24 09:30,82,47,35,0,0,0
2019-12-24 09:45,101,62,39,0,0,0
2019-12-24 10:00,75,52,23,0,0,0
2019-12-24 10:15,83,46,37,0,0,0
2019-12-24 10:30,63,30,33,0,0,0
2019-12-24 10:45,81,39,42,0,0,0
2019-12-24 11:00,85,35,50,0,0,0
2019-12-24 11:15,63,17,46,0,0,0
2019-12-24 11:30,67,27,40,0,0,0
2019-12-24 11:45,65,29,36,0,0,0
2019-12-24 12:00,68,26,42,0,0,0
2019-12-24 12:15,63,30,33,0,0,0
2019-12-24 12:30,60,17,43,0,0,0
2019-12-24 12:45,48,21,27,0,0,0
2019-12-24 13:00,56,13,43,0,0,0
2019-12-24 13:15,60,19,41,0,0,0
2019-12-24 13:30,42,16,26,0,0,0
2019-12-24 13:45,31,8,23,0,0,0
2019-12-24 14:00,42,13,29,0,0,0
2019-12-24 14:15,32,8,24,0,0,0
2019-12-24 14:30,26,7,19,0,0,0
2019-12-24 14:45,20,6,14,0,0,0
2019-12-24 15:00,19,3,16,0,0,0
2019-12-24 15:15,20,9,11,0,0,0
2019-12-24 15:30,17,6,11,0,0,0
2019-12-24 15:45,13,7,6,0,0,0
2019-12-24 16:00,16,12,4,0,0,0
2019-12-24 16:15,22,5,17,0,0,0
2019-12-24 16:30,10,7,3,0,0,0
2019-12-24 16:45,9,3,6,0,0,0
2019-12-24 17:00,3,2,1,0,0,0
2019-12-24 17:15,12,4,8,0,0,0
2019-12-24 17:30,9,4,5,0,0,0
2019-12-24 17:45,6,0,6,0,0,0
2019-12-24 18:00,5,1,4,0,0,0
2019-12-24 18:15,6,1,5,0,0,0
2019-12-24 18:30,9,1,8,0,0,0
2019-12-24 18:45,5,2,3,0,0,0
2019-12-24 19:00,7,1,6,0,0,0
2019-12-24 19:15,3,1,2,0,0,0
2019-12-24 19:30,4,1,3,0,0,0
2019-12-24 19:45,9,6,3,0,0,0
2019-12-24 20:00,5,2,3,0,0,0
2019-12-24 20:15,3,2,1,0,0,0
2019-12-24 20:30,11,6,5,0,0,0
2019-12-24 20:45,11,3,8,0,0,0
2019-12-24 21:00,1,1,0,0,0,0
2019-12-24 21:15,4,1,3,0,0,0
2019-12-24 21:30,7,2,5,0,0,0
2019-12-24 21:45,15,7,8,0,0,0
2019-12-24 22:00,5,2,3,0,0,0
2019-12-24 22:15,1,0,1,0,0,0
2019-12-24 22:30,7,6,1,0,0,0
2019-12-24 22:45,5,3,2,0,0,0
2019-12-24 23:00,2,1,1,0,0,0
2019-12-24 23:15,5,4,1,0,0,0
2019-12-24 23:30,9,6,3,0,0,0
2019-12-24 23:45,11,5,6,0,0,0
2019-12-25 00:00,2,1,1,0,0,0
2019-12-25 00:15,6,2,4,0,0,0
2019-12-25 00:30,6,3,3,0,0,0
2019-12-25 00:45,10,0,10,0,0,0
2019-12-25 01:00,8,2,6,0,0,0
2019-12-25 01:15,4,1,3,0,0,0
2019-12-25 01:30,5,1,4,0,0,0
2019-12-25 01:45,1,0,1,0,0,0
2019-12-25 02:00,9,3,6,0,0,0
2019-12-25 02:15,3,0,3,0,0,0
2019-12-25 02:30,2,1,1,0,0,0
2019-12-25 02:45,5,1,4,0,0,0
2019-12-25 03:00,8,4,4,0,0,0
2019-12-25 03:15,4,2,2,0,0,0
2019-12-25 03:30,1,0,1,0,0,0
2019-12-25 03:45,6,1,5,0,0,0
2019-12-25 04:00,4,0,4,0,0,0
2019-12-25 04:15,0,0,0,0,0,0
2019-12-25 04:30,1,0,1,0,0,0
2019-12-25 04:45,0,0,0,0,0,0
2019-12-25 05:00,0,0,0,0,0,0
2019-12-25 05:15,3,1,2,0,0,0
2019-12-25 05:30,3,0,3,0,0,0
2019-12-25 05:45,1,1,0,0,0,0
2019-12-25 06:00,1,1,0,0,0,0
2019-12-25 06:15,2,1,1,0,0,0
2019-12-25 06:30,1,1,0,0,0,0
2019-12-25 06:45,1,1,0,0,0,0
2019-12-25 07:00,1,0,1,0,0,0
2019-12-25 07:15,2,1,1,0,0,0
2019-12-25 07:30,4,1,3,0,0,0
2019-12-25 07:45,1,0,1,0,0,0
2019-12-25 08:00,2,1,1,0,0,0
2019-12-25 08:15,1,1,0,0,0,0
2019-12-25 08:30,3,2,1,0,0,0
2019-12-25 08:45,6,5,1,0,0,0
2019-12-25 09:00,5,3,2,0,0,0
2019-12-25 09:15,6,5,1,0,0,0
2019-12-25 09:30,5,4,1,0,0,0
2019-12-25 09:45,4,2,2,0,0,0
2019-12-25 10:00,7,6,1,0,0,0
2019-12-25 10:15,3,3,0,0,0,0
2019-12-25 10:30,4,4,0,0,0,0
2019-12-25 10:45,11,6,5,0,0,0
2019-12-25 11:00,7,6,1,0,0,0
2019-12-25 11:15,10,3,7,0,0,0
2019-12-25 11:30,15,9,6,0,0,0
2019-12-25 11:45,21,11,10,0,0,0
2019-12-25 12:00,17,4,13,0,0,0
2019-12-25 12:15,22,14,8,0,0,0
2019-12-25 12:30,22,11,11,0,0,0
2019-12-25 12:45,19,9,10,0,0,0
2019-12-25 13:00,21,6,15,0,0,0
2019-12-25 13:15,14,6,8,0,0,0
2019-12-25 13:30,11,3,8,0,0,0
2019-12-25 13:45,8,3,5,0,0,0
2019-12-25 14:00,20,7,13,0,0,0
2019-12-25 14:15,19,16,3,0,0,0
2019-12-25 14:30,21,13,8,0,0,0
2019-12-25 14:45,23,10,13,0,0,0
2019-12-25 15:00,18,13,5,0,0,0
2019-12-25 15:15,26,10,16,0,0,0
2019-12-25 15:30,16,6,10,0,0,0
2019-12-25 15:45,19,7,12,0,0,0
2019-12-25 16:00,10,5,5,0,0,0
2019-12-25 16:15,21,14,7,0,0,0
2019-12-25 16:30,27,7,20,0,0,0
2019-12-25 16:45,15,6,9,0,0,0
2019-12-25 17:00,8,5,3,0,0,0
2019-12-25 17:15,20,13,7,0,0,0
2019-12-25 17:30,21,9,12,0,0,0
2019-12-25 17:45,20,9,11,0,0,0
2019-12-25 18:00,20,10,10,0,0,0
2019-12-25 18:15,14,10,4,0,0,0
2019-12-25 18:30,15,4,11,0,0,0
2019-12-25 18:45,16,6,10,0,0,0
2019-12-25 19:00,15,8,7,0,0,0
2019-12-25 19:15,12,9,3,0,0,0
2019-12-25 19:30,23,8,15,0,0,0
2019-12-25 19:45,8,3,5,0,0,0
2019-12-25 20:00,10,2,8,0,0,0
2019-12-25 20:15,14,5,9,0,0,0
2019-12-25 20:30,11,4,7,0,0,0
2019-12-25 20:45,14,9,5,0,0,0
2019-12-25 21:00,15,6,9,0,0,0
2019-12-25 21:15,6,4,2,0,0,0
2019-12-25 21:30,11,7,4,0,0,0
2019-12-25 21:45,13,6,7,0,0,0
2019-12-25 22:00,20,11,9,0,0,0
2019-12-25 22:15,9,3,6,0,0,0
2019-12-25 22:30,6,5,1,0,0,0
2019-12-25 22:45,13,8,5,0,0,0
2019-12-25 23:00,10,3,7,0,0,0
2019-12-25 23:15,12,3,9,0,0,0
2019-12-25 23:30,7,3,4,0,0,0
2019-12-25 23:45,12,5,7,0,0,0
2019-12-26 00:00,2,1,1,0,0,0
2019-12-26 00:15,6,3,3,0,0,0
2019-12-26 00:30,1,0,1,0,0,0
2019-12-26 00:45,12,3,9,0,0,0
2019-12-26 01:00,10,3,7,0,0,0
2019-12-26 01:15,5,2,3,0,0,0
2019-12-26 01:30,2,1,1,0,0,0
2019-12-26 01:45,0,0,0,0,0,0
2019-12-26 02:00,5,2,3,0,0,0
2019-12-26 02:15,3,1,2,0,0,0
2019-12-26 02:30,2,0,2,0,0,0
2019-12-26 02:45,3,1,2,0,0,0
2019-12-26 03:00,1,1,0,0,0,0
2019-12-26 03:15,2,0,2,0,0,0
2019-12-26 03:30,2,1,1,0,0,0
2019-12-26 03:45,2,1,1,0,0,0
2019-12-26 04:00,0,0,0,0,0,0
2019-12-26 04:15,0,0,0,0,0,0
2019-12-26 04:30,1,0,1,0,0,0
2019-12-26 04:45,2,2,0,0,0,0
2019-12-26 05:00,0,0,0,0,0,0
2019-12-26 05:15,2,1,1,0,0,0
2019-12-26 05:30,3,1,2,0,0,0
2019-12-26 05:45,3,2,1,0,0,0
2019-12-26 06:00,3,1,2,0,0,0
2019-12-26 06:15,3,1,2,0,0,0
2019-12-26 06:30,2,0,2,0,0,0
2019-12-26 06:45,3,3,0,0,0,0
2019-12-26 07:00,2,2,0,0,0,0
2019-12-26 07:15,6,3,3,0,0,0
2019-12-26 07:30,4,1,3,0,0,0
2019-12-26 07:45,1,1,0,0,0,0
2019-12-26 08:00,5,5,0,0,0,0
2019-12-26 08:15,3,1,2,0,0,0
2019-12-26 08:30,2,2,0,0,0,0
2019-12-26 08:45,13,8,5,0,0,0
2019-12-26 09:00,8,4,4,0,0,0
2019-12-26 09:15,9,5,4,0,0,0
2019-12-26 09:30,16,11,5,0,0,0
2019-12-26 09:45,19,13,6,0,0,0
2019-12-26 10:00,17,6,11,0,0,0
2019-12-26 10:15,19,10,9,0,0,0
2019-12-26 10:30,18,10,8,0,0,0
2019-12-26 10:45,23,18,5,0,0,0
2019-12-26 11:00,18,11,7,0,0,0
2019-12-26 11:15,22,11,11,0,0,0
2019-12-26 11:30,36,14,22,0,0,0
2019-12-26 11:45,21,10,11,0,0,0
2019-12-26 12:00,29,17,12,0,0,0
2019-12-26 12:15,17,7,10,0,0,0
2019-12-26 12:30,37,15,22,0,0,0
2019-12-26 12:45,24,9,15,0,0,0
2019-12-26 13:00,23,11,12,0,0,0
2019-12-26 13:15,27,17,10,0,0,0
2019-12-26 13:30,25,11,14,0,0,0
2019-12-26 13:45,35,6,29,0,0,0
2019-12-26 14:00,28,14,14,0,0,0
2019-12-26 14:15,28,17,11,0,0,0
2019-12-26 14:30,33,19,14,0,0,0
2019-12-26 14:45,32,13,19,0,0,0
2019-12-26 15:00,47,14,33,0,0,0
2019-12-26 15:15,48,31,17,0,0,0
2019-12-26 15:30,33,24,9,0,0,0
2019-12-26 15:45,29,18,11,0,0,0
2019-12-26 16:00,36,14,22,0,0,0
2019-12-26 16:15,30,15,15,0,0,0
2019-12-26 16:30,38,23,15,0,0,0
2019-12-26 16:45,32,21,11,0,0,0
2019-12-26 17:00,45,16,29,0,0,0
2019-12-26 17:15,16,8,8,0,0,0
2019-12-26 17:30,32,15,17,0,0,0
2019-12-26 17:45,50,26,24,0,0,0
2019-12-26 18:00,21,9,12,0,0,0
2019-12-26 18:15,30,12,18,0,0,0
2019-12-26 18:30,19,12,7,0,0,0
2019-12-26 18:45,27,14,13,0,0,0
2019-12-26 19:00,27,11,16,0,0,0
2019-12-26 19:15,13,7,6,0,0,0
2019-12-26 19:30,23,13,10,0,0,0
2019-12-26 19:45,36,14,22,0,0,0
2019-12-26 20:00,22,13,9,0,0,0
2019-12-26 20:15,24,16,8,0,0,0
2019-12-26 20:30,25,14,11,0,0,0
2019-12-26 20:45,22,8,14,0,0,0
2019-12-26 21:00,22,7,15,0,0,0
2019-12-26 21:15,22,5,17,0,0,0
2019-12-26 21:30,16,9,7,0,0,0
2019-12-26 21:45,9,7,2,0,0,0
2019-12-26 22:00,13,7,6,0,0,0
2019-12-26 22:15,24,11,13,0,0,0
2019-12-26 22:30,13,8,5,0,0,0
2019-12-26 22:45,11,4,7,0,0,0
2019-12-26 23:00,12,4,8,0,0,0
2019-12-26 23:15,13,8,5,0,0,0
2019-12-26 23:30,15,9,6,0,0,0
2019-12-26 23:45,5,1,4,0,0,0
2019-12-27 00:00,10,3,7,0,0,0
2019-12-27 00:15,14,5,9,0,0,0
2019-12-27 00:30,8,3,5,0,0,0
2019-12-27 00:45,9,3,6,0,0,0
2019-12-27 01:00,7,4,3,0,0,0
2019-12-27 01:15,5,1,4,0,0,0
2019-12-27 01:30,4,1,3,0,0,0
2019-12-27 01:45,5,1,4,0,0,0
2019-12-27 02:00,5,1,4,0,0,0
2019-12-27 02:15,10,2,8,0,0,0
2019-12-27 02:30,3,2,1,0,0,0
2019-12-27 02:45,3,0,3,0,0,0
2019-12-27 03:00,3,0,3,0,0,0
2019-12-27 03:15,1,0,1,0,0,0
2019-12-27 03:30,4,0,4,0,0,0
2019-12-27 03:45,6,0,6,0,0,0
2019-12-27 04:00,1,1,0,0,0,0
2019-12-27 04:15,0,0,0,0,0,0
2019-12-27 04:30,4,1,3,0,0,0
2019-12-27 04:45,2,0,2,0,0,0
2019-12-27 05:00,3,1,2,0,0,0
2019-12-27 05:15,3,2,1,0,0,0
2019-12-27 05:30,4,4,0,0,0,0
2019-12-27 05:45,8,6,2,0,0,0
2019-12-27 06:00,12,6,6,0,0,0
2019-12-27 06:15,9,6,3,0,0,0
2019-12-27 06:30,11,7,4,0,0,0
2019-12-27 06:45,21,12,9,0,0,0
2019-12-27 07:00,18,13,5,0,0,0
2019-12-27 07:15,29,18,11,0,0,0
2019-12-27 07:30,27,16,11,0,0,0
2019-12-27 07:45,44,30,14,0,0,0
2019-12-27 08:00,38,22,16,0,0,0
2019-12-27 08:15,31,18,13,0,0,0
2019-12-27 08:30,44,23,21,0,0,0
2019-12-27 08:45,45,34,11,0,0,0
2019-12-27 09:00,31,21,10,0,0,0
2019-12-27 09:15,48,33,15,0,0,0
2019-12-27 09:30,51,38,13,0,0,0
2019-12-27 09:45,89,64,25,0,0,0
2019-12-27 10:00,64,42,22,0,0,0
2019-12-27 10:15,75,45,30,0,0,0
2019-12-27 10:30,71,51,20,0,0,0
2019-12-27 10:45,77,48,29,0,0,0
2019-12-27 11:00,103,56,47,0,0,0
2019-12-27 11:15,93,60,33,0,0,0
2019-12-27 11:30,104,64,40,0,0,0
2019-12-27 11:45,102,65,37,0,0,0
2019-12-27 12:00,95,48,47,0,0,0
2019-12-27 12:15,98,59,39,0,0,0
2019-12-27 12:30,131,71,60,0,0,0
2019-12-27 12:45,147,75,72,0,0,0
2019-12-27 13:00,141,68,73,0,0,0
2019-12-27 13:15,128,65,63,0,0,0
2019-12-27 13:30,132,58,74,0,0,0
2019-12-27 13:45,145,81,64,0,0,0
2019-12-27 14:00,115,48,67,0,0,0
2019-12-27 14:15,159,66,93,0,0,0
2019-12-27 14:30,112,53,59,0,0,0
2019-12-27 14:45,122,55,67,0,0,0
2019-12-27 15:00,130,52,78,0,0,0
2019-12-27 15:15,142,62,80,0,0,0
2019-12-27 15:30,135,62,73,0,0,0
2019-12-27 15:45,114,54,60,0,0,0
2019-12-27 16:00,156,53,103,0,0,0
2019-12-27 16:15,151,49,102,0,0,0
2019-12-27 16:30,143,50,93,0,0,0
2019-12-27 16:45,138,58,80,0,0,0
2019-12-27 17:00,104,41,63,0,0,0
2019-12-27 17:15,91,26,65,0,0,0
2019-12-27 17:30,99,31,68,0,0,0
2019-12-27 17:45,93,32,61,0,0,0
2019-12-27 18:00,94,34,60,0,0,0
2019-12-27 18:15,107,44,63,0,0,0
2019-12-27 18:30,78,26,52,0,0,0
2019-12-27 18:45,96,45,51,0,0,0
2019-12-27 19:00,81,26,55,0,0,0
2019-12-27 19:15,72,26,46,0,0,0
2019-12-27 19:30,68,21,47,0,0,0
2019-12-27 19:45,69,31,38,0,0,0
2019-12-27 20:00,76,24,52,0,0,0
2019-12-27 20:15,38,15,23,0,0,0
2019-12-27 20:30,19,6,13,0,0,0
2019-12-27 20:45,42,16,26,0,0,0
2019-12-27 21:00,28,15,13,0,0,0
2019-12-27 21:15,31,9,22,0,0,0
2019-12-27 21:30,27,11,16,0,0,0
2019-12-27 21:45,22,8,14,0,0,0
2019-12-27 22:00,25,5,20,0,0,0
2019-12-27 22:15,32,13,19,0,0,0
2019-12-27 22:30,23,8,15,0,0,0
2019-12-27 22:45,15,6,9,0,0,0
2019-12-27 23:00,32,9,23,0,0,0
2019-12-27 23:15,16,5,11,0,0,0
2019-12-27 23:30,17,7,10,0,0,0
2019-12-27 23:45,19,5,14,0,0,0
2019-12-28 00:00,26,11,15,0,0,0
2019-12-28 00:15,13,5,8,0,0,0
2019-12-28 00:30,10,3,7,0,0,0
2019-12-28 00:45,15,7,8,0,0,0
2019-12-28 01:00,16,1,15,0,0,0
2019-12-28 01:15,15,2,13,0,0,0
2019-12-28 01:30,15,10,5,0,0,0
2019-12-28 01:45,6,2,4,0,0,0
2019-12-28 02:00,4,0,4,0,0,0
2019-12-28 02:15,8,3,5,0,0,0
2019-12-28 02:30,7,1,6,0,0,0
2019-12-28 02:45,5,3,2,0,0,0
2019-12-28 03:00,3,2,1,0,0,0
2019-12-28 03:15,6,2,4,0,0,0
2019-12-28 03:30,2,1,1,0,0,0
2019-12-28 03:45,6,1,5,0,0,0
2019-12-28 04:00,4,1,3,0,0,0
2019-12-28 04:15,0,0,0,0,0,0
2019-12-28 04:30,4,2,2,0,0,0
2019-12-28 04:45,4,2,2,0,0,0
2019-12-28 05:00,5,3,2,0,0,0
2019-12-28 05:15,6,3,3,0,0,0
2019-12-28 05:30,9,4,5,0,0,0
2019-12-28 05:45,8,7,1,0,0,0
2019-12-28 06:00,8,4,4,0,0,0
2019-12-28 06:15,3,3,0,0,0,0
2019-12-28 06:30,4,2,2,0,0,0
2019-12-28 06:45,3,2,1,0,0,0
2019-12-28 07:00,11,6,5,0,0,0
2019-12-28 07:15,16,14,2,0,0,0
2019-12-28 07:30,8,6,2,0,0,0
2019-12-28 07:45,13,10,3,0,0,0
2019-12-28 08:00,10,5,5,0,0,0
2019-12-28 08:15,16,9,7,0,0,0
2019-12-28 08:30,20,17,3,0,0,0
2019-12-28 08:45,40,20,20,0,0,0
2019-12-28 09:00,47,30,17,0,0,0
2019-12-28 09:15,41,30,11,0,0,0
2019-12-28 09:30,54,44,10,0,0,0
2019-12-28 09:45,63,51,12,0,0,0
2019-12-28 10:00,58,47,11,0,0,0
2019-12-28 10:15,68,41,27,0,0,0
2019-12-28 10:30,61,47,14,0,0,0
2019-12-28 10:45,97,74,23,0,0,0
2019-12-28 11:00,98,67,31,0,0,0
2019-12-28 11:15,102,63,39,0,0,0
2019-12-28 11:30,116,69,47,0,0,0
2019-12-28 11:45,95,55,40,0,0,0
2019-12-28 12:00,104,53,51,0,0,0
2019-12-28 12:15,119,49,70,0,0,0
2019-12-28 12:30,101,53,48,0,0,0
2019-12-28 12:45,116,62,54,0,0,0
2019-12-28 13:00,123,66,57,0,0,0
2019-12-28 13:15,111,51,60,0,0,0
2019-12-28 13:30,102,56,46,0,0,0
2019-12-28 13:45,125,70,55,0,0,0
2019-12-28 14:00,122,50,72,0,0,0
2019-12-28 14:15,116,52,64,0,0,0
2019-12-28 14:30,122,63,59,0,0,0
2019-12-28 14:45,107,42,65,0,0,0
2019-12-28 15:00,105,37,68,0,0,0
2019-12-28 15:15,93,46,47,0,0,0
2019-12-28 15:30,101,36,65,0,0,0
2019-12-28 15:45,112,44,68,0,0,0
2019-12-28 16:00,104,32,72,0,0,0
2019-12-28 16:15,96,31,65,0,0,0
2019-12-28 16:30,85,38,47,0,0,0
2019-12-28 16:45,78,26,52,0,0,0
2019-12-28 17:00,72,32,40,0,0,0
2019-12-28 17:15,72,23,49,0,0,0
2019-12-28 17:30,72,20,52,0,0,0
2019-12-28 17:45,72,30,42,0,0,0
2019-12-28 18:00,68,22,46,0,0,0
2019-12-28 18:15,71,29,42,0,0,0
2019-12-28 18:30,75,28,47,0,0,0
2019-12-28 18:45,85,31,54,0,0,0
2019-12-28 19:00,62,25,37,0,0,0
2019-12-28 19:15,70,37,33,0,0,0
2019-12-28 19:30,55,16,39,0,0,0
2019-12-28 19:45,49,25,24,0,0,0
2019-12-28 20:00,55,15,40,0,0,0
2019-12-28 20:15,42,22,20,0,0,0
2019-12-28 20:30,29,10,19,0,0,0
2019-12-28 20:45,32,17,15,0,0,0
2019-12-28 21:00,30,16,14,0,0,0
2019-12-28 21:15,28,5,23,0,0,0
2019-12-28 21:30,29,15,14,0,0,0
2019-12-28 21:45,23,8,15,0,0,0
2019-12-28 22:00,37,8,29,0,0,0
2019-12-28 22:15,12,6,6,0,0,0
2019-12-28 22:30,13,4,9,0,0,0
2019-12-28 22:45,29,7,22,0,0,0
2019-12-28 23:00,18,8,10,0,0,0
2019-12-28 23:15,15,5,10,0,0,0
2019-12-28 23:30,26,5,21,0,0,0
2019-12-28 23:45,19,3,16,0,0,0
2019-12-29 00:00,20,9,11,0,0,0
2019-12-29 00:15,18,8,10,0,0,0
2019-12-29 00:30,12,3,9,0,0,0
2019-12-29 00:45,15,7,8,0,0,0
2019-12-29 01:00,18,6,12,0,0,0
2019-12-29 01:15,22,5,17,0,0,0
2019-12-29 01:30,17,4,13,0,0,0
2019-12-29 01:45,8,1,7,0,0,0
2019-12-29 02:00,12,3,9,0,0,0
2019-12-29 02:15,10,1,9,0,0,0
2019-12-29 02:30,9,3,6,0,0,0
2019-12-29 02:45,8,3,5,0,0,0
2019-12-29 03:00,9,1,8,0,0,0
2019-12-29 03:15,6,2,4,0,0,0
2019-12-29 03:30,4,1,3,0,0,0
2019-12-29 03:45,4,0,4,0,0,0
2019-12-29 04:00,4,3,1,0,0,0
2019-12-29 04:15,6,0,6,0,0,0
2019-12-29 04:30,1,1,0,0,0,0
2019-12-29 04:45,4,2,2,0,0,0
2019-12-29 05:00,2,1,1,0,0,0
2019-12-29 05:15,2,1,1,0,0,0
2019-12-29 05:30,7,3,4,0,0,0
2019-12-29 05:45,1,0,1,0,0,0
2019-12-29 06:00,8,5,3,0,0,0
2019-12-29 06:15,3,2,1,0,0,0
2019-12-29 06:30,5,2,3,0,0,0
2019-12-29 06:45,3,0,3,0,0,0
2019-12-29 07:00,1,0,1,0,0,0
2019-12-29 07:15,0,0,0,0,0,0
2019-12-29 07:30,2,0,2,0,0,0
2019-12-29 07:45,10,7,3,0,0,0
2019-12-29 08:00,1,1,0,0,0,0
2019-12-29 08:15,1,0,1,0,0,0
2019-12-29 08:30,9,4,5,0,0,0
2019-12-29 08:45,5,4,1,0,0,0
2019-12-29 09:00,11,7,4,0,0,0
2019-12-29 09:15,10,4,6,0,0,0
2019-12-29 09:30,22,11,11,0,0,0
2019-12-29 09:45,21,11,10,0,0,0
2019-12-29 10:00,23,15,8,0,0,0
2019-12-29 10:15,25,19,6,0,0,0
2019-12-29 10:30,16,7,9,0,0,0
2019-12-29 10:45,26,19,7,0,0,0
2019-12-29 11:00,20,12,8,0,0,0
2019-12-29 11:15,20,12,8,0,0,0
2019-12-29 11:30,29,18,11,0,0,0
2019-12-29 11:45,32,19,13,0,0,0
2019-12-29 12:00,25,12,13,0,0,0
2019-12-29 12:15,42,26,16,0,0,0
2019-12-29 12:30,32,16,16,0,0,0
2019-12-29 12:45,41,20,21,0,0,0
2019-12-29 13:00,34,18,16,0,0,0
2019-12-29 13:15,46,26,20,0,0,0
2019-12-29 13:30,24,15,9,0,0,0
2019-12-29 13:45,38,21,17,0,0,0
2019-12-29 14:00,37,19,18,0,0,0
2019-12-29 14:15,49,23,26,0,0,0
2019-12-29 14:30,44,23,21,0,0,0
2019-12-29 14:45,49,22,27,0,0,0
2019-12-29 15:00,65,35,30,0,0,0
2019-12-29 15:15,58,36,22,0,0,0
2019-12-29 15:30,37,19,18,0,0,0
2019-12-29 15:45,54,27,27,0,0,0
2019-12-29 16:00,49,29,20,0,0,0
2019-12-29 16:15,40,17,23,0,0,0
2019-12-29 16:30,32,15,17,0,0,0
2019-12-29 16:45,51,22,29,0,0,0
2019-12-29 17:00,25,10,15,0,0,0
2019-12-29 17:15,36,21,15,0,0,0
2019-12-29 17:30,39,17,22,0,0,0
2019-12-29 17:45,58,29,29,0,0,0
2019-12-29 18:00,50,14,36,0,0,0
2019-12-29 18:15,28,14,14,0,0,0
2019-12-29 18:30,49,28,21,0,0,0
2019-12-29 18:45,30,17,13,0,0,0
2019-12-29 19:00,46,24,22,0,0,0
2019-12-29 19:15,37,29,8,0,0,0
2019-12-29 19:30,25,10,15,0,0,0
2019-12-29 19:45,31,18,13,0,0,0
2019-12-29 20:00,33,11,22,0,0,0
2019-12-29 20:15,16,5,11,0,0,0
2019-12-29 20:30,33,17,16,0,0,0
2019-12-29 20:45,19,9,10,0,0,0
2019-12-29 21:00,29,16,13,0,0,0
2019-12-29 21:15,23,10,13,0,0,0
2019-12-29 21:30,24,12,12,0,0,0
2019-12-29 21:45,13,3,10,0,0,0
2019-12-29 22:00,10,2,8,0,0,0
2019-12-29 22:15,16,9,7,0,0,0
2019-12-29 22:30,12,1,11,0,0,0
2019-12-29 22:45,24,4,20,0,0,0
2019-12-29 23:00,9,3,6,0,0,0
2019-12-29 23:15,6,2,4,0,0,0
2019-12-29 23:30,12,4,8,0,0,0
2019-12-29 23:45,8,4,4,0,0,0
2019-12-30 00:00,4,1,3,0,0,0
2019-12-30 00:15,4,0,4,0,0,0
2019-12-30 00:30,7,2,5,0,0,0
2019-12-30 00:45,7,3,4,0,0,0
2019-12-30 01:00,6,3,3,0,0,0
2019-12-30 01:15,9,3,6,0,0,0
2019-12-30 01:30,3,0,3,0,0,0
2019-12-30 01:45,3,1,2,0,0,0
2019-12-30 02:00,2,0,2,0,0,0
2019-12-30 02:15,1,0,1,0,0,0
2019-12-30 02:30,3,2,1,0,0,0
2019-12-30 02:45,2,2,0,0,0,0
2019-12-30 03:00,0,0,0,0,0,0
2019-12-30 03:15,1,0,1,0,0,0
2019-12-30 03:30,0,0,0,0,0,0
2019-12-30 03:45,0,0,0,0,0,0
2019-12-30 04:00,0,0,0,0,0,0
2019-12-30 04:15,1,1,0,0,0,0
2019-12-30 04:30,2,1,1,0,0,0
2019-12-30 04:45,2,0,2,0,0,0
2019-12-30 05:00,3,2,1,0,0,0
2019-12-30 05:15,5,5,0,0,0,0
2019-12-30 05:30,7,5,2,0,0,0
2019-12-30 05:45,15,12,3,0,0,0
2019-12-30 06:00,8,6,2,0,0,0
2019-12-30 06:15,13,5,8,0,0,0
2019-12-30 06:30,12,9,3,0,0,0
2019-12-30 06:45,22,12,10,0,0,0
2019-12-30 07:00,25,20,5,0,0,0
2019-12-30 07:15,32,23,9,0,0,0
2019-12-30 07:30,33,18,15,0,0,0
2019-12-30 07:45,44,35,9,0,0,0
2019-12-30 08:00,40,26,14,0,0,0
2019-12-30 08:15,50,34,16,0,0,0
2019-12-30 08:30,49,30,19,0,0,0
2019-12-30 08:45,57,39,18,0,0,0
2019-12-30 09:00,49,32,17,0,0,0
2019-12-30 09:15,45,31,14,0,0,0
2019-12-30 09:30,56,43,13,0,0,0
2019-12-30 09:45,86,70,16,0,0,0
2019-12-30 10:00,43,35,8,0,0,0
2019-12-30 10:15,86,65,21,0,0,0
2019-12-30 10:30,80,53,27,0,0,0
2019-12-30 10:45,121,80,41,0,0,0
2019-12-30 11:00,131,88,43,0,0,0
2019-12-30 11:15,112,70,42,0,0,0
2019-12-30 11:30,136,73,63,0,0,0
2019-12-30 11:45,151,82,69,0,0,0
2019-12-30 12:00,122,58,64,0,0,0
2019-12-30 12:15,142,85,57,0,0,0
2019-12-30 12:30,131,63,68,0,0,0
2019-12-30 12:45,146,86,60,0,0,0
2019-12-30 13:00,136,73,63,0,0,0
2019-12-30 13:15,146,60,86,0,0,0
2019-12-30 13:30,132,54,78,0,0,0
2019-12-30 13:45,148,68,80,0,0,0
2019-12-30 14:00,152,65,87,0,0,0
2019-12-30 14:15,133,72,61,0,0,0
2019-12-30 14:30,139,66,73,0,0,0
2019-12-30 14:45,133,69,64,0,0,0
2019-12-30 15:00,111,47,64,0,0,0
2019-12-30 15:15,147,59,88,0,0,0
2019-12-30 15:30,151,55,96,0,0,0
2019-12-30 15:45,153,74,79,0,0,0
2019-12-30 16:00,158,58,100,0,0,0
2019-12-30 16:15,161,67,94,0,0,0
2019-12-30 16:30,149,57,92,0,0,0
2019-12-30 16:45,148,60,88,0,0,0
2019-12-30 17:00,124,51,73,0,0,0
2019-12-30 17:15,92,42,50,0,0,0
2019-12-30 17:30,124,45,79,0,0,0
2019-12-30 17:45,125,50,75,0,0,0
2019-12-30 18:00,103,33,70,0,0,0
2019-12-30 18:15,115,42,73,0,0,0
2019-12-30 18:30,70,26,44,0,0,0
2019-12-30 18:45,104,48,56,0,0,0
2019-12-30 19:00,100,27,73,0,0,0
2019-12-30 19:15,66,19,47,0,0,0
2019-12-30 19:30,66,18,48,0,0,0
2019-12-30 19:45,71,28,43,0,0,0
2019-12-30 20:00,58,11,47,0,0,0
2019-12-30 20:15,38,15,23,0,0,0
2019-12-30 20:30,24,6,18,0,0,0
2019-12-30 20:45,25,12,13,0,0,0
2019-12-30 21:00,19,7,12,0,0,0
2019-12-30 21:15,24,13,11,0,0,0
2019-12-30 21:30,24,10,14,0,0,0
2019-12-30 21:45,30,15,15,0,0,0
2019-12-30 22:00,23,7,16,0,0,0
2019-12-30 22:15,24,10,14,0,0,0
2019-12-30 22:30,27,5,22,0,0,0
2019-12-30 22:45,31,13,18,0,0,0
2019-12-30 23:00,39,21,18,0,0,0
2019-12-30 23:15,29,19,10,0,0,0
2019-12-30 23:30,19,7,12,0,0,0
2019-12-30 23:45,20,8,12,0,0,0
2019-12-31 00:00,20,10,10,0,0,0
2019-12-31 00:15,9,2,7,0,0,0
2019-12-31 00:30,12,6,6,0,0,0
2019-12-31 00:45,7,1,6,0,0,0
2019-12-31 01:00,7,1,6,0,0,0
2019-12-31 01:15,7,4,3,0,0,0
2019-12-31 01:30,9,3,6,0,0,0
2019-12-31 01:45,4,4,0,0,0,0
2019-12-31 02:00,9,5,4,0,0,0
2019-12-31 02:15,11,1,10,0,0,0
2019-12-31 02:30,6,4,2,0,0,0
2019-12-31 02:45,3,2,1,0,0,0
2019-12-31 03:00,3,3,0,0,0,0
2019-12-31 03:15,5,2,3,0,0,0
2019-12-31 03:30,0,0,0,0,0,0
2019-12-31 03:45,1,1,0,0,0,0
2019-12-31 04:00,0,0,0,0,0,0
2019-12-31 04:15,2,1,1,0,0,0
2019-12-31 04:30,2,1,1,0,0,0
2019-12-31 04:45,1,1,0,0,0,0
2019-12-31 05:00,1,0,1,0,0,0
2019-12-31 05:15,5,4,1,0,0,0
2019-12-31 05:30,10,5,5,0,0,0
2019-12-31 05:45,11,6,5,0,0,0
2019-12-31 06:00,9,5,4,0,0,0
2019-12-31 06:15,5,3,2,0,0,0
2019-12-31 06:30,10,7,3,0,0,0
2019-12-31 06:45,8,7,1,0,0,0
2019-12-31 07:00,7,5,2,0,0,0
2019-12-31 07:15,10,7,3,0,0,0
2019-12-31 07:30,13,6,7,0,0,0
2019-12-31 07:45,21,16,5,0,0,0
2019-12-31 08:00,18,14,4,0,0,0
2019-12-31 08:15,26,16,10,0,0,0
2019-12-31 08:30,21,12,9,0,0,0
2019-12-31 08:45,34,28,6,0,0,0
2019-12-31 09:00,32,21,11,0,0,0
2019-12-31 09:15,61,43,18,0,0,0
2019-12-31 09:30,50,26,24,0,0,0
2019-12-31 09:45,81,61,20,0,0,0
2019-12-31 10:00,79,55,24,0,0,0
2019-12-31 10:15,81,55,26,0,0,0
2019-12-31 10:30,102,67,35,0,0,0
2019-12-31 10:45,116,78,38,0,0,0
2019-12-31 11:00,122,67,55,0,0,0
2019-12-31 11:15,114,72,42,0,0,0
2019-12-31 11:30,133,73,60,0,0,0
2019-12-31 11:45,105,49,56,0,0,0
2019-12-31 12:00,124,69,55,0,0,0
2019-12-31 12:15,130,47,83,0,0,0
2019-12-31 12:30,121,55,66,0,0,0
2019-12-31 12:45,142,48,94,0,0,0
2019-12-31 13:00,111,44,67,0,0,0
2019-12-31 13:15,87,30,57,0,0,0
2019-12-31 13:30,97,28,69,0,0,0
2019-12-31 13:45,97,28,69,0,0,0
2019-12-31 14:00,88,26,62,0,0,0
2019-12-31 14:15,77,27,50,0,0,0
2019-12-31 14:30,49,22,27,0,0,0
2019-12-31 14:45,49,21,28,0,0,0
2019-12-31 15:00,47,23,24,0,0,0
2019-12-31 15:15,44,10,34,0,0,0
2019-12-31 15:30,51,22,29,0,0,0
2019-12-31 15:45,45,11,34,0,0,0
2019-12-31 16:00,46,26,20,0,0,0
2019-12-31 16:15,39,13,26,0,0,0
2019-12-31 16:30,38,9,29,0,0,0
2019-12-31 16:45,24,8,16,0,0,0
2019-12-31 17:00,31,12,19,0,0,0
2019-12-31 17:15,53,21,32,0,0,0
2019-12-31 17:30,39,21,18,0,0,0
2019-12-31 17:45,54,24,30,0,0,0
2019-12-31 18:00,40,14,26,0,0,0
2019-12-31 18:15,48,13,35,0,0,0
2019-12-31 18:30,70,33,37,0,0,0
2019-12-31 18:45,75,47,28,0,0,0
2019-12-31 19:00,84,42,42,0,0,0
2019-12-31 19:15,49,31,18,0,0,0
2019-12-31 19:30,60,32,28,0,0,0
2019-12-31 19:45,70,29,41,0,0,0
2019-12-31 20:00,40,25,15,0,0,0
2019-12-31 20:15,29,19,10,0,0,0
2019-12-31 20:30,23,6,17,0,0,0
2019-12-31 20:45,17,13,4,0,0,0
2019-12-31 21:00,28,16,12,0,0,0
2019-12-31 21:15,20,6,14,0,0,0
2019-12-31 21:30,22,13,9,0,0,0
2019-12-31 21:45,23,15,8,0,0,0
2019-12-31 22:00,31,12,19,0,0,0
2019-12-31 22:15,19,8,11,0,0,0
2019-12-31 22:30,8,4,4,0,0,0
2019-12-31 22:45,12,8,4,0,0,0
2019-12-31 23:00,31,12,19,0,0,0
2019-12-31 23:15,18,13,5,0,0,0
2019-12-31 23:30,35,22,13,0,0,0
2019-12-31 23:45,12,12,0,0,0,0
