Datetime,100034980 (Hammer Straße),101034980 (Hammer Straße stadteinwärts),102034980 (Hammer Straße stadtauswärts),100034980-status,101034980-status,102034980-status
2019-10-01 00:00,15,4,11,0,0,0
2019-10-01 00:15,24,4,20,0,0,0
2019-10-01 00:30,13,4,9,0,0,0
2019-10-01 00:45,5,2,3,0,0,0
2019-10-01 01:00,9,0,9,0,0,0
2019-10-01 01:15,5,0,5,0,0,0
2019-10-01 01:30,7,0,7,0,0,0
2019-10-01 01:45,1,1,0,0,0,0
2019-10-01 02:00,3,1,2,0,0,0
2019-10-01 02:15,3,1,2,0,0,0
2019-10-01 02:30,3,0,3,0,0,0
2019-10-01 02:45,1,1,0,0,0,0
2019-10-01 03:00,3,0,3,0,0,0
2019-10-01 03:15,2,1,1,0,0,0
2019-10-01 03:30,0,0,0,0,0,0
2019-10-01 03:45,2,0,2,0,0,0
2019-10-01 04:00,0,0,0,0,0,0
2019-10-01 04:15,2,1,1,0,0,0
2019-10-01 04:30,0,0,0,0,0,0
2019-10-01 04:45,1,0,1,0,0,0
2019-10-01 05:00,3,3,0,0,0,0
2019-10-01 05:15,3,3,0,0,0,0
2019-10-01 05:30,8,5,3,0,0,0
2019-10-01 05:45,14,11,3,0,0,0
2019-10-01 06:00,11,6,5,0,0,0
2019-10-01 06:15,32,25,7,0,0,0
2019-10-01 06:30,23,13,10,0,0,0
2019-10-01 06:45,54,33,21,0,0,0
2019-10-01 07:00,72,41,31,0,0,0
2019-10-01 07:15,97,58,39,0,0,0
2019-10-01 07:30,140,83,57,0,0,0
2019-10-01 07:45,145,101,44,0,0,0
2019-10-01 08:00,110,73,37,0,0,0
2019-10-01 08:15,134,84,50,0,0,0
2019-10-01 08:30,123,83,40,0,0,0
2019-10-01 08:45,81,56,25,0,0,0
2019-10-01 09:00,81,50,31,0,0,0
2019-10-01 09:15,65,38,27,0,0,0
2019-10-01 09:30,68,50,18,0,0,0
2019-10-01 09:45,94,60,34,0,0,0
2019-10-01 10:00,51,23,28,0,0,0
2019-10-01 10:15,31,13,18,0,0,0
2019-10-01 10:30,55,30,25,0,0,0
2019-10-01 10:45,58,23,35,0,0,0
2019-10-01 11:00,62,34,28,0,0,0
2019-10-01 11:15,61,29,32,0,0,0
2019-10-01 11:30,62,37,25,0,0,0
2019-10-01 11:45,84,44,40,0,0,0
2019-10-01 12:00,79,38,41,0,0,0
2019-10-01 12:15,95,40,55,0,0,0
2019-10-01 12:30,137,56,81,0,0,0
2019-10-01 12:45,111,62,49,0,0,0
2019-10-01 13:00,124,53,71,0,0,0
2019-10-01 13:15,134,55,79,0,0,0
2019-10-01 13:30,97,46,51,0,0,0
2019-10-01 13:45,125,48,77,0,0,0
2019-10-01 14:00,131,52,79,0,0,0
2019-10-01 14:15,123,55,68,0,0,0
2019-10-01 14:30,144,65,79,0,0,0
2019-10-01 14:45,131,59,72,0,0,0
2019-10-01 15:00,153,66,87,0,0,0
2019-10-01 15:15,148,56,92,0,0,0
2019-10-01 15:30,155,61,94,0,0,0
2019-10-01 15:45,183,82,101,0,0,0
2019-10-01 16:00,174,61,113,0,0,0
2019-10-01 16:15,174,63,111,0,0,0
2019-10-01 16:30,175,63,112,0,0,0
2019-10-01 16:45,218,75,143,0,0,0
2019-10-01 17:00,162,64,98,0,0,0
2019-10-01 17:15,194,83,111,0,0,0
2019-10-01 17:30,173,48,125,0,0,0
2019-10-01 17:45,180,55,125,0,0,0
2019-10-01 18:00,189,62,127,0,0,0
2019-10-01 18:15,185,65,120,0,0,0
2019-10-01 18:30,163,60,103,0,0,0
2019-10-01 18:45,164,76,88,0,0,0
2019-10-01 19:00,137,49,88,0,0,0
2019-10-01 19:15,122,58,64,0,0,0
2019-10-01 19:30,116,40,76,0,0,0
2019-10-01 19:45,112,40,72,0,0,0
2019-10-01 20:00,90,30,60,0,0,0
2019-10-01 20:15,106,51,55,0,0,0
2019-10-01 20:30,72,30,42,0,0,0
2019-10-01 20:45,67,23,44,0,0,0
2019-10-01 21:00,60,20,40,0,0,0
2019-10-01 21:15,58,18,40,0,0,0
2019-10-01 21:30,53,19,34,0,0,0
2019-10-01 21:45,74,22,52,0,0,0
2019-10-01 22:00,66,15,51,0,0,0
2019-10-01 22:15,54,13,41,0,0,0
2019-10-01 22:30,39,11,28,0,0,0
2019-10-01 22:45,40,12,28,0,0,0
2019-10-01 23:00,50,20,30,0,0,0
2019-10-01 23:15,41,14,27,0,0,0
2019-10-01 23:30,32,11,21,0,0,0
2019-10-01 23:45,22,4,18,0,0,0
2019-10-02 00:00,19,5,14,0,0,0
2019-10-02 00:15,17,6,11,0,0,0
2019-10-02 00:30,8,1,7,0,0,0
2019-10-02 00:45,8,1,7,0,0,0
2019-10-02 01:00,26,13,13,0,0,0
2019-10-02 01:15,3,1,2,0,0,0
2019-10-02 01:30,3,1,2,0,0,0
2019-10-02 01:45,4,1,3,0,0,0
2019-10-02 02:00,6,3,3,0,0,0
2019-10-02 02:15,14,4,10,0,0,0
2019-10-02 02:30,5,0,5,0,0,0
2019-10-02 02:45,7,1,6,0,0,0
2019-10-02 03:00,4,0,4,0,0,0
2019-10-02 03:15,4,0,4,0,0,0
2019-10-02 03:30,4,0,4,0,0,0
2019-10-02 03:45,5,1,4,0,0,0
2019-10-02 04:00,0,0,0,0,0,0
2019-10-02 04:15,4,1,3,0,0,0
2019-10-02 04:30,4,2,2,0,0,0
2019-10-02 04:45,7,2,5,0,0,0
2019-10-02 05:00,2,2,0,0,0,0
2019-10-02 05:15,6,5,1,0,0,0
2019-10-02 05:30,12,10,2,0,0,0
2019-10-02 05:45,14,14,0,0,0,0
2019-10-02 06:00,15,9,6,0,0,0
2019-10-02 06:15,26,21,5,0,0,0
2019-10-02 06:30,32,21,11,0,0,0
2019-10-02 06:45,78,59,19,0,0,0
2019-10-02 07:00,86,59,27,0,0,0
2019-10-02 07:15,118,70,48,0,0,0
2019-10-02 07:30,174,116,58,0,0,0
2019-10-02 07:45,172,109,63,0,0,0
2019-10-02 08:00,141,95,46,0,0,0
2019-10-02 08:15,143,97,46,0,0,0
2019-10-02 08:30,149,95,54,0,0,0
2019-10-02 08:45,163,111,52,0,0,0
2019-10-02 09:00,116,76,40,0,0,0
2019-10-02 09:15,138,101,37,0,0,0
2019-10-02 09:30,113,88,25,0,0,0
2019-10-02 09:45,137,102,35,0,0,0
2019-10-02 10:00,123,79,44,0,0,0
2019-10-02 10:15,140,75,65,0,0,0
2019-10-02 10:30,167,100,67,0,0,0
2019-10-02 10:45,151,96,55,0,0,0
2019-10-02 11:00,125,68,57,0,0,0
2019-10-02 11:15,140,87,53,0,0,0
2019-10-02 11:30,141,76,65,0,0,0
2019-10-02 11:45,181,81,100,0,0,0
2019-10-02 12:00,151,60,91,0,0,0
2019-10-02 12:15,177,76,101,0,0,0
2019-10-02 12:30,150,65,85,0,0,0
2019-10-02 12:45,198,78,120,0,0,0
2019-10-02 13:00,170,79,91,0,0,0
2019-10-02 13:15,190,67,123,0,0,0
2019-10-02 13:30,188,71,117,0,0,0
2019-10-02 13:45,167,81,86,0,0,0
2019-10-02 14:00,175,63,112,0,0,0
2019-10-02 14:15,133,43,90,0,0,0
2019-10-02 14:30,134,47,87,0,0,0
2019-10-02 14:45,154,61,93,0,0,0
2019-10-02 15:00,159,54,105,0,0,0
2019-10-02 15:15,196,91,105,0,0,0
2019-10-02 15:30,183,74,109,0,0,0
2019-10-02 15:45,159,63,96,0,0,0
2019-10-02 16:00,236,83,153,0,0,0
2019-10-02 16:15,213,79,134,0,0,0
2019-10-02 16:30,191,73,118,0,0,0
2019-10-02 16:45,253,89,164,0,0,0
2019-10-02 17:00,204,78,126,0,0,0
2019-10-02 17:15,204,85,119,0,0,0
2019-10-02 17:30,234,82,152,0,0,0
2019-10-02 17:45,201,76,125,0,0,0
2019-10-02 18:00,199,66,133,0,0,0
2019-10-02 18:15,196,79,117,0,0,0
2019-10-02 18:30,194,66,128,0,0,0
2019-10-02 18:45,146,72,74,0,0,0
2019-10-02 19:00,164,59,105,0,0,0
2019-10-02 19:15,159,56,103,0,0,0
2019-10-02 19:30,137,55,82,0,0,0
2019-10-02 19:45,164,70,94,0,0,0
2019-10-02 20:00,128,56,72,0,0,0
2019-10-02 20:15,107,42,65,0,0,0
2019-10-02 20:30,91,44,47,0,0,0
2019-10-02 20:45,96,47,49,0,0,0
2019-10-02 21:00,77,46,31,0,0,0
2019-10-02 21:15,91,44,47,0,0,0
2019-10-02 21:30,68,20,48,0,0,0
2019-10-02 21:45,75,21,54,0,0,0
2019-10-02 22:00,86,29,57,0,0,0
2019-10-02 22:15,55,23,32,0,0,0
2019-10-02 22:30,58,29,29,0,0,0
2019-10-02 22:45,63,37,26,0,0,0
2019-10-02 23:00,40,16,24,0,0,0
2019-10-02 23:15,52,14,38,0,0,0
2019-10-02 23:30,55,30,25,0,0,0
2019-10-02 23:45,54,18,36,0,0,0
2019-10-03 00:00,35,13,22,0,0,0
2019-10-03 00:15,57,26,31,0,0,0
2019-10-03 00:30,33,5,28,0,0,0
2019-10-03 00:45,54,20,34,0,0,0
2019-10-03 01:00,33,5,28,0,0,0
2019-10-03 01:15,36,10,26,0,0,0
2019-10-03 01:30,31,4,27,0,0,0
2019-10-03 01:45,26,13,13,0,0,0
2019-10-03 02:00,23,2,21,0,0,0
2019-10-03 02:15,17,4,13,0,0,0
2019-10-03 02:30,24,5,19,0,0,0
2019-10-03 02:45,17,0,17,0,0,0
2019-10-03 03:00,27,6,21,0,0,0
2019-10-03 03:15,14,1,13,0,0,0
2019-10-03 03:30,17,2,15,0,0,0
2019-10-03 03:45,12,0,12,0,0,0
2019-10-03 04:00,6,2,4,0,0,0
2019-10-03 04:15,10,1,9,0,0,0
2019-10-03 04:30,5,0,5,0,0,0
2019-10-03 04:45,9,1,8,0,0,0
2019-10-03 05:00,0,0,0,0,0,0
2019-10-03 05:15,7,5,2,0,0,0
2019-10-03 05:30,9,6,3,0,0,0
2019-10-03 05:45,7,2,5,0,0,0
2019-10-03 06:00,9,5,4,0,0,0
2019-10-03 06:15,5,4,1,0,0,0
2019-10-03 06:30,4,2,2,0,0,0
2019-10-03 06:45,4,3,1,0,0,0
2019-10-03 07:00,12,10,2,0,0,0
2019-10-03 07:15,20,17,3,0,0,0
2019-10-03 07:30,12,10,2,0,0,0
2019-10-03 07:45,14,10,4,0,0,0
2019-10-03 08:00,13,6,7,0,0,0
2019-10-03 08:15,12,8,4,0,0,0
2019-10-03 08:30,18,12,6,0,0,0
2019-10-03 08:45,18,12,6,0,0,0
2019-10-03 09:00,20,13,7,0,0,0
2019-10-03 09:15,18,11,7,0,0,0
2019-10-03 09:30,20,14,6,0,0,0
2019-10-03 09:45,42,27,15,0,0,0
2019-10-03 10:00,39,21,18,0,0,0
2019-10-03 10:15,31,20,11,0,0,0
2019-10-03 10:30,29,18,11,0,0,0
2019-10-03 10:45,44,30,14,0,0,0
2019-10-03 11:00,43,25,18,0,0,0
2019-10-03 11:15,45,24,21,0,0,0
2019-10-03 11:30,62,29,33,0,0,0
2019-10-03 11:45,51,29,22,0,0,0
2019-10-03 12:00,49,24,25,0,0,0
2019-10-03 12:15,52,19,33,0,0,0
2019-10-03 12:30,78,37,41,0,0,0
2019-10-03 12:45,90,46,44,0,0,0
2019-10-03 13:00,64,28,36,0,0,0
2019-10-03 13:15,56,26,30,0,0,0
2019-10-03 13:30,81,43,38,0,0,0
2019-10-03 13:45,71,37,34,0,0,0
2019-10-03 14:00,81,39,42,0,0,0
2019-10-03 14:15,58,21,37,0,0,0
2019-10-03 14:30,48,30,18,0,0,0
2019-10-03 14:45,101,54,47,0,0,0
2019-10-03 15:00,60,28,32,0,0,0
2019-10-03 15:15,68,27,41,0,0,0
2019-10-03 15:30,74,46,28,0,0,0
2019-10-03 15:45,77,38,39,0,0,0
2019-10-03 16:00,54,21,33,0,0,0
2019-10-03 16:15,40,22,18,0,0,0
2019-10-03 16:30,65,18,47,0,0,0
2019-10-03 16:45,82,26,56,0,0,0
2019-10-03 17:00,64,30,34,0,0,0
2019-10-03 17:15,81,43,38,0,0,0
2019-10-03 17:30,60,25,35,0,0,0
2019-10-03 17:45,78,38,40,0,0,0
2019-10-03 18:00,69,31,38,0,0,0
2019-10-03 18:15,68,19,49,0,0,0
2019-10-03 18:30,69,32,37,0,0,0
2019-10-03 18:45,88,40,48,0,0,0
2019-10-03 19:00,70,34,36,0,0,0
2019-10-03 19:15,82,42,40,0,0,0
2019-10-03 19:30,60,31,29,0,0,0
2019-10-03 19:45,53,24,29,0,0,0
2019-10-03 20:00,52,28,24,0,0,0
2019-10-03 20:15,36,19,17,0,0,0
2019-10-03 20:30,47,27,20,0,0,0
2019-10-03 20:45,30,15,15,0,0,0
2019-10-03 21:00,40,24,16,0,0,0
2019-10-03 21:15,34,16,18,0,0,0
2019-10-03 21:30,20,10,10,0,0,0
2019-10-03 21:45,24,8,16,0,0,0
2019-10-03 22:00,27,13,14,0,0,0
2019-10-03 22:15,31,17,14,0,0,0
2019-10-03 22:30,25,3,22,0,0,0
2019-10-03 22:45,32,10,22,0,0,0
2019-10-03 23:00,25,5,20,0,0,0
2019-10-03 23:15,24,4,20,0,0,0
2019-10-03 23:30,22,5,17,0,0,0
2019-10-03 23:45,17,7,10,0,0,0
2019-10-04 00:00,14,4,10,0,0,0
2019-10-04 00:15,19,3,16,0,0,0
2019-10-04 00:30,7,3,4,0,0,0
2019-10-04 00:45,11,0,11,0,0,0
2019-10-04 01:00,17,3,14,0,0,0
2019-10-04 01:15,7,4,3,0,0,0
2019-10-04 01:30,9,0,9,0,0,0
2019-10-04 01:45,9,0,9,0,0,0
2019-10-04 02:00,5,2,3,0,0,0
2019-10-04 02:15,3,0,3,0,0,0
2019-10-04 02:30,7,1,6,0,0,0
2019-10-04 02:45,4,1,3,0,0,0
2019-10-04 03:00,11,0,11,0,0,0
2019-10-04 03:15,11,3,8,0,0,0
2019-10-04 03:30,2,2,0,0,0,0
2019-10-04 03:45,5,2,3,0,0,0
2019-10-04 04:00,1,0,1,0,0,0
2019-10-04 04:15,3,2,1,0,0,0
2019-10-04 04:30,3,0,3,0,0,0
2019-10-04 04:45,5,2,3,0,0,0
2019-10-04 05:00,2,2,0,0,0,0
2019-10-04 05:15,5,5,0,0,0,0
2019-10-04 05:30,10,6,4,0,0,0
2019-10-04 05:45,12,8,4,0,0,0
2019-10-04 06:00,9,7,2,0,0,0
2019-10-04 06:15,16,11,5,0,0,0
2019-10-04 06:30,21,14,7,0,0,0
2019-10-04 06:45,43,28,15,0,0,0
2019-10-04 07:00,41,29,12,0,0,0
2019-10-04 07:15,66,43,23,0,0,0
2019-10-04 07:30,124,68,56,0,0,0
2019-10-04 07:45,107,78,29,0,0,0
2019-10-04 08:00,74,52,22,0,0,0
2019-10-04 08:15,102,74,28,0,0,0
2019-10-04 08:30,93,62,31,0,0,0
2019-10-04 08:45,94,62,32,0,0,0
2019-10-04 09:00,82,53,29,0,0,0
2019-10-04 09:15,98,65,33,0,0,0
2019-10-04 09:30,91,62,29,0,0,0
2019-10-04 09:45,101,73,28,0,0,0
2019-10-04 10:00,85,42,43,0,0,0
2019-10-04 10:15,80,45,35,0,0,0
2019-10-04 10:30,89,55,34,0,0,0
2019-10-04 10:45,116,66,50,0,0,0
2019-10-04 11:00,99,60,39,0,0,0
2019-10-04 11:15,125,65,60,0,0,0
2019-10-04 11:30,111,46,65,0,0,0
2019-10-04 11:45,115,56,59,0,0,0
2019-10-04 12:00,76,40,36,0,0,0
2019-10-04 12:15,87,31,56,0,0,0
2019-10-04 12:30,124,41,83,0,0,0
2019-10-04 12:45,121,56,65,0,0,0
2019-10-04 13:00,122,42,80,0,0,0
2019-10-04 13:15,121,44,77,0,0,0
2019-10-04 13:30,90,35,55,0,0,0
2019-10-04 13:45,126,56,70,0,0,0
2019-10-04 14:00,106,42,64,0,0,0
2019-10-04 14:15,111,40,71,0,0,0
2019-10-04 14:30,123,43,80,0,0,0
2019-10-04 14:45,115,29,86,0,0,0
2019-10-04 15:00,111,34,77,0,0,0
2019-10-04 15:15,106,52,54,0,0,0
2019-10-04 15:30,88,36,52,0,0,0
2019-10-04 15:45,110,48,62,0,0,0
2019-10-04 16:00,79,32,47,0,0,0
2019-10-04 16:15,91,36,55,0,0,0
2019-10-04 16:30,97,46,51,0,0,0
2019-10-04 16:45,100,37,63,0,0,0
2019-10-04 17:00,109,34,75,0,0,0
2019-10-04 17:15,94,52,42,0,0,0
2019-10-04 17:30,91,38,53,0,0,0
2019-10-04 17:45,110,47,63,0,0,0
2019-10-04 18:00,85,33,52,0,0,0
2019-10-04 18:15,95,36,59,0,0,0
2019-10-04 18:30,67,17,50,0,0,0
2019-10-04 18:45,68,24,44,0,0,0
2019-10-04 19:00,56,15,41,0,0,0
2019-10-04 19:15,66,27,39,0,0,0
2019-10-04 19:30,41,18,23,0,0,0
2019-10-04 19:45,73,30,43,0,0,0
2019-10-04 20:00,63,30,33,0,0,0
2019-10-04 20:15,39,16,23,0,0,0
2019-10-04 20:30,36,18,18,0,0,0
2019-10-04 20:45,34,18,16,0,0,0
2019-10-04 21:00,41,14,27,0,0,0
2019-10-04 21:15,31,12,19,0,0,0
2019-10-04 21:30,31,17,14,0,0,0
2019-10-04 21:45,17,8,9,0,0,0
2019-10-04 22:00,28,9,19,0,0,0
2019-10-04 22:15,20,6,14,0,0,0
2019-10-04 22:30,32,15,17,0,0,0
2019-10-04 22:45,20,4,16,0,0,0
2019-10-04 23:00,22,3,19,0,0,0
2019-10-04 23:15,16,7,9,0,0,0
2019-10-04 23:30,30,6,24,0,0,0
2019-10-04 23:45,18,7,11,0,0,0
2019-10-05 00:00,17,4,13,0,0,0
2019-10-05 00:15,14,6,8,0,0,0
2019-10-05 00:30,11,2,9,0,0,0
2019-10-05 00:45,18,9,9,0,0,0
2019-10-05 01:00,17,2,15,0,0,0
2019-10-05 01:15,11,6,5,0,0,0
2019-10-05 01:30,16,3,13,0,0,0
2019-10-05 01:45,11,5,6,0,0,0
2019-10-05 02:00,9,1,8,0,0,0
2019-10-05 02:15,6,0,6,0,0,0
2019-10-05 02:30,9,0,9,0,0,0
2019-10-05 02:45,7,0,7,0,0,0
2019-10-05 03:00,9,3,6,0,0,0
2019-10-05 03:15,4,0,4,0,0,0
2019-10-05 03:30,2,0,2,0,0,0
2019-10-05 03:45,6,2,4,0,0,0
2019-10-05 04:00,5,2,3,0,0,0
2019-10-05 04:15,8,0,8,0,0,0
2019-10-05 04:30,7,1,6,0,0,0
2019-10-05 04:45,3,2,1,0,0,0
2019-10-05 05:00,2,2,0,0,0,0
2019-10-05 05:15,7,5,2,0,0,0
2019-10-05 05:30,5,4,1,0,0,0
2019-10-05 05:45,16,10,6,0,0,0
2019-10-05 06:00,8,4,4,0,0,0
2019-10-05 06:15,9,7,2,0,0,0
2019-10-05 06:30,6,4,2,0,0,0
2019-10-05 06:45,11,6,5,0,0,0
2019-10-05 07:00,14,10,4,0,0,0
2019-10-05 07:15,10,8,2,0,0,0
2019-10-05 07:30,17,11,6,0,0,0
2019-10-05 07:45,23,9,14,0,0,0
2019-10-05 08:00,21,14,7,0,0,0
2019-10-05 08:15,41,28,13,0,0,0
2019-10-05 08:30,31,22,9,0,0,0
2019-10-05 08:45,48,32,16,0,0,0
2019-10-05 09:00,57,45,12,0,0,0
2019-10-05 09:15,63,43,20,0,0,0
2019-10-05 09:30,77,55,22,0,0,0
2019-10-05 09:45,124,96,28,0,0,0
2019-10-05 10:00,127,91,36,0,0,0
2019-10-05 10:15,130,91,39,0,0,0
2019-10-05 10:30,132,94,38,0,0,0
2019-10-05 10:45,132,90,42,0,0,0
2019-10-05 11:00,122,73,49,0,0,0
2019-10-05 11:15,156,96,60,0,0,0
2019-10-05 11:30,171,105,66,0,0,0
2019-10-05 11:45,169,106,63,0,0,0
2019-10-05 12:00,158,101,57,0,0,0
2019-10-05 12:15,186,110,76,0,0,0
2019-10-05 12:30,183,97,86,0,0,0
2019-10-05 12:45,204,105,99,0,0,0
2019-10-05 13:00,153,58,95,0,0,0
2019-10-05 13:15,195,97,98,0,0,0
2019-10-05 13:30,188,90,98,0,0,0
2019-10-05 13:45,164,81,83,0,0,0
2019-10-05 14:00,170,68,102,0,0,0
2019-10-05 14:15,188,70,118,0,0,0
2019-10-05 14:30,176,65,111,0,0,0
2019-10-05 14:45,185,73,112,0,0,0
2019-10-05 15:00,174,69,105,0,0,0
2019-10-05 15:15,167,56,111,0,0,0
2019-10-05 15:30,173,72,101,0,0,0
2019-10-05 15:45,169,74,95,0,0,0
2019-10-05 16:00,144,54,90,0,0,0
2019-10-05 16:15,164,61,103,0,0,0
2019-10-05 16:30,129,51,78,0,0,0
2019-10-05 16:45,125,55,70,0,0,0
2019-10-05 17:00,145,56,89,0,0,0
2019-10-05 17:15,123,37,86,0,0,0
2019-10-05 17:30,113,40,73,0,0,0
2019-10-05 17:45,162,63,99,0,0,0
2019-10-05 18:00,154,52,102,0,0,0
2019-10-05 18:15,163,54,109,0,0,0
2019-10-05 18:30,128,39,89,0,0,0
2019-10-05 18:45,123,36,87,0,0,0
2019-10-05 19:00,107,49,58,0,0,0
2019-10-05 19:15,109,40,69,0,0,0
2019-10-05 19:30,93,33,60,0,0,0
2019-10-05 19:45,80,33,47,0,0,0
2019-10-05 20:00,91,37,54,0,0,0
2019-10-05 20:15,61,24,37,0,0,0
2019-10-05 20:30,58,23,35,0,0,0
2019-10-05 20:45,53,21,32,0,0,0
2019-10-05 21:00,46,19,27,0,0,0
2019-10-05 21:15,45,16,29,0,0,0
2019-10-05 21:30,37,27,10,0,0,0
2019-10-05 21:45,46,27,19,0,0,0
2019-10-05 22:00,28,9,19,0,0,0
2019-10-05 22:15,58,20,38,0,0,0
2019-10-05 22:30,44,22,22,0,0,0
2019-10-05 22:45,36,7,29,0,0,0
2019-10-05 23:00,46,23,23,0,0,0
2019-10-05 23:15,28,5,23,0,0,0
2019-10-05 23:30,33,8,25,0,0,0
2019-10-05 23:45,32,9,23,0,0,0
2019-10-06 00:00,45,17,28,0,0,0
2019-10-06 00:15,33,12,21,0,0,0
2019-10-06 00:30,14,4,10,0,0,0
2019-10-06 00:45,19,11,8,0,0,0
2019-10-06 01:00,29,7,22,0,0,0
2019-10-06 01:15,21,6,15,0,0,0
2019-10-06 01:30,31,18,13,0,0,0
2019-10-06 01:45,13,4,9,0,0,0
2019-10-06 02:00,15,3,12,0,0,0
2019-10-06 02:15,14,1,13,0,0,0
2019-10-06 02:30,13,3,10,0,0,0
2019-10-06 02:45,9,4,5,0,0,0
2019-10-06 03:00,14,7,7,0,0,0
2019-10-06 03:15,13,2,11,0,0,0
2019-10-06 03:30,12,4,8,0,0,0
2019-10-06 03:45,10,2,8,0,0,0
2019-10-06 04:00,6,1,5,0,0,0
2019-10-06 04:15,4,0,4,0,0,0
2019-10-06 04:30,6,2,4,0,0,0
2019-10-06 04:45,4,1,3,0,0,0
2019-10-06 05:00,0,0,0,0,0,0
2019-10-06 05:15,6,3,3,0,0,0
2019-10-06 05:30,5,2,3,0,0,0
2019-10-06 05:45,5,2,3,0,0,0
2019-10-06 06:00,1,1,0,0,0,0
2019-10-06 06:15,2,2,0,0,0,0
2019-10-06 06:30,8,3,5,0,0,0
2019-10-06 06:45,2,0,2,0,0,0
2019-10-06 07:00,1,1,0,0,0,0
2019-10-06 07:15,1,1,0,0,0,0
2019-10-06 07:30,7,5,2,0,0,0
2019-10-06 07:45,8,6,2,0,0,0
2019-10-06 08:00,3,3,0,0,0,0
2019-10-06 08:15,4,4,0,0,0,0
2019-10-06 08:30,12,6,6,0,0,0
2019-10-06 08:45,13,7,6,0,0,0
2019-10-06 09:00,17,12,5,0,0,0
2019-10-06 09:15,23,15,8,0,0,0
2019-10-06 09:30,30,20,10,0,0,0
2019-10-06 09:45,46,21,25,0,0,0
2019-10-06 10:00,23,17,6,0,0,0
2019-10-06 10:15,40,25,15,0,0,0
2019-10-06 10:30,27,13,14,0,0,0
2019-10-06 10:45,42,26,16,0,0,0
2019-10-06 11:00,39,20,19,0,0,0
2019-10-06 11:15,44,20,24,0,0,0
2019-10-06 11:30,40,22,18,0,0,0
2019-10-06 11:45,42,14,28,0,0,0
2019-10-06 12:00,44,24,20,0,0,0
2019-10-06 12:15,51,24,27,0,0,0
2019-10-06 12:30,49,34,15,0,0,0
2019-10-06 12:45,61,38,23,0,0,0
2019-10-06 13:00,41,18,23,0,0,0
2019-10-06 13:15,43,25,18,0,0,0
2019-10-06 13:30,52,26,26,0,0,0
2019-10-06 13:45,72,32,40,0,0,0
2019-10-06 14:00,50,18,32,0,0,0
2019-10-06 14:15,62,23,39,0,0,0
2019-10-06 14:30,73,32,41,0,0,0
2019-10-06 14:45,64,30,34,0,0,0
2019-10-06 15:00,48,27,21,0,0,0
2019-10-06 15:15,66,27,39,0,0,0
2019-10-06 15:30,73,38,35,0,0,0
2019-10-06 15:45,67,31,36,0,0,0
2019-10-06 16:00,63,24,39,0,0,0
2019-10-06 16:15,60,29,31,0,0,0
2019-10-06 16:30,53,19,34,0,0,0
2019-10-06 16:45,55,17,38,0,0,0
2019-10-06 17:00,46,22,24,0,0,0
2019-10-06 17:15,55,11,44,0,0,0
2019-10-06 17:30,70,28,42,0,0,0
2019-10-06 17:45,74,25,49,0,0,0
2019-10-06 18:00,74,37,37,0,0,0
2019-10-06 18:15,45,18,27,0,0,0
2019-10-06 18:30,45,16,29,0,0,0
2019-10-06 18:45,45,21,24,0,0,0
2019-10-06 19:00,34,14,20,0,0,0
2019-10-06 19:15,28,17,11,0,0,0
2019-10-06 19:30,27,15,12,0,0,0
2019-10-06 19:45,29,15,14,0,0,0
2019-10-06 20:00,31,17,14,0,0,0
2019-10-06 20:15,34,7,27,0,0,0
2019-10-06 20:30,27,6,21,0,0,0
2019-10-06 20:45,18,7,11,0,0,0
2019-10-06 21:00,17,6,11,0,0,0
2019-10-06 21:15,23,4,19,0,0,0
2019-10-06 21:30,17,5,12,0,0,0
2019-10-06 21:45,17,4,13,0,0,0
2019-10-06 22:00,18,6,12,0,0,0
2019-10-06 22:15,15,4,11,0,0,0
2019-10-06 22:30,18,1,17,0,0,0
2019-10-06 22:45,12,3,9,0,0,0
2019-10-06 23:00,9,2,7,0,0,0
2019-10-06 23:15,10,3,7,0,0,0
2019-10-06 23:30,11,3,8,0,0,0
2019-10-06 23:45,8,0,8,0,0,0
2019-10-07 00:00,11,5,6,0,0,0
2019-10-07 00:15,5,1,4,0,0,0
2019-10-07 00:30,6,1,5,0,0,0
2019-10-07 00:45,10,5,5,0,0,0
2019-10-07 01:00,3,0,3,0,0,0
2019-10-07 01:15,1,1,0,0,0,0
2019-10-07 01:30,0,0,0,0,0,0
2019-10-07 01:45,0,0,0,0,0,0
2019-10-07 02:00,1,1,0,0,0,0
2019-10-07 02:15,4,2,2,0,0,0
2019-10-07 02:30,0,0,0,0,0,0
2019-10-07 02:45,2,2,0,0,0,0
2019-10-07 03:00,0,0,0,0,0,0
2019-10-07 03:15,0,0,0,0,0,0
2019-10-07 03:30,2,2,0,0,0,0
2019-10-07 03:45,1,0,1,0,0,0
2019-10-07 04:00,0,0,0,0,0,0
2019-10-07 04:15,1,1,0,0,0,0
2019-10-07 04:30,2,1,1,0,0,0
2019-10-07 04:45,9,7,2,0,0,0
2019-10-07 05:00,2,2,0,0,0,0
2019-10-07 05:15,11,9,2,0,0,0
2019-10-07 05:30,11,10,1,0,0,0
2019-10-07 05:45,23,16,7,0,0,0
2019-10-07 06:00,23,20,3,0,0,0
2019-10-07 06:15,21,15,6,0,0,0
2019-10-07 06:30,42,29,13,0,0,0
2019-10-07 06:45,69,56,13,0,0,0
2019-10-07 07:00,78,52,26,0,0,0
2019-10-07 07:15,99,62,37,0,0,0
2019-10-07 07:30,160,99,61,0,0,0
2019-10-07 07:45,171,116,55,0,0,0
2019-10-07 08:00,145,96,49,0,0,0
2019-10-07 08:15,150,106,44,0,0,0
2019-10-07 08:30,118,78,40,0,0,0
2019-10-07 08:45,174,113,61,0,0,0
2019-10-07 09:00,118,84,34,0,0,0
2019-10-07 09:15,121,88,33,0,0,0
2019-10-07 09:30,136,90,46,0,0,0
2019-10-07 09:45,137,96,41,0,0,0
2019-10-07 10:00,96,59,37,0,0,0
2019-10-07 10:15,122,78,44,0,0,0
2019-10-07 10:30,107,70,37,0,0,0
2019-10-07 10:45,119,69,50,0,0,0
2019-10-07 11:00,101,52,49,0,0,0
2019-10-07 11:15,127,62,65,0,0,0
2019-10-07 11:30,126,66,60,0,0,0
2019-10-07 11:45,145,74,71,0,0,0
2019-10-07 12:00,139,59,80,0,0,0
2019-10-07 12:15,133,65,68,0,0,0
2019-10-07 12:30,149,62,87,0,0,0
2019-10-07 12:45,170,76,94,0,0,0
2019-10-07 13:00,187,78,109,0,0,0
2019-10-07 13:15,159,71,88,0,0,0
2019-10-07 13:30,162,82,80,0,0,0
2019-10-07 13:45,166,96,70,0,0,0
2019-10-07 14:00,159,69,90,0,0,0
2019-10-07 14:15,179,83,96,0,0,0
2019-10-07 14:30,162,67,95,0,0,0
2019-10-07 14:45,188,81,107,0,0,0
2019-10-07 15:00,191,79,112,0,0,0
2019-10-07 15:15,161,62,99,0,0,0
2019-10-07 15:30,198,80,118,0,0,0
2019-10-07 15:45,217,91,126,0,0,0
2019-10-07 16:00,194,85,109,0,0,0
2019-10-07 16:15,202,89,113,0,0,0
2019-10-07 16:30,229,92,137,0,0,0
2019-10-07 16:45,220,85,135,0,0,0
2019-10-07 17:00,240,95,145,0,0,0
2019-10-07 17:15,252,95,157,0,0,0
2019-10-07 17:30,243,87,156,0,0,0
2019-10-07 17:45,268,106,162,0,0,0
2019-10-07 18:00,213,63,150,0,0,0
2019-10-07 18:15,217,82,135,0,0,0
2019-10-07 18:30,172,58,114,0,0,0
2019-10-07 18:45,168,66,102,0,0,0
2019-10-07 19:00,144,48,96,0,0,0
2019-10-07 19:15,160,56,104,0,0,0
2019-10-07 19:30,111,31,80,0,0,0
2019-10-07 19:45,112,47,65,0,0,0
2019-10-07 20:00,100,31,69,0,0,0
2019-10-07 20:15,81,34,47,0,0,0
2019-10-07 20:30,54,22,32,0,0,0
2019-10-07 20:45,64,28,36,0,0,0
2019-10-07 21:00,59,22,37,0,0,0
2019-10-07 21:15,64,12,52,0,0,0
2019-10-07 21:30,67,24,43,0,0,0
2019-10-07 21:45,65,24,41,0,0,0
2019-10-07 22:00,62,13,49,0,0,0
2019-10-07 22:15,65,23,42,0,0,0
2019-10-07 22:30,43,9,34,0,0,0
2019-10-07 22:45,49,10,39,0,0,0
2019-10-07 23:00,31,6,25,0,0,0
2019-10-07 23:15,28,8,20,0,0,0
2019-10-07 23:30,20,4,16,0,0,0
2019-10-07 23:45,17,5,12,0,0,0
2019-10-08 00:00,23,2,21,0,0,0
2019-10-08 00:15,11,4,7,0,0,0
2019-10-08 00:30,16,3,13,0,0,0
2019-10-08 00:45,6,1,5,0,0,0
2019-10-08 01:00,3,1,2,0,0,0
2019-10-08 01:15,9,2,7,0,0,0
2019-10-08 01:30,6,4,2,0,0,0
2019-10-08 01:45,2,0,2,0,0,0
2019-10-08 02:00,1,0,1,0,0,0
2019-10-08 02:15,0,0,0,0,0,0
2019-10-08 02:30,1,0,1,0,0,0
2019-10-08 02:45,2,1,1,0,0,0
2019-10-08 03:00,2,2,0,0,0,0
2019-10-08 03:15,1,1,0,0,0,0
2019-10-08 03:30,0,0,0,0,0,0
2019-10-08 03:45,1,0,1,0,0,0
2019-10-08 04:00,1,0,1,0,0,0
2019-10-08 04:15,1,1,0,0,0,0
2019-10-08 04:30,0,0,0,0,0,0
2019-10-08 04:45,11,9,2,0,0,0
2019-10-08 05:00,1,1,0,0,0,0
2019-10-08 05:15,5,4,1,0,0,0
2019-10-08 05:30,12,10,2,0,0,0
2019-10-08 05:45,22,19,3,0,0,0
2019-10-08 06:00,12,7,5,0,0,0
2019-10-08 06:15,20,16,4,0,0,0
2019-10-08 06:30,33,25,8,0,0,0
2019-10-08 06:45,50,35,15,0,0,0
2019-10-08 07:00,60,49,11,0,0,0
2019-10-08 07:15,101,76,25,0,0,0
2019-10-08 07:30,146,100,46,0,0,0
2019-10-08 07:45,171,124,47,0,0,0
2019-10-08 08:00,132,101,31,0,0,0
2019-10-08 08:15,127,87,40,0,0,0
2019-10-08 08:30,104,76,28,0,0,0
2019-10-08 08:45,121,87,34,0,0,0
2019-10-08 09:00,92,59,33,0,0,0
2019-10-08 09:15,85,57,28,0,0,0
2019-10-08 09:30,87,72,15,0,0,0
2019-10-08 09:45,113,84,29,0,0,0
2019-10-08 10:00,87,60,27,0,0,0
2019-10-08 10:15,67,41,26,0,0,0
2019-10-08 10:30,71,40,31,0,0,0
2019-10-08 10:45,87,62,25,0,0,0
2019-10-08 11:00,81,50,31,0,0,0
2019-10-08 11:15,117,54,63,0,0,0
2019-10-08 11:30,110,56,54,0,0,0
2019-10-08 11:45,112,66,46,0,0,0
2019-10-08 12:00,106,41,65,0,0,0
2019-10-08 12:15,116,51,65,0,0,0
2019-10-08 12:30,140,68,72,0,0,0
2019-10-08 12:45,111,57,54,0,0,0
2019-10-08 13:00,140,52,88,0,0,0
2019-10-08 13:15,135,49,86,0,0,0
2019-10-08 13:30,103,52,51,0,0,0
2019-10-08 13:45,135,63,72,0,0,0
2019-10-08 14:00,133,43,90,0,0,0
2019-10-08 14:15,136,42,94,0,0,0
2019-10-08 14:30,146,60,86,0,0,0
2019-10-08 14:45,160,65,95,0,0,0
2019-10-08 15:00,159,63,96,0,0,0
2019-10-08 15:15,144,64,80,0,0,0
2019-10-08 15:30,162,74,88,0,0,0
2019-10-08 15:45,183,67,116,0,0,0
2019-10-08 16:00,177,60,117,0,0,0
2019-10-08 16:15,209,77,132,0,0,0
2019-10-08 16:30,188,61,127,0,0,0
2019-10-08 16:45,203,73,130,0,0,0
2019-10-08 17:00,195,67,128,0,0,0
2019-10-08 17:15,203,87,116,0,0,0
2019-10-08 17:30,221,96,125,0,0,0
2019-10-08 17:45,226,106,120,0,0,0
2019-10-08 18:00,199,59,140,0,0,0
2019-10-08 18:15,188,85,103,0,0,0
2019-10-08 18:30,175,55,120,0,0,0
2019-10-08 18:45,151,62,89,0,0,0
2019-10-08 19:00,138,53,85,0,0,0
2019-10-08 19:15,139,48,91,0,0,0
2019-10-08 19:30,126,47,79,0,0,0
2019-10-08 19:45,137,53,84,0,0,0
2019-10-08 20:00,92,35,57,0,0,0
2019-10-08 20:15,97,47,50,0,0,0
2019-10-08 20:30,70,29,41,0,0,0
2019-10-08 20:45,51,21,30,0,0,0
2019-10-08 21:00,48,10,38,0,0,0
2019-10-08 21:15,51,19,32,0,0,0
2019-10-08 21:30,51,9,42,0,0,0
2019-10-08 21:45,63,10,53,0,0,0
2019-10-08 22:00,72,15,57,0,0,0
2019-10-08 22:15,57,15,42,0,0,0
2019-10-08 22:30,52,9,43,0,0,0
2019-10-08 22:45,33,12,21,0,0,0
2019-10-08 23:00,43,12,31,0,0,0
2019-10-08 23:15,28,9,19,0,0,0
2019-10-08 23:30,21,1,20,0,0,0
2019-10-08 23:45,27,8,19,0,0,0
2019-10-09 00:00,28,8,20,0,0,0
2019-10-09 00:15,14,4,10,0,0,0
2019-10-09 00:30,8,2,6,0,0,0
2019-10-09 00:45,10,1,9,0,0,0
2019-10-09 01:00,6,0,6,0,0,0
2019-10-09 01:15,8,4,4,0,0,0
2019-10-09 01:30,8,1,7,0,0,0
2019-10-09 01:45,10,2,8,0,0,0
2019-10-09 02:00,6,2,4,0,0,0
2019-10-09 02:15,2,0,2,0,0,0
2019-10-09 02:30,2,0,2,0,0,0
2019-10-09 02:45,2,1,1,0,0,0
2019-10-09 03:00,3,1,2,0,0,0
2019-10-09 03:15,0,0,0,0,0,0
2019-10-09 03:30,1,1,0,0,0,0
2019-10-09 03:45,0,0,0,0,0,0
2019-10-09 04:00,3,1,2,0,0,0
2019-10-09 04:15,1,0,1,0,0,0
2019-10-09 04:30,0,0,0,0,0,0
2019-10-09 04:45,8,5,3,0,0,0
2019-10-09 05:00,1,1,0,0,0,0
2019-10-09 05:15,8,8,0,0,0,0
2019-10-09 05:30,18,16,2,0,0,0
2019-10-09 05:45,24,17,7,0,0,0
2019-10-09 06:00,20,17,3,0,0,0
2019-10-09 06:15,34,27,7,0,0,0
2019-10-09 06:30,51,37,14,0,0,0
2019-10-09 06:45,72,58,14,0,0,0
2019-10-09 07:00,103,67,36,0,0,0
2019-10-09 07:15,116,78,38,0,0,0
2019-10-09 07:30,184,115,69,0,0,0
2019-10-09 07:45,202,155,47,0,0,0
2019-10-09 08:00,189,132,57,0,0,0
2019-10-09 08:15,156,104,52,0,0,0
2019-10-09 08:30,136,102,34,0,0,0
2019-10-09 08:45,170,120,50,0,0,0
2019-10-09 09:00,116,88,28,0,0,0
2019-10-09 09:15,124,81,43,0,0,0
2019-10-09 09:30,149,108,41,0,0,0
2019-10-09 09:45,160,123,37,0,0,0
2019-10-09 10:00,129,88,41,0,0,0
2019-10-09 10:15,127,72,55,0,0,0
2019-10-09 10:30,130,82,48,0,0,0
2019-10-09 10:45,130,82,48,0,0,0
2019-10-09 11:00,115,63,52,0,0,0
2019-10-09 11:15,123,75,48,0,0,0
2019-10-09 11:30,138,66,72,0,0,0
2019-10-09 11:45,160,76,84,0,0,0
2019-10-09 12:00,135,59,76,0,0,0
2019-10-09 12:15,131,65,66,0,0,0
2019-10-09 12:30,157,57,100,0,0,0
2019-10-09 12:45,161,84,77,0,0,0
2019-10-09 13:00,162,72,90,0,0,0
2019-10-09 13:15,146,67,79,0,0,0
2019-10-09 13:30,157,60,97,0,0,0
2019-10-09 13:45,180,90,90,0,0,0
2019-10-09 14:00,179,78,101,0,0,0
2019-10-09 14:15,166,56,110,0,0,0
2019-10-09 14:30,147,65,82,0,0,0
2019-10-09 14:45,149,67,82,0,0,0
2019-10-09 15:00,153,60,93,0,0,0
2019-10-09 15:15,80,29,51,0,0,0
2019-10-09 15:30,99,42,57,0,0,0
2019-10-09 15:45,152,43,109,0,0,0
2019-10-09 16:00,172,57,115,0,0,0
2019-10-09 16:15,147,50,97,0,0,0
2019-10-09 16:30,165,69,96,0,0,0
2019-10-09 16:45,202,78,124,0,0,0
2019-10-09 17:00,168,73,95,0,0,0
2019-10-09 17:15,201,82,119,0,0,0
2019-10-09 17:30,186,60,126,0,0,0
2019-10-09 17:45,222,89,133,0,0,0
2019-10-09 18:00,176,62,114,0,0,0
2019-10-09 18:15,167,65,102,0,0,0
2019-10-09 18:30,140,59,81,0,0,0
2019-10-09 18:45,167,80,87,0,0,0
2019-10-09 19:00,126,44,82,0,0,0
2019-10-09 19:15,133,59,74,0,0,0
2019-10-09 19:30,113,40,73,0,0,0
2019-10-09 19:45,134,62,72,0,0,0
2019-10-09 20:00,101,34,67,0,0,0
2019-10-09 20:15,83,32,51,0,0,0
2019-10-09 20:30,68,30,38,0,0,0
2019-10-09 20:45,71,24,47,0,0,0
2019-10-09 21:00,70,26,44,0,0,0
2019-10-09 21:15,62,20,42,0,0,0
2019-10-09 21:30,57,16,41,0,0,0
2019-10-09 21:45,38,17,21,0,0,0
2019-10-09 22:00,47,8,39,0,0,0
2019-10-09 22:15,45,4,41,0,0,0
2019-10-09 22:30,43,10,33,0,0,0
2019-10-09 22:45,45,10,35,0,0,0
2019-10-09 23:00,33,11,22,0,0,0
2019-10-09 23:15,34,15,19,0,0,0
2019-10-09 23:30,30,9,21,0,0,0
2019-10-09 23:45,29,3,26,0,0,0
2019-10-10 00:00,18,5,13,0,0,0
2019-10-10 00:15,21,8,13,0,0,0
2019-10-10 00:30,13,1,12,0,0,0
2019-10-10 00:45,11,0,11,0,0,0
2019-10-10 01:00,15,3,12,0,0,0
2019-10-10 01:15,9,0,9,0,0,0
2019-10-10 01:30,10,0,10,0,0,0
2019-10-10 01:45,8,0,8,0,0,0
2019-10-10 02:00,1,0,1,0,0,0
2019-10-10 02:15,5,2,3,0,0,0
2019-10-10 02:30,1,0,1,0,0,0
2019-10-10 02:45,2,1,1,0,0,0
2019-10-10 03:00,4,1,3,0,0,0
2019-10-10 03:15,8,1,7,0,0,0
2019-10-10 03:30,3,1,2,0,0,0
2019-10-10 03:45,4,0,4,0,0,0
2019-10-10 04:00,1,0,1,0,0,0
2019-10-10 04:15,6,2,4,0,0,0
2019-10-10 04:30,1,0,1,0,0,0
2019-10-10 04:45,8,4,4,0,0,0
2019-10-10 05:00,2,2,0,0,0,0
2019-10-10 05:15,10,10,0,0,0,0
2019-10-10 05:30,16,10,6,0,0,0
2019-10-10 05:45,31,17,14,0,0,0
2019-10-10 06:00,23,19,4,0,0,0
2019-10-10 06:15,31,23,8,0,0,0
2019-10-10 06:30,37,26,11,0,0,0
2019-10-10 06:45,71,61,10,0,0,0
2019-10-10 07:00,81,60,21,0,0,0
2019-10-10 07:15,123,81,42,0,0,0
2019-10-10 07:30,161,112,49,0,0,0
2019-10-10 07:45,191,132,59,0,0,0
2019-10-10 08:00,158,113,45,0,0,0
2019-10-10 08:15,160,110,50,0,0,0
2019-10-10 08:30,133,84,49,0,0,0
2019-10-10 08:45,178,120,58,0,0,0
2019-10-10 09:00,132,81,51,0,0,0
2019-10-10 09:15,129,97,32,0,0,0
2019-10-10 09:30,116,89,27,0,0,0
2019-10-10 09:45,138,96,42,0,0,0
2019-10-10 10:00,120,77,43,0,0,0
2019-10-10 10:15,86,47,39,0,0,0
2019-10-10 10:30,105,50,55,0,0,0
2019-10-10 10:45,124,76,48,0,0,0
2019-10-10 11:00,108,56,52,0,0,0
2019-10-10 11:15,113,54,59,0,0,0
2019-10-10 11:30,132,73,59,0,0,0
2019-10-10 11:45,141,72,69,0,0,0
2019-10-10 12:00,163,72,91,0,0,0
2019-10-10 12:15,136,71,65,0,0,0
2019-10-10 12:30,162,58,104,0,0,0
2019-10-10 12:45,147,66,81,0,0,0
2019-10-10 13:00,149,56,93,0,0,0
2019-10-10 13:15,149,61,88,0,0,0
2019-10-10 13:30,138,63,75,0,0,0
2019-10-10 13:45,190,92,98,0,0,0
2019-10-10 14:00,162,53,109,0,0,0
2019-10-10 14:15,165,77,88,0,0,0
2019-10-10 14:30,162,82,80,0,0,0
2019-10-10 14:45,173,78,95,0,0,0
2019-10-10 15:00,189,81,108,0,0,0
2019-10-10 15:15,175,72,103,0,0,0
2019-10-10 15:30,183,71,112,0,0,0
2019-10-10 15:45,189,92,97,0,0,0
2019-10-10 16:00,221,89,132,0,0,0
2019-10-10 16:15,235,93,142,0,0,0
2019-10-10 16:30,234,101,133,0,0,0
2019-10-10 16:45,192,89,103,0,0,0
2019-10-10 17:00,236,99,137,0,0,0
2019-10-10 17:15,241,87,154,0,0,0
2019-10-10 17:30,221,86,135,0,0,0
2019-10-10 17:45,216,75,141,0,0,0
2019-10-10 18:00,173,65,108,0,0,0
2019-10-10 18:15,200,59,141,0,0,0
2019-10-10 18:30,173,70,103,0,0,0
2019-10-10 18:45,164,65,99,0,0,0
2019-10-10 19:00,167,64,103,0,0,0
2019-10-10 19:15,137,43,94,0,0,0
2019-10-10 19:30,114,49,65,0,0,0
2019-10-10 19:45,132,55,77,0,0,0
2019-10-10 20:00,109,32,77,0,0,0
2019-10-10 20:15,89,28,61,0,0,0
2019-10-10 20:30,70,24,46,0,0,0
2019-10-10 20:45,67,21,46,0,0,0
2019-10-10 21:00,68,19,49,0,0,0
2019-10-10 21:15,46,14,32,0,0,0
2019-10-10 21:30,51,12,39,0,0,0
2019-10-10 21:45,56,10,46,0,0,0
2019-10-10 22:00,41,11,30,0,0,0
2019-10-10 22:15,50,14,36,0,0,0
2019-10-10 22:30,59,16,43,0,0,0
2019-10-10 22:45,54,11,43,0,0,0
2019-10-10 23:00,38,4,34,0,0,0
2019-10-10 23:15,29,6,23,0,0,0
2019-10-10 23:30,33,8,25,0,0,0
2019-10-10 23:45,23,6,17,0,0,0
2019-10-11 00:00,26,7,19,0,0,0
2019-10-11 00:15,28,7,21,0,0,0
2019-10-11 00:30,21,5,16,0,0,0
2019-10-11 00:45,27,2,25,0,0,0
2019-10-11 01:00,13,2,11,0,0,0
2019-10-11 01:15,13,3,10,0,0,0
2019-10-11 01:30,10,2,8,0,0,0
2019-10-11 01:45,5,0,5,0,0,0
2019-10-11 02:00,7,3,4,0,0,0
2019-10-11 02:15,3,1,2,0,0,0
2019-10-11 02:30,1,1,0,0,0,0
2019-10-11 02:45,3,0,3,0,0,0
2019-10-11 03:00,0,0,0,0,0,0
2019-10-11 03:15,5,3,2,0,0,0
2019-10-11 03:30,3,1,2,0,0,0
2019-10-11 03:45,3,1,2,0,0,0
2019-10-11 04:00,5,2,3,0,0,0
2019-10-11 04:15,1,1,0,0,0,0
2019-10-11 04:30,3,1,2,0,0,0
2019-10-11 04:45,6,5,1,0,0,0
2019-10-11 05:00,3,3,0,0,0,0
2019-10-11 05:15,7,6,1,0,0,0
2019-10-11 05:30,13,8,5,0,0,0
2019-10-11 05:45,28,17,11,0,0,0
2019-10-11 06:00,26,22,4,0,0,0
2019-10-11 06:15,22,16,6,0,0,0
2019-10-11 06:30,42,31,11,0,0,0
2019-10-11 06:45,58,41,17,0,0,0
2019-10-11 07:00,61,42,19,0,0,0
2019-10-11 07:15,101,74,27,0,0,0
2019-10-11 07:30,168,108,60,0,0,0
2019-10-11 07:45,189,133,56,0,0,0
2019-10-11 08:00,118,86,32,0,0,0
2019-10-11 08:15,118,89,29,0,0,0
2019-10-11 08:30,92,62,30,0,0,0
2019-10-11 08:45,158,109,49,0,0,0
2019-10-11 09:00,86,54,32,0,0,0
2019-10-11 09:15,86,65,21,0,0,0
2019-10-11 09:30,91,58,33,0,0,0
2019-10-11 09:45,105,76,29,0,0,0
2019-10-11 10:00,85,54,31,0,0,0
2019-10-11 10:15,89,57,32,0,0,0
2019-10-11 10:30,75,48,27,0,0,0
2019-10-11 10:45,99,66,33,0,0,0
2019-10-11 11:00,107,60,47,0,0,0
2019-10-11 11:15,120,76,44,0,0,0
2019-10-11 11:30,123,61,62,0,0,0
2019-10-11 11:45,121,57,64,0,0,0
2019-10-11 12:00,150,62,88,0,0,0
2019-10-11 12:15,156,69,87,0,0,0
2019-10-11 12:30,160,63,97,0,0,0
2019-10-11 12:45,137,56,81,0,0,0
2019-10-11 13:00,170,62,108,0,0,0
2019-10-11 13:15,177,60,117,0,0,0
2019-10-11 13:30,147,48,99,0,0,0
2019-10-11 13:45,184,77,107,0,0,0
2019-10-11 14:00,168,57,111,0,0,0
2019-10-11 14:15,147,64,83,0,0,0
2019-10-11 14:30,156,55,101,0,0,0
2019-10-11 14:45,178,75,103,0,0,0
2019-10-11 15:00,169,53,116,0,0,0
2019-10-11 15:15,166,54,112,0,0,0
2019-10-11 15:30,180,78,102,0,0,0
2019-10-11 15:45,177,81,96,0,0,0
2019-10-11 16:00,146,55,91,0,0,0
2019-10-11 16:15,157,57,100,0,0,0
2019-10-11 16:30,128,49,79,0,0,0
2019-10-11 16:45,140,56,84,0,0,0
2019-10-11 17:00,162,67,95,0,0,0
2019-10-11 17:15,146,52,94,0,0,0
2019-10-11 17:30,159,58,101,0,0,0
2019-10-11 17:45,163,69,94,0,0,0
2019-10-11 18:00,136,43,93,0,0,0
2019-10-11 18:15,154,66,88,0,0,0
2019-10-11 18:30,130,57,73,0,0,0
2019-10-11 18:45,139,76,63,0,0,0
2019-10-11 19:00,102,30,72,0,0,0
2019-10-11 19:15,109,51,58,0,0,0
2019-10-11 19:30,90,39,51,0,0,0
2019-10-11 19:45,102,50,52,0,0,0
2019-10-11 20:00,98,35,63,0,0,0
2019-10-11 20:15,78,30,48,0,0,0
2019-10-11 20:30,70,39,31,0,0,0
2019-10-11 20:45,57,23,34,0,0,0
2019-10-11 21:00,56,14,42,0,0,0
2019-10-11 21:15,73,32,41,0,0,0
2019-10-11 21:30,42,23,19,0,0,0
2019-10-11 21:45,40,9,31,0,0,0
2019-10-11 22:00,42,12,30,0,0,0
2019-10-11 22:15,43,19,24,0,0,0
2019-10-11 22:30,50,15,35,0,0,0
2019-10-11 22:45,45,14,31,0,0,0
2019-10-11 23:00,53,19,34,0,0,0
2019-10-11 23:15,46,11,35,0,0,0
2019-10-11 23:30,45,14,31,0,0,0
2019-10-11 23:45,46,8,38,0,0,0
2019-10-12 00:00,46,18,28,0,0,0
2019-10-12 00:15,39,16,23,0,0,0
2019-10-12 00:30,26,7,19,0,0,0
2019-10-12 00:45,29,9,20,0,0,0
2019-10-12 01:00,31,7,24,0,0,0
2019-10-12 01:15,21,3,18,0,0,0
2019-10-12 01:30,25,5,20,0,0,0
2019-10-12 01:45,11,6,5,0,0,0
2019-10-12 02:00,24,8,16,0,0,0
2019-10-12 02:15,11,2,9,0,0,0
2019-10-12 02:30,19,2,17,0,0,0
2019-10-12 02:45,18,2,16,0,0,0
2019-10-12 03:00,11,5,6,0,0,0
2019-10-12 03:15,14,0,14,0,0,0
2019-10-12 03:30,10,4,6,0,0,0
2019-10-12 03:45,3,0,3,0,0,0
2019-10-12 04:00,15,6,9,0,0,0
2019-10-12 04:15,2,1,1,0,0,0
2019-10-12 04:30,11,2,9,0,0,0
2019-10-12 04:45,4,3,1,0,0,0
2019-10-12 05:00,1,1,0,0,0,0
2019-10-12 05:15,5,5,0,0,0,0
2019-10-12 05:30,19,6,13,0,0,0
2019-10-12 05:45,7,5,2,0,0,0
2019-10-12 06:00,4,3,1,0,0,0
2019-10-12 06:15,5,3,2,0,0,0
2019-10-12 06:30,12,9,3,0,0,0
2019-10-12 06:45,3,3,0,0,0,0
2019-10-12 07:00,8,6,2,0,0,0
2019-10-12 07:15,7,5,2,0,0,0
2019-10-12 07:30,22,14,8,0,0,0
2019-10-12 07:45,36,23,13,0,0,0
2019-10-12 08:00,23,16,7,0,0,0
2019-10-12 08:15,25,17,8,0,0,0
2019-10-12 08:30,47,28,19,0,0,0
2019-10-12 08:45,48,32,16,0,0,0
2019-10-12 09:00,62,37,25,0,0,0
2019-10-12 09:15,71,47,24,0,0,0
2019-10-12 09:30,98,77,21,0,0,0
2019-10-12 09:45,137,101,36,0,0,0
2019-10-12 10:00,117,82,35,0,0,0
2019-10-12 10:15,135,106,29,0,0,0
2019-10-12 10:30,128,86,42,0,0,0
2019-10-12 10:45,162,99,63,0,0,0
2019-10-12 11:00,127,73,54,0,0,0
2019-10-12 11:15,145,96,49,0,0,0
2019-10-12 11:30,156,93,63,0,0,0
2019-10-12 11:45,167,111,56,0,0,0
2019-10-12 12:00,168,107,61,0,0,0
2019-10-12 12:15,159,77,82,0,0,0
2019-10-12 12:30,172,78,94,0,0,0
2019-10-12 12:45,183,96,87,0,0,0
2019-10-12 13:00,179,85,94,0,0,0
2019-10-12 13:15,151,75,76,0,0,0
2019-10-12 13:30,187,66,121,0,0,0
2019-10-12 13:45,178,86,92,0,0,0
2019-10-12 14:00,200,80,120,0,0,0
2019-10-12 14:15,155,73,82,0,0,0
2019-10-12 14:30,178,68,110,0,0,0
2019-10-12 14:45,165,67,98,0,0,0
2019-10-12 15:00,156,63,93,0,0,0
2019-10-12 15:15,165,58,107,0,0,0
2019-10-12 15:30,143,50,93,0,0,0
2019-10-12 15:45,148,65,83,0,0,0
2019-10-12 16:00,149,62,87,0,0,0
2019-10-12 16:15,127,46,81,0,0,0
2019-10-12 16:30,149,71,78,0,0,0
2019-10-12 16:45,146,48,98,0,0,0
2019-10-12 17:00,130,51,79,0,0,0
2019-10-12 17:15,139,54,85,0,0,0
2019-10-12 17:30,149,75,74,0,0,0
2019-10-12 17:45,127,56,71,0,0,0
2019-10-12 18:00,144,48,96,0,0,0
2019-10-12 18:15,143,41,102,0,0,0
2019-10-12 18:30,145,24,121,0,0,0
2019-10-12 18:45,161,44,117,0,0,0
2019-10-12 19:00,124,50,74,0,0,0
2019-10-12 19:15,106,46,60,0,0,0
2019-10-12 19:30,96,40,56,0,0,0
2019-10-12 19:45,83,35,48,0,0,0
2019-10-12 20:00,93,26,67,0,0,0
2019-10-12 20:15,69,28,41,0,0,0
2019-10-12 20:30,55,24,31,0,0,0
2019-10-12 20:45,50,26,24,0,0,0
2019-10-12 21:00,59,24,35,0,0,0
2019-10-12 21:15,49,24,25,0,0,0
2019-10-12 21:30,40,13,27,0,0,0
2019-10-12 21:45,148,127,21,0,0,0
2019-10-12 22:00,71,51,20,0,0,0
2019-10-12 22:15,35,12,23,0,0,0
2019-10-12 22:30,57,32,25,0,0,0
2019-10-12 22:45,40,12,28,0,0,0
2019-10-12 23:00,46,21,25,0,0,0
2019-10-12 23:15,62,17,45,0,0,0
2019-10-12 23:30,40,9,31,0,0,0
2019-10-12 23:45,44,16,28,0,0,0
2019-10-13 00:00,34,9,25,0,0,0
2019-10-13 00:15,45,20,25,0,0,0
2019-10-13 00:30,43,10,33,0,0,0
2019-10-13 00:45,41,15,26,0,0,0
2019-10-13 01:00,39,16,23,0,0,0
2019-10-13 01:15,43,17,26,0,0,0
2019-10-13 01:30,16,6,10,0,0,0
2019-10-13 01:45,35,18,17,0,0,0
2019-10-13 02:00,25,9,16,0,0,0
2019-10-13 02:15,17,8,9,0,0,0
2019-10-13 02:30,11,7,4,0,0,0
2019-10-13 02:45,19,10,9,0,0,0
2019-10-13 03:00,14,2,12,0,0,0
2019-10-13 03:15,10,5,5,0,0,0
2019-10-13 03:30,16,5,11,0,0,0
2019-10-13 03:45,18,5,13,0,0,0
2019-10-13 04:00,9,2,7,0,0,0
2019-10-13 04:15,8,1,7,0,0,0
2019-10-13 04:30,12,2,10,0,0,0
2019-10-13 04:45,3,3,0,0,0,0
2019-10-13 05:00,3,2,1,0,0,0
2019-10-13 05:15,4,1,3,0,0,0
2019-10-13 05:30,11,5,6,0,0,0
2019-10-13 05:45,5,2,3,0,0,0
2019-10-13 06:00,5,1,4,0,0,0
2019-10-13 06:15,8,1,7,0,0,0
2019-10-13 06:30,5,5,0,0,0,0
2019-10-13 06:45,3,1,2,0,0,0
2019-10-13 07:00,3,1,2,0,0,0
2019-10-13 07:15,3,2,1,0,0,0
2019-10-13 07:30,6,4,2,0,0,0
2019-10-13 07:45,13,10,3,0,0,0
2019-10-13 08:00,15,9,6,0,0,0
2019-10-13 08:15,3,1,2,0,0,0
2019-10-13 08:30,18,6,12,0,0,0
2019-10-13 08:45,17,8,9,0,0,0
2019-10-13 09:00,6,3,3,0,0,0
2019-10-13 09:15,29,22,7,0,0,0
2019-10-13 09:30,34,20,14,0,0,0
2019-10-13 09:45,54,34,20,0,0,0
2019-10-13 10:00,30,22,8,0,0,0
2019-10-13 10:15,18,11,7,0,0,0
2019-10-13 10:30,42,23,19,0,0,0
2019-10-13 10:45,55,31,24,0,0,0
2019-10-13 11:00,24,17,7,0,0,0
2019-10-13 11:15,45,25,20,0,0,0
2019-10-13 11:30,46,29,17,0,0,0
2019-10-13 11:45,43,17,26,0,0,0
2019-10-13 12:00,55,31,24,0,0,0
2019-10-13 12:15,62,39,23,0,0,0
2019-10-13 12:30,78,36,42,0,0,0
2019-10-13 12:45,60,28,32,0,0,0
2019-10-13 13:00,52,29,23,0,0,0
2019-10-13 13:15,56,28,28,0,0,0
2019-10-13 13:30,52,23,29,0,0,0
2019-10-13 13:45,41,22,19,0,0,0
2019-10-13 14:00,65,30,35,0,0,0
2019-10-13 14:15,65,25,40,0,0,0
2019-10-13 14:30,91,40,51,0,0,0
2019-10-13 14:45,85,54,31,0,0,0
2019-10-13 15:00,70,28,42,0,0,0
2019-10-13 15:15,88,42,46,0,0,0
2019-10-13 15:30,69,38,31,0,0,0
2019-10-13 15:45,87,53,34,0,0,0
2019-10-13 16:00,69,23,46,0,0,0
2019-10-13 16:15,76,41,35,0,0,0
2019-10-13 16:30,80,38,42,0,0,0
2019-10-13 16:45,77,35,42,0,0,0
2019-10-13 17:00,61,17,44,0,0,0
2019-10-13 17:15,110,49,61,0,0,0
2019-10-13 17:30,107,42,65,0,0,0
2019-10-13 17:45,90,37,53,0,0,0
2019-10-13 18:00,73,29,44,0,0,0
2019-10-13 18:15,76,28,48,0,0,0
2019-10-13 18:30,68,24,44,0,0,0
2019-10-13 18:45,65,20,45,0,0,0
2019-10-13 19:00,68,27,41,0,0,0
2019-10-13 19:15,57,25,32,0,0,0
2019-10-13 19:30,53,25,28,0,0,0
2019-10-13 19:45,46,21,25,0,0,0
2019-10-13 20:00,48,13,35,0,0,0
2019-10-13 20:15,49,12,37,0,0,0
2019-10-13 20:30,46,14,32,0,0,0
2019-10-13 20:45,45,13,32,0,0,0
2019-10-13 21:00,21,4,17,0,0,0
2019-10-13 21:15,30,13,17,0,0,0
2019-10-13 21:30,44,17,27,0,0,0
2019-10-13 21:45,34,17,17,0,0,0
2019-10-13 22:00,21,7,14,0,0,0
2019-10-13 22:15,24,7,17,0,0,0
2019-10-13 22:30,28,11,17,0,0,0
2019-10-13 22:45,23,12,11,0,0,0
2019-10-13 23:00,19,3,16,0,0,0
2019-10-13 23:15,3,0,3,0,0,0
2019-10-13 23:30,14,6,8,0,0,0
2019-10-13 23:45,14,7,7,0,0,0
2019-10-14 00:00,11,1,10,0,0,0
2019-10-14 00:15,5,1,4,0,0,0
2019-10-14 00:30,3,1,2,0,0,0
2019-10-14 00:45,4,2,2,0,0,0
2019-10-14 01:00,2,0,2,0,0,0
2019-10-14 01:15,4,0,4,0,0,0
2019-10-14 01:30,7,3,4,0,0,0
2019-10-14 01:45,1,0,1,0,0,0
2019-10-14 02:00,1,1,0,0,0,0
2019-10-14 02:15,3,3,0,0,0,0
2019-10-14 02:30,2,2,0,0,0,0
2019-10-14 02:45,1,0,1,0,0,0
2019-10-14 03:00,0,0,0,0,0,0
2019-10-14 03:15,1,1,0,0,0,0
2019-10-14 03:30,1,0,1,0,0,0
2019-10-14 03:45,0,0,0,0,0,0
2019-10-14 04:00,1,0,1,0,0,0
2019-10-14 04:15,3,3,0,0,0,0
2019-10-14 04:30,2,0,2,0,0,0
2019-10-14 04:45,7,3,4,0,0,0
2019-10-14 05:00,6,4,2,0,0,0
2019-10-14 05:15,8,6,2,0,0,0
2019-10-14 05:30,12,10,2,0,0,0
2019-10-14 05:45,31,25,6,0,0,0
2019-10-14 06:00,16,11,5,0,0,0
2019-10-14 06:15,37,28,9,0,0,0
2019-10-14 06:30,54,39,15,0,0,0
2019-10-14 06:45,70,55,15,0,0,0
2019-10-14 07:00,65,41,24,0,0,0
2019-10-14 07:15,107,83,24,0,0,0
2019-10-14 07:30,119,76,43,0,0,0
2019-10-14 07:45,173,129,44,0,0,0
2019-10-14 08:00,157,106,51,0,0,0
2019-10-14 08:15,145,92,53,0,0,0
2019-10-14 08:30,112,81,31,0,0,0
2019-10-14 08:45,147,101,46,0,0,0
2019-10-14 09:00,123,103,20,0,0,0
2019-10-14 09:15,98,68,30,0,0,0
2019-10-14 09:30,121,86,35,0,0,0
2019-10-14 09:45,182,143,39,0,0,0
2019-10-14 10:00,149,106,43,0,0,0
2019-10-14 10:15,91,57,34,0,0,0
2019-10-14 10:30,101,61,40,0,0,0
2019-10-14 10:45,107,53,54,0,0,0
2019-10-14 11:00,121,66,55,0,0,0
2019-10-14 11:15,131,67,64,0,0,0
2019-10-14 11:30,122,69,53,0,0,0
2019-10-14 11:45,182,92,90,0,0,0
2019-10-14 12:00,149,72,77,0,0,0
2019-10-14 12:15,147,82,65,0,0,0
2019-10-14 12:30,120,54,66,0,0,0
2019-10-14 12:45,145,64,81,0,0,0
2019-10-14 13:00,158,60,98,0,0,0
2019-10-14 13:15,164,54,110,0,0,0
2019-10-14 13:30,132,58,74,0,0,0
2019-10-14 13:45,143,64,79,0,0,0
2019-10-14 14:00,150,70,80,0,0,0
2019-10-14 14:15,153,67,86,0,0,0
2019-10-14 14:30,145,53,92,0,0,0
2019-10-14 14:45,145,51,94,0,0,0
2019-10-14 15:00,166,64,102,0,0,0
2019-10-14 15:15,164,78,86,0,0,0
2019-10-14 15:30,197,86,111,0,0,0
2019-10-14 15:45,210,92,118,0,0,0
2019-10-14 16:00,209,76,133,0,0,0
2019-10-14 16:15,208,82,126,0,0,0
2019-10-14 16:30,207,82,125,0,0,0
2019-10-14 16:45,190,85,105,0,0,0
2019-10-14 17:00,226,84,142,0,0,0
2019-10-14 17:15,202,75,127,0,0,0
2019-10-14 17:30,219,83,136,0,0,0
2019-10-14 17:45,213,76,137,0,0,0
2019-10-14 18:00,232,80,152,0,0,0
2019-10-14 18:15,202,63,139,0,0,0
2019-10-14 18:30,166,44,122,0,0,0
2019-10-14 18:45,164,61,103,0,0,0
2019-10-14 19:00,124,36,88,0,0,0
2019-10-14 19:15,123,36,87,0,0,0
2019-10-14 19:30,106,34,72,0,0,0
2019-10-14 19:45,114,51,63,0,0,0
2019-10-14 20:00,112,36,76,0,0,0
2019-10-14 20:15,63,15,48,0,0,0
2019-10-14 20:30,51,17,34,0,0,0
2019-10-14 20:45,63,19,44,0,0,0
2019-10-14 21:00,54,19,35,0,0,0
2019-10-14 21:15,63,17,46,0,0,0
2019-10-14 21:30,60,18,42,0,0,0
2019-10-14 21:45,46,13,33,0,0,0
2019-10-14 22:00,46,14,32,0,0,0
2019-10-14 22:15,65,17,48,0,0,0
2019-10-14 22:30,40,9,31,0,0,0
2019-10-14 22:45,45,19,26,0,0,0
2019-10-14 23:00,29,8,21,0,0,0
2019-10-14 23:15,26,5,21,0,0,0
2019-10-14 23:30,26,9,17,0,0,0
2019-10-14 23:45,19,4,15,0,0,0
2019-10-15 00:00,11,5,6,0,0,0
2019-10-15 00:15,13,4,9,0,0,0
2019-10-15 00:30,7,1,6,0,0,0
2019-10-15 00:45,8,4,4,0,0,0
2019-10-15 01:00,7,3,4,0,0,0
2019-10-15 01:15,4,0,4,0,0,0
2019-10-15 01:30,3,2,1,0,0,0
2019-10-15 01:45,5,1,4,0,0,0
2019-10-15 02:00,7,2,5,0,0,0
2019-10-15 02:15,0,0,0,0,0,0
2019-10-15 02:30,8,0,8,0,0,0
2019-10-15 02:45,1,1,0,0,0,0
2019-10-15 03:00,1,0,1,0,0,0
2019-10-15 03:15,1,1,0,0,0,0
2019-10-15 03:30,0,0,0,0,0,0
2019-10-15 03:45,2,0,2,0,0,0
2019-10-15 04:00,0,0,0,0,0,0
2019-10-15 04:15,1,1,0,0,0,0
2019-10-15 04:30,2,1,1,0,0,0
2019-10-15 04:45,6,5,1,0,0,0
2019-10-15 05:00,2,2,0,0,0,0
2019-10-15 05:15,11,8,3,0,0,0
2019-10-15 05:30,16,12,4,0,0,0
2019-10-15 05:45,21,18,3,0,0,0
2019-10-15 06:00,21,13,8,0,0,0
2019-10-15 06:15,43,38,5,0,0,0
2019-10-15 06:30,56,40,16,0,0,0
2019-10-15 06:45,74,59,15,0,0,0
2019-10-15 07:00,72,50,22,0,0,0
2019-10-15 07:15,110,68,42,0,0,0
2019-10-15 07:30,113,78,35,0,0,0
2019-10-15 07:45,202,158,44,0,0,0
2019-10-15 08:00,185,135,50,0,0,0
2019-10-15 08:15,168,110,58,0,0,0
2019-10-15 08:30,127,97,30,0,0,0
2019-10-15 08:45,156,119,37,0,0,0
2019-10-15 09:00,100,64,36,0,0,0
2019-10-15 09:15,103,70,33,0,0,0
2019-10-15 09:30,135,93,42,0,0,0
2019-10-15 09:45,178,136,42,0,0,0
2019-10-15 10:00,150,101,49,0,0,0
2019-10-15 10:15,100,62,38,0,0,0
2019-10-15 10:30,108,69,39,0,0,0
2019-10-15 10:45,119,68,51,0,0,0
2019-10-15 11:00,94,52,42,0,0,0
2019-10-15 11:15,129,64,65,0,0,0
2019-10-15 11:30,128,68,60,0,0,0
2019-10-15 11:45,158,73,85,0,0,0
2019-10-15 12:00,155,56,99,0,0,0
2019-10-15 12:15,150,66,84,0,0,0
2019-10-15 12:30,120,58,62,0,0,0
2019-10-15 12:45,150,73,77,0,0,0
2019-10-15 13:00,159,56,103,0,0,0
2019-10-15 13:15,146,55,91,0,0,0
2019-10-15 13:30,159,61,98,0,0,0
2019-10-15 13:45,194,81,113,0,0,0
2019-10-15 14:00,178,75,103,0,0,0
2019-10-15 14:15,158,69,89,0,0,0
2019-10-15 14:30,150,59,91,0,0,0
2019-10-15 14:45,171,75,96,0,0,0
2019-10-15 15:00,151,52,99,0,0,0
2019-10-15 15:15,168,64,104,0,0,0
2019-10-15 15:30,152,64,88,0,0,0
2019-10-15 15:45,195,83,112,0,0,0
2019-10-15 16:00,189,69,120,0,0,0
2019-10-15 16:15,206,70,136,0,0,0
2019-10-15 16:30,203,71,132,0,0,0
2019-10-15 16:45,188,63,125,0,0,0
2019-10-15 17:00,199,75,124,0,0,0
2019-10-15 17:15,188,55,133,0,0,0
2019-10-15 17:30,170,60,110,0,0,0
2019-10-15 17:45,194,59,135,0,0,0
2019-10-15 18:00,180,59,121,0,0,0
2019-10-15 18:15,152,49,103,0,0,0
2019-10-15 18:30,113,35,78,0,0,0
2019-10-15 18:45,122,44,78,0,0,0
2019-10-15 19:00,127,30,97,0,0,0
2019-10-15 19:15,103,31,72,0,0,0
2019-10-15 19:30,76,22,54,0,0,0
2019-10-15 19:45,100,34,66,0,0,0
2019-10-15 20:00,82,34,48,0,0,0
2019-10-15 20:15,66,24,42,0,0,0
2019-10-15 20:30,32,8,24,0,0,0
2019-10-15 20:45,54,17,37,0,0,0
2019-10-15 21:00,53,10,43,0,0,0
2019-10-15 21:15,44,8,36,0,0,0
2019-10-15 21:30,48,16,32,0,0,0
2019-10-15 21:45,42,12,30,0,0,0
2019-10-15 22:00,43,12,31,0,0,0
2019-10-15 22:15,57,9,48,0,0,0
2019-10-15 22:30,37,11,26,0,0,0
2019-10-15 22:45,33,7,26,0,0,0
2019-10-15 23:00,44,11,33,0,0,0
2019-10-15 23:15,31,2,29,0,0,0
2019-10-15 23:30,9,2,7,0,0,0
2019-10-15 23:45,16,3,13,0,0,0
2019-10-16 00:00,10,5,5,0,0,0
2019-10-16 00:15,22,6,16,0,0,0
2019-10-16 00:30,13,1,12,0,0,0
2019-10-16 00:45,17,10,7,0,0,0
2019-10-16 01:00,0,0,0,0,0,0
2019-10-16 01:15,2,1,1,0,0,0
2019-10-16 01:30,5,2,3,0,0,0
2019-10-16 01:45,3,0,3,0,0,0
2019-10-16 02:00,7,2,5,0,0,0
2019-10-16 02:15,2,0,2,0,0,0
2019-10-16 02:30,4,1,3,0,0,0
2019-10-16 02:45,5,1,4,0,0,0
2019-10-16 03:00,1,0,1,0,0,0
2019-10-16 03:15,0,0,0,0,0,0
2019-10-16 03:30,2,0,2,0,0,0
2019-10-16 03:45,1,0,1,0,0,0
2019-10-16 04:00,4,1,3,0,0,0
2019-10-16 04:15,3,2,1,0,0,0
2019-10-16 04:30,2,0,2,0,0,0
2019-10-16 04:45,6,3,3,0,0,0
2019-10-16 05:00,1,0,1,0,0,0
2019-10-16 05:15,7,5,2,0,0,0
2019-10-16 05:30,12,10,2,0,0,0
2019-10-16 05:45,24,18,6,0,0,0
2019-10-16 06:00,16,11,5,0,0,0
2019-10-16 06:15,34,30,4,0,0,0
2019-10-16 06:30,38,29,9,0,0,0
2019-10-16 06:45,46,38,8,0,0,0
2019-10-16 07:00,67,45,22,0,0,0
2019-10-16 07:15,96,66,30,0,0,0
2019-10-16 07:30,106,77,29,0,0,0
2019-10-16 07:45,191,150,41,0,0,0
2019-10-16 08:00,144,102,42,0,0,0
2019-10-16 08:15,163,117,46,0,0,0
2019-10-16 08:30,108,81,27,0,0,0
2019-10-16 08:45,145,101,44,0,0,0
2019-10-16 09:00,100,78,22,0,0,0
2019-10-16 09:15,101,69,32,0,0,0
2019-10-16 09:30,120,89,31,0,0,0
2019-10-16 09:45,150,108,42,0,0,0
2019-10-16 10:00,119,77,42,0,0,0
2019-10-16 10:15,108,68,40,0,0,0
2019-10-16 10:30,121,62,59,0,0,0
2019-10-16 10:45,110,61,49,0,0,0
2019-10-16 11:00,99,49,50,0,0,0
2019-10-16 11:15,111,62,49,0,0,0
2019-10-16 11:30,155,88,67,0,0,0
2019-10-16 11:45,176,84,92,0,0,0
2019-10-16 12:00,153,64,89,0,0,0
2019-10-16 12:15,165,78,87,0,0,0
2019-10-16 12:30,155,77,78,0,0,0
2019-10-16 12:45,151,65,86,0,0,0
2019-10-16 13:00,133,63,70,0,0,0
2019-10-16 13:15,136,52,84,0,0,0
2019-10-16 13:30,135,56,79,0,0,0
2019-10-16 13:45,169,78,91,0,0,0
2019-10-16 14:00,182,61,121,0,0,0
2019-10-16 14:15,145,60,85,0,0,0
2019-10-16 14:30,141,58,83,0,0,0
2019-10-16 14:45,147,56,91,0,0,0
2019-10-16 15:00,146,59,87,0,0,0
2019-10-16 15:15,144,62,82,0,0,0
2019-10-16 15:30,154,43,111,0,0,0
2019-10-16 15:45,163,52,111,0,0,0
2019-10-16 16:00,194,69,125,0,0,0
2019-10-16 16:15,159,58,101,0,0,0
2019-10-16 16:30,188,67,121,0,0,0
2019-10-16 16:45,190,74,116,0,0,0
2019-10-16 17:00,184,62,122,0,0,0
2019-10-16 17:15,193,73,120,0,0,0
2019-10-16 17:30,198,62,136,0,0,0
2019-10-16 17:45,204,76,128,0,0,0
2019-10-16 18:00,193,65,128,0,0,0
2019-10-16 18:15,177,57,120,0,0,0
2019-10-16 18:30,143,52,91,0,0,0
2019-10-16 18:45,128,44,84,0,0,0
2019-10-16 19:00,141,48,93,0,0,0
2019-10-16 19:15,132,52,80,0,0,0
2019-10-16 19:30,111,28,83,0,0,0
2019-10-16 19:45,92,42,50,0,0,0
2019-10-16 20:00,97,23,74,0,0,0
2019-10-16 20:15,58,22,36,0,0,0
2019-10-16 20:30,65,29,36,0,0,0
2019-10-16 20:45,59,21,38,0,0,0
2019-10-16 21:00,69,31,38,0,0,0
2019-10-16 21:15,57,18,39,0,0,0
2019-10-16 21:30,42,20,22,0,0,0
2019-10-16 21:45,35,8,27,0,0,0
2019-10-16 22:00,77,19,58,0,0,0
2019-10-16 22:15,40,17,23,0,0,0
2019-10-16 22:30,55,16,39,0,0,0
2019-10-16 22:45,43,18,25,0,0,0
2019-10-16 23:00,50,21,29,0,0,0
2019-10-16 23:15,39,19,20,0,0,0
2019-10-16 23:30,23,5,18,0,0,0
2019-10-16 23:45,22,12,10,0,0,0
2019-10-17 00:00,23,12,11,0,0,0
2019-10-17 00:15,20,10,10,0,0,0
2019-10-17 00:30,22,7,15,0,0,0
2019-10-17 00:45,10,0,10,0,0,0
2019-10-17 01:00,8,0,8,0,0,0
2019-10-17 01:15,11,3,8,0,0,0
2019-10-17 01:30,6,1,5,0,0,0
2019-10-17 01:45,14,4,10,0,0,0
2019-10-17 02:00,8,1,7,0,0,0
2019-10-17 02:15,7,0,7,0,0,0
2019-10-17 02:30,4,0,4,0,0,0
2019-10-17 02:45,3,1,2,0,0,0
2019-10-17 03:00,8,0,8,0,0,0
2019-10-17 03:15,3,0,3,0,0,0
2019-10-17 03:30,6,1,5,0,0,0
2019-10-17 03:45,8,2,6,0,0,0
2019-10-17 04:00,3,0,3,0,0,0
2019-10-17 04:15,3,0,3,0,0,0
2019-10-17 04:30,3,1,2,0,0,0
2019-10-17 04:45,6,5,1,0,0,0
2019-10-17 05:00,5,3,2,0,0,0
2019-10-17 05:15,9,7,2,0,0,0
2019-10-17 05:30,20,12,8,0,0,0
2019-10-17 05:45,20,16,4,0,0,0
2019-10-17 06:00,26,19,7,0,0,0
2019-10-17 06:15,21,16,5,0,0,0
2019-10-17 06:30,36,26,10,0,0,0
2019-10-17 06:45,51,38,13,0,0,0
2019-10-17 07:00,74,49,25,0,0,0
2019-10-17 07:15,96,62,34,0,0,0
2019-10-17 07:30,96,67,29,0,0,0
2019-10-17 07:45,170,135,35,0,0,0
2019-10-17 08:00,138,106,32,0,0,0
2019-10-17 08:15,111,69,42,0,0,0
2019-10-17 08:30,97,72,25,0,0,0
2019-10-17 08:45,114,87,27,0,0,0
2019-10-17 09:00,77,58,19,0,0,0
2019-10-17 09:15,103,64,39,0,0,0
2019-10-17 09:30,101,72,29,0,0,0
2019-10-17 09:45,142,112,30,0,0,0
2019-10-17 10:00,111,71,40,0,0,0
2019-10-17 10:15,75,52,23,0,0,0
2019-10-17 10:30,85,51,34,0,0,0
2019-10-17 10:45,80,42,38,0,0,0
2019-10-17 11:00,72,32,40,0,0,0
2019-10-17 11:15,71,43,28,0,0,0
2019-10-17 11:30,96,42,54,0,0,0
2019-10-17 11:45,145,74,71,0,0,0
2019-10-17 12:00,93,48,45,0,0,0
2019-10-17 12:15,97,38,59,0,0,0
2019-10-17 12:30,121,47,74,0,0,0
2019-10-17 12:45,121,58,63,0,0,0
2019-10-17 13:00,82,37,45,0,0,0
2019-10-17 13:15,117,38,79,0,0,0
2019-10-17 13:30,94,43,51,0,0,0
2019-10-17 13:45,112,59,53,0,0,0
2019-10-17 14:00,150,54,96,0,0,0
2019-10-17 14:15,116,55,61,0,0,0
2019-10-17 14:30,120,55,65,0,0,0
2019-10-17 14:45,137,61,76,0,0,0
2019-10-17 15:00,131,60,71,0,0,0
2019-10-17 15:15,141,53,88,0,0,0
2019-10-17 15:30,142,71,71,0,0,0
2019-10-17 15:45,190,65,125,0,0,0
2019-10-17 16:00,189,66,123,0,0,0
2019-10-17 16:15,164,61,103,0,0,0
2019-10-17 16:30,201,56,145,0,0,0
2019-10-17 16:45,175,63,112,0,0,0
2019-10-17 17:00,183,53,130,0,0,0
2019-10-17 17:15,186,68,118,0,0,0
2019-10-17 17:30,180,74,106,0,0,0
2019-10-17 17:45,157,50,107,0,0,0
2019-10-17 18:00,175,50,125,0,0,0
2019-10-17 18:15,140,43,97,0,0,0
2019-10-17 18:30,134,47,87,0,0,0
2019-10-17 18:45,140,43,97,0,0,0
2019-10-17 19:00,131,42,89,0,0,0
2019-10-17 19:15,106,39,67,0,0,0
2019-10-17 19:30,103,44,59,0,0,0
2019-10-17 19:45,112,42,70,0,0,0
2019-10-17 20:00,83,26,57,0,0,0
2019-10-17 20:15,60,21,39,0,0,0
2019-10-17 20:30,60,18,42,0,0,0
2019-10-17 20:45,65,33,32,0,0,0
2019-10-17 21:00,72,24,48,0,0,0
2019-10-17 21:15,47,7,40,0,0,0
2019-10-17 21:30,33,11,22,0,0,0
2019-10-17 21:45,39,10,29,0,0,0
2019-10-17 22:00,49,13,36,0,0,0
2019-10-17 22:15,60,14,46,0,0,0
2019-10-17 22:30,44,17,27,0,0,0
2019-10-17 22:45,35,16,19,0,0,0
2019-10-17 23:00,45,16,29,0,0,0
2019-10-17 23:15,14,8,6,0,0,0
2019-10-17 23:30,53,22,31,0,0,0
2019-10-17 23:45,37,10,27,0,0,0
2019-10-18 00:00,21,9,12,0,0,0
2019-10-18 00:15,20,12,8,0,0,0
2019-10-18 00:30,13,0,13,0,0,0
2019-10-18 00:45,21,14,7,0,0,0
2019-10-18 01:00,7,2,5,0,0,0
2019-10-18 01:15,9,3,6,0,0,0
2019-10-18 01:30,6,0,6,0,0,0
2019-10-18 01:45,4,0,4,0,0,0
2019-10-18 02:00,6,2,4,0,0,0
2019-10-18 02:15,4,1,3,0,0,0
2019-10-18 02:30,2,0,2,0,0,0
2019-10-18 02:45,11,1,10,0,0,0
2019-10-18 03:00,15,4,11,0,0,0
2019-10-18 03:15,3,0,3,0,0,0
2019-10-18 03:30,6,0,6,0,0,0
2019-10-18 03:45,1,1,0,0,0,0
2019-10-18 04:00,1,0,1,0,0,0
2019-10-18 04:15,3,2,1,0,0,0
2019-10-18 04:30,5,1,4,0,0,0
2019-10-18 04:45,6,4,2,0,0,0
2019-10-18 05:00,1,1,0,0,0,0
2019-10-18 05:15,9,8,1,0,0,0
2019-10-18 05:30,21,13,8,0,0,0
2019-10-18 05:45,26,20,6,0,0,0
2019-10-18 06:00,19,15,4,0,0,0
2019-10-18 06:15,31,19,12,0,0,0
2019-10-18 06:30,35,22,13,0,0,0
2019-10-18 06:45,54,42,12,0,0,0
2019-10-18 07:00,56,40,16,0,0,0
2019-10-18 07:15,106,70,36,0,0,0
2019-10-18 07:30,96,71,25,0,0,0
2019-10-18 07:45,137,102,35,0,0,0
2019-10-18 08:00,116,89,27,0,0,0
2019-10-18 08:15,115,68,47,0,0,0
2019-10-18 08:30,110,70,40,0,0,0
2019-10-18 08:45,118,91,27,0,0,0
2019-10-18 09:00,87,64,23,0,0,0
2019-10-18 09:15,80,55,25,0,0,0
2019-10-18 09:30,82,59,23,0,0,0
2019-10-18 09:45,119,94,25,0,0,0
2019-10-18 10:00,102,65,37,0,0,0
2019-10-18 10:15,105,66,39,0,0,0
2019-10-18 10:30,110,65,45,0,0,0
2019-10-18 10:45,130,82,48,0,0,0
2019-10-18 11:00,71,39,32,0,0,0
2019-10-18 11:15,97,56,41,0,0,0
2019-10-18 11:30,100,56,44,0,0,0
2019-10-18 11:45,137,72,65,0,0,0
2019-10-18 12:00,158,85,73,0,0,0
2019-10-18 12:15,132,55,77,0,0,0
2019-10-18 12:30,133,56,77,0,0,0
2019-10-18 12:45,146,55,91,0,0,0
2019-10-18 13:00,60,21,39,0,0,0
2019-10-18 13:15,135,42,93,0,0,0
2019-10-18 13:30,140,49,91,0,0,0
2019-10-18 13:45,168,70,98,0,0,0
2019-10-18 14:00,159,54,105,0,0,0
2019-10-18 14:15,131,47,84,0,0,0
2019-10-18 14:30,142,55,87,0,0,0
2019-10-18 14:45,145,55,90,0,0,0
2019-10-18 15:00,142,63,79,0,0,0
2019-10-18 15:15,131,65,66,0,0,0
2019-10-18 15:30,141,62,79,0,0,0
2019-10-18 15:45,141,64,77,0,0,0
2019-10-18 16:00,164,74,90,0,0,0
2019-10-18 16:15,141,70,71,0,0,0
2019-10-18 16:30,162,69,93,0,0,0
2019-10-18 16:45,156,75,81,0,0,0
2019-10-18 17:00,114,50,64,0,0,0
2019-10-18 17:15,158,68,90,0,0,0
2019-10-18 17:30,154,69,85,0,0,0
2019-10-18 17:45,151,59,92,0,0,0
2019-10-18 18:00,148,59,89,0,0,0
2019-10-18 18:15,136,57,79,0,0,0
2019-10-18 18:30,137,57,80,0,0,0
2019-10-18 18:45,130,66,64,0,0,0
2019-10-18 19:00,122,52,70,0,0,0
2019-10-18 19:15,113,61,52,0,0,0
2019-10-18 19:30,121,57,64,0,0,0
2019-10-18 19:45,112,62,50,0,0,0
2019-10-18 20:00,83,43,40,0,0,0
2019-10-18 20:15,64,30,34,0,0,0
2019-10-18 20:30,63,32,31,0,0,0
2019-10-18 20:45,74,28,46,0,0,0
2019-10-18 21:00,51,13,38,0,0,0
2019-10-18 21:15,48,17,31,0,0,0
2019-10-18 21:30,40,10,30,0,0,0
2019-10-18 21:45,47,11,36,0,0,0
2019-10-18 22:00,46,14,32,0,0,0
2019-10-18 22:15,40,12,28,0,0,0
2019-10-18 22:30,41,6,35,0,0,0
2019-10-18 22:45,48,12,36,0,0,0
2019-10-18 23:00,37,10,27,0,0,0
2019-10-18 23:15,35,15,20,0,0,0
2019-10-18 23:30,45,6,39,0,0,0
2019-10-18 23:45,31,10,21,0,0,0
2019-10-19 00:00,46,16,30,0,0,0
2019-10-19 00:15,41,12,29,0,0,0
2019-10-19 00:30,40,6,34,0,0,0
2019-10-19 00:45,36,9,27,0,0,0
2019-10-19 01:00,30,10,20,0,0,0
2019-10-19 01:15,31,17,14,0,0,0
2019-10-19 01:30,23,1,22,0,0,0
2019-10-19 01:45,23,4,19,0,0,0
2019-10-19 02:00,9,1,8,0,0,0
2019-10-19 02:15,14,5,9,0,0,0
2019-10-19 02:30,14,5,9,0,0,0
2019-10-19 02:45,8,2,6,0,0,0
2019-10-19 03:00,13,3,10,0,0,0
2019-10-19 03:15,7,1,6,0,0,0
2019-10-19 03:30,11,0,11,0,0,0
2019-10-19 03:45,8,3,5,0,0,0
2019-10-19 04:00,5,1,4,0,0,0
2019-10-19 04:15,7,1,6,0,0,0
2019-10-19 04:30,14,2,12,0,0,0
2019-10-19 04:45,7,4,3,0,0,0
2019-10-19 05:00,1,0,1,0,0,0
2019-10-19 05:15,7,2,5,0,0,0
2019-10-19 05:30,15,12,3,0,0,0
2019-10-19 05:45,5,4,1,0,0,0
2019-10-19 06:00,9,6,3,0,0,0
2019-10-19 06:15,9,3,6,0,0,0
2019-10-19 06:30,15,6,9,0,0,0
2019-10-19 06:45,11,9,2,0,0,0
2019-10-19 07:00,7,7,0,0,0,0
2019-10-19 07:15,19,12,7,0,0,0
2019-10-19 07:30,14,9,5,0,0,0
2019-10-19 07:45,29,18,11,0,0,0
2019-10-19 08:00,15,10,5,0,0,0
2019-10-19 08:15,37,26,11,0,0,0
2019-10-19 08:30,40,27,13,0,0,0
2019-10-19 08:45,51,34,17,0,0,0
2019-10-19 09:00,37,22,15,0,0,0
2019-10-19 09:15,78,59,19,0,0,0
2019-10-19 09:30,84,61,23,0,0,0
2019-10-19 09:45,102,67,35,0,0,0
2019-10-19 10:00,83,61,22,0,0,0
2019-10-19 10:15,82,49,33,0,0,0
2019-10-19 10:30,108,81,27,0,0,0
2019-10-19 10:45,109,70,39,0,0,0
2019-10-19 11:00,95,61,34,0,0,0
2019-10-19 11:15,137,96,41,0,0,0
2019-10-19 11:30,113,64,49,0,0,0
2019-10-19 11:45,124,78,46,0,0,0
2019-10-19 12:00,116,50,66,0,0,0
2019-10-19 12:15,124,67,57,0,0,0
2019-10-19 12:30,147,75,72,0,0,0
2019-10-19 12:45,148,76,72,0,0,0
2019-10-19 13:00,141,60,81,0,0,0
2019-10-19 13:15,169,71,98,0,0,0
2019-10-19 13:30,170,77,93,0,0,0
2019-10-19 13:45,139,59,80,0,0,0
2019-10-19 14:00,137,65,72,0,0,0
2019-10-19 14:15,145,86,59,0,0,0
2019-10-19 14:30,142,45,97,0,0,0
2019-10-19 14:45,159,66,93,0,0,0
2019-10-19 15:00,137,63,74,0,0,0
2019-10-19 15:15,95,39,56,0,0,0
2019-10-19 15:30,76,18,58,0,0,0
2019-10-19 15:45,95,36,59,0,0,0
2019-10-19 16:00,108,47,61,0,0,0
2019-10-19 16:15,97,60,37,0,0,0
2019-10-19 16:30,91,33,58,0,0,0
2019-10-19 16:45,77,28,49,0,0,0
2019-10-19 17:00,103,37,66,0,0,0
2019-10-19 17:15,81,37,44,0,0,0
2019-10-19 17:30,63,15,48,0,0,0
2019-10-19 17:45,105,44,61,0,0,0
2019-10-19 18:00,97,31,66,0,0,0
2019-10-19 18:15,99,44,55,0,0,0
2019-10-19 18:30,50,22,28,0,0,0
2019-10-19 18:45,87,39,48,0,0,0
2019-10-19 19:00,72,25,47,0,0,0
2019-10-19 19:15,78,38,40,0,0,0
2019-10-19 19:30,69,33,36,0,0,0
2019-10-19 19:45,54,17,37,0,0,0
2019-10-19 20:00,61,26,35,0,0,0
2019-10-19 20:15,57,27,30,0,0,0
2019-10-19 20:30,75,36,39,0,0,0
2019-10-19 20:45,51,18,33,0,0,0
2019-10-19 21:00,42,18,24,0,0,0
2019-10-19 21:15,35,13,22,0,0,0
2019-10-19 21:30,30,11,19,0,0,0
2019-10-19 21:45,39,12,27,0,0,0
2019-10-19 22:00,25,11,14,0,0,0
2019-10-19 22:15,31,15,16,0,0,0
2019-10-19 22:30,23,8,15,0,0,0
2019-10-19 22:45,24,11,13,0,0,0
2019-10-19 23:00,25,10,15,0,0,0
2019-10-19 23:15,30,15,15,0,0,0
2019-10-19 23:30,30,8,22,0,0,0
2019-10-19 23:45,24,7,17,0,0,0
2019-10-20 00:00,40,16,24,0,0,0
2019-10-20 00:15,23,14,9,0,0,0
2019-10-20 00:30,16,5,11,0,0,0
2019-10-20 00:45,27,11,16,0,0,0
2019-10-20 01:00,20,2,18,0,0,0
2019-10-20 01:15,20,3,17,0,0,0
2019-10-20 01:30,9,4,5,0,0,0
2019-10-20 01:45,22,7,15,0,0,0
2019-10-20 02:00,25,6,19,0,0,0
2019-10-20 02:15,18,7,11,0,0,0
2019-10-20 02:30,15,7,8,0,0,0
2019-10-20 02:45,13,5,8,0,0,0
2019-10-20 03:00,8,4,4,0,0,0
2019-10-20 03:15,18,2,16,0,0,0
2019-10-20 03:30,10,0,10,0,0,0
2019-10-20 03:45,11,2,9,0,0,0
2019-10-20 04:00,10,1,9,0,0,0
2019-10-20 04:15,7,0,7,0,0,0
2019-10-20 04:30,12,4,8,0,0,0
2019-10-20 04:45,11,3,8,0,0,0
2019-10-20 05:00,1,0,1,0,0,0
2019-10-20 05:15,1,0,1,0,0,0
2019-10-20 05:30,7,7,0,0,0,0
2019-10-20 05:45,3,1,2,0,0,0
2019-10-20 06:00,5,2,3,0,0,0
2019-10-20 06:15,3,1,2,0,0,0
2019-10-20 06:30,11,2,9,0,0,0
2019-10-20 06:45,4,0,4,0,0,0
2019-10-20 07:00,3,2,1,0,0,0
2019-10-20 07:15,1,1,0,0,0,0
2019-10-20 07:30,1,1,0,0,0,0
2019-10-20 07:45,6,5,1,0,0,0
2019-10-20 08:00,6,3,3,0,0,0
2019-10-20 08:15,6,4,2,0,0,0
2019-10-20 08:30,10,4,6,0,0,0
2019-10-20 08:45,8,5,3,0,0,0
2019-10-20 09:00,10,5,5,0,0,0
2019-10-20 09:15,24,9,15,0,0,0
2019-10-20 09:30,17,9,8,0,0,0
2019-10-20 09:45,30,21,9,0,0,0
2019-10-20 10:00,35,23,12,0,0,0
2019-10-20 10:15,19,11,8,0,0,0
2019-10-20 10:30,30,14,16,0,0,0
2019-10-20 10:45,41,28,13,0,0,0
2019-10-20 11:00,24,10,14,0,0,0
2019-10-20 11:15,29,17,12,0,0,0
2019-10-20 11:30,40,17,23,0,0,0
2019-10-20 11:45,32,12,20,0,0,0
2019-10-20 12:00,40,21,19,0,0,0
2019-10-20 12:15,32,11,21,0,0,0
2019-10-20 12:30,38,21,17,0,0,0
2019-10-20 12:45,43,16,27,0,0,0
2019-10-20 13:00,25,11,14,0,0,0
2019-10-20 13:15,23,8,15,0,0,0
2019-10-20 13:30,37,12,25,0,0,0
2019-10-20 13:45,23,14,9,0,0,0
2019-10-20 14:00,36,16,20,0,0,0
2019-10-20 14:15,27,16,11,0,0,0
2019-10-20 14:30,25,14,11,0,0,0
2019-10-20 14:45,47,21,26,0,0,0
2019-10-20 15:00,29,17,12,0,0,0
2019-10-20 15:15,31,11,20,0,0,0
2019-10-20 15:30,27,16,11,0,0,0
2019-10-20 15:45,33,18,15,0,0,0
2019-10-20 16:00,30,13,17,0,0,0
2019-10-20 16:15,22,10,12,0,0,0
2019-10-20 16:30,16,7,9,0,0,0
2019-10-20 16:45,25,9,16,0,0,0
2019-10-20 17:00,36,14,22,0,0,0
2019-10-20 17:15,36,18,18,0,0,0
2019-10-20 17:30,32,10,22,0,0,0
2019-10-20 17:45,54,21,33,0,0,0
2019-10-20 18:00,35,17,18,0,0,0
2019-10-20 18:15,29,7,22,0,0,0
2019-10-20 18:30,29,12,17,0,0,0
2019-10-20 18:45,28,12,16,0,0,0
2019-10-20 19:00,26,11,15,0,0,0
2019-10-20 19:15,22,7,15,0,0,0
2019-10-20 19:30,22,11,11,0,0,0
2019-10-20 19:45,23,11,12,0,0,0
2019-10-20 20:00,25,12,13,0,0,0
2019-10-20 20:15,20,11,9,0,0,0
2019-10-20 20:30,21,7,14,0,0,0
2019-10-20 20:45,20,8,12,0,0,0
2019-10-20 21:00,27,8,19,0,0,0
2019-10-20 21:15,15,6,9,0,0,0
2019-10-20 21:30,21,9,12,0,0,0
2019-10-20 21:45,19,9,10,0,0,0
2019-10-20 22:00,10,3,7,0,0,0
2019-10-20 22:15,19,5,14,0,0,0
2019-10-20 22:30,9,2,7,0,0,0
2019-10-20 22:45,7,3,4,0,0,0
2019-10-20 23:00,8,1,7,0,0,0
2019-10-20 23:15,8,2,6,0,0,0
2019-10-20 23:30,12,2,10,0,0,0
2019-10-20 23:45,4,2,2,0,0,0
2019-10-21 00:00,11,5,6,0,0,0
2019-10-21 00:15,3,1,2,0,0,0
2019-10-21 00:30,1,0,1,0,0,0
2019-10-21 00:45,5,0,5,0,0,0
2019-10-21 01:00,6,3,3,0,0,0
2019-10-21 01:15,1,0,1,0,0,0
2019-10-21 01:30,1,1,0,0,0,0
2019-10-21 01:45,3,1,2,0,0,0
2019-10-21 02:00,2,0,2,0,0,0
2019-10-21 02:15,0,0,0,0,0,0
2019-10-21 02:30,0,0,0,0,0,0
2019-10-21 02:45,1,1,0,0,0,0
2019-10-21 03:00,1,1,0,0,0,0
2019-10-21 03:15,0,0,0,0,0,0
2019-10-21 03:30,3,1,2,0,0,0
2019-10-21 03:45,0,0,0,0,0,0
2019-10-21 04:00,0,0,0,0,0,0
2019-10-21 04:15,1,1,0,0,0,0
2019-10-21 04:30,1,0,1,0,0,0
2019-10-21 04:45,2,1,1,0,0,0
2019-10-21 05:00,4,2,2,0,0,0
2019-10-21 05:15,10,7,3,0,0,0
2019-10-21 05:30,14,12,2,0,0,0
2019-10-21 05:45,19,17,2,0,0,0
2019-10-21 06:00,24,16,8,0,0,0
2019-10-21 06:15,31,23,8,0,0,0
2019-10-21 06:30,32,22,10,0,0,0
2019-10-21 06:45,64,44,20,0,0,0
2019-10-21 07:00,74,53,21,0,0,0
2019-10-21 07:15,91,65,26,0,0,0
2019-10-21 07:30,99,70,29,0,0,0
2019-10-21 07:45,167,122,45,0,0,0
2019-10-21 08:00,127,81,46,0,0,0
2019-10-21 08:15,137,87,50,0,0,0
2019-10-21 08:30,104,69,35,0,0,0
2019-10-21 08:45,120,81,39,0,0,0
2019-10-21 09:00,94,68,26,0,0,0
2019-10-21 09:15,73,49,24,0,0,0
2019-10-21 09:30,87,58,29,0,0,0
2019-10-21 09:45,141,103,38,0,0,0
2019-10-21 10:00,123,92,31,0,0,0
2019-10-21 10:15,112,67,45,0,0,0
2019-10-21 10:30,92,51,41,0,0,0
2019-10-21 10:45,107,64,43,0,0,0
2019-10-21 11:00,85,37,48,0,0,0
2019-10-21 11:15,91,42,49,0,0,0
2019-10-21 11:30,88,33,55,0,0,0
2019-10-21 11:45,149,82,67,0,0,0
2019-10-21 12:00,131,65,66,0,0,0
2019-10-21 12:15,136,59,77,0,0,0
2019-10-21 12:30,99,48,51,0,0,0
2019-10-21 12:45,158,76,82,0,0,0
2019-10-21 13:00,110,52,58,0,0,0
2019-10-21 13:15,139,62,77,0,0,0
2019-10-21 13:30,111,59,52,0,0,0
2019-10-21 13:45,194,105,89,0,0,0
2019-10-21 14:00,160,69,91,0,0,0
2019-10-21 14:15,171,60,111,0,0,0
2019-10-21 14:30,164,62,102,0,0,0
2019-10-21 14:45,163,88,75,0,0,0
2019-10-21 15:00,150,52,98,0,0,0
2019-10-21 15:15,134,56,78,0,0,0
2019-10-21 15:30,167,73,94,0,0,0
2019-10-21 15:45,197,87,110,0,0,0
2019-10-21 16:00,166,57,109,0,0,0
2019-10-21 16:15,202,69,133,0,0,0
2019-10-21 16:30,156,51,105,0,0,0
2019-10-21 16:45,178,66,112,0,0,0
2019-10-21 17:00,208,76,132,0,0,0
2019-10-21 17:15,169,57,112,0,0,0
2019-10-21 17:30,219,78,141,0,0,0
2019-10-21 17:45,210,85,125,0,0,0
2019-10-21 18:00,220,77,143,0,0,0
2019-10-21 18:15,183,84,99,0,0,0
2019-10-21 18:30,159,63,96,0,0,0
2019-10-21 18:45,160,58,102,0,0,0
2019-10-21 19:00,116,43,73,0,0,0
2019-10-21 19:15,127,45,82,0,0,0
2019-10-21 19:30,112,48,64,0,0,0
2019-10-21 19:45,110,47,63,0,0,0
2019-10-21 20:00,80,28,52,0,0,0
2019-10-21 20:15,72,29,43,0,0,0
2019-10-21 20:30,70,26,44,0,0,0
2019-10-21 20:45,57,20,37,0,0,0
2019-10-21 21:00,50,19,31,0,0,0
2019-10-21 21:15,36,7,29,0,0,0
2019-10-21 21:30,56,14,42,0,0,0
2019-10-21 21:45,44,15,29,0,0,0
2019-10-21 22:00,50,12,38,0,0,0
2019-10-21 22:15,39,16,23,0,0,0
2019-10-21 22:30,49,14,35,0,0,0
2019-10-21 22:45,40,18,22,0,0,0
2019-10-21 23:00,42,11,31,0,0,0
2019-10-21 23:15,22,1,21,0,0,0
2019-10-21 23:30,17,4,13,0,0,0
2019-10-21 23:45,14,5,9,0,0,0
2019-10-22 00:00,18,4,14,0,0,0
2019-10-22 00:15,20,2,18,0,0,0
2019-10-22 00:30,12,1,11,0,0,0
2019-10-22 00:45,17,0,17,0,0,0
2019-10-22 01:00,12,1,11,0,0,0
2019-10-22 01:15,13,2,11,0,0,0
2019-10-22 01:30,21,0,21,0,0,0
2019-10-22 01:45,13,0,13,0,0,0
2019-10-22 02:00,8,2,6,0,0,0
2019-10-22 02:15,3,0,3,0,0,0
2019-10-22 02:30,3,1,2,0,0,0
2019-10-22 02:45,2,1,1,0,0,0
2019-10-22 03:00,4,1,3,0,0,0
2019-10-22 03:15,13,2,11,0,0,0
2019-10-22 03:30,3,0,3,0,0,0
2019-10-22 03:45,1,0,1,0,0,0
2019-10-22 04:00,0,0,0,0,0,0
2019-10-22 04:15,2,2,0,0,0,0
2019-10-22 04:30,0,0,0,0,0,0
2019-10-22 04:45,6,4,2,0,0,0
2019-10-22 05:00,4,3,1,0,0,0
2019-10-22 05:15,5,4,1,0,0,0
2019-10-22 05:30,22,17,5,0,0,0
2019-10-22 05:45,24,18,6,0,0,0
2019-10-22 06:00,19,10,9,0,0,0
2019-10-22 06:15,39,29,10,0,0,0
2019-10-22 06:30,41,31,10,0,0,0
2019-10-22 06:45,71,49,22,0,0,0
2019-10-22 07:00,87,58,29,0,0,0
2019-10-22 07:15,85,57,28,0,0,0
2019-10-22 07:30,144,97,47,0,0,0
2019-10-22 07:45,161,120,41,0,0,0
2019-10-22 08:00,167,136,31,0,0,0
2019-10-22 08:15,143,89,54,0,0,0
2019-10-22 08:30,123,86,37,0,0,0
2019-10-22 08:45,132,92,40,0,0,0
2019-10-22 09:00,113,75,38,0,0,0
2019-10-22 09:15,93,62,31,0,0,0
2019-10-22 09:30,100,77,23,0,0,0
2019-10-22 09:45,130,96,34,0,0,0
2019-10-22 10:00,113,74,39,0,0,0
2019-10-22 10:15,95,54,41,0,0,0
2019-10-22 10:30,107,71,36,0,0,0
2019-10-22 10:45,102,65,37,0,0,0
2019-10-22 11:00,95,45,50,0,0,0
2019-10-22 11:15,114,64,50,0,0,0
2019-10-22 11:30,99,49,50,0,0,0
2019-10-22 11:45,163,83,80,0,0,0
2019-10-22 12:00,143,68,75,0,0,0
2019-10-22 12:15,131,60,71,0,0,0
2019-10-22 12:30,130,61,69,0,0,0
2019-10-22 12:45,130,59,71,0,0,0
2019-10-22 13:00,129,52,77,0,0,0
2019-10-22 13:15,151,57,94,0,0,0
2019-10-22 13:30,145,70,75,0,0,0
2019-10-22 13:45,178,77,101,0,0,0
2019-10-22 14:00,155,69,86,0,0,0
2019-10-22 14:15,150,57,93,0,0,0
2019-10-22 14:30,136,64,72,0,0,0
2019-10-22 14:45,150,75,75,0,0,0
2019-10-22 15:00,149,50,99,0,0,0
2019-10-22 15:15,146,62,84,0,0,0
2019-10-22 15:30,161,62,99,0,0,0
2019-10-22 15:45,221,91,130,0,0,0
2019-10-22 16:00,221,86,135,0,0,0
2019-10-22 16:15,196,76,120,0,0,0
2019-10-22 16:30,235,88,147,0,0,0
2019-10-22 16:45,200,68,132,0,0,0
2019-10-22 17:00,232,99,133,0,0,0
2019-10-22 17:15,202,75,127,0,0,0
2019-10-22 17:30,212,76,136,0,0,0
2019-10-22 17:45,224,84,140,0,0,0
2019-10-22 18:00,197,67,130,0,0,0
2019-10-22 18:15,175,79,96,0,0,0
2019-10-22 18:30,151,55,96,0,0,0
2019-10-22 18:45,148,47,101,0,0,0
2019-10-22 19:00,119,29,90,0,0,0
2019-10-22 19:15,96,40,56,0,0,0
2019-10-22 19:30,107,42,65,0,0,0
2019-10-22 19:45,149,56,93,0,0,0
2019-10-22 20:00,99,34,65,0,0,0
2019-10-22 20:15,80,33,47,0,0,0
2019-10-22 20:30,73,27,46,0,0,0
2019-10-22 20:45,51,16,35,0,0,0
2019-10-22 21:00,57,24,33,0,0,0
2019-10-22 21:15,49,11,38,0,0,0
2019-10-22 21:30,44,7,37,0,0,0
2019-10-22 21:45,51,17,34,0,0,0
2019-10-22 22:00,34,7,27,0,0,0
2019-10-22 22:15,52,10,42,0,0,0
2019-10-22 22:30,58,14,44,0,0,0
2019-10-22 22:45,47,8,39,0,0,0
2019-10-22 23:00,44,14,30,0,0,0
2019-10-22 23:15,36,15,21,0,0,0
2019-10-22 23:30,37,7,30,0,0,0
2019-10-22 23:45,20,4,16,0,0,0
2019-10-23 00:00,11,4,7,0,0,0
2019-10-23 00:15,18,6,12,0,0,0
2019-10-23 00:30,18,7,11,0,0,0
2019-10-23 00:45,11,5,6,0,0,0
2019-10-23 01:00,9,3,6,0,0,0
2019-10-23 01:15,5,2,3,0,0,0
2019-10-23 01:30,0,0,0,0,0,0
2019-10-23 01:45,1,0,1,0,0,0
2019-10-23 02:00,5,4,1,0,0,0
2019-10-23 02:15,6,1,5,0,0,0
2019-10-23 02:30,3,3,0,0,0,0
2019-10-23 02:45,3,3,0,0,0,0
2019-10-23 03:00,2,1,1,0,0,0
2019-10-23 03:15,3,1,2,0,0,0
2019-10-23 03:30,1,0,1,0,0,0
2019-10-23 03:45,2,1,1,0,0,0
2019-10-23 04:00,0,0,0,0,0,0
2019-10-23 04:15,1,1,0,0,0,0
2019-10-23 04:30,2,0,2,0,0,0
2019-10-23 04:45,5,5,0,0,0,0
2019-10-23 05:00,2,0,2,0,0,0
2019-10-23 05:15,7,6,1,0,0,0
2019-10-23 05:30,14,10,4,0,0,0
2019-10-23 05:45,25,18,7,0,0,0
2019-10-23 06:00,22,16,6,0,0,0
2019-10-23 06:15,41,27,14,0,0,0
2019-10-23 06:30,51,36,15,0,0,0
2019-10-23 06:45,65,43,22,0,0,0
2019-10-23 07:00,74,49,25,0,0,0
2019-10-23 07:15,102,70,32,0,0,0
2019-10-23 07:30,107,75,32,0,0,0
2019-10-23 07:45,195,142,53,0,0,0
2019-10-23 08:00,149,105,44,0,0,0
2019-10-23 08:15,156,114,42,0,0,0
2019-10-23 08:30,119,77,42,0,0,0
2019-10-23 08:45,137,91,46,0,0,0
2019-10-23 09:00,85,56,29,0,0,0
2019-10-23 09:15,101,75,26,0,0,0
2019-10-23 09:30,111,71,40,0,0,0
2019-10-23 09:45,176,122,54,0,0,0
2019-10-23 10:00,127,85,42,0,0,0
2019-10-23 10:15,117,66,51,0,0,0
2019-10-23 10:30,117,71,46,0,0,0
2019-10-23 10:45,124,72,52,0,0,0
2019-10-23 11:00,98,51,47,0,0,0
2019-10-23 11:15,146,88,58,0,0,0
2019-10-23 11:30,140,75,65,0,0,0
2019-10-23 11:45,160,70,90,0,0,0
2019-10-23 12:00,177,88,89,0,0,0
2019-10-23 12:15,152,75,77,0,0,0
2019-10-23 12:30,182,83,99,0,0,0
2019-10-23 12:45,168,66,102,0,0,0
2019-10-23 13:00,162,70,92,0,0,0
2019-10-23 13:15,162,75,87,0,0,0
2019-10-23 13:30,145,68,77,0,0,0
2019-10-23 13:45,212,89,123,0,0,0
2019-10-23 14:00,193,76,117,0,0,0
2019-10-23 14:15,163,71,92,0,0,0
2019-10-23 14:30,157,50,107,0,0,0
2019-10-23 14:45,193,76,117,0,0,0
2019-10-23 15:00,163,56,107,0,0,0
2019-10-23 15:15,170,67,103,0,0,0
2019-10-23 15:30,176,65,111,0,0,0
2019-10-23 15:45,228,110,118,0,0,0
2019-10-23 16:00,195,76,119,0,0,0
2019-10-23 16:15,213,76,137,0,0,0
2019-10-23 16:30,208,76,132,0,0,0
2019-10-23 16:45,223,71,152,0,0,0
2019-10-23 17:00,250,88,162,0,0,0
2019-10-23 17:15,225,93,132,0,0,0
2019-10-23 17:30,232,84,148,0,0,0
2019-10-23 17:45,272,110,162,0,0,0
2019-10-23 18:00,240,87,153,0,0,0
2019-10-23 18:15,212,74,138,0,0,0
2019-10-23 18:30,175,66,109,0,0,0
2019-10-23 18:45,191,66,125,0,0,0
2019-10-23 19:00,162,43,119,0,0,0
2019-10-23 19:15,156,45,111,0,0,0
2019-10-23 19:30,128,31,97,0,0,0
2019-10-23 19:45,153,48,105,0,0,0
2019-10-23 20:00,104,44,60,0,0,0
2019-10-23 20:15,106,32,74,0,0,0
2019-10-23 20:30,88,25,63,0,0,0
2019-10-23 20:45,78,28,50,0,0,0
2019-10-23 21:00,75,32,43,0,0,0
2019-10-23 21:15,62,28,34,0,0,0
2019-10-23 21:30,64,27,37,0,0,0
2019-10-23 21:45,70,24,46,0,0,0
2019-10-23 22:00,64,14,50,0,0,0
2019-10-23 22:15,53,15,38,0,0,0
2019-10-23 22:30,75,34,41,0,0,0
2019-10-23 22:45,65,26,39,0,0,0
2019-10-23 23:00,60,26,34,0,0,0
2019-10-23 23:15,59,28,31,0,0,0
2019-10-23 23:30,34,14,20,0,0,0
2019-10-23 23:45,34,17,17,0,0,0
2019-10-24 00:00,30,16,14,0,0,0
2019-10-24 00:15,27,13,14,0,0,0
2019-10-24 00:30,22,10,12,0,0,0
2019-10-24 00:45,13,4,9,0,0,0
2019-10-24 01:00,28,14,14,0,0,0
2019-10-24 01:15,9,0,9,0,0,0
2019-10-24 01:30,3,1,2,0,0,0
2019-10-24 01:45,9,0,9,0,0,0
2019-10-24 02:00,16,5,11,0,0,0
2019-10-24 02:15,17,1,16,0,0,0
2019-10-24 02:30,4,1,3,0,0,0
2019-10-24 02:45,3,1,2,0,0,0
2019-10-24 03:00,11,2,9,0,0,0
2019-10-24 03:15,6,1,5,0,0,0
2019-10-24 03:30,7,0,7,0,0,0
2019-10-24 03:45,3,0,3,0,0,0
2019-10-24 04:00,5,0,5,0,0,0
2019-10-24 04:15,3,2,1,0,0,0
2019-10-24 04:30,5,1,4,0,0,0
2019-10-24 04:45,5,4,1,0,0,0
2019-10-24 05:00,2,2,0,0,0,0
2019-10-24 05:15,5,5,0,0,0,0
2019-10-24 05:30,17,14,3,0,0,0
2019-10-24 05:45,23,16,7,0,0,0
2019-10-24 06:00,19,13,6,0,0,0
2019-10-24 06:15,45,33,12,0,0,0
2019-10-24 06:30,41,27,14,0,0,0
2019-10-24 06:45,65,45,20,0,0,0
2019-10-24 07:00,65,42,23,0,0,0
2019-10-24 07:15,89,56,33,0,0,0
2019-10-24 07:30,108,82,26,0,0,0
2019-10-24 07:45,185,135,50,0,0,0
2019-10-24 08:00,142,105,37,0,0,0
2019-10-24 08:15,151,96,55,0,0,0
2019-10-24 08:30,133,87,46,0,0,0
2019-10-24 08:45,142,93,49,0,0,0
2019-10-24 09:00,100,75,25,0,0,0
2019-10-24 09:15,121,83,38,0,0,0
2019-10-24 09:30,101,68,33,0,0,0
2019-10-24 09:45,173,134,39,0,0,0
2019-10-24 10:00,103,60,43,0,0,0
2019-10-24 10:15,86,52,34,0,0,0
2019-10-24 10:30,90,51,39,0,0,0
2019-10-24 10:45,111,58,53,0,0,0
2019-10-24 11:00,92,50,42,0,0,0
2019-10-24 11:15,89,49,40,0,0,0
2019-10-24 11:30,103,53,50,0,0,0
2019-10-24 11:45,138,62,76,0,0,0
2019-10-24 12:00,144,63,81,0,0,0
2019-10-24 12:15,128,63,65,0,0,0
2019-10-24 12:30,104,45,59,0,0,0
2019-10-24 12:45,133,55,78,0,0,0
2019-10-24 13:00,160,65,95,0,0,0
2019-10-24 13:15,138,57,81,0,0,0
2019-10-24 13:30,137,63,74,0,0,0
2019-10-24 13:45,151,74,77,0,0,0
2019-10-24 14:00,141,61,80,0,0,0
2019-10-24 14:15,154,63,91,0,0,0
2019-10-24 14:30,158,76,82,0,0,0
2019-10-24 14:45,177,78,99,0,0,0
2019-10-24 15:00,188,77,111,0,0,0
2019-10-24 15:15,175,75,100,0,0,0
2019-10-24 15:30,175,78,97,0,0,0
2019-10-24 15:45,201,95,106,0,0,0
2019-10-24 16:00,238,88,150,0,0,0
2019-10-24 16:15,205,93,112,0,0,0
2019-10-24 16:30,200,72,128,0,0,0
2019-10-24 16:45,194,90,104,0,0,0
2019-10-24 17:00,219,89,130,0,0,0
2019-10-24 17:15,231,100,131,0,0,0
2019-10-24 17:30,192,78,114,0,0,0
2019-10-24 17:45,259,102,157,0,0,0
2019-10-24 18:00,234,82,152,0,0,0
2019-10-24 18:15,172,58,114,0,0,0
2019-10-24 18:30,162,59,103,0,0,0
2019-10-24 18:45,169,74,95,0,0,0
2019-10-24 19:00,164,59,105,0,0,0
2019-10-24 19:15,138,50,88,0,0,0
2019-10-24 19:30,140,61,79,0,0,0
2019-10-24 19:45,131,53,78,0,0,0
2019-10-24 20:00,112,42,70,0,0,0
2019-10-24 20:15,75,22,53,0,0,0
2019-10-24 20:30,71,21,50,0,0,0
2019-10-24 20:45,59,26,33,0,0,0
2019-10-24 21:00,56,25,31,0,0,0
2019-10-24 21:15,49,20,29,0,0,0
2019-10-24 21:30,83,36,47,0,0,0
2019-10-24 21:45,73,26,47,0,0,0
2019-10-24 22:00,53,16,37,0,0,0
2019-10-24 22:15,74,19,55,0,0,0
2019-10-24 22:30,43,10,33,0,0,0
2019-10-24 22:45,52,10,42,0,0,0
2019-10-24 23:00,35,14,21,0,0,0
2019-10-24 23:15,55,15,40,0,0,0
2019-10-24 23:30,35,15,20,0,0,0
2019-10-24 23:45,27,10,17,0,0,0
2019-10-25 00:00,32,14,18,0,0,0
2019-10-25 00:15,35,20,15,0,0,0
2019-10-25 00:30,9,2,7,0,0,0
2019-10-25 00:45,23,2,21,0,0,0
2019-10-25 01:00,14,5,9,0,0,0
2019-10-25 01:15,7,4,3,0,0,0
2019-10-25 01:30,5,3,2,0,0,0
2019-10-25 01:45,6,2,4,0,0,0
2019-10-25 02:00,8,5,3,0,0,0
2019-10-25 02:15,3,0,3,0,0,0
2019-10-25 02:30,2,1,1,0,0,0
2019-10-25 02:45,9,5,4,0,0,0
2019-10-25 03:00,1,1,0,0,0,0
2019-10-25 03:15,2,1,1,0,0,0
2019-10-25 03:30,0,0,0,0,0,0
2019-10-25 03:45,6,0,6,0,0,0
2019-10-25 04:00,2,2,0,0,0,0
2019-10-25 04:15,0,0,0,0,0,0
2019-10-25 04:30,3,2,1,0,0,0
2019-10-25 04:45,4,2,2,0,0,0
2019-10-25 05:00,3,3,0,0,0,0
2019-10-25 05:15,3,2,1,0,0,0
2019-10-25 05:30,19,14,5,0,0,0
2019-10-25 05:45,17,13,4,0,0,0
2019-10-25 06:00,26,17,9,0,0,0
2019-10-25 06:15,31,25,6,0,0,0
2019-10-25 06:30,41,29,12,0,0,0
2019-10-25 06:45,61,42,19,0,0,0
2019-10-25 07:00,91,64,27,0,0,0
2019-10-25 07:15,85,53,32,0,0,0
2019-10-25 07:30,109,75,34,0,0,0
2019-10-25 07:45,153,130,23,0,0,0
2019-10-25 08:00,132,90,42,0,0,0
2019-10-25 08:15,133,86,47,0,0,0
2019-10-25 08:30,119,83,36,0,0,0
2019-10-25 08:45,154,94,60,0,0,0
2019-10-25 09:00,105,67,38,0,0,0
2019-10-25 09:15,118,85,33,0,0,0
2019-10-25 09:30,112,79,33,0,0,0
2019-10-25 09:45,152,115,37,0,0,0
2019-10-25 10:00,101,71,30,0,0,0
2019-10-25 10:15,106,57,49,0,0,0
2019-10-25 10:30,93,51,42,0,0,0
2019-10-25 10:45,112,71,41,0,0,0
2019-10-25 11:00,121,74,47,0,0,0
2019-10-25 11:15,147,84,63,0,0,0
2019-10-25 11:30,149,76,73,0,0,0
2019-10-25 11:45,174,91,83,0,0,0
2019-10-25 12:00,156,74,82,0,0,0
2019-10-25 12:15,152,67,85,0,0,0
2019-10-25 12:30,170,74,96,0,0,0
2019-10-25 12:45,195,93,102,0,0,0
2019-10-25 13:00,179,59,120,0,0,0
2019-10-25 13:15,194,94,100,0,0,0
2019-10-25 13:30,177,75,102,0,0,0
2019-10-25 13:45,190,82,108,0,0,0
2019-10-25 14:00,204,79,125,0,0,0
2019-10-25 14:15,207,77,130,0,0,0
2019-10-25 14:30,184,73,111,0,0,0
2019-10-25 14:45,192,85,107,0,0,0
2019-10-25 15:00,190,83,107,0,0,0
2019-10-25 15:15,207,84,123,0,0,0
2019-10-25 15:30,207,98,109,0,0,0
2019-10-25 15:45,215,85,130,0,0,0
2019-10-25 16:00,217,108,109,0,0,0
2019-10-25 16:15,198,90,108,0,0,0
2019-10-25 16:30,185,93,92,0,0,0
2019-10-25 16:45,212,75,137,0,0,0
2019-10-25 17:00,198,90,108,0,0,0
2019-10-25 17:15,189,81,108,0,0,0
2019-10-25 17:30,186,65,121,0,0,0
2019-10-25 17:45,211,88,123,0,0,0
2019-10-25 18:00,202,66,136,0,0,0
2019-10-25 18:15,199,67,132,0,0,0
2019-10-25 18:30,124,49,75,0,0,0
2019-10-25 18:45,168,81,87,0,0,0
2019-10-25 19:00,118,56,62,0,0,0
2019-10-25 19:15,132,55,77,0,0,0
2019-10-25 19:30,104,41,63,0,0,0
2019-10-25 19:45,145,55,90,0,0,0
2019-10-25 20:00,141,71,70,0,0,0
2019-10-25 20:15,87,39,48,0,0,0
2019-10-25 20:30,62,31,31,0,0,0
2019-10-25 20:45,67,41,26,0,0,0
2019-10-25 21:00,50,22,28,0,0,0
2019-10-25 21:15,58,19,39,0,0,0
2019-10-25 21:30,57,30,27,0,0,0
2019-10-25 21:45,55,21,34,0,0,0
2019-10-25 22:00,45,10,35,0,0,0
2019-10-25 22:15,67,29,38,0,0,0
2019-10-25 22:30,67,30,37,0,0,0
2019-10-25 22:45,47,20,27,0,0,0
2019-10-25 23:00,32,9,23,0,0,0
2019-10-25 23:15,49,23,26,0,0,0
2019-10-25 23:30,48,21,27,0,0,0
2019-10-25 23:45,54,17,37,0,0,0
2019-10-26 00:00,52,25,27,0,0,0
2019-10-26 00:15,44,22,22,0,0,0
2019-10-26 00:30,23,5,18,0,0,0
2019-10-26 00:45,38,12,26,0,0,0
2019-10-26 01:00,40,12,28,0,0,0
2019-10-26 01:15,32,9,23,0,0,0
2019-10-26 01:30,24,3,21,0,0,0
2019-10-26 01:45,28,14,14,0,0,0
2019-10-26 02:00,27,6,21,0,0,0
2019-10-26 02:15,22,3,19,0,0,0
2019-10-26 02:30,12,1,11,0,0,0
2019-10-26 02:45,17,6,11,0,0,0
2019-10-26 03:00,17,2,15,0,0,0
2019-10-26 03:15,16,4,12,0,0,0
2019-10-26 03:30,13,7,6,0,0,0
2019-10-26 03:45,7,1,6,0,0,0
2019-10-26 04:00,8,0,8,0,0,0
2019-10-26 04:15,5,2,3,0,0,0
2019-10-26 04:30,5,3,2,0,0,0
2019-10-26 04:45,6,2,4,0,0,0
2019-10-26 05:00,1,1,0,0,0,0
2019-10-26 05:15,7,3,4,0,0,0
2019-10-26 05:30,14,8,6,0,0,0
2019-10-26 05:45,6,5,1,0,0,0
2019-10-26 06:00,4,3,1,0,0,0
2019-10-26 06:15,7,5,2,0,0,0
2019-10-26 06:30,8,6,2,0,0,0
2019-10-26 06:45,9,6,3,0,0,0
2019-10-26 07:00,17,10,7,0,0,0
2019-10-26 07:15,13,8,5,0,0,0
2019-10-26 07:30,19,11,8,0,0,0
2019-10-26 07:45,29,21,8,0,0,0
2019-10-26 08:00,28,20,8,0,0,0
2019-10-26 08:15,32,23,9,0,0,0
2019-10-26 08:30,46,30,16,0,0,0
2019-10-26 08:45,68,45,23,0,0,0
2019-10-26 09:00,49,37,12,0,0,0
2019-10-26 09:15,74,56,18,0,0,0
2019-10-26 09:30,90,68,22,0,0,0
2019-10-26 09:45,139,106,33,0,0,0
2019-10-26 10:00,131,95,36,0,0,0
2019-10-26 10:15,102,71,31,0,0,0
2019-10-26 10:30,136,87,49,0,0,0
2019-10-26 10:45,157,99,58,0,0,0
2019-10-26 11:00,153,105,48,0,0,0
2019-10-26 11:15,154,87,67,0,0,0
2019-10-26 11:30,166,93,73,0,0,0
2019-10-26 11:45,184,102,82,0,0,0
2019-10-26 12:00,175,109,66,0,0,0
2019-10-26 12:15,173,92,81,0,0,0
2019-10-26 12:30,205,115,90,0,0,0
2019-10-26 12:45,220,114,106,0,0,0
2019-10-26 13:00,157,79,78,0,0,0
2019-10-26 13:15,176,84,92,0,0,0
2019-10-26 13:30,164,102,62,0,0,0
2019-10-26 13:45,192,91,101,0,0,0
2019-10-26 14:00,159,74,85,0,0,0
2019-10-26 14:15,183,78,105,0,0,0
2019-10-26 14:30,182,68,114,0,0,0
2019-10-26 14:45,192,90,102,0,0,0
2019-10-26 15:00,195,72,123,0,0,0
2019-10-26 15:15,178,86,92,0,0,0
2019-10-26 15:30,163,72,91,0,0,0
2019-10-26 15:45,219,106,113,0,0,0
2019-10-26 16:00,150,51,99,0,0,0
2019-10-26 16:15,132,62,70,0,0,0
2019-10-26 16:30,157,64,93,0,0,0
2019-10-26 16:45,170,74,96,0,0,0
2019-10-26 17:00,152,48,104,0,0,0
2019-10-26 17:15,149,66,83,0,0,0
2019-10-26 17:30,143,53,90,0,0,0
2019-10-26 17:45,136,57,79,0,0,0
2019-10-26 18:00,145,56,89,0,0,0
2019-10-26 18:15,156,68,88,0,0,0
2019-10-26 18:30,123,42,81,0,0,0
2019-10-26 18:45,125,60,65,0,0,0
2019-10-26 19:00,114,47,67,0,0,0
2019-10-26 19:15,115,61,54,0,0,0
2019-10-26 19:30,109,55,54,0,0,0
2019-10-26 19:45,114,54,60,0,0,0
2019-10-26 20:00,103,33,70,0,0,0
2019-10-26 20:15,79,39,40,0,0,0
2019-10-26 20:30,64,34,30,0,0,0
2019-10-26 20:45,63,27,36,0,0,0
2019-10-26 21:00,73,28,45,0,0,0
2019-10-26 21:15,76,24,52,0,0,0
2019-10-26 21:30,46,22,24,0,0,0
2019-10-26 21:45,43,18,25,0,0,0
2019-10-26 22:00,43,18,25,0,0,0
2019-10-26 22:15,47,15,32,0,0,0
2019-10-26 22:30,45,14,31,0,0,0
2019-10-26 22:45,52,16,36,0,0,0
2019-10-26 23:00,50,22,28,0,0,0
2019-10-26 23:15,27,7,20,0,0,0
2019-10-26 23:30,42,13,29,0,0,0
2019-10-26 23:45,57,18,39,0,0,0
2019-10-27 00:00,42,18,24,0,0,0
2019-10-27 00:15,48,18,30,0,0,0
2019-10-27 00:30,37,15,22,0,0,0
2019-10-27 00:45,33,10,23,0,0,0
2019-10-27 01:00,33,10,23,0,0,0
2019-10-27 01:15,31,6,25,0,0,0
2019-10-27 01:30,29,9,20,0,0,0
2019-10-27 01:45,26,6,20,0,0,0
2019-10-27 02:00,34,6,28,0,0,0
2019-10-27 02:15,34,13,21,0,0,0
2019-10-27 02:30,33,6,27,0,0,0
2019-10-27 02:45,25,5,20,0,0,0
2019-10-27 03:00,2,2,0,0,0,0
2019-10-27 03:15,7,1,6,0,0,0
2019-10-27 03:30,1,0,1,0,0,0
2019-10-27 03:45,5,3,2,0,0,0
2019-10-27 04:00,0,0,0,0,0,0
2019-10-27 04:15,4,1,3,0,0,0
2019-10-27 04:30,10,4,6,0,0,0
2019-10-27 04:45,2,1,1,0,0,0
2019-10-27 05:00,1,1,0,0,0,0
2019-10-27 05:15,3,3,0,0,0,0
2019-10-27 05:30,4,4,0,0,0,0
2019-10-27 05:45,3,1,2,0,0,0
2019-10-27 06:00,1,0,1,0,0,0
2019-10-27 06:15,2,0,2,0,0,0
2019-10-27 06:30,6,2,4,0,0,0
2019-10-27 06:45,1,0,1,0,0,0
2019-10-27 07:00,1,1,0,0,0,0
2019-10-27 07:15,2,1,1,0,0,0
2019-10-27 07:30,9,6,3,0,0,0
2019-10-27 07:45,14,11,3,0,0,0
2019-10-27 08:00,14,5,9,0,0,0
2019-10-27 08:15,11,7,4,0,0,0
2019-10-27 08:30,6,4,2,0,0,0
2019-10-27 08:45,13,8,5,0,0,0
2019-10-27 09:00,20,11,9,0,0,0
2019-10-27 09:15,25,15,10,0,0,0
2019-10-27 09:30,31,17,14,0,0,0
2019-10-27 09:45,67,42,25,0,0,0
2019-10-27 10:00,24,16,8,0,0,0
2019-10-27 10:15,34,17,17,0,0,0
2019-10-27 10:30,30,12,18,0,0,0
2019-10-27 10:45,60,33,27,0,0,0
2019-10-27 11:00,44,23,21,0,0,0
2019-10-27 11:15,33,18,15,0,0,0
2019-10-27 11:30,46,25,21,0,0,0
2019-10-27 11:45,60,36,24,0,0,0
2019-10-27 12:00,64,38,26,0,0,0
2019-10-27 12:15,57,28,29,0,0,0
2019-10-27 12:30,51,22,29,0,0,0
2019-10-27 12:45,71,44,27,0,0,0
2019-10-27 13:00,74,39,35,0,0,0
2019-10-27 13:15,67,33,34,0,0,0
2019-10-27 13:30,70,34,36,0,0,0
2019-10-27 13:45,73,42,31,0,0,0
2019-10-27 14:00,75,40,35,0,0,0
2019-10-27 14:15,78,42,36,0,0,0
2019-10-27 14:30,75,46,29,0,0,0
2019-10-27 14:45,84,52,32,0,0,0
2019-10-27 15:00,76,30,46,0,0,0
2019-10-27 15:15,77,38,39,0,0,0
2019-10-27 15:30,82,26,56,0,0,0
2019-10-27 15:45,90,41,49,0,0,0
2019-10-27 16:00,108,39,69,0,0,0
2019-10-27 16:15,123,30,93,0,0,0
2019-10-27 16:30,85,34,51,0,0,0
2019-10-27 16:45,70,34,36,0,0,0
2019-10-27 17:00,54,25,29,0,0,0
2019-10-27 17:15,54,25,29,0,0,0
2019-10-27 17:30,98,41,57,0,0,0
2019-10-27 17:45,83,47,36,0,0,0
2019-10-27 18:00,63,17,46,0,0,0
2019-10-27 18:15,54,19,35,0,0,0
2019-10-27 18:30,54,25,29,0,0,0
2019-10-27 18:45,76,29,47,0,0,0
2019-10-27 19:00,146,106,40,0,0,0
2019-10-27 19:15,73,48,25,0,0,0
2019-10-27 19:30,71,34,37,0,0,0
2019-10-27 19:45,51,26,25,0,0,0
2019-10-27 20:00,49,17,32,0,0,0
2019-10-27 20:15,29,13,16,0,0,0
2019-10-27 20:30,46,28,18,0,0,0
2019-10-27 20:45,24,9,15,0,0,0
2019-10-27 21:00,25,8,17,0,0,0
2019-10-27 21:15,22,3,19,0,0,0
2019-10-27 21:30,23,6,17,0,0,0
2019-10-27 21:45,34,12,22,0,0,0
2019-10-27 22:00,31,4,27,0,0,0
2019-10-27 22:15,27,6,21,0,0,0
2019-10-27 22:30,21,7,14,0,0,0
2019-10-27 22:45,16,3,13,0,0,0
2019-10-27 23:00,13,2,11,0,0,0
2019-10-27 23:15,8,5,3,0,0,0
2019-10-27 23:30,5,0,5,0,0,0
2019-10-27 23:45,4,0,4,0,0,0
2019-10-28 00:00,1,0,1,0,0,0
2019-10-28 00:15,6,1,5,0,0,0
2019-10-28 00:30,6,1,5,0,0,0
2019-10-28 00:45,6,3,3,0,0,0
2019-10-28 01:00,8,5,3,0,0,0
2019-10-28 01:15,3,0,3,0,0,0
2019-10-28 01:30,0,0,0,0,0,0
2019-10-28 01:45,2,0,2,0,0,0
2019-10-28 02:00,0,0,0,0,0,0
2019-10-28 02:15,0,0,0,0,0,0
2019-10-28 02:30,2,1,1,0,0,0
2019-10-28 02:45,0,0,0,0,0,0
2019-10-28 03:00,0,0,0,0,0,0
2019-10-28 03:15,1,0,1,0,0,0
2019-10-28 03:30,1,1,0,0,0,0
2019-10-28 03:45,1,0,1,0,0,0
2019-10-28 04:00,0,0,0,0,0,0
2019-10-28 04:15,0,0,0,0,0,0
2019-10-28 04:30,0,0,0,0,0,0
2019-10-28 04:45,0,0,0,0,0,0
2019-10-28 05:00,2,2,0,0,0,0
2019-10-28 05:15,6,6,0,0,0,0
2019-10-28 05:30,13,9,4,0,0,0
2019-10-28 05:45,22,21,1,0,0,0
2019-10-28 06:00,26,21,5,0,0,0
2019-10-28 06:15,36,27,9,0,0,0
2019-10-28 06:30,50,40,10,0,0,0
2019-10-28 06:45,75,57,18,0,0,0
2019-10-28 07:00,108,68,40,0,0,0
2019-10-28 07:15,152,106,46,0,0,0
2019-10-28 07:30,173,114,59,0,0,0
2019-10-28 07:45,234,162,72,0,0,0
2019-10-28 08:00,140,97,43,0,0,0
2019-10-28 08:15,164,109,55,0,0,0
2019-10-28 08:30,139,93,46,0,0,0
2019-10-28 08:45,136,102,34,0,0,0
2019-10-28 09:00,96,66,30,0,0,0
2019-10-28 09:15,107,69,38,0,0,0
2019-10-28 09:30,118,84,34,0,0,0
2019-10-28 09:45,163,120,43,0,0,0
2019-10-28 10:00,153,104,49,0,0,0
2019-10-28 10:15,109,72,37,0,0,0
2019-10-28 10:30,114,64,50,0,0,0
2019-10-28 10:45,120,53,67,0,0,0
2019-10-28 11:00,106,51,55,0,0,0
2019-10-28 11:15,116,62,54,0,0,0
2019-10-28 11:30,132,72,60,0,0,0
2019-10-28 11:45,170,82,88,0,0,0
2019-10-28 12:00,158,62,96,0,0,0
2019-10-28 12:15,157,50,107,0,0,0
2019-10-28 12:30,142,47,95,0,0,0
2019-10-28 12:45,140,64,76,0,0,0
2019-10-28 13:00,148,62,86,0,0,0
2019-10-28 13:15,145,59,86,0,0,0
2019-10-28 13:30,136,62,74,0,0,0
2019-10-28 13:45,154,69,85,0,0,0
2019-10-28 14:00,158,74,84,0,0,0
2019-10-28 14:15,149,58,91,0,0,0
2019-10-28 14:30,172,69,103,0,0,0
2019-10-28 14:45,203,91,112,0,0,0
2019-10-28 15:00,152,67,85,0,0,0
2019-10-28 15:15,140,57,83,0,0,0
2019-10-28 15:30,167,59,108,0,0,0
2019-10-28 15:45,216,87,129,0,0,0
2019-10-28 16:00,229,79,150,0,0,0
2019-10-28 16:15,191,73,118,0,0,0
2019-10-28 16:30,219,86,133,0,0,0
2019-10-28 16:45,230,78,152,0,0,0
2019-10-28 17:00,178,72,106,0,0,0
2019-10-28 17:15,186,58,128,0,0,0
2019-10-28 17:30,179,61,118,0,0,0
2019-10-28 17:45,237,88,149,0,0,0
2019-10-28 18:00,203,65,138,0,0,0
2019-10-28 18:15,172,57,115,0,0,0
2019-10-28 18:30,139,49,90,0,0,0
2019-10-28 18:45,151,54,97,0,0,0
2019-10-28 19:00,168,58,110,0,0,0
2019-10-28 19:15,101,34,67,0,0,0
2019-10-28 19:30,125,44,81,0,0,0
2019-10-28 19:45,105,37,68,0,0,0
2019-10-28 20:00,79,29,50,0,0,0
2019-10-28 20:15,82,31,51,0,0,0
2019-10-28 20:30,57,18,39,0,0,0
2019-10-28 20:45,47,10,37,0,0,0
2019-10-28 21:00,46,14,32,0,0,0
2019-10-28 21:15,64,17,47,0,0,0
2019-10-28 21:30,73,24,49,0,0,0
2019-10-28 21:45,79,33,46,0,0,0
2019-10-28 22:00,48,9,39,0,0,0
2019-10-28 22:15,63,17,46,0,0,0
2019-10-28 22:30,38,14,24,0,0,0
2019-10-28 22:45,34,12,22,0,0,0
2019-10-28 23:00,37,11,26,0,0,0
2019-10-28 23:15,15,5,10,0,0,0
2019-10-28 23:30,22,2,20,0,0,0
2019-10-28 23:45,11,7,4,0,0,0
2019-10-29 00:00,10,4,6,0,0,0
2019-10-29 00:15,11,5,6,0,0,0
2019-10-29 00:30,12,2,10,0,0,0
2019-10-29 00:45,7,1,6,0,0,0
2019-10-29 01:00,5,2,3,0,0,0
2019-10-29 01:15,2,2,0,0,0,0
2019-10-29 01:30,2,1,1,0,0,0
2019-10-29 01:45,1,0,1,0,0,0
2019-10-29 02:00,1,0,1,0,0,0
2019-10-29 02:15,3,0,3,0,0,0
2019-10-29 02:30,1,0,1,0,0,0
2019-10-29 02:45,1,1,0,0,0,0
2019-10-29 03:00,1,1,0,0,0,0
2019-10-29 03:15,0,0,0,0,0,0
2019-10-29 03:30,0,0,0,0,0,0
2019-10-29 03:45,0,0,0,0,0,0
2019-10-29 04:00,0,0,0,0,0,0
2019-10-29 04:15,0,0,0,0,0,0
2019-10-29 04:30,2,1,1,0,0,0
2019-10-29 04:45,6,5,1,0,0,0
2019-10-29 05:00,3,3,0,0,0,0
2019-10-29 05:15,8,5,3,0,0,0
2019-10-29 05:30,14,8,6,0,0,0
2019-10-29 05:45,20,17,3,0,0,0
2019-10-29 06:00,32,25,7,0,0,0
2019-10-29 06:15,42,34,8,0,0,0
2019-10-29 06:30,57,42,15,0,0,0
2019-10-29 06:45,60,46,14,0,0,0
2019-10-29 07:00,87,59,28,0,0,0
2019-10-29 07:15,155,100,55,0,0,0
2019-10-29 07:30,169,118,51,0,0,0
2019-10-29 07:45,226,151,75,0,0,0
2019-10-29 08:00,174,124,50,0,0,0
2019-10-29 08:15,150,99,51,0,0,0
2019-10-29 08:30,137,101,36,0,0,0
2019-10-29 08:45,151,104,47,0,0,0
2019-10-29 09:00,119,74,45,0,0,0
2019-10-29 09:15,100,71,29,0,0,0
2019-10-29 09:30,130,94,36,0,0,0
2019-10-29 09:45,165,121,44,0,0,0
2019-10-29 10:00,140,102,38,0,0,0
2019-10-29 10:15,107,70,37,0,0,0
2019-10-29 10:30,135,80,55,0,0,0
2019-10-29 10:45,106,57,49,0,0,0
2019-10-29 11:00,124,63,61,0,0,0
2019-10-29 11:15,113,51,62,0,0,0
2019-10-29 11:30,112,50,62,0,0,0
2019-10-29 11:45,137,64,73,0,0,0
2019-10-29 12:00,166,68,98,0,0,0
2019-10-29 12:15,152,68,84,0,0,0
2019-10-29 12:30,152,58,94,0,0,0
2019-10-29 12:45,153,70,83,0,0,0
2019-10-29 13:00,146,48,98,0,0,0
2019-10-29 13:15,150,59,91,0,0,0
2019-10-29 13:30,159,69,90,0,0,0
2019-10-29 13:45,195,85,110,0,0,0
2019-10-29 14:00,181,66,115,0,0,0
2019-10-29 14:15,155,67,88,0,0,0
2019-10-29 14:30,159,74,85,0,0,0
2019-10-29 14:45,176,99,77,0,0,0
2019-10-29 15:00,174,64,110,0,0,0
2019-10-29 15:15,169,68,101,0,0,0
2019-10-29 15:30,191,84,107,0,0,0
2019-10-29 15:45,203,80,123,0,0,0
2019-10-29 16:00,226,93,133,0,0,0
2019-10-29 16:15,207,90,117,0,0,0
2019-10-29 16:30,229,72,157,0,0,0
2019-10-29 16:45,259,107,152,0,0,0
2019-10-29 17:00,212,70,142,0,0,0
2019-10-29 17:15,218,77,141,0,0,0
2019-10-29 17:30,196,70,126,0,0,0
2019-10-29 17:45,200,70,130,0,0,0
2019-10-29 18:00,200,69,131,0,0,0
2019-10-29 18:15,199,79,120,0,0,0
2019-10-29 18:30,145,44,101,0,0,0
2019-10-29 18:45,171,63,108,0,0,0
2019-10-29 19:00,112,41,71,0,0,0
2019-10-29 19:15,120,41,79,0,0,0
2019-10-29 19:30,112,40,72,0,0,0
2019-10-29 19:45,135,38,97,0,0,0
2019-10-29 20:00,124,37,87,0,0,0
2019-10-29 20:15,72,19,53,0,0,0
2019-10-29 20:30,56,27,29,0,0,0
2019-10-29 20:45,41,8,33,0,0,0
2019-10-29 21:00,66,19,47,0,0,0
2019-10-29 21:15,36,10,26,0,0,0
2019-10-29 21:30,38,13,25,0,0,0
2019-10-29 21:45,69,22,47,0,0,0
2019-10-29 22:00,57,10,47,0,0,0
2019-10-29 22:15,73,19,54,0,0,0
2019-10-29 22:30,53,13,40,0,0,0
2019-10-29 22:45,52,15,37,0,0,0
2019-10-29 23:00,45,9,36,0,0,0
2019-10-29 23:15,28,8,20,0,0,0
2019-10-29 23:30,26,5,21,0,0,0
2019-10-29 23:45,27,6,21,0,0,0
2019-10-30 00:00,31,7,24,0,0,0
2019-10-30 00:15,13,4,9,0,0,0
2019-10-30 00:30,6,3,3,0,0,0
2019-10-30 00:45,2,1,1,0,0,0
2019-10-30 01:00,4,1,3,0,0,0
2019-10-30 01:15,7,0,7,0,0,0
2019-10-30 01:30,3,0,3,0,0,0
2019-10-30 01:45,1,1,0,0,0,0
2019-10-30 02:00,1,1,0,0,0,0
2019-10-30 02:15,1,0,1,0,0,0
2019-10-30 02:30,0,0,0,0,0,0
2019-10-30 02:45,2,1,1,0,0,0
2019-10-30 03:00,0,0,0,0,0,0
2019-10-30 03:15,1,0,1,0,0,0
2019-10-30 03:30,1,1,0,0,0,0
2019-10-30 03:45,1,0,1,0,0,0
2019-10-30 04:00,4,1,3,0,0,0
2019-10-30 04:15,2,2,0,0,0,0
2019-10-30 04:30,2,1,1,0,0,0
2019-10-30 04:45,6,5,1,0,0,0
2019-10-30 05:00,3,3,0,0,0,0
2019-10-30 05:15,9,7,2,0,0,0
2019-10-30 05:30,24,17,7,0,0,0
2019-10-30 05:45,19,19,0,0,0,0
2019-10-30 06:00,27,20,7,0,0,0
2019-10-30 06:15,50,40,10,0,0,0
2019-10-30 06:30,49,36,13,0,0,0
2019-10-30 06:45,77,61,16,0,0,0
2019-10-30 07:00,97,63,34,0,0,0
2019-10-30 07:15,145,102,43,0,0,0
2019-10-30 07:30,177,124,53,0,0,0
2019-10-30 07:45,227,170,57,0,0,0
2019-10-30 08:00,192,136,56,0,0,0
2019-10-30 08:15,172,127,45,0,0,0
2019-10-30 08:30,143,107,36,0,0,0
2019-10-30 08:45,173,130,43,0,0,0
2019-10-30 09:00,126,91,35,0,0,0
2019-10-30 09:15,122,89,33,0,0,0
2019-10-30 09:30,124,82,42,0,0,0
2019-10-30 09:45,152,108,44,0,0,0
2019-10-30 10:00,149,107,42,0,0,0
2019-10-30 10:15,105,61,44,0,0,0
2019-10-30 10:30,133,85,48,0,0,0
2019-10-30 10:45,156,86,70,0,0,0
2019-10-30 11:00,116,57,59,0,0,0
2019-10-30 11:15,125,78,47,0,0,0
2019-10-30 11:30,125,66,59,0,0,0
2019-10-30 11:45,165,85,80,0,0,0
2019-10-30 12:00,156,68,88,0,0,0
2019-10-30 12:15,152,69,83,0,0,0
2019-10-30 12:30,149,68,81,0,0,0
2019-10-30 12:45,157,66,91,0,0,0
2019-10-30 13:00,168,68,100,0,0,0
2019-10-30 13:15,172,62,110,0,0,0
2019-10-30 13:30,163,66,97,0,0,0
2019-10-30 13:45,179,79,100,0,0,0
2019-10-30 14:00,214,85,129,0,0,0
2019-10-30 14:15,154,56,98,0,0,0
2019-10-30 14:30,165,61,104,0,0,0
2019-10-30 14:45,151,66,85,0,0,0
2019-10-30 15:00,173,62,111,0,0,0
2019-10-30 15:15,165,63,102,0,0,0
2019-10-30 15:30,184,80,104,0,0,0
2019-10-30 15:45,238,93,145,0,0,0
2019-10-30 16:00,204,82,122,0,0,0
2019-10-30 16:15,191,74,117,0,0,0
2019-10-30 16:30,192,63,129,0,0,0
2019-10-30 16:45,216,88,128,0,0,0
2019-10-30 17:00,213,92,121,0,0,0
2019-10-30 17:15,224,73,151,0,0,0
2019-10-30 17:30,181,59,122,0,0,0
2019-10-30 17:45,232,99,133,0,0,0
2019-10-30 18:00,203,73,130,0,0,0
2019-10-30 18:15,201,61,140,0,0,0
2019-10-30 18:30,158,67,91,0,0,0
2019-10-30 18:45,169,85,84,0,0,0
2019-10-30 19:00,136,40,96,0,0,0
2019-10-30 19:15,145,58,87,0,0,0
2019-10-30 19:30,127,44,83,0,0,0
2019-10-30 19:45,93,43,50,0,0,0
2019-10-30 20:00,90,31,59,0,0,0
2019-10-30 20:15,96,33,63,0,0,0
2019-10-30 20:30,66,15,51,0,0,0
2019-10-30 20:45,77,29,48,0,0,0
2019-10-30 21:00,81,35,46,0,0,0
2019-10-30 21:15,58,14,44,0,0,0
2019-10-30 21:30,69,22,47,0,0,0
2019-10-30 21:45,71,23,48,0,0,0
2019-10-30 22:00,62,14,48,0,0,0
2019-10-30 22:15,52,22,30,0,0,0
2019-10-30 22:30,41,14,27,0,0,0
2019-10-30 22:45,51,9,42,0,0,0
2019-10-30 23:00,48,16,32,0,0,0
2019-10-30 23:15,36,11,25,0,0,0
2019-10-30 23:30,31,10,21,0,0,0
2019-10-30 23:45,30,13,17,0,0,0
2019-10-31 00:00,13,5,8,0,0,0
2019-10-31 00:15,19,6,13,0,0,0
2019-10-31 00:30,15,3,12,0,0,0
2019-10-31 00:45,15,4,11,0,0,0
2019-10-31 01:00,5,1,4,0,0,0
2019-10-31 01:15,9,0,9,0,0,0
2019-10-31 01:30,7,1,6,0,0,0
2019-10-31 01:45,2,1,1,0,0,0
2019-10-31 02:00,1,0,1,0,0,0
2019-10-31 02:15,2,0,2,0,0,0
2019-10-31 02:30,0,0,0,0,0,0
2019-10-31 02:45,2,1,1,0,0,0
2019-10-31 03:00,7,1,6,0,0,0
2019-10-31 03:15,5,1,4,0,0,0
2019-10-31 03:30,0,0,0,0,0,0
2019-10-31 03:45,1,1,0,0,0,0
2019-10-31 04:00,1,0,1,0,0,0
2019-10-31 04:15,4,2,2,0,0,0
2019-10-31 04:30,4,2,2,0,0,0
2019-10-31 04:45,9,6,3,0,0,0
2019-10-31 05:00,2,2,0,0,0,0
2019-10-31 05:15,6,5,1,0,0,0
2019-10-31 05:30,22,15,7,0,0,0
2019-10-31 05:45,16,13,3,0,0,0
2019-10-31 06:00,24,20,4,0,0,0
2019-10-31 06:15,43,35,8,0,0,0
2019-10-31 06:30,43,28,15,0,0,0
2019-10-31 06:45,56,47,9,0,0,0
2019-10-31 07:00,73,47,26,0,0,0
2019-10-31 07:15,126,94,32,0,0,0
2019-10-31 07:30,154,109,45,0,0,0
2019-10-31 07:45,217,145,72,0,0,0
2019-10-31 08:00,158,108,50,0,0,0
2019-10-31 08:15,183,135,48,0,0,0
2019-10-31 08:30,142,104,38,0,0,0
2019-10-31 08:45,152,119,33,0,0,0
2019-10-31 09:00,123,87,36,0,0,0
2019-10-31 09:15,119,88,31,0,0,0
2019-10-31 09:30,91,64,27,0,0,0
2019-10-31 09:45,144,112,32,0,0,0
2019-10-31 10:00,126,85,41,0,0,0
2019-10-31 10:15,101,67,34,0,0,0
2019-10-31 10:30,122,80,42,0,0,0
2019-10-31 10:45,131,79,52,0,0,0
2019-10-31 11:00,124,71,53,0,0,0
2019-10-31 11:15,130,70,60,0,0,0
2019-10-31 11:30,158,85,73,0,0,0
2019-10-31 11:45,169,75,94,0,0,0
2019-10-31 12:00,155,85,70,0,0,0
2019-10-31 12:15,174,78,96,0,0,0
2019-10-31 12:30,181,71,110,0,0,0
2019-10-31 12:45,157,63,94,0,0,0
2019-10-31 13:00,161,60,101,0,0,0
2019-10-31 13:15,132,56,76,0,0,0
2019-10-31 13:30,171,77,94,0,0,0
2019-10-31 13:45,210,91,119,0,0,0
2019-10-31 14:00,193,80,113,0,0,0
2019-10-31 14:15,154,56,98,0,0,0
2019-10-31 14:30,187,88,99,0,0,0
2019-10-31 14:45,187,85,102,0,0,0
2019-10-31 15:00,205,83,122,0,0,0
2019-10-31 15:15,186,78,108,0,0,0
2019-10-31 15:30,192,79,113,0,0,0
2019-10-31 15:45,213,90,123,0,0,0
2019-10-31 16:00,243,80,163,0,0,0
2019-10-31 16:15,230,90,140,0,0,0
2019-10-31 16:30,213,86,127,0,0,0
2019-10-31 16:45,179,75,104,0,0,0
2019-10-31 17:00,223,90,133,0,0,0
2019-10-31 17:15,185,72,113,0,0,0
2019-10-31 17:30,176,58,118,0,0,0
2019-10-31 17:45,214,83,131,0,0,0
2019-10-31 18:00,173,54,119,0,0,0
2019-10-31 18:15,157,64,93,0,0,0
2019-10-31 18:30,141,48,93,0,0,0
2019-10-31 18:45,147,54,93,0,0,0
2019-10-31 19:00,135,54,81,0,0,0
2019-10-31 19:15,122,43,79,0,0,0
2019-10-31 19:30,120,49,71,0,0,0
2019-10-31 19:45,144,64,80,0,0,0
2019-10-31 20:00,100,36,64,0,0,0
2019-10-31 20:15,89,31,58,0,0,0
2019-10-31 20:30,88,41,47,0,0,0
2019-10-31 20:45,66,27,39,0,0,0
2019-10-31 21:00,87,38,49,0,0,0
2019-10-31 21:15,69,30,39,0,0,0
2019-10-31 21:30,69,24,45,0,0,0
2019-10-31 21:45,62,23,39,0,0,0
2019-10-31 22:00,60,22,38,0,0,0
2019-10-31 22:15,76,28,48,0,0,0
2019-10-31 22:30,58,16,42,0,0,0
2019-10-31 22:45,61,23,38,0,0,0
2019-10-31 23:00,57,22,35,0,0,0
2019-10-31 23:15,45,18,27,0,0,0
2019-10-31 23:30,45,20,25,0,0,0
2019-10-31 23:45,42,25,17,0,0,0
