Datetime,100034980 (Hammer Straße),101034980 (Hammer Straße stadteinwärts),102034980 (Hammer Straße stadtauswärts),100034980-status,101034980-status,102034980-status
2020-02-01 00:00,44,15,29,0,0,0
2020-02-01 00:15,47,17,30,0,0,0
2020-02-01 00:30,24,15,9,0,0,0
2020-02-01 00:45,35,8,27,0,0,0
2020-02-01 01:00,34,5,29,0,0,0
2020-02-01 01:15,31,9,22,0,0,0
2020-02-01 01:30,21,6,15,0,0,0
2020-02-01 01:45,27,8,19,0,0,0
2020-02-01 02:00,36,20,16,0,0,0
2020-02-01 02:15,15,8,7,0,0,0
2020-02-01 02:30,9,1,8,0,0,0
2020-02-01 02:45,20,2,18,0,0,0
2020-02-01 03:00,11,1,10,0,0,0
2020-02-01 03:15,14,2,12,0,0,0
2020-02-01 03:30,10,1,9,0,0,0
2020-02-01 03:45,18,3,15,0,0,0
2020-02-01 04:00,5,0,5,0,0,0
2020-02-01 04:15,5,1,4,0,0,0
2020-02-01 04:30,7,3,4,0,0,0
2020-02-01 04:45,8,2,6,0,0,0
2020-02-01 05:00,1,0,1,0,0,0
2020-02-01 05:15,5,1,4,0,0,0
2020-02-01 05:30,7,5,2,0,0,0
2020-02-01 05:45,9,7,2,0,0,0
2020-02-01 06:00,6,4,2,0,0,0
2020-02-01 06:15,3,2,1,0,0,0
2020-02-01 06:30,4,3,1,0,0,0
2020-02-01 06:45,6,4,2,0,0,0
2020-02-01 07:00,5,4,1,0,0,0
2020-02-01 07:15,9,7,2,0,0,0
2020-02-01 07:30,14,9,5,0,0,0
2020-02-01 07:45,27,21,6,0,0,0
2020-02-01 08:00,17,11,6,0,0,0
2020-02-01 08:15,27,20,7,0,0,0
2020-02-01 08:30,24,14,10,0,0,0
2020-02-01 08:45,42,20,22,0,0,0
2020-02-01 09:00,33,23,10,0,0,0
2020-02-01 09:15,46,33,13,0,0,0
2020-02-01 09:30,42,26,16,0,0,0
2020-02-01 09:45,67,53,14,0,0,0
2020-02-01 10:00,60,32,28,0,0,0
2020-02-01 10:15,57,38,19,0,0,0
2020-02-01 10:30,88,51,37,0,0,0
2020-02-01 10:45,92,66,26,0,0,0
2020-02-01 11:00,92,67,25,0,0,0
2020-02-01 11:15,81,56,25,0,0,0
2020-02-01 11:30,99,61,38,0,0,0
2020-02-01 11:45,98,53,45,0,0,0
2020-02-01 12:00,105,46,59,0,0,0
2020-02-01 12:15,129,66,63,0,0,0
2020-02-01 12:30,129,57,72,0,0,0
2020-02-01 12:45,136,56,80,0,0,0
2020-02-01 13:00,176,57,119,0,0,0
2020-02-01 13:15,165,65,100,0,0,0
2020-02-01 13:30,147,64,83,0,0,0
2020-02-01 13:45,141,84,57,0,0,0
2020-02-01 14:00,135,69,66,0,0,0
2020-02-01 14:15,115,55,60,0,0,0
2020-02-01 14:30,114,35,79,0,0,0
2020-02-01 14:45,127,58,69,0,0,0
2020-02-01 15:00,146,42,104,0,0,0
2020-02-01 15:15,114,44,70,0,0,0
2020-02-01 15:30,112,58,54,0,0,0
2020-02-01 15:45,135,76,59,0,0,0
2020-02-01 16:00,193,123,70,0,0,0
2020-02-01 16:15,114,65,49,0,0,0
2020-02-01 16:30,126,63,63,0,0,0
2020-02-01 16:45,139,66,73,0,0,0
2020-02-01 17:00,102,48,54,0,0,0
2020-02-01 17:15,120,53,67,0,0,0
2020-02-01 17:30,96,44,52,0,0,0
2020-02-01 17:45,106,47,59,0,0,0
2020-02-01 18:00,100,28,72,0,0,0
2020-02-01 18:15,81,36,45,0,0,0
2020-02-01 18:30,102,40,62,0,0,0
2020-02-01 18:45,111,73,38,0,0,0
2020-02-01 19:00,78,37,41,0,0,0
2020-02-01 19:15,106,45,61,0,0,0
2020-02-01 19:30,88,33,55,0,0,0
2020-02-01 19:45,78,46,32,0,0,0
2020-02-01 20:00,101,29,72,0,0,0
2020-02-01 20:15,83,36,47,0,0,0
2020-02-01 20:30,50,31,19,0,0,0
2020-02-01 20:45,51,30,21,0,0,0
2020-02-01 21:00,39,21,18,0,0,0
2020-02-01 21:15,44,17,27,0,0,0
2020-02-01 21:30,43,18,25,0,0,0
2020-02-01 21:45,42,14,28,0,0,0
2020-02-01 22:00,54,20,34,0,0,0
2020-02-01 22:15,24,8,16,0,0,0
2020-02-01 22:30,50,20,30,0,0,0
2020-02-01 22:45,47,22,25,0,0,0
2020-02-01 23:00,40,16,24,0,0,0
2020-02-01 23:15,44,14,30,0,0,0
2020-02-01 23:30,48,22,26,0,0,0
2020-02-01 23:45,45,23,22,0,0,0
2020-02-02 00:00,45,21,24,0,0,0
2020-02-02 00:15,23,10,13,0,0,0
2020-02-02 00:30,29,10,19,0,0,0
2020-02-02 00:45,30,9,21,0,0,0
2020-02-02 01:00,25,13,12,0,0,0
2020-02-02 01:15,25,9,16,0,0,0
2020-02-02 01:30,30,9,21,0,0,0
2020-02-02 01:45,24,12,12,0,0,0
2020-02-02 02:00,24,5,19,0,0,0
2020-02-02 02:15,19,7,12,0,0,0
2020-02-02 02:30,8,3,5,0,0,0
2020-02-02 02:45,6,2,4,0,0,0
2020-02-02 03:00,16,6,10,0,0,0
2020-02-02 03:15,12,2,10,0,0,0
2020-02-02 03:30,15,4,11,0,0,0
2020-02-02 03:45,7,0,7,0,0,0
2020-02-02 04:00,5,1,4,0,0,0
2020-02-02 04:15,8,2,6,0,0,0
2020-02-02 04:30,4,1,3,0,0,0
2020-02-02 04:45,11,3,8,0,0,0
2020-02-02 05:00,0,0,0,0,0,0
2020-02-02 05:15,7,3,4,0,0,0
2020-02-02 05:30,7,2,5,0,0,0
2020-02-02 05:45,3,2,1,0,0,0
2020-02-02 06:00,2,1,1,0,0,0
2020-02-02 06:15,2,1,1,0,0,0
2020-02-02 06:30,3,1,2,0,0,0
2020-02-02 06:45,6,4,2,0,0,0
2020-02-02 07:00,5,4,1,0,0,0
2020-02-02 07:15,6,4,2,0,0,0
2020-02-02 07:30,4,4,0,0,0,0
2020-02-02 07:45,9,8,1,0,0,0
2020-02-02 08:00,8,6,2,0,0,0
2020-02-02 08:15,18,12,6,0,0,0
2020-02-02 08:30,12,8,4,0,0,0
2020-02-02 08:45,21,17,4,0,0,0
2020-02-02 09:00,17,10,7,0,0,0
2020-02-02 09:15,20,10,10,0,0,0
2020-02-02 09:30,20,14,6,0,0,0
2020-02-02 09:45,23,12,11,0,0,0
2020-02-02 10:00,36,20,16,0,0,0
2020-02-02 10:15,15,11,4,0,0,0
2020-02-02 10:30,20,11,9,0,0,0
2020-02-02 10:45,30,18,12,0,0,0
2020-02-02 11:00,19,12,7,0,0,0
2020-02-02 11:15,19,9,10,0,0,0
2020-02-02 11:30,19,4,15,0,0,0
2020-02-02 11:45,20,8,12,0,0,0
2020-02-02 12:00,21,13,8,0,0,0
2020-02-02 12:15,25,20,5,0,0,0
2020-02-02 12:30,30,15,15,0,0,0
2020-02-02 12:45,26,16,10,0,0,0
2020-02-02 13:00,30,18,12,0,0,0
2020-02-02 13:15,25,11,14,0,0,0
2020-02-02 13:30,28,10,18,0,0,0
2020-02-02 13:45,42,23,19,0,0,0
2020-02-02 14:00,44,23,21,0,0,0
2020-02-02 14:15,42,22,20,0,0,0
2020-02-02 14:30,34,13,21,0,0,0
2020-02-02 14:45,44,27,17,0,0,0
2020-02-02 15:00,46,28,18,0,0,0
2020-02-02 15:15,45,24,21,0,0,0
2020-02-02 15:30,34,19,15,0,0,0
2020-02-02 15:45,36,19,17,0,0,0
2020-02-02 16:00,58,20,38,0,0,0
2020-02-02 16:15,69,31,38,0,0,0
2020-02-02 16:30,39,10,29,0,0,0
2020-02-02 16:45,43,19,24,0,0,0
2020-02-02 17:00,43,21,22,0,0,0
2020-02-02 17:15,45,26,19,0,0,0
2020-02-02 17:30,50,22,28,0,0,0
2020-02-02 17:45,56,22,34,0,0,0
2020-02-02 18:00,51,26,25,0,0,0
2020-02-02 18:15,43,17,26,0,0,0
2020-02-02 18:30,42,24,18,0,0,0
2020-02-02 18:45,46,29,17,0,0,0
2020-02-02 19:00,62,39,23,0,0,0
2020-02-02 19:15,37,16,21,0,0,0
2020-02-02 19:30,36,20,16,0,0,0
2020-02-02 19:45,34,17,17,0,0,0
2020-02-02 20:00,25,7,18,0,0,0
2020-02-02 20:15,27,12,15,0,0,0
2020-02-02 20:30,17,8,9,0,0,0
2020-02-02 20:45,36,12,24,0,0,0
2020-02-02 21:00,33,6,27,0,0,0
2020-02-02 21:15,22,9,13,0,0,0
2020-02-02 21:30,24,10,14,0,0,0
2020-02-02 21:45,14,4,10,0,0,0
2020-02-02 22:00,29,9,20,0,0,0
2020-02-02 22:15,22,5,17,0,0,0
2020-02-02 22:30,23,6,17,0,0,0
2020-02-02 22:45,9,1,8,0,0,0
2020-02-02 23:00,16,8,8,0,0,0
2020-02-02 23:15,8,2,6,0,0,0
2020-02-02 23:30,4,2,2,0,0,0
2020-02-02 23:45,8,3,5,0,0,0
2020-02-03 00:00,6,1,5,0,0,0
2020-02-03 00:15,3,0,3,0,0,0
2020-02-03 00:30,4,0,4,0,0,0
2020-02-03 00:45,6,0,6,0,0,0
2020-02-03 01:00,1,0,1,0,0,0
2020-02-03 01:15,1,0,1,0,0,0
2020-02-03 01:30,3,0,3,0,0,0
2020-02-03 01:45,1,0,1,0,0,0
2020-02-03 02:00,0,0,0,0,0,0
2020-02-03 02:15,5,3,2,0,0,0
2020-02-03 02:30,3,1,2,0,0,0
2020-02-03 02:45,0,0,0,0,0,0
2020-02-03 03:00,2,0,2,0,0,0
2020-02-03 03:15,1,0,1,0,0,0
2020-02-03 03:30,1,1,0,0,0,0
2020-02-03 03:45,0,0,0,0,0,0
2020-02-03 04:00,1,0,1,0,0,0
2020-02-03 04:15,19,8,11,0,0,0
2020-02-03 04:30,14,10,4,0,0,0
2020-02-03 04:45,5,1,4,0,0,0
2020-02-03 05:00,7,4,3,0,0,0
2020-02-03 05:15,5,4,1,0,0,0
2020-02-03 05:30,20,16,4,0,0,0
2020-02-03 05:45,21,14,7,0,0,0
2020-02-03 06:00,10,6,4,0,0,0
2020-02-03 06:15,30,23,7,0,0,0
2020-02-03 06:30,48,36,12,0,0,0
2020-02-03 06:45,58,37,21,0,0,0
2020-02-03 07:00,69,39,30,0,0,0
2020-02-03 07:15,88,62,26,0,0,0
2020-02-03 07:30,156,98,58,0,0,0
2020-02-03 07:45,166,125,41,0,0,0
2020-02-03 08:00,139,104,35,0,0,0
2020-02-03 08:15,139,88,51,0,0,0
2020-02-03 08:30,112,75,37,0,0,0
2020-02-03 08:45,109,76,33,0,0,0
2020-02-03 09:00,90,64,26,0,0,0
2020-02-03 09:15,104,81,23,0,0,0
2020-02-03 09:30,87,55,32,0,0,0
2020-02-03 09:45,80,62,18,0,0,0
2020-02-03 10:00,82,54,28,0,0,0
2020-02-03 10:15,65,34,31,0,0,0
2020-02-03 10:30,48,23,25,0,0,0
2020-02-03 10:45,62,35,27,0,0,0
2020-02-03 11:00,69,37,32,0,0,0
2020-02-03 11:15,78,35,43,0,0,0
2020-02-03 11:30,90,37,53,0,0,0
2020-02-03 11:45,110,51,59,0,0,0
2020-02-03 12:00,109,49,60,0,0,0
2020-02-03 12:15,95,36,59,0,0,0
2020-02-03 12:30,99,47,52,0,0,0
2020-02-03 12:45,115,55,60,0,0,0
2020-02-03 13:00,86,29,57,0,0,0
2020-02-03 13:15,99,43,56,0,0,0
2020-02-03 13:30,99,37,62,0,0,0
2020-02-03 13:45,131,55,76,0,0,0
2020-02-03 14:00,106,37,69,0,0,0
2020-02-03 14:15,105,43,62,0,0,0
2020-02-03 14:30,118,49,69,0,0,0
2020-02-03 14:45,108,43,65,0,0,0
2020-02-03 15:00,126,46,80,0,0,0
2020-02-03 15:15,119,47,72,0,0,0
2020-02-03 15:30,125,57,68,0,0,0
2020-02-03 15:45,133,58,75,0,0,0
2020-02-03 16:00,178,65,113,0,0,0
2020-02-03 16:15,159,69,90,0,0,0
2020-02-03 16:30,155,56,99,0,0,0
2020-02-03 16:45,181,71,110,0,0,0
2020-02-03 17:00,172,66,106,0,0,0
2020-02-03 17:15,176,67,109,0,0,0
2020-02-03 17:30,171,54,117,0,0,0
2020-02-03 17:45,165,63,102,0,0,0
2020-02-03 18:00,181,59,122,0,0,0
2020-02-03 18:15,143,59,84,0,0,0
2020-02-03 18:30,128,57,71,0,0,0
2020-02-03 18:45,122,37,85,0,0,0
2020-02-03 19:00,104,33,71,0,0,0
2020-02-03 19:15,121,43,78,0,0,0
2020-02-03 19:30,89,28,61,0,0,0
2020-02-03 19:45,85,31,54,0,0,0
2020-02-03 20:00,70,29,41,0,0,0
2020-02-03 20:15,53,13,40,0,0,0
2020-02-03 20:30,43,15,28,0,0,0
2020-02-03 20:45,46,15,31,0,0,0
2020-02-03 21:00,40,13,27,0,0,0
2020-02-03 21:15,49,12,37,0,0,0
2020-02-03 21:30,53,23,30,0,0,0
2020-02-03 21:45,35,13,22,0,0,0
2020-02-03 22:00,44,8,36,0,0,0
2020-02-03 22:15,40,13,27,0,0,0
2020-02-03 22:30,33,6,27,0,0,0
2020-02-03 22:45,30,8,22,0,0,0
2020-02-03 23:00,26,4,22,0,0,0
2020-02-03 23:15,22,3,19,0,0,0
2020-02-03 23:30,10,1,9,0,0,0
2020-02-03 23:45,20,6,14,0,0,0
2020-02-04 00:00,7,4,3,0,0,0
2020-02-04 00:15,4,1,3,0,0,0
2020-02-04 00:30,8,2,6,0,0,0
2020-02-04 00:45,5,1,4,0,0,0
2020-02-04 01:00,4,1,3,0,0,0
2020-02-04 01:15,9,6,3,0,0,0
2020-02-04 01:30,3,2,1,0,0,0
2020-02-04 01:45,2,0,2,0,0,0
2020-02-04 02:00,1,0,1,0,0,0
2020-02-04 02:15,1,0,1,0,0,0
2020-02-04 02:30,3,0,3,0,0,0
2020-02-04 02:45,2,1,1,0,0,0
2020-02-04 03:00,0,0,0,0,0,0
2020-02-04 03:15,2,1,1,0,0,0
2020-02-04 03:30,1,0,1,0,0,0
2020-02-04 03:45,1,0,1,0,0,0
2020-02-04 04:00,1,1,0,0,0,0
2020-02-04 04:15,1,1,0,0,0,0
2020-02-04 04:30,2,2,0,0,0,0
2020-02-04 04:45,3,3,0,0,0,0
2020-02-04 05:00,5,4,1,0,0,0
2020-02-04 05:15,10,7,3,0,0,0
2020-02-04 05:30,16,14,2,0,0,0
2020-02-04 05:45,18,15,3,0,0,0
2020-02-04 06:00,22,12,10,0,0,0
2020-02-04 06:15,38,34,4,0,0,0
2020-02-04 06:30,50,40,10,0,0,0
2020-02-04 06:45,69,45,24,0,0,0
2020-02-04 07:00,73,47,26,0,0,0
2020-02-04 07:15,115,74,41,0,0,0
2020-02-04 07:30,172,117,55,0,0,0
2020-02-04 07:45,171,117,54,0,0,0
2020-02-04 08:00,143,106,37,0,0,0
2020-02-04 08:15,143,105,38,0,0,0
2020-02-04 08:30,120,84,36,0,0,0
2020-02-04 08:45,131,92,39,0,0,0
2020-02-04 09:00,103,75,28,0,0,0
2020-02-04 09:15,87,67,20,0,0,0
2020-02-04 09:30,95,52,43,0,0,0
2020-02-04 09:45,109,77,32,0,0,0
2020-02-04 10:00,67,35,32,0,0,0
2020-02-04 10:15,57,29,28,0,0,0
2020-02-04 10:30,57,28,29,0,0,0
2020-02-04 10:45,72,42,30,0,0,0
2020-02-04 11:00,57,29,28,0,0,0
2020-02-04 11:15,89,43,46,0,0,0
2020-02-04 11:30,79,36,43,0,0,0
2020-02-04 11:45,97,51,46,0,0,0
2020-02-04 12:00,72,33,39,0,0,0
2020-02-04 12:15,105,38,67,0,0,0
2020-02-04 12:30,118,47,71,0,0,0
2020-02-04 12:45,126,53,73,0,0,0
2020-02-04 13:00,119,54,65,0,0,0
2020-02-04 13:15,136,48,88,0,0,0
2020-02-04 13:30,126,47,79,0,0,0
2020-02-04 13:45,130,61,69,0,0,0
2020-02-04 14:00,112,43,69,0,0,0
2020-02-04 14:15,107,29,78,0,0,0
2020-02-04 14:30,110,45,65,0,0,0
2020-02-04 14:45,114,51,63,0,0,0
2020-02-04 15:00,112,41,71,0,0,0
2020-02-04 15:15,118,53,65,0,0,0
2020-02-04 15:30,122,55,67,0,0,0
2020-02-04 15:45,139,51,88,0,0,0
2020-02-04 16:00,149,51,98,0,0,0
2020-02-04 16:15,147,47,100,0,0,0
2020-02-04 16:30,162,63,99,0,0,0
2020-02-04 16:45,168,66,102,0,0,0
2020-02-04 17:00,155,58,97,0,0,0
2020-02-04 17:15,168,56,112,0,0,0
2020-02-04 17:30,168,43,125,0,0,0
2020-02-04 17:45,155,56,99,0,0,0
2020-02-04 18:00,149,44,105,0,0,0
2020-02-04 18:15,166,67,99,0,0,0
2020-02-04 18:30,111,47,64,0,0,0
2020-02-04 18:45,129,53,76,0,0,0
2020-02-04 19:00,111,37,74,0,0,0
2020-02-04 19:15,90,38,52,0,0,0
2020-02-04 19:30,89,43,46,0,0,0
2020-02-04 19:45,113,51,62,0,0,0
2020-02-04 20:00,73,20,53,0,0,0
2020-02-04 20:15,71,24,47,0,0,0
2020-02-04 20:30,40,5,35,0,0,0
2020-02-04 20:45,48,13,35,0,0,0
2020-02-04 21:00,48,12,36,0,0,0
2020-02-04 21:15,36,13,23,0,0,0
2020-02-04 21:30,49,14,35,0,0,0
2020-02-04 21:45,35,12,23,0,0,0
2020-02-04 22:00,57,10,47,0,0,0
2020-02-04 22:15,38,11,27,0,0,0
2020-02-04 22:30,45,4,41,0,0,0
2020-02-04 22:45,48,19,29,0,0,0
2020-02-04 23:00,34,14,20,0,0,0
2020-02-04 23:15,31,13,18,0,0,0
2020-02-04 23:30,25,16,9,0,0,0
2020-02-04 23:45,20,2,18,0,0,0
2020-02-05 00:00,19,11,8,0,0,0
2020-02-05 00:15,7,1,6,0,0,0
2020-02-05 00:30,7,2,5,0,0,0
2020-02-05 00:45,9,6,3,0,0,0
2020-02-05 01:00,3,0,3,0,0,0
2020-02-05 01:15,5,0,5,0,0,0
2020-02-05 01:30,3,0,3,0,0,0
2020-02-05 01:45,3,2,1,0,0,0
2020-02-05 02:00,0,0,0,0,0,0
2020-02-05 02:15,0,0,0,0,0,0
2020-02-05 02:30,4,1,3,0,0,0
2020-02-05 02:45,2,1,1,0,0,0
2020-02-05 03:00,3,0,3,0,0,0
2020-02-05 03:15,7,1,6,0,0,0
2020-02-05 03:30,1,1,0,0,0,0
2020-02-05 03:45,0,0,0,0,0,0
2020-02-05 04:00,0,0,0,0,0,0
2020-02-05 04:15,2,1,1,0,0,0
2020-02-05 04:30,4,2,2,0,0,0
2020-02-05 04:45,10,7,3,0,0,0
2020-02-05 05:00,0,0,0,0,0,0
2020-02-05 05:15,10,9,1,0,0,0
2020-02-05 05:30,15,12,3,0,0,0
2020-02-05 05:45,19,16,3,0,0,0
2020-02-05 06:00,27,18,9,0,0,0
2020-02-05 06:15,37,36,1,0,0,0
2020-02-05 06:30,48,34,14,0,0,0
2020-02-05 06:45,58,38,20,0,0,0
2020-02-05 07:00,87,53,34,0,0,0
2020-02-05 07:15,115,80,35,0,0,0
2020-02-05 07:30,152,102,50,0,0,0
2020-02-05 07:45,189,133,56,0,0,0
2020-02-05 08:00,143,111,32,0,0,0
2020-02-05 08:15,177,115,62,0,0,0
2020-02-05 08:30,129,98,31,0,0,0
2020-02-05 08:45,163,119,44,0,0,0
2020-02-05 09:00,118,87,31,0,0,0
2020-02-05 09:15,108,74,34,0,0,0
2020-02-05 09:30,138,96,42,0,0,0
2020-02-05 09:45,138,103,35,0,0,0
2020-02-05 10:00,102,63,39,0,0,0
2020-02-05 10:15,107,72,35,0,0,0
2020-02-05 10:30,118,65,53,0,0,0
2020-02-05 10:45,126,78,48,0,0,0
2020-02-05 11:00,105,65,40,0,0,0
2020-02-05 11:15,136,75,61,0,0,0
2020-02-05 11:30,142,73,69,0,0,0
2020-02-05 11:45,147,66,81,0,0,0
2020-02-05 12:00,147,69,78,0,0,0
2020-02-05 12:15,168,68,100,0,0,0
2020-02-05 12:30,154,67,87,0,0,0
2020-02-05 12:45,149,77,72,0,0,0
2020-02-05 13:00,146,53,93,0,0,0
2020-02-05 13:15,152,52,100,0,0,0
2020-02-05 13:30,144,57,87,0,0,0
2020-02-05 13:45,157,72,85,0,0,0
2020-02-05 14:00,133,58,75,0,0,0
2020-02-05 14:15,147,60,87,0,0,0
2020-02-05 14:30,155,59,96,0,0,0
2020-02-05 14:45,160,69,91,0,0,0
2020-02-05 15:00,147,57,90,0,0,0
2020-02-05 15:15,156,69,87,0,0,0
2020-02-05 15:30,143,63,80,0,0,0
2020-02-05 15:45,162,79,83,0,0,0
2020-02-05 16:00,203,84,119,0,0,0
2020-02-05 16:15,199,78,121,0,0,0
2020-02-05 16:30,196,80,116,0,0,0
2020-02-05 16:45,214,86,128,0,0,0
2020-02-05 17:00,204,84,120,0,0,0
2020-02-05 17:15,201,83,118,0,0,0
2020-02-05 17:30,212,84,128,0,0,0
2020-02-05 17:45,191,73,118,0,0,0
2020-02-05 18:00,208,85,123,0,0,0
2020-02-05 18:15,148,65,83,0,0,0
2020-02-05 18:30,144,59,85,0,0,0
2020-02-05 18:45,140,52,88,0,0,0
2020-02-05 19:00,153,47,106,0,0,0
2020-02-05 19:15,138,57,81,0,0,0
2020-02-05 19:30,113,43,70,0,0,0
2020-02-05 19:45,114,30,84,0,0,0
2020-02-05 20:00,107,33,74,0,0,0
2020-02-05 20:15,53,20,33,0,0,0
2020-02-05 20:30,50,14,36,0,0,0
2020-02-05 20:45,51,17,34,0,0,0
2020-02-05 21:00,50,19,31,0,0,0
2020-02-05 21:15,54,28,26,0,0,0
2020-02-05 21:30,45,16,29,0,0,0
2020-02-05 21:45,47,13,34,0,0,0
2020-02-05 22:00,59,18,41,0,0,0
2020-02-05 22:15,86,33,53,0,0,0
2020-02-05 22:30,90,33,57,0,0,0
2020-02-05 22:45,59,17,42,0,0,0
2020-02-05 23:00,35,11,24,0,0,0
2020-02-05 23:15,27,6,21,0,0,0
2020-02-05 23:30,37,18,19,0,0,0
2020-02-05 23:45,20,7,13,0,0,0
2020-02-06 00:00,13,5,8,0,0,0
2020-02-06 00:15,12,6,6,0,0,0
2020-02-06 00:30,16,7,9,0,0,0
2020-02-06 00:45,12,2,10,0,0,0
2020-02-06 01:00,11,3,8,0,0,0
2020-02-06 01:15,8,6,2,0,0,0
2020-02-06 01:30,5,1,4,0,0,0
2020-02-06 01:45,6,1,5,0,0,0
2020-02-06 02:00,6,1,5,0,0,0
2020-02-06 02:15,5,1,4,0,0,0
2020-02-06 02:30,11,5,6,0,0,0
2020-02-06 02:45,13,3,10,0,0,0
2020-02-06 03:00,6,1,5,0,0,0
2020-02-06 03:15,1,0,1,0,0,0
2020-02-06 03:30,5,1,4,0,0,0
2020-02-06 03:45,1,0,1,0,0,0
2020-02-06 04:00,0,0,0,0,0,0
2020-02-06 04:15,6,2,4,0,0,0
2020-02-06 04:30,6,4,2,0,0,0
2020-02-06 04:45,5,2,3,0,0,0
2020-02-06 05:00,5,4,1,0,0,0
2020-02-06 05:15,10,6,4,0,0,0
2020-02-06 05:30,14,10,4,0,0,0
2020-02-06 05:45,15,11,4,0,0,0
2020-02-06 06:00,24,15,9,0,0,0
2020-02-06 06:15,32,27,5,0,0,0
2020-02-06 06:30,47,35,12,0,0,0
2020-02-06 06:45,60,37,23,0,0,0
2020-02-06 07:00,78,50,28,0,0,0
2020-02-06 07:15,106,71,35,0,0,0
2020-02-06 07:30,155,109,46,0,0,0
2020-02-06 07:45,183,125,58,0,0,0
2020-02-06 08:00,147,115,32,0,0,0
2020-02-06 08:15,140,92,48,0,0,0
2020-02-06 08:30,123,86,37,0,0,0
2020-02-06 08:45,157,114,43,0,0,0
2020-02-06 09:00,114,77,37,0,0,0
2020-02-06 09:15,94,74,20,0,0,0
2020-02-06 09:30,113,81,32,0,0,0
2020-02-06 09:45,127,90,37,0,0,0
2020-02-06 10:00,94,65,29,0,0,0
2020-02-06 10:15,83,46,37,0,0,0
2020-02-06 10:30,110,53,57,0,0,0
2020-02-06 10:45,103,73,30,0,0,0
2020-02-06 11:00,109,52,57,0,0,0
2020-02-06 11:15,113,67,46,0,0,0
2020-02-06 11:30,83,43,40,0,0,0
2020-02-06 11:45,109,58,51,0,0,0
2020-02-06 12:00,108,60,48,0,0,0
2020-02-06 12:15,110,42,68,0,0,0
2020-02-06 12:30,151,56,95,0,0,0
2020-02-06 12:45,123,41,82,0,0,0
2020-02-06 13:00,126,55,71,0,0,0
2020-02-06 13:15,123,54,69,0,0,0
2020-02-06 13:30,121,66,55,0,0,0
2020-02-06 13:45,170,92,78,0,0,0
2020-02-06 14:00,154,64,90,0,0,0
2020-02-06 14:15,156,62,94,0,0,0
2020-02-06 14:30,156,69,87,0,0,0
2020-02-06 14:45,174,75,99,0,0,0
2020-02-06 15:00,146,59,87,0,0,0
2020-02-06 15:15,167,75,92,0,0,0
2020-02-06 15:30,175,89,86,0,0,0
2020-02-06 15:45,178,77,101,0,0,0
2020-02-06 16:00,211,83,128,0,0,0
2020-02-06 16:15,166,63,103,0,0,0
2020-02-06 16:30,165,67,98,0,0,0
2020-02-06 16:45,184,80,104,0,0,0
2020-02-06 17:00,166,59,107,0,0,0
2020-02-06 17:15,194,97,97,0,0,0
2020-02-06 17:30,195,87,108,0,0,0
2020-02-06 17:45,185,60,125,0,0,0
2020-02-06 18:00,191,71,120,0,0,0
2020-02-06 18:15,159,55,104,0,0,0
2020-02-06 18:30,146,55,91,0,0,0
2020-02-06 18:45,140,59,81,0,0,0
2020-02-06 19:00,140,44,96,0,0,0
2020-02-06 19:15,106,41,65,0,0,0
2020-02-06 19:30,108,37,71,0,0,0
2020-02-06 19:45,123,40,83,0,0,0
2020-02-06 20:00,82,27,55,0,0,0
2020-02-06 20:15,77,27,50,0,0,0
2020-02-06 20:30,52,13,39,0,0,0
2020-02-06 20:45,58,18,40,0,0,0
2020-02-06 21:00,58,21,37,0,0,0
2020-02-06 21:15,62,19,43,0,0,0
2020-02-06 21:30,64,24,40,0,0,0
2020-02-06 21:45,71,26,45,0,0,0
2020-02-06 22:00,67,21,46,0,0,0
2020-02-06 22:15,85,36,49,0,0,0
2020-02-06 22:30,61,24,37,0,0,0
2020-02-06 22:45,21,6,15,0,0,0
2020-02-06 23:00,34,11,23,0,0,0
2020-02-06 23:15,43,19,24,0,0,0
2020-02-06 23:30,19,8,11,0,0,0
2020-02-06 23:45,23,7,16,0,0,0
2020-02-07 00:00,24,10,14,0,0,0
2020-02-07 00:15,10,7,3,0,0,0
2020-02-07 00:30,11,2,9,0,0,0
2020-02-07 00:45,7,2,5,0,0,0
2020-02-07 01:00,18,5,13,0,0,0
2020-02-07 01:15,8,1,7,0,0,0
2020-02-07 01:30,2,1,1,0,0,0
2020-02-07 01:45,5,0,5,0,0,0
2020-02-07 02:00,6,2,4,0,0,0
2020-02-07 02:15,0,0,0,0,0,0
2020-02-07 02:30,9,6,3,0,0,0
2020-02-07 02:45,1,1,0,0,0,0
2020-02-07 03:00,2,0,2,0,0,0
2020-02-07 03:15,2,0,2,0,0,0
2020-02-07 03:30,2,0,2,0,0,0
2020-02-07 03:45,0,0,0,0,0,0
2020-02-07 04:00,2,0,2,0,0,0
2020-02-07 04:15,2,2,0,0,0,0
2020-02-07 04:30,3,3,0,0,0,0
2020-02-07 04:45,5,3,2,0,0,0
2020-02-07 05:00,5,3,2,0,0,0
2020-02-07 05:15,7,7,0,0,0,0
2020-02-07 05:30,16,11,5,0,0,0
2020-02-07 05:45,18,12,6,0,0,0
2020-02-07 06:00,24,16,8,0,0,0
2020-02-07 06:15,40,33,7,0,0,0
2020-02-07 06:30,51,35,16,0,0,0
2020-02-07 06:45,59,45,14,0,0,0
2020-02-07 07:00,78,50,28,0,0,0
2020-02-07 07:15,95,65,30,0,0,0
2020-02-07 07:30,169,113,56,0,0,0
2020-02-07 07:45,179,135,44,0,0,0
2020-02-07 08:00,123,84,39,0,0,0
2020-02-07 08:15,138,87,51,0,0,0
2020-02-07 08:30,152,108,44,0,0,0
2020-02-07 08:45,138,99,39,0,0,0
2020-02-07 09:00,117,85,32,0,0,0
2020-02-07 09:15,99,71,28,0,0,0
2020-02-07 09:30,92,60,32,0,0,0
2020-02-07 09:45,126,90,36,0,0,0
2020-02-07 10:00,84,53,31,0,0,0
2020-02-07 10:15,99,59,40,0,0,0
2020-02-07 10:30,87,54,33,0,0,0
2020-02-07 10:45,97,62,35,0,0,0
2020-02-07 11:00,120,65,55,0,0,0
2020-02-07 11:15,111,61,50,0,0,0
2020-02-07 11:30,125,67,58,0,0,0
2020-02-07 11:45,145,73,72,0,0,0
2020-02-07 12:00,93,41,52,0,0,0
2020-02-07 12:15,141,58,83,0,0,0
2020-02-07 12:30,146,63,83,0,0,0
2020-02-07 12:45,156,68,88,0,0,0
2020-02-07 13:00,160,63,97,0,0,0
2020-02-07 13:15,175,71,104,0,0,0
2020-02-07 13:30,164,65,99,0,0,0
2020-02-07 13:45,182,81,101,0,0,0
2020-02-07 14:00,167,68,99,0,0,0
2020-02-07 14:15,156,61,95,0,0,0
2020-02-07 14:30,167,80,87,0,0,0
2020-02-07 14:45,178,83,95,0,0,0
2020-02-07 15:00,177,76,101,0,0,0
2020-02-07 15:15,172,85,87,0,0,0
2020-02-07 15:30,197,106,91,0,0,0
2020-02-07 15:45,193,84,109,0,0,0
2020-02-07 16:00,169,80,89,0,0,0
2020-02-07 16:15,188,96,92,0,0,0
2020-02-07 16:30,185,98,87,0,0,0
2020-02-07 16:45,263,151,112,0,0,0
2020-02-07 17:00,221,118,103,0,0,0
2020-02-07 17:15,157,82,75,0,0,0
2020-02-07 17:30,195,102,93,0,0,0
2020-02-07 17:45,187,93,94,0,0,0
2020-02-07 18:00,164,64,100,0,0,0
2020-02-07 18:15,211,83,128,0,0,0
2020-02-07 18:30,172,66,106,0,0,0
2020-02-07 18:45,196,78,118,0,0,0
2020-02-07 19:00,145,54,91,0,0,0
2020-02-07 19:15,206,84,122,0,0,0
2020-02-07 19:30,129,39,90,0,0,0
2020-02-07 19:45,142,66,76,0,0,0
2020-02-07 20:00,102,42,60,0,0,0
2020-02-07 20:15,100,29,71,0,0,0
2020-02-07 20:30,78,26,52,0,0,0
2020-02-07 20:45,68,21,47,0,0,0
2020-02-07 21:00,46,19,27,0,0,0
2020-02-07 21:15,72,24,48,0,0,0
2020-02-07 21:30,61,19,42,0,0,0
2020-02-07 21:45,65,23,42,0,0,0
2020-02-07 22:00,79,27,52,0,0,0
2020-02-07 22:15,52,17,35,0,0,0
2020-02-07 22:30,71,30,41,0,0,0
2020-02-07 22:45,44,16,28,0,0,0
2020-02-07 23:00,39,10,29,0,0,0
2020-02-07 23:15,52,8,44,0,0,0
2020-02-07 23:30,64,30,34,0,0,0
2020-02-07 23:45,67,32,35,0,0,0
2020-02-08 00:00,62,23,39,0,0,0
2020-02-08 00:15,37,16,21,0,0,0
2020-02-08 00:30,37,15,22,0,0,0
2020-02-08 00:45,32,10,22,0,0,0
2020-02-08 01:00,35,13,22,0,0,0
2020-02-08 01:15,29,11,18,0,0,0
2020-02-08 01:30,29,7,22,0,0,0
2020-02-08 01:45,18,8,10,0,0,0
2020-02-08 02:00,8,0,8,0,0,0
2020-02-08 02:15,13,5,8,0,0,0
2020-02-08 02:30,13,1,12,0,0,0
2020-02-08 02:45,16,5,11,0,0,0
2020-02-08 03:00,18,4,14,0,0,0
2020-02-08 03:15,15,6,9,0,0,0
2020-02-08 03:30,7,1,6,0,0,0
2020-02-08 03:45,7,0,7,0,0,0
2020-02-08 04:00,11,2,9,0,0,0
2020-02-08 04:15,5,1,4,0,0,0
2020-02-08 04:30,3,2,1,0,0,0
2020-02-08 04:45,6,3,3,0,0,0
2020-02-08 05:00,2,1,1,0,0,0
2020-02-08 05:15,4,3,1,0,0,0
2020-02-08 05:30,10,5,5,0,0,0
2020-02-08 05:45,8,7,1,0,0,0
2020-02-08 06:00,9,6,3,0,0,0
2020-02-08 06:15,6,5,1,0,0,0
2020-02-08 06:30,10,4,6,0,0,0
2020-02-08 06:45,10,7,3,0,0,0
2020-02-08 07:00,8,5,3,0,0,0
2020-02-08 07:15,15,9,6,0,0,0
2020-02-08 07:30,20,10,10,0,0,0
2020-02-08 07:45,31,23,8,0,0,0
2020-02-08 08:00,31,18,13,0,0,0
2020-02-08 08:15,32,25,7,0,0,0
2020-02-08 08:30,43,35,8,0,0,0
2020-02-08 08:45,62,40,22,0,0,0
2020-02-08 09:00,51,33,18,0,0,0
2020-02-08 09:15,64,45,19,0,0,0
2020-02-08 09:30,74,46,28,0,0,0
2020-02-08 09:45,106,73,33,0,0,0
2020-02-08 10:00,95,60,35,0,0,0
2020-02-08 10:15,99,66,33,0,0,0
2020-02-08 10:30,95,71,24,0,0,0
2020-02-08 10:45,124,75,49,0,0,0
2020-02-08 11:00,127,85,42,0,0,0
2020-02-08 11:15,111,61,50,0,0,0
2020-02-08 11:30,125,58,67,0,0,0
2020-02-08 11:45,126,79,47,0,0,0
2020-02-08 12:00,112,53,59,0,0,0
2020-02-08 12:15,172,87,85,0,0,0
2020-02-08 12:30,163,93,70,0,0,0
2020-02-08 12:45,146,86,60,0,0,0
2020-02-08 13:00,145,78,67,0,0,0
2020-02-08 13:15,116,49,67,0,0,0
2020-02-08 13:30,140,67,73,0,0,0
2020-02-08 13:45,140,81,59,0,0,0
2020-02-08 14:00,142,70,72,0,0,0
2020-02-08 14:15,151,67,84,0,0,0
2020-02-08 14:30,161,68,93,0,0,0
2020-02-08 14:45,147,59,88,0,0,0
2020-02-08 15:00,143,70,73,0,0,0
2020-02-08 15:15,118,50,68,0,0,0
2020-02-08 15:30,140,67,73,0,0,0
2020-02-08 15:45,145,62,83,0,0,0
2020-02-08 16:00,124,49,75,0,0,0
2020-02-08 16:15,109,47,62,0,0,0
2020-02-08 16:30,102,43,59,0,0,0
2020-02-08 16:45,106,58,48,0,0,0
2020-02-08 17:00,102,42,60,0,0,0
2020-02-08 17:15,109,31,78,0,0,0
2020-02-08 17:30,129,56,73,0,0,0
2020-02-08 17:45,109,48,61,0,0,0
2020-02-08 18:00,139,47,92,0,0,0
2020-02-08 18:15,98,30,68,0,0,0
2020-02-08 18:30,79,32,47,0,0,0
2020-02-08 18:45,97,45,52,0,0,0
2020-02-08 19:00,95,48,47,0,0,0
2020-02-08 19:15,85,42,43,0,0,0
2020-02-08 19:30,91,52,39,0,0,0
2020-02-08 19:45,90,35,55,0,0,0
2020-02-08 20:00,84,31,53,0,0,0
2020-02-08 20:15,71,34,37,0,0,0
2020-02-08 20:30,58,22,36,0,0,0
2020-02-08 20:45,54,23,31,0,0,0
2020-02-08 21:00,50,18,32,0,0,0
2020-02-08 21:15,16,9,7,0,0,0
2020-02-08 21:30,49,17,32,0,0,0
2020-02-08 21:45,43,14,29,0,0,0
2020-02-08 22:00,34,11,23,0,0,0
2020-02-08 22:15,48,7,41,0,0,0
2020-02-08 22:30,48,18,30,0,0,0
2020-02-08 22:45,34,10,24,0,0,0
2020-02-08 23:00,28,6,22,0,0,0
2020-02-08 23:15,28,3,25,0,0,0
2020-02-08 23:30,34,14,20,0,0,0
2020-02-08 23:45,38,20,18,0,0,0
2020-02-09 00:00,21,7,14,0,0,0
2020-02-09 00:15,32,15,17,0,0,0
2020-02-09 00:30,22,10,12,0,0,0
2020-02-09 00:45,25,10,15,0,0,0
2020-02-09 01:00,28,14,14,0,0,0
2020-02-09 01:15,33,12,21,0,0,0
2020-02-09 01:30,28,7,21,0,0,0
2020-02-09 01:45,22,7,15,0,0,0
2020-02-09 02:00,15,5,10,0,0,0
2020-02-09 02:15,16,7,9,0,0,0
2020-02-09 02:30,18,5,13,0,0,0
2020-02-09 02:45,7,3,4,0,0,0
2020-02-09 03:00,16,4,12,0,0,0
2020-02-09 03:15,14,1,13,0,0,0
2020-02-09 03:30,15,6,9,0,0,0
2020-02-09 03:45,9,2,7,0,0,0
2020-02-09 04:00,14,5,9,0,0,0
2020-02-09 04:15,17,4,13,0,0,0
2020-02-09 04:30,10,4,6,0,0,0
2020-02-09 04:45,2,0,2,0,0,0
2020-02-09 05:00,4,0,4,0,0,0
2020-02-09 05:15,8,1,7,0,0,0
2020-02-09 05:30,6,4,2,0,0,0
2020-02-09 05:45,8,5,3,0,0,0
2020-02-09 06:00,3,1,2,0,0,0
2020-02-09 06:15,4,1,3,0,0,0
2020-02-09 06:30,7,2,5,0,0,0
2020-02-09 06:45,5,4,1,0,0,0
2020-02-09 07:00,5,1,4,0,0,0
2020-02-09 07:15,1,1,0,0,0,0
2020-02-09 07:30,4,2,2,0,0,0
2020-02-09 07:45,15,11,4,0,0,0
2020-02-09 08:00,3,2,1,0,0,0
2020-02-09 08:15,6,5,1,0,0,0
2020-02-09 08:30,10,7,3,0,0,0
2020-02-09 08:45,17,10,7,0,0,0
2020-02-09 09:00,15,11,4,0,0,0
2020-02-09 09:15,24,12,12,0,0,0
2020-02-09 09:30,24,13,11,0,0,0
2020-02-09 09:45,45,22,23,0,0,0
2020-02-09 10:00,29,17,12,0,0,0
2020-02-09 10:15,25,17,8,0,0,0
2020-02-09 10:30,31,19,12,0,0,0
2020-02-09 10:45,38,20,18,0,0,0
2020-02-09 11:00,28,20,8,0,0,0
2020-02-09 11:15,30,8,22,0,0,0
2020-02-09 11:30,25,10,15,0,0,0
2020-02-09 11:45,42,23,19,0,0,0
2020-02-09 12:00,31,13,18,0,0,0
2020-02-09 12:15,36,17,19,0,0,0
2020-02-09 12:30,38,19,19,0,0,0
2020-02-09 12:45,40,15,25,0,0,0
2020-02-09 13:00,29,17,12,0,0,0
2020-02-09 13:15,33,8,25,0,0,0
2020-02-09 13:30,35,14,21,0,0,0
2020-02-09 13:45,35,15,20,0,0,0
2020-02-09 14:00,30,15,15,0,0,0
2020-02-09 14:15,31,11,20,0,0,0
2020-02-09 14:30,28,14,14,0,0,0
2020-02-09 14:45,25,11,14,0,0,0
2020-02-09 15:00,29,15,14,0,0,0
2020-02-09 15:15,23,14,9,0,0,0
2020-02-09 15:30,19,7,12,0,0,0
2020-02-09 15:45,30,12,18,0,0,0
2020-02-09 16:00,28,15,13,0,0,0
2020-02-09 16:15,31,14,17,0,0,0
2020-02-09 16:30,28,17,11,0,0,0
2020-02-09 16:45,21,9,12,0,0,0
2020-02-09 17:00,17,8,9,0,0,0
2020-02-09 17:15,28,15,13,0,0,0
2020-02-09 17:30,31,16,15,0,0,0
2020-02-09 17:45,16,6,10,0,0,0
2020-02-09 18:00,22,11,11,0,0,0
2020-02-09 18:15,11,4,7,0,0,0
2020-02-09 18:30,6,1,5,0,0,0
2020-02-09 18:45,17,5,12,0,0,0
2020-02-09 19:00,12,3,9,0,0,0
2020-02-09 19:15,10,2,8,0,0,0
2020-02-09 19:30,9,4,5,0,0,0
2020-02-09 19:45,10,1,9,0,0,0
2020-02-09 20:00,14,7,7,0,0,0
2020-02-09 20:15,8,1,7,0,0,0
2020-02-09 20:30,9,6,3,0,0,0
2020-02-09 20:45,9,3,6,0,0,0
2020-02-09 21:00,3,1,2,0,0,0
2020-02-09 21:15,2,1,1,0,0,0
2020-02-09 21:30,4,2,2,0,0,0
2020-02-09 21:45,3,0,3,0,0,0
2020-02-09 22:00,5,2,3,0,0,0
2020-02-09 22:15,2,1,1,0,0,0
2020-02-09 22:30,1,0,1,0,0,0
2020-02-09 22:45,3,2,1,0,0,0
2020-02-09 23:00,0,0,0,0,0,0
2020-02-09 23:15,4,2,2,0,0,0
2020-02-09 23:30,3,1,2,0,0,0
2020-02-09 23:45,0,0,0,0,0,0
2020-02-10 00:00,1,1,0,0,0,0
2020-02-10 00:15,0,0,0,0,0,0
2020-02-10 00:30,1,0,1,0,0,0
2020-02-10 00:45,1,0,1,0,0,0
2020-02-10 01:00,2,1,1,0,0,0
2020-02-10 01:15,0,0,0,0,0,0
2020-02-10 01:30,1,1,0,0,0,0
2020-02-10 01:45,0,0,0,0,0,0
2020-02-10 02:00,1,0,1,0,0,0
2020-02-10 02:15,0,0,0,0,0,0
2020-02-10 02:30,1,1,0,0,0,0
2020-02-10 02:45,0,0,0,0,0,0
2020-02-10 03:00,1,0,1,0,0,0
2020-02-10 03:15,0,0,0,0,0,0
2020-02-10 03:30,1,1,0,0,0,0
2020-02-10 03:45,0,0,0,0,0,0
2020-02-10 04:00,0,0,0,0,0,0
2020-02-10 04:15,1,1,0,0,0,0
2020-02-10 04:30,4,4,0,0,0,0
2020-02-10 04:45,1,0,1,0,0,0
2020-02-10 05:00,1,1,0,0,0,0
2020-02-10 05:15,5,5,0,0,0,0
2020-02-10 05:30,4,4,0,0,0,0
2020-02-10 05:45,5,4,1,0,0,0
2020-02-10 06:00,16,10,6,0,0,0
2020-02-10 06:15,15,9,6,0,0,0
2020-02-10 06:30,22,15,7,0,0,0
2020-02-10 06:45,30,19,11,0,0,0
2020-02-10 07:00,41,28,13,0,0,0
2020-02-10 07:15,71,49,22,0,0,0
2020-02-10 07:30,64,44,20,0,0,0
2020-02-10 07:45,59,36,23,0,0,0
2020-02-10 08:00,67,54,13,0,0,0
2020-02-10 08:15,61,45,16,0,0,0
2020-02-10 08:30,49,35,14,0,0,0
2020-02-10 08:45,66,44,22,0,0,0
2020-02-10 09:00,48,38,10,0,0,0
2020-02-10 09:15,58,35,23,0,0,0
2020-02-10 09:30,31,19,12,0,0,0
2020-02-10 09:45,66,43,23,0,0,0
2020-02-10 10:00,45,26,19,0,0,0
2020-02-10 10:15,34,21,13,0,0,0
2020-02-10 10:30,37,24,13,0,0,0
2020-02-10 10:45,30,17,13,0,0,0
2020-02-10 11:00,60,27,33,0,0,0
2020-02-10 11:15,52,17,35,0,0,0
2020-02-10 11:30,70,30,40,0,0,0
2020-02-10 11:45,60,39,21,0,0,0
2020-02-10 12:00,44,21,23,0,0,0
2020-02-10 12:15,65,31,34,0,0,0
2020-02-10 12:30,57,26,31,0,0,0
2020-02-10 12:45,55,18,37,0,0,0
2020-02-10 13:00,59,22,37,0,0,0
2020-02-10 13:15,65,28,37,0,0,0
2020-02-10 13:30,56,24,32,0,0,0
2020-02-10 13:45,68,29,39,0,0,0
2020-02-10 14:00,53,22,31,0,0,0
2020-02-10 14:15,39,17,22,0,0,0
2020-02-10 14:30,66,34,32,0,0,0
2020-02-10 14:45,50,25,25,0,0,0
2020-02-10 15:00,71,30,41,0,0,0
2020-02-10 15:15,83,39,44,0,0,0
2020-02-10 15:30,77,28,49,0,0,0
2020-02-10 15:45,83,33,50,0,0,0
2020-02-10 16:00,93,34,59,0,0,0
2020-02-10 16:15,94,37,57,0,0,0
2020-02-10 16:30,121,51,70,0,0,0
2020-02-10 16:45,94,51,43,0,0,0
2020-02-10 17:00,98,23,75,0,0,0
2020-02-10 17:15,105,41,64,0,0,0
2020-02-10 17:30,114,42,72,0,0,0
2020-02-10 17:45,124,51,73,0,0,0
2020-02-10 18:00,119,42,77,0,0,0
2020-02-10 18:15,126,32,94,0,0,0
2020-02-10 18:30,77,25,52,0,0,0
2020-02-10 18:45,73,23,50,0,0,0
2020-02-10 19:00,56,17,39,0,0,0
2020-02-10 19:15,92,37,55,0,0,0
2020-02-10 19:30,65,24,41,0,0,0
2020-02-10 19:45,51,23,28,0,0,0
2020-02-10 20:00,45,17,28,0,0,0
2020-02-10 20:15,26,11,15,0,0,0
2020-02-10 20:30,41,13,28,0,0,0
2020-02-10 20:45,21,5,16,0,0,0
2020-02-10 21:00,39,9,30,0,0,0
2020-02-10 21:15,23,5,18,0,0,0
2020-02-10 21:30,24,11,13,0,0,0
2020-02-10 21:45,23,6,17,0,0,0
2020-02-10 22:00,25,12,13,0,0,0
2020-02-10 22:15,33,10,23,0,0,0
2020-02-10 22:30,17,4,13,0,0,0
2020-02-10 22:45,14,2,12,0,0,0
2020-02-10 23:00,15,3,12,0,0,0
2020-02-10 23:15,9,4,5,0,0,0
2020-02-10 23:30,17,6,11,0,0,0
2020-02-10 23:45,15,4,11,0,0,0
2020-02-11 00:00,4,1,3,0,0,0
2020-02-11 00:15,2,2,0,0,0,0
2020-02-11 00:30,9,3,6,0,0,0
2020-02-11 00:45,4,0,4,0,0,0
2020-02-11 01:00,5,1,4,0,0,0
2020-02-11 01:15,5,1,4,0,0,0
2020-02-11 01:30,0,0,0,0,0,0
2020-02-11 01:45,0,0,0,0,0,0
2020-02-11 02:00,1,0,1,0,0,0
2020-02-11 02:15,4,0,4,0,0,0
2020-02-11 02:30,1,1,0,0,0,0
2020-02-11 02:45,0,0,0,0,0,0
2020-02-11 03:00,2,0,2,0,0,0
2020-02-11 03:15,1,1,0,0,0,0
2020-02-11 03:30,1,1,0,0,0,0
2020-02-11 03:45,3,0,3,0,0,0
2020-02-11 04:00,2,0,2,0,0,0
2020-02-11 04:15,1,1,0,0,0,0
2020-02-11 04:30,2,2,0,0,0,0
2020-02-11 04:45,1,1,0,0,0,0
2020-02-11 05:00,2,1,1,0,0,0
2020-02-11 05:15,7,5,2,0,0,0
2020-02-11 05:30,12,9,3,0,0,0
2020-02-11 05:45,17,12,5,0,0,0
2020-02-11 06:00,22,16,6,0,0,0
2020-02-11 06:15,26,24,2,0,0,0
2020-02-11 06:30,39,27,12,0,0,0
2020-02-11 06:45,45,33,12,0,0,0
2020-02-11 07:00,59,35,24,0,0,0
2020-02-11 07:15,101,70,31,0,0,0
2020-02-11 07:30,151,94,57,0,0,0
2020-02-11 07:45,140,96,44,0,0,0
2020-02-11 08:00,120,89,31,0,0,0
2020-02-11 08:15,107,67,40,0,0,0
2020-02-11 08:30,114,79,35,0,0,0
2020-02-11 08:45,105,79,26,0,0,0
2020-02-11 09:00,89,64,25,0,0,0
2020-02-11 09:15,83,54,29,0,0,0
2020-02-11 09:30,71,43,28,0,0,0
2020-02-11 09:45,104,76,28,0,0,0
2020-02-11 10:00,80,44,36,0,0,0
2020-02-11 10:15,67,44,23,0,0,0
2020-02-11 10:30,53,30,23,0,0,0
2020-02-11 10:45,90,60,30,0,0,0
2020-02-11 11:00,100,52,48,0,0,0
2020-02-11 11:15,71,35,36,0,0,0
2020-02-11 11:30,56,23,33,0,0,0
2020-02-11 11:45,76,41,35,0,0,0
2020-02-11 12:00,95,42,53,0,0,0
2020-02-11 12:15,102,43,59,0,0,0
2020-02-11 12:30,101,34,67,0,0,0
2020-02-11 12:45,104,50,54,0,0,0
2020-02-11 13:00,81,34,47,0,0,0
2020-02-11 13:15,102,31,71,0,0,0
2020-02-11 13:30,102,47,55,0,0,0
2020-02-11 13:45,119,49,70,0,0,0
2020-02-11 14:00,81,33,48,0,0,0
2020-02-11 14:15,93,39,54,0,0,0
2020-02-11 14:30,71,28,43,0,0,0
2020-02-11 14:45,115,50,65,0,0,0
2020-02-11 15:00,100,43,57,0,0,0
2020-02-11 15:15,108,48,60,0,0,0
2020-02-11 15:30,97,37,60,0,0,0
2020-02-11 15:45,114,55,59,0,0,0
2020-02-11 16:00,120,45,75,0,0,0
2020-02-11 16:15,123,48,75,0,0,0
2020-02-11 16:30,145,45,100,0,0,0
2020-02-11 16:45,161,49,112,0,0,0
2020-02-11 17:00,159,62,97,0,0,0
2020-02-11 17:15,131,50,81,0,0,0
2020-02-11 17:30,135,36,99,0,0,0
2020-02-11 17:45,164,63,101,0,0,0
2020-02-11 18:00,175,63,112,0,0,0
2020-02-11 18:15,129,39,90,0,0,0
2020-02-11 18:30,110,30,80,0,0,0
2020-02-11 18:45,108,50,58,0,0,0
2020-02-11 19:00,95,39,56,0,0,0
2020-02-11 19:15,75,28,47,0,0,0
2020-02-11 19:30,80,28,52,0,0,0
2020-02-11 19:45,109,48,61,0,0,0
2020-02-11 20:00,67,22,45,0,0,0
2020-02-11 20:15,56,20,36,0,0,0
2020-02-11 20:30,60,24,36,0,0,0
2020-02-11 20:45,39,12,27,0,0,0
2020-02-11 21:00,27,10,17,0,0,0
2020-02-11 21:15,39,14,25,0,0,0
2020-02-11 21:30,36,18,18,0,0,0
2020-02-11 21:45,46,20,26,0,0,0
2020-02-11 22:00,58,10,48,0,0,0
2020-02-11 22:15,40,12,28,0,0,0
2020-02-11 22:30,35,10,25,0,0,0
2020-02-11 22:45,39,13,26,0,0,0
2020-02-11 23:00,31,12,19,0,0,0
2020-02-11 23:15,11,3,8,0,0,0
2020-02-11 23:30,4,1,3,0,0,0
2020-02-11 23:45,9,3,6,0,0,0
2020-02-12 00:00,5,2,3,0,0,0
2020-02-12 00:15,14,3,11,0,0,0
2020-02-12 00:30,11,1,10,0,0,0
2020-02-12 00:45,8,5,3,0,0,0
2020-02-12 01:00,11,3,8,0,0,0
2020-02-12 01:15,3,0,3,0,0,0
2020-02-12 01:30,4,0,4,0,0,0
2020-02-12 01:45,4,0,4,0,0,0
2020-02-12 02:00,6,2,4,0,0,0
2020-02-12 02:15,0,0,0,0,0,0
2020-02-12 02:30,4,2,2,0,0,0
2020-02-12 02:45,0,0,0,0,0,0
2020-02-12 03:00,3,0,3,0,0,0
2020-02-12 03:15,1,1,0,0,0,0
2020-02-12 03:30,1,0,1,0,0,0
2020-02-12 03:45,1,0,1,0,0,0
2020-02-12 04:00,1,1,0,0,0,0
2020-02-12 04:15,2,1,1,0,0,0
2020-02-12 04:30,2,2,0,0,0,0
2020-02-12 04:45,3,2,1,0,0,0
2020-02-12 05:00,3,1,2,0,0,0
2020-02-12 05:15,8,5,3,0,0,0
2020-02-12 05:30,9,7,2,0,0,0
2020-02-12 05:45,18,13,5,0,0,0
2020-02-12 06:00,20,13,7,0,0,0
2020-02-12 06:15,36,28,8,0,0,0
2020-02-12 06:30,28,21,7,0,0,0
2020-02-12 06:45,63,44,19,0,0,0
2020-02-12 07:00,76,45,31,0,0,0
2020-02-12 07:15,87,59,28,0,0,0
2020-02-12 07:30,143,92,51,0,0,0
2020-02-12 07:45,148,100,48,0,0,0
2020-02-12 08:00,122,78,44,0,0,0
2020-02-12 08:15,126,87,39,0,0,0
2020-02-12 08:30,128,94,34,0,0,0
2020-02-12 08:45,135,98,37,0,0,0
2020-02-12 09:00,106,82,24,0,0,0
2020-02-12 09:15,97,61,36,0,0,0
2020-02-12 09:30,115,75,40,0,0,0
2020-02-12 09:45,103,77,26,0,0,0
2020-02-12 10:00,66,43,23,0,0,0
2020-02-12 10:15,99,67,32,0,0,0
2020-02-12 10:30,96,52,44,0,0,0
2020-02-12 10:45,91,47,44,0,0,0
2020-02-12 11:00,94,50,44,0,0,0
2020-02-12 11:15,105,53,52,0,0,0
2020-02-12 11:30,104,55,49,0,0,0
2020-02-12 11:45,92,51,41,0,0,0
2020-02-12 12:00,117,49,68,0,0,0
2020-02-12 12:15,138,54,84,0,0,0
2020-02-12 12:30,117,42,75,0,0,0
2020-02-12 12:45,133,54,79,0,0,0
2020-02-12 13:00,133,48,85,0,0,0
2020-02-12 13:15,119,54,65,0,0,0
2020-02-12 13:30,119,45,74,0,0,0
2020-02-12 13:45,111,46,65,0,0,0
2020-02-12 14:00,135,61,74,0,0,0
2020-02-12 14:15,110,39,71,0,0,0
2020-02-12 14:30,121,40,81,0,0,0
2020-02-12 14:45,125,54,71,0,0,0
2020-02-12 15:00,124,49,75,0,0,0
2020-02-12 15:15,118,35,83,0,0,0
2020-02-12 15:30,140,55,85,0,0,0
2020-02-12 15:45,162,65,97,0,0,0
2020-02-12 16:00,155,50,105,0,0,0
2020-02-12 16:15,185,64,121,0,0,0
2020-02-12 16:30,156,57,99,0,0,0
2020-02-12 16:45,166,71,95,0,0,0
2020-02-12 17:00,173,64,109,0,0,0
2020-02-12 17:15,159,59,100,0,0,0
2020-02-12 17:30,192,72,120,0,0,0
2020-02-12 17:45,173,66,107,0,0,0
2020-02-12 18:00,152,57,95,0,0,0
2020-02-12 18:15,163,65,98,0,0,0
2020-02-12 18:30,111,39,72,0,0,0
2020-02-12 18:45,132,55,77,0,0,0
2020-02-12 19:00,117,44,73,0,0,0
2020-02-12 19:15,113,44,69,0,0,0
2020-02-12 19:30,87,31,56,0,0,0
2020-02-12 19:45,110,39,71,0,0,0
2020-02-12 20:00,100,24,76,0,0,0
2020-02-12 20:15,86,32,54,0,0,0
2020-02-12 20:30,53,14,39,0,0,0
2020-02-12 20:45,69,23,46,0,0,0
2020-02-12 21:00,57,30,27,0,0,0
2020-02-12 21:15,41,10,31,0,0,0
2020-02-12 21:30,69,20,49,0,0,0
2020-02-12 21:45,53,18,35,0,0,0
2020-02-12 22:00,61,21,40,0,0,0
2020-02-12 22:15,58,27,31,0,0,0
2020-02-12 22:30,49,14,35,0,0,0
2020-02-12 22:45,40,18,22,0,0,0
2020-02-12 23:00,27,10,17,0,0,0
2020-02-12 23:15,32,8,24,0,0,0
2020-02-12 23:30,26,14,12,0,0,0
2020-02-12 23:45,19,3,16,0,0,0
2020-02-13 00:00,28,21,7,0,0,0
2020-02-13 00:15,21,10,11,0,0,0
2020-02-13 00:30,11,7,4,0,0,0
2020-02-13 00:45,15,5,10,0,0,0
2020-02-13 01:00,5,1,4,0,0,0
2020-02-13 01:15,8,0,8,0,0,0
2020-02-13 01:30,4,1,3,0,0,0
2020-02-13 01:45,5,2,3,0,0,0
2020-02-13 02:00,4,4,0,0,0,0
2020-02-13 02:15,1,0,1,0,0,0
2020-02-13 02:30,3,3,0,0,0,0
2020-02-13 02:45,5,1,4,0,0,0
2020-02-13 03:00,6,3,3,0,0,0
2020-02-13 03:15,5,0,5,0,0,0
2020-02-13 03:30,9,2,7,0,0,0
2020-02-13 03:45,5,0,5,0,0,0
2020-02-13 04:00,4,1,3,0,0,0
2020-02-13 04:15,1,0,1,0,0,0
2020-02-13 04:30,10,5,5,0,0,0
2020-02-13 04:45,2,0,2,0,0,0
2020-02-13 05:00,3,0,3,0,0,0
2020-02-13 05:15,8,6,2,0,0,0
2020-02-13 05:30,15,11,4,0,0,0
2020-02-13 05:45,21,9,12,0,0,0
2020-02-13 06:00,14,10,4,0,0,0
2020-02-13 06:15,31,27,4,0,0,0
2020-02-13 06:30,35,25,10,0,0,0
2020-02-13 06:45,58,37,21,0,0,0
2020-02-13 07:00,77,43,34,0,0,0
2020-02-13 07:15,102,66,36,0,0,0
2020-02-13 07:30,149,98,51,0,0,0
2020-02-13 07:45,156,110,46,0,0,0
2020-02-13 08:00,105,76,29,0,0,0
2020-02-13 08:15,115,79,36,0,0,0
2020-02-13 08:30,103,69,34,0,0,0
2020-02-13 08:45,135,101,34,0,0,0
2020-02-13 09:00,105,71,34,0,0,0
2020-02-13 09:15,96,65,31,0,0,0
2020-02-13 09:30,81,56,25,0,0,0
2020-02-13 09:45,115,76,39,0,0,0
2020-02-13 10:00,76,47,29,0,0,0
2020-02-13 10:15,65,34,31,0,0,0
2020-02-13 10:30,65,37,28,0,0,0
2020-02-13 10:45,62,32,30,0,0,0
2020-02-13 11:00,71,28,43,0,0,0
2020-02-13 11:15,70,35,35,0,0,0
2020-02-13 11:30,56,21,35,0,0,0
2020-02-13 11:45,63,33,30,0,0,0
2020-02-13 12:00,50,21,29,0,0,0
2020-02-13 12:15,63,18,45,0,0,0
2020-02-13 12:30,78,19,59,0,0,0
2020-02-13 12:45,69,31,38,0,0,0
2020-02-13 13:00,69,26,43,0,0,0
2020-02-13 13:15,78,31,47,0,0,0
2020-02-13 13:30,67,26,41,0,0,0
2020-02-13 13:45,98,51,47,0,0,0
2020-02-13 14:00,80,32,48,0,0,0
2020-02-13 14:15,85,34,51,0,0,0
2020-02-13 14:30,81,34,47,0,0,0
2020-02-13 14:45,123,61,62,0,0,0
2020-02-13 15:00,90,39,51,0,0,0
2020-02-13 15:15,107,44,63,0,0,0
2020-02-13 15:30,115,39,76,0,0,0
2020-02-13 15:45,122,52,70,0,0,0
2020-02-13 16:00,140,58,82,0,0,0
2020-02-13 16:15,139,59,80,0,0,0
2020-02-13 16:30,128,38,90,0,0,0
2020-02-13 16:45,128,54,74,0,0,0
2020-02-13 17:00,146,59,87,0,0,0
2020-02-13 17:15,141,70,71,0,0,0
2020-02-13 17:30,150,52,98,0,0,0
2020-02-13 17:45,167,69,98,0,0,0
2020-02-13 18:00,175,60,115,0,0,0
2020-02-13 18:15,160,62,98,0,0,0
2020-02-13 18:30,114,34,80,0,0,0
2020-02-13 18:45,98,38,60,0,0,0
2020-02-13 19:00,105,39,66,0,0,0
2020-02-13 19:15,112,45,67,0,0,0
2020-02-13 19:30,88,32,56,0,0,0
2020-02-13 19:45,114,44,70,0,0,0
2020-02-13 20:00,75,13,62,0,0,0
2020-02-13 20:15,54,15,39,0,0,0
2020-02-13 20:30,52,19,33,0,0,0
2020-02-13 20:45,57,22,35,0,0,0
2020-02-13 21:00,43,16,27,0,0,0
2020-02-13 21:15,56,13,43,0,0,0
2020-02-13 21:30,54,14,40,0,0,0
2020-02-13 21:45,43,17,26,0,0,0
2020-02-13 22:00,41,15,26,0,0,0
2020-02-13 22:15,37,12,25,0,0,0
2020-02-13 22:30,33,8,25,0,0,0
2020-02-13 22:45,27,12,15,0,0,0
2020-02-13 23:00,38,8,30,0,0,0
2020-02-13 23:15,34,7,27,0,0,0
2020-02-13 23:30,23,6,17,0,0,0
2020-02-13 23:45,24,12,12,0,0,0
2020-02-14 00:00,8,4,4,0,0,0
2020-02-14 00:15,11,5,6,0,0,0
2020-02-14 00:30,8,0,8,0,0,0
2020-02-14 00:45,9,1,8,0,0,0
2020-02-14 01:00,11,0,11,0,0,0
2020-02-14 01:15,10,5,5,0,0,0
2020-02-14 01:30,5,0,5,0,0,0
2020-02-14 01:45,8,4,4,0,0,0
2020-02-14 02:00,2,0,2,0,0,0
2020-02-14 02:15,2,2,0,0,0,0
2020-02-14 02:30,11,6,5,0,0,0
2020-02-14 02:45,2,1,1,0,0,0
2020-02-14 03:00,2,0,2,0,0,0
2020-02-14 03:15,3,3,0,0,0,0
2020-02-14 03:30,1,0,1,0,0,0
2020-02-14 03:45,1,0,1,0,0,0
2020-02-14 04:00,1,1,0,0,0,0
2020-02-14 04:15,1,1,0,0,0,0
2020-02-14 04:30,3,2,1,0,0,0
2020-02-14 04:45,6,4,2,0,0,0
2020-02-14 05:00,7,4,3,0,0,0
2020-02-14 05:15,5,3,2,0,0,0
2020-02-14 05:30,9,5,4,0,0,0
2020-02-14 05:45,13,12,1,0,0,0
2020-02-14 06:00,20,15,5,0,0,0
2020-02-14 06:15,31,26,5,0,0,0
2020-02-14 06:30,44,27,17,0,0,0
2020-02-14 06:45,54,32,22,0,0,0
2020-02-14 07:00,73,49,24,0,0,0
2020-02-14 07:15,82,49,33,0,0,0
2020-02-14 07:30,164,117,47,0,0,0
2020-02-14 07:45,161,109,52,0,0,0
2020-02-14 08:00,116,82,34,0,0,0
2020-02-14 08:15,108,74,34,0,0,0
2020-02-14 08:30,106,75,31,0,0,0
2020-02-14 08:45,146,93,53,0,0,0
2020-02-14 09:00,91,62,29,0,0,0
2020-02-14 09:15,92,68,24,0,0,0
2020-02-14 09:30,100,68,32,0,0,0
2020-02-14 09:45,113,88,25,0,0,0
2020-02-14 10:00,92,51,41,0,0,0
2020-02-14 10:15,94,47,47,0,0,0
2020-02-14 10:30,90,50,40,0,0,0
2020-02-14 10:45,89,53,36,0,0,0
2020-02-14 11:00,101,50,51,0,0,0
2020-02-14 11:15,106,53,53,0,0,0
2020-02-14 11:30,107,56,51,0,0,0
2020-02-14 11:45,133,65,68,0,0,0
2020-02-14 12:00,106,41,65,0,0,0
2020-02-14 12:15,100,43,57,0,0,0
2020-02-14 12:30,124,50,74,0,0,0
2020-02-14 12:45,146,54,92,0,0,0
2020-02-14 13:00,164,51,113,0,0,0
2020-02-14 13:15,161,67,94,0,0,0
2020-02-14 13:30,143,50,93,0,0,0
2020-02-14 13:45,176,73,103,0,0,0
2020-02-14 14:00,172,76,96,0,0,0
2020-02-14 14:15,137,46,91,0,0,0
2020-02-14 14:30,164,67,97,0,0,0
2020-02-14 14:45,175,77,98,0,0,0
2020-02-14 15:00,176,75,101,0,0,0
2020-02-14 15:15,131,58,73,0,0,0
2020-02-14 15:30,186,73,113,0,0,0
2020-02-14 15:45,173,77,96,0,0,0
2020-02-14 16:00,160,79,81,0,0,0
2020-02-14 16:15,189,64,125,0,0,0
2020-02-14 16:30,162,57,105,0,0,0
2020-02-14 16:45,161,70,91,0,0,0
2020-02-14 17:00,147,73,74,0,0,0
2020-02-14 17:15,141,65,76,0,0,0
2020-02-14 17:30,142,56,86,0,0,0
2020-02-14 17:45,156,58,98,0,0,0
2020-02-14 18:00,186,57,129,0,0,0
2020-02-14 18:15,199,41,158,0,0,0
2020-02-14 18:30,128,34,94,0,0,0
2020-02-14 18:45,159,79,80,0,0,0
2020-02-14 19:00,134,60,74,0,0,0
2020-02-14 19:15,116,55,61,0,0,0
2020-02-14 19:30,104,46,58,0,0,0
2020-02-14 19:45,93,40,53,0,0,0
2020-02-14 20:00,91,37,54,0,0,0
2020-02-14 20:15,78,37,41,0,0,0
2020-02-14 20:30,48,24,24,0,0,0
2020-02-14 20:45,55,23,32,0,0,0
2020-02-14 21:00,90,63,27,0,0,0
2020-02-14 21:15,96,59,37,0,0,0
2020-02-14 21:30,52,15,37,0,0,0
2020-02-14 21:45,60,35,25,0,0,0
2020-02-14 22:00,41,25,16,0,0,0
2020-02-14 22:15,64,24,40,0,0,0
2020-02-14 22:30,60,18,42,0,0,0
2020-02-14 22:45,47,19,28,0,0,0
2020-02-14 23:00,61,17,44,0,0,0
2020-02-14 23:15,44,11,33,0,0,0
2020-02-14 23:30,56,23,33,0,0,0
2020-02-14 23:45,40,22,18,0,0,0
2020-02-15 00:00,42,18,24,0,0,0
2020-02-15 00:15,43,18,25,0,0,0
2020-02-15 00:30,44,18,26,0,0,0
2020-02-15 00:45,25,8,17,0,0,0
2020-02-15 01:00,42,15,27,0,0,0
2020-02-15 01:15,26,8,18,0,0,0
2020-02-15 01:30,16,10,6,0,0,0
2020-02-15 01:45,23,8,15,0,0,0
2020-02-15 02:00,14,4,10,0,0,0
2020-02-15 02:15,19,9,10,0,0,0
2020-02-15 02:30,5,1,4,0,0,0
2020-02-15 02:45,7,0,7,0,0,0
2020-02-15 03:00,7,3,4,0,0,0
2020-02-15 03:15,9,3,6,0,0,0
2020-02-15 03:30,14,0,14,0,0,0
2020-02-15 03:45,6,0,6,0,0,0
2020-02-15 04:00,5,0,5,0,0,0
2020-02-15 04:15,10,1,9,0,0,0
2020-02-15 04:30,5,1,4,0,0,0
2020-02-15 04:45,8,3,5,0,0,0
2020-02-15 05:00,5,3,2,0,0,0
2020-02-15 05:15,7,2,5,0,0,0
2020-02-15 05:30,8,4,4,0,0,0
2020-02-15 05:45,7,4,3,0,0,0
2020-02-15 06:00,4,3,1,0,0,0
2020-02-15 06:15,6,5,1,0,0,0
2020-02-15 06:30,2,1,1,0,0,0
2020-02-15 06:45,10,7,3,0,0,0
2020-02-15 07:00,8,4,4,0,0,0
2020-02-15 07:15,21,19,2,0,0,0
2020-02-15 07:30,13,9,4,0,0,0
2020-02-15 07:45,32,18,14,0,0,0
2020-02-15 08:00,22,11,11,0,0,0
2020-02-15 08:15,43,25,18,0,0,0
2020-02-15 08:30,56,33,23,0,0,0
2020-02-15 08:45,71,36,35,0,0,0
2020-02-15 09:00,54,39,15,0,0,0
2020-02-15 09:15,68,44,24,0,0,0
2020-02-15 09:30,57,40,17,0,0,0
2020-02-15 09:45,115,76,39,0,0,0
2020-02-15 10:00,116,81,35,0,0,0
2020-02-15 10:15,104,82,22,0,0,0
2020-02-15 10:30,108,67,41,0,0,0
2020-02-15 10:45,135,99,36,0,0,0
2020-02-15 11:00,145,84,61,0,0,0
2020-02-15 11:15,142,96,46,0,0,0
2020-02-15 11:30,168,94,74,0,0,0
2020-02-15 11:45,160,95,65,0,0,0
2020-02-15 12:00,163,101,62,0,0,0
2020-02-15 12:15,144,77,67,0,0,0
2020-02-15 12:30,131,68,63,0,0,0
2020-02-15 12:45,160,87,73,0,0,0
2020-02-15 13:00,180,85,95,0,0,0
2020-02-15 13:15,169,70,99,0,0,0
2020-02-15 13:30,173,85,88,0,0,0
2020-02-15 13:45,170,74,96,0,0,0
2020-02-15 14:00,138,58,80,0,0,0
2020-02-15 14:15,158,58,100,0,0,0
2020-02-15 14:30,132,40,92,0,0,0
2020-02-15 14:45,142,53,89,0,0,0
2020-02-15 15:00,152,60,92,0,0,0
2020-02-15 15:15,139,64,75,0,0,0
2020-02-15 15:30,119,54,65,0,0,0
2020-02-15 15:45,165,73,92,0,0,0
2020-02-15 16:00,133,55,78,0,0,0
2020-02-15 16:15,109,42,67,0,0,0
2020-02-15 16:30,120,51,69,0,0,0
2020-02-15 16:45,123,47,76,0,0,0
2020-02-15 17:00,121,46,75,0,0,0
2020-02-15 17:15,124,56,68,0,0,0
2020-02-15 17:30,117,38,79,0,0,0
2020-02-15 17:45,128,56,72,0,0,0
2020-02-15 18:00,142,44,98,0,0,0
2020-02-15 18:15,95,28,67,0,0,0
2020-02-15 18:30,127,53,74,0,0,0
2020-02-15 18:45,137,45,92,0,0,0
2020-02-15 19:00,107,41,66,0,0,0
2020-02-15 19:15,109,47,62,0,0,0
2020-02-15 19:30,85,42,43,0,0,0
2020-02-15 19:45,90,41,49,0,0,0
2020-02-15 20:00,75,37,38,0,0,0
2020-02-15 20:15,57,25,32,0,0,0
2020-02-15 20:30,58,24,34,0,0,0
2020-02-15 20:45,32,9,23,0,0,0
2020-02-15 21:00,49,15,34,0,0,0
2020-02-15 21:15,37,13,24,0,0,0
2020-02-15 21:30,97,71,26,0,0,0
2020-02-15 21:45,94,68,26,0,0,0
2020-02-15 22:00,29,12,17,0,0,0
2020-02-15 22:15,58,28,30,0,0,0
2020-02-15 22:30,30,7,23,0,0,0
2020-02-15 22:45,45,26,19,0,0,0
2020-02-15 23:00,63,16,47,0,0,0
2020-02-15 23:15,63,24,39,0,0,0
2020-02-15 23:30,22,10,12,0,0,0
2020-02-15 23:45,46,25,21,0,0,0
2020-02-16 00:00,44,15,29,0,0,0
2020-02-16 00:15,36,21,15,0,0,0
2020-02-16 00:30,40,13,27,0,0,0
2020-02-16 00:45,35,19,16,0,0,0
2020-02-16 01:00,29,8,21,0,0,0
2020-02-16 01:15,32,8,24,0,0,0
2020-02-16 01:30,20,3,17,0,0,0
2020-02-16 01:45,30,14,16,0,0,0
2020-02-16 02:00,10,4,6,0,0,0
2020-02-16 02:15,22,8,14,0,0,0
2020-02-16 02:30,6,4,2,0,0,0
2020-02-16 02:45,4,1,3,0,0,0
2020-02-16 03:00,13,3,10,0,0,0
2020-02-16 03:15,7,1,6,0,0,0
2020-02-16 03:30,8,2,6,0,0,0
2020-02-16 03:45,5,1,4,0,0,0
2020-02-16 04:00,9,0,9,0,0,0
2020-02-16 04:15,3,0,3,0,0,0
2020-02-16 04:30,2,1,1,0,0,0
2020-02-16 04:45,2,0,2,0,0,0
2020-02-16 05:00,4,1,3,0,0,0
2020-02-16 05:15,5,2,3,0,0,0
2020-02-16 05:30,5,1,4,0,0,0
2020-02-16 05:45,5,4,1,0,0,0
2020-02-16 06:00,0,0,0,0,0,0
2020-02-16 06:15,2,1,1,0,0,0
2020-02-16 06:30,3,1,2,0,0,0
2020-02-16 06:45,6,2,4,0,0,0
2020-02-16 07:00,4,0,4,0,0,0
2020-02-16 07:15,6,5,1,0,0,0
2020-02-16 07:30,1,0,1,0,0,0
2020-02-16 07:45,3,2,1,0,0,0
2020-02-16 08:00,8,7,1,0,0,0
2020-02-16 08:15,8,4,4,0,0,0
2020-02-16 08:30,11,8,3,0,0,0
2020-02-16 08:45,11,7,4,0,0,0
2020-02-16 09:00,13,5,8,0,0,0
2020-02-16 09:15,11,6,5,0,0,0
2020-02-16 09:30,13,6,7,0,0,0
2020-02-16 09:45,39,29,10,0,0,0
2020-02-16 10:00,30,23,7,0,0,0
2020-02-16 10:15,29,21,8,0,0,0
2020-02-16 10:30,17,9,8,0,0,0
2020-02-16 10:45,31,17,14,0,0,0
2020-02-16 11:00,27,18,9,0,0,0
2020-02-16 11:15,23,16,7,0,0,0
2020-02-16 11:30,29,13,16,0,0,0
2020-02-16 11:45,28,20,8,0,0,0
2020-02-16 12:00,34,19,15,0,0,0
2020-02-16 12:15,35,9,26,0,0,0
2020-02-16 12:30,33,19,14,0,0,0
2020-02-16 12:45,40,21,19,0,0,0
2020-02-16 13:00,32,13,19,0,0,0
2020-02-16 13:15,28,11,17,0,0,0
2020-02-16 13:30,40,17,23,0,0,0
2020-02-16 13:45,44,21,23,0,0,0
2020-02-16 14:00,41,17,24,0,0,0
2020-02-16 14:15,28,13,15,0,0,0
2020-02-16 14:30,38,15,23,0,0,0
2020-02-16 14:45,55,22,33,0,0,0
2020-02-16 15:00,47,20,27,0,0,0
2020-02-16 15:15,60,28,32,0,0,0
2020-02-16 15:30,56,28,28,0,0,0
2020-02-16 15:45,49,31,18,0,0,0
2020-02-16 16:00,47,18,29,0,0,0
2020-02-16 16:15,51,24,27,0,0,0
2020-02-16 16:30,35,17,18,0,0,0
2020-02-16 16:45,46,17,29,0,0,0
2020-02-16 17:00,46,21,25,0,0,0
2020-02-16 17:15,46,20,26,0,0,0
2020-02-16 17:30,47,31,16,0,0,0
2020-02-16 17:45,52,23,29,0,0,0
2020-02-16 18:00,52,19,33,0,0,0
2020-02-16 18:15,57,16,41,0,0,0
2020-02-16 18:30,28,7,21,0,0,0
2020-02-16 18:45,37,15,22,0,0,0
2020-02-16 19:00,20,6,14,0,0,0
2020-02-16 19:15,22,14,8,0,0,0
2020-02-16 19:30,22,10,12,0,0,0
2020-02-16 19:45,21,9,12,0,0,0
2020-02-16 20:00,17,3,14,0,0,0
2020-02-16 20:15,22,8,14,0,0,0
2020-02-16 20:30,21,4,17,0,0,0
2020-02-16 20:45,19,5,14,0,0,0
2020-02-16 21:00,14,6,8,0,0,0
2020-02-16 21:15,12,3,9,0,0,0
2020-02-16 21:30,16,7,9,0,0,0
2020-02-16 21:45,12,4,8,0,0,0
2020-02-16 22:00,15,4,11,0,0,0
2020-02-16 22:15,8,1,7,0,0,0
2020-02-16 22:30,10,0,10,0,0,0
2020-02-16 22:45,11,5,6,0,0,0
2020-02-16 23:00,9,1,8,0,0,0
2020-02-16 23:15,5,1,4,0,0,0
2020-02-16 23:30,3,1,2,0,0,0
2020-02-16 23:45,2,0,2,0,0,0
2020-02-17 00:00,2,0,2,0,0,0
2020-02-17 00:15,3,0,3,0,0,0
2020-02-17 00:30,1,0,1,0,0,0
2020-02-17 00:45,2,1,1,0,0,0
2020-02-17 01:00,1,0,1,0,0,0
2020-02-17 01:15,0,0,0,0,0,0
2020-02-17 01:30,1,0,1,0,0,0
2020-02-17 01:45,3,2,1,0,0,0
2020-02-17 02:00,3,0,3,0,0,0
2020-02-17 02:15,2,0,2,0,0,0
2020-02-17 02:30,2,1,1,0,0,0
2020-02-17 02:45,1,1,0,0,0,0
2020-02-17 03:00,2,1,1,0,0,0
2020-02-17 03:15,0,0,0,0,0,0
2020-02-17 03:30,0,0,0,0,0,0
2020-02-17 03:45,0,0,0,0,0,0
2020-02-17 04:00,0,0,0,0,0,0
2020-02-17 04:15,1,1,0,0,0,0
2020-02-17 04:30,1,1,0,0,0,0
2020-02-17 04:45,4,2,2,0,0,0
2020-02-17 05:00,3,1,2,0,0,0
2020-02-17 05:15,11,8,3,0,0,0
2020-02-17 05:30,12,10,2,0,0,0
2020-02-17 05:45,12,8,4,0,0,0
2020-02-17 06:00,21,12,9,0,0,0
2020-02-17 06:15,38,33,5,0,0,0
2020-02-17 06:30,41,29,12,0,0,0
2020-02-17 06:45,50,36,14,0,0,0
2020-02-17 07:00,79,48,31,0,0,0
2020-02-17 07:15,114,73,41,0,0,0
2020-02-17 07:30,155,115,40,0,0,0
2020-02-17 07:45,161,118,43,0,0,0
2020-02-17 08:00,124,98,26,0,0,0
2020-02-17 08:15,142,93,49,0,0,0
2020-02-17 08:30,108,74,34,0,0,0
2020-02-17 08:45,132,88,44,0,0,0
2020-02-17 09:00,84,64,20,0,0,0
2020-02-17 09:15,99,72,27,0,0,0
2020-02-17 09:30,107,65,42,0,0,0
2020-02-17 09:45,92,71,21,0,0,0
2020-02-17 10:00,64,38,26,0,0,0
2020-02-17 10:15,94,53,41,0,0,0
2020-02-17 10:30,85,62,23,0,0,0
2020-02-17 10:45,121,70,51,0,0,0
2020-02-17 11:00,93,54,39,0,0,0
2020-02-17 11:15,111,59,52,0,0,0
2020-02-17 11:30,121,62,59,0,0,0
2020-02-17 11:45,105,48,57,0,0,0
2020-02-17 12:00,125,59,66,0,0,0
2020-02-17 12:15,128,49,79,0,0,0
2020-02-17 12:30,116,50,66,0,0,0
2020-02-17 12:45,134,59,75,0,0,0
2020-02-17 13:00,110,52,58,0,0,0
2020-02-17 13:15,114,38,76,0,0,0
2020-02-17 13:30,117,57,60,0,0,0
2020-02-17 13:45,154,61,93,0,0,0
2020-02-17 14:00,143,67,76,0,0,0
2020-02-17 14:15,122,55,67,0,0,0
2020-02-17 14:30,121,49,72,0,0,0
2020-02-17 14:45,128,51,77,0,0,0
2020-02-17 15:00,116,41,75,0,0,0
2020-02-17 15:15,149,61,88,0,0,0
2020-02-17 15:30,126,38,88,0,0,0
2020-02-17 15:45,108,35,73,0,0,0
2020-02-17 16:00,143,58,85,0,0,0
2020-02-17 16:15,159,49,110,0,0,0
2020-02-17 16:30,154,55,99,0,0,0
2020-02-17 16:45,170,63,107,0,0,0
2020-02-17 17:00,151,61,90,0,0,0
2020-02-17 17:15,165,57,108,0,0,0
2020-02-17 17:30,168,57,111,0,0,0
2020-02-17 17:45,165,54,111,0,0,0
2020-02-17 18:00,154,62,92,0,0,0
2020-02-17 18:15,149,50,99,0,0,0
2020-02-17 18:30,145,51,94,0,0,0
2020-02-17 18:45,112,39,73,0,0,0
2020-02-17 19:00,114,40,74,0,0,0
2020-02-17 19:15,108,45,63,0,0,0
2020-02-17 19:30,77,21,56,0,0,0
2020-02-17 19:45,90,32,58,0,0,0
2020-02-17 20:00,67,26,41,0,0,0
2020-02-17 20:15,44,18,26,0,0,0
2020-02-17 20:30,40,15,25,0,0,0
2020-02-17 20:45,47,22,25,0,0,0
2020-02-17 21:00,47,9,38,0,0,0
2020-02-17 21:15,38,14,24,0,0,0
2020-02-17 21:30,50,10,40,0,0,0
2020-02-17 21:45,48,11,37,0,0,0
2020-02-17 22:00,36,10,26,0,0,0
2020-02-17 22:15,34,12,22,0,0,0
2020-02-17 22:30,28,6,22,0,0,0
2020-02-17 22:45,33,5,28,0,0,0
2020-02-17 23:00,18,4,14,0,0,0
2020-02-17 23:15,19,11,8,0,0,0
2020-02-17 23:30,16,8,8,0,0,0
2020-02-17 23:45,8,5,3,0,0,0
2020-02-18 00:00,12,4,8,0,0,0
2020-02-18 00:15,6,3,3,0,0,0
2020-02-18 00:30,8,3,5,0,0,0
2020-02-18 00:45,7,1,6,0,0,0
2020-02-18 01:00,9,3,6,0,0,0
2020-02-18 01:15,2,0,2,0,0,0
2020-02-18 01:30,0,0,0,0,0,0
2020-02-18 01:45,3,1,2,0,0,0
2020-02-18 02:00,1,1,0,0,0,0
2020-02-18 02:15,0,0,0,0,0,0
2020-02-18 02:30,0,0,0,0,0,0
2020-02-18 02:45,7,4,3,0,0,0
2020-02-18 03:00,4,0,4,0,0,0
2020-02-18 03:15,4,1,3,0,0,0
2020-02-18 03:30,1,1,0,0,0,0
2020-02-18 03:45,1,0,1,0,0,0
2020-02-18 04:00,0,0,0,0,0,0
2020-02-18 04:15,1,1,0,0,0,0
2020-02-18 04:30,2,1,1,0,0,0
2020-02-18 04:45,2,2,0,0,0,0
2020-02-18 05:00,3,2,1,0,0,0
2020-02-18 05:15,7,5,2,0,0,0
2020-02-18 05:30,10,8,2,0,0,0
2020-02-18 05:45,21,17,4,0,0,0
2020-02-18 06:00,12,6,6,0,0,0
2020-02-18 06:15,36,33,3,0,0,0
2020-02-18 06:30,32,23,9,0,0,0
2020-02-18 06:45,54,35,19,0,0,0
2020-02-18 07:00,71,51,20,0,0,0
2020-02-18 07:15,103,65,38,0,0,0
2020-02-18 07:30,170,110,60,0,0,0
2020-02-18 07:45,157,106,51,0,0,0
2020-02-18 08:00,127,81,46,0,0,0
2020-02-18 08:15,138,97,41,0,0,0
2020-02-18 08:30,131,90,41,0,0,0
2020-02-18 08:45,117,77,40,0,0,0
2020-02-18 09:00,100,75,25,0,0,0
2020-02-18 09:15,93,62,31,0,0,0
2020-02-18 09:30,101,59,42,0,0,0
2020-02-18 09:45,106,79,27,0,0,0
2020-02-18 10:00,89,53,36,0,0,0
2020-02-18 10:15,75,46,29,0,0,0
2020-02-18 10:30,84,48,36,0,0,0
2020-02-18 10:45,100,66,34,0,0,0
2020-02-18 11:00,85,37,48,0,0,0
2020-02-18 11:15,88,41,47,0,0,0
2020-02-18 11:30,84,36,48,0,0,0
2020-02-18 11:45,108,50,58,0,0,0
2020-02-18 12:00,115,44,71,0,0,0
2020-02-18 12:15,119,56,63,0,0,0
2020-02-18 12:30,125,43,82,0,0,0
2020-02-18 12:45,124,60,64,0,0,0
2020-02-18 13:00,124,50,74,0,0,0
2020-02-18 13:15,124,41,83,0,0,0
2020-02-18 13:30,106,41,65,0,0,0
2020-02-18 13:45,130,68,62,0,0,0
2020-02-18 14:00,135,47,88,0,0,0
2020-02-18 14:15,103,47,56,0,0,0
2020-02-18 14:30,114,43,71,0,0,0
2020-02-18 14:45,150,71,79,0,0,0
2020-02-18 15:00,137,46,91,0,0,0
2020-02-18 15:15,140,68,72,0,0,0
2020-02-18 15:30,144,51,93,0,0,0
2020-02-18 15:45,134,46,88,0,0,0
2020-02-18 16:00,164,73,91,0,0,0
2020-02-18 16:15,165,71,94,0,0,0
2020-02-18 16:30,151,46,105,0,0,0
2020-02-18 16:45,184,77,107,0,0,0
2020-02-18 17:00,173,52,121,0,0,0
2020-02-18 17:15,175,72,103,0,0,0
2020-02-18 17:30,177,68,109,0,0,0
2020-02-18 17:45,183,67,116,0,0,0
2020-02-18 18:00,183,48,135,0,0,0
2020-02-18 18:15,168,68,100,0,0,0
2020-02-18 18:30,142,44,98,0,0,0
2020-02-18 18:45,146,63,83,0,0,0
2020-02-18 19:00,128,45,83,0,0,0
2020-02-18 19:15,112,39,73,0,0,0
2020-02-18 19:30,108,46,62,0,0,0
2020-02-18 19:45,112,39,73,0,0,0
2020-02-18 20:00,80,27,53,0,0,0
2020-02-18 20:15,74,27,47,0,0,0
2020-02-18 20:30,73,33,40,0,0,0
2020-02-18 20:45,51,17,34,0,0,0
2020-02-18 21:00,61,17,44,0,0,0
2020-02-18 21:15,56,14,42,0,0,0
2020-02-18 21:30,40,12,28,0,0,0
2020-02-18 21:45,47,17,30,0,0,0
2020-02-18 22:00,64,10,54,0,0,0
2020-02-18 22:15,45,16,29,0,0,0
2020-02-18 22:30,39,13,26,0,0,0
2020-02-18 22:45,50,18,32,0,0,0
2020-02-18 23:00,52,22,30,0,0,0
2020-02-18 23:15,29,12,17,0,0,0
2020-02-18 23:30,16,3,13,0,0,0
2020-02-18 23:45,15,4,11,0,0,0
2020-02-19 00:00,17,5,12,0,0,0
2020-02-19 00:15,9,0,9,0,0,0
2020-02-19 00:30,13,2,11,0,0,0
2020-02-19 00:45,12,3,9,0,0,0
2020-02-19 01:00,7,0,7,0,0,0
2020-02-19 01:15,11,1,10,0,0,0
2020-02-19 01:30,6,2,4,0,0,0
2020-02-19 01:45,2,1,1,0,0,0
2020-02-19 02:00,2,0,2,0,0,0
2020-02-19 02:15,8,4,4,0,0,0
2020-02-19 02:30,4,4,0,0,0,0
2020-02-19 02:45,1,1,0,0,0,0
2020-02-19 03:00,0,0,0,0,0,0
2020-02-19 03:15,2,1,1,0,0,0
2020-02-19 03:30,3,2,1,0,0,0
2020-02-19 03:45,0,0,0,0,0,0
2020-02-19 04:00,2,0,2,0,0,0
2020-02-19 04:15,2,1,1,0,0,0
2020-02-19 04:30,1,1,0,0,0,0
2020-02-19 04:45,2,2,0,0,0,0
2020-02-19 05:00,3,3,0,0,0,0
2020-02-19 05:15,6,5,1,0,0,0
2020-02-19 05:30,13,9,4,0,0,0
2020-02-19 05:45,15,9,6,0,0,0
2020-02-19 06:00,21,15,6,0,0,0
2020-02-19 06:15,46,37,9,0,0,0
2020-02-19 06:30,35,24,11,0,0,0
2020-02-19 06:45,47,33,14,0,0,0
2020-02-19 07:00,63,40,23,0,0,0
2020-02-19 07:15,104,65,39,0,0,0
2020-02-19 07:30,135,88,47,0,0,0
2020-02-19 07:45,183,115,68,0,0,0
2020-02-19 08:00,121,82,39,0,0,0
2020-02-19 08:15,128,85,43,0,0,0
2020-02-19 08:30,125,82,43,0,0,0
2020-02-19 08:45,153,112,41,0,0,0
2020-02-19 09:00,94,70,24,0,0,0
2020-02-19 09:15,105,67,38,0,0,0
2020-02-19 09:30,91,64,27,0,0,0
2020-02-19 09:45,109,80,29,0,0,0
2020-02-19 10:00,86,58,28,0,0,0
2020-02-19 10:15,97,63,34,0,0,0
2020-02-19 10:30,79,40,39,0,0,0
2020-02-19 10:45,108,61,47,0,0,0
2020-02-19 11:00,115,57,58,0,0,0
2020-02-19 11:15,113,60,53,0,0,0
2020-02-19 11:30,122,68,54,0,0,0
2020-02-19 11:45,120,60,60,0,0,0
2020-02-19 12:00,119,39,80,0,0,0
2020-02-19 12:15,140,55,85,0,0,0
2020-02-19 12:30,147,52,95,0,0,0
2020-02-19 12:45,133,57,76,0,0,0
2020-02-19 13:00,133,48,85,0,0,0
2020-02-19 13:15,135,48,87,0,0,0
2020-02-19 13:30,127,47,80,0,0,0
2020-02-19 13:45,127,62,65,0,0,0
2020-02-19 14:00,113,39,74,0,0,0
2020-02-19 14:15,122,44,78,0,0,0
2020-02-19 14:30,148,57,91,0,0,0
2020-02-19 14:45,128,56,72,0,0,0
2020-02-19 15:00,103,42,61,0,0,0
2020-02-19 15:15,131,57,74,0,0,0
2020-02-19 15:30,148,46,102,0,0,0
2020-02-19 15:45,146,49,97,0,0,0
2020-02-19 16:00,166,51,115,0,0,0
2020-02-19 16:15,162,56,106,0,0,0
2020-02-19 16:30,199,72,127,0,0,0
2020-02-19 16:45,183,61,122,0,0,0
2020-02-19 17:00,193,83,110,0,0,0
2020-02-19 17:15,218,95,123,0,0,0
2020-02-19 17:30,186,59,127,0,0,0
2020-02-19 17:45,196,71,125,0,0,0
2020-02-19 18:00,195,83,112,0,0,0
2020-02-19 18:15,182,70,112,0,0,0
2020-02-19 18:30,83,43,40,0,0,0
2020-02-19 18:45,120,51,69,0,0,0
2020-02-19 19:00,142,57,85,0,0,0
2020-02-19 19:15,110,44,66,0,0,0
2020-02-19 19:30,108,49,59,0,0,0
2020-02-19 19:45,109,45,64,0,0,0
2020-02-19 20:00,94,25,69,0,0,0
2020-02-19 20:15,72,26,46,0,0,0
2020-02-19 20:30,65,28,37,0,0,0
2020-02-19 20:45,61,17,44,0,0,0
2020-02-19 21:00,54,16,38,0,0,0
2020-02-19 21:15,52,19,33,0,0,0
2020-02-19 21:30,65,25,40,0,0,0
2020-02-19 21:45,37,8,29,0,0,0
2020-02-19 22:00,48,12,36,0,0,0
2020-02-19 22:15,54,21,33,0,0,0
2020-02-19 22:30,38,12,26,0,0,0
2020-02-19 22:45,42,13,29,0,0,0
2020-02-19 23:00,31,9,22,0,0,0
2020-02-19 23:15,31,9,22,0,0,0
2020-02-19 23:30,20,7,13,0,0,0
2020-02-19 23:45,11,5,6,0,0,0
2020-02-20 00:00,15,6,9,0,0,0
2020-02-20 00:15,6,0,6,0,0,0
2020-02-20 00:30,13,1,12,0,0,0
2020-02-20 00:45,13,8,5,0,0,0
2020-02-20 01:00,7,4,3,0,0,0
2020-02-20 01:15,6,1,5,0,0,0
2020-02-20 01:30,5,1,4,0,0,0
2020-02-20 01:45,5,1,4,0,0,0
2020-02-20 02:00,13,9,4,0,0,0
2020-02-20 02:15,6,3,3,0,0,0
2020-02-20 02:30,4,3,1,0,0,0
2020-02-20 02:45,3,1,2,0,0,0
2020-02-20 03:00,6,0,6,0,0,0
2020-02-20 03:15,1,1,0,0,0,0
2020-02-20 03:30,2,2,0,0,0,0
2020-02-20 03:45,2,0,2,0,0,0
2020-02-20 04:00,5,3,2,0,0,0
2020-02-20 04:15,2,0,2,0,0,0
2020-02-20 04:30,3,1,2,0,0,0
2020-02-20 04:45,2,2,0,0,0,0
2020-02-20 05:00,5,4,1,0,0,0
2020-02-20 05:15,3,2,1,0,0,0
2020-02-20 05:30,15,11,4,0,0,0
2020-02-20 05:45,8,6,2,0,0,0
2020-02-20 06:00,18,12,6,0,0,0
2020-02-20 06:15,33,24,9,0,0,0
2020-02-20 06:30,29,23,6,0,0,0
2020-02-20 06:45,65,43,22,0,0,0
2020-02-20 07:00,70,45,25,0,0,0
2020-02-20 07:15,101,57,44,0,0,0
2020-02-20 07:30,145,93,52,0,0,0
2020-02-20 07:45,171,119,52,0,0,0
2020-02-20 08:00,101,75,26,0,0,0
2020-02-20 08:15,141,92,49,0,0,0
2020-02-20 08:30,109,80,29,0,0,0
2020-02-20 08:45,135,92,43,0,0,0
2020-02-20 09:00,98,72,26,0,0,0
2020-02-20 09:15,106,73,33,0,0,0
2020-02-20 09:30,79,58,21,0,0,0
2020-02-20 09:45,120,79,41,0,0,0
2020-02-20 10:00,82,52,30,0,0,0
2020-02-20 10:15,78,51,27,0,0,0
2020-02-20 10:30,81,45,36,0,0,0
2020-02-20 10:45,87,49,38,0,0,0
2020-02-20 11:00,73,38,35,0,0,0
2020-02-20 11:15,99,60,39,0,0,0
2020-02-20 11:30,86,42,44,0,0,0
2020-02-20 11:45,87,40,47,0,0,0
2020-02-20 12:00,82,35,47,0,0,0
2020-02-20 12:15,108,52,56,0,0,0
2020-02-20 12:30,108,41,67,0,0,0
2020-02-20 12:45,115,38,77,0,0,0
2020-02-20 13:00,127,50,77,0,0,0
2020-02-20 13:15,108,43,65,0,0,0
2020-02-20 13:30,104,39,65,0,0,0
2020-02-20 13:45,133,62,71,0,0,0
2020-02-20 14:00,100,39,61,0,0,0
2020-02-20 14:15,124,61,63,0,0,0
2020-02-20 14:30,139,67,72,0,0,0
2020-02-20 14:45,151,77,74,0,0,0
2020-02-20 15:00,116,56,60,0,0,0
2020-02-20 15:15,148,69,79,0,0,0
2020-02-20 15:30,145,69,76,0,0,0
2020-02-20 15:45,164,74,90,0,0,0
2020-02-20 16:00,164,73,91,0,0,0
2020-02-20 16:15,150,70,80,0,0,0
2020-02-20 16:30,151,58,93,0,0,0
2020-02-20 16:45,168,70,98,0,0,0
2020-02-20 17:00,159,63,96,0,0,0
2020-02-20 17:15,162,63,99,0,0,0
2020-02-20 17:30,151,69,82,0,0,0
2020-02-20 17:45,149,64,85,0,0,0
2020-02-20 18:00,159,62,97,0,0,0
2020-02-20 18:15,151,51,100,0,0,0
2020-02-20 18:30,101,29,72,0,0,0
2020-02-20 18:45,115,49,66,0,0,0
2020-02-20 19:00,106,39,67,0,0,0
2020-02-20 19:15,102,38,64,0,0,0
2020-02-20 19:30,80,23,57,0,0,0
2020-02-20 19:45,75,22,53,0,0,0
2020-02-20 20:00,79,17,62,0,0,0
2020-02-20 20:15,65,21,44,0,0,0
2020-02-20 20:30,47,21,26,0,0,0
2020-02-20 20:45,42,9,33,0,0,0
2020-02-20 21:00,52,19,33,0,0,0
2020-02-20 21:15,36,9,27,0,0,0
2020-02-20 21:30,32,14,18,0,0,0
2020-02-20 21:45,63,14,49,0,0,0
2020-02-20 22:00,42,10,32,0,0,0
2020-02-20 22:15,59,21,38,0,0,0
2020-02-20 22:30,45,13,32,0,0,0
2020-02-20 22:45,47,20,27,0,0,0
2020-02-20 23:00,26,10,16,0,0,0
2020-02-20 23:15,23,8,15,0,0,0
2020-02-20 23:30,24,5,19,0,0,0
2020-02-20 23:45,18,2,16,0,0,0
2020-02-21 00:00,26,4,22,0,0,0
2020-02-21 00:15,25,7,18,0,0,0
2020-02-21 00:30,16,6,10,0,0,0
2020-02-21 00:45,27,12,15,0,0,0
2020-02-21 01:00,13,4,9,0,0,0
2020-02-21 01:15,6,0,6,0,0,0
2020-02-21 01:30,13,5,8,0,0,0
2020-02-21 01:45,14,2,12,0,0,0
2020-02-21 02:00,5,2,3,0,0,0
2020-02-21 02:15,8,0,8,0,0,0
2020-02-21 02:30,8,3,5,0,0,0
2020-02-21 02:45,7,2,5,0,0,0
2020-02-21 03:00,3,0,3,0,0,0
2020-02-21 03:15,6,1,5,0,0,0
2020-02-21 03:30,4,2,2,0,0,0
2020-02-21 03:45,5,1,4,0,0,0
2020-02-21 04:00,7,1,6,0,0,0
2020-02-21 04:15,2,1,1,0,0,0
2020-02-21 04:30,4,2,2,0,0,0
2020-02-21 04:45,2,2,0,0,0,0
2020-02-21 05:00,7,7,0,0,0,0
2020-02-21 05:15,9,3,6,0,0,0
2020-02-21 05:30,21,13,8,0,0,0
2020-02-21 05:45,15,13,2,0,0,0
2020-02-21 06:00,24,16,8,0,0,0
2020-02-21 06:15,29,23,6,0,0,0
2020-02-21 06:30,32,19,13,0,0,0
2020-02-21 06:45,43,27,16,0,0,0
2020-02-21 07:00,55,31,24,0,0,0
2020-02-21 07:15,90,62,28,0,0,0
2020-02-21 07:30,114,77,37,0,0,0
2020-02-21 07:45,114,84,30,0,0,0
2020-02-21 08:00,85,63,22,0,0,0
2020-02-21 08:15,108,69,39,0,0,0
2020-02-21 08:30,103,68,35,0,0,0
2020-02-21 08:45,112,75,37,0,0,0
2020-02-21 09:00,85,50,35,0,0,0
2020-02-21 09:15,106,72,34,0,0,0
2020-02-21 09:30,92,62,30,0,0,0
2020-02-21 09:45,88,61,27,0,0,0
2020-02-21 10:00,67,40,27,0,0,0
2020-02-21 10:15,78,48,30,0,0,0
2020-02-21 10:30,85,42,43,0,0,0
2020-02-21 10:45,104,56,48,0,0,0
2020-02-21 11:00,66,36,30,0,0,0
2020-02-21 11:15,106,51,55,0,0,0
2020-02-21 11:30,102,56,46,0,0,0
2020-02-21 11:45,133,63,70,0,0,0
2020-02-21 12:00,118,50,68,0,0,0
2020-02-21 12:15,112,54,58,0,0,0
2020-02-21 12:30,133,44,89,0,0,0
2020-02-21 12:45,133,52,81,0,0,0
2020-02-21 13:00,140,56,84,0,0,0
2020-02-21 13:15,136,47,89,0,0,0
2020-02-21 13:30,142,64,78,0,0,0
2020-02-21 13:45,144,60,84,0,0,0
2020-02-21 14:00,144,54,90,0,0,0
2020-02-21 14:15,148,60,88,0,0,0
2020-02-21 14:30,106,37,69,0,0,0
2020-02-21 14:45,152,54,98,0,0,0
2020-02-21 15:00,151,59,92,0,0,0
2020-02-21 15:15,145,57,88,0,0,0
2020-02-21 15:30,162,69,93,0,0,0
2020-02-21 15:45,152,63,89,0,0,0
2020-02-21 16:00,136,49,87,0,0,0
2020-02-21 16:15,126,51,75,0,0,0
2020-02-21 16:30,134,50,84,0,0,0
2020-02-21 16:45,112,53,59,0,0,0
2020-02-21 17:00,127,43,84,0,0,0
2020-02-21 17:15,117,48,69,0,0,0
2020-02-21 17:30,148,67,81,0,0,0
2020-02-21 17:45,138,55,83,0,0,0
2020-02-21 18:00,117,46,71,0,0,0
2020-02-21 18:15,118,46,72,0,0,0
2020-02-21 18:30,108,42,66,0,0,0
2020-02-21 18:45,104,45,59,0,0,0
2020-02-21 19:00,81,32,49,0,0,0
2020-02-21 19:15,81,37,44,0,0,0
2020-02-21 19:30,63,25,38,0,0,0
2020-02-21 19:45,80,36,44,0,0,0
2020-02-21 20:00,83,31,52,0,0,0
2020-02-21 20:15,61,28,33,0,0,0
2020-02-21 20:30,43,18,25,0,0,0
2020-02-21 20:45,53,29,24,0,0,0
2020-02-21 21:00,47,24,23,0,0,0
2020-02-21 21:15,33,9,24,0,0,0
2020-02-21 21:30,34,16,18,0,0,0
2020-02-21 21:45,27,8,19,0,0,0
2020-02-21 22:00,40,10,30,0,0,0
2020-02-21 22:15,34,14,20,0,0,0
2020-02-21 22:30,51,10,41,0,0,0
2020-02-21 22:45,47,13,34,0,0,0
2020-02-21 23:00,29,7,22,0,0,0
2020-02-21 23:15,24,7,17,0,0,0
2020-02-21 23:30,26,6,20,0,0,0
2020-02-21 23:45,30,14,16,0,0,0
2020-02-22 00:00,28,5,23,0,0,0
2020-02-22 00:15,29,20,9,0,0,0
2020-02-22 00:30,22,10,12,0,0,0
2020-02-22 00:45,27,4,23,0,0,0
2020-02-22 01:00,24,12,12,0,0,0
2020-02-22 01:15,17,3,14,0,0,0
2020-02-22 01:30,13,3,10,0,0,0
2020-02-22 01:45,13,6,7,0,0,0
2020-02-22 02:00,15,3,12,0,0,0
2020-02-22 02:15,14,2,12,0,0,0
2020-02-22 02:30,13,4,9,0,0,0
2020-02-22 02:45,5,1,4,0,0,0
2020-02-22 03:00,14,12,2,0,0,0
2020-02-22 03:15,18,10,8,0,0,0
2020-02-22 03:30,2,1,1,0,0,0
2020-02-22 03:45,5,1,4,0,0,0
2020-02-22 04:00,4,0,4,0,0,0
2020-02-22 04:15,6,1,5,0,0,0
2020-02-22 04:30,2,1,1,0,0,0
2020-02-22 04:45,3,2,1,0,0,0
2020-02-22 05:00,3,2,1,0,0,0
2020-02-22 05:15,7,3,4,0,0,0
2020-02-22 05:30,8,4,4,0,0,0
2020-02-22 05:45,11,9,2,0,0,0
2020-02-22 06:00,5,2,3,0,0,0
2020-02-22 06:15,11,7,4,0,0,0
2020-02-22 06:30,9,5,4,0,0,0
2020-02-22 06:45,10,7,3,0,0,0
2020-02-22 07:00,5,4,1,0,0,0
2020-02-22 07:15,19,14,5,0,0,0
2020-02-22 07:30,19,12,7,0,0,0
2020-02-22 07:45,24,16,8,0,0,0
2020-02-22 08:00,26,17,9,0,0,0
2020-02-22 08:15,33,18,15,0,0,0
2020-02-22 08:30,35,20,15,0,0,0
2020-02-22 08:45,42,28,14,0,0,0
2020-02-22 09:00,49,31,18,0,0,0
2020-02-22 09:15,68,44,24,0,0,0
2020-02-22 09:30,64,45,19,0,0,0
2020-02-22 09:45,91,66,25,0,0,0
2020-02-22 10:00,80,54,26,0,0,0
2020-02-22 10:15,100,72,28,0,0,0
2020-02-22 10:30,84,55,29,0,0,0
2020-02-22 10:45,104,65,39,0,0,0
2020-02-22 11:00,113,84,29,0,0,0
2020-02-22 11:15,99,58,41,0,0,0
2020-02-22 11:30,91,55,36,0,0,0
2020-02-22 11:45,121,60,61,0,0,0
2020-02-22 12:00,116,64,52,0,0,0
2020-02-22 12:15,118,62,56,0,0,0
2020-02-22 12:30,99,53,46,0,0,0
2020-02-22 12:45,122,63,59,0,0,0
2020-02-22 13:00,108,55,53,0,0,0
2020-02-22 13:15,124,65,59,0,0,0
2020-02-22 13:30,123,52,71,0,0,0
2020-02-22 13:45,112,48,64,0,0,0
2020-02-22 14:00,120,46,74,0,0,0
2020-02-22 14:15,120,54,66,0,0,0
2020-02-22 14:30,102,45,57,0,0,0
2020-02-22 14:45,96,37,59,0,0,0
2020-02-22 15:00,88,32,56,0,0,0
2020-02-22 15:15,96,36,60,0,0,0
2020-02-22 15:30,76,30,46,0,0,0
2020-02-22 15:45,87,40,47,0,0,0
2020-02-22 16:00,79,28,51,0,0,0
2020-02-22 16:15,95,49,46,0,0,0
2020-02-22 16:30,84,38,46,0,0,0
2020-02-22 16:45,60,23,37,0,0,0
2020-02-22 17:00,81,32,49,0,0,0
2020-02-22 17:15,50,16,34,0,0,0
2020-02-22 17:30,58,19,39,0,0,0
2020-02-22 17:45,93,51,42,0,0,0
2020-02-22 18:00,82,27,55,0,0,0
2020-02-22 18:15,90,33,57,0,0,0
2020-02-22 18:30,52,25,27,0,0,0
2020-02-22 18:45,50,28,22,0,0,0
2020-02-22 19:00,64,20,44,0,0,0
2020-02-22 19:15,65,30,35,0,0,0
2020-02-22 19:30,49,24,25,0,0,0
2020-02-22 19:45,49,34,15,0,0,0
2020-02-22 20:00,36,10,26,0,0,0
2020-02-22 20:15,44,12,32,0,0,0
2020-02-22 20:30,23,9,14,0,0,0
2020-02-22 20:45,32,12,20,0,0,0
2020-02-22 21:00,27,13,14,0,0,0
2020-02-22 21:15,29,8,21,0,0,0
2020-02-22 21:30,16,2,14,0,0,0
2020-02-22 21:45,31,12,19,0,0,0
2020-02-22 22:00,23,8,15,0,0,0
2020-02-22 22:15,24,8,16,0,0,0
2020-02-22 22:30,27,10,17,0,0,0
2020-02-22 22:45,15,5,10,0,0,0
2020-02-22 23:00,12,3,9,0,0,0
2020-02-22 23:15,28,11,17,0,0,0
2020-02-22 23:30,25,5,20,0,0,0
2020-02-22 23:45,22,2,20,0,0,0
2020-02-23 00:00,18,3,15,0,0,0
2020-02-23 00:15,11,5,6,0,0,0
2020-02-23 00:30,17,5,12,0,0,0
2020-02-23 00:45,13,4,9,0,0,0
2020-02-23 01:00,19,4,15,0,0,0
2020-02-23 01:15,9,4,5,0,0,0
2020-02-23 01:30,8,1,7,0,0,0
2020-02-23 01:45,10,1,9,0,0,0
2020-02-23 02:00,13,2,11,0,0,0
2020-02-23 02:15,8,2,6,0,0,0
2020-02-23 02:30,9,3,6,0,0,0
2020-02-23 02:45,8,3,5,0,0,0
2020-02-23 03:00,4,2,2,0,0,0
2020-02-23 03:15,8,2,6,0,0,0
2020-02-23 03:30,5,1,4,0,0,0
2020-02-23 03:45,2,0,2,0,0,0
2020-02-23 04:00,1,0,1,0,0,0
2020-02-23 04:15,0,0,0,0,0,0
2020-02-23 04:30,0,0,0,0,0,0
2020-02-23 04:45,3,0,3,0,0,0
2020-02-23 05:00,1,0,1,0,0,0
2020-02-23 05:15,4,1,3,0,0,0
2020-02-23 05:30,7,4,3,0,0,0
2020-02-23 05:45,5,5,0,0,0,0
2020-02-23 06:00,3,2,1,0,0,0
2020-02-23 06:15,0,0,0,0,0,0
2020-02-23 06:30,2,0,2,0,0,0
2020-02-23 06:45,2,1,1,0,0,0
2020-02-23 07:00,2,2,0,0,0,0
2020-02-23 07:15,2,1,1,0,0,0
2020-02-23 07:30,6,2,4,0,0,0
2020-02-23 07:45,5,4,1,0,0,0
2020-02-23 08:00,5,3,2,0,0,0
2020-02-23 08:15,6,3,3,0,0,0
2020-02-23 08:30,7,4,3,0,0,0
2020-02-23 08:45,7,6,1,0,0,0
2020-02-23 09:00,6,3,3,0,0,0
2020-02-23 09:15,6,2,4,0,0,0
2020-02-23 09:30,10,5,5,0,0,0
2020-02-23 09:45,10,7,3,0,0,0
2020-02-23 10:00,19,14,5,0,0,0
2020-02-23 10:15,4,2,2,0,0,0
2020-02-23 10:30,9,3,6,0,0,0
2020-02-23 10:45,9,5,4,0,0,0
2020-02-23 11:00,5,2,3,0,0,0
2020-02-23 11:15,14,6,8,0,0,0
2020-02-23 11:30,16,12,4,0,0,0
2020-02-23 11:45,6,3,3,0,0,0
2020-02-23 12:00,20,14,6,0,0,0
2020-02-23 12:15,12,6,6,0,0,0
2020-02-23 12:30,20,12,8,0,0,0
2020-02-23 12:45,14,7,7,0,0,0
2020-02-23 13:00,12,7,5,0,0,0
2020-02-23 13:15,13,5,8,0,0,0
2020-02-23 13:30,20,10,10,0,0,0
2020-02-23 13:45,24,9,15,0,0,0
2020-02-23 14:00,12,6,6,0,0,0
2020-02-23 14:15,18,7,11,0,0,0
2020-02-23 14:30,16,8,8,0,0,0
2020-02-23 14:45,24,14,10,0,0,0
2020-02-23 15:00,17,4,13,0,0,0
2020-02-23 15:15,18,12,6,0,0,0
2020-02-23 15:30,18,7,11,0,0,0
2020-02-23 15:45,19,10,9,0,0,0
2020-02-23 16:00,7,2,5,0,0,0
2020-02-23 16:15,10,5,5,0,0,0
2020-02-23 16:30,26,11,15,0,0,0
2020-02-23 16:45,21,8,13,0,0,0
2020-02-23 17:00,13,6,7,0,0,0
2020-02-23 17:15,20,7,13,0,0,0
2020-02-23 17:30,30,15,15,0,0,0
2020-02-23 17:45,28,14,14,0,0,0
2020-02-23 18:00,31,10,21,0,0,0
2020-02-23 18:15,25,13,12,0,0,0
2020-02-23 18:30,16,7,9,0,0,0
2020-02-23 18:45,32,19,13,0,0,0
2020-02-23 19:00,28,12,16,0,0,0
2020-02-23 19:15,17,8,9,0,0,0
2020-02-23 19:30,13,7,6,0,0,0
2020-02-23 19:45,20,14,6,0,0,0
2020-02-23 20:00,19,5,14,0,0,0
2020-02-23 20:15,28,7,21,0,0,0
2020-02-23 20:30,19,6,13,0,0,0
2020-02-23 20:45,28,11,17,0,0,0
2020-02-23 21:00,13,3,10,0,0,0
2020-02-23 21:15,15,10,5,0,0,0
2020-02-23 21:30,15,9,6,0,0,0
2020-02-23 21:45,12,4,8,0,0,0
2020-02-23 22:00,15,4,11,0,0,0
2020-02-23 22:15,20,4,16,0,0,0
2020-02-23 22:30,12,3,9,0,0,0
2020-02-23 22:45,6,3,3,0,0,0
2020-02-23 23:00,9,4,5,0,0,0
2020-02-23 23:15,11,8,3,0,0,0
2020-02-23 23:30,9,3,6,0,0,0
2020-02-23 23:45,7,3,4,0,0,0
2020-02-24 00:00,3,0,3,0,0,0
2020-02-24 00:15,3,3,0,0,0,0
2020-02-24 00:30,3,0,3,0,0,0
2020-02-24 00:45,7,2,5,0,0,0
2020-02-24 01:00,6,2,4,0,0,0
2020-02-24 01:15,0,0,0,0,0,0
2020-02-24 01:30,4,2,2,0,0,0
2020-02-24 01:45,4,2,2,0,0,0
2020-02-24 02:00,4,1,3,0,0,0
2020-02-24 02:15,0,0,0,0,0,0
2020-02-24 02:30,4,1,3,0,0,0
2020-02-24 02:45,3,1,2,0,0,0
2020-02-24 03:00,3,1,2,0,0,0
2020-02-24 03:15,6,5,1,0,0,0
2020-02-24 03:30,2,1,1,0,0,0
2020-02-24 03:45,2,0,2,0,0,0
2020-02-24 04:00,0,0,0,0,0,0
2020-02-24 04:15,3,1,2,0,0,0
2020-02-24 04:30,8,5,3,0,0,0
2020-02-24 04:45,6,3,3,0,0,0
2020-02-24 05:00,3,1,2,0,0,0
2020-02-24 05:15,7,6,1,0,0,0
2020-02-24 05:30,10,4,6,0,0,0
2020-02-24 05:45,11,9,2,0,0,0
2020-02-24 06:00,17,9,8,0,0,0
2020-02-24 06:15,21,17,4,0,0,0
2020-02-24 06:30,29,19,10,0,0,0
2020-02-24 06:45,28,18,10,0,0,0
2020-02-24 07:00,30,15,15,0,0,0
2020-02-24 07:15,62,36,26,0,0,0
2020-02-24 07:30,49,25,24,0,0,0
2020-02-24 07:45,67,40,27,0,0,0
2020-02-24 08:00,44,23,21,0,0,0
2020-02-24 08:15,58,31,27,0,0,0
2020-02-24 08:30,52,34,18,0,0,0
2020-02-24 08:45,46,35,11,0,0,0
2020-02-24 09:00,41,19,22,0,0,0
2020-02-24 09:15,36,24,12,0,0,0
2020-02-24 09:30,44,29,15,0,0,0
2020-02-24 09:45,58,41,17,0,0,0
2020-02-24 10:00,66,31,35,0,0,0
2020-02-24 10:15,55,29,26,0,0,0
2020-02-24 10:30,61,36,25,0,0,0
2020-02-24 10:45,63,36,27,0,0,0
2020-02-24 11:00,69,39,30,0,0,0
2020-02-24 11:15,66,32,34,0,0,0
2020-02-24 11:30,47,26,21,0,0,0
2020-02-24 11:45,75,47,28,0,0,0
2020-02-24 12:00,76,39,37,0,0,0
2020-02-24 12:15,59,37,22,0,0,0
2020-02-24 12:30,85,36,49,0,0,0
2020-02-24 12:45,74,44,30,0,0,0
2020-02-24 13:00,90,55,35,0,0,0
2020-02-24 13:15,77,53,24,0,0,0
2020-02-24 13:30,86,53,33,0,0,0
2020-02-24 13:45,100,79,21,0,0,0
2020-02-24 14:00,87,71,16,0,0,0
2020-02-24 14:15,88,70,18,0,0,0
2020-02-24 14:30,73,42,31,0,0,0
2020-02-24 14:45,82,47,35,0,0,0
2020-02-24 15:00,76,38,38,0,0,0
2020-02-24 15:15,78,26,52,0,0,0
2020-02-24 15:30,84,32,52,0,0,0
2020-02-24 15:45,97,36,61,0,0,0
2020-02-24 16:00,85,22,63,0,0,0
2020-02-24 16:15,157,33,124,0,0,0
2020-02-24 16:30,87,23,64,0,0,0
2020-02-24 16:45,88,28,60,0,0,0
2020-02-24 17:00,60,27,33,0,0,0
2020-02-24 17:15,54,16,38,0,0,0
2020-02-24 17:30,38,15,23,0,0,0
2020-02-24 17:45,60,20,40,0,0,0
2020-02-24 18:00,51,17,34,0,0,0
2020-02-24 18:15,43,21,22,0,0,0
2020-02-24 18:30,47,21,26,0,0,0
2020-02-24 18:45,48,17,31,0,0,0
2020-02-24 19:00,40,16,24,0,0,0
2020-02-24 19:15,38,13,25,0,0,0
2020-02-24 19:30,29,9,20,0,0,0
2020-02-24 19:45,29,8,21,0,0,0
2020-02-24 20:00,28,12,16,0,0,0
2020-02-24 20:15,22,11,11,0,0,0
2020-02-24 20:30,27,7,20,0,0,0
2020-02-24 20:45,31,12,19,0,0,0
2020-02-24 21:00,18,7,11,0,0,0
2020-02-24 21:15,30,8,22,0,0,0
2020-02-24 21:30,19,5,14,0,0,0
2020-02-24 21:45,18,2,16,0,0,0
2020-02-24 22:00,14,3,11,0,0,0
2020-02-24 22:15,19,2,17,0,0,0
2020-02-24 22:30,15,5,10,0,0,0
2020-02-24 22:45,10,1,9,0,0,0
2020-02-24 23:00,13,3,10,0,0,0
2020-02-24 23:15,16,4,12,0,0,0
2020-02-24 23:30,17,2,15,0,0,0
2020-02-24 23:45,5,2,3,0,0,0
2020-02-25 00:00,15,1,14,0,0,0
2020-02-25 00:15,8,3,5,0,0,0
2020-02-25 00:30,9,0,9,0,0,0
2020-02-25 00:45,4,0,4,0,0,0
2020-02-25 01:00,1,0,1,0,0,0
2020-02-25 01:15,5,1,4,0,0,0
2020-02-25 01:30,4,2,2,0,0,0
2020-02-25 01:45,0,0,0,0,0,0
2020-02-25 02:00,6,1,5,0,0,0
2020-02-25 02:15,1,0,1,0,0,0
2020-02-25 02:30,2,1,1,0,0,0
2020-02-25 02:45,3,0,3,0,0,0
2020-02-25 03:00,0,0,0,0,0,0
2020-02-25 03:15,2,0,2,0,0,0
2020-02-25 03:30,4,1,3,0,0,0
2020-02-25 03:45,1,1,0,0,0,0
2020-02-25 04:00,2,0,2,0,0,0
2020-02-25 04:15,1,1,0,0,0,0
2020-02-25 04:30,2,2,0,0,0,0
2020-02-25 04:45,6,2,4,0,0,0
2020-02-25 05:00,4,3,1,0,0,0
2020-02-25 05:15,6,3,3,0,0,0
2020-02-25 05:30,14,12,2,0,0,0
2020-02-25 05:45,20,14,6,0,0,0
2020-02-25 06:00,19,11,8,0,0,0
2020-02-25 06:15,29,25,4,0,0,0
2020-02-25 06:30,44,33,11,0,0,0
2020-02-25 06:45,49,36,13,0,0,0
2020-02-25 07:00,64,37,27,0,0,0
2020-02-25 07:15,79,52,27,0,0,0
2020-02-25 07:30,92,69,23,0,0,0
2020-02-25 07:45,127,94,33,0,0,0
2020-02-25 08:00,110,80,30,0,0,0
2020-02-25 08:15,121,76,45,0,0,0
2020-02-25 08:30,103,70,33,0,0,0
2020-02-25 08:45,128,102,26,0,0,0
2020-02-25 09:00,95,71,24,0,0,0
2020-02-25 09:15,66,34,32,0,0,0
2020-02-25 09:30,69,42,27,0,0,0
2020-02-25 09:45,102,75,27,0,0,0
2020-02-25 10:00,90,47,43,0,0,0
2020-02-25 10:15,70,32,38,0,0,0
2020-02-25 10:30,44,22,22,0,0,0
2020-02-25 10:45,71,37,34,0,0,0
2020-02-25 11:00,78,39,39,0,0,0
2020-02-25 11:15,59,26,33,0,0,0
2020-02-25 11:30,76,37,39,0,0,0
2020-02-25 11:45,110,54,56,0,0,0
2020-02-25 12:00,97,35,62,0,0,0
2020-02-25 12:15,109,60,49,0,0,0
2020-02-25 12:30,90,42,48,0,0,0
2020-02-25 12:45,127,68,59,0,0,0
2020-02-25 13:00,106,46,60,0,0,0
2020-02-25 13:15,110,53,57,0,0,0
2020-02-25 13:30,110,52,58,0,0,0
2020-02-25 13:45,110,43,67,0,0,0
2020-02-25 14:00,119,53,66,0,0,0
2020-02-25 14:15,127,46,81,0,0,0
2020-02-25 14:30,128,46,82,0,0,0
2020-02-25 14:45,129,60,69,0,0,0
2020-02-25 15:00,148,57,91,0,0,0
2020-02-25 15:15,140,63,77,0,0,0
2020-02-25 15:30,139,42,97,0,0,0
2020-02-25 15:45,87,21,66,0,0,0
2020-02-25 16:00,143,61,82,0,0,0
2020-02-25 16:15,163,58,105,0,0,0
2020-02-25 16:30,171,56,115,0,0,0
2020-02-25 16:45,161,71,90,0,0,0
2020-02-25 17:00,148,46,102,0,0,0
2020-02-25 17:15,136,43,93,0,0,0
2020-02-25 17:30,159,67,92,0,0,0
2020-02-25 17:45,146,53,93,0,0,0
2020-02-25 18:00,147,33,114,0,0,0
2020-02-25 18:15,151,47,104,0,0,0
2020-02-25 18:30,103,39,64,0,0,0
2020-02-25 18:45,106,43,63,0,0,0
2020-02-25 19:00,117,47,70,0,0,0
2020-02-25 19:15,81,24,57,0,0,0
2020-02-25 19:30,80,27,53,0,0,0
2020-02-25 19:45,71,26,45,0,0,0
2020-02-25 20:00,49,11,38,0,0,0
2020-02-25 20:15,52,18,34,0,0,0
2020-02-25 20:30,37,16,21,0,0,0
2020-02-25 20:45,49,16,33,0,0,0
2020-02-25 21:00,42,10,32,0,0,0
2020-02-25 21:15,34,8,26,0,0,0
2020-02-25 21:30,34,11,23,0,0,0
2020-02-25 21:45,39,9,30,0,0,0
2020-02-25 22:00,39,10,29,0,0,0
2020-02-25 22:15,30,6,24,0,0,0
2020-02-25 22:30,24,5,19,0,0,0
2020-02-25 22:45,17,5,12,0,0,0
2020-02-25 23:00,38,14,24,0,0,0
2020-02-25 23:15,28,8,20,0,0,0
2020-02-25 23:30,15,5,10,0,0,0
2020-02-25 23:45,16,2,14,0,0,0
2020-02-26 00:00,9,7,2,0,0,0
2020-02-26 00:15,0,0,0,0,0,0
2020-02-26 00:30,13,2,11,0,0,0
2020-02-26 00:45,1,0,1,0,0,0
2020-02-26 01:00,11,2,9,0,0,0
2020-02-26 01:15,4,3,1,0,0,0
2020-02-26 01:30,3,2,1,0,0,0
2020-02-26 01:45,1,0,1,0,0,0
2020-02-26 02:00,3,2,1,0,0,0
2020-02-26 02:15,1,0,1,0,0,0
2020-02-26 02:30,1,1,0,0,0,0
2020-02-26 02:45,0,0,0,0,0,0
2020-02-26 03:00,0,0,0,0,0,0
2020-02-26 03:15,2,1,1,0,0,0
2020-02-26 03:30,3,1,2,0,0,0
2020-02-26 03:45,1,0,1,0,0,0
2020-02-26 04:00,0,0,0,0,0,0
2020-02-26 04:15,0,0,0,0,0,0
2020-02-26 04:30,2,2,0,0,0,0
2020-02-26 04:45,2,2,0,0,0,0
2020-02-26 05:00,3,2,1,0,0,0
2020-02-26 05:15,4,2,2,0,0,0
2020-02-26 05:30,14,12,2,0,0,0
2020-02-26 05:45,17,14,3,0,0,0
2020-02-26 06:00,15,8,7,0,0,0
2020-02-26 06:15,28,23,5,0,0,0
2020-02-26 06:30,40,31,9,0,0,0
2020-02-26 06:45,43,33,10,0,0,0
2020-02-26 07:00,64,38,26,0,0,0
2020-02-26 07:15,88,52,36,0,0,0
2020-02-26 07:30,124,89,35,0,0,0
2020-02-26 07:45,156,105,51,0,0,0
2020-02-26 08:00,123,93,30,0,0,0
2020-02-26 08:15,143,101,42,0,0,0
2020-02-26 08:30,114,80,34,0,0,0
2020-02-26 08:45,131,89,42,0,0,0
2020-02-26 09:00,78,50,28,0,0,0
2020-02-26 09:15,57,38,19,0,0,0
2020-02-26 09:30,70,42,28,0,0,0
2020-02-26 09:45,79,61,18,0,0,0
2020-02-26 10:00,61,42,19,0,0,0
2020-02-26 10:15,55,32,23,0,0,0
2020-02-26 10:30,70,45,25,0,0,0
2020-02-26 10:45,73,49,24,0,0,0
2020-02-26 11:00,79,48,31,0,0,0
2020-02-26 11:15,77,44,33,0,0,0
2020-02-26 11:30,95,57,38,0,0,0
2020-02-26 11:45,95,57,38,0,0,0
2020-02-26 12:00,82,33,49,0,0,0
2020-02-26 12:15,119,46,73,0,0,0
2020-02-26 12:30,98,40,58,0,0,0
2020-02-26 12:45,119,38,81,0,0,0
2020-02-26 13:00,110,39,71,0,0,0
2020-02-26 13:15,98,41,57,0,0,0
2020-02-26 13:30,111,49,62,0,0,0
2020-02-26 13:45,102,52,50,0,0,0
2020-02-26 14:00,79,32,47,0,0,0
2020-02-26 14:15,106,41,65,0,0,0
2020-02-26 14:30,123,42,81,0,0,0
2020-02-26 14:45,108,30,78,0,0,0
2020-02-26 15:00,107,52,55,0,0,0
2020-02-26 15:15,130,51,79,0,0,0
2020-02-26 15:30,105,52,53,0,0,0
2020-02-26 15:45,129,62,67,0,0,0
2020-02-26 16:00,101,31,70,0,0,0
2020-02-26 16:15,104,26,78,0,0,0
2020-02-26 16:30,136,36,100,0,0,0
2020-02-26 16:45,121,58,63,0,0,0
2020-02-26 17:00,143,52,91,0,0,0
2020-02-26 17:15,166,64,102,0,0,0
2020-02-26 17:30,127,39,88,0,0,0
2020-02-26 17:45,125,58,67,0,0,0
2020-02-26 18:00,138,42,96,0,0,0
2020-02-26 18:15,115,53,62,0,0,0
2020-02-26 18:30,109,35,74,0,0,0
2020-02-26 18:45,111,56,55,0,0,0
2020-02-26 19:00,111,47,64,0,0,0
2020-02-26 19:15,114,49,65,0,0,0
2020-02-26 19:30,75,24,51,0,0,0
2020-02-26 19:45,70,30,40,0,0,0
2020-02-26 20:00,70,24,46,0,0,0
2020-02-26 20:15,48,17,31,0,0,0
2020-02-26 20:30,53,19,34,0,0,0
2020-02-26 20:45,56,20,36,0,0,0
2020-02-26 21:00,37,14,23,0,0,0
2020-02-26 21:15,45,15,30,0,0,0
2020-02-26 21:30,31,9,22,0,0,0
2020-02-26 21:45,24,13,11,0,0,0
2020-02-26 22:00,38,12,26,0,0,0
2020-02-26 22:15,65,20,45,0,0,0
2020-02-26 22:30,36,9,27,0,0,0
2020-02-26 22:45,29,15,14,0,0,0
2020-02-26 23:00,48,13,35,0,0,0
2020-02-26 23:15,17,4,13,0,0,0
2020-02-26 23:30,14,3,11,0,0,0
2020-02-26 23:45,15,2,13,0,0,0
2020-02-27 00:00,13,5,8,0,0,0
2020-02-27 00:15,9,6,3,0,0,0
2020-02-27 00:30,6,4,2,0,0,0
2020-02-27 00:45,12,1,11,0,0,0
2020-02-27 01:00,6,1,5,0,0,0
2020-02-27 01:15,9,5,4,0,0,0
2020-02-27 01:30,2,1,1,0,0,0
2020-02-27 01:45,3,0,3,0,0,0
2020-02-27 02:00,4,0,4,0,0,0
2020-02-27 02:15,7,4,3,0,0,0
2020-02-27 02:30,2,1,1,0,0,0
2020-02-27 02:45,0,0,0,0,0,0
2020-02-27 03:00,4,0,4,0,0,0
2020-02-27 03:15,3,1,2,0,0,0
2020-02-27 03:30,1,1,0,0,0,0
2020-02-27 03:45,2,0,2,0,0,0
2020-02-27 04:00,0,0,0,0,0,0
2020-02-27 04:15,2,1,1,0,0,0
2020-02-27 04:30,3,3,0,0,0,0
2020-02-27 04:45,1,0,1,0,0,0
2020-02-27 05:00,7,5,2,0,0,0
2020-02-27 05:15,4,4,0,0,0,0
2020-02-27 05:30,15,11,4,0,0,0
2020-02-27 05:45,15,11,4,0,0,0
2020-02-27 06:00,11,6,5,0,0,0
2020-02-27 06:15,24,22,2,0,0,0
2020-02-27 06:30,35,26,9,0,0,0
2020-02-27 06:45,53,39,14,0,0,0
2020-02-27 07:00,64,48,16,0,0,0
2020-02-27 07:15,88,64,24,0,0,0
2020-02-27 07:30,147,85,62,0,0,0
2020-02-27 07:45,139,92,47,0,0,0
2020-02-27 08:00,122,88,34,0,0,0
2020-02-27 08:15,122,81,41,0,0,0
2020-02-27 08:30,103,64,39,0,0,0
2020-02-27 08:45,128,92,36,0,0,0
2020-02-27 09:00,98,68,30,0,0,0
2020-02-27 09:15,85,58,27,0,0,0
2020-02-27 09:30,95,57,38,0,0,0
2020-02-27 09:45,100,69,31,0,0,0
2020-02-27 10:00,65,42,23,0,0,0
2020-02-27 10:15,77,45,32,0,0,0
2020-02-27 10:30,93,59,34,0,0,0
2020-02-27 10:45,93,45,48,0,0,0
2020-02-27 11:00,100,44,56,0,0,0
2020-02-27 11:15,95,50,45,0,0,0
2020-02-27 11:30,83,29,54,0,0,0
2020-02-27 11:45,108,62,46,0,0,0
2020-02-27 12:00,105,50,55,0,0,0
2020-02-27 12:15,110,36,74,0,0,0
2020-02-27 12:30,143,46,97,0,0,0
2020-02-27 12:45,113,42,71,0,0,0
2020-02-27 13:00,97,34,63,0,0,0
2020-02-27 13:15,106,46,60,0,0,0
2020-02-27 13:30,84,43,41,0,0,0
2020-02-27 13:45,124,57,67,0,0,0
2020-02-27 14:00,100,34,66,0,0,0
2020-02-27 14:15,132,57,75,0,0,0
2020-02-27 14:30,97,34,63,0,0,0
2020-02-27 14:45,131,57,74,0,0,0
2020-02-27 15:00,100,34,66,0,0,0
2020-02-27 15:15,117,43,74,0,0,0
2020-02-27 15:30,124,52,72,0,0,0
2020-02-27 15:45,165,69,96,0,0,0
2020-02-27 16:00,136,42,94,0,0,0
2020-02-27 16:15,141,57,84,0,0,0
2020-02-27 16:30,155,69,86,0,0,0
2020-02-27 16:45,131,42,89,0,0,0
2020-02-27 17:00,164,61,103,0,0,0
2020-02-27 17:15,156,48,108,0,0,0
2020-02-27 17:30,136,44,92,0,0,0
2020-02-27 17:45,154,47,107,0,0,0
2020-02-27 18:00,133,33,100,0,0,0
2020-02-27 18:15,133,45,88,0,0,0
2020-02-27 18:30,110,28,82,0,0,0
2020-02-27 18:45,127,46,81,0,0,0
2020-02-27 19:00,99,30,69,0,0,0
2020-02-27 19:15,94,36,58,0,0,0
2020-02-27 19:30,76,25,51,0,0,0
2020-02-27 19:45,75,29,46,0,0,0
2020-02-27 20:00,55,18,37,0,0,0
2020-02-27 20:15,40,14,26,0,0,0
2020-02-27 20:30,38,14,24,0,0,0
2020-02-27 20:45,43,16,27,0,0,0
2020-02-27 21:00,45,11,34,0,0,0
2020-02-27 21:15,32,8,24,0,0,0
2020-02-27 21:30,30,5,25,0,0,0
2020-02-27 21:45,38,14,24,0,0,0
2020-02-27 22:00,24,12,12,0,0,0
2020-02-27 22:15,34,11,23,0,0,0
2020-02-27 22:30,21,3,18,0,0,0
2020-02-27 22:45,28,6,22,0,0,0
2020-02-27 23:00,36,16,20,0,0,0
2020-02-27 23:15,25,10,15,0,0,0
2020-02-27 23:30,11,2,9,0,0,0
2020-02-27 23:45,17,3,14,0,0,0
2020-02-28 00:00,12,7,5,0,0,0
2020-02-28 00:15,10,4,6,0,0,0
2020-02-28 00:30,9,3,6,0,0,0
2020-02-28 00:45,5,0,5,0,0,0
2020-02-28 01:00,7,1,6,0,0,0
2020-02-28 01:15,4,2,2,0,0,0
2020-02-28 01:30,3,0,3,0,0,0
2020-02-28 01:45,1,0,1,0,0,0
2020-02-28 02:00,0,0,0,0,0,0
2020-02-28 02:15,2,0,2,0,0,0
2020-02-28 02:30,2,2,0,0,0,0
2020-02-28 02:45,0,0,0,0,0,0
2020-02-28 03:00,1,0,1,0,0,0
2020-02-28 03:15,3,0,3,0,0,0
2020-02-28 03:30,1,1,0,0,0,0
2020-02-28 03:45,2,1,1,0,0,0
2020-02-28 04:00,0,0,0,0,0,0
2020-02-28 04:15,1,1,0,0,0,0
2020-02-28 04:30,4,2,2,0,0,0
2020-02-28 04:45,2,1,1,0,0,0
2020-02-28 05:00,1,1,0,0,0,0
2020-02-28 05:15,4,3,1,0,0,0
2020-02-28 05:30,9,7,2,0,0,0
2020-02-28 05:45,17,14,3,0,0,0
2020-02-28 06:00,10,9,1,0,0,0
2020-02-28 06:15,33,25,8,0,0,0
2020-02-28 06:30,30,19,11,0,0,0
2020-02-28 06:45,50,35,15,0,0,0
2020-02-28 07:00,49,28,21,0,0,0
2020-02-28 07:15,83,49,34,0,0,0
2020-02-28 07:30,119,76,43,0,0,0
2020-02-28 07:45,136,100,36,0,0,0
2020-02-28 08:00,110,74,36,0,0,0
2020-02-28 08:15,114,75,39,0,0,0
2020-02-28 08:30,93,55,38,0,0,0
2020-02-28 08:45,119,83,36,0,0,0
2020-02-28 09:00,83,59,24,0,0,0
2020-02-28 09:15,107,65,42,0,0,0
2020-02-28 09:30,75,57,18,0,0,0
2020-02-28 09:45,107,57,50,0,0,0
2020-02-28 10:00,81,44,37,0,0,0
2020-02-28 10:15,95,62,33,0,0,0
2020-02-28 10:30,71,48,23,0,0,0
2020-02-28 10:45,97,57,40,0,0,0
2020-02-28 11:00,94,48,46,0,0,0
2020-02-28 11:15,99,53,46,0,0,0
2020-02-28 11:30,122,62,60,0,0,0
2020-02-28 11:45,97,42,55,0,0,0
2020-02-28 12:00,119,53,66,0,0,0
2020-02-28 12:15,128,51,77,0,0,0
2020-02-28 12:30,99,44,55,0,0,0
2020-02-28 12:45,125,61,64,0,0,0
2020-02-28 13:00,123,45,78,0,0,0
2020-02-28 13:15,138,59,79,0,0,0
2020-02-28 13:30,132,66,66,0,0,0
2020-02-28 13:45,154,67,87,0,0,0
2020-02-28 14:00,154,64,90,0,0,0
2020-02-28 14:15,161,49,112,0,0,0
2020-02-28 14:30,129,53,76,0,0,0
2020-02-28 14:45,130,49,81,0,0,0
2020-02-28 15:00,147,65,82,0,0,0
2020-02-28 15:15,171,54,117,0,0,0
2020-02-28 15:30,152,63,89,0,0,0
2020-02-28 15:45,155,76,79,0,0,0
2020-02-28 16:00,142,65,77,0,0,0
2020-02-28 16:15,162,61,101,0,0,0
2020-02-28 16:30,141,62,79,0,0,0
2020-02-28 16:45,148,58,90,0,0,0
2020-02-28 17:00,154,54,100,0,0,0
2020-02-28 17:15,150,72,78,0,0,0
2020-02-28 17:30,130,55,75,0,0,0
2020-02-28 17:45,149,77,72,0,0,0
2020-02-28 18:00,126,47,79,0,0,0
2020-02-28 18:15,139,58,81,0,0,0
2020-02-28 18:30,129,55,74,0,0,0
2020-02-28 18:45,131,62,69,0,0,0
2020-02-28 19:00,141,68,73,0,0,0
2020-02-28 19:15,115,61,54,0,0,0
2020-02-28 19:30,84,30,54,0,0,0
2020-02-28 19:45,77,42,35,0,0,0
2020-02-28 20:00,68,28,40,0,0,0
2020-02-28 20:15,69,33,36,0,0,0
2020-02-28 20:30,46,19,27,0,0,0
2020-02-28 20:45,34,14,20,0,0,0
2020-02-28 21:00,31,13,18,0,0,0
2020-02-28 21:15,38,13,25,0,0,0
2020-02-28 21:30,27,8,19,0,0,0
2020-02-28 21:45,17,9,8,0,0,0
2020-02-28 22:00,26,3,23,0,0,0
2020-02-28 22:15,31,7,24,0,0,0
2020-02-28 22:30,37,6,31,0,0,0
2020-02-28 22:45,29,9,20,0,0,0
2020-02-28 23:00,39,14,25,0,0,0
2020-02-28 23:15,24,11,13,0,0,0
2020-02-28 23:30,28,5,23,0,0,0
2020-02-28 23:45,28,4,24,0,0,0
2020-02-29 00:00,46,12,34,0,0,0
2020-02-29 00:15,18,8,10,0,0,0
2020-02-29 00:30,20,9,11,0,0,0
2020-02-29 00:45,22,7,15,0,0,0
2020-02-29 01:00,12,1,11,0,0,0
2020-02-29 01:15,16,4,12,0,0,0
2020-02-29 01:30,11,2,9,0,0,0
2020-02-29 01:45,17,6,11,0,0,0
2020-02-29 02:00,14,5,9,0,0,0
2020-02-29 02:15,12,2,10,0,0,0
2020-02-29 02:30,6,1,5,0,0,0
2020-02-29 02:45,7,3,4,0,0,0
2020-02-29 03:00,7,1,6,0,0,0
2020-02-29 03:15,10,3,7,0,0,0
2020-02-29 03:30,4,0,4,0,0,0
2020-02-29 03:45,2,0,2,0,0,0
2020-02-29 04:00,5,0,5,0,0,0
2020-02-29 04:15,2,1,1,0,0,0
2020-02-29 04:30,3,2,1,0,0,0
2020-02-29 04:45,2,0,2,0,0,0
2020-02-29 05:00,4,3,1,0,0,0
2020-02-29 05:15,5,1,4,0,0,0
2020-02-29 05:30,9,5,4,0,0,0
2020-02-29 05:45,4,3,1,0,0,0
2020-02-29 06:00,2,2,0,0,0,0
2020-02-29 06:15,9,4,5,0,0,0
2020-02-29 06:30,6,2,4,0,0,0
2020-02-29 06:45,12,7,5,0,0,0
2020-02-29 07:00,7,7,0,0,0,0
2020-02-29 07:15,12,8,4,0,0,0
2020-02-29 07:30,18,13,5,0,0,0
2020-02-29 07:45,32,21,11,0,0,0
2020-02-29 08:00,18,8,10,0,0,0
2020-02-29 08:15,21,11,10,0,0,0
2020-02-29 08:30,32,18,14,0,0,0
2020-02-29 08:45,35,26,9,0,0,0
2020-02-29 09:00,50,30,20,0,0,0
2020-02-29 09:15,60,45,15,0,0,0
2020-02-29 09:30,85,59,26,0,0,0
2020-02-29 09:45,123,95,28,0,0,0
2020-02-29 10:00,90,67,23,0,0,0
2020-02-29 10:15,117,88,29,0,0,0
2020-02-29 10:30,141,98,43,0,0,0
2020-02-29 10:45,121,89,32,0,0,0
2020-02-29 11:00,132,84,48,0,0,0
2020-02-29 11:15,177,111,66,0,0,0
2020-02-29 11:30,133,76,57,0,0,0
2020-02-29 11:45,170,101,69,0,0,0
2020-02-29 12:00,151,86,65,0,0,0
2020-02-29 12:15,165,95,70,0,0,0
2020-02-29 12:30,174,100,74,0,0,0
2020-02-29 12:45,201,110,91,0,0,0
2020-02-29 13:00,194,83,111,0,0,0
2020-02-29 13:15,152,68,84,0,0,0
2020-02-29 13:30,155,71,84,0,0,0
2020-02-29 13:45,206,118,88,0,0,0
2020-02-29 14:00,178,84,94,0,0,0
2020-02-29 14:15,163,62,101,0,0,0
2020-02-29 14:30,102,35,67,0,0,0
2020-02-29 14:45,154,63,91,0,0,0
2020-02-29 15:00,137,45,92,0,0,0
2020-02-29 15:15,116,50,66,0,0,0
2020-02-29 15:30,100,36,64,0,0,0
2020-02-29 15:45,94,34,60,0,0,0
2020-02-29 16:00,83,35,48,0,0,0
2020-02-29 16:15,63,20,43,0,0,0
2020-02-29 16:30,56,15,41,0,0,0
2020-02-29 16:45,78,24,54,0,0,0
2020-02-29 17:00,62,16,46,0,0,0
2020-02-29 17:15,53,24,29,0,0,0
2020-02-29 17:30,83,35,48,0,0,0
2020-02-29 17:45,119,54,65,0,0,0
2020-02-29 18:00,79,33,46,0,0,0
2020-02-29 18:15,80,37,43,0,0,0
2020-02-29 18:30,75,32,43,0,0,0
2020-02-29 18:45,63,33,30,0,0,0
2020-02-29 19:00,64,34,30,0,0,0
2020-02-29 19:15,74,33,41,0,0,0
2020-02-29 19:30,49,18,31,0,0,0
2020-02-29 19:45,83,39,44,0,0,0
2020-02-29 20:00,63,35,28,0,0,0
2020-02-29 20:15,55,27,28,0,0,0
2020-02-29 20:30,51,18,33,0,0,0
2020-02-29 20:45,45,23,22,0,0,0
2020-02-29 21:00,34,11,23,0,0,0
2020-02-29 21:15,30,14,16,0,0,0
2020-02-29 21:30,32,11,21,0,0,0
2020-02-29 21:45,22,5,17,0,0,0
2020-02-29 22:00,22,9,13,0,0,0
2020-02-29 22:15,11,4,7,0,0,0
2020-02-29 22:30,38,17,21,0,0,0
2020-02-29 22:45,26,9,17,0,0,0
2020-02-29 23:00,35,9,26,0,0,0
2020-02-29 23:15,29,18,11,0,0,0
2020-02-29 23:30,17,5,12,0,0,0
2020-02-29 23:45,23,11,12,0,0,0
