Datetime,100034980 (Hammer Straße),101034980 (Hammer Straße stadteinwärts),102034980 (Hammer Straße stadtauswärts),100034980-status,101034980-status,102034980-status
2020-05-01 00:00,10,5,5,0,0,0
2020-05-01 00:15,6,2,4,0,0,0
2020-05-01 00:30,11,5,6,0,0,0
2020-05-01 00:45,11,6,5,0,0,0
2020-05-01 01:00,6,1,5,0,0,0
2020-05-01 01:15,5,4,1,0,0,0
2020-05-01 01:30,7,3,4,0,0,0
2020-05-01 01:45,1,0,1,0,0,0
2020-05-01 02:00,2,0,2,0,0,0
2020-05-01 02:15,2,1,1,0,0,0
2020-05-01 02:30,5,1,4,0,0,0
2020-05-01 02:45,4,2,2,0,0,0
2020-05-01 03:00,2,1,1,0,0,0
2020-05-01 03:15,1,0,1,0,0,0
2020-05-01 03:30,2,2,0,0,0,0
2020-05-01 03:45,3,2,1,0,0,0
2020-05-01 04:00,1,1,0,0,0,0
2020-05-01 04:15,1,1,0,0,0,0
2020-05-01 04:30,1,0,1,0,0,0
2020-05-01 04:45,1,0,1,0,0,0
2020-05-01 05:00,0,0,0,0,0,0
2020-05-01 05:15,2,1,1,0,0,0
2020-05-01 05:30,6,5,1,0,0,0
2020-05-01 05:45,2,1,1,0,0,0
2020-05-01 06:00,4,2,2,0,0,0
2020-05-01 06:15,2,1,1,0,0,0
2020-05-01 06:30,4,3,1,0,0,0
2020-05-01 06:45,8,4,4,0,0,0
2020-05-01 07:00,3,2,1,0,0,0
2020-05-01 07:15,4,2,2,0,0,0
2020-05-01 07:30,3,2,1,0,0,0
2020-05-01 07:45,5,4,1,0,0,0
2020-05-01 08:00,6,1,5,0,0,0
2020-05-01 08:15,13,7,6,0,0,0
2020-05-01 08:30,7,1,6,0,0,0
2020-05-01 08:45,15,9,6,0,0,0
2020-05-01 09:00,18,8,10,0,0,0
2020-05-01 09:15,7,6,1,0,0,0
2020-05-01 09:30,15,8,7,0,0,0
2020-05-01 09:45,21,14,7,0,0,0
2020-05-01 10:00,24,13,11,0,0,0
2020-05-01 10:15,23,11,12,0,0,0
2020-05-01 10:30,32,23,9,0,0,0
2020-05-01 10:45,33,15,18,0,0,0
2020-05-01 11:00,37,15,22,0,0,0
2020-05-01 11:15,26,12,14,0,0,0
2020-05-01 11:30,43,21,22,0,0,0
2020-05-01 11:45,41,17,24,0,0,0
2020-05-01 12:00,37,14,23,0,0,0
2020-05-01 12:15,23,14,9,0,0,0
2020-05-01 12:30,39,20,19,0,0,0
2020-05-01 12:45,57,21,36,0,0,0
2020-05-01 13:00,63,31,32,0,0,0
2020-05-01 13:15,38,20,18,0,0,0
2020-05-01 13:30,63,43,20,0,0,0
2020-05-01 13:45,64,34,30,0,0,0
2020-05-01 14:00,63,31,32,0,0,0
2020-05-01 14:15,49,12,37,0,0,0
2020-05-01 14:30,81,41,40,0,0,0
2020-05-01 14:45,67,27,40,0,0,0
2020-05-01 15:00,73,31,42,0,0,0
2020-05-01 15:15,54,27,27,0,0,0
2020-05-01 15:30,52,23,29,0,0,0
2020-05-01 15:45,82,50,32,0,0,0
2020-05-01 16:00,68,28,40,0,0,0
2020-05-01 16:15,87,42,45,0,0,0
2020-05-01 16:30,60,27,33,0,0,0
2020-05-01 16:45,50,21,29,0,0,0
2020-05-01 17:00,47,18,29,0,0,0
2020-05-01 17:15,44,14,30,0,0,0
2020-05-01 17:30,36,18,18,0,0,0
2020-05-01 17:45,27,11,16,0,0,0
2020-05-01 18:00,33,15,18,0,0,0
2020-05-01 18:15,36,17,19,0,0,0
2020-05-01 18:30,45,17,28,0,0,0
2020-05-01 18:45,42,14,28,0,0,0
2020-05-01 19:00,24,10,14,0,0,0
2020-05-01 19:15,34,10,24,0,0,0
2020-05-01 19:30,28,8,20,0,0,0
2020-05-01 19:45,33,10,23,0,0,0
2020-05-01 20:00,28,13,15,0,0,0
2020-05-01 20:15,23,18,5,0,0,0
2020-05-01 20:30,32,10,22,0,0,0
2020-05-01 20:45,25,11,14,0,0,0
2020-05-01 21:00,27,9,18,0,0,0
2020-05-01 21:15,27,6,21,0,0,0
2020-05-01 21:30,17,5,12,0,0,0
2020-05-01 21:45,16,6,10,0,0,0
2020-05-01 22:00,16,8,8,0,0,0
2020-05-01 22:15,12,6,6,0,0,0
2020-05-01 22:30,6,1,5,0,0,0
2020-05-01 22:45,20,13,7,0,0,0
2020-05-01 23:00,10,2,8,0,0,0
2020-05-01 23:15,12,7,5,0,0,0
2020-05-01 23:30,16,8,8,0,0,0
2020-05-01 23:45,16,4,12,0,0,0
2020-05-02 00:00,12,6,6,0,0,0
2020-05-02 00:15,9,5,4,0,0,0
2020-05-02 00:30,9,4,5,0,0,0
2020-05-02 00:45,6,1,5,0,0,0
2020-05-02 01:00,6,5,1,0,0,0
2020-05-02 01:15,5,2,3,0,0,0
2020-05-02 01:30,6,2,4,0,0,0
2020-05-02 01:45,7,4,3,0,0,0
2020-05-02 02:00,4,1,3,0,0,0
2020-05-02 02:15,3,3,0,0,0,0
2020-05-02 02:30,2,2,0,0,0,0
2020-05-02 02:45,3,2,1,0,0,0
2020-05-02 03:00,3,1,2,0,0,0
2020-05-02 03:15,1,0,1,0,0,0
2020-05-02 03:30,4,1,3,0,0,0
2020-05-02 03:45,3,2,1,0,0,0
2020-05-02 04:00,1,0,1,0,0,0
2020-05-02 04:15,1,1,0,0,0,0
2020-05-02 04:30,3,0,3,0,0,0
2020-05-02 04:45,2,2,0,0,0,0
2020-05-02 05:00,4,2,2,0,0,0
2020-05-02 05:15,2,1,1,0,0,0
2020-05-02 05:30,6,5,1,0,0,0
2020-05-02 05:45,3,3,0,0,0,0
2020-05-02 06:00,5,3,2,0,0,0
2020-05-02 06:15,9,5,4,0,0,0
2020-05-02 06:30,8,2,6,0,0,0
2020-05-02 06:45,15,7,8,0,0,0
2020-05-02 07:00,13,8,5,0,0,0
2020-05-02 07:15,12,9,3,0,0,0
2020-05-02 07:30,20,9,11,0,0,0
2020-05-02 07:45,22,12,10,0,0,0
2020-05-02 08:00,27,11,16,0,0,0
2020-05-02 08:15,21,7,14,0,0,0
2020-05-02 08:30,18,8,10,0,0,0
2020-05-02 08:45,32,23,9,0,0,0
2020-05-02 09:00,14,8,6,0,0,0
2020-05-02 09:15,27,13,14,0,0,0
2020-05-02 09:30,33,19,14,0,0,0
2020-05-02 09:45,29,16,13,0,0,0
2020-05-02 10:00,50,37,13,0,0,0
2020-05-02 10:15,62,39,23,0,0,0
2020-05-02 10:30,73,50,23,0,0,0
2020-05-02 10:45,88,51,37,0,0,0
2020-05-02 11:00,103,52,51,0,0,0
2020-05-02 11:15,106,61,45,0,0,0
2020-05-02 11:30,119,53,66,0,0,0
2020-05-02 11:45,154,77,77,0,0,0
2020-05-02 12:00,106,53,53,0,0,0
2020-05-02 12:15,119,58,61,0,0,0
2020-05-02 12:30,115,60,55,0,0,0
2020-05-02 12:45,109,52,57,0,0,0
2020-05-02 13:00,104,28,76,0,0,0
2020-05-02 13:15,96,42,54,0,0,0
2020-05-02 13:30,92,31,61,0,0,0
2020-05-02 13:45,93,50,43,0,0,0
2020-05-02 14:00,86,47,39,0,0,0
2020-05-02 14:15,74,36,38,0,0,0
2020-05-02 14:30,71,30,41,0,0,0
2020-05-02 14:45,116,50,66,0,0,0
2020-05-02 15:00,71,36,35,0,0,0
2020-05-02 15:15,87,37,50,0,0,0
2020-05-02 15:30,100,44,56,0,0,0
2020-05-02 15:45,113,66,47,0,0,0
2020-05-02 16:00,115,50,65,0,0,0
2020-05-02 16:15,92,44,48,0,0,0
2020-05-02 16:30,94,38,56,0,0,0
2020-05-02 16:45,106,42,64,0,0,0
2020-05-02 17:00,70,24,46,0,0,0
2020-05-02 17:15,89,28,61,0,0,0
2020-05-02 17:30,71,28,43,0,0,0
2020-05-02 17:45,61,27,34,0,0,0
2020-05-02 18:00,61,19,42,0,0,0
2020-05-02 18:15,58,18,40,0,0,0
2020-05-02 18:30,54,21,33,0,0,0
2020-05-02 18:45,57,22,35,0,0,0
2020-05-02 19:00,59,26,33,0,0,0
2020-05-02 19:15,40,17,23,0,0,0
2020-05-02 19:30,54,21,33,0,0,0
2020-05-02 19:45,55,20,35,0,0,0
2020-05-02 20:00,41,17,24,0,0,0
2020-05-02 20:15,24,10,14,0,0,0
2020-05-02 20:30,25,9,16,0,0,0
2020-05-02 20:45,32,12,20,0,0,0
2020-05-02 21:00,20,7,13,0,0,0
2020-05-02 21:15,22,11,11,0,0,0
2020-05-02 21:30,19,8,11,0,0,0
2020-05-02 21:45,16,8,8,0,0,0
2020-05-02 22:00,24,8,16,0,0,0
2020-05-02 22:15,16,7,9,0,0,0
2020-05-02 22:30,10,6,4,0,0,0
2020-05-02 22:45,20,13,7,0,0,0
2020-05-02 23:00,10,5,5,0,0,0
2020-05-02 23:15,10,3,7,0,0,0
2020-05-02 23:30,10,6,4,0,0,0
2020-05-02 23:45,20,12,8,0,0,0
2020-05-03 00:00,15,11,4,0,0,0
2020-05-03 00:15,6,2,4,0,0,0
2020-05-03 00:30,11,5,6,0,0,0
2020-05-03 00:45,8,3,5,0,0,0
2020-05-03 01:00,14,12,2,0,0,0
2020-05-03 01:15,8,7,1,0,0,0
2020-05-03 01:30,7,1,6,0,0,0
2020-05-03 01:45,6,1,5,0,0,0
2020-05-03 02:00,4,2,2,0,0,0
2020-05-03 02:15,3,1,2,0,0,0
2020-05-03 02:30,2,0,2,0,0,0
2020-05-03 02:45,2,1,1,0,0,0
2020-05-03 03:00,3,0,3,0,0,0
2020-05-03 03:15,0,0,0,0,0,0
2020-05-03 03:30,4,0,4,0,0,0
2020-05-03 03:45,4,0,4,0,0,0
2020-05-03 04:00,0,0,0,0,0,0
2020-05-03 04:15,2,2,0,0,0,0
2020-05-03 04:30,2,2,0,0,0,0
2020-05-03 04:45,0,0,0,0,0,0
2020-05-03 05:00,0,0,0,0,0,0
2020-05-03 05:15,1,0,1,0,0,0
2020-05-03 05:30,3,1,2,0,0,0
2020-05-03 05:45,1,1,0,0,0,0
2020-05-03 06:00,1,1,0,0,0,0
2020-05-03 06:15,2,1,1,0,0,0
2020-05-03 06:30,8,5,3,0,0,0
2020-05-03 06:45,7,1,6,0,0,0
2020-05-03 07:00,4,3,1,0,0,0
2020-05-03 07:15,8,2,6,0,0,0
2020-05-03 07:30,6,2,4,0,0,0
2020-05-03 07:45,2,1,1,0,0,0
2020-05-03 08:00,3,1,2,0,0,0
2020-05-03 08:15,11,2,9,0,0,0
2020-05-03 08:30,6,4,2,0,0,0
2020-05-03 08:45,5,2,3,0,0,0
2020-05-03 09:00,17,15,2,0,0,0
2020-05-03 09:15,12,9,3,0,0,0
2020-05-03 09:30,20,11,9,0,0,0
2020-05-03 09:45,31,20,11,0,0,0
2020-05-03 10:00,19,6,13,0,0,0
2020-05-03 10:15,39,24,15,0,0,0
2020-05-03 10:30,28,14,14,0,0,0
2020-05-03 10:45,25,14,11,0,0,0
2020-05-03 11:00,33,11,22,0,0,0
2020-05-03 11:15,36,19,17,0,0,0
2020-05-03 11:30,33,20,13,0,0,0
2020-05-03 11:45,46,23,23,0,0,0
2020-05-03 12:00,47,27,20,0,0,0
2020-05-03 12:15,49,27,22,0,0,0
2020-05-03 12:30,56,29,27,0,0,0
2020-05-03 12:45,54,27,27,0,0,0
2020-05-03 13:00,45,20,25,0,0,0
2020-05-03 13:15,47,22,25,0,0,0
2020-05-03 13:30,55,23,32,0,0,0
2020-05-03 13:45,67,29,38,0,0,0
2020-05-03 14:00,78,41,37,0,0,0
2020-05-03 14:15,78,39,39,0,0,0
2020-05-03 14:30,75,40,35,0,0,0
2020-05-03 14:45,92,37,55,0,0,0
2020-05-03 15:00,88,36,52,0,0,0
2020-05-03 15:15,80,37,43,0,0,0
2020-05-03 15:30,94,34,60,0,0,0
2020-05-03 15:45,83,42,41,0,0,0
2020-05-03 16:00,79,37,42,0,0,0
2020-05-03 16:15,79,36,43,0,0,0
2020-05-03 16:30,56,24,32,0,0,0
2020-05-03 16:45,67,26,41,0,0,0
2020-05-03 17:00,58,22,36,0,0,0
2020-05-03 17:15,69,20,49,0,0,0
2020-05-03 17:30,64,22,42,0,0,0
2020-05-03 17:45,61,24,37,0,0,0
2020-05-03 18:00,79,30,49,0,0,0
2020-05-03 18:15,44,20,24,0,0,0
2020-05-03 18:30,51,12,39,0,0,0
2020-05-03 18:45,51,24,27,0,0,0
2020-05-03 19:00,48,17,31,0,0,0
2020-05-03 19:15,51,24,27,0,0,0
2020-05-03 19:30,35,13,22,0,0,0
2020-05-03 19:45,50,21,29,0,0,0
2020-05-03 20:00,37,12,25,0,0,0
2020-05-03 20:15,29,14,15,0,0,0
2020-05-03 20:30,23,9,14,0,0,0
2020-05-03 20:45,18,9,9,0,0,0
2020-05-03 21:00,10,2,8,0,0,0
2020-05-03 21:15,15,9,6,0,0,0
2020-05-03 21:30,17,6,11,0,0,0
2020-05-03 21:45,14,3,11,0,0,0
2020-05-03 22:00,11,5,6,0,0,0
2020-05-03 22:15,11,6,5,0,0,0
2020-05-03 22:30,14,5,9,0,0,0
2020-05-03 22:45,3,2,1,0,0,0
2020-05-03 23:00,6,5,1,0,0,0
2020-05-03 23:15,11,4,7,0,0,0
2020-05-03 23:30,3,0,3,0,0,0
2020-05-03 23:45,9,2,7,0,0,0
2020-05-04 00:00,1,1,0,0,0,0
2020-05-04 00:15,1,1,0,0,0,0
2020-05-04 00:30,3,1,2,0,0,0
2020-05-04 00:45,3,1,2,0,0,0
2020-05-04 01:00,2,1,1,0,0,0
2020-05-04 01:15,1,1,0,0,0,0
2020-05-04 01:30,1,0,1,0,0,0
2020-05-04 01:45,0,0,0,0,0,0
2020-05-04 02:00,0,0,0,0,0,0
2020-05-04 02:15,0,0,0,0,0,0
2020-05-04 02:30,1,0,1,0,0,0
2020-05-04 02:45,2,0,2,0,0,0
2020-05-04 03:00,0,0,0,0,0,0
2020-05-04 03:15,1,0,1,0,0,0
2020-05-04 03:30,0,0,0,0,0,0
2020-05-04 03:45,0,0,0,0,0,0
2020-05-04 04:00,0,0,0,0,0,0
2020-05-04 04:15,1,0,1,0,0,0
2020-05-04 04:30,3,3,0,0,0,0
2020-05-04 04:45,2,2,0,0,0,0
2020-05-04 05:00,4,2,2,0,0,0
2020-05-04 05:15,5,5,0,0,0,0
2020-05-04 05:30,10,7,3,0,0,0
2020-05-04 05:45,12,6,6,0,0,0
2020-05-04 06:00,15,10,5,0,0,0
2020-05-04 06:15,30,15,15,0,0,0
2020-05-04 06:30,24,14,10,0,0,0
2020-05-04 06:45,45,34,11,0,0,0
2020-05-04 07:00,57,39,18,0,0,0
2020-05-04 07:15,67,48,19,0,0,0
2020-05-04 07:30,84,62,22,0,0,0
2020-05-04 07:45,109,74,35,0,0,0
2020-05-04 08:00,79,49,30,0,0,0
2020-05-04 08:15,94,63,31,0,0,0
2020-05-04 08:30,74,51,23,0,0,0
2020-05-04 08:45,93,54,39,0,0,0
2020-05-04 09:00,66,46,20,0,0,0
2020-05-04 09:15,90,58,32,0,0,0
2020-05-04 09:30,98,50,48,0,0,0
2020-05-04 09:45,77,48,29,0,0,0
2020-05-04 10:00,91,42,49,0,0,0
2020-05-04 10:15,80,43,37,0,0,0
2020-05-04 10:30,82,48,34,0,0,0
2020-05-04 10:45,90,56,34,0,0,0
2020-05-04 11:00,90,52,38,0,0,0
2020-05-04 11:15,97,44,53,0,0,0
2020-05-04 11:30,123,64,59,0,0,0
2020-05-04 11:45,117,49,68,0,0,0
2020-05-04 12:00,133,56,77,0,0,0
2020-05-04 12:15,132,58,74,0,0,0
2020-05-04 12:30,125,50,75,0,0,0
2020-05-04 12:45,126,49,77,0,0,0
2020-05-04 13:00,129,56,73,0,0,0
2020-05-04 13:15,118,49,69,0,0,0
2020-05-04 13:30,94,45,49,0,0,0
2020-05-04 13:45,133,58,75,0,0,0
2020-05-04 14:00,105,36,69,0,0,0
2020-05-04 14:15,128,62,66,0,0,0
2020-05-04 14:30,135,60,75,0,0,0
2020-05-04 14:45,134,67,67,0,0,0
2020-05-04 15:00,169,80,89,0,0,0
2020-05-04 15:15,151,62,89,0,0,0
2020-05-04 15:30,136,65,71,0,0,0
2020-05-04 15:45,177,89,88,0,0,0
2020-05-04 16:00,221,85,136,0,0,0
2020-05-04 16:15,189,75,114,0,0,0
2020-05-04 16:30,175,70,105,0,0,0
2020-05-04 16:45,197,78,119,0,0,0
2020-05-04 17:00,197,71,126,0,0,0
2020-05-04 17:15,183,67,116,0,0,0
2020-05-04 17:30,180,75,105,0,0,0
2020-05-04 17:45,158,64,94,0,0,0
2020-05-04 18:00,152,52,100,0,0,0
2020-05-04 18:15,131,37,94,0,0,0
2020-05-04 18:30,117,30,87,0,0,0
2020-05-04 18:45,90,39,51,0,0,0
2020-05-04 19:00,90,30,60,0,0,0
2020-05-04 19:15,88,27,61,0,0,0
2020-05-04 19:30,64,29,35,0,0,0
2020-05-04 19:45,57,18,39,0,0,0
2020-05-04 20:00,48,15,33,0,0,0
2020-05-04 20:15,41,12,29,0,0,0
2020-05-04 20:30,55,23,32,0,0,0
2020-05-04 20:45,30,7,23,0,0,0
2020-05-04 21:00,25,14,11,0,0,0
2020-05-04 21:15,39,11,28,0,0,0
2020-05-04 21:30,24,11,13,0,0,0
2020-05-04 21:45,17,6,11,0,0,0
2020-05-04 22:00,7,2,5,0,0,0
2020-05-04 22:15,22,9,13,0,0,0
2020-05-04 22:30,9,4,5,0,0,0
2020-05-04 22:45,14,3,11,0,0,0
2020-05-04 23:00,18,9,9,0,0,0
2020-05-04 23:15,3,3,0,0,0,0
2020-05-04 23:30,9,6,3,0,0,0
2020-05-04 23:45,7,3,4,0,0,0
2020-05-05 00:00,2,0,2,0,0,0
2020-05-05 00:15,6,3,3,0,0,0
2020-05-05 00:30,11,2,9,0,0,0
2020-05-05 00:45,4,1,3,0,0,0
2020-05-05 01:00,1,0,1,0,0,0
2020-05-05 01:15,0,0,0,0,0,0
2020-05-05 01:30,0,0,0,0,0,0
2020-05-05 01:45,3,0,3,0,0,0
2020-05-05 02:00,0,0,0,0,0,0
2020-05-05 02:15,1,1,0,0,0,0
2020-05-05 02:30,3,3,0,0,0,0
2020-05-05 02:45,0,0,0,0,0,0
2020-05-05 03:00,2,0,2,0,0,0
2020-05-05 03:15,1,0,1,0,0,0
2020-05-05 03:30,1,0,1,0,0,0
2020-05-05 03:45,1,1,0,0,0,0
2020-05-05 04:00,0,0,0,0,0,0
2020-05-05 04:15,1,0,1,0,0,0
2020-05-05 04:30,2,2,0,0,0,0
2020-05-05 04:45,5,2,3,0,0,0
2020-05-05 05:00,1,1,0,0,0,0
2020-05-05 05:15,8,4,4,0,0,0
2020-05-05 05:30,8,6,2,0,0,0
2020-05-05 05:45,19,13,6,0,0,0
2020-05-05 06:00,18,15,3,0,0,0
2020-05-05 06:15,34,22,12,0,0,0
2020-05-05 06:30,47,32,15,0,0,0
2020-05-05 06:45,55,37,18,0,0,0
2020-05-05 07:00,67,43,24,0,0,0
2020-05-05 07:15,83,52,31,0,0,0
2020-05-05 07:30,87,59,28,0,0,0
2020-05-05 07:45,131,93,38,0,0,0
2020-05-05 08:00,97,58,39,0,0,0
2020-05-05 08:15,97,66,31,0,0,0
2020-05-05 08:30,85,63,22,0,0,0
2020-05-05 08:45,117,79,38,0,0,0
2020-05-05 09:00,81,60,21,0,0,0
2020-05-05 09:15,98,58,40,0,0,0
2020-05-05 09:30,73,50,23,0,0,0
2020-05-05 09:45,109,70,39,0,0,0
2020-05-05 10:00,87,45,42,0,0,0
2020-05-05 10:15,101,52,49,0,0,0
2020-05-05 10:30,92,39,53,0,0,0
2020-05-05 10:45,100,50,50,0,0,0
2020-05-05 11:00,121,61,60,0,0,0
2020-05-05 11:15,102,55,47,0,0,0
2020-05-05 11:30,127,48,79,0,0,0
2020-05-05 11:45,123,56,67,0,0,0
2020-05-05 12:00,126,45,81,0,0,0
2020-05-05 12:15,151,59,92,0,0,0
2020-05-05 12:30,135,58,77,0,0,0
2020-05-05 12:45,145,75,70,0,0,0
2020-05-05 13:00,112,48,64,0,0,0
2020-05-05 13:15,137,59,78,0,0,0
2020-05-05 13:30,133,63,70,0,0,0
2020-05-05 13:45,155,73,82,0,0,0
2020-05-05 14:00,124,52,72,0,0,0
2020-05-05 14:15,132,58,74,0,0,0
2020-05-05 14:30,136,71,65,0,0,0
2020-05-05 14:45,156,74,82,0,0,0
2020-05-05 15:00,140,55,85,0,0,0
2020-05-05 15:15,170,74,96,0,0,0
2020-05-05 15:30,149,64,85,0,0,0
2020-05-05 15:45,193,84,109,0,0,0
2020-05-05 16:00,183,62,121,0,0,0
2020-05-05 16:15,206,92,114,0,0,0
2020-05-05 16:30,226,96,130,0,0,0
2020-05-05 16:45,187,80,107,0,0,0
2020-05-05 17:00,205,73,132,0,0,0
2020-05-05 17:15,155,69,86,0,0,0
2020-05-05 17:30,162,53,109,0,0,0
2020-05-05 17:45,174,70,104,0,0,0
2020-05-05 18:00,166,66,100,0,0,0
2020-05-05 18:15,138,43,95,0,0,0
2020-05-05 18:30,137,50,87,0,0,0
2020-05-05 18:45,116,44,72,0,0,0
2020-05-05 19:00,133,37,96,0,0,0
2020-05-05 19:15,93,36,57,0,0,0
2020-05-05 19:30,80,23,57,0,0,0
2020-05-05 19:45,82,23,59,0,0,0
2020-05-05 20:00,90,35,55,0,0,0
2020-05-05 20:15,58,24,34,0,0,0
2020-05-05 20:30,43,13,30,0,0,0
2020-05-05 20:45,27,11,16,0,0,0
2020-05-05 21:00,47,20,27,0,0,0
2020-05-05 21:15,35,11,24,0,0,0
2020-05-05 21:30,29,9,20,0,0,0
2020-05-05 21:45,22,8,14,0,0,0
2020-05-05 22:00,23,3,20,0,0,0
2020-05-05 22:15,19,5,14,0,0,0
2020-05-05 22:30,26,12,14,0,0,0
2020-05-05 22:45,9,4,5,0,0,0
2020-05-05 23:00,11,5,6,0,0,0
2020-05-05 23:15,9,4,5,0,0,0
2020-05-05 23:30,8,4,4,0,0,0
2020-05-05 23:45,7,4,3,0,0,0
2020-05-06 00:00,8,5,3,0,0,0
2020-05-06 00:15,6,3,3,0,0,0
2020-05-06 00:30,3,2,1,0,0,0
2020-05-06 00:45,7,2,5,0,0,0
2020-05-06 01:00,4,1,3,0,0,0
2020-05-06 01:15,7,2,5,0,0,0
2020-05-06 01:30,0,0,0,0,0,0
2020-05-06 01:45,3,3,0,0,0,0
2020-05-06 02:00,0,0,0,0,0,0
2020-05-06 02:15,2,2,0,0,0,0
2020-05-06 02:30,0,0,0,0,0,0
2020-05-06 02:45,0,0,0,0,0,0
2020-05-06 03:00,1,1,0,0,0,0
2020-05-06 03:15,1,0,1,0,0,0
2020-05-06 03:30,2,0,2,0,0,0
2020-05-06 03:45,2,0,2,0,0,0
2020-05-06 04:00,0,0,0,0,0,0
2020-05-06 04:15,3,2,1,0,0,0
2020-05-06 04:30,2,1,1,0,0,0
2020-05-06 04:45,4,2,2,0,0,0
2020-05-06 05:00,5,4,1,0,0,0
2020-05-06 05:15,14,8,6,0,0,0
2020-05-06 05:30,9,9,0,0,0,0
2020-05-06 05:45,14,12,2,0,0,0
2020-05-06 06:00,20,15,5,0,0,0
2020-05-06 06:15,48,33,15,0,0,0
2020-05-06 06:30,34,25,9,0,0,0
2020-05-06 06:45,58,39,19,0,0,0
2020-05-06 07:00,72,49,23,0,0,0
2020-05-06 07:15,94,57,37,0,0,0
2020-05-06 07:30,96,65,31,0,0,0
2020-05-06 07:45,95,69,26,0,0,0
2020-05-06 08:00,81,48,33,0,0,0
2020-05-06 08:15,136,80,56,0,0,0
2020-05-06 08:30,106,69,37,0,0,0
2020-05-06 08:45,139,104,35,0,0,0
2020-05-06 09:00,83,50,33,0,0,0
2020-05-06 09:15,93,57,36,0,0,0
2020-05-06 09:30,95,75,20,0,0,0
2020-05-06 09:45,106,56,50,0,0,0
2020-05-06 10:00,115,74,41,0,0,0
2020-05-06 10:15,125,63,62,0,0,0
2020-05-06 10:30,135,81,54,0,0,0
2020-05-06 10:45,156,73,83,0,0,0
2020-05-06 11:00,148,63,85,0,0,0
2020-05-06 11:15,129,70,59,0,0,0
2020-05-06 11:30,159,68,91,0,0,0
2020-05-06 11:45,134,60,74,0,0,0
2020-05-06 12:00,145,57,88,0,0,0
2020-05-06 12:15,142,54,88,0,0,0
2020-05-06 12:30,146,70,76,0,0,0
2020-05-06 12:45,156,70,86,0,0,0
2020-05-06 13:00,148,59,89,0,0,0
2020-05-06 13:15,139,64,75,0,0,0
2020-05-06 13:30,146,60,86,0,0,0
2020-05-06 13:45,172,85,87,0,0,0
2020-05-06 14:00,141,64,77,0,0,0
2020-05-06 14:15,153,62,91,0,0,0
2020-05-06 14:30,144,59,85,0,0,0
2020-05-06 14:45,174,76,98,0,0,0
2020-05-06 15:00,122,45,77,0,0,0
2020-05-06 15:15,139,55,84,0,0,0
2020-05-06 15:30,150,62,88,0,0,0
2020-05-06 15:45,161,67,94,0,0,0
2020-05-06 16:00,171,69,102,0,0,0
2020-05-06 16:15,174,86,88,0,0,0
2020-05-06 16:30,163,65,98,0,0,0
2020-05-06 16:45,212,84,128,0,0,0
2020-05-06 17:00,166,61,105,0,0,0
2020-05-06 17:15,142,51,91,0,0,0
2020-05-06 17:30,176,71,105,0,0,0
2020-05-06 17:45,169,60,109,0,0,0
2020-05-06 18:00,130,56,74,0,0,0
2020-05-06 18:15,138,53,85,0,0,0
2020-05-06 18:30,125,48,77,0,0,0
2020-05-06 18:45,135,51,84,0,0,0
2020-05-06 19:00,129,41,88,0,0,0
2020-05-06 19:15,93,27,66,0,0,0
2020-05-06 19:30,83,23,60,0,0,0
2020-05-06 19:45,61,16,45,0,0,0
2020-05-06 20:00,83,20,63,0,0,0
2020-05-06 20:15,64,17,47,0,0,0
2020-05-06 20:30,40,17,23,0,0,0
2020-05-06 20:45,41,16,25,0,0,0
2020-05-06 21:00,42,12,30,0,0,0
2020-05-06 21:15,22,11,11,0,0,0
2020-05-06 21:30,21,6,15,0,0,0
2020-05-06 21:45,38,15,23,0,0,0
2020-05-06 22:00,25,8,17,0,0,0
2020-05-06 22:15,22,7,15,0,0,0
2020-05-06 22:30,23,6,17,0,0,0
2020-05-06 22:45,14,4,10,0,0,0
2020-05-06 23:00,8,1,7,0,0,0
2020-05-06 23:15,13,4,9,0,0,0
2020-05-06 23:30,9,4,5,0,0,0
2020-05-06 23:45,8,7,1,0,0,0
2020-05-07 00:00,6,4,2,0,0,0
2020-05-07 00:15,9,5,4,0,0,0
2020-05-07 00:30,7,3,4,0,0,0
2020-05-07 00:45,3,2,1,0,0,0
2020-05-07 01:00,5,2,3,0,0,0
2020-05-07 01:15,3,1,2,0,0,0
2020-05-07 01:30,1,0,1,0,0,0
2020-05-07 01:45,1,1,0,0,0,0
2020-05-07 02:00,1,1,0,0,0,0
2020-05-07 02:15,0,0,0,0,0,0
2020-05-07 02:30,0,0,0,0,0,0
2020-05-07 02:45,1,0,1,0,0,0
2020-05-07 03:00,1,0,1,0,0,0
2020-05-07 03:15,0,0,0,0,0,0
2020-05-07 03:30,2,1,1,0,0,0
2020-05-07 03:45,1,0,1,0,0,0
2020-05-07 04:00,0,0,0,0,0,0
2020-05-07 04:15,3,0,3,0,0,0
2020-05-07 04:30,3,3,0,0,0,0
2020-05-07 04:45,0,0,0,0,0,0
2020-05-07 05:00,7,4,3,0,0,0
2020-05-07 05:15,6,5,1,0,0,0
2020-05-07 05:30,20,10,10,0,0,0
2020-05-07 05:45,16,14,2,0,0,0
2020-05-07 06:00,30,24,6,0,0,0
2020-05-07 06:15,29,19,10,0,0,0
2020-05-07 06:30,55,32,23,0,0,0
2020-05-07 06:45,52,37,15,0,0,0
2020-05-07 07:00,75,47,28,0,0,0
2020-05-07 07:15,96,65,31,0,0,0
2020-05-07 07:30,113,86,27,0,0,0
2020-05-07 07:45,112,79,33,0,0,0
2020-05-07 08:00,89,51,38,0,0,0
2020-05-07 08:15,127,78,49,0,0,0
2020-05-07 08:30,116,75,41,0,0,0
2020-05-07 08:45,134,90,44,0,0,0
2020-05-07 09:00,79,62,17,0,0,0
2020-05-07 09:15,78,49,29,0,0,0
2020-05-07 09:30,93,56,37,0,0,0
2020-05-07 09:45,117,69,48,0,0,0
2020-05-07 10:00,85,44,41,0,0,0
2020-05-07 10:15,106,60,46,0,0,0
2020-05-07 10:30,87,48,39,0,0,0
2020-05-07 10:45,118,61,57,0,0,0
2020-05-07 11:00,113,58,55,0,0,0
2020-05-07 11:15,113,45,68,0,0,0
2020-05-07 11:30,108,53,55,0,0,0
2020-05-07 11:45,132,59,73,0,0,0
2020-05-07 12:00,128,59,69,0,0,0
2020-05-07 12:15,123,58,65,0,0,0
2020-05-07 12:30,133,48,85,0,0,0
2020-05-07 12:45,160,71,89,0,0,0
2020-05-07 13:00,112,48,64,0,0,0
2020-05-07 13:15,135,53,82,0,0,0
2020-05-07 13:30,132,60,72,0,0,0
2020-05-07 13:45,140,64,76,0,0,0
2020-05-07 14:00,135,49,86,0,0,0
2020-05-07 14:15,158,76,82,0,0,0
2020-05-07 14:30,153,62,91,0,0,0
2020-05-07 14:45,143,68,75,0,0,0
2020-05-07 15:00,142,58,84,0,0,0
2020-05-07 15:15,176,84,92,0,0,0
2020-05-07 15:30,172,86,86,0,0,0
2020-05-07 15:45,185,86,99,0,0,0
2020-05-07 16:00,204,86,118,0,0,0
2020-05-07 16:15,196,80,116,0,0,0
2020-05-07 16:30,212,82,130,0,0,0
2020-05-07 16:45,205,91,114,0,0,0
2020-05-07 17:00,192,80,112,0,0,0
2020-05-07 17:15,202,79,123,0,0,0
2020-05-07 17:30,195,70,125,0,0,0
2020-05-07 17:45,199,72,127,0,0,0
2020-05-07 18:00,152,50,102,0,0,0
2020-05-07 18:15,137,50,87,0,0,0
2020-05-07 18:30,161,58,103,0,0,0
2020-05-07 18:45,125,48,77,0,0,0
2020-05-07 19:00,123,50,73,0,0,0
2020-05-07 19:15,98,34,64,0,0,0
2020-05-07 19:30,76,30,46,0,0,0
2020-05-07 19:45,66,27,39,0,0,0
2020-05-07 20:00,77,25,52,0,0,0
2020-05-07 20:15,68,12,56,0,0,0
2020-05-07 20:30,35,11,24,0,0,0
2020-05-07 20:45,46,13,33,0,0,0
2020-05-07 21:00,25,9,16,0,0,0
2020-05-07 21:15,34,7,27,0,0,0
2020-05-07 21:30,36,13,23,0,0,0
2020-05-07 21:45,26,9,17,0,0,0
2020-05-07 22:00,28,6,22,0,0,0
2020-05-07 22:15,23,9,14,0,0,0
2020-05-07 22:30,17,6,11,0,0,0
2020-05-07 22:45,14,8,6,0,0,0
2020-05-07 23:00,17,7,10,0,0,0
2020-05-07 23:15,12,5,7,0,0,0
2020-05-07 23:30,19,4,15,0,0,0
2020-05-07 23:45,12,3,9,0,0,0
2020-05-08 00:00,13,4,9,0,0,0
2020-05-08 00:15,7,3,4,0,0,0
2020-05-08 00:30,6,2,4,0,0,0
2020-05-08 00:45,5,3,2,0,0,0
2020-05-08 01:00,2,1,1,0,0,0
2020-05-08 01:15,2,2,0,0,0,0
2020-05-08 01:30,1,0,1,0,0,0
2020-05-08 01:45,2,1,1,0,0,0
2020-05-08 02:00,1,1,0,0,0,0
2020-05-08 02:15,1,0,1,0,0,0
2020-05-08 02:30,0,0,0,0,0,0
2020-05-08 02:45,2,0,2,0,0,0
2020-05-08 03:00,0,0,0,0,0,0
2020-05-08 03:15,1,0,1,0,0,0
2020-05-08 03:30,0,0,0,0,0,0
2020-05-08 03:45,2,2,0,0,0,0
2020-05-08 04:00,2,0,2,0,0,0
2020-05-08 04:15,1,1,0,0,0,0
2020-05-08 04:30,2,1,1,0,0,0
2020-05-08 04:45,1,0,1,0,0,0
2020-05-08 05:00,4,3,1,0,0,0
2020-05-08 05:15,6,3,3,0,0,0
2020-05-08 05:30,9,6,3,0,0,0
2020-05-08 05:45,10,7,3,0,0,0
2020-05-08 06:00,23,19,4,0,0,0
2020-05-08 06:15,37,26,11,0,0,0
2020-05-08 06:30,34,21,13,0,0,0
2020-05-08 06:45,54,35,19,0,0,0
2020-05-08 07:00,71,45,26,0,0,0
2020-05-08 07:15,71,46,25,0,0,0
2020-05-08 07:30,80,48,32,0,0,0
2020-05-08 07:45,100,68,32,0,0,0
2020-05-08 08:00,85,55,30,0,0,0
2020-05-08 08:15,98,60,38,0,0,0
2020-05-08 08:30,84,52,32,0,0,0
2020-05-08 08:45,93,58,35,0,0,0
2020-05-08 09:00,85,59,26,0,0,0
2020-05-08 09:15,82,49,33,0,0,0
2020-05-08 09:30,80,49,31,0,0,0
2020-05-08 09:45,112,60,52,0,0,0
2020-05-08 10:00,106,66,40,0,0,0
2020-05-08 10:15,110,66,44,0,0,0
2020-05-08 10:30,107,54,53,0,0,0
2020-05-08 10:45,107,56,51,0,0,0
2020-05-08 11:00,122,61,61,0,0,0
2020-05-08 11:15,93,44,49,0,0,0
2020-05-08 11:30,133,66,67,0,0,0
2020-05-08 11:45,155,61,94,0,0,0
2020-05-08 12:00,105,36,69,0,0,0
2020-05-08 12:15,130,73,57,0,0,0
2020-05-08 12:30,130,44,86,0,0,0
2020-05-08 12:45,135,60,75,0,0,0
2020-05-08 13:00,147,64,83,0,0,0
2020-05-08 13:15,153,68,85,0,0,0
2020-05-08 13:30,162,69,93,0,0,0
2020-05-08 13:45,170,72,98,0,0,0
2020-05-08 14:00,160,52,108,0,0,0
2020-05-08 14:15,177,86,91,0,0,0
2020-05-08 14:30,179,72,107,0,0,0
2020-05-08 14:45,193,90,103,0,0,0
2020-05-08 15:00,182,73,109,0,0,0
2020-05-08 15:15,132,49,83,0,0,0
2020-05-08 15:30,160,73,87,0,0,0
2020-05-08 15:45,191,91,100,0,0,0
2020-05-08 16:00,179,78,101,0,0,0
2020-05-08 16:15,165,72,93,0,0,0
2020-05-08 16:30,191,83,108,0,0,0
2020-05-08 16:45,176,80,96,0,0,0
2020-05-08 17:00,170,59,111,0,0,0
2020-05-08 17:15,181,72,109,0,0,0
2020-05-08 17:30,187,83,104,0,0,0
2020-05-08 17:45,168,67,101,0,0,0
2020-05-08 18:00,123,52,71,0,0,0
2020-05-08 18:15,156,51,105,0,0,0
2020-05-08 18:30,128,43,85,0,0,0
2020-05-08 18:45,116,40,76,0,0,0
2020-05-08 19:00,114,37,77,0,0,0
2020-05-08 19:15,92,34,58,0,0,0
2020-05-08 19:30,90,35,55,0,0,0
2020-05-08 19:45,79,34,45,0,0,0
2020-05-08 20:00,64,18,46,0,0,0
2020-05-08 20:15,57,22,35,0,0,0
2020-05-08 20:30,41,19,22,0,0,0
2020-05-08 20:45,55,12,43,0,0,0
2020-05-08 21:00,31,16,15,0,0,0
2020-05-08 21:15,38,17,21,0,0,0
2020-05-08 21:30,29,7,22,0,0,0
2020-05-08 21:45,23,14,9,0,0,0
2020-05-08 22:00,26,8,18,0,0,0
2020-05-08 22:15,23,7,16,0,0,0
2020-05-08 22:30,22,5,17,0,0,0
2020-05-08 22:45,22,10,12,0,0,0
2020-05-08 23:00,32,9,23,0,0,0
2020-05-08 23:15,22,9,13,0,0,0
2020-05-08 23:30,14,10,4,0,0,0
2020-05-08 23:45,19,11,8,0,0,0
2020-05-09 00:00,13,3,10,0,0,0
2020-05-09 00:15,12,7,5,0,0,0
2020-05-09 00:30,18,6,12,0,0,0
2020-05-09 00:45,15,4,11,0,0,0
2020-05-09 01:00,17,8,9,0,0,0
2020-05-09 01:15,13,6,7,0,0,0
2020-05-09 01:30,8,5,3,0,0,0
2020-05-09 01:45,10,5,5,0,0,0
2020-05-09 02:00,3,1,2,0,0,0
2020-05-09 02:15,8,4,4,0,0,0
2020-05-09 02:30,3,3,0,0,0,0
2020-05-09 02:45,6,3,3,0,0,0
2020-05-09 03:00,5,0,5,0,0,0
2020-05-09 03:15,4,1,3,0,0,0
2020-05-09 03:30,3,1,2,0,0,0
2020-05-09 03:45,3,1,2,0,0,0
2020-05-09 04:00,1,0,1,0,0,0
2020-05-09 04:15,3,0,3,0,0,0
2020-05-09 04:30,2,0,2,0,0,0
2020-05-09 04:45,1,1,0,0,0,0
2020-05-09 05:00,3,1,2,0,0,0
2020-05-09 05:15,2,2,0,0,0,0
2020-05-09 05:30,11,5,6,0,0,0
2020-05-09 05:45,6,4,2,0,0,0
2020-05-09 06:00,6,4,2,0,0,0
2020-05-09 06:15,8,6,2,0,0,0
2020-05-09 06:30,10,7,3,0,0,0
2020-05-09 06:45,13,7,6,0,0,0
2020-05-09 07:00,16,9,7,0,0,0
2020-05-09 07:15,17,9,8,0,0,0
2020-05-09 07:30,35,20,15,0,0,0
2020-05-09 07:45,38,21,17,0,0,0
2020-05-09 08:00,35,22,13,0,0,0
2020-05-09 08:15,41,18,23,0,0,0
2020-05-09 08:30,47,22,25,0,0,0
2020-05-09 08:45,79,47,32,0,0,0
2020-05-09 09:00,78,54,24,0,0,0
2020-05-09 09:15,98,68,30,0,0,0
2020-05-09 09:30,94,57,37,0,0,0
2020-05-09 09:45,139,80,59,0,0,0
2020-05-09 10:00,148,87,61,0,0,0
2020-05-09 10:15,119,77,42,0,0,0
2020-05-09 10:30,149,82,67,0,0,0
2020-05-09 10:45,157,92,65,0,0,0
2020-05-09 11:00,147,84,63,0,0,0
2020-05-09 11:15,162,97,65,0,0,0
2020-05-09 11:30,150,82,68,0,0,0
2020-05-09 11:45,186,97,89,0,0,0
2020-05-09 12:00,193,71,122,0,0,0
2020-05-09 12:15,182,97,85,0,0,0
2020-05-09 12:30,201,121,80,0,0,0
2020-05-09 12:45,175,98,77,0,0,0
2020-05-09 13:00,203,93,110,0,0,0
2020-05-09 13:15,180,88,92,0,0,0
2020-05-09 13:30,187,94,93,0,0,0
2020-05-09 13:45,205,100,105,0,0,0
2020-05-09 14:00,143,60,83,0,0,0
2020-05-09 14:15,201,77,124,0,0,0
2020-05-09 14:30,180,68,112,0,0,0
2020-05-09 14:45,148,77,71,0,0,0
2020-05-09 15:00,145,73,72,0,0,0
2020-05-09 15:15,146,81,65,0,0,0
2020-05-09 15:30,165,77,88,0,0,0
2020-05-09 15:45,129,58,71,0,0,0
2020-05-09 16:00,141,57,84,0,0,0
2020-05-09 16:15,173,84,89,0,0,0
2020-05-09 16:30,128,53,75,0,0,0
2020-05-09 16:45,143,50,93,0,0,0
2020-05-09 17:00,133,54,79,0,0,0
2020-05-09 17:15,132,45,87,0,0,0
2020-05-09 17:30,102,37,65,0,0,0
2020-05-09 17:45,91,24,67,0,0,0
2020-05-09 18:00,104,31,73,0,0,0
2020-05-09 18:15,103,35,68,0,0,0
2020-05-09 18:30,112,39,73,0,0,0
2020-05-09 18:45,99,40,59,0,0,0
2020-05-09 19:00,75,31,44,0,0,0
2020-05-09 19:15,104,42,62,0,0,0
2020-05-09 19:30,65,26,39,0,0,0
2020-05-09 19:45,56,24,32,0,0,0
2020-05-09 20:00,56,23,33,0,0,0
2020-05-09 20:15,55,16,39,0,0,0
2020-05-09 20:30,40,16,24,0,0,0
2020-05-09 20:45,56,14,42,0,0,0
2020-05-09 21:00,62,27,35,0,0,0
2020-05-09 21:15,33,11,22,0,0,0
2020-05-09 21:30,27,11,16,0,0,0
2020-05-09 21:45,33,16,17,0,0,0
2020-05-09 22:00,29,12,17,0,0,0
2020-05-09 22:15,28,7,21,0,0,0
2020-05-09 22:30,29,14,15,0,0,0
2020-05-09 22:45,15,9,6,0,0,0
2020-05-09 23:00,24,9,15,0,0,0
2020-05-09 23:15,25,9,16,0,0,0
2020-05-09 23:30,24,11,13,0,0,0
2020-05-09 23:45,22,12,10,0,0,0
2020-05-10 00:00,22,11,11,0,0,0
2020-05-10 00:15,20,7,13,0,0,0
2020-05-10 00:30,21,6,15,0,0,0
2020-05-10 00:45,10,8,2,0,0,0
2020-05-10 01:00,7,4,3,0,0,0
2020-05-10 01:15,9,4,5,0,0,0
2020-05-10 01:30,9,3,6,0,0,0
2020-05-10 01:45,15,5,10,0,0,0
2020-05-10 02:00,10,3,7,0,0,0
2020-05-10 02:15,7,5,2,0,0,0
2020-05-10 02:30,12,6,6,0,0,0
2020-05-10 02:45,7,5,2,0,0,0
2020-05-10 03:00,2,0,2,0,0,0
2020-05-10 03:15,1,0,1,0,0,0
2020-05-10 03:30,4,2,2,0,0,0
2020-05-10 03:45,2,0,2,0,0,0
2020-05-10 04:00,6,4,2,0,0,0
2020-05-10 04:15,2,2,0,0,0,0
2020-05-10 04:30,0,0,0,0,0,0
2020-05-10 04:45,1,0,1,0,0,0
2020-05-10 05:00,2,0,2,0,0,0
2020-05-10 05:15,4,2,2,0,0,0
2020-05-10 05:30,5,3,2,0,0,0
2020-05-10 05:45,2,2,0,0,0,0
2020-05-10 06:00,2,1,1,0,0,0
2020-05-10 06:15,1,0,1,0,0,0
2020-05-10 06:30,3,1,2,0,0,0
2020-05-10 06:45,6,1,5,0,0,0
2020-05-10 07:00,2,2,0,0,0,0
2020-05-10 07:15,5,2,3,0,0,0
2020-05-10 07:30,3,2,1,0,0,0
2020-05-10 07:45,8,6,2,0,0,0
2020-05-10 08:00,6,1,5,0,0,0
2020-05-10 08:15,12,4,8,0,0,0
2020-05-10 08:30,12,4,8,0,0,0
2020-05-10 08:45,11,9,2,0,0,0
2020-05-10 09:00,14,6,8,0,0,0
2020-05-10 09:15,22,15,7,0,0,0
2020-05-10 09:30,25,17,8,0,0,0
2020-05-10 09:45,37,20,17,0,0,0
2020-05-10 10:00,29,14,15,0,0,0
2020-05-10 10:15,45,26,19,0,0,0
2020-05-10 10:30,42,19,23,0,0,0
2020-05-10 10:45,36,21,15,0,0,0
2020-05-10 11:00,32,16,16,0,0,0
2020-05-10 11:15,52,27,25,0,0,0
2020-05-10 11:30,57,26,31,0,0,0
2020-05-10 11:45,53,27,26,0,0,0
2020-05-10 12:00,62,33,29,0,0,0
2020-05-10 12:15,42,23,19,0,0,0
2020-05-10 12:30,68,40,28,0,0,0
2020-05-10 12:45,58,28,30,0,0,0
2020-05-10 13:00,46,20,26,0,0,0
2020-05-10 13:15,74,32,42,0,0,0
2020-05-10 13:30,62,29,33,0,0,0
2020-05-10 13:45,77,42,35,0,0,0
2020-05-10 14:00,75,34,41,0,0,0
2020-05-10 14:15,72,32,40,0,0,0
2020-05-10 14:30,71,30,41,0,0,0
2020-05-10 14:45,81,37,44,0,0,0
2020-05-10 15:00,64,21,43,0,0,0
2020-05-10 15:15,77,33,44,0,0,0
2020-05-10 15:30,59,22,37,0,0,0
2020-05-10 15:45,60,38,22,0,0,0
2020-05-10 16:00,53,28,25,0,0,0
2020-05-10 16:15,47,23,24,0,0,0
2020-05-10 16:30,49,26,23,0,0,0
2020-05-10 16:45,63,33,30,0,0,0
2020-05-10 17:00,53,22,31,0,0,0
2020-05-10 17:15,50,15,35,0,0,0
2020-05-10 17:30,72,32,40,0,0,0
2020-05-10 17:45,55,24,31,0,0,0
2020-05-10 18:00,50,22,28,0,0,0
2020-05-10 18:15,59,24,35,0,0,0
2020-05-10 18:30,57,11,46,0,0,0
2020-05-10 18:45,44,23,21,0,0,0
2020-05-10 19:00,47,16,31,0,0,0
2020-05-10 19:15,37,20,17,0,0,0
2020-05-10 19:30,34,21,13,0,0,0
2020-05-10 19:45,29,17,12,0,0,0
2020-05-10 20:00,30,9,21,0,0,0
2020-05-10 20:15,12,2,10,0,0,0
2020-05-10 20:30,18,10,8,0,0,0
2020-05-10 20:45,14,7,7,0,0,0
2020-05-10 21:00,12,3,9,0,0,0
2020-05-10 21:15,13,4,9,0,0,0
2020-05-10 21:30,14,4,10,0,0,0
2020-05-10 21:45,15,4,11,0,0,0
2020-05-10 22:00,11,2,9,0,0,0
2020-05-10 22:15,12,8,4,0,0,0
2020-05-10 22:30,12,4,8,0,0,0
2020-05-10 22:45,11,1,10,0,0,0
2020-05-10 23:00,6,2,4,0,0,0
2020-05-10 23:15,5,0,5,0,0,0
2020-05-10 23:30,8,2,6,0,0,0
2020-05-10 23:45,6,2,4,0,0,0
2020-05-11 00:00,4,2,2,0,0,0
2020-05-11 00:15,2,1,1,0,0,0
2020-05-11 00:30,1,1,0,0,0,0
2020-05-11 00:45,0,0,0,0,0,0
2020-05-11 01:00,2,2,0,0,0,0
2020-05-11 01:15,0,0,0,0,0,0
2020-05-11 01:30,1,0,1,0,0,0
2020-05-11 01:45,1,1,0,0,0,0
2020-05-11 02:00,0,0,0,0,0,0
2020-05-11 02:15,2,1,1,0,0,0
2020-05-11 02:30,1,1,0,0,0,0
2020-05-11 02:45,0,0,0,0,0,0
2020-05-11 03:00,0,0,0,0,0,0
2020-05-11 03:15,0,0,0,0,0,0
2020-05-11 03:30,0,0,0,0,0,0
2020-05-11 03:45,1,1,0,0,0,0
2020-05-11 04:00,0,0,0,0,0,0
2020-05-11 04:15,3,1,2,0,0,0
2020-05-11 04:30,3,3,0,0,0,0
2020-05-11 04:45,2,1,1,0,0,0
2020-05-11 05:00,2,1,1,0,0,0
2020-05-11 05:15,3,3,0,0,0,0
2020-05-11 05:30,14,11,3,0,0,0
2020-05-11 05:45,23,19,4,0,0,0
2020-05-11 06:00,14,10,4,0,0,0
2020-05-11 06:15,38,26,12,0,0,0
2020-05-11 06:30,35,25,10,0,0,0
2020-05-11 06:45,55,33,22,0,0,0
2020-05-11 07:00,73,53,20,0,0,0
2020-05-11 07:15,60,53,7,0,0,0
2020-05-11 07:30,95,73,22,0,0,0
2020-05-11 07:45,129,104,25,0,0,0
2020-05-11 08:00,90,53,37,0,0,0
2020-05-11 08:15,89,62,27,0,0,0
2020-05-11 08:30,83,59,24,0,0,0
2020-05-11 08:45,112,86,26,0,0,0
2020-05-11 09:00,84,53,31,0,0,0
2020-05-11 09:15,77,47,30,0,0,0
2020-05-11 09:30,88,68,20,0,0,0
2020-05-11 09:45,93,58,35,0,0,0
2020-05-11 10:00,84,51,33,0,0,0
2020-05-11 10:15,83,42,41,0,0,0
2020-05-11 10:30,106,53,53,0,0,0
2020-05-11 10:45,87,49,38,0,0,0
2020-05-11 11:00,59,29,30,0,0,0
2020-05-11 11:15,104,57,47,0,0,0
2020-05-11 11:30,94,51,43,0,0,0
2020-05-11 11:45,82,36,46,0,0,0
2020-05-11 12:00,108,32,76,0,0,0
2020-05-11 12:15,106,38,68,0,0,0
2020-05-11 12:30,110,40,70,0,0,0
2020-05-11 12:45,111,60,51,0,0,0
2020-05-11 13:00,131,62,69,0,0,0
2020-05-11 13:15,115,40,75,0,0,0
2020-05-11 13:30,118,53,65,0,0,0
2020-05-11 13:45,144,61,83,0,0,0
2020-05-11 14:00,118,46,72,0,0,0
2020-05-11 14:15,124,49,75,0,0,0
2020-05-11 14:30,126,51,75,0,0,0
2020-05-11 14:45,147,64,83,0,0,0
2020-05-11 15:00,126,47,79,0,0,0
2020-05-11 15:15,118,58,60,0,0,0
2020-05-11 15:30,109,38,71,0,0,0
2020-05-11 15:45,147,62,85,0,0,0
2020-05-11 16:00,185,62,123,0,0,0
2020-05-11 16:15,173,66,107,0,0,0
2020-05-11 16:30,167,63,104,0,0,0
2020-05-11 16:45,169,69,100,0,0,0
2020-05-11 17:00,157,46,111,0,0,0
2020-05-11 17:15,148,60,88,0,0,0
2020-05-11 17:30,120,36,84,0,0,0
2020-05-11 17:45,171,60,111,0,0,0
2020-05-11 18:00,156,48,108,0,0,0
2020-05-11 18:15,109,35,74,0,0,0
2020-05-11 18:30,125,46,79,0,0,0
2020-05-11 18:45,107,36,71,0,0,0
2020-05-11 19:00,107,31,76,0,0,0
2020-05-11 19:15,77,35,42,0,0,0
2020-05-11 19:30,82,25,57,0,0,0
2020-05-11 19:45,76,28,48,0,0,0
2020-05-11 20:00,50,29,21,0,0,0
2020-05-11 20:15,35,16,19,0,0,0
2020-05-11 20:30,45,7,38,0,0,0
2020-05-11 20:45,29,7,22,0,0,0
2020-05-11 21:00,18,7,11,0,0,0
2020-05-11 21:15,25,5,20,0,0,0
2020-05-11 21:30,21,7,14,0,0,0
2020-05-11 21:45,22,4,18,0,0,0
2020-05-11 22:00,19,8,11,0,0,0
2020-05-11 22:15,21,6,15,0,0,0
2020-05-11 22:30,14,7,7,0,0,0
2020-05-11 22:45,14,2,12,0,0,0
2020-05-11 23:00,12,6,6,0,0,0
2020-05-11 23:15,8,1,7,0,0,0
2020-05-11 23:30,8,3,5,0,0,0
2020-05-11 23:45,2,1,1,0,0,0
2020-05-12 00:00,8,2,6,0,0,0
2020-05-12 00:15,12,8,4,0,0,0
2020-05-12 00:30,5,1,4,0,0,0
2020-05-12 00:45,7,4,3,0,0,0
2020-05-12 01:00,0,0,0,0,0,0
2020-05-12 01:15,1,0,1,0,0,0
2020-05-12 01:30,2,1,1,0,0,0
2020-05-12 01:45,3,1,2,0,0,0
2020-05-12 02:00,1,0,1,0,0,0
2020-05-12 02:15,1,1,0,0,0,0
2020-05-12 02:30,1,0,1,0,0,0
2020-05-12 02:45,0,0,0,0,0,0
2020-05-12 03:00,0,0,0,0,0,0
2020-05-12 03:15,2,0,2,0,0,0
2020-05-12 03:30,0,0,0,0,0,0
2020-05-12 03:45,1,1,0,0,0,0
2020-05-12 04:00,1,0,1,0,0,0
2020-05-12 04:15,2,0,2,0,0,0
2020-05-12 04:30,4,3,1,0,0,0
2020-05-12 04:45,4,2,2,0,0,0
2020-05-12 05:00,2,2,0,0,0,0
2020-05-12 05:15,5,3,2,0,0,0
2020-05-12 05:30,17,15,2,0,0,0
2020-05-12 05:45,20,16,4,0,0,0
2020-05-12 06:00,17,11,6,0,0,0
2020-05-12 06:15,34,26,8,0,0,0
2020-05-12 06:30,44,31,13,0,0,0
2020-05-12 06:45,57,39,18,0,0,0
2020-05-12 07:00,72,54,18,0,0,0
2020-05-12 07:15,84,53,31,0,0,0
2020-05-12 07:30,108,76,32,0,0,0
2020-05-12 07:45,147,100,47,0,0,0
2020-05-12 08:00,114,69,45,0,0,0
2020-05-12 08:15,120,79,41,0,0,0
2020-05-12 08:30,98,64,34,0,0,0
2020-05-12 08:45,123,88,35,0,0,0
2020-05-12 09:00,82,59,23,0,0,0
2020-05-12 09:15,83,55,28,0,0,0
2020-05-12 09:30,118,81,37,0,0,0
2020-05-12 09:45,114,75,39,0,0,0
2020-05-12 10:00,84,53,31,0,0,0
2020-05-12 10:15,80,48,32,0,0,0
2020-05-12 10:30,95,54,41,0,0,0
2020-05-12 10:45,107,49,58,0,0,0
2020-05-12 11:00,86,35,51,0,0,0
2020-05-12 11:15,106,53,53,0,0,0
2020-05-12 11:30,113,52,61,0,0,0
2020-05-12 11:45,130,58,72,0,0,0
2020-05-12 12:00,122,58,64,0,0,0
2020-05-12 12:15,125,61,64,0,0,0
2020-05-12 12:30,130,50,80,0,0,0
2020-05-12 12:45,140,68,72,0,0,0
2020-05-12 13:00,121,46,75,0,0,0
2020-05-12 13:15,138,47,91,0,0,0
2020-05-12 13:30,136,58,78,0,0,0
2020-05-12 13:45,134,74,60,0,0,0
2020-05-12 14:00,134,56,78,0,0,0
2020-05-12 14:15,127,61,66,0,0,0
2020-05-12 14:30,128,67,61,0,0,0
2020-05-12 14:45,159,84,75,0,0,0
2020-05-12 15:00,145,60,85,0,0,0
2020-05-12 15:15,147,67,80,0,0,0
2020-05-12 15:30,147,60,87,0,0,0
2020-05-12 15:45,175,77,98,0,0,0
2020-05-12 16:00,217,75,142,0,0,0
2020-05-12 16:15,170,71,99,0,0,0
2020-05-12 16:30,170,63,107,0,0,0
2020-05-12 16:45,181,64,117,0,0,0
2020-05-12 17:00,201,72,129,0,0,0
2020-05-12 17:15,207,84,123,0,0,0
2020-05-12 17:30,169,60,109,0,0,0
2020-05-12 17:45,187,72,115,0,0,0
2020-05-12 18:00,174,54,120,0,0,0
2020-05-12 18:15,136,39,97,0,0,0
2020-05-12 18:30,128,55,73,0,0,0
2020-05-12 18:45,108,36,72,0,0,0
2020-05-12 19:00,88,25,63,0,0,0
2020-05-12 19:15,84,26,58,0,0,0
2020-05-12 19:30,61,21,40,0,0,0
2020-05-12 19:45,64,26,38,0,0,0
2020-05-12 20:00,55,16,39,0,0,0
2020-05-12 20:15,45,18,27,0,0,0
2020-05-12 20:30,36,16,20,0,0,0
2020-05-12 20:45,45,17,28,0,0,0
2020-05-12 21:00,36,16,20,0,0,0
2020-05-12 21:15,29,9,20,0,0,0
2020-05-12 21:30,27,10,17,0,0,0
2020-05-12 21:45,25,9,16,0,0,0
2020-05-12 22:00,28,13,15,0,0,0
2020-05-12 22:15,19,5,14,0,0,0
2020-05-12 22:30,17,4,13,0,0,0
2020-05-12 22:45,16,11,5,0,0,0
2020-05-12 23:00,19,8,11,0,0,0
2020-05-12 23:15,11,7,4,0,0,0
2020-05-12 23:30,10,3,7,0,0,0
2020-05-12 23:45,9,6,3,0,0,0
2020-05-13 00:00,5,3,2,0,0,0
2020-05-13 00:15,4,1,3,0,0,0
2020-05-13 00:30,9,5,4,0,0,0
2020-05-13 00:45,2,0,2,0,0,0
2020-05-13 01:00,3,2,1,0,0,0
2020-05-13 01:15,10,2,8,0,0,0
2020-05-13 01:30,4,1,3,0,0,0
2020-05-13 01:45,2,0,2,0,0,0
2020-05-13 02:00,2,1,1,0,0,0
2020-05-13 02:15,1,0,1,0,0,0
2020-05-13 02:30,0,0,0,0,0,0
2020-05-13 02:45,0,0,0,0,0,0
2020-05-13 03:00,1,1,0,0,0,0
2020-05-13 03:15,0,0,0,0,0,0
2020-05-13 03:30,0,0,0,0,0,0
2020-05-13 03:45,1,1,0,0,0,0
2020-05-13 04:00,1,0,1,0,0,0
2020-05-13 04:15,3,2,1,0,0,0
2020-05-13 04:30,4,3,1,0,0,0
2020-05-13 04:45,6,1,5,0,0,0
2020-05-13 05:00,4,2,2,0,0,0
2020-05-13 05:15,7,5,2,0,0,0
2020-05-13 05:30,16,13,3,0,0,0
2020-05-13 05:45,26,20,6,0,0,0
2020-05-13 06:00,25,17,8,0,0,0
2020-05-13 06:15,37,24,13,0,0,0
2020-05-13 06:30,47,35,12,0,0,0
2020-05-13 06:45,63,49,14,0,0,0
2020-05-13 07:00,71,50,21,0,0,0
2020-05-13 07:15,91,61,30,0,0,0
2020-05-13 07:30,114,83,31,0,0,0
2020-05-13 07:45,135,92,43,0,0,0
2020-05-13 08:00,99,64,35,0,0,0
2020-05-13 08:15,155,105,50,0,0,0
2020-05-13 08:30,118,79,39,0,0,0
2020-05-13 08:45,145,104,41,0,0,0
2020-05-13 09:00,106,75,31,0,0,0
2020-05-13 09:15,97,58,39,0,0,0
2020-05-13 09:30,113,70,43,0,0,0
2020-05-13 09:45,128,88,40,0,0,0
2020-05-13 10:00,109,68,41,0,0,0
2020-05-13 10:15,124,74,50,0,0,0
2020-05-13 10:30,116,66,50,0,0,0
2020-05-13 10:45,157,93,64,0,0,0
2020-05-13 11:00,130,71,59,0,0,0
2020-05-13 11:15,143,54,89,0,0,0
2020-05-13 11:30,158,76,82,0,0,0
2020-05-13 11:45,168,80,88,0,0,0
2020-05-13 12:00,149,61,88,0,0,0
2020-05-13 12:15,141,63,78,0,0,0
2020-05-13 12:30,158,58,100,0,0,0
2020-05-13 12:45,199,96,103,0,0,0
2020-05-13 13:00,161,70,91,0,0,0
2020-05-13 13:15,128,62,66,0,0,0
2020-05-13 13:30,158,70,88,0,0,0
2020-05-13 13:45,153,76,77,0,0,0
2020-05-13 14:00,150,68,82,0,0,0
2020-05-13 14:15,130,55,75,0,0,0
2020-05-13 14:30,146,59,87,0,0,0
2020-05-13 14:45,169,69,100,0,0,0
2020-05-13 15:00,149,55,94,0,0,0
2020-05-13 15:15,135,60,75,0,0,0
2020-05-13 15:30,133,59,74,0,0,0
2020-05-13 15:45,141,56,85,0,0,0
2020-05-13 16:00,169,65,104,0,0,0
2020-05-13 16:15,164,68,96,0,0,0
2020-05-13 16:30,141,46,95,0,0,0
2020-05-13 16:45,158,70,88,0,0,0
2020-05-13 17:00,166,63,103,0,0,0
2020-05-13 17:15,146,51,95,0,0,0
2020-05-13 17:30,140,60,80,0,0,0
2020-05-13 17:45,163,63,100,0,0,0
2020-05-13 18:00,168,55,113,0,0,0
2020-05-13 18:15,125,38,87,0,0,0
2020-05-13 18:30,118,34,84,0,0,0
2020-05-13 18:45,98,41,57,0,0,0
2020-05-13 19:00,97,45,52,0,0,0
2020-05-13 19:15,76,26,50,0,0,0
2020-05-13 19:30,76,19,57,0,0,0
2020-05-13 19:45,52,20,32,0,0,0
2020-05-13 20:00,67,16,51,0,0,0
2020-05-13 20:15,42,14,28,0,0,0
2020-05-13 20:30,37,15,22,0,0,0
2020-05-13 20:45,47,22,25,0,0,0
2020-05-13 21:00,41,14,27,0,0,0
2020-05-13 21:15,27,8,19,0,0,0
2020-05-13 21:30,22,11,11,0,0,0
2020-05-13 21:45,27,14,13,0,0,0
2020-05-13 22:00,22,6,16,0,0,0
2020-05-13 22:15,14,5,9,0,0,0
2020-05-13 22:30,24,8,16,0,0,0
2020-05-13 22:45,20,10,10,0,0,0
2020-05-13 23:00,20,6,14,0,0,0
2020-05-13 23:15,13,2,11,0,0,0
2020-05-13 23:30,17,4,13,0,0,0
2020-05-13 23:45,8,2,6,0,0,0
2020-05-14 00:00,6,3,3,0,0,0
2020-05-14 00:15,9,6,3,0,0,0
2020-05-14 00:30,17,6,11,0,0,0
2020-05-14 00:45,6,2,4,0,0,0
2020-05-14 01:00,2,2,0,0,0,0
2020-05-14 01:15,2,0,2,0,0,0
2020-05-14 01:30,3,0,3,0,0,0
2020-05-14 01:45,4,2,2,0,0,0
2020-05-14 02:00,2,0,2,0,0,0
2020-05-14 02:15,3,0,3,0,0,0
2020-05-14 02:30,0,0,0,0,0,0
2020-05-14 02:45,0,0,0,0,0,0
2020-05-14 03:00,2,0,2,0,0,0
2020-05-14 03:15,0,0,0,0,0,0
2020-05-14 03:30,0,0,0,0,0,0
2020-05-14 03:45,2,0,2,0,0,0
2020-05-14 04:00,2,1,1,0,0,0
2020-05-14 04:15,0,0,0,0,0,0
2020-05-14 04:30,4,4,0,0,0,0
2020-05-14 04:45,3,0,3,0,0,0
2020-05-14 05:00,4,2,2,0,0,0
2020-05-14 05:15,10,6,4,0,0,0
2020-05-14 05:30,13,9,4,0,0,0
2020-05-14 05:45,14,12,2,0,0,0
2020-05-14 06:00,17,14,3,0,0,0
2020-05-14 06:15,36,24,12,0,0,0
2020-05-14 06:30,45,28,17,0,0,0
2020-05-14 06:45,61,47,14,0,0,0
2020-05-14 07:00,67,46,21,0,0,0
2020-05-14 07:15,85,56,29,0,0,0
2020-05-14 07:30,107,79,28,0,0,0
2020-05-14 07:45,112,84,28,0,0,0
2020-05-14 08:00,105,65,40,0,0,0
2020-05-14 08:15,115,76,39,0,0,0
2020-05-14 08:30,100,65,35,0,0,0
2020-05-14 08:45,127,87,40,0,0,0
2020-05-14 09:00,75,49,26,0,0,0
2020-05-14 09:15,78,49,29,0,0,0
2020-05-14 09:30,82,60,22,0,0,0
2020-05-14 09:45,98,56,42,0,0,0
2020-05-14 10:00,89,53,36,0,0,0
2020-05-14 10:15,109,57,52,0,0,0
2020-05-14 10:30,88,42,46,0,0,0
2020-05-14 10:45,111,59,52,0,0,0
2020-05-14 11:00,103,54,49,0,0,0
2020-05-14 11:15,130,64,66,0,0,0
2020-05-14 11:30,125,58,67,0,0,0
2020-05-14 11:45,136,71,65,0,0,0
2020-05-14 12:00,139,60,79,0,0,0
2020-05-14 12:15,121,57,64,0,0,0
2020-05-14 12:30,158,57,101,0,0,0
2020-05-14 12:45,149,70,79,0,0,0
2020-05-14 13:00,151,63,88,0,0,0
2020-05-14 13:15,158,65,93,0,0,0
2020-05-14 13:30,124,62,62,0,0,0
2020-05-14 13:45,146,90,56,0,0,0
2020-05-14 14:00,141,64,77,0,0,0
2020-05-14 14:15,131,61,70,0,0,0
2020-05-14 14:30,139,61,78,0,0,0
2020-05-14 14:45,187,100,87,0,0,0
2020-05-14 15:00,154,81,73,0,0,0
2020-05-14 15:15,163,71,92,0,0,0
2020-05-14 15:30,161,80,81,0,0,0
2020-05-14 15:45,181,99,82,0,0,0
2020-05-14 16:00,191,91,100,0,0,0
2020-05-14 16:15,175,59,116,0,0,0
2020-05-14 16:30,159,62,97,0,0,0
2020-05-14 16:45,196,82,114,0,0,0
2020-05-14 17:00,203,78,125,0,0,0
2020-05-14 17:15,197,72,125,0,0,0
2020-05-14 17:30,175,52,123,0,0,0
2020-05-14 17:45,206,79,127,0,0,0
2020-05-14 18:00,183,64,119,0,0,0
2020-05-14 18:15,158,56,102,0,0,0
2020-05-14 18:30,137,35,102,0,0,0
2020-05-14 18:45,111,27,84,0,0,0
2020-05-14 19:00,97,40,57,0,0,0
2020-05-14 19:15,95,34,61,0,0,0
2020-05-14 19:30,116,44,72,0,0,0
2020-05-14 19:45,96,39,57,0,0,0
2020-05-14 20:00,79,30,49,0,0,0
2020-05-14 20:15,56,22,34,0,0,0
2020-05-14 20:30,53,17,36,0,0,0
2020-05-14 20:45,36,12,24,0,0,0
2020-05-14 21:00,34,10,24,0,0,0
2020-05-14 21:15,25,12,13,0,0,0
2020-05-14 21:30,23,5,18,0,0,0
2020-05-14 21:45,20,7,13,0,0,0
2020-05-14 22:00,33,16,17,0,0,0
2020-05-14 22:15,37,16,21,0,0,0
2020-05-14 22:30,20,7,13,0,0,0
2020-05-14 22:45,28,8,20,0,0,0
2020-05-14 23:00,30,14,16,0,0,0
2020-05-14 23:15,19,5,14,0,0,0
2020-05-14 23:30,23,11,12,0,0,0
2020-05-14 23:45,11,6,5,0,0,0
2020-05-15 00:00,13,7,6,0,0,0
2020-05-15 00:15,9,6,3,0,0,0
2020-05-15 00:30,9,4,5,0,0,0
2020-05-15 00:45,3,2,1,0,0,0
2020-05-15 01:00,3,0,3,0,0,0
2020-05-15 01:15,3,1,2,0,0,0
2020-05-15 01:30,4,1,3,0,0,0
2020-05-15 01:45,2,0,2,0,0,0
2020-05-15 02:00,2,2,0,0,0,0
2020-05-15 02:15,1,0,1,0,0,0
2020-05-15 02:30,0,0,0,0,0,0
2020-05-15 02:45,0,0,0,0,0,0
2020-05-15 03:00,1,1,0,0,0,0
2020-05-15 03:15,0,0,0,0,0,0
2020-05-15 03:30,2,1,1,0,0,0
2020-05-15 03:45,2,2,0,0,0,0
2020-05-15 04:00,2,0,2,0,0,0
2020-05-15 04:15,0,0,0,0,0,0
2020-05-15 04:30,4,4,0,0,0,0
2020-05-15 04:45,3,0,3,0,0,0
2020-05-15 05:00,2,1,1,0,0,0
2020-05-15 05:15,5,4,1,0,0,0
2020-05-15 05:30,14,11,3,0,0,0
2020-05-15 05:45,19,16,3,0,0,0
2020-05-15 06:00,13,11,2,0,0,0
2020-05-15 06:15,34,27,7,0,0,0
2020-05-15 06:30,41,26,15,0,0,0
2020-05-15 06:45,61,42,19,0,0,0
2020-05-15 07:00,63,38,25,0,0,0
2020-05-15 07:15,84,53,31,0,0,0
2020-05-15 07:30,101,79,22,0,0,0
2020-05-15 07:45,120,82,38,0,0,0
2020-05-15 08:00,98,63,35,0,0,0
2020-05-15 08:15,100,65,35,0,0,0
2020-05-15 08:30,113,75,38,0,0,0
2020-05-15 08:45,105,77,28,0,0,0
2020-05-15 09:00,66,39,27,0,0,0
2020-05-15 09:15,94,61,33,0,0,0
2020-05-15 09:30,89,53,36,0,0,0
2020-05-15 09:45,109,72,37,0,0,0
2020-05-15 10:00,94,57,37,0,0,0
2020-05-15 10:15,91,40,51,0,0,0
2020-05-15 10:30,93,57,36,0,0,0
2020-05-15 10:45,102,67,35,0,0,0
2020-05-15 11:00,110,58,52,0,0,0
2020-05-15 11:15,122,65,57,0,0,0
2020-05-15 11:30,126,58,68,0,0,0
2020-05-15 11:45,132,66,66,0,0,0
2020-05-15 12:00,125,52,73,0,0,0
2020-05-15 12:15,142,61,81,0,0,0
2020-05-15 12:30,157,83,74,0,0,0
2020-05-15 12:45,165,66,99,0,0,0
2020-05-15 13:00,161,74,87,0,0,0
2020-05-15 13:15,155,69,86,0,0,0
2020-05-15 13:30,163,82,81,0,0,0
2020-05-15 13:45,163,91,72,0,0,0
2020-05-15 14:00,156,71,85,0,0,0
2020-05-15 14:15,180,64,116,0,0,0
2020-05-15 14:30,170,66,104,0,0,0
2020-05-15 14:45,180,90,90,0,0,0
2020-05-15 15:00,169,70,99,0,0,0
2020-05-15 15:15,154,69,85,0,0,0
2020-05-15 15:30,164,60,104,0,0,0
2020-05-15 15:45,199,100,99,0,0,0
2020-05-15 16:00,159,75,84,0,0,0
2020-05-15 16:15,156,69,87,0,0,0
2020-05-15 16:30,149,58,91,0,0,0
2020-05-15 16:45,168,74,94,0,0,0
2020-05-15 17:00,151,55,96,0,0,0
2020-05-15 17:15,133,54,79,0,0,0
2020-05-15 17:30,178,70,108,0,0,0
2020-05-15 17:45,142,56,86,0,0,0
2020-05-15 18:00,125,42,83,0,0,0
2020-05-15 18:15,121,45,76,0,0,0
2020-05-15 18:30,130,59,71,0,0,0
2020-05-15 18:45,147,66,81,0,0,0
2020-05-15 19:00,100,39,61,0,0,0
2020-05-15 19:15,101,39,62,0,0,0
2020-05-15 19:30,87,35,52,0,0,0
2020-05-15 19:45,62,27,35,0,0,0
2020-05-15 20:00,74,22,52,0,0,0
2020-05-15 20:15,52,20,32,0,0,0
2020-05-15 20:30,44,19,25,0,0,0
2020-05-15 20:45,36,5,31,0,0,0
2020-05-15 21:00,32,15,17,0,0,0
2020-05-15 21:15,42,15,27,0,0,0
2020-05-15 21:30,41,14,27,0,0,0
2020-05-15 21:45,32,10,22,0,0,0
2020-05-15 22:00,22,5,17,0,0,0
2020-05-15 22:15,15,4,11,0,0,0
2020-05-15 22:30,33,14,19,0,0,0
2020-05-15 22:45,17,9,8,0,0,0
2020-05-15 23:00,28,14,14,0,0,0
2020-05-15 23:15,18,7,11,0,0,0
2020-05-15 23:30,24,9,15,0,0,0
2020-05-15 23:45,29,9,20,0,0,0
2020-05-16 00:00,15,6,9,0,0,0
2020-05-16 00:15,27,10,17,0,0,0
2020-05-16 00:30,15,2,13,0,0,0
2020-05-16 00:45,12,4,8,0,0,0
2020-05-16 01:00,15,5,10,0,0,0
2020-05-16 01:15,15,5,10,0,0,0
2020-05-16 01:30,15,5,10,0,0,0
2020-05-16 01:45,4,2,2,0,0,0
2020-05-16 02:00,14,7,7,0,0,0
2020-05-16 02:15,10,1,9,0,0,0
2020-05-16 02:30,6,2,4,0,0,0
2020-05-16 02:45,4,2,2,0,0,0
2020-05-16 03:00,6,0,6,0,0,0
2020-05-16 03:15,6,2,4,0,0,0
2020-05-16 03:30,7,3,4,0,0,0
2020-05-16 03:45,0,0,0,0,0,0
2020-05-16 04:00,0,0,0,0,0,0
2020-05-16 04:15,2,1,1,0,0,0
2020-05-16 04:30,0,0,0,0,0,0
2020-05-16 04:45,1,1,0,0,0,0
2020-05-16 05:00,4,3,1,0,0,0
2020-05-16 05:15,2,1,1,0,0,0
2020-05-16 05:30,12,5,7,0,0,0
2020-05-16 05:45,9,7,2,0,0,0
2020-05-16 06:00,5,4,1,0,0,0
2020-05-16 06:15,14,8,6,0,0,0
2020-05-16 06:30,7,4,3,0,0,0
2020-05-16 06:45,6,3,3,0,0,0
2020-05-16 07:00,14,9,5,0,0,0
2020-05-16 07:15,13,12,1,0,0,0
2020-05-16 07:30,21,11,10,0,0,0
2020-05-16 07:45,25,13,12,0,0,0
2020-05-16 08:00,34,26,8,0,0,0
2020-05-16 08:15,40,24,16,0,0,0
2020-05-16 08:30,48,34,14,0,0,0
2020-05-16 08:45,64,40,24,0,0,0
2020-05-16 09:00,71,47,24,0,0,0
2020-05-16 09:15,65,38,27,0,0,0
2020-05-16 09:30,84,54,30,0,0,0
2020-05-16 09:45,98,68,30,0,0,0
2020-05-16 10:00,107,68,39,0,0,0
2020-05-16 10:15,130,85,45,0,0,0
2020-05-16 10:30,159,101,58,0,0,0
2020-05-16 10:45,151,93,58,0,0,0
2020-05-16 11:00,126,71,55,0,0,0
2020-05-16 11:15,139,72,67,0,0,0
2020-05-16 11:30,160,91,69,0,0,0
2020-05-16 11:45,223,117,106,0,0,0
2020-05-16 12:00,159,86,73,0,0,0
2020-05-16 12:15,145,61,84,0,0,0
2020-05-16 12:30,172,103,69,0,0,0
2020-05-16 12:45,182,113,69,0,0,0
2020-05-16 13:00,165,91,74,0,0,0
2020-05-16 13:15,181,87,94,0,0,0
2020-05-16 13:30,175,82,93,0,0,0
2020-05-16 13:45,206,103,103,0,0,0
2020-05-16 14:00,188,71,117,0,0,0
2020-05-16 14:15,188,83,105,0,0,0
2020-05-16 14:30,144,61,83,0,0,0
2020-05-16 14:45,187,82,105,0,0,0
2020-05-16 15:00,178,87,91,0,0,0
2020-05-16 15:15,168,81,87,0,0,0
2020-05-16 15:30,140,54,86,0,0,0
2020-05-16 15:45,166,84,82,0,0,0
2020-05-16 16:00,136,65,71,0,0,0
2020-05-16 16:15,97,46,51,0,0,0
2020-05-16 16:30,122,41,81,0,0,0
2020-05-16 16:45,139,59,80,0,0,0
2020-05-16 17:00,132,61,71,0,0,0
2020-05-16 17:15,123,42,81,0,0,0
2020-05-16 17:30,116,37,79,0,0,0
2020-05-16 17:45,154,71,83,0,0,0
2020-05-16 18:00,148,42,106,0,0,0
2020-05-16 18:15,121,35,86,0,0,0
2020-05-16 18:30,92,24,68,0,0,0
2020-05-16 18:45,99,29,70,0,0,0
2020-05-16 19:00,100,33,67,0,0,0
2020-05-16 19:15,116,43,73,0,0,0
2020-05-16 19:30,106,54,52,0,0,0
2020-05-16 19:45,82,40,42,0,0,0
2020-05-16 20:00,62,20,42,0,0,0
2020-05-16 20:15,44,16,28,0,0,0
2020-05-16 20:30,39,19,20,0,0,0
2020-05-16 20:45,51,20,31,0,0,0
2020-05-16 21:00,66,27,39,0,0,0
2020-05-16 21:15,27,11,16,0,0,0
2020-05-16 21:30,31,15,16,0,0,0
2020-05-16 21:45,19,6,13,0,0,0
2020-05-16 22:00,32,8,24,0,0,0
2020-05-16 22:15,27,11,16,0,0,0
2020-05-16 22:30,28,10,18,0,0,0
2020-05-16 22:45,21,7,14,0,0,0
2020-05-16 23:00,31,12,19,0,0,0
2020-05-16 23:15,22,12,10,0,0,0
2020-05-16 23:30,30,6,24,0,0,0
2020-05-16 23:45,21,10,11,0,0,0
2020-05-17 00:00,22,10,12,0,0,0
2020-05-17 00:15,11,6,5,0,0,0
2020-05-17 00:30,22,10,12,0,0,0
2020-05-17 00:45,16,5,11,0,0,0
2020-05-17 01:00,41,20,21,0,0,0
2020-05-17 01:15,12,1,11,0,0,0
2020-05-17 01:30,17,8,9,0,0,0
2020-05-17 01:45,10,5,5,0,0,0
2020-05-17 02:00,10,2,8,0,0,0
2020-05-17 02:15,13,5,8,0,0,0
2020-05-17 02:30,12,3,9,0,0,0
2020-05-17 02:45,5,2,3,0,0,0
2020-05-17 03:00,4,1,3,0,0,0
2020-05-17 03:15,7,1,6,0,0,0
2020-05-17 03:30,2,0,2,0,0,0
2020-05-17 03:45,3,1,2,0,0,0
2020-05-17 04:00,2,1,1,0,0,0
2020-05-17 04:15,1,1,0,0,0,0
2020-05-17 04:30,0,0,0,0,0,0
2020-05-17 04:45,4,4,0,0,0,0
2020-05-17 05:00,1,1,0,0,0,0
2020-05-17 05:15,4,1,3,0,0,0
2020-05-17 05:30,7,3,4,0,0,0
2020-05-17 05:45,5,4,1,0,0,0
2020-05-17 06:00,7,5,2,0,0,0
2020-05-17 06:15,4,2,2,0,0,0
2020-05-17 06:30,8,3,5,0,0,0
2020-05-17 06:45,4,3,1,0,0,0
2020-05-17 07:00,0,0,0,0,0,0
2020-05-17 07:15,4,2,2,0,0,0
2020-05-17 07:30,3,0,3,0,0,0
2020-05-17 07:45,4,2,2,0,0,0
2020-05-17 08:00,4,4,0,0,0,0
2020-05-17 08:15,4,3,1,0,0,0
2020-05-17 08:30,14,6,8,0,0,0
2020-05-17 08:45,21,9,12,0,0,0
2020-05-17 09:00,10,8,2,0,0,0
2020-05-17 09:15,25,12,13,0,0,0
2020-05-17 09:30,19,10,9,0,0,0
2020-05-17 09:45,26,16,10,0,0,0
2020-05-17 10:00,29,18,11,0,0,0
2020-05-17 10:15,26,15,11,0,0,0
2020-05-17 10:30,35,28,7,0,0,0
2020-05-17 10:45,43,30,13,0,0,0
2020-05-17 11:00,41,22,19,0,0,0
2020-05-17 11:15,57,21,36,0,0,0
2020-05-17 11:30,56,30,26,0,0,0
2020-05-17 11:45,71,37,34,0,0,0
2020-05-17 12:00,65,44,21,0,0,0
2020-05-17 12:15,58,39,19,0,0,0
2020-05-17 12:30,63,31,32,0,0,0
2020-05-17 12:45,83,42,41,0,0,0
2020-05-17 13:00,75,44,31,0,0,0
2020-05-17 13:15,81,42,39,0,0,0
2020-05-17 13:30,78,42,36,0,0,0
2020-05-17 13:45,85,52,33,0,0,0
2020-05-17 14:00,89,51,38,0,0,0
2020-05-17 14:15,94,43,51,0,0,0
2020-05-17 14:30,93,49,44,0,0,0
2020-05-17 14:45,115,54,61,0,0,0
2020-05-17 15:00,104,46,58,0,0,0
2020-05-17 15:15,108,46,62,0,0,0
2020-05-17 15:30,92,50,42,0,0,0
2020-05-17 15:45,85,41,44,0,0,0
2020-05-17 16:00,83,25,58,0,0,0
2020-05-17 16:15,108,39,69,0,0,0
2020-05-17 16:30,84,41,43,0,0,0
2020-05-17 16:45,90,40,50,0,0,0
2020-05-17 17:00,72,29,43,0,0,0
2020-05-17 17:15,74,24,50,0,0,0
2020-05-17 17:30,91,30,61,0,0,0
2020-05-17 17:45,107,39,68,0,0,0
2020-05-17 18:00,83,23,60,0,0,0
2020-05-17 18:15,99,53,46,0,0,0
2020-05-17 18:30,89,31,58,0,0,0
2020-05-17 18:45,82,35,47,0,0,0
2020-05-17 19:00,64,29,35,0,0,0
2020-05-17 19:15,55,21,34,0,0,0
2020-05-17 19:30,56,28,28,0,0,0
2020-05-17 19:45,35,16,19,0,0,0
2020-05-17 20:00,62,23,39,0,0,0
2020-05-17 20:15,30,12,18,0,0,0
2020-05-17 20:30,38,13,25,0,0,0
2020-05-17 20:45,33,12,21,0,0,0
2020-05-17 21:00,40,21,19,0,0,0
2020-05-17 21:15,27,10,17,0,0,0
2020-05-17 21:30,29,8,21,0,0,0
2020-05-17 21:45,20,5,15,0,0,0
2020-05-17 22:00,20,6,14,0,0,0
2020-05-17 22:15,25,10,15,0,0,0
2020-05-17 22:30,13,6,7,0,0,0
2020-05-17 22:45,14,4,10,0,0,0
2020-05-17 23:00,23,8,15,0,0,0
2020-05-17 23:15,15,5,10,0,0,0
2020-05-17 23:30,13,4,9,0,0,0
2020-05-17 23:45,13,5,8,0,0,0
2020-05-18 00:00,7,2,5,0,0,0
2020-05-18 00:15,4,4,0,0,0,0
2020-05-18 00:30,6,1,5,0,0,0
2020-05-18 00:45,6,2,4,0,0,0
2020-05-18 01:00,2,2,0,0,0,0
2020-05-18 01:15,3,1,2,0,0,0
2020-05-18 01:30,0,0,0,0,0,0
2020-05-18 01:45,5,3,2,0,0,0
2020-05-18 02:00,0,0,0,0,0,0
2020-05-18 02:15,1,1,0,0,0,0
2020-05-18 02:30,1,1,0,0,0,0
2020-05-18 02:45,2,0,2,0,0,0
2020-05-18 03:00,0,0,0,0,0,0
2020-05-18 03:15,1,0,1,0,0,0
2020-05-18 03:30,1,0,1,0,0,0
2020-05-18 03:45,0,0,0,0,0,0
2020-05-18 04:00,3,2,1,0,0,0
2020-05-18 04:15,3,1,2,0,0,0
2020-05-18 04:30,6,3,3,0,0,0
2020-05-18 04:45,9,4,5,0,0,0
2020-05-18 05:00,5,4,1,0,0,0
2020-05-18 05:15,7,3,4,0,0,0
2020-05-18 05:30,18,17,1,0,0,0
2020-05-18 05:45,26,21,5,0,0,0
2020-05-18 06:00,24,16,8,0,0,0
2020-05-18 06:15,39,34,5,0,0,0
2020-05-18 06:30,48,29,19,0,0,0
2020-05-18 06:45,53,40,13,0,0,0
2020-05-18 07:00,73,50,23,0,0,0
2020-05-18 07:15,101,73,28,0,0,0
2020-05-18 07:30,137,99,38,0,0,0
2020-05-18 07:45,139,97,42,0,0,0
2020-05-18 08:00,109,67,42,0,0,0
2020-05-18 08:15,116,70,46,0,0,0
2020-05-18 08:30,103,75,28,0,0,0
2020-05-18 08:45,116,79,37,0,0,0
2020-05-18 09:00,94,52,42,0,0,0
2020-05-18 09:15,90,62,28,0,0,0
2020-05-18 09:30,93,59,34,0,0,0
2020-05-18 09:45,126,83,43,0,0,0
2020-05-18 10:00,110,64,46,0,0,0
2020-05-18 10:15,120,72,48,0,0,0
2020-05-18 10:30,111,57,54,0,0,0
2020-05-18 10:45,109,60,49,0,0,0
2020-05-18 11:00,100,51,49,0,0,0
2020-05-18 11:15,113,64,49,0,0,0
2020-05-18 11:30,158,78,80,0,0,0
2020-05-18 11:45,145,62,83,0,0,0
2020-05-18 12:00,156,77,79,0,0,0
2020-05-18 12:15,150,68,82,0,0,0
2020-05-18 12:30,146,77,69,0,0,0
2020-05-18 12:45,165,79,86,0,0,0
2020-05-18 13:00,153,66,87,0,0,0
2020-05-18 13:15,156,60,96,0,0,0
2020-05-18 13:30,127,70,57,0,0,0
2020-05-18 13:45,140,64,76,0,0,0
2020-05-18 14:00,106,53,53,0,0,0
2020-05-18 14:15,153,78,75,0,0,0
2020-05-18 14:30,136,59,77,0,0,0
2020-05-18 14:45,187,92,95,0,0,0
2020-05-18 15:00,147,61,86,0,0,0
2020-05-18 15:15,174,80,94,0,0,0
2020-05-18 15:30,172,60,112,0,0,0
2020-05-18 15:45,200,73,127,0,0,0
2020-05-18 16:00,195,73,122,0,0,0
2020-05-18 16:15,196,77,119,0,0,0
2020-05-18 16:30,203,80,123,0,0,0
2020-05-18 16:45,199,72,127,0,0,0
2020-05-18 17:00,200,71,129,0,0,0
2020-05-18 17:15,206,80,126,0,0,0
2020-05-18 17:30,188,61,127,0,0,0
2020-05-18 17:45,170,69,101,0,0,0
2020-05-18 18:00,167,51,116,0,0,0
2020-05-18 18:15,167,58,109,0,0,0
2020-05-18 18:30,152,46,106,0,0,0
2020-05-18 18:45,147,55,92,0,0,0
2020-05-18 19:00,123,43,80,0,0,0
2020-05-18 19:15,103,41,62,0,0,0
2020-05-18 19:30,113,37,76,0,0,0
2020-05-18 19:45,70,24,46,0,0,0
2020-05-18 20:00,82,25,57,0,0,0
2020-05-18 20:15,63,16,47,0,0,0
2020-05-18 20:30,51,19,32,0,0,0
2020-05-18 20:45,34,13,21,0,0,0
2020-05-18 21:00,39,14,25,0,0,0
2020-05-18 21:15,48,20,28,0,0,0
2020-05-18 21:30,23,6,17,0,0,0
2020-05-18 21:45,35,15,20,0,0,0
2020-05-18 22:00,26,10,16,0,0,0
2020-05-18 22:15,29,9,20,0,0,0
2020-05-18 22:30,28,10,18,0,0,0
2020-05-18 22:45,21,6,15,0,0,0
2020-05-18 23:00,11,2,9,0,0,0
2020-05-18 23:15,22,7,15,0,0,0
2020-05-18 23:30,11,1,10,0,0,0
2020-05-18 23:45,12,6,6,0,0,0
2020-05-19 00:00,10,2,8,0,0,0
2020-05-19 00:15,6,4,2,0,0,0
2020-05-19 00:30,6,2,4,0,0,0
2020-05-19 00:45,5,2,3,0,0,0
2020-05-19 01:00,5,2,3,0,0,0
2020-05-19 01:15,2,0,2,0,0,0
2020-05-19 01:30,2,0,2,0,0,0
2020-05-19 01:45,1,1,0,0,0,0
2020-05-19 02:00,1,0,1,0,0,0
2020-05-19 02:15,0,0,0,0,0,0
2020-05-19 02:30,0,0,0,0,0,0
2020-05-19 02:45,0,0,0,0,0,0
2020-05-19 03:00,0,0,0,0,0,0
2020-05-19 03:15,1,0,1,0,0,0
2020-05-19 03:30,2,1,1,0,0,0
2020-05-19 03:45,1,1,0,0,0,0
2020-05-19 04:00,2,2,0,0,0,0
2020-05-19 04:15,3,1,2,0,0,0
2020-05-19 04:30,3,3,0,0,0,0
2020-05-19 04:45,6,2,4,0,0,0
2020-05-19 05:00,6,5,1,0,0,0
2020-05-19 05:15,6,2,4,0,0,0
2020-05-19 05:30,23,21,2,0,0,0
2020-05-19 05:45,24,19,5,0,0,0
2020-05-19 06:00,35,25,10,0,0,0
2020-05-19 06:15,39,31,8,0,0,0
2020-05-19 06:30,44,31,13,0,0,0
2020-05-19 06:45,63,45,18,0,0,0
2020-05-19 07:00,95,55,40,0,0,0
2020-05-19 07:15,107,65,42,0,0,0
2020-05-19 07:30,122,88,34,0,0,0
2020-05-19 07:45,153,95,58,0,0,0
2020-05-19 08:00,91,66,25,0,0,0
2020-05-19 08:15,121,79,42,0,0,0
2020-05-19 08:30,103,74,29,0,0,0
2020-05-19 08:45,129,87,42,0,0,0
2020-05-19 09:00,112,73,39,0,0,0
2020-05-19 09:15,101,65,36,0,0,0
2020-05-19 09:30,107,72,35,0,0,0
2020-05-19 09:45,145,106,39,0,0,0
2020-05-19 10:00,84,50,34,0,0,0
2020-05-19 10:15,104,58,46,0,0,0
2020-05-19 10:30,93,56,37,0,0,0
2020-05-19 10:45,147,85,62,0,0,0
2020-05-19 11:00,126,63,63,0,0,0
2020-05-19 11:15,133,63,70,0,0,0
2020-05-19 11:30,148,64,84,0,0,0
2020-05-19 11:45,155,69,86,0,0,0
2020-05-19 12:00,142,61,81,0,0,0
2020-05-19 12:15,164,58,106,0,0,0
2020-05-19 12:30,137,61,76,0,0,0
2020-05-19 12:45,143,70,73,0,0,0
2020-05-19 13:00,135,55,80,0,0,0
2020-05-19 13:15,157,64,93,0,0,0
2020-05-19 13:30,151,68,83,0,0,0
2020-05-19 13:45,165,84,81,0,0,0
2020-05-19 14:00,162,75,87,0,0,0
2020-05-19 14:15,136,63,73,0,0,0
2020-05-19 14:30,158,60,98,0,0,0
2020-05-19 14:45,166,82,84,0,0,0
2020-05-19 15:00,158,69,89,0,0,0
2020-05-19 15:15,180,76,104,0,0,0
2020-05-19 15:30,191,87,104,0,0,0
2020-05-19 15:45,207,89,118,0,0,0
2020-05-19 16:00,206,81,125,0,0,0
2020-05-19 16:15,202,83,119,0,0,0
2020-05-19 16:30,199,78,121,0,0,0
2020-05-19 16:45,217,100,117,0,0,0
2020-05-19 17:00,214,74,140,0,0,0
2020-05-19 17:15,221,80,141,0,0,0
2020-05-19 17:30,229,66,163,0,0,0
2020-05-19 17:45,197,87,110,0,0,0
2020-05-19 18:00,200,71,129,0,0,0
2020-05-19 18:15,155,43,112,0,0,0
2020-05-19 18:30,154,51,103,0,0,0
2020-05-19 18:45,136,54,82,0,0,0
2020-05-19 19:00,124,45,79,0,0,0
2020-05-19 19:15,119,42,77,0,0,0
2020-05-19 19:30,77,28,49,0,0,0
2020-05-19 19:45,85,36,49,0,0,0
2020-05-19 20:00,82,29,53,0,0,0
2020-05-19 20:15,72,25,47,0,0,0
2020-05-19 20:30,32,11,21,0,0,0
2020-05-19 20:45,40,17,23,0,0,0
2020-05-19 21:00,47,17,30,0,0,0
2020-05-19 21:15,39,17,22,0,0,0
2020-05-19 21:30,29,7,22,0,0,0
2020-05-19 21:45,43,16,27,0,0,0
2020-05-19 22:00,30,11,19,0,0,0
2020-05-19 22:15,32,8,24,0,0,0
2020-05-19 22:30,17,4,13,0,0,0
2020-05-19 22:45,15,7,8,0,0,0
2020-05-19 23:00,20,10,10,0,0,0
2020-05-19 23:15,24,5,19,0,0,0
2020-05-19 23:30,16,5,11,0,0,0
2020-05-19 23:45,13,5,8,0,0,0
2020-05-20 00:00,11,6,5,0,0,0
2020-05-20 00:15,9,4,5,0,0,0
2020-05-20 00:30,8,2,6,0,0,0
2020-05-20 00:45,8,1,7,0,0,0
2020-05-20 01:00,4,4,0,0,0,0
2020-05-20 01:15,3,1,2,0,0,0
2020-05-20 01:30,2,0,2,0,0,0
2020-05-20 01:45,2,0,2,0,0,0
2020-05-20 02:00,0,0,0,0,0,0
2020-05-20 02:15,1,0,1,0,0,0
2020-05-20 02:30,2,2,0,0,0,0
2020-05-20 02:45,2,1,1,0,0,0
2020-05-20 03:00,0,0,0,0,0,0
2020-05-20 03:15,0,0,0,0,0,0
2020-05-20 03:30,0,0,0,0,0,0
2020-05-20 03:45,0,0,0,0,0,0
2020-05-20 04:00,2,2,0,0,0,0
2020-05-20 04:15,1,0,1,0,0,0
2020-05-20 04:30,6,2,4,0,0,0
2020-05-20 04:45,7,4,3,0,0,0
2020-05-20 05:00,4,3,1,0,0,0
2020-05-20 05:15,8,4,4,0,0,0
2020-05-20 05:30,23,19,4,0,0,0
2020-05-20 05:45,24,18,6,0,0,0
2020-05-20 06:00,33,21,12,0,0,0
2020-05-20 06:15,39,30,9,0,0,0
2020-05-20 06:30,42,30,12,0,0,0
2020-05-20 06:45,61,41,20,0,0,0
2020-05-20 07:00,74,49,25,0,0,0
2020-05-20 07:15,92,69,23,0,0,0
2020-05-20 07:30,135,87,48,0,0,0
2020-05-20 07:45,156,102,54,0,0,0
2020-05-20 08:00,109,64,45,0,0,0
2020-05-20 08:15,142,86,56,0,0,0
2020-05-20 08:30,139,83,56,0,0,0
2020-05-20 08:45,138,96,42,0,0,0
2020-05-20 09:00,93,67,26,0,0,0
2020-05-20 09:15,109,69,40,0,0,0
2020-05-20 09:30,108,69,39,0,0,0
2020-05-20 09:45,138,77,61,0,0,0
2020-05-20 10:00,134,75,59,0,0,0
2020-05-20 10:15,136,80,56,0,0,0
2020-05-20 10:30,159,76,83,0,0,0
2020-05-20 10:45,157,88,69,0,0,0
2020-05-20 11:00,149,65,84,0,0,0
2020-05-20 11:15,155,69,86,0,0,0
2020-05-20 11:30,200,91,109,0,0,0
2020-05-20 11:45,181,80,101,0,0,0
2020-05-20 12:00,170,83,87,0,0,0
2020-05-20 12:15,176,79,97,0,0,0
2020-05-20 12:30,172,77,95,0,0,0
2020-05-20 12:45,156,63,93,0,0,0
2020-05-20 13:00,161,63,98,0,0,0
2020-05-20 13:15,166,73,93,0,0,0
2020-05-20 13:30,161,70,91,0,0,0
2020-05-20 13:45,170,70,100,0,0,0
2020-05-20 14:00,165,56,109,0,0,0
2020-05-20 14:15,146,56,90,0,0,0
2020-05-20 14:30,144,60,84,0,0,0
2020-05-20 14:45,178,76,102,0,0,0
2020-05-20 15:00,174,69,105,0,0,0
2020-05-20 15:15,182,67,115,0,0,0
2020-05-20 15:30,158,54,104,0,0,0
2020-05-20 15:45,180,78,102,0,0,0
2020-05-20 16:00,181,65,116,0,0,0
2020-05-20 16:15,221,78,143,0,0,0
2020-05-20 16:30,172,57,115,0,0,0
2020-05-20 16:45,202,93,109,0,0,0
2020-05-20 17:00,185,81,104,0,0,0
2020-05-20 17:15,148,59,89,0,0,0
2020-05-20 17:30,198,73,125,0,0,0
2020-05-20 17:45,185,69,116,0,0,0
2020-05-20 18:00,188,60,128,0,0,0
2020-05-20 18:15,181,70,111,0,0,0
2020-05-20 18:30,133,37,96,0,0,0
2020-05-20 18:45,139,62,77,0,0,0
2020-05-20 19:00,119,41,78,0,0,0
2020-05-20 19:15,130,48,82,0,0,0
2020-05-20 19:30,111,32,79,0,0,0
2020-05-20 19:45,87,31,56,0,0,0
2020-05-20 20:00,77,34,43,0,0,0
2020-05-20 20:15,69,28,41,0,0,0
2020-05-20 20:30,48,20,28,0,0,0
2020-05-20 20:45,40,11,29,0,0,0
2020-05-20 21:00,65,19,46,0,0,0
2020-05-20 21:15,35,10,25,0,0,0
2020-05-20 21:30,49,22,27,0,0,0
2020-05-20 21:45,44,10,34,0,0,0
2020-05-20 22:00,39,19,20,0,0,0
2020-05-20 22:15,34,12,22,0,0,0
2020-05-20 22:30,37,10,27,0,0,0
2020-05-20 22:45,32,11,21,0,0,0
2020-05-20 23:00,37,15,22,0,0,0
2020-05-20 23:15,24,9,15,0,0,0
2020-05-20 23:30,32,11,21,0,0,0
2020-05-20 23:45,27,10,17,0,0,0
2020-05-21 00:00,27,11,16,0,0,0
2020-05-21 00:15,18,5,13,0,0,0
2020-05-21 00:30,27,12,15,0,0,0
2020-05-21 00:45,13,5,8,0,0,0
2020-05-21 01:00,21,7,14,0,0,0
2020-05-21 01:15,12,1,11,0,0,0
2020-05-21 01:30,12,5,7,0,0,0
2020-05-21 01:45,7,4,3,0,0,0
2020-05-21 02:00,5,2,3,0,0,0
2020-05-21 02:15,2,0,2,0,0,0
2020-05-21 02:30,4,4,0,0,0,0
2020-05-21 02:45,1,0,1,0,0,0
2020-05-21 03:00,5,4,1,0,0,0
2020-05-21 03:15,2,2,0,0,0,0
2020-05-21 03:30,11,5,6,0,0,0
2020-05-21 03:45,2,0,2,0,0,0
2020-05-21 04:00,4,3,1,0,0,0
2020-05-21 04:15,0,0,0,0,0,0
2020-05-21 04:30,3,1,2,0,0,0
2020-05-21 04:45,2,1,1,0,0,0
2020-05-21 05:00,0,0,0,0,0,0
2020-05-21 05:15,3,1,2,0,0,0
2020-05-21 05:30,13,4,9,0,0,0
2020-05-21 05:45,2,2,0,0,0,0
2020-05-21 06:00,3,3,0,0,0,0
2020-05-21 06:15,1,0,1,0,0,0
2020-05-21 06:30,5,2,3,0,0,0
2020-05-21 06:45,4,2,2,0,0,0
2020-05-21 07:00,3,0,3,0,0,0
2020-05-21 07:15,6,4,2,0,0,0
2020-05-21 07:30,10,6,4,0,0,0
2020-05-21 07:45,15,10,5,0,0,0
2020-05-21 08:00,9,6,3,0,0,0
2020-05-21 08:15,16,12,4,0,0,0
2020-05-21 08:30,24,16,8,0,0,0
2020-05-21 08:45,22,16,6,0,0,0
2020-05-21 09:00,24,11,13,0,0,0
2020-05-21 09:15,30,14,16,0,0,0
2020-05-21 09:30,34,21,13,0,0,0
2020-05-21 09:45,42,25,17,0,0,0
2020-05-21 10:00,31,18,13,0,0,0
2020-05-21 10:15,48,20,28,0,0,0
2020-05-21 10:30,52,34,18,0,0,0
2020-05-21 10:45,64,36,28,0,0,0
2020-05-21 11:00,51,32,19,0,0,0
2020-05-21 11:15,56,28,28,0,0,0
2020-05-21 11:30,62,22,40,0,0,0
2020-05-21 11:45,67,33,34,0,0,0
2020-05-21 12:00,66,26,40,0,0,0
2020-05-21 12:15,56,34,22,0,0,0
2020-05-21 12:30,80,47,33,0,0,0
2020-05-21 12:45,75,43,32,0,0,0
2020-05-21 13:00,61,27,34,0,0,0
2020-05-21 13:15,104,58,46,0,0,0
2020-05-21 13:30,78,34,44,0,0,0
2020-05-21 13:45,99,52,47,0,0,0
2020-05-21 14:00,93,46,47,0,0,0
2020-05-21 14:15,113,51,62,0,0,0
2020-05-21 14:30,101,53,48,0,0,0
2020-05-21 14:45,83,47,36,0,0,0
2020-05-21 15:00,103,38,65,0,0,0
2020-05-21 15:15,95,50,45,0,0,0
2020-05-21 15:30,77,37,40,0,0,0
2020-05-21 15:45,121,52,69,0,0,0
2020-05-21 16:00,85,42,43,0,0,0
2020-05-21 16:15,102,43,59,0,0,0
2020-05-21 16:30,85,37,48,0,0,0
2020-05-21 16:45,102,39,63,0,0,0
2020-05-21 17:00,78,23,55,0,0,0
2020-05-21 17:15,92,38,54,0,0,0
2020-05-21 17:30,103,34,69,0,0,0
2020-05-21 17:45,108,47,61,0,0,0
2020-05-21 18:00,117,37,80,0,0,0
2020-05-21 18:15,94,42,52,0,0,0
2020-05-21 18:30,62,24,38,0,0,0
2020-05-21 18:45,98,50,48,0,0,0
2020-05-21 19:00,86,30,56,0,0,0
2020-05-21 19:15,85,48,37,0,0,0
2020-05-21 19:30,97,31,66,0,0,0
2020-05-21 19:45,71,38,33,0,0,0
2020-05-21 20:00,69,18,51,0,0,0
2020-05-21 20:15,54,20,34,0,0,0
2020-05-21 20:30,63,27,36,0,0,0
2020-05-21 20:45,59,29,30,0,0,0
2020-05-21 21:00,45,14,31,0,0,0
2020-05-21 21:15,53,26,27,0,0,0
2020-05-21 21:30,34,15,19,0,0,0
2020-05-21 21:45,50,24,26,0,0,0
2020-05-21 22:00,37,13,24,0,0,0
2020-05-21 22:15,38,16,22,0,0,0
2020-05-21 22:30,19,3,16,0,0,0
2020-05-21 22:45,23,5,18,0,0,0
2020-05-21 23:00,25,7,18,0,0,0
2020-05-21 23:15,18,9,9,0,0,0
2020-05-21 23:30,20,3,17,0,0,0
2020-05-21 23:45,36,17,19,0,0,0
2020-05-22 00:00,22,8,14,0,0,0
2020-05-22 00:15,18,4,14,0,0,0
2020-05-22 00:30,15,4,11,0,0,0
2020-05-22 00:45,14,9,5,0,0,0
2020-05-22 01:00,3,3,0,0,0,0
2020-05-22 01:15,12,2,10,0,0,0
2020-05-22 01:30,1,0,1,0,0,0
2020-05-22 01:45,7,5,2,0,0,0
2020-05-22 02:00,3,1,2,0,0,0
2020-05-22 02:15,2,1,1,0,0,0
2020-05-22 02:30,7,3,4,0,0,0
2020-05-22 02:45,2,0,2,0,0,0
2020-05-22 03:00,1,1,0,0,0,0
2020-05-22 03:15,3,0,3,0,0,0
2020-05-22 03:30,0,0,0,0,0,0
2020-05-22 03:45,4,1,3,0,0,0
2020-05-22 04:00,2,2,0,0,0,0
2020-05-22 04:15,0,0,0,0,0,0
2020-05-22 04:30,5,3,2,0,0,0
2020-05-22 04:45,6,3,3,0,0,0
2020-05-22 05:00,2,1,1,0,0,0
2020-05-22 05:15,7,3,4,0,0,0
2020-05-22 05:30,10,6,4,0,0,0
2020-05-22 05:45,12,11,1,0,0,0
2020-05-22 06:00,16,11,5,0,0,0
2020-05-22 06:15,31,18,13,0,0,0
2020-05-22 06:30,17,10,7,0,0,0
2020-05-22 06:45,40,24,16,0,0,0
2020-05-22 07:00,34,24,10,0,0,0
2020-05-22 07:15,52,30,22,0,0,0
2020-05-22 07:30,59,40,19,0,0,0
2020-05-22 07:45,72,42,30,0,0,0
2020-05-22 08:00,46,28,18,0,0,0
2020-05-22 08:15,71,45,26,0,0,0
2020-05-22 08:30,70,54,16,0,0,0
2020-05-22 08:45,79,58,21,0,0,0
2020-05-22 09:00,74,46,28,0,0,0
2020-05-22 09:15,81,46,35,0,0,0
2020-05-22 09:30,87,52,35,0,0,0
2020-05-22 09:45,108,62,46,0,0,0
2020-05-22 10:00,101,63,38,0,0,0
2020-05-22 10:15,104,59,45,0,0,0
2020-05-22 10:30,117,68,49,0,0,0
2020-05-22 10:45,138,85,53,0,0,0
2020-05-22 11:00,121,66,55,0,0,0
2020-05-22 11:15,133,71,62,0,0,0
2020-05-22 11:30,156,71,85,0,0,0
2020-05-22 11:45,157,76,81,0,0,0
2020-05-22 12:00,138,60,78,0,0,0
2020-05-22 12:15,143,70,73,0,0,0
2020-05-22 12:30,181,87,94,0,0,0
2020-05-22 12:45,147,59,88,0,0,0
2020-05-22 13:00,153,65,88,0,0,0
2020-05-22 13:15,153,73,80,0,0,0
2020-05-22 13:30,171,92,79,0,0,0
2020-05-22 13:45,161,72,89,0,0,0
2020-05-22 14:00,146,63,83,0,0,0
2020-05-22 14:15,191,76,115,0,0,0
2020-05-22 14:30,170,90,80,0,0,0
2020-05-22 14:45,174,74,100,0,0,0
2020-05-22 15:00,150,65,85,0,0,0
2020-05-22 15:15,145,59,86,0,0,0
2020-05-22 15:30,141,74,67,0,0,0
2020-05-22 15:45,171,63,108,0,0,0
2020-05-22 16:00,164,67,97,0,0,0
2020-05-22 16:15,142,65,77,0,0,0
2020-05-22 16:30,89,19,70,0,0,0
2020-05-22 16:45,118,22,96,0,0,0
2020-05-22 17:00,121,46,75,0,0,0
2020-05-22 17:15,147,52,95,0,0,0
2020-05-22 17:30,106,52,54,0,0,0
2020-05-22 17:45,103,41,62,0,0,0
2020-05-22 18:00,112,31,81,0,0,0
2020-05-22 18:15,103,31,72,0,0,0
2020-05-22 18:30,88,26,62,0,0,0
2020-05-22 18:45,118,41,77,0,0,0
2020-05-22 19:00,102,35,67,0,0,0
2020-05-22 19:15,84,38,46,0,0,0
2020-05-22 19:30,54,31,23,0,0,0
2020-05-22 19:45,71,26,45,0,0,0
2020-05-22 20:00,56,17,39,0,0,0
2020-05-22 20:15,63,31,32,0,0,0
2020-05-22 20:30,41,20,21,0,0,0
2020-05-22 20:45,44,14,30,0,0,0
2020-05-22 21:00,30,14,16,0,0,0
2020-05-22 21:15,41,18,23,0,0,0
2020-05-22 21:30,29,11,18,0,0,0
2020-05-22 21:45,32,9,23,0,0,0
2020-05-22 22:00,30,12,18,0,0,0
2020-05-22 22:15,30,2,28,0,0,0
2020-05-22 22:30,26,5,21,0,0,0
2020-05-22 22:45,24,7,17,0,0,0
2020-05-22 23:00,33,5,28,0,0,0
2020-05-22 23:15,11,3,8,0,0,0
2020-05-22 23:30,16,4,12,0,0,0
2020-05-22 23:45,20,7,13,0,0,0
2020-05-23 00:00,20,11,9,0,0,0
2020-05-23 00:15,28,11,17,0,0,0
2020-05-23 00:30,22,13,9,0,0,0
2020-05-23 00:45,14,7,7,0,0,0
2020-05-23 01:00,8,1,7,0,0,0
2020-05-23 01:15,11,5,6,0,0,0
2020-05-23 01:30,5,2,3,0,0,0
2020-05-23 01:45,12,7,5,0,0,0
2020-05-23 02:00,13,3,10,0,0,0
2020-05-23 02:15,7,0,7,0,0,0
2020-05-23 02:30,4,2,2,0,0,0
2020-05-23 02:45,6,2,4,0,0,0
2020-05-23 03:00,1,1,0,0,0,0
2020-05-23 03:15,4,1,3,0,0,0
2020-05-23 03:30,3,0,3,0,0,0
2020-05-23 03:45,2,1,1,0,0,0
2020-05-23 04:00,2,2,0,0,0,0
2020-05-23 04:15,5,2,3,0,0,0
2020-05-23 04:30,7,5,2,0,0,0
2020-05-23 04:45,2,1,1,0,0,0
2020-05-23 05:00,0,0,0,0,0,0
2020-05-23 05:15,7,3,4,0,0,0
2020-05-23 05:30,7,5,2,0,0,0
2020-05-23 05:45,8,8,0,0,0,0
2020-05-23 06:00,7,4,3,0,0,0
2020-05-23 06:15,7,5,2,0,0,0
2020-05-23 06:30,9,4,5,0,0,0
2020-05-23 06:45,11,5,6,0,0,0
2020-05-23 07:00,17,14,3,0,0,0
2020-05-23 07:15,23,17,6,0,0,0
2020-05-23 07:30,29,17,12,0,0,0
2020-05-23 07:45,35,17,18,0,0,0
2020-05-23 08:00,20,13,7,0,0,0
2020-05-23 08:15,39,28,11,0,0,0
2020-05-23 08:30,54,26,28,0,0,0
2020-05-23 08:45,67,41,26,0,0,0
2020-05-23 09:00,54,43,11,0,0,0
2020-05-23 09:15,74,45,29,0,0,0
2020-05-23 09:30,91,60,31,0,0,0
2020-05-23 09:45,107,66,41,0,0,0
2020-05-23 10:00,110,70,40,0,0,0
2020-05-23 10:15,128,92,36,0,0,0
2020-05-23 10:30,100,43,57,0,0,0
2020-05-23 10:45,139,89,50,0,0,0
2020-05-23 11:00,162,101,61,0,0,0
2020-05-23 11:15,159,89,70,0,0,0
2020-05-23 11:30,165,90,75,0,0,0
2020-05-23 11:45,203,116,87,0,0,0
2020-05-23 12:00,189,98,91,0,0,0
2020-05-23 12:15,201,106,95,0,0,0
2020-05-23 12:30,152,78,74,0,0,0
2020-05-23 12:45,188,103,85,0,0,0
2020-05-23 13:00,156,82,74,0,0,0
2020-05-23 13:15,184,81,103,0,0,0
2020-05-23 13:30,164,88,76,0,0,0
2020-05-23 13:45,186,89,97,0,0,0
2020-05-23 14:00,165,75,90,0,0,0
2020-05-23 14:15,184,78,106,0,0,0
2020-05-23 14:30,155,56,99,0,0,0
2020-05-23 14:45,152,78,74,0,0,0
2020-05-23 15:00,174,80,94,0,0,0
2020-05-23 15:15,164,75,89,0,0,0
2020-05-23 15:30,168,72,96,0,0,0
2020-05-23 15:45,153,74,79,0,0,0
2020-05-23 16:00,147,63,84,0,0,0
2020-05-23 16:15,123,70,53,0,0,0
2020-05-23 16:30,139,70,69,0,0,0
2020-05-23 16:45,135,45,90,0,0,0
2020-05-23 17:00,106,44,62,0,0,0
2020-05-23 17:15,103,45,58,0,0,0
2020-05-23 17:30,129,47,82,0,0,0
2020-05-23 17:45,152,67,85,0,0,0
2020-05-23 18:00,127,32,95,0,0,0
2020-05-23 18:15,123,43,80,0,0,0
2020-05-23 18:30,122,46,76,0,0,0
2020-05-23 18:45,132,44,88,0,0,0
2020-05-23 19:00,89,43,46,0,0,0
2020-05-23 19:15,83,29,54,0,0,0
2020-05-23 19:30,62,34,28,0,0,0
2020-05-23 19:45,66,34,32,0,0,0
2020-05-23 20:00,57,23,34,0,0,0
2020-05-23 20:15,50,25,25,0,0,0
2020-05-23 20:30,48,25,23,0,0,0
2020-05-23 20:45,35,17,18,0,0,0
2020-05-23 21:00,32,12,20,0,0,0
2020-05-23 21:15,40,18,22,0,0,0
2020-05-23 21:30,28,15,13,0,0,0
2020-05-23 21:45,24,10,14,0,0,0
2020-05-23 22:00,40,10,30,0,0,0
2020-05-23 22:15,24,7,17,0,0,0
2020-05-23 22:30,19,6,13,0,0,0
2020-05-23 22:45,26,5,21,0,0,0
2020-05-23 23:00,35,13,22,0,0,0
2020-05-23 23:15,20,9,11,0,0,0
2020-05-23 23:30,15,4,11,0,0,0
2020-05-23 23:45,31,12,19,0,0,0
2020-05-24 00:00,23,6,17,0,0,0
2020-05-24 00:15,23,10,13,0,0,0
2020-05-24 00:30,28,14,14,0,0,0
2020-05-24 00:45,18,6,12,0,0,0
2020-05-24 01:00,17,9,8,0,0,0
2020-05-24 01:15,14,7,7,0,0,0
2020-05-24 01:30,5,0,5,0,0,0
2020-05-24 01:45,15,5,10,0,0,0
2020-05-24 02:00,16,1,15,0,0,0
2020-05-24 02:15,8,6,2,0,0,0
2020-05-24 02:30,6,1,5,0,0,0
2020-05-24 02:45,13,7,6,0,0,0
2020-05-24 03:00,3,1,2,0,0,0
2020-05-24 03:15,4,1,3,0,0,0
2020-05-24 03:30,5,2,3,0,0,0
2020-05-24 03:45,5,1,4,0,0,0
2020-05-24 04:00,7,2,5,0,0,0
2020-05-24 04:15,3,1,2,0,0,0
2020-05-24 04:30,4,0,4,0,0,0
2020-05-24 04:45,4,0,4,0,0,0
2020-05-24 05:00,4,2,2,0,0,0
2020-05-24 05:15,1,1,0,0,0,0
2020-05-24 05:30,4,1,3,0,0,0
2020-05-24 05:45,5,3,2,0,0,0
2020-05-24 06:00,1,1,0,0,0,0
2020-05-24 06:15,7,5,2,0,0,0
2020-05-24 06:30,4,2,2,0,0,0
2020-05-24 06:45,9,5,4,0,0,0
2020-05-24 07:00,7,5,2,0,0,0
2020-05-24 07:15,7,2,5,0,0,0
2020-05-24 07:30,12,8,4,0,0,0
2020-05-24 07:45,9,5,4,0,0,0
2020-05-24 08:00,4,3,1,0,0,0
2020-05-24 08:15,10,5,5,0,0,0
2020-05-24 08:30,10,3,7,0,0,0
2020-05-24 08:45,16,3,13,0,0,0
2020-05-24 09:00,11,4,7,0,0,0
2020-05-24 09:15,17,9,8,0,0,0
2020-05-24 09:30,20,14,6,0,0,0
2020-05-24 09:45,19,13,6,0,0,0
2020-05-24 10:00,35,17,18,0,0,0
2020-05-24 10:15,20,11,9,0,0,0
2020-05-24 10:30,35,12,23,0,0,0
2020-05-24 10:45,46,30,16,0,0,0
2020-05-24 11:00,32,19,13,0,0,0
2020-05-24 11:15,55,30,25,0,0,0
2020-05-24 11:30,44,20,24,0,0,0
2020-05-24 11:45,42,19,23,0,0,0
2020-05-24 12:00,52,27,25,0,0,0
2020-05-24 12:15,39,18,21,0,0,0
2020-05-24 12:30,48,26,22,0,0,0
2020-05-24 12:45,36,17,19,0,0,0
2020-05-24 13:00,50,15,35,0,0,0
2020-05-24 13:15,34,20,14,0,0,0
2020-05-24 13:30,38,23,15,0,0,0
2020-05-24 13:45,32,14,18,0,0,0
2020-05-24 14:00,37,20,17,0,0,0
2020-05-24 14:15,33,9,24,0,0,0
2020-05-24 14:30,32,16,16,0,0,0
2020-05-24 14:45,29,8,21,0,0,0
2020-05-24 15:00,38,14,24,0,0,0
2020-05-24 15:15,35,18,17,0,0,0
2020-05-24 15:30,43,20,23,0,0,0
2020-05-24 15:45,45,22,23,0,0,0
2020-05-24 16:00,38,20,18,0,0,0
2020-05-24 16:15,20,7,13,0,0,0
2020-05-24 16:30,34,15,19,0,0,0
2020-05-24 16:45,47,18,29,0,0,0
2020-05-24 17:00,31,10,21,0,0,0
2020-05-24 17:15,47,16,31,0,0,0
2020-05-24 17:30,31,15,16,0,0,0
2020-05-24 17:45,32,16,16,0,0,0
2020-05-24 18:00,50,29,21,0,0,0
2020-05-24 18:15,39,17,22,0,0,0
2020-05-24 18:30,38,12,26,0,0,0
2020-05-24 18:45,34,11,23,0,0,0
2020-05-24 19:00,38,15,23,0,0,0
2020-05-24 19:15,28,9,19,0,0,0
2020-05-24 19:30,29,11,18,0,0,0
2020-05-24 19:45,29,13,16,0,0,0
2020-05-24 20:00,20,11,9,0,0,0
2020-05-24 20:15,18,13,5,0,0,0
2020-05-24 20:30,12,4,8,0,0,0
2020-05-24 20:45,18,5,13,0,0,0
2020-05-24 21:00,27,13,14,0,0,0
2020-05-24 21:15,17,10,7,0,0,0
2020-05-24 21:30,13,6,7,0,0,0
2020-05-24 21:45,30,11,19,0,0,0
2020-05-24 22:00,16,5,11,0,0,0
2020-05-24 22:15,15,2,13,0,0,0
2020-05-24 22:30,10,3,7,0,0,0
2020-05-24 22:45,10,5,5,0,0,0
2020-05-24 23:00,13,8,5,0,0,0
2020-05-24 23:15,4,2,2,0,0,0
2020-05-24 23:30,8,4,4,0,0,0
2020-05-24 23:45,9,4,5,0,0,0
2020-05-25 00:00,5,3,2,0,0,0
2020-05-25 00:15,3,1,2,0,0,0
2020-05-25 00:30,1,0,1,0,0,0
2020-05-25 00:45,3,2,1,0,0,0
2020-05-25 01:00,1,1,0,0,0,0
2020-05-25 01:15,3,3,0,0,0,0
2020-05-25 01:30,4,0,4,0,0,0
2020-05-25 01:45,2,1,1,0,0,0
2020-05-25 02:00,1,0,1,0,0,0
2020-05-25 02:15,4,1,3,0,0,0
2020-05-25 02:30,1,0,1,0,0,0
2020-05-25 02:45,0,0,0,0,0,0
2020-05-25 03:00,0,0,0,0,0,0
2020-05-25 03:15,0,0,0,0,0,0
2020-05-25 03:30,0,0,0,0,0,0
2020-05-25 03:45,2,1,1,0,0,0
2020-05-25 04:00,2,1,1,0,0,0
2020-05-25 04:15,1,0,1,0,0,0
2020-05-25 04:30,7,5,2,0,0,0
2020-05-25 04:45,2,1,1,0,0,0
2020-05-25 05:00,6,2,4,0,0,0
2020-05-25 05:15,6,3,3,0,0,0
2020-05-25 05:30,13,10,3,0,0,0
2020-05-25 05:45,19,17,2,0,0,0
2020-05-25 06:00,16,8,8,0,0,0
2020-05-25 06:15,39,30,9,0,0,0
2020-05-25 06:30,43,28,15,0,0,0
2020-05-25 06:45,68,44,24,0,0,0
2020-05-25 07:00,77,53,24,0,0,0
2020-05-25 07:15,93,62,31,0,0,0
2020-05-25 07:30,110,74,36,0,0,0
2020-05-25 07:45,124,94,30,0,0,0
2020-05-25 08:00,101,56,45,0,0,0
2020-05-25 08:15,104,70,34,0,0,0
2020-05-25 08:30,102,64,38,0,0,0
2020-05-25 08:45,115,73,42,0,0,0
2020-05-25 09:00,88,58,30,0,0,0
2020-05-25 09:15,106,68,38,0,0,0
2020-05-25 09:30,94,57,37,0,0,0
2020-05-25 09:45,101,58,43,0,0,0
2020-05-25 10:00,70,44,26,0,0,0
2020-05-25 10:15,87,54,33,0,0,0
2020-05-25 10:30,100,52,48,0,0,0
2020-05-25 10:45,137,71,66,0,0,0
2020-05-25 11:00,103,51,52,0,0,0
2020-05-25 11:15,99,48,51,0,0,0
2020-05-25 11:30,132,60,72,0,0,0
2020-05-25 11:45,126,54,72,0,0,0
2020-05-25 12:00,140,53,87,0,0,0
2020-05-25 12:15,124,52,72,0,0,0
2020-05-25 12:30,130,64,66,0,0,0
2020-05-25 12:45,141,52,89,0,0,0
2020-05-25 13:00,131,61,70,0,0,0
2020-05-25 13:15,147,58,89,0,0,0
2020-05-25 13:30,149,52,97,0,0,0
2020-05-25 13:45,142,71,71,0,0,0
2020-05-25 14:00,111,44,67,0,0,0
2020-05-25 14:15,176,72,104,0,0,0
2020-05-25 14:30,140,62,78,0,0,0
2020-05-25 14:45,144,69,75,0,0,0
2020-05-25 15:00,151,66,85,0,0,0
2020-05-25 15:15,176,72,104,0,0,0
2020-05-25 15:30,157,69,88,0,0,0
2020-05-25 15:45,184,87,97,0,0,0
2020-05-25 16:00,210,96,114,0,0,0
2020-05-25 16:15,182,74,108,0,0,0
2020-05-25 16:30,202,75,127,0,0,0
2020-05-25 16:45,171,66,105,0,0,0
2020-05-25 17:00,208,74,134,0,0,0
2020-05-25 17:15,236,89,147,0,0,0
2020-05-25 17:30,201,67,134,0,0,0
2020-05-25 17:45,173,69,104,0,0,0
2020-05-25 18:00,152,46,106,0,0,0
2020-05-25 18:15,183,65,118,0,0,0
2020-05-25 18:30,152,45,107,0,0,0
2020-05-25 18:45,129,40,89,0,0,0
2020-05-25 19:00,125,38,87,0,0,0
2020-05-25 19:15,123,51,72,0,0,0
2020-05-25 19:30,103,35,68,0,0,0
2020-05-25 19:45,78,18,60,0,0,0
2020-05-25 20:00,79,33,46,0,0,0
2020-05-25 20:15,69,26,43,0,0,0
2020-05-25 20:30,71,25,46,0,0,0
2020-05-25 20:45,45,11,34,0,0,0
2020-05-25 21:00,42,14,28,0,0,0
2020-05-25 21:15,47,17,30,0,0,0
2020-05-25 21:30,49,21,28,0,0,0
2020-05-25 21:45,28,14,14,0,0,0
2020-05-25 22:00,45,10,35,0,0,0
2020-05-25 22:15,38,13,25,0,0,0
2020-05-25 22:30,26,12,14,0,0,0
2020-05-25 22:45,16,9,7,0,0,0
2020-05-25 23:00,28,14,14,0,0,0
2020-05-25 23:15,12,7,5,0,0,0
2020-05-25 23:30,15,6,9,0,0,0
2020-05-25 23:45,13,5,8,0,0,0
2020-05-26 00:00,16,6,10,0,0,0
2020-05-26 00:15,4,3,1,0,0,0
2020-05-26 00:30,6,3,3,0,0,0
2020-05-26 00:45,4,4,0,0,0,0
2020-05-26 01:00,4,3,1,0,0,0
2020-05-26 01:15,5,1,4,0,0,0
2020-05-26 01:30,0,0,0,0,0,0
2020-05-26 01:45,5,2,3,0,0,0
2020-05-26 02:00,2,0,2,0,0,0
2020-05-26 02:15,2,1,1,0,0,0
2020-05-26 02:30,0,0,0,0,0,0
2020-05-26 02:45,2,0,2,0,0,0
2020-05-26 03:00,0,0,0,0,0,0
2020-05-26 03:15,0,0,0,0,0,0
2020-05-26 03:30,0,0,0,0,0,0
2020-05-26 03:45,2,2,0,0,0,0
2020-05-26 04:00,2,0,2,0,0,0
2020-05-26 04:15,4,3,1,0,0,0
2020-05-26 04:30,6,4,2,0,0,0
2020-05-26 04:45,4,1,3,0,0,0
2020-05-26 05:00,2,1,1,0,0,0
2020-05-26 05:15,7,4,3,0,0,0
2020-05-26 05:30,17,16,1,0,0,0
2020-05-26 05:45,27,19,8,0,0,0
2020-05-26 06:00,24,20,4,0,0,0
2020-05-26 06:15,42,31,11,0,0,0
2020-05-26 06:30,46,32,14,0,0,0
2020-05-26 06:45,73,54,19,0,0,0
2020-05-26 07:00,85,60,25,0,0,0
2020-05-26 07:15,103,76,27,0,0,0
2020-05-26 07:30,126,79,47,0,0,0
2020-05-26 07:45,148,101,47,0,0,0
2020-05-26 08:00,111,71,40,0,0,0
2020-05-26 08:15,146,97,49,0,0,0
2020-05-26 08:30,126,73,53,0,0,0
2020-05-26 08:45,130,90,40,0,0,0
2020-05-26 09:00,87,48,39,0,0,0
2020-05-26 09:15,99,63,36,0,0,0
2020-05-26 09:30,112,79,33,0,0,0
2020-05-26 09:45,111,74,37,0,0,0
2020-05-26 10:00,112,77,35,0,0,0
2020-05-26 10:15,107,56,51,0,0,0
2020-05-26 10:30,125,63,62,0,0,0
2020-05-26 10:45,149,83,66,0,0,0
2020-05-26 11:00,108,51,57,0,0,0
2020-05-26 11:15,136,78,58,0,0,0
2020-05-26 11:30,113,46,67,0,0,0
2020-05-26 11:45,147,75,72,0,0,0
2020-05-26 12:00,159,59,100,0,0,0
2020-05-26 12:15,146,51,95,0,0,0
2020-05-26 12:30,139,57,82,0,0,0
2020-05-26 12:45,166,78,88,0,0,0
2020-05-26 13:00,143,66,77,0,0,0
2020-05-26 13:15,165,79,86,0,0,0
2020-05-26 13:30,131,68,63,0,0,0
2020-05-26 13:45,180,74,106,0,0,0
2020-05-26 14:00,174,73,101,0,0,0
2020-05-26 14:15,138,55,83,0,0,0
2020-05-26 14:30,157,62,95,0,0,0
2020-05-26 14:45,182,86,96,0,0,0
2020-05-26 15:00,183,85,98,0,0,0
2020-05-26 15:15,168,70,98,0,0,0
2020-05-26 15:30,154,69,85,0,0,0
2020-05-26 15:45,196,90,106,0,0,0
2020-05-26 16:00,222,86,136,0,0,0
2020-05-26 16:15,221,96,125,0,0,0
2020-05-26 16:30,184,66,118,0,0,0
2020-05-26 16:45,233,92,141,0,0,0
2020-05-26 17:00,191,72,119,0,0,0
2020-05-26 17:15,231,93,138,0,0,0
2020-05-26 17:30,191,78,113,0,0,0
2020-05-26 17:45,223,83,140,0,0,0
2020-05-26 18:00,195,71,124,0,0,0
2020-05-26 18:15,223,95,128,0,0,0
2020-05-26 18:30,168,65,103,0,0,0
2020-05-26 18:45,162,66,96,0,0,0
2020-05-26 19:00,133,38,95,0,0,0
2020-05-26 19:15,111,38,73,0,0,0
2020-05-26 19:30,85,31,54,0,0,0
2020-05-26 19:45,92,36,56,0,0,0
2020-05-26 20:00,80,23,57,0,0,0
2020-05-26 20:15,53,16,37,0,0,0
2020-05-26 20:30,63,24,39,0,0,0
2020-05-26 20:45,48,18,30,0,0,0
2020-05-26 21:00,58,24,34,0,0,0
2020-05-26 21:15,49,17,32,0,0,0
2020-05-26 21:30,44,20,24,0,0,0
2020-05-26 21:45,41,17,24,0,0,0
2020-05-26 22:00,52,12,40,0,0,0
2020-05-26 22:15,35,5,30,0,0,0
2020-05-26 22:30,38,15,23,0,0,0
2020-05-26 22:45,34,10,24,0,0,0
2020-05-26 23:00,37,17,20,0,0,0
2020-05-26 23:15,22,3,19,0,0,0
2020-05-26 23:30,16,6,10,0,0,0
2020-05-26 23:45,16,7,9,0,0,0
2020-05-27 00:00,9,1,8,0,0,0
2020-05-27 00:15,8,7,1,0,0,0
2020-05-27 00:30,7,1,6,0,0,0
2020-05-27 00:45,4,3,1,0,0,0
2020-05-27 01:00,7,2,5,0,0,0
2020-05-27 01:15,1,0,1,0,0,0
2020-05-27 01:30,0,0,0,0,0,0
2020-05-27 01:45,1,1,0,0,0,0
2020-05-27 02:00,2,1,1,0,0,0
2020-05-27 02:15,1,0,1,0,0,0
2020-05-27 02:30,4,1,3,0,0,0
2020-05-27 02:45,0,0,0,0,0,0
2020-05-27 03:00,1,0,1,0,0,0
2020-05-27 03:15,0,0,0,0,0,0
2020-05-27 03:30,0,0,0,0,0,0
2020-05-27 03:45,0,0,0,0,0,0
2020-05-27 04:00,2,0,2,0,0,0
2020-05-27 04:15,4,4,0,0,0,0
2020-05-27 04:30,5,4,1,0,0,0
2020-05-27 04:45,6,2,4,0,0,0
2020-05-27 05:00,6,3,3,0,0,0
2020-05-27 05:15,9,6,3,0,0,0
2020-05-27 05:30,17,15,2,0,0,0
2020-05-27 05:45,24,16,8,0,0,0
2020-05-27 06:00,20,16,4,0,0,0
2020-05-27 06:15,45,36,9,0,0,0
2020-05-27 06:30,49,35,14,0,0,0
2020-05-27 06:45,65,44,21,0,0,0
2020-05-27 07:00,92,70,22,0,0,0
2020-05-27 07:15,101,65,36,0,0,0
2020-05-27 07:30,129,81,48,0,0,0
2020-05-27 07:45,137,104,33,0,0,0
2020-05-27 08:00,126,86,40,0,0,0
2020-05-27 08:15,142,85,57,0,0,0
2020-05-27 08:30,138,99,39,0,0,0
2020-05-27 08:45,149,99,50,0,0,0
2020-05-27 09:00,98,63,35,0,0,0
2020-05-27 09:15,123,78,45,0,0,0
2020-05-27 09:30,134,86,48,0,0,0
2020-05-27 09:45,168,110,58,0,0,0
2020-05-27 10:00,121,87,34,0,0,0
2020-05-27 10:15,151,88,63,0,0,0
2020-05-27 10:30,145,79,66,0,0,0
2020-05-27 10:45,179,95,84,0,0,0
2020-05-27 11:00,141,67,74,0,0,0
2020-05-27 11:15,146,82,64,0,0,0
2020-05-27 11:30,159,70,89,0,0,0
2020-05-27 11:45,179,82,97,0,0,0
2020-05-27 12:00,150,73,77,0,0,0
2020-05-27 12:15,160,75,85,0,0,0
2020-05-27 12:30,169,63,106,0,0,0
2020-05-27 12:45,164,84,80,0,0,0
2020-05-27 13:00,171,75,96,0,0,0
2020-05-27 13:15,184,81,103,0,0,0
2020-05-27 13:30,167,76,91,0,0,0
2020-05-27 13:45,191,95,96,0,0,0
2020-05-27 14:00,186,68,118,0,0,0
2020-05-27 14:15,144,66,78,0,0,0
2020-05-27 14:30,190,82,108,0,0,0
2020-05-27 14:45,155,68,87,0,0,0
2020-05-27 15:00,166,58,108,0,0,0
2020-05-27 15:15,163,84,79,0,0,0
2020-05-27 15:30,170,59,111,0,0,0
2020-05-27 15:45,207,92,115,0,0,0
2020-05-27 16:00,176,64,112,0,0,0
2020-05-27 16:15,178,67,111,0,0,0
2020-05-27 16:30,181,74,107,0,0,0
2020-05-27 16:45,231,100,131,0,0,0
2020-05-27 17:00,178,76,102,0,0,0
2020-05-27 17:15,188,67,121,0,0,0
2020-05-27 17:30,211,82,129,0,0,0
2020-05-27 17:45,203,76,127,0,0,0
2020-05-27 18:00,200,71,129,0,0,0
2020-05-27 18:15,155,60,95,0,0,0
2020-05-27 18:30,141,43,98,0,0,0
2020-05-27 18:45,167,63,104,0,0,0
2020-05-27 19:00,124,40,84,0,0,0
2020-05-27 19:15,108,33,75,0,0,0
2020-05-27 19:30,107,34,73,0,0,0
2020-05-27 19:45,126,48,78,0,0,0
2020-05-27 20:00,124,43,81,0,0,0
2020-05-27 20:15,58,21,37,0,0,0
2020-05-27 20:30,62,24,38,0,0,0
2020-05-27 20:45,68,20,48,0,0,0
2020-05-27 21:00,50,19,31,0,0,0
2020-05-27 21:15,63,25,38,0,0,0
2020-05-27 21:30,49,21,28,0,0,0
2020-05-27 21:45,46,15,31,0,0,0
2020-05-27 22:00,48,15,33,0,0,0
2020-05-27 22:15,42,23,19,0,0,0
2020-05-27 22:30,37,21,16,0,0,0
2020-05-27 22:45,23,6,17,0,0,0
2020-05-27 23:00,34,17,17,0,0,0
2020-05-27 23:15,26,8,18,0,0,0
2020-05-27 23:30,10,3,7,0,0,0
2020-05-27 23:45,16,7,9,0,0,0
2020-05-28 00:00,22,14,8,0,0,0
2020-05-28 00:15,9,6,3,0,0,0
2020-05-28 00:30,9,5,4,0,0,0
2020-05-28 00:45,6,1,5,0,0,0
2020-05-28 01:00,1,1,0,0,0,0
2020-05-28 01:15,6,1,5,0,0,0
2020-05-28 01:30,5,3,2,0,0,0
2020-05-28 01:45,6,6,0,0,0,0
2020-05-28 02:00,2,2,0,0,0,0
2020-05-28 02:15,5,0,5,0,0,0
2020-05-28 02:30,2,1,1,0,0,0
2020-05-28 02:45,1,0,1,0,0,0
2020-05-28 03:00,3,2,1,0,0,0
2020-05-28 03:15,0,0,0,0,0,0
2020-05-28 03:30,0,0,0,0,0,0
2020-05-28 03:45,0,0,0,0,0,0
2020-05-28 04:00,3,2,1,0,0,0
2020-05-28 04:15,2,2,0,0,0,0
2020-05-28 04:30,4,3,1,0,0,0
2020-05-28 04:45,6,3,3,0,0,0
2020-05-28 05:00,7,6,1,0,0,0
2020-05-28 05:15,7,2,5,0,0,0
2020-05-28 05:30,21,17,4,0,0,0
2020-05-28 05:45,23,21,2,0,0,0
2020-05-28 06:00,18,12,6,0,0,0
2020-05-28 06:15,39,31,8,0,0,0
2020-05-28 06:30,44,33,11,0,0,0
2020-05-28 06:45,61,35,26,0,0,0
2020-05-28 07:00,92,66,26,0,0,0
2020-05-28 07:15,100,68,32,0,0,0
2020-05-28 07:30,116,72,44,0,0,0
2020-05-28 07:45,140,104,36,0,0,0
2020-05-28 08:00,113,60,53,0,0,0
2020-05-28 08:15,129,80,49,0,0,0
2020-05-28 08:30,135,97,38,0,0,0
2020-05-28 08:45,132,81,51,0,0,0
2020-05-28 09:00,106,71,35,0,0,0
2020-05-28 09:15,124,74,50,0,0,0
2020-05-28 09:30,127,90,37,0,0,0
2020-05-28 09:45,146,96,50,0,0,0
2020-05-28 10:00,101,64,37,0,0,0
2020-05-28 10:15,129,70,59,0,0,0
2020-05-28 10:30,121,65,56,0,0,0
2020-05-28 10:45,154,82,72,0,0,0
2020-05-28 11:00,117,73,44,0,0,0
2020-05-28 11:15,151,89,62,0,0,0
2020-05-28 11:30,142,59,83,0,0,0
2020-05-28 11:45,142,68,74,0,0,0
2020-05-28 12:00,146,81,65,0,0,0
2020-05-28 12:15,143,60,83,0,0,0
2020-05-28 12:30,151,58,93,0,0,0
2020-05-28 12:45,180,93,87,0,0,0
2020-05-28 13:00,164,79,85,0,0,0
2020-05-28 13:15,189,82,107,0,0,0
2020-05-28 13:30,156,81,75,0,0,0
2020-05-28 13:45,185,79,106,0,0,0
2020-05-28 14:00,153,62,91,0,0,0
2020-05-28 14:15,165,75,90,0,0,0
2020-05-28 14:30,175,90,85,0,0,0
2020-05-28 14:45,198,115,83,0,0,0
2020-05-28 15:00,192,85,107,0,0,0
2020-05-28 15:15,190,96,94,0,0,0
2020-05-28 15:30,226,113,113,0,0,0
2020-05-28 15:45,197,100,97,0,0,0
2020-05-28 16:00,228,94,134,0,0,0
2020-05-28 16:15,237,121,116,0,0,0
2020-05-28 16:30,225,96,129,0,0,0
2020-05-28 16:45,207,91,116,0,0,0
2020-05-28 17:00,211,80,131,0,0,0
2020-05-28 17:15,213,77,136,0,0,0
2020-05-28 17:30,175,70,105,0,0,0
2020-05-28 17:45,207,73,134,0,0,0
2020-05-28 18:00,184,65,119,0,0,0
2020-05-28 18:15,201,60,141,0,0,0
2020-05-28 18:30,155,46,109,0,0,0
2020-05-28 18:45,149,60,89,0,0,0
2020-05-28 19:00,155,39,116,0,0,0
2020-05-28 19:15,117,51,66,0,0,0
2020-05-28 19:30,94,36,58,0,0,0
2020-05-28 19:45,105,45,60,0,0,0
2020-05-28 20:00,90,23,67,0,0,0
2020-05-28 20:15,60,24,36,0,0,0
2020-05-28 20:30,59,22,37,0,0,0
2020-05-28 20:45,53,22,31,0,0,0
2020-05-28 21:00,63,22,41,0,0,0
2020-05-28 21:15,49,18,31,0,0,0
2020-05-28 21:30,45,17,28,0,0,0
2020-05-28 21:45,50,22,28,0,0,0
2020-05-28 22:00,48,24,24,0,0,0
2020-05-28 22:15,41,12,29,0,0,0
2020-05-28 22:30,40,16,24,0,0,0
2020-05-28 22:45,35,13,22,0,0,0
2020-05-28 23:00,44,19,25,0,0,0
2020-05-28 23:15,19,4,15,0,0,0
2020-05-28 23:30,16,4,12,0,0,0
2020-05-28 23:45,8,3,5,0,0,0
2020-05-29 00:00,12,5,7,0,0,0
2020-05-29 00:15,19,5,14,0,0,0
2020-05-29 00:30,4,4,0,0,0,0
2020-05-29 00:45,8,5,3,0,0,0
2020-05-29 01:00,6,1,5,0,0,0
2020-05-29 01:15,4,3,1,0,0,0
2020-05-29 01:30,2,2,0,0,0,0
2020-05-29 01:45,4,1,3,0,0,0
2020-05-29 02:00,3,3,0,0,0,0
2020-05-29 02:15,2,2,0,0,0,0
2020-05-29 02:30,1,0,1,0,0,0
2020-05-29 02:45,0,0,0,0,0,0
2020-05-29 03:00,0,0,0,0,0,0
2020-05-29 03:15,2,0,2,0,0,0
2020-05-29 03:30,0,0,0,0,0,0
2020-05-29 03:45,1,1,0,0,0,0
2020-05-29 04:00,1,0,1,0,0,0
2020-05-29 04:15,2,2,0,0,0,0
2020-05-29 04:30,2,2,0,0,0,0
2020-05-29 04:45,6,3,3,0,0,0
2020-05-29 05:00,2,0,2,0,0,0
2020-05-29 05:15,5,4,1,0,0,0
2020-05-29 05:30,18,13,5,0,0,0
2020-05-29 05:45,20,18,2,0,0,0
2020-05-29 06:00,28,23,5,0,0,0
2020-05-29 06:15,38,29,9,0,0,0
2020-05-29 06:30,44,27,17,0,0,0
2020-05-29 06:45,68,44,24,0,0,0
2020-05-29 07:00,71,52,19,0,0,0
2020-05-29 07:15,110,78,32,0,0,0
2020-05-29 07:30,106,58,48,0,0,0
2020-05-29 07:45,117,84,33,0,0,0
2020-05-29 08:00,110,70,40,0,0,0
2020-05-29 08:15,125,84,41,0,0,0
2020-05-29 08:30,109,70,39,0,0,0
2020-05-29 08:45,118,72,46,0,0,0
2020-05-29 09:00,92,59,33,0,0,0
2020-05-29 09:15,102,49,53,0,0,0
2020-05-29 09:30,114,78,36,0,0,0
2020-05-29 09:45,145,85,60,0,0,0
2020-05-29 10:00,127,80,47,0,0,0
2020-05-29 10:15,103,66,37,0,0,0
2020-05-29 10:30,133,80,53,0,0,0
2020-05-29 10:45,169,87,82,0,0,0
2020-05-29 11:00,158,77,81,0,0,0
2020-05-29 11:15,161,83,78,0,0,0
2020-05-29 11:30,146,62,84,0,0,0
2020-05-29 11:45,157,70,87,0,0,0
2020-05-29 12:00,165,63,102,0,0,0
2020-05-29 12:15,160,73,87,0,0,0
2020-05-29 12:30,173,85,88,0,0,0
2020-05-29 12:45,153,68,85,0,0,0
2020-05-29 13:00,157,58,99,0,0,0
2020-05-29 13:15,198,86,112,0,0,0
2020-05-29 13:30,155,73,82,0,0,0
2020-05-29 13:45,156,77,79,0,0,0
2020-05-29 14:00,177,59,118,0,0,0
2020-05-29 14:15,188,71,117,0,0,0
2020-05-29 14:30,182,81,101,0,0,0
2020-05-29 14:45,198,76,122,0,0,0
2020-05-29 15:00,178,69,109,0,0,0
2020-05-29 15:15,155,62,93,0,0,0
2020-05-29 15:30,182,90,92,0,0,0
2020-05-29 15:45,197,92,105,0,0,0
2020-05-29 16:00,198,81,117,0,0,0
2020-05-29 16:15,189,94,95,0,0,0
2020-05-29 16:30,212,79,133,0,0,0
2020-05-29 16:45,168,82,86,0,0,0
2020-05-29 17:00,186,89,97,0,0,0
2020-05-29 17:15,163,71,92,0,0,0
2020-05-29 17:30,160,76,84,0,0,0
2020-05-29 17:45,174,69,105,0,0,0
2020-05-29 18:00,153,52,101,0,0,0
2020-05-29 18:15,169,67,102,0,0,0
2020-05-29 18:30,134,55,79,0,0,0
2020-05-29 18:45,155,72,83,0,0,0
2020-05-29 19:00,143,67,76,0,0,0
2020-05-29 19:15,116,46,70,0,0,0
2020-05-29 19:30,126,58,68,0,0,0
2020-05-29 19:45,93,45,48,0,0,0
2020-05-29 20:00,117,31,86,0,0,0
2020-05-29 20:15,107,35,72,0,0,0
2020-05-29 20:30,58,19,39,0,0,0
2020-05-29 20:45,69,26,43,0,0,0
2020-05-29 21:00,64,22,42,0,0,0
2020-05-29 21:15,67,24,43,0,0,0
2020-05-29 21:30,61,21,40,0,0,0
2020-05-29 21:45,59,18,41,0,0,0
2020-05-29 22:00,37,10,27,0,0,0
2020-05-29 22:15,49,13,36,0,0,0
2020-05-29 22:30,53,11,42,0,0,0
2020-05-29 22:45,56,19,37,0,0,0
2020-05-29 23:00,40,15,25,0,0,0
2020-05-29 23:15,36,13,23,0,0,0
2020-05-29 23:30,40,19,21,0,0,0
2020-05-29 23:45,22,9,13,0,0,0
2020-05-30 00:00,35,12,23,0,0,0
2020-05-30 00:15,28,15,13,0,0,0
2020-05-30 00:30,32,14,18,0,0,0
2020-05-30 00:45,23,10,13,0,0,0
2020-05-30 01:00,15,5,10,0,0,0
2020-05-30 01:15,15,3,12,0,0,0
2020-05-30 01:30,8,5,3,0,0,0
2020-05-30 01:45,13,9,4,0,0,0
2020-05-30 02:00,13,5,8,0,0,0
2020-05-30 02:15,13,1,12,0,0,0
2020-05-30 02:30,6,4,2,0,0,0
2020-05-30 02:45,13,5,8,0,0,0
2020-05-30 03:00,3,1,2,0,0,0
2020-05-30 03:15,7,2,5,0,0,0
2020-05-30 03:30,0,0,0,0,0,0
2020-05-30 03:45,6,1,5,0,0,0
2020-05-30 04:00,1,0,1,0,0,0
2020-05-30 04:15,5,3,2,0,0,0
2020-05-30 04:30,3,0,3,0,0,0
2020-05-30 04:45,3,2,1,0,0,0
2020-05-30 05:00,5,2,3,0,0,0
2020-05-30 05:15,9,6,3,0,0,0
2020-05-30 05:30,4,2,2,0,0,0
2020-05-30 05:45,11,10,1,0,0,0
2020-05-30 06:00,8,8,0,0,0,0
2020-05-30 06:15,8,8,0,0,0,0
2020-05-30 06:30,13,8,5,0,0,0
2020-05-30 06:45,17,16,1,0,0,0
2020-05-30 07:00,18,9,9,0,0,0
2020-05-30 07:15,21,14,7,0,0,0
2020-05-30 07:30,28,19,9,0,0,0
2020-05-30 07:45,37,20,17,0,0,0
2020-05-30 08:00,30,14,16,0,0,0
2020-05-30 08:15,37,23,14,0,0,0
2020-05-30 08:30,55,34,21,0,0,0
2020-05-30 08:45,78,49,29,0,0,0
2020-05-30 09:00,59,42,17,0,0,0
2020-05-30 09:15,80,47,33,0,0,0
2020-05-30 09:30,98,70,28,0,0,0
2020-05-30 09:45,128,92,36,0,0,0
2020-05-30 10:00,126,74,52,0,0,0
2020-05-30 10:15,137,83,54,0,0,0
2020-05-30 10:30,143,82,61,0,0,0
2020-05-30 10:45,172,97,75,0,0,0
2020-05-30 11:00,152,91,61,0,0,0
2020-05-30 11:15,166,102,64,0,0,0
2020-05-30 11:30,158,73,85,0,0,0
2020-05-30 11:45,164,85,79,0,0,0
2020-05-30 12:00,192,93,99,0,0,0
2020-05-30 12:15,158,76,82,0,0,0
2020-05-30 12:30,177,95,82,0,0,0
2020-05-30 12:45,185,88,97,0,0,0
2020-05-30 13:00,165,58,107,0,0,0
2020-05-30 13:15,166,99,67,0,0,0
2020-05-30 13:30,134,68,66,0,0,0
2020-05-30 13:45,155,78,77,0,0,0
2020-05-30 14:00,170,79,91,0,0,0
2020-05-30 14:15,181,68,113,0,0,0
2020-05-30 14:30,154,59,95,0,0,0
2020-05-30 14:45,191,68,123,0,0,0
2020-05-30 15:00,130,52,78,0,0,0
2020-05-30 15:15,148,59,89,0,0,0
2020-05-30 15:30,141,75,66,0,0,0
2020-05-30 15:45,194,75,119,0,0,0
2020-05-30 16:00,139,49,90,0,0,0
2020-05-30 16:15,129,54,75,0,0,0
2020-05-30 16:30,132,55,77,0,0,0
2020-05-30 16:45,129,63,66,0,0,0
2020-05-30 17:00,137,56,81,0,0,0
2020-05-30 17:15,136,49,87,0,0,0
2020-05-30 17:30,127,50,77,0,0,0
2020-05-30 17:45,153,54,99,0,0,0
2020-05-30 18:00,113,47,66,0,0,0
2020-05-30 18:15,134,63,71,0,0,0
2020-05-30 18:30,112,48,64,0,0,0
2020-05-30 18:45,93,46,47,0,0,0
2020-05-30 19:00,96,28,68,0,0,0
2020-05-30 19:15,94,39,55,0,0,0
2020-05-30 19:30,80,25,55,0,0,0
2020-05-30 19:45,79,39,40,0,0,0
2020-05-30 20:00,57,20,37,0,0,0
2020-05-30 20:15,59,25,34,0,0,0
2020-05-30 20:30,53,20,33,0,0,0
2020-05-30 20:45,68,31,37,0,0,0
2020-05-30 21:00,61,31,30,0,0,0
2020-05-30 21:15,32,10,22,0,0,0
2020-05-30 21:30,46,12,34,0,0,0
2020-05-30 21:45,41,11,30,0,0,0
2020-05-30 22:00,35,8,27,0,0,0
2020-05-30 22:15,50,16,34,0,0,0
2020-05-30 22:30,40,18,22,0,0,0
2020-05-30 22:45,36,14,22,0,0,0
2020-05-30 23:00,31,12,19,0,0,0
2020-05-30 23:15,24,7,17,0,0,0
2020-05-30 23:30,36,13,23,0,0,0
2020-05-30 23:45,37,18,19,0,0,0
2020-05-31 00:00,30,10,20,0,0,0
2020-05-31 00:15,23,10,13,0,0,0
2020-05-31 00:30,17,9,8,0,0,0
2020-05-31 00:45,9,3,6,0,0,0
2020-05-31 01:00,22,5,17,0,0,0
2020-05-31 01:15,12,2,10,0,0,0
2020-05-31 01:30,16,7,9,0,0,0
2020-05-31 01:45,16,4,12,0,0,0
2020-05-31 02:00,4,2,2,0,0,0
2020-05-31 02:15,6,3,3,0,0,0
2020-05-31 02:30,4,1,3,0,0,0
2020-05-31 02:45,11,1,10,0,0,0
2020-05-31 03:00,6,2,4,0,0,0
2020-05-31 03:15,8,5,3,0,0,0
2020-05-31 03:30,4,4,0,0,0,0
2020-05-31 03:45,0,0,0,0,0,0
2020-05-31 04:00,3,2,1,0,0,0
2020-05-31 04:15,0,0,0,0,0,0
2020-05-31 04:30,4,3,1,0,0,0
2020-05-31 04:45,6,5,1,0,0,0
2020-05-31 05:00,0,0,0,0,0,0
2020-05-31 05:15,4,2,2,0,0,0
2020-05-31 05:30,6,4,2,0,0,0
2020-05-31 05:45,2,0,2,0,0,0
2020-05-31 06:00,4,3,1,0,0,0
2020-05-31 06:15,6,5,1,0,0,0
2020-05-31 06:30,5,1,4,0,0,0
2020-05-31 06:45,6,3,3,0,0,0
2020-05-31 07:00,6,2,4,0,0,0
2020-05-31 07:15,7,3,4,0,0,0
2020-05-31 07:30,7,0,7,0,0,0
2020-05-31 07:45,10,5,5,0,0,0
2020-05-31 08:00,11,6,5,0,0,0
2020-05-31 08:15,8,4,4,0,0,0
2020-05-31 08:30,5,3,2,0,0,0
2020-05-31 08:45,12,8,4,0,0,0
2020-05-31 09:00,30,13,17,0,0,0
2020-05-31 09:15,22,16,6,0,0,0
2020-05-31 09:30,32,23,9,0,0,0
2020-05-31 09:45,43,20,23,0,0,0
2020-05-31 10:00,34,21,13,0,0,0
2020-05-31 10:15,38,29,9,0,0,0
2020-05-31 10:30,53,29,24,0,0,0
2020-05-31 10:45,51,33,18,0,0,0
2020-05-31 11:00,65,38,27,0,0,0
2020-05-31 11:15,45,19,26,0,0,0
2020-05-31 11:30,53,29,24,0,0,0
2020-05-31 11:45,66,33,33,0,0,0
2020-05-31 12:00,58,32,26,0,0,0
2020-05-31 12:15,48,25,23,0,0,0
2020-05-31 12:30,63,27,36,0,0,0
2020-05-31 12:45,60,31,29,0,0,0
2020-05-31 13:00,64,32,32,0,0,0
2020-05-31 13:15,57,30,27,0,0,0
2020-05-31 13:30,66,32,34,0,0,0
2020-05-31 13:45,76,37,39,0,0,0
2020-05-31 14:00,83,45,38,0,0,0
2020-05-31 14:15,89,45,44,0,0,0
2020-05-31 14:30,73,40,33,0,0,0
2020-05-31 14:45,70,36,34,0,0,0
2020-05-31 15:00,79,42,37,0,0,0
2020-05-31 15:15,87,43,44,0,0,0
2020-05-31 15:30,66,35,31,0,0,0
2020-05-31 15:45,78,37,41,0,0,0
2020-05-31 16:00,66,35,31,0,0,0
2020-05-31 16:15,88,44,44,0,0,0
2020-05-31 16:30,72,29,43,0,0,0
2020-05-31 16:45,58,35,23,0,0,0
2020-05-31 17:00,94,43,51,0,0,0
2020-05-31 17:15,76,32,44,0,0,0
2020-05-31 17:30,86,39,47,0,0,0
2020-05-31 17:45,86,25,61,0,0,0
2020-05-31 18:00,81,37,44,0,0,0
2020-05-31 18:15,97,30,67,0,0,0
2020-05-31 18:30,81,29,52,0,0,0
2020-05-31 18:45,72,39,33,0,0,0
2020-05-31 19:00,70,24,46,0,0,0
2020-05-31 19:15,66,25,41,0,0,0
2020-05-31 19:30,54,22,32,0,0,0
2020-05-31 19:45,42,14,28,0,0,0
2020-05-31 20:00,85,38,47,0,0,0
2020-05-31 20:15,56,17,39,0,0,0
2020-05-31 20:30,58,19,39,0,0,0
2020-05-31 20:45,42,16,26,0,0,0
2020-05-31 21:00,37,9,28,0,0,0
2020-05-31 21:15,33,12,21,0,0,0
2020-05-31 21:30,21,15,6,0,0,0
2020-05-31 21:45,37,15,22,0,0,0
2020-05-31 22:00,36,14,22,0,0,0
2020-05-31 22:15,40,12,28,0,0,0
2020-05-31 22:30,21,5,16,0,0,0
2020-05-31 22:45,28,12,16,0,0,0
2020-05-31 23:00,37,13,24,0,0,0
2020-05-31 23:15,24,10,14,0,0,0
2020-05-31 23:30,14,6,8,0,0,0
2020-05-31 23:45,24,8,16,0,0,0
