Datetime,100034980 (Hammer Straße),101034980 (Hammer Straße stadteinwärts),102034980 (Hammer Straße stadtauswärts),100034980-status,101034980-status,102034980-status
2020-11-01 00:00,17,5,12,0,0,0
2020-11-01 00:15,24,7,17,0,0,0
2020-11-01 00:30,22,8,14,0,0,0
2020-11-01 00:45,33,11,22,0,0,0
2020-11-01 01:00,11,3,8,0,0,0
2020-11-01 01:15,14,6,8,0,0,0
2020-11-01 01:30,27,10,17,0,0,0
2020-11-01 01:45,5,3,2,0,0,0
2020-11-01 02:00,23,12,11,0,0,0
2020-11-01 02:15,8,5,3,0,0,0
2020-11-01 02:30,4,2,2,0,0,0
2020-11-01 02:45,10,5,5,0,0,0
2020-11-01 03:00,8,2,6,0,0,0
2020-11-01 03:15,3,2,1,0,0,0
2020-11-01 03:30,6,3,3,0,0,0
2020-11-01 03:45,4,3,1,0,0,0
2020-11-01 04:00,3,1,2,0,0,0
2020-11-01 04:15,6,1,5,0,0,0
2020-11-01 04:30,3,0,3,0,0,0
2020-11-01 04:45,3,2,1,0,0,0
2020-11-01 05:00,1,1,0,0,0,0
2020-11-01 05:15,8,3,5,0,0,0
2020-11-01 05:30,4,1,3,0,0,0
2020-11-01 05:45,5,2,3,0,0,0
2020-11-01 06:00,3,2,1,0,0,0
2020-11-01 06:15,3,1,2,0,0,0
2020-11-01 06:30,4,1,3,0,0,0
2020-11-01 06:45,5,3,2,0,0,0
2020-11-01 07:00,2,1,1,0,0,0
2020-11-01 07:15,2,0,2,0,0,0
2020-11-01 07:30,5,2,3,0,0,0
2020-11-01 07:45,6,2,4,0,0,0
2020-11-01 08:00,8,5,3,0,0,0
2020-11-01 08:15,9,5,4,0,0,0
2020-11-01 08:30,14,7,7,0,0,0
2020-11-01 08:45,14,8,6,0,0,0
2020-11-01 09:00,19,9,10,0,0,0
2020-11-01 09:15,14,8,6,0,0,0
2020-11-01 09:30,25,12,13,0,0,0
2020-11-01 09:45,39,22,17,0,0,0
2020-11-01 10:00,24,12,12,0,0,0
2020-11-01 10:15,36,19,17,0,0,0
2020-11-01 10:30,38,20,18,0,0,0
2020-11-01 10:45,34,16,18,0,0,0
2020-11-01 11:00,47,20,27,0,0,0
2020-11-01 11:15,49,22,27,0,0,0
2020-11-01 11:30,50,28,22,0,0,0
2020-11-01 11:45,52,25,27,0,0,0
2020-11-01 12:00,50,33,17,0,0,0
2020-11-01 12:15,73,30,43,0,0,0
2020-11-01 12:30,66,35,31,0,0,0
2020-11-01 12:45,71,35,36,0,0,0
2020-11-01 13:00,56,22,34,0,0,0
2020-11-01 13:15,49,24,25,0,0,0
2020-11-01 13:30,68,27,41,0,0,0
2020-11-01 13:45,64,30,34,0,0,0
2020-11-01 14:00,56,24,32,0,0,0
2020-11-01 14:15,72,36,36,0,0,0
2020-11-01 14:30,58,31,27,0,0,0
2020-11-01 14:45,74,31,43,0,0,0
2020-11-01 15:00,63,32,31,0,0,0
2020-11-01 15:15,76,30,46,0,0,0
2020-11-01 15:30,61,38,23,0,0,0
2020-11-01 15:45,84,33,51,0,0,0
2020-11-01 16:00,76,31,45,0,0,0
2020-11-01 16:15,48,26,22,0,0,0
2020-11-01 16:30,51,19,32,0,0,0
2020-11-01 16:45,63,26,37,0,0,0
2020-11-01 17:00,42,12,30,0,0,0
2020-11-01 17:15,48,18,30,0,0,0
2020-11-01 17:30,50,23,27,0,0,0
2020-11-01 17:45,68,39,29,0,0,0
2020-11-01 18:00,63,30,33,0,0,0
2020-11-01 18:15,84,32,52,0,0,0
2020-11-01 18:30,38,14,24,0,0,0
2020-11-01 18:45,40,12,28,0,0,0
2020-11-01 19:00,40,14,26,0,0,0
2020-11-01 19:15,42,16,26,0,0,0
2020-11-01 19:30,52,22,30,0,0,0
2020-11-01 19:45,50,22,28,0,0,0
2020-11-01 20:00,43,12,31,0,0,0
2020-11-01 20:15,29,9,20,0,0,0
2020-11-01 20:30,22,7,15,0,0,0
2020-11-01 20:45,28,5,23,0,0,0
2020-11-01 21:00,22,14,8,0,0,0
2020-11-01 21:15,17,4,13,0,0,0
2020-11-01 21:30,23,9,14,0,0,0
2020-11-01 21:45,23,5,18,0,0,0
2020-11-01 22:00,22,5,17,0,0,0
2020-11-01 22:15,18,5,13,0,0,0
2020-11-01 22:30,22,7,15,0,0,0
2020-11-01 22:45,10,4,6,0,0,0
2020-11-01 23:00,26,6,20,0,0,0
2020-11-01 23:15,16,8,8,0,0,0
2020-11-01 23:30,10,6,4,0,0,0
2020-11-01 23:45,10,4,6,0,0,0
2020-11-02 00:00,13,6,7,0,0,0
2020-11-02 00:15,7,3,4,0,0,0
2020-11-02 00:30,6,1,5,0,0,0
2020-11-02 00:45,2,0,2,0,0,0
2020-11-02 01:00,2,1,1,0,0,0
2020-11-02 01:15,1,0,1,0,0,0
2020-11-02 01:30,3,1,2,0,0,0
2020-11-02 01:45,2,1,1,0,0,0
2020-11-02 02:00,4,2,2,0,0,0
2020-11-02 02:15,1,0,1,0,0,0
2020-11-02 02:30,1,1,0,0,0,0
2020-11-02 02:45,0,0,0,0,0,0
2020-11-02 03:00,0,0,0,0,0,0
2020-11-02 03:15,0,0,0,0,0,0
2020-11-02 03:30,0,0,0,0,0,0
2020-11-02 03:45,2,1,1,0,0,0
2020-11-02 04:00,0,0,0,0,0,0
2020-11-02 04:15,1,1,0,0,0,0
2020-11-02 04:30,1,1,0,0,0,0
2020-11-02 04:45,7,3,4,0,0,0
2020-11-02 05:00,4,3,1,0,0,0
2020-11-02 05:15,8,6,2,0,0,0
2020-11-02 05:30,13,10,3,0,0,0
2020-11-02 05:45,20,18,2,0,0,0
2020-11-02 06:00,23,17,6,0,0,0
2020-11-02 06:15,30,23,7,0,0,0
2020-11-02 06:30,40,30,10,0,0,0
2020-11-02 06:45,69,51,18,0,0,0
2020-11-02 07:00,73,55,18,0,0,0
2020-11-02 07:15,121,85,36,0,0,0
2020-11-02 07:30,178,114,64,0,0,0
2020-11-02 07:45,163,109,54,0,0,0
2020-11-02 08:00,125,79,46,0,0,0
2020-11-02 08:15,136,95,41,0,0,0
2020-11-02 08:30,110,77,33,0,0,0
2020-11-02 08:45,117,86,31,0,0,0
2020-11-02 09:00,106,72,34,0,0,0
2020-11-02 09:15,93,62,31,0,0,0
2020-11-02 09:30,95,63,32,0,0,0
2020-11-02 09:45,109,67,42,0,0,0
2020-11-02 10:00,98,53,45,0,0,0
2020-11-02 10:15,80,42,38,0,0,0
2020-11-02 10:30,111,62,49,0,0,0
2020-11-02 10:45,110,64,46,0,0,0
2020-11-02 11:00,96,42,54,0,0,0
2020-11-02 11:15,123,63,60,0,0,0
2020-11-02 11:30,96,52,44,0,0,0
2020-11-02 11:45,96,48,48,0,0,0
2020-11-02 12:00,107,46,61,0,0,0
2020-11-02 12:15,124,53,71,0,0,0
2020-11-02 12:30,133,46,87,0,0,0
2020-11-02 12:45,121,49,72,0,0,0
2020-11-02 13:00,117,43,74,0,0,0
2020-11-02 13:15,131,66,65,0,0,0
2020-11-02 13:30,90,41,49,0,0,0
2020-11-02 13:45,135,68,67,0,0,0
2020-11-02 14:00,128,47,81,0,0,0
2020-11-02 14:15,113,50,63,0,0,0
2020-11-02 14:30,103,41,62,0,0,0
2020-11-02 14:45,133,61,72,0,0,0
2020-11-02 15:00,140,52,88,0,0,0
2020-11-02 15:15,118,47,71,0,0,0
2020-11-02 15:30,134,41,93,0,0,0
2020-11-02 15:45,162,65,97,0,0,0
2020-11-02 16:00,155,56,99,0,0,0
2020-11-02 16:15,149,52,97,0,0,0
2020-11-02 16:30,163,61,102,0,0,0
2020-11-02 16:45,153,51,102,0,0,0
2020-11-02 17:00,160,52,108,0,0,0
2020-11-02 17:15,155,48,107,0,0,0
2020-11-02 17:30,129,34,95,0,0,0
2020-11-02 17:45,111,35,76,0,0,0
2020-11-02 18:00,115,36,79,0,0,0
2020-11-02 18:15,101,33,68,0,0,0
2020-11-02 18:30,82,25,57,0,0,0
2020-11-02 18:45,71,26,45,0,0,0
2020-11-02 19:00,69,14,55,0,0,0
2020-11-02 19:15,54,14,40,0,0,0
2020-11-02 19:30,48,15,33,0,0,0
2020-11-02 19:45,42,14,28,0,0,0
2020-11-02 20:00,42,15,27,0,0,0
2020-11-02 20:15,37,7,30,0,0,0
2020-11-02 20:30,27,11,16,0,0,0
2020-11-02 20:45,24,14,10,0,0,0
2020-11-02 21:00,17,9,8,0,0,0
2020-11-02 21:15,20,6,14,0,0,0
2020-11-02 21:30,18,9,9,0,0,0
2020-11-02 21:45,13,4,9,0,0,0
2020-11-02 22:00,15,4,11,0,0,0
2020-11-02 22:15,11,2,9,0,0,0
2020-11-02 22:30,5,2,3,0,0,0
2020-11-02 22:45,10,6,4,0,0,0
2020-11-02 23:00,8,5,3,0,0,0
2020-11-02 23:15,4,1,3,0,0,0
2020-11-02 23:30,7,2,5,0,0,0
2020-11-02 23:45,4,2,2,0,0,0
2020-11-03 00:00,14,5,9,0,0,0
2020-11-03 00:15,3,2,1,0,0,0
2020-11-03 00:30,3,1,2,0,0,0
2020-11-03 00:45,1,1,0,0,0,0
2020-11-03 01:00,2,1,1,0,0,0
2020-11-03 01:15,1,1,0,0,0,0
2020-11-03 01:30,2,1,1,0,0,0
2020-11-03 01:45,1,0,1,0,0,0
2020-11-03 02:00,1,0,1,0,0,0
2020-11-03 02:15,2,1,1,0,0,0
2020-11-03 02:30,0,0,0,0,0,0
2020-11-03 02:45,0,0,0,0,0,0
2020-11-03 03:00,0,0,0,0,0,0
2020-11-03 03:15,1,0,1,0,0,0
2020-11-03 03:30,0,0,0,0,0,0
2020-11-03 03:45,0,0,0,0,0,0
2020-11-03 04:00,0,0,0,0,0,0
2020-11-03 04:15,0,0,0,0,0,0
2020-11-03 04:30,0,0,0,0,0,0
2020-11-03 04:45,1,1,0,0,0,0
2020-11-03 05:00,7,4,3,0,0,0
2020-11-03 05:15,13,6,7,0,0,0
2020-11-03 05:30,16,11,5,0,0,0
2020-11-03 05:45,23,21,2,0,0,0
2020-11-03 06:00,29,19,10,0,0,0
2020-11-03 06:15,37,26,11,0,0,0
2020-11-03 06:30,40,31,9,0,0,0
2020-11-03 06:45,71,50,21,0,0,0
2020-11-03 07:00,81,46,35,0,0,0
2020-11-03 07:15,128,82,46,0,0,0
2020-11-03 07:30,213,120,93,0,0,0
2020-11-03 07:45,205,140,65,0,0,0
2020-11-03 08:00,130,91,39,0,0,0
2020-11-03 08:15,148,100,48,0,0,0
2020-11-03 08:30,118,80,38,0,0,0
2020-11-03 08:45,122,79,43,0,0,0
2020-11-03 09:00,86,53,33,0,0,0
2020-11-03 09:15,84,54,30,0,0,0
2020-11-03 09:30,83,49,34,0,0,0
2020-11-03 09:45,130,79,51,0,0,0
2020-11-03 10:00,97,48,49,0,0,0
2020-11-03 10:15,84,45,39,0,0,0
2020-11-03 10:30,101,59,42,0,0,0
2020-11-03 10:45,123,68,55,0,0,0
2020-11-03 11:00,114,49,65,0,0,0
2020-11-03 11:15,112,48,64,0,0,0
2020-11-03 11:30,110,50,60,0,0,0
2020-11-03 11:45,126,57,69,0,0,0
2020-11-03 12:00,119,45,74,0,0,0
2020-11-03 12:15,140,55,85,0,0,0
2020-11-03 12:30,149,66,83,0,0,0
2020-11-03 12:45,157,66,91,0,0,0
2020-11-03 13:00,136,54,82,0,0,0
2020-11-03 13:15,122,41,81,0,0,0
2020-11-03 13:30,159,60,99,0,0,0
2020-11-03 13:45,142,67,75,0,0,0
2020-11-03 14:00,150,63,87,0,0,0
2020-11-03 14:15,148,68,80,0,0,0
2020-11-03 14:30,177,76,101,0,0,0
2020-11-03 14:45,190,90,100,0,0,0
2020-11-03 15:00,158,72,86,0,0,0
2020-11-03 15:15,192,77,115,0,0,0
2020-11-03 15:30,167,58,109,0,0,0
2020-11-03 15:45,203,85,118,0,0,0
2020-11-03 16:00,184,59,125,0,0,0
2020-11-03 16:15,199,70,129,0,0,0
2020-11-03 16:30,197,58,139,0,0,0
2020-11-03 16:45,212,65,147,0,0,0
2020-11-03 17:00,198,69,129,0,0,0
2020-11-03 17:15,184,62,122,0,0,0
2020-11-03 17:30,189,59,130,0,0,0
2020-11-03 17:45,179,68,111,0,0,0
2020-11-03 18:00,169,51,118,0,0,0
2020-11-03 18:15,139,44,95,0,0,0
2020-11-03 18:30,108,34,74,0,0,0
2020-11-03 18:45,109,33,76,0,0,0
2020-11-03 19:00,103,29,74,0,0,0
2020-11-03 19:15,97,28,69,0,0,0
2020-11-03 19:30,54,16,38,0,0,0
2020-11-03 19:45,71,23,48,0,0,0
2020-11-03 20:00,47,13,34,0,0,0
2020-11-03 20:15,55,15,40,0,0,0
2020-11-03 20:30,33,8,25,0,0,0
2020-11-03 20:45,38,11,27,0,0,0
2020-11-03 21:00,23,13,10,0,0,0
2020-11-03 21:15,27,10,17,0,0,0
2020-11-03 21:30,29,11,18,0,0,0
2020-11-03 21:45,19,9,10,0,0,0
2020-11-03 22:00,21,8,13,0,0,0
2020-11-03 22:15,24,6,18,0,0,0
2020-11-03 22:30,15,5,10,0,0,0
2020-11-03 22:45,18,9,9,0,0,0
2020-11-03 23:00,25,9,16,0,0,0
2020-11-03 23:15,9,4,5,0,0,0
2020-11-03 23:30,13,6,7,0,0,0
2020-11-03 23:45,10,6,4,0,0,0
2020-11-04 00:00,3,1,2,0,0,0
2020-11-04 00:15,2,0,2,0,0,0
2020-11-04 00:30,6,3,3,0,0,0
2020-11-04 00:45,4,0,4,0,0,0
2020-11-04 01:00,0,0,0,0,0,0
2020-11-04 01:15,1,0,1,0,0,0
2020-11-04 01:30,7,5,2,0,0,0
2020-11-04 01:45,1,1,0,0,0,0
2020-11-04 02:00,0,0,0,0,0,0
2020-11-04 02:15,4,2,2,0,0,0
2020-11-04 02:30,1,0,1,0,0,0
2020-11-04 02:45,0,0,0,0,0,0
2020-11-04 03:00,1,0,1,0,0,0
2020-11-04 03:15,1,1,0,0,0,0
2020-11-04 03:30,2,1,1,0,0,0
2020-11-04 03:45,1,0,1,0,0,0
2020-11-04 04:00,1,1,0,0,0,0
2020-11-04 04:15,0,0,0,0,0,0
2020-11-04 04:30,0,0,0,0,0,0
2020-11-04 04:45,3,3,0,0,0,0
2020-11-04 05:00,4,3,1,0,0,0
2020-11-04 05:15,14,8,6,0,0,0
2020-11-04 05:30,14,10,4,0,0,0
2020-11-04 05:45,22,19,3,0,0,0
2020-11-04 06:00,25,18,7,0,0,0
2020-11-04 06:15,33,24,9,0,0,0
2020-11-04 06:30,46,34,12,0,0,0
2020-11-04 06:45,65,47,18,0,0,0
2020-11-04 07:00,87,59,28,0,0,0
2020-11-04 07:15,125,78,47,0,0,0
2020-11-04 07:30,201,131,70,0,0,0
2020-11-04 07:45,192,132,60,0,0,0
2020-11-04 08:00,132,82,50,0,0,0
2020-11-04 08:15,147,92,55,0,0,0
2020-11-04 08:30,126,79,47,0,0,0
2020-11-04 08:45,137,99,38,0,0,0
2020-11-04 09:00,90,54,36,0,0,0
2020-11-04 09:15,75,46,29,0,0,0
2020-11-04 09:30,105,62,43,0,0,0
2020-11-04 09:45,93,60,33,0,0,0
2020-11-04 10:00,96,52,44,0,0,0
2020-11-04 10:15,99,71,28,0,0,0
2020-11-04 10:30,113,71,42,0,0,0
2020-11-04 10:45,126,65,61,0,0,0
2020-11-04 11:00,106,54,52,0,0,0
2020-11-04 11:15,149,62,87,0,0,0
2020-11-04 11:30,121,69,52,0,0,0
2020-11-04 11:45,147,65,82,0,0,0
2020-11-04 12:00,128,48,80,0,0,0
2020-11-04 12:15,148,62,86,0,0,0
2020-11-04 12:30,189,76,113,0,0,0
2020-11-04 12:45,180,75,105,0,0,0
2020-11-04 13:00,179,60,119,0,0,0
2020-11-04 13:15,173,73,100,0,0,0
2020-11-04 13:30,146,67,79,0,0,0
2020-11-04 13:45,142,69,73,0,0,0
2020-11-04 14:00,164,66,98,0,0,0
2020-11-04 14:15,133,56,77,0,0,0
2020-11-04 14:30,155,56,99,0,0,0
2020-11-04 14:45,169,82,87,0,0,0
2020-11-04 15:00,157,72,85,0,0,0
2020-11-04 15:15,172,63,109,0,0,0
2020-11-04 15:30,167,58,109,0,0,0
2020-11-04 15:45,221,87,134,0,0,0
2020-11-04 16:00,204,87,117,0,0,0
2020-11-04 16:15,191,72,119,0,0,0
2020-11-04 16:30,204,81,123,0,0,0
2020-11-04 16:45,176,61,115,0,0,0
2020-11-04 17:00,208,75,133,0,0,0
2020-11-04 17:15,178,55,123,0,0,0
2020-11-04 17:30,180,60,120,0,0,0
2020-11-04 17:45,146,63,83,0,0,0
2020-11-04 18:00,166,48,118,0,0,0
2020-11-04 18:15,129,42,87,0,0,0
2020-11-04 18:30,114,36,78,0,0,0
2020-11-04 18:45,89,31,58,0,0,0
2020-11-04 19:00,114,31,83,0,0,0
2020-11-04 19:15,80,20,60,0,0,0
2020-11-04 19:30,66,23,43,0,0,0
2020-11-04 19:45,58,22,36,0,0,0
2020-11-04 20:00,60,18,42,0,0,0
2020-11-04 20:15,52,19,33,0,0,0
2020-11-04 20:30,34,7,27,0,0,0
2020-11-04 20:45,26,15,11,0,0,0
2020-11-04 21:00,26,14,12,0,0,0
2020-11-04 21:15,24,9,15,0,0,0
2020-11-04 21:30,21,7,14,0,0,0
2020-11-04 21:45,22,6,16,0,0,0
2020-11-04 22:00,17,6,11,0,0,0
2020-11-04 22:15,13,1,12,0,0,0
2020-11-04 22:30,13,6,7,0,0,0
2020-11-04 22:45,16,6,10,0,0,0
2020-11-04 23:00,20,9,11,0,0,0
2020-11-04 23:15,19,8,11,0,0,0
2020-11-04 23:30,10,5,5,0,0,0
2020-11-04 23:45,10,5,5,0,0,0
2020-11-05 00:00,3,0,3,0,0,0
2020-11-05 00:15,7,1,6,0,0,0
2020-11-05 00:30,9,1,8,0,0,0
2020-11-05 00:45,4,0,4,0,0,0
2020-11-05 01:00,6,2,4,0,0,0
2020-11-05 01:15,5,1,4,0,0,0
2020-11-05 01:30,2,0,2,0,0,0
2020-11-05 01:45,3,2,1,0,0,0
2020-11-05 02:00,4,3,1,0,0,0
2020-11-05 02:15,1,0,1,0,0,0
2020-11-05 02:30,0,0,0,0,0,0
2020-11-05 02:45,1,1,0,0,0,0
2020-11-05 03:00,0,0,0,0,0,0
2020-11-05 03:15,0,0,0,0,0,0
2020-11-05 03:30,2,0,2,0,0,0
2020-11-05 03:45,0,0,0,0,0,0
2020-11-05 04:00,0,0,0,0,0,0
2020-11-05 04:15,0,0,0,0,0,0
2020-11-05 04:30,2,1,1,0,0,0
2020-11-05 04:45,3,3,0,0,0,0
2020-11-05 05:00,4,2,2,0,0,0
2020-11-05 05:15,8,3,5,0,0,0
2020-11-05 05:30,15,11,4,0,0,0
2020-11-05 05:45,16,11,5,0,0,0
2020-11-05 06:00,22,17,5,0,0,0
2020-11-05 06:15,32,16,16,0,0,0
2020-11-05 06:30,39,26,13,0,0,0
2020-11-05 06:45,56,41,15,0,0,0
2020-11-05 07:00,78,47,31,0,0,0
2020-11-05 07:15,125,79,46,0,0,0
2020-11-05 07:30,163,103,60,0,0,0
2020-11-05 07:45,190,120,70,0,0,0
2020-11-05 08:00,132,86,46,0,0,0
2020-11-05 08:15,146,89,57,0,0,0
2020-11-05 08:30,101,62,39,0,0,0
2020-11-05 08:45,125,78,47,0,0,0
2020-11-05 09:00,92,54,38,0,0,0
2020-11-05 09:15,85,57,28,0,0,0
2020-11-05 09:30,89,55,34,0,0,0
2020-11-05 09:45,90,58,32,0,0,0
2020-11-05 10:00,64,32,32,0,0,0
2020-11-05 10:15,78,37,41,0,0,0
2020-11-05 10:30,94,49,45,0,0,0
2020-11-05 10:45,87,45,42,0,0,0
2020-11-05 11:00,111,61,50,0,0,0
2020-11-05 11:15,87,39,48,0,0,0
2020-11-05 11:30,105,37,68,0,0,0
2020-11-05 11:45,129,62,67,0,0,0
2020-11-05 12:00,128,58,70,0,0,0
2020-11-05 12:15,102,46,56,0,0,0
2020-11-05 12:30,147,55,92,0,0,0
2020-11-05 12:45,147,68,79,0,0,0
2020-11-05 13:00,147,53,94,0,0,0
2020-11-05 13:15,122,49,73,0,0,0
2020-11-05 13:30,141,65,76,0,0,0
2020-11-05 13:45,129,53,76,0,0,0
2020-11-05 14:00,137,59,78,0,0,0
2020-11-05 14:15,156,75,81,0,0,0
2020-11-05 14:30,136,71,65,0,0,0
2020-11-05 14:45,186,87,99,0,0,0
2020-11-05 15:00,134,53,81,0,0,0
2020-11-05 15:15,182,77,105,0,0,0
2020-11-05 15:30,134,54,80,0,0,0
2020-11-05 15:45,201,80,121,0,0,0
2020-11-05 16:00,209,95,114,0,0,0
2020-11-05 16:15,198,86,112,0,0,0
2020-11-05 16:30,197,78,119,0,0,0
2020-11-05 16:45,228,99,129,0,0,0
2020-11-05 17:00,197,67,130,0,0,0
2020-11-05 17:15,182,56,126,0,0,0
2020-11-05 17:30,146,49,97,0,0,0
2020-11-05 17:45,176,68,108,0,0,0
2020-11-05 18:00,185,46,139,0,0,0
2020-11-05 18:15,138,26,112,0,0,0
2020-11-05 18:30,114,33,81,0,0,0
2020-11-05 18:45,98,31,67,0,0,0
2020-11-05 19:00,87,24,63,0,0,0
2020-11-05 19:15,66,17,49,0,0,0
2020-11-05 19:30,50,21,29,0,0,0
2020-11-05 19:45,72,22,50,0,0,0
2020-11-05 20:00,66,23,43,0,0,0
2020-11-05 20:15,40,17,23,0,0,0
2020-11-05 20:30,47,15,32,0,0,0
2020-11-05 20:45,26,7,19,0,0,0
2020-11-05 21:00,22,14,8,0,0,0
2020-11-05 21:15,30,7,23,0,0,0
2020-11-05 21:30,20,3,17,0,0,0
2020-11-05 21:45,19,8,11,0,0,0
2020-11-05 22:00,22,5,17,0,0,0
2020-11-05 22:15,20,7,13,0,0,0
2020-11-05 22:30,11,3,8,0,0,0
2020-11-05 22:45,23,7,16,0,0,0
2020-11-05 23:00,7,3,4,0,0,0
2020-11-05 23:15,10,6,4,0,0,0
2020-11-05 23:30,11,2,9,0,0,0
2020-11-05 23:45,11,9,2,0,0,0
2020-11-06 00:00,11,4,7,0,0,0
2020-11-06 00:15,2,2,0,0,0,0
2020-11-06 00:30,2,2,0,0,0,0
2020-11-06 00:45,10,3,7,0,0,0
2020-11-06 01:00,3,0,3,0,0,0
2020-11-06 01:15,5,1,4,0,0,0
2020-11-06 01:30,1,1,0,0,0,0
2020-11-06 01:45,5,2,3,0,0,0
2020-11-06 02:00,0,0,0,0,0,0
2020-11-06 02:15,1,0,1,0,0,0
2020-11-06 02:30,1,0,1,0,0,0
2020-11-06 02:45,2,0,2,0,0,0
2020-11-06 03:00,0,0,0,0,0,0
2020-11-06 03:15,0,0,0,0,0,0
2020-11-06 03:30,0,0,0,0,0,0
2020-11-06 03:45,1,1,0,0,0,0
2020-11-06 04:00,1,0,1,0,0,0
2020-11-06 04:15,0,0,0,0,0,0
2020-11-06 04:30,1,1,0,0,0,0
2020-11-06 04:45,8,5,3,0,0,0
2020-11-06 05:00,4,2,2,0,0,0
2020-11-06 05:15,8,5,3,0,0,0
2020-11-06 05:30,18,13,5,0,0,0
2020-11-06 05:45,19,18,1,0,0,0
2020-11-06 06:00,22,13,9,0,0,0
2020-11-06 06:15,28,20,8,0,0,0
2020-11-06 06:30,39,22,17,0,0,0
2020-11-06 06:45,46,31,15,0,0,0
2020-11-06 07:00,74,49,25,0,0,0
2020-11-06 07:15,102,67,35,0,0,0
2020-11-06 07:30,164,101,63,0,0,0
2020-11-06 07:45,148,100,48,0,0,0
2020-11-06 08:00,135,82,53,0,0,0
2020-11-06 08:15,119,80,39,0,0,0
2020-11-06 08:30,93,66,27,0,0,0
2020-11-06 08:45,109,79,30,0,0,0
2020-11-06 09:00,91,52,39,0,0,0
2020-11-06 09:15,96,61,35,0,0,0
2020-11-06 09:30,78,54,24,0,0,0
2020-11-06 09:45,120,76,44,0,0,0
2020-11-06 10:00,94,56,38,0,0,0
2020-11-06 10:15,93,48,45,0,0,0
2020-11-06 10:30,102,58,44,0,0,0
2020-11-06 10:45,111,60,51,0,0,0
2020-11-06 11:00,101,50,51,0,0,0
2020-11-06 11:15,134,59,75,0,0,0
2020-11-06 11:30,114,53,61,0,0,0
2020-11-06 11:45,137,62,75,0,0,0
2020-11-06 12:00,129,52,77,0,0,0
2020-11-06 12:15,130,48,82,0,0,0
2020-11-06 12:30,182,69,113,0,0,0
2020-11-06 12:45,142,63,79,0,0,0
2020-11-06 13:00,155,64,91,0,0,0
2020-11-06 13:15,138,46,92,0,0,0
2020-11-06 13:30,201,79,122,0,0,0
2020-11-06 13:45,184,82,102,0,0,0
2020-11-06 14:00,173,68,105,0,0,0
2020-11-06 14:15,191,81,110,0,0,0
2020-11-06 14:30,185,81,104,0,0,0
2020-11-06 14:45,190,93,97,0,0,0
2020-11-06 15:00,171,74,97,0,0,0
2020-11-06 15:15,204,97,107,0,0,0
2020-11-06 15:30,182,72,110,0,0,0
2020-11-06 15:45,197,100,97,0,0,0
2020-11-06 16:00,179,89,90,0,0,0
2020-11-06 16:15,167,67,100,0,0,0
2020-11-06 16:30,198,77,121,0,0,0
2020-11-06 16:45,193,89,104,0,0,0
2020-11-06 17:00,163,64,99,0,0,0
2020-11-06 17:15,168,66,102,0,0,0
2020-11-06 17:30,156,66,90,0,0,0
2020-11-06 17:45,144,50,94,0,0,0
2020-11-06 18:00,125,38,87,0,0,0
2020-11-06 18:15,121,35,86,0,0,0
2020-11-06 18:30,97,34,63,0,0,0
2020-11-06 18:45,104,38,66,0,0,0
2020-11-06 19:00,97,30,67,0,0,0
2020-11-06 19:15,80,26,54,0,0,0
2020-11-06 19:30,66,16,50,0,0,0
2020-11-06 19:45,56,27,29,0,0,0
2020-11-06 20:00,52,7,45,0,0,0
2020-11-06 20:15,45,19,26,0,0,0
2020-11-06 20:30,32,12,20,0,0,0
2020-11-06 20:45,23,13,10,0,0,0
2020-11-06 21:00,29,6,23,0,0,0
2020-11-06 21:15,23,7,16,0,0,0
2020-11-06 21:30,21,8,13,0,0,0
2020-11-06 21:45,16,6,10,0,0,0
2020-11-06 22:00,21,5,16,0,0,0
2020-11-06 22:15,15,4,11,0,0,0
2020-11-06 22:30,9,5,4,0,0,0
2020-11-06 22:45,28,13,15,0,0,0
2020-11-06 23:00,20,5,15,0,0,0
2020-11-06 23:15,20,7,13,0,0,0
2020-11-06 23:30,20,9,11,0,0,0
2020-11-06 23:45,20,14,6,0,0,0
2020-11-07 00:00,20,11,9,0,0,0
2020-11-07 00:15,13,10,3,0,0,0
2020-11-07 00:30,17,7,10,0,0,0
2020-11-07 00:45,7,5,2,0,0,0
2020-11-07 01:00,3,1,2,0,0,0
2020-11-07 01:15,6,4,2,0,0,0
2020-11-07 01:30,12,3,9,0,0,0
2020-11-07 01:45,5,2,3,0,0,0
2020-11-07 02:00,3,2,1,0,0,0
2020-11-07 02:15,7,1,6,0,0,0
2020-11-07 02:30,3,1,2,0,0,0
2020-11-07 02:45,5,1,4,0,0,0
2020-11-07 03:00,1,0,1,0,0,0
2020-11-07 03:15,0,0,0,0,0,0
2020-11-07 03:30,3,1,2,0,0,0
2020-11-07 03:45,5,2,3,0,0,0
2020-11-07 04:00,4,3,1,0,0,0
2020-11-07 04:15,2,2,0,0,0,0
2020-11-07 04:30,1,0,1,0,0,0
2020-11-07 04:45,1,0,1,0,0,0
2020-11-07 05:00,2,2,0,0,0,0
2020-11-07 05:15,8,3,5,0,0,0
2020-11-07 05:30,7,5,2,0,0,0
2020-11-07 05:45,13,7,6,0,0,0
2020-11-07 06:00,4,2,2,0,0,0
2020-11-07 06:15,6,4,2,0,0,0
2020-11-07 06:30,8,5,3,0,0,0
2020-11-07 06:45,5,2,3,0,0,0
2020-11-07 07:00,5,3,2,0,0,0
2020-11-07 07:15,13,5,8,0,0,0
2020-11-07 07:30,19,11,8,0,0,0
2020-11-07 07:45,31,19,12,0,0,0
2020-11-07 08:00,27,15,12,0,0,0
2020-11-07 08:15,50,19,31,0,0,0
2020-11-07 08:30,33,21,12,0,0,0
2020-11-07 08:45,48,32,16,0,0,0
2020-11-07 09:00,47,28,19,0,0,0
2020-11-07 09:15,58,39,19,0,0,0
2020-11-07 09:30,84,47,37,0,0,0
2020-11-07 09:45,95,68,27,0,0,0
2020-11-07 10:00,100,66,34,0,0,0
2020-11-07 10:15,113,74,39,0,0,0
2020-11-07 10:30,129,72,57,0,0,0
2020-11-07 10:45,151,84,67,0,0,0
2020-11-07 11:00,134,68,66,0,0,0
2020-11-07 11:15,138,76,62,0,0,0
2020-11-07 11:30,167,96,71,0,0,0
2020-11-07 11:45,153,88,65,0,0,0
2020-11-07 12:00,172,82,90,0,0,0
2020-11-07 12:15,145,94,51,0,0,0
2020-11-07 12:30,163,77,86,0,0,0
2020-11-07 12:45,181,92,89,0,0,0
2020-11-07 13:00,163,59,104,0,0,0
2020-11-07 13:15,178,108,70,0,0,0
2020-11-07 13:30,152,79,73,0,0,0
2020-11-07 13:45,206,96,110,0,0,0
2020-11-07 14:00,157,76,81,0,0,0
2020-11-07 14:15,179,77,102,0,0,0
2020-11-07 14:30,158,72,86,0,0,0
2020-11-07 14:45,178,65,113,0,0,0
2020-11-07 15:00,154,64,90,0,0,0
2020-11-07 15:15,167,84,83,0,0,0
2020-11-07 15:30,164,83,81,0,0,0
2020-11-07 15:45,126,50,76,0,0,0
2020-11-07 16:00,160,53,107,0,0,0
2020-11-07 16:15,156,55,101,0,0,0
2020-11-07 16:30,132,49,83,0,0,0
2020-11-07 16:45,129,57,72,0,0,0
2020-11-07 17:00,117,35,82,0,0,0
2020-11-07 17:15,104,31,73,0,0,0
2020-11-07 17:30,94,43,51,0,0,0
2020-11-07 17:45,115,34,81,0,0,0
2020-11-07 18:00,101,42,59,0,0,0
2020-11-07 18:15,77,41,36,0,0,0
2020-11-07 18:30,80,33,47,0,0,0
2020-11-07 18:45,81,28,53,0,0,0
2020-11-07 19:00,63,21,42,0,0,0
2020-11-07 19:15,44,23,21,0,0,0
2020-11-07 19:30,46,16,30,0,0,0
2020-11-07 19:45,48,11,37,0,0,0
2020-11-07 20:00,39,15,24,0,0,0
2020-11-07 20:15,33,13,20,0,0,0
2020-11-07 20:30,26,14,12,0,0,0
2020-11-07 20:45,30,17,13,0,0,0
2020-11-07 21:00,26,14,12,0,0,0
2020-11-07 21:15,30,7,23,0,0,0
2020-11-07 21:30,25,11,14,0,0,0
2020-11-07 21:45,18,10,8,0,0,0
2020-11-07 22:00,23,12,11,0,0,0
2020-11-07 22:15,15,7,8,0,0,0
2020-11-07 22:30,18,9,9,0,0,0
2020-11-07 22:45,14,4,10,0,0,0
2020-11-07 23:00,17,10,7,0,0,0
2020-11-07 23:15,13,4,9,0,0,0
2020-11-07 23:30,14,3,11,0,0,0
2020-11-07 23:45,13,6,7,0,0,0
2020-11-08 00:00,11,4,7,0,0,0
2020-11-08 00:15,24,7,17,0,0,0
2020-11-08 00:30,7,5,2,0,0,0
2020-11-08 00:45,21,9,12,0,0,0
2020-11-08 01:00,17,9,8,0,0,0
2020-11-08 01:15,9,6,3,0,0,0
2020-11-08 01:30,10,9,1,0,0,0
2020-11-08 01:45,3,1,2,0,0,0
2020-11-08 02:00,2,0,2,0,0,0
2020-11-08 02:15,8,1,7,0,0,0
2020-11-08 02:30,4,2,2,0,0,0
2020-11-08 02:45,3,2,1,0,0,0
2020-11-08 03:00,1,1,0,0,0,0
2020-11-08 03:15,2,2,0,0,0,0
2020-11-08 03:30,9,7,2,0,0,0
2020-11-08 03:45,1,0,1,0,0,0
2020-11-08 04:00,1,1,0,0,0,0
2020-11-08 04:15,2,2,0,0,0,0
2020-11-08 04:30,1,0,1,0,0,0
2020-11-08 04:45,2,1,1,0,0,0
2020-11-08 05:00,3,1,2,0,0,0
2020-11-08 05:15,6,2,4,0,0,0
2020-11-08 05:30,7,7,0,0,0,0
2020-11-08 05:45,2,2,0,0,0,0
2020-11-08 06:00,2,2,0,0,0,0
2020-11-08 06:15,1,1,0,0,0,0
2020-11-08 06:30,11,4,7,0,0,0
2020-11-08 06:45,2,1,1,0,0,0
2020-11-08 07:00,2,0,2,0,0,0
2020-11-08 07:15,5,1,4,0,0,0
2020-11-08 07:30,2,2,0,0,0,0
2020-11-08 07:45,12,5,7,0,0,0
2020-11-08 08:00,4,3,1,0,0,0
2020-11-08 08:15,7,5,2,0,0,0
2020-11-08 08:30,10,4,6,0,0,0
2020-11-08 08:45,13,8,5,0,0,0
2020-11-08 09:00,10,8,2,0,0,0
2020-11-08 09:15,13,8,5,0,0,0
2020-11-08 09:30,21,13,8,0,0,0
2020-11-08 09:45,22,15,7,0,0,0
2020-11-08 10:00,18,8,10,0,0,0
2020-11-08 10:15,19,10,9,0,0,0
2020-11-08 10:30,28,15,13,0,0,0
2020-11-08 10:45,35,21,14,0,0,0
2020-11-08 11:00,32,18,14,0,0,0
2020-11-08 11:15,53,18,35,0,0,0
2020-11-08 11:30,40,14,26,0,0,0
2020-11-08 11:45,54,26,28,0,0,0
2020-11-08 12:00,50,37,13,0,0,0
2020-11-08 12:15,61,33,28,0,0,0
2020-11-08 12:30,77,36,41,0,0,0
2020-11-08 12:45,47,23,24,0,0,0
2020-11-08 13:00,50,25,25,0,0,0
2020-11-08 13:15,65,32,33,0,0,0
2020-11-08 13:30,78,45,33,0,0,0
2020-11-08 13:45,84,44,40,0,0,0
2020-11-08 14:00,79,47,32,0,0,0
2020-11-08 14:15,111,49,62,0,0,0
2020-11-08 14:30,79,29,50,0,0,0
2020-11-08 14:45,107,42,65,0,0,0
2020-11-08 15:00,90,37,53,0,0,0
2020-11-08 15:15,100,35,65,0,0,0
2020-11-08 15:30,74,34,40,0,0,0
2020-11-08 15:45,106,46,60,0,0,0
2020-11-08 16:00,97,24,73,0,0,0
2020-11-08 16:15,66,30,36,0,0,0
2020-11-08 16:30,68,26,42,0,0,0
2020-11-08 16:45,70,26,44,0,0,0
2020-11-08 17:00,74,28,46,0,0,0
2020-11-08 17:15,38,20,18,0,0,0
2020-11-08 17:30,50,20,30,0,0,0
2020-11-08 17:45,41,20,21,0,0,0
2020-11-08 18:00,45,20,25,0,0,0
2020-11-08 18:15,64,23,41,0,0,0
2020-11-08 18:30,42,17,25,0,0,0
2020-11-08 18:45,34,13,21,0,0,0
2020-11-08 19:00,37,16,21,0,0,0
2020-11-08 19:15,31,16,15,0,0,0
2020-11-08 19:30,28,6,22,0,0,0
2020-11-08 19:45,29,12,17,0,0,0
2020-11-08 20:00,36,20,16,0,0,0
2020-11-08 20:15,23,8,15,0,0,0
2020-11-08 20:30,25,10,15,0,0,0
2020-11-08 20:45,15,6,9,0,0,0
2020-11-08 21:00,12,5,7,0,0,0
2020-11-08 21:15,13,7,6,0,0,0
2020-11-08 21:30,11,6,5,0,0,0
2020-11-08 21:45,22,12,10,0,0,0
2020-11-08 22:00,10,1,9,0,0,0
2020-11-08 22:15,15,6,9,0,0,0
2020-11-08 22:30,6,1,5,0,0,0
2020-11-08 22:45,11,6,5,0,0,0
2020-11-08 23:00,7,1,6,0,0,0
2020-11-08 23:15,11,8,3,0,0,0
2020-11-08 23:30,4,3,1,0,0,0
2020-11-08 23:45,5,1,4,0,0,0
2020-11-09 00:00,3,0,3,0,0,0
2020-11-09 00:15,9,5,4,0,0,0
2020-11-09 00:30,5,2,3,0,0,0
2020-11-09 00:45,2,1,1,0,0,0
2020-11-09 01:00,2,2,0,0,0,0
2020-11-09 01:15,2,1,1,0,0,0
2020-11-09 01:30,0,0,0,0,0,0
2020-11-09 01:45,1,1,0,0,0,0
2020-11-09 02:00,0,0,0,0,0,0
2020-11-09 02:15,0,0,0,0,0,0
2020-11-09 02:30,1,1,0,0,0,0
2020-11-09 02:45,1,1,0,0,0,0
2020-11-09 03:00,0,0,0,0,0,0
2020-11-09 03:15,0,0,0,0,0,0
2020-11-09 03:30,1,1,0,0,0,0
2020-11-09 03:45,1,0,1,0,0,0
2020-11-09 04:00,0,0,0,0,0,0
2020-11-09 04:15,4,2,2,0,0,0
2020-11-09 04:30,1,1,0,0,0,0
2020-11-09 04:45,5,3,2,0,0,0
2020-11-09 05:00,6,4,2,0,0,0
2020-11-09 05:15,9,4,5,0,0,0
2020-11-09 05:30,6,6,0,0,0,0
2020-11-09 05:45,20,18,2,0,0,0
2020-11-09 06:00,19,11,8,0,0,0
2020-11-09 06:15,31,22,9,0,0,0
2020-11-09 06:30,41,25,16,0,0,0
2020-11-09 06:45,56,41,15,0,0,0
2020-11-09 07:00,73,46,27,0,0,0
2020-11-09 07:15,115,76,39,0,0,0
2020-11-09 07:30,181,112,69,0,0,0
2020-11-09 07:45,184,133,51,0,0,0
2020-11-09 08:00,136,86,50,0,0,0
2020-11-09 08:15,136,85,51,0,0,0
2020-11-09 08:30,108,76,32,0,0,0
2020-11-09 08:45,131,84,47,0,0,0
2020-11-09 09:00,101,61,40,0,0,0
2020-11-09 09:15,90,59,31,0,0,0
2020-11-09 09:30,107,70,37,0,0,0
2020-11-09 09:45,90,62,28,0,0,0
2020-11-09 10:00,98,57,41,0,0,0
2020-11-09 10:15,89,48,41,0,0,0
2020-11-09 10:30,96,52,44,0,0,0
2020-11-09 10:45,117,63,54,0,0,0
2020-11-09 11:00,107,53,54,0,0,0
2020-11-09 11:15,119,67,52,0,0,0
2020-11-09 11:30,112,51,61,0,0,0
2020-11-09 11:45,88,35,53,0,0,0
2020-11-09 12:00,104,41,63,0,0,0
2020-11-09 12:15,113,50,63,0,0,0
2020-11-09 12:30,135,65,70,0,0,0
2020-11-09 12:45,157,77,80,0,0,0
2020-11-09 13:00,124,39,85,0,0,0
2020-11-09 13:15,128,59,69,0,0,0
2020-11-09 13:30,121,48,73,0,0,0
2020-11-09 13:45,140,64,76,0,0,0
2020-11-09 14:00,158,74,84,0,0,0
2020-11-09 14:15,146,78,68,0,0,0
2020-11-09 14:30,157,72,85,0,0,0
2020-11-09 14:45,168,88,80,0,0,0
2020-11-09 15:00,150,65,85,0,0,0
2020-11-09 15:15,187,79,108,0,0,0
2020-11-09 15:30,195,65,130,0,0,0
2020-11-09 15:45,193,69,124,0,0,0
2020-11-09 16:00,187,73,114,0,0,0
2020-11-09 16:15,185,69,116,0,0,0
2020-11-09 16:30,194,77,117,0,0,0
2020-11-09 16:45,186,72,114,0,0,0
2020-11-09 17:00,172,67,105,0,0,0
2020-11-09 17:15,212,73,139,0,0,0
2020-11-09 17:30,168,63,105,0,0,0
2020-11-09 17:45,147,53,94,0,0,0
2020-11-09 18:00,145,42,103,0,0,0
2020-11-09 18:15,148,52,96,0,0,0
2020-11-09 18:30,106,33,73,0,0,0
2020-11-09 18:45,112,27,85,0,0,0
2020-11-09 19:00,97,25,72,0,0,0
2020-11-09 19:15,75,18,57,0,0,0
2020-11-09 19:30,57,14,43,0,0,0
2020-11-09 19:45,53,17,36,0,0,0
2020-11-09 20:00,44,10,34,0,0,0
2020-11-09 20:15,34,9,25,0,0,0
2020-11-09 20:30,32,10,22,0,0,0
2020-11-09 20:45,18,9,9,0,0,0
2020-11-09 21:00,23,7,16,0,0,0
2020-11-09 21:15,12,6,6,0,0,0
2020-11-09 21:30,22,6,16,0,0,0
2020-11-09 21:45,19,5,14,0,0,0
2020-11-09 22:00,26,14,12,0,0,0
2020-11-09 22:15,18,5,13,0,0,0
2020-11-09 22:30,12,8,4,0,0,0
2020-11-09 22:45,13,4,9,0,0,0
2020-11-09 23:00,9,1,8,0,0,0
2020-11-09 23:15,12,3,9,0,0,0
2020-11-09 23:30,5,2,3,0,0,0
2020-11-09 23:45,9,4,5,0,0,0
2020-11-10 00:00,3,1,2,0,0,0
2020-11-10 00:15,6,6,0,0,0,0
2020-11-10 00:30,5,3,2,0,0,0
2020-11-10 00:45,2,0,2,0,0,0
2020-11-10 01:00,3,2,1,0,0,0
2020-11-10 01:15,1,1,0,0,0,0
2020-11-10 01:30,1,0,1,0,0,0
2020-11-10 01:45,0,0,0,0,0,0
2020-11-10 02:00,0,0,0,0,0,0
2020-11-10 02:15,1,1,0,0,0,0
2020-11-10 02:30,2,0,2,0,0,0
2020-11-10 02:45,0,0,0,0,0,0
2020-11-10 03:00,1,0,1,0,0,0
2020-11-10 03:15,0,0,0,0,0,0
2020-11-10 03:30,0,0,0,0,0,0
2020-11-10 03:45,1,0,1,0,0,0
2020-11-10 04:00,0,0,0,0,0,0
2020-11-10 04:15,0,0,0,0,0,0
2020-11-10 04:30,4,2,2,0,0,0
2020-11-10 04:45,4,3,1,0,0,0
2020-11-10 05:00,2,2,0,0,0,0
2020-11-10 05:15,10,5,5,0,0,0
2020-11-10 05:30,18,15,3,0,0,0
2020-11-10 05:45,26,22,4,0,0,0
2020-11-10 06:00,24,17,7,0,0,0
2020-11-10 06:15,29,22,7,0,0,0
2020-11-10 06:30,47,33,14,0,0,0
2020-11-10 06:45,62,40,22,0,0,0
2020-11-10 07:00,77,51,26,0,0,0
2020-11-10 07:15,111,67,44,0,0,0
2020-11-10 07:30,200,126,74,0,0,0
2020-11-10 07:45,181,115,66,0,0,0
2020-11-10 08:00,129,78,51,0,0,0
2020-11-10 08:15,154,107,47,0,0,0
2020-11-10 08:30,103,63,40,0,0,0
2020-11-10 08:45,109,61,48,0,0,0
2020-11-10 09:00,90,67,23,0,0,0
2020-11-10 09:15,82,55,27,0,0,0
2020-11-10 09:30,87,63,24,0,0,0
2020-11-10 09:45,141,90,51,0,0,0
2020-11-10 10:00,99,58,41,0,0,0
2020-11-10 10:15,88,51,37,0,0,0
2020-11-10 10:30,89,45,44,0,0,0
2020-11-10 10:45,112,68,44,0,0,0
2020-11-10 11:00,90,38,52,0,0,0
2020-11-10 11:15,106,48,58,0,0,0
2020-11-10 11:30,100,45,55,0,0,0
2020-11-10 11:45,131,62,69,0,0,0
2020-11-10 12:00,120,54,66,0,0,0
2020-11-10 12:15,113,49,64,0,0,0
2020-11-10 12:30,138,48,90,0,0,0
2020-11-10 12:45,128,61,67,0,0,0
2020-11-10 13:00,135,64,71,0,0,0
2020-11-10 13:15,119,53,66,0,0,0
2020-11-10 13:30,132,42,90,0,0,0
2020-11-10 13:45,126,56,70,0,0,0
2020-11-10 14:00,158,62,96,0,0,0
2020-11-10 14:15,151,74,77,0,0,0
2020-11-10 14:30,142,69,73,0,0,0
2020-11-10 14:45,172,80,92,0,0,0
2020-11-10 15:00,156,66,90,0,0,0
2020-11-10 15:15,182,81,101,0,0,0
2020-11-10 15:30,179,90,89,0,0,0
2020-11-10 15:45,217,81,136,0,0,0
2020-11-10 16:00,191,97,94,0,0,0
2020-11-10 16:15,207,84,123,0,0,0
2020-11-10 16:30,226,86,140,0,0,0
2020-11-10 16:45,214,89,125,0,0,0
2020-11-10 17:00,176,76,100,0,0,0
2020-11-10 17:15,196,71,125,0,0,0
2020-11-10 17:30,178,53,125,0,0,0
2020-11-10 17:45,169,55,114,0,0,0
2020-11-10 18:00,170,50,120,0,0,0
2020-11-10 18:15,133,34,99,0,0,0
2020-11-10 18:30,103,32,71,0,0,0
2020-11-10 18:45,92,32,60,0,0,0
2020-11-10 19:00,110,34,76,0,0,0
2020-11-10 19:15,84,23,61,0,0,0
2020-11-10 19:30,53,25,28,0,0,0
2020-11-10 19:45,63,25,38,0,0,0
2020-11-10 20:00,46,14,32,0,0,0
2020-11-10 20:15,42,14,28,0,0,0
2020-11-10 20:30,32,16,16,0,0,0
2020-11-10 20:45,25,12,13,0,0,0
2020-11-10 21:00,28,11,17,0,0,0
2020-11-10 21:15,15,2,13,0,0,0
2020-11-10 21:30,16,3,13,0,0,0
2020-11-10 21:45,21,9,12,0,0,0
2020-11-10 22:00,23,8,15,0,0,0
2020-11-10 22:15,18,8,10,0,0,0
2020-11-10 22:30,15,8,7,0,0,0
2020-11-10 22:45,17,5,12,0,0,0
2020-11-10 23:00,14,8,6,0,0,0
2020-11-10 23:15,14,4,10,0,0,0
2020-11-10 23:30,9,5,4,0,0,0
2020-11-10 23:45,3,1,2,0,0,0
2020-11-11 00:00,8,6,2,0,0,0
2020-11-11 00:15,4,3,1,0,0,0
2020-11-11 00:30,2,0,2,0,0,0
2020-11-11 00:45,3,1,2,0,0,0
2020-11-11 01:00,4,4,0,0,0,0
2020-11-11 01:15,0,0,0,0,0,0
2020-11-11 01:30,1,0,1,0,0,0
2020-11-11 01:45,1,1,0,0,0,0
2020-11-11 02:00,0,0,0,0,0,0
2020-11-11 02:15,0,0,0,0,0,0
2020-11-11 02:30,2,0,2,0,0,0
2020-11-11 02:45,0,0,0,0,0,0
2020-11-11 03:00,0,0,0,0,0,0
2020-11-11 03:15,4,3,1,0,0,0
2020-11-11 03:30,0,0,0,0,0,0
2020-11-11 03:45,0,0,0,0,0,0
2020-11-11 04:00,0,0,0,0,0,0
2020-11-11 04:15,0,0,0,0,0,0
2020-11-11 04:30,2,1,1,0,0,0
2020-11-11 04:45,5,4,1,0,0,0
2020-11-11 05:00,4,2,2,0,0,0
2020-11-11 05:15,9,4,5,0,0,0
2020-11-11 05:30,11,9,2,0,0,0
2020-11-11 05:45,28,23,5,0,0,0
2020-11-11 06:00,23,16,7,0,0,0
2020-11-11 06:15,25,18,7,0,0,0
2020-11-11 06:30,40,28,12,0,0,0
2020-11-11 06:45,59,45,14,0,0,0
2020-11-11 07:00,79,47,32,0,0,0
2020-11-11 07:15,113,66,47,0,0,0
2020-11-11 07:30,162,102,60,0,0,0
2020-11-11 07:45,152,110,42,0,0,0
2020-11-11 08:00,123,86,37,0,0,0
2020-11-11 08:15,133,90,43,0,0,0
2020-11-11 08:30,111,75,36,0,0,0
2020-11-11 08:45,114,80,34,0,0,0
2020-11-11 09:00,91,69,22,0,0,0
2020-11-11 09:15,96,61,35,0,0,0
2020-11-11 09:30,91,51,40,0,0,0
2020-11-11 09:45,106,63,43,0,0,0
2020-11-11 10:00,96,67,29,0,0,0
2020-11-11 10:15,103,55,48,0,0,0
2020-11-11 10:30,106,62,44,0,0,0
2020-11-11 10:45,105,59,46,0,0,0
2020-11-11 11:00,121,74,47,0,0,0
2020-11-11 11:15,130,77,53,0,0,0
2020-11-11 11:30,93,46,47,0,0,0
2020-11-11 11:45,124,62,62,0,0,0
2020-11-11 12:00,145,69,76,0,0,0
2020-11-11 12:15,140,70,70,0,0,0
2020-11-11 12:30,138,51,87,0,0,0
2020-11-11 12:45,152,73,79,0,0,0
2020-11-11 13:00,153,57,96,0,0,0
2020-11-11 13:15,161,70,91,0,0,0
2020-11-11 13:30,135,56,79,0,0,0
2020-11-11 13:45,153,80,73,0,0,0
2020-11-11 14:00,135,57,78,0,0,0
2020-11-11 14:15,148,55,93,0,0,0
2020-11-11 14:30,146,55,91,0,0,0
2020-11-11 14:45,159,68,91,0,0,0
2020-11-11 15:00,152,59,93,0,0,0
2020-11-11 15:15,154,65,89,0,0,0
2020-11-11 15:30,159,63,96,0,0,0
2020-11-11 15:45,204,85,119,0,0,0
2020-11-11 16:00,167,60,107,0,0,0
2020-11-11 16:15,172,62,110,0,0,0
2020-11-11 16:30,175,67,108,0,0,0
2020-11-11 16:45,197,88,109,0,0,0
2020-11-11 17:00,188,63,125,0,0,0
2020-11-11 17:15,175,65,110,0,0,0
2020-11-11 17:30,147,57,90,0,0,0
2020-11-11 17:45,173,62,111,0,0,0
2020-11-11 18:00,179,46,133,0,0,0
2020-11-11 18:15,143,48,95,0,0,0
2020-11-11 18:30,95,34,61,0,0,0
2020-11-11 18:45,122,43,79,0,0,0
2020-11-11 19:00,82,18,64,0,0,0
2020-11-11 19:15,73,21,52,0,0,0
2020-11-11 19:30,65,17,48,0,0,0
2020-11-11 19:45,69,24,45,0,0,0
2020-11-11 20:00,69,20,49,0,0,0
2020-11-11 20:15,42,12,30,0,0,0
2020-11-11 20:30,33,7,26,0,0,0
2020-11-11 20:45,34,16,18,0,0,0
2020-11-11 21:00,23,8,15,0,0,0
2020-11-11 21:15,22,9,13,0,0,0
2020-11-11 21:30,28,10,18,0,0,0
2020-11-11 21:45,18,6,12,0,0,0
2020-11-11 22:00,17,8,9,0,0,0
2020-11-11 22:15,27,9,18,0,0,0
2020-11-11 22:30,9,6,3,0,0,0
2020-11-11 22:45,15,8,7,0,0,0
2020-11-11 23:00,12,4,8,0,0,0
2020-11-11 23:15,24,11,13,0,0,0
2020-11-11 23:30,12,7,5,0,0,0
2020-11-11 23:45,13,8,5,0,0,0
2020-11-12 00:00,2,0,2,0,0,0
2020-11-12 00:15,8,6,2,0,0,0
2020-11-12 00:30,12,4,8,0,0,0
2020-11-12 00:45,8,5,3,0,0,0
2020-11-12 01:00,5,4,1,0,0,0
2020-11-12 01:15,11,2,9,0,0,0
2020-11-12 01:30,4,1,3,0,0,0
2020-11-12 01:45,2,1,1,0,0,0
2020-11-12 02:00,0,0,0,0,0,0
2020-11-12 02:15,0,0,0,0,0,0
2020-11-12 02:30,0,0,0,0,0,0
2020-11-12 02:45,1,0,1,0,0,0
2020-11-12 03:00,0,0,0,0,0,0
2020-11-12 03:15,2,2,0,0,0,0
2020-11-12 03:30,0,0,0,0,0,0
2020-11-12 03:45,2,0,2,0,0,0
2020-11-12 04:00,0,0,0,0,0,0
2020-11-12 04:15,1,0,1,0,0,0
2020-11-12 04:30,1,1,0,0,0,0
2020-11-12 04:45,4,4,0,0,0,0
2020-11-12 05:00,6,4,2,0,0,0
2020-11-12 05:15,7,2,5,0,0,0
2020-11-12 05:30,19,13,6,0,0,0
2020-11-12 05:45,23,19,4,0,0,0
2020-11-12 06:00,24,17,7,0,0,0
2020-11-12 06:15,24,17,7,0,0,0
2020-11-12 06:30,34,21,13,0,0,0
2020-11-12 06:45,47,31,16,0,0,0
2020-11-12 07:00,71,47,24,0,0,0
2020-11-12 07:15,106,61,45,0,0,0
2020-11-12 07:30,138,89,49,0,0,0
2020-11-12 07:45,155,100,55,0,0,0
2020-11-12 08:00,158,91,67,0,0,0
2020-11-12 08:15,150,107,43,0,0,0
2020-11-12 08:30,110,78,32,0,0,0
2020-11-12 08:45,112,80,32,0,0,0
2020-11-12 09:00,83,55,28,0,0,0
2020-11-12 09:15,78,53,25,0,0,0
2020-11-12 09:30,67,48,19,0,0,0
2020-11-12 09:45,73,51,22,0,0,0
2020-11-12 10:00,55,33,22,0,0,0
2020-11-12 10:15,60,28,32,0,0,0
2020-11-12 10:30,66,34,32,0,0,0
2020-11-12 10:45,73,37,36,0,0,0
2020-11-12 11:00,91,44,47,0,0,0
2020-11-12 11:15,84,40,44,0,0,0
2020-11-12 11:30,117,53,64,0,0,0
2020-11-12 11:45,114,51,63,0,0,0
2020-11-12 12:00,124,55,69,0,0,0
2020-11-12 12:15,99,45,54,0,0,0
2020-11-12 12:30,126,60,66,0,0,0
2020-11-12 12:45,134,57,77,0,0,0
2020-11-12 13:00,147,46,101,0,0,0
2020-11-12 13:15,120,51,69,0,0,0
2020-11-12 13:30,117,63,54,0,0,0
2020-11-12 13:45,129,58,71,0,0,0
2020-11-12 14:00,127,53,74,0,0,0
2020-11-12 14:15,152,75,77,0,0,0
2020-11-12 14:30,137,65,72,0,0,0
2020-11-12 14:45,161,84,77,0,0,0
2020-11-12 15:00,137,57,80,0,0,0
2020-11-12 15:15,178,90,88,0,0,0
2020-11-12 15:30,199,81,118,0,0,0
2020-11-12 15:45,192,79,113,0,0,0
2020-11-12 16:00,193,83,110,0,0,0
2020-11-12 16:15,182,71,111,0,0,0
2020-11-12 16:30,174,65,109,0,0,0
2020-11-12 16:45,195,74,121,0,0,0
2020-11-12 17:00,172,72,100,0,0,0
2020-11-12 17:15,178,58,120,0,0,0
2020-11-12 17:30,187,56,131,0,0,0
2020-11-12 17:45,167,66,101,0,0,0
2020-11-12 18:00,165,53,112,0,0,0
2020-11-12 18:15,128,33,95,0,0,0
2020-11-12 18:30,101,21,80,0,0,0
2020-11-12 18:45,109,32,77,0,0,0
2020-11-12 19:00,89,31,58,0,0,0
2020-11-12 19:15,80,31,49,0,0,0
2020-11-12 19:30,50,17,33,0,0,0
2020-11-12 19:45,60,22,38,0,0,0
2020-11-12 20:00,49,16,33,0,0,0
2020-11-12 20:15,36,9,27,0,0,0
2020-11-12 20:30,30,17,13,0,0,0
2020-11-12 20:45,16,11,5,0,0,0
2020-11-12 21:00,27,9,18,0,0,0
2020-11-12 21:15,16,5,11,0,0,0
2020-11-12 21:30,27,3,24,0,0,0
2020-11-12 21:45,20,6,14,0,0,0
2020-11-12 22:00,19,7,12,0,0,0
2020-11-12 22:15,24,13,11,0,0,0
2020-11-12 22:30,7,2,5,0,0,0
2020-11-12 22:45,16,6,10,0,0,0
2020-11-12 23:00,11,4,7,0,0,0
2020-11-12 23:15,13,2,11,0,0,0
2020-11-12 23:30,8,4,4,0,0,0
2020-11-12 23:45,5,1,4,0,0,0
2020-11-13 00:00,6,3,3,0,0,0
2020-11-13 00:15,14,3,11,0,0,0
2020-11-13 00:30,0,0,0,0,0,0
2020-11-13 00:45,3,2,1,0,0,0
2020-11-13 01:00,2,0,2,0,0,0
2020-11-13 01:15,9,3,6,0,0,0
2020-11-13 01:30,3,2,1,0,0,0
2020-11-13 01:45,0,0,0,0,0,0
2020-11-13 02:00,3,0,3,0,0,0
2020-11-13 02:15,3,2,1,0,0,0
2020-11-13 02:30,2,1,1,0,0,0
2020-11-13 02:45,2,0,2,0,0,0
2020-11-13 03:00,2,0,2,0,0,0
2020-11-13 03:15,1,0,1,0,0,0
2020-11-13 03:30,0,0,0,0,0,0
2020-11-13 03:45,0,0,0,0,0,0
2020-11-13 04:00,1,0,1,0,0,0
2020-11-13 04:15,0,0,0,0,0,0
2020-11-13 04:30,1,1,0,0,0,0
2020-11-13 04:45,5,3,2,0,0,0
2020-11-13 05:00,5,3,2,0,0,0
2020-11-13 05:15,9,3,6,0,0,0
2020-11-13 05:30,15,11,4,0,0,0
2020-11-13 05:45,21,18,3,0,0,0
2020-11-13 06:00,15,12,3,0,0,0
2020-11-13 06:15,30,20,10,0,0,0
2020-11-13 06:30,41,28,13,0,0,0
2020-11-13 06:45,36,22,14,0,0,0
2020-11-13 07:00,65,39,26,0,0,0
2020-11-13 07:15,84,50,34,0,0,0
2020-11-13 07:30,135,87,48,0,0,0
2020-11-13 07:45,146,98,48,0,0,0
2020-11-13 08:00,132,90,42,0,0,0
2020-11-13 08:15,120,70,50,0,0,0
2020-11-13 08:30,102,70,32,0,0,0
2020-11-13 08:45,105,69,36,0,0,0
2020-11-13 09:00,88,57,31,0,0,0
2020-11-13 09:15,64,48,16,0,0,0
2020-11-13 09:30,84,54,30,0,0,0
2020-11-13 09:45,115,80,35,0,0,0
2020-11-13 10:00,104,61,43,0,0,0
2020-11-13 10:15,105,64,41,0,0,0
2020-11-13 10:30,116,64,52,0,0,0
2020-11-13 10:45,130,60,70,0,0,0
2020-11-13 11:00,123,66,57,0,0,0
2020-11-13 11:15,131,56,75,0,0,0
2020-11-13 11:30,151,78,73,0,0,0
2020-11-13 11:45,171,74,97,0,0,0
2020-11-13 12:00,128,52,76,0,0,0
2020-11-13 12:15,147,61,86,0,0,0
2020-11-13 12:30,169,77,92,0,0,0
2020-11-13 12:45,154,66,88,0,0,0
2020-11-13 13:00,188,53,135,0,0,0
2020-11-13 13:15,171,67,104,0,0,0
2020-11-13 13:30,186,76,110,0,0,0
2020-11-13 13:45,163,72,91,0,0,0
2020-11-13 14:00,174,75,99,0,0,0
2020-11-13 14:15,223,103,120,0,0,0
2020-11-13 14:30,168,66,102,0,0,0
2020-11-13 14:45,206,91,115,0,0,0
2020-11-13 15:00,153,52,101,0,0,0
2020-11-13 15:15,170,71,99,0,0,0
2020-11-13 15:30,176,81,95,0,0,0
2020-11-13 15:45,168,76,92,0,0,0
2020-11-13 16:00,168,57,111,0,0,0
2020-11-13 16:15,199,86,113,0,0,0
2020-11-13 16:30,170,70,100,0,0,0
2020-11-13 16:45,143,55,88,0,0,0
2020-11-13 17:00,144,53,91,0,0,0
2020-11-13 17:15,145,53,92,0,0,0
2020-11-13 17:30,125,42,83,0,0,0
2020-11-13 17:45,113,43,70,0,0,0
2020-11-13 18:00,100,32,68,0,0,0
2020-11-13 18:15,123,35,88,0,0,0
2020-11-13 18:30,93,39,54,0,0,0
2020-11-13 18:45,104,32,72,0,0,0
2020-11-13 19:00,86,25,61,0,0,0
2020-11-13 19:15,64,20,44,0,0,0
2020-11-13 19:30,52,15,37,0,0,0
2020-11-13 19:45,45,15,30,0,0,0
2020-11-13 20:00,61,19,42,0,0,0
2020-11-13 20:15,39,17,22,0,0,0
2020-11-13 20:30,23,10,13,0,0,0
2020-11-13 20:45,30,15,15,0,0,0
2020-11-13 21:00,24,10,14,0,0,0
2020-11-13 21:15,23,11,12,0,0,0
2020-11-13 21:30,20,1,19,0,0,0
2020-11-13 21:45,23,8,15,0,0,0
2020-11-13 22:00,18,4,14,0,0,0
2020-11-13 22:15,12,3,9,0,0,0
2020-11-13 22:30,12,5,7,0,0,0
2020-11-13 22:45,18,9,9,0,0,0
2020-11-13 23:00,20,10,10,0,0,0
2020-11-13 23:15,22,8,14,0,0,0
2020-11-13 23:30,15,6,9,0,0,0
2020-11-13 23:45,24,14,10,0,0,0
2020-11-14 00:00,25,11,14,0,0,0
2020-11-14 00:15,9,7,2,0,0,0
2020-11-14 00:30,13,6,7,0,0,0
2020-11-14 00:45,14,6,8,0,0,0
2020-11-14 01:00,8,2,6,0,0,0
2020-11-14 01:15,13,6,7,0,0,0
2020-11-14 01:30,4,3,1,0,0,0
2020-11-14 01:45,11,3,8,0,0,0
2020-11-14 02:00,9,2,7,0,0,0
2020-11-14 02:15,7,2,5,0,0,0
2020-11-14 02:30,4,3,1,0,0,0
2020-11-14 02:45,4,3,1,0,0,0
2020-11-14 03:00,2,2,0,0,0,0
2020-11-14 03:15,2,1,1,0,0,0
2020-11-14 03:30,3,2,1,0,0,0
2020-11-14 03:45,3,2,1,0,0,0
2020-11-14 04:00,7,3,4,0,0,0
2020-11-14 04:15,1,0,1,0,0,0
2020-11-14 04:30,0,0,0,0,0,0
2020-11-14 04:45,4,2,2,0,0,0
2020-11-14 05:00,1,1,0,0,0,0
2020-11-14 05:15,5,3,2,0,0,0
2020-11-14 05:30,5,1,4,0,0,0
2020-11-14 05:45,11,8,3,0,0,0
2020-11-14 06:00,6,6,0,0,0,0
2020-11-14 06:15,6,3,3,0,0,0
2020-11-14 06:30,8,8,0,0,0,0
2020-11-14 06:45,6,5,1,0,0,0
2020-11-14 07:00,9,4,5,0,0,0
2020-11-14 07:15,9,7,2,0,0,0
2020-11-14 07:30,14,9,5,0,0,0
2020-11-14 07:45,23,11,12,0,0,0
2020-11-14 08:00,21,12,9,0,0,0
2020-11-14 08:15,34,19,15,0,0,0
2020-11-14 08:30,48,34,14,0,0,0
2020-11-14 08:45,57,36,21,0,0,0
2020-11-14 09:00,51,29,22,0,0,0
2020-11-14 09:15,69,41,28,0,0,0
2020-11-14 09:30,78,48,30,0,0,0
2020-11-14 09:45,82,67,15,0,0,0
2020-11-14 10:00,87,62,25,0,0,0
2020-11-14 10:15,104,55,49,0,0,0
2020-11-14 10:30,111,64,47,0,0,0
2020-11-14 10:45,139,91,48,0,0,0
2020-11-14 11:00,136,83,53,0,0,0
2020-11-14 11:15,137,89,48,0,0,0
2020-11-14 11:30,166,92,74,0,0,0
2020-11-14 11:45,170,89,81,0,0,0
2020-11-14 12:00,201,110,91,0,0,0
2020-11-14 12:15,182,104,78,0,0,0
2020-11-14 12:30,200,93,107,0,0,0
2020-11-14 12:45,204,108,96,0,0,0
2020-11-14 13:00,169,85,84,0,0,0
2020-11-14 13:15,148,69,79,0,0,0
2020-11-14 13:30,195,90,105,0,0,0
2020-11-14 13:45,177,85,92,0,0,0
2020-11-14 14:00,177,78,99,0,0,0
2020-11-14 14:15,186,80,106,0,0,0
2020-11-14 14:30,158,61,97,0,0,0
2020-11-14 14:45,176,70,106,0,0,0
2020-11-14 15:00,145,69,76,0,0,0
2020-11-14 15:15,158,66,92,0,0,0
2020-11-14 15:30,179,90,89,0,0,0
2020-11-14 15:45,145,65,80,0,0,0
2020-11-14 16:00,149,65,84,0,0,0
2020-11-14 16:15,149,70,79,0,0,0
2020-11-14 16:30,145,61,84,0,0,0
2020-11-14 16:45,154,59,95,0,0,0
2020-11-14 17:00,117,47,70,0,0,0
2020-11-14 17:15,115,26,89,0,0,0
2020-11-14 17:30,105,40,65,0,0,0
2020-11-14 17:45,85,34,51,0,0,0
2020-11-14 18:00,102,35,67,0,0,0
2020-11-14 18:15,81,31,50,0,0,0
2020-11-14 18:30,63,25,38,0,0,0
2020-11-14 18:45,81,20,61,0,0,0
2020-11-14 19:00,67,26,41,0,0,0
2020-11-14 19:15,55,20,35,0,0,0
2020-11-14 19:30,52,23,29,0,0,0
2020-11-14 19:45,43,17,26,0,0,0
2020-11-14 20:00,54,20,34,0,0,0
2020-11-14 20:15,29,10,19,0,0,0
2020-11-14 20:30,44,15,29,0,0,0
2020-11-14 20:45,34,16,18,0,0,0
2020-11-14 21:00,15,4,11,0,0,0
2020-11-14 21:15,21,6,15,0,0,0
2020-11-14 21:30,28,8,20,0,0,0
2020-11-14 21:45,12,4,8,0,0,0
2020-11-14 22:00,19,5,14,0,0,0
2020-11-14 22:15,16,8,8,0,0,0
2020-11-14 22:30,19,4,15,0,0,0
2020-11-14 22:45,28,8,20,0,0,0
2020-11-14 23:00,12,5,7,0,0,0
2020-11-14 23:15,25,12,13,0,0,0
2020-11-14 23:30,11,0,11,0,0,0
2020-11-14 23:45,23,10,13,0,0,0
2020-11-15 00:00,16,6,10,0,0,0
2020-11-15 00:15,18,8,10,0,0,0
2020-11-15 00:30,19,6,13,0,0,0
2020-11-15 00:45,19,13,6,0,0,0
2020-11-15 01:00,16,10,6,0,0,0
2020-11-15 01:15,18,5,13,0,0,0
2020-11-15 01:30,17,8,9,0,0,0
2020-11-15 01:45,8,3,5,0,0,0
2020-11-15 02:00,14,8,6,0,0,0
2020-11-15 02:15,14,5,9,0,0,0
2020-11-15 02:30,9,7,2,0,0,0
2020-11-15 02:45,11,7,4,0,0,0
2020-11-15 03:00,5,4,1,0,0,0
2020-11-15 03:15,6,1,5,0,0,0
2020-11-15 03:30,4,3,1,0,0,0
2020-11-15 03:45,2,0,2,0,0,0
2020-11-15 04:00,1,1,0,0,0,0
2020-11-15 04:15,1,1,0,0,0,0
2020-11-15 04:30,1,1,0,0,0,0
2020-11-15 04:45,3,3,0,0,0,0
2020-11-15 05:00,1,0,1,0,0,0
2020-11-15 05:15,4,2,2,0,0,0
2020-11-15 05:30,6,4,2,0,0,0
2020-11-15 05:45,5,4,1,0,0,0
2020-11-15 06:00,3,3,0,0,0,0
2020-11-15 06:15,5,4,1,0,0,0
2020-11-15 06:30,3,2,1,0,0,0
2020-11-15 06:45,1,0,1,0,0,0
2020-11-15 07:00,1,0,1,0,0,0
2020-11-15 07:15,3,1,2,0,0,0
2020-11-15 07:30,7,5,2,0,0,0
2020-11-15 07:45,8,5,3,0,0,0
2020-11-15 08:00,6,3,3,0,0,0
2020-11-15 08:15,9,6,3,0,0,0
2020-11-15 08:30,14,8,6,0,0,0
2020-11-15 08:45,9,4,5,0,0,0
2020-11-15 09:00,10,5,5,0,0,0
2020-11-15 09:15,20,10,10,0,0,0
2020-11-15 09:30,25,16,9,0,0,0
2020-11-15 09:45,24,16,8,0,0,0
2020-11-15 10:00,30,20,10,0,0,0
2020-11-15 10:15,33,14,19,0,0,0
2020-11-15 10:30,31,17,14,0,0,0
2020-11-15 10:45,37,19,18,0,0,0
2020-11-15 11:00,48,21,27,0,0,0
2020-11-15 11:15,33,22,11,0,0,0
2020-11-15 11:30,38,21,17,0,0,0
2020-11-15 11:45,54,25,29,0,0,0
2020-11-15 12:00,53,24,29,0,0,0
2020-11-15 12:15,62,23,39,0,0,0
2020-11-15 12:30,74,34,40,0,0,0
2020-11-15 12:45,61,35,26,0,0,0
2020-11-15 13:00,65,28,37,0,0,0
2020-11-15 13:15,81,34,47,0,0,0
2020-11-15 13:30,77,32,45,0,0,0
2020-11-15 13:45,66,29,37,0,0,0
2020-11-15 14:00,102,47,55,0,0,0
2020-11-15 14:15,77,30,47,0,0,0
2020-11-15 14:30,54,22,32,0,0,0
2020-11-15 14:45,86,51,35,0,0,0
2020-11-15 15:00,80,42,38,0,0,0
2020-11-15 15:15,97,32,65,0,0,0
2020-11-15 15:30,64,21,43,0,0,0
2020-11-15 15:45,76,34,42,0,0,0
2020-11-15 16:00,68,31,37,0,0,0
2020-11-15 16:15,72,29,43,0,0,0
2020-11-15 16:30,57,26,31,0,0,0
2020-11-15 16:45,60,21,39,0,0,0
2020-11-15 17:00,52,19,33,0,0,0
2020-11-15 17:15,37,16,21,0,0,0
2020-11-15 17:30,28,14,14,0,0,0
2020-11-15 17:45,38,6,32,0,0,0
2020-11-15 18:00,38,15,23,0,0,0
2020-11-15 18:15,21,12,9,0,0,0
2020-11-15 18:30,31,9,22,0,0,0
2020-11-15 18:45,28,10,18,0,0,0
2020-11-15 19:00,25,12,13,0,0,0
2020-11-15 19:15,26,14,12,0,0,0
2020-11-15 19:30,25,11,14,0,0,0
2020-11-15 19:45,34,15,19,0,0,0
2020-11-15 20:00,20,8,12,0,0,0
2020-11-15 20:15,16,8,8,0,0,0
2020-11-15 20:30,16,5,11,0,0,0
2020-11-15 20:45,11,9,2,0,0,0
2020-11-15 21:00,18,7,11,0,0,0
2020-11-15 21:15,13,6,7,0,0,0
2020-11-15 21:30,9,7,2,0,0,0
2020-11-15 21:45,14,8,6,0,0,0
2020-11-15 22:00,11,7,4,0,0,0
2020-11-15 22:15,10,4,6,0,0,0
2020-11-15 22:30,10,1,9,0,0,0
2020-11-15 22:45,5,3,2,0,0,0
2020-11-15 23:00,8,7,1,0,0,0
2020-11-15 23:15,5,2,3,0,0,0
2020-11-15 23:30,4,3,1,0,0,0
2020-11-15 23:45,2,1,1,0,0,0
2020-11-16 00:00,6,3,3,0,0,0
2020-11-16 00:15,4,0,4,0,0,0
2020-11-16 00:30,2,2,0,0,0,0
2020-11-16 00:45,2,0,2,0,0,0
2020-11-16 01:00,4,3,1,0,0,0
2020-11-16 01:15,0,0,0,0,0,0
2020-11-16 01:30,1,0,1,0,0,0
2020-11-16 01:45,3,1,2,0,0,0
2020-11-16 02:00,0,0,0,0,0,0
2020-11-16 02:15,1,1,0,0,0,0
2020-11-16 02:30,0,0,0,0,0,0
2020-11-16 02:45,0,0,0,0,0,0
2020-11-16 03:00,3,1,2,0,0,0
2020-11-16 03:15,0,0,0,0,0,0
2020-11-16 03:30,1,1,0,0,0,0
2020-11-16 03:45,0,0,0,0,0,0
2020-11-16 04:00,0,0,0,0,0,0
2020-11-16 04:15,1,1,0,0,0,0
2020-11-16 04:30,1,1,0,0,0,0
2020-11-16 04:45,3,2,1,0,0,0
2020-11-16 05:00,2,1,1,0,0,0
2020-11-16 05:15,6,4,2,0,0,0
2020-11-16 05:30,9,7,2,0,0,0
2020-11-16 05:45,15,14,1,0,0,0
2020-11-16 06:00,16,13,3,0,0,0
2020-11-16 06:15,28,16,12,0,0,0
2020-11-16 06:30,36,21,15,0,0,0
2020-11-16 06:45,57,45,12,0,0,0
2020-11-16 07:00,73,47,26,0,0,0
2020-11-16 07:15,99,68,31,0,0,0
2020-11-16 07:30,154,98,56,0,0,0
2020-11-16 07:45,131,91,40,0,0,0
2020-11-16 08:00,138,86,52,0,0,0
2020-11-16 08:15,118,78,40,0,0,0
2020-11-16 08:30,93,62,31,0,0,0
2020-11-16 08:45,144,93,51,0,0,0
2020-11-16 09:00,78,49,29,0,0,0
2020-11-16 09:15,84,60,24,0,0,0
2020-11-16 09:30,119,75,44,0,0,0
2020-11-16 09:45,104,55,49,0,0,0
2020-11-16 10:00,83,46,37,0,0,0
2020-11-16 10:15,91,48,43,0,0,0
2020-11-16 10:30,114,53,61,0,0,0
2020-11-16 10:45,92,48,44,0,0,0
2020-11-16 11:00,108,50,58,0,0,0
2020-11-16 11:15,127,58,69,0,0,0
2020-11-16 11:30,106,50,56,0,0,0
2020-11-16 11:45,106,43,63,0,0,0
2020-11-16 12:00,116,40,76,0,0,0
2020-11-16 12:15,94,34,60,0,0,0
2020-11-16 12:30,104,34,70,0,0,0
2020-11-16 12:45,122,51,71,0,0,0
2020-11-16 13:00,133,52,81,0,0,0
2020-11-16 13:15,106,37,69,0,0,0
2020-11-16 13:30,111,47,64,0,0,0
2020-11-16 13:45,119,43,76,0,0,0
2020-11-16 14:00,116,49,67,0,0,0
2020-11-16 14:15,96,36,60,0,0,0
2020-11-16 14:30,94,33,61,0,0,0
2020-11-16 14:45,133,46,87,0,0,0
2020-11-16 15:00,123,37,86,0,0,0
2020-11-16 15:15,129,41,88,0,0,0
2020-11-16 15:30,135,58,77,0,0,0
2020-11-16 15:45,134,40,94,0,0,0
2020-11-16 16:00,155,60,95,0,0,0
2020-11-16 16:15,180,68,112,0,0,0
2020-11-16 16:30,152,52,100,0,0,0
2020-11-16 16:45,188,76,112,0,0,0
2020-11-16 17:00,169,72,97,0,0,0
2020-11-16 17:15,168,62,106,0,0,0
2020-11-16 17:30,159,46,113,0,0,0
2020-11-16 17:45,154,58,96,0,0,0
2020-11-16 18:00,167,43,124,0,0,0
2020-11-16 18:15,128,31,97,0,0,0
2020-11-16 18:30,105,25,80,0,0,0
2020-11-16 18:45,90,25,65,0,0,0
2020-11-16 19:00,88,24,64,0,0,0
2020-11-16 19:15,87,22,65,0,0,0
2020-11-16 19:30,59,19,40,0,0,0
2020-11-16 19:45,58,13,45,0,0,0
2020-11-16 20:00,43,14,29,0,0,0
2020-11-16 20:15,31,8,23,0,0,0
2020-11-16 20:30,29,16,13,0,0,0
2020-11-16 20:45,26,7,19,0,0,0
2020-11-16 21:00,17,2,15,0,0,0
2020-11-16 21:15,22,12,10,0,0,0
2020-11-16 21:30,8,1,7,0,0,0
2020-11-16 21:45,17,5,12,0,0,0
2020-11-16 22:00,15,8,7,0,0,0
2020-11-16 22:15,16,10,6,0,0,0
2020-11-16 22:30,14,6,8,0,0,0
2020-11-16 22:45,6,2,4,0,0,0
2020-11-16 23:00,16,6,10,0,0,0
2020-11-16 23:15,10,3,7,0,0,0
2020-11-16 23:30,17,3,14,0,0,0
2020-11-16 23:45,5,2,3,0,0,0
2020-11-17 00:00,4,4,0,0,0,0
2020-11-17 00:15,7,2,5,0,0,0
2020-11-17 00:30,6,2,4,0,0,0
2020-11-17 00:45,2,2,0,0,0,0
2020-11-17 01:00,1,0,1,0,0,0
2020-11-17 01:15,1,0,1,0,0,0
2020-11-17 01:30,3,1,2,0,0,0
2020-11-17 01:45,1,0,1,0,0,0
2020-11-17 02:00,1,1,0,0,0,0
2020-11-17 02:15,2,0,2,0,0,0
2020-11-17 02:30,0,0,0,0,0,0
2020-11-17 02:45,0,0,0,0,0,0
2020-11-17 03:00,1,0,1,0,0,0
2020-11-17 03:15,1,0,1,0,0,0
2020-11-17 03:30,0,0,0,0,0,0
2020-11-17 03:45,0,0,0,0,0,0
2020-11-17 04:00,0,0,0,0,0,0
2020-11-17 04:15,0,0,0,0,0,0
2020-11-17 04:30,2,2,0,0,0,0
2020-11-17 04:45,2,2,0,0,0,0
2020-11-17 05:00,3,2,1,0,0,0
2020-11-17 05:15,3,3,0,0,0,0
2020-11-17 05:30,13,8,5,0,0,0
2020-11-17 05:45,18,15,3,0,0,0
2020-11-17 06:00,15,10,5,0,0,0
2020-11-17 06:15,27,18,9,0,0,0
2020-11-17 06:30,32,22,10,0,0,0
2020-11-17 06:45,53,32,21,0,0,0
2020-11-17 07:00,75,48,27,0,0,0
2020-11-17 07:15,98,68,30,0,0,0
2020-11-17 07:30,117,75,42,0,0,0
2020-11-17 07:45,147,100,47,0,0,0
2020-11-17 08:00,145,95,50,0,0,0
2020-11-17 08:15,144,103,41,0,0,0
2020-11-17 08:30,106,74,32,0,0,0
2020-11-17 08:45,113,84,29,0,0,0
2020-11-17 09:00,67,48,19,0,0,0
2020-11-17 09:15,57,39,18,0,0,0
2020-11-17 09:30,85,62,23,0,0,0
2020-11-17 09:45,89,51,38,0,0,0
2020-11-17 10:00,64,31,33,0,0,0
2020-11-17 10:15,94,51,43,0,0,0
2020-11-17 10:30,83,47,36,0,0,0
2020-11-17 10:45,78,51,27,0,0,0
2020-11-17 11:00,80,38,42,0,0,0
2020-11-17 11:15,62,32,30,0,0,0
2020-11-17 11:30,81,39,42,0,0,0
2020-11-17 11:45,92,38,54,0,0,0
2020-11-17 12:00,108,42,66,0,0,0
2020-11-17 12:15,95,50,45,0,0,0
2020-11-17 12:30,104,40,64,0,0,0
2020-11-17 12:45,109,47,62,0,0,0
2020-11-17 13:00,114,41,73,0,0,0
2020-11-17 13:15,132,63,69,0,0,0
2020-11-17 13:30,99,46,53,0,0,0
2020-11-17 13:45,110,41,69,0,0,0
2020-11-17 14:00,94,37,57,0,0,0
2020-11-17 14:15,117,44,73,0,0,0
2020-11-17 14:30,109,43,66,0,0,0
2020-11-17 14:45,134,43,91,0,0,0
2020-11-17 15:00,143,49,94,0,0,0
2020-11-17 15:15,127,67,60,0,0,0
2020-11-17 15:30,135,59,76,0,0,0
2020-11-17 15:45,177,75,102,0,0,0
2020-11-17 16:00,177,65,112,0,0,0
2020-11-17 16:15,175,67,108,0,0,0
2020-11-17 16:30,159,58,101,0,0,0
2020-11-17 16:45,165,67,98,0,0,0
2020-11-17 17:00,169,52,117,0,0,0
2020-11-17 17:15,150,42,108,0,0,0
2020-11-17 17:30,151,50,101,0,0,0
2020-11-17 17:45,133,41,92,0,0,0
2020-11-17 18:00,156,41,115,0,0,0
2020-11-17 18:15,133,41,92,0,0,0
2020-11-17 18:30,109,31,78,0,0,0
2020-11-17 18:45,95,29,66,0,0,0
2020-11-17 19:00,91,22,69,0,0,0
2020-11-17 19:15,69,23,46,0,0,0
2020-11-17 19:30,63,18,45,0,0,0
2020-11-17 19:45,54,15,39,0,0,0
2020-11-17 20:00,63,14,49,0,0,0
2020-11-17 20:15,49,19,30,0,0,0
2020-11-17 20:30,26,8,18,0,0,0
2020-11-17 20:45,21,7,14,0,0,0
2020-11-17 21:00,16,3,13,0,0,0
2020-11-17 21:15,16,5,11,0,0,0
2020-11-17 21:30,22,10,12,0,0,0
2020-11-17 21:45,23,9,14,0,0,0
2020-11-17 22:00,20,11,9,0,0,0
2020-11-17 22:15,23,3,20,0,0,0
2020-11-17 22:30,26,10,16,0,0,0
2020-11-17 22:45,23,8,15,0,0,0
2020-11-17 23:00,15,7,8,0,0,0
2020-11-17 23:15,9,2,7,0,0,0
2020-11-17 23:30,13,7,6,0,0,0
2020-11-17 23:45,12,2,10,0,0,0
2020-11-18 00:00,11,2,9,0,0,0
2020-11-18 00:15,2,2,0,0,0,0
2020-11-18 00:30,4,2,2,0,0,0
2020-11-18 00:45,4,0,4,0,0,0
2020-11-18 01:00,2,2,0,0,0,0
2020-11-18 01:15,1,0,1,0,0,0
2020-11-18 01:30,2,0,2,0,0,0
2020-11-18 01:45,3,0,3,0,0,0
2020-11-18 02:00,1,0,1,0,0,0
2020-11-18 02:15,3,2,1,0,0,0
2020-11-18 02:30,1,0,1,0,0,0
2020-11-18 02:45,3,1,2,0,0,0
2020-11-18 03:00,0,0,0,0,0,0
2020-11-18 03:15,0,0,0,0,0,0
2020-11-18 03:30,0,0,0,0,0,0
2020-11-18 03:45,0,0,0,0,0,0
2020-11-18 04:00,0,0,0,0,0,0
2020-11-18 04:15,0,0,0,0,0,0
2020-11-18 04:30,1,0,1,0,0,0
2020-11-18 04:45,3,3,0,0,0,0
2020-11-18 05:00,4,4,0,0,0,0
2020-11-18 05:15,8,7,1,0,0,0
2020-11-18 05:30,11,9,2,0,0,0
2020-11-18 05:45,30,26,4,0,0,0
2020-11-18 06:00,21,17,4,0,0,0
2020-11-18 06:15,36,29,7,0,0,0
2020-11-18 06:30,45,30,15,0,0,0
2020-11-18 06:45,74,54,20,0,0,0
2020-11-18 07:00,83,57,26,0,0,0
2020-11-18 07:15,108,68,40,0,0,0
2020-11-18 07:30,150,99,51,0,0,0
2020-11-18 07:45,190,121,69,0,0,0
2020-11-18 08:00,172,94,78,0,0,0
2020-11-18 08:15,161,113,48,0,0,0
2020-11-18 08:30,131,88,43,0,0,0
2020-11-18 08:45,161,103,58,0,0,0
2020-11-18 09:00,114,69,45,0,0,0
2020-11-18 09:15,88,61,27,0,0,0
2020-11-18 09:30,125,91,34,0,0,0
2020-11-18 09:45,129,86,43,0,0,0
2020-11-18 10:00,122,73,49,0,0,0
2020-11-18 10:15,131,58,73,0,0,0
2020-11-18 10:30,117,69,48,0,0,0
2020-11-18 10:45,153,85,68,0,0,0
2020-11-18 11:00,136,75,61,0,0,0
2020-11-18 11:15,128,61,67,0,0,0
2020-11-18 11:30,142,72,70,0,0,0
2020-11-18 11:45,168,89,79,0,0,0
2020-11-18 12:00,169,81,88,0,0,0
2020-11-18 12:15,164,70,94,0,0,0
2020-11-18 12:30,173,75,98,0,0,0
2020-11-18 12:45,164,68,96,0,0,0
2020-11-18 13:00,188,65,123,0,0,0
2020-11-18 13:15,193,86,107,0,0,0
2020-11-18 13:30,182,68,114,0,0,0
2020-11-18 13:45,170,68,102,0,0,0
2020-11-18 14:00,163,64,99,0,0,0
2020-11-18 14:15,154,80,74,0,0,0
2020-11-18 14:30,146,61,85,0,0,0
2020-11-18 14:45,170,60,110,0,0,0
2020-11-18 15:00,149,79,70,0,0,0
2020-11-18 15:15,185,66,119,0,0,0
2020-11-18 15:30,174,55,119,0,0,0
2020-11-18 15:45,179,72,107,0,0,0
2020-11-18 16:00,225,88,137,0,0,0
2020-11-18 16:15,204,80,124,0,0,0
2020-11-18 16:30,199,68,131,0,0,0
2020-11-18 16:45,194,61,133,0,0,0
2020-11-18 17:00,200,81,119,0,0,0
2020-11-18 17:15,172,73,99,0,0,0
2020-11-18 17:30,150,43,107,0,0,0
2020-11-18 17:45,160,58,102,0,0,0
2020-11-18 18:00,165,51,114,0,0,0
2020-11-18 18:15,162,51,111,0,0,0
2020-11-18 18:30,106,33,73,0,0,0
2020-11-18 18:45,109,41,68,0,0,0
2020-11-18 19:00,104,31,73,0,0,0
2020-11-18 19:15,91,26,65,0,0,0
2020-11-18 19:30,51,20,31,0,0,0
2020-11-18 19:45,64,23,41,0,0,0
2020-11-18 20:00,60,14,46,0,0,0
2020-11-18 20:15,36,17,19,0,0,0
2020-11-18 20:30,37,7,30,0,0,0
2020-11-18 20:45,33,19,14,0,0,0
2020-11-18 21:00,30,10,20,0,0,0
2020-11-18 21:15,27,9,18,0,0,0
2020-11-18 21:30,17,6,11,0,0,0
2020-11-18 21:45,21,7,14,0,0,0
2020-11-18 22:00,23,8,15,0,0,0
2020-11-18 22:15,21,8,13,0,0,0
2020-11-18 22:30,22,10,12,0,0,0
2020-11-18 22:45,11,3,8,0,0,0
2020-11-18 23:00,20,6,14,0,0,0
2020-11-18 23:15,23,8,15,0,0,0
2020-11-18 23:30,13,8,5,0,0,0
2020-11-18 23:45,14,11,3,0,0,0
2020-11-19 00:00,6,3,3,0,0,0
2020-11-19 00:15,5,0,5,0,0,0
2020-11-19 00:30,4,1,3,0,0,0
2020-11-19 00:45,4,2,2,0,0,0
2020-11-19 01:00,3,2,1,0,0,0
2020-11-19 01:15,1,0,1,0,0,0
2020-11-19 01:30,1,0,1,0,0,0
2020-11-19 01:45,3,1,2,0,0,0
2020-11-19 02:00,0,0,0,0,0,0
2020-11-19 02:15,0,0,0,0,0,0
2020-11-19 02:30,2,1,1,0,0,0
2020-11-19 02:45,1,1,0,0,0,0
2020-11-19 03:00,3,1,2,0,0,0
2020-11-19 03:15,2,1,1,0,0,0
2020-11-19 03:30,0,0,0,0,0,0
2020-11-19 03:45,0,0,0,0,0,0
2020-11-19 04:00,0,0,0,0,0,0
2020-11-19 04:15,0,0,0,0,0,0
2020-11-19 04:30,1,1,0,0,0,0
2020-11-19 04:45,4,4,0,0,0,0
2020-11-19 05:00,1,1,0,0,0,0
2020-11-19 05:15,6,5,1,0,0,0
2020-11-19 05:30,17,10,7,0,0,0
2020-11-19 05:45,16,14,2,0,0,0
2020-11-19 06:00,23,18,5,0,0,0
2020-11-19 06:15,29,22,7,0,0,0
2020-11-19 06:30,41,26,15,0,0,0
2020-11-19 06:45,54,33,21,0,0,0
2020-11-19 07:00,69,45,24,0,0,0
2020-11-19 07:15,113,75,38,0,0,0
2020-11-19 07:30,144,93,51,0,0,0
2020-11-19 07:45,182,124,58,0,0,0
2020-11-19 08:00,144,101,43,0,0,0
2020-11-19 08:15,149,91,58,0,0,0
2020-11-19 08:30,107,73,34,0,0,0
2020-11-19 08:45,131,85,46,0,0,0
2020-11-19 09:00,97,61,36,0,0,0
2020-11-19 09:15,82,61,21,0,0,0
2020-11-19 09:30,87,53,34,0,0,0
2020-11-19 09:45,118,76,42,0,0,0
2020-11-19 10:00,96,53,43,0,0,0
2020-11-19 10:15,85,44,41,0,0,0
2020-11-19 10:30,98,44,54,0,0,0
2020-11-19 10:45,96,57,39,0,0,0
2020-11-19 11:00,102,53,49,0,0,0
2020-11-19 11:15,107,49,58,0,0,0
2020-11-19 11:30,94,41,53,0,0,0
2020-11-19 11:45,107,55,52,0,0,0
2020-11-19 12:00,106,47,59,0,0,0
2020-11-19 12:15,126,54,72,0,0,0
2020-11-19 12:30,104,42,62,0,0,0
2020-11-19 12:45,112,42,70,0,0,0
2020-11-19 13:00,112,50,62,0,0,0
2020-11-19 13:15,100,44,56,0,0,0
2020-11-19 13:30,104,38,66,0,0,0
2020-11-19 13:45,70,35,35,0,0,0
2020-11-19 14:00,117,44,73,0,0,0
2020-11-19 14:15,118,65,53,0,0,0
2020-11-19 14:30,126,72,54,0,0,0
2020-11-19 14:45,127,69,58,0,0,0
2020-11-19 15:00,107,38,69,0,0,0
2020-11-19 15:15,136,57,79,0,0,0
2020-11-19 15:30,157,59,98,0,0,0
2020-11-19 15:45,172,64,108,0,0,0
2020-11-19 16:00,172,61,111,0,0,0
2020-11-19 16:15,147,49,98,0,0,0
2020-11-19 16:30,156,43,113,0,0,0
2020-11-19 16:45,189,71,118,0,0,0
2020-11-19 17:00,174,63,111,0,0,0
2020-11-19 17:15,176,50,126,0,0,0
2020-11-19 17:30,150,54,96,0,0,0
2020-11-19 17:45,140,50,90,0,0,0
2020-11-19 18:00,166,47,119,0,0,0
2020-11-19 18:15,130,41,89,0,0,0
2020-11-19 18:30,105,30,75,0,0,0
2020-11-19 18:45,84,23,61,0,0,0
2020-11-19 19:00,93,26,67,0,0,0
2020-11-19 19:15,91,27,64,0,0,0
2020-11-19 19:30,57,17,40,0,0,0
2020-11-19 19:45,70,23,47,0,0,0
2020-11-19 20:00,59,18,41,0,0,0
2020-11-19 20:15,40,17,23,0,0,0
2020-11-19 20:30,33,8,25,0,0,0
2020-11-19 20:45,31,15,16,0,0,0
2020-11-19 21:00,22,5,17,0,0,0
2020-11-19 21:15,21,9,12,0,0,0
2020-11-19 21:30,27,9,18,0,0,0
2020-11-19 21:45,21,6,15,0,0,0
2020-11-19 22:00,20,9,11,0,0,0
2020-11-19 22:15,18,10,8,0,0,0
2020-11-19 22:30,12,6,6,0,0,0
2020-11-19 22:45,13,4,9,0,0,0
2020-11-19 23:00,10,1,9,0,0,0
2020-11-19 23:15,12,8,4,0,0,0
2020-11-19 23:30,8,4,4,0,0,0
2020-11-19 23:45,10,5,5,0,0,0
2020-11-20 00:00,8,3,5,0,0,0
2020-11-20 00:15,8,3,5,0,0,0
2020-11-20 00:30,7,5,2,0,0,0
2020-11-20 00:45,7,5,2,0,0,0
2020-11-20 01:00,4,2,2,0,0,0
2020-11-20 01:15,3,1,2,0,0,0
2020-11-20 01:30,0,0,0,0,0,0
2020-11-20 01:45,0,0,0,0,0,0
2020-11-20 02:00,2,1,1,0,0,0
2020-11-20 02:15,3,3,0,0,0,0
2020-11-20 02:30,4,1,3,0,0,0
2020-11-20 02:45,1,1,0,0,0,0
2020-11-20 03:00,3,0,3,0,0,0
2020-11-20 03:15,0,0,0,0,0,0
2020-11-20 03:30,2,0,2,0,0,0
2020-11-20 03:45,0,0,0,0,0,0
2020-11-20 04:00,1,1,0,0,0,0
2020-11-20 04:15,0,0,0,0,0,0
2020-11-20 04:30,0,0,0,0,0,0
2020-11-20 04:45,3,3,0,0,0,0
2020-11-20 05:00,1,0,1,0,0,0
2020-11-20 05:15,9,5,4,0,0,0
2020-11-20 05:30,14,11,3,0,0,0
2020-11-20 05:45,16,15,1,0,0,0
2020-11-20 06:00,29,24,5,0,0,0
2020-11-20 06:15,20,18,2,0,0,0
2020-11-20 06:30,40,24,16,0,0,0
2020-11-20 06:45,46,34,12,0,0,0
2020-11-20 07:00,79,52,27,0,0,0
2020-11-20 07:15,83,51,32,0,0,0
2020-11-20 07:30,135,78,57,0,0,0
2020-11-20 07:45,146,109,37,0,0,0
2020-11-20 08:00,133,85,48,0,0,0
2020-11-20 08:15,106,71,35,0,0,0
2020-11-20 08:30,125,79,46,0,0,0
2020-11-20 08:45,112,86,26,0,0,0
2020-11-20 09:00,84,46,38,0,0,0
2020-11-20 09:15,106,63,43,0,0,0
2020-11-20 09:30,92,55,37,0,0,0
2020-11-20 09:45,105,62,43,0,0,0
2020-11-20 10:00,65,33,32,0,0,0
2020-11-20 10:15,80,55,25,0,0,0
2020-11-20 10:30,94,55,39,0,0,0
2020-11-20 10:45,112,59,53,0,0,0
2020-11-20 11:00,115,54,61,0,0,0
2020-11-20 11:15,119,56,63,0,0,0
2020-11-20 11:30,109,48,61,0,0,0
2020-11-20 11:45,172,73,99,0,0,0
2020-11-20 12:00,128,53,75,0,0,0
2020-11-20 12:15,149,49,100,0,0,0
2020-11-20 12:30,161,61,100,0,0,0
2020-11-20 12:45,157,69,88,0,0,0
2020-11-20 13:00,158,53,105,0,0,0
2020-11-20 13:15,189,73,116,0,0,0
2020-11-20 13:30,156,67,89,0,0,0
2020-11-20 13:45,181,86,95,0,0,0
2020-11-20 14:00,203,82,121,0,0,0
2020-11-20 14:15,195,84,111,0,0,0
2020-11-20 14:30,165,74,91,0,0,0
2020-11-20 14:45,169,75,94,0,0,0
2020-11-20 15:00,174,71,103,0,0,0
2020-11-20 15:15,161,80,81,0,0,0
2020-11-20 15:30,182,52,130,0,0,0
2020-11-20 15:45,169,63,106,0,0,0
2020-11-20 16:00,194,81,113,0,0,0
2020-11-20 16:15,192,80,112,0,0,0
2020-11-20 16:30,162,55,107,0,0,0
2020-11-20 16:45,178,56,122,0,0,0
2020-11-20 17:00,138,44,94,0,0,0
2020-11-20 17:15,148,45,103,0,0,0
2020-11-20 17:30,121,38,83,0,0,0
2020-11-20 17:45,130,48,82,0,0,0
2020-11-20 18:00,124,41,83,0,0,0
2020-11-20 18:15,108,39,69,0,0,0
2020-11-20 18:30,100,26,74,0,0,0
2020-11-20 18:45,79,26,53,0,0,0
2020-11-20 19:00,122,30,92,0,0,0
2020-11-20 19:15,86,33,53,0,0,0
2020-11-20 19:30,63,23,40,0,0,0
2020-11-20 19:45,56,19,37,0,0,0
2020-11-20 20:00,58,17,41,0,0,0
2020-11-20 20:15,53,27,26,0,0,0
2020-11-20 20:30,39,16,23,0,0,0
2020-11-20 20:45,28,9,19,0,0,0
2020-11-20 21:00,22,6,16,0,0,0
2020-11-20 21:15,19,6,13,0,0,0
2020-11-20 21:30,17,7,10,0,0,0
2020-11-20 21:45,22,6,16,0,0,0
2020-11-20 22:00,13,8,5,0,0,0
2020-11-20 22:15,13,5,8,0,0,0
2020-11-20 22:30,17,6,11,0,0,0
2020-11-20 22:45,20,10,10,0,0,0
2020-11-20 23:00,13,5,8,0,0,0
2020-11-20 23:15,12,5,7,0,0,0
2020-11-20 23:30,17,7,10,0,0,0
2020-11-20 23:45,16,11,5,0,0,0
2020-11-21 00:00,13,7,6,0,0,0
2020-11-21 00:15,14,6,8,0,0,0
2020-11-21 00:30,11,5,6,0,0,0
2020-11-21 00:45,12,5,7,0,0,0
2020-11-21 01:00,9,3,6,0,0,0
2020-11-21 01:15,11,6,5,0,0,0
2020-11-21 01:30,3,2,1,0,0,0
2020-11-21 01:45,4,0,4,0,0,0
2020-11-21 02:00,7,5,2,0,0,0
2020-11-21 02:15,3,2,1,0,0,0
2020-11-21 02:30,5,1,4,0,0,0
2020-11-21 02:45,7,3,4,0,0,0
2020-11-21 03:00,2,1,1,0,0,0
2020-11-21 03:15,8,5,3,0,0,0
2020-11-21 03:30,1,1,0,0,0,0
2020-11-21 03:45,2,1,1,0,0,0
2020-11-21 04:00,2,0,2,0,0,0
2020-11-21 04:15,0,0,0,0,0,0
2020-11-21 04:30,2,1,1,0,0,0
2020-11-21 04:45,2,1,1,0,0,0
2020-11-21 05:00,2,1,1,0,0,0
2020-11-21 05:15,8,2,6,0,0,0
2020-11-21 05:30,10,6,4,0,0,0
2020-11-21 05:45,14,11,3,0,0,0
2020-11-21 06:00,2,2,0,0,0,0
2020-11-21 06:15,6,4,2,0,0,0
2020-11-21 06:30,5,4,1,0,0,0
2020-11-21 06:45,11,8,3,0,0,0
2020-11-21 07:00,9,7,2,0,0,0
2020-11-21 07:15,9,7,2,0,0,0
2020-11-21 07:30,13,10,3,0,0,0
2020-11-21 07:45,28,20,8,0,0,0
2020-11-21 08:00,25,8,17,0,0,0
2020-11-21 08:15,43,26,17,0,0,0
2020-11-21 08:30,38,24,14,0,0,0
2020-11-21 08:45,52,36,16,0,0,0
2020-11-21 09:00,44,17,27,0,0,0
2020-11-21 09:15,53,31,22,0,0,0
2020-11-21 09:30,60,47,13,0,0,0
2020-11-21 09:45,95,76,19,0,0,0
2020-11-21 10:00,88,52,36,0,0,0
2020-11-21 10:15,86,48,38,0,0,0
2020-11-21 10:30,94,59,35,0,0,0
2020-11-21 10:45,129,89,40,0,0,0
2020-11-21 11:00,129,80,49,0,0,0
2020-11-21 11:15,127,80,47,0,0,0
2020-11-21 11:30,185,106,79,0,0,0
2020-11-21 11:45,186,103,83,0,0,0
2020-11-21 12:00,176,91,85,0,0,0
2020-11-21 12:15,169,88,81,0,0,0
2020-11-21 12:30,130,64,66,0,0,0
2020-11-21 12:45,145,60,85,0,0,0
2020-11-21 13:00,149,96,53,0,0,0
2020-11-21 13:15,144,73,71,0,0,0
2020-11-21 13:30,131,61,70,0,0,0
2020-11-21 13:45,149,74,75,0,0,0
2020-11-21 14:00,150,65,85,0,0,0
2020-11-21 14:15,152,59,93,0,0,0
2020-11-21 14:30,134,50,84,0,0,0
2020-11-21 14:45,153,59,94,0,0,0
2020-11-21 15:00,129,50,79,0,0,0
2020-11-21 15:15,129,52,77,0,0,0
2020-11-21 15:30,137,51,86,0,0,0
2020-11-21 15:45,116,37,79,0,0,0
2020-11-21 16:00,102,44,58,0,0,0
2020-11-21 16:15,113,52,61,0,0,0
2020-11-21 16:30,120,54,66,0,0,0
2020-11-21 16:45,103,29,74,0,0,0
2020-11-21 17:00,93,42,51,0,0,0
2020-11-21 17:15,84,17,67,0,0,0
2020-11-21 17:30,86,28,58,0,0,0
2020-11-21 17:45,76,33,43,0,0,0
2020-11-21 18:00,93,36,57,0,0,0
2020-11-21 18:15,74,20,54,0,0,0
2020-11-21 18:30,89,28,61,0,0,0
2020-11-21 18:45,66,17,49,0,0,0
2020-11-21 19:00,83,26,57,0,0,0
2020-11-21 19:15,58,24,34,0,0,0
2020-11-21 19:30,27,9,18,0,0,0
2020-11-21 19:45,45,17,28,0,0,0
2020-11-21 20:00,39,11,28,0,0,0
2020-11-21 20:15,18,6,12,0,0,0
2020-11-21 20:30,28,11,17,0,0,0
2020-11-21 20:45,21,8,13,0,0,0
2020-11-21 21:00,38,19,19,0,0,0
2020-11-21 21:15,28,13,15,0,0,0
2020-11-21 21:30,16,3,13,0,0,0
2020-11-21 21:45,10,4,6,0,0,0
2020-11-21 22:00,11,4,7,0,0,0
2020-11-21 22:15,7,3,4,0,0,0
2020-11-21 22:30,17,5,12,0,0,0
2020-11-21 22:45,9,5,4,0,0,0
2020-11-21 23:00,9,4,5,0,0,0
2020-11-21 23:15,12,7,5,0,0,0
2020-11-21 23:30,18,11,7,0,0,0
2020-11-21 23:45,15,7,8,0,0,0
2020-11-22 00:00,19,10,9,0,0,0
2020-11-22 00:15,15,8,7,0,0,0
2020-11-22 00:30,12,7,5,0,0,0
2020-11-22 00:45,12,4,8,0,0,0
2020-11-22 01:00,10,5,5,0,0,0
2020-11-22 01:15,15,7,8,0,0,0
2020-11-22 01:30,10,7,3,0,0,0
2020-11-22 01:45,6,2,4,0,0,0
2020-11-22 02:00,10,6,4,0,0,0
2020-11-22 02:15,7,4,3,0,0,0
2020-11-22 02:30,8,3,5,0,0,0
2020-11-22 02:45,7,3,4,0,0,0
2020-11-22 03:00,3,3,0,0,0,0
2020-11-22 03:15,1,0,1,0,0,0
2020-11-22 03:30,6,1,5,0,0,0
2020-11-22 03:45,5,2,3,0,0,0
2020-11-22 04:00,1,0,1,0,0,0
2020-11-22 04:15,0,0,0,0,0,0
2020-11-22 04:30,1,0,1,0,0,0
2020-11-22 04:45,0,0,0,0,0,0
2020-11-22 05:00,2,0,2,0,0,0
2020-11-22 05:15,6,2,4,0,0,0
2020-11-22 05:30,3,1,2,0,0,0
2020-11-22 05:45,1,0,1,0,0,0
2020-11-22 06:00,2,2,0,0,0,0
2020-11-22 06:15,2,1,1,0,0,0
2020-11-22 06:30,6,3,3,0,0,0
2020-11-22 06:45,0,0,0,0,0,0
2020-11-22 07:00,4,3,1,0,0,0
2020-11-22 07:15,4,2,2,0,0,0
2020-11-22 07:30,2,0,2,0,0,0
2020-11-22 07:45,2,1,1,0,0,0
2020-11-22 08:00,5,0,5,0,0,0
2020-11-22 08:15,6,6,0,0,0,0
2020-11-22 08:30,15,9,6,0,0,0
2020-11-22 08:45,16,5,11,0,0,0
2020-11-22 09:00,11,8,3,0,0,0
2020-11-22 09:15,16,7,9,0,0,0
2020-11-22 09:30,8,3,5,0,0,0
2020-11-22 09:45,13,11,2,0,0,0
2020-11-22 10:00,11,6,5,0,0,0
2020-11-22 10:15,15,5,10,0,0,0
2020-11-22 10:30,14,9,5,0,0,0
2020-11-22 10:45,29,17,12,0,0,0
2020-11-22 11:00,19,7,12,0,0,0
2020-11-22 11:15,25,14,11,0,0,0
2020-11-22 11:30,28,17,11,0,0,0
2020-11-22 11:45,24,11,13,0,0,0
2020-11-22 12:00,32,16,16,0,0,0
2020-11-22 12:15,31,16,15,0,0,0
2020-11-22 12:30,35,18,17,0,0,0
2020-11-22 12:45,41,19,22,0,0,0
2020-11-22 13:00,35,11,24,0,0,0
2020-11-22 13:15,44,25,19,0,0,0
2020-11-22 13:30,37,23,14,0,0,0
2020-11-22 13:45,53,27,26,0,0,0
2020-11-22 14:00,54,22,32,0,0,0
2020-11-22 14:15,55,31,24,0,0,0
2020-11-22 14:30,54,26,28,0,0,0
2020-11-22 14:45,60,31,29,0,0,0
2020-11-22 15:00,57,25,32,0,0,0
2020-11-22 15:15,63,27,36,0,0,0
2020-11-22 15:30,50,24,26,0,0,0
2020-11-22 15:45,38,15,23,0,0,0
2020-11-22 16:00,62,21,41,0,0,0
2020-11-22 16:15,61,33,28,0,0,0
2020-11-22 16:30,71,27,44,0,0,0
2020-11-22 16:45,55,22,33,0,0,0
2020-11-22 17:00,55,23,32,0,0,0
2020-11-22 17:15,58,22,36,0,0,0
2020-11-22 17:30,43,13,30,0,0,0
2020-11-22 17:45,52,22,30,0,0,0
2020-11-22 18:00,46,23,23,0,0,0
2020-11-22 18:15,43,16,27,0,0,0
2020-11-22 18:30,53,25,28,0,0,0
2020-11-22 18:45,40,19,21,0,0,0
2020-11-22 19:00,37,16,21,0,0,0
2020-11-22 19:15,30,15,15,0,0,0
2020-11-22 19:30,24,16,8,0,0,0
2020-11-22 19:45,33,13,20,0,0,0
2020-11-22 20:00,28,10,18,0,0,0
2020-11-22 20:15,30,7,23,0,0,0
2020-11-22 20:30,19,9,10,0,0,0
2020-11-22 20:45,24,10,14,0,0,0
2020-11-22 21:00,16,8,8,0,0,0
2020-11-22 21:15,12,7,5,0,0,0
2020-11-22 21:30,16,3,13,0,0,0
2020-11-22 21:45,8,5,3,0,0,0
2020-11-22 22:00,15,5,10,0,0,0
2020-11-22 22:15,13,7,6,0,0,0
2020-11-22 22:30,15,3,12,0,0,0
2020-11-22 22:45,4,1,3,0,0,0
2020-11-22 23:00,10,2,8,0,0,0
2020-11-22 23:15,13,9,4,0,0,0
2020-11-22 23:30,11,2,9,0,0,0
2020-11-22 23:45,5,0,5,0,0,0
2020-11-23 00:00,7,6,1,0,0,0
2020-11-23 00:15,4,1,3,0,0,0
2020-11-23 00:30,5,1,4,0,0,0
2020-11-23 00:45,1,1,0,0,0,0
2020-11-23 01:00,1,1,0,0,0,0
2020-11-23 01:15,2,0,2,0,0,0
2020-11-23 01:30,0,0,0,0,0,0
2020-11-23 01:45,3,3,0,0,0,0
2020-11-23 02:00,1,1,0,0,0,0
2020-11-23 02:15,1,1,0,0,0,0
2020-11-23 02:30,0,0,0,0,0,0
2020-11-23 02:45,1,1,0,0,0,0
2020-11-23 03:00,2,1,1,0,0,0
2020-11-23 03:15,0,0,0,0,0,0
2020-11-23 03:30,1,0,1,0,0,0
2020-11-23 03:45,0,0,0,0,0,0
2020-11-23 04:00,0,0,0,0,0,0
2020-11-23 04:15,1,1,0,0,0,0
2020-11-23 04:30,2,0,2,0,0,0
2020-11-23 04:45,1,1,0,0,0,0
2020-11-23 05:00,4,2,2,0,0,0
2020-11-23 05:15,12,7,5,0,0,0
2020-11-23 05:30,14,10,4,0,0,0
2020-11-23 05:45,16,12,4,0,0,0
2020-11-23 06:00,20,9,11,0,0,0
2020-11-23 06:15,34,22,12,0,0,0
2020-11-23 06:30,39,27,12,0,0,0
2020-11-23 06:45,42,29,13,0,0,0
2020-11-23 07:00,77,55,22,0,0,0
2020-11-23 07:15,101,63,38,0,0,0
2020-11-23 07:30,142,93,49,0,0,0
2020-11-23 07:45,183,112,71,0,0,0
2020-11-23 08:00,134,93,41,0,0,0
2020-11-23 08:15,150,109,41,0,0,0
2020-11-23 08:30,97,68,29,0,0,0
2020-11-23 08:45,137,88,49,0,0,0
2020-11-23 09:00,94,61,33,0,0,0
2020-11-23 09:15,89,52,37,0,0,0
2020-11-23 09:30,88,58,30,0,0,0
2020-11-23 09:45,103,59,44,0,0,0
2020-11-23 10:00,77,37,40,0,0,0
2020-11-23 10:15,91,44,47,0,0,0
2020-11-23 10:30,101,52,49,0,0,0
2020-11-23 10:45,118,69,49,0,0,0
2020-11-23 11:00,100,48,52,0,0,0
2020-11-23 11:15,126,59,67,0,0,0
2020-11-23 11:30,114,53,61,0,0,0
2020-11-23 11:45,135,61,74,0,0,0
2020-11-23 12:00,136,60,76,0,0,0
2020-11-23 12:15,127,50,77,0,0,0
2020-11-23 12:30,144,54,90,0,0,0
2020-11-23 12:45,126,48,78,0,0,0
2020-11-23 13:00,146,59,87,0,0,0
2020-11-23 13:15,151,59,92,0,0,0
2020-11-23 13:30,126,57,69,0,0,0
2020-11-23 13:45,161,68,93,0,0,0
2020-11-23 14:00,155,68,87,0,0,0
2020-11-23 14:15,165,74,91,0,0,0
2020-11-23 14:30,153,69,84,0,0,0
2020-11-23 14:45,157,77,80,0,0,0
2020-11-23 15:00,165,65,100,0,0,0
2020-11-23 15:15,146,53,93,0,0,0
2020-11-23 15:30,172,65,107,0,0,0
2020-11-23 15:45,183,77,106,0,0,0
2020-11-23 16:00,192,67,125,0,0,0
2020-11-23 16:15,198,82,116,0,0,0
2020-11-23 16:30,192,68,124,0,0,0
2020-11-23 16:45,196,71,125,0,0,0
2020-11-23 17:00,183,81,102,0,0,0
2020-11-23 17:15,167,58,109,0,0,0
2020-11-23 17:30,149,43,106,0,0,0
2020-11-23 17:45,145,40,105,0,0,0
2020-11-23 18:00,139,38,101,0,0,0
2020-11-23 18:15,144,45,99,0,0,0
2020-11-23 18:30,109,25,84,0,0,0
2020-11-23 18:45,88,21,67,0,0,0
2020-11-23 19:00,76,21,55,0,0,0
2020-11-23 19:15,78,12,66,0,0,0
2020-11-23 19:30,61,16,45,0,0,0
2020-11-23 19:45,63,11,52,0,0,0
2020-11-23 20:00,45,12,33,0,0,0
2020-11-23 20:15,24,8,16,0,0,0
2020-11-23 20:30,25,15,10,0,0,0
2020-11-23 20:45,26,9,17,0,0,0
2020-11-23 21:00,20,5,15,0,0,0
2020-11-23 21:15,27,9,18,0,0,0
2020-11-23 21:30,19,6,13,0,0,0
2020-11-23 21:45,11,2,9,0,0,0
2020-11-23 22:00,14,5,9,0,0,0
2020-11-23 22:15,16,6,10,0,0,0
2020-11-23 22:30,13,1,12,0,0,0
2020-11-23 22:45,13,3,10,0,0,0
2020-11-23 23:00,16,4,12,0,0,0
2020-11-23 23:15,7,3,4,0,0,0
2020-11-23 23:30,5,3,2,0,0,0
2020-11-23 23:45,8,7,1,0,0,0
2020-11-24 00:00,7,5,2,0,0,0
2020-11-24 00:15,5,2,3,0,0,0
2020-11-24 00:30,4,3,1,0,0,0
2020-11-24 00:45,4,2,2,0,0,0
2020-11-24 01:00,0,0,0,0,0,0
2020-11-24 01:15,4,2,2,0,0,0
2020-11-24 01:30,1,1,0,0,0,0
2020-11-24 01:45,0,0,0,0,0,0
2020-11-24 02:00,5,1,4,0,0,0
2020-11-24 02:15,0,0,0,0,0,0
2020-11-24 02:30,0,0,0,0,0,0
2020-11-24 02:45,0,0,0,0,0,0
2020-11-24 03:00,0,0,0,0,0,0
2020-11-24 03:15,1,0,1,0,0,0
2020-11-24 03:30,2,1,1,0,0,0
2020-11-24 03:45,0,0,0,0,0,0
2020-11-24 04:00,0,0,0,0,0,0
2020-11-24 04:15,0,0,0,0,0,0
2020-11-24 04:30,1,1,0,0,0,0
2020-11-24 04:45,4,3,1,0,0,0
2020-11-24 05:00,5,3,2,0,0,0
2020-11-24 05:15,12,5,7,0,0,0
2020-11-24 05:30,21,17,4,0,0,0
2020-11-24 05:45,18,13,5,0,0,0
2020-11-24 06:00,25,15,10,0,0,0
2020-11-24 06:15,37,23,14,0,0,0
2020-11-24 06:30,49,28,21,0,0,0
2020-11-24 06:45,57,35,22,0,0,0
2020-11-24 07:00,69,46,23,0,0,0
2020-11-24 07:15,104,63,41,0,0,0
2020-11-24 07:30,139,98,41,0,0,0
2020-11-24 07:45,190,126,64,0,0,0
2020-11-24 08:00,132,73,59,0,0,0
2020-11-24 08:15,158,108,50,0,0,0
2020-11-24 08:30,105,79,26,0,0,0
2020-11-24 08:45,137,93,44,0,0,0
2020-11-24 09:00,97,64,33,0,0,0
2020-11-24 09:15,77,56,21,0,0,0
2020-11-24 09:30,98,63,35,0,0,0
2020-11-24 09:45,113,62,51,0,0,0
2020-11-24 10:00,78,46,32,0,0,0
2020-11-24 10:15,87,49,38,0,0,0
2020-11-24 10:30,105,55,50,0,0,0
2020-11-24 10:45,100,56,44,0,0,0
2020-11-24 11:00,101,37,64,0,0,0
2020-11-24 11:15,102,47,55,0,0,0
2020-11-24 11:30,115,48,67,0,0,0
2020-11-24 11:45,127,64,63,0,0,0
2020-11-24 12:00,131,44,87,0,0,0
2020-11-24 12:15,150,71,79,0,0,0
2020-11-24 12:30,139,70,69,0,0,0
2020-11-24 12:45,152,51,101,0,0,0
2020-11-24 13:00,162,66,96,0,0,0
2020-11-24 13:15,149,66,83,0,0,0
2020-11-24 13:30,130,57,73,0,0,0
2020-11-24 13:45,136,49,87,0,0,0
2020-11-24 14:00,135,56,79,0,0,0
2020-11-24 14:15,172,91,81,0,0,0
2020-11-24 14:30,149,71,78,0,0,0
2020-11-24 14:45,178,91,87,0,0,0
2020-11-24 15:00,157,70,87,0,0,0
2020-11-24 15:15,162,75,87,0,0,0
2020-11-24 15:30,175,77,98,0,0,0
2020-11-24 15:45,191,76,115,0,0,0
2020-11-24 16:00,227,87,140,0,0,0
2020-11-24 16:15,215,98,117,0,0,0
2020-11-24 16:30,174,77,97,0,0,0
2020-11-24 16:45,223,95,128,0,0,0
2020-11-24 17:00,173,54,119,0,0,0
2020-11-24 17:15,186,56,130,0,0,0
2020-11-24 17:30,192,58,134,0,0,0
2020-11-24 17:45,170,57,113,0,0,0
2020-11-24 18:00,174,46,128,0,0,0
2020-11-24 18:15,135,50,85,0,0,0
2020-11-24 18:30,120,30,90,0,0,0
2020-11-24 18:45,111,29,82,0,0,0
2020-11-24 19:00,82,23,59,0,0,0
2020-11-24 19:15,101,22,79,0,0,0
2020-11-24 19:30,80,28,52,0,0,0
2020-11-24 19:45,80,28,52,0,0,0
2020-11-24 20:00,42,9,33,0,0,0
2020-11-24 20:15,54,13,41,0,0,0
2020-11-24 20:30,33,16,17,0,0,0
2020-11-24 20:45,26,11,15,0,0,0
2020-11-24 21:00,25,8,17,0,0,0
2020-11-24 21:15,14,4,10,0,0,0
2020-11-24 21:30,23,9,14,0,0,0
2020-11-24 21:45,19,6,13,0,0,0
2020-11-24 22:00,18,4,14,0,0,0
2020-11-24 22:15,21,6,15,0,0,0
2020-11-24 22:30,22,8,14,0,0,0
2020-11-24 22:45,13,7,6,0,0,0
2020-11-24 23:00,11,7,4,0,0,0
2020-11-24 23:15,12,8,4,0,0,0
2020-11-24 23:30,11,4,7,0,0,0
2020-11-24 23:45,9,7,2,0,0,0
2020-11-25 00:00,3,2,1,0,0,0
2020-11-25 00:15,4,3,1,0,0,0
2020-11-25 00:30,8,4,4,0,0,0
2020-11-25 00:45,6,1,5,0,0,0
2020-11-25 01:00,5,1,4,0,0,0
2020-11-25 01:15,2,2,0,0,0,0
2020-11-25 01:30,3,1,2,0,0,0
2020-11-25 01:45,1,0,1,0,0,0
2020-11-25 02:00,1,0,1,0,0,0
2020-11-25 02:15,2,1,1,0,0,0
2020-11-25 02:30,0,0,0,0,0,0
2020-11-25 02:45,0,0,0,0,0,0
2020-11-25 03:00,1,0,1,0,0,0
2020-11-25 03:15,1,0,1,0,0,0
2020-11-25 03:30,2,1,1,0,0,0
2020-11-25 03:45,0,0,0,0,0,0
2020-11-25 04:00,0,0,0,0,0,0
2020-11-25 04:15,1,1,0,0,0,0
2020-11-25 04:30,2,1,1,0,0,0
2020-11-25 04:45,1,0,1,0,0,0
2020-11-25 05:00,4,3,1,0,0,0
2020-11-25 05:15,10,5,5,0,0,0
2020-11-25 05:30,17,11,6,0,0,0
2020-11-25 05:45,23,21,2,0,0,0
2020-11-25 06:00,25,21,4,0,0,0
2020-11-25 06:15,35,26,9,0,0,0
2020-11-25 06:30,49,31,18,0,0,0
2020-11-25 06:45,56,44,12,0,0,0
2020-11-25 07:00,83,60,23,0,0,0
2020-11-25 07:15,108,72,36,0,0,0
2020-11-25 07:30,164,110,54,0,0,0
2020-11-25 07:45,178,121,57,0,0,0
2020-11-25 08:00,163,98,65,0,0,0
2020-11-25 08:15,150,99,51,0,0,0
2020-11-25 08:30,130,100,30,0,0,0
2020-11-25 08:45,151,101,50,0,0,0
2020-11-25 09:00,116,74,42,0,0,0
2020-11-25 09:15,100,73,27,0,0,0
2020-11-25 09:30,113,74,39,0,0,0
2020-11-25 09:45,123,86,37,0,0,0
2020-11-25 10:00,123,85,38,0,0,0
2020-11-25 10:15,128,81,47,0,0,0
2020-11-25 10:30,124,86,38,0,0,0
2020-11-25 10:45,145,79,66,0,0,0
2020-11-25 11:00,130,73,57,0,0,0
2020-11-25 11:15,140,77,63,0,0,0
2020-11-25 11:30,158,87,71,0,0,0
2020-11-25 11:45,171,80,91,0,0,0
2020-11-25 12:00,173,80,93,0,0,0
2020-11-25 12:15,176,80,96,0,0,0
2020-11-25 12:30,161,69,92,0,0,0
2020-11-25 12:45,160,73,87,0,0,0
2020-11-25 13:00,197,83,114,0,0,0
2020-11-25 13:15,150,59,91,0,0,0
2020-11-25 13:30,180,62,118,0,0,0
2020-11-25 13:45,172,64,108,0,0,0
2020-11-25 14:00,138,49,89,0,0,0
2020-11-25 14:15,151,75,76,0,0,0
2020-11-25 14:30,153,62,91,0,0,0
2020-11-25 14:45,166,76,90,0,0,0
2020-11-25 15:00,148,49,99,0,0,0
2020-11-25 15:15,179,66,113,0,0,0
2020-11-25 15:30,162,67,95,0,0,0
2020-11-25 15:45,176,60,116,0,0,0
2020-11-25 16:00,178,60,118,0,0,0
2020-11-25 16:15,196,80,116,0,0,0
2020-11-25 16:30,199,72,127,0,0,0
2020-11-25 16:45,166,55,111,0,0,0
2020-11-25 17:00,195,73,122,0,0,0
2020-11-25 17:15,165,65,100,0,0,0
2020-11-25 17:30,144,52,92,0,0,0
2020-11-25 17:45,142,58,84,0,0,0
2020-11-25 18:00,148,41,107,0,0,0
2020-11-25 18:15,124,37,87,0,0,0
2020-11-25 18:30,103,29,74,0,0,0
2020-11-25 18:45,103,32,71,0,0,0
2020-11-25 19:00,77,24,53,0,0,0
2020-11-25 19:15,93,24,69,0,0,0
2020-11-25 19:30,67,15,52,0,0,0
2020-11-25 19:45,55,17,38,0,0,0
2020-11-25 20:00,52,13,39,0,0,0
2020-11-25 20:15,59,12,47,0,0,0
2020-11-25 20:30,39,11,28,0,0,0
2020-11-25 20:45,36,17,19,0,0,0
2020-11-25 21:00,26,8,18,0,0,0
2020-11-25 21:15,24,9,15,0,0,0
2020-11-25 21:30,24,8,16,0,0,0
2020-11-25 21:45,13,5,8,0,0,0
2020-11-25 22:00,27,9,18,0,0,0
2020-11-25 22:15,23,7,16,0,0,0
2020-11-25 22:30,26,12,14,0,0,0
2020-11-25 22:45,23,12,11,0,0,0
2020-11-25 23:00,29,20,9,0,0,0
2020-11-25 23:15,12,8,4,0,0,0
2020-11-25 23:30,7,3,4,0,0,0
2020-11-25 23:45,6,5,1,0,0,0
2020-11-26 00:00,8,5,3,0,0,0
2020-11-26 00:15,15,3,12,0,0,0
2020-11-26 00:30,4,2,2,0,0,0
2020-11-26 00:45,4,4,0,0,0,0
2020-11-26 01:00,4,2,2,0,0,0
2020-11-26 01:15,1,0,1,0,0,0
2020-11-26 01:30,2,1,1,0,0,0
2020-11-26 01:45,1,0,1,0,0,0
2020-11-26 02:00,3,1,2,0,0,0
2020-11-26 02:15,0,0,0,0,0,0
2020-11-26 02:30,1,0,1,0,0,0
2020-11-26 02:45,0,0,0,0,0,0
2020-11-26 03:00,1,0,1,0,0,0
2020-11-26 03:15,1,1,0,0,0,0
2020-11-26 03:30,1,0,1,0,0,0
2020-11-26 03:45,0,0,0,0,0,0
2020-11-26 04:00,1,1,0,0,0,0
2020-11-26 04:15,1,1,0,0,0,0
2020-11-26 04:30,2,1,1,0,0,0
2020-11-26 04:45,4,2,2,0,0,0
2020-11-26 05:00,6,2,4,0,0,0
2020-11-26 05:15,8,3,5,0,0,0
2020-11-26 05:30,20,16,4,0,0,0
2020-11-26 05:45,15,12,3,0,0,0
2020-11-26 06:00,32,25,7,0,0,0
2020-11-26 06:15,25,17,8,0,0,0
2020-11-26 06:30,42,27,15,0,0,0
2020-11-26 06:45,54,31,23,0,0,0
2020-11-26 07:00,70,52,18,0,0,0
2020-11-26 07:15,96,59,37,0,0,0
2020-11-26 07:30,133,86,47,0,0,0
2020-11-26 07:45,166,109,57,0,0,0
2020-11-26 08:00,128,87,41,0,0,0
2020-11-26 08:15,130,94,36,0,0,0
2020-11-26 08:30,106,69,37,0,0,0
2020-11-26 08:45,134,89,45,0,0,0
2020-11-26 09:00,72,49,23,0,0,0
2020-11-26 09:15,78,56,22,0,0,0
2020-11-26 09:30,82,57,25,0,0,0
2020-11-26 09:45,111,73,38,0,0,0
2020-11-26 10:00,81,49,32,0,0,0
2020-11-26 10:15,84,39,45,0,0,0
2020-11-26 10:30,84,55,29,0,0,0
2020-11-26 10:45,102,57,45,0,0,0
2020-11-26 11:00,89,45,44,0,0,0
2020-11-26 11:15,89,51,38,0,0,0
2020-11-26 11:30,77,26,51,0,0,0
2020-11-26 11:45,113,54,59,0,0,0
2020-11-26 12:00,109,46,63,0,0,0
2020-11-26 12:15,119,48,71,0,0,0
2020-11-26 12:30,129,49,80,0,0,0
2020-11-26 12:45,99,37,62,0,0,0
2020-11-26 13:00,147,60,87,0,0,0
2020-11-26 13:15,122,54,68,0,0,0
2020-11-26 13:30,123,48,75,0,0,0
2020-11-26 13:45,141,63,78,0,0,0
2020-11-26 14:00,125,56,69,0,0,0
2020-11-26 14:15,166,63,103,0,0,0
2020-11-26 14:30,136,67,69,0,0,0
2020-11-26 14:45,129,48,81,0,0,0
2020-11-26 15:00,153,68,85,0,0,0
2020-11-26 15:15,159,75,84,0,0,0
2020-11-26 15:30,163,63,100,0,0,0
2020-11-26 15:45,179,74,105,0,0,0
2020-11-26 16:00,172,74,98,0,0,0
2020-11-26 16:15,157,55,102,0,0,0
2020-11-26 16:30,188,82,106,0,0,0
2020-11-26 16:45,171,69,102,0,0,0
2020-11-26 17:00,169,46,123,0,0,0
2020-11-26 17:15,143,46,97,0,0,0
2020-11-26 17:30,139,61,78,0,0,0
2020-11-26 17:45,143,45,98,0,0,0
2020-11-26 18:00,156,46,110,0,0,0
2020-11-26 18:15,138,39,99,0,0,0
2020-11-26 18:30,102,26,76,0,0,0
2020-11-26 18:45,116,40,76,0,0,0
2020-11-26 19:00,83,22,61,0,0,0
2020-11-26 19:15,92,30,62,0,0,0
2020-11-26 19:30,66,18,48,0,0,0
2020-11-26 19:45,57,14,43,0,0,0
2020-11-26 20:00,54,15,39,0,0,0
2020-11-26 20:15,33,11,22,0,0,0
2020-11-26 20:30,24,4,20,0,0,0
2020-11-26 20:45,19,9,10,0,0,0
2020-11-26 21:00,29,7,22,0,0,0
2020-11-26 21:15,30,8,22,0,0,0
2020-11-26 21:30,21,5,16,0,0,0
2020-11-26 21:45,12,5,7,0,0,0
2020-11-26 22:00,25,7,18,0,0,0
2020-11-26 22:15,21,7,14,0,0,0
2020-11-26 22:30,12,6,6,0,0,0
2020-11-26 22:45,14,5,9,0,0,0
2020-11-26 23:00,20,9,11,0,0,0
2020-11-26 23:15,6,1,5,0,0,0
2020-11-26 23:30,8,5,3,0,0,0
2020-11-26 23:45,7,3,4,0,0,0
2020-11-27 00:00,4,0,4,0,0,0
2020-11-27 00:15,7,6,1,0,0,0
2020-11-27 00:30,11,2,9,0,0,0
2020-11-27 00:45,5,1,4,0,0,0
2020-11-27 01:00,6,3,3,0,0,0
2020-11-27 01:15,3,0,3,0,0,0
2020-11-27 01:30,4,3,1,0,0,0
2020-11-27 01:45,2,2,0,0,0,0
2020-11-27 02:00,1,1,0,0,0,0
2020-11-27 02:15,3,0,3,0,0,0
2020-11-27 02:30,0,0,0,0,0,0
2020-11-27 02:45,0,0,0,0,0,0
2020-11-27 03:00,0,0,0,0,0,0
2020-11-27 03:15,0,0,0,0,0,0
2020-11-27 03:30,1,0,1,0,0,0
2020-11-27 03:45,0,0,0,0,0,0
2020-11-27 04:00,0,0,0,0,0,0
2020-11-27 04:15,1,1,0,0,0,0
2020-11-27 04:30,0,0,0,0,0,0
2020-11-27 04:45,3,2,1,0,0,0
2020-11-27 05:00,5,3,2,0,0,0
2020-11-27 05:15,15,6,9,0,0,0
2020-11-27 05:30,19,14,5,0,0,0
2020-11-27 05:45,17,16,1,0,0,0
2020-11-27 06:00,25,17,8,0,0,0
2020-11-27 06:15,26,21,5,0,0,0
2020-11-27 06:30,36,22,14,0,0,0
2020-11-27 06:45,53,36,17,0,0,0
2020-11-27 07:00,68,40,28,0,0,0
2020-11-27 07:15,100,53,47,0,0,0
2020-11-27 07:30,127,77,50,0,0,0
2020-11-27 07:45,162,119,43,0,0,0
2020-11-27 08:00,132,86,46,0,0,0
2020-11-27 08:15,139,90,49,0,0,0
2020-11-27 08:30,117,79,38,0,0,0
2020-11-27 08:45,119,78,41,0,0,0
2020-11-27 09:00,91,61,30,0,0,0
2020-11-27 09:15,109,66,43,0,0,0
2020-11-27 09:30,101,69,32,0,0,0
2020-11-27 09:45,128,93,35,0,0,0
2020-11-27 10:00,105,74,31,0,0,0
2020-11-27 10:15,127,80,47,0,0,0
2020-11-27 10:30,107,68,39,0,0,0
2020-11-27 10:45,150,82,68,0,0,0
2020-11-27 11:00,139,68,71,0,0,0
2020-11-27 11:15,125,64,61,0,0,0
2020-11-27 11:30,141,55,86,0,0,0
2020-11-27 11:45,149,74,75,0,0,0
2020-11-27 12:00,181,81,100,0,0,0
2020-11-27 12:15,176,69,107,0,0,0
2020-11-27 12:30,171,75,96,0,0,0
2020-11-27 12:45,179,89,90,0,0,0
2020-11-27 13:00,194,76,118,0,0,0
2020-11-27 13:15,168,77,91,0,0,0
2020-11-27 13:30,178,80,98,0,0,0
2020-11-27 13:45,194,90,104,0,0,0
2020-11-27 14:00,199,86,113,0,0,0
2020-11-27 14:15,171,62,109,0,0,0
2020-11-27 14:30,190,74,116,0,0,0
2020-11-27 14:45,211,103,108,0,0,0
2020-11-27 15:00,210,87,123,0,0,0
2020-11-27 15:15,219,103,116,0,0,0
2020-11-27 15:30,199,91,108,0,0,0
2020-11-27 15:45,207,84,123,0,0,0
2020-11-27 16:00,189,94,95,0,0,0
2020-11-27 16:15,179,69,110,0,0,0
2020-11-27 16:30,191,86,105,0,0,0
2020-11-27 16:45,173,73,100,0,0,0
2020-11-27 17:00,158,69,89,0,0,0
2020-11-27 17:15,177,77,100,0,0,0
2020-11-27 17:30,149,51,98,0,0,0
2020-11-27 17:45,157,47,110,0,0,0
2020-11-27 18:00,140,56,84,0,0,0
2020-11-27 18:15,129,54,75,0,0,0
2020-11-27 18:30,106,37,69,0,0,0
2020-11-27 18:45,118,32,86,0,0,0
2020-11-27 19:00,99,39,60,0,0,0
2020-11-27 19:15,89,23,66,0,0,0
2020-11-27 19:30,76,21,55,0,0,0
2020-11-27 19:45,74,21,53,0,0,0
2020-11-27 20:00,69,20,49,0,0,0
2020-11-27 20:15,52,20,32,0,0,0
2020-11-27 20:30,46,13,33,0,0,0
2020-11-27 20:45,36,14,22,0,0,0
2020-11-27 21:00,27,14,13,0,0,0
2020-11-27 21:15,19,5,14,0,0,0
2020-11-27 21:30,15,9,6,0,0,0
2020-11-27 21:45,27,7,20,0,0,0
2020-11-27 22:00,20,8,12,0,0,0
2020-11-27 22:15,18,4,14,0,0,0
2020-11-27 22:30,21,5,16,0,0,0
2020-11-27 22:45,28,13,15,0,0,0
2020-11-27 23:00,17,4,13,0,0,0
2020-11-27 23:15,12,5,7,0,0,0
2020-11-27 23:30,24,5,19,0,0,0
2020-11-27 23:45,15,10,5,0,0,0
2020-11-28 00:00,10,4,6,0,0,0
2020-11-28 00:15,12,4,8,0,0,0
2020-11-28 00:30,23,11,12,0,0,0
2020-11-28 00:45,12,2,10,0,0,0
2020-11-28 01:00,15,8,7,0,0,0
2020-11-28 01:15,10,6,4,0,0,0
2020-11-28 01:30,7,3,4,0,0,0
2020-11-28 01:45,3,1,2,0,0,0
2020-11-28 02:00,12,2,10,0,0,0
2020-11-28 02:15,5,2,3,0,0,0
2020-11-28 02:30,4,1,3,0,0,0
2020-11-28 02:45,5,4,1,0,0,0
2020-11-28 03:00,3,0,3,0,0,0
2020-11-28 03:15,7,1,6,0,0,0
2020-11-28 03:30,4,0,4,0,0,0
2020-11-28 03:45,4,0,4,0,0,0
2020-11-28 04:00,3,1,2,0,0,0
2020-11-28 04:15,0,0,0,0,0,0
2020-11-28 04:30,3,3,0,0,0,0
2020-11-28 04:45,0,0,0,0,0,0
2020-11-28 05:00,4,2,2,0,0,0
2020-11-28 05:15,6,1,5,0,0,0
2020-11-28 05:30,5,3,2,0,0,0
2020-11-28 05:45,8,8,0,0,0,0
2020-11-28 06:00,4,4,0,0,0,0
2020-11-28 06:15,10,9,1,0,0,0
2020-11-28 06:30,9,6,3,0,0,0
2020-11-28 06:45,8,4,4,0,0,0
2020-11-28 07:00,7,6,1,0,0,0
2020-11-28 07:15,10,7,3,0,0,0
2020-11-28 07:30,16,9,7,0,0,0
2020-11-28 07:45,35,14,21,0,0,0
2020-11-28 08:00,25,16,9,0,0,0
2020-11-28 08:15,36,28,8,0,0,0
2020-11-28 08:30,31,14,17,0,0,0
2020-11-28 08:45,56,30,26,0,0,0
2020-11-28 09:00,58,44,14,0,0,0
2020-11-28 09:15,56,40,16,0,0,0
2020-11-28 09:30,74,54,20,0,0,0
2020-11-28 09:45,100,78,22,0,0,0
2020-11-28 10:00,117,76,41,0,0,0
2020-11-28 10:15,120,77,43,0,0,0
2020-11-28 10:30,144,88,56,0,0,0
2020-11-28 10:45,144,85,59,0,0,0
2020-11-28 11:00,142,91,51,0,0,0
2020-11-28 11:15,143,76,67,0,0,0
2020-11-28 11:30,151,86,65,0,0,0
2020-11-28 11:45,132,67,65,0,0,0
2020-11-28 12:00,143,70,73,0,0,0
2020-11-28 12:15,156,68,88,0,0,0
2020-11-28 12:30,150,72,78,0,0,0
2020-11-28 12:45,143,61,82,0,0,0
2020-11-28 13:00,155,73,82,0,0,0
2020-11-28 13:15,172,78,94,0,0,0
2020-11-28 13:30,124,51,73,0,0,0
2020-11-28 13:45,148,61,87,0,0,0
2020-11-28 14:00,127,60,67,0,0,0
2020-11-28 14:15,146,69,77,0,0,0
2020-11-28 14:30,141,55,86,0,0,0
2020-11-28 14:45,179,62,117,0,0,0
2020-11-28 15:00,140,55,85,0,0,0
2020-11-28 15:15,132,61,71,0,0,0
2020-11-28 15:30,120,50,70,0,0,0
2020-11-28 15:45,118,52,66,0,0,0
2020-11-28 16:00,99,33,66,0,0,0
2020-11-28 16:15,141,51,90,0,0,0
2020-11-28 16:30,111,51,60,0,0,0
2020-11-28 16:45,110,44,66,0,0,0
2020-11-28 17:00,96,32,64,0,0,0
2020-11-28 17:15,108,56,52,0,0,0
2020-11-28 17:30,77,30,47,0,0,0
2020-11-28 17:45,104,39,65,0,0,0
2020-11-28 18:00,79,27,52,0,0,0
2020-11-28 18:15,74,24,50,0,0,0
2020-11-28 18:30,78,22,56,0,0,0
2020-11-28 18:45,85,35,50,0,0,0
2020-11-28 19:00,79,22,57,0,0,0
2020-11-28 19:15,53,15,38,0,0,0
2020-11-28 19:30,69,22,47,0,0,0
2020-11-28 19:45,52,18,34,0,0,0
2020-11-28 20:00,43,15,28,0,0,0
2020-11-28 20:15,31,10,21,0,0,0
2020-11-28 20:30,23,6,17,0,0,0
2020-11-28 20:45,32,12,20,0,0,0
2020-11-28 21:00,24,9,15,0,0,0
2020-11-28 21:15,31,8,23,0,0,0
2020-11-28 21:30,13,7,6,0,0,0
2020-11-28 21:45,22,11,11,0,0,0
2020-11-28 22:00,20,8,12,0,0,0
2020-11-28 22:15,15,10,5,0,0,0
2020-11-28 22:30,18,8,10,0,0,0
2020-11-28 22:45,12,4,8,0,0,0
2020-11-28 23:00,9,5,4,0,0,0
2020-11-28 23:15,14,3,11,0,0,0
2020-11-28 23:30,15,5,10,0,0,0
2020-11-28 23:45,13,5,8,0,0,0
2020-11-29 00:00,17,5,12,0,0,0
2020-11-29 00:15,18,1,17,0,0,0
2020-11-29 00:30,24,6,18,0,0,0
2020-11-29 00:45,10,5,5,0,0,0
2020-11-29 01:00,14,9,5,0,0,0
2020-11-29 01:15,6,1,5,0,0,0
2020-11-29 01:30,9,4,5,0,0,0
2020-11-29 01:45,16,12,4,0,0,0
2020-11-29 02:00,8,1,7,0,0,0
2020-11-29 02:15,8,0,8,0,0,0
2020-11-29 02:30,12,6,6,0,0,0
2020-11-29 02:45,8,5,3,0,0,0
2020-11-29 03:00,2,2,0,0,0,0
2020-11-29 03:15,2,1,1,0,0,0
2020-11-29 03:30,1,0,1,0,0,0
2020-11-29 03:45,4,0,4,0,0,0
2020-11-29 04:00,5,2,3,0,0,0
2020-11-29 04:15,0,0,0,0,0,0
2020-11-29 04:30,4,2,2,0,0,0
2020-11-29 04:45,4,3,1,0,0,0
2020-11-29 05:00,3,0,3,0,0,0
2020-11-29 05:15,5,3,2,0,0,0
2020-11-29 05:30,4,3,1,0,0,0
2020-11-29 05:45,7,6,1,0,0,0
2020-11-29 06:00,3,3,0,0,0,0
2020-11-29 06:15,3,0,3,0,0,0
2020-11-29 06:30,5,0,5,0,0,0
2020-11-29 06:45,3,0,3,0,0,0
2020-11-29 07:00,2,1,1,0,0,0
2020-11-29 07:15,4,3,1,0,0,0
2020-11-29 07:30,5,3,2,0,0,0
2020-11-29 07:45,9,4,5,0,0,0
2020-11-29 08:00,5,3,2,0,0,0
2020-11-29 08:15,9,7,2,0,0,0
2020-11-29 08:30,9,3,6,0,0,0
2020-11-29 08:45,9,6,3,0,0,0
2020-11-29 09:00,8,3,5,0,0,0
2020-11-29 09:15,12,8,4,0,0,0
2020-11-29 09:30,18,12,6,0,0,0
2020-11-29 09:45,10,4,6,0,0,0
2020-11-29 10:00,27,18,9,0,0,0
2020-11-29 10:15,14,9,5,0,0,0
2020-11-29 10:30,20,15,5,0,0,0
2020-11-29 10:45,39,22,17,0,0,0
2020-11-29 11:00,41,15,26,0,0,0
2020-11-29 11:15,44,21,23,0,0,0
2020-11-29 11:30,28,10,18,0,0,0
2020-11-29 11:45,42,29,13,0,0,0
2020-11-29 12:00,47,23,24,0,0,0
2020-11-29 12:15,52,28,24,0,0,0
2020-11-29 12:30,53,25,28,0,0,0
2020-11-29 12:45,67,32,35,0,0,0
2020-11-29 13:00,59,30,29,0,0,0
2020-11-29 13:15,57,32,25,0,0,0
2020-11-29 13:30,42,18,24,0,0,0
2020-11-29 13:45,66,33,33,0,0,0
2020-11-29 14:00,65,36,29,0,0,0
2020-11-29 14:15,54,24,30,0,0,0
2020-11-29 14:30,67,38,29,0,0,0
2020-11-29 14:45,55,32,23,0,0,0
2020-11-29 15:00,56,28,28,0,0,0
2020-11-29 15:15,72,37,35,0,0,0
2020-11-29 15:30,74,31,43,0,0,0
2020-11-29 15:45,62,37,25,0,0,0
2020-11-29 16:00,69,32,37,0,0,0
2020-11-29 16:15,61,31,30,0,0,0
2020-11-29 16:30,54,17,37,0,0,0
2020-11-29 16:45,55,26,29,0,0,0
2020-11-29 17:00,51,21,30,0,0,0
2020-11-29 17:15,50,7,43,0,0,0
2020-11-29 17:30,57,24,33,0,0,0
2020-11-29 17:45,51,18,33,0,0,0
2020-11-29 18:00,46,13,33,0,0,0
2020-11-29 18:15,40,19,21,0,0,0
2020-11-29 18:30,42,17,25,0,0,0
2020-11-29 18:45,45,15,30,0,0,0
2020-11-29 19:00,46,14,32,0,0,0
2020-11-29 19:15,22,11,11,0,0,0
2020-11-29 19:30,39,17,22,0,0,0
2020-11-29 19:45,25,11,14,0,0,0
2020-11-29 20:00,25,7,18,0,0,0
2020-11-29 20:15,29,17,12,0,0,0
2020-11-29 20:30,19,7,12,0,0,0
2020-11-29 20:45,20,10,10,0,0,0
2020-11-29 21:00,26,12,14,0,0,0
2020-11-29 21:15,17,7,10,0,0,0
2020-11-29 21:30,8,6,2,0,0,0
2020-11-29 21:45,9,2,7,0,0,0
2020-11-29 22:00,9,1,8,0,0,0
2020-11-29 22:15,6,3,3,0,0,0
2020-11-29 22:30,9,5,4,0,0,0
2020-11-29 22:45,15,6,9,0,0,0
2020-11-29 23:00,8,4,4,0,0,0
2020-11-29 23:15,11,6,5,0,0,0
2020-11-29 23:30,7,2,5,0,0,0
2020-11-29 23:45,3,1,2,0,0,0
2020-11-30 00:00,8,2,6,0,0,0
2020-11-30 00:15,4,1,3,0,0,0
2020-11-30 00:30,1,1,0,0,0,0
2020-11-30 00:45,1,0,1,0,0,0
2020-11-30 01:00,3,1,2,0,0,0
2020-11-30 01:15,1,1,0,0,0,0
2020-11-30 01:30,2,2,0,0,0,0
2020-11-30 01:45,4,3,1,0,0,0
2020-11-30 02:00,1,0,1,0,0,0
2020-11-30 02:15,0,0,0,0,0,0
2020-11-30 02:30,1,1,0,0,0,0
2020-11-30 02:45,0,0,0,0,0,0
2020-11-30 03:00,1,0,1,0,0,0
2020-11-30 03:15,0,0,0,0,0,0
2020-11-30 03:30,0,0,0,0,0,0
2020-11-30 03:45,1,0,1,0,0,0
2020-11-30 04:00,0,0,0,0,0,0
2020-11-30 04:15,1,1,0,0,0,0
2020-11-30 04:30,4,3,1,0,0,0
2020-11-30 04:45,2,2,0,0,0,0
2020-11-30 05:00,1,1,0,0,0,0
2020-11-30 05:15,5,4,1,0,0,0
2020-11-30 05:30,16,8,8,0,0,0
2020-11-30 05:45,19,19,0,0,0,0
2020-11-30 06:00,18,14,4,0,0,0
2020-11-30 06:15,32,26,6,0,0,0
2020-11-30 06:30,33,26,7,0,0,0
2020-11-30 06:45,58,37,21,0,0,0
2020-11-30 07:00,66,48,18,0,0,0
2020-11-30 07:15,91,60,31,0,0,0
2020-11-30 07:30,119,80,39,0,0,0
2020-11-30 07:45,168,117,51,0,0,0
2020-11-30 08:00,143,93,50,0,0,0
2020-11-30 08:15,127,94,33,0,0,0
2020-11-30 08:30,132,89,43,0,0,0
2020-11-30 08:45,103,68,35,0,0,0
2020-11-30 09:00,79,51,28,0,0,0
2020-11-30 09:15,76,51,25,0,0,0
2020-11-30 09:30,80,53,27,0,0,0
2020-11-30 09:45,98,70,28,0,0,0
2020-11-30 10:00,90,50,40,0,0,0
2020-11-30 10:15,83,48,35,0,0,0
2020-11-30 10:30,106,65,41,0,0,0
2020-11-30 10:45,112,62,50,0,0,0
2020-11-30 11:00,106,46,60,0,0,0
2020-11-30 11:15,98,46,52,0,0,0
2020-11-30 11:30,99,55,44,0,0,0
2020-11-30 11:45,146,75,71,0,0,0
2020-11-30 12:00,119,54,65,0,0,0
2020-11-30 12:15,122,63,59,0,0,0
2020-11-30 12:30,115,43,72,0,0,0
2020-11-30 12:45,108,46,62,0,0,0
2020-11-30 13:00,134,55,79,0,0,0
2020-11-30 13:15,155,61,94,0,0,0
2020-11-30 13:30,114,42,72,0,0,0
2020-11-30 13:45,144,66,78,0,0,0
2020-11-30 14:00,135,66,69,0,0,0
2020-11-30 14:15,154,69,85,0,0,0
2020-11-30 14:30,118,49,69,0,0,0
2020-11-30 14:45,161,70,91,0,0,0
2020-11-30 15:00,140,49,91,0,0,0
2020-11-30 15:15,148,55,93,0,0,0
2020-11-30 15:30,148,58,90,0,0,0
2020-11-30 15:45,156,73,83,0,0,0
2020-11-30 16:00,191,69,122,0,0,0
2020-11-30 16:15,186,83,103,0,0,0
2020-11-30 16:30,177,56,121,0,0,0
2020-11-30 16:45,173,75,98,0,0,0
2020-11-30 17:00,170,53,117,0,0,0
2020-11-30 17:15,133,49,84,0,0,0
2020-11-30 17:30,148,57,91,0,0,0
2020-11-30 17:45,141,39,102,0,0,0
2020-11-30 18:00,129,34,95,0,0,0
2020-11-30 18:15,107,31,76,0,0,0
2020-11-30 18:30,94,23,71,0,0,0
2020-11-30 18:45,100,31,69,0,0,0
2020-11-30 19:00,73,12,61,0,0,0
2020-11-30 19:15,47,9,38,0,0,0
2020-11-30 19:30,43,17,26,0,0,0
2020-11-30 19:45,34,10,24,0,0,0
2020-11-30 20:00,36,8,28,0,0,0
2020-11-30 20:15,24,11,13,0,0,0
2020-11-30 20:30,15,2,13,0,0,0
2020-11-30 20:45,25,10,15,0,0,0
2020-11-30 21:00,14,7,7,0,0,0
2020-11-30 21:15,16,11,5,0,0,0
2020-11-30 21:30,13,7,6,0,0,0
2020-11-30 21:45,4,1,3,0,0,0
2020-11-30 22:00,18,8,10,0,0,0
2020-11-30 22:15,14,3,11,0,0,0
2020-11-30 22:30,16,4,12,0,0,0
2020-11-30 22:45,7,1,6,0,0,0
2020-11-30 23:00,9,2,7,0,0,0
2020-11-30 23:15,7,2,5,0,0,0
2020-11-30 23:30,2,1,1,0,0,0
2020-11-30 23:45,6,1,5,0,0,0
