Datetime,100034980 (Hammer Straße),101034980 (Hammer Straße stadteinwärts),102034980 (Hammer Straße stadtauswärts),100034980-status,101034980-status,102034980-status
2020-10-01 00:00,13,2,11,0,0,0
2020-10-01 00:15,8,2,6,0,0,0
2020-10-01 00:30,10,5,5,0,0,0
2020-10-01 00:45,11,7,4,0,0,0
2020-10-01 01:00,6,1,5,0,0,0
2020-10-01 01:15,7,4,3,0,0,0
2020-10-01 01:30,3,0,3,0,0,0
2020-10-01 01:45,2,2,0,0,0,0
2020-10-01 02:00,5,1,4,0,0,0
2020-10-01 02:15,3,1,2,0,0,0
2020-10-01 02:30,5,2,3,0,0,0
2020-10-01 02:45,2,1,1,0,0,0
2020-10-01 03:00,1,0,1,0,0,0
2020-10-01 03:15,2,0,2,0,0,0
2020-10-01 03:30,2,0,2,0,0,0
2020-10-01 03:45,2,0,2,0,0,0
2020-10-01 04:00,1,1,0,0,0,0
2020-10-01 04:15,6,1,5,0,0,0
2020-10-01 04:30,1,0,1,0,0,0
2020-10-01 04:45,2,0,2,0,0,0
2020-10-01 05:00,2,2,0,0,0,0
2020-10-01 05:15,7,2,5,0,0,0
2020-10-01 05:30,21,10,11,0,0,0
2020-10-01 05:45,26,20,6,0,0,0
2020-10-01 06:00,26,20,6,0,0,0
2020-10-01 06:15,25,18,7,0,0,0
2020-10-01 06:30,43,27,16,0,0,0
2020-10-01 06:45,67,52,15,0,0,0
2020-10-01 07:00,78,49,29,0,0,0
2020-10-01 07:15,129,82,47,0,0,0
2020-10-01 07:30,161,95,66,0,0,0
2020-10-01 07:45,203,134,69,0,0,0
2020-10-01 08:00,113,74,39,0,0,0
2020-10-01 08:15,139,87,52,0,0,0
2020-10-01 08:30,136,81,55,0,0,0
2020-10-01 08:45,159,105,54,0,0,0
2020-10-01 09:00,110,61,49,0,0,0
2020-10-01 09:15,108,74,34,0,0,0
2020-10-01 09:30,115,85,30,0,0,0
2020-10-01 09:45,118,76,42,0,0,0
2020-10-01 10:00,71,41,30,0,0,0
2020-10-01 10:15,99,66,33,0,0,0
2020-10-01 10:30,84,52,32,0,0,0
2020-10-01 10:45,107,59,48,0,0,0
2020-10-01 11:00,142,66,76,0,0,0
2020-10-01 11:15,125,52,73,0,0,0
2020-10-01 11:30,122,49,73,0,0,0
2020-10-01 11:45,136,66,70,0,0,0
2020-10-01 12:00,140,68,72,0,0,0
2020-10-01 12:15,127,55,72,0,0,0
2020-10-01 12:30,159,51,108,0,0,0
2020-10-01 12:45,157,72,85,0,0,0
2020-10-01 13:00,142,59,83,0,0,0
2020-10-01 13:15,127,58,69,0,0,0
2020-10-01 13:30,135,66,69,0,0,0
2020-10-01 13:45,165,78,87,0,0,0
2020-10-01 14:00,153,65,88,0,0,0
2020-10-01 14:15,154,61,93,0,0,0
2020-10-01 14:30,132,64,68,0,0,0
2020-10-01 14:45,179,81,98,0,0,0
2020-10-01 15:00,155,62,93,0,0,0
2020-10-01 15:15,205,84,121,0,0,0
2020-10-01 15:30,197,87,110,0,0,0
2020-10-01 15:45,182,86,96,0,0,0
2020-10-01 16:00,199,77,122,0,0,0
2020-10-01 16:15,209,69,140,0,0,0
2020-10-01 16:30,191,70,121,0,0,0
2020-10-01 16:45,192,78,114,0,0,0
2020-10-01 17:00,138,43,95,0,0,0
2020-10-01 17:15,139,48,91,0,0,0
2020-10-01 17:30,134,41,93,0,0,0
2020-10-01 17:45,154,61,93,0,0,0
2020-10-01 18:00,160,53,107,0,0,0
2020-10-01 18:15,135,50,85,0,0,0
2020-10-01 18:30,140,50,90,0,0,0
2020-10-01 18:45,136,53,83,0,0,0
2020-10-01 19:00,108,50,58,0,0,0
2020-10-01 19:15,93,38,55,0,0,0
2020-10-01 19:30,92,38,54,0,0,0
2020-10-01 19:45,102,44,58,0,0,0
2020-10-01 20:00,80,27,53,0,0,0
2020-10-01 20:15,42,15,27,0,0,0
2020-10-01 20:30,40,15,25,0,0,0
2020-10-01 20:45,44,18,26,0,0,0
2020-10-01 21:00,52,19,33,0,0,0
2020-10-01 21:15,62,22,40,0,0,0
2020-10-01 21:30,58,19,39,0,0,0
2020-10-01 21:45,36,14,22,0,0,0
2020-10-01 22:00,48,15,33,0,0,0
2020-10-01 22:15,45,15,30,0,0,0
2020-10-01 22:30,44,10,34,0,0,0
2020-10-01 22:45,34,13,21,0,0,0
2020-10-01 23:00,33,14,19,0,0,0
2020-10-01 23:15,50,8,42,0,0,0
2020-10-01 23:30,12,2,10,0,0,0
2020-10-01 23:45,23,7,16,0,0,0
2020-10-02 00:00,14,4,10,0,0,0
2020-10-02 00:15,12,3,9,0,0,0
2020-10-02 00:30,15,5,10,0,0,0
2020-10-02 00:45,7,2,5,0,0,0
2020-10-02 01:00,8,3,5,0,0,0
2020-10-02 01:15,6,1,5,0,0,0
2020-10-02 01:30,7,1,6,0,0,0
2020-10-02 01:45,2,1,1,0,0,0
2020-10-02 02:00,3,0,3,0,0,0
2020-10-02 02:15,1,0,1,0,0,0
2020-10-02 02:30,2,0,2,0,0,0
2020-10-02 02:45,0,0,0,0,0,0
2020-10-02 03:00,4,3,1,0,0,0
2020-10-02 03:15,1,0,1,0,0,0
2020-10-02 03:30,3,1,2,0,0,0
2020-10-02 03:45,1,0,1,0,0,0
2020-10-02 04:00,0,0,0,0,0,0
2020-10-02 04:15,2,1,1,0,0,0
2020-10-02 04:30,4,4,0,0,0,0
2020-10-02 04:45,4,2,2,0,0,0
2020-10-02 05:00,6,3,3,0,0,0
2020-10-02 05:15,7,4,3,0,0,0
2020-10-02 05:30,17,12,5,0,0,0
2020-10-02 05:45,29,22,7,0,0,0
2020-10-02 06:00,21,17,4,0,0,0
2020-10-02 06:15,28,23,5,0,0,0
2020-10-02 06:30,42,30,12,0,0,0
2020-10-02 06:45,60,47,13,0,0,0
2020-10-02 07:00,75,50,25,0,0,0
2020-10-02 07:15,121,81,40,0,0,0
2020-10-02 07:30,161,94,67,0,0,0
2020-10-02 07:45,175,122,53,0,0,0
2020-10-02 08:00,130,73,57,0,0,0
2020-10-02 08:15,125,76,49,0,0,0
2020-10-02 08:30,120,74,46,0,0,0
2020-10-02 08:45,136,87,49,0,0,0
2020-10-02 09:00,92,59,33,0,0,0
2020-10-02 09:15,120,71,49,0,0,0
2020-10-02 09:30,107,70,37,0,0,0
2020-10-02 09:45,135,97,38,0,0,0
2020-10-02 10:00,102,64,38,0,0,0
2020-10-02 10:15,124,72,52,0,0,0
2020-10-02 10:30,114,50,64,0,0,0
2020-10-02 10:45,136,78,58,0,0,0
2020-10-02 11:00,125,58,67,0,0,0
2020-10-02 11:15,152,67,85,0,0,0
2020-10-02 11:30,143,68,75,0,0,0
2020-10-02 11:45,147,67,80,0,0,0
2020-10-02 12:00,163,75,88,0,0,0
2020-10-02 12:15,173,84,89,0,0,0
2020-10-02 12:30,192,75,117,0,0,0
2020-10-02 12:45,180,86,94,0,0,0
2020-10-02 13:00,178,67,111,0,0,0
2020-10-02 13:15,182,84,98,0,0,0
2020-10-02 13:30,194,79,115,0,0,0
2020-10-02 13:45,213,109,104,0,0,0
2020-10-02 14:00,191,82,109,0,0,0
2020-10-02 14:15,230,89,141,0,0,0
2020-10-02 14:30,196,72,124,0,0,0
2020-10-02 14:45,188,91,97,0,0,0
2020-10-02 15:00,211,86,125,0,0,0
2020-10-02 15:15,176,86,90,0,0,0
2020-10-02 15:30,195,90,105,0,0,0
2020-10-02 15:45,201,78,123,0,0,0
2020-10-02 16:00,206,98,108,0,0,0
2020-10-02 16:15,201,87,114,0,0,0
2020-10-02 16:30,179,75,104,0,0,0
2020-10-02 16:45,197,89,108,0,0,0
2020-10-02 17:00,205,85,120,0,0,0
2020-10-02 17:15,206,82,124,0,0,0
2020-10-02 17:30,173,74,99,0,0,0
2020-10-02 17:45,214,88,126,0,0,0
2020-10-02 18:00,182,69,113,0,0,0
2020-10-02 18:15,181,68,113,0,0,0
2020-10-02 18:30,141,50,91,0,0,0
2020-10-02 18:45,163,60,103,0,0,0
2020-10-02 19:00,140,56,84,0,0,0
2020-10-02 19:15,152,58,94,0,0,0
2020-10-02 19:30,111,40,71,0,0,0
2020-10-02 19:45,137,55,82,0,0,0
2020-10-02 20:00,126,44,82,0,0,0
2020-10-02 20:15,74,33,41,0,0,0
2020-10-02 20:30,61,26,35,0,0,0
2020-10-02 20:45,82,34,48,0,0,0
2020-10-02 21:00,69,25,44,0,0,0
2020-10-02 21:15,46,19,27,0,0,0
2020-10-02 21:30,59,26,33,0,0,0
2020-10-02 21:45,44,16,28,0,0,0
2020-10-02 22:00,36,17,19,0,0,0
2020-10-02 22:15,39,13,26,0,0,0
2020-10-02 22:30,54,18,36,0,0,0
2020-10-02 22:45,39,5,34,0,0,0
2020-10-02 23:00,45,14,31,0,0,0
2020-10-02 23:15,39,13,26,0,0,0
2020-10-02 23:30,48,19,29,0,0,0
2020-10-02 23:45,53,23,30,0,0,0
2020-10-03 00:00,41,18,23,0,0,0
2020-10-03 00:15,37,9,28,0,0,0
2020-10-03 00:30,32,12,20,0,0,0
2020-10-03 00:45,28,7,21,0,0,0
2020-10-03 01:00,26,16,10,0,0,0
2020-10-03 01:15,19,8,11,0,0,0
2020-10-03 01:30,11,1,10,0,0,0
2020-10-03 01:45,26,4,22,0,0,0
2020-10-03 02:00,24,12,12,0,0,0
2020-10-03 02:15,12,2,10,0,0,0
2020-10-03 02:30,21,9,12,0,0,0
2020-10-03 02:45,7,0,7,0,0,0
2020-10-03 03:00,20,3,17,0,0,0
2020-10-03 03:15,10,4,6,0,0,0
2020-10-03 03:30,6,0,6,0,0,0
2020-10-03 03:45,3,3,0,0,0,0
2020-10-03 04:00,6,4,2,0,0,0
2020-10-03 04:15,9,1,8,0,0,0
2020-10-03 04:30,1,0,1,0,0,0
2020-10-03 04:45,3,0,3,0,0,0
2020-10-03 05:00,2,2,0,0,0,0
2020-10-03 05:15,6,2,4,0,0,0
2020-10-03 05:30,9,1,8,0,0,0
2020-10-03 05:45,5,2,3,0,0,0
2020-10-03 06:00,9,6,3,0,0,0
2020-10-03 06:15,4,4,0,0,0,0
2020-10-03 06:30,3,2,1,0,0,0
2020-10-03 06:45,10,3,7,0,0,0
2020-10-03 07:00,2,2,0,0,0,0
2020-10-03 07:15,4,4,0,0,0,0
2020-10-03 07:30,9,6,3,0,0,0
2020-10-03 07:45,15,7,8,0,0,0
2020-10-03 08:00,10,5,5,0,0,0
2020-10-03 08:15,20,11,9,0,0,0
2020-10-03 08:30,12,8,4,0,0,0
2020-10-03 08:45,27,21,6,0,0,0
2020-10-03 09:00,19,11,8,0,0,0
2020-10-03 09:15,18,11,7,0,0,0
2020-10-03 09:30,32,23,9,0,0,0
2020-10-03 09:45,32,21,11,0,0,0
2020-10-03 10:00,38,25,13,0,0,0
2020-10-03 10:15,37,18,19,0,0,0
2020-10-03 10:30,48,29,19,0,0,0
2020-10-03 10:45,65,36,29,0,0,0
2020-10-03 11:00,39,23,16,0,0,0
2020-10-03 11:15,65,33,32,0,0,0
2020-10-03 11:30,44,22,22,0,0,0
2020-10-03 11:45,72,34,38,0,0,0
2020-10-03 12:00,57,29,28,0,0,0
2020-10-03 12:15,62,29,33,0,0,0
2020-10-03 12:30,80,40,40,0,0,0
2020-10-03 12:45,98,50,48,0,0,0
2020-10-03 13:00,82,46,36,0,0,0
2020-10-03 13:15,65,29,36,0,0,0
2020-10-03 13:30,77,43,34,0,0,0
2020-10-03 13:45,90,53,37,0,0,0
2020-10-03 14:00,67,29,38,0,0,0
2020-10-03 14:15,68,33,35,0,0,0
2020-10-03 14:30,76,25,51,0,0,0
2020-10-03 14:45,95,35,60,0,0,0
2020-10-03 15:00,102,46,56,0,0,0
2020-10-03 15:15,97,39,58,0,0,0
2020-10-03 15:30,58,27,31,0,0,0
2020-10-03 15:45,58,31,27,0,0,0
2020-10-03 16:00,46,15,31,0,0,0
2020-10-03 16:15,32,10,22,0,0,0
2020-10-03 16:30,39,16,23,0,0,0
2020-10-03 16:45,30,11,19,0,0,0
2020-10-03 17:00,42,11,31,0,0,0
2020-10-03 17:15,25,11,14,0,0,0
2020-10-03 17:30,47,21,26,0,0,0
2020-10-03 17:45,50,26,24,0,0,0
2020-10-03 18:00,52,20,32,0,0,0
2020-10-03 18:15,52,24,28,0,0,0
2020-10-03 18:30,41,24,17,0,0,0
2020-10-03 18:45,41,20,21,0,0,0
2020-10-03 19:00,71,40,31,0,0,0
2020-10-03 19:15,39,29,10,0,0,0
2020-10-03 19:30,52,21,31,0,0,0
2020-10-03 19:45,43,18,25,0,0,0
2020-10-03 20:00,38,17,21,0,0,0
2020-10-03 20:15,34,22,12,0,0,0
2020-10-03 20:30,37,21,16,0,0,0
2020-10-03 20:45,37,17,20,0,0,0
2020-10-03 21:00,43,19,24,0,0,0
2020-10-03 21:15,32,11,21,0,0,0
2020-10-03 21:30,19,4,15,0,0,0
2020-10-03 21:45,23,11,12,0,0,0
2020-10-03 22:00,32,15,17,0,0,0
2020-10-03 22:15,28,6,22,0,0,0
2020-10-03 22:30,35,13,22,0,0,0
2020-10-03 22:45,30,13,17,0,0,0
2020-10-03 23:00,27,4,23,0,0,0
2020-10-03 23:15,10,4,6,0,0,0
2020-10-03 23:30,35,9,26,0,0,0
2020-10-03 23:45,20,10,10,0,0,0
2020-10-04 00:00,22,5,17,0,0,0
2020-10-04 00:15,12,6,6,0,0,0
2020-10-04 00:30,14,3,11,0,0,0
2020-10-04 00:45,33,7,26,0,0,0
2020-10-04 01:00,19,10,9,0,0,0
2020-10-04 01:15,16,7,9,0,0,0
2020-10-04 01:30,12,3,9,0,0,0
2020-10-04 01:45,15,5,10,0,0,0
2020-10-04 02:00,20,7,13,0,0,0
2020-10-04 02:15,6,1,5,0,0,0
2020-10-04 02:30,9,4,5,0,0,0
2020-10-04 02:45,19,7,12,0,0,0
2020-10-04 03:00,6,2,4,0,0,0
2020-10-04 03:15,6,6,0,0,0,0
2020-10-04 03:30,14,7,7,0,0,0
2020-10-04 03:45,2,2,0,0,0,0
2020-10-04 04:00,4,0,4,0,0,0
2020-10-04 04:15,9,3,6,0,0,0
2020-10-04 04:30,2,1,1,0,0,0
2020-10-04 04:45,3,3,0,0,0,0
2020-10-04 05:00,3,2,1,0,0,0
2020-10-04 05:15,8,2,6,0,0,0
2020-10-04 05:30,10,5,5,0,0,0
2020-10-04 05:45,6,4,2,0,0,0
2020-10-04 06:00,5,5,0,0,0,0
2020-10-04 06:15,5,4,1,0,0,0
2020-10-04 06:30,7,1,6,0,0,0
2020-10-04 06:45,4,1,3,0,0,0
2020-10-04 07:00,1,1,0,0,0,0
2020-10-04 07:15,5,4,1,0,0,0
2020-10-04 07:30,6,0,6,0,0,0
2020-10-04 07:45,9,5,4,0,0,0
2020-10-04 08:00,4,3,1,0,0,0
2020-10-04 08:15,14,4,10,0,0,0
2020-10-04 08:30,12,6,6,0,0,0
2020-10-04 08:45,10,7,3,0,0,0
2020-10-04 09:00,11,8,3,0,0,0
2020-10-04 09:15,21,17,4,0,0,0
2020-10-04 09:30,20,11,9,0,0,0
2020-10-04 09:45,40,23,17,0,0,0
2020-10-04 10:00,35,20,15,0,0,0
2020-10-04 10:15,45,20,25,0,0,0
2020-10-04 10:30,32,21,11,0,0,0
2020-10-04 10:45,43,25,18,0,0,0
2020-10-04 11:00,26,21,5,0,0,0
2020-10-04 11:15,26,14,12,0,0,0
2020-10-04 11:30,23,14,9,0,0,0
2020-10-04 11:45,55,24,31,0,0,0
2020-10-04 12:00,36,16,20,0,0,0
2020-10-04 12:15,60,28,32,0,0,0
2020-10-04 12:30,44,18,26,0,0,0
2020-10-04 12:45,61,31,30,0,0,0
2020-10-04 13:00,46,18,28,0,0,0
2020-10-04 13:15,46,19,27,0,0,0
2020-10-04 13:30,65,26,39,0,0,0
2020-10-04 13:45,39,15,24,0,0,0
2020-10-04 14:00,71,42,29,0,0,0
2020-10-04 14:15,65,27,38,0,0,0
2020-10-04 14:30,77,35,42,0,0,0
2020-10-04 14:45,93,47,46,0,0,0
2020-10-04 15:00,39,24,15,0,0,0
2020-10-04 15:15,67,32,35,0,0,0
2020-10-04 15:30,74,29,45,0,0,0
2020-10-04 15:45,96,52,44,0,0,0
2020-10-04 16:00,82,45,37,0,0,0
2020-10-04 16:15,60,27,33,0,0,0
2020-10-04 16:30,87,43,44,0,0,0
2020-10-04 16:45,90,33,57,0,0,0
2020-10-04 17:00,92,34,58,0,0,0
2020-10-04 17:15,81,42,39,0,0,0
2020-10-04 17:30,75,34,41,0,0,0
2020-10-04 17:45,102,53,49,0,0,0
2020-10-04 18:00,63,20,43,0,0,0
2020-10-04 18:15,71,33,38,0,0,0
2020-10-04 18:30,69,27,42,0,0,0
2020-10-04 18:45,45,23,22,0,0,0
2020-10-04 19:00,50,16,34,0,0,0
2020-10-04 19:15,53,13,40,0,0,0
2020-10-04 19:30,35,16,19,0,0,0
2020-10-04 19:45,45,17,28,0,0,0
2020-10-04 20:00,50,20,30,0,0,0
2020-10-04 20:15,40,14,26,0,0,0
2020-10-04 20:30,20,8,12,0,0,0
2020-10-04 20:45,27,7,20,0,0,0
2020-10-04 21:00,26,12,14,0,0,0
2020-10-04 21:15,24,6,18,0,0,0
2020-10-04 21:30,34,17,17,0,0,0
2020-10-04 21:45,26,12,14,0,0,0
2020-10-04 22:00,24,5,19,0,0,0
2020-10-04 22:15,19,9,10,0,0,0
2020-10-04 22:30,25,8,17,0,0,0
2020-10-04 22:45,17,7,10,0,0,0
2020-10-04 23:00,15,4,11,0,0,0
2020-10-04 23:15,12,2,10,0,0,0
2020-10-04 23:30,7,2,5,0,0,0
2020-10-04 23:45,3,0,3,0,0,0
2020-10-05 00:00,14,5,9,0,0,0
2020-10-05 00:15,8,2,6,0,0,0
2020-10-05 00:30,6,2,4,0,0,0
2020-10-05 00:45,2,2,0,0,0,0
2020-10-05 01:00,6,1,5,0,0,0
2020-10-05 01:15,1,1,0,0,0,0
2020-10-05 01:30,2,1,1,0,0,0
2020-10-05 01:45,0,0,0,0,0,0
2020-10-05 02:00,1,1,0,0,0,0
2020-10-05 02:15,1,1,0,0,0,0
2020-10-05 02:30,1,1,0,0,0,0
2020-10-05 02:45,0,0,0,0,0,0
2020-10-05 03:00,0,0,0,0,0,0
2020-10-05 03:15,1,1,0,0,0,0
2020-10-05 03:30,0,0,0,0,0,0
2020-10-05 03:45,1,0,1,0,0,0
2020-10-05 04:00,1,1,0,0,0,0
2020-10-05 04:15,1,1,0,0,0,0
2020-10-05 04:30,1,0,1,0,0,0
2020-10-05 04:45,5,2,3,0,0,0
2020-10-05 05:00,3,3,0,0,0,0
2020-10-05 05:15,14,6,8,0,0,0
2020-10-05 05:30,13,9,4,0,0,0
2020-10-05 05:45,23,20,3,0,0,0
2020-10-05 06:00,18,13,5,0,0,0
2020-10-05 06:15,37,34,3,0,0,0
2020-10-05 06:30,44,26,18,0,0,0
2020-10-05 06:45,60,41,19,0,0,0
2020-10-05 07:00,86,62,24,0,0,0
2020-10-05 07:15,128,80,48,0,0,0
2020-10-05 07:30,184,125,59,0,0,0
2020-10-05 07:45,161,118,43,0,0,0
2020-10-05 08:00,155,76,79,0,0,0
2020-10-05 08:15,154,105,49,0,0,0
2020-10-05 08:30,122,92,30,0,0,0
2020-10-05 08:45,137,93,44,0,0,0
2020-10-05 09:00,96,72,24,0,0,0
2020-10-05 09:15,107,85,22,0,0,0
2020-10-05 09:30,90,67,23,0,0,0
2020-10-05 09:45,128,79,49,0,0,0
2020-10-05 10:00,90,48,42,0,0,0
2020-10-05 10:15,110,64,46,0,0,0
2020-10-05 10:30,101,55,46,0,0,0
2020-10-05 10:45,156,84,72,0,0,0
2020-10-05 11:00,110,61,49,0,0,0
2020-10-05 11:15,138,75,63,0,0,0
2020-10-05 11:30,132,63,69,0,0,0
2020-10-05 11:45,136,69,67,0,0,0
2020-10-05 12:00,155,59,96,0,0,0
2020-10-05 12:15,139,67,72,0,0,0
2020-10-05 12:30,138,58,80,0,0,0
2020-10-05 12:45,137,56,81,0,0,0
2020-10-05 13:00,150,65,85,0,0,0
2020-10-05 13:15,146,66,80,0,0,0
2020-10-05 13:30,111,47,64,0,0,0
2020-10-05 13:45,170,82,88,0,0,0
2020-10-05 14:00,124,60,64,0,0,0
2020-10-05 14:15,153,73,80,0,0,0
2020-10-05 14:30,129,42,87,0,0,0
2020-10-05 14:45,164,87,77,0,0,0
2020-10-05 15:00,162,68,94,0,0,0
2020-10-05 15:15,184,74,110,0,0,0
2020-10-05 15:30,159,73,86,0,0,0
2020-10-05 15:45,196,84,112,0,0,0
2020-10-05 16:00,195,80,115,0,0,0
2020-10-05 16:15,192,76,116,0,0,0
2020-10-05 16:30,200,73,127,0,0,0
2020-10-05 16:45,210,76,134,0,0,0
2020-10-05 17:00,216,88,128,0,0,0
2020-10-05 17:15,209,72,137,0,0,0
2020-10-05 17:30,208,75,133,0,0,0
2020-10-05 17:45,231,103,128,0,0,0
2020-10-05 18:00,196,63,133,0,0,0
2020-10-05 18:15,207,66,141,0,0,0
2020-10-05 18:30,139,45,94,0,0,0
2020-10-05 18:45,158,56,102,0,0,0
2020-10-05 19:00,130,46,84,0,0,0
2020-10-05 19:15,136,35,101,0,0,0
2020-10-05 19:30,97,42,55,0,0,0
2020-10-05 19:45,96,48,48,0,0,0
2020-10-05 20:00,82,23,59,0,0,0
2020-10-05 20:15,59,29,30,0,0,0
2020-10-05 20:30,55,15,40,0,0,0
2020-10-05 20:45,38,15,23,0,0,0
2020-10-05 21:00,36,21,15,0,0,0
2020-10-05 21:15,46,18,28,0,0,0
2020-10-05 21:30,47,14,33,0,0,0
2020-10-05 21:45,50,17,33,0,0,0
2020-10-05 22:00,33,12,21,0,0,0
2020-10-05 22:15,53,21,32,0,0,0
2020-10-05 22:30,29,10,19,0,0,0
2020-10-05 22:45,16,3,13,0,0,0
2020-10-05 23:00,32,6,26,0,0,0
2020-10-05 23:15,15,5,10,0,0,0
2020-10-05 23:30,14,3,11,0,0,0
2020-10-05 23:45,18,4,14,0,0,0
2020-10-06 00:00,15,4,11,0,0,0
2020-10-06 00:15,5,3,2,0,0,0
2020-10-06 00:30,16,5,11,0,0,0
2020-10-06 00:45,4,2,2,0,0,0
2020-10-06 01:00,4,2,2,0,0,0
2020-10-06 01:15,4,3,1,0,0,0
2020-10-06 01:30,2,1,1,0,0,0
2020-10-06 01:45,0,0,0,0,0,0
2020-10-06 02:00,0,0,0,0,0,0
2020-10-06 02:15,1,0,1,0,0,0
2020-10-06 02:30,0,0,0,0,0,0
2020-10-06 02:45,0,0,0,0,0,0
2020-10-06 03:00,2,0,2,0,0,0
2020-10-06 03:15,1,1,0,0,0,0
2020-10-06 03:30,2,0,2,0,0,0
2020-10-06 03:45,0,0,0,0,0,0
2020-10-06 04:00,0,0,0,0,0,0
2020-10-06 04:15,2,1,1,0,0,0
2020-10-06 04:30,0,0,0,0,0,0
2020-10-06 04:45,6,2,4,0,0,0
2020-10-06 05:00,5,3,2,0,0,0
2020-10-06 05:15,10,6,4,0,0,0
2020-10-06 05:30,27,16,11,0,0,0
2020-10-06 05:45,24,20,4,0,0,0
2020-10-06 06:00,18,12,6,0,0,0
2020-10-06 06:15,33,24,9,0,0,0
2020-10-06 06:30,41,26,15,0,0,0
2020-10-06 06:45,63,46,17,0,0,0
2020-10-06 07:00,81,57,24,0,0,0
2020-10-06 07:15,130,75,55,0,0,0
2020-10-06 07:30,193,130,63,0,0,0
2020-10-06 07:45,185,122,63,0,0,0
2020-10-06 08:00,143,89,54,0,0,0
2020-10-06 08:15,134,98,36,0,0,0
2020-10-06 08:30,132,83,49,0,0,0
2020-10-06 08:45,155,99,56,0,0,0
2020-10-06 09:00,98,57,41,0,0,0
2020-10-06 09:15,94,62,32,0,0,0
2020-10-06 09:30,111,73,38,0,0,0
2020-10-06 09:45,116,76,40,0,0,0
2020-10-06 10:00,81,45,36,0,0,0
2020-10-06 10:15,102,63,39,0,0,0
2020-10-06 10:30,84,52,32,0,0,0
2020-10-06 10:45,118,68,50,0,0,0
2020-10-06 11:00,129,73,56,0,0,0
2020-10-06 11:15,125,49,76,0,0,0
2020-10-06 11:30,118,49,69,0,0,0
2020-10-06 11:45,141,61,80,0,0,0
2020-10-06 12:00,137,53,84,0,0,0
2020-10-06 12:15,115,50,65,0,0,0
2020-10-06 12:30,124,56,68,0,0,0
2020-10-06 12:45,148,62,86,0,0,0
2020-10-06 13:00,112,42,70,0,0,0
2020-10-06 13:15,158,62,96,0,0,0
2020-10-06 13:30,148,52,96,0,0,0
2020-10-06 13:45,180,79,101,0,0,0
2020-10-06 14:00,150,61,89,0,0,0
2020-10-06 14:15,147,64,83,0,0,0
2020-10-06 14:30,155,60,95,0,0,0
2020-10-06 14:45,200,93,107,0,0,0
2020-10-06 15:00,157,84,73,0,0,0
2020-10-06 15:15,171,66,105,0,0,0
2020-10-06 15:30,152,63,89,0,0,0
2020-10-06 15:45,217,108,109,0,0,0
2020-10-06 16:00,185,67,118,0,0,0
2020-10-06 16:15,224,92,132,0,0,0
2020-10-06 16:30,218,66,152,0,0,0
2020-10-06 16:45,249,104,145,0,0,0
2020-10-06 17:00,206,68,138,0,0,0
2020-10-06 17:15,188,67,121,0,0,0
2020-10-06 17:30,205,69,136,0,0,0
2020-10-06 17:45,226,73,153,0,0,0
2020-10-06 18:00,182,67,115,0,0,0
2020-10-06 18:15,171,54,117,0,0,0
2020-10-06 18:30,172,57,115,0,0,0
2020-10-06 18:45,124,49,75,0,0,0
2020-10-06 19:00,138,52,86,0,0,0
2020-10-06 19:15,136,56,80,0,0,0
2020-10-06 19:30,89,33,56,0,0,0
2020-10-06 19:45,87,27,60,0,0,0
2020-10-06 20:00,81,26,55,0,0,0
2020-10-06 20:15,70,26,44,0,0,0
2020-10-06 20:30,42,13,29,0,0,0
2020-10-06 20:45,49,14,35,0,0,0
2020-10-06 21:00,53,22,31,0,0,0
2020-10-06 21:15,37,17,20,0,0,0
2020-10-06 21:30,43,13,30,0,0,0
2020-10-06 21:45,50,12,38,0,0,0
2020-10-06 22:00,45,13,32,0,0,0
2020-10-06 22:15,56,19,37,0,0,0
2020-10-06 22:30,59,18,41,0,0,0
2020-10-06 22:45,28,5,23,0,0,0
2020-10-06 23:00,27,12,15,0,0,0
2020-10-06 23:15,28,8,20,0,0,0
2020-10-06 23:30,19,6,13,0,0,0
2020-10-06 23:45,9,4,5,0,0,0
2020-10-07 00:00,16,5,11,0,0,0
2020-10-07 00:15,11,4,7,0,0,0
2020-10-07 00:30,8,4,4,0,0,0
2020-10-07 00:45,2,0,2,0,0,0
2020-10-07 01:00,6,1,5,0,0,0
2020-10-07 01:15,3,1,2,0,0,0
2020-10-07 01:30,2,0,2,0,0,0
2020-10-07 01:45,1,1,0,0,0,0
2020-10-07 02:00,3,3,0,0,0,0
2020-10-07 02:15,2,0,2,0,0,0
2020-10-07 02:30,0,0,0,0,0,0
2020-10-07 02:45,0,0,0,0,0,0
2020-10-07 03:00,2,0,2,0,0,0
2020-10-07 03:15,3,0,3,0,0,0
2020-10-07 03:30,0,0,0,0,0,0
2020-10-07 03:45,3,0,3,0,0,0
2020-10-07 04:00,0,0,0,0,0,0
2020-10-07 04:15,1,0,1,0,0,0
2020-10-07 04:30,6,4,2,0,0,0
2020-10-07 04:45,4,3,1,0,0,0
2020-10-07 05:00,4,4,0,0,0,0
2020-10-07 05:15,15,9,6,0,0,0
2020-10-07 05:30,20,15,5,0,0,0
2020-10-07 05:45,17,15,2,0,0,0
2020-10-07 06:00,22,16,6,0,0,0
2020-10-07 06:15,23,16,7,0,0,0
2020-10-07 06:30,45,28,17,0,0,0
2020-10-07 06:45,71,51,20,0,0,0
2020-10-07 07:00,78,53,25,0,0,0
2020-10-07 07:15,122,76,46,0,0,0
2020-10-07 07:30,176,115,61,0,0,0
2020-10-07 07:45,187,120,67,0,0,0
2020-10-07 08:00,156,92,64,0,0,0
2020-10-07 08:15,146,98,48,0,0,0
2020-10-07 08:30,139,94,45,0,0,0
2020-10-07 08:45,146,99,47,0,0,0
2020-10-07 09:00,108,80,28,0,0,0
2020-10-07 09:15,107,72,35,0,0,0
2020-10-07 09:30,108,70,38,0,0,0
2020-10-07 09:45,121,78,43,0,0,0
2020-10-07 10:00,121,69,52,0,0,0
2020-10-07 10:15,125,78,47,0,0,0
2020-10-07 10:30,126,69,57,0,0,0
2020-10-07 10:45,134,86,48,0,0,0
2020-10-07 11:00,107,53,54,0,0,0
2020-10-07 11:15,134,73,61,0,0,0
2020-10-07 11:30,145,52,93,0,0,0
2020-10-07 11:45,161,83,78,0,0,0
2020-10-07 12:00,164,69,95,0,0,0
2020-10-07 12:15,153,67,86,0,0,0
2020-10-07 12:30,182,64,118,0,0,0
2020-10-07 12:45,140,58,82,0,0,0
2020-10-07 13:00,120,43,77,0,0,0
2020-10-07 13:15,155,56,99,0,0,0
2020-10-07 13:30,140,56,84,0,0,0
2020-10-07 13:45,139,61,78,0,0,0
2020-10-07 14:00,134,57,77,0,0,0
2020-10-07 14:15,120,30,90,0,0,0
2020-10-07 14:30,101,35,66,0,0,0
2020-10-07 14:45,148,61,87,0,0,0
2020-10-07 15:00,96,30,66,0,0,0
2020-10-07 15:15,119,49,70,0,0,0
2020-10-07 15:30,134,38,96,0,0,0
2020-10-07 15:45,152,47,105,0,0,0
2020-10-07 16:00,166,63,103,0,0,0
2020-10-07 16:15,187,70,117,0,0,0
2020-10-07 16:30,156,60,96,0,0,0
2020-10-07 16:45,181,65,116,0,0,0
2020-10-07 17:00,154,65,89,0,0,0
2020-10-07 17:15,167,69,98,0,0,0
2020-10-07 17:30,177,76,101,0,0,0
2020-10-07 17:45,159,67,92,0,0,0
2020-10-07 18:00,183,65,118,0,0,0
2020-10-07 18:15,135,43,92,0,0,0
2020-10-07 18:30,151,45,106,0,0,0
2020-10-07 18:45,137,57,80,0,0,0
2020-10-07 19:00,150,58,92,0,0,0
2020-10-07 19:15,113,45,68,0,0,0
2020-10-07 19:30,119,37,82,0,0,0
2020-10-07 19:45,90,36,54,0,0,0
2020-10-07 20:00,88,25,63,0,0,0
2020-10-07 20:15,69,17,52,0,0,0
2020-10-07 20:30,48,19,29,0,0,0
2020-10-07 20:45,40,8,32,0,0,0
2020-10-07 21:00,59,18,41,0,0,0
2020-10-07 21:15,61,17,44,0,0,0
2020-10-07 21:30,52,9,43,0,0,0
2020-10-07 21:45,67,16,51,0,0,0
2020-10-07 22:00,52,12,40,0,0,0
2020-10-07 22:15,62,19,43,0,0,0
2020-10-07 22:30,48,14,34,0,0,0
2020-10-07 22:45,43,10,33,0,0,0
2020-10-07 23:00,32,9,23,0,0,0
2020-10-07 23:15,28,11,17,0,0,0
2020-10-07 23:30,34,7,27,0,0,0
2020-10-07 23:45,19,5,14,0,0,0
2020-10-08 00:00,12,3,9,0,0,0
2020-10-08 00:15,16,7,9,0,0,0
2020-10-08 00:30,18,5,13,0,0,0
2020-10-08 00:45,8,5,3,0,0,0
2020-10-08 01:00,7,2,5,0,0,0
2020-10-08 01:15,2,0,2,0,0,0
2020-10-08 01:30,4,4,0,0,0,0
2020-10-08 01:45,3,1,2,0,0,0
2020-10-08 02:00,1,1,0,0,0,0
2020-10-08 02:15,0,0,0,0,0,0
2020-10-08 02:30,2,2,0,0,0,0
2020-10-08 02:45,2,1,1,0,0,0
2020-10-08 03:00,3,2,1,0,0,0
2020-10-08 03:15,3,0,3,0,0,0
2020-10-08 03:30,2,0,2,0,0,0
2020-10-08 03:45,0,0,0,0,0,0
2020-10-08 04:00,0,0,0,0,0,0
2020-10-08 04:15,6,2,4,0,0,0
2020-10-08 04:30,2,0,2,0,0,0
2020-10-08 04:45,7,5,2,0,0,0
2020-10-08 05:00,2,2,0,0,0,0
2020-10-08 05:15,12,9,3,0,0,0
2020-10-08 05:30,17,11,6,0,0,0
2020-10-08 05:45,26,21,5,0,0,0
2020-10-08 06:00,24,16,8,0,0,0
2020-10-08 06:15,33,24,9,0,0,0
2020-10-08 06:30,45,27,18,0,0,0
2020-10-08 06:45,58,41,17,0,0,0
2020-10-08 07:00,74,47,27,0,0,0
2020-10-08 07:15,112,72,40,0,0,0
2020-10-08 07:30,182,123,59,0,0,0
2020-10-08 07:45,180,129,51,0,0,0
2020-10-08 08:00,145,90,55,0,0,0
2020-10-08 08:15,164,107,57,0,0,0
2020-10-08 08:30,120,79,41,0,0,0
2020-10-08 08:45,109,83,26,0,0,0
2020-10-08 09:00,75,55,20,0,0,0
2020-10-08 09:15,67,51,16,0,0,0
2020-10-08 09:30,68,47,21,0,0,0
2020-10-08 09:45,87,58,29,0,0,0
2020-10-08 10:00,76,41,35,0,0,0
2020-10-08 10:15,61,34,27,0,0,0
2020-10-08 10:30,72,31,41,0,0,0
2020-10-08 10:45,86,46,40,0,0,0
2020-10-08 11:00,62,35,27,0,0,0
2020-10-08 11:15,94,53,41,0,0,0
2020-10-08 11:30,84,45,39,0,0,0
2020-10-08 11:45,76,39,37,0,0,0
2020-10-08 12:00,86,36,50,0,0,0
2020-10-08 12:15,113,52,61,0,0,0
2020-10-08 12:30,123,40,83,0,0,0
2020-10-08 12:45,105,54,51,0,0,0
2020-10-08 13:00,130,56,74,0,0,0
2020-10-08 13:15,131,55,76,0,0,0
2020-10-08 13:30,109,41,68,0,0,0
2020-10-08 13:45,138,75,63,0,0,0
2020-10-08 14:00,125,51,74,0,0,0
2020-10-08 14:15,122,40,82,0,0,0
2020-10-08 14:30,151,65,86,0,0,0
2020-10-08 14:45,144,54,90,0,0,0
2020-10-08 15:00,119,49,70,0,0,0
2020-10-08 15:15,157,58,99,0,0,0
2020-10-08 15:30,149,51,98,0,0,0
2020-10-08 15:45,188,90,98,0,0,0
2020-10-08 16:00,136,48,88,0,0,0
2020-10-08 16:15,143,59,84,0,0,0
2020-10-08 16:30,171,54,117,0,0,0
2020-10-08 16:45,161,61,100,0,0,0
2020-10-08 17:00,174,60,114,0,0,0
2020-10-08 17:15,152,47,105,0,0,0
2020-10-08 17:30,139,58,81,0,0,0
2020-10-08 17:45,143,53,90,0,0,0
2020-10-08 18:00,96,27,69,0,0,0
2020-10-08 18:15,160,55,105,0,0,0
2020-10-08 18:30,88,35,53,0,0,0
2020-10-08 18:45,138,53,85,0,0,0
2020-10-08 19:00,90,37,53,0,0,0
2020-10-08 19:15,101,38,63,0,0,0
2020-10-08 19:30,88,35,53,0,0,0
2020-10-08 19:45,79,31,48,0,0,0
2020-10-08 20:00,56,23,33,0,0,0
2020-10-08 20:15,41,15,26,0,0,0
2020-10-08 20:30,22,13,9,0,0,0
2020-10-08 20:45,39,7,32,0,0,0
2020-10-08 21:00,44,19,25,0,0,0
2020-10-08 21:15,46,13,33,0,0,0
2020-10-08 21:30,33,14,19,0,0,0
2020-10-08 21:45,31,8,23,0,0,0
2020-10-08 22:00,37,16,21,0,0,0
2020-10-08 22:15,39,14,25,0,0,0
2020-10-08 22:30,38,10,28,0,0,0
2020-10-08 22:45,26,11,15,0,0,0
2020-10-08 23:00,25,9,16,0,0,0
2020-10-08 23:15,13,6,7,0,0,0
2020-10-08 23:30,15,6,9,0,0,0
2020-10-08 23:45,20,8,12,0,0,0
2020-10-09 00:00,16,7,9,0,0,0
2020-10-09 00:15,7,2,5,0,0,0
2020-10-09 00:30,7,1,6,0,0,0
2020-10-09 00:45,7,2,5,0,0,0
2020-10-09 01:00,11,5,6,0,0,0
2020-10-09 01:15,3,2,1,0,0,0
2020-10-09 01:30,1,0,1,0,0,0
2020-10-09 01:45,3,2,1,0,0,0
2020-10-09 02:00,2,0,2,0,0,0
2020-10-09 02:15,0,0,0,0,0,0
2020-10-09 02:30,3,0,3,0,0,0
2020-10-09 02:45,2,2,0,0,0,0
2020-10-09 03:00,0,0,0,0,0,0
2020-10-09 03:15,7,1,6,0,0,0
2020-10-09 03:30,1,1,0,0,0,0
2020-10-09 03:45,0,0,0,0,0,0
2020-10-09 04:00,1,1,0,0,0,0
2020-10-09 04:15,3,2,1,0,0,0
2020-10-09 04:30,5,4,1,0,0,0
2020-10-09 04:45,5,3,2,0,0,0
2020-10-09 05:00,5,4,1,0,0,0
2020-10-09 05:15,5,4,1,0,0,0
2020-10-09 05:30,16,8,8,0,0,0
2020-10-09 05:45,21,17,4,0,0,0
2020-10-09 06:00,19,14,5,0,0,0
2020-10-09 06:15,34,20,14,0,0,0
2020-10-09 06:30,42,28,14,0,0,0
2020-10-09 06:45,65,42,23,0,0,0
2020-10-09 07:00,65,37,28,0,0,0
2020-10-09 07:15,101,61,40,0,0,0
2020-10-09 07:30,164,100,64,0,0,0
2020-10-09 07:45,163,119,44,0,0,0
2020-10-09 08:00,113,74,39,0,0,0
2020-10-09 08:15,131,90,41,0,0,0
2020-10-09 08:30,119,73,46,0,0,0
2020-10-09 08:45,146,99,47,0,0,0
2020-10-09 09:00,100,60,40,0,0,0
2020-10-09 09:15,123,69,54,0,0,0
2020-10-09 09:30,100,67,33,0,0,0
2020-10-09 09:45,144,89,55,0,0,0
2020-10-09 10:00,107,70,37,0,0,0
2020-10-09 10:15,88,50,38,0,0,0
2020-10-09 10:30,131,78,53,0,0,0
2020-10-09 10:45,134,80,54,0,0,0
2020-10-09 11:00,131,67,64,0,0,0
2020-10-09 11:15,159,79,80,0,0,0
2020-10-09 11:30,156,74,82,0,0,0
2020-10-09 11:45,162,77,85,0,0,0
2020-10-09 12:00,145,65,80,0,0,0
2020-10-09 12:15,177,68,109,0,0,0
2020-10-09 12:30,206,98,108,0,0,0
2020-10-09 12:45,186,82,104,0,0,0
2020-10-09 13:00,141,51,90,0,0,0
2020-10-09 13:15,187,64,123,0,0,0
2020-10-09 13:30,189,81,108,0,0,0
2020-10-09 13:45,188,90,98,0,0,0
2020-10-09 14:00,189,80,109,0,0,0
2020-10-09 14:15,196,91,105,0,0,0
2020-10-09 14:30,175,85,90,0,0,0
2020-10-09 14:45,202,92,110,0,0,0
2020-10-09 15:00,170,85,85,0,0,0
2020-10-09 15:15,200,94,106,0,0,0
2020-10-09 15:30,192,82,110,0,0,0
2020-10-09 15:45,207,93,114,0,0,0
2020-10-09 16:00,187,99,88,0,0,0
2020-10-09 16:15,205,92,113,0,0,0
2020-10-09 16:30,150,60,90,0,0,0
2020-10-09 16:45,208,87,121,0,0,0
2020-10-09 17:00,182,79,103,0,0,0
2020-10-09 17:15,164,69,95,0,0,0
2020-10-09 17:30,161,66,95,0,0,0
2020-10-09 17:45,173,66,107,0,0,0
2020-10-09 18:00,154,53,101,0,0,0
2020-10-09 18:15,182,66,116,0,0,0
2020-10-09 18:30,142,74,68,0,0,0
2020-10-09 18:45,150,58,92,0,0,0
2020-10-09 19:00,149,53,96,0,0,0
2020-10-09 19:15,158,59,99,0,0,0
2020-10-09 19:30,126,62,64,0,0,0
2020-10-09 19:45,92,33,59,0,0,0
2020-10-09 20:00,102,54,48,0,0,0
2020-10-09 20:15,72,22,50,0,0,0
2020-10-09 20:30,54,19,35,0,0,0
2020-10-09 20:45,54,19,35,0,0,0
2020-10-09 21:00,55,19,36,0,0,0
2020-10-09 21:15,44,16,28,0,0,0
2020-10-09 21:30,44,15,29,0,0,0
2020-10-09 21:45,48,20,28,0,0,0
2020-10-09 22:00,39,17,22,0,0,0
2020-10-09 22:15,35,12,23,0,0,0
2020-10-09 22:30,36,9,27,0,0,0
2020-10-09 22:45,50,21,29,0,0,0
2020-10-09 23:00,45,11,34,0,0,0
2020-10-09 23:15,27,7,20,0,0,0
2020-10-09 23:30,44,14,30,0,0,0
2020-10-09 23:45,39,5,34,0,0,0
2020-10-10 00:00,42,25,17,0,0,0
2020-10-10 00:15,41,12,29,0,0,0
2020-10-10 00:30,30,11,19,0,0,0
2020-10-10 00:45,40,14,26,0,0,0
2020-10-10 01:00,21,9,12,0,0,0
2020-10-10 01:15,21,9,12,0,0,0
2020-10-10 01:30,21,5,16,0,0,0
2020-10-10 01:45,18,8,10,0,0,0
2020-10-10 02:00,17,5,12,0,0,0
2020-10-10 02:15,14,7,7,0,0,0
2020-10-10 02:30,10,4,6,0,0,0
2020-10-10 02:45,18,9,9,0,0,0
2020-10-10 03:00,15,5,10,0,0,0
2020-10-10 03:15,5,1,4,0,0,0
2020-10-10 03:30,8,2,6,0,0,0
2020-10-10 03:45,11,6,5,0,0,0
2020-10-10 04:00,8,1,7,0,0,0
2020-10-10 04:15,8,2,6,0,0,0
2020-10-10 04:30,4,1,3,0,0,0
2020-10-10 04:45,5,2,3,0,0,0
2020-10-10 05:00,3,1,2,0,0,0
2020-10-10 05:15,7,4,3,0,0,0
2020-10-10 05:30,8,5,3,0,0,0
2020-10-10 05:45,14,9,5,0,0,0
2020-10-10 06:00,5,3,2,0,0,0
2020-10-10 06:15,7,3,4,0,0,0
2020-10-10 06:30,8,7,1,0,0,0
2020-10-10 06:45,12,7,5,0,0,0
2020-10-10 07:00,12,8,4,0,0,0
2020-10-10 07:15,16,12,4,0,0,0
2020-10-10 07:30,22,11,11,0,0,0
2020-10-10 07:45,40,19,21,0,0,0
2020-10-10 08:00,23,13,10,0,0,0
2020-10-10 08:15,23,14,9,0,0,0
2020-10-10 08:30,28,19,9,0,0,0
2020-10-10 08:45,46,33,13,0,0,0
2020-10-10 09:00,41,31,10,0,0,0
2020-10-10 09:15,58,43,15,0,0,0
2020-10-10 09:30,94,65,29,0,0,0
2020-10-10 09:45,129,107,22,0,0,0
2020-10-10 10:00,97,64,33,0,0,0
2020-10-10 10:15,136,92,44,0,0,0
2020-10-10 10:30,120,77,43,0,0,0
2020-10-10 10:45,149,90,59,0,0,0
2020-10-10 11:00,167,114,53,0,0,0
2020-10-10 11:15,177,109,68,0,0,0
2020-10-10 11:30,141,67,74,0,0,0
2020-10-10 11:45,188,109,79,0,0,0
2020-10-10 12:00,183,114,69,0,0,0
2020-10-10 12:15,162,91,71,0,0,0
2020-10-10 12:30,180,83,97,0,0,0
2020-10-10 12:45,201,90,111,0,0,0
2020-10-10 13:00,188,91,97,0,0,0
2020-10-10 13:15,178,75,103,0,0,0
2020-10-10 13:30,185,64,121,0,0,0
2020-10-10 13:45,191,83,108,0,0,0
2020-10-10 14:00,163,77,86,0,0,0
2020-10-10 14:15,168,68,100,0,0,0
2020-10-10 14:30,184,74,110,0,0,0
2020-10-10 14:45,191,91,100,0,0,0
2020-10-10 15:00,144,54,90,0,0,0
2020-10-10 15:15,142,53,89,0,0,0
2020-10-10 15:30,138,56,82,0,0,0
2020-10-10 15:45,117,61,56,0,0,0
2020-10-10 16:00,148,57,91,0,0,0
2020-10-10 16:15,134,60,74,0,0,0
2020-10-10 16:30,141,52,89,0,0,0
2020-10-10 16:45,114,28,86,0,0,0
2020-10-10 17:00,98,20,78,0,0,0
2020-10-10 17:15,145,60,85,0,0,0
2020-10-10 17:30,135,50,85,0,0,0
2020-10-10 17:45,95,28,67,0,0,0
2020-10-10 18:00,96,33,63,0,0,0
2020-10-10 18:15,117,48,69,0,0,0
2020-10-10 18:30,99,33,66,0,0,0
2020-10-10 18:45,91,30,61,0,0,0
2020-10-10 19:00,65,25,40,0,0,0
2020-10-10 19:15,48,21,27,0,0,0
2020-10-10 19:30,52,18,34,0,0,0
2020-10-10 19:45,57,22,35,0,0,0
2020-10-10 20:00,53,20,33,0,0,0
2020-10-10 20:15,73,27,46,0,0,0
2020-10-10 20:30,46,17,29,0,0,0
2020-10-10 20:45,40,18,22,0,0,0
2020-10-10 21:00,27,9,18,0,0,0
2020-10-10 21:15,21,5,16,0,0,0
2020-10-10 21:30,12,2,10,0,0,0
2020-10-10 21:45,20,9,11,0,0,0
2020-10-10 22:00,25,3,22,0,0,0
2020-10-10 22:15,35,15,20,0,0,0
2020-10-10 22:30,31,11,20,0,0,0
2020-10-10 22:45,9,2,7,0,0,0
2020-10-10 23:00,23,5,18,0,0,0
2020-10-10 23:15,20,4,16,0,0,0
2020-10-10 23:30,36,16,20,0,0,0
2020-10-10 23:45,13,3,10,0,0,0
2020-10-11 00:00,24,10,14,0,0,0
2020-10-11 00:15,19,9,10,0,0,0
2020-10-11 00:30,25,9,16,0,0,0
2020-10-11 00:45,24,9,15,0,0,0
2020-10-11 01:00,25,8,17,0,0,0
2020-10-11 01:15,21,7,14,0,0,0
2020-10-11 01:30,10,4,6,0,0,0
2020-10-11 01:45,15,3,12,0,0,0
2020-10-11 02:00,9,4,5,0,0,0
2020-10-11 02:15,10,5,5,0,0,0
2020-10-11 02:30,21,7,14,0,0,0
2020-10-11 02:45,6,4,2,0,0,0
2020-10-11 03:00,7,1,6,0,0,0
2020-10-11 03:15,8,5,3,0,0,0
2020-10-11 03:30,9,2,7,0,0,0
2020-10-11 03:45,7,2,5,0,0,0
2020-10-11 04:00,5,0,5,0,0,0
2020-10-11 04:15,3,0,3,0,0,0
2020-10-11 04:30,0,0,0,0,0,0
2020-10-11 04:45,1,0,1,0,0,0
2020-10-11 05:00,4,1,3,0,0,0
2020-10-11 05:15,2,0,2,0,0,0
2020-10-11 05:30,9,6,3,0,0,0
2020-10-11 05:45,4,2,2,0,0,0
2020-10-11 06:00,4,4,0,0,0,0
2020-10-11 06:15,2,2,0,0,0,0
2020-10-11 06:30,5,4,1,0,0,0
2020-10-11 06:45,4,2,2,0,0,0
2020-10-11 07:00,2,1,1,0,0,0
2020-10-11 07:15,2,1,1,0,0,0
2020-10-11 07:30,2,2,0,0,0,0
2020-10-11 07:45,6,4,2,0,0,0
2020-10-11 08:00,5,4,1,0,0,0
2020-10-11 08:15,8,4,4,0,0,0
2020-10-11 08:30,20,11,9,0,0,0
2020-10-11 08:45,14,5,9,0,0,0
2020-10-11 09:00,7,4,3,0,0,0
2020-10-11 09:15,17,14,3,0,0,0
2020-10-11 09:30,29,22,7,0,0,0
2020-10-11 09:45,39,28,11,0,0,0
2020-10-11 10:00,38,19,19,0,0,0
2020-10-11 10:15,41,15,26,0,0,0
2020-10-11 10:30,17,13,4,0,0,0
2020-10-11 10:45,38,24,14,0,0,0
2020-10-11 11:00,47,22,25,0,0,0
2020-10-11 11:15,39,21,18,0,0,0
2020-10-11 11:30,34,16,18,0,0,0
2020-10-11 11:45,44,28,16,0,0,0
2020-10-11 12:00,51,20,31,0,0,0
2020-10-11 12:15,42,17,25,0,0,0
2020-10-11 12:30,56,38,18,0,0,0
2020-10-11 12:45,65,27,38,0,0,0
2020-10-11 13:00,56,24,32,0,0,0
2020-10-11 13:15,39,14,25,0,0,0
2020-10-11 13:30,33,20,13,0,0,0
2020-10-11 13:45,67,34,33,0,0,0
2020-10-11 14:00,64,27,37,0,0,0
2020-10-11 14:15,53,17,36,0,0,0
2020-10-11 14:30,83,38,45,0,0,0
2020-10-11 14:45,88,47,41,0,0,0
2020-10-11 15:00,85,47,38,0,0,0
2020-10-11 15:15,86,36,50,0,0,0
2020-10-11 15:30,59,23,36,0,0,0
2020-10-11 15:45,75,33,42,0,0,0
2020-10-11 16:00,77,28,49,0,0,0
2020-10-11 16:15,57,26,31,0,0,0
2020-10-11 16:30,61,34,27,0,0,0
2020-10-11 16:45,73,30,43,0,0,0
2020-10-11 17:00,52,22,30,0,0,0
2020-10-11 17:15,51,20,31,0,0,0
2020-10-11 17:30,43,14,29,0,0,0
2020-10-11 17:45,60,26,34,0,0,0
2020-10-11 18:00,72,26,46,0,0,0
2020-10-11 18:15,43,15,28,0,0,0
2020-10-11 18:30,60,28,32,0,0,0
2020-10-11 18:45,53,32,21,0,0,0
2020-10-11 19:00,41,10,31,0,0,0
2020-10-11 19:15,62,22,40,0,0,0
2020-10-11 19:30,60,20,40,0,0,0
2020-10-11 19:45,37,19,18,0,0,0
2020-10-11 20:00,33,14,19,0,0,0
2020-10-11 20:15,31,10,21,0,0,0
2020-10-11 20:30,29,14,15,0,0,0
2020-10-11 20:45,30,10,20,0,0,0
2020-10-11 21:00,35,11,24,0,0,0
2020-10-11 21:15,29,14,15,0,0,0
2020-10-11 21:30,17,4,13,0,0,0
2020-10-11 21:45,35,14,21,0,0,0
2020-10-11 22:00,22,12,10,0,0,0
2020-10-11 22:15,19,4,15,0,0,0
2020-10-11 22:30,21,10,11,0,0,0
2020-10-11 22:45,15,9,6,0,0,0
2020-10-11 23:00,8,3,5,0,0,0
2020-10-11 23:15,10,2,8,0,0,0
2020-10-11 23:30,10,3,7,0,0,0
2020-10-11 23:45,9,4,5,0,0,0
2020-10-12 00:00,7,2,5,0,0,0
2020-10-12 00:15,22,7,15,0,0,0
2020-10-12 00:30,3,1,2,0,0,0
2020-10-12 00:45,3,0,3,0,0,0
2020-10-12 01:00,6,3,3,0,0,0
2020-10-12 01:15,1,0,1,0,0,0
2020-10-12 01:30,3,0,3,0,0,0
2020-10-12 01:45,0,0,0,0,0,0
2020-10-12 02:00,4,2,2,0,0,0
2020-10-12 02:15,0,0,0,0,0,0
2020-10-12 02:30,0,0,0,0,0,0
2020-10-12 02:45,0,0,0,0,0,0
2020-10-12 03:00,2,1,1,0,0,0
2020-10-12 03:15,0,0,0,0,0,0
2020-10-12 03:30,1,0,1,0,0,0
2020-10-12 03:45,0,0,0,0,0,0
2020-10-12 04:00,2,2,0,0,0,0
2020-10-12 04:15,0,0,0,0,0,0
2020-10-12 04:30,4,3,1,0,0,0
2020-10-12 04:45,3,1,2,0,0,0
2020-10-12 05:00,4,4,0,0,0,0
2020-10-12 05:15,7,4,3,0,0,0
2020-10-12 05:30,10,8,2,0,0,0
2020-10-12 05:45,14,12,2,0,0,0
2020-10-12 06:00,21,16,5,0,0,0
2020-10-12 06:15,32,24,8,0,0,0
2020-10-12 06:30,37,26,11,0,0,0
2020-10-12 06:45,55,47,8,0,0,0
2020-10-12 07:00,66,47,19,0,0,0
2020-10-12 07:15,101,61,40,0,0,0
2020-10-12 07:30,93,64,29,0,0,0
2020-10-12 07:45,124,80,44,0,0,0
2020-10-12 08:00,97,66,31,0,0,0
2020-10-12 08:15,117,72,45,0,0,0
2020-10-12 08:30,97,58,39,0,0,0
2020-10-12 08:45,116,77,39,0,0,0
2020-10-12 09:00,95,62,33,0,0,0
2020-10-12 09:15,80,57,23,0,0,0
2020-10-12 09:30,78,57,21,0,0,0
2020-10-12 09:45,77,56,21,0,0,0
2020-10-12 10:00,98,49,49,0,0,0
2020-10-12 10:15,107,60,47,0,0,0
2020-10-12 10:30,95,54,41,0,0,0
2020-10-12 10:45,88,50,38,0,0,0
2020-10-12 11:00,96,48,48,0,0,0
2020-10-12 11:15,119,49,70,0,0,0
2020-10-12 11:30,109,55,54,0,0,0
2020-10-12 11:45,122,64,58,0,0,0
2020-10-12 12:00,156,52,104,0,0,0
2020-10-12 12:15,128,55,73,0,0,0
2020-10-12 12:30,131,61,70,0,0,0
2020-10-12 12:45,134,68,66,0,0,0
2020-10-12 13:00,123,42,81,0,0,0
2020-10-12 13:15,116,54,62,0,0,0
2020-10-12 13:30,117,47,70,0,0,0
2020-10-12 13:45,129,57,72,0,0,0
2020-10-12 14:00,102,43,59,0,0,0
2020-10-12 14:15,142,70,72,0,0,0
2020-10-12 14:30,138,64,74,0,0,0
2020-10-12 14:45,160,82,78,0,0,0
2020-10-12 15:00,139,59,80,0,0,0
2020-10-12 15:15,157,57,100,0,0,0
2020-10-12 15:30,161,76,85,0,0,0
2020-10-12 15:45,191,89,102,0,0,0
2020-10-12 16:00,170,80,90,0,0,0
2020-10-12 16:15,199,73,126,0,0,0
2020-10-12 16:30,167,59,108,0,0,0
2020-10-12 16:45,157,58,99,0,0,0
2020-10-12 17:00,179,78,101,0,0,0
2020-10-12 17:15,191,69,122,0,0,0
2020-10-12 17:30,195,74,121,0,0,0
2020-10-12 17:45,175,59,116,0,0,0
2020-10-12 18:00,191,64,127,0,0,0
2020-10-12 18:15,150,56,94,0,0,0
2020-10-12 18:30,151,47,104,0,0,0
2020-10-12 18:45,132,61,71,0,0,0
2020-10-12 19:00,100,24,76,0,0,0
2020-10-12 19:15,104,31,73,0,0,0
2020-10-12 19:30,84,30,54,0,0,0
2020-10-12 19:45,85,24,61,0,0,0
2020-10-12 20:00,63,26,37,0,0,0
2020-10-12 20:15,60,23,37,0,0,0
2020-10-12 20:30,40,16,24,0,0,0
2020-10-12 20:45,49,16,33,0,0,0
2020-10-12 21:00,45,17,28,0,0,0
2020-10-12 21:15,30,10,20,0,0,0
2020-10-12 21:30,30,7,23,0,0,0
2020-10-12 21:45,20,6,14,0,0,0
2020-10-12 22:00,37,14,23,0,0,0
2020-10-12 22:15,29,13,16,0,0,0
2020-10-12 22:30,40,14,26,0,0,0
2020-10-12 22:45,31,12,19,0,0,0
2020-10-12 23:00,21,2,19,0,0,0
2020-10-12 23:15,29,13,16,0,0,0
2020-10-12 23:30,18,5,13,0,0,0
2020-10-12 23:45,18,9,9,0,0,0
2020-10-13 00:00,7,1,6,0,0,0
2020-10-13 00:15,8,1,7,0,0,0
2020-10-13 00:30,7,2,5,0,0,0
2020-10-13 00:45,4,1,3,0,0,0
2020-10-13 01:00,4,2,2,0,0,0
2020-10-13 01:15,4,3,1,0,0,0
2020-10-13 01:30,2,2,0,0,0,0
2020-10-13 01:45,0,0,0,0,0,0
2020-10-13 02:00,2,1,1,0,0,0
2020-10-13 02:15,6,3,3,0,0,0
2020-10-13 02:30,0,0,0,0,0,0
2020-10-13 02:45,2,0,2,0,0,0
2020-10-13 03:00,1,0,1,0,0,0
2020-10-13 03:15,1,1,0,0,0,0
2020-10-13 03:30,1,0,1,0,0,0
2020-10-13 03:45,1,0,1,0,0,0
2020-10-13 04:00,0,0,0,0,0,0
2020-10-13 04:15,1,1,0,0,0,0
2020-10-13 04:30,3,3,0,0,0,0
2020-10-13 04:45,4,0,4,0,0,0
2020-10-13 05:00,2,2,0,0,0,0
2020-10-13 05:15,9,3,6,0,0,0
2020-10-13 05:30,21,16,5,0,0,0
2020-10-13 05:45,18,14,4,0,0,0
2020-10-13 06:00,25,17,8,0,0,0
2020-10-13 06:15,25,18,7,0,0,0
2020-10-13 06:30,30,19,11,0,0,0
2020-10-13 06:45,73,50,23,0,0,0
2020-10-13 07:00,72,49,23,0,0,0
2020-10-13 07:15,92,60,32,0,0,0
2020-10-13 07:30,118,87,31,0,0,0
2020-10-13 07:45,131,80,51,0,0,0
2020-10-13 08:00,127,81,46,0,0,0
2020-10-13 08:15,113,68,45,0,0,0
2020-10-13 08:30,133,89,44,0,0,0
2020-10-13 08:45,109,71,38,0,0,0
2020-10-13 09:00,100,61,39,0,0,0
2020-10-13 09:15,73,44,29,0,0,0
2020-10-13 09:30,98,60,38,0,0,0
2020-10-13 09:45,103,60,43,0,0,0
2020-10-13 10:00,96,52,44,0,0,0
2020-10-13 10:15,86,49,37,0,0,0
2020-10-13 10:30,89,61,28,0,0,0
2020-10-13 10:45,122,64,58,0,0,0
2020-10-13 11:00,102,50,52,0,0,0
2020-10-13 11:15,107,58,49,0,0,0
2020-10-13 11:30,120,64,56,0,0,0
2020-10-13 11:45,167,77,90,0,0,0
2020-10-13 12:00,163,80,83,0,0,0
2020-10-13 12:15,156,55,101,0,0,0
2020-10-13 12:30,153,62,91,0,0,0
2020-10-13 12:45,122,67,55,0,0,0
2020-10-13 13:00,154,63,91,0,0,0
2020-10-13 13:15,161,61,100,0,0,0
2020-10-13 13:30,141,75,66,0,0,0
2020-10-13 13:45,146,71,75,0,0,0
2020-10-13 14:00,162,69,93,0,0,0
2020-10-13 14:15,161,66,95,0,0,0
2020-10-13 14:30,172,76,96,0,0,0
2020-10-13 14:45,195,87,108,0,0,0
2020-10-13 15:00,184,67,117,0,0,0
2020-10-13 15:15,197,82,115,0,0,0
2020-10-13 15:30,170,67,103,0,0,0
2020-10-13 15:45,171,68,103,0,0,0
2020-10-13 16:00,188,82,106,0,0,0
2020-10-13 16:15,221,72,149,0,0,0
2020-10-13 16:30,242,102,140,0,0,0
2020-10-13 16:45,236,95,141,0,0,0
2020-10-13 17:00,202,81,121,0,0,0
2020-10-13 17:15,240,98,142,0,0,0
2020-10-13 17:30,209,79,130,0,0,0
2020-10-13 17:45,215,67,148,0,0,0
2020-10-13 18:00,227,64,163,0,0,0
2020-10-13 18:15,188,81,107,0,0,0
2020-10-13 18:30,152,58,94,0,0,0
2020-10-13 18:45,154,62,92,0,0,0
2020-10-13 19:00,139,48,91,0,0,0
2020-10-13 19:15,118,44,74,0,0,0
2020-10-13 19:30,85,27,58,0,0,0
2020-10-13 19:45,89,35,54,0,0,0
2020-10-13 20:00,85,26,59,0,0,0
2020-10-13 20:15,73,24,49,0,0,0
2020-10-13 20:30,52,22,30,0,0,0
2020-10-13 20:45,36,10,26,0,0,0
2020-10-13 21:00,38,14,24,0,0,0
2020-10-13 21:15,43,14,29,0,0,0
2020-10-13 21:30,45,17,28,0,0,0
2020-10-13 21:45,50,14,36,0,0,0
2020-10-13 22:00,41,15,26,0,0,0
2020-10-13 22:15,48,19,29,0,0,0
2020-10-13 22:30,48,9,39,0,0,0
2020-10-13 22:45,42,12,30,0,0,0
2020-10-13 23:00,36,21,15,0,0,0
2020-10-13 23:15,30,9,21,0,0,0
2020-10-13 23:30,25,7,18,0,0,0
2020-10-13 23:45,16,5,11,0,0,0
2020-10-14 00:00,20,6,14,0,0,0
2020-10-14 00:15,15,3,12,0,0,0
2020-10-14 00:30,7,3,4,0,0,0
2020-10-14 00:45,14,7,7,0,0,0
2020-10-14 01:00,6,1,5,0,0,0
2020-10-14 01:15,4,2,2,0,0,0
2020-10-14 01:30,4,2,2,0,0,0
2020-10-14 01:45,7,5,2,0,0,0
2020-10-14 02:00,3,1,2,0,0,0
2020-10-14 02:15,3,0,3,0,0,0
2020-10-14 02:30,0,0,0,0,0,0
2020-10-14 02:45,0,0,0,0,0,0
2020-10-14 03:00,0,0,0,0,0,0
2020-10-14 03:15,2,0,2,0,0,0
2020-10-14 03:30,1,0,1,0,0,0
2020-10-14 03:45,2,0,2,0,0,0
2020-10-14 04:00,4,1,3,0,0,0
2020-10-14 04:15,1,0,1,0,0,0
2020-10-14 04:30,3,2,1,0,0,0
2020-10-14 04:45,2,1,1,0,0,0
2020-10-14 05:00,4,2,2,0,0,0
2020-10-14 05:15,10,5,5,0,0,0
2020-10-14 05:30,12,9,3,0,0,0
2020-10-14 05:45,25,20,5,0,0,0
2020-10-14 06:00,25,14,11,0,0,0
2020-10-14 06:15,25,20,5,0,0,0
2020-10-14 06:30,39,26,13,0,0,0
2020-10-14 06:45,67,46,21,0,0,0
2020-10-14 07:00,69,45,24,0,0,0
2020-10-14 07:15,87,56,31,0,0,0
2020-10-14 07:30,109,85,24,0,0,0
2020-10-14 07:45,145,97,48,0,0,0
2020-10-14 08:00,107,65,42,0,0,0
2020-10-14 08:15,127,87,40,0,0,0
2020-10-14 08:30,116,71,45,0,0,0
2020-10-14 08:45,113,81,32,0,0,0
2020-10-14 09:00,101,61,40,0,0,0
2020-10-14 09:15,115,82,33,0,0,0
2020-10-14 09:30,95,59,36,0,0,0
2020-10-14 09:45,119,94,25,0,0,0
2020-10-14 10:00,90,55,35,0,0,0
2020-10-14 10:15,110,70,40,0,0,0
2020-10-14 10:30,116,57,59,0,0,0
2020-10-14 10:45,122,70,52,0,0,0
2020-10-14 11:00,115,67,48,0,0,0
2020-10-14 11:15,132,67,65,0,0,0
2020-10-14 11:30,120,59,61,0,0,0
2020-10-14 11:45,163,85,78,0,0,0
2020-10-14 12:00,146,59,87,0,0,0
2020-10-14 12:15,155,59,96,0,0,0
2020-10-14 12:30,147,66,81,0,0,0
2020-10-14 12:45,161,85,76,0,0,0
2020-10-14 13:00,143,61,82,0,0,0
2020-10-14 13:15,128,57,71,0,0,0
2020-10-14 13:30,125,47,78,0,0,0
2020-10-14 13:45,162,49,113,0,0,0
2020-10-14 14:00,135,54,81,0,0,0
2020-10-14 14:15,147,60,87,0,0,0
2020-10-14 14:30,141,55,86,0,0,0
2020-10-14 14:45,166,68,98,0,0,0
2020-10-14 15:00,134,56,78,0,0,0
2020-10-14 15:15,177,60,117,0,0,0
2020-10-14 15:30,147,65,82,0,0,0
2020-10-14 15:45,177,73,104,0,0,0
2020-10-14 16:00,164,67,97,0,0,0
2020-10-14 16:15,195,83,112,0,0,0
2020-10-14 16:30,191,65,126,0,0,0
2020-10-14 16:45,185,87,98,0,0,0
2020-10-14 17:00,179,64,115,0,0,0
2020-10-14 17:15,184,68,116,0,0,0
2020-10-14 17:30,178,60,118,0,0,0
2020-10-14 17:45,182,62,120,0,0,0
2020-10-14 18:00,181,55,126,0,0,0
2020-10-14 18:15,152,48,104,0,0,0
2020-10-14 18:30,131,46,85,0,0,0
2020-10-14 18:45,148,55,93,0,0,0
2020-10-14 19:00,132,44,88,0,0,0
2020-10-14 19:15,97,34,63,0,0,0
2020-10-14 19:30,81,35,46,0,0,0
2020-10-14 19:45,113,45,68,0,0,0
2020-10-14 20:00,74,24,50,0,0,0
2020-10-14 20:15,61,19,42,0,0,0
2020-10-14 20:30,60,18,42,0,0,0
2020-10-14 20:45,38,12,26,0,0,0
2020-10-14 21:00,51,20,31,0,0,0
2020-10-14 21:15,67,23,44,0,0,0
2020-10-14 21:30,56,15,41,0,0,0
2020-10-14 21:45,50,12,38,0,0,0
2020-10-14 22:00,31,15,16,0,0,0
2020-10-14 22:15,51,26,25,0,0,0
2020-10-14 22:30,41,17,24,0,0,0
2020-10-14 22:45,34,10,24,0,0,0
2020-10-14 23:00,38,8,30,0,0,0
2020-10-14 23:15,36,7,29,0,0,0
2020-10-14 23:30,25,13,12,0,0,0
2020-10-14 23:45,32,16,16,0,0,0
2020-10-15 00:00,24,11,13,0,0,0
2020-10-15 00:15,9,4,5,0,0,0
2020-10-15 00:30,10,2,8,0,0,0
2020-10-15 00:45,9,2,7,0,0,0
2020-10-15 01:00,9,3,6,0,0,0
2020-10-15 01:15,7,3,4,0,0,0
2020-10-15 01:30,0,0,0,0,0,0
2020-10-15 01:45,4,0,4,0,0,0
2020-10-15 02:00,5,1,4,0,0,0
2020-10-15 02:15,5,3,2,0,0,0
2020-10-15 02:30,10,2,8,0,0,0
2020-10-15 02:45,2,2,0,0,0,0
2020-10-15 03:00,1,1,0,0,0,0
2020-10-15 03:15,0,0,0,0,0,0
2020-10-15 03:30,6,3,3,0,0,0
2020-10-15 03:45,2,0,2,0,0,0
2020-10-15 04:00,2,0,2,0,0,0
2020-10-15 04:15,0,0,0,0,0,0
2020-10-15 04:30,5,2,3,0,0,0
2020-10-15 04:45,7,3,4,0,0,0
2020-10-15 05:00,1,1,0,0,0,0
2020-10-15 05:15,9,4,5,0,0,0
2020-10-15 05:30,14,11,3,0,0,0
2020-10-15 05:45,23,17,6,0,0,0
2020-10-15 06:00,24,15,9,0,0,0
2020-10-15 06:15,29,21,8,0,0,0
2020-10-15 06:30,38,24,14,0,0,0
2020-10-15 06:45,60,42,18,0,0,0
2020-10-15 07:00,62,35,27,0,0,0
2020-10-15 07:15,88,60,28,0,0,0
2020-10-15 07:30,113,83,30,0,0,0
2020-10-15 07:45,127,77,50,0,0,0
2020-10-15 08:00,120,80,40,0,0,0
2020-10-15 08:15,124,76,48,0,0,0
2020-10-15 08:30,110,69,41,0,0,0
2020-10-15 08:45,125,84,41,0,0,0
2020-10-15 09:00,75,54,21,0,0,0
2020-10-15 09:15,86,59,27,0,0,0
2020-10-15 09:30,99,64,35,0,0,0
2020-10-15 09:45,115,72,43,0,0,0
2020-10-15 10:00,89,45,44,0,0,0
2020-10-15 10:15,104,58,46,0,0,0
2020-10-15 10:30,73,43,30,0,0,0
2020-10-15 10:45,100,56,44,0,0,0
2020-10-15 11:00,95,44,51,0,0,0
2020-10-15 11:15,116,52,64,0,0,0
2020-10-15 11:30,101,53,48,0,0,0
2020-10-15 11:45,113,56,57,0,0,0
2020-10-15 12:00,137,48,89,0,0,0
2020-10-15 12:15,118,47,71,0,0,0
2020-10-15 12:30,130,47,83,0,0,0
2020-10-15 12:45,139,58,81,0,0,0
2020-10-15 13:00,106,49,57,0,0,0
2020-10-15 13:15,102,43,59,0,0,0
2020-10-15 13:30,118,53,65,0,0,0
2020-10-15 13:45,136,68,68,0,0,0
2020-10-15 14:00,131,47,84,0,0,0
2020-10-15 14:15,150,72,78,0,0,0
2020-10-15 14:30,139,58,81,0,0,0
2020-10-15 14:45,162,75,87,0,0,0
2020-10-15 15:00,154,64,90,0,0,0
2020-10-15 15:15,164,68,96,0,0,0
2020-10-15 15:30,137,55,82,0,0,0
2020-10-15 15:45,164,71,93,0,0,0
2020-10-15 16:00,185,67,118,0,0,0
2020-10-15 16:15,188,87,101,0,0,0
2020-10-15 16:30,196,82,114,0,0,0
2020-10-15 16:45,189,68,121,0,0,0
2020-10-15 17:00,204,75,129,0,0,0
2020-10-15 17:15,184,74,110,0,0,0
2020-10-15 17:30,201,72,129,0,0,0
2020-10-15 17:45,193,81,112,0,0,0
2020-10-15 18:00,185,60,125,0,0,0
2020-10-15 18:15,178,57,121,0,0,0
2020-10-15 18:30,122,46,76,0,0,0
2020-10-15 18:45,141,65,76,0,0,0
2020-10-15 19:00,141,45,96,0,0,0
2020-10-15 19:15,127,44,83,0,0,0
2020-10-15 19:30,86,22,64,0,0,0
2020-10-15 19:45,108,46,62,0,0,0
2020-10-15 20:00,73,22,51,0,0,0
2020-10-15 20:15,64,25,39,0,0,0
2020-10-15 20:30,57,16,41,0,0,0
2020-10-15 20:45,52,17,35,0,0,0
2020-10-15 21:00,55,19,36,0,0,0
2020-10-15 21:15,42,11,31,0,0,0
2020-10-15 21:30,30,12,18,0,0,0
2020-10-15 21:45,39,9,30,0,0,0
2020-10-15 22:00,52,16,36,0,0,0
2020-10-15 22:15,46,8,38,0,0,0
2020-10-15 22:30,50,15,35,0,0,0
2020-10-15 22:45,49,15,34,0,0,0
2020-10-15 23:00,29,11,18,0,0,0
2020-10-15 23:15,31,11,20,0,0,0
2020-10-15 23:30,28,8,20,0,0,0
2020-10-15 23:45,13,3,10,0,0,0
2020-10-16 00:00,24,10,14,0,0,0
2020-10-16 00:15,13,4,9,0,0,0
2020-10-16 00:30,7,2,5,0,0,0
2020-10-16 00:45,8,1,7,0,0,0
2020-10-16 01:00,7,4,3,0,0,0
2020-10-16 01:15,9,2,7,0,0,0
2020-10-16 01:30,5,3,2,0,0,0
2020-10-16 01:45,6,1,5,0,0,0
2020-10-16 02:00,3,1,2,0,0,0
2020-10-16 02:15,5,4,1,0,0,0
2020-10-16 02:30,2,2,0,0,0,0
2020-10-16 02:45,2,1,1,0,0,0
2020-10-16 03:00,0,0,0,0,0,0
2020-10-16 03:15,0,0,0,0,0,0
2020-10-16 03:30,1,1,0,0,0,0
2020-10-16 03:45,1,0,1,0,0,0
2020-10-16 04:00,0,0,0,0,0,0
2020-10-16 04:15,1,1,0,0,0,0
2020-10-16 04:30,1,1,0,0,0,0
2020-10-16 04:45,8,3,5,0,0,0
2020-10-16 05:00,2,1,1,0,0,0
2020-10-16 05:15,3,1,2,0,0,0
2020-10-16 05:30,15,10,5,0,0,0
2020-10-16 05:45,22,18,4,0,0,0
2020-10-16 06:00,16,11,5,0,0,0
2020-10-16 06:15,31,20,11,0,0,0
2020-10-16 06:30,33,19,14,0,0,0
2020-10-16 06:45,46,36,10,0,0,0
2020-10-16 07:00,52,32,20,0,0,0
2020-10-16 07:15,83,53,30,0,0,0
2020-10-16 07:30,82,56,26,0,0,0
2020-10-16 07:45,103,73,30,0,0,0
2020-10-16 08:00,69,49,20,0,0,0
2020-10-16 08:15,121,79,42,0,0,0
2020-10-16 08:30,95,56,39,0,0,0
2020-10-16 08:45,104,72,32,0,0,0
2020-10-16 09:00,74,45,29,0,0,0
2020-10-16 09:15,85,42,43,0,0,0
2020-10-16 09:30,68,46,22,0,0,0
2020-10-16 09:45,103,69,34,0,0,0
2020-10-16 10:00,85,42,43,0,0,0
2020-10-16 10:15,92,50,42,0,0,0
2020-10-16 10:30,86,46,40,0,0,0
2020-10-16 10:45,106,74,32,0,0,0
2020-10-16 11:00,92,51,41,0,0,0
2020-10-16 11:15,112,65,47,0,0,0
2020-10-16 11:30,135,73,62,0,0,0
2020-10-16 11:45,136,64,72,0,0,0
2020-10-16 12:00,132,48,84,0,0,0
2020-10-16 12:15,126,46,80,0,0,0
2020-10-16 12:30,138,53,85,0,0,0
2020-10-16 12:45,161,76,85,0,0,0
2020-10-16 13:00,151,58,93,0,0,0
2020-10-16 13:15,132,56,76,0,0,0
2020-10-16 13:30,129,45,84,0,0,0
2020-10-16 13:45,170,71,99,0,0,0
2020-10-16 14:00,169,78,91,0,0,0
2020-10-16 14:15,166,60,106,0,0,0
2020-10-16 14:30,163,63,100,0,0,0
2020-10-16 14:45,173,81,92,0,0,0
2020-10-16 15:00,146,63,83,0,0,0
2020-10-16 15:15,145,59,86,0,0,0
2020-10-16 15:30,199,77,122,0,0,0
2020-10-16 15:45,181,84,97,0,0,0
2020-10-16 16:00,174,86,88,0,0,0
2020-10-16 16:15,174,71,103,0,0,0
2020-10-16 16:30,152,65,87,0,0,0
2020-10-16 16:45,169,71,98,0,0,0
2020-10-16 17:00,165,68,97,0,0,0
2020-10-16 17:15,121,35,86,0,0,0
2020-10-16 17:30,131,56,75,0,0,0
2020-10-16 17:45,161,77,84,0,0,0
2020-10-16 18:00,163,62,101,0,0,0
2020-10-16 18:15,146,52,94,0,0,0
2020-10-16 18:30,119,42,77,0,0,0
2020-10-16 18:45,139,68,71,0,0,0
2020-10-16 19:00,103,37,66,0,0,0
2020-10-16 19:15,118,41,77,0,0,0
2020-10-16 19:30,105,40,65,0,0,0
2020-10-16 19:45,109,46,63,0,0,0
2020-10-16 20:00,84,31,53,0,0,0
2020-10-16 20:15,51,22,29,0,0,0
2020-10-16 20:30,53,16,37,0,0,0
2020-10-16 20:45,43,16,27,0,0,0
2020-10-16 21:00,48,14,34,0,0,0
2020-10-16 21:15,50,18,32,0,0,0
2020-10-16 21:30,26,8,18,0,0,0
2020-10-16 21:45,56,13,43,0,0,0
2020-10-16 22:00,54,18,36,0,0,0
2020-10-16 22:15,42,18,24,0,0,0
2020-10-16 22:30,51,33,18,0,0,0
2020-10-16 22:45,32,12,20,0,0,0
2020-10-16 23:00,46,18,28,0,0,0
2020-10-16 23:15,47,10,37,0,0,0
2020-10-16 23:30,45,14,31,0,0,0
2020-10-16 23:45,29,8,21,0,0,0
2020-10-17 00:00,15,4,11,0,0,0
2020-10-17 00:15,27,5,22,0,0,0
2020-10-17 00:30,21,3,18,0,0,0
2020-10-17 00:45,42,10,32,0,0,0
2020-10-17 01:00,18,2,16,0,0,0
2020-10-17 01:15,21,9,12,0,0,0
2020-10-17 01:30,16,3,13,0,0,0
2020-10-17 01:45,18,3,15,0,0,0
2020-10-17 02:00,15,1,14,0,0,0
2020-10-17 02:15,13,0,13,0,0,0
2020-10-17 02:30,5,0,5,0,0,0
2020-10-17 02:45,12,7,5,0,0,0
2020-10-17 03:00,11,2,9,0,0,0
2020-10-17 03:15,6,1,5,0,0,0
2020-10-17 03:30,3,0,3,0,0,0
2020-10-17 03:45,6,3,3,0,0,0
2020-10-17 04:00,5,2,3,0,0,0
2020-10-17 04:15,8,0,8,0,0,0
2020-10-17 04:30,3,2,1,0,0,0
2020-10-17 04:45,2,0,2,0,0,0
2020-10-17 05:00,3,1,2,0,0,0
2020-10-17 05:15,5,3,2,0,0,0
2020-10-17 05:30,11,7,4,0,0,0
2020-10-17 05:45,15,7,8,0,0,0
2020-10-17 06:00,5,3,2,0,0,0
2020-10-17 06:15,8,5,3,0,0,0
2020-10-17 06:30,7,5,2,0,0,0
2020-10-17 06:45,7,2,5,0,0,0
2020-10-17 07:00,13,5,8,0,0,0
2020-10-17 07:15,15,11,4,0,0,0
2020-10-17 07:30,19,13,6,0,0,0
2020-10-17 07:45,27,10,17,0,0,0
2020-10-17 08:00,22,13,9,0,0,0
2020-10-17 08:15,22,15,7,0,0,0
2020-10-17 08:30,28,19,9,0,0,0
2020-10-17 08:45,48,30,18,0,0,0
2020-10-17 09:00,32,22,10,0,0,0
2020-10-17 09:15,76,59,17,0,0,0
2020-10-17 09:30,65,48,17,0,0,0
2020-10-17 09:45,103,67,36,0,0,0
2020-10-17 10:00,90,61,29,0,0,0
2020-10-17 10:15,104,65,39,0,0,0
2020-10-17 10:30,100,61,39,0,0,0
2020-10-17 10:45,123,85,38,0,0,0
2020-10-17 11:00,121,75,46,0,0,0
2020-10-17 11:15,125,76,49,0,0,0
2020-10-17 11:30,117,59,58,0,0,0
2020-10-17 11:45,158,100,58,0,0,0
2020-10-17 12:00,132,73,59,0,0,0
2020-10-17 12:15,181,92,89,0,0,0
2020-10-17 12:30,156,76,80,0,0,0
2020-10-17 12:45,152,82,70,0,0,0
2020-10-17 13:00,145,67,78,0,0,0
2020-10-17 13:15,159,83,76,0,0,0
2020-10-17 13:30,128,54,74,0,0,0
2020-10-17 13:45,161,83,78,0,0,0
2020-10-17 14:00,132,54,78,0,0,0
2020-10-17 14:15,130,44,86,0,0,0
2020-10-17 14:30,148,66,82,0,0,0
2020-10-17 14:45,156,71,85,0,0,0
2020-10-17 15:00,134,43,91,0,0,0
2020-10-17 15:15,137,63,74,0,0,0
2020-10-17 15:30,121,46,75,0,0,0
2020-10-17 15:45,134,61,73,0,0,0
2020-10-17 16:00,116,58,58,0,0,0
2020-10-17 16:15,106,42,64,0,0,0
2020-10-17 16:30,112,39,73,0,0,0
2020-10-17 16:45,103,30,73,0,0,0
2020-10-17 17:00,122,46,76,0,0,0
2020-10-17 17:15,106,46,60,0,0,0
2020-10-17 17:30,126,45,81,0,0,0
2020-10-17 17:45,154,49,105,0,0,0
2020-10-17 18:00,109,37,72,0,0,0
2020-10-17 18:15,138,60,78,0,0,0
2020-10-17 18:30,98,37,61,0,0,0
2020-10-17 18:45,103,45,58,0,0,0
2020-10-17 19:00,100,34,66,0,0,0
2020-10-17 19:15,74,32,42,0,0,0
2020-10-17 19:30,82,18,64,0,0,0
2020-10-17 19:45,72,25,47,0,0,0
2020-10-17 20:00,73,31,42,0,0,0
2020-10-17 20:15,66,24,42,0,0,0
2020-10-17 20:30,53,27,26,0,0,0
2020-10-17 20:45,49,17,32,0,0,0
2020-10-17 21:00,40,13,27,0,0,0
2020-10-17 21:15,36,13,23,0,0,0
2020-10-17 21:30,30,8,22,0,0,0
2020-10-17 21:45,33,9,24,0,0,0
2020-10-17 22:00,21,3,18,0,0,0
2020-10-17 22:15,24,6,18,0,0,0
2020-10-17 22:30,21,5,16,0,0,0
2020-10-17 22:45,20,6,14,0,0,0
2020-10-17 23:00,38,9,29,0,0,0
2020-10-17 23:15,25,11,14,0,0,0
2020-10-17 23:30,32,9,23,0,0,0
2020-10-17 23:45,31,8,23,0,0,0
2020-10-18 00:00,18,4,14,0,0,0
2020-10-18 00:15,38,15,23,0,0,0
2020-10-18 00:30,17,4,13,0,0,0
2020-10-18 00:45,22,7,15,0,0,0
2020-10-18 01:00,22,7,15,0,0,0
2020-10-18 01:15,11,2,9,0,0,0
2020-10-18 01:30,26,10,16,0,0,0
2020-10-18 01:45,15,6,9,0,0,0
2020-10-18 02:00,14,5,9,0,0,0
2020-10-18 02:15,10,1,9,0,0,0
2020-10-18 02:30,18,8,10,0,0,0
2020-10-18 02:45,15,4,11,0,0,0
2020-10-18 03:00,11,1,10,0,0,0
2020-10-18 03:15,6,1,5,0,0,0
2020-10-18 03:30,7,2,5,0,0,0
2020-10-18 03:45,3,1,2,0,0,0
2020-10-18 04:00,4,0,4,0,0,0
2020-10-18 04:15,3,1,2,0,0,0
2020-10-18 04:30,5,2,3,0,0,0
2020-10-18 04:45,3,3,0,0,0,0
2020-10-18 05:00,5,1,4,0,0,0
2020-10-18 05:15,9,3,6,0,0,0
2020-10-18 05:30,2,2,0,0,0,0
2020-10-18 05:45,7,5,2,0,0,0
2020-10-18 06:00,4,2,2,0,0,0
2020-10-18 06:15,3,2,1,0,0,0
2020-10-18 06:30,0,0,0,0,0,0
2020-10-18 06:45,5,2,3,0,0,0
2020-10-18 07:00,3,0,3,0,0,0
2020-10-18 07:15,4,3,1,0,0,0
2020-10-18 07:30,10,6,4,0,0,0
2020-10-18 07:45,7,6,1,0,0,0
2020-10-18 08:00,7,4,3,0,0,0
2020-10-18 08:15,13,9,4,0,0,0
2020-10-18 08:30,9,7,2,0,0,0
2020-10-18 08:45,14,9,5,0,0,0
2020-10-18 09:00,14,11,3,0,0,0
2020-10-18 09:15,15,11,4,0,0,0
2020-10-18 09:30,35,18,17,0,0,0
2020-10-18 09:45,40,22,18,0,0,0
2020-10-18 10:00,29,20,9,0,0,0
2020-10-18 10:15,35,16,19,0,0,0
2020-10-18 10:30,25,12,13,0,0,0
2020-10-18 10:45,40,24,16,0,0,0
2020-10-18 11:00,23,12,11,0,0,0
2020-10-18 11:15,42,17,25,0,0,0
2020-10-18 11:30,36,14,22,0,0,0
2020-10-18 11:45,39,22,17,0,0,0
2020-10-18 12:00,55,22,33,0,0,0
2020-10-18 12:15,54,22,32,0,0,0
2020-10-18 12:30,37,16,21,0,0,0
2020-10-18 12:45,33,10,23,0,0,0
2020-10-18 13:00,39,16,23,0,0,0
2020-10-18 13:15,61,36,25,0,0,0
2020-10-18 13:30,55,29,26,0,0,0
2020-10-18 13:45,60,24,36,0,0,0
2020-10-18 14:00,59,31,28,0,0,0
2020-10-18 14:15,56,35,21,0,0,0
2020-10-18 14:30,50,22,28,0,0,0
2020-10-18 14:45,86,54,32,0,0,0
2020-10-18 15:00,81,32,49,0,0,0
2020-10-18 15:15,68,24,44,0,0,0
2020-10-18 15:30,76,30,46,0,0,0
2020-10-18 15:45,80,46,34,0,0,0
2020-10-18 16:00,58,15,43,0,0,0
2020-10-18 16:15,64,34,30,0,0,0
2020-10-18 16:30,56,28,28,0,0,0
2020-10-18 16:45,58,31,27,0,0,0
2020-10-18 17:00,69,37,32,0,0,0
2020-10-18 17:15,61,32,29,0,0,0
2020-10-18 17:30,67,34,33,0,0,0
2020-10-18 17:45,82,38,44,0,0,0
2020-10-18 18:00,60,16,44,0,0,0
2020-10-18 18:15,70,25,45,0,0,0
2020-10-18 18:30,43,18,25,0,0,0
2020-10-18 18:45,64,29,35,0,0,0
2020-10-18 19:00,60,21,39,0,0,0
2020-10-18 19:15,61,24,37,0,0,0
2020-10-18 19:30,38,16,22,0,0,0
2020-10-18 19:45,37,13,24,0,0,0
2020-10-18 20:00,45,13,32,0,0,0
2020-10-18 20:15,32,10,22,0,0,0
2020-10-18 20:30,37,12,25,0,0,0
2020-10-18 20:45,22,8,14,0,0,0
2020-10-18 21:00,28,12,16,0,0,0
2020-10-18 21:15,24,6,18,0,0,0
2020-10-18 21:30,25,6,19,0,0,0
2020-10-18 21:45,14,5,9,0,0,0
2020-10-18 22:00,34,10,24,0,0,0
2020-10-18 22:15,14,1,13,0,0,0
2020-10-18 22:30,27,3,24,0,0,0
2020-10-18 22:45,22,7,15,0,0,0
2020-10-18 23:00,15,4,11,0,0,0
2020-10-18 23:15,9,2,7,0,0,0
2020-10-18 23:30,9,1,8,0,0,0
2020-10-18 23:45,9,4,5,0,0,0
2020-10-19 00:00,11,4,7,0,0,0
2020-10-19 00:15,4,2,2,0,0,0
2020-10-19 00:30,3,1,2,0,0,0
2020-10-19 00:45,3,1,2,0,0,0
2020-10-19 01:00,0,0,0,0,0,0
2020-10-19 01:15,3,1,2,0,0,0
2020-10-19 01:30,3,1,2,0,0,0
2020-10-19 01:45,1,0,1,0,0,0
2020-10-19 02:00,2,0,2,0,0,0
2020-10-19 02:15,1,1,0,0,0,0
2020-10-19 02:30,1,0,1,0,0,0
2020-10-19 02:45,0,0,0,0,0,0
2020-10-19 03:00,0,0,0,0,0,0
2020-10-19 03:15,1,0,1,0,0,0
2020-10-19 03:30,2,0,2,0,0,0
2020-10-19 03:45,0,0,0,0,0,0
2020-10-19 04:00,0,0,0,0,0,0
2020-10-19 04:15,1,1,0,0,0,0
2020-10-19 04:30,7,4,3,0,0,0
2020-10-19 04:45,1,0,1,0,0,0
2020-10-19 05:00,1,1,0,0,0,0
2020-10-19 05:15,12,7,5,0,0,0
2020-10-19 05:30,20,16,4,0,0,0
2020-10-19 05:45,20,16,4,0,0,0
2020-10-19 06:00,24,18,6,0,0,0
2020-10-19 06:15,23,15,8,0,0,0
2020-10-19 06:30,33,24,9,0,0,0
2020-10-19 06:45,60,41,19,0,0,0
2020-10-19 07:00,67,45,22,0,0,0
2020-10-19 07:15,78,50,28,0,0,0
2020-10-19 07:30,114,85,29,0,0,0
2020-10-19 07:45,113,76,37,0,0,0
2020-10-19 08:00,110,62,48,0,0,0
2020-10-19 08:15,118,77,41,0,0,0
2020-10-19 08:30,103,64,39,0,0,0
2020-10-19 08:45,129,81,48,0,0,0
2020-10-19 09:00,91,61,30,0,0,0
2020-10-19 09:15,98,75,23,0,0,0
2020-10-19 09:30,110,79,31,0,0,0
2020-10-19 09:45,103,74,29,0,0,0
2020-10-19 10:00,72,41,31,0,0,0
2020-10-19 10:15,82,51,31,0,0,0
2020-10-19 10:30,109,61,48,0,0,0
2020-10-19 10:45,121,68,53,0,0,0
2020-10-19 11:00,93,55,38,0,0,0
2020-10-19 11:15,140,72,68,0,0,0
2020-10-19 11:30,110,56,54,0,0,0
2020-10-19 11:45,155,75,80,0,0,0
2020-10-19 12:00,129,62,67,0,0,0
2020-10-19 12:15,128,50,78,0,0,0
2020-10-19 12:30,136,54,82,0,0,0
2020-10-19 12:45,126,50,76,0,0,0
2020-10-19 13:00,156,70,86,0,0,0
2020-10-19 13:15,114,56,58,0,0,0
2020-10-19 13:30,150,70,80,0,0,0
2020-10-19 13:45,153,65,88,0,0,0
2020-10-19 14:00,137,62,75,0,0,0
2020-10-19 14:15,165,77,88,0,0,0
2020-10-19 14:30,137,61,76,0,0,0
2020-10-19 14:45,165,85,80,0,0,0
2020-10-19 15:00,149,63,86,0,0,0
2020-10-19 15:15,180,70,110,0,0,0
2020-10-19 15:30,181,87,94,0,0,0
2020-10-19 15:45,199,91,108,0,0,0
2020-10-19 16:00,214,84,130,0,0,0
2020-10-19 16:15,202,77,125,0,0,0
2020-10-19 16:30,214,72,142,0,0,0
2020-10-19 16:45,175,50,125,0,0,0
2020-10-19 17:00,204,62,142,0,0,0
2020-10-19 17:15,196,70,126,0,0,0
2020-10-19 17:30,170,60,110,0,0,0
2020-10-19 17:45,198,92,106,0,0,0
2020-10-19 18:00,188,76,112,0,0,0
2020-10-19 18:15,146,50,96,0,0,0
2020-10-19 18:30,151,43,108,0,0,0
2020-10-19 18:45,163,49,114,0,0,0
2020-10-19 19:00,115,35,80,0,0,0
2020-10-19 19:15,108,33,75,0,0,0
2020-10-19 19:30,80,26,54,0,0,0
2020-10-19 19:45,80,31,49,0,0,0
2020-10-19 20:00,73,39,34,0,0,0
2020-10-19 20:15,65,30,35,0,0,0
2020-10-19 20:30,58,21,37,0,0,0
2020-10-19 20:45,49,16,33,0,0,0
2020-10-19 21:00,55,14,41,0,0,0
2020-10-19 21:15,37,11,26,0,0,0
2020-10-19 21:30,31,10,21,0,0,0
2020-10-19 21:45,26,4,22,0,0,0
2020-10-19 22:00,20,5,15,0,0,0
2020-10-19 22:15,42,20,22,0,0,0
2020-10-19 22:30,40,4,36,0,0,0
2020-10-19 22:45,22,8,14,0,0,0
2020-10-19 23:00,23,0,23,0,0,0
2020-10-19 23:15,15,6,9,0,0,0
2020-10-19 23:30,12,2,10,0,0,0
2020-10-19 23:45,13,2,11,0,0,0
2020-10-20 00:00,6,1,5,0,0,0
2020-10-20 00:15,13,3,10,0,0,0
2020-10-20 00:30,5,3,2,0,0,0
2020-10-20 00:45,4,0,4,0,0,0
2020-10-20 01:00,2,1,1,0,0,0
2020-10-20 01:15,2,0,2,0,0,0
2020-10-20 01:30,10,0,10,0,0,0
2020-10-20 01:45,2,0,2,0,0,0
2020-10-20 02:00,5,0,5,0,0,0
2020-10-20 02:15,1,0,1,0,0,0
2020-10-20 02:30,0,0,0,0,0,0
2020-10-20 02:45,0,0,0,0,0,0
2020-10-20 03:00,0,0,0,0,0,0
2020-10-20 03:15,0,0,0,0,0,0
2020-10-20 03:30,2,0,2,0,0,0
2020-10-20 03:45,1,0,1,0,0,0
2020-10-20 04:00,1,0,1,0,0,0
2020-10-20 04:15,0,0,0,0,0,0
2020-10-20 04:30,3,3,0,0,0,0
2020-10-20 04:45,3,1,2,0,0,0
2020-10-20 05:00,3,2,1,0,0,0
2020-10-20 05:15,11,7,4,0,0,0
2020-10-20 05:30,13,10,3,0,0,0
2020-10-20 05:45,20,15,5,0,0,0
2020-10-20 06:00,21,12,9,0,0,0
2020-10-20 06:15,26,15,11,0,0,0
2020-10-20 06:30,45,34,11,0,0,0
2020-10-20 06:45,60,37,23,0,0,0
2020-10-20 07:00,71,49,22,0,0,0
2020-10-20 07:15,96,62,34,0,0,0
2020-10-20 07:30,114,75,39,0,0,0
2020-10-20 07:45,150,115,35,0,0,0
2020-10-20 08:00,145,95,50,0,0,0
2020-10-20 08:15,126,84,42,0,0,0
2020-10-20 08:30,134,86,48,0,0,0
2020-10-20 08:45,139,93,46,0,0,0
2020-10-20 09:00,98,77,21,0,0,0
2020-10-20 09:15,83,50,33,0,0,0
2020-10-20 09:30,116,75,41,0,0,0
2020-10-20 09:45,106,71,35,0,0,0
2020-10-20 10:00,84,67,17,0,0,0
2020-10-20 10:15,82,55,27,0,0,0
2020-10-20 10:30,119,62,57,0,0,0
2020-10-20 10:45,108,64,44,0,0,0
2020-10-20 11:00,123,63,60,0,0,0
2020-10-20 11:15,125,71,54,0,0,0
2020-10-20 11:30,125,59,66,0,0,0
2020-10-20 11:45,131,63,68,0,0,0
2020-10-20 12:00,124,47,77,0,0,0
2020-10-20 12:15,153,63,90,0,0,0
2020-10-20 12:30,147,68,79,0,0,0
2020-10-20 12:45,134,66,68,0,0,0
2020-10-20 13:00,138,54,84,0,0,0
2020-10-20 13:15,127,48,79,0,0,0
2020-10-20 13:30,111,45,66,0,0,0
2020-10-20 13:45,131,59,72,0,0,0
2020-10-20 14:00,110,40,70,0,0,0
2020-10-20 14:15,144,62,82,0,0,0
2020-10-20 14:30,119,46,73,0,0,0
2020-10-20 14:45,139,57,82,0,0,0
2020-10-20 15:00,144,65,79,0,0,0
2020-10-20 15:15,142,65,77,0,0,0
2020-10-20 15:30,166,55,111,0,0,0
2020-10-20 15:45,166,81,85,0,0,0
2020-10-20 16:00,157,61,96,0,0,0
2020-10-20 16:15,149,56,93,0,0,0
2020-10-20 16:30,140,51,89,0,0,0
2020-10-20 16:45,194,76,118,0,0,0
2020-10-20 17:00,174,51,123,0,0,0
2020-10-20 17:15,197,80,117,0,0,0
2020-10-20 17:30,192,57,135,0,0,0
2020-10-20 17:45,167,71,96,0,0,0
2020-10-20 18:00,170,63,107,0,0,0
2020-10-20 18:15,155,59,96,0,0,0
2020-10-20 18:30,141,51,90,0,0,0
2020-10-20 18:45,119,47,72,0,0,0
2020-10-20 19:00,116,49,67,0,0,0
2020-10-20 19:15,107,42,65,0,0,0
2020-10-20 19:30,86,18,68,0,0,0
2020-10-20 19:45,98,32,66,0,0,0
2020-10-20 20:00,56,23,33,0,0,0
2020-10-20 20:15,78,28,50,0,0,0
2020-10-20 20:30,37,13,24,0,0,0
2020-10-20 20:45,50,18,32,0,0,0
2020-10-20 21:00,32,15,17,0,0,0
2020-10-20 21:15,25,7,18,0,0,0
2020-10-20 21:30,35,9,26,0,0,0
2020-10-20 21:45,33,10,23,0,0,0
2020-10-20 22:00,27,5,22,0,0,0
2020-10-20 22:15,41,15,26,0,0,0
2020-10-20 22:30,27,9,18,0,0,0
2020-10-20 22:45,21,6,15,0,0,0
2020-10-20 23:00,29,8,21,0,0,0
2020-10-20 23:15,22,2,20,0,0,0
2020-10-20 23:30,20,9,11,0,0,0
2020-10-20 23:45,14,9,5,0,0,0
2020-10-21 00:00,19,4,15,0,0,0
2020-10-21 00:15,11,6,5,0,0,0
2020-10-21 00:30,5,1,4,0,0,0
2020-10-21 00:45,5,3,2,0,0,0
2020-10-21 01:00,8,3,5,0,0,0
2020-10-21 01:15,2,1,1,0,0,0
2020-10-21 01:30,3,1,2,0,0,0
2020-10-21 01:45,2,0,2,0,0,0
2020-10-21 02:00,2,0,2,0,0,0
2020-10-21 02:15,3,0,3,0,0,0
2020-10-21 02:30,1,1,0,0,0,0
2020-10-21 02:45,1,0,1,0,0,0
2020-10-21 03:00,2,0,2,0,0,0
2020-10-21 03:15,1,0,1,0,0,0
2020-10-21 03:30,0,0,0,0,0,0
2020-10-21 03:45,0,0,0,0,0,0
2020-10-21 04:00,1,0,1,0,0,0
2020-10-21 04:15,1,0,1,0,0,0
2020-10-21 04:30,5,3,2,0,0,0
2020-10-21 04:45,1,1,0,0,0,0
2020-10-21 05:00,2,2,0,0,0,0
2020-10-21 05:15,9,7,2,0,0,0
2020-10-21 05:30,7,6,1,0,0,0
2020-10-21 05:45,21,18,3,0,0,0
2020-10-21 06:00,14,9,5,0,0,0
2020-10-21 06:15,26,19,7,0,0,0
2020-10-21 06:30,38,26,12,0,0,0
2020-10-21 06:45,59,44,15,0,0,0
2020-10-21 07:00,70,54,16,0,0,0
2020-10-21 07:15,76,51,25,0,0,0
2020-10-21 07:30,113,84,29,0,0,0
2020-10-21 07:45,114,82,32,0,0,0
2020-10-21 08:00,96,66,30,0,0,0
2020-10-21 08:15,113,83,30,0,0,0
2020-10-21 08:30,110,74,36,0,0,0
2020-10-21 08:45,130,92,38,0,0,0
2020-10-21 09:00,98,62,36,0,0,0
2020-10-21 09:15,97,70,27,0,0,0
2020-10-21 09:30,79,49,30,0,0,0
2020-10-21 09:45,111,80,31,0,0,0
2020-10-21 10:00,85,51,34,0,0,0
2020-10-21 10:15,67,45,22,0,0,0
2020-10-21 10:30,77,43,34,0,0,0
2020-10-21 10:45,93,49,44,0,0,0
2020-10-21 11:00,61,35,26,0,0,0
2020-10-21 11:15,84,48,36,0,0,0
2020-10-21 11:30,69,31,38,0,0,0
2020-10-21 11:45,79,38,41,0,0,0
2020-10-21 12:00,94,49,45,0,0,0
2020-10-21 12:15,116,47,69,0,0,0
2020-10-21 12:30,101,39,62,0,0,0
2020-10-21 12:45,100,58,42,0,0,0
2020-10-21 13:00,119,54,65,0,0,0
2020-10-21 13:15,101,42,59,0,0,0
2020-10-21 13:30,103,47,56,0,0,0
2020-10-21 13:45,125,47,78,0,0,0
2020-10-21 14:00,128,53,75,0,0,0
2020-10-21 14:15,103,43,60,0,0,0
2020-10-21 14:30,114,53,61,0,0,0
2020-10-21 14:45,131,57,74,0,0,0
2020-10-21 15:00,130,49,81,0,0,0
2020-10-21 15:15,116,49,67,0,0,0
2020-10-21 15:30,139,58,81,0,0,0
2020-10-21 15:45,168,63,105,0,0,0
2020-10-21 16:00,186,87,99,0,0,0
2020-10-21 16:15,174,84,90,0,0,0
2020-10-21 16:30,184,73,111,0,0,0
2020-10-21 16:45,198,73,125,0,0,0
2020-10-21 17:00,173,69,104,0,0,0
2020-10-21 17:15,179,81,98,0,0,0
2020-10-21 17:30,175,63,112,0,0,0
2020-10-21 17:45,183,63,120,0,0,0
2020-10-21 18:00,174,71,103,0,0,0
2020-10-21 18:15,181,62,119,0,0,0
2020-10-21 18:30,164,45,119,0,0,0
2020-10-21 18:45,153,49,104,0,0,0
2020-10-21 19:00,158,49,109,0,0,0
2020-10-21 19:15,137,41,96,0,0,0
2020-10-21 19:30,76,26,50,0,0,0
2020-10-21 19:45,105,37,68,0,0,0
2020-10-21 20:00,93,31,62,0,0,0
2020-10-21 20:15,65,30,35,0,0,0
2020-10-21 20:30,51,20,31,0,0,0
2020-10-21 20:45,57,20,37,0,0,0
2020-10-21 21:00,53,15,38,0,0,0
2020-10-21 21:15,40,16,24,0,0,0
2020-10-21 21:30,99,68,31,0,0,0
2020-10-21 21:45,43,26,17,0,0,0
2020-10-21 22:00,40,13,27,0,0,0
2020-10-21 22:15,41,20,21,0,0,0
2020-10-21 22:30,30,11,19,0,0,0
2020-10-21 22:45,46,16,30,0,0,0
2020-10-21 23:00,51,22,29,0,0,0
2020-10-21 23:15,39,8,31,0,0,0
2020-10-21 23:30,34,15,19,0,0,0
2020-10-21 23:45,17,4,13,0,0,0
2020-10-22 00:00,13,3,10,0,0,0
2020-10-22 00:15,9,3,6,0,0,0
2020-10-22 00:30,19,7,12,0,0,0
2020-10-22 00:45,18,3,15,0,0,0
2020-10-22 01:00,10,2,8,0,0,0
2020-10-22 01:15,13,2,11,0,0,0
2020-10-22 01:30,4,1,3,0,0,0
2020-10-22 01:45,7,3,4,0,0,0
2020-10-22 02:00,1,0,1,0,0,0
2020-10-22 02:15,10,7,3,0,0,0
2020-10-22 02:30,1,0,1,0,0,0
2020-10-22 02:45,3,0,3,0,0,0
2020-10-22 03:00,2,1,1,0,0,0
2020-10-22 03:15,2,0,2,0,0,0
2020-10-22 03:30,2,0,2,0,0,0
2020-10-22 03:45,5,0,5,0,0,0
2020-10-22 04:00,1,1,0,0,0,0
2020-10-22 04:15,2,1,1,0,0,0
2020-10-22 04:30,6,3,3,0,0,0
2020-10-22 04:45,5,2,3,0,0,0
2020-10-22 05:00,3,2,1,0,0,0
2020-10-22 05:15,8,4,4,0,0,0
2020-10-22 05:30,12,9,3,0,0,0
2020-10-22 05:45,23,16,7,0,0,0
2020-10-22 06:00,27,17,10,0,0,0
2020-10-22 06:15,31,19,12,0,0,0
2020-10-22 06:30,51,34,17,0,0,0
2020-10-22 06:45,52,36,16,0,0,0
2020-10-22 07:00,78,58,20,0,0,0
2020-10-22 07:15,85,58,27,0,0,0
2020-10-22 07:30,120,87,33,0,0,0
2020-10-22 07:45,139,99,40,0,0,0
2020-10-22 08:00,105,70,35,0,0,0
2020-10-22 08:15,110,75,35,0,0,0
2020-10-22 08:30,116,78,38,0,0,0
2020-10-22 08:45,110,76,34,0,0,0
2020-10-22 09:00,103,72,31,0,0,0
2020-10-22 09:15,88,58,30,0,0,0
2020-10-22 09:30,92,67,25,0,0,0
2020-10-22 09:45,118,85,33,0,0,0
2020-10-22 10:00,71,44,27,0,0,0
2020-10-22 10:15,128,73,55,0,0,0
2020-10-22 10:30,114,68,46,0,0,0
2020-10-22 10:45,112,66,46,0,0,0
2020-10-22 11:00,113,58,55,0,0,0
2020-10-22 11:15,134,68,66,0,0,0
2020-10-22 11:30,128,62,66,0,0,0
2020-10-22 11:45,148,68,80,0,0,0
2020-10-22 12:00,143,70,73,0,0,0
2020-10-22 12:15,140,66,74,0,0,0
2020-10-22 12:30,154,66,88,0,0,0
2020-10-22 12:45,147,68,79,0,0,0
2020-10-22 13:00,119,42,77,0,0,0
2020-10-22 13:15,116,54,62,0,0,0
2020-10-22 13:30,140,58,82,0,0,0
2020-10-22 13:45,128,56,72,0,0,0
2020-10-22 14:00,146,65,81,0,0,0
2020-10-22 14:15,122,55,67,0,0,0
2020-10-22 14:30,126,66,60,0,0,0
2020-10-22 14:45,168,70,98,0,0,0
2020-10-22 15:00,146,64,82,0,0,0
2020-10-22 15:15,145,52,93,0,0,0
2020-10-22 15:30,166,61,105,0,0,0
2020-10-22 15:45,157,78,79,0,0,0
2020-10-22 16:00,194,72,122,0,0,0
2020-10-22 16:15,189,82,107,0,0,0
2020-10-22 16:30,183,80,103,0,0,0
2020-10-22 16:45,203,88,115,0,0,0
2020-10-22 17:00,192,68,124,0,0,0
2020-10-22 17:15,202,66,136,0,0,0
2020-10-22 17:30,178,71,107,0,0,0
2020-10-22 17:45,171,60,111,0,0,0
2020-10-22 18:00,156,50,106,0,0,0
2020-10-22 18:15,160,61,99,0,0,0
2020-10-22 18:30,122,36,86,0,0,0
2020-10-22 18:45,148,52,96,0,0,0
2020-10-22 19:00,108,38,70,0,0,0
2020-10-22 19:15,120,47,73,0,0,0
2020-10-22 19:30,96,29,67,0,0,0
2020-10-22 19:45,85,30,55,0,0,0
2020-10-22 20:00,82,32,50,0,0,0
2020-10-22 20:15,58,18,40,0,0,0
2020-10-22 20:30,52,16,36,0,0,0
2020-10-22 20:45,47,14,33,0,0,0
2020-10-22 21:00,49,15,34,0,0,0
2020-10-22 21:15,39,15,24,0,0,0
2020-10-22 21:30,37,17,20,0,0,0
2020-10-22 21:45,25,7,18,0,0,0
2020-10-22 22:00,42,13,29,0,0,0
2020-10-22 22:15,47,19,28,0,0,0
2020-10-22 22:30,35,14,21,0,0,0
2020-10-22 22:45,36,16,20,0,0,0
2020-10-22 23:00,31,6,25,0,0,0
2020-10-22 23:15,17,4,13,0,0,0
2020-10-22 23:30,19,8,11,0,0,0
2020-10-22 23:45,22,4,18,0,0,0
2020-10-23 00:00,13,0,13,0,0,0
2020-10-23 00:15,12,3,9,0,0,0
2020-10-23 00:30,14,4,10,0,0,0
2020-10-23 00:45,5,2,3,0,0,0
2020-10-23 01:00,5,1,4,0,0,0
2020-10-23 01:15,3,3,0,0,0,0
2020-10-23 01:30,2,2,0,0,0,0
2020-10-23 01:45,4,3,1,0,0,0
2020-10-23 02:00,6,4,2,0,0,0
2020-10-23 02:15,5,1,4,0,0,0
2020-10-23 02:30,3,1,2,0,0,0
2020-10-23 02:45,3,1,2,0,0,0
2020-10-23 03:00,0,0,0,0,0,0
2020-10-23 03:15,0,0,0,0,0,0
2020-10-23 03:30,3,0,3,0,0,0
2020-10-23 03:45,2,2,0,0,0,0
2020-10-23 04:00,0,0,0,0,0,0
2020-10-23 04:15,0,0,0,0,0,0
2020-10-23 04:30,2,0,2,0,0,0
2020-10-23 04:45,4,1,3,0,0,0
2020-10-23 05:00,2,2,0,0,0,0
2020-10-23 05:15,2,2,0,0,0,0
2020-10-23 05:30,14,8,6,0,0,0
2020-10-23 05:45,24,19,5,0,0,0
2020-10-23 06:00,24,14,10,0,0,0
2020-10-23 06:15,22,12,10,0,0,0
2020-10-23 06:30,41,24,17,0,0,0
2020-10-23 06:45,49,31,18,0,0,0
2020-10-23 07:00,70,45,25,0,0,0
2020-10-23 07:15,65,42,23,0,0,0
2020-10-23 07:30,82,50,32,0,0,0
2020-10-23 07:45,96,64,32,0,0,0
2020-10-23 08:00,100,67,33,0,0,0
2020-10-23 08:15,88,62,26,0,0,0
2020-10-23 08:30,101,56,45,0,0,0
2020-10-23 08:45,119,84,35,0,0,0
2020-10-23 09:00,85,60,25,0,0,0
2020-10-23 09:15,78,53,25,0,0,0
2020-10-23 09:30,95,63,32,0,0,0
2020-10-23 09:45,94,59,35,0,0,0
2020-10-23 10:00,81,47,34,0,0,0
2020-10-23 10:15,75,40,35,0,0,0
2020-10-23 10:30,94,50,44,0,0,0
2020-10-23 10:45,108,63,45,0,0,0
2020-10-23 11:00,123,57,66,0,0,0
2020-10-23 11:15,99,48,51,0,0,0
2020-10-23 11:30,103,51,52,0,0,0
2020-10-23 11:45,121,51,70,0,0,0
2020-10-23 12:00,127,47,80,0,0,0
2020-10-23 12:15,123,51,72,0,0,0
2020-10-23 12:30,109,35,74,0,0,0
2020-10-23 12:45,116,47,69,0,0,0
2020-10-23 13:00,110,40,70,0,0,0
2020-10-23 13:15,108,39,69,0,0,0
2020-10-23 13:30,102,36,66,0,0,0
2020-10-23 13:45,104,52,52,0,0,0
2020-10-23 14:00,125,49,76,0,0,0
2020-10-23 14:15,133,56,77,0,0,0
2020-10-23 14:30,115,39,76,0,0,0
2020-10-23 14:45,123,51,72,0,0,0
2020-10-23 15:00,136,55,81,0,0,0
2020-10-23 15:15,149,69,80,0,0,0
2020-10-23 15:30,140,54,86,0,0,0
2020-10-23 15:45,138,61,77,0,0,0
2020-10-23 16:00,154,64,90,0,0,0
2020-10-23 16:15,160,60,100,0,0,0
2020-10-23 16:30,146,61,85,0,0,0
2020-10-23 16:45,122,56,66,0,0,0
2020-10-23 17:00,146,59,87,0,0,0
2020-10-23 17:15,134,49,85,0,0,0
2020-10-23 17:30,128,46,82,0,0,0
2020-10-23 17:45,144,54,90,0,0,0
2020-10-23 18:00,145,51,94,0,0,0
2020-10-23 18:15,120,55,65,0,0,0
2020-10-23 18:30,112,43,69,0,0,0
2020-10-23 18:45,117,59,58,0,0,0
2020-10-23 19:00,107,37,70,0,0,0
2020-10-23 19:15,92,29,63,0,0,0
2020-10-23 19:30,79,38,41,0,0,0
2020-10-23 19:45,114,43,71,0,0,0
2020-10-23 20:00,83,22,61,0,0,0
2020-10-23 20:15,66,20,46,0,0,0
2020-10-23 20:30,63,26,37,0,0,0
2020-10-23 20:45,66,25,41,0,0,0
2020-10-23 21:00,44,16,28,0,0,0
2020-10-23 21:15,38,15,23,0,0,0
2020-10-23 21:30,37,7,30,0,0,0
2020-10-23 21:45,40,6,34,0,0,0
2020-10-23 22:00,19,8,11,0,0,0
2020-10-23 22:15,37,8,29,0,0,0
2020-10-23 22:30,37,10,27,0,0,0
2020-10-23 22:45,40,19,21,0,0,0
2020-10-23 23:00,35,12,23,0,0,0
2020-10-23 23:15,44,11,33,0,0,0
2020-10-23 23:30,35,17,18,0,0,0
2020-10-23 23:45,39,21,18,0,0,0
2020-10-24 00:00,27,8,19,0,0,0
2020-10-24 00:15,32,11,21,0,0,0
2020-10-24 00:30,25,6,19,0,0,0
2020-10-24 00:45,15,5,10,0,0,0
2020-10-24 01:00,24,6,18,0,0,0
2020-10-24 01:15,23,11,12,0,0,0
2020-10-24 01:30,12,5,7,0,0,0
2020-10-24 01:45,23,5,18,0,0,0
2020-10-24 02:00,18,8,10,0,0,0
2020-10-24 02:15,31,9,22,0,0,0
2020-10-24 02:30,18,6,12,0,0,0
2020-10-24 02:45,9,7,2,0,0,0
2020-10-24 03:00,9,4,5,0,0,0
2020-10-24 03:15,8,2,6,0,0,0
2020-10-24 03:30,7,2,5,0,0,0
2020-10-24 03:45,11,7,4,0,0,0
2020-10-24 04:00,5,0,5,0,0,0
2020-10-24 04:15,2,0,2,0,0,0
2020-10-24 04:30,6,0,6,0,0,0
2020-10-24 04:45,1,0,1,0,0,0
2020-10-24 05:00,3,2,1,0,0,0
2020-10-24 05:15,4,2,2,0,0,0
2020-10-24 05:30,4,3,1,0,0,0
2020-10-24 05:45,14,13,1,0,0,0
2020-10-24 06:00,2,1,1,0,0,0
2020-10-24 06:15,5,3,2,0,0,0
2020-10-24 06:30,9,3,6,0,0,0
2020-10-24 06:45,11,6,5,0,0,0
2020-10-24 07:00,6,2,4,0,0,0
2020-10-24 07:15,16,11,5,0,0,0
2020-10-24 07:30,29,18,11,0,0,0
2020-10-24 07:45,34,18,16,0,0,0
2020-10-24 08:00,19,12,7,0,0,0
2020-10-24 08:15,32,13,19,0,0,0
2020-10-24 08:30,40,25,15,0,0,0
2020-10-24 08:45,54,35,19,0,0,0
2020-10-24 09:00,52,37,15,0,0,0
2020-10-24 09:15,79,54,25,0,0,0
2020-10-24 09:30,74,51,23,0,0,0
2020-10-24 09:45,90,68,22,0,0,0
2020-10-24 10:00,85,54,31,0,0,0
2020-10-24 10:15,99,71,28,0,0,0
2020-10-24 10:30,135,76,59,0,0,0
2020-10-24 10:45,105,55,50,0,0,0
2020-10-24 11:00,135,79,56,0,0,0
2020-10-24 11:15,126,72,54,0,0,0
2020-10-24 11:30,139,75,64,0,0,0
2020-10-24 11:45,170,93,77,0,0,0
2020-10-24 12:00,148,77,71,0,0,0
2020-10-24 12:15,168,84,84,0,0,0
2020-10-24 12:30,138,56,82,0,0,0
2020-10-24 12:45,171,96,75,0,0,0
2020-10-24 13:00,146,85,61,0,0,0
2020-10-24 13:15,149,66,83,0,0,0
2020-10-24 13:30,149,81,68,0,0,0
2020-10-24 13:45,188,87,101,0,0,0
2020-10-24 14:00,149,61,88,0,0,0
2020-10-24 14:15,159,57,102,0,0,0
2020-10-24 14:30,171,57,114,0,0,0
2020-10-24 14:45,151,76,75,0,0,0
2020-10-24 15:00,141,57,84,0,0,0
2020-10-24 15:15,128,54,74,0,0,0
2020-10-24 15:30,134,48,86,0,0,0
2020-10-24 15:45,123,54,69,0,0,0
2020-10-24 16:00,143,64,79,0,0,0
2020-10-24 16:15,91,27,64,0,0,0
2020-10-24 16:30,116,48,68,0,0,0
2020-10-24 16:45,113,32,81,0,0,0
2020-10-24 17:00,105,33,72,0,0,0
2020-10-24 17:15,82,36,46,0,0,0
2020-10-24 17:30,109,52,57,0,0,0
2020-10-24 17:45,128,65,63,0,0,0
2020-10-24 18:00,132,47,85,0,0,0
2020-10-24 18:15,125,50,75,0,0,0
2020-10-24 18:30,83,28,55,0,0,0
2020-10-24 18:45,109,64,45,0,0,0
2020-10-24 19:00,112,39,73,0,0,0
2020-10-24 19:15,67,27,40,0,0,0
2020-10-24 19:30,88,49,39,0,0,0
2020-10-24 19:45,93,42,51,0,0,0
2020-10-24 20:00,82,30,52,0,0,0
2020-10-24 20:15,54,23,31,0,0,0
2020-10-24 20:30,53,21,32,0,0,0
2020-10-24 20:45,41,22,19,0,0,0
2020-10-24 21:00,34,19,15,0,0,0
2020-10-24 21:15,33,10,23,0,0,0
2020-10-24 21:30,19,5,14,0,0,0
2020-10-24 21:45,32,12,20,0,0,0
2020-10-24 22:00,30,14,16,0,0,0
2020-10-24 22:15,23,5,18,0,0,0
2020-10-24 22:30,33,12,21,0,0,0
2020-10-24 22:45,36,14,22,0,0,0
2020-10-24 23:00,39,6,33,0,0,0
2020-10-24 23:15,42,14,28,0,0,0
2020-10-24 23:30,36,7,29,0,0,0
2020-10-24 23:45,29,19,10,0,0,0
2020-10-25 00:00,33,11,22,0,0,0
2020-10-25 00:15,41,16,25,0,0,0
2020-10-25 00:30,19,11,8,0,0,0
2020-10-25 00:45,29,7,22,0,0,0
2020-10-25 01:00,29,11,18,0,0,0
2020-10-25 01:15,22,9,13,0,0,0
2020-10-25 01:30,13,6,7,0,0,0
2020-10-25 01:45,20,4,16,0,0,0
2020-10-25 02:00,21,8,13,0,0,0
2020-10-25 02:15,30,11,19,0,0,0
2020-10-25 02:30,13,1,12,0,0,0
2020-10-25 02:45,16,1,15,0,0,0
2020-10-25 03:00,5,3,2,0,0,0
2020-10-25 03:15,3,0,3,0,0,0
2020-10-25 03:30,10,7,3,0,0,0
2020-10-25 03:45,0,0,0,0,0,0
2020-10-25 04:00,0,0,0,0,0,0
2020-10-25 04:15,2,0,2,0,0,0
2020-10-25 04:30,5,0,5,0,0,0
2020-10-25 04:45,6,3,3,0,0,0
2020-10-25 05:00,2,1,1,0,0,0
2020-10-25 05:15,5,1,4,0,0,0
2020-10-25 05:30,6,4,2,0,0,0
2020-10-25 05:45,13,6,7,0,0,0
2020-10-25 06:00,1,1,0,0,0,0
2020-10-25 06:15,5,3,2,0,0,0
2020-10-25 06:30,7,4,3,0,0,0
2020-10-25 06:45,5,2,3,0,0,0
2020-10-25 07:00,5,1,4,0,0,0
2020-10-25 07:15,4,2,2,0,0,0
2020-10-25 07:30,12,8,4,0,0,0
2020-10-25 07:45,9,7,2,0,0,0
2020-10-25 08:00,7,5,2,0,0,0
2020-10-25 08:15,13,7,6,0,0,0
2020-10-25 08:30,18,4,14,0,0,0
2020-10-25 08:45,14,9,5,0,0,0
2020-10-25 09:00,16,8,8,0,0,0
2020-10-25 09:15,16,11,5,0,0,0
2020-10-25 09:30,18,7,11,0,0,0
2020-10-25 09:45,34,18,16,0,0,0
2020-10-25 10:00,14,4,10,0,0,0
2020-10-25 10:15,22,13,9,0,0,0
2020-10-25 10:30,26,11,15,0,0,0
2020-10-25 10:45,44,18,26,0,0,0
2020-10-25 11:00,28,13,15,0,0,0
2020-10-25 11:15,22,10,12,0,0,0
2020-10-25 11:30,29,10,19,0,0,0
2020-10-25 11:45,29,11,18,0,0,0
2020-10-25 12:00,38,17,21,0,0,0
2020-10-25 12:15,37,22,15,0,0,0
2020-10-25 12:30,32,9,23,0,0,0
2020-10-25 12:45,31,16,15,0,0,0
2020-10-25 13:00,24,8,16,0,0,0
2020-10-25 13:15,34,13,21,0,0,0
2020-10-25 13:30,32,15,17,0,0,0
2020-10-25 13:45,41,17,24,0,0,0
2020-10-25 14:00,22,12,10,0,0,0
2020-10-25 14:15,42,21,21,0,0,0
2020-10-25 14:30,32,14,18,0,0,0
2020-10-25 14:45,49,21,28,0,0,0
2020-10-25 15:00,39,23,16,0,0,0
2020-10-25 15:15,37,20,17,0,0,0
2020-10-25 15:30,40,26,14,0,0,0
2020-10-25 15:45,40,21,19,0,0,0
2020-10-25 16:00,51,18,33,0,0,0
2020-10-25 16:15,48,24,24,0,0,0
2020-10-25 16:30,61,14,47,0,0,0
2020-10-25 16:45,51,20,31,0,0,0
2020-10-25 17:00,47,14,33,0,0,0
2020-10-25 17:15,44,17,27,0,0,0
2020-10-25 17:30,46,24,22,0,0,0
2020-10-25 17:45,47,21,26,0,0,0
2020-10-25 18:00,52,26,26,0,0,0
2020-10-25 18:15,49,22,27,0,0,0
2020-10-25 18:30,32,11,21,0,0,0
2020-10-25 18:45,39,13,26,0,0,0
2020-10-25 19:00,31,10,21,0,0,0
2020-10-25 19:15,32,11,21,0,0,0
2020-10-25 19:30,22,11,11,0,0,0
2020-10-25 19:45,35,16,19,0,0,0
2020-10-25 20:00,28,12,16,0,0,0
2020-10-25 20:15,30,9,21,0,0,0
2020-10-25 20:30,17,9,8,0,0,0
2020-10-25 20:45,16,6,10,0,0,0
2020-10-25 21:00,10,6,4,0,0,0
2020-10-25 21:15,17,5,12,0,0,0
2020-10-25 21:30,16,4,12,0,0,0
2020-10-25 21:45,21,9,12,0,0,0
2020-10-25 22:00,13,6,7,0,0,0
2020-10-25 22:15,15,3,12,0,0,0
2020-10-25 22:30,18,5,13,0,0,0
2020-10-25 22:45,9,1,8,0,0,0
2020-10-25 23:00,14,5,9,0,0,0
2020-10-25 23:15,9,4,5,0,0,0
2020-10-25 23:30,12,0,12,0,0,0
2020-10-25 23:45,7,5,2,0,0,0
2020-10-26 00:00,7,0,7,0,0,0
2020-10-26 00:15,3,2,1,0,0,0
2020-10-26 00:30,3,3,0,0,0,0
2020-10-26 00:45,1,1,0,0,0,0
2020-10-26 01:00,4,1,3,0,0,0
2020-10-26 01:15,0,0,0,0,0,0
2020-10-26 01:30,7,2,5,0,0,0
2020-10-26 01:45,0,0,0,0,0,0
2020-10-26 02:00,0,0,0,0,0,0
2020-10-26 02:15,2,0,2,0,0,0
2020-10-26 02:30,0,0,0,0,0,0
2020-10-26 02:45,0,0,0,0,0,0
2020-10-26 03:00,0,0,0,0,0,0
2020-10-26 03:15,1,0,1,0,0,0
2020-10-26 03:30,0,0,0,0,0,0
2020-10-26 03:45,1,0,1,0,0,0
2020-10-26 04:00,0,0,0,0,0,0
2020-10-26 04:15,0,0,0,0,0,0
2020-10-26 04:30,0,0,0,0,0,0
2020-10-26 04:45,0,0,0,0,0,0
2020-10-26 05:00,5,3,2,0,0,0
2020-10-26 05:15,8,5,3,0,0,0
2020-10-26 05:30,10,10,0,0,0,0
2020-10-26 05:45,18,15,3,0,0,0
2020-10-26 06:00,23,16,7,0,0,0
2020-10-26 06:15,37,29,8,0,0,0
2020-10-26 06:30,47,38,9,0,0,0
2020-10-26 06:45,65,49,16,0,0,0
2020-10-26 07:00,78,49,29,0,0,0
2020-10-26 07:15,145,91,54,0,0,0
2020-10-26 07:30,162,95,67,0,0,0
2020-10-26 07:45,175,121,54,0,0,0
2020-10-26 08:00,121,69,52,0,0,0
2020-10-26 08:15,138,87,51,0,0,0
2020-10-26 08:30,100,62,38,0,0,0
2020-10-26 08:45,126,80,46,0,0,0
2020-10-26 09:00,115,80,35,0,0,0
2020-10-26 09:15,110,76,34,0,0,0
2020-10-26 09:30,97,61,36,0,0,0
2020-10-26 09:45,124,67,57,0,0,0
2020-10-26 10:00,95,56,39,0,0,0
2020-10-26 10:15,104,49,55,0,0,0
2020-10-26 10:30,107,55,52,0,0,0
2020-10-26 10:45,120,73,47,0,0,0
2020-10-26 11:00,100,43,57,0,0,0
2020-10-26 11:15,133,65,68,0,0,0
2020-10-26 11:30,120,55,65,0,0,0
2020-10-26 11:45,122,55,67,0,0,0
2020-10-26 12:00,125,56,69,0,0,0
2020-10-26 12:15,125,51,74,0,0,0
2020-10-26 12:30,125,39,86,0,0,0
2020-10-26 12:45,136,49,87,0,0,0
2020-10-26 13:00,128,39,89,0,0,0
2020-10-26 13:15,121,56,65,0,0,0
2020-10-26 13:30,141,54,87,0,0,0
2020-10-26 13:45,162,65,97,0,0,0
2020-10-26 14:00,127,53,74,0,0,0
2020-10-26 14:15,138,47,91,0,0,0
2020-10-26 14:30,133,60,73,0,0,0
2020-10-26 14:45,171,80,91,0,0,0
2020-10-26 15:00,127,40,87,0,0,0
2020-10-26 15:15,153,59,94,0,0,0
2020-10-26 15:30,169,69,100,0,0,0
2020-10-26 15:45,193,75,118,0,0,0
2020-10-26 16:00,201,58,143,0,0,0
2020-10-26 16:15,191,68,123,0,0,0
2020-10-26 16:30,195,77,118,0,0,0
2020-10-26 16:45,208,70,138,0,0,0
2020-10-26 17:00,209,48,161,0,0,0
2020-10-26 17:15,195,69,126,0,0,0
2020-10-26 17:30,157,51,106,0,0,0
2020-10-26 17:45,169,76,93,0,0,0
2020-10-26 18:00,181,62,119,0,0,0
2020-10-26 18:15,172,43,129,0,0,0
2020-10-26 18:30,146,48,98,0,0,0
2020-10-26 18:45,126,41,85,0,0,0
2020-10-26 19:00,105,25,80,0,0,0
2020-10-26 19:15,105,30,75,0,0,0
2020-10-26 19:30,72,28,44,0,0,0
2020-10-26 19:45,77,28,49,0,0,0
2020-10-26 20:00,60,18,42,0,0,0
2020-10-26 20:15,53,18,35,0,0,0
2020-10-26 20:30,46,12,34,0,0,0
2020-10-26 20:45,50,19,31,0,0,0
2020-10-26 21:00,38,9,29,0,0,0
2020-10-26 21:15,41,15,26,0,0,0
2020-10-26 21:30,36,15,21,0,0,0
2020-10-26 21:45,37,13,24,0,0,0
2020-10-26 22:00,38,12,26,0,0,0
2020-10-26 22:15,34,11,23,0,0,0
2020-10-26 22:30,24,6,18,0,0,0
2020-10-26 22:45,16,5,11,0,0,0
2020-10-26 23:00,17,6,11,0,0,0
2020-10-26 23:15,10,3,7,0,0,0
2020-10-26 23:30,17,12,5,0,0,0
2020-10-26 23:45,7,3,4,0,0,0
2020-10-27 00:00,10,3,7,0,0,0
2020-10-27 00:15,7,3,4,0,0,0
2020-10-27 00:30,3,2,1,0,0,0
2020-10-27 00:45,8,5,3,0,0,0
2020-10-27 01:00,1,0,1,0,0,0
2020-10-27 01:15,8,2,6,0,0,0
2020-10-27 01:30,1,1,0,0,0,0
2020-10-27 01:45,0,0,0,0,0,0
2020-10-27 02:00,0,0,0,0,0,0
2020-10-27 02:15,2,0,2,0,0,0
2020-10-27 02:30,2,0,2,0,0,0
2020-10-27 02:45,0,0,0,0,0,0
2020-10-27 03:00,3,2,1,0,0,0
2020-10-27 03:15,2,0,2,0,0,0
2020-10-27 03:30,1,0,1,0,0,0
2020-10-27 03:45,1,0,1,0,0,0
2020-10-27 04:00,2,0,2,0,0,0
2020-10-27 04:15,0,0,0,0,0,0
2020-10-27 04:30,5,4,1,0,0,0
2020-10-27 04:45,3,3,0,0,0,0
2020-10-27 05:00,3,2,1,0,0,0
2020-10-27 05:15,14,6,8,0,0,0
2020-10-27 05:30,15,12,3,0,0,0
2020-10-27 05:45,20,18,2,0,0,0
2020-10-27 06:00,32,22,10,0,0,0
2020-10-27 06:15,33,25,8,0,0,0
2020-10-27 06:30,51,32,19,0,0,0
2020-10-27 06:45,57,40,17,0,0,0
2020-10-27 07:00,94,60,34,0,0,0
2020-10-27 07:15,138,92,46,0,0,0
2020-10-27 07:30,201,123,78,0,0,0
2020-10-27 07:45,168,102,66,0,0,0
2020-10-27 08:00,146,98,48,0,0,0
2020-10-27 08:15,139,98,41,0,0,0
2020-10-27 08:30,135,91,44,0,0,0
2020-10-27 08:45,118,89,29,0,0,0
2020-10-27 09:00,102,74,28,0,0,0
2020-10-27 09:15,86,59,27,0,0,0
2020-10-27 09:30,121,79,42,0,0,0
2020-10-27 09:45,127,80,47,0,0,0
2020-10-27 10:00,102,64,38,0,0,0
2020-10-27 10:15,86,46,40,0,0,0
2020-10-27 10:30,130,63,67,0,0,0
2020-10-27 10:45,108,57,51,0,0,0
2020-10-27 11:00,95,48,47,0,0,0
2020-10-27 11:15,144,61,83,0,0,0
2020-10-27 11:30,123,58,65,0,0,0
2020-10-27 11:45,151,70,81,0,0,0
2020-10-27 12:00,125,52,73,0,0,0
2020-10-27 12:15,146,61,85,0,0,0
2020-10-27 12:30,156,70,86,0,0,0
2020-10-27 12:45,136,52,84,0,0,0
2020-10-27 13:00,150,62,88,0,0,0
2020-10-27 13:15,150,63,87,0,0,0
2020-10-27 13:30,142,41,101,0,0,0
2020-10-27 13:45,144,65,79,0,0,0
2020-10-27 14:00,157,64,93,0,0,0
2020-10-27 14:15,167,78,89,0,0,0
2020-10-27 14:30,173,78,95,0,0,0
2020-10-27 14:45,198,95,103,0,0,0
2020-10-27 15:00,174,76,98,0,0,0
2020-10-27 15:15,153,64,89,0,0,0
2020-10-27 15:30,166,74,92,0,0,0
2020-10-27 15:45,180,83,97,0,0,0
2020-10-27 16:00,209,68,141,0,0,0
2020-10-27 16:15,202,79,123,0,0,0
2020-10-27 16:30,178,69,109,0,0,0
2020-10-27 16:45,207,74,133,0,0,0
2020-10-27 17:00,232,80,152,0,0,0
2020-10-27 17:15,173,58,115,0,0,0
2020-10-27 17:30,198,66,132,0,0,0
2020-10-27 17:45,174,65,109,0,0,0
2020-10-27 18:00,181,51,130,0,0,0
2020-10-27 18:15,140,50,90,0,0,0
2020-10-27 18:30,124,45,79,0,0,0
2020-10-27 18:45,144,44,100,0,0,0
2020-10-27 19:00,123,31,92,0,0,0
2020-10-27 19:15,86,32,54,0,0,0
2020-10-27 19:30,97,23,74,0,0,0
2020-10-27 19:45,92,38,54,0,0,0
2020-10-27 20:00,70,23,47,0,0,0
2020-10-27 20:15,62,25,37,0,0,0
2020-10-27 20:30,55,13,42,0,0,0
2020-10-27 20:45,49,13,36,0,0,0
2020-10-27 21:00,40,11,29,0,0,0
2020-10-27 21:15,42,16,26,0,0,0
2020-10-27 21:30,37,12,25,0,0,0
2020-10-27 21:45,35,7,28,0,0,0
2020-10-27 22:00,22,6,16,0,0,0
2020-10-27 22:15,33,16,17,0,0,0
2020-10-27 22:30,34,8,26,0,0,0
2020-10-27 22:45,24,12,12,0,0,0
2020-10-27 23:00,38,7,31,0,0,0
2020-10-27 23:15,23,4,19,0,0,0
2020-10-27 23:30,12,4,8,0,0,0
2020-10-27 23:45,17,8,9,0,0,0
2020-10-28 00:00,9,6,3,0,0,0
2020-10-28 00:15,5,5,0,0,0,0
2020-10-28 00:30,6,3,3,0,0,0
2020-10-28 00:45,5,0,5,0,0,0
2020-10-28 01:00,3,1,2,0,0,0
2020-10-28 01:15,6,2,4,0,0,0
2020-10-28 01:30,2,2,0,0,0,0
2020-10-28 01:45,10,7,3,0,0,0
2020-10-28 02:00,2,1,1,0,0,0
2020-10-28 02:15,7,4,3,0,0,0
2020-10-28 02:30,2,0,2,0,0,0
2020-10-28 02:45,0,0,0,0,0,0
2020-10-28 03:00,0,0,0,0,0,0
2020-10-28 03:15,0,0,0,0,0,0
2020-10-28 03:30,4,2,2,0,0,0
2020-10-28 03:45,3,1,2,0,0,0
2020-10-28 04:00,1,0,1,0,0,0
2020-10-28 04:15,0,0,0,0,0,0
2020-10-28 04:30,2,2,0,0,0,0
2020-10-28 04:45,1,1,0,0,0,0
2020-10-28 05:00,5,4,1,0,0,0
2020-10-28 05:15,7,3,4,0,0,0
2020-10-28 05:30,18,10,8,0,0,0
2020-10-28 05:45,19,17,2,0,0,0
2020-10-28 06:00,21,18,3,0,0,0
2020-10-28 06:15,29,19,10,0,0,0
2020-10-28 06:30,44,33,11,0,0,0
2020-10-28 06:45,68,48,20,0,0,0
2020-10-28 07:00,99,63,36,0,0,0
2020-10-28 07:15,125,84,41,0,0,0
2020-10-28 07:30,198,124,74,0,0,0
2020-10-28 07:45,187,124,63,0,0,0
2020-10-28 08:00,145,93,52,0,0,0
2020-10-28 08:15,145,99,46,0,0,0
2020-10-28 08:30,143,92,51,0,0,0
2020-10-28 08:45,144,99,45,0,0,0
2020-10-28 09:00,113,72,41,0,0,0
2020-10-28 09:15,107,71,36,0,0,0
2020-10-28 09:30,104,81,23,0,0,0
2020-10-28 09:45,117,79,38,0,0,0
2020-10-28 10:00,113,75,38,0,0,0
2020-10-28 10:15,118,72,46,0,0,0
2020-10-28 10:30,132,78,54,0,0,0
2020-10-28 10:45,121,66,55,0,0,0
2020-10-28 11:00,150,65,85,0,0,0
2020-10-28 11:15,153,64,89,0,0,0
2020-10-28 11:30,146,68,78,0,0,0
2020-10-28 11:45,167,74,93,0,0,0
2020-10-28 12:00,166,69,97,0,0,0
2020-10-28 12:15,152,70,82,0,0,0
2020-10-28 12:30,148,63,85,0,0,0
2020-10-28 12:45,145,60,85,0,0,0
2020-10-28 13:00,187,61,126,0,0,0
2020-10-28 13:15,160,83,77,0,0,0
2020-10-28 13:30,147,65,82,0,0,0
2020-10-28 13:45,169,58,111,0,0,0
2020-10-28 14:00,154,66,88,0,0,0
2020-10-28 14:15,154,62,92,0,0,0
2020-10-28 14:30,145,65,80,0,0,0
2020-10-28 14:45,202,101,101,0,0,0
2020-10-28 15:00,173,69,104,0,0,0
2020-10-28 15:15,170,74,96,0,0,0
2020-10-28 15:30,167,59,108,0,0,0
2020-10-28 15:45,204,80,124,0,0,0
2020-10-28 16:00,194,83,111,0,0,0
2020-10-28 16:15,199,82,117,0,0,0
2020-10-28 16:30,191,77,114,0,0,0
2020-10-28 16:45,201,77,124,0,0,0
2020-10-28 17:00,217,69,148,0,0,0
2020-10-28 17:15,209,62,147,0,0,0
2020-10-28 17:30,178,73,105,0,0,0
2020-10-28 17:45,181,72,109,0,0,0
2020-10-28 18:00,150,52,98,0,0,0
2020-10-28 18:15,136,54,82,0,0,0
2020-10-28 18:30,112,40,72,0,0,0
2020-10-28 18:45,126,35,91,0,0,0
2020-10-28 19:00,78,25,53,0,0,0
2020-10-28 19:15,114,31,83,0,0,0
2020-10-28 19:30,83,27,56,0,0,0
2020-10-28 19:45,85,31,54,0,0,0
2020-10-28 20:00,63,22,41,0,0,0
2020-10-28 20:15,51,20,31,0,0,0
2020-10-28 20:30,44,10,34,0,0,0
2020-10-28 20:45,39,13,26,0,0,0
2020-10-28 21:00,39,17,22,0,0,0
2020-10-28 21:15,37,12,25,0,0,0
2020-10-28 21:30,29,8,21,0,0,0
2020-10-28 21:45,24,9,15,0,0,0
2020-10-28 22:00,37,12,25,0,0,0
2020-10-28 22:15,24,12,12,0,0,0
2020-10-28 22:30,25,7,18,0,0,0
2020-10-28 22:45,26,10,16,0,0,0
2020-10-28 23:00,35,8,27,0,0,0
2020-10-28 23:15,23,10,13,0,0,0
2020-10-28 23:30,19,5,14,0,0,0
2020-10-28 23:45,19,10,9,0,0,0
2020-10-29 00:00,18,9,9,0,0,0
2020-10-29 00:15,5,3,2,0,0,0
2020-10-29 00:30,7,0,7,0,0,0
2020-10-29 00:45,6,2,4,0,0,0
2020-10-29 01:00,9,3,6,0,0,0
2020-10-29 01:15,5,1,4,0,0,0
2020-10-29 01:30,4,1,3,0,0,0
2020-10-29 01:45,4,2,2,0,0,0
2020-10-29 02:00,5,3,2,0,0,0
2020-10-29 02:15,5,0,5,0,0,0
2020-10-29 02:30,2,2,0,0,0,0
2020-10-29 02:45,2,1,1,0,0,0
2020-10-29 03:00,1,0,1,0,0,0
2020-10-29 03:15,1,1,0,0,0,0
2020-10-29 03:30,1,0,1,0,0,0
2020-10-29 03:45,1,0,1,0,0,0
2020-10-29 04:00,1,0,1,0,0,0
2020-10-29 04:15,0,0,0,0,0,0
2020-10-29 04:30,4,3,1,0,0,0
2020-10-29 04:45,2,2,0,0,0,0
2020-10-29 05:00,1,1,0,0,0,0
2020-10-29 05:15,8,4,4,0,0,0
2020-10-29 05:30,18,13,5,0,0,0
2020-10-29 05:45,18,15,3,0,0,0
2020-10-29 06:00,22,17,5,0,0,0
2020-10-29 06:15,23,18,5,0,0,0
2020-10-29 06:30,40,32,8,0,0,0
2020-10-29 06:45,69,42,27,0,0,0
2020-10-29 07:00,71,52,19,0,0,0
2020-10-29 07:15,110,72,38,0,0,0
2020-10-29 07:30,184,116,68,0,0,0
2020-10-29 07:45,180,119,61,0,0,0
2020-10-29 08:00,143,93,50,0,0,0
2020-10-29 08:15,124,79,45,0,0,0
2020-10-29 08:30,110,58,52,0,0,0
2020-10-29 08:45,110,75,35,0,0,0
2020-10-29 09:00,85,62,23,0,0,0
2020-10-29 09:15,94,67,27,0,0,0
2020-10-29 09:30,93,57,36,0,0,0
2020-10-29 09:45,109,72,37,0,0,0
2020-10-29 10:00,96,55,41,0,0,0
2020-10-29 10:15,70,38,32,0,0,0
2020-10-29 10:30,110,60,50,0,0,0
2020-10-29 10:45,96,60,36,0,0,0
2020-10-29 11:00,124,51,73,0,0,0
2020-10-29 11:15,110,50,60,0,0,0
2020-10-29 11:30,126,53,73,0,0,0
2020-10-29 11:45,141,70,71,0,0,0
2020-10-29 12:00,137,61,76,0,0,0
2020-10-29 12:15,148,64,84,0,0,0
2020-10-29 12:30,200,73,127,0,0,0
2020-10-29 12:45,147,76,71,0,0,0
2020-10-29 13:00,126,50,76,0,0,0
2020-10-29 13:15,140,53,87,0,0,0
2020-10-29 13:30,142,64,78,0,0,0
2020-10-29 13:45,183,79,104,0,0,0
2020-10-29 14:00,139,54,85,0,0,0
2020-10-29 14:15,158,58,100,0,0,0
2020-10-29 14:30,137,61,76,0,0,0
2020-10-29 14:45,198,84,114,0,0,0
2020-10-29 15:00,138,71,67,0,0,0
2020-10-29 15:15,189,85,104,0,0,0
2020-10-29 15:30,156,66,90,0,0,0
2020-10-29 15:45,221,88,133,0,0,0
2020-10-29 16:00,189,69,120,0,0,0
2020-10-29 16:15,189,68,121,0,0,0
2020-10-29 16:30,168,52,116,0,0,0
2020-10-29 16:45,162,61,101,0,0,0
2020-10-29 17:00,159,60,99,0,0,0
2020-10-29 17:15,160,40,120,0,0,0
2020-10-29 17:30,155,62,93,0,0,0
2020-10-29 17:45,148,53,95,0,0,0
2020-10-29 18:00,142,43,99,0,0,0
2020-10-29 18:15,123,34,89,0,0,0
2020-10-29 18:30,87,31,56,0,0,0
2020-10-29 18:45,117,40,77,0,0,0
2020-10-29 19:00,77,22,55,0,0,0
2020-10-29 19:15,70,25,45,0,0,0
2020-10-29 19:30,49,13,36,0,0,0
2020-10-29 19:45,63,13,50,0,0,0
2020-10-29 20:00,55,10,45,0,0,0
2020-10-29 20:15,39,12,27,0,0,0
2020-10-29 20:30,23,8,15,0,0,0
2020-10-29 20:45,43,14,29,0,0,0
2020-10-29 21:00,36,10,26,0,0,0
2020-10-29 21:15,47,11,36,0,0,0
2020-10-29 21:30,29,7,22,0,0,0
2020-10-29 21:45,32,11,21,0,0,0
2020-10-29 22:00,22,9,13,0,0,0
2020-10-29 22:15,35,10,25,0,0,0
2020-10-29 22:30,16,8,8,0,0,0
2020-10-29 22:45,24,4,20,0,0,0
2020-10-29 23:00,24,8,16,0,0,0
2020-10-29 23:15,18,7,11,0,0,0
2020-10-29 23:30,16,5,11,0,0,0
2020-10-29 23:45,11,3,8,0,0,0
2020-10-30 00:00,14,6,8,0,0,0
2020-10-30 00:15,8,6,2,0,0,0
2020-10-30 00:30,8,6,2,0,0,0
2020-10-30 00:45,11,4,7,0,0,0
2020-10-30 01:00,11,0,11,0,0,0
2020-10-30 01:15,8,6,2,0,0,0
2020-10-30 01:30,3,2,1,0,0,0
2020-10-30 01:45,2,2,0,0,0,0
2020-10-30 02:00,0,0,0,0,0,0
2020-10-30 02:15,1,0,1,0,0,0
2020-10-30 02:30,2,2,0,0,0,0
2020-10-30 02:45,3,1,2,0,0,0
2020-10-30 03:00,9,6,3,0,0,0
2020-10-30 03:15,0,0,0,0,0,0
2020-10-30 03:30,2,1,1,0,0,0
2020-10-30 03:45,0,0,0,0,0,0
2020-10-30 04:00,0,0,0,0,0,0
2020-10-30 04:15,1,1,0,0,0,0
2020-10-30 04:30,1,1,0,0,0,0
2020-10-30 04:45,4,2,2,0,0,0
2020-10-30 05:00,1,1,0,0,0,0
2020-10-30 05:15,5,1,4,0,0,0
2020-10-30 05:30,10,8,2,0,0,0
2020-10-30 05:45,24,23,1,0,0,0
2020-10-30 06:00,19,14,5,0,0,0
2020-10-30 06:15,19,13,6,0,0,0
2020-10-30 06:30,40,21,19,0,0,0
2020-10-30 06:45,43,34,9,0,0,0
2020-10-30 07:00,50,38,12,0,0,0
2020-10-30 07:15,83,51,32,0,0,0
2020-10-30 07:30,155,109,46,0,0,0
2020-10-30 07:45,141,100,41,0,0,0
2020-10-30 08:00,107,68,39,0,0,0
2020-10-30 08:15,133,91,42,0,0,0
2020-10-30 08:30,114,75,39,0,0,0
2020-10-30 08:45,108,73,35,0,0,0
2020-10-30 09:00,79,46,33,0,0,0
2020-10-30 09:15,92,65,27,0,0,0
2020-10-30 09:30,88,69,19,0,0,0
2020-10-30 09:45,103,60,43,0,0,0
2020-10-30 10:00,101,67,34,0,0,0
2020-10-30 10:15,73,38,35,0,0,0
2020-10-30 10:30,96,53,43,0,0,0
2020-10-30 10:45,92,44,48,0,0,0
2020-10-30 11:00,98,47,51,0,0,0
2020-10-30 11:15,113,54,59,0,0,0
2020-10-30 11:30,119,62,57,0,0,0
2020-10-30 11:45,116,58,58,0,0,0
2020-10-30 12:00,132,59,73,0,0,0
2020-10-30 12:15,144,60,84,0,0,0
2020-10-30 12:30,146,61,85,0,0,0
2020-10-30 12:45,156,64,92,0,0,0
2020-10-30 13:00,159,61,98,0,0,0
2020-10-30 13:15,155,65,90,0,0,0
2020-10-30 13:30,154,73,81,0,0,0
2020-10-30 13:45,181,89,92,0,0,0
2020-10-30 14:00,151,55,96,0,0,0
2020-10-30 14:15,156,58,98,0,0,0
2020-10-30 14:30,145,51,94,0,0,0
2020-10-30 14:45,151,77,74,0,0,0
2020-10-30 15:00,160,69,91,0,0,0
2020-10-30 15:15,166,81,85,0,0,0
2020-10-30 15:30,157,47,110,0,0,0
2020-10-30 15:45,133,58,75,0,0,0
2020-10-30 16:00,175,74,101,0,0,0
2020-10-30 16:15,169,81,88,0,0,0
2020-10-30 16:30,133,61,72,0,0,0
2020-10-30 16:45,157,54,103,0,0,0
2020-10-30 17:00,141,58,83,0,0,0
2020-10-30 17:15,124,50,74,0,0,0
2020-10-30 17:30,130,54,76,0,0,0
2020-10-30 17:45,134,54,80,0,0,0
2020-10-30 18:00,108,34,74,0,0,0
2020-10-30 18:15,126,42,84,0,0,0
2020-10-30 18:30,111,39,72,0,0,0
2020-10-30 18:45,121,46,75,0,0,0
2020-10-30 19:00,111,42,69,0,0,0
2020-10-30 19:15,97,27,70,0,0,0
2020-10-30 19:30,71,25,46,0,0,0
2020-10-30 19:45,66,28,38,0,0,0
2020-10-30 20:00,80,34,46,0,0,0
2020-10-30 20:15,58,18,40,0,0,0
2020-10-30 20:30,38,20,18,0,0,0
2020-10-30 20:45,34,14,20,0,0,0
2020-10-30 21:00,40,19,21,0,0,0
2020-10-30 21:15,28,8,20,0,0,0
2020-10-30 21:30,46,20,26,0,0,0
2020-10-30 21:45,21,8,13,0,0,0
2020-10-30 22:00,36,5,31,0,0,0
2020-10-30 22:15,31,6,25,0,0,0
2020-10-30 22:30,42,7,35,0,0,0
2020-10-30 22:45,28,8,20,0,0,0
2020-10-30 23:00,57,26,31,0,0,0
2020-10-30 23:15,39,18,21,0,0,0
2020-10-30 23:30,23,7,16,0,0,0
2020-10-30 23:45,21,8,13,0,0,0
2020-10-31 00:00,21,4,17,0,0,0
2020-10-31 00:15,16,5,11,0,0,0
2020-10-31 00:30,15,10,5,0,0,0
2020-10-31 00:45,23,8,15,0,0,0
2020-10-31 01:00,8,4,4,0,0,0
2020-10-31 01:15,24,9,15,0,0,0
2020-10-31 01:30,13,4,9,0,0,0
2020-10-31 01:45,14,6,8,0,0,0
2020-10-31 02:00,10,5,5,0,0,0
2020-10-31 02:15,6,2,4,0,0,0
2020-10-31 02:30,7,5,2,0,0,0
2020-10-31 02:45,10,2,8,0,0,0
2020-10-31 03:00,9,5,4,0,0,0
2020-10-31 03:15,3,0,3,0,0,0
2020-10-31 03:30,4,1,3,0,0,0
2020-10-31 03:45,3,2,1,0,0,0
2020-10-31 04:00,8,2,6,0,0,0
2020-10-31 04:15,1,0,1,0,0,0
2020-10-31 04:30,4,4,0,0,0,0
2020-10-31 04:45,0,0,0,0,0,0
2020-10-31 05:00,1,1,0,0,0,0
2020-10-31 05:15,4,2,2,0,0,0
2020-10-31 05:30,10,7,3,0,0,0
2020-10-31 05:45,11,8,3,0,0,0
2020-10-31 06:00,4,4,0,0,0,0
2020-10-31 06:15,9,7,2,0,0,0
2020-10-31 06:30,8,2,6,0,0,0
2020-10-31 06:45,11,8,3,0,0,0
2020-10-31 07:00,7,5,2,0,0,0
2020-10-31 07:15,12,9,3,0,0,0
2020-10-31 07:30,24,13,11,0,0,0
2020-10-31 07:45,26,11,15,0,0,0
2020-10-31 08:00,25,17,8,0,0,0
2020-10-31 08:15,55,26,29,0,0,0
2020-10-31 08:30,29,22,7,0,0,0
2020-10-31 08:45,57,33,24,0,0,0
2020-10-31 09:00,63,39,24,0,0,0
2020-10-31 09:15,69,48,21,0,0,0
2020-10-31 09:30,72,47,25,0,0,0
2020-10-31 09:45,126,79,47,0,0,0
2020-10-31 10:00,89,56,33,0,0,0
2020-10-31 10:15,123,80,43,0,0,0
2020-10-31 10:30,123,71,52,0,0,0
2020-10-31 10:45,180,114,66,0,0,0
2020-10-31 11:00,130,67,63,0,0,0
2020-10-31 11:15,143,64,79,0,0,0
2020-10-31 11:30,157,81,76,0,0,0
2020-10-31 11:45,191,102,89,0,0,0
2020-10-31 12:00,172,81,91,0,0,0
2020-10-31 12:15,147,80,67,0,0,0
2020-10-31 12:30,134,67,67,0,0,0
2020-10-31 12:45,192,86,106,0,0,0
2020-10-31 13:00,183,87,96,0,0,0
2020-10-31 13:15,178,82,96,0,0,0
2020-10-31 13:30,162,69,93,0,0,0
2020-10-31 13:45,160,71,89,0,0,0
2020-10-31 14:00,182,83,99,0,0,0
2020-10-31 14:15,175,66,109,0,0,0
2020-10-31 14:30,171,81,90,0,0,0
2020-10-31 14:45,193,87,106,0,0,0
2020-10-31 15:00,203,85,118,0,0,0
2020-10-31 15:15,176,71,105,0,0,0
2020-10-31 15:30,147,62,85,0,0,0
2020-10-31 15:45,155,62,93,0,0,0
2020-10-31 16:00,123,61,62,0,0,0
2020-10-31 16:15,136,63,73,0,0,0
2020-10-31 16:30,159,52,107,0,0,0
2020-10-31 16:45,124,51,73,0,0,0
2020-10-31 17:00,121,36,85,0,0,0
2020-10-31 17:15,104,35,69,0,0,0
2020-10-31 17:30,111,37,74,0,0,0
2020-10-31 17:45,149,55,94,0,0,0
2020-10-31 18:00,102,27,75,0,0,0
2020-10-31 18:15,93,37,56,0,0,0
2020-10-31 18:30,91,38,53,0,0,0
2020-10-31 18:45,93,43,50,0,0,0
2020-10-31 19:00,86,23,63,0,0,0
2020-10-31 19:15,70,24,46,0,0,0
2020-10-31 19:30,70,24,46,0,0,0
2020-10-31 19:45,93,34,59,0,0,0
2020-10-31 20:00,75,26,49,0,0,0
2020-10-31 20:15,59,22,37,0,0,0
2020-10-31 20:30,47,8,39,0,0,0
2020-10-31 20:45,46,21,25,0,0,0
2020-10-31 21:00,38,10,28,0,0,0
2020-10-31 21:15,18,7,11,0,0,0
2020-10-31 21:30,34,8,26,0,0,0
2020-10-31 21:45,22,7,15,0,0,0
2020-10-31 22:00,22,5,17,0,0,0
2020-10-31 22:15,32,8,24,0,0,0
2020-10-31 22:30,47,13,34,0,0,0
2020-10-31 22:45,29,9,20,0,0,0
2020-10-31 23:00,35,6,29,0,0,0
2020-10-31 23:15,39,12,27,0,0,0
2020-10-31 23:30,32,6,26,0,0,0
2020-10-31 23:45,24,8,16,0,0,0
