Datetime,100034980 (Hammer Straße),101034980 (Hammer Straße stadteinwärts),102034980 (Hammer Straße stadtauswärts),100034980-status,101034980-status,102034980-status
2020-09-01 00:00,6,2,4,0,0,0
2020-09-01 00:15,11,5,6,0,0,0
2020-09-01 00:30,5,3,2,0,0,0
2020-09-01 00:45,1,0,1,0,0,0
2020-09-01 01:00,3,1,2,0,0,0
2020-09-01 01:15,4,3,1,0,0,0
2020-09-01 01:30,2,1,1,0,0,0
2020-09-01 01:45,3,1,2,0,0,0
2020-09-01 02:00,5,2,3,0,0,0
2020-09-01 02:15,1,0,1,0,0,0
2020-09-01 02:30,1,0,1,0,0,0
2020-09-01 02:45,0,0,0,0,0,0
2020-09-01 03:00,0,0,0,0,0,0
2020-09-01 03:15,1,0,1,0,0,0
2020-09-01 03:30,0,0,0,0,0,0
2020-09-01 03:45,1,0,1,0,0,0
2020-09-01 04:00,2,1,1,0,0,0
2020-09-01 04:15,3,2,1,0,0,0
2020-09-01 04:30,3,2,1,0,0,0
2020-09-01 04:45,3,2,1,0,0,0
2020-09-01 05:00,2,2,0,0,0,0
2020-09-01 05:15,15,7,8,0,0,0
2020-09-01 05:30,19,13,6,0,0,0
2020-09-01 05:45,19,15,4,0,0,0
2020-09-01 06:00,22,17,5,0,0,0
2020-09-01 06:15,38,28,10,0,0,0
2020-09-01 06:30,49,36,13,0,0,0
2020-09-01 06:45,67,36,31,0,0,0
2020-09-01 07:00,96,58,38,0,0,0
2020-09-01 07:15,145,87,58,0,0,0
2020-09-01 07:30,201,124,77,0,0,0
2020-09-01 07:45,166,116,50,0,0,0
2020-09-01 08:00,162,110,52,0,0,0
2020-09-01 08:15,155,94,61,0,0,0
2020-09-01 08:30,142,106,36,0,0,0
2020-09-01 08:45,147,104,43,0,0,0
2020-09-01 09:00,88,54,34,0,0,0
2020-09-01 09:15,107,70,37,0,0,0
2020-09-01 09:30,104,74,30,0,0,0
2020-09-01 09:45,140,92,48,0,0,0
2020-09-01 10:00,117,56,61,0,0,0
2020-09-01 10:15,110,49,61,0,0,0
2020-09-01 10:30,111,62,49,0,0,0
2020-09-01 10:45,132,70,62,0,0,0
2020-09-01 11:00,111,58,53,0,0,0
2020-09-01 11:15,107,58,49,0,0,0
2020-09-01 11:30,116,51,65,0,0,0
2020-09-01 11:45,144,77,67,0,0,0
2020-09-01 12:00,140,54,86,0,0,0
2020-09-01 12:15,157,53,104,0,0,0
2020-09-01 12:30,168,62,106,0,0,0
2020-09-01 12:45,166,74,92,0,0,0
2020-09-01 13:00,156,61,95,0,0,0
2020-09-01 13:15,157,65,92,0,0,0
2020-09-01 13:30,165,72,93,0,0,0
2020-09-01 13:45,153,74,79,0,0,0
2020-09-01 14:00,220,76,144,0,0,0
2020-09-01 14:15,189,79,110,0,0,0
2020-09-01 14:30,153,72,81,0,0,0
2020-09-01 14:45,205,110,95,0,0,0
2020-09-01 15:00,182,80,102,0,0,0
2020-09-01 15:15,169,74,95,0,0,0
2020-09-01 15:30,183,75,108,0,0,0
2020-09-01 15:45,213,116,97,0,0,0
2020-09-01 16:00,198,77,121,0,0,0
2020-09-01 16:15,247,111,136,0,0,0
2020-09-01 16:30,211,84,127,0,0,0
2020-09-01 16:45,229,90,139,0,0,0
2020-09-01 17:00,228,86,142,0,0,0
2020-09-01 17:15,218,79,139,0,0,0
2020-09-01 17:30,221,84,137,0,0,0
2020-09-01 17:45,236,88,148,0,0,0
2020-09-01 18:00,188,62,126,0,0,0
2020-09-01 18:15,185,52,133,0,0,0
2020-09-01 18:30,155,54,101,0,0,0
2020-09-01 18:45,167,62,105,0,0,0
2020-09-01 19:00,154,63,91,0,0,0
2020-09-01 19:15,145,65,80,0,0,0
2020-09-01 19:30,93,40,53,0,0,0
2020-09-01 19:45,136,55,81,0,0,0
2020-09-01 20:00,91,31,60,0,0,0
2020-09-01 20:15,79,27,52,0,0,0
2020-09-01 20:30,65,20,45,0,0,0
2020-09-01 20:45,51,23,28,0,0,0
2020-09-01 21:00,68,26,42,0,0,0
2020-09-01 21:15,54,20,34,0,0,0
2020-09-01 21:30,41,13,28,0,0,0
2020-09-01 21:45,47,16,31,0,0,0
2020-09-01 22:00,67,26,41,0,0,0
2020-09-01 22:15,62,22,40,0,0,0
2020-09-01 22:30,36,14,22,0,0,0
2020-09-01 22:45,30,8,22,0,0,0
2020-09-01 23:00,23,7,16,0,0,0
2020-09-01 23:15,22,7,15,0,0,0
2020-09-01 23:30,17,2,15,0,0,0
2020-09-01 23:45,16,5,11,0,0,0
2020-09-02 00:00,10,9,1,0,0,0
2020-09-02 00:15,16,11,5,0,0,0
2020-09-02 00:30,7,1,6,0,0,0
2020-09-02 00:45,2,0,2,0,0,0
2020-09-02 01:00,13,8,5,0,0,0
2020-09-02 01:15,1,1,0,0,0,0
2020-09-02 01:30,2,0,2,0,0,0
2020-09-02 01:45,3,1,2,0,0,0
2020-09-02 02:00,0,0,0,0,0,0
2020-09-02 02:15,3,2,1,0,0,0
2020-09-02 02:30,0,0,0,0,0,0
2020-09-02 02:45,0,0,0,0,0,0
2020-09-02 03:00,2,0,2,0,0,0
2020-09-02 03:15,2,0,2,0,0,0
2020-09-02 03:30,0,0,0,0,0,0
2020-09-02 03:45,1,0,1,0,0,0
2020-09-02 04:00,0,0,0,0,0,0
2020-09-02 04:15,3,3,0,0,0,0
2020-09-02 04:30,4,2,2,0,0,0
2020-09-02 04:45,3,2,1,0,0,0
2020-09-02 05:00,5,4,1,0,0,0
2020-09-02 05:15,9,3,6,0,0,0
2020-09-02 05:30,21,11,10,0,0,0
2020-09-02 05:45,22,21,1,0,0,0
2020-09-02 06:00,20,14,6,0,0,0
2020-09-02 06:15,41,30,11,0,0,0
2020-09-02 06:30,53,43,10,0,0,0
2020-09-02 06:45,67,47,20,0,0,0
2020-09-02 07:00,101,68,33,0,0,0
2020-09-02 07:15,148,89,59,0,0,0
2020-09-02 07:30,215,137,78,0,0,0
2020-09-02 07:45,200,138,62,0,0,0
2020-09-02 08:00,152,92,60,0,0,0
2020-09-02 08:15,167,114,53,0,0,0
2020-09-02 08:30,155,107,48,0,0,0
2020-09-02 08:45,173,135,38,0,0,0
2020-09-02 09:00,107,73,34,0,0,0
2020-09-02 09:15,145,91,54,0,0,0
2020-09-02 09:30,145,93,52,0,0,0
2020-09-02 09:45,137,92,45,0,0,0
2020-09-02 10:00,120,66,54,0,0,0
2020-09-02 10:15,120,75,45,0,0,0
2020-09-02 10:30,125,69,56,0,0,0
2020-09-02 10:45,161,87,74,0,0,0
2020-09-02 11:00,153,75,78,0,0,0
2020-09-02 11:15,140,59,81,0,0,0
2020-09-02 11:30,170,81,89,0,0,0
2020-09-02 11:45,175,94,81,0,0,0
2020-09-02 12:00,148,74,74,0,0,0
2020-09-02 12:15,184,103,81,0,0,0
2020-09-02 12:30,179,73,106,0,0,0
2020-09-02 12:45,187,79,108,0,0,0
2020-09-02 13:00,176,77,99,0,0,0
2020-09-02 13:15,175,74,101,0,0,0
2020-09-02 13:30,169,71,98,0,0,0
2020-09-02 13:45,200,90,110,0,0,0
2020-09-02 14:00,162,61,101,0,0,0
2020-09-02 14:15,166,67,99,0,0,0
2020-09-02 14:30,147,66,81,0,0,0
2020-09-02 14:45,183,76,107,0,0,0
2020-09-02 15:00,218,110,108,0,0,0
2020-09-02 15:15,196,80,116,0,0,0
2020-09-02 15:30,162,68,94,0,0,0
2020-09-02 15:45,204,90,114,0,0,0
2020-09-02 16:00,199,72,127,0,0,0
2020-09-02 16:15,205,85,120,0,0,0
2020-09-02 16:30,218,74,144,0,0,0
2020-09-02 16:45,242,108,134,0,0,0
2020-09-02 17:00,214,84,130,0,0,0
2020-09-02 17:15,221,88,133,0,0,0
2020-09-02 17:30,245,94,151,0,0,0
2020-09-02 17:45,231,97,134,0,0,0
2020-09-02 18:00,190,81,109,0,0,0
2020-09-02 18:15,187,71,116,0,0,0
2020-09-02 18:30,165,59,106,0,0,0
2020-09-02 18:45,201,84,117,0,0,0
2020-09-02 19:00,148,62,86,0,0,0
2020-09-02 19:15,178,51,127,0,0,0
2020-09-02 19:30,121,53,68,0,0,0
2020-09-02 19:45,130,43,87,0,0,0
2020-09-02 20:00,110,32,78,0,0,0
2020-09-02 20:15,81,35,46,0,0,0
2020-09-02 20:30,83,38,45,0,0,0
2020-09-02 20:45,77,32,45,0,0,0
2020-09-02 21:00,79,29,50,0,0,0
2020-09-02 21:15,79,22,57,0,0,0
2020-09-02 21:30,58,29,29,0,0,0
2020-09-02 21:45,67,28,39,0,0,0
2020-09-02 22:00,56,11,45,0,0,0
2020-09-02 22:15,45,11,34,0,0,0
2020-09-02 22:30,52,17,35,0,0,0
2020-09-02 22:45,37,13,24,0,0,0
2020-09-02 23:00,39,11,28,0,0,0
2020-09-02 23:15,25,8,17,0,0,0
2020-09-02 23:30,33,8,25,0,0,0
2020-09-02 23:45,19,5,14,0,0,0
2020-09-03 00:00,15,4,11,0,0,0
2020-09-03 00:15,10,0,10,0,0,0
2020-09-03 00:30,6,0,6,0,0,0
2020-09-03 00:45,14,8,6,0,0,0
2020-09-03 01:00,8,2,6,0,0,0
2020-09-03 01:15,5,1,4,0,0,0
2020-09-03 01:30,4,2,2,0,0,0
2020-09-03 01:45,2,0,2,0,0,0
2020-09-03 02:00,5,1,4,0,0,0
2020-09-03 02:15,2,1,1,0,0,0
2020-09-03 02:30,0,0,0,0,0,0
2020-09-03 02:45,0,0,0,0,0,0
2020-09-03 03:00,0,0,0,0,0,0
2020-09-03 03:15,0,0,0,0,0,0
2020-09-03 03:30,8,0,8,0,0,0
2020-09-03 03:45,1,0,1,0,0,0
2020-09-03 04:00,3,1,2,0,0,0
2020-09-03 04:15,4,1,3,0,0,0
2020-09-03 04:30,1,1,0,0,0,0
2020-09-03 04:45,8,4,4,0,0,0
2020-09-03 05:00,2,1,1,0,0,0
2020-09-03 05:15,9,4,5,0,0,0
2020-09-03 05:30,26,20,6,0,0,0
2020-09-03 05:45,22,18,4,0,0,0
2020-09-03 06:00,15,12,3,0,0,0
2020-09-03 06:15,39,27,12,0,0,0
2020-09-03 06:30,44,33,11,0,0,0
2020-09-03 06:45,60,44,16,0,0,0
2020-09-03 07:00,82,50,32,0,0,0
2020-09-03 07:15,121,77,44,0,0,0
2020-09-03 07:30,205,134,71,0,0,0
2020-09-03 07:45,203,137,66,0,0,0
2020-09-03 08:00,150,97,53,0,0,0
2020-09-03 08:15,131,81,50,0,0,0
2020-09-03 08:30,130,92,38,0,0,0
2020-09-03 08:45,160,114,46,0,0,0
2020-09-03 09:00,113,81,32,0,0,0
2020-09-03 09:15,121,76,45,0,0,0
2020-09-03 09:30,113,80,33,0,0,0
2020-09-03 09:45,126,72,54,0,0,0
2020-09-03 10:00,98,60,38,0,0,0
2020-09-03 10:15,69,33,36,0,0,0
2020-09-03 10:30,74,43,31,0,0,0
2020-09-03 10:45,67,37,30,0,0,0
2020-09-03 11:00,88,40,48,0,0,0
2020-09-03 11:15,73,35,38,0,0,0
2020-09-03 11:30,80,34,46,0,0,0
2020-09-03 11:45,79,47,32,0,0,0
2020-09-03 12:00,79,32,47,0,0,0
2020-09-03 12:15,89,35,54,0,0,0
2020-09-03 12:30,116,32,84,0,0,0
2020-09-03 12:45,114,48,66,0,0,0
2020-09-03 13:00,116,42,74,0,0,0
2020-09-03 13:15,91,30,61,0,0,0
2020-09-03 13:30,85,38,47,0,0,0
2020-09-03 13:45,112,54,58,0,0,0
2020-09-03 14:00,87,31,56,0,0,0
2020-09-03 14:15,75,28,47,0,0,0
2020-09-03 14:30,78,31,47,0,0,0
2020-09-03 14:45,101,49,52,0,0,0
2020-09-03 15:00,72,26,46,0,0,0
2020-09-03 15:15,82,28,54,0,0,0
2020-09-03 15:30,104,39,65,0,0,0
2020-09-03 15:45,116,46,70,0,0,0
2020-09-03 16:00,106,39,67,0,0,0
2020-09-03 16:15,133,57,76,0,0,0
2020-09-03 16:30,137,52,85,0,0,0
2020-09-03 16:45,134,57,77,0,0,0
2020-09-03 17:00,123,39,84,0,0,0
2020-09-03 17:15,157,63,94,0,0,0
2020-09-03 17:30,131,50,81,0,0,0
2020-09-03 17:45,159,55,104,0,0,0
2020-09-03 18:00,148,51,97,0,0,0
2020-09-03 18:15,121,35,86,0,0,0
2020-09-03 18:30,126,50,76,0,0,0
2020-09-03 18:45,129,55,74,0,0,0
2020-09-03 19:00,118,44,74,0,0,0
2020-09-03 19:15,95,43,52,0,0,0
2020-09-03 19:30,79,26,53,0,0,0
2020-09-03 19:45,97,41,56,0,0,0
2020-09-03 20:00,71,23,48,0,0,0
2020-09-03 20:15,63,29,34,0,0,0
2020-09-03 20:30,44,20,24,0,0,0
2020-09-03 20:45,46,16,30,0,0,0
2020-09-03 21:00,42,20,22,0,0,0
2020-09-03 21:15,51,15,36,0,0,0
2020-09-03 21:30,53,21,32,0,0,0
2020-09-03 21:45,29,16,13,0,0,0
2020-09-03 22:00,44,10,34,0,0,0
2020-09-03 22:15,35,9,26,0,0,0
2020-09-03 22:30,33,10,23,0,0,0
2020-09-03 22:45,42,16,26,0,0,0
2020-09-03 23:00,32,10,22,0,0,0
2020-09-03 23:15,23,8,15,0,0,0
2020-09-03 23:30,18,10,8,0,0,0
2020-09-03 23:45,13,5,8,0,0,0
2020-09-04 00:00,21,6,15,0,0,0
2020-09-04 00:15,14,8,6,0,0,0
2020-09-04 00:30,4,3,1,0,0,0
2020-09-04 00:45,7,1,6,0,0,0
2020-09-04 01:00,7,4,3,0,0,0
2020-09-04 01:15,3,2,1,0,0,0
2020-09-04 01:30,3,1,2,0,0,0
2020-09-04 01:45,2,0,2,0,0,0
2020-09-04 02:00,2,1,1,0,0,0
2020-09-04 02:15,1,0,1,0,0,0
2020-09-04 02:30,6,5,1,0,0,0
2020-09-04 02:45,0,0,0,0,0,0
2020-09-04 03:00,0,0,0,0,0,0
2020-09-04 03:15,1,1,0,0,0,0
2020-09-04 03:30,2,2,0,0,0,0
2020-09-04 03:45,4,0,4,0,0,0
2020-09-04 04:00,1,1,0,0,0,0
2020-09-04 04:15,3,2,1,0,0,0
2020-09-04 04:30,2,2,0,0,0,0
2020-09-04 04:45,5,3,2,0,0,0
2020-09-04 05:00,3,2,1,0,0,0
2020-09-04 05:15,2,0,2,0,0,0
2020-09-04 05:30,18,15,3,0,0,0
2020-09-04 05:45,16,13,3,0,0,0
2020-09-04 06:00,11,8,3,0,0,0
2020-09-04 06:15,31,23,8,0,0,0
2020-09-04 06:30,43,31,12,0,0,0
2020-09-04 06:45,52,37,15,0,0,0
2020-09-04 07:00,67,39,28,0,0,0
2020-09-04 07:15,108,74,34,0,0,0
2020-09-04 07:30,148,83,65,0,0,0
2020-09-04 07:45,170,117,53,0,0,0
2020-09-04 08:00,135,91,44,0,0,0
2020-09-04 08:15,128,87,41,0,0,0
2020-09-04 08:30,119,75,44,0,0,0
2020-09-04 08:45,144,109,35,0,0,0
2020-09-04 09:00,104,67,37,0,0,0
2020-09-04 09:15,83,59,24,0,0,0
2020-09-04 09:30,112,72,40,0,0,0
2020-09-04 09:45,119,79,40,0,0,0
2020-09-04 10:00,90,59,31,0,0,0
2020-09-04 10:15,101,52,49,0,0,0
2020-09-04 10:30,111,65,46,0,0,0
2020-09-04 10:45,115,67,48,0,0,0
2020-09-04 11:00,104,54,50,0,0,0
2020-09-04 11:15,134,71,63,0,0,0
2020-09-04 11:30,123,70,53,0,0,0
2020-09-04 11:45,146,75,71,0,0,0
2020-09-04 12:00,152,67,85,0,0,0
2020-09-04 12:15,145,74,71,0,0,0
2020-09-04 12:30,149,53,96,0,0,0
2020-09-04 12:45,148,58,90,0,0,0
2020-09-04 13:00,151,54,97,0,0,0
2020-09-04 13:15,165,72,93,0,0,0
2020-09-04 13:30,175,79,96,0,0,0
2020-09-04 13:45,190,98,92,0,0,0
2020-09-04 14:00,146,65,81,0,0,0
2020-09-04 14:15,162,64,98,0,0,0
2020-09-04 14:30,169,67,102,0,0,0
2020-09-04 14:45,181,74,107,0,0,0
2020-09-04 15:00,178,68,110,0,0,0
2020-09-04 15:15,201,95,106,0,0,0
2020-09-04 15:30,178,74,104,0,0,0
2020-09-04 15:45,231,103,128,0,0,0
2020-09-04 16:00,192,78,114,0,0,0
2020-09-04 16:15,201,85,116,0,0,0
2020-09-04 16:30,167,71,96,0,0,0
2020-09-04 16:45,184,75,109,0,0,0
2020-09-04 17:00,224,102,122,0,0,0
2020-09-04 17:15,175,70,105,0,0,0
2020-09-04 17:30,156,71,85,0,0,0
2020-09-04 17:45,195,95,100,0,0,0
2020-09-04 18:00,183,77,106,0,0,0
2020-09-04 18:15,168,65,103,0,0,0
2020-09-04 18:30,149,60,89,0,0,0
2020-09-04 18:45,150,63,87,0,0,0
2020-09-04 19:00,149,57,92,0,0,0
2020-09-04 19:15,135,44,91,0,0,0
2020-09-04 19:30,124,61,63,0,0,0
2020-09-04 19:45,129,51,78,0,0,0
2020-09-04 20:00,97,46,51,0,0,0
2020-09-04 20:15,95,42,53,0,0,0
2020-09-04 20:30,92,31,61,0,0,0
2020-09-04 20:45,53,28,25,0,0,0
2020-09-04 21:00,67,26,41,0,0,0
2020-09-04 21:15,60,27,33,0,0,0
2020-09-04 21:30,59,22,37,0,0,0
2020-09-04 21:45,45,13,32,0,0,0
2020-09-04 22:00,43,14,29,0,0,0
2020-09-04 22:15,34,13,21,0,0,0
2020-09-04 22:30,53,20,33,0,0,0
2020-09-04 22:45,44,16,28,0,0,0
2020-09-04 23:00,44,8,36,0,0,0
2020-09-04 23:15,69,25,44,0,0,0
2020-09-04 23:30,37,12,25,0,0,0
2020-09-04 23:45,42,16,26,0,0,0
2020-09-05 00:00,44,20,24,0,0,0
2020-09-05 00:15,35,12,23,0,0,0
2020-09-05 00:30,41,11,30,0,0,0
2020-09-05 00:45,24,8,16,0,0,0
2020-09-05 01:00,40,9,31,0,0,0
2020-09-05 01:15,14,5,9,0,0,0
2020-09-05 01:30,21,2,19,0,0,0
2020-09-05 01:45,17,9,8,0,0,0
2020-09-05 02:00,29,15,14,0,0,0
2020-09-05 02:15,15,7,8,0,0,0
2020-09-05 02:30,4,1,3,0,0,0
2020-09-05 02:45,14,6,8,0,0,0
2020-09-05 03:00,14,5,9,0,0,0
2020-09-05 03:15,11,5,6,0,0,0
2020-09-05 03:30,4,3,1,0,0,0
2020-09-05 03:45,7,1,6,0,0,0
2020-09-05 04:00,12,4,8,0,0,0
2020-09-05 04:15,6,4,2,0,0,0
2020-09-05 04:30,2,0,2,0,0,0
2020-09-05 04:45,3,1,2,0,0,0
2020-09-05 05:00,2,2,0,0,0,0
2020-09-05 05:15,5,0,5,0,0,0
2020-09-05 05:30,13,8,5,0,0,0
2020-09-05 05:45,11,9,2,0,0,0
2020-09-05 06:00,4,3,1,0,0,0
2020-09-05 06:15,7,4,3,0,0,0
2020-09-05 06:30,8,2,6,0,0,0
2020-09-05 06:45,8,3,5,0,0,0
2020-09-05 07:00,6,4,2,0,0,0
2020-09-05 07:15,23,17,6,0,0,0
2020-09-05 07:30,10,4,6,0,0,0
2020-09-05 07:45,19,12,7,0,0,0
2020-09-05 08:00,21,12,9,0,0,0
2020-09-05 08:15,36,26,10,0,0,0
2020-09-05 08:30,29,15,14,0,0,0
2020-09-05 08:45,63,44,19,0,0,0
2020-09-05 09:00,41,20,21,0,0,0
2020-09-05 09:15,42,33,9,0,0,0
2020-09-05 09:30,57,43,14,0,0,0
2020-09-05 09:45,76,55,21,0,0,0
2020-09-05 10:00,46,31,15,0,0,0
2020-09-05 10:15,49,19,30,0,0,0
2020-09-05 10:30,41,22,19,0,0,0
2020-09-05 10:45,57,31,26,0,0,0
2020-09-05 11:00,46,21,25,0,0,0
2020-09-05 11:15,53,34,19,0,0,0
2020-09-05 11:30,47,28,19,0,0,0
2020-09-05 11:45,70,36,34,0,0,0
2020-09-05 12:00,89,61,28,0,0,0
2020-09-05 12:15,105,74,31,0,0,0
2020-09-05 12:30,103,73,30,0,0,0
2020-09-05 12:45,127,72,55,0,0,0
2020-09-05 13:00,119,70,49,0,0,0
2020-09-05 13:15,139,81,58,0,0,0
2020-09-05 13:30,124,78,46,0,0,0
2020-09-05 13:45,148,85,63,0,0,0
2020-09-05 14:00,162,97,65,0,0,0
2020-09-05 14:15,154,77,77,0,0,0
2020-09-05 14:30,159,72,87,0,0,0
2020-09-05 14:45,167,82,85,0,0,0
2020-09-05 15:00,157,66,91,0,0,0
2020-09-05 15:15,154,61,93,0,0,0
2020-09-05 15:30,84,30,54,0,0,0
2020-09-05 15:45,135,47,88,0,0,0
2020-09-05 16:00,103,36,67,0,0,0
2020-09-05 16:15,98,38,60,0,0,0
2020-09-05 16:30,96,25,71,0,0,0
2020-09-05 16:45,107,48,59,0,0,0
2020-09-05 17:00,116,48,68,0,0,0
2020-09-05 17:15,129,63,66,0,0,0
2020-09-05 17:30,126,65,61,0,0,0
2020-09-05 17:45,121,43,78,0,0,0
2020-09-05 18:00,152,52,100,0,0,0
2020-09-05 18:15,106,40,66,0,0,0
2020-09-05 18:30,112,38,74,0,0,0
2020-09-05 18:45,119,47,72,0,0,0
2020-09-05 19:00,83,37,46,0,0,0
2020-09-05 19:15,96,48,48,0,0,0
2020-09-05 19:30,68,35,33,0,0,0
2020-09-05 19:45,75,41,34,0,0,0
2020-09-05 20:00,72,33,39,0,0,0
2020-09-05 20:15,70,29,41,0,0,0
2020-09-05 20:30,53,23,30,0,0,0
2020-09-05 20:45,46,18,28,0,0,0
2020-09-05 21:00,48,19,29,0,0,0
2020-09-05 21:15,46,15,31,0,0,0
2020-09-05 21:30,33,14,19,0,0,0
2020-09-05 21:45,48,13,35,0,0,0
2020-09-05 22:00,29,12,17,0,0,0
2020-09-05 22:15,34,11,23,0,0,0
2020-09-05 22:30,24,8,16,0,0,0
2020-09-05 22:45,37,17,20,0,0,0
2020-09-05 23:00,36,12,24,0,0,0
2020-09-05 23:15,42,15,27,0,0,0
2020-09-05 23:30,40,10,30,0,0,0
2020-09-05 23:45,32,12,20,0,0,0
2020-09-06 00:00,35,5,30,0,0,0
2020-09-06 00:15,35,13,22,0,0,0
2020-09-06 00:30,16,5,11,0,0,0
2020-09-06 00:45,19,8,11,0,0,0
2020-09-06 01:00,21,5,16,0,0,0
2020-09-06 01:15,15,6,9,0,0,0
2020-09-06 01:30,12,2,10,0,0,0
2020-09-06 01:45,21,10,11,0,0,0
2020-09-06 02:00,17,6,11,0,0,0
2020-09-06 02:15,14,5,9,0,0,0
2020-09-06 02:30,19,10,9,0,0,0
2020-09-06 02:45,8,6,2,0,0,0
2020-09-06 03:00,11,5,6,0,0,0
2020-09-06 03:15,12,5,7,0,0,0
2020-09-06 03:30,10,3,7,0,0,0
2020-09-06 03:45,6,1,5,0,0,0
2020-09-06 04:00,2,0,2,0,0,0
2020-09-06 04:15,5,3,2,0,0,0
2020-09-06 04:30,4,3,1,0,0,0
2020-09-06 04:45,4,3,1,0,0,0
2020-09-06 05:00,4,1,3,0,0,0
2020-09-06 05:15,4,0,4,0,0,0
2020-09-06 05:30,10,7,3,0,0,0
2020-09-06 05:45,3,3,0,0,0,0
2020-09-06 06:00,3,2,1,0,0,0
2020-09-06 06:15,0,0,0,0,0,0
2020-09-06 06:30,12,3,9,0,0,0
2020-09-06 06:45,7,2,5,0,0,0
2020-09-06 07:00,3,2,1,0,0,0
2020-09-06 07:15,7,2,5,0,0,0
2020-09-06 07:30,8,4,4,0,0,0
2020-09-06 07:45,10,7,3,0,0,0
2020-09-06 08:00,8,5,3,0,0,0
2020-09-06 08:15,6,2,4,0,0,0
2020-09-06 08:30,17,6,11,0,0,0
2020-09-06 08:45,18,12,6,0,0,0
2020-09-06 09:00,14,12,2,0,0,0
2020-09-06 09:15,22,7,15,0,0,0
2020-09-06 09:30,32,17,15,0,0,0
2020-09-06 09:45,42,25,17,0,0,0
2020-09-06 10:00,17,9,8,0,0,0
2020-09-06 10:15,41,12,29,0,0,0
2020-09-06 10:30,47,21,26,0,0,0
2020-09-06 10:45,51,29,22,0,0,0
2020-09-06 11:00,52,22,30,0,0,0
2020-09-06 11:15,30,22,8,0,0,0
2020-09-06 11:30,53,19,34,0,0,0
2020-09-06 11:45,65,29,36,0,0,0
2020-09-06 12:00,54,29,25,0,0,0
2020-09-06 12:15,65,44,21,0,0,0
2020-09-06 12:30,73,42,31,0,0,0
2020-09-06 12:45,56,28,28,0,0,0
2020-09-06 13:00,67,35,32,0,0,0
2020-09-06 13:15,56,26,30,0,0,0
2020-09-06 13:30,73,35,38,0,0,0
2020-09-06 13:45,69,35,34,0,0,0
2020-09-06 14:00,79,24,55,0,0,0
2020-09-06 14:15,84,44,40,0,0,0
2020-09-06 14:30,95,33,62,0,0,0
2020-09-06 14:45,100,68,32,0,0,0
2020-09-06 15:00,72,33,39,0,0,0
2020-09-06 15:15,80,33,47,0,0,0
2020-09-06 15:30,59,33,26,0,0,0
2020-09-06 15:45,76,40,36,0,0,0
2020-09-06 16:00,104,42,62,0,0,0
2020-09-06 16:15,72,37,35,0,0,0
2020-09-06 16:30,96,36,60,0,0,0
2020-09-06 16:45,91,47,44,0,0,0
2020-09-06 17:00,86,33,53,0,0,0
2020-09-06 17:15,90,37,53,0,0,0
2020-09-06 17:30,63,30,33,0,0,0
2020-09-06 17:45,73,36,37,0,0,0
2020-09-06 18:00,87,27,60,0,0,0
2020-09-06 18:15,81,33,48,0,0,0
2020-09-06 18:30,72,27,45,0,0,0
2020-09-06 18:45,63,29,34,0,0,0
2020-09-06 19:00,56,21,35,0,0,0
2020-09-06 19:15,75,33,42,0,0,0
2020-09-06 19:30,48,25,23,0,0,0
2020-09-06 19:45,57,34,23,0,0,0
2020-09-06 20:00,50,19,31,0,0,0
2020-09-06 20:15,40,11,29,0,0,0
2020-09-06 20:30,39,20,19,0,0,0
2020-09-06 20:45,29,12,17,0,0,0
2020-09-06 21:00,40,14,26,0,0,0
2020-09-06 21:15,34,14,20,0,0,0
2020-09-06 21:30,16,7,9,0,0,0
2020-09-06 21:45,32,8,24,0,0,0
2020-09-06 22:00,20,8,12,0,0,0
2020-09-06 22:15,17,7,10,0,0,0
2020-09-06 22:30,18,4,14,0,0,0
2020-09-06 22:45,8,3,5,0,0,0
2020-09-06 23:00,17,5,12,0,0,0
2020-09-06 23:15,11,9,2,0,0,0
2020-09-06 23:30,11,3,8,0,0,0
2020-09-06 23:45,9,2,7,0,0,0
2020-09-07 00:00,6,0,6,0,0,0
2020-09-07 00:15,1,0,1,0,0,0
2020-09-07 00:30,3,2,1,0,0,0
2020-09-07 00:45,4,2,2,0,0,0
2020-09-07 01:00,4,3,1,0,0,0
2020-09-07 01:15,2,0,2,0,0,0
2020-09-07 01:30,0,0,0,0,0,0
2020-09-07 01:45,0,0,0,0,0,0
2020-09-07 02:00,1,0,1,0,0,0
2020-09-07 02:15,0,0,0,0,0,0
2020-09-07 02:30,1,0,1,0,0,0
2020-09-07 02:45,0,0,0,0,0,0
2020-09-07 03:00,0,0,0,0,0,0
2020-09-07 03:15,2,2,0,0,0,0
2020-09-07 03:30,0,0,0,0,0,0
2020-09-07 03:45,0,0,0,0,0,0
2020-09-07 04:00,1,1,0,0,0,0
2020-09-07 04:15,1,1,0,0,0,0
2020-09-07 04:30,2,2,0,0,0,0
2020-09-07 04:45,1,0,1,0,0,0
2020-09-07 05:00,3,3,0,0,0,0
2020-09-07 05:15,11,6,5,0,0,0
2020-09-07 05:30,22,17,5,0,0,0
2020-09-07 05:45,22,20,2,0,0,0
2020-09-07 06:00,21,13,8,0,0,0
2020-09-07 06:15,36,25,11,0,0,0
2020-09-07 06:30,45,31,14,0,0,0
2020-09-07 06:45,67,43,24,0,0,0
2020-09-07 07:00,78,48,30,0,0,0
2020-09-07 07:15,133,87,46,0,0,0
2020-09-07 07:30,187,118,69,0,0,0
2020-09-07 07:45,175,129,46,0,0,0
2020-09-07 08:00,144,92,52,0,0,0
2020-09-07 08:15,153,98,55,0,0,0
2020-09-07 08:30,110,66,44,0,0,0
2020-09-07 08:45,140,97,43,0,0,0
2020-09-07 09:00,80,59,21,0,0,0
2020-09-07 09:15,75,53,22,0,0,0
2020-09-07 09:30,133,91,42,0,0,0
2020-09-07 09:45,124,79,45,0,0,0
2020-09-07 10:00,86,54,32,0,0,0
2020-09-07 10:15,107,59,48,0,0,0
2020-09-07 10:30,97,58,39,0,0,0
2020-09-07 10:45,121,69,52,0,0,0
2020-09-07 11:00,119,62,57,0,0,0
2020-09-07 11:15,130,65,65,0,0,0
2020-09-07 11:30,115,53,62,0,0,0
2020-09-07 11:45,141,69,72,0,0,0
2020-09-07 12:00,136,68,68,0,0,0
2020-09-07 12:15,132,55,77,0,0,0
2020-09-07 12:30,123,53,70,0,0,0
2020-09-07 12:45,130,50,80,0,0,0
2020-09-07 13:00,146,59,87,0,0,0
2020-09-07 13:15,131,50,81,0,0,0
2020-09-07 13:30,172,66,106,0,0,0
2020-09-07 13:45,171,77,94,0,0,0
2020-09-07 14:00,153,69,84,0,0,0
2020-09-07 14:15,169,83,86,0,0,0
2020-09-07 14:30,167,73,94,0,0,0
2020-09-07 14:45,174,89,85,0,0,0
2020-09-07 15:00,173,63,110,0,0,0
2020-09-07 15:15,179,78,101,0,0,0
2020-09-07 15:30,185,82,103,0,0,0
2020-09-07 15:45,190,96,94,0,0,0
2020-09-07 16:00,184,69,115,0,0,0
2020-09-07 16:15,214,105,109,0,0,0
2020-09-07 16:30,212,80,132,0,0,0
2020-09-07 16:45,261,106,155,0,0,0
2020-09-07 17:00,235,83,152,0,0,0
2020-09-07 17:15,248,105,143,0,0,0
2020-09-07 17:30,206,75,131,0,0,0
2020-09-07 17:45,228,108,120,0,0,0
2020-09-07 18:00,184,70,114,0,0,0
2020-09-07 18:15,192,79,113,0,0,0
2020-09-07 18:30,156,55,101,0,0,0
2020-09-07 18:45,134,49,85,0,0,0
2020-09-07 19:00,157,41,116,0,0,0
2020-09-07 19:15,138,46,92,0,0,0
2020-09-07 19:30,102,37,65,0,0,0
2020-09-07 19:45,111,41,70,0,0,0
2020-09-07 20:00,84,28,56,0,0,0
2020-09-07 20:15,69,31,38,0,0,0
2020-09-07 20:30,49,14,35,0,0,0
2020-09-07 20:45,44,11,33,0,0,0
2020-09-07 21:00,37,18,19,0,0,0
2020-09-07 21:15,40,10,30,0,0,0
2020-09-07 21:30,41,16,25,0,0,0
2020-09-07 21:45,30,8,22,0,0,0
2020-09-07 22:00,43,14,29,0,0,0
2020-09-07 22:15,41,23,18,0,0,0
2020-09-07 22:30,36,10,26,0,0,0
2020-09-07 22:45,38,11,27,0,0,0
2020-09-07 23:00,35,10,25,0,0,0
2020-09-07 23:15,27,8,19,0,0,0
2020-09-07 23:30,12,3,9,0,0,0
2020-09-07 23:45,9,5,4,0,0,0
2020-09-08 00:00,10,3,7,0,0,0
2020-09-08 00:15,14,2,12,0,0,0
2020-09-08 00:30,8,3,5,0,0,0
2020-09-08 00:45,5,0,5,0,0,0
2020-09-08 01:00,5,4,1,0,0,0
2020-09-08 01:15,5,1,4,0,0,0
2020-09-08 01:30,6,0,6,0,0,0
2020-09-08 01:45,3,1,2,0,0,0
2020-09-08 02:00,2,1,1,0,0,0
2020-09-08 02:15,1,0,1,0,0,0
2020-09-08 02:30,3,2,1,0,0,0
2020-09-08 02:45,2,0,2,0,0,0
2020-09-08 03:00,2,0,2,0,0,0
2020-09-08 03:15,2,1,1,0,0,0
2020-09-08 03:30,1,0,1,0,0,0
2020-09-08 03:45,2,1,1,0,0,0
2020-09-08 04:00,0,0,0,0,0,0
2020-09-08 04:15,1,1,0,0,0,0
2020-09-08 04:30,3,3,0,0,0,0
2020-09-08 04:45,2,1,1,0,0,0
2020-09-08 05:00,2,2,0,0,0,0
2020-09-08 05:15,10,5,5,0,0,0
2020-09-08 05:30,19,12,7,0,0,0
2020-09-08 05:45,23,19,4,0,0,0
2020-09-08 06:00,25,20,5,0,0,0
2020-09-08 06:15,36,23,13,0,0,0
2020-09-08 06:30,51,37,14,0,0,0
2020-09-08 06:45,80,59,21,0,0,0
2020-09-08 07:00,93,57,36,0,0,0
2020-09-08 07:15,150,96,54,0,0,0
2020-09-08 07:30,193,120,73,0,0,0
2020-09-08 07:45,211,136,75,0,0,0
2020-09-08 08:00,130,74,56,0,0,0
2020-09-08 08:15,161,106,55,0,0,0
2020-09-08 08:30,145,88,57,0,0,0
2020-09-08 08:45,163,118,45,0,0,0
2020-09-08 09:00,86,59,27,0,0,0
2020-09-08 09:15,109,74,35,0,0,0
2020-09-08 09:30,101,71,30,0,0,0
2020-09-08 09:45,130,89,41,0,0,0
2020-09-08 10:00,106,64,42,0,0,0
2020-09-08 10:15,86,57,29,0,0,0
2020-09-08 10:30,99,61,38,0,0,0
2020-09-08 10:45,140,68,72,0,0,0
2020-09-08 11:00,126,75,51,0,0,0
2020-09-08 11:15,117,50,67,0,0,0
2020-09-08 11:30,133,73,60,0,0,0
2020-09-08 11:45,139,72,67,0,0,0
2020-09-08 12:00,137,58,79,0,0,0
2020-09-08 12:15,129,54,75,0,0,0
2020-09-08 12:30,157,76,81,0,0,0
2020-09-08 12:45,159,80,79,0,0,0
2020-09-08 13:00,147,54,93,0,0,0
2020-09-08 13:15,168,70,98,0,0,0
2020-09-08 13:30,128,50,78,0,0,0
2020-09-08 13:45,153,69,84,0,0,0
2020-09-08 14:00,172,66,106,0,0,0
2020-09-08 14:15,141,58,83,0,0,0
2020-09-08 14:30,160,73,87,0,0,0
2020-09-08 14:45,197,99,98,0,0,0
2020-09-08 15:00,190,86,104,0,0,0
2020-09-08 15:15,181,78,103,0,0,0
2020-09-08 15:30,198,88,110,0,0,0
2020-09-08 15:45,226,95,131,0,0,0
2020-09-08 16:00,185,80,105,0,0,0
2020-09-08 16:15,219,97,122,0,0,0
2020-09-08 16:30,225,95,130,0,0,0
2020-09-08 16:45,223,103,120,0,0,0
2020-09-08 17:00,225,88,137,0,0,0
2020-09-08 17:15,201,66,135,0,0,0
2020-09-08 17:30,185,71,114,0,0,0
2020-09-08 17:45,201,78,123,0,0,0
2020-09-08 18:00,201,66,135,0,0,0
2020-09-08 18:15,192,80,112,0,0,0
2020-09-08 18:30,146,59,87,0,0,0
2020-09-08 18:45,163,60,103,0,0,0
2020-09-08 19:00,141,43,98,0,0,0
2020-09-08 19:15,125,54,71,0,0,0
2020-09-08 19:30,94,40,54,0,0,0
2020-09-08 19:45,99,43,56,0,0,0
2020-09-08 20:00,98,31,67,0,0,0
2020-09-08 20:15,74,27,47,0,0,0
2020-09-08 20:30,47,23,24,0,0,0
2020-09-08 20:45,53,23,30,0,0,0
2020-09-08 21:00,40,14,26,0,0,0
2020-09-08 21:15,53,24,29,0,0,0
2020-09-08 21:30,46,11,35,0,0,0
2020-09-08 21:45,43,12,31,0,0,0
2020-09-08 22:00,64,20,44,0,0,0
2020-09-08 22:15,34,6,28,0,0,0
2020-09-08 22:30,61,30,31,0,0,0
2020-09-08 22:45,26,8,18,0,0,0
2020-09-08 23:00,30,10,20,0,0,0
2020-09-08 23:15,22,10,12,0,0,0
2020-09-08 23:30,17,5,12,0,0,0
2020-09-08 23:45,15,5,10,0,0,0
2020-09-09 00:00,16,4,12,0,0,0
2020-09-09 00:15,15,9,6,0,0,0
2020-09-09 00:30,3,3,0,0,0,0
2020-09-09 00:45,12,2,10,0,0,0
2020-09-09 01:00,6,0,6,0,0,0
2020-09-09 01:15,2,1,1,0,0,0
2020-09-09 01:30,7,0,7,0,0,0
2020-09-09 01:45,1,1,0,0,0,0
2020-09-09 02:00,3,2,1,0,0,0
2020-09-09 02:15,2,0,2,0,0,0
2020-09-09 02:30,1,0,1,0,0,0
2020-09-09 02:45,0,0,0,0,0,0
2020-09-09 03:00,0,0,0,0,0,0
2020-09-09 03:15,1,0,1,0,0,0
2020-09-09 03:30,0,0,0,0,0,0
2020-09-09 03:45,0,0,0,0,0,0
2020-09-09 04:00,1,0,1,0,0,0
2020-09-09 04:15,4,4,0,0,0,0
2020-09-09 04:30,1,1,0,0,0,0
2020-09-09 04:45,2,1,1,0,0,0
2020-09-09 05:00,5,2,3,0,0,0
2020-09-09 05:15,10,7,3,0,0,0
2020-09-09 05:30,20,14,6,0,0,0
2020-09-09 05:45,30,28,2,0,0,0
2020-09-09 06:00,19,15,4,0,0,0
2020-09-09 06:15,46,36,10,0,0,0
2020-09-09 06:30,47,37,10,0,0,0
2020-09-09 06:45,72,51,21,0,0,0
2020-09-09 07:00,90,59,31,0,0,0
2020-09-09 07:15,145,99,46,0,0,0
2020-09-09 07:30,188,137,51,0,0,0
2020-09-09 07:45,214,139,75,0,0,0
2020-09-09 08:00,160,114,46,0,0,0
2020-09-09 08:15,162,116,46,0,0,0
2020-09-09 08:30,135,87,48,0,0,0
2020-09-09 08:45,171,131,40,0,0,0
2020-09-09 09:00,133,94,39,0,0,0
2020-09-09 09:15,126,87,39,0,0,0
2020-09-09 09:30,120,88,32,0,0,0
2020-09-09 09:45,120,75,45,0,0,0
2020-09-09 10:00,135,70,65,0,0,0
2020-09-09 10:15,104,68,36,0,0,0
2020-09-09 10:30,149,68,81,0,0,0
2020-09-09 10:45,127,83,44,0,0,0
2020-09-09 11:00,130,62,68,0,0,0
2020-09-09 11:15,137,78,59,0,0,0
2020-09-09 11:30,132,71,61,0,0,0
2020-09-09 11:45,159,70,89,0,0,0
2020-09-09 12:00,135,60,75,0,0,0
2020-09-09 12:15,139,59,80,0,0,0
2020-09-09 12:30,167,63,104,0,0,0
2020-09-09 12:45,159,71,88,0,0,0
2020-09-09 13:00,189,77,112,0,0,0
2020-09-09 13:15,141,64,77,0,0,0
2020-09-09 13:30,150,58,92,0,0,0
2020-09-09 13:45,183,83,100,0,0,0
2020-09-09 14:00,176,64,112,0,0,0
2020-09-09 14:15,147,49,98,0,0,0
2020-09-09 14:30,137,51,86,0,0,0
2020-09-09 14:45,147,59,88,0,0,0
2020-09-09 15:00,169,57,112,0,0,0
2020-09-09 15:15,178,74,104,0,0,0
2020-09-09 15:30,172,75,97,0,0,0
2020-09-09 15:45,207,86,121,0,0,0
2020-09-09 16:00,217,78,139,0,0,0
2020-09-09 16:15,187,68,119,0,0,0
2020-09-09 16:30,201,74,127,0,0,0
2020-09-09 16:45,208,96,112,0,0,0
2020-09-09 17:00,210,82,128,0,0,0
2020-09-09 17:15,177,70,107,0,0,0
2020-09-09 17:30,190,69,121,0,0,0
2020-09-09 17:45,185,69,116,0,0,0
2020-09-09 18:00,180,56,124,0,0,0
2020-09-09 18:15,166,68,98,0,0,0
2020-09-09 18:30,198,89,109,0,0,0
2020-09-09 18:45,180,78,102,0,0,0
2020-09-09 19:00,108,35,73,0,0,0
2020-09-09 19:15,139,46,93,0,0,0
2020-09-09 19:30,112,30,82,0,0,0
2020-09-09 19:45,118,31,87,0,0,0
2020-09-09 20:00,74,22,52,0,0,0
2020-09-09 20:15,74,18,56,0,0,0
2020-09-09 20:30,63,19,44,0,0,0
2020-09-09 20:45,60,21,39,0,0,0
2020-09-09 21:00,50,25,25,0,0,0
2020-09-09 21:15,58,16,42,0,0,0
2020-09-09 21:30,57,27,30,0,0,0
2020-09-09 21:45,49,16,33,0,0,0
2020-09-09 22:00,46,14,32,0,0,0
2020-09-09 22:15,30,12,18,0,0,0
2020-09-09 22:30,41,12,29,0,0,0
2020-09-09 22:45,18,3,15,0,0,0
2020-09-09 23:00,29,11,18,0,0,0
2020-09-09 23:15,28,16,12,0,0,0
2020-09-09 23:30,21,9,12,0,0,0
2020-09-09 23:45,18,5,13,0,0,0
2020-09-10 00:00,14,5,9,0,0,0
2020-09-10 00:15,7,2,5,0,0,0
2020-09-10 00:30,9,2,7,0,0,0
2020-09-10 00:45,11,1,10,0,0,0
2020-09-10 01:00,5,2,3,0,0,0
2020-09-10 01:15,5,0,5,0,0,0
2020-09-10 01:30,5,3,2,0,0,0
2020-09-10 01:45,6,2,4,0,0,0
2020-09-10 02:00,1,0,1,0,0,0
2020-09-10 02:15,5,2,3,0,0,0
2020-09-10 02:30,2,2,0,0,0,0
2020-09-10 02:45,1,0,1,0,0,0
2020-09-10 03:00,0,0,0,0,0,0
2020-09-10 03:15,3,1,2,0,0,0
2020-09-10 03:30,1,0,1,0,0,0
2020-09-10 03:45,0,0,0,0,0,0
2020-09-10 04:00,6,5,1,0,0,0
2020-09-10 04:15,0,0,0,0,0,0
2020-09-10 04:30,1,1,0,0,0,0
2020-09-10 04:45,5,2,3,0,0,0
2020-09-10 05:00,3,3,0,0,0,0
2020-09-10 05:15,5,4,1,0,0,0
2020-09-10 05:30,26,18,8,0,0,0
2020-09-10 05:45,23,20,3,0,0,0
2020-09-10 06:00,25,19,6,0,0,0
2020-09-10 06:15,39,30,9,0,0,0
2020-09-10 06:30,41,30,11,0,0,0
2020-09-10 06:45,65,43,22,0,0,0
2020-09-10 07:00,81,51,30,0,0,0
2020-09-10 07:15,116,75,41,0,0,0
2020-09-10 07:30,186,120,66,0,0,0
2020-09-10 07:45,193,125,68,0,0,0
2020-09-10 08:00,134,95,39,0,0,0
2020-09-10 08:15,143,82,61,0,0,0
2020-09-10 08:30,136,87,49,0,0,0
2020-09-10 08:45,137,91,46,0,0,0
2020-09-10 09:00,107,71,36,0,0,0
2020-09-10 09:15,107,69,38,0,0,0
2020-09-10 09:30,91,61,30,0,0,0
2020-09-10 09:45,129,80,49,0,0,0
2020-09-10 10:00,95,58,37,0,0,0
2020-09-10 10:15,124,58,66,0,0,0
2020-09-10 10:30,107,63,44,0,0,0
2020-09-10 10:45,133,60,73,0,0,0
2020-09-10 11:00,115,64,51,0,0,0
2020-09-10 11:15,132,67,65,0,0,0
2020-09-10 11:30,142,65,77,0,0,0
2020-09-10 11:45,167,74,93,0,0,0
2020-09-10 12:00,160,59,101,0,0,0
2020-09-10 12:15,133,56,77,0,0,0
2020-09-10 12:30,177,50,127,0,0,0
2020-09-10 12:45,158,81,77,0,0,0
2020-09-10 13:00,142,61,81,0,0,0
2020-09-10 13:15,170,79,91,0,0,0
2020-09-10 13:30,145,59,86,0,0,0
2020-09-10 13:45,176,89,87,0,0,0
2020-09-10 14:00,158,67,91,0,0,0
2020-09-10 14:15,179,83,96,0,0,0
2020-09-10 14:30,160,79,81,0,0,0
2020-09-10 14:45,175,86,89,0,0,0
2020-09-10 15:00,192,73,119,0,0,0
2020-09-10 15:15,208,82,126,0,0,0
2020-09-10 15:30,199,100,99,0,0,0
2020-09-10 15:45,194,90,104,0,0,0
2020-09-10 16:00,206,77,129,0,0,0
2020-09-10 16:15,201,70,131,0,0,0
2020-09-10 16:30,211,97,114,0,0,0
2020-09-10 16:45,258,106,152,0,0,0
2020-09-10 17:00,222,89,133,0,0,0
2020-09-10 17:15,202,70,132,0,0,0
2020-09-10 17:30,192,89,103,0,0,0
2020-09-10 17:45,222,79,143,0,0,0
2020-09-10 18:00,229,101,128,0,0,0
2020-09-10 18:15,166,56,110,0,0,0
2020-09-10 18:30,159,67,92,0,0,0
2020-09-10 18:45,183,81,102,0,0,0
2020-09-10 19:00,145,53,92,0,0,0
2020-09-10 19:15,158,67,91,0,0,0
2020-09-10 19:30,127,47,80,0,0,0
2020-09-10 19:45,127,36,91,0,0,0
2020-09-10 20:00,127,46,81,0,0,0
2020-09-10 20:15,81,25,56,0,0,0
2020-09-10 20:30,65,22,43,0,0,0
2020-09-10 20:45,57,22,35,0,0,0
2020-09-10 21:00,69,25,44,0,0,0
2020-09-10 21:15,51,25,26,0,0,0
2020-09-10 21:30,52,17,35,0,0,0
2020-09-10 21:45,46,14,32,0,0,0
2020-09-10 22:00,61,21,40,0,0,0
2020-09-10 22:15,46,12,34,0,0,0
2020-09-10 22:30,52,16,36,0,0,0
2020-09-10 22:45,32,12,20,0,0,0
2020-09-10 23:00,41,24,17,0,0,0
2020-09-10 23:15,35,17,18,0,0,0
2020-09-10 23:30,25,6,19,0,0,0
2020-09-10 23:45,14,6,8,0,0,0
2020-09-11 00:00,14,6,8,0,0,0
2020-09-11 00:15,11,5,6,0,0,0
2020-09-11 00:30,14,3,11,0,0,0
2020-09-11 00:45,13,3,10,0,0,0
2020-09-11 01:00,8,4,4,0,0,0
2020-09-11 01:15,8,0,8,0,0,0
2020-09-11 01:30,4,1,3,0,0,0
2020-09-11 01:45,2,1,1,0,0,0
2020-09-11 02:00,2,1,1,0,0,0
2020-09-11 02:15,2,1,1,0,0,0
2020-09-11 02:30,0,0,0,0,0,0
2020-09-11 02:45,0,0,0,0,0,0
2020-09-11 03:00,1,0,1,0,0,0
2020-09-11 03:15,3,1,2,0,0,0
2020-09-11 03:30,1,1,0,0,0,0
2020-09-11 03:45,0,0,0,0,0,0
2020-09-11 04:00,2,0,2,0,0,0
2020-09-11 04:15,2,2,0,0,0,0
2020-09-11 04:30,5,2,3,0,0,0
2020-09-11 04:45,1,0,1,0,0,0
2020-09-11 05:00,3,3,0,0,0,0
2020-09-11 05:15,5,3,2,0,0,0
2020-09-11 05:30,18,11,7,0,0,0
2020-09-11 05:45,25,20,5,0,0,0
2020-09-11 06:00,23,17,6,0,0,0
2020-09-11 06:15,25,19,6,0,0,0
2020-09-11 06:30,45,27,18,0,0,0
2020-09-11 06:45,50,36,14,0,0,0
2020-09-11 07:00,74,49,25,0,0,0
2020-09-11 07:15,110,63,47,0,0,0
2020-09-11 07:30,171,112,59,0,0,0
2020-09-11 07:45,179,108,71,0,0,0
2020-09-11 08:00,147,95,52,0,0,0
2020-09-11 08:15,138,80,58,0,0,0
2020-09-11 08:30,111,71,40,0,0,0
2020-09-11 08:45,158,111,47,0,0,0
2020-09-11 09:00,110,71,39,0,0,0
2020-09-11 09:15,122,89,33,0,0,0
2020-09-11 09:30,122,76,46,0,0,0
2020-09-11 09:45,131,85,46,0,0,0
2020-09-11 10:00,124,70,54,0,0,0
2020-09-11 10:15,111,54,57,0,0,0
2020-09-11 10:30,110,55,55,0,0,0
2020-09-11 10:45,134,73,61,0,0,0
2020-09-11 11:00,116,54,62,0,0,0
2020-09-11 11:15,129,68,61,0,0,0
2020-09-11 11:30,149,82,67,0,0,0
2020-09-11 11:45,169,78,91,0,0,0
2020-09-11 12:00,153,66,87,0,0,0
2020-09-11 12:15,196,75,121,0,0,0
2020-09-11 12:30,174,65,109,0,0,0
2020-09-11 12:45,159,78,81,0,0,0
2020-09-11 13:00,196,69,127,0,0,0
2020-09-11 13:15,181,78,103,0,0,0
2020-09-11 13:30,170,67,103,0,0,0
2020-09-11 13:45,199,98,101,0,0,0
2020-09-11 14:00,187,79,108,0,0,0
2020-09-11 14:15,212,76,136,0,0,0
2020-09-11 14:30,185,83,102,0,0,0
2020-09-11 14:45,189,82,107,0,0,0
2020-09-11 15:00,198,97,101,0,0,0
2020-09-11 15:15,199,98,101,0,0,0
2020-09-11 15:30,197,89,108,0,0,0
2020-09-11 15:45,211,95,116,0,0,0
2020-09-11 16:00,196,85,111,0,0,0
2020-09-11 16:15,211,114,97,0,0,0
2020-09-11 16:30,204,91,113,0,0,0
2020-09-11 16:45,193,82,111,0,0,0
2020-09-11 17:00,205,96,109,0,0,0
2020-09-11 17:15,199,85,114,0,0,0
2020-09-11 17:30,206,81,125,0,0,0
2020-09-11 17:45,213,92,121,0,0,0
2020-09-11 18:00,205,78,127,0,0,0
2020-09-11 18:15,194,94,100,0,0,0
2020-09-11 18:30,165,66,99,0,0,0
2020-09-11 18:45,182,76,106,0,0,0
2020-09-11 19:00,142,68,74,0,0,0
2020-09-11 19:15,152,60,92,0,0,0
2020-09-11 19:30,128,52,76,0,0,0
2020-09-11 19:45,147,60,87,0,0,0
2020-09-11 20:00,132,50,82,0,0,0
2020-09-11 20:15,104,41,63,0,0,0
2020-09-11 20:30,77,28,49,0,0,0
2020-09-11 20:45,72,36,36,0,0,0
2020-09-11 21:00,47,15,32,0,0,0
2020-09-11 21:15,65,30,35,0,0,0
2020-09-11 21:30,54,21,33,0,0,0
2020-09-11 21:45,47,17,30,0,0,0
2020-09-11 22:00,46,20,26,0,0,0
2020-09-11 22:15,52,12,40,0,0,0
2020-09-11 22:30,52,15,37,0,0,0
2020-09-11 22:45,78,23,55,0,0,0
2020-09-11 23:00,38,13,25,0,0,0
2020-09-11 23:15,51,14,37,0,0,0
2020-09-11 23:30,43,15,28,0,0,0
2020-09-11 23:45,52,28,24,0,0,0
2020-09-12 00:00,46,14,32,0,0,0
2020-09-12 00:15,36,19,17,0,0,0
2020-09-12 00:30,26,11,15,0,0,0
2020-09-12 00:45,27,5,22,0,0,0
2020-09-12 01:00,35,10,25,0,0,0
2020-09-12 01:15,29,15,14,0,0,0
2020-09-12 01:30,21,11,10,0,0,0
2020-09-12 01:45,17,6,11,0,0,0
2020-09-12 02:00,13,5,8,0,0,0
2020-09-12 02:15,7,4,3,0,0,0
2020-09-12 02:30,15,8,7,0,0,0
2020-09-12 02:45,6,0,6,0,0,0
2020-09-12 03:00,6,0,6,0,0,0
2020-09-12 03:15,6,2,4,0,0,0
2020-09-12 03:30,7,2,5,0,0,0
2020-09-12 03:45,12,5,7,0,0,0
2020-09-12 04:00,5,5,0,0,0,0
2020-09-12 04:15,1,0,1,0,0,0
2020-09-12 04:30,5,1,4,0,0,0
2020-09-12 04:45,2,0,2,0,0,0
2020-09-12 05:00,5,2,3,0,0,0
2020-09-12 05:15,5,1,4,0,0,0
2020-09-12 05:30,15,7,8,0,0,0
2020-09-12 05:45,17,6,11,0,0,0
2020-09-12 06:00,8,8,0,0,0,0
2020-09-12 06:15,8,6,2,0,0,0
2020-09-12 06:30,9,5,4,0,0,0
2020-09-12 06:45,22,12,10,0,0,0
2020-09-12 07:00,14,11,3,0,0,0
2020-09-12 07:15,20,13,7,0,0,0
2020-09-12 07:30,22,15,7,0,0,0
2020-09-12 07:45,34,18,16,0,0,0
2020-09-12 08:00,30,17,13,0,0,0
2020-09-12 08:15,29,17,12,0,0,0
2020-09-12 08:30,49,30,19,0,0,0
2020-09-12 08:45,91,56,35,0,0,0
2020-09-12 09:00,64,44,20,0,0,0
2020-09-12 09:15,81,55,26,0,0,0
2020-09-12 09:30,105,79,26,0,0,0
2020-09-12 09:45,110,81,29,0,0,0
2020-09-12 10:00,114,74,40,0,0,0
2020-09-12 10:15,149,91,58,0,0,0
2020-09-12 10:30,150,88,62,0,0,0
2020-09-12 10:45,171,104,67,0,0,0
2020-09-12 11:00,148,92,56,0,0,0
2020-09-12 11:15,154,84,70,0,0,0
2020-09-12 11:30,178,89,89,0,0,0
2020-09-12 11:45,185,102,83,0,0,0
2020-09-12 12:00,148,74,74,0,0,0
2020-09-12 12:15,192,84,108,0,0,0
2020-09-12 12:30,162,80,82,0,0,0
2020-09-12 12:45,213,101,112,0,0,0
2020-09-12 13:00,172,88,84,0,0,0
2020-09-12 13:15,202,102,100,0,0,0
2020-09-12 13:30,171,79,92,0,0,0
2020-09-12 13:45,178,74,104,0,0,0
2020-09-12 14:00,159,73,86,0,0,0
2020-09-12 14:15,168,80,88,0,0,0
2020-09-12 14:30,138,50,88,0,0,0
2020-09-12 14:45,154,67,87,0,0,0
2020-09-12 15:00,151,55,96,0,0,0
2020-09-12 15:15,169,75,94,0,0,0
2020-09-12 15:30,148,62,86,0,0,0
2020-09-12 15:45,147,79,68,0,0,0
2020-09-12 16:00,175,84,91,0,0,0
2020-09-12 16:15,133,64,69,0,0,0
2020-09-12 16:30,148,73,75,0,0,0
2020-09-12 16:45,142,65,77,0,0,0
2020-09-12 17:00,157,58,99,0,0,0
2020-09-12 17:15,130,47,83,0,0,0
2020-09-12 17:30,120,41,79,0,0,0
2020-09-12 17:45,134,59,75,0,0,0
2020-09-12 18:00,131,48,83,0,0,0
2020-09-12 18:15,155,63,92,0,0,0
2020-09-12 18:30,122,48,74,0,0,0
2020-09-12 18:45,120,50,70,0,0,0
2020-09-12 19:00,101,43,58,0,0,0
2020-09-12 19:15,106,57,49,0,0,0
2020-09-12 19:30,107,39,68,0,0,0
2020-09-12 19:45,105,50,55,0,0,0
2020-09-12 20:00,82,26,56,0,0,0
2020-09-12 20:15,87,43,44,0,0,0
2020-09-12 20:30,54,23,31,0,0,0
2020-09-12 20:45,66,26,40,0,0,0
2020-09-12 21:00,49,18,31,0,0,0
2020-09-12 21:15,58,18,40,0,0,0
2020-09-12 21:30,43,14,29,0,0,0
2020-09-12 21:45,46,14,32,0,0,0
2020-09-12 22:00,51,13,38,0,0,0
2020-09-12 22:15,42,11,31,0,0,0
2020-09-12 22:30,47,20,27,0,0,0
2020-09-12 22:45,39,15,24,0,0,0
2020-09-12 23:00,42,17,25,0,0,0
2020-09-12 23:15,30,9,21,0,0,0
2020-09-12 23:30,38,10,28,0,0,0
2020-09-12 23:45,39,14,25,0,0,0
2020-09-13 00:00,37,18,19,0,0,0
2020-09-13 00:15,59,17,42,0,0,0
2020-09-13 00:30,26,8,18,0,0,0
2020-09-13 00:45,31,7,24,0,0,0
2020-09-13 01:00,31,10,21,0,0,0
2020-09-13 01:15,21,9,12,0,0,0
2020-09-13 01:30,20,7,13,0,0,0
2020-09-13 01:45,12,3,9,0,0,0
2020-09-13 02:00,8,4,4,0,0,0
2020-09-13 02:15,15,2,13,0,0,0
2020-09-13 02:30,10,2,8,0,0,0
2020-09-13 02:45,15,7,8,0,0,0
2020-09-13 03:00,5,1,4,0,0,0
2020-09-13 03:15,14,4,10,0,0,0
2020-09-13 03:30,2,1,1,0,0,0
2020-09-13 03:45,2,1,1,0,0,0
2020-09-13 04:00,2,0,2,0,0,0
2020-09-13 04:15,3,1,2,0,0,0
2020-09-13 04:30,3,2,1,0,0,0
2020-09-13 04:45,5,1,4,0,0,0
2020-09-13 05:00,2,0,2,0,0,0
2020-09-13 05:15,6,1,5,0,0,0
2020-09-13 05:30,14,8,6,0,0,0
2020-09-13 05:45,1,1,0,0,0,0
2020-09-13 06:00,5,3,2,0,0,0
2020-09-13 06:15,7,5,2,0,0,0
2020-09-13 06:30,3,1,2,0,0,0
2020-09-13 06:45,5,3,2,0,0,0
2020-09-13 07:00,3,1,2,0,0,0
2020-09-13 07:15,9,7,2,0,0,0
2020-09-13 07:30,11,5,6,0,0,0
2020-09-13 07:45,11,8,3,0,0,0
2020-09-13 08:00,17,7,10,0,0,0
2020-09-13 08:15,19,10,9,0,0,0
2020-09-13 08:30,19,9,10,0,0,0
2020-09-13 08:45,18,9,9,0,0,0
2020-09-13 09:00,24,14,10,0,0,0
2020-09-13 09:15,27,13,14,0,0,0
2020-09-13 09:30,35,20,15,0,0,0
2020-09-13 09:45,62,37,25,0,0,0
2020-09-13 10:00,35,18,17,0,0,0
2020-09-13 10:15,52,29,23,0,0,0
2020-09-13 10:30,45,29,16,0,0,0
2020-09-13 10:45,54,31,23,0,0,0
2020-09-13 11:00,60,29,31,0,0,0
2020-09-13 11:15,67,29,38,0,0,0
2020-09-13 11:30,62,22,40,0,0,0
2020-09-13 11:45,64,32,32,0,0,0
2020-09-13 12:00,61,26,35,0,0,0
2020-09-13 12:15,55,16,39,0,0,0
2020-09-13 12:30,74,41,33,0,0,0
2020-09-13 12:45,86,44,42,0,0,0
2020-09-13 13:00,65,33,32,0,0,0
2020-09-13 13:15,91,58,33,0,0,0
2020-09-13 13:30,104,53,51,0,0,0
2020-09-13 13:45,89,56,33,0,0,0
2020-09-13 14:00,105,46,59,0,0,0
2020-09-13 14:15,85,39,46,0,0,0
2020-09-13 14:30,135,67,68,0,0,0
2020-09-13 14:45,139,53,86,0,0,0
2020-09-13 15:00,97,59,38,0,0,0
2020-09-13 15:15,91,44,47,0,0,0
2020-09-13 15:30,150,71,79,0,0,0
2020-09-13 15:45,141,75,66,0,0,0
2020-09-13 16:00,124,60,64,0,0,0
2020-09-13 16:15,110,61,49,0,0,0
2020-09-13 16:30,102,46,56,0,0,0
2020-09-13 16:45,108,43,65,0,0,0
2020-09-13 17:00,106,53,53,0,0,0
2020-09-13 17:15,132,57,75,0,0,0
2020-09-13 17:30,141,60,81,0,0,0
2020-09-13 17:45,119,63,56,0,0,0
2020-09-13 18:00,102,42,60,0,0,0
2020-09-13 18:15,129,60,69,0,0,0
2020-09-13 18:30,106,48,58,0,0,0
2020-09-13 18:45,103,48,55,0,0,0
2020-09-13 19:00,111,38,73,0,0,0
2020-09-13 19:15,80,26,54,0,0,0
2020-09-13 19:30,84,24,60,0,0,0
2020-09-13 19:45,48,21,27,0,0,0
2020-09-13 20:00,63,29,34,0,0,0
2020-09-13 20:15,56,27,29,0,0,0
2020-09-13 20:30,47,18,29,0,0,0
2020-09-13 20:45,41,17,24,0,0,0
2020-09-13 21:00,28,8,20,0,0,0
2020-09-13 21:15,41,15,26,0,0,0
2020-09-13 21:30,27,11,16,0,0,0
2020-09-13 21:45,42,9,33,0,0,0
2020-09-13 22:00,31,10,21,0,0,0
2020-09-13 22:15,21,7,14,0,0,0
2020-09-13 22:30,17,4,13,0,0,0
2020-09-13 22:45,20,10,10,0,0,0
2020-09-13 23:00,11,5,6,0,0,0
2020-09-13 23:15,10,1,9,0,0,0
2020-09-13 23:30,9,2,7,0,0,0
2020-09-13 23:45,6,1,5,0,0,0
2020-09-14 00:00,10,3,7,0,0,0
2020-09-14 00:15,8,3,5,0,0,0
2020-09-14 00:30,7,3,4,0,0,0
2020-09-14 00:45,5,0,5,0,0,0
2020-09-14 01:00,7,1,6,0,0,0
2020-09-14 01:15,6,2,4,0,0,0
2020-09-14 01:30,1,1,0,0,0,0
2020-09-14 01:45,2,0,2,0,0,0
2020-09-14 02:00,2,0,2,0,0,0
2020-09-14 02:15,2,1,1,0,0,0
2020-09-14 02:30,1,1,0,0,0,0
2020-09-14 02:45,5,0,5,0,0,0
2020-09-14 03:00,3,1,2,0,0,0
2020-09-14 03:15,0,0,0,0,0,0
2020-09-14 03:30,0,0,0,0,0,0
2020-09-14 03:45,0,0,0,0,0,0
2020-09-14 04:00,1,1,0,0,0,0
2020-09-14 04:15,1,1,0,0,0,0
2020-09-14 04:30,1,1,0,0,0,0
2020-09-14 04:45,3,2,1,0,0,0
2020-09-14 05:00,4,4,0,0,0,0
2020-09-14 05:15,5,3,2,0,0,0
2020-09-14 05:30,17,10,7,0,0,0
2020-09-14 05:45,25,20,5,0,0,0
2020-09-14 06:00,20,14,6,0,0,0
2020-09-14 06:15,46,33,13,0,0,0
2020-09-14 06:30,48,36,12,0,0,0
2020-09-14 06:45,67,51,16,0,0,0
2020-09-14 07:00,97,60,37,0,0,0
2020-09-14 07:15,122,77,45,0,0,0
2020-09-14 07:30,181,120,61,0,0,0
2020-09-14 07:45,192,130,62,0,0,0
2020-09-14 08:00,149,83,66,0,0,0
2020-09-14 08:15,175,115,60,0,0,0
2020-09-14 08:30,131,80,51,0,0,0
2020-09-14 08:45,139,107,32,0,0,0
2020-09-14 09:00,98,77,21,0,0,0
2020-09-14 09:15,119,78,41,0,0,0
2020-09-14 09:30,122,79,43,0,0,0
2020-09-14 09:45,132,82,50,0,0,0
2020-09-14 10:00,81,51,30,0,0,0
2020-09-14 10:15,119,67,52,0,0,0
2020-09-14 10:30,122,60,62,0,0,0
2020-09-14 10:45,136,69,67,0,0,0
2020-09-14 11:00,122,69,53,0,0,0
2020-09-14 11:15,125,64,61,0,0,0
2020-09-14 11:30,132,65,67,0,0,0
2020-09-14 11:45,142,63,79,0,0,0
2020-09-14 12:00,133,64,69,0,0,0
2020-09-14 12:15,140,53,87,0,0,0
2020-09-14 12:30,154,78,76,0,0,0
2020-09-14 12:45,160,74,86,0,0,0
2020-09-14 13:00,158,64,94,0,0,0
2020-09-14 13:15,133,68,65,0,0,0
2020-09-14 13:30,148,62,86,0,0,0
2020-09-14 13:45,169,87,82,0,0,0
2020-09-14 14:00,171,71,100,0,0,0
2020-09-14 14:15,153,74,79,0,0,0
2020-09-14 14:30,156,52,104,0,0,0
2020-09-14 14:45,198,93,105,0,0,0
2020-09-14 15:00,183,77,106,0,0,0
2020-09-14 15:15,164,65,99,0,0,0
2020-09-14 15:30,180,79,101,0,0,0
2020-09-14 15:45,214,83,131,0,0,0
2020-09-14 16:00,178,68,110,0,0,0
2020-09-14 16:15,216,85,131,0,0,0
2020-09-14 16:30,212,70,142,0,0,0
2020-09-14 16:45,234,94,140,0,0,0
2020-09-14 17:00,199,75,124,0,0,0
2020-09-14 17:15,208,79,129,0,0,0
2020-09-14 17:30,231,98,133,0,0,0
2020-09-14 17:45,227,92,135,0,0,0
2020-09-14 18:00,187,65,122,0,0,0
2020-09-14 18:15,171,68,103,0,0,0
2020-09-14 18:30,149,53,96,0,0,0
2020-09-14 18:45,167,56,111,0,0,0
2020-09-14 19:00,121,37,84,0,0,0
2020-09-14 19:15,132,51,81,0,0,0
2020-09-14 19:30,109,38,71,0,0,0
2020-09-14 19:45,108,31,77,0,0,0
2020-09-14 20:00,107,40,67,0,0,0
2020-09-14 20:15,80,27,53,0,0,0
2020-09-14 20:30,78,23,55,0,0,0
2020-09-14 20:45,69,29,40,0,0,0
2020-09-14 21:00,50,20,30,0,0,0
2020-09-14 21:15,67,23,44,0,0,0
2020-09-14 21:30,43,18,25,0,0,0
2020-09-14 21:45,40,9,31,0,0,0
2020-09-14 22:00,32,13,19,0,0,0
2020-09-14 22:15,37,14,23,0,0,0
2020-09-14 22:30,41,10,31,0,0,0
2020-09-14 22:45,37,14,23,0,0,0
2020-09-14 23:00,24,8,16,0,0,0
2020-09-14 23:15,20,5,15,0,0,0
2020-09-14 23:30,17,9,8,0,0,0
2020-09-14 23:45,13,1,12,0,0,0
2020-09-15 00:00,18,3,15,0,0,0
2020-09-15 00:15,12,2,10,0,0,0
2020-09-15 00:30,10,0,10,0,0,0
2020-09-15 00:45,7,4,3,0,0,0
2020-09-15 01:00,5,2,3,0,0,0
2020-09-15 01:15,2,1,1,0,0,0
2020-09-15 01:30,4,0,4,0,0,0
2020-09-15 01:45,6,3,3,0,0,0
2020-09-15 02:00,1,0,1,0,0,0
2020-09-15 02:15,0,0,0,0,0,0
2020-09-15 02:30,3,2,1,0,0,0
2020-09-15 02:45,0,0,0,0,0,0
2020-09-15 03:00,1,1,0,0,0,0
2020-09-15 03:15,1,0,1,0,0,0
2020-09-15 03:30,0,0,0,0,0,0
2020-09-15 03:45,2,2,0,0,0,0
2020-09-15 04:00,2,0,2,0,0,0
2020-09-15 04:15,2,0,2,0,0,0
2020-09-15 04:30,4,3,1,0,0,0
2020-09-15 04:45,4,2,2,0,0,0
2020-09-15 05:00,3,3,0,0,0,0
2020-09-15 05:15,8,4,4,0,0,0
2020-09-15 05:30,27,17,10,0,0,0
2020-09-15 05:45,22,16,6,0,0,0
2020-09-15 06:00,25,20,5,0,0,0
2020-09-15 06:15,47,34,13,0,0,0
2020-09-15 06:30,50,36,14,0,0,0
2020-09-15 06:45,64,44,20,0,0,0
2020-09-15 07:00,91,59,32,0,0,0
2020-09-15 07:15,145,96,49,0,0,0
2020-09-15 07:30,212,146,66,0,0,0
2020-09-15 07:45,204,133,71,0,0,0
2020-09-15 08:00,160,105,55,0,0,0
2020-09-15 08:15,176,107,69,0,0,0
2020-09-15 08:30,147,102,45,0,0,0
2020-09-15 08:45,184,129,55,0,0,0
2020-09-15 09:00,125,87,38,0,0,0
2020-09-15 09:15,119,75,44,0,0,0
2020-09-15 09:30,120,81,39,0,0,0
2020-09-15 09:45,141,92,49,0,0,0
2020-09-15 10:00,124,75,49,0,0,0
2020-09-15 10:15,125,69,56,0,0,0
2020-09-15 10:30,127,76,51,0,0,0
2020-09-15 10:45,129,78,51,0,0,0
2020-09-15 11:00,109,58,51,0,0,0
2020-09-15 11:15,136,71,65,0,0,0
2020-09-15 11:30,132,69,63,0,0,0
2020-09-15 11:45,146,70,76,0,0,0
2020-09-15 12:00,142,52,90,0,0,0
2020-09-15 12:15,165,72,93,0,0,0
2020-09-15 12:30,143,68,75,0,0,0
2020-09-15 12:45,154,64,90,0,0,0
2020-09-15 13:00,140,50,90,0,0,0
2020-09-15 13:15,147,51,96,0,0,0
2020-09-15 13:30,159,61,98,0,0,0
2020-09-15 13:45,162,75,87,0,0,0
2020-09-15 14:00,150,56,94,0,0,0
2020-09-15 14:15,170,84,86,0,0,0
2020-09-15 14:30,162,64,98,0,0,0
2020-09-15 14:45,187,80,107,0,0,0
2020-09-15 15:00,148,57,91,0,0,0
2020-09-15 15:15,179,78,101,0,0,0
2020-09-15 15:30,165,82,83,0,0,0
2020-09-15 15:45,176,78,98,0,0,0
2020-09-15 16:00,216,91,125,0,0,0
2020-09-15 16:15,213,83,130,0,0,0
2020-09-15 16:30,212,99,113,0,0,0
2020-09-15 16:45,203,86,117,0,0,0
2020-09-15 17:00,242,97,145,0,0,0
2020-09-15 17:15,200,79,121,0,0,0
2020-09-15 17:30,225,80,145,0,0,0
2020-09-15 17:45,206,77,129,0,0,0
2020-09-15 18:00,227,101,126,0,0,0
2020-09-15 18:15,209,89,120,0,0,0
2020-09-15 18:30,169,63,106,0,0,0
2020-09-15 18:45,194,81,113,0,0,0
2020-09-15 19:00,173,60,113,0,0,0
2020-09-15 19:15,132,64,68,0,0,0
2020-09-15 19:30,126,52,74,0,0,0
2020-09-15 19:45,138,50,88,0,0,0
2020-09-15 20:00,98,41,57,0,0,0
2020-09-15 20:15,126,23,103,0,0,0
2020-09-15 20:30,89,30,59,0,0,0
2020-09-15 20:45,70,20,50,0,0,0
2020-09-15 21:00,51,14,37,0,0,0
2020-09-15 21:15,57,30,27,0,0,0
2020-09-15 21:30,70,28,42,0,0,0
2020-09-15 21:45,68,25,43,0,0,0
2020-09-15 22:00,65,14,51,0,0,0
2020-09-15 22:15,55,12,43,0,0,0
2020-09-15 22:30,52,18,34,0,0,0
2020-09-15 22:45,48,17,31,0,0,0
2020-09-15 23:00,36,12,24,0,0,0
2020-09-15 23:15,23,5,18,0,0,0
2020-09-15 23:30,18,3,15,0,0,0
2020-09-15 23:45,15,4,11,0,0,0
2020-09-16 00:00,17,6,11,0,0,0
2020-09-16 00:15,7,1,6,0,0,0
2020-09-16 00:30,12,5,7,0,0,0
2020-09-16 00:45,7,4,3,0,0,0
2020-09-16 01:00,7,2,5,0,0,0
2020-09-16 01:15,3,1,2,0,0,0
2020-09-16 01:30,3,2,1,0,0,0
2020-09-16 01:45,1,1,0,0,0,0
2020-09-16 02:00,4,1,3,0,0,0
2020-09-16 02:15,1,0,1,0,0,0
2020-09-16 02:30,0,0,0,0,0,0
2020-09-16 02:45,0,0,0,0,0,0
2020-09-16 03:00,1,1,0,0,0,0
2020-09-16 03:15,2,0,2,0,0,0
2020-09-16 03:30,2,2,0,0,0,0
2020-09-16 03:45,1,0,1,0,0,0
2020-09-16 04:00,3,1,2,0,0,0
2020-09-16 04:15,1,1,0,0,0,0
2020-09-16 04:30,1,1,0,0,0,0
2020-09-16 04:45,5,2,3,0,0,0
2020-09-16 05:00,7,6,1,0,0,0
2020-09-16 05:15,6,4,2,0,0,0
2020-09-16 05:30,15,5,10,0,0,0
2020-09-16 05:45,29,25,4,0,0,0
2020-09-16 06:00,24,17,7,0,0,0
2020-09-16 06:15,36,30,6,0,0,0
2020-09-16 06:30,51,36,15,0,0,0
2020-09-16 06:45,75,55,20,0,0,0
2020-09-16 07:00,87,61,26,0,0,0
2020-09-16 07:15,158,96,62,0,0,0
2020-09-16 07:30,198,140,58,0,0,0
2020-09-16 07:45,209,147,62,0,0,0
2020-09-16 08:00,165,104,61,0,0,0
2020-09-16 08:15,180,120,60,0,0,0
2020-09-16 08:30,155,110,45,0,0,0
2020-09-16 08:45,172,133,39,0,0,0
2020-09-16 09:00,142,89,53,0,0,0
2020-09-16 09:15,144,112,32,0,0,0
2020-09-16 09:30,120,88,32,0,0,0
2020-09-16 09:45,156,109,47,0,0,0
2020-09-16 10:00,121,83,38,0,0,0
2020-09-16 10:15,116,68,48,0,0,0
2020-09-16 10:30,136,69,67,0,0,0
2020-09-16 10:45,148,92,56,0,0,0
2020-09-16 11:00,148,90,58,0,0,0
2020-09-16 11:15,165,83,82,0,0,0
2020-09-16 11:30,147,66,81,0,0,0
2020-09-16 11:45,153,69,84,0,0,0
2020-09-16 12:00,156,68,88,0,0,0
2020-09-16 12:15,178,74,104,0,0,0
2020-09-16 12:30,202,82,120,0,0,0
2020-09-16 12:45,189,103,86,0,0,0
2020-09-16 13:00,157,66,91,0,0,0
2020-09-16 13:15,161,71,90,0,0,0
2020-09-16 13:30,156,68,88,0,0,0
2020-09-16 13:45,213,80,133,0,0,0
2020-09-16 14:00,160,70,90,0,0,0
2020-09-16 14:15,179,64,115,0,0,0
2020-09-16 14:30,179,88,91,0,0,0
2020-09-16 14:45,201,98,103,0,0,0
2020-09-16 15:00,191,73,118,0,0,0
2020-09-16 15:15,180,73,107,0,0,0
2020-09-16 15:30,182,74,108,0,0,0
2020-09-16 15:45,221,74,147,0,0,0
2020-09-16 16:00,190,90,100,0,0,0
2020-09-16 16:15,222,106,116,0,0,0
2020-09-16 16:30,202,80,122,0,0,0
2020-09-16 16:45,205,75,130,0,0,0
2020-09-16 17:00,186,80,106,0,0,0
2020-09-16 17:15,217,93,124,0,0,0
2020-09-16 17:30,225,80,145,0,0,0
2020-09-16 17:45,213,104,109,0,0,0
2020-09-16 18:00,191,83,108,0,0,0
2020-09-16 18:15,232,81,151,0,0,0
2020-09-16 18:30,170,70,100,0,0,0
2020-09-16 18:45,174,80,94,0,0,0
2020-09-16 19:00,165,65,100,0,0,0
2020-09-16 19:15,136,62,74,0,0,0
2020-09-16 19:30,126,34,92,0,0,0
2020-09-16 19:45,124,50,74,0,0,0
2020-09-16 20:00,103,40,63,0,0,0
2020-09-16 20:15,77,31,46,0,0,0
2020-09-16 20:30,85,30,55,0,0,0
2020-09-16 20:45,82,26,56,0,0,0
2020-09-16 21:00,61,26,35,0,0,0
2020-09-16 21:15,51,17,34,0,0,0
2020-09-16 21:30,48,12,36,0,0,0
2020-09-16 21:45,70,18,52,0,0,0
2020-09-16 22:00,67,14,53,0,0,0
2020-09-16 22:15,49,14,35,0,0,0
2020-09-16 22:30,32,14,18,0,0,0
2020-09-16 22:45,31,8,23,0,0,0
2020-09-16 23:00,52,18,34,0,0,0
2020-09-16 23:15,26,9,17,0,0,0
2020-09-16 23:30,27,5,22,0,0,0
2020-09-16 23:45,21,4,17,0,0,0
2020-09-17 00:00,12,7,5,0,0,0
2020-09-17 00:15,4,1,3,0,0,0
2020-09-17 00:30,12,6,6,0,0,0
2020-09-17 00:45,6,3,3,0,0,0
2020-09-17 01:00,14,4,10,0,0,0
2020-09-17 01:15,8,4,4,0,0,0
2020-09-17 01:30,6,1,5,0,0,0
2020-09-17 01:45,3,1,2,0,0,0
2020-09-17 02:00,5,2,3,0,0,0
2020-09-17 02:15,3,2,1,0,0,0
2020-09-17 02:30,3,0,3,0,0,0
2020-09-17 02:45,0,0,0,0,0,0
2020-09-17 03:00,1,0,1,0,0,0
2020-09-17 03:15,1,0,1,0,0,0
2020-09-17 03:30,4,0,4,0,0,0
2020-09-17 03:45,2,1,1,0,0,0
2020-09-17 04:00,0,0,0,0,0,0
2020-09-17 04:15,3,1,2,0,0,0
2020-09-17 04:30,2,1,1,0,0,0
2020-09-17 04:45,8,1,7,0,0,0
2020-09-17 05:00,6,3,3,0,0,0
2020-09-17 05:15,5,3,2,0,0,0
2020-09-17 05:30,16,10,6,0,0,0
2020-09-17 05:45,26,21,5,0,0,0
2020-09-17 06:00,23,17,6,0,0,0
2020-09-17 06:15,35,24,11,0,0,0
2020-09-17 06:30,49,33,16,0,0,0
2020-09-17 06:45,72,53,19,0,0,0
2020-09-17 07:00,88,46,42,0,0,0
2020-09-17 07:15,142,90,52,0,0,0
2020-09-17 07:30,194,122,72,0,0,0
2020-09-17 07:45,207,131,76,0,0,0
2020-09-17 08:00,165,105,60,0,0,0
2020-09-17 08:15,167,103,64,0,0,0
2020-09-17 08:30,126,84,42,0,0,0
2020-09-17 08:45,163,118,45,0,0,0
2020-09-17 09:00,125,94,31,0,0,0
2020-09-17 09:15,125,81,44,0,0,0
2020-09-17 09:30,112,71,41,0,0,0
2020-09-17 09:45,163,102,61,0,0,0
2020-09-17 10:00,101,67,34,0,0,0
2020-09-17 10:15,104,64,40,0,0,0
2020-09-17 10:30,118,69,49,0,0,0
2020-09-17 10:45,135,69,66,0,0,0
2020-09-17 11:00,99,53,46,0,0,0
2020-09-17 11:15,139,60,79,0,0,0
2020-09-17 11:30,115,58,57,0,0,0
2020-09-17 11:45,138,77,61,0,0,0
2020-09-17 12:00,170,72,98,0,0,0
2020-09-17 12:15,151,58,93,0,0,0
2020-09-17 12:30,189,61,128,0,0,0
2020-09-17 12:45,144,46,98,0,0,0
2020-09-17 13:00,160,55,105,0,0,0
2020-09-17 13:15,141,63,78,0,0,0
2020-09-17 13:30,157,73,84,0,0,0
2020-09-17 13:45,192,78,114,0,0,0
2020-09-17 14:00,179,72,107,0,0,0
2020-09-17 14:15,171,77,94,0,0,0
2020-09-17 14:30,174,88,86,0,0,0
2020-09-17 14:45,163,84,79,0,0,0
2020-09-17 15:00,181,71,110,0,0,0
2020-09-17 15:15,215,89,126,0,0,0
2020-09-17 15:30,184,92,92,0,0,0
2020-09-17 15:45,228,91,137,0,0,0
2020-09-17 16:00,210,94,116,0,0,0
2020-09-17 16:15,173,71,102,0,0,0
2020-09-17 16:30,225,102,123,0,0,0
2020-09-17 16:45,211,84,127,0,0,0
2020-09-17 17:00,219,83,136,0,0,0
2020-09-17 17:15,244,89,155,0,0,0
2020-09-17 17:30,210,73,137,0,0,0
2020-09-17 17:45,207,83,124,0,0,0
2020-09-17 18:00,198,63,135,0,0,0
2020-09-17 18:15,192,66,126,0,0,0
2020-09-17 18:30,157,53,104,0,0,0
2020-09-17 18:45,168,72,96,0,0,0
2020-09-17 19:00,149,68,81,0,0,0
2020-09-17 19:15,144,45,99,0,0,0
2020-09-17 19:30,102,41,61,0,0,0
2020-09-17 19:45,113,47,66,0,0,0
2020-09-17 20:00,103,35,68,0,0,0
2020-09-17 20:15,62,19,43,0,0,0
2020-09-17 20:30,68,29,39,0,0,0
2020-09-17 20:45,67,31,36,0,0,0
2020-09-17 21:00,51,18,33,0,0,0
2020-09-17 21:15,61,19,42,0,0,0
2020-09-17 21:30,52,19,33,0,0,0
2020-09-17 21:45,63,20,43,0,0,0
2020-09-17 22:00,60,18,42,0,0,0
2020-09-17 22:15,32,9,23,0,0,0
2020-09-17 22:30,42,13,29,0,0,0
2020-09-17 22:45,30,11,19,0,0,0
2020-09-17 23:00,28,10,18,0,0,0
2020-09-17 23:15,36,9,27,0,0,0
2020-09-17 23:30,35,9,26,0,0,0
2020-09-17 23:45,15,7,8,0,0,0
2020-09-18 00:00,23,5,18,0,0,0
2020-09-18 00:15,18,6,12,0,0,0
2020-09-18 00:30,15,5,10,0,0,0
2020-09-18 00:45,7,0,7,0,0,0
2020-09-18 01:00,11,3,8,0,0,0
2020-09-18 01:15,5,1,4,0,0,0
2020-09-18 01:30,7,0,7,0,0,0
2020-09-18 01:45,4,1,3,0,0,0
2020-09-18 02:00,2,0,2,0,0,0
2020-09-18 02:15,0,0,0,0,0,0
2020-09-18 02:30,1,0,1,0,0,0
2020-09-18 02:45,7,1,6,0,0,0
2020-09-18 03:00,2,0,2,0,0,0
2020-09-18 03:15,3,0,3,0,0,0
2020-09-18 03:30,4,2,2,0,0,0
2020-09-18 03:45,1,0,1,0,0,0
2020-09-18 04:00,0,0,0,0,0,0
2020-09-18 04:15,3,2,1,0,0,0
2020-09-18 04:30,3,3,0,0,0,0
2020-09-18 04:45,2,0,2,0,0,0
2020-09-18 05:00,4,4,0,0,0,0
2020-09-18 05:15,4,1,3,0,0,0
2020-09-18 05:30,21,11,10,0,0,0
2020-09-18 05:45,32,27,5,0,0,0
2020-09-18 06:00,16,13,3,0,0,0
2020-09-18 06:15,36,27,9,0,0,0
2020-09-18 06:30,42,28,14,0,0,0
2020-09-18 06:45,62,45,17,0,0,0
2020-09-18 07:00,89,59,30,0,0,0
2020-09-18 07:15,125,76,49,0,0,0
2020-09-18 07:30,196,121,75,0,0,0
2020-09-18 07:45,189,121,68,0,0,0
2020-09-18 08:00,127,77,50,0,0,0
2020-09-18 08:15,155,94,61,0,0,0
2020-09-18 08:30,129,93,36,0,0,0
2020-09-18 08:45,148,103,45,0,0,0
2020-09-18 09:00,101,71,30,0,0,0
2020-09-18 09:15,86,58,28,0,0,0
2020-09-18 09:30,129,79,50,0,0,0
2020-09-18 09:45,122,82,40,0,0,0
2020-09-18 10:00,103,61,42,0,0,0
2020-09-18 10:15,94,55,39,0,0,0
2020-09-18 10:30,117,53,64,0,0,0
2020-09-18 10:45,132,87,45,0,0,0
2020-09-18 11:00,136,74,62,0,0,0
2020-09-18 11:15,160,92,68,0,0,0
2020-09-18 11:30,154,82,72,0,0,0
2020-09-18 11:45,147,78,69,0,0,0
2020-09-18 12:00,159,56,103,0,0,0
2020-09-18 12:15,198,88,110,0,0,0
2020-09-18 12:30,176,67,109,0,0,0
2020-09-18 12:45,180,80,100,0,0,0
2020-09-18 13:00,207,88,119,0,0,0
2020-09-18 13:15,188,75,113,0,0,0
2020-09-18 13:30,196,94,102,0,0,0
2020-09-18 13:45,225,115,110,0,0,0
2020-09-18 14:00,220,98,122,0,0,0
2020-09-18 14:15,190,84,106,0,0,0
2020-09-18 14:30,174,82,92,0,0,0
2020-09-18 14:45,215,100,115,0,0,0
2020-09-18 15:00,174,76,98,0,0,0
2020-09-18 15:15,191,83,108,0,0,0
2020-09-18 15:30,166,75,91,0,0,0
2020-09-18 15:45,185,79,106,0,0,0
2020-09-18 16:00,215,94,121,0,0,0
2020-09-18 16:15,185,79,106,0,0,0
2020-09-18 16:30,169,82,87,0,0,0
2020-09-18 16:45,166,75,91,0,0,0
2020-09-18 17:00,173,79,94,0,0,0
2020-09-18 17:15,178,70,108,0,0,0
2020-09-18 17:30,198,84,114,0,0,0
2020-09-18 17:45,160,81,79,0,0,0
2020-09-18 18:00,178,61,117,0,0,0
2020-09-18 18:15,131,44,87,0,0,0
2020-09-18 18:30,125,45,80,0,0,0
2020-09-18 18:45,157,80,77,0,0,0
2020-09-18 19:00,146,59,87,0,0,0
2020-09-18 19:15,152,63,89,0,0,0
2020-09-18 19:30,132,51,81,0,0,0
2020-09-18 19:45,134,66,68,0,0,0
2020-09-18 20:00,116,60,56,0,0,0
2020-09-18 20:15,84,38,46,0,0,0
2020-09-18 20:30,64,23,41,0,0,0
2020-09-18 20:45,59,25,34,0,0,0
2020-09-18 21:00,49,18,31,0,0,0
2020-09-18 21:15,56,24,32,0,0,0
2020-09-18 21:30,57,19,38,0,0,0
2020-09-18 21:45,52,20,32,0,0,0
2020-09-18 22:00,69,27,42,0,0,0
2020-09-18 22:15,44,14,30,0,0,0
2020-09-18 22:30,54,14,40,0,0,0
2020-09-18 22:45,78,22,56,0,0,0
2020-09-18 23:00,74,28,46,0,0,0
2020-09-18 23:15,43,9,34,0,0,0
2020-09-18 23:30,42,18,24,0,0,0
2020-09-18 23:45,35,15,20,0,0,0
2020-09-19 00:00,38,9,29,0,0,0
2020-09-19 00:15,29,15,14,0,0,0
2020-09-19 00:30,43,15,28,0,0,0
2020-09-19 00:45,27,10,17,0,0,0
2020-09-19 01:00,30,9,21,0,0,0
2020-09-19 01:15,22,6,16,0,0,0
2020-09-19 01:30,19,9,10,0,0,0
2020-09-19 01:45,21,6,15,0,0,0
2020-09-19 02:00,17,2,15,0,0,0
2020-09-19 02:15,19,3,16,0,0,0
2020-09-19 02:30,7,1,6,0,0,0
2020-09-19 02:45,12,6,6,0,0,0
2020-09-19 03:00,8,2,6,0,0,0
2020-09-19 03:15,4,3,1,0,0,0
2020-09-19 03:30,3,2,1,0,0,0
2020-09-19 03:45,5,1,4,0,0,0
2020-09-19 04:00,2,1,1,0,0,0
2020-09-19 04:15,4,0,4,0,0,0
2020-09-19 04:30,3,3,0,0,0,0
2020-09-19 04:45,6,2,4,0,0,0
2020-09-19 05:00,2,1,1,0,0,0
2020-09-19 05:15,7,2,5,0,0,0
2020-09-19 05:30,10,7,3,0,0,0
2020-09-19 05:45,9,8,1,0,0,0
2020-09-19 06:00,6,5,1,0,0,0
2020-09-19 06:15,4,2,2,0,0,0
2020-09-19 06:30,8,4,4,0,0,0
2020-09-19 06:45,10,7,3,0,0,0
2020-09-19 07:00,13,9,4,0,0,0
2020-09-19 07:15,18,10,8,0,0,0
2020-09-19 07:30,24,14,10,0,0,0
2020-09-19 07:45,38,24,14,0,0,0
2020-09-19 08:00,27,19,8,0,0,0
2020-09-19 08:15,55,26,29,0,0,0
2020-09-19 08:30,47,30,17,0,0,0
2020-09-19 08:45,73,45,28,0,0,0
2020-09-19 09:00,71,49,22,0,0,0
2020-09-19 09:15,89,66,23,0,0,0
2020-09-19 09:30,110,76,34,0,0,0
2020-09-19 09:45,134,90,44,0,0,0
2020-09-19 10:00,134,94,40,0,0,0
2020-09-19 10:15,151,101,50,0,0,0
2020-09-19 10:30,145,100,45,0,0,0
2020-09-19 10:45,153,102,51,0,0,0
2020-09-19 11:00,165,107,58,0,0,0
2020-09-19 11:15,181,107,74,0,0,0
2020-09-19 11:30,169,86,83,0,0,0
2020-09-19 11:45,191,99,92,0,0,0
2020-09-19 12:00,184,101,83,0,0,0
2020-09-19 12:15,213,107,106,0,0,0
2020-09-19 12:30,186,86,100,0,0,0
2020-09-19 12:45,204,90,114,0,0,0
2020-09-19 13:00,221,100,121,0,0,0
2020-09-19 13:15,177,95,82,0,0,0
2020-09-19 13:30,182,83,99,0,0,0
2020-09-19 13:45,170,94,76,0,0,0
2020-09-19 14:00,172,70,102,0,0,0
2020-09-19 14:15,173,72,101,0,0,0
2020-09-19 14:30,174,77,97,0,0,0
2020-09-19 14:45,165,74,91,0,0,0
2020-09-19 15:00,153,64,89,0,0,0
2020-09-19 15:15,184,73,111,0,0,0
2020-09-19 15:30,155,70,85,0,0,0
2020-09-19 15:45,133,55,78,0,0,0
2020-09-19 16:00,180,111,69,0,0,0
2020-09-19 16:15,162,79,83,0,0,0
2020-09-19 16:30,129,54,75,0,0,0
2020-09-19 16:45,170,73,97,0,0,0
2020-09-19 17:00,146,68,78,0,0,0
2020-09-19 17:15,124,53,71,0,0,0
2020-09-19 17:30,177,75,102,0,0,0
2020-09-19 17:45,150,45,105,0,0,0
2020-09-19 18:00,133,45,88,0,0,0
2020-09-19 18:15,112,47,65,0,0,0
2020-09-19 18:30,101,32,69,0,0,0
2020-09-19 18:45,160,72,88,0,0,0
2020-09-19 19:00,94,22,72,0,0,0
2020-09-19 19:15,100,36,64,0,0,0
2020-09-19 19:30,97,35,62,0,0,0
2020-09-19 19:45,98,34,64,0,0,0
2020-09-19 20:00,77,22,55,0,0,0
2020-09-19 20:15,71,22,49,0,0,0
2020-09-19 20:30,74,29,45,0,0,0
2020-09-19 20:45,84,32,52,0,0,0
2020-09-19 21:00,62,27,35,0,0,0
2020-09-19 21:15,56,23,33,0,0,0
2020-09-19 21:30,44,16,28,0,0,0
2020-09-19 21:45,33,14,19,0,0,0
2020-09-19 22:00,48,16,32,0,0,0
2020-09-19 22:15,37,14,23,0,0,0
2020-09-19 22:30,47,10,37,0,0,0
2020-09-19 22:45,41,19,22,0,0,0
2020-09-19 23:00,30,10,20,0,0,0
2020-09-19 23:15,32,4,28,0,0,0
2020-09-19 23:30,41,11,30,0,0,0
2020-09-19 23:45,28,9,19,0,0,0
2020-09-20 00:00,41,17,24,0,0,0
2020-09-20 00:15,31,10,21,0,0,0
2020-09-20 00:30,31,8,23,0,0,0
2020-09-20 00:45,19,4,15,0,0,0
2020-09-20 01:00,18,7,11,0,0,0
2020-09-20 01:15,23,9,14,0,0,0
2020-09-20 01:30,16,5,11,0,0,0
2020-09-20 01:45,16,8,8,0,0,0
2020-09-20 02:00,16,5,11,0,0,0
2020-09-20 02:15,7,3,4,0,0,0
2020-09-20 02:30,11,3,8,0,0,0
2020-09-20 02:45,8,3,5,0,0,0
2020-09-20 03:00,14,13,1,0,0,0
2020-09-20 03:15,12,5,7,0,0,0
2020-09-20 03:30,8,3,5,0,0,0
2020-09-20 03:45,1,0,1,0,0,0
2020-09-20 04:00,8,2,6,0,0,0
2020-09-20 04:15,4,1,3,0,0,0
2020-09-20 04:30,3,3,0,0,0,0
2020-09-20 04:45,4,3,1,0,0,0
2020-09-20 05:00,1,0,1,0,0,0
2020-09-20 05:15,7,2,5,0,0,0
2020-09-20 05:30,9,5,4,0,0,0
2020-09-20 05:45,3,3,0,0,0,0
2020-09-20 06:00,4,1,3,0,0,0
2020-09-20 06:15,4,3,1,0,0,0
2020-09-20 06:30,8,4,4,0,0,0
2020-09-20 06:45,5,2,3,0,0,0
2020-09-20 07:00,7,3,4,0,0,0
2020-09-20 07:15,6,3,3,0,0,0
2020-09-20 07:30,6,4,2,0,0,0
2020-09-20 07:45,6,4,2,0,0,0
2020-09-20 08:00,19,3,16,0,0,0
2020-09-20 08:15,20,4,16,0,0,0
2020-09-20 08:30,31,10,21,0,0,0
2020-09-20 08:45,31,13,18,0,0,0
2020-09-20 09:00,34,14,20,0,0,0
2020-09-20 09:15,40,26,14,0,0,0
2020-09-20 09:30,40,27,13,0,0,0
2020-09-20 09:45,63,30,33,0,0,0
2020-09-20 10:00,38,16,22,0,0,0
2020-09-20 10:15,39,25,14,0,0,0
2020-09-20 10:30,66,23,43,0,0,0
2020-09-20 10:45,51,28,23,0,0,0
2020-09-20 11:00,52,25,27,0,0,0
2020-09-20 11:15,35,14,21,0,0,0
2020-09-20 11:30,57,31,26,0,0,0
2020-09-20 11:45,70,33,37,0,0,0
2020-09-20 12:00,60,28,32,0,0,0
2020-09-20 12:15,75,40,35,0,0,0
2020-09-20 12:30,68,33,35,0,0,0
2020-09-20 12:45,92,49,43,0,0,0
2020-09-20 13:00,90,54,36,0,0,0
2020-09-20 13:15,79,42,37,0,0,0
2020-09-20 13:30,94,47,47,0,0,0
2020-09-20 13:45,95,63,32,0,0,0
2020-09-20 14:00,90,43,47,0,0,0
2020-09-20 14:15,99,49,50,0,0,0
2020-09-20 14:30,112,57,55,0,0,0
2020-09-20 14:45,105,50,55,0,0,0
2020-09-20 15:00,93,46,47,0,0,0
2020-09-20 15:15,76,31,45,0,0,0
2020-09-20 15:30,114,55,59,0,0,0
2020-09-20 15:45,118,58,60,0,0,0
2020-09-20 16:00,94,39,55,0,0,0
2020-09-20 16:15,88,31,57,0,0,0
2020-09-20 16:30,109,48,61,0,0,0
2020-09-20 16:45,95,39,56,0,0,0
2020-09-20 17:00,121,39,82,0,0,0
2020-09-20 17:15,122,44,78,0,0,0
2020-09-20 17:30,100,47,53,0,0,0
2020-09-20 17:45,125,53,72,0,0,0
2020-09-20 18:00,86,32,54,0,0,0
2020-09-20 18:15,98,36,62,0,0,0
2020-09-20 18:30,90,51,39,0,0,0
2020-09-20 18:45,77,36,41,0,0,0
2020-09-20 19:00,85,30,55,0,0,0
2020-09-20 19:15,102,43,59,0,0,0
2020-09-20 19:30,77,32,45,0,0,0
2020-09-20 19:45,62,27,35,0,0,0
2020-09-20 20:00,65,34,31,0,0,0
2020-09-20 20:15,36,13,23,0,0,0
2020-09-20 20:30,60,26,34,0,0,0
2020-09-20 20:45,45,17,28,0,0,0
2020-09-20 21:00,46,25,21,0,0,0
2020-09-20 21:15,25,7,18,0,0,0
2020-09-20 21:30,19,5,14,0,0,0
2020-09-20 21:45,32,15,17,0,0,0
2020-09-20 22:00,28,12,16,0,0,0
2020-09-20 22:15,19,5,14,0,0,0
2020-09-20 22:30,19,10,9,0,0,0
2020-09-20 22:45,20,8,12,0,0,0
2020-09-20 23:00,9,0,9,0,0,0
2020-09-20 23:15,16,11,5,0,0,0
2020-09-20 23:30,10,3,7,0,0,0
2020-09-20 23:45,12,2,10,0,0,0
2020-09-21 00:00,1,0,1,0,0,0
2020-09-21 00:15,4,4,0,0,0,0
2020-09-21 00:30,9,3,6,0,0,0
2020-09-21 00:45,5,1,4,0,0,0
2020-09-21 01:00,1,0,1,0,0,0
2020-09-21 01:15,3,1,2,0,0,0
2020-09-21 01:30,0,0,0,0,0,0
2020-09-21 01:45,1,0,1,0,0,0
2020-09-21 02:00,2,2,0,0,0,0
2020-09-21 02:15,0,0,0,0,0,0
2020-09-21 02:30,1,0,1,0,0,0
2020-09-21 02:45,0,0,0,0,0,0
2020-09-21 03:00,0,0,0,0,0,0
2020-09-21 03:15,0,0,0,0,0,0
2020-09-21 03:30,1,0,1,0,0,0
2020-09-21 03:45,1,0,1,0,0,0
2020-09-21 04:00,1,1,0,0,0,0
2020-09-21 04:15,2,2,0,0,0,0
2020-09-21 04:30,1,1,0,0,0,0
2020-09-21 04:45,3,3,0,0,0,0
2020-09-21 05:00,3,3,0,0,0,0
2020-09-21 05:15,7,3,4,0,0,0
2020-09-21 05:30,19,15,4,0,0,0
2020-09-21 05:45,25,18,7,0,0,0
2020-09-21 06:00,18,11,7,0,0,0
2020-09-21 06:15,32,24,8,0,0,0
2020-09-21 06:30,53,36,17,0,0,0
2020-09-21 06:45,69,50,19,0,0,0
2020-09-21 07:00,93,55,38,0,0,0
2020-09-21 07:15,125,89,36,0,0,0
2020-09-21 07:30,209,141,68,0,0,0
2020-09-21 07:45,185,129,56,0,0,0
2020-09-21 08:00,153,94,59,0,0,0
2020-09-21 08:15,157,116,41,0,0,0
2020-09-21 08:30,130,85,45,0,0,0
2020-09-21 08:45,151,110,41,0,0,0
2020-09-21 09:00,113,80,33,0,0,0
2020-09-21 09:15,108,75,33,0,0,0
2020-09-21 09:30,124,76,48,0,0,0
2020-09-21 09:45,132,87,45,0,0,0
2020-09-21 10:00,103,57,46,0,0,0
2020-09-21 10:15,114,69,45,0,0,0
2020-09-21 10:30,117,70,47,0,0,0
2020-09-21 10:45,131,75,56,0,0,0
2020-09-21 11:00,145,76,69,0,0,0
2020-09-21 11:15,140,64,76,0,0,0
2020-09-21 11:30,143,71,72,0,0,0
2020-09-21 11:45,154,83,71,0,0,0
2020-09-21 12:00,122,51,71,0,0,0
2020-09-21 12:15,146,69,77,0,0,0
2020-09-21 12:30,171,63,108,0,0,0
2020-09-21 12:45,179,68,111,0,0,0
2020-09-21 13:00,172,80,92,0,0,0
2020-09-21 13:15,156,78,78,0,0,0
2020-09-21 13:30,137,55,82,0,0,0
2020-09-21 13:45,163,76,87,0,0,0
2020-09-21 14:00,160,62,98,0,0,0
2020-09-21 14:15,137,65,72,0,0,0
2020-09-21 14:30,148,59,89,0,0,0
2020-09-21 14:45,179,84,95,0,0,0
2020-09-21 15:00,164,69,95,0,0,0
2020-09-21 15:15,201,78,123,0,0,0
2020-09-21 15:30,168,65,103,0,0,0
2020-09-21 15:45,168,64,104,0,0,0
2020-09-21 16:00,228,94,134,0,0,0
2020-09-21 16:15,196,93,103,0,0,0
2020-09-21 16:30,235,103,132,0,0,0
2020-09-21 16:45,199,82,117,0,0,0
2020-09-21 17:00,252,97,155,0,0,0
2020-09-21 17:15,232,88,144,0,0,0
2020-09-21 17:30,201,73,128,0,0,0
2020-09-21 17:45,225,91,134,0,0,0
2020-09-21 18:00,201,67,134,0,0,0
2020-09-21 18:15,202,70,132,0,0,0
2020-09-21 18:30,164,63,101,0,0,0
2020-09-21 18:45,171,59,112,0,0,0
2020-09-21 19:00,154,61,93,0,0,0
2020-09-21 19:15,122,40,82,0,0,0
2020-09-21 19:30,114,43,71,0,0,0
2020-09-21 19:45,94,30,64,0,0,0
2020-09-21 20:00,89,33,56,0,0,0
2020-09-21 20:15,69,28,41,0,0,0
2020-09-21 20:30,54,19,35,0,0,0
2020-09-21 20:45,57,22,35,0,0,0
2020-09-21 21:00,44,17,27,0,0,0
2020-09-21 21:15,44,12,32,0,0,0
2020-09-21 21:30,47,8,39,0,0,0
2020-09-21 21:45,34,12,22,0,0,0
2020-09-21 22:00,48,13,35,0,0,0
2020-09-21 22:15,50,20,30,0,0,0
2020-09-21 22:30,38,6,32,0,0,0
2020-09-21 22:45,25,9,16,0,0,0
2020-09-21 23:00,16,4,12,0,0,0
2020-09-21 23:15,27,6,21,0,0,0
2020-09-21 23:30,14,3,11,0,0,0
2020-09-21 23:45,11,3,8,0,0,0
2020-09-22 00:00,16,5,11,0,0,0
2020-09-22 00:15,7,6,1,0,0,0
2020-09-22 00:30,3,2,1,0,0,0
2020-09-22 00:45,3,1,2,0,0,0
2020-09-22 01:00,6,2,4,0,0,0
2020-09-22 01:15,4,1,3,0,0,0
2020-09-22 01:30,2,0,2,0,0,0
2020-09-22 01:45,3,3,0,0,0,0
2020-09-22 02:00,2,0,2,0,0,0
2020-09-22 02:15,3,0,3,0,0,0
2020-09-22 02:30,4,3,1,0,0,0
2020-09-22 02:45,1,1,0,0,0,0
2020-09-22 03:00,2,1,1,0,0,0
2020-09-22 03:15,0,0,0,0,0,0
2020-09-22 03:30,0,0,0,0,0,0
2020-09-22 03:45,1,0,1,0,0,0
2020-09-22 04:00,2,1,1,0,0,0
2020-09-22 04:15,4,2,2,0,0,0
2020-09-22 04:30,3,3,0,0,0,0
2020-09-22 04:45,2,1,1,0,0,0
2020-09-22 05:00,3,3,0,0,0,0
2020-09-22 05:15,10,7,3,0,0,0
2020-09-22 05:30,22,14,8,0,0,0
2020-09-22 05:45,24,23,1,0,0,0
2020-09-22 06:00,30,22,8,0,0,0
2020-09-22 06:15,35,27,8,0,0,0
2020-09-22 06:30,52,36,16,0,0,0
2020-09-22 06:45,77,54,23,0,0,0
2020-09-22 07:00,96,67,29,0,0,0
2020-09-22 07:15,127,81,46,0,0,0
2020-09-22 07:30,210,148,62,0,0,0
2020-09-22 07:45,202,139,63,0,0,0
2020-09-22 08:00,164,97,67,0,0,0
2020-09-22 08:15,161,102,59,0,0,0
2020-09-22 08:30,134,91,43,0,0,0
2020-09-22 08:45,167,115,52,0,0,0
2020-09-22 09:00,121,77,44,0,0,0
2020-09-22 09:15,118,78,40,0,0,0
2020-09-22 09:30,125,85,40,0,0,0
2020-09-22 09:45,140,89,51,0,0,0
2020-09-22 10:00,120,71,49,0,0,0
2020-09-22 10:15,113,58,55,0,0,0
2020-09-22 10:30,127,74,53,0,0,0
2020-09-22 10:45,157,98,59,0,0,0
2020-09-22 11:00,123,57,66,0,0,0
2020-09-22 11:15,158,74,84,0,0,0
2020-09-22 11:30,145,91,54,0,0,0
2020-09-22 11:45,144,59,85,0,0,0
2020-09-22 12:00,145,60,85,0,0,0
2020-09-22 12:15,150,60,90,0,0,0
2020-09-22 12:30,164,61,103,0,0,0
2020-09-22 12:45,155,71,84,0,0,0
2020-09-22 13:00,127,46,81,0,0,0
2020-09-22 13:15,161,68,93,0,0,0
2020-09-22 13:30,123,43,80,0,0,0
2020-09-22 13:45,202,87,115,0,0,0
2020-09-22 14:00,159,63,96,0,0,0
2020-09-22 14:15,176,69,107,0,0,0
2020-09-22 14:30,156,70,86,0,0,0
2020-09-22 14:45,180,69,111,0,0,0
2020-09-22 15:00,189,90,99,0,0,0
2020-09-22 15:15,189,77,112,0,0,0
2020-09-22 15:30,192,79,113,0,0,0
2020-09-22 15:45,241,105,136,0,0,0
2020-09-22 16:00,225,90,135,0,0,0
2020-09-22 16:15,209,97,112,0,0,0
2020-09-22 16:30,229,98,131,0,0,0
2020-09-22 16:45,233,88,145,0,0,0
2020-09-22 17:00,236,77,159,0,0,0
2020-09-22 17:15,218,97,121,0,0,0
2020-09-22 17:30,219,83,136,0,0,0
2020-09-22 17:45,235,103,132,0,0,0
2020-09-22 18:00,200,56,144,0,0,0
2020-09-22 18:15,181,79,102,0,0,0
2020-09-22 18:30,169,65,104,0,0,0
2020-09-22 18:45,154,60,94,0,0,0
2020-09-22 19:00,125,41,84,0,0,0
2020-09-22 19:15,145,61,84,0,0,0
2020-09-22 19:30,152,61,91,0,0,0
2020-09-22 19:45,130,48,82,0,0,0
2020-09-22 20:00,111,32,79,0,0,0
2020-09-22 20:15,115,28,87,0,0,0
2020-09-22 20:30,75,25,50,0,0,0
2020-09-22 20:45,82,32,50,0,0,0
2020-09-22 21:00,60,23,37,0,0,0
2020-09-22 21:15,39,12,27,0,0,0
2020-09-22 21:30,62,20,42,0,0,0
2020-09-22 21:45,49,16,33,0,0,0
2020-09-22 22:00,54,20,34,0,0,0
2020-09-22 22:15,53,21,32,0,0,0
2020-09-22 22:30,52,15,37,0,0,0
2020-09-22 22:45,36,7,29,0,0,0
2020-09-22 23:00,38,7,31,0,0,0
2020-09-22 23:15,37,16,21,0,0,0
2020-09-22 23:30,26,8,18,0,0,0
2020-09-22 23:45,23,8,15,0,0,0
2020-09-23 00:00,16,1,15,0,0,0
2020-09-23 00:15,12,3,9,0,0,0
2020-09-23 00:30,10,6,4,0,0,0
2020-09-23 00:45,10,4,6,0,0,0
2020-09-23 01:00,5,2,3,0,0,0
2020-09-23 01:15,3,2,1,0,0,0
2020-09-23 01:30,1,1,0,0,0,0
2020-09-23 01:45,2,0,2,0,0,0
2020-09-23 02:00,4,0,4,0,0,0
2020-09-23 02:15,3,1,2,0,0,0
2020-09-23 02:30,1,0,1,0,0,0
2020-09-23 02:45,5,4,1,0,0,0
2020-09-23 03:00,5,2,3,0,0,0
2020-09-23 03:15,0,0,0,0,0,0
2020-09-23 03:30,4,2,2,0,0,0
2020-09-23 03:45,1,1,0,0,0,0
2020-09-23 04:00,2,2,0,0,0,0
2020-09-23 04:15,2,2,0,0,0,0
2020-09-23 04:30,3,3,0,0,0,0
2020-09-23 04:45,4,2,2,0,0,0
2020-09-23 05:00,4,3,1,0,0,0
2020-09-23 05:15,11,6,5,0,0,0
2020-09-23 05:30,23,18,5,0,0,0
2020-09-23 05:45,27,25,2,0,0,0
2020-09-23 06:00,31,23,8,0,0,0
2020-09-23 06:15,29,24,5,0,0,0
2020-09-23 06:30,47,38,9,0,0,0
2020-09-23 06:45,81,56,25,0,0,0
2020-09-23 07:00,96,61,35,0,0,0
2020-09-23 07:15,139,87,52,0,0,0
2020-09-23 07:30,205,143,62,0,0,0
2020-09-23 07:45,200,124,76,0,0,0
2020-09-23 08:00,141,90,51,0,0,0
2020-09-23 08:15,161,104,57,0,0,0
2020-09-23 08:30,150,99,51,0,0,0
2020-09-23 08:45,172,122,50,0,0,0
2020-09-23 09:00,141,96,45,0,0,0
2020-09-23 09:15,109,79,30,0,0,0
2020-09-23 09:30,137,95,42,0,0,0
2020-09-23 09:45,150,109,41,0,0,0
2020-09-23 10:00,126,73,53,0,0,0
2020-09-23 10:15,149,91,58,0,0,0
2020-09-23 10:30,113,69,44,0,0,0
2020-09-23 10:45,142,87,55,0,0,0
2020-09-23 11:00,150,88,62,0,0,0
2020-09-23 11:15,144,80,64,0,0,0
2020-09-23 11:30,162,91,71,0,0,0
2020-09-23 11:45,179,97,82,0,0,0
2020-09-23 12:00,204,90,114,0,0,0
2020-09-23 12:15,169,65,104,0,0,0
2020-09-23 12:30,147,73,74,0,0,0
2020-09-23 12:45,175,77,98,0,0,0
2020-09-23 13:00,213,93,120,0,0,0
2020-09-23 13:15,166,78,88,0,0,0
2020-09-23 13:30,176,67,109,0,0,0
2020-09-23 13:45,179,86,93,0,0,0
2020-09-23 14:00,188,68,120,0,0,0
2020-09-23 14:15,194,85,109,0,0,0
2020-09-23 14:30,164,67,97,0,0,0
2020-09-23 14:45,198,88,110,0,0,0
2020-09-23 15:00,204,85,119,0,0,0
2020-09-23 15:15,178,69,109,0,0,0
2020-09-23 15:30,173,88,85,0,0,0
2020-09-23 15:45,199,82,117,0,0,0
2020-09-23 16:00,201,73,128,0,0,0
2020-09-23 16:15,190,76,114,0,0,0
2020-09-23 16:30,202,75,127,0,0,0
2020-09-23 16:45,209,90,119,0,0,0
2020-09-23 17:00,210,93,117,0,0,0
2020-09-23 17:15,219,75,144,0,0,0
2020-09-23 17:30,230,93,137,0,0,0
2020-09-23 17:45,230,94,136,0,0,0
2020-09-23 18:00,223,80,143,0,0,0
2020-09-23 18:15,189,59,130,0,0,0
2020-09-23 18:30,155,60,95,0,0,0
2020-09-23 18:45,162,69,93,0,0,0
2020-09-23 19:00,139,54,85,0,0,0
2020-09-23 19:15,176,76,100,0,0,0
2020-09-23 19:30,95,43,52,0,0,0
2020-09-23 19:45,131,51,80,0,0,0
2020-09-23 20:00,96,30,66,0,0,0
2020-09-23 20:15,99,37,62,0,0,0
2020-09-23 20:30,62,24,38,0,0,0
2020-09-23 20:45,61,25,36,0,0,0
2020-09-23 21:00,57,25,32,0,0,0
2020-09-23 21:15,55,22,33,0,0,0
2020-09-23 21:30,68,20,48,0,0,0
2020-09-23 21:45,44,17,27,0,0,0
2020-09-23 22:00,68,22,46,0,0,0
2020-09-23 22:15,64,22,42,0,0,0
2020-09-23 22:30,45,9,36,0,0,0
2020-09-23 22:45,35,10,25,0,0,0
2020-09-23 23:00,46,13,33,0,0,0
2020-09-23 23:15,40,18,22,0,0,0
2020-09-23 23:30,21,7,14,0,0,0
2020-09-23 23:45,18,8,10,0,0,0
2020-09-24 00:00,16,1,15,0,0,0
2020-09-24 00:15,14,3,11,0,0,0
2020-09-24 00:30,11,4,7,0,0,0
2020-09-24 00:45,13,9,4,0,0,0
2020-09-24 01:00,7,2,5,0,0,0
2020-09-24 01:15,4,0,4,0,0,0
2020-09-24 01:30,3,0,3,0,0,0
2020-09-24 01:45,3,1,2,0,0,0
2020-09-24 02:00,6,3,3,0,0,0
2020-09-24 02:15,2,0,2,0,0,0
2020-09-24 02:30,3,3,0,0,0,0
2020-09-24 02:45,2,1,1,0,0,0
2020-09-24 03:00,4,0,4,0,0,0
2020-09-24 03:15,1,0,1,0,0,0
2020-09-24 03:30,1,0,1,0,0,0
2020-09-24 03:45,1,0,1,0,0,0
2020-09-24 04:00,1,1,0,0,0,0
2020-09-24 04:15,1,1,0,0,0,0
2020-09-24 04:30,6,4,2,0,0,0
2020-09-24 04:45,2,1,1,0,0,0
2020-09-24 05:00,4,1,3,0,0,0
2020-09-24 05:15,7,3,4,0,0,0
2020-09-24 05:30,12,11,1,0,0,0
2020-09-24 05:45,19,16,3,0,0,0
2020-09-24 06:00,25,14,11,0,0,0
2020-09-24 06:15,27,22,5,0,0,0
2020-09-24 06:30,44,31,13,0,0,0
2020-09-24 06:45,65,50,15,0,0,0
2020-09-24 07:00,78,49,29,0,0,0
2020-09-24 07:15,127,88,39,0,0,0
2020-09-24 07:30,177,113,64,0,0,0
2020-09-24 07:45,185,127,58,0,0,0
2020-09-24 08:00,111,74,37,0,0,0
2020-09-24 08:15,140,96,44,0,0,0
2020-09-24 08:30,144,84,60,0,0,0
2020-09-24 08:45,138,90,48,0,0,0
2020-09-24 09:00,112,78,34,0,0,0
2020-09-24 09:15,95,61,34,0,0,0
2020-09-24 09:30,105,62,43,0,0,0
2020-09-24 09:45,142,90,52,0,0,0
2020-09-24 10:00,81,45,36,0,0,0
2020-09-24 10:15,105,61,44,0,0,0
2020-09-24 10:30,96,63,33,0,0,0
2020-09-24 10:45,132,70,62,0,0,0
2020-09-24 11:00,138,65,73,0,0,0
2020-09-24 11:15,149,67,82,0,0,0
2020-09-24 11:30,120,58,62,0,0,0
2020-09-24 11:45,144,65,79,0,0,0
2020-09-24 12:00,154,57,97,0,0,0
2020-09-24 12:15,163,55,108,0,0,0
2020-09-24 12:30,158,63,95,0,0,0
2020-09-24 12:45,150,72,78,0,0,0
2020-09-24 13:00,154,60,94,0,0,0
2020-09-24 13:15,151,65,86,0,0,0
2020-09-24 13:30,127,59,68,0,0,0
2020-09-24 13:45,143,70,73,0,0,0
2020-09-24 14:00,183,63,120,0,0,0
2020-09-24 14:15,164,73,91,0,0,0
2020-09-24 14:30,130,62,68,0,0,0
2020-09-24 14:45,162,75,87,0,0,0
2020-09-24 15:00,167,62,105,0,0,0
2020-09-24 15:15,160,73,87,0,0,0
2020-09-24 15:30,194,75,119,0,0,0
2020-09-24 15:45,199,93,106,0,0,0
2020-09-24 16:00,200,88,112,0,0,0
2020-09-24 16:15,190,91,99,0,0,0
2020-09-24 16:30,185,76,109,0,0,0
2020-09-24 16:45,206,80,126,0,0,0
2020-09-24 17:00,205,83,122,0,0,0
2020-09-24 17:15,206,70,136,0,0,0
2020-09-24 17:30,170,67,103,0,0,0
2020-09-24 17:45,210,81,129,0,0,0
2020-09-24 18:00,201,70,131,0,0,0
2020-09-24 18:15,214,84,130,0,0,0
2020-09-24 18:30,146,54,92,0,0,0
2020-09-24 18:45,167,72,95,0,0,0
2020-09-24 19:00,165,62,103,0,0,0
2020-09-24 19:15,139,53,86,0,0,0
2020-09-24 19:30,117,43,74,0,0,0
2020-09-24 19:45,110,35,75,0,0,0
2020-09-24 20:00,106,33,73,0,0,0
2020-09-24 20:15,91,27,64,0,0,0
2020-09-24 20:30,88,35,53,0,0,0
2020-09-24 20:45,52,19,33,0,0,0
2020-09-24 21:00,55,27,28,0,0,0
2020-09-24 21:15,75,25,50,0,0,0
2020-09-24 21:30,38,6,32,0,0,0
2020-09-24 21:45,37,10,27,0,0,0
2020-09-24 22:00,59,10,49,0,0,0
2020-09-24 22:15,71,16,55,0,0,0
2020-09-24 22:30,49,17,32,0,0,0
2020-09-24 22:45,34,8,26,0,0,0
2020-09-24 23:00,42,21,21,0,0,0
2020-09-24 23:15,26,6,20,0,0,0
2020-09-24 23:30,32,11,21,0,0,0
2020-09-24 23:45,31,8,23,0,0,0
2020-09-25 00:00,16,7,9,0,0,0
2020-09-25 00:15,19,14,5,0,0,0
2020-09-25 00:30,6,2,4,0,0,0
2020-09-25 00:45,16,7,9,0,0,0
2020-09-25 01:00,18,7,11,0,0,0
2020-09-25 01:15,5,2,3,0,0,0
2020-09-25 01:30,3,0,3,0,0,0
2020-09-25 01:45,1,0,1,0,0,0
2020-09-25 02:00,3,2,1,0,0,0
2020-09-25 02:15,3,1,2,0,0,0
2020-09-25 02:30,2,0,2,0,0,0
2020-09-25 02:45,3,2,1,0,0,0
2020-09-25 03:00,4,1,3,0,0,0
2020-09-25 03:15,0,0,0,0,0,0
2020-09-25 03:30,0,0,0,0,0,0
2020-09-25 03:45,1,1,0,0,0,0
2020-09-25 04:00,2,0,2,0,0,0
2020-09-25 04:15,4,3,1,0,0,0
2020-09-25 04:30,2,1,1,0,0,0
2020-09-25 04:45,4,3,1,0,0,0
2020-09-25 05:00,3,2,1,0,0,0
2020-09-25 05:15,4,1,3,0,0,0
2020-09-25 05:30,18,8,10,0,0,0
2020-09-25 05:45,14,13,1,0,0,0
2020-09-25 06:00,14,8,6,0,0,0
2020-09-25 06:15,22,18,4,0,0,0
2020-09-25 06:30,34,17,17,0,0,0
2020-09-25 06:45,47,31,16,0,0,0
2020-09-25 07:00,86,47,39,0,0,0
2020-09-25 07:15,104,69,35,0,0,0
2020-09-25 07:30,175,127,48,0,0,0
2020-09-25 07:45,167,105,62,0,0,0
2020-09-25 08:00,116,77,39,0,0,0
2020-09-25 08:15,127,79,48,0,0,0
2020-09-25 08:30,119,79,40,0,0,0
2020-09-25 08:45,133,87,46,0,0,0
2020-09-25 09:00,101,69,32,0,0,0
2020-09-25 09:15,116,73,43,0,0,0
2020-09-25 09:30,91,63,28,0,0,0
2020-09-25 09:45,150,95,55,0,0,0
2020-09-25 10:00,106,79,27,0,0,0
2020-09-25 10:15,109,62,47,0,0,0
2020-09-25 10:30,124,71,53,0,0,0
2020-09-25 10:45,143,91,52,0,0,0
2020-09-25 11:00,118,63,55,0,0,0
2020-09-25 11:15,154,76,78,0,0,0
2020-09-25 11:30,155,78,77,0,0,0
2020-09-25 11:45,148,74,74,0,0,0
2020-09-25 12:00,144,68,76,0,0,0
2020-09-25 12:15,165,62,103,0,0,0
2020-09-25 12:30,165,62,103,0,0,0
2020-09-25 12:45,155,67,88,0,0,0
2020-09-25 13:00,175,79,96,0,0,0
2020-09-25 13:15,194,78,116,0,0,0
2020-09-25 13:30,156,58,98,0,0,0
2020-09-25 13:45,186,91,95,0,0,0
2020-09-25 14:00,199,95,104,0,0,0
2020-09-25 14:15,188,83,105,0,0,0
2020-09-25 14:30,159,55,104,0,0,0
2020-09-25 14:45,208,94,114,0,0,0
2020-09-25 15:00,204,80,124,0,0,0
2020-09-25 15:15,197,84,113,0,0,0
2020-09-25 15:30,197,80,117,0,0,0
2020-09-25 15:45,196,105,91,0,0,0
2020-09-25 16:00,140,71,69,0,0,0
2020-09-25 16:15,196,111,85,0,0,0
2020-09-25 16:30,158,71,87,0,0,0
2020-09-25 16:45,168,72,96,0,0,0
2020-09-25 17:00,176,60,116,0,0,0
2020-09-25 17:15,190,82,108,0,0,0
2020-09-25 17:30,168,81,87,0,0,0
2020-09-25 17:45,175,77,98,0,0,0
2020-09-25 18:00,180,70,110,0,0,0
2020-09-25 18:15,178,65,113,0,0,0
2020-09-25 18:30,140,52,88,0,0,0
2020-09-25 18:45,161,88,73,0,0,0
2020-09-25 19:00,131,48,83,0,0,0
2020-09-25 19:15,139,61,78,0,0,0
2020-09-25 19:30,109,45,64,0,0,0
2020-09-25 19:45,109,62,47,0,0,0
2020-09-25 20:00,116,50,66,0,0,0
2020-09-25 20:15,62,21,41,0,0,0
2020-09-25 20:30,69,28,41,0,0,0
2020-09-25 20:45,67,34,33,0,0,0
2020-09-25 21:00,62,26,36,0,0,0
2020-09-25 21:15,45,10,35,0,0,0
2020-09-25 21:30,40,17,23,0,0,0
2020-09-25 21:45,39,17,22,0,0,0
2020-09-25 22:00,31,14,17,0,0,0
2020-09-25 22:15,34,16,18,0,0,0
2020-09-25 22:30,44,14,30,0,0,0
2020-09-25 22:45,33,14,19,0,0,0
2020-09-25 23:00,37,9,28,0,0,0
2020-09-25 23:15,42,21,21,0,0,0
2020-09-25 23:30,27,12,15,0,0,0
2020-09-25 23:45,49,12,37,0,0,0
2020-09-26 00:00,26,10,16,0,0,0
2020-09-26 00:15,31,5,26,0,0,0
2020-09-26 00:30,22,6,16,0,0,0
2020-09-26 00:45,27,14,13,0,0,0
2020-09-26 01:00,19,6,13,0,0,0
2020-09-26 01:15,23,6,17,0,0,0
2020-09-26 01:30,17,2,15,0,0,0
2020-09-26 01:45,17,3,14,0,0,0
2020-09-26 02:00,22,2,20,0,0,0
2020-09-26 02:15,4,2,2,0,0,0
2020-09-26 02:30,12,6,6,0,0,0
2020-09-26 02:45,10,2,8,0,0,0
2020-09-26 03:00,12,2,10,0,0,0
2020-09-26 03:15,4,1,3,0,0,0
2020-09-26 03:30,17,3,14,0,0,0
2020-09-26 03:45,6,0,6,0,0,0
2020-09-26 04:00,2,0,2,0,0,0
2020-09-26 04:15,5,1,4,0,0,0
2020-09-26 04:30,1,1,0,0,0,0
2020-09-26 04:45,4,2,2,0,0,0
2020-09-26 05:00,6,5,1,0,0,0
2020-09-26 05:15,5,3,2,0,0,0
2020-09-26 05:30,12,5,7,0,0,0
2020-09-26 05:45,13,9,4,0,0,0
2020-09-26 06:00,6,2,4,0,0,0
2020-09-26 06:15,8,5,3,0,0,0
2020-09-26 06:30,9,6,3,0,0,0
2020-09-26 06:45,15,11,4,0,0,0
2020-09-26 07:00,18,15,3,0,0,0
2020-09-26 07:15,10,6,4,0,0,0
2020-09-26 07:30,22,11,11,0,0,0
2020-09-26 07:45,43,25,18,0,0,0
2020-09-26 08:00,27,19,8,0,0,0
2020-09-26 08:15,34,21,13,0,0,0
2020-09-26 08:30,45,23,22,0,0,0
2020-09-26 08:45,45,35,10,0,0,0
2020-09-26 09:00,62,39,23,0,0,0
2020-09-26 09:15,90,55,35,0,0,0
2020-09-26 09:30,80,65,15,0,0,0
2020-09-26 09:45,128,101,27,0,0,0
2020-09-26 10:00,99,65,34,0,0,0
2020-09-26 10:15,123,75,48,0,0,0
2020-09-26 10:30,121,73,48,0,0,0
2020-09-26 10:45,149,81,68,0,0,0
2020-09-26 11:00,113,70,43,0,0,0
2020-09-26 11:15,119,70,49,0,0,0
2020-09-26 11:30,131,79,52,0,0,0
2020-09-26 11:45,185,99,86,0,0,0
2020-09-26 12:00,162,96,66,0,0,0
2020-09-26 12:15,138,68,70,0,0,0
2020-09-26 12:30,151,66,85,0,0,0
2020-09-26 12:45,132,76,56,0,0,0
2020-09-26 13:00,142,55,87,0,0,0
2020-09-26 13:15,163,60,103,0,0,0
2020-09-26 13:30,137,56,81,0,0,0
2020-09-26 13:45,166,72,94,0,0,0
2020-09-26 14:00,168,58,110,0,0,0
2020-09-26 14:15,148,65,83,0,0,0
2020-09-26 14:30,150,55,95,0,0,0
2020-09-26 14:45,153,58,95,0,0,0
2020-09-26 15:00,151,62,89,0,0,0
2020-09-26 15:15,151,56,95,0,0,0
2020-09-26 15:30,126,51,75,0,0,0
2020-09-26 15:45,149,61,88,0,0,0
2020-09-26 16:00,102,36,66,0,0,0
2020-09-26 16:15,134,60,74,0,0,0
2020-09-26 16:30,102,42,60,0,0,0
2020-09-26 16:45,126,40,86,0,0,0
2020-09-26 17:00,108,36,72,0,0,0
2020-09-26 17:15,112,50,62,0,0,0
2020-09-26 17:30,125,56,69,0,0,0
2020-09-26 17:45,138,60,78,0,0,0
2020-09-26 18:00,110,51,59,0,0,0
2020-09-26 18:15,89,36,53,0,0,0
2020-09-26 18:30,79,29,50,0,0,0
2020-09-26 18:45,67,33,34,0,0,0
2020-09-26 19:00,68,13,55,0,0,0
2020-09-26 19:15,74,38,36,0,0,0
2020-09-26 19:30,52,24,28,0,0,0
2020-09-26 19:45,60,19,41,0,0,0
2020-09-26 20:00,45,19,26,0,0,0
2020-09-26 20:15,49,17,32,0,0,0
2020-09-26 20:30,28,9,19,0,0,0
2020-09-26 20:45,41,18,23,0,0,0
2020-09-26 21:00,31,5,26,0,0,0
2020-09-26 21:15,29,8,21,0,0,0
2020-09-26 21:30,22,5,17,0,0,0
2020-09-26 21:45,20,10,10,0,0,0
2020-09-26 22:00,26,9,17,0,0,0
2020-09-26 22:15,8,1,7,0,0,0
2020-09-26 22:30,17,6,11,0,0,0
2020-09-26 22:45,12,1,11,0,0,0
2020-09-26 23:00,16,6,10,0,0,0
2020-09-26 23:15,14,2,12,0,0,0
2020-09-26 23:30,21,1,20,0,0,0
2020-09-26 23:45,18,8,10,0,0,0
2020-09-27 00:00,12,2,10,0,0,0
2020-09-27 00:15,18,6,12,0,0,0
2020-09-27 00:30,13,7,6,0,0,0
2020-09-27 00:45,19,3,16,0,0,0
2020-09-27 01:00,18,8,10,0,0,0
2020-09-27 01:15,7,3,4,0,0,0
2020-09-27 01:30,13,7,6,0,0,0
2020-09-27 01:45,15,8,7,0,0,0
2020-09-27 02:00,13,4,9,0,0,0
2020-09-27 02:15,12,5,7,0,0,0
2020-09-27 02:30,7,1,6,0,0,0
2020-09-27 02:45,8,2,6,0,0,0
2020-09-27 03:00,2,0,2,0,0,0
2020-09-27 03:15,4,1,3,0,0,0
2020-09-27 03:30,6,5,1,0,0,0
2020-09-27 03:45,6,0,6,0,0,0
2020-09-27 04:00,3,3,0,0,0,0
2020-09-27 04:15,3,2,1,0,0,0
2020-09-27 04:30,4,3,1,0,0,0
2020-09-27 04:45,3,0,3,0,0,0
2020-09-27 05:00,4,4,0,0,0,0
2020-09-27 05:15,3,0,3,0,0,0
2020-09-27 05:30,13,5,8,0,0,0
2020-09-27 05:45,7,7,0,0,0,0
2020-09-27 06:00,4,1,3,0,0,0
2020-09-27 06:15,1,1,0,0,0,0
2020-09-27 06:30,5,3,2,0,0,0
2020-09-27 06:45,4,3,1,0,0,0
2020-09-27 07:00,3,1,2,0,0,0
2020-09-27 07:15,4,3,1,0,0,0
2020-09-27 07:30,11,9,2,0,0,0
2020-09-27 07:45,14,9,5,0,0,0
2020-09-27 08:00,10,6,4,0,0,0
2020-09-27 08:15,9,4,5,0,0,0
2020-09-27 08:30,14,10,4,0,0,0
2020-09-27 08:45,23,11,12,0,0,0
2020-09-27 09:00,20,15,5,0,0,0
2020-09-27 09:15,26,20,6,0,0,0
2020-09-27 09:30,30,18,12,0,0,0
2020-09-27 09:45,25,13,12,0,0,0
2020-09-27 10:00,35,19,16,0,0,0
2020-09-27 10:15,42,21,21,0,0,0
2020-09-27 10:30,46,26,20,0,0,0
2020-09-27 10:45,43,21,22,0,0,0
2020-09-27 11:00,47,25,22,0,0,0
2020-09-27 11:15,51,29,22,0,0,0
2020-09-27 11:30,50,21,29,0,0,0
2020-09-27 11:45,57,32,25,0,0,0
2020-09-27 12:00,59,33,26,0,0,0
2020-09-27 12:15,55,25,30,0,0,0
2020-09-27 12:30,71,37,34,0,0,0
2020-09-27 12:45,73,32,41,0,0,0
2020-09-27 13:00,68,36,32,0,0,0
2020-09-27 13:15,70,34,36,0,0,0
2020-09-27 13:30,75,39,36,0,0,0
2020-09-27 13:45,99,51,48,0,0,0
2020-09-27 14:00,70,32,38,0,0,0
2020-09-27 14:15,74,39,35,0,0,0
2020-09-27 14:30,90,43,47,0,0,0
2020-09-27 14:45,96,33,63,0,0,0
2020-09-27 15:00,88,40,48,0,0,0
2020-09-27 15:15,125,66,59,0,0,0
2020-09-27 15:30,84,42,42,0,0,0
2020-09-27 15:45,81,44,37,0,0,0
2020-09-27 16:00,80,41,39,0,0,0
2020-09-27 16:15,81,32,49,0,0,0
2020-09-27 16:30,89,33,56,0,0,0
2020-09-27 16:45,68,20,48,0,0,0
2020-09-27 17:00,69,29,40,0,0,0
2020-09-27 17:15,78,29,49,0,0,0
2020-09-27 17:30,83,43,40,0,0,0
2020-09-27 17:45,117,55,62,0,0,0
2020-09-27 18:00,71,28,43,0,0,0
2020-09-27 18:15,74,43,31,0,0,0
2020-09-27 18:30,94,42,52,0,0,0
2020-09-27 18:45,76,41,35,0,0,0
2020-09-27 19:00,81,26,55,0,0,0
2020-09-27 19:15,57,22,35,0,0,0
2020-09-27 19:30,56,16,40,0,0,0
2020-09-27 19:45,43,20,23,0,0,0
2020-09-27 20:00,48,25,23,0,0,0
2020-09-27 20:15,44,16,28,0,0,0
2020-09-27 20:30,32,8,24,0,0,0
2020-09-27 20:45,40,16,24,0,0,0
2020-09-27 21:00,42,19,23,0,0,0
2020-09-27 21:15,30,13,17,0,0,0
2020-09-27 21:30,30,10,20,0,0,0
2020-09-27 21:45,37,10,27,0,0,0
2020-09-27 22:00,26,6,20,0,0,0
2020-09-27 22:15,25,9,16,0,0,0
2020-09-27 22:30,20,10,10,0,0,0
2020-09-27 22:45,24,12,12,0,0,0
2020-09-27 23:00,8,4,4,0,0,0
2020-09-27 23:15,8,3,5,0,0,0
2020-09-27 23:30,10,6,4,0,0,0
2020-09-27 23:45,11,2,9,0,0,0
2020-09-28 00:00,7,3,4,0,0,0
2020-09-28 00:15,10,3,7,0,0,0
2020-09-28 00:30,9,6,3,0,0,0
2020-09-28 00:45,2,2,0,0,0,0
2020-09-28 01:00,2,1,1,0,0,0
2020-09-28 01:15,6,6,0,0,0,0
2020-09-28 01:30,2,2,0,0,0,0
2020-09-28 01:45,1,0,1,0,0,0
2020-09-28 02:00,2,2,0,0,0,0
2020-09-28 02:15,0,0,0,0,0,0
2020-09-28 02:30,0,0,0,0,0,0
2020-09-28 02:45,4,0,4,0,0,0
2020-09-28 03:00,2,0,2,0,0,0
2020-09-28 03:15,0,0,0,0,0,0
2020-09-28 03:30,0,0,0,0,0,0
2020-09-28 03:45,1,0,1,0,0,0
2020-09-28 04:00,1,0,1,0,0,0
2020-09-28 04:15,2,2,0,0,0,0
2020-09-28 04:30,0,0,0,0,0,0
2020-09-28 04:45,2,1,1,0,0,0
2020-09-28 05:00,6,4,2,0,0,0
2020-09-28 05:15,3,3,0,0,0,0
2020-09-28 05:30,19,11,8,0,0,0
2020-09-28 05:45,25,22,3,0,0,0
2020-09-28 06:00,22,16,6,0,0,0
2020-09-28 06:15,32,26,6,0,0,0
2020-09-28 06:30,50,38,12,0,0,0
2020-09-28 06:45,69,52,17,0,0,0
2020-09-28 07:00,78,59,19,0,0,0
2020-09-28 07:15,126,78,48,0,0,0
2020-09-28 07:30,191,135,56,0,0,0
2020-09-28 07:45,170,110,60,0,0,0
2020-09-28 08:00,129,90,39,0,0,0
2020-09-28 08:15,141,80,61,0,0,0
2020-09-28 08:30,131,83,48,0,0,0
2020-09-28 08:45,132,100,32,0,0,0
2020-09-28 09:00,87,66,21,0,0,0
2020-09-28 09:15,109,74,35,0,0,0
2020-09-28 09:30,97,65,32,0,0,0
2020-09-28 09:45,95,55,40,0,0,0
2020-09-28 10:00,91,55,36,0,0,0
2020-09-28 10:15,106,59,47,0,0,0
2020-09-28 10:30,84,44,40,0,0,0
2020-09-28 10:45,101,56,45,0,0,0
2020-09-28 11:00,79,46,33,0,0,0
2020-09-28 11:15,91,57,34,0,0,0
2020-09-28 11:30,117,63,54,0,0,0
2020-09-28 11:45,106,50,56,0,0,0
2020-09-28 12:00,113,48,65,0,0,0
2020-09-28 12:15,115,50,65,0,0,0
2020-09-28 12:30,159,69,90,0,0,0
2020-09-28 12:45,119,53,66,0,0,0
2020-09-28 13:00,120,50,70,0,0,0
2020-09-28 13:15,112,48,64,0,0,0
2020-09-28 13:30,110,49,61,0,0,0
2020-09-28 13:45,131,53,78,0,0,0
2020-09-28 14:00,119,57,62,0,0,0
2020-09-28 14:15,150,62,88,0,0,0
2020-09-28 14:30,152,63,89,0,0,0
2020-09-28 14:45,172,82,90,0,0,0
2020-09-28 15:00,154,73,81,0,0,0
2020-09-28 15:15,136,57,79,0,0,0
2020-09-28 15:30,159,86,73,0,0,0
2020-09-28 15:45,179,80,99,0,0,0
2020-09-28 16:00,185,69,116,0,0,0
2020-09-28 16:15,169,65,104,0,0,0
2020-09-28 16:30,199,66,133,0,0,0
2020-09-28 16:45,187,79,108,0,0,0
2020-09-28 17:00,203,73,130,0,0,0
2020-09-28 17:15,179,49,130,0,0,0
2020-09-28 17:30,171,65,106,0,0,0
2020-09-28 17:45,200,85,115,0,0,0
2020-09-28 18:00,164,57,107,0,0,0
2020-09-28 18:15,160,62,98,0,0,0
2020-09-28 18:30,158,46,112,0,0,0
2020-09-28 18:45,147,58,89,0,0,0
2020-09-28 19:00,115,36,79,0,0,0
2020-09-28 19:15,161,41,120,0,0,0
2020-09-28 19:30,104,42,62,0,0,0
2020-09-28 19:45,78,28,50,0,0,0
2020-09-28 20:00,79,35,44,0,0,0
2020-09-28 20:15,51,20,31,0,0,0
2020-09-28 20:30,50,25,25,0,0,0
2020-09-28 20:45,53,26,27,0,0,0
2020-09-28 21:00,47,17,30,0,0,0
2020-09-28 21:15,42,10,32,0,0,0
2020-09-28 21:30,31,5,26,0,0,0
2020-09-28 21:45,41,17,24,0,0,0
2020-09-28 22:00,39,15,24,0,0,0
2020-09-28 22:15,37,15,22,0,0,0
2020-09-28 22:30,26,10,16,0,0,0
2020-09-28 22:45,26,5,21,0,0,0
2020-09-28 23:00,14,6,8,0,0,0
2020-09-28 23:15,25,7,18,0,0,0
2020-09-28 23:30,22,9,13,0,0,0
2020-09-28 23:45,19,9,10,0,0,0
2020-09-29 00:00,6,1,5,0,0,0
2020-09-29 00:15,2,2,0,0,0,0
2020-09-29 00:30,2,0,2,0,0,0
2020-09-29 00:45,3,2,1,0,0,0
2020-09-29 01:00,6,2,4,0,0,0
2020-09-29 01:15,10,2,8,0,0,0
2020-09-29 01:30,2,2,0,0,0,0
2020-09-29 01:45,8,3,5,0,0,0
2020-09-29 02:00,2,0,2,0,0,0
2020-09-29 02:15,0,0,0,0,0,0
2020-09-29 02:30,0,0,0,0,0,0
2020-09-29 02:45,2,1,1,0,0,0
2020-09-29 03:00,4,1,3,0,0,0
2020-09-29 03:15,3,3,0,0,0,0
2020-09-29 03:30,2,1,1,0,0,0
2020-09-29 03:45,0,0,0,0,0,0
2020-09-29 04:00,0,0,0,0,0,0
2020-09-29 04:15,3,3,0,0,0,0
2020-09-29 04:30,2,1,1,0,0,0
2020-09-29 04:45,4,1,3,0,0,0
2020-09-29 05:00,5,3,2,0,0,0
2020-09-29 05:15,9,3,6,0,0,0
2020-09-29 05:30,19,11,8,0,0,0
2020-09-29 05:45,21,20,1,0,0,0
2020-09-29 06:00,31,18,13,0,0,0
2020-09-29 06:15,29,22,7,0,0,0
2020-09-29 06:30,49,35,14,0,0,0
2020-09-29 06:45,66,41,25,0,0,0
2020-09-29 07:00,78,44,34,0,0,0
2020-09-29 07:15,130,82,48,0,0,0
2020-09-29 07:30,200,131,69,0,0,0
2020-09-29 07:45,170,102,68,0,0,0
2020-09-29 08:00,135,90,45,0,0,0
2020-09-29 08:15,164,96,68,0,0,0
2020-09-29 08:30,139,95,44,0,0,0
2020-09-29 08:45,142,90,52,0,0,0
2020-09-29 09:00,110,72,38,0,0,0
2020-09-29 09:15,117,84,33,0,0,0
2020-09-29 09:30,105,66,39,0,0,0
2020-09-29 09:45,123,78,45,0,0,0
2020-09-29 10:00,87,48,39,0,0,0
2020-09-29 10:15,91,53,38,0,0,0
2020-09-29 10:30,107,66,41,0,0,0
2020-09-29 10:45,128,63,65,0,0,0
2020-09-29 11:00,106,54,52,0,0,0
2020-09-29 11:15,114,57,57,0,0,0
2020-09-29 11:30,129,56,73,0,0,0
2020-09-29 11:45,119,60,59,0,0,0
2020-09-29 12:00,142,66,76,0,0,0
2020-09-29 12:15,124,50,74,0,0,0
2020-09-29 12:30,146,50,96,0,0,0
2020-09-29 12:45,133,51,82,0,0,0
2020-09-29 13:00,136,52,84,0,0,0
2020-09-29 13:15,129,49,80,0,0,0
2020-09-29 13:30,110,43,67,0,0,0
2020-09-29 13:45,148,57,91,0,0,0
2020-09-29 14:00,152,60,92,0,0,0
2020-09-29 14:15,110,53,57,0,0,0
2020-09-29 14:30,124,49,75,0,0,0
2020-09-29 14:45,161,67,94,0,0,0
2020-09-29 15:00,145,53,92,0,0,0
2020-09-29 15:15,151,67,84,0,0,0
2020-09-29 15:30,145,55,90,0,0,0
2020-09-29 15:45,169,77,92,0,0,0
2020-09-29 16:00,166,50,116,0,0,0
2020-09-29 16:15,170,64,106,0,0,0
2020-09-29 16:30,195,70,125,0,0,0
2020-09-29 16:45,150,60,90,0,0,0
2020-09-29 17:00,155,59,96,0,0,0
2020-09-29 17:15,177,51,126,0,0,0
2020-09-29 17:30,190,68,122,0,0,0
2020-09-29 17:45,180,60,120,0,0,0
2020-09-29 18:00,158,41,117,0,0,0
2020-09-29 18:15,154,52,102,0,0,0
2020-09-29 18:30,150,46,104,0,0,0
2020-09-29 18:45,118,45,73,0,0,0
2020-09-29 19:00,108,30,78,0,0,0
2020-09-29 19:15,95,27,68,0,0,0
2020-09-29 19:30,86,29,57,0,0,0
2020-09-29 19:45,89,29,60,0,0,0
2020-09-29 20:00,70,23,47,0,0,0
2020-09-29 20:15,69,24,45,0,0,0
2020-09-29 20:30,43,20,23,0,0,0
2020-09-29 20:45,50,12,38,0,0,0
2020-09-29 21:00,39,18,21,0,0,0
2020-09-29 21:15,34,11,23,0,0,0
2020-09-29 21:30,40,16,24,0,0,0
2020-09-29 21:45,43,13,30,0,0,0
2020-09-29 22:00,48,13,35,0,0,0
2020-09-29 22:15,60,18,42,0,0,0
2020-09-29 22:30,28,11,17,0,0,0
2020-09-29 22:45,26,5,21,0,0,0
2020-09-29 23:00,17,7,10,0,0,0
2020-09-29 23:15,9,5,4,0,0,0
2020-09-29 23:30,25,8,17,0,0,0
2020-09-29 23:45,21,7,14,0,0,0
2020-09-30 00:00,15,7,8,0,0,0
2020-09-30 00:15,11,5,6,0,0,0
2020-09-30 00:30,1,0,1,0,0,0
2020-09-30 00:45,4,0,4,0,0,0
2020-09-30 01:00,0,0,0,0,0,0
2020-09-30 01:15,6,3,3,0,0,0
2020-09-30 01:30,1,1,0,0,0,0
2020-09-30 01:45,3,1,2,0,0,0
2020-09-30 02:00,6,3,3,0,0,0
2020-09-30 02:15,0,0,0,0,0,0
2020-09-30 02:30,1,1,0,0,0,0
2020-09-30 02:45,0,0,0,0,0,0
2020-09-30 03:00,3,0,3,0,0,0
2020-09-30 03:15,0,0,0,0,0,0
2020-09-30 03:30,0,0,0,0,0,0
2020-09-30 03:45,6,0,6,0,0,0
2020-09-30 04:00,1,1,0,0,0,0
2020-09-30 04:15,1,0,1,0,0,0
2020-09-30 04:30,3,1,2,0,0,0
2020-09-30 04:45,4,3,1,0,0,0
2020-09-30 05:00,4,3,1,0,0,0
2020-09-30 05:15,14,6,8,0,0,0
2020-09-30 05:30,19,7,12,0,0,0
2020-09-30 05:45,26,24,2,0,0,0
2020-09-30 06:00,28,19,9,0,0,0
2020-09-30 06:15,34,26,8,0,0,0
2020-09-30 06:30,28,17,11,0,0,0
2020-09-30 06:45,69,50,19,0,0,0
2020-09-30 07:00,94,61,33,0,0,0
2020-09-30 07:15,102,58,44,0,0,0
2020-09-30 07:30,171,120,51,0,0,0
2020-09-30 07:45,167,106,61,0,0,0
2020-09-30 08:00,135,82,53,0,0,0
2020-09-30 08:15,144,94,50,0,0,0
2020-09-30 08:30,125,84,41,0,0,0
2020-09-30 08:45,147,105,42,0,0,0
2020-09-30 09:00,112,77,35,0,0,0
2020-09-30 09:15,126,87,39,0,0,0
2020-09-30 09:30,130,91,39,0,0,0
2020-09-30 09:45,123,86,37,0,0,0
2020-09-30 10:00,120,70,50,0,0,0
2020-09-30 10:15,118,67,51,0,0,0
2020-09-30 10:30,151,76,75,0,0,0
2020-09-30 10:45,112,78,34,0,0,0
2020-09-30 11:00,107,51,56,0,0,0
2020-09-30 11:15,145,69,76,0,0,0
2020-09-30 11:30,138,63,75,0,0,0
2020-09-30 11:45,160,75,85,0,0,0
2020-09-30 12:00,140,59,81,0,0,0
2020-09-30 12:15,134,56,78,0,0,0
2020-09-30 12:30,160,73,87,0,0,0
2020-09-30 12:45,150,73,77,0,0,0
2020-09-30 13:00,168,74,94,0,0,0
2020-09-30 13:15,162,53,109,0,0,0
2020-09-30 13:30,157,63,94,0,0,0
2020-09-30 13:45,151,72,79,0,0,0
2020-09-30 14:00,177,76,101,0,0,0
2020-09-30 14:15,150,62,88,0,0,0
2020-09-30 14:30,144,63,81,0,0,0
2020-09-30 14:45,201,91,110,0,0,0
2020-09-30 15:00,160,64,96,0,0,0
2020-09-30 15:15,165,67,98,0,0,0
2020-09-30 15:30,154,58,96,0,0,0
2020-09-30 15:45,185,81,104,0,0,0
2020-09-30 16:00,212,85,127,0,0,0
2020-09-30 16:15,227,85,142,0,0,0
2020-09-30 16:30,200,91,109,0,0,0
2020-09-30 16:45,219,88,131,0,0,0
2020-09-30 17:00,199,76,123,0,0,0
2020-09-30 17:15,204,84,120,0,0,0
2020-09-30 17:30,214,86,128,0,0,0
2020-09-30 17:45,237,95,142,0,0,0
2020-09-30 18:00,180,58,122,0,0,0
2020-09-30 18:15,199,62,137,0,0,0
2020-09-30 18:30,199,73,126,0,0,0
2020-09-30 18:45,171,69,102,0,0,0
2020-09-30 19:00,154,59,95,0,0,0
2020-09-30 19:15,117,47,70,0,0,0
2020-09-30 19:30,118,43,75,0,0,0
2020-09-30 19:45,122,39,83,0,0,0
2020-09-30 20:00,96,35,61,0,0,0
2020-09-30 20:15,76,26,50,0,0,0
2020-09-30 20:30,52,27,25,0,0,0
2020-09-30 20:45,58,20,38,0,0,0
2020-09-30 21:00,59,14,45,0,0,0
2020-09-30 21:15,58,21,37,0,0,0
2020-09-30 21:30,53,18,35,0,0,0
2020-09-30 21:45,66,24,42,0,0,0
2020-09-30 22:00,46,17,29,0,0,0
2020-09-30 22:15,52,18,34,0,0,0
2020-09-30 22:30,38,15,23,0,0,0
2020-09-30 22:45,29,7,22,0,0,0
2020-09-30 23:00,38,13,25,0,0,0
2020-09-30 23:15,34,9,25,0,0,0
2020-09-30 23:30,32,7,25,0,0,0
2020-09-30 23:45,21,11,10,0,0,0
