Datetime,100034980 (Hammer Straße),101034980 (Hammer Straße stadteinwärts),102034980 (Hammer Straße stadtauswärts),100034980-status,101034980-status,102034980-status
2020-07-01 00:00,8,4,4,0,0,0
2020-07-01 00:15,20,3,17,0,0,0
2020-07-01 00:30,17,6,11,0,0,0
2020-07-01 00:45,9,2,7,0,0,0
2020-07-01 01:00,6,1,5,0,0,0
2020-07-01 01:15,4,2,2,0,0,0
2020-07-01 01:30,10,1,9,0,0,0
2020-07-01 01:45,3,0,3,0,0,0
2020-07-01 02:00,7,4,3,0,0,0
2020-07-01 02:15,7,3,4,0,0,0
2020-07-01 02:30,1,1,0,0,0,0
2020-07-01 02:45,1,1,0,0,0,0
2020-07-01 03:00,0,0,0,0,0,0
2020-07-01 03:15,4,3,1,0,0,0
2020-07-01 03:30,3,2,1,0,0,0
2020-07-01 03:45,1,0,1,0,0,0
2020-07-01 04:00,1,1,0,0,0,0
2020-07-01 04:15,1,1,0,0,0,0
2020-07-01 04:30,4,3,1,0,0,0
2020-07-01 04:45,2,1,1,0,0,0
2020-07-01 05:00,1,1,0,0,0,0
2020-07-01 05:15,7,5,2,0,0,0
2020-07-01 05:30,18,14,4,0,0,0
2020-07-01 05:45,18,14,4,0,0,0
2020-07-01 06:00,20,13,7,0,0,0
2020-07-01 06:15,28,21,7,0,0,0
2020-07-01 06:30,35,24,11,0,0,0
2020-07-01 06:45,59,41,18,0,0,0
2020-07-01 07:00,55,36,19,0,0,0
2020-07-01 07:15,65,43,22,0,0,0
2020-07-01 07:30,77,51,26,0,0,0
2020-07-01 07:45,93,66,27,0,0,0
2020-07-01 08:00,78,54,24,0,0,0
2020-07-01 08:15,100,65,35,0,0,0
2020-07-01 08:30,82,49,33,0,0,0
2020-07-01 08:45,106,72,34,0,0,0
2020-07-01 09:00,71,46,25,0,0,0
2020-07-01 09:15,62,43,19,0,0,0
2020-07-01 09:30,59,37,22,0,0,0
2020-07-01 09:45,70,47,23,0,0,0
2020-07-01 10:00,63,36,27,0,0,0
2020-07-01 10:15,69,35,34,0,0,0
2020-07-01 10:30,78,46,32,0,0,0
2020-07-01 10:45,65,33,32,0,0,0
2020-07-01 11:00,63,32,31,0,0,0
2020-07-01 11:15,82,50,32,0,0,0
2020-07-01 11:30,80,30,50,0,0,0
2020-07-01 11:45,92,44,48,0,0,0
2020-07-01 12:00,95,45,50,0,0,0
2020-07-01 12:15,83,41,42,0,0,0
2020-07-01 12:30,88,37,51,0,0,0
2020-07-01 12:45,78,31,47,0,0,0
2020-07-01 13:00,69,21,48,0,0,0
2020-07-01 13:15,78,29,49,0,0,0
2020-07-01 13:30,60,25,35,0,0,0
2020-07-01 13:45,81,37,44,0,0,0
2020-07-01 14:00,91,50,41,0,0,0
2020-07-01 14:15,78,32,46,0,0,0
2020-07-01 14:30,79,30,49,0,0,0
2020-07-01 14:45,62,17,45,0,0,0
2020-07-01 15:00,67,17,50,0,0,0
2020-07-01 15:15,68,24,44,0,0,0
2020-07-01 15:30,80,39,41,0,0,0
2020-07-01 15:45,95,33,62,0,0,0
2020-07-01 16:00,96,32,64,0,0,0
2020-07-01 16:15,77,26,51,0,0,0
2020-07-01 16:30,75,23,52,0,0,0
2020-07-01 16:45,92,37,55,0,0,0
2020-07-01 17:00,113,34,79,0,0,0
2020-07-01 17:15,111,50,61,0,0,0
2020-07-01 17:30,116,53,63,0,0,0
2020-07-01 17:45,151,79,72,0,0,0
2020-07-01 18:00,128,58,70,0,0,0
2020-07-01 18:15,128,48,80,0,0,0
2020-07-01 18:30,107,43,64,0,0,0
2020-07-01 18:45,141,65,76,0,0,0
2020-07-01 19:00,111,41,70,0,0,0
2020-07-01 19:15,105,33,72,0,0,0
2020-07-01 19:30,82,24,58,0,0,0
2020-07-01 19:45,80,35,45,0,0,0
2020-07-01 20:00,96,41,55,0,0,0
2020-07-01 20:15,68,30,38,0,0,0
2020-07-01 20:30,56,23,33,0,0,0
2020-07-01 20:45,50,17,33,0,0,0
2020-07-01 21:00,44,17,27,0,0,0
2020-07-01 21:15,36,13,23,0,0,0
2020-07-01 21:30,43,21,22,0,0,0
2020-07-01 21:45,52,14,38,0,0,0
2020-07-01 22:00,45,12,33,0,0,0
2020-07-01 22:15,42,11,31,0,0,0
2020-07-01 22:30,42,18,24,0,0,0
2020-07-01 22:45,28,9,19,0,0,0
2020-07-01 23:00,30,11,19,0,0,0
2020-07-01 23:15,31,2,29,0,0,0
2020-07-01 23:30,21,12,9,0,0,0
2020-07-01 23:45,22,12,10,0,0,0
2020-07-02 00:00,12,1,11,0,0,0
2020-07-02 00:15,24,8,16,0,0,0
2020-07-02 00:30,10,3,7,0,0,0
2020-07-02 00:45,15,6,9,0,0,0
2020-07-02 01:00,10,5,5,0,0,0
2020-07-02 01:15,7,1,6,0,0,0
2020-07-02 01:30,8,2,6,0,0,0
2020-07-02 01:45,6,0,6,0,0,0
2020-07-02 02:00,2,1,1,0,0,0
2020-07-02 02:15,8,4,4,0,0,0
2020-07-02 02:30,2,1,1,0,0,0
2020-07-02 02:45,5,0,5,0,0,0
2020-07-02 03:00,0,0,0,0,0,0
2020-07-02 03:15,1,0,1,0,0,0
2020-07-02 03:30,3,0,3,0,0,0
2020-07-02 03:45,1,0,1,0,0,0
2020-07-02 04:00,0,0,0,0,0,0
2020-07-02 04:15,2,1,1,0,0,0
2020-07-02 04:30,3,1,2,0,0,0
2020-07-02 04:45,6,2,4,0,0,0
2020-07-02 05:00,3,2,1,0,0,0
2020-07-02 05:15,9,5,4,0,0,0
2020-07-02 05:30,13,12,1,0,0,0
2020-07-02 05:45,23,17,6,0,0,0
2020-07-02 06:00,23,16,7,0,0,0
2020-07-02 06:15,35,28,7,0,0,0
2020-07-02 06:30,39,29,10,0,0,0
2020-07-02 06:45,57,45,12,0,0,0
2020-07-02 07:00,91,61,30,0,0,0
2020-07-02 07:15,99,64,35,0,0,0
2020-07-02 07:30,128,93,35,0,0,0
2020-07-02 07:45,124,89,35,0,0,0
2020-07-02 08:00,117,86,31,0,0,0
2020-07-02 08:15,126,71,55,0,0,0
2020-07-02 08:30,118,70,48,0,0,0
2020-07-02 08:45,141,95,46,0,0,0
2020-07-02 09:00,109,79,30,0,0,0
2020-07-02 09:15,102,70,32,0,0,0
2020-07-02 09:30,123,71,52,0,0,0
2020-07-02 09:45,132,90,42,0,0,0
2020-07-02 10:00,115,73,42,0,0,0
2020-07-02 10:15,85,50,35,0,0,0
2020-07-02 10:30,114,62,52,0,0,0
2020-07-02 10:45,126,65,61,0,0,0
2020-07-02 11:00,108,68,40,0,0,0
2020-07-02 11:15,108,53,55,0,0,0
2020-07-02 11:30,153,68,85,0,0,0
2020-07-02 11:45,140,72,68,0,0,0
2020-07-02 12:00,126,46,80,0,0,0
2020-07-02 12:15,162,66,96,0,0,0
2020-07-02 12:30,129,66,63,0,0,0
2020-07-02 12:45,120,56,64,0,0,0
2020-07-02 13:00,135,51,84,0,0,0
2020-07-02 13:15,142,55,87,0,0,0
2020-07-02 13:30,118,64,54,0,0,0
2020-07-02 13:45,157,70,87,0,0,0
2020-07-02 14:00,135,65,70,0,0,0
2020-07-02 14:15,153,67,86,0,0,0
2020-07-02 14:30,153,72,81,0,0,0
2020-07-02 14:45,172,86,86,0,0,0
2020-07-02 15:00,172,85,87,0,0,0
2020-07-02 15:15,171,74,97,0,0,0
2020-07-02 15:30,202,80,122,0,0,0
2020-07-02 15:45,215,88,127,0,0,0
2020-07-02 16:00,234,90,144,0,0,0
2020-07-02 16:15,193,74,119,0,0,0
2020-07-02 16:30,180,61,119,0,0,0
2020-07-02 16:45,206,82,124,0,0,0
2020-07-02 17:00,198,78,120,0,0,0
2020-07-02 17:15,202,87,115,0,0,0
2020-07-02 17:30,237,97,140,0,0,0
2020-07-02 17:45,202,84,118,0,0,0
2020-07-02 18:00,197,72,125,0,0,0
2020-07-02 18:15,169,71,98,0,0,0
2020-07-02 18:30,103,30,73,0,0,0
2020-07-02 18:45,138,57,81,0,0,0
2020-07-02 19:00,148,45,103,0,0,0
2020-07-02 19:15,126,46,80,0,0,0
2020-07-02 19:30,97,39,58,0,0,0
2020-07-02 19:45,92,38,54,0,0,0
2020-07-02 20:00,108,38,70,0,0,0
2020-07-02 20:15,66,25,41,0,0,0
2020-07-02 20:30,55,15,40,0,0,0
2020-07-02 20:45,53,18,35,0,0,0
2020-07-02 21:00,36,11,25,0,0,0
2020-07-02 21:15,53,28,25,0,0,0
2020-07-02 21:30,46,18,28,0,0,0
2020-07-02 21:45,65,26,39,0,0,0
2020-07-02 22:00,54,21,33,0,0,0
2020-07-02 22:15,48,20,28,0,0,0
2020-07-02 22:30,45,16,29,0,0,0
2020-07-02 22:45,35,14,21,0,0,0
2020-07-02 23:00,39,6,33,0,0,0
2020-07-02 23:15,31,14,17,0,0,0
2020-07-02 23:30,28,9,19,0,0,0
2020-07-02 23:45,14,3,11,0,0,0
2020-07-03 00:00,18,7,11,0,0,0
2020-07-03 00:15,16,5,11,0,0,0
2020-07-03 00:30,8,4,4,0,0,0
2020-07-03 00:45,12,4,8,0,0,0
2020-07-03 01:00,4,1,3,0,0,0
2020-07-03 01:15,4,2,2,0,0,0
2020-07-03 01:30,3,0,3,0,0,0
2020-07-03 01:45,2,0,2,0,0,0
2020-07-03 02:00,1,0,1,0,0,0
2020-07-03 02:15,3,3,0,0,0,0
2020-07-03 02:30,8,3,5,0,0,0
2020-07-03 02:45,0,0,0,0,0,0
2020-07-03 03:00,3,1,2,0,0,0
2020-07-03 03:15,3,1,2,0,0,0
2020-07-03 03:30,1,0,1,0,0,0
2020-07-03 03:45,1,0,1,0,0,0
2020-07-03 04:00,2,1,1,0,0,0
2020-07-03 04:15,1,1,0,0,0,0
2020-07-03 04:30,2,1,1,0,0,0
2020-07-03 04:45,6,3,3,0,0,0
2020-07-03 05:00,3,3,0,0,0,0
2020-07-03 05:15,9,4,5,0,0,0
2020-07-03 05:30,18,14,4,0,0,0
2020-07-03 05:45,17,15,2,0,0,0
2020-07-03 06:00,23,16,7,0,0,0
2020-07-03 06:15,42,31,11,0,0,0
2020-07-03 06:30,36,25,11,0,0,0
2020-07-03 06:45,58,36,22,0,0,0
2020-07-03 07:00,52,33,19,0,0,0
2020-07-03 07:15,72,44,28,0,0,0
2020-07-03 07:30,87,57,30,0,0,0
2020-07-03 07:45,106,77,29,0,0,0
2020-07-03 08:00,97,60,37,0,0,0
2020-07-03 08:15,102,68,34,0,0,0
2020-07-03 08:30,98,67,31,0,0,0
2020-07-03 08:45,123,94,29,0,0,0
2020-07-03 09:00,76,47,29,0,0,0
2020-07-03 09:15,96,57,39,0,0,0
2020-07-03 09:30,96,69,27,0,0,0
2020-07-03 09:45,116,74,42,0,0,0
2020-07-03 10:00,73,40,33,0,0,0
2020-07-03 10:15,93,51,42,0,0,0
2020-07-03 10:30,117,58,59,0,0,0
2020-07-03 10:45,143,82,61,0,0,0
2020-07-03 11:00,107,54,53,0,0,0
2020-07-03 11:15,124,61,63,0,0,0
2020-07-03 11:30,134,69,65,0,0,0
2020-07-03 11:45,139,71,68,0,0,0
2020-07-03 12:00,132,51,81,0,0,0
2020-07-03 12:15,168,96,72,0,0,0
2020-07-03 12:30,128,56,72,0,0,0
2020-07-03 12:45,158,71,87,0,0,0
2020-07-03 13:00,167,71,96,0,0,0
2020-07-03 13:15,174,73,101,0,0,0
2020-07-03 13:30,139,66,73,0,0,0
2020-07-03 13:45,167,72,95,0,0,0
2020-07-03 14:00,167,74,93,0,0,0
2020-07-03 14:15,156,62,94,0,0,0
2020-07-03 14:30,155,64,91,0,0,0
2020-07-03 14:45,183,89,94,0,0,0
2020-07-03 15:00,152,63,89,0,0,0
2020-07-03 15:15,168,73,95,0,0,0
2020-07-03 15:30,173,79,94,0,0,0
2020-07-03 15:45,165,93,72,0,0,0
2020-07-03 16:00,166,77,89,0,0,0
2020-07-03 16:15,191,56,135,0,0,0
2020-07-03 16:30,155,61,94,0,0,0
2020-07-03 16:45,180,93,87,0,0,0
2020-07-03 17:00,160,73,87,0,0,0
2020-07-03 17:15,164,72,92,0,0,0
2020-07-03 17:30,165,78,87,0,0,0
2020-07-03 17:45,200,92,108,0,0,0
2020-07-03 18:00,185,83,102,0,0,0
2020-07-03 18:15,190,76,114,0,0,0
2020-07-03 18:30,153,71,82,0,0,0
2020-07-03 18:45,167,82,85,0,0,0
2020-07-03 19:00,139,52,87,0,0,0
2020-07-03 19:15,144,64,80,0,0,0
2020-07-03 19:30,121,53,68,0,0,0
2020-07-03 19:45,107,63,44,0,0,0
2020-07-03 20:00,124,47,77,0,0,0
2020-07-03 20:15,74,42,32,0,0,0
2020-07-03 20:30,94,39,55,0,0,0
2020-07-03 20:45,98,38,60,0,0,0
2020-07-03 21:00,80,35,45,0,0,0
2020-07-03 21:15,63,22,41,0,0,0
2020-07-03 21:30,45,21,24,0,0,0
2020-07-03 21:45,47,15,32,0,0,0
2020-07-03 22:00,38,14,24,0,0,0
2020-07-03 22:15,43,17,26,0,0,0
2020-07-03 22:30,45,19,26,0,0,0
2020-07-03 22:45,39,10,29,0,0,0
2020-07-03 23:00,51,20,31,0,0,0
2020-07-03 23:15,51,15,36,0,0,0
2020-07-03 23:30,48,19,29,0,0,0
2020-07-03 23:45,37,11,26,0,0,0
2020-07-04 00:00,51,25,26,0,0,0
2020-07-04 00:15,41,14,27,0,0,0
2020-07-04 00:30,33,14,19,0,0,0
2020-07-04 00:45,42,18,24,0,0,0
2020-07-04 01:00,36,12,24,0,0,0
2020-07-04 01:15,21,13,8,0,0,0
2020-07-04 01:30,19,8,11,0,0,0
2020-07-04 01:45,17,7,10,0,0,0
2020-07-04 02:00,9,3,6,0,0,0
2020-07-04 02:15,14,5,9,0,0,0
2020-07-04 02:30,9,4,5,0,0,0
2020-07-04 02:45,10,2,8,0,0,0
2020-07-04 03:00,12,0,12,0,0,0
2020-07-04 03:15,10,3,7,0,0,0
2020-07-04 03:30,10,6,4,0,0,0
2020-07-04 03:45,11,3,8,0,0,0
2020-07-04 04:00,10,2,8,0,0,0
2020-07-04 04:15,9,4,5,0,0,0
2020-07-04 04:30,5,3,2,0,0,0
2020-07-04 04:45,3,3,0,0,0,0
2020-07-04 05:00,7,2,5,0,0,0
2020-07-04 05:15,2,0,2,0,0,0
2020-07-04 05:30,9,7,2,0,0,0
2020-07-04 05:45,14,9,5,0,0,0
2020-07-04 06:00,8,5,3,0,0,0
2020-07-04 06:15,5,4,1,0,0,0
2020-07-04 06:30,6,3,3,0,0,0
2020-07-04 06:45,10,3,7,0,0,0
2020-07-04 07:00,16,10,6,0,0,0
2020-07-04 07:15,20,14,6,0,0,0
2020-07-04 07:30,23,11,12,0,0,0
2020-07-04 07:45,25,10,15,0,0,0
2020-07-04 08:00,21,8,13,0,0,0
2020-07-04 08:15,17,13,4,0,0,0
2020-07-04 08:30,41,28,13,0,0,0
2020-07-04 08:45,51,39,12,0,0,0
2020-07-04 09:00,47,31,16,0,0,0
2020-07-04 09:15,68,44,24,0,0,0
2020-07-04 09:30,85,65,20,0,0,0
2020-07-04 09:45,100,78,22,0,0,0
2020-07-04 10:00,84,58,26,0,0,0
2020-07-04 10:15,105,72,33,0,0,0
2020-07-04 10:30,99,67,32,0,0,0
2020-07-04 10:45,129,78,51,0,0,0
2020-07-04 11:00,146,85,61,0,0,0
2020-07-04 11:15,121,66,55,0,0,0
2020-07-04 11:30,148,80,68,0,0,0
2020-07-04 11:45,166,100,66,0,0,0
2020-07-04 12:00,151,83,68,0,0,0
2020-07-04 12:15,167,78,89,0,0,0
2020-07-04 12:30,170,91,79,0,0,0
2020-07-04 12:45,147,75,72,0,0,0
2020-07-04 13:00,181,87,94,0,0,0
2020-07-04 13:15,170,101,69,0,0,0
2020-07-04 13:30,145,67,78,0,0,0
2020-07-04 13:45,146,81,65,0,0,0
2020-07-04 14:00,134,48,86,0,0,0
2020-07-04 14:15,137,55,82,0,0,0
2020-07-04 14:30,134,62,72,0,0,0
2020-07-04 14:45,172,65,107,0,0,0
2020-07-04 15:00,139,51,88,0,0,0
2020-07-04 15:15,118,54,64,0,0,0
2020-07-04 15:30,112,40,72,0,0,0
2020-07-04 15:45,135,61,74,0,0,0
2020-07-04 16:00,162,75,87,0,0,0
2020-07-04 16:15,133,59,74,0,0,0
2020-07-04 16:30,117,61,56,0,0,0
2020-07-04 16:45,129,69,60,0,0,0
2020-07-04 17:00,126,43,83,0,0,0
2020-07-04 17:15,119,56,63,0,0,0
2020-07-04 17:30,102,44,58,0,0,0
2020-07-04 17:45,127,58,69,0,0,0
2020-07-04 18:00,115,31,84,0,0,0
2020-07-04 18:15,134,48,86,0,0,0
2020-07-04 18:30,81,38,43,0,0,0
2020-07-04 18:45,111,53,58,0,0,0
2020-07-04 19:00,105,43,62,0,0,0
2020-07-04 19:15,103,43,60,0,0,0
2020-07-04 19:30,97,43,54,0,0,0
2020-07-04 19:45,97,41,56,0,0,0
2020-07-04 20:00,97,47,50,0,0,0
2020-07-04 20:15,77,32,45,0,0,0
2020-07-04 20:30,51,22,29,0,0,0
2020-07-04 20:45,44,20,24,0,0,0
2020-07-04 21:00,44,16,28,0,0,0
2020-07-04 21:15,46,15,31,0,0,0
2020-07-04 21:30,38,7,31,0,0,0
2020-07-04 21:45,33,19,14,0,0,0
2020-07-04 22:00,33,9,24,0,0,0
2020-07-04 22:15,34,16,18,0,0,0
2020-07-04 22:30,38,12,26,0,0,0
2020-07-04 22:45,34,12,22,0,0,0
2020-07-04 23:00,54,23,31,0,0,0
2020-07-04 23:15,30,14,16,0,0,0
2020-07-04 23:30,42,17,25,0,0,0
2020-07-04 23:45,34,13,21,0,0,0
2020-07-05 00:00,41,19,22,0,0,0
2020-07-05 00:15,45,16,29,0,0,0
2020-07-05 00:30,31,11,20,0,0,0
2020-07-05 00:45,25,13,12,0,0,0
2020-07-05 01:00,24,7,17,0,0,0
2020-07-05 01:15,20,8,12,0,0,0
2020-07-05 01:30,21,8,13,0,0,0
2020-07-05 01:45,21,7,14,0,0,0
2020-07-05 02:00,17,6,11,0,0,0
2020-07-05 02:15,21,6,15,0,0,0
2020-07-05 02:30,14,7,7,0,0,0
2020-07-05 02:45,15,9,6,0,0,0
2020-07-05 03:00,15,4,11,0,0,0
2020-07-05 03:15,10,1,9,0,0,0
2020-07-05 03:30,5,1,4,0,0,0
2020-07-05 03:45,5,2,3,0,0,0
2020-07-05 04:00,6,2,4,0,0,0
2020-07-05 04:15,4,3,1,0,0,0
2020-07-05 04:30,7,2,5,0,0,0
2020-07-05 04:45,4,2,2,0,0,0
2020-07-05 05:00,4,2,2,0,0,0
2020-07-05 05:15,3,1,2,0,0,0
2020-07-05 05:30,3,3,0,0,0,0
2020-07-05 05:45,3,2,1,0,0,0
2020-07-05 06:00,2,0,2,0,0,0
2020-07-05 06:15,6,4,2,0,0,0
2020-07-05 06:30,4,3,1,0,0,0
2020-07-05 06:45,6,3,3,0,0,0
2020-07-05 07:00,2,0,2,0,0,0
2020-07-05 07:15,5,3,2,0,0,0
2020-07-05 07:30,7,4,3,0,0,0
2020-07-05 07:45,5,3,2,0,0,0
2020-07-05 08:00,11,4,7,0,0,0
2020-07-05 08:15,12,6,6,0,0,0
2020-07-05 08:30,12,7,5,0,0,0
2020-07-05 08:45,11,6,5,0,0,0
2020-07-05 09:00,14,7,7,0,0,0
2020-07-05 09:15,16,12,4,0,0,0
2020-07-05 09:30,26,15,11,0,0,0
2020-07-05 09:45,33,22,11,0,0,0
2020-07-05 10:00,22,16,6,0,0,0
2020-07-05 10:15,32,24,8,0,0,0
2020-07-05 10:30,34,24,10,0,0,0
2020-07-05 10:45,29,18,11,0,0,0
2020-07-05 11:00,37,22,15,0,0,0
2020-07-05 11:15,21,8,13,0,0,0
2020-07-05 11:30,32,20,12,0,0,0
2020-07-05 11:45,38,28,10,0,0,0
2020-07-05 12:00,38,23,15,0,0,0
2020-07-05 12:15,34,13,21,0,0,0
2020-07-05 12:30,42,20,22,0,0,0
2020-07-05 12:45,43,19,24,0,0,0
2020-07-05 13:00,44,15,29,0,0,0
2020-07-05 13:15,37,12,25,0,0,0
2020-07-05 13:30,43,28,15,0,0,0
2020-07-05 13:45,62,31,31,0,0,0
2020-07-05 14:00,40,18,22,0,0,0
2020-07-05 14:15,32,13,19,0,0,0
2020-07-05 14:30,35,12,23,0,0,0
2020-07-05 14:45,46,23,23,0,0,0
2020-07-05 15:00,39,11,28,0,0,0
2020-07-05 15:15,21,9,12,0,0,0
2020-07-05 15:30,41,21,20,0,0,0
2020-07-05 15:45,41,22,19,0,0,0
2020-07-05 16:00,63,29,34,0,0,0
2020-07-05 16:15,55,25,30,0,0,0
2020-07-05 16:30,39,23,16,0,0,0
2020-07-05 16:45,47,23,24,0,0,0
2020-07-05 17:00,65,18,47,0,0,0
2020-07-05 17:15,43,20,23,0,0,0
2020-07-05 17:30,55,23,32,0,0,0
2020-07-05 17:45,69,32,37,0,0,0
2020-07-05 18:00,59,24,35,0,0,0
2020-07-05 18:15,82,33,49,0,0,0
2020-07-05 18:30,39,17,22,0,0,0
2020-07-05 18:45,83,47,36,0,0,0
2020-07-05 19:00,64,46,18,0,0,0
2020-07-05 19:15,51,22,29,0,0,0
2020-07-05 19:30,54,25,29,0,0,0
2020-07-05 19:45,51,22,29,0,0,0
2020-07-05 20:00,53,23,30,0,0,0
2020-07-05 20:15,43,24,19,0,0,0
2020-07-05 20:30,34,12,22,0,0,0
2020-07-05 20:45,43,23,20,0,0,0
2020-07-05 21:00,35,20,15,0,0,0
2020-07-05 21:15,29,15,14,0,0,0
2020-07-05 21:30,25,14,11,0,0,0
2020-07-05 21:45,27,5,22,0,0,0
2020-07-05 22:00,35,10,25,0,0,0
2020-07-05 22:15,28,10,18,0,0,0
2020-07-05 22:30,21,9,12,0,0,0
2020-07-05 22:45,16,6,10,0,0,0
2020-07-05 23:00,14,4,10,0,0,0
2020-07-05 23:15,16,6,10,0,0,0
2020-07-05 23:30,14,5,9,0,0,0
2020-07-05 23:45,12,4,8,0,0,0
2020-07-06 00:00,6,1,5,0,0,0
2020-07-06 00:15,6,2,4,0,0,0
2020-07-06 00:30,7,3,4,0,0,0
2020-07-06 00:45,7,2,5,0,0,0
2020-07-06 01:00,9,7,2,0,0,0
2020-07-06 01:15,0,0,0,0,0,0
2020-07-06 01:30,5,3,2,0,0,0
2020-07-06 01:45,0,0,0,0,0,0
2020-07-06 02:00,2,1,1,0,0,0
2020-07-06 02:15,0,0,0,0,0,0
2020-07-06 02:30,3,0,3,0,0,0
2020-07-06 02:45,6,5,1,0,0,0
2020-07-06 03:00,0,0,0,0,0,0
2020-07-06 03:15,3,1,2,0,0,0
2020-07-06 03:30,1,0,1,0,0,0
2020-07-06 03:45,0,0,0,0,0,0
2020-07-06 04:00,0,0,0,0,0,0
2020-07-06 04:15,3,3,0,0,0,0
2020-07-06 04:30,3,3,0,0,0,0
2020-07-06 04:45,1,0,1,0,0,0
2020-07-06 05:00,3,3,0,0,0,0
2020-07-06 05:15,6,3,3,0,0,0
2020-07-06 05:30,12,11,1,0,0,0
2020-07-06 05:45,23,21,2,0,0,0
2020-07-06 06:00,15,12,3,0,0,0
2020-07-06 06:15,51,39,12,0,0,0
2020-07-06 06:30,44,27,17,0,0,0
2020-07-06 06:45,61,42,19,0,0,0
2020-07-06 07:00,73,51,22,0,0,0
2020-07-06 07:15,78,58,20,0,0,0
2020-07-06 07:30,104,77,27,0,0,0
2020-07-06 07:45,108,82,26,0,0,0
2020-07-06 08:00,101,62,39,0,0,0
2020-07-06 08:15,107,73,34,0,0,0
2020-07-06 08:30,100,74,26,0,0,0
2020-07-06 08:45,118,85,33,0,0,0
2020-07-06 09:00,97,70,27,0,0,0
2020-07-06 09:15,90,54,36,0,0,0
2020-07-06 09:30,95,59,36,0,0,0
2020-07-06 09:45,96,69,27,0,0,0
2020-07-06 10:00,103,63,40,0,0,0
2020-07-06 10:15,95,56,39,0,0,0
2020-07-06 10:30,121,63,58,0,0,0
2020-07-06 10:45,110,68,42,0,0,0
2020-07-06 11:00,115,54,61,0,0,0
2020-07-06 11:15,109,49,60,0,0,0
2020-07-06 11:30,93,39,54,0,0,0
2020-07-06 11:45,141,64,77,0,0,0
2020-07-06 12:00,143,57,86,0,0,0
2020-07-06 12:15,109,52,57,0,0,0
2020-07-06 12:30,118,46,72,0,0,0
2020-07-06 12:45,132,57,75,0,0,0
2020-07-06 13:00,67,25,42,0,0,0
2020-07-06 13:15,96,31,65,0,0,0
2020-07-06 13:30,89,35,54,0,0,0
2020-07-06 13:45,113,53,60,0,0,0
2020-07-06 14:00,131,55,76,0,0,0
2020-07-06 14:15,123,49,74,0,0,0
2020-07-06 14:30,108,44,64,0,0,0
2020-07-06 14:45,122,52,70,0,0,0
2020-07-06 15:00,121,54,67,0,0,0
2020-07-06 15:15,147,55,92,0,0,0
2020-07-06 15:30,105,47,58,0,0,0
2020-07-06 15:45,144,63,81,0,0,0
2020-07-06 16:00,141,53,88,0,0,0
2020-07-06 16:15,161,50,111,0,0,0
2020-07-06 16:30,176,64,112,0,0,0
2020-07-06 16:45,140,48,92,0,0,0
2020-07-06 17:00,174,63,111,0,0,0
2020-07-06 17:15,143,49,94,0,0,0
2020-07-06 17:30,160,59,101,0,0,0
2020-07-06 17:45,169,72,97,0,0,0
2020-07-06 18:00,154,54,100,0,0,0
2020-07-06 18:15,152,55,97,0,0,0
2020-07-06 18:30,139,49,90,0,0,0
2020-07-06 18:45,118,54,64,0,0,0
2020-07-06 19:00,92,40,52,0,0,0
2020-07-06 19:15,113,36,77,0,0,0
2020-07-06 19:30,83,37,46,0,0,0
2020-07-06 19:45,79,31,48,0,0,0
2020-07-06 20:00,69,14,55,0,0,0
2020-07-06 20:15,92,40,52,0,0,0
2020-07-06 20:30,54,18,36,0,0,0
2020-07-06 20:45,43,17,26,0,0,0
2020-07-06 21:00,39,12,27,0,0,0
2020-07-06 21:15,40,20,20,0,0,0
2020-07-06 21:30,29,12,17,0,0,0
2020-07-06 21:45,28,11,17,0,0,0
2020-07-06 22:00,33,13,20,0,0,0
2020-07-06 22:15,32,13,19,0,0,0
2020-07-06 22:30,33,17,16,0,0,0
2020-07-06 22:45,26,12,14,0,0,0
2020-07-06 23:00,33,14,19,0,0,0
2020-07-06 23:15,25,9,16,0,0,0
2020-07-06 23:30,28,9,19,0,0,0
2020-07-06 23:45,12,6,6,0,0,0
2020-07-07 00:00,12,7,5,0,0,0
2020-07-07 00:15,10,1,9,0,0,0
2020-07-07 00:30,4,1,3,0,0,0
2020-07-07 00:45,7,4,3,0,0,0
2020-07-07 01:00,10,5,5,0,0,0
2020-07-07 01:15,3,1,2,0,0,0
2020-07-07 01:30,3,0,3,0,0,0
2020-07-07 01:45,8,3,5,0,0,0
2020-07-07 02:00,5,2,3,0,0,0
2020-07-07 02:15,1,1,0,0,0,0
2020-07-07 02:30,0,0,0,0,0,0
2020-07-07 02:45,4,0,4,0,0,0
2020-07-07 03:00,1,0,1,0,0,0
2020-07-07 03:15,4,2,2,0,0,0
2020-07-07 03:30,1,1,0,0,0,0
2020-07-07 03:45,0,0,0,0,0,0
2020-07-07 04:00,1,1,0,0,0,0
2020-07-07 04:15,4,2,2,0,0,0
2020-07-07 04:30,3,2,1,0,0,0
2020-07-07 04:45,1,1,0,0,0,0
2020-07-07 05:00,4,2,2,0,0,0
2020-07-07 05:15,6,4,2,0,0,0
2020-07-07 05:30,17,12,5,0,0,0
2020-07-07 05:45,25,23,2,0,0,0
2020-07-07 06:00,20,15,5,0,0,0
2020-07-07 06:15,42,32,10,0,0,0
2020-07-07 06:30,57,35,22,0,0,0
2020-07-07 06:45,58,45,13,0,0,0
2020-07-07 07:00,70,44,26,0,0,0
2020-07-07 07:15,85,55,30,0,0,0
2020-07-07 07:30,104,68,36,0,0,0
2020-07-07 07:45,130,95,35,0,0,0
2020-07-07 08:00,122,74,48,0,0,0
2020-07-07 08:15,122,83,39,0,0,0
2020-07-07 08:30,118,81,37,0,0,0
2020-07-07 08:45,149,95,54,0,0,0
2020-07-07 09:00,93,65,28,0,0,0
2020-07-07 09:15,105,70,35,0,0,0
2020-07-07 09:30,106,69,37,0,0,0
2020-07-07 09:45,115,63,52,0,0,0
2020-07-07 10:00,83,49,34,0,0,0
2020-07-07 10:15,79,40,39,0,0,0
2020-07-07 10:30,116,67,49,0,0,0
2020-07-07 10:45,129,67,62,0,0,0
2020-07-07 11:00,85,42,43,0,0,0
2020-07-07 11:15,111,62,49,0,0,0
2020-07-07 11:30,127,57,70,0,0,0
2020-07-07 11:45,117,60,57,0,0,0
2020-07-07 12:00,122,51,71,0,0,0
2020-07-07 12:15,133,44,89,0,0,0
2020-07-07 12:30,123,55,68,0,0,0
2020-07-07 12:45,140,65,75,0,0,0
2020-07-07 13:00,123,64,59,0,0,0
2020-07-07 13:15,116,54,62,0,0,0
2020-07-07 13:30,137,64,73,0,0,0
2020-07-07 13:45,160,71,89,0,0,0
2020-07-07 14:00,158,65,93,0,0,0
2020-07-07 14:15,155,58,97,0,0,0
2020-07-07 14:30,159,63,96,0,0,0
2020-07-07 14:45,119,56,63,0,0,0
2020-07-07 15:00,138,58,80,0,0,0
2020-07-07 15:15,163,72,91,0,0,0
2020-07-07 15:30,119,50,69,0,0,0
2020-07-07 15:45,172,72,100,0,0,0
2020-07-07 16:00,166,66,100,0,0,0
2020-07-07 16:15,136,52,84,0,0,0
2020-07-07 16:30,155,80,75,0,0,0
2020-07-07 16:45,184,60,124,0,0,0
2020-07-07 17:00,201,82,119,0,0,0
2020-07-07 17:15,203,64,139,0,0,0
2020-07-07 17:30,174,46,128,0,0,0
2020-07-07 17:45,215,81,134,0,0,0
2020-07-07 18:00,150,48,102,0,0,0
2020-07-07 18:15,145,55,90,0,0,0
2020-07-07 18:30,131,47,84,0,0,0
2020-07-07 18:45,130,51,79,0,0,0
2020-07-07 19:00,131,37,94,0,0,0
2020-07-07 19:15,123,40,83,0,0,0
2020-07-07 19:30,104,33,71,0,0,0
2020-07-07 19:45,92,45,47,0,0,0
2020-07-07 20:00,99,29,70,0,0,0
2020-07-07 20:15,69,19,50,0,0,0
2020-07-07 20:30,50,20,30,0,0,0
2020-07-07 20:45,54,18,36,0,0,0
2020-07-07 21:00,61,15,46,0,0,0
2020-07-07 21:15,49,17,32,0,0,0
2020-07-07 21:30,49,17,32,0,0,0
2020-07-07 21:45,40,8,32,0,0,0
2020-07-07 22:00,54,10,44,0,0,0
2020-07-07 22:15,46,11,35,0,0,0
2020-07-07 22:30,43,11,32,0,0,0
2020-07-07 22:45,48,9,39,0,0,0
2020-07-07 23:00,16,2,14,0,0,0
2020-07-07 23:15,35,13,22,0,0,0
2020-07-07 23:30,22,7,15,0,0,0
2020-07-07 23:45,15,2,13,0,0,0
2020-07-08 00:00,13,8,5,0,0,0
2020-07-08 00:15,9,0,9,0,0,0
2020-07-08 00:30,12,2,10,0,0,0
2020-07-08 00:45,6,3,3,0,0,0
2020-07-08 01:00,12,5,7,0,0,0
2020-07-08 01:15,0,0,0,0,0,0
2020-07-08 01:30,5,1,4,0,0,0
2020-07-08 01:45,3,1,2,0,0,0
2020-07-08 02:00,5,2,3,0,0,0
2020-07-08 02:15,2,0,2,0,0,0
2020-07-08 02:30,1,0,1,0,0,0
2020-07-08 02:45,1,1,0,0,0,0
2020-07-08 03:00,1,0,1,0,0,0
2020-07-08 03:15,2,1,1,0,0,0
2020-07-08 03:30,2,0,2,0,0,0
2020-07-08 03:45,1,1,0,0,0,0
2020-07-08 04:00,1,1,0,0,0,0
2020-07-08 04:15,2,2,0,0,0,0
2020-07-08 04:30,2,1,1,0,0,0
2020-07-08 04:45,2,1,1,0,0,0
2020-07-08 05:00,6,4,2,0,0,0
2020-07-08 05:15,8,5,3,0,0,0
2020-07-08 05:30,12,9,3,0,0,0
2020-07-08 05:45,18,15,3,0,0,0
2020-07-08 06:00,19,15,4,0,0,0
2020-07-08 06:15,18,15,3,0,0,0
2020-07-08 06:30,34,26,8,0,0,0
2020-07-08 06:45,55,39,16,0,0,0
2020-07-08 07:00,46,30,16,0,0,0
2020-07-08 07:15,75,49,26,0,0,0
2020-07-08 07:30,95,60,35,0,0,0
2020-07-08 07:45,100,72,28,0,0,0
2020-07-08 08:00,82,63,19,0,0,0
2020-07-08 08:15,94,64,30,0,0,0
2020-07-08 08:30,91,53,38,0,0,0
2020-07-08 08:45,138,88,50,0,0,0
2020-07-08 09:00,72,47,25,0,0,0
2020-07-08 09:15,83,47,36,0,0,0
2020-07-08 09:30,85,52,33,0,0,0
2020-07-08 09:45,103,72,31,0,0,0
2020-07-08 10:00,97,55,42,0,0,0
2020-07-08 10:15,82,27,55,0,0,0
2020-07-08 10:30,101,61,40,0,0,0
2020-07-08 10:45,96,58,38,0,0,0
2020-07-08 11:00,90,55,35,0,0,0
2020-07-08 11:15,84,35,49,0,0,0
2020-07-08 11:30,99,55,44,0,0,0
2020-07-08 11:45,129,65,64,0,0,0
2020-07-08 12:00,109,50,59,0,0,0
2020-07-08 12:15,122,53,69,0,0,0
2020-07-08 12:30,101,39,62,0,0,0
2020-07-08 12:45,122,60,62,0,0,0
2020-07-08 13:00,133,54,79,0,0,0
2020-07-08 13:15,109,44,65,0,0,0
2020-07-08 13:30,116,43,73,0,0,0
2020-07-08 13:45,139,66,73,0,0,0
2020-07-08 14:00,114,47,67,0,0,0
2020-07-08 14:15,129,42,87,0,0,0
2020-07-08 14:30,115,36,79,0,0,0
2020-07-08 14:45,130,52,78,0,0,0
2020-07-08 15:00,144,56,88,0,0,0
2020-07-08 15:15,128,45,83,0,0,0
2020-07-08 15:30,126,50,76,0,0,0
2020-07-08 15:45,124,48,76,0,0,0
2020-07-08 16:00,116,43,73,0,0,0
2020-07-08 16:15,134,44,90,0,0,0
2020-07-08 16:30,147,53,94,0,0,0
2020-07-08 16:45,145,61,84,0,0,0
2020-07-08 17:00,148,47,101,0,0,0
2020-07-08 17:15,180,75,105,0,0,0
2020-07-08 17:30,153,52,101,0,0,0
2020-07-08 17:45,149,67,82,0,0,0
2020-07-08 18:00,138,57,81,0,0,0
2020-07-08 18:15,130,43,87,0,0,0
2020-07-08 18:30,133,44,89,0,0,0
2020-07-08 18:45,130,55,75,0,0,0
2020-07-08 19:00,137,48,89,0,0,0
2020-07-08 19:15,98,37,61,0,0,0
2020-07-08 19:30,99,43,56,0,0,0
2020-07-08 19:45,87,37,50,0,0,0
2020-07-08 20:00,82,29,53,0,0,0
2020-07-08 20:15,86,31,55,0,0,0
2020-07-08 20:30,61,19,42,0,0,0
2020-07-08 20:45,44,13,31,0,0,0
2020-07-08 21:00,51,23,28,0,0,0
2020-07-08 21:15,50,13,37,0,0,0
2020-07-08 21:30,44,14,30,0,0,0
2020-07-08 21:45,35,12,23,0,0,0
2020-07-08 22:00,66,19,47,0,0,0
2020-07-08 22:15,50,23,27,0,0,0
2020-07-08 22:30,27,11,16,0,0,0
2020-07-08 22:45,40,12,28,0,0,0
2020-07-08 23:00,34,10,24,0,0,0
2020-07-08 23:15,21,4,17,0,0,0
2020-07-08 23:30,24,10,14,0,0,0
2020-07-08 23:45,20,6,14,0,0,0
2020-07-09 00:00,12,1,11,0,0,0
2020-07-09 00:15,12,6,6,0,0,0
2020-07-09 00:30,16,6,10,0,0,0
2020-07-09 00:45,12,6,6,0,0,0
2020-07-09 01:00,13,5,8,0,0,0
2020-07-09 01:15,4,3,1,0,0,0
2020-07-09 01:30,15,3,12,0,0,0
2020-07-09 01:45,0,0,0,0,0,0
2020-07-09 02:00,7,2,5,0,0,0
2020-07-09 02:15,3,0,3,0,0,0
2020-07-09 02:30,3,2,1,0,0,0
2020-07-09 02:45,1,0,1,0,0,0
2020-07-09 03:00,0,0,0,0,0,0
2020-07-09 03:15,4,1,3,0,0,0
2020-07-09 03:30,1,1,0,0,0,0
2020-07-09 03:45,2,1,1,0,0,0
2020-07-09 04:00,1,0,1,0,0,0
2020-07-09 04:15,2,2,0,0,0,0
2020-07-09 04:30,6,2,4,0,0,0
2020-07-09 04:45,0,0,0,0,0,0
2020-07-09 05:00,4,4,0,0,0,0
2020-07-09 05:15,8,4,4,0,0,0
2020-07-09 05:30,21,18,3,0,0,0
2020-07-09 05:45,20,17,3,0,0,0
2020-07-09 06:00,15,10,5,0,0,0
2020-07-09 06:15,24,20,4,0,0,0
2020-07-09 06:30,35,26,9,0,0,0
2020-07-09 06:45,34,25,9,0,0,0
2020-07-09 07:00,47,30,17,0,0,0
2020-07-09 07:15,57,39,18,0,0,0
2020-07-09 07:30,70,54,16,0,0,0
2020-07-09 07:45,109,91,18,0,0,0
2020-07-09 08:00,80,60,20,0,0,0
2020-07-09 08:15,91,60,31,0,0,0
2020-07-09 08:30,99,75,24,0,0,0
2020-07-09 08:45,101,69,32,0,0,0
2020-07-09 09:00,75,50,25,0,0,0
2020-07-09 09:15,96,69,27,0,0,0
2020-07-09 09:30,69,46,23,0,0,0
2020-07-09 09:45,87,52,35,0,0,0
2020-07-09 10:00,60,32,28,0,0,0
2020-07-09 10:15,73,46,27,0,0,0
2020-07-09 10:30,73,41,32,0,0,0
2020-07-09 10:45,93,45,48,0,0,0
2020-07-09 11:00,86,37,49,0,0,0
2020-07-09 11:15,63,25,38,0,0,0
2020-07-09 11:30,64,34,30,0,0,0
2020-07-09 11:45,70,30,40,0,0,0
2020-07-09 12:00,70,28,42,0,0,0
2020-07-09 12:15,102,42,60,0,0,0
2020-07-09 12:30,86,38,48,0,0,0
2020-07-09 12:45,92,41,51,0,0,0
2020-07-09 13:00,82,33,49,0,0,0
2020-07-09 13:15,92,40,52,0,0,0
2020-07-09 13:30,81,47,34,0,0,0
2020-07-09 13:45,123,61,62,0,0,0
2020-07-09 14:00,77,42,35,0,0,0
2020-07-09 14:15,121,45,76,0,0,0
2020-07-09 14:30,132,56,76,0,0,0
2020-07-09 14:45,121,61,60,0,0,0
2020-07-09 15:00,129,54,75,0,0,0
2020-07-09 15:15,130,55,75,0,0,0
2020-07-09 15:30,125,46,79,0,0,0
2020-07-09 15:45,135,67,68,0,0,0
2020-07-09 16:00,148,46,102,0,0,0
2020-07-09 16:15,133,59,74,0,0,0
2020-07-09 16:30,136,55,81,0,0,0
2020-07-09 16:45,162,66,96,0,0,0
2020-07-09 17:00,158,56,102,0,0,0
2020-07-09 17:15,146,46,100,0,0,0
2020-07-09 17:30,148,61,87,0,0,0
2020-07-09 17:45,154,68,86,0,0,0
2020-07-09 18:00,148,59,89,0,0,0
2020-07-09 18:15,141,51,90,0,0,0
2020-07-09 18:30,130,42,88,0,0,0
2020-07-09 18:45,138,60,78,0,0,0
2020-07-09 19:00,97,32,65,0,0,0
2020-07-09 19:15,90,29,61,0,0,0
2020-07-09 19:30,70,28,42,0,0,0
2020-07-09 19:45,79,34,45,0,0,0
2020-07-09 20:00,93,28,65,0,0,0
2020-07-09 20:15,59,19,40,0,0,0
2020-07-09 20:30,37,13,24,0,0,0
2020-07-09 20:45,43,18,25,0,0,0
2020-07-09 21:00,56,24,32,0,0,0
2020-07-09 21:15,41,17,24,0,0,0
2020-07-09 21:30,37,17,20,0,0,0
2020-07-09 21:45,30,8,22,0,0,0
2020-07-09 22:00,29,17,12,0,0,0
2020-07-09 22:15,43,13,30,0,0,0
2020-07-09 22:30,30,11,19,0,0,0
2020-07-09 22:45,30,11,19,0,0,0
2020-07-09 23:00,33,9,24,0,0,0
2020-07-09 23:15,22,6,16,0,0,0
2020-07-09 23:30,23,9,14,0,0,0
2020-07-09 23:45,9,2,7,0,0,0
2020-07-10 00:00,17,4,13,0,0,0
2020-07-10 00:15,7,3,4,0,0,0
2020-07-10 00:30,9,2,7,0,0,0
2020-07-10 00:45,10,2,8,0,0,0
2020-07-10 01:00,9,5,4,0,0,0
2020-07-10 01:15,5,1,4,0,0,0
2020-07-10 01:30,4,1,3,0,0,0
2020-07-10 01:45,5,0,5,0,0,0
2020-07-10 02:00,3,0,3,0,0,0
2020-07-10 02:15,3,2,1,0,0,0
2020-07-10 02:30,3,2,1,0,0,0
2020-07-10 02:45,0,0,0,0,0,0
2020-07-10 03:00,2,0,2,0,0,0
2020-07-10 03:15,6,4,2,0,0,0
2020-07-10 03:30,3,0,3,0,0,0
2020-07-10 03:45,2,2,0,0,0,0
2020-07-10 04:00,4,2,2,0,0,0
2020-07-10 04:15,3,2,1,0,0,0
2020-07-10 04:30,2,0,2,0,0,0
2020-07-10 04:45,3,2,1,0,0,0
2020-07-10 05:00,5,4,1,0,0,0
2020-07-10 05:15,9,5,4,0,0,0
2020-07-10 05:30,9,9,0,0,0,0
2020-07-10 05:45,20,19,1,0,0,0
2020-07-10 06:00,16,12,4,0,0,0
2020-07-10 06:15,29,22,7,0,0,0
2020-07-10 06:30,35,18,17,0,0,0
2020-07-10 06:45,49,30,19,0,0,0
2020-07-10 07:00,57,40,17,0,0,0
2020-07-10 07:15,53,37,16,0,0,0
2020-07-10 07:30,79,53,26,0,0,0
2020-07-10 07:45,95,71,24,0,0,0
2020-07-10 08:00,82,50,32,0,0,0
2020-07-10 08:15,99,64,35,0,0,0
2020-07-10 08:30,88,69,19,0,0,0
2020-07-10 08:45,114,80,34,0,0,0
2020-07-10 09:00,94,53,41,0,0,0
2020-07-10 09:15,68,48,20,0,0,0
2020-07-10 09:30,69,46,23,0,0,0
2020-07-10 09:45,97,59,38,0,0,0
2020-07-10 10:00,80,40,40,0,0,0
2020-07-10 10:15,73,39,34,0,0,0
2020-07-10 10:30,87,53,34,0,0,0
2020-07-10 10:45,96,60,36,0,0,0
2020-07-10 11:00,87,38,49,0,0,0
2020-07-10 11:15,92,42,50,0,0,0
2020-07-10 11:30,97,51,46,0,0,0
2020-07-10 11:45,101,46,55,0,0,0
2020-07-10 12:00,100,36,64,0,0,0
2020-07-10 12:15,110,48,62,0,0,0
2020-07-10 12:30,109,50,59,0,0,0
2020-07-10 12:45,113,45,68,0,0,0
2020-07-10 13:00,140,50,90,0,0,0
2020-07-10 13:15,130,51,79,0,0,0
2020-07-10 13:30,147,71,76,0,0,0
2020-07-10 13:45,146,77,69,0,0,0
2020-07-10 14:00,142,55,87,0,0,0
2020-07-10 14:15,123,46,77,0,0,0
2020-07-10 14:30,138,56,82,0,0,0
2020-07-10 14:45,141,63,78,0,0,0
2020-07-10 15:00,143,68,75,0,0,0
2020-07-10 15:15,149,62,87,0,0,0
2020-07-10 15:30,130,51,79,0,0,0
2020-07-10 15:45,171,73,98,0,0,0
2020-07-10 16:00,134,51,83,0,0,0
2020-07-10 16:15,148,55,93,0,0,0
2020-07-10 16:30,119,61,58,0,0,0
2020-07-10 16:45,125,59,66,0,0,0
2020-07-10 17:00,138,50,88,0,0,0
2020-07-10 17:15,145,67,78,0,0,0
2020-07-10 17:30,123,53,70,0,0,0
2020-07-10 17:45,148,72,76,0,0,0
2020-07-10 18:00,138,61,77,0,0,0
2020-07-10 18:15,129,46,83,0,0,0
2020-07-10 18:30,104,32,72,0,0,0
2020-07-10 18:45,141,62,79,0,0,0
2020-07-10 19:00,123,46,77,0,0,0
2020-07-10 19:15,105,57,48,0,0,0
2020-07-10 19:30,78,26,52,0,0,0
2020-07-10 19:45,93,38,55,0,0,0
2020-07-10 20:00,98,31,67,0,0,0
2020-07-10 20:15,58,28,30,0,0,0
2020-07-10 20:30,65,27,38,0,0,0
2020-07-10 20:45,49,21,28,0,0,0
2020-07-10 21:00,43,21,22,0,0,0
2020-07-10 21:15,60,28,32,0,0,0
2020-07-10 21:30,48,17,31,0,0,0
2020-07-10 21:45,37,19,18,0,0,0
2020-07-10 22:00,44,13,31,0,0,0
2020-07-10 22:15,46,17,29,0,0,0
2020-07-10 22:30,41,19,22,0,0,0
2020-07-10 22:45,43,7,36,0,0,0
2020-07-10 23:00,36,10,26,0,0,0
2020-07-10 23:15,30,7,23,0,0,0
2020-07-10 23:30,24,8,16,0,0,0
2020-07-10 23:45,42,11,31,0,0,0
2020-07-11 00:00,33,16,17,0,0,0
2020-07-11 00:15,47,17,30,0,0,0
2020-07-11 00:30,28,11,17,0,0,0
2020-07-11 00:45,24,7,17,0,0,0
2020-07-11 01:00,23,2,21,0,0,0
2020-07-11 01:15,21,9,12,0,0,0
2020-07-11 01:30,20,6,14,0,0,0
2020-07-11 01:45,23,3,20,0,0,0
2020-07-11 02:00,11,1,10,0,0,0
2020-07-11 02:15,18,3,15,0,0,0
2020-07-11 02:30,10,4,6,0,0,0
2020-07-11 02:45,8,4,4,0,0,0
2020-07-11 03:00,8,3,5,0,0,0
2020-07-11 03:15,10,2,8,0,0,0
2020-07-11 03:30,11,3,8,0,0,0
2020-07-11 03:45,8,5,3,0,0,0
2020-07-11 04:00,5,2,3,0,0,0
2020-07-11 04:15,4,3,1,0,0,0
2020-07-11 04:30,2,1,1,0,0,0
2020-07-11 04:45,3,1,2,0,0,0
2020-07-11 05:00,7,1,6,0,0,0
2020-07-11 05:15,8,2,6,0,0,0
2020-07-11 05:30,9,7,2,0,0,0
2020-07-11 05:45,13,7,6,0,0,0
2020-07-11 06:00,8,5,3,0,0,0
2020-07-11 06:15,5,4,1,0,0,0
2020-07-11 06:30,10,4,6,0,0,0
2020-07-11 06:45,8,6,2,0,0,0
2020-07-11 07:00,23,12,11,0,0,0
2020-07-11 07:15,19,13,6,0,0,0
2020-07-11 07:30,25,10,15,0,0,0
2020-07-11 07:45,33,20,13,0,0,0
2020-07-11 08:00,18,5,13,0,0,0
2020-07-11 08:15,24,15,9,0,0,0
2020-07-11 08:30,45,31,14,0,0,0
2020-07-11 08:45,58,34,24,0,0,0
2020-07-11 09:00,54,39,15,0,0,0
2020-07-11 09:15,76,53,23,0,0,0
2020-07-11 09:30,94,61,33,0,0,0
2020-07-11 09:45,129,79,50,0,0,0
2020-07-11 10:00,76,47,29,0,0,0
2020-07-11 10:15,114,69,45,0,0,0
2020-07-11 10:30,118,78,40,0,0,0
2020-07-11 10:45,135,91,44,0,0,0
2020-07-11 11:00,153,96,57,0,0,0
2020-07-11 11:15,117,73,44,0,0,0
2020-07-11 11:30,163,93,70,0,0,0
2020-07-11 11:45,167,81,86,0,0,0
2020-07-11 12:00,159,85,74,0,0,0
2020-07-11 12:15,159,75,84,0,0,0
2020-07-11 12:30,164,93,71,0,0,0
2020-07-11 12:45,153,82,71,0,0,0
2020-07-11 13:00,160,70,90,0,0,0
2020-07-11 13:15,145,63,82,0,0,0
2020-07-11 13:30,172,80,92,0,0,0
2020-07-11 13:45,189,110,79,0,0,0
2020-07-11 14:00,173,86,87,0,0,0
2020-07-11 14:15,169,79,90,0,0,0
2020-07-11 14:30,175,70,105,0,0,0
2020-07-11 14:45,161,84,77,0,0,0
2020-07-11 15:00,150,71,79,0,0,0
2020-07-11 15:15,156,68,88,0,0,0
2020-07-11 15:30,127,43,84,0,0,0
2020-07-11 15:45,160,66,94,0,0,0
2020-07-11 16:00,134,72,62,0,0,0
2020-07-11 16:15,131,49,82,0,0,0
2020-07-11 16:30,139,63,76,0,0,0
2020-07-11 16:45,118,45,73,0,0,0
2020-07-11 17:00,112,41,71,0,0,0
2020-07-11 17:15,134,43,91,0,0,0
2020-07-11 17:30,118,47,71,0,0,0
2020-07-11 17:45,105,44,61,0,0,0
2020-07-11 18:00,106,41,65,0,0,0
2020-07-11 18:15,111,32,79,0,0,0
2020-07-11 18:30,109,38,71,0,0,0
2020-07-11 18:45,129,59,70,0,0,0
2020-07-11 19:00,88,37,51,0,0,0
2020-07-11 19:15,102,31,71,0,0,0
2020-07-11 19:30,88,29,59,0,0,0
2020-07-11 19:45,79,28,51,0,0,0
2020-07-11 20:00,82,26,56,0,0,0
2020-07-11 20:15,70,34,36,0,0,0
2020-07-11 20:30,66,34,32,0,0,0
2020-07-11 20:45,55,23,32,0,0,0
2020-07-11 21:00,41,16,25,0,0,0
2020-07-11 21:15,42,24,18,0,0,0
2020-07-11 21:30,43,15,28,0,0,0
2020-07-11 21:45,42,19,23,0,0,0
2020-07-11 22:00,43,22,21,0,0,0
2020-07-11 22:15,50,16,34,0,0,0
2020-07-11 22:30,39,16,23,0,0,0
2020-07-11 22:45,28,7,21,0,0,0
2020-07-11 23:00,37,17,20,0,0,0
2020-07-11 23:15,42,17,25,0,0,0
2020-07-11 23:30,24,9,15,0,0,0
2020-07-11 23:45,34,8,26,0,0,0
2020-07-12 00:00,30,9,21,0,0,0
2020-07-12 00:15,23,10,13,0,0,0
2020-07-12 00:30,34,19,15,0,0,0
2020-07-12 00:45,35,11,24,0,0,0
2020-07-12 01:00,23,10,13,0,0,0
2020-07-12 01:15,14,3,11,0,0,0
2020-07-12 01:30,16,4,12,0,0,0
2020-07-12 01:45,19,5,14,0,0,0
2020-07-12 02:00,12,2,10,0,0,0
2020-07-12 02:15,11,4,7,0,0,0
2020-07-12 02:30,12,8,4,0,0,0
2020-07-12 02:45,9,4,5,0,0,0
2020-07-12 03:00,18,8,10,0,0,0
2020-07-12 03:15,2,0,2,0,0,0
2020-07-12 03:30,9,4,5,0,0,0
2020-07-12 03:45,9,2,7,0,0,0
2020-07-12 04:00,11,4,7,0,0,0
2020-07-12 04:15,5,2,3,0,0,0
2020-07-12 04:30,3,0,3,0,0,0
2020-07-12 04:45,5,3,2,0,0,0
2020-07-12 05:00,7,4,3,0,0,0
2020-07-12 05:15,2,1,1,0,0,0
2020-07-12 05:30,10,3,7,0,0,0
2020-07-12 05:45,4,2,2,0,0,0
2020-07-12 06:00,9,7,2,0,0,0
2020-07-12 06:15,9,4,5,0,0,0
2020-07-12 06:30,7,3,4,0,0,0
2020-07-12 06:45,8,4,4,0,0,0
2020-07-12 07:00,2,2,0,0,0,0
2020-07-12 07:15,5,4,1,0,0,0
2020-07-12 07:30,12,4,8,0,0,0
2020-07-12 07:45,10,4,6,0,0,0
2020-07-12 08:00,12,4,8,0,0,0
2020-07-12 08:15,13,9,4,0,0,0
2020-07-12 08:30,8,3,5,0,0,0
2020-07-12 08:45,20,13,7,0,0,0
2020-07-12 09:00,16,9,7,0,0,0
2020-07-12 09:15,25,16,9,0,0,0
2020-07-12 09:30,28,18,10,0,0,0
2020-07-12 09:45,37,27,10,0,0,0
2020-07-12 10:00,40,19,21,0,0,0
2020-07-12 10:15,34,16,18,0,0,0
2020-07-12 10:30,33,19,14,0,0,0
2020-07-12 10:45,53,35,18,0,0,0
2020-07-12 11:00,46,25,21,0,0,0
2020-07-12 11:15,43,25,18,0,0,0
2020-07-12 11:30,45,24,21,0,0,0
2020-07-12 11:45,58,33,25,0,0,0
2020-07-12 12:00,31,21,10,0,0,0
2020-07-12 12:15,54,26,28,0,0,0
2020-07-12 12:30,54,32,22,0,0,0
2020-07-12 12:45,62,36,26,0,0,0
2020-07-12 13:00,74,48,26,0,0,0
2020-07-12 13:15,48,28,20,0,0,0
2020-07-12 13:30,80,43,37,0,0,0
2020-07-12 13:45,92,47,45,0,0,0
2020-07-12 14:00,60,24,36,0,0,0
2020-07-12 14:15,98,48,50,0,0,0
2020-07-12 14:30,96,53,43,0,0,0
2020-07-12 14:45,100,50,50,0,0,0
2020-07-12 15:00,84,37,47,0,0,0
2020-07-12 15:15,60,26,34,0,0,0
2020-07-12 15:30,69,31,38,0,0,0
2020-07-12 15:45,112,50,62,0,0,0
2020-07-12 16:00,97,42,55,0,0,0
2020-07-12 16:15,89,48,41,0,0,0
2020-07-12 16:30,76,39,37,0,0,0
2020-07-12 16:45,109,42,67,0,0,0
2020-07-12 17:00,92,41,51,0,0,0
2020-07-12 17:15,109,45,64,0,0,0
2020-07-12 17:30,104,43,61,0,0,0
2020-07-12 17:45,76,40,36,0,0,0
2020-07-12 18:00,100,45,55,0,0,0
2020-07-12 18:15,89,38,51,0,0,0
2020-07-12 18:30,96,45,51,0,0,0
2020-07-12 18:45,103,48,55,0,0,0
2020-07-12 19:00,91,39,52,0,0,0
2020-07-12 19:15,80,31,49,0,0,0
2020-07-12 19:30,84,41,43,0,0,0
2020-07-12 19:45,57,17,40,0,0,0
2020-07-12 20:00,58,26,32,0,0,0
2020-07-12 20:15,76,30,46,0,0,0
2020-07-12 20:30,56,18,38,0,0,0
2020-07-12 20:45,54,24,30,0,0,0
2020-07-12 21:00,38,14,24,0,0,0
2020-07-12 21:15,30,10,20,0,0,0
2020-07-12 21:30,36,14,22,0,0,0
2020-07-12 21:45,32,11,21,0,0,0
2020-07-12 22:00,36,16,20,0,0,0
2020-07-12 22:15,35,19,16,0,0,0
2020-07-12 22:30,18,9,9,0,0,0
2020-07-12 22:45,18,6,12,0,0,0
2020-07-12 23:00,14,7,7,0,0,0
2020-07-12 23:15,9,0,9,0,0,0
2020-07-12 23:30,15,4,11,0,0,0
2020-07-12 23:45,17,5,12,0,0,0
2020-07-13 00:00,8,5,3,0,0,0
2020-07-13 00:15,11,4,7,0,0,0
2020-07-13 00:30,7,5,2,0,0,0
2020-07-13 00:45,4,0,4,0,0,0
2020-07-13 01:00,9,2,7,0,0,0
2020-07-13 01:15,10,5,5,0,0,0
2020-07-13 01:30,1,0,1,0,0,0
2020-07-13 01:45,0,0,0,0,0,0
2020-07-13 02:00,0,0,0,0,0,0
2020-07-13 02:15,0,0,0,0,0,0
2020-07-13 02:30,3,0,3,0,0,0
2020-07-13 02:45,0,0,0,0,0,0
2020-07-13 03:00,1,0,1,0,0,0
2020-07-13 03:15,2,2,0,0,0,0
2020-07-13 03:30,3,1,2,0,0,0
2020-07-13 03:45,0,0,0,0,0,0
2020-07-13 04:00,0,0,0,0,0,0
2020-07-13 04:15,5,4,1,0,0,0
2020-07-13 04:30,0,0,0,0,0,0
2020-07-13 04:45,4,3,1,0,0,0
2020-07-13 05:00,7,5,2,0,0,0
2020-07-13 05:15,10,6,4,0,0,0
2020-07-13 05:30,10,10,0,0,0,0
2020-07-13 05:45,23,19,4,0,0,0
2020-07-13 06:00,24,22,2,0,0,0
2020-07-13 06:15,44,32,12,0,0,0
2020-07-13 06:30,38,21,17,0,0,0
2020-07-13 06:45,55,41,14,0,0,0
2020-07-13 07:00,69,45,24,0,0,0
2020-07-13 07:15,83,55,28,0,0,0
2020-07-13 07:30,95,64,31,0,0,0
2020-07-13 07:45,126,91,35,0,0,0
2020-07-13 08:00,90,63,27,0,0,0
2020-07-13 08:15,128,81,47,0,0,0
2020-07-13 08:30,90,66,24,0,0,0
2020-07-13 08:45,127,84,43,0,0,0
2020-07-13 09:00,92,56,36,0,0,0
2020-07-13 09:15,92,61,31,0,0,0
2020-07-13 09:30,99,55,44,0,0,0
2020-07-13 09:45,118,77,41,0,0,0
2020-07-13 10:00,92,49,43,0,0,0
2020-07-13 10:15,85,50,35,0,0,0
2020-07-13 10:30,79,38,41,0,0,0
2020-07-13 10:45,113,63,50,0,0,0
2020-07-13 11:00,138,75,63,0,0,0
2020-07-13 11:15,150,70,80,0,0,0
2020-07-13 11:30,116,51,65,0,0,0
2020-07-13 11:45,117,57,60,0,0,0
2020-07-13 12:00,121,58,63,0,0,0
2020-07-13 12:15,137,69,68,0,0,0
2020-07-13 12:30,147,70,77,0,0,0
2020-07-13 12:45,158,75,83,0,0,0
2020-07-13 13:00,116,43,73,0,0,0
2020-07-13 13:15,123,64,59,0,0,0
2020-07-13 13:30,131,59,72,0,0,0
2020-07-13 13:45,127,66,61,0,0,0
2020-07-13 14:00,153,79,74,0,0,0
2020-07-13 14:15,151,77,74,0,0,0
2020-07-13 14:30,157,79,78,0,0,0
2020-07-13 14:45,138,67,71,0,0,0
2020-07-13 15:00,140,51,89,0,0,0
2020-07-13 15:15,149,62,87,0,0,0
2020-07-13 15:30,175,78,97,0,0,0
2020-07-13 15:45,169,71,98,0,0,0
2020-07-13 16:00,177,75,102,0,0,0
2020-07-13 16:15,200,92,108,0,0,0
2020-07-13 16:30,183,78,105,0,0,0
2020-07-13 16:45,206,83,123,0,0,0
2020-07-13 17:00,208,65,143,0,0,0
2020-07-13 17:15,199,79,120,0,0,0
2020-07-13 17:30,192,78,114,0,0,0
2020-07-13 17:45,211,81,130,0,0,0
2020-07-13 18:00,199,78,121,0,0,0
2020-07-13 18:15,158,60,98,0,0,0
2020-07-13 18:30,157,62,95,0,0,0
2020-07-13 18:45,134,62,72,0,0,0
2020-07-13 19:00,146,57,89,0,0,0
2020-07-13 19:15,117,47,70,0,0,0
2020-07-13 19:30,122,38,84,0,0,0
2020-07-13 19:45,118,43,75,0,0,0
2020-07-13 20:00,88,26,62,0,0,0
2020-07-13 20:15,85,30,55,0,0,0
2020-07-13 20:30,76,34,42,0,0,0
2020-07-13 20:45,65,19,46,0,0,0
2020-07-13 21:00,67,15,52,0,0,0
2020-07-13 21:15,60,27,33,0,0,0
2020-07-13 21:30,56,24,32,0,0,0
2020-07-13 21:45,61,19,42,0,0,0
2020-07-13 22:00,52,19,33,0,0,0
2020-07-13 22:15,32,10,22,0,0,0
2020-07-13 22:30,39,9,30,0,0,0
2020-07-13 22:45,40,16,24,0,0,0
2020-07-13 23:00,26,9,17,0,0,0
2020-07-13 23:15,25,7,18,0,0,0
2020-07-13 23:30,14,2,12,0,0,0
2020-07-13 23:45,15,5,10,0,0,0
2020-07-14 00:00,17,8,9,0,0,0
2020-07-14 00:15,16,5,11,0,0,0
2020-07-14 00:30,8,2,6,0,0,0
2020-07-14 00:45,3,2,1,0,0,0
2020-07-14 01:00,4,0,4,0,0,0
2020-07-14 01:15,6,2,4,0,0,0
2020-07-14 01:30,4,0,4,0,0,0
2020-07-14 01:45,3,1,2,0,0,0
2020-07-14 02:00,0,0,0,0,0,0
2020-07-14 02:15,1,0,1,0,0,0
2020-07-14 02:30,5,4,1,0,0,0
2020-07-14 02:45,1,1,0,0,0,0
2020-07-14 03:00,3,1,2,0,0,0
2020-07-14 03:15,7,5,2,0,0,0
2020-07-14 03:30,2,2,0,0,0,0
2020-07-14 03:45,0,0,0,0,0,0
2020-07-14 04:00,0,0,0,0,0,0
2020-07-14 04:15,2,2,0,0,0,0
2020-07-14 04:30,3,2,1,0,0,0
2020-07-14 04:45,1,1,0,0,0,0
2020-07-14 05:00,1,1,0,0,0,0
2020-07-14 05:15,12,9,3,0,0,0
2020-07-14 05:30,14,11,3,0,0,0
2020-07-14 05:45,15,13,2,0,0,0
2020-07-14 06:00,27,18,9,0,0,0
2020-07-14 06:15,43,33,10,0,0,0
2020-07-14 06:30,42,30,12,0,0,0
2020-07-14 06:45,54,39,15,0,0,0
2020-07-14 07:00,73,52,21,0,0,0
2020-07-14 07:15,84,50,34,0,0,0
2020-07-14 07:30,88,60,28,0,0,0
2020-07-14 07:45,122,88,34,0,0,0
2020-07-14 08:00,97,62,35,0,0,0
2020-07-14 08:15,123,77,46,0,0,0
2020-07-14 08:30,98,58,40,0,0,0
2020-07-14 08:45,128,95,33,0,0,0
2020-07-14 09:00,71,52,19,0,0,0
2020-07-14 09:15,83,58,25,0,0,0
2020-07-14 09:30,103,76,27,0,0,0
2020-07-14 09:45,103,63,40,0,0,0
2020-07-14 10:00,84,51,33,0,0,0
2020-07-14 10:15,106,68,38,0,0,0
2020-07-14 10:30,98,58,40,0,0,0
2020-07-14 10:45,101,48,53,0,0,0
2020-07-14 11:00,105,51,54,0,0,0
2020-07-14 11:15,79,45,34,0,0,0
2020-07-14 11:30,126,58,68,0,0,0
2020-07-14 11:45,132,51,81,0,0,0
2020-07-14 12:00,113,51,62,0,0,0
2020-07-14 12:15,129,62,67,0,0,0
2020-07-14 12:30,135,54,81,0,0,0
2020-07-14 12:45,118,48,70,0,0,0
2020-07-14 13:00,122,57,65,0,0,0
2020-07-14 13:15,109,56,53,0,0,0
2020-07-14 13:30,117,53,64,0,0,0
2020-07-14 13:45,126,55,71,0,0,0
2020-07-14 14:00,126,52,74,0,0,0
2020-07-14 14:15,149,79,70,0,0,0
2020-07-14 14:30,139,52,87,0,0,0
2020-07-14 14:45,118,53,65,0,0,0
2020-07-14 15:00,110,29,81,0,0,0
2020-07-14 15:15,137,43,94,0,0,0
2020-07-14 15:30,123,42,81,0,0,0
2020-07-14 15:45,137,63,74,0,0,0
2020-07-14 16:00,138,42,96,0,0,0
2020-07-14 16:15,156,50,106,0,0,0
2020-07-14 16:30,142,48,94,0,0,0
2020-07-14 16:45,153,55,98,0,0,0
2020-07-14 17:00,148,47,101,0,0,0
2020-07-14 17:15,107,37,70,0,0,0
2020-07-14 17:30,98,29,69,0,0,0
2020-07-14 17:45,142,46,96,0,0,0
2020-07-14 18:00,157,48,109,0,0,0
2020-07-14 18:15,132,44,88,0,0,0
2020-07-14 18:30,112,39,73,0,0,0
2020-07-14 18:45,102,41,61,0,0,0
2020-07-14 19:00,104,48,56,0,0,0
2020-07-14 19:15,94,37,57,0,0,0
2020-07-14 19:30,72,25,47,0,0,0
2020-07-14 19:45,43,16,27,0,0,0
2020-07-14 20:00,52,19,33,0,0,0
2020-07-14 20:15,60,20,40,0,0,0
2020-07-14 20:30,37,10,27,0,0,0
2020-07-14 20:45,56,23,33,0,0,0
2020-07-14 21:00,55,16,39,0,0,0
2020-07-14 21:15,40,11,29,0,0,0
2020-07-14 21:30,34,13,21,0,0,0
2020-07-14 21:45,49,13,36,0,0,0
2020-07-14 22:00,46,14,32,0,0,0
2020-07-14 22:15,24,9,15,0,0,0
2020-07-14 22:30,37,11,26,0,0,0
2020-07-14 22:45,25,11,14,0,0,0
2020-07-14 23:00,13,4,9,0,0,0
2020-07-14 23:15,16,6,10,0,0,0
2020-07-14 23:30,26,5,21,0,0,0
2020-07-14 23:45,11,6,5,0,0,0
2020-07-15 00:00,18,10,8,0,0,0
2020-07-15 00:15,14,6,8,0,0,0
2020-07-15 00:30,7,2,5,0,0,0
2020-07-15 00:45,5,1,4,0,0,0
2020-07-15 01:00,3,0,3,0,0,0
2020-07-15 01:15,12,4,8,0,0,0
2020-07-15 01:30,9,2,7,0,0,0
2020-07-15 01:45,4,1,3,0,0,0
2020-07-15 02:00,5,2,3,0,0,0
2020-07-15 02:15,2,1,1,0,0,0
2020-07-15 02:30,4,0,4,0,0,0
2020-07-15 02:45,0,0,0,0,0,0
2020-07-15 03:00,0,0,0,0,0,0
2020-07-15 03:15,1,0,1,0,0,0
2020-07-15 03:30,0,0,0,0,0,0
2020-07-15 03:45,1,1,0,0,0,0
2020-07-15 04:00,0,0,0,0,0,0
2020-07-15 04:15,2,2,0,0,0,0
2020-07-15 04:30,2,2,0,0,0,0
2020-07-15 04:45,1,1,0,0,0,0
2020-07-15 05:00,5,3,2,0,0,0
2020-07-15 05:15,10,5,5,0,0,0
2020-07-15 05:30,24,14,10,0,0,0
2020-07-15 05:45,21,17,4,0,0,0
2020-07-15 06:00,23,16,7,0,0,0
2020-07-15 06:15,34,26,8,0,0,0
2020-07-15 06:30,43,31,12,0,0,0
2020-07-15 06:45,47,37,10,0,0,0
2020-07-15 07:00,62,44,18,0,0,0
2020-07-15 07:15,70,45,25,0,0,0
2020-07-15 07:30,86,58,28,0,0,0
2020-07-15 07:45,122,85,37,0,0,0
2020-07-15 08:00,102,71,31,0,0,0
2020-07-15 08:15,120,72,48,0,0,0
2020-07-15 08:30,100,56,44,0,0,0
2020-07-15 08:45,126,89,37,0,0,0
2020-07-15 09:00,90,52,38,0,0,0
2020-07-15 09:15,117,73,44,0,0,0
2020-07-15 09:30,106,67,39,0,0,0
2020-07-15 09:45,111,83,28,0,0,0
2020-07-15 10:00,98,48,50,0,0,0
2020-07-15 10:15,107,67,40,0,0,0
2020-07-15 10:30,111,55,56,0,0,0
2020-07-15 10:45,152,93,59,0,0,0
2020-07-15 11:00,106,52,54,0,0,0
2020-07-15 11:15,131,77,54,0,0,0
2020-07-15 11:30,129,59,70,0,0,0
2020-07-15 11:45,128,64,64,0,0,0
2020-07-15 12:00,155,75,80,0,0,0
2020-07-15 12:15,170,86,84,0,0,0
2020-07-15 12:30,173,79,94,0,0,0
2020-07-15 12:45,139,56,83,0,0,0
2020-07-15 13:00,152,64,88,0,0,0
2020-07-15 13:15,156,73,83,0,0,0
2020-07-15 13:30,129,60,69,0,0,0
2020-07-15 13:45,164,88,76,0,0,0
2020-07-15 14:00,155,74,81,0,0,0
2020-07-15 14:15,135,65,70,0,0,0
2020-07-15 14:30,148,49,99,0,0,0
2020-07-15 14:45,172,70,102,0,0,0
2020-07-15 15:00,153,58,95,0,0,0
2020-07-15 15:15,154,63,91,0,0,0
2020-07-15 15:30,115,44,71,0,0,0
2020-07-15 15:45,190,81,109,0,0,0
2020-07-15 16:00,183,72,111,0,0,0
2020-07-15 16:15,206,89,117,0,0,0
2020-07-15 16:30,193,82,111,0,0,0
2020-07-15 16:45,153,63,90,0,0,0
2020-07-15 17:00,196,81,115,0,0,0
2020-07-15 17:15,195,79,116,0,0,0
2020-07-15 17:30,188,56,132,0,0,0
2020-07-15 17:45,188,72,116,0,0,0
2020-07-15 18:00,173,61,112,0,0,0
2020-07-15 18:15,195,64,131,0,0,0
2020-07-15 18:30,152,52,100,0,0,0
2020-07-15 18:45,169,79,90,0,0,0
2020-07-15 19:00,128,53,75,0,0,0
2020-07-15 19:15,105,37,68,0,0,0
2020-07-15 19:30,110,37,73,0,0,0
2020-07-15 19:45,81,27,54,0,0,0
2020-07-15 20:00,100,34,66,0,0,0
2020-07-15 20:15,74,27,47,0,0,0
2020-07-15 20:30,53,24,29,0,0,0
2020-07-15 20:45,63,20,43,0,0,0
2020-07-15 21:00,59,19,40,0,0,0
2020-07-15 21:15,61,19,42,0,0,0
2020-07-15 21:30,51,22,29,0,0,0
2020-07-15 21:45,50,17,33,0,0,0
2020-07-15 22:00,54,15,39,0,0,0
2020-07-15 22:15,56,21,35,0,0,0
2020-07-15 22:30,36,14,22,0,0,0
2020-07-15 22:45,31,5,26,0,0,0
2020-07-15 23:00,37,6,31,0,0,0
2020-07-15 23:15,26,8,18,0,0,0
2020-07-15 23:30,32,10,22,0,0,0
2020-07-15 23:45,24,9,15,0,0,0
2020-07-16 00:00,17,7,10,0,0,0
2020-07-16 00:15,10,5,5,0,0,0
2020-07-16 00:30,19,9,10,0,0,0
2020-07-16 00:45,13,6,7,0,0,0
2020-07-16 01:00,2,0,2,0,0,0
2020-07-16 01:15,7,3,4,0,0,0
2020-07-16 01:30,11,1,10,0,0,0
2020-07-16 01:45,5,0,5,0,0,0
2020-07-16 02:00,4,1,3,0,0,0
2020-07-16 02:15,4,2,2,0,0,0
2020-07-16 02:30,5,1,4,0,0,0
2020-07-16 02:45,2,1,1,0,0,0
2020-07-16 03:00,2,0,2,0,0,0
2020-07-16 03:15,3,1,2,0,0,0
2020-07-16 03:30,6,0,6,0,0,0
2020-07-16 03:45,3,0,3,0,0,0
2020-07-16 04:00,3,0,3,0,0,0
2020-07-16 04:15,3,3,0,0,0,0
2020-07-16 04:30,4,1,3,0,0,0
2020-07-16 04:45,1,0,1,0,0,0
2020-07-16 05:00,5,3,2,0,0,0
2020-07-16 05:15,8,4,4,0,0,0
2020-07-16 05:30,17,14,3,0,0,0
2020-07-16 05:45,22,17,5,0,0,0
2020-07-16 06:00,19,13,6,0,0,0
2020-07-16 06:15,35,27,8,0,0,0
2020-07-16 06:30,40,27,13,0,0,0
2020-07-16 06:45,53,35,18,0,0,0
2020-07-16 07:00,74,48,26,0,0,0
2020-07-16 07:15,79,51,28,0,0,0
2020-07-16 07:30,82,57,25,0,0,0
2020-07-16 07:45,112,75,37,0,0,0
2020-07-16 08:00,91,63,28,0,0,0
2020-07-16 08:15,89,58,31,0,0,0
2020-07-16 08:30,112,63,49,0,0,0
2020-07-16 08:45,131,99,32,0,0,0
2020-07-16 09:00,75,46,29,0,0,0
2020-07-16 09:15,94,57,37,0,0,0
2020-07-16 09:30,83,53,30,0,0,0
2020-07-16 09:45,107,65,42,0,0,0
2020-07-16 10:00,85,52,33,0,0,0
2020-07-16 10:15,100,46,54,0,0,0
2020-07-16 10:30,89,43,46,0,0,0
2020-07-16 10:45,102,48,54,0,0,0
2020-07-16 11:00,110,59,51,0,0,0
2020-07-16 11:15,102,45,57,0,0,0
2020-07-16 11:30,99,49,50,0,0,0
2020-07-16 11:45,102,50,52,0,0,0
2020-07-16 12:00,80,41,39,0,0,0
2020-07-16 12:15,110,37,73,0,0,0
2020-07-16 12:30,115,44,71,0,0,0
2020-07-16 12:45,133,71,62,0,0,0
2020-07-16 13:00,121,60,61,0,0,0
2020-07-16 13:15,91,32,59,0,0,0
2020-07-16 13:30,125,62,63,0,0,0
2020-07-16 13:45,146,68,78,0,0,0
2020-07-16 14:00,125,59,66,0,0,0
2020-07-16 14:15,125,58,67,0,0,0
2020-07-16 14:30,137,66,71,0,0,0
2020-07-16 14:45,161,70,91,0,0,0
2020-07-16 15:00,151,67,84,0,0,0
2020-07-16 15:15,122,55,67,0,0,0
2020-07-16 15:30,146,67,79,0,0,0
2020-07-16 15:45,192,96,96,0,0,0
2020-07-16 16:00,172,57,115,0,0,0
2020-07-16 16:15,193,73,120,0,0,0
2020-07-16 16:30,163,57,106,0,0,0
2020-07-16 16:45,190,57,133,0,0,0
2020-07-16 17:00,178,80,98,0,0,0
2020-07-16 17:15,185,66,119,0,0,0
2020-07-16 17:30,177,74,103,0,0,0
2020-07-16 17:45,208,91,117,0,0,0
2020-07-16 18:00,185,66,119,0,0,0
2020-07-16 18:15,202,87,115,0,0,0
2020-07-16 18:30,150,61,89,0,0,0
2020-07-16 18:45,158,69,89,0,0,0
2020-07-16 19:00,148,44,104,0,0,0
2020-07-16 19:15,129,52,77,0,0,0
2020-07-16 19:30,106,38,68,0,0,0
2020-07-16 19:45,83,35,48,0,0,0
2020-07-16 20:00,90,38,52,0,0,0
2020-07-16 20:15,75,29,46,0,0,0
2020-07-16 20:30,64,22,42,0,0,0
2020-07-16 20:45,64,32,32,0,0,0
2020-07-16 21:00,67,21,46,0,0,0
2020-07-16 21:15,41,13,28,0,0,0
2020-07-16 21:30,38,15,23,0,0,0
2020-07-16 21:45,41,14,27,0,0,0
2020-07-16 22:00,47,8,39,0,0,0
2020-07-16 22:15,47,21,26,0,0,0
2020-07-16 22:30,42,13,29,0,0,0
2020-07-16 22:45,40,12,28,0,0,0
2020-07-16 23:00,27,8,19,0,0,0
2020-07-16 23:15,19,13,6,0,0,0
2020-07-16 23:30,17,6,11,0,0,0
2020-07-16 23:45,24,4,20,0,0,0
2020-07-17 00:00,10,3,7,0,0,0
2020-07-17 00:15,10,5,5,0,0,0
2020-07-17 00:30,15,3,12,0,0,0
2020-07-17 00:45,8,2,6,0,0,0
2020-07-17 01:00,12,5,7,0,0,0
2020-07-17 01:15,15,3,12,0,0,0
2020-07-17 01:30,5,0,5,0,0,0
2020-07-17 01:45,10,3,7,0,0,0
2020-07-17 02:00,3,1,2,0,0,0
2020-07-17 02:15,9,2,7,0,0,0
2020-07-17 02:30,8,0,8,0,0,0
2020-07-17 02:45,1,1,0,0,0,0
2020-07-17 03:00,5,1,4,0,0,0
2020-07-17 03:15,0,0,0,0,0,0
2020-07-17 03:30,0,0,0,0,0,0
2020-07-17 03:45,3,1,2,0,0,0
2020-07-17 04:00,1,1,0,0,0,0
2020-07-17 04:15,1,1,0,0,0,0
2020-07-17 04:30,3,2,1,0,0,0
2020-07-17 04:45,3,3,0,0,0,0
2020-07-17 05:00,4,4,0,0,0,0
2020-07-17 05:15,5,3,2,0,0,0
2020-07-17 05:30,20,12,8,0,0,0
2020-07-17 05:45,19,17,2,0,0,0
2020-07-17 06:00,22,13,9,0,0,0
2020-07-17 06:15,40,29,11,0,0,0
2020-07-17 06:30,40,20,20,0,0,0
2020-07-17 06:45,58,48,10,0,0,0
2020-07-17 07:00,65,44,21,0,0,0
2020-07-17 07:15,65,44,21,0,0,0
2020-07-17 07:30,92,65,27,0,0,0
2020-07-17 07:45,112,77,35,0,0,0
2020-07-17 08:00,83,56,27,0,0,0
2020-07-17 08:15,96,57,39,0,0,0
2020-07-17 08:30,84,55,29,0,0,0
2020-07-17 08:45,112,84,28,0,0,0
2020-07-17 09:00,65,50,15,0,0,0
2020-07-17 09:15,100,63,37,0,0,0
2020-07-17 09:30,94,56,38,0,0,0
2020-07-17 09:45,132,91,41,0,0,0
2020-07-17 10:00,110,54,56,0,0,0
2020-07-17 10:15,97,53,44,0,0,0
2020-07-17 10:30,107,74,33,0,0,0
2020-07-17 10:45,115,68,47,0,0,0
2020-07-17 11:00,127,65,62,0,0,0
2020-07-17 11:15,112,58,54,0,0,0
2020-07-17 11:30,134,70,64,0,0,0
2020-07-17 11:45,148,58,90,0,0,0
2020-07-17 12:00,120,53,67,0,0,0
2020-07-17 12:15,149,61,88,0,0,0
2020-07-17 12:30,166,75,91,0,0,0
2020-07-17 12:45,178,74,104,0,0,0
2020-07-17 13:00,156,67,89,0,0,0
2020-07-17 13:15,171,70,101,0,0,0
2020-07-17 13:30,181,74,107,0,0,0
2020-07-17 13:45,160,73,87,0,0,0
2020-07-17 14:00,163,85,78,0,0,0
2020-07-17 14:15,144,72,72,0,0,0
2020-07-17 14:30,178,88,90,0,0,0
2020-07-17 14:45,157,73,84,0,0,0
2020-07-17 15:00,191,65,126,0,0,0
2020-07-17 15:15,162,70,92,0,0,0
2020-07-17 15:30,143,52,91,0,0,0
2020-07-17 15:45,192,88,104,0,0,0
2020-07-17 16:00,192,80,112,0,0,0
2020-07-17 16:15,171,79,92,0,0,0
2020-07-17 16:30,159,75,84,0,0,0
2020-07-17 16:45,152,54,98,0,0,0
2020-07-17 17:00,152,65,87,0,0,0
2020-07-17 17:15,173,72,101,0,0,0
2020-07-17 17:30,200,100,100,0,0,0
2020-07-17 17:45,161,81,80,0,0,0
2020-07-17 18:00,143,69,74,0,0,0
2020-07-17 18:15,149,59,90,0,0,0
2020-07-17 18:30,128,50,78,0,0,0
2020-07-17 18:45,148,80,68,0,0,0
2020-07-17 19:00,131,56,75,0,0,0
2020-07-17 19:15,140,58,82,0,0,0
2020-07-17 19:30,71,33,38,0,0,0
2020-07-17 19:45,111,41,70,0,0,0
2020-07-17 20:00,106,37,69,0,0,0
2020-07-17 20:15,87,37,50,0,0,0
2020-07-17 20:30,98,35,63,0,0,0
2020-07-17 20:45,53,23,30,0,0,0
2020-07-17 21:00,62,20,42,0,0,0
2020-07-17 21:15,51,17,34,0,0,0
2020-07-17 21:30,65,23,42,0,0,0
2020-07-17 21:45,59,16,43,0,0,0
2020-07-17 22:00,38,22,16,0,0,0
2020-07-17 22:15,48,16,32,0,0,0
2020-07-17 22:30,53,19,34,0,0,0
2020-07-17 22:45,47,13,34,0,0,0
2020-07-17 23:00,62,22,40,0,0,0
2020-07-17 23:15,51,18,33,0,0,0
2020-07-17 23:30,44,14,30,0,0,0
2020-07-17 23:45,50,16,34,0,0,0
2020-07-18 00:00,30,7,23,0,0,0
2020-07-18 00:15,40,9,31,0,0,0
2020-07-18 00:30,33,16,17,0,0,0
2020-07-18 00:45,33,10,23,0,0,0
2020-07-18 01:00,15,2,13,0,0,0
2020-07-18 01:15,20,5,15,0,0,0
2020-07-18 01:30,23,6,17,0,0,0
2020-07-18 01:45,19,10,9,0,0,0
2020-07-18 02:00,7,3,4,0,0,0
2020-07-18 02:15,10,4,6,0,0,0
2020-07-18 02:30,10,2,8,0,0,0
2020-07-18 02:45,12,3,9,0,0,0
2020-07-18 03:00,4,1,3,0,0,0
2020-07-18 03:15,12,2,10,0,0,0
2020-07-18 03:30,6,3,3,0,0,0
2020-07-18 03:45,9,3,6,0,0,0
2020-07-18 04:00,15,6,9,0,0,0
2020-07-18 04:15,7,2,5,0,0,0
2020-07-18 04:30,7,1,6,0,0,0
2020-07-18 04:45,1,1,0,0,0,0
2020-07-18 05:00,3,3,0,0,0,0
2020-07-18 05:15,11,4,7,0,0,0
2020-07-18 05:30,11,7,4,0,0,0
2020-07-18 05:45,16,11,5,0,0,0
2020-07-18 06:00,5,4,1,0,0,0
2020-07-18 06:15,5,4,1,0,0,0
2020-07-18 06:30,10,7,3,0,0,0
2020-07-18 06:45,14,4,10,0,0,0
2020-07-18 07:00,16,6,10,0,0,0
2020-07-18 07:15,21,13,8,0,0,0
2020-07-18 07:30,18,14,4,0,0,0
2020-07-18 07:45,41,20,21,0,0,0
2020-07-18 08:00,24,13,11,0,0,0
2020-07-18 08:15,29,21,8,0,0,0
2020-07-18 08:30,43,20,23,0,0,0
2020-07-18 08:45,62,38,24,0,0,0
2020-07-18 09:00,54,35,19,0,0,0
2020-07-18 09:15,90,56,34,0,0,0
2020-07-18 09:30,82,54,28,0,0,0
2020-07-18 09:45,116,89,27,0,0,0
2020-07-18 10:00,126,74,52,0,0,0
2020-07-18 10:15,136,83,53,0,0,0
2020-07-18 10:30,124,80,44,0,0,0
2020-07-18 10:45,147,101,46,0,0,0
2020-07-18 11:00,186,123,63,0,0,0
2020-07-18 11:15,147,96,51,0,0,0
2020-07-18 11:30,172,101,71,0,0,0
2020-07-18 11:45,195,102,93,0,0,0
2020-07-18 12:00,180,88,92,0,0,0
2020-07-18 12:15,155,86,69,0,0,0
2020-07-18 12:30,150,78,72,0,0,0
2020-07-18 12:45,153,75,78,0,0,0
2020-07-18 13:00,159,79,80,0,0,0
2020-07-18 13:15,170,76,94,0,0,0
2020-07-18 13:30,140,70,70,0,0,0
2020-07-18 13:45,167,68,99,0,0,0
2020-07-18 14:00,156,68,88,0,0,0
2020-07-18 14:15,169,90,79,0,0,0
2020-07-18 14:30,135,57,78,0,0,0
2020-07-18 14:45,183,95,88,0,0,0
2020-07-18 15:00,168,51,117,0,0,0
2020-07-18 15:15,138,81,57,0,0,0
2020-07-18 15:30,148,52,96,0,0,0
2020-07-18 15:45,159,75,84,0,0,0
2020-07-18 16:00,136,56,80,0,0,0
2020-07-18 16:15,129,60,69,0,0,0
2020-07-18 16:30,135,62,73,0,0,0
2020-07-18 16:45,96,41,55,0,0,0
2020-07-18 17:00,139,66,73,0,0,0
2020-07-18 17:15,128,54,74,0,0,0
2020-07-18 17:30,114,48,66,0,0,0
2020-07-18 17:45,134,64,70,0,0,0
2020-07-18 18:00,120,46,74,0,0,0
2020-07-18 18:15,119,62,57,0,0,0
2020-07-18 18:30,96,34,62,0,0,0
2020-07-18 18:45,122,60,62,0,0,0
2020-07-18 19:00,134,48,86,0,0,0
2020-07-18 19:15,89,45,44,0,0,0
2020-07-18 19:30,77,41,36,0,0,0
2020-07-18 19:45,104,48,56,0,0,0
2020-07-18 20:00,78,42,36,0,0,0
2020-07-18 20:15,90,39,51,0,0,0
2020-07-18 20:30,66,32,34,0,0,0
2020-07-18 20:45,56,18,38,0,0,0
2020-07-18 21:00,63,27,36,0,0,0
2020-07-18 21:15,79,27,52,0,0,0
2020-07-18 21:30,47,16,31,0,0,0
2020-07-18 21:45,61,19,42,0,0,0
2020-07-18 22:00,49,17,32,0,0,0
2020-07-18 22:15,38,6,32,0,0,0
2020-07-18 22:30,49,21,28,0,0,0
2020-07-18 22:45,52,32,20,0,0,0
2020-07-18 23:00,50,14,36,0,0,0
2020-07-18 23:15,66,23,43,0,0,0
2020-07-18 23:30,43,21,22,0,0,0
2020-07-18 23:45,40,26,14,0,0,0
2020-07-19 00:00,34,8,26,0,0,0
2020-07-19 00:15,35,14,21,0,0,0
2020-07-19 00:30,30,12,18,0,0,0
2020-07-19 00:45,33,17,16,0,0,0
2020-07-19 01:00,30,11,19,0,0,0
2020-07-19 01:15,17,10,7,0,0,0
2020-07-19 01:30,26,1,25,0,0,0
2020-07-19 01:45,11,4,7,0,0,0
2020-07-19 02:00,21,1,20,0,0,0
2020-07-19 02:15,27,9,18,0,0,0
2020-07-19 02:30,12,3,9,0,0,0
2020-07-19 02:45,11,2,9,0,0,0
2020-07-19 03:00,8,5,3,0,0,0
2020-07-19 03:15,10,1,9,0,0,0
2020-07-19 03:30,8,1,7,0,0,0
2020-07-19 03:45,10,2,8,0,0,0
2020-07-19 04:00,3,0,3,0,0,0
2020-07-19 04:15,7,2,5,0,0,0
2020-07-19 04:30,2,1,1,0,0,0
2020-07-19 04:45,5,2,3,0,0,0
2020-07-19 05:00,5,2,3,0,0,0
2020-07-19 05:15,7,0,7,0,0,0
2020-07-19 05:30,12,5,7,0,0,0
2020-07-19 05:45,5,3,2,0,0,0
2020-07-19 06:00,4,3,1,0,0,0
2020-07-19 06:15,3,2,1,0,0,0
2020-07-19 06:30,6,3,3,0,0,0
2020-07-19 06:45,4,2,2,0,0,0
2020-07-19 07:00,7,3,4,0,0,0
2020-07-19 07:15,4,2,2,0,0,0
2020-07-19 07:30,6,3,3,0,0,0
2020-07-19 07:45,6,4,2,0,0,0
2020-07-19 08:00,7,2,5,0,0,0
2020-07-19 08:15,7,3,4,0,0,0
2020-07-19 08:30,14,10,4,0,0,0
2020-07-19 08:45,16,12,4,0,0,0
2020-07-19 09:00,18,10,8,0,0,0
2020-07-19 09:15,21,14,7,0,0,0
2020-07-19 09:30,28,16,12,0,0,0
2020-07-19 09:45,49,35,14,0,0,0
2020-07-19 10:00,42,27,15,0,0,0
2020-07-19 10:15,27,11,16,0,0,0
2020-07-19 10:30,33,14,19,0,0,0
2020-07-19 10:45,35,19,16,0,0,0
2020-07-19 11:00,31,15,16,0,0,0
2020-07-19 11:15,53,22,31,0,0,0
2020-07-19 11:30,63,34,29,0,0,0
2020-07-19 11:45,59,29,30,0,0,0
2020-07-19 12:00,59,22,37,0,0,0
2020-07-19 12:15,52,22,30,0,0,0
2020-07-19 12:30,69,37,32,0,0,0
2020-07-19 12:45,48,25,23,0,0,0
2020-07-19 13:00,49,20,29,0,0,0
2020-07-19 13:15,72,29,43,0,0,0
2020-07-19 13:30,72,33,39,0,0,0
2020-07-19 13:45,91,54,37,0,0,0
2020-07-19 14:00,74,32,42,0,0,0
2020-07-19 14:15,68,32,36,0,0,0
2020-07-19 14:30,65,30,35,0,0,0
2020-07-19 14:45,85,39,46,0,0,0
2020-07-19 15:00,82,38,44,0,0,0
2020-07-19 15:15,89,44,45,0,0,0
2020-07-19 15:30,65,36,29,0,0,0
2020-07-19 15:45,84,36,48,0,0,0
2020-07-19 16:00,110,46,64,0,0,0
2020-07-19 16:15,76,38,38,0,0,0
2020-07-19 16:30,79,34,45,0,0,0
2020-07-19 16:45,85,38,47,0,0,0
2020-07-19 17:00,93,28,65,0,0,0
2020-07-19 17:15,69,28,41,0,0,0
2020-07-19 17:30,92,32,60,0,0,0
2020-07-19 17:45,93,42,51,0,0,0
2020-07-19 18:00,90,39,51,0,0,0
2020-07-19 18:15,88,37,51,0,0,0
2020-07-19 18:30,94,40,54,0,0,0
2020-07-19 18:45,86,35,51,0,0,0
2020-07-19 19:00,70,28,42,0,0,0
2020-07-19 19:15,64,27,37,0,0,0
2020-07-19 19:30,78,39,39,0,0,0
2020-07-19 19:45,55,26,29,0,0,0
2020-07-19 20:00,43,18,25,0,0,0
2020-07-19 20:15,60,29,31,0,0,0
2020-07-19 20:30,52,11,41,0,0,0
2020-07-19 20:45,42,19,23,0,0,0
2020-07-19 21:00,38,21,17,0,0,0
2020-07-19 21:15,52,10,42,0,0,0
2020-07-19 21:30,34,15,19,0,0,0
2020-07-19 21:45,40,16,24,0,0,0
2020-07-19 22:00,29,6,23,0,0,0
2020-07-19 22:15,37,11,26,0,0,0
2020-07-19 22:30,37,12,25,0,0,0
2020-07-19 22:45,27,8,19,0,0,0
2020-07-19 23:00,17,8,9,0,0,0
2020-07-19 23:15,28,10,18,0,0,0
2020-07-19 23:30,8,1,7,0,0,0
2020-07-19 23:45,16,1,15,0,0,0
2020-07-20 00:00,11,2,9,0,0,0
2020-07-20 00:15,7,4,3,0,0,0
2020-07-20 00:30,3,1,2,0,0,0
2020-07-20 00:45,5,1,4,0,0,0
2020-07-20 01:00,6,3,3,0,0,0
2020-07-20 01:15,3,1,2,0,0,0
2020-07-20 01:30,3,2,1,0,0,0
2020-07-20 01:45,1,0,1,0,0,0
2020-07-20 02:00,7,4,3,0,0,0
2020-07-20 02:15,4,2,2,0,0,0
2020-07-20 02:30,1,0,1,0,0,0
2020-07-20 02:45,0,0,0,0,0,0
2020-07-20 03:00,0,0,0,0,0,0
2020-07-20 03:15,1,1,0,0,0,0
2020-07-20 03:30,0,0,0,0,0,0
2020-07-20 03:45,1,0,1,0,0,0
2020-07-20 04:00,0,0,0,0,0,0
2020-07-20 04:15,2,2,0,0,0,0
2020-07-20 04:30,4,2,2,0,0,0
2020-07-20 04:45,3,0,3,0,0,0
2020-07-20 05:00,0,0,0,0,0,0
2020-07-20 05:15,8,7,1,0,0,0
2020-07-20 05:30,14,8,6,0,0,0
2020-07-20 05:45,15,13,2,0,0,0
2020-07-20 06:00,24,19,5,0,0,0
2020-07-20 06:15,26,19,7,0,0,0
2020-07-20 06:30,46,31,15,0,0,0
2020-07-20 06:45,49,38,11,0,0,0
2020-07-20 07:00,55,30,25,0,0,0
2020-07-20 07:15,72,49,23,0,0,0
2020-07-20 07:30,99,62,37,0,0,0
2020-07-20 07:45,120,89,31,0,0,0
2020-07-20 08:00,70,44,26,0,0,0
2020-07-20 08:15,94,59,35,0,0,0
2020-07-20 08:30,105,72,33,0,0,0
2020-07-20 08:45,102,71,31,0,0,0
2020-07-20 09:00,87,50,37,0,0,0
2020-07-20 09:15,85,59,26,0,0,0
2020-07-20 09:30,72,47,25,0,0,0
2020-07-20 09:45,96,72,24,0,0,0
2020-07-20 10:00,99,56,43,0,0,0
2020-07-20 10:15,100,57,43,0,0,0
2020-07-20 10:30,91,47,44,0,0,0
2020-07-20 10:45,129,62,67,0,0,0
2020-07-20 11:00,114,61,53,0,0,0
2020-07-20 11:15,124,66,58,0,0,0
2020-07-20 11:30,116,65,51,0,0,0
2020-07-20 11:45,104,53,51,0,0,0
2020-07-20 12:00,110,46,64,0,0,0
2020-07-20 12:15,113,54,59,0,0,0
2020-07-20 12:30,114,47,67,0,0,0
2020-07-20 12:45,134,55,79,0,0,0
2020-07-20 13:00,141,57,84,0,0,0
2020-07-20 13:15,132,61,71,0,0,0
2020-07-20 13:30,148,66,82,0,0,0
2020-07-20 13:45,136,77,59,0,0,0
2020-07-20 14:00,131,52,79,0,0,0
2020-07-20 14:15,124,57,67,0,0,0
2020-07-20 14:30,135,61,74,0,0,0
2020-07-20 14:45,167,68,99,0,0,0
2020-07-20 15:00,159,62,97,0,0,0
2020-07-20 15:15,136,65,71,0,0,0
2020-07-20 15:30,170,63,107,0,0,0
2020-07-20 15:45,169,73,96,0,0,0
2020-07-20 16:00,224,87,137,0,0,0
2020-07-20 16:15,182,64,118,0,0,0
2020-07-20 16:30,189,91,98,0,0,0
2020-07-20 16:45,200,67,133,0,0,0
2020-07-20 17:00,192,72,120,0,0,0
2020-07-20 17:15,177,73,104,0,0,0
2020-07-20 17:30,206,69,137,0,0,0
2020-07-20 17:45,180,65,115,0,0,0
2020-07-20 18:00,187,60,127,0,0,0
2020-07-20 18:15,160,47,113,0,0,0
2020-07-20 18:30,143,51,92,0,0,0
2020-07-20 18:45,124,54,70,0,0,0
2020-07-20 19:00,155,47,108,0,0,0
2020-07-20 19:15,124,36,88,0,0,0
2020-07-20 19:30,88,33,55,0,0,0
2020-07-20 19:45,93,33,60,0,0,0
2020-07-20 20:00,110,42,68,0,0,0
2020-07-20 20:15,71,33,38,0,0,0
2020-07-20 20:30,72,25,47,0,0,0
2020-07-20 20:45,57,25,32,0,0,0
2020-07-20 21:00,63,28,35,0,0,0
2020-07-20 21:15,52,20,32,0,0,0
2020-07-20 21:30,51,15,36,0,0,0
2020-07-20 21:45,56,24,32,0,0,0
2020-07-20 22:00,54,16,38,0,0,0
2020-07-20 22:15,24,12,12,0,0,0
2020-07-20 22:30,22,6,16,0,0,0
2020-07-20 22:45,32,13,19,0,0,0
2020-07-20 23:00,19,11,8,0,0,0
2020-07-20 23:15,27,4,23,0,0,0
2020-07-20 23:30,17,10,7,0,0,0
2020-07-20 23:45,8,6,2,0,0,0
2020-07-21 00:00,14,8,6,0,0,0
2020-07-21 00:15,10,1,9,0,0,0
2020-07-21 00:30,11,2,9,0,0,0
2020-07-21 00:45,9,4,5,0,0,0
2020-07-21 01:00,10,5,5,0,0,0
2020-07-21 01:15,7,3,4,0,0,0
2020-07-21 01:30,8,1,7,0,0,0
2020-07-21 01:45,6,2,4,0,0,0
2020-07-21 02:00,4,1,3,0,0,0
2020-07-21 02:15,4,3,1,0,0,0
2020-07-21 02:30,0,0,0,0,0,0
2020-07-21 02:45,3,0,3,0,0,0
2020-07-21 03:00,3,1,2,0,0,0
2020-07-21 03:15,4,1,3,0,0,0
2020-07-21 03:30,0,0,0,0,0,0
2020-07-21 03:45,1,0,1,0,0,0
2020-07-21 04:00,1,1,0,0,0,0
2020-07-21 04:15,4,3,1,0,0,0
2020-07-21 04:30,1,1,0,0,0,0
2020-07-21 04:45,4,3,1,0,0,0
2020-07-21 05:00,3,3,0,0,0,0
2020-07-21 05:15,8,5,3,0,0,0
2020-07-21 05:30,14,10,4,0,0,0
2020-07-21 05:45,24,19,5,0,0,0
2020-07-21 06:00,31,20,11,0,0,0
2020-07-21 06:15,42,31,11,0,0,0
2020-07-21 06:30,54,36,18,0,0,0
2020-07-21 06:45,83,60,23,0,0,0
2020-07-21 07:00,72,49,23,0,0,0
2020-07-21 07:15,111,71,40,0,0,0
2020-07-21 07:30,108,68,40,0,0,0
2020-07-21 07:45,132,85,47,0,0,0
2020-07-21 08:00,109,70,39,0,0,0
2020-07-21 08:15,117,71,46,0,0,0
2020-07-21 08:30,114,76,38,0,0,0
2020-07-21 08:45,136,94,42,0,0,0
2020-07-21 09:00,103,68,35,0,0,0
2020-07-21 09:15,102,63,39,0,0,0
2020-07-21 09:30,113,66,47,0,0,0
2020-07-21 09:45,108,63,45,0,0,0
2020-07-21 10:00,94,60,34,0,0,0
2020-07-21 10:15,128,87,41,0,0,0
2020-07-21 10:30,95,57,38,0,0,0
2020-07-21 10:45,136,78,58,0,0,0
2020-07-21 11:00,102,52,50,0,0,0
2020-07-21 11:15,124,59,65,0,0,0
2020-07-21 11:30,116,59,57,0,0,0
2020-07-21 11:45,144,69,75,0,0,0
2020-07-21 12:00,127,73,54,0,0,0
2020-07-21 12:15,112,50,62,0,0,0
2020-07-21 12:30,149,63,86,0,0,0
2020-07-21 12:45,153,84,69,0,0,0
2020-07-21 13:00,151,65,86,0,0,0
2020-07-21 13:15,126,56,70,0,0,0
2020-07-21 13:30,110,52,58,0,0,0
2020-07-21 13:45,154,69,85,0,0,0
2020-07-21 14:00,159,79,80,0,0,0
2020-07-21 14:15,146,69,77,0,0,0
2020-07-21 14:30,143,58,85,0,0,0
2020-07-21 14:45,135,74,61,0,0,0
2020-07-21 15:00,157,80,77,0,0,0
2020-07-21 15:15,160,63,97,0,0,0
2020-07-21 15:30,151,73,78,0,0,0
2020-07-21 15:45,202,99,103,0,0,0
2020-07-21 16:00,204,78,126,0,0,0
2020-07-21 16:15,180,76,104,0,0,0
2020-07-21 16:30,172,71,101,0,0,0
2020-07-21 16:45,205,109,96,0,0,0
2020-07-21 17:00,203,65,138,0,0,0
2020-07-21 17:15,224,90,134,0,0,0
2020-07-21 17:30,162,58,104,0,0,0
2020-07-21 17:45,236,95,141,0,0,0
2020-07-21 18:00,194,69,125,0,0,0
2020-07-21 18:15,186,60,126,0,0,0
2020-07-21 18:30,144,50,94,0,0,0
2020-07-21 18:45,164,69,95,0,0,0
2020-07-21 19:00,157,49,108,0,0,0
2020-07-21 19:15,132,54,78,0,0,0
2020-07-21 19:30,102,42,60,0,0,0
2020-07-21 19:45,106,53,53,0,0,0
2020-07-21 20:00,107,43,64,0,0,0
2020-07-21 20:15,82,31,51,0,0,0
2020-07-21 20:30,67,20,47,0,0,0
2020-07-21 20:45,66,25,41,0,0,0
2020-07-21 21:00,61,25,36,0,0,0
2020-07-21 21:15,75,22,53,0,0,0
2020-07-21 21:30,69,18,51,0,0,0
2020-07-21 21:45,46,16,30,0,0,0
2020-07-21 22:00,56,15,41,0,0,0
2020-07-21 22:15,51,18,33,0,0,0
2020-07-21 22:30,48,18,30,0,0,0
2020-07-21 22:45,40,9,31,0,0,0
2020-07-21 23:00,23,6,17,0,0,0
2020-07-21 23:15,37,12,25,0,0,0
2020-07-21 23:30,22,4,18,0,0,0
2020-07-21 23:45,23,12,11,0,0,0
2020-07-22 00:00,18,2,16,0,0,0
2020-07-22 00:15,17,8,9,0,0,0
2020-07-22 00:30,13,5,8,0,0,0
2020-07-22 00:45,4,0,4,0,0,0
2020-07-22 01:00,5,2,3,0,0,0
2020-07-22 01:15,4,0,4,0,0,0
2020-07-22 01:30,7,4,3,0,0,0
2020-07-22 01:45,5,1,4,0,0,0
2020-07-22 02:00,5,1,4,0,0,0
2020-07-22 02:15,5,3,2,0,0,0
2020-07-22 02:30,1,1,0,0,0,0
2020-07-22 02:45,8,1,7,0,0,0
2020-07-22 03:00,1,0,1,0,0,0
2020-07-22 03:15,3,1,2,0,0,0
2020-07-22 03:30,7,1,6,0,0,0
2020-07-22 03:45,0,0,0,0,0,0
2020-07-22 04:00,0,0,0,0,0,0
2020-07-22 04:15,3,3,0,0,0,0
2020-07-22 04:30,5,3,2,0,0,0
2020-07-22 04:45,1,0,1,0,0,0
2020-07-22 05:00,3,3,0,0,0,0
2020-07-22 05:15,4,4,0,0,0,0
2020-07-22 05:30,23,14,9,0,0,0
2020-07-22 05:45,26,19,7,0,0,0
2020-07-22 06:00,25,18,7,0,0,0
2020-07-22 06:15,38,30,8,0,0,0
2020-07-22 06:30,46,31,15,0,0,0
2020-07-22 06:45,72,46,26,0,0,0
2020-07-22 07:00,87,61,26,0,0,0
2020-07-22 07:15,94,53,41,0,0,0
2020-07-22 07:30,126,86,40,0,0,0
2020-07-22 07:45,138,101,37,0,0,0
2020-07-22 08:00,110,66,44,0,0,0
2020-07-22 08:15,111,68,43,0,0,0
2020-07-22 08:30,126,87,39,0,0,0
2020-07-22 08:45,115,85,30,0,0,0
2020-07-22 09:00,94,60,34,0,0,0
2020-07-22 09:15,108,68,40,0,0,0
2020-07-22 09:30,131,91,40,0,0,0
2020-07-22 09:45,141,83,58,0,0,0
2020-07-22 10:00,124,83,41,0,0,0
2020-07-22 10:15,164,106,58,0,0,0
2020-07-22 10:30,142,84,58,0,0,0
2020-07-22 10:45,163,97,66,0,0,0
2020-07-22 11:00,136,77,59,0,0,0
2020-07-22 11:15,105,60,45,0,0,0
2020-07-22 11:30,121,59,62,0,0,0
2020-07-22 11:45,191,104,87,0,0,0
2020-07-22 12:00,152,66,86,0,0,0
2020-07-22 12:15,149,75,74,0,0,0
2020-07-22 12:30,157,78,79,0,0,0
2020-07-22 12:45,167,90,77,0,0,0
2020-07-22 13:00,146,62,84,0,0,0
2020-07-22 13:15,157,71,86,0,0,0
2020-07-22 13:30,178,85,93,0,0,0
2020-07-22 13:45,162,72,90,0,0,0
2020-07-22 14:00,148,63,85,0,0,0
2020-07-22 14:15,170,57,113,0,0,0
2020-07-22 14:30,130,47,83,0,0,0
2020-07-22 14:45,152,71,81,0,0,0
2020-07-22 15:00,173,77,96,0,0,0
2020-07-22 15:15,171,85,86,0,0,0
2020-07-22 15:30,143,61,82,0,0,0
2020-07-22 15:45,153,67,86,0,0,0
2020-07-22 16:00,156,59,97,0,0,0
2020-07-22 16:15,185,78,107,0,0,0
2020-07-22 16:30,187,82,105,0,0,0
2020-07-22 16:45,185,75,110,0,0,0
2020-07-22 17:00,222,95,127,0,0,0
2020-07-22 17:15,201,72,129,0,0,0
2020-07-22 17:30,199,89,110,0,0,0
2020-07-22 17:45,196,71,125,0,0,0
2020-07-22 18:00,205,78,127,0,0,0
2020-07-22 18:15,171,65,106,0,0,0
2020-07-22 18:30,136,55,81,0,0,0
2020-07-22 18:45,176,73,103,0,0,0
2020-07-22 19:00,132,48,84,0,0,0
2020-07-22 19:15,124,44,80,0,0,0
2020-07-22 19:30,116,46,70,0,0,0
2020-07-22 19:45,114,59,55,0,0,0
2020-07-22 20:00,82,29,53,0,0,0
2020-07-22 20:15,79,23,56,0,0,0
2020-07-22 20:30,78,30,48,0,0,0
2020-07-22 20:45,71,27,44,0,0,0
2020-07-22 21:00,59,39,20,0,0,0
2020-07-22 21:15,78,29,49,0,0,0
2020-07-22 21:30,49,19,30,0,0,0
2020-07-22 21:45,53,26,27,0,0,0
2020-07-22 22:00,48,19,29,0,0,0
2020-07-22 22:15,41,15,26,0,0,0
2020-07-22 22:30,36,15,21,0,0,0
2020-07-22 22:45,55,17,38,0,0,0
2020-07-22 23:00,40,12,28,0,0,0
2020-07-22 23:15,35,10,25,0,0,0
2020-07-22 23:30,22,10,12,0,0,0
2020-07-22 23:45,17,8,9,0,0,0
2020-07-23 00:00,22,3,19,0,0,0
2020-07-23 00:15,10,4,6,0,0,0
2020-07-23 00:30,19,9,10,0,0,0
2020-07-23 00:45,17,2,15,0,0,0
2020-07-23 01:00,11,5,6,0,0,0
2020-07-23 01:15,10,3,7,0,0,0
2020-07-23 01:30,10,3,7,0,0,0
2020-07-23 01:45,0,0,0,0,0,0
2020-07-23 02:00,3,1,2,0,0,0
2020-07-23 02:15,3,1,2,0,0,0
2020-07-23 02:30,2,0,2,0,0,0
2020-07-23 02:45,2,1,1,0,0,0
2020-07-23 03:00,2,0,2,0,0,0
2020-07-23 03:15,6,0,6,0,0,0
2020-07-23 03:30,1,0,1,0,0,0
2020-07-23 03:45,3,1,2,0,0,0
2020-07-23 04:00,0,0,0,0,0,0
2020-07-23 04:15,4,4,0,0,0,0
2020-07-23 04:30,4,2,2,0,0,0
2020-07-23 04:45,5,2,3,0,0,0
2020-07-23 05:00,6,6,0,0,0,0
2020-07-23 05:15,5,5,0,0,0,0
2020-07-23 05:30,18,12,6,0,0,0
2020-07-23 05:45,26,20,6,0,0,0
2020-07-23 06:00,31,21,10,0,0,0
2020-07-23 06:15,33,27,6,0,0,0
2020-07-23 06:30,42,31,11,0,0,0
2020-07-23 06:45,65,46,19,0,0,0
2020-07-23 07:00,61,32,29,0,0,0
2020-07-23 07:15,108,66,42,0,0,0
2020-07-23 07:30,101,66,35,0,0,0
2020-07-23 07:45,126,95,31,0,0,0
2020-07-23 08:00,106,64,42,0,0,0
2020-07-23 08:15,94,62,32,0,0,0
2020-07-23 08:30,94,67,27,0,0,0
2020-07-23 08:45,113,77,36,0,0,0
2020-07-23 09:00,92,67,25,0,0,0
2020-07-23 09:15,89,62,27,0,0,0
2020-07-23 09:30,94,69,25,0,0,0
2020-07-23 09:45,106,67,39,0,0,0
2020-07-23 10:00,93,66,27,0,0,0
2020-07-23 10:15,83,44,39,0,0,0
2020-07-23 10:30,95,53,42,0,0,0
2020-07-23 10:45,125,73,52,0,0,0
2020-07-23 11:00,128,62,66,0,0,0
2020-07-23 11:15,113,63,50,0,0,0
2020-07-23 11:30,122,62,60,0,0,0
2020-07-23 11:45,141,78,63,0,0,0
2020-07-23 12:00,109,50,59,0,0,0
2020-07-23 12:15,153,85,68,0,0,0
2020-07-23 12:30,134,65,69,0,0,0
2020-07-23 12:45,140,69,71,0,0,0
2020-07-23 13:00,143,62,81,0,0,0
2020-07-23 13:15,148,76,72,0,0,0
2020-07-23 13:30,126,70,56,0,0,0
2020-07-23 13:45,147,68,79,0,0,0
2020-07-23 14:00,159,75,84,0,0,0
2020-07-23 14:15,193,86,107,0,0,0
2020-07-23 14:30,144,69,75,0,0,0
2020-07-23 14:45,194,95,99,0,0,0
2020-07-23 15:00,187,81,106,0,0,0
2020-07-23 15:15,169,76,93,0,0,0
2020-07-23 15:30,159,77,82,0,0,0
2020-07-23 15:45,199,102,97,0,0,0
2020-07-23 16:00,186,75,111,0,0,0
2020-07-23 16:15,211,94,117,0,0,0
2020-07-23 16:30,175,72,103,0,0,0
2020-07-23 16:45,192,69,123,0,0,0
2020-07-23 17:00,208,78,130,0,0,0
2020-07-23 17:15,157,68,89,0,0,0
2020-07-23 17:30,173,54,119,0,0,0
2020-07-23 17:45,191,72,119,0,0,0
2020-07-23 18:00,169,73,96,0,0,0
2020-07-23 18:15,195,68,127,0,0,0
2020-07-23 18:30,148,49,99,0,0,0
2020-07-23 18:45,142,53,89,0,0,0
2020-07-23 19:00,131,49,82,0,0,0
2020-07-23 19:15,121,37,84,0,0,0
2020-07-23 19:30,122,56,66,0,0,0
2020-07-23 19:45,117,43,74,0,0,0
2020-07-23 20:00,105,37,68,0,0,0
2020-07-23 20:15,81,23,58,0,0,0
2020-07-23 20:30,61,19,42,0,0,0
2020-07-23 20:45,71,36,35,0,0,0
2020-07-23 21:00,62,29,33,0,0,0
2020-07-23 21:15,52,16,36,0,0,0
2020-07-23 21:30,71,25,46,0,0,0
2020-07-23 21:45,63,22,41,0,0,0
2020-07-23 22:00,69,21,48,0,0,0
2020-07-23 22:15,59,17,42,0,0,0
2020-07-23 22:30,51,20,31,0,0,0
2020-07-23 22:45,46,12,34,0,0,0
2020-07-23 23:00,34,12,22,0,0,0
2020-07-23 23:15,32,8,24,0,0,0
2020-07-23 23:30,30,10,20,0,0,0
2020-07-23 23:45,17,2,15,0,0,0
2020-07-24 00:00,34,8,26,0,0,0
2020-07-24 00:15,14,5,9,0,0,0
2020-07-24 00:30,17,9,8,0,0,0
2020-07-24 00:45,14,2,12,0,0,0
2020-07-24 01:00,10,4,6,0,0,0
2020-07-24 01:15,8,5,3,0,0,0
2020-07-24 01:30,9,3,6,0,0,0
2020-07-24 01:45,13,7,6,0,0,0
2020-07-24 02:00,9,2,7,0,0,0
2020-07-24 02:15,7,1,6,0,0,0
2020-07-24 02:30,1,0,1,0,0,0
2020-07-24 02:45,3,0,3,0,0,0
2020-07-24 03:00,1,0,1,0,0,0
2020-07-24 03:15,2,0,2,0,0,0
2020-07-24 03:30,1,0,1,0,0,0
2020-07-24 03:45,1,1,0,0,0,0
2020-07-24 04:00,6,3,3,0,0,0
2020-07-24 04:15,3,3,0,0,0,0
2020-07-24 04:30,2,1,1,0,0,0
2020-07-24 04:45,4,2,2,0,0,0
2020-07-24 05:00,4,2,2,0,0,0
2020-07-24 05:15,12,7,5,0,0,0
2020-07-24 05:30,22,13,9,0,0,0
2020-07-24 05:45,19,16,3,0,0,0
2020-07-24 06:00,25,19,6,0,0,0
2020-07-24 06:15,31,23,8,0,0,0
2020-07-24 06:30,50,26,24,0,0,0
2020-07-24 06:45,61,49,12,0,0,0
2020-07-24 07:00,78,42,36,0,0,0
2020-07-24 07:15,85,41,44,0,0,0
2020-07-24 07:30,82,53,29,0,0,0
2020-07-24 07:45,108,76,32,0,0,0
2020-07-24 08:00,90,53,37,0,0,0
2020-07-24 08:15,106,64,42,0,0,0
2020-07-24 08:30,92,70,22,0,0,0
2020-07-24 08:45,122,81,41,0,0,0
2020-07-24 09:00,81,55,26,0,0,0
2020-07-24 09:15,80,55,25,0,0,0
2020-07-24 09:30,101,62,39,0,0,0
2020-07-24 09:45,108,73,35,0,0,0
2020-07-24 10:00,93,55,38,0,0,0
2020-07-24 10:15,132,70,62,0,0,0
2020-07-24 10:30,120,76,44,0,0,0
2020-07-24 10:45,101,61,40,0,0,0
2020-07-24 11:00,102,55,47,0,0,0
2020-07-24 11:15,115,53,62,0,0,0
2020-07-24 11:30,154,84,70,0,0,0
2020-07-24 11:45,104,58,46,0,0,0
2020-07-24 12:00,141,73,68,0,0,0
2020-07-24 12:15,141,63,78,0,0,0
2020-07-24 12:30,165,69,96,0,0,0
2020-07-24 12:45,130,64,66,0,0,0
2020-07-24 13:00,170,67,103,0,0,0
2020-07-24 13:15,167,74,93,0,0,0
2020-07-24 13:30,143,78,65,0,0,0
2020-07-24 13:45,145,52,93,0,0,0
2020-07-24 14:00,148,68,80,0,0,0
2020-07-24 14:15,159,72,87,0,0,0
2020-07-24 14:30,160,61,99,0,0,0
2020-07-24 14:45,156,77,79,0,0,0
2020-07-24 15:00,168,76,92,0,0,0
2020-07-24 15:15,155,65,90,0,0,0
2020-07-24 15:30,163,76,87,0,0,0
2020-07-24 15:45,161,56,105,0,0,0
2020-07-24 16:00,160,65,95,0,0,0
2020-07-24 16:15,166,90,76,0,0,0
2020-07-24 16:30,133,54,79,0,0,0
2020-07-24 16:45,145,67,78,0,0,0
2020-07-24 17:00,175,79,96,0,0,0
2020-07-24 17:15,137,61,76,0,0,0
2020-07-24 17:30,154,68,86,0,0,0
2020-07-24 17:45,156,66,90,0,0,0
2020-07-24 18:00,163,67,96,0,0,0
2020-07-24 18:15,123,48,75,0,0,0
2020-07-24 18:30,88,36,52,0,0,0
2020-07-24 18:45,105,43,62,0,0,0
2020-07-24 19:00,122,52,70,0,0,0
2020-07-24 19:15,113,40,73,0,0,0
2020-07-24 19:30,86,41,45,0,0,0
2020-07-24 19:45,122,57,65,0,0,0
2020-07-24 20:00,95,42,53,0,0,0
2020-07-24 20:15,78,33,45,0,0,0
2020-07-24 20:30,50,21,29,0,0,0
2020-07-24 20:45,64,31,33,0,0,0
2020-07-24 21:00,51,24,27,0,0,0
2020-07-24 21:15,39,18,21,0,0,0
2020-07-24 21:30,51,23,28,0,0,0
2020-07-24 21:45,32,7,25,0,0,0
2020-07-24 22:00,48,19,29,0,0,0
2020-07-24 22:15,40,15,25,0,0,0
2020-07-24 22:30,50,15,35,0,0,0
2020-07-24 22:45,41,18,23,0,0,0
2020-07-24 23:00,44,13,31,0,0,0
2020-07-24 23:15,49,7,42,0,0,0
2020-07-24 23:30,38,14,24,0,0,0
2020-07-24 23:45,31,9,22,0,0,0
2020-07-25 00:00,34,12,22,0,0,0
2020-07-25 00:15,41,12,29,0,0,0
2020-07-25 00:30,20,10,10,0,0,0
2020-07-25 00:45,28,5,23,0,0,0
2020-07-25 01:00,26,5,21,0,0,0
2020-07-25 01:15,16,5,11,0,0,0
2020-07-25 01:30,29,7,22,0,0,0
2020-07-25 01:45,25,13,12,0,0,0
2020-07-25 02:00,18,3,15,0,0,0
2020-07-25 02:15,12,3,9,0,0,0
2020-07-25 02:30,19,3,16,0,0,0
2020-07-25 02:45,9,2,7,0,0,0
2020-07-25 03:00,23,6,17,0,0,0
2020-07-25 03:15,1,0,1,0,0,0
2020-07-25 03:30,4,2,2,0,0,0
2020-07-25 03:45,3,1,2,0,0,0
2020-07-25 04:00,5,1,4,0,0,0
2020-07-25 04:15,5,2,3,0,0,0
2020-07-25 04:30,1,1,0,0,0,0
2020-07-25 04:45,3,0,3,0,0,0
2020-07-25 05:00,1,1,0,0,0,0
2020-07-25 05:15,7,3,4,0,0,0
2020-07-25 05:30,14,8,6,0,0,0
2020-07-25 05:45,16,11,5,0,0,0
2020-07-25 06:00,8,2,6,0,0,0
2020-07-25 06:15,8,5,3,0,0,0
2020-07-25 06:30,13,4,9,0,0,0
2020-07-25 06:45,16,7,9,0,0,0
2020-07-25 07:00,12,5,7,0,0,0
2020-07-25 07:15,28,19,9,0,0,0
2020-07-25 07:30,18,10,8,0,0,0
2020-07-25 07:45,27,16,11,0,0,0
2020-07-25 08:00,22,12,10,0,0,0
2020-07-25 08:15,38,25,13,0,0,0
2020-07-25 08:30,38,25,13,0,0,0
2020-07-25 08:45,60,40,20,0,0,0
2020-07-25 09:00,53,41,12,0,0,0
2020-07-25 09:15,86,65,21,0,0,0
2020-07-25 09:30,102,74,28,0,0,0
2020-07-25 09:45,97,70,27,0,0,0
2020-07-25 10:00,112,71,41,0,0,0
2020-07-25 10:15,115,85,30,0,0,0
2020-07-25 10:30,142,86,56,0,0,0
2020-07-25 10:45,149,104,45,0,0,0
2020-07-25 11:00,134,78,56,0,0,0
2020-07-25 11:15,110,65,45,0,0,0
2020-07-25 11:30,119,56,63,0,0,0
2020-07-25 11:45,157,92,65,0,0,0
2020-07-25 12:00,137,67,70,0,0,0
2020-07-25 12:15,139,75,64,0,0,0
2020-07-25 12:30,122,56,66,0,0,0
2020-07-25 12:45,158,72,86,0,0,0
2020-07-25 13:00,153,78,75,0,0,0
2020-07-25 13:15,154,76,78,0,0,0
2020-07-25 13:30,130,67,63,0,0,0
2020-07-25 13:45,144,69,75,0,0,0
2020-07-25 14:00,150,67,83,0,0,0
2020-07-25 14:15,141,64,77,0,0,0
2020-07-25 14:30,159,58,101,0,0,0
2020-07-25 14:45,125,50,75,0,0,0
2020-07-25 15:00,133,42,91,0,0,0
2020-07-25 15:15,125,42,83,0,0,0
2020-07-25 15:30,117,62,55,0,0,0
2020-07-25 15:45,118,44,74,0,0,0
2020-07-25 16:00,131,57,74,0,0,0
2020-07-25 16:15,101,41,60,0,0,0
2020-07-25 16:30,121,58,63,0,0,0
2020-07-25 16:45,99,35,64,0,0,0
2020-07-25 17:00,95,28,67,0,0,0
2020-07-25 17:15,138,38,100,0,0,0
2020-07-25 17:30,129,48,81,0,0,0
2020-07-25 17:45,117,53,64,0,0,0
2020-07-25 18:00,82,30,52,0,0,0
2020-07-25 18:15,107,31,76,0,0,0
2020-07-25 18:30,73,27,46,0,0,0
2020-07-25 18:45,97,50,47,0,0,0
2020-07-25 19:00,77,30,47,0,0,0
2020-07-25 19:15,86,28,58,0,0,0
2020-07-25 19:30,74,22,52,0,0,0
2020-07-25 19:45,77,29,48,0,0,0
2020-07-25 20:00,68,26,42,0,0,0
2020-07-25 20:15,51,19,32,0,0,0
2020-07-25 20:30,44,16,28,0,0,0
2020-07-25 20:45,56,24,32,0,0,0
2020-07-25 21:00,44,10,34,0,0,0
2020-07-25 21:15,40,15,25,0,0,0
2020-07-25 21:30,29,12,17,0,0,0
2020-07-25 21:45,37,16,21,0,0,0
2020-07-25 22:00,41,19,22,0,0,0
2020-07-25 22:15,33,3,30,0,0,0
2020-07-25 22:30,41,12,29,0,0,0
2020-07-25 22:45,25,10,15,0,0,0
2020-07-25 23:00,29,8,21,0,0,0
2020-07-25 23:15,27,14,13,0,0,0
2020-07-25 23:30,46,18,28,0,0,0
2020-07-25 23:45,39,13,26,0,0,0
2020-07-26 00:00,38,18,20,0,0,0
2020-07-26 00:15,36,10,26,0,0,0
2020-07-26 00:30,22,5,17,0,0,0
2020-07-26 00:45,22,6,16,0,0,0
2020-07-26 01:00,25,12,13,0,0,0
2020-07-26 01:15,24,7,17,0,0,0
2020-07-26 01:30,23,4,19,0,0,0
2020-07-26 01:45,16,8,8,0,0,0
2020-07-26 02:00,17,8,9,0,0,0
2020-07-26 02:15,11,1,10,0,0,0
2020-07-26 02:30,4,1,3,0,0,0
2020-07-26 02:45,4,0,4,0,0,0
2020-07-26 03:00,17,7,10,0,0,0
2020-07-26 03:15,11,1,10,0,0,0
2020-07-26 03:30,4,2,2,0,0,0
2020-07-26 03:45,10,8,2,0,0,0
2020-07-26 04:00,4,0,4,0,0,0
2020-07-26 04:15,5,2,3,0,0,0
2020-07-26 04:30,2,2,0,0,0,0
2020-07-26 04:45,4,1,3,0,0,0
2020-07-26 05:00,4,3,1,0,0,0
2020-07-26 05:15,5,5,0,0,0,0
2020-07-26 05:30,10,2,8,0,0,0
2020-07-26 05:45,5,2,3,0,0,0
2020-07-26 06:00,2,1,1,0,0,0
2020-07-26 06:15,4,4,0,0,0,0
2020-07-26 06:30,4,2,2,0,0,0
2020-07-26 06:45,4,2,2,0,0,0
2020-07-26 07:00,2,0,2,0,0,0
2020-07-26 07:15,9,4,5,0,0,0
2020-07-26 07:30,6,2,4,0,0,0
2020-07-26 07:45,11,5,6,0,0,0
2020-07-26 08:00,5,4,1,0,0,0
2020-07-26 08:15,11,6,5,0,0,0
2020-07-26 08:30,12,8,4,0,0,0
2020-07-26 08:45,12,9,3,0,0,0
2020-07-26 09:00,18,11,7,0,0,0
2020-07-26 09:15,26,13,13,0,0,0
2020-07-26 09:30,27,15,12,0,0,0
2020-07-26 09:45,37,22,15,0,0,0
2020-07-26 10:00,36,24,12,0,0,0
2020-07-26 10:15,26,20,6,0,0,0
2020-07-26 10:30,22,12,10,0,0,0
2020-07-26 10:45,28,13,15,0,0,0
2020-07-26 11:00,34,23,11,0,0,0
2020-07-26 11:15,39,20,19,0,0,0
2020-07-26 11:30,44,26,18,0,0,0
2020-07-26 11:45,51,27,24,0,0,0
2020-07-26 12:00,41,20,21,0,0,0
2020-07-26 12:15,59,28,31,0,0,0
2020-07-26 12:30,70,32,38,0,0,0
2020-07-26 12:45,59,32,27,0,0,0
2020-07-26 13:00,44,24,20,0,0,0
2020-07-26 13:15,49,22,27,0,0,0
2020-07-26 13:30,74,49,25,0,0,0
2020-07-26 13:45,63,32,31,0,0,0
2020-07-26 14:00,67,30,37,0,0,0
2020-07-26 14:15,77,36,41,0,0,0
2020-07-26 14:30,76,44,32,0,0,0
2020-07-26 14:45,98,54,44,0,0,0
2020-07-26 15:00,62,28,34,0,0,0
2020-07-26 15:15,90,43,47,0,0,0
2020-07-26 15:30,77,42,35,0,0,0
2020-07-26 15:45,94,60,34,0,0,0
2020-07-26 16:00,83,44,39,0,0,0
2020-07-26 16:15,79,38,41,0,0,0
2020-07-26 16:30,90,41,49,0,0,0
2020-07-26 16:45,84,33,51,0,0,0
2020-07-26 17:00,92,43,49,0,0,0
2020-07-26 17:15,93,45,48,0,0,0
2020-07-26 17:30,75,35,40,0,0,0
2020-07-26 17:45,83,26,57,0,0,0
2020-07-26 18:00,80,29,51,0,0,0
2020-07-26 18:15,96,52,44,0,0,0
2020-07-26 18:30,67,35,32,0,0,0
2020-07-26 18:45,77,31,46,0,0,0
2020-07-26 19:00,76,31,45,0,0,0
2020-07-26 19:15,68,31,37,0,0,0
2020-07-26 19:30,55,24,31,0,0,0
2020-07-26 19:45,61,34,27,0,0,0
2020-07-26 20:00,66,27,39,0,0,0
2020-07-26 20:15,64,19,45,0,0,0
2020-07-26 20:30,42,17,25,0,0,0
2020-07-26 20:45,37,13,24,0,0,0
2020-07-26 21:00,48,20,28,0,0,0
2020-07-26 21:15,47,19,28,0,0,0
2020-07-26 21:30,24,7,17,0,0,0
2020-07-26 21:45,34,11,23,0,0,0
2020-07-26 22:00,38,10,28,0,0,0
2020-07-26 22:15,16,5,11,0,0,0
2020-07-26 22:30,36,16,20,0,0,0
2020-07-26 22:45,25,7,18,0,0,0
2020-07-26 23:00,15,4,11,0,0,0
2020-07-26 23:15,10,2,8,0,0,0
2020-07-26 23:30,5,2,3,0,0,0
2020-07-26 23:45,16,8,8,0,0,0
2020-07-27 00:00,6,0,6,0,0,0
2020-07-27 00:15,4,1,3,0,0,0
2020-07-27 00:30,11,3,8,0,0,0
2020-07-27 00:45,4,1,3,0,0,0
2020-07-27 01:00,5,3,2,0,0,0
2020-07-27 01:15,2,0,2,0,0,0
2020-07-27 01:30,1,0,1,0,0,0
2020-07-27 01:45,4,0,4,0,0,0
2020-07-27 02:00,2,0,2,0,0,0
2020-07-27 02:15,2,0,2,0,0,0
2020-07-27 02:30,2,1,1,0,0,0
2020-07-27 02:45,3,1,2,0,0,0
2020-07-27 03:00,0,0,0,0,0,0
2020-07-27 03:15,2,0,2,0,0,0
2020-07-27 03:30,0,0,0,0,0,0
2020-07-27 03:45,0,0,0,0,0,0
2020-07-27 04:00,0,0,0,0,0,0
2020-07-27 04:15,1,1,0,0,0,0
2020-07-27 04:30,4,4,0,0,0,0
2020-07-27 04:45,2,2,0,0,0,0
2020-07-27 05:00,1,1,0,0,0,0
2020-07-27 05:15,12,7,5,0,0,0
2020-07-27 05:30,20,13,7,0,0,0
2020-07-27 05:45,24,20,4,0,0,0
2020-07-27 06:00,23,18,5,0,0,0
2020-07-27 06:15,39,32,7,0,0,0
2020-07-27 06:30,56,38,18,0,0,0
2020-07-27 06:45,55,41,14,0,0,0
2020-07-27 07:00,61,40,21,0,0,0
2020-07-27 07:15,90,57,33,0,0,0
2020-07-27 07:30,116,79,37,0,0,0
2020-07-27 07:45,102,74,28,0,0,0
2020-07-27 08:00,92,65,27,0,0,0
2020-07-27 08:15,86,58,28,0,0,0
2020-07-27 08:30,102,70,32,0,0,0
2020-07-27 08:45,115,74,41,0,0,0
2020-07-27 09:00,84,57,27,0,0,0
2020-07-27 09:15,84,59,25,0,0,0
2020-07-27 09:30,90,63,27,0,0,0
2020-07-27 09:45,124,82,42,0,0,0
2020-07-27 10:00,98,66,32,0,0,0
2020-07-27 10:15,99,53,46,0,0,0
2020-07-27 10:30,99,61,38,0,0,0
2020-07-27 10:45,111,66,45,0,0,0
2020-07-27 11:00,133,64,69,0,0,0
2020-07-27 11:15,119,55,64,0,0,0
2020-07-27 11:30,121,59,62,0,0,0
2020-07-27 11:45,106,40,66,0,0,0
2020-07-27 12:00,126,57,69,0,0,0
2020-07-27 12:15,125,56,69,0,0,0
2020-07-27 12:30,109,37,72,0,0,0
2020-07-27 12:45,76,33,43,0,0,0
2020-07-27 13:00,122,45,77,0,0,0
2020-07-27 13:15,102,46,56,0,0,0
2020-07-27 13:30,98,47,51,0,0,0
2020-07-27 13:45,131,66,65,0,0,0
2020-07-27 14:00,132,64,68,0,0,0
2020-07-27 14:15,119,43,76,0,0,0
2020-07-27 14:30,112,53,59,0,0,0
2020-07-27 14:45,108,51,57,0,0,0
2020-07-27 15:00,121,46,75,0,0,0
2020-07-27 15:15,144,57,87,0,0,0
2020-07-27 15:30,132,60,72,0,0,0
2020-07-27 15:45,158,66,92,0,0,0
2020-07-27 16:00,149,62,87,0,0,0
2020-07-27 16:15,202,90,112,0,0,0
2020-07-27 16:30,172,59,113,0,0,0
2020-07-27 16:45,225,91,134,0,0,0
2020-07-27 17:00,156,65,91,0,0,0
2020-07-27 17:15,188,69,119,0,0,0
2020-07-27 17:30,160,47,113,0,0,0
2020-07-27 17:45,188,62,126,0,0,0
2020-07-27 18:00,172,55,117,0,0,0
2020-07-27 18:15,142,42,100,0,0,0
2020-07-27 18:30,118,47,71,0,0,0
2020-07-27 18:45,128,52,76,0,0,0
2020-07-27 19:00,104,28,76,0,0,0
2020-07-27 19:15,105,25,80,0,0,0
2020-07-27 19:30,91,28,63,0,0,0
2020-07-27 19:45,73,34,39,0,0,0
2020-07-27 20:00,81,27,54,0,0,0
2020-07-27 20:15,61,25,36,0,0,0
2020-07-27 20:30,38,9,29,0,0,0
2020-07-27 20:45,48,19,29,0,0,0
2020-07-27 21:00,43,19,24,0,0,0
2020-07-27 21:15,45,17,28,0,0,0
2020-07-27 21:30,39,13,26,0,0,0
2020-07-27 21:45,35,13,22,0,0,0
2020-07-27 22:00,32,15,17,0,0,0
2020-07-27 22:15,43,12,31,0,0,0
2020-07-27 22:30,38,8,30,0,0,0
2020-07-27 22:45,26,7,19,0,0,0
2020-07-27 23:00,30,14,16,0,0,0
2020-07-27 23:15,16,6,10,0,0,0
2020-07-27 23:30,21,3,18,0,0,0
2020-07-27 23:45,24,1,23,0,0,0
2020-07-28 00:00,8,2,6,0,0,0
2020-07-28 00:15,8,2,6,0,0,0
2020-07-28 00:30,4,0,4,0,0,0
2020-07-28 00:45,6,2,4,0,0,0
2020-07-28 01:00,10,1,9,0,0,0
2020-07-28 01:15,4,1,3,0,0,0
2020-07-28 01:30,5,3,2,0,0,0
2020-07-28 01:45,2,0,2,0,0,0
2020-07-28 02:00,5,2,3,0,0,0
2020-07-28 02:15,0,0,0,0,0,0
2020-07-28 02:30,1,0,1,0,0,0
2020-07-28 02:45,2,0,2,0,0,0
2020-07-28 03:00,6,2,4,0,0,0
2020-07-28 03:15,1,0,1,0,0,0
2020-07-28 03:30,3,0,3,0,0,0
2020-07-28 03:45,0,0,0,0,0,0
2020-07-28 04:00,2,0,2,0,0,0
2020-07-28 04:15,6,3,3,0,0,0
2020-07-28 04:30,0,0,0,0,0,0
2020-07-28 04:45,4,4,0,0,0,0
2020-07-28 05:00,4,2,2,0,0,0
2020-07-28 05:15,13,6,7,0,0,0
2020-07-28 05:30,17,14,3,0,0,0
2020-07-28 05:45,23,23,0,0,0,0
2020-07-28 06:00,20,15,5,0,0,0
2020-07-28 06:15,44,36,8,0,0,0
2020-07-28 06:30,49,35,14,0,0,0
2020-07-28 06:45,59,42,17,0,0,0
2020-07-28 07:00,69,44,25,0,0,0
2020-07-28 07:15,87,63,24,0,0,0
2020-07-28 07:30,97,66,31,0,0,0
2020-07-28 07:45,135,98,37,0,0,0
2020-07-28 08:00,92,61,31,0,0,0
2020-07-28 08:15,113,74,39,0,0,0
2020-07-28 08:30,88,67,21,0,0,0
2020-07-28 08:45,129,92,37,0,0,0
2020-07-28 09:00,80,58,22,0,0,0
2020-07-28 09:15,79,50,29,0,0,0
2020-07-28 09:30,97,57,40,0,0,0
2020-07-28 09:45,111,71,40,0,0,0
2020-07-28 10:00,89,55,34,0,0,0
2020-07-28 10:15,76,35,41,0,0,0
2020-07-28 10:30,102,61,41,0,0,0
2020-07-28 10:45,122,75,47,0,0,0
2020-07-28 11:00,77,47,30,0,0,0
2020-07-28 11:15,94,45,49,0,0,0
2020-07-28 11:30,116,58,58,0,0,0
2020-07-28 11:45,112,54,58,0,0,0
2020-07-28 12:00,108,54,54,0,0,0
2020-07-28 12:15,120,46,74,0,0,0
2020-07-28 12:30,133,49,84,0,0,0
2020-07-28 12:45,153,58,95,0,0,0
2020-07-28 13:00,136,67,69,0,0,0
2020-07-28 13:15,137,52,85,0,0,0
2020-07-28 13:30,137,48,89,0,0,0
2020-07-28 13:45,151,81,70,0,0,0
2020-07-28 14:00,138,64,74,0,0,0
2020-07-28 14:15,162,80,82,0,0,0
2020-07-28 14:30,153,65,88,0,0,0
2020-07-28 14:45,163,97,66,0,0,0
2020-07-28 15:00,166,75,91,0,0,0
2020-07-28 15:15,161,70,91,0,0,0
2020-07-28 15:30,188,79,109,0,0,0
2020-07-28 15:45,172,65,107,0,0,0
2020-07-28 16:00,179,68,111,0,0,0
2020-07-28 16:15,195,70,125,0,0,0
2020-07-28 16:30,204,81,123,0,0,0
2020-07-28 16:45,193,70,123,0,0,0
2020-07-28 17:00,216,99,117,0,0,0
2020-07-28 17:15,215,81,134,0,0,0
2020-07-28 17:30,189,73,116,0,0,0
2020-07-28 17:45,217,75,142,0,0,0
2020-07-28 18:00,196,67,129,0,0,0
2020-07-28 18:15,174,71,103,0,0,0
2020-07-28 18:30,158,60,98,0,0,0
2020-07-28 18:45,131,56,75,0,0,0
2020-07-28 19:00,141,50,91,0,0,0
2020-07-28 19:15,123,43,80,0,0,0
2020-07-28 19:30,107,37,70,0,0,0
2020-07-28 19:45,130,55,75,0,0,0
2020-07-28 20:00,93,43,50,0,0,0
2020-07-28 20:15,65,22,43,0,0,0
2020-07-28 20:30,84,31,53,0,0,0
2020-07-28 20:45,39,12,27,0,0,0
2020-07-28 21:00,67,30,37,0,0,0
2020-07-28 21:15,64,21,43,0,0,0
2020-07-28 21:30,39,14,25,0,0,0
2020-07-28 21:45,44,8,36,0,0,0
2020-07-28 22:00,36,13,23,0,0,0
2020-07-28 22:15,35,9,26,0,0,0
2020-07-28 22:30,46,16,30,0,0,0
2020-07-28 22:45,37,16,21,0,0,0
2020-07-28 23:00,27,4,23,0,0,0
2020-07-28 23:15,26,6,20,0,0,0
2020-07-28 23:30,20,7,13,0,0,0
2020-07-28 23:45,9,3,6,0,0,0
2020-07-29 00:00,14,7,7,0,0,0
2020-07-29 00:15,10,4,6,0,0,0
2020-07-29 00:30,7,5,2,0,0,0
2020-07-29 00:45,14,5,9,0,0,0
2020-07-29 01:00,9,4,5,0,0,0
2020-07-29 01:15,13,6,7,0,0,0
2020-07-29 01:30,4,2,2,0,0,0
2020-07-29 01:45,1,1,0,0,0,0
2020-07-29 02:00,4,0,4,0,0,0
2020-07-29 02:15,4,0,4,0,0,0
2020-07-29 02:30,3,0,3,0,0,0
2020-07-29 02:45,2,1,1,0,0,0
2020-07-29 03:00,0,0,0,0,0,0
2020-07-29 03:15,1,1,0,0,0,0
2020-07-29 03:30,2,0,2,0,0,0
2020-07-29 03:45,1,0,1,0,0,0
2020-07-29 04:00,0,0,0,0,0,0
2020-07-29 04:15,3,3,0,0,0,0
2020-07-29 04:30,2,2,0,0,0,0
2020-07-29 04:45,3,3,0,0,0,0
2020-07-29 05:00,5,2,3,0,0,0
2020-07-29 05:15,6,5,1,0,0,0
2020-07-29 05:30,19,11,8,0,0,0
2020-07-29 05:45,31,23,8,0,0,0
2020-07-29 06:00,26,20,6,0,0,0
2020-07-29 06:15,46,37,9,0,0,0
2020-07-29 06:30,43,33,10,0,0,0
2020-07-29 06:45,52,40,12,0,0,0
2020-07-29 07:00,82,56,26,0,0,0
2020-07-29 07:15,98,58,40,0,0,0
2020-07-29 07:30,107,77,30,0,0,0
2020-07-29 07:45,137,94,43,0,0,0
2020-07-29 08:00,115,74,41,0,0,0
2020-07-29 08:15,113,72,41,0,0,0
2020-07-29 08:30,129,72,57,0,0,0
2020-07-29 08:45,129,86,43,0,0,0
2020-07-29 09:00,94,67,27,0,0,0
2020-07-29 09:15,110,78,32,0,0,0
2020-07-29 09:30,122,85,37,0,0,0
2020-07-29 09:45,152,106,46,0,0,0
2020-07-29 10:00,127,73,54,0,0,0
2020-07-29 10:15,126,74,52,0,0,0
2020-07-29 10:30,126,78,48,0,0,0
2020-07-29 10:45,138,75,63,0,0,0
2020-07-29 11:00,151,86,65,0,0,0
2020-07-29 11:15,131,65,66,0,0,0
2020-07-29 11:30,145,77,68,0,0,0
2020-07-29 11:45,161,63,98,0,0,0
2020-07-29 12:00,164,84,80,0,0,0
2020-07-29 12:15,184,82,102,0,0,0
2020-07-29 12:30,158,61,97,0,0,0
2020-07-29 12:45,163,85,78,0,0,0
2020-07-29 13:00,158,70,88,0,0,0
2020-07-29 13:15,172,70,102,0,0,0
2020-07-29 13:30,149,68,81,0,0,0
2020-07-29 13:45,172,71,101,0,0,0
2020-07-29 14:00,155,72,83,0,0,0
2020-07-29 14:15,146,54,92,0,0,0
2020-07-29 14:30,131,46,85,0,0,0
2020-07-29 14:45,151,68,83,0,0,0
2020-07-29 15:00,164,66,98,0,0,0
2020-07-29 15:15,143,56,87,0,0,0
2020-07-29 15:30,180,67,113,0,0,0
2020-07-29 15:45,186,86,100,0,0,0
2020-07-29 16:00,152,59,93,0,0,0
2020-07-29 16:15,192,79,113,0,0,0
2020-07-29 16:30,153,56,97,0,0,0
2020-07-29 16:45,167,65,102,0,0,0
2020-07-29 17:00,214,71,143,0,0,0
2020-07-29 17:15,195,78,117,0,0,0
2020-07-29 17:30,156,60,96,0,0,0
2020-07-29 17:45,182,62,120,0,0,0
2020-07-29 18:00,175,63,112,0,0,0
2020-07-29 18:15,191,77,114,0,0,0
2020-07-29 18:30,154,52,102,0,0,0
2020-07-29 18:45,134,60,74,0,0,0
2020-07-29 19:00,117,41,76,0,0,0
2020-07-29 19:15,122,38,84,0,0,0
2020-07-29 19:30,107,37,70,0,0,0
2020-07-29 19:45,89,35,54,0,0,0
2020-07-29 20:00,92,28,64,0,0,0
2020-07-29 20:15,73,37,36,0,0,0
2020-07-29 20:30,74,24,50,0,0,0
2020-07-29 20:45,62,26,36,0,0,0
2020-07-29 21:00,65,21,44,0,0,0
2020-07-29 21:15,82,36,46,0,0,0
2020-07-29 21:30,62,22,40,0,0,0
2020-07-29 21:45,45,13,32,0,0,0
2020-07-29 22:00,46,17,29,0,0,0
2020-07-29 22:15,74,31,43,0,0,0
2020-07-29 22:30,37,18,19,0,0,0
2020-07-29 22:45,43,16,27,0,0,0
2020-07-29 23:00,32,10,22,0,0,0
2020-07-29 23:15,32,11,21,0,0,0
2020-07-29 23:30,23,10,13,0,0,0
2020-07-29 23:45,14,9,5,0,0,0
2020-07-30 00:00,13,5,8,0,0,0
2020-07-30 00:15,18,3,15,0,0,0
2020-07-30 00:30,13,5,8,0,0,0
2020-07-30 00:45,7,4,3,0,0,0
2020-07-30 01:00,4,2,2,0,0,0
2020-07-30 01:15,9,5,4,0,0,0
2020-07-30 01:30,6,0,6,0,0,0
2020-07-30 01:45,8,3,5,0,0,0
2020-07-30 02:00,0,0,0,0,0,0
2020-07-30 02:15,4,0,4,0,0,0
2020-07-30 02:30,2,0,2,0,0,0
2020-07-30 02:45,7,2,5,0,0,0
2020-07-30 03:00,5,0,5,0,0,0
2020-07-30 03:15,5,1,4,0,0,0
2020-07-30 03:30,3,1,2,0,0,0
2020-07-30 03:45,0,0,0,0,0,0
2020-07-30 04:00,2,1,1,0,0,0
2020-07-30 04:15,4,3,1,0,0,0
2020-07-30 04:30,5,3,2,0,0,0
2020-07-30 04:45,6,6,0,0,0,0
2020-07-30 05:00,6,3,3,0,0,0
2020-07-30 05:15,11,7,4,0,0,0
2020-07-30 05:30,19,12,7,0,0,0
2020-07-30 05:45,25,24,1,0,0,0
2020-07-30 06:00,19,12,7,0,0,0
2020-07-30 06:15,47,35,12,0,0,0
2020-07-30 06:30,50,39,11,0,0,0
2020-07-30 06:45,63,42,21,0,0,0
2020-07-30 07:00,77,51,26,0,0,0
2020-07-30 07:15,90,56,34,0,0,0
2020-07-30 07:30,112,77,35,0,0,0
2020-07-30 07:45,122,86,36,0,0,0
2020-07-30 08:00,105,71,34,0,0,0
2020-07-30 08:15,133,89,44,0,0,0
2020-07-30 08:30,103,63,40,0,0,0
2020-07-30 08:45,129,93,36,0,0,0
2020-07-30 09:00,89,68,21,0,0,0
2020-07-30 09:15,87,62,25,0,0,0
2020-07-30 09:30,118,82,36,0,0,0
2020-07-30 09:45,121,88,33,0,0,0
2020-07-30 10:00,104,67,37,0,0,0
2020-07-30 10:15,89,57,32,0,0,0
2020-07-30 10:30,112,66,46,0,0,0
2020-07-30 10:45,138,88,50,0,0,0
2020-07-30 11:00,101,57,44,0,0,0
2020-07-30 11:15,116,51,65,0,0,0
2020-07-30 11:30,117,63,54,0,0,0
2020-07-30 11:45,120,56,64,0,0,0
2020-07-30 12:00,128,57,71,0,0,0
2020-07-30 12:15,126,48,78,0,0,0
2020-07-30 12:30,148,73,75,0,0,0
2020-07-30 12:45,148,62,86,0,0,0
2020-07-30 13:00,140,66,74,0,0,0
2020-07-30 13:15,139,65,74,0,0,0
2020-07-30 13:30,126,61,65,0,0,0
2020-07-30 13:45,155,80,75,0,0,0
2020-07-30 14:00,150,62,88,0,0,0
2020-07-30 14:15,145,56,89,0,0,0
2020-07-30 14:30,182,76,106,0,0,0
2020-07-30 14:45,168,76,92,0,0,0
2020-07-30 15:00,169,73,96,0,0,0
2020-07-30 15:15,180,80,100,0,0,0
2020-07-30 15:30,172,64,108,0,0,0
2020-07-30 15:45,207,90,117,0,0,0
2020-07-30 16:00,175,82,93,0,0,0
2020-07-30 16:15,199,75,124,0,0,0
2020-07-30 16:30,217,90,127,0,0,0
2020-07-30 16:45,240,105,135,0,0,0
2020-07-30 17:00,216,83,133,0,0,0
2020-07-30 17:15,187,85,102,0,0,0
2020-07-30 17:30,208,83,125,0,0,0
2020-07-30 17:45,191,89,102,0,0,0
2020-07-30 18:00,243,71,172,0,0,0
2020-07-30 18:15,186,66,120,0,0,0
2020-07-30 18:30,154,61,93,0,0,0
2020-07-30 18:45,155,57,98,0,0,0
2020-07-30 19:00,140,38,102,0,0,0
2020-07-30 19:15,130,53,77,0,0,0
2020-07-30 19:30,101,36,65,0,0,0
2020-07-30 19:45,109,48,61,0,0,0
2020-07-30 20:00,106,33,73,0,0,0
2020-07-30 20:15,105,46,59,0,0,0
2020-07-30 20:30,98,39,59,0,0,0
2020-07-30 20:45,77,22,55,0,0,0
2020-07-30 21:00,60,28,32,0,0,0
2020-07-30 21:15,58,19,39,0,0,0
2020-07-30 21:30,50,21,29,0,0,0
2020-07-30 21:45,59,20,39,0,0,0
2020-07-30 22:00,51,14,37,0,0,0
2020-07-30 22:15,52,15,37,0,0,0
2020-07-30 22:30,53,16,37,0,0,0
2020-07-30 22:45,56,21,35,0,0,0
2020-07-30 23:00,48,13,35,0,0,0
2020-07-30 23:15,21,8,13,0,0,0
2020-07-30 23:30,26,6,20,0,0,0
2020-07-30 23:45,28,6,22,0,0,0
2020-07-31 00:00,24,6,18,0,0,0
2020-07-31 00:15,17,3,14,0,0,0
2020-07-31 00:30,10,2,8,0,0,0
2020-07-31 00:45,15,5,10,0,0,0
2020-07-31 01:00,6,2,4,0,0,0
2020-07-31 01:15,2,2,0,0,0,0
2020-07-31 01:30,5,1,4,0,0,0
2020-07-31 01:45,4,2,2,0,0,0
2020-07-31 02:00,1,0,1,0,0,0
2020-07-31 02:15,2,1,1,0,0,0
2020-07-31 02:30,2,0,2,0,0,0
2020-07-31 02:45,5,2,3,0,0,0
2020-07-31 03:00,3,0,3,0,0,0
2020-07-31 03:15,3,1,2,0,0,0
2020-07-31 03:30,0,0,0,0,0,0
2020-07-31 03:45,2,0,2,0,0,0
2020-07-31 04:00,4,2,2,0,0,0
2020-07-31 04:15,1,0,1,0,0,0
2020-07-31 04:30,2,2,0,0,0,0
2020-07-31 04:45,4,3,1,0,0,0
2020-07-31 05:00,2,1,1,0,0,0
2020-07-31 05:15,15,7,8,0,0,0
2020-07-31 05:30,20,14,6,0,0,0
2020-07-31 05:45,18,17,1,0,0,0
2020-07-31 06:00,21,13,8,0,0,0
2020-07-31 06:15,29,21,8,0,0,0
2020-07-31 06:30,45,28,17,0,0,0
2020-07-31 06:45,63,44,19,0,0,0
2020-07-31 07:00,74,48,26,0,0,0
2020-07-31 07:15,90,53,37,0,0,0
2020-07-31 07:30,88,56,32,0,0,0
2020-07-31 07:45,91,59,32,0,0,0
2020-07-31 08:00,72,49,23,0,0,0
2020-07-31 08:15,97,53,44,0,0,0
2020-07-31 08:30,103,74,29,0,0,0
2020-07-31 08:45,110,74,36,0,0,0
2020-07-31 09:00,78,51,27,0,0,0
2020-07-31 09:15,109,68,41,0,0,0
2020-07-31 09:30,118,86,32,0,0,0
2020-07-31 09:45,116,91,25,0,0,0
2020-07-31 10:00,90,57,33,0,0,0
2020-07-31 10:15,118,71,47,0,0,0
2020-07-31 10:30,113,67,46,0,0,0
2020-07-31 10:45,117,58,59,0,0,0
2020-07-31 11:00,121,60,61,0,0,0
2020-07-31 11:15,126,68,58,0,0,0
2020-07-31 11:30,115,57,58,0,0,0
2020-07-31 11:45,157,75,82,0,0,0
2020-07-31 12:00,144,62,82,0,0,0
2020-07-31 12:15,150,51,99,0,0,0
2020-07-31 12:30,147,74,73,0,0,0
2020-07-31 12:45,129,61,68,0,0,0
2020-07-31 13:00,160,70,90,0,0,0
2020-07-31 13:15,149,66,83,0,0,0
2020-07-31 13:30,164,53,111,0,0,0
2020-07-31 13:45,177,68,109,0,0,0
2020-07-31 14:00,196,87,109,0,0,0
2020-07-31 14:15,178,77,101,0,0,0
2020-07-31 14:30,178,69,109,0,0,0
2020-07-31 14:45,169,62,107,0,0,0
2020-07-31 15:00,183,66,117,0,0,0
2020-07-31 15:15,160,58,102,0,0,0
2020-07-31 15:30,148,66,82,0,0,0
2020-07-31 15:45,176,66,110,0,0,0
2020-07-31 16:00,153,67,86,0,0,0
2020-07-31 16:15,156,68,88,0,0,0
2020-07-31 16:30,160,68,92,0,0,0
2020-07-31 16:45,153,68,85,0,0,0
2020-07-31 17:00,150,65,85,0,0,0
2020-07-31 17:15,155,73,82,0,0,0
2020-07-31 17:30,171,68,103,0,0,0
2020-07-31 17:45,165,84,81,0,0,0
2020-07-31 18:00,184,81,103,0,0,0
2020-07-31 18:15,169,66,103,0,0,0
2020-07-31 18:30,140,53,87,0,0,0
2020-07-31 18:45,141,72,69,0,0,0
2020-07-31 19:00,134,58,76,0,0,0
2020-07-31 19:15,151,69,82,0,0,0
2020-07-31 19:30,104,44,60,0,0,0
2020-07-31 19:45,105,47,58,0,0,0
2020-07-31 20:00,122,49,73,0,0,0
2020-07-31 20:15,92,38,54,0,0,0
2020-07-31 20:30,80,33,47,0,0,0
2020-07-31 20:45,81,34,47,0,0,0
2020-07-31 21:00,78,25,53,0,0,0
2020-07-31 21:15,79,20,59,0,0,0
2020-07-31 21:30,66,25,41,0,0,0
2020-07-31 21:45,72,27,45,0,0,0
2020-07-31 22:00,82,28,54,0,0,0
2020-07-31 22:15,63,20,43,0,0,0
2020-07-31 22:30,55,20,35,0,0,0
2020-07-31 22:45,49,8,41,0,0,0
2020-07-31 23:00,52,16,36,0,0,0
2020-07-31 23:15,57,23,34,0,0,0
2020-07-31 23:30,48,17,31,0,0,0
2020-07-31 23:45,55,18,37,0,0,0
