Datetime,100034980 (Hammer Straße),101034980 (Hammer Straße stadteinwärts),102034980 (Hammer Straße stadtauswärts),100034980-status,101034980-status,102034980-status
2020-01-01 00:00,3,0,3,0,0,0
2020-01-01 00:15,4,0,4,0,0,0
2020-01-01 00:30,15,1,14,0,0,0
2020-01-01 00:45,18,10,8,0,0,0
2020-01-01 01:00,18,5,13,0,0,0
2020-01-01 01:15,26,14,12,0,0,0
2020-01-01 01:30,24,6,18,0,0,0
2020-01-01 01:45,27,15,12,0,0,0
2020-01-01 02:00,43,15,28,0,0,0
2020-01-01 02:15,41,10,31,0,0,0
2020-01-01 02:30,50,26,24,0,0,0
2020-01-01 02:45,46,21,25,0,0,0
2020-01-01 03:00,45,18,27,0,0,0
2020-01-01 03:15,47,18,29,0,0,0
2020-01-01 03:30,39,14,25,0,0,0
2020-01-01 03:45,45,17,28,0,0,0
2020-01-01 04:00,43,18,25,0,0,0
2020-01-01 04:15,20,8,12,0,0,0
2020-01-01 04:30,20,7,13,0,0,0
2020-01-01 04:45,10,2,8,0,0,0
2020-01-01 05:00,12,2,10,0,0,0
2020-01-01 05:15,4,1,3,0,0,0
2020-01-01 05:30,15,5,10,0,0,0
2020-01-01 05:45,6,1,5,0,0,0
2020-01-01 06:00,9,2,7,0,0,0
2020-01-01 06:15,5,4,1,0,0,0
2020-01-01 06:30,7,3,4,0,0,0
2020-01-01 06:45,5,1,4,0,0,0
2020-01-01 07:00,1,1,0,0,0,0
2020-01-01 07:15,5,1,4,0,0,0
2020-01-01 07:30,4,1,3,0,0,0
2020-01-01 07:45,6,0,6,0,0,0
2020-01-01 08:00,3,1,2,0,0,0
2020-01-01 08:15,3,2,1,0,0,0
2020-01-01 08:30,2,1,1,0,0,0
2020-01-01 08:45,6,3,3,0,0,0
2020-01-01 09:00,3,2,1,0,0,0
2020-01-01 09:15,6,3,3,0,0,0
2020-01-01 09:30,8,5,3,0,0,0
2020-01-01 09:45,8,4,4,0,0,0
2020-01-01 10:00,8,5,3,0,0,0
2020-01-01 10:15,6,4,2,0,0,0
2020-01-01 10:30,10,5,5,0,0,0
2020-01-01 10:45,14,7,7,0,0,0
2020-01-01 11:00,8,6,2,0,0,0
2020-01-01 11:15,16,8,8,0,0,0
2020-01-01 11:30,14,8,6,0,0,0
2020-01-01 11:45,12,8,4,0,0,0
2020-01-01 12:00,16,8,8,0,0,0
2020-01-01 12:15,15,6,9,0,0,0
2020-01-01 12:30,20,10,10,0,0,0
2020-01-01 12:45,31,13,18,0,0,0
2020-01-01 13:00,22,13,9,0,0,0
2020-01-01 13:15,36,21,15,0,0,0
2020-01-01 13:30,22,8,14,0,0,0
2020-01-01 13:45,24,18,6,0,0,0
2020-01-01 14:00,27,13,14,0,0,0
2020-01-01 14:15,34,19,15,0,0,0
2020-01-01 14:30,41,21,20,0,0,0
2020-01-01 14:45,34,19,15,0,0,0
2020-01-01 15:00,24,8,16,0,0,0
2020-01-01 15:15,34,27,7,0,0,0
2020-01-01 15:30,48,22,26,0,0,0
2020-01-01 15:45,34,13,21,0,0,0
2020-01-01 16:00,36,19,17,0,0,0
2020-01-01 16:15,47,29,18,0,0,0
2020-01-01 16:30,38,24,14,0,0,0
2020-01-01 16:45,28,16,12,0,0,0
2020-01-01 17:00,39,13,26,0,0,0
2020-01-01 17:15,21,6,15,0,0,0
2020-01-01 17:30,21,11,10,0,0,0
2020-01-01 17:45,36,15,21,0,0,0
2020-01-01 18:00,17,8,9,0,0,0
2020-01-01 18:15,17,8,9,0,0,0
2020-01-01 18:30,26,6,20,0,0,0
2020-01-01 18:45,28,11,17,0,0,0
2020-01-01 19:00,28,16,12,0,0,0
2020-01-01 19:15,19,10,9,0,0,0
2020-01-01 19:30,24,13,11,0,0,0
2020-01-01 19:45,25,14,11,0,0,0
2020-01-01 20:00,13,3,10,0,0,0
2020-01-01 20:15,16,8,8,0,0,0
2020-01-01 20:30,16,8,8,0,0,0
2020-01-01 20:45,10,5,5,0,0,0
2020-01-01 21:00,9,2,7,0,0,0
2020-01-01 21:15,9,2,7,0,0,0
2020-01-01 21:30,7,2,5,0,0,0
2020-01-01 21:45,7,3,4,0,0,0
2020-01-01 22:00,6,2,4,0,0,0
2020-01-01 22:15,14,1,13,0,0,0
2020-01-01 22:30,18,3,15,0,0,0
2020-01-01 22:45,7,4,3,0,0,0
2020-01-01 23:00,2,0,2,0,0,0
2020-01-01 23:15,6,2,4,0,0,0
2020-01-01 23:30,6,4,2,0,0,0
2020-01-01 23:45,2,0,2,0,0,0
2020-01-02 00:00,4,2,2,0,0,0
2020-01-02 00:15,1,1,0,0,0,0
2020-01-02 00:30,3,1,2,0,0,0
2020-01-02 00:45,2,0,2,0,0,0
2020-01-02 01:00,2,1,1,0,0,0
2020-01-02 01:15,1,0,1,0,0,0
2020-01-02 01:30,2,0,2,0,0,0
2020-01-02 01:45,0,0,0,0,0,0
2020-01-02 02:00,0,0,0,0,0,0
2020-01-02 02:15,0,0,0,0,0,0
2020-01-02 02:30,3,0,3,0,0,0
2020-01-02 02:45,0,0,0,0,0,0
2020-01-02 03:00,0,0,0,0,0,0
2020-01-02 03:15,1,0,1,0,0,0
2020-01-02 03:30,2,0,2,0,0,0
2020-01-02 03:45,1,1,0,0,0,0
2020-01-02 04:00,0,0,0,0,0,0
2020-01-02 04:15,1,1,0,0,0,0
2020-01-02 04:30,1,1,0,0,0,0
2020-01-02 04:45,0,0,0,0,0,0
2020-01-02 05:00,0,0,0,0,0,0
2020-01-02 05:15,7,6,1,0,0,0
2020-01-02 05:30,17,12,5,0,0,0
2020-01-02 05:45,16,14,2,0,0,0
2020-01-02 06:00,14,9,5,0,0,0
2020-01-02 06:15,21,18,3,0,0,0
2020-01-02 06:30,24,13,11,0,0,0
2020-01-02 06:45,42,38,4,0,0,0
2020-01-02 07:00,42,30,12,0,0,0
2020-01-02 07:15,54,38,16,0,0,0
2020-01-02 07:30,51,33,18,0,0,0
2020-01-02 07:45,62,46,16,0,0,0
2020-01-02 08:00,50,34,16,0,0,0
2020-01-02 08:15,70,43,27,0,0,0
2020-01-02 08:30,57,39,18,0,0,0
2020-01-02 08:45,66,49,17,0,0,0
2020-01-02 09:00,48,35,13,0,0,0
2020-01-02 09:15,51,34,17,0,0,0
2020-01-02 09:30,61,51,10,0,0,0
2020-01-02 09:45,81,58,23,0,0,0
2020-01-02 10:00,73,48,25,0,0,0
2020-01-02 10:15,64,48,16,0,0,0
2020-01-02 10:30,66,47,19,0,0,0
2020-01-02 10:45,75,46,29,0,0,0
2020-01-02 11:00,73,38,35,0,0,0
2020-01-02 11:15,95,63,32,0,0,0
2020-01-02 11:30,86,50,36,0,0,0
2020-01-02 11:45,96,52,44,0,0,0
2020-01-02 12:00,103,57,46,0,0,0
2020-01-02 12:15,102,56,46,0,0,0
2020-01-02 12:30,80,53,27,0,0,0
2020-01-02 12:45,104,49,55,0,0,0
2020-01-02 13:00,80,43,37,0,0,0
2020-01-02 13:15,116,57,59,0,0,0
2020-01-02 13:30,89,44,45,0,0,0
2020-01-02 13:45,123,62,61,0,0,0
2020-01-02 14:00,104,48,56,0,0,0
2020-01-02 14:15,135,76,59,0,0,0
2020-01-02 14:30,107,50,57,0,0,0
2020-01-02 14:45,131,60,71,0,0,0
2020-01-02 15:00,113,46,67,0,0,0
2020-01-02 15:15,127,63,64,0,0,0
2020-01-02 15:30,120,62,58,0,0,0
2020-01-02 15:45,140,70,70,0,0,0
2020-01-02 16:00,151,69,82,0,0,0
2020-01-02 16:15,146,52,94,0,0,0
2020-01-02 16:30,136,48,88,0,0,0
2020-01-02 16:45,152,72,80,0,0,0
2020-01-02 17:00,110,44,66,0,0,0
2020-01-02 17:15,153,49,104,0,0,0
2020-01-02 17:30,110,42,68,0,0,0
2020-01-02 17:45,111,42,69,0,0,0
2020-01-02 18:00,108,33,75,0,0,0
2020-01-02 18:15,114,43,71,0,0,0
2020-01-02 18:30,81,26,55,0,0,0
2020-01-02 18:45,89,28,61,0,0,0
2020-01-02 19:00,95,29,66,0,0,0
2020-01-02 19:15,78,32,46,0,0,0
2020-01-02 19:30,54,13,41,0,0,0
2020-01-02 19:45,59,17,42,0,0,0
2020-01-02 20:00,55,12,43,0,0,0
2020-01-02 20:15,49,16,33,0,0,0
2020-01-02 20:30,28,8,20,0,0,0
2020-01-02 20:45,27,9,18,0,0,0
2020-01-02 21:00,25,11,14,0,0,0
2020-01-02 21:15,24,10,14,0,0,0
2020-01-02 21:30,25,9,16,0,0,0
2020-01-02 21:45,21,10,11,0,0,0
2020-01-02 22:00,23,8,15,0,0,0
2020-01-02 22:15,25,13,12,0,0,0
2020-01-02 22:30,25,6,19,0,0,0
2020-01-02 22:45,19,4,15,0,0,0
2020-01-02 23:00,15,1,14,0,0,0
2020-01-02 23:15,12,6,6,0,0,0
2020-01-02 23:30,15,5,10,0,0,0
2020-01-02 23:45,15,1,14,0,0,0
2020-01-03 00:00,15,6,9,0,0,0
2020-01-03 00:15,5,1,4,0,0,0
2020-01-03 00:30,11,4,7,0,0,0
2020-01-03 00:45,5,2,3,0,0,0
2020-01-03 01:00,5,1,4,0,0,0
2020-01-03 01:15,5,2,3,0,0,0
2020-01-03 01:30,2,0,2,0,0,0
2020-01-03 01:45,5,1,4,0,0,0
2020-01-03 02:00,2,0,2,0,0,0
2020-01-03 02:15,3,0,3,0,0,0
2020-01-03 02:30,3,2,1,0,0,0
2020-01-03 02:45,1,0,1,0,0,0
2020-01-03 03:00,2,1,1,0,0,0
2020-01-03 03:15,3,0,3,0,0,0
2020-01-03 03:30,0,0,0,0,0,0
2020-01-03 03:45,0,0,0,0,0,0
2020-01-03 04:00,0,0,0,0,0,0
2020-01-03 04:15,1,0,1,0,0,0
2020-01-03 04:30,1,1,0,0,0,0
2020-01-03 04:45,4,1,3,0,0,0
2020-01-03 05:00,3,3,0,0,0,0
2020-01-03 05:15,5,5,0,0,0,0
2020-01-03 05:30,11,9,2,0,0,0
2020-01-03 05:45,19,17,2,0,0,0
2020-01-03 06:00,24,17,7,0,0,0
2020-01-03 06:15,20,15,5,0,0,0
2020-01-03 06:30,30,23,7,0,0,0
2020-01-03 06:45,25,21,4,0,0,0
2020-01-03 07:00,55,40,15,0,0,0
2020-01-03 07:15,53,32,21,0,0,0
2020-01-03 07:30,52,35,17,0,0,0
2020-01-03 07:45,67,58,9,0,0,0
2020-01-03 08:00,59,36,23,0,0,0
2020-01-03 08:15,63,37,26,0,0,0
2020-01-03 08:30,48,34,14,0,0,0
2020-01-03 08:45,71,53,18,0,0,0
2020-01-03 09:00,43,31,12,0,0,0
2020-01-03 09:15,62,39,23,0,0,0
2020-01-03 09:30,65,45,20,0,0,0
2020-01-03 09:45,83,61,22,0,0,0
2020-01-03 10:00,83,47,36,0,0,0
2020-01-03 10:15,70,47,23,0,0,0
2020-01-03 10:30,65,46,19,0,0,0
2020-01-03 10:45,83,51,32,0,0,0
2020-01-03 11:00,63,33,30,0,0,0
2020-01-03 11:15,73,48,25,0,0,0
2020-01-03 11:30,62,30,32,0,0,0
2020-01-03 11:45,95,56,39,0,0,0
2020-01-03 12:00,93,28,65,0,0,0
2020-01-03 12:15,83,38,45,0,0,0
2020-01-03 12:30,86,35,51,0,0,0
2020-01-03 12:45,94,43,51,0,0,0
2020-01-03 13:00,102,45,57,0,0,0
2020-01-03 13:15,108,44,64,0,0,0
2020-01-03 13:30,83,28,55,0,0,0
2020-01-03 13:45,108,46,62,0,0,0
2020-01-03 14:00,84,30,54,0,0,0
2020-01-03 14:15,123,43,80,0,0,0
2020-01-03 14:30,107,51,56,0,0,0
2020-01-03 14:45,99,43,56,0,0,0
2020-01-03 15:00,77,25,52,0,0,0
2020-01-03 15:15,84,34,50,0,0,0
2020-01-03 15:30,81,31,50,0,0,0
2020-01-03 15:45,79,29,50,0,0,0
2020-01-03 16:00,84,25,59,0,0,0
2020-01-03 16:15,72,29,43,0,0,0
2020-01-03 16:30,61,24,37,0,0,0
2020-01-03 16:45,69,26,43,0,0,0
2020-01-03 17:00,55,20,35,0,0,0
2020-01-03 17:15,78,28,50,0,0,0
2020-01-03 17:30,74,31,43,0,0,0
2020-01-03 17:45,88,33,55,0,0,0
2020-01-03 18:00,68,18,50,0,0,0
2020-01-03 18:15,70,23,47,0,0,0
2020-01-03 18:30,66,29,37,0,0,0
2020-01-03 18:45,61,24,37,0,0,0
2020-01-03 19:00,49,11,38,0,0,0
2020-01-03 19:15,56,23,33,0,0,0
2020-01-03 19:30,57,29,28,0,0,0
2020-01-03 19:45,51,24,27,0,0,0
2020-01-03 20:00,61,17,44,0,0,0
2020-01-03 20:15,49,26,23,0,0,0
2020-01-03 20:30,26,11,15,0,0,0
2020-01-03 20:45,29,13,16,0,0,0
2020-01-03 21:00,34,16,18,0,0,0
2020-01-03 21:15,20,6,14,0,0,0
2020-01-03 21:30,29,7,22,0,0,0
2020-01-03 21:45,29,9,20,0,0,0
2020-01-03 22:00,25,7,18,0,0,0
2020-01-03 22:15,23,6,17,0,0,0
2020-01-03 22:30,28,6,22,0,0,0
2020-01-03 22:45,27,6,21,0,0,0
2020-01-03 23:00,22,5,17,0,0,0
2020-01-03 23:15,30,8,22,0,0,0
2020-01-03 23:30,26,7,19,0,0,0
2020-01-03 23:45,18,4,14,0,0,0
2020-01-04 00:00,12,6,6,0,0,0
2020-01-04 00:15,21,11,10,0,0,0
2020-01-04 00:30,15,4,11,0,0,0
2020-01-04 00:45,7,0,7,0,0,0
2020-01-04 01:00,16,4,12,0,0,0
2020-01-04 01:15,15,6,9,0,0,0
2020-01-04 01:30,10,2,8,0,0,0
2020-01-04 01:45,18,8,10,0,0,0
2020-01-04 02:00,1,1,0,0,0,0
2020-01-04 02:15,1,0,1,0,0,0
2020-01-04 02:30,5,1,4,0,0,0
2020-01-04 02:45,8,3,5,0,0,0
2020-01-04 03:00,3,0,3,0,0,0
2020-01-04 03:15,3,1,2,0,0,0
2020-01-04 03:30,4,2,2,0,0,0
2020-01-04 03:45,3,1,2,0,0,0
2020-01-04 04:00,3,1,2,0,0,0
2020-01-04 04:15,1,1,0,0,0,0
2020-01-04 04:30,3,1,2,0,0,0
2020-01-04 04:45,3,1,2,0,0,0
2020-01-04 05:00,6,3,3,0,0,0
2020-01-04 05:15,3,2,1,0,0,0
2020-01-04 05:30,8,4,4,0,0,0
2020-01-04 05:45,8,6,2,0,0,0
2020-01-04 06:00,3,3,0,0,0,0
2020-01-04 06:15,2,1,1,0,0,0
2020-01-04 06:30,3,3,0,0,0,0
2020-01-04 06:45,6,5,1,0,0,0
2020-01-04 07:00,9,8,1,0,0,0
2020-01-04 07:15,10,8,2,0,0,0
2020-01-04 07:30,11,5,6,0,0,0
2020-01-04 07:45,18,11,7,0,0,0
2020-01-04 08:00,20,12,8,0,0,0
2020-01-04 08:15,15,8,7,0,0,0
2020-01-04 08:30,27,20,7,0,0,0
2020-01-04 08:45,42,26,16,0,0,0
2020-01-04 09:00,47,31,16,0,0,0
2020-01-04 09:15,41,28,13,0,0,0
2020-01-04 09:30,77,60,17,0,0,0
2020-01-04 09:45,98,73,25,0,0,0
2020-01-04 10:00,80,58,22,0,0,0
2020-01-04 10:15,87,42,45,0,0,0
2020-01-04 10:30,109,85,24,0,0,0
2020-01-04 10:45,91,66,25,0,0,0
2020-01-04 11:00,100,69,31,0,0,0
2020-01-04 11:15,112,74,38,0,0,0
2020-01-04 11:30,120,84,36,0,0,0
2020-01-04 11:45,156,88,68,0,0,0
2020-01-04 12:00,151,85,66,0,0,0
2020-01-04 12:15,140,72,68,0,0,0
2020-01-04 12:30,159,91,68,0,0,0
2020-01-04 12:45,130,64,66,0,0,0
2020-01-04 13:00,121,63,58,0,0,0
2020-01-04 13:15,120,51,69,0,0,0
2020-01-04 13:30,119,71,48,0,0,0
2020-01-04 13:45,174,97,77,0,0,0
2020-01-04 14:00,128,64,64,0,0,0
2020-01-04 14:15,139,47,92,0,0,0
2020-01-04 14:30,112,31,81,0,0,0
2020-01-04 14:45,109,41,68,0,0,0
2020-01-04 15:00,116,44,72,0,0,0
2020-01-04 15:15,104,40,64,0,0,0
2020-01-04 15:30,83,24,59,0,0,0
2020-01-04 15:45,92,35,57,0,0,0
2020-01-04 16:00,88,48,40,0,0,0
2020-01-04 16:15,80,29,51,0,0,0
2020-01-04 16:30,76,35,41,0,0,0
2020-01-04 16:45,64,29,35,0,0,0
2020-01-04 17:00,73,39,34,0,0,0
2020-01-04 17:15,72,32,40,0,0,0
2020-01-04 17:30,59,22,37,0,0,0
2020-01-04 17:45,105,46,59,0,0,0
2020-01-04 18:00,88,24,64,0,0,0
2020-01-04 18:15,51,17,34,0,0,0
2020-01-04 18:30,62,22,40,0,0,0
2020-01-04 18:45,58,26,32,0,0,0
2020-01-04 19:00,53,27,26,0,0,0
2020-01-04 19:15,60,29,31,0,0,0
2020-01-04 19:30,72,35,37,0,0,0
2020-01-04 19:45,45,26,19,0,0,0
2020-01-04 20:00,65,19,46,0,0,0
2020-01-04 20:15,44,19,25,0,0,0
2020-01-04 20:30,34,15,19,0,0,0
2020-01-04 20:45,31,11,20,0,0,0
2020-01-04 21:00,27,9,18,0,0,0
2020-01-04 21:15,24,8,16,0,0,0
2020-01-04 21:30,10,3,7,0,0,0
2020-01-04 21:45,22,8,14,0,0,0
2020-01-04 22:00,18,5,13,0,0,0
2020-01-04 22:15,33,14,19,0,0,0
2020-01-04 22:30,31,8,23,0,0,0
2020-01-04 22:45,21,14,7,0,0,0
2020-01-04 23:00,29,9,20,0,0,0
2020-01-04 23:15,19,7,12,0,0,0
2020-01-04 23:30,23,8,15,0,0,0
2020-01-04 23:45,24,6,18,0,0,0
2020-01-05 00:00,24,9,15,0,0,0
2020-01-05 00:15,20,13,7,0,0,0
2020-01-05 00:30,13,9,4,0,0,0
2020-01-05 00:45,18,8,10,0,0,0
2020-01-05 01:00,25,3,22,0,0,0
2020-01-05 01:15,25,15,10,0,0,0
2020-01-05 01:30,12,3,9,0,0,0
2020-01-05 01:45,6,1,5,0,0,0
2020-01-05 02:00,10,1,9,0,0,0
2020-01-05 02:15,23,2,21,0,0,0
2020-01-05 02:30,9,2,7,0,0,0
2020-01-05 02:45,9,2,7,0,0,0
2020-01-05 03:00,3,0,3,0,0,0
2020-01-05 03:15,6,0,6,0,0,0
2020-01-05 03:30,3,1,2,0,0,0
2020-01-05 03:45,3,1,2,0,0,0
2020-01-05 04:00,1,0,1,0,0,0
2020-01-05 04:15,3,1,2,0,0,0
2020-01-05 04:30,3,1,2,0,0,0
2020-01-05 04:45,2,1,1,0,0,0
2020-01-05 05:00,2,1,1,0,0,0
2020-01-05 05:15,0,0,0,0,0,0
2020-01-05 05:30,10,7,3,0,0,0
2020-01-05 05:45,1,1,0,0,0,0
2020-01-05 06:00,1,1,0,0,0,0
2020-01-05 06:15,1,1,0,0,0,0
2020-01-05 06:30,2,1,1,0,0,0
2020-01-05 06:45,1,1,0,0,0,0
2020-01-05 07:00,2,2,0,0,0,0
2020-01-05 07:15,2,1,1,0,0,0
2020-01-05 07:30,4,2,2,0,0,0
2020-01-05 07:45,4,3,1,0,0,0
2020-01-05 08:00,3,1,2,0,0,0
2020-01-05 08:15,5,3,2,0,0,0
2020-01-05 08:30,8,5,3,0,0,0
2020-01-05 08:45,8,4,4,0,0,0
2020-01-05 09:00,1,1,0,0,0,0
2020-01-05 09:15,17,15,2,0,0,0
2020-01-05 09:30,20,12,8,0,0,0
2020-01-05 09:45,56,42,14,0,0,0
2020-01-05 10:00,33,20,13,0,0,0
2020-01-05 10:15,30,23,7,0,0,0
2020-01-05 10:30,15,10,5,0,0,0
2020-01-05 10:45,37,26,11,0,0,0
2020-01-05 11:00,27,20,7,0,0,0
2020-01-05 11:15,22,11,11,0,0,0
2020-01-05 11:30,27,16,11,0,0,0
2020-01-05 11:45,40,23,17,0,0,0
2020-01-05 12:00,49,16,33,0,0,0
2020-01-05 12:15,37,19,18,0,0,0
2020-01-05 12:30,47,22,25,0,0,0
2020-01-05 12:45,40,25,15,0,0,0
2020-01-05 13:00,41,11,30,0,0,0
2020-01-05 13:15,40,20,20,0,0,0
2020-01-05 13:30,48,21,27,0,0,0
2020-01-05 13:45,66,34,32,0,0,0
2020-01-05 14:00,48,16,32,0,0,0
2020-01-05 14:15,53,22,31,0,0,0
2020-01-05 14:30,63,30,33,0,0,0
2020-01-05 14:45,65,38,27,0,0,0
2020-01-05 15:00,53,30,23,0,0,0
2020-01-05 15:15,59,32,27,0,0,0
2020-01-05 15:30,60,26,34,0,0,0
2020-01-05 15:45,62,30,32,0,0,0
2020-01-05 16:00,53,24,29,0,0,0
2020-01-05 16:15,51,22,29,0,0,0
2020-01-05 16:30,55,25,30,0,0,0
2020-01-05 16:45,65,28,37,0,0,0
2020-01-05 17:00,61,26,35,0,0,0
2020-01-05 17:15,43,17,26,0,0,0
2020-01-05 17:30,65,32,33,0,0,0
2020-01-05 17:45,69,27,42,0,0,0
2020-01-05 18:00,61,20,41,0,0,0
2020-01-05 18:15,59,23,36,0,0,0
2020-01-05 18:30,54,18,36,0,0,0
2020-01-05 18:45,53,34,19,0,0,0
2020-01-05 19:00,52,22,30,0,0,0
2020-01-05 19:15,37,14,23,0,0,0
2020-01-05 19:30,38,18,20,0,0,0
2020-01-05 19:45,42,19,23,0,0,0
2020-01-05 20:00,39,17,22,0,0,0
2020-01-05 20:15,32,13,19,0,0,0
2020-01-05 20:30,18,5,13,0,0,0
2020-01-05 20:45,36,16,20,0,0,0
2020-01-05 21:00,31,8,23,0,0,0
2020-01-05 21:15,26,12,14,0,0,0
2020-01-05 21:30,21,10,11,0,0,0
2020-01-05 21:45,13,8,5,0,0,0
2020-01-05 22:00,18,7,11,0,0,0
2020-01-05 22:15,18,7,11,0,0,0
2020-01-05 22:30,17,4,13,0,0,0
2020-01-05 22:45,17,1,16,0,0,0
2020-01-05 23:00,28,4,24,0,0,0
2020-01-05 23:15,40,9,31,0,0,0
2020-01-05 23:30,7,4,3,0,0,0
2020-01-05 23:45,12,8,4,0,0,0
2020-01-06 00:00,6,3,3,0,0,0
2020-01-06 00:15,8,3,5,0,0,0
2020-01-06 00:30,4,2,2,0,0,0
2020-01-06 00:45,3,1,2,0,0,0
2020-01-06 01:00,3,1,2,0,0,0
2020-01-06 01:15,4,2,2,0,0,0
2020-01-06 01:30,2,0,2,0,0,0
2020-01-06 01:45,4,1,3,0,0,0
2020-01-06 02:00,3,1,2,0,0,0
2020-01-06 02:15,2,2,0,0,0,0
2020-01-06 02:30,1,1,0,0,0,0
2020-01-06 02:45,0,0,0,0,0,0
2020-01-06 03:00,1,0,1,0,0,0
2020-01-06 03:15,1,1,0,0,0,0
2020-01-06 03:30,2,1,1,0,0,0
2020-01-06 03:45,1,0,1,0,0,0
2020-01-06 04:00,0,0,0,0,0,0
2020-01-06 04:15,1,1,0,0,0,0
2020-01-06 04:30,2,2,0,0,0,0
2020-01-06 04:45,4,2,2,0,0,0
2020-01-06 05:00,3,1,2,0,0,0
2020-01-06 05:15,9,7,2,0,0,0
2020-01-06 05:30,11,10,1,0,0,0
2020-01-06 05:45,23,18,5,0,0,0
2020-01-06 06:00,22,15,7,0,0,0
2020-01-06 06:15,37,32,5,0,0,0
2020-01-06 06:30,45,31,14,0,0,0
2020-01-06 06:45,63,44,19,0,0,0
2020-01-06 07:00,76,44,32,0,0,0
2020-01-06 07:15,102,77,25,0,0,0
2020-01-06 07:30,117,75,42,0,0,0
2020-01-06 07:45,156,119,37,0,0,0
2020-01-06 08:00,112,71,41,0,0,0
2020-01-06 08:15,139,99,40,0,0,0
2020-01-06 08:30,105,73,32,0,0,0
2020-01-06 08:45,155,115,40,0,0,0
2020-01-06 09:00,86,62,24,0,0,0
2020-01-06 09:15,106,72,34,0,0,0
2020-01-06 09:30,96,75,21,0,0,0
2020-01-06 09:45,133,83,50,0,0,0
2020-01-06 10:00,104,72,32,0,0,0
2020-01-06 10:15,83,52,31,0,0,0
2020-01-06 10:30,104,63,41,0,0,0
2020-01-06 10:45,134,75,59,0,0,0
2020-01-06 11:00,110,61,49,0,0,0
2020-01-06 11:15,101,57,44,0,0,0
2020-01-06 11:30,112,71,41,0,0,0
2020-01-06 11:45,153,84,69,0,0,0
2020-01-06 12:00,126,54,72,0,0,0
2020-01-06 12:15,103,39,64,0,0,0
2020-01-06 12:30,131,54,77,0,0,0
2020-01-06 12:45,133,58,75,0,0,0
2020-01-06 13:00,143,62,81,0,0,0
2020-01-06 13:15,121,46,75,0,0,0
2020-01-06 13:30,113,56,57,0,0,0
2020-01-06 13:45,140,69,71,0,0,0
2020-01-06 14:00,136,62,74,0,0,0
2020-01-06 14:15,127,61,66,0,0,0
2020-01-06 14:30,147,71,76,0,0,0
2020-01-06 14:45,181,81,100,0,0,0
2020-01-06 15:00,162,71,91,0,0,0
2020-01-06 15:15,158,68,90,0,0,0
2020-01-06 15:30,173,78,95,0,0,0
2020-01-06 15:45,141,51,90,0,0,0
2020-01-06 16:00,186,75,111,0,0,0
2020-01-06 16:15,199,73,126,0,0,0
2020-01-06 16:30,209,76,133,0,0,0
2020-01-06 16:45,170,56,114,0,0,0
2020-01-06 17:00,186,59,127,0,0,0
2020-01-06 17:15,178,55,123,0,0,0
2020-01-06 17:30,178,63,115,0,0,0
2020-01-06 17:45,162,59,103,0,0,0
2020-01-06 18:00,163,41,122,0,0,0
2020-01-06 18:15,136,41,95,0,0,0
2020-01-06 18:30,146,44,102,0,0,0
2020-01-06 18:45,119,43,76,0,0,0
2020-01-06 19:00,113,33,80,0,0,0
2020-01-06 19:15,78,29,49,0,0,0
2020-01-06 19:30,75,22,53,0,0,0
2020-01-06 19:45,61,23,38,0,0,0
2020-01-06 20:00,73,20,53,0,0,0
2020-01-06 20:15,53,19,34,0,0,0
2020-01-06 20:30,45,15,30,0,0,0
2020-01-06 20:45,53,18,35,0,0,0
2020-01-06 21:00,49,12,37,0,0,0
2020-01-06 21:15,27,11,16,0,0,0
2020-01-06 21:30,31,8,23,0,0,0
2020-01-06 21:45,38,11,27,0,0,0
2020-01-06 22:00,42,12,30,0,0,0
2020-01-06 22:15,32,7,25,0,0,0
2020-01-06 22:30,22,7,15,0,0,0
2020-01-06 22:45,23,11,12,0,0,0
2020-01-06 23:00,18,2,16,0,0,0
2020-01-06 23:15,21,3,18,0,0,0
2020-01-06 23:30,11,1,10,0,0,0
2020-01-06 23:45,7,2,5,0,0,0
2020-01-07 00:00,12,4,8,0,0,0
2020-01-07 00:15,3,2,1,0,0,0
2020-01-07 00:30,5,4,1,0,0,0
2020-01-07 00:45,3,0,3,0,0,0
2020-01-07 01:00,5,2,3,0,0,0
2020-01-07 01:15,1,1,0,0,0,0
2020-01-07 01:30,0,0,0,0,0,0
2020-01-07 01:45,3,0,3,0,0,0
2020-01-07 02:00,4,0,4,0,0,0
2020-01-07 02:15,2,1,1,0,0,0
2020-01-07 02:30,0,0,0,0,0,0
2020-01-07 02:45,4,1,3,0,0,0
2020-01-07 03:00,2,1,1,0,0,0
2020-01-07 03:15,1,1,0,0,0,0
2020-01-07 03:30,0,0,0,0,0,0
2020-01-07 03:45,0,0,0,0,0,0
2020-01-07 04:00,2,1,1,0,0,0
2020-01-07 04:15,1,1,0,0,0,0
2020-01-07 04:30,2,2,0,0,0,0
2020-01-07 04:45,2,2,0,0,0,0
2020-01-07 05:00,4,4,0,0,0,0
2020-01-07 05:15,10,9,1,0,0,0
2020-01-07 05:30,13,10,3,0,0,0
2020-01-07 05:45,16,11,5,0,0,0
2020-01-07 06:00,19,15,4,0,0,0
2020-01-07 06:15,45,39,6,0,0,0
2020-01-07 06:30,55,35,20,0,0,0
2020-01-07 06:45,57,40,17,0,0,0
2020-01-07 07:00,86,52,34,0,0,0
2020-01-07 07:15,101,69,32,0,0,0
2020-01-07 07:30,157,101,56,0,0,0
2020-01-07 07:45,180,125,55,0,0,0
2020-01-07 08:00,140,107,33,0,0,0
2020-01-07 08:15,150,101,49,0,0,0
2020-01-07 08:30,122,87,35,0,0,0
2020-01-07 08:45,155,103,52,0,0,0
2020-01-07 09:00,118,81,37,0,0,0
2020-01-07 09:15,103,68,35,0,0,0
2020-01-07 09:30,110,68,42,0,0,0
2020-01-07 09:45,150,109,41,0,0,0
2020-01-07 10:00,101,70,31,0,0,0
2020-01-07 10:15,89,45,44,0,0,0
2020-01-07 10:30,93,54,39,0,0,0
2020-01-07 10:45,107,60,47,0,0,0
2020-01-07 11:00,103,54,49,0,0,0
2020-01-07 11:15,85,39,46,0,0,0
2020-01-07 11:30,103,57,46,0,0,0
2020-01-07 11:45,139,76,63,0,0,0
2020-01-07 12:00,144,67,77,0,0,0
2020-01-07 12:15,130,64,66,0,0,0
2020-01-07 12:30,142,51,91,0,0,0
2020-01-07 12:45,122,51,71,0,0,0
2020-01-07 13:00,138,54,84,0,0,0
2020-01-07 13:15,135,52,83,0,0,0
2020-01-07 13:30,130,48,82,0,0,0
2020-01-07 13:45,180,68,112,0,0,0
2020-01-07 14:00,149,72,77,0,0,0
2020-01-07 14:15,142,54,88,0,0,0
2020-01-07 14:30,131,66,65,0,0,0
2020-01-07 14:45,168,72,96,0,0,0
2020-01-07 15:00,177,76,101,0,0,0
2020-01-07 15:15,177,75,102,0,0,0
2020-01-07 15:30,170,71,99,0,0,0
2020-01-07 15:45,183,75,108,0,0,0
2020-01-07 16:00,182,62,120,0,0,0
2020-01-07 16:15,218,79,139,0,0,0
2020-01-07 16:30,194,72,122,0,0,0
2020-01-07 16:45,200,72,128,0,0,0
2020-01-07 17:00,189,64,125,0,0,0
2020-01-07 17:15,182,54,128,0,0,0
2020-01-07 17:30,198,79,119,0,0,0
2020-01-07 17:45,199,70,129,0,0,0
2020-01-07 18:00,187,50,137,0,0,0
2020-01-07 18:15,166,52,114,0,0,0
2020-01-07 18:30,139,35,104,0,0,0
2020-01-07 18:45,135,45,90,0,0,0
2020-01-07 19:00,100,34,66,0,0,0
2020-01-07 19:15,108,45,63,0,0,0
2020-01-07 19:30,114,48,66,0,0,0
2020-01-07 19:45,114,38,76,0,0,0
2020-01-07 20:00,82,19,63,0,0,0
2020-01-07 20:15,71,20,51,0,0,0
2020-01-07 20:30,59,25,34,0,0,0
2020-01-07 20:45,45,15,30,0,0,0
2020-01-07 21:00,41,17,24,0,0,0
2020-01-07 21:15,45,13,32,0,0,0
2020-01-07 21:30,57,26,31,0,0,0
2020-01-07 21:45,58,20,38,0,0,0
2020-01-07 22:00,58,13,45,0,0,0
2020-01-07 22:15,58,19,39,0,0,0
2020-01-07 22:30,45,13,32,0,0,0
2020-01-07 22:45,33,11,22,0,0,0
2020-01-07 23:00,33,16,17,0,0,0
2020-01-07 23:15,24,13,11,0,0,0
2020-01-07 23:30,16,3,13,0,0,0
2020-01-07 23:45,22,9,13,0,0,0
2020-01-08 00:00,17,8,9,0,0,0
2020-01-08 00:15,9,2,7,0,0,0
2020-01-08 00:30,10,1,9,0,0,0
2020-01-08 00:45,6,1,5,0,0,0
2020-01-08 01:00,5,0,5,0,0,0
2020-01-08 01:15,4,3,1,0,0,0
2020-01-08 01:30,1,0,1,0,0,0
2020-01-08 01:45,4,1,3,0,0,0
2020-01-08 02:00,4,2,2,0,0,0
2020-01-08 02:15,2,1,1,0,0,0
2020-01-08 02:30,0,0,0,0,0,0
2020-01-08 02:45,1,1,0,0,0,0
2020-01-08 03:00,0,0,0,0,0,0
2020-01-08 03:15,0,0,0,0,0,0
2020-01-08 03:30,0,0,0,0,0,0
2020-01-08 03:45,1,1,0,0,0,0
2020-01-08 04:00,1,0,1,0,0,0
2020-01-08 04:15,0,0,0,0,0,0
2020-01-08 04:30,2,2,0,0,0,0
2020-01-08 04:45,4,3,1,0,0,0
2020-01-08 05:00,5,4,1,0,0,0
2020-01-08 05:15,10,8,2,0,0,0
2020-01-08 05:30,17,12,5,0,0,0
2020-01-08 05:45,21,16,5,0,0,0
2020-01-08 06:00,22,17,5,0,0,0
2020-01-08 06:15,37,33,4,0,0,0
2020-01-08 06:30,45,33,12,0,0,0
2020-01-08 06:45,63,45,18,0,0,0
2020-01-08 07:00,78,52,26,0,0,0
2020-01-08 07:15,113,75,38,0,0,0
2020-01-08 07:30,139,87,52,0,0,0
2020-01-08 07:45,177,128,49,0,0,0
2020-01-08 08:00,172,129,43,0,0,0
2020-01-08 08:15,181,123,58,0,0,0
2020-01-08 08:30,125,98,27,0,0,0
2020-01-08 08:45,158,111,47,0,0,0
2020-01-08 09:00,128,87,41,0,0,0
2020-01-08 09:15,94,64,30,0,0,0
2020-01-08 09:30,96,69,27,0,0,0
2020-01-08 09:45,111,72,39,0,0,0
2020-01-08 10:00,118,69,49,0,0,0
2020-01-08 10:15,116,67,49,0,0,0
2020-01-08 10:30,92,56,36,0,0,0
2020-01-08 10:45,81,49,32,0,0,0
2020-01-08 11:00,91,43,48,0,0,0
2020-01-08 11:15,107,58,49,0,0,0
2020-01-08 11:30,88,48,40,0,0,0
2020-01-08 11:45,138,70,68,0,0,0
2020-01-08 12:00,104,51,53,0,0,0
2020-01-08 12:15,112,45,67,0,0,0
2020-01-08 12:30,124,45,79,0,0,0
2020-01-08 12:45,132,53,79,0,0,0
2020-01-08 13:00,141,46,95,0,0,0
2020-01-08 13:15,141,57,84,0,0,0
2020-01-08 13:30,141,46,95,0,0,0
2020-01-08 13:45,147,54,93,0,0,0
2020-01-08 14:00,121,50,71,0,0,0
2020-01-08 14:15,129,50,79,0,0,0
2020-01-08 14:30,128,55,73,0,0,0
2020-01-08 14:45,118,49,69,0,0,0
2020-01-08 15:00,111,34,77,0,0,0
2020-01-08 15:15,81,33,48,0,0,0
2020-01-08 15:30,121,44,77,0,0,0
2020-01-08 15:45,133,38,95,0,0,0
2020-01-08 16:00,159,48,111,0,0,0
2020-01-08 16:15,160,55,105,0,0,0
2020-01-08 16:30,148,47,101,0,0,0
2020-01-08 16:45,151,49,102,0,0,0
2020-01-08 17:00,143,55,88,0,0,0
2020-01-08 17:15,160,59,101,0,0,0
2020-01-08 17:30,165,60,105,0,0,0
2020-01-08 17:45,194,78,116,0,0,0
2020-01-08 18:00,143,44,99,0,0,0
2020-01-08 18:15,152,52,100,0,0,0
2020-01-08 18:30,115,41,74,0,0,0
2020-01-08 18:45,135,48,87,0,0,0
2020-01-08 19:00,122,39,83,0,0,0
2020-01-08 19:15,118,39,79,0,0,0
2020-01-08 19:30,94,31,63,0,0,0
2020-01-08 19:45,121,40,81,0,0,0
2020-01-08 20:00,90,27,63,0,0,0
2020-01-08 20:15,68,19,49,0,0,0
2020-01-08 20:30,48,21,27,0,0,0
2020-01-08 20:45,54,12,42,0,0,0
2020-01-08 21:00,68,16,52,0,0,0
2020-01-08 21:15,54,18,36,0,0,0
2020-01-08 21:30,58,22,36,0,0,0
2020-01-08 21:45,45,9,36,0,0,0
2020-01-08 22:00,35,11,24,0,0,0
2020-01-08 22:15,46,15,31,0,0,0
2020-01-08 22:30,53,21,32,0,0,0
2020-01-08 22:45,29,13,16,0,0,0
2020-01-08 23:00,31,8,23,0,0,0
2020-01-08 23:15,31,13,18,0,0,0
2020-01-08 23:30,19,3,16,0,0,0
2020-01-08 23:45,17,5,12,0,0,0
2020-01-09 00:00,22,8,14,0,0,0
2020-01-09 00:15,9,3,6,0,0,0
2020-01-09 00:30,13,5,8,0,0,0
2020-01-09 00:45,7,1,6,0,0,0
2020-01-09 01:00,2,0,2,0,0,0
2020-01-09 01:15,7,0,7,0,0,0
2020-01-09 01:30,2,0,2,0,0,0
2020-01-09 01:45,9,2,7,0,0,0
2020-01-09 02:00,1,0,1,0,0,0
2020-01-09 02:15,4,1,3,0,0,0
2020-01-09 02:30,7,1,6,0,0,0
2020-01-09 02:45,3,1,2,0,0,0
2020-01-09 03:00,3,0,3,0,0,0
2020-01-09 03:15,2,1,1,0,0,0
2020-01-09 03:30,0,0,0,0,0,0
2020-01-09 03:45,2,0,2,0,0,0
2020-01-09 04:00,2,0,2,0,0,0
2020-01-09 04:15,1,0,1,0,0,0
2020-01-09 04:30,4,4,0,0,0,0
2020-01-09 04:45,4,3,1,0,0,0
2020-01-09 05:00,2,2,0,0,0,0
2020-01-09 05:15,11,10,1,0,0,0
2020-01-09 05:30,17,10,7,0,0,0
2020-01-09 05:45,17,13,4,0,0,0
2020-01-09 06:00,21,14,7,0,0,0
2020-01-09 06:15,35,24,11,0,0,0
2020-01-09 06:30,49,34,15,0,0,0
2020-01-09 06:45,61,45,16,0,0,0
2020-01-09 07:00,61,41,20,0,0,0
2020-01-09 07:15,91,65,26,0,0,0
2020-01-09 07:30,139,82,57,0,0,0
2020-01-09 07:45,166,120,46,0,0,0
2020-01-09 08:00,155,107,48,0,0,0
2020-01-09 08:15,163,115,48,0,0,0
2020-01-09 08:30,126,83,43,0,0,0
2020-01-09 08:45,161,109,52,0,0,0
2020-01-09 09:00,92,68,24,0,0,0
2020-01-09 09:15,103,76,27,0,0,0
2020-01-09 09:30,101,73,28,0,0,0
2020-01-09 09:45,112,73,39,0,0,0
2020-01-09 10:00,127,96,31,0,0,0
2020-01-09 10:15,104,66,38,0,0,0
2020-01-09 10:30,75,42,33,0,0,0
2020-01-09 10:45,102,64,38,0,0,0
2020-01-09 11:00,102,46,56,0,0,0
2020-01-09 11:15,93,46,47,0,0,0
2020-01-09 11:30,103,54,49,0,0,0
2020-01-09 11:45,118,65,53,0,0,0
2020-01-09 12:00,121,55,66,0,0,0
2020-01-09 12:15,123,60,63,0,0,0
2020-01-09 12:30,159,60,99,0,0,0
2020-01-09 12:45,137,51,86,0,0,0
2020-01-09 13:00,140,58,82,0,0,0
2020-01-09 13:15,145,52,93,0,0,0
2020-01-09 13:30,120,52,68,0,0,0
2020-01-09 13:45,194,92,102,0,0,0
2020-01-09 14:00,170,71,99,0,0,0
2020-01-09 14:15,113,52,61,0,0,0
2020-01-09 14:30,121,55,66,0,0,0
2020-01-09 14:45,153,65,88,0,0,0
2020-01-09 15:00,141,61,80,0,0,0
2020-01-09 15:15,143,47,96,0,0,0
2020-01-09 15:30,162,79,83,0,0,0
2020-01-09 15:45,178,86,92,0,0,0
2020-01-09 16:00,183,76,107,0,0,0
2020-01-09 16:15,174,79,95,0,0,0
2020-01-09 16:30,158,64,94,0,0,0
2020-01-09 16:45,179,71,108,0,0,0
2020-01-09 17:00,166,53,113,0,0,0
2020-01-09 17:15,179,76,103,0,0,0
2020-01-09 17:30,165,34,131,0,0,0
2020-01-09 17:45,197,64,133,0,0,0
2020-01-09 18:00,191,66,125,0,0,0
2020-01-09 18:15,174,62,112,0,0,0
2020-01-09 18:30,128,49,79,0,0,0
2020-01-09 18:45,139,48,91,0,0,0
2020-01-09 19:00,119,47,72,0,0,0
2020-01-09 19:15,138,48,90,0,0,0
2020-01-09 19:30,106,30,76,0,0,0
2020-01-09 19:45,120,44,76,0,0,0
2020-01-09 20:00,104,31,73,0,0,0
2020-01-09 20:15,91,24,67,0,0,0
2020-01-09 20:30,39,9,30,0,0,0
2020-01-09 20:45,43,12,31,0,0,0
2020-01-09 21:00,60,18,42,0,0,0
2020-01-09 21:15,51,20,31,0,0,0
2020-01-09 21:30,45,17,28,0,0,0
2020-01-09 21:45,50,13,37,0,0,0
2020-01-09 22:00,62,19,43,0,0,0
2020-01-09 22:15,52,17,35,0,0,0
2020-01-09 22:30,52,18,34,0,0,0
2020-01-09 22:45,39,10,29,0,0,0
2020-01-09 23:00,40,10,30,0,0,0
2020-01-09 23:15,31,8,23,0,0,0
2020-01-09 23:30,22,5,17,0,0,0
2020-01-09 23:45,23,11,12,0,0,0
2020-01-10 00:00,28,4,24,0,0,0
2020-01-10 00:15,12,4,8,0,0,0
2020-01-10 00:30,18,2,16,0,0,0
2020-01-10 00:45,4,1,3,0,0,0
2020-01-10 01:00,16,7,9,0,0,0
2020-01-10 01:15,5,0,5,0,0,0
2020-01-10 01:30,5,0,5,0,0,0
2020-01-10 01:45,4,1,3,0,0,0
2020-01-10 02:00,0,0,0,0,0,0
2020-01-10 02:15,1,0,1,0,0,0
2020-01-10 02:30,2,1,1,0,0,0
2020-01-10 02:45,4,3,1,0,0,0
2020-01-10 03:00,6,6,0,0,0,0
2020-01-10 03:15,0,0,0,0,0,0
2020-01-10 03:30,2,0,2,0,0,0
2020-01-10 03:45,4,0,4,0,0,0
2020-01-10 04:00,5,0,5,0,0,0
2020-01-10 04:15,1,1,0,0,0,0
2020-01-10 04:30,2,2,0,0,0,0
2020-01-10 04:45,4,3,1,0,0,0
2020-01-10 05:00,2,2,0,0,0,0
2020-01-10 05:15,9,7,2,0,0,0
2020-01-10 05:30,11,10,1,0,0,0
2020-01-10 05:45,20,15,5,0,0,0
2020-01-10 06:00,32,20,12,0,0,0
2020-01-10 06:15,37,24,13,0,0,0
2020-01-10 06:30,49,35,14,0,0,0
2020-01-10 06:45,63,44,19,0,0,0
2020-01-10 07:00,70,40,30,0,0,0
2020-01-10 07:15,121,78,43,0,0,0
2020-01-10 07:30,172,129,43,0,0,0
2020-01-10 07:45,190,131,59,0,0,0
2020-01-10 08:00,156,116,40,0,0,0
2020-01-10 08:15,159,114,45,0,0,0
2020-01-10 08:30,117,83,34,0,0,0
2020-01-10 08:45,170,123,47,0,0,0
2020-01-10 09:00,87,62,25,0,0,0
2020-01-10 09:15,90,64,26,0,0,0
2020-01-10 09:30,102,71,31,0,0,0
2020-01-10 09:45,128,94,34,0,0,0
2020-01-10 10:00,110,69,41,0,0,0
2020-01-10 10:15,88,54,34,0,0,0
2020-01-10 10:30,87,52,35,0,0,0
2020-01-10 10:45,111,63,48,0,0,0
2020-01-10 11:00,81,39,42,0,0,0
2020-01-10 11:15,104,51,53,0,0,0
2020-01-10 11:30,102,52,50,0,0,0
2020-01-10 11:45,145,75,70,0,0,0
2020-01-10 12:00,130,61,69,0,0,0
2020-01-10 12:15,130,58,72,0,0,0
2020-01-10 12:30,178,59,119,0,0,0
2020-01-10 12:45,157,67,90,0,0,0
2020-01-10 13:00,132,46,86,0,0,0
2020-01-10 13:15,133,55,78,0,0,0
2020-01-10 13:30,141,49,92,0,0,0
2020-01-10 13:45,198,80,118,0,0,0
2020-01-10 14:00,157,47,110,0,0,0
2020-01-10 14:15,160,71,89,0,0,0
2020-01-10 14:30,154,56,98,0,0,0
2020-01-10 14:45,163,72,91,0,0,0
2020-01-10 15:00,151,35,116,0,0,0
2020-01-10 15:15,169,73,96,0,0,0
2020-01-10 15:30,155,56,99,0,0,0
2020-01-10 15:45,136,59,77,0,0,0
2020-01-10 16:00,180,72,108,0,0,0
2020-01-10 16:15,159,70,89,0,0,0
2020-01-10 16:30,148,38,110,0,0,0
2020-01-10 16:45,133,68,65,0,0,0
2020-01-10 17:00,131,41,90,0,0,0
2020-01-10 17:15,124,51,73,0,0,0
2020-01-10 17:30,115,48,67,0,0,0
2020-01-10 17:45,149,73,76,0,0,0
2020-01-10 18:00,148,53,95,0,0,0
2020-01-10 18:15,152,57,95,0,0,0
2020-01-10 18:30,146,55,91,0,0,0
2020-01-10 18:45,135,68,67,0,0,0
2020-01-10 19:00,118,50,68,0,0,0
2020-01-10 19:15,122,60,62,0,0,0
2020-01-10 19:30,108,56,52,0,0,0
2020-01-10 19:45,131,58,73,0,0,0
2020-01-10 20:00,112,30,82,0,0,0
2020-01-10 20:15,97,52,45,0,0,0
2020-01-10 20:30,87,40,47,0,0,0
2020-01-10 20:45,70,34,36,0,0,0
2020-01-10 21:00,76,32,44,0,0,0
2020-01-10 21:15,45,18,27,0,0,0
2020-01-10 21:30,50,17,33,0,0,0
2020-01-10 21:45,45,14,31,0,0,0
2020-01-10 22:00,61,16,45,0,0,0
2020-01-10 22:15,68,25,43,0,0,0
2020-01-10 22:30,52,15,37,0,0,0
2020-01-10 22:45,54,14,40,0,0,0
2020-01-10 23:00,46,12,34,0,0,0
2020-01-10 23:15,44,10,34,0,0,0
2020-01-10 23:30,41,19,22,0,0,0
2020-01-10 23:45,44,11,33,0,0,0
2020-01-11 00:00,43,18,25,0,0,0
2020-01-11 00:15,44,12,32,0,0,0
2020-01-11 00:30,35,8,27,0,0,0
2020-01-11 00:45,43,10,33,0,0,0
2020-01-11 01:00,39,12,27,0,0,0
2020-01-11 01:15,27,8,19,0,0,0
2020-01-11 01:30,17,4,13,0,0,0
2020-01-11 01:45,15,4,11,0,0,0
2020-01-11 02:00,17,4,13,0,0,0
2020-01-11 02:15,12,0,12,0,0,0
2020-01-11 02:30,21,3,18,0,0,0
2020-01-11 02:45,14,2,12,0,0,0
2020-01-11 03:00,15,1,14,0,0,0
2020-01-11 03:15,6,2,4,0,0,0
2020-01-11 03:30,12,3,9,0,0,0
2020-01-11 03:45,7,4,3,0,0,0
2020-01-11 04:00,3,0,3,0,0,0
2020-01-11 04:15,4,1,3,0,0,0
2020-01-11 04:30,5,0,5,0,0,0
2020-01-11 04:45,6,3,3,0,0,0
2020-01-11 05:00,5,1,4,0,0,0
2020-01-11 05:15,4,3,1,0,0,0
2020-01-11 05:30,11,9,2,0,0,0
2020-01-11 05:45,12,9,3,0,0,0
2020-01-11 06:00,7,4,3,0,0,0
2020-01-11 06:15,7,3,4,0,0,0
2020-01-11 06:30,5,3,2,0,0,0
2020-01-11 06:45,9,5,4,0,0,0
2020-01-11 07:00,6,4,2,0,0,0
2020-01-11 07:15,16,13,3,0,0,0
2020-01-11 07:30,23,16,7,0,0,0
2020-01-11 07:45,41,24,17,0,0,0
2020-01-11 08:00,20,13,7,0,0,0
2020-01-11 08:15,31,18,13,0,0,0
2020-01-11 08:30,36,22,14,0,0,0
2020-01-11 08:45,66,43,23,0,0,0
2020-01-11 09:00,39,27,12,0,0,0
2020-01-11 09:15,74,52,22,0,0,0
2020-01-11 09:30,77,62,15,0,0,0
2020-01-11 09:45,138,116,22,0,0,0
2020-01-11 10:00,87,62,25,0,0,0
2020-01-11 10:15,109,86,23,0,0,0
2020-01-11 10:30,108,72,36,0,0,0
2020-01-11 10:45,155,116,39,0,0,0
2020-01-11 11:00,135,86,49,0,0,0
2020-01-11 11:15,142,92,50,0,0,0
2020-01-11 11:30,131,79,52,0,0,0
2020-01-11 11:45,182,102,80,0,0,0
2020-01-11 12:00,169,97,72,0,0,0
2020-01-11 12:15,192,101,91,0,0,0
2020-01-11 12:30,147,70,77,0,0,0
2020-01-11 12:45,171,79,92,0,0,0
2020-01-11 13:00,174,80,94,0,0,0
2020-01-11 13:15,169,85,84,0,0,0
2020-01-11 13:30,169,77,92,0,0,0
2020-01-11 13:45,172,78,94,0,0,0
2020-01-11 14:00,149,59,90,0,0,0
2020-01-11 14:15,166,66,100,0,0,0
2020-01-11 14:30,177,83,94,0,0,0
2020-01-11 14:45,158,60,98,0,0,0
2020-01-11 15:00,138,47,91,0,0,0
2020-01-11 15:15,149,55,94,0,0,0
2020-01-11 15:30,121,52,69,0,0,0
2020-01-11 15:45,149,83,66,0,0,0
2020-01-11 16:00,148,71,77,0,0,0
2020-01-11 16:15,142,58,84,0,0,0
2020-01-11 16:30,137,58,79,0,0,0
2020-01-11 16:45,124,64,60,0,0,0
2020-01-11 17:00,113,41,72,0,0,0
2020-01-11 17:15,100,30,70,0,0,0
2020-01-11 17:30,96,40,56,0,0,0
2020-01-11 17:45,123,40,83,0,0,0
2020-01-11 18:00,134,39,95,0,0,0
2020-01-11 18:15,120,37,83,0,0,0
2020-01-11 18:30,98,33,65,0,0,0
2020-01-11 18:45,109,50,59,0,0,0
2020-01-11 19:00,109,49,60,0,0,0
2020-01-11 19:15,90,34,56,0,0,0
2020-01-11 19:30,123,67,56,0,0,0
2020-01-11 19:45,83,42,41,0,0,0
2020-01-11 20:00,103,42,61,0,0,0
2020-01-11 20:15,70,28,42,0,0,0
2020-01-11 20:30,49,24,25,0,0,0
2020-01-11 20:45,58,28,30,0,0,0
2020-01-11 21:00,46,23,23,0,0,0
2020-01-11 21:15,34,9,25,0,0,0
2020-01-11 21:30,22,8,14,0,0,0
2020-01-11 21:45,45,20,25,0,0,0
2020-01-11 22:00,48,16,32,0,0,0
2020-01-11 22:15,33,15,18,0,0,0
2020-01-11 22:30,37,10,27,0,0,0
2020-01-11 22:45,35,22,13,0,0,0
2020-01-11 23:00,32,8,24,0,0,0
2020-01-11 23:15,31,9,22,0,0,0
2020-01-11 23:30,43,28,15,0,0,0
2020-01-11 23:45,47,16,31,0,0,0
2020-01-12 00:00,32,13,19,0,0,0
2020-01-12 00:15,49,24,25,0,0,0
2020-01-12 00:30,35,15,20,0,0,0
2020-01-12 00:45,27,14,13,0,0,0
2020-01-12 01:00,20,9,11,0,0,0
2020-01-12 01:15,48,29,19,0,0,0
2020-01-12 01:30,13,5,8,0,0,0
2020-01-12 01:45,26,5,21,0,0,0
2020-01-12 02:00,18,4,14,0,0,0
2020-01-12 02:15,12,0,12,0,0,0
2020-01-12 02:30,22,6,16,0,0,0
2020-01-12 02:45,20,3,17,0,0,0
2020-01-12 03:00,15,3,12,0,0,0
2020-01-12 03:15,12,6,6,0,0,0
2020-01-12 03:30,6,1,5,0,0,0
2020-01-12 03:45,11,1,10,0,0,0
2020-01-12 04:00,3,3,0,0,0,0
2020-01-12 04:15,5,0,5,0,0,0
2020-01-12 04:30,11,2,9,0,0,0
2020-01-12 04:45,7,2,5,0,0,0
2020-01-12 05:00,4,1,3,0,0,0
2020-01-12 05:15,4,2,2,0,0,0
2020-01-12 05:30,10,7,3,0,0,0
2020-01-12 05:45,3,1,2,0,0,0
2020-01-12 06:00,6,2,4,0,0,0
2020-01-12 06:15,2,0,2,0,0,0
2020-01-12 06:30,4,1,3,0,0,0
2020-01-12 06:45,1,1,0,0,0,0
2020-01-12 07:00,3,3,0,0,0,0
2020-01-12 07:15,3,1,2,0,0,0
2020-01-12 07:30,7,3,4,0,0,0
2020-01-12 07:45,10,8,2,0,0,0
2020-01-12 08:00,4,2,2,0,0,0
2020-01-12 08:15,7,6,1,0,0,0
2020-01-12 08:30,9,5,4,0,0,0
2020-01-12 08:45,9,5,4,0,0,0
2020-01-12 09:00,21,17,4,0,0,0
2020-01-12 09:15,15,7,8,0,0,0
2020-01-12 09:30,35,16,19,0,0,0
2020-01-12 09:45,62,42,20,0,0,0
2020-01-12 10:00,30,11,19,0,0,0
2020-01-12 10:15,36,23,13,0,0,0
2020-01-12 10:30,24,10,14,0,0,0
2020-01-12 10:45,35,21,14,0,0,0
2020-01-12 11:00,30,27,3,0,0,0
2020-01-12 11:15,44,17,27,0,0,0
2020-01-12 11:30,40,18,22,0,0,0
2020-01-12 11:45,44,22,22,0,0,0
2020-01-12 12:00,34,18,16,0,0,0
2020-01-12 12:15,58,25,33,0,0,0
2020-01-12 12:30,54,31,23,0,0,0
2020-01-12 12:45,46,20,26,0,0,0
2020-01-12 13:00,44,17,27,0,0,0
2020-01-12 13:15,43,17,26,0,0,0
2020-01-12 13:30,37,14,23,0,0,0
2020-01-12 13:45,49,25,24,0,0,0
2020-01-12 14:00,40,14,26,0,0,0
2020-01-12 14:15,53,21,32,0,0,0
2020-01-12 14:30,33,6,27,0,0,0
2020-01-12 14:45,47,25,22,0,0,0
2020-01-12 15:00,62,29,33,0,0,0
2020-01-12 15:15,54,25,29,0,0,0
2020-01-12 15:30,43,18,25,0,0,0
2020-01-12 15:45,49,21,28,0,0,0
2020-01-12 16:00,68,19,49,0,0,0
2020-01-12 16:15,61,12,49,0,0,0
2020-01-12 16:30,77,35,42,0,0,0
2020-01-12 16:45,50,23,27,0,0,0
2020-01-12 17:00,49,19,30,0,0,0
2020-01-12 17:15,43,15,28,0,0,0
2020-01-12 17:30,40,23,17,0,0,0
2020-01-12 17:45,74,33,41,0,0,0
2020-01-12 18:00,73,25,48,0,0,0
2020-01-12 18:15,50,23,27,0,0,0
2020-01-12 18:30,42,14,28,0,0,0
2020-01-12 18:45,39,27,12,0,0,0
2020-01-12 19:00,67,43,24,0,0,0
2020-01-12 19:15,63,50,13,0,0,0
2020-01-12 19:30,29,13,16,0,0,0
2020-01-12 19:45,57,26,31,0,0,0
2020-01-12 20:00,49,16,33,0,0,0
2020-01-12 20:15,43,14,29,0,0,0
2020-01-12 20:30,37,11,26,0,0,0
2020-01-12 20:45,30,16,14,0,0,0
2020-01-12 21:00,33,11,22,0,0,0
2020-01-12 21:15,29,8,21,0,0,0
2020-01-12 21:30,26,4,22,0,0,0
2020-01-12 21:45,17,4,13,0,0,0
2020-01-12 22:00,24,12,12,0,0,0
2020-01-12 22:15,19,5,14,0,0,0
2020-01-12 22:30,15,8,7,0,0,0
2020-01-12 22:45,15,4,11,0,0,0
2020-01-12 23:00,14,2,12,0,0,0
2020-01-12 23:15,10,5,5,0,0,0
2020-01-12 23:30,9,7,2,0,0,0
2020-01-12 23:45,6,2,4,0,0,0
2020-01-13 00:00,9,3,6,0,0,0
2020-01-13 00:15,8,3,5,0,0,0
2020-01-13 00:30,9,7,2,0,0,0
2020-01-13 00:45,1,0,1,0,0,0
2020-01-13 01:00,3,1,2,0,0,0
2020-01-13 01:15,2,1,1,0,0,0
2020-01-13 01:30,0,0,0,0,0,0
2020-01-13 01:45,0,0,0,0,0,0
2020-01-13 02:00,0,0,0,0,0,0
2020-01-13 02:15,3,2,1,0,0,0
2020-01-13 02:30,1,1,0,0,0,0
2020-01-13 02:45,0,0,0,0,0,0
2020-01-13 03:00,2,0,2,0,0,0
2020-01-13 03:15,2,1,1,0,0,0
2020-01-13 03:30,0,0,0,0,0,0
2020-01-13 03:45,1,1,0,0,0,0
2020-01-13 04:00,2,1,1,0,0,0
2020-01-13 04:15,2,0,2,0,0,0
2020-01-13 04:30,2,2,0,0,0,0
2020-01-13 04:45,3,2,1,0,0,0
2020-01-13 05:00,4,4,0,0,0,0
2020-01-13 05:15,9,7,2,0,0,0
2020-01-13 05:30,14,12,2,0,0,0
2020-01-13 05:45,17,15,2,0,0,0
2020-01-13 06:00,29,15,14,0,0,0
2020-01-13 06:15,33,29,4,0,0,0
2020-01-13 06:30,51,34,17,0,0,0
2020-01-13 06:45,64,39,25,0,0,0
2020-01-13 07:00,84,61,23,0,0,0
2020-01-13 07:15,113,75,38,0,0,0
2020-01-13 07:30,162,104,58,0,0,0
2020-01-13 07:45,190,125,65,0,0,0
2020-01-13 08:00,154,107,47,0,0,0
2020-01-13 08:15,166,110,56,0,0,0
2020-01-13 08:30,110,70,40,0,0,0
2020-01-13 08:45,157,125,32,0,0,0
2020-01-13 09:00,109,79,30,0,0,0
2020-01-13 09:15,103,67,36,0,0,0
2020-01-13 09:30,118,87,31,0,0,0
2020-01-13 09:45,148,100,48,0,0,0
2020-01-13 10:00,120,75,45,0,0,0
2020-01-13 10:15,90,53,37,0,0,0
2020-01-13 10:30,96,48,48,0,0,0
2020-01-13 10:45,87,54,33,0,0,0
2020-01-13 11:00,93,49,44,0,0,0
2020-01-13 11:15,95,51,44,0,0,0
2020-01-13 11:30,90,43,47,0,0,0
2020-01-13 11:45,120,60,60,0,0,0
2020-01-13 12:00,118,50,68,0,0,0
2020-01-13 12:15,142,57,85,0,0,0
2020-01-13 12:30,134,59,75,0,0,0
2020-01-13 12:45,136,59,77,0,0,0
2020-01-13 13:00,126,54,72,0,0,0
2020-01-13 13:15,124,44,80,0,0,0
2020-01-13 13:30,130,56,74,0,0,0
2020-01-13 13:45,170,80,90,0,0,0
2020-01-13 14:00,128,68,60,0,0,0
2020-01-13 14:15,131,60,71,0,0,0
2020-01-13 14:30,148,77,71,0,0,0
2020-01-13 14:45,169,74,95,0,0,0
2020-01-13 15:00,164,71,93,0,0,0
2020-01-13 15:15,151,59,92,0,0,0
2020-01-13 15:30,183,66,117,0,0,0
2020-01-13 15:45,219,78,141,0,0,0
2020-01-13 16:00,200,72,128,0,0,0
2020-01-13 16:15,190,68,122,0,0,0
2020-01-13 16:30,194,89,105,0,0,0
2020-01-13 16:45,205,66,139,0,0,0
2020-01-13 17:00,184,68,116,0,0,0
2020-01-13 17:15,191,61,130,0,0,0
2020-01-13 17:30,189,67,122,0,0,0
2020-01-13 17:45,206,73,133,0,0,0
2020-01-13 18:00,216,73,143,0,0,0
2020-01-13 18:15,180,56,124,0,0,0
2020-01-13 18:30,122,42,80,0,0,0
2020-01-13 18:45,133,59,74,0,0,0
2020-01-13 19:00,147,52,95,0,0,0
2020-01-13 19:15,135,37,98,0,0,0
2020-01-13 19:30,108,26,82,0,0,0
2020-01-13 19:45,93,35,58,0,0,0
2020-01-13 20:00,79,30,49,0,0,0
2020-01-13 20:15,64,27,37,0,0,0
2020-01-13 20:30,54,10,44,0,0,0
2020-01-13 20:45,44,16,28,0,0,0
2020-01-13 21:00,54,14,40,0,0,0
2020-01-13 21:15,44,7,37,0,0,0
2020-01-13 21:30,50,13,37,0,0,0
2020-01-13 21:45,53,20,33,0,0,0
2020-01-13 22:00,49,14,35,0,0,0
2020-01-13 22:15,49,16,33,0,0,0
2020-01-13 22:30,36,9,27,0,0,0
2020-01-13 22:45,13,4,9,0,0,0
2020-01-13 23:00,19,3,16,0,0,0
2020-01-13 23:15,13,5,8,0,0,0
2020-01-13 23:30,13,4,9,0,0,0
2020-01-13 23:45,10,0,10,0,0,0
2020-01-14 00:00,7,3,4,0,0,0
2020-01-14 00:15,14,3,11,0,0,0
2020-01-14 00:30,16,1,15,0,0,0
2020-01-14 00:45,1,0,1,0,0,0
2020-01-14 01:00,4,0,4,0,0,0
2020-01-14 01:15,2,1,1,0,0,0
2020-01-14 01:30,1,0,1,0,0,0
2020-01-14 01:45,3,2,1,0,0,0
2020-01-14 02:00,2,1,1,0,0,0
2020-01-14 02:15,0,0,0,0,0,0
2020-01-14 02:30,0,0,0,0,0,0
2020-01-14 02:45,2,1,1,0,0,0
2020-01-14 03:00,2,0,2,0,0,0
2020-01-14 03:15,1,1,0,0,0,0
2020-01-14 03:30,0,0,0,0,0,0
2020-01-14 03:45,2,0,2,0,0,0
2020-01-14 04:00,1,1,0,0,0,0
2020-01-14 04:15,0,0,0,0,0,0
2020-01-14 04:30,2,2,0,0,0,0
2020-01-14 04:45,2,1,1,0,0,0
2020-01-14 05:00,3,3,0,0,0,0
2020-01-14 05:15,8,4,4,0,0,0
2020-01-14 05:30,8,8,0,0,0,0
2020-01-14 05:45,21,17,4,0,0,0
2020-01-14 06:00,15,11,4,0,0,0
2020-01-14 06:15,42,35,7,0,0,0
2020-01-14 06:30,47,39,8,0,0,0
2020-01-14 06:45,69,45,24,0,0,0
2020-01-14 07:00,77,56,21,0,0,0
2020-01-14 07:15,97,64,33,0,0,0
2020-01-14 07:30,153,105,48,0,0,0
2020-01-14 07:45,182,135,47,0,0,0
2020-01-14 08:00,137,105,32,0,0,0
2020-01-14 08:15,155,109,46,0,0,0
2020-01-14 08:30,129,92,37,0,0,0
2020-01-14 08:45,139,100,39,0,0,0
2020-01-14 09:00,109,81,28,0,0,0
2020-01-14 09:15,99,70,29,0,0,0
2020-01-14 09:30,84,56,28,0,0,0
2020-01-14 09:45,144,115,29,0,0,0
2020-01-14 10:00,103,66,37,0,0,0
2020-01-14 10:15,84,50,34,0,0,0
2020-01-14 10:30,71,45,26,0,0,0
2020-01-14 10:45,89,52,37,0,0,0
2020-01-14 11:00,83,48,35,0,0,0
2020-01-14 11:15,80,39,41,0,0,0
2020-01-14 11:30,100,50,50,0,0,0
2020-01-14 11:45,110,54,56,0,0,0
2020-01-14 12:00,125,61,64,0,0,0
2020-01-14 12:15,97,52,45,0,0,0
2020-01-14 12:30,125,44,81,0,0,0
2020-01-14 12:45,128,59,69,0,0,0
2020-01-14 13:00,119,44,75,0,0,0
2020-01-14 13:15,119,44,75,0,0,0
2020-01-14 13:30,88,37,51,0,0,0
2020-01-14 13:45,147,62,85,0,0,0
2020-01-14 14:00,149,60,89,0,0,0
2020-01-14 14:15,121,43,78,0,0,0
2020-01-14 14:30,99,45,54,0,0,0
2020-01-14 14:45,127,64,63,0,0,0
2020-01-14 15:00,98,42,56,0,0,0
2020-01-14 15:15,151,65,86,0,0,0
2020-01-14 15:30,121,39,82,0,0,0
2020-01-14 15:45,177,71,106,0,0,0
2020-01-14 16:00,161,53,108,0,0,0
2020-01-14 16:15,170,65,105,0,0,0
2020-01-14 16:30,186,74,112,0,0,0
2020-01-14 16:45,184,80,104,0,0,0
2020-01-14 17:00,183,59,124,0,0,0
2020-01-14 17:15,184,61,123,0,0,0
2020-01-14 17:30,167,55,112,0,0,0
2020-01-14 17:45,179,60,119,0,0,0
2020-01-14 18:00,192,53,139,0,0,0
2020-01-14 18:15,185,67,118,0,0,0
2020-01-14 18:30,133,37,96,0,0,0
2020-01-14 18:45,152,54,98,0,0,0
2020-01-14 19:00,121,41,80,0,0,0
2020-01-14 19:15,110,48,62,0,0,0
2020-01-14 19:30,100,49,51,0,0,0
2020-01-14 19:45,101,40,61,0,0,0
2020-01-14 20:00,76,20,56,0,0,0
2020-01-14 20:15,73,20,53,0,0,0
2020-01-14 20:30,61,21,40,0,0,0
2020-01-14 20:45,61,19,42,0,0,0
2020-01-14 21:00,47,14,33,0,0,0
2020-01-14 21:15,32,13,19,0,0,0
2020-01-14 21:30,34,11,23,0,0,0
2020-01-14 21:45,78,19,59,0,0,0
2020-01-14 22:00,52,13,39,0,0,0
2020-01-14 22:15,59,17,42,0,0,0
2020-01-14 22:30,43,11,32,0,0,0
2020-01-14 22:45,45,16,29,0,0,0
2020-01-14 23:00,33,13,20,0,0,0
2020-01-14 23:15,28,5,23,0,0,0
2020-01-14 23:30,18,5,13,0,0,0
2020-01-14 23:45,8,1,7,0,0,0
2020-01-15 00:00,12,5,7,0,0,0
2020-01-15 00:15,6,4,2,0,0,0
2020-01-15 00:30,8,2,6,0,0,0
2020-01-15 00:45,7,0,7,0,0,0
2020-01-15 01:00,6,2,4,0,0,0
2020-01-15 01:15,1,0,1,0,0,0
2020-01-15 01:30,2,1,1,0,0,0
2020-01-15 01:45,1,0,1,0,0,0
2020-01-15 02:00,2,0,2,0,0,0
2020-01-15 02:15,0,0,0,0,0,0
2020-01-15 02:30,0,0,0,0,0,0
2020-01-15 02:45,1,1,0,0,0,0
2020-01-15 03:00,2,1,1,0,0,0
2020-01-15 03:15,1,0,1,0,0,0
2020-01-15 03:30,0,0,0,0,0,0
2020-01-15 03:45,2,1,1,0,0,0
2020-01-15 04:00,1,1,0,0,0,0
2020-01-15 04:15,0,0,0,0,0,0
2020-01-15 04:30,1,1,0,0,0,0
2020-01-15 04:45,2,1,1,0,0,0
2020-01-15 05:00,5,3,2,0,0,0
2020-01-15 05:15,11,8,3,0,0,0
2020-01-15 05:30,9,7,2,0,0,0
2020-01-15 05:45,27,19,8,0,0,0
2020-01-15 06:00,23,16,7,0,0,0
2020-01-15 06:15,46,41,5,0,0,0
2020-01-15 06:30,47,34,13,0,0,0
2020-01-15 06:45,80,57,23,0,0,0
2020-01-15 07:00,71,47,24,0,0,0
2020-01-15 07:15,112,71,41,0,0,0
2020-01-15 07:30,173,118,55,0,0,0
2020-01-15 07:45,203,145,58,0,0,0
2020-01-15 08:00,153,114,39,0,0,0
2020-01-15 08:15,161,107,54,0,0,0
2020-01-15 08:30,138,99,39,0,0,0
2020-01-15 08:45,155,119,36,0,0,0
2020-01-15 09:00,128,92,36,0,0,0
2020-01-15 09:15,135,80,55,0,0,0
2020-01-15 09:30,115,79,36,0,0,0
2020-01-15 09:45,153,109,44,0,0,0
2020-01-15 10:00,97,64,33,0,0,0
2020-01-15 10:15,109,67,42,0,0,0
2020-01-15 10:30,118,72,46,0,0,0
2020-01-15 10:45,126,77,49,0,0,0
2020-01-15 11:00,121,72,49,0,0,0
2020-01-15 11:15,131,52,79,0,0,0
2020-01-15 11:30,135,66,69,0,0,0
2020-01-15 11:45,153,74,79,0,0,0
2020-01-15 12:00,156,68,88,0,0,0
2020-01-15 12:15,157,65,92,0,0,0
2020-01-15 12:30,188,80,108,0,0,0
2020-01-15 12:45,131,61,70,0,0,0
2020-01-15 13:00,160,71,89,0,0,0
2020-01-15 13:15,186,67,119,0,0,0
2020-01-15 13:30,155,74,81,0,0,0
2020-01-15 13:45,185,81,104,0,0,0
2020-01-15 14:00,168,74,94,0,0,0
2020-01-15 14:15,162,67,95,0,0,0
2020-01-15 14:30,135,53,82,0,0,0
2020-01-15 14:45,193,79,114,0,0,0
2020-01-15 15:00,157,72,85,0,0,0
2020-01-15 15:15,163,75,88,0,0,0
2020-01-15 15:30,164,69,95,0,0,0
2020-01-15 15:45,195,78,117,0,0,0
2020-01-15 16:00,196,61,135,0,0,0
2020-01-15 16:15,190,78,112,0,0,0
2020-01-15 16:30,204,78,126,0,0,0
2020-01-15 16:45,204,76,128,0,0,0
2020-01-15 17:00,226,82,144,0,0,0
2020-01-15 17:15,161,58,103,0,0,0
2020-01-15 17:30,180,68,112,0,0,0
2020-01-15 17:45,192,77,115,0,0,0
2020-01-15 18:00,201,69,132,0,0,0
2020-01-15 18:15,172,65,107,0,0,0
2020-01-15 18:30,131,49,82,0,0,0
2020-01-15 18:45,154,66,88,0,0,0
2020-01-15 19:00,122,50,72,0,0,0
2020-01-15 19:15,126,37,89,0,0,0
2020-01-15 19:30,84,28,56,0,0,0
2020-01-15 19:45,117,44,73,0,0,0
2020-01-15 20:00,112,27,85,0,0,0
2020-01-15 20:15,55,20,35,0,0,0
2020-01-15 20:30,53,10,43,0,0,0
2020-01-15 20:45,62,19,43,0,0,0
2020-01-15 21:00,55,23,32,0,0,0
2020-01-15 21:15,46,18,28,0,0,0
2020-01-15 21:30,52,15,37,0,0,0
2020-01-15 21:45,50,14,36,0,0,0
2020-01-15 22:00,51,11,40,0,0,0
2020-01-15 22:15,54,16,38,0,0,0
2020-01-15 22:30,40,6,34,0,0,0
2020-01-15 22:45,33,10,23,0,0,0
2020-01-15 23:00,34,14,20,0,0,0
2020-01-15 23:15,20,13,7,0,0,0
2020-01-15 23:30,37,6,31,0,0,0
2020-01-15 23:45,14,4,10,0,0,0
2020-01-16 00:00,26,10,16,0,0,0
2020-01-16 00:15,12,3,9,0,0,0
2020-01-16 00:30,17,1,16,0,0,0
2020-01-16 00:45,8,3,5,0,0,0
2020-01-16 01:00,8,0,8,0,0,0
2020-01-16 01:15,1,0,1,0,0,0
2020-01-16 01:30,6,3,3,0,0,0
2020-01-16 01:45,1,1,0,0,0,0
2020-01-16 02:00,2,0,2,0,0,0
2020-01-16 02:15,2,1,1,0,0,0
2020-01-16 02:30,5,0,5,0,0,0
2020-01-16 02:45,10,3,7,0,0,0
2020-01-16 03:00,1,0,1,0,0,0
2020-01-16 03:15,1,0,1,0,0,0
2020-01-16 03:30,1,0,1,0,0,0
2020-01-16 03:45,3,1,2,0,0,0
2020-01-16 04:00,2,1,1,0,0,0
2020-01-16 04:15,1,0,1,0,0,0
2020-01-16 04:30,4,2,2,0,0,0
2020-01-16 04:45,4,3,1,0,0,0
2020-01-16 05:00,4,2,2,0,0,0
2020-01-16 05:15,8,6,2,0,0,0
2020-01-16 05:30,13,13,0,0,0,0
2020-01-16 05:45,30,21,9,0,0,0
2020-01-16 06:00,32,23,9,0,0,0
2020-01-16 06:15,34,28,6,0,0,0
2020-01-16 06:30,50,31,19,0,0,0
2020-01-16 06:45,73,46,27,0,0,0
2020-01-16 07:00,75,54,21,0,0,0
2020-01-16 07:15,119,75,44,0,0,0
2020-01-16 07:30,154,101,53,0,0,0
2020-01-16 07:45,164,112,52,0,0,0
2020-01-16 08:00,152,114,38,0,0,0
2020-01-16 08:15,143,94,49,0,0,0
2020-01-16 08:30,141,96,45,0,0,0
2020-01-16 08:45,154,110,44,0,0,0
2020-01-16 09:00,96,61,35,0,0,0
2020-01-16 09:15,122,71,51,0,0,0
2020-01-16 09:30,114,85,29,0,0,0
2020-01-16 09:45,147,110,37,0,0,0
2020-01-16 10:00,117,86,31,0,0,0
2020-01-16 10:15,102,58,44,0,0,0
2020-01-16 10:30,92,47,45,0,0,0
2020-01-16 10:45,92,37,55,0,0,0
2020-01-16 11:00,104,58,46,0,0,0
2020-01-16 11:15,92,46,46,0,0,0
2020-01-16 11:30,118,62,56,0,0,0
2020-01-16 11:45,139,72,67,0,0,0
2020-01-16 12:00,132,60,72,0,0,0
2020-01-16 12:15,145,62,83,0,0,0
2020-01-16 12:30,169,69,100,0,0,0
2020-01-16 12:45,150,73,77,0,0,0
2020-01-16 13:00,155,57,98,0,0,0
2020-01-16 13:15,129,51,78,0,0,0
2020-01-16 13:30,140,65,75,0,0,0
2020-01-16 13:45,169,71,98,0,0,0
2020-01-16 14:00,172,70,102,0,0,0
2020-01-16 14:15,152,61,91,0,0,0
2020-01-16 14:30,164,67,97,0,0,0
2020-01-16 14:45,168,83,85,0,0,0
2020-01-16 15:00,164,50,114,0,0,0
2020-01-16 15:15,166,69,97,0,0,0
2020-01-16 15:30,148,56,92,0,0,0
2020-01-16 15:45,210,110,100,0,0,0
2020-01-16 16:00,243,82,161,0,0,0
2020-01-16 16:15,203,90,113,0,0,0
2020-01-16 16:30,192,77,115,0,0,0
2020-01-16 16:45,222,87,135,0,0,0
2020-01-16 17:00,197,75,122,0,0,0
2020-01-16 17:15,203,84,119,0,0,0
2020-01-16 17:30,210,74,136,0,0,0
2020-01-16 17:45,206,79,127,0,0,0
2020-01-16 18:00,210,64,146,0,0,0
2020-01-16 18:15,174,67,107,0,0,0
2020-01-16 18:30,151,64,87,0,0,0
2020-01-16 18:45,166,80,86,0,0,0
2020-01-16 19:00,151,61,90,0,0,0
2020-01-16 19:15,146,50,96,0,0,0
2020-01-16 19:30,109,32,77,0,0,0
2020-01-16 19:45,129,46,83,0,0,0
2020-01-16 20:00,92,30,62,0,0,0
2020-01-16 20:15,86,29,57,0,0,0
2020-01-16 20:30,57,21,36,0,0,0
2020-01-16 20:45,58,14,44,0,0,0
2020-01-16 21:00,64,19,45,0,0,0
2020-01-16 21:15,64,25,39,0,0,0
2020-01-16 21:30,67,24,43,0,0,0
2020-01-16 21:45,55,8,47,0,0,0
2020-01-16 22:00,63,23,40,0,0,0
2020-01-16 22:15,62,18,44,0,0,0
2020-01-16 22:30,53,16,37,0,0,0
2020-01-16 22:45,55,17,38,0,0,0
2020-01-16 23:00,27,8,19,0,0,0
2020-01-16 23:15,43,20,23,0,0,0
2020-01-16 23:30,25,2,23,0,0,0
2020-01-16 23:45,28,12,16,0,0,0
2020-01-17 00:00,11,4,7,0,0,0
2020-01-17 00:15,9,1,8,0,0,0
2020-01-17 00:30,6,2,4,0,0,0
2020-01-17 00:45,8,2,6,0,0,0
2020-01-17 01:00,7,3,4,0,0,0
2020-01-17 01:15,4,1,3,0,0,0
2020-01-17 01:30,4,0,4,0,0,0
2020-01-17 01:45,3,1,2,0,0,0
2020-01-17 02:00,1,0,1,0,0,0
2020-01-17 02:15,3,1,2,0,0,0
2020-01-17 02:30,7,2,5,0,0,0
2020-01-17 02:45,4,1,3,0,0,0
2020-01-17 03:00,1,0,1,0,0,0
2020-01-17 03:15,2,0,2,0,0,0
2020-01-17 03:30,1,0,1,0,0,0
2020-01-17 03:45,1,1,0,0,0,0
2020-01-17 04:00,4,2,2,0,0,0
2020-01-17 04:15,2,0,2,0,0,0
2020-01-17 04:30,5,5,0,0,0,0
2020-01-17 04:45,3,2,1,0,0,0
2020-01-17 05:00,1,1,0,0,0,0
2020-01-17 05:15,8,4,4,0,0,0
2020-01-17 05:30,7,6,1,0,0,0
2020-01-17 05:45,23,19,4,0,0,0
2020-01-17 06:00,28,18,10,0,0,0
2020-01-17 06:15,41,36,5,0,0,0
2020-01-17 06:30,45,28,17,0,0,0
2020-01-17 06:45,62,41,21,0,0,0
2020-01-17 07:00,67,45,22,0,0,0
2020-01-17 07:15,104,77,27,0,0,0
2020-01-17 07:30,137,85,52,0,0,0
2020-01-17 07:45,155,103,52,0,0,0
2020-01-17 08:00,127,95,32,0,0,0
2020-01-17 08:15,152,97,55,0,0,0
2020-01-17 08:30,105,77,28,0,0,0
2020-01-17 08:45,147,103,44,0,0,0
2020-01-17 09:00,107,66,41,0,0,0
2020-01-17 09:15,100,65,35,0,0,0
2020-01-17 09:30,122,79,43,0,0,0
2020-01-17 09:45,143,108,35,0,0,0
2020-01-17 10:00,108,75,33,0,0,0
2020-01-17 10:15,106,66,40,0,0,0
2020-01-17 10:30,98,52,46,0,0,0
2020-01-17 10:45,132,68,64,0,0,0
2020-01-17 11:00,105,63,42,0,0,0
2020-01-17 11:15,128,69,59,0,0,0
2020-01-17 11:30,136,67,69,0,0,0
2020-01-17 11:45,146,78,68,0,0,0
2020-01-17 12:00,140,57,83,0,0,0
2020-01-17 12:15,126,52,74,0,0,0
2020-01-17 12:30,148,48,100,0,0,0
2020-01-17 12:45,152,52,100,0,0,0
2020-01-17 13:00,145,39,106,0,0,0
2020-01-17 13:15,178,51,127,0,0,0
2020-01-17 13:30,179,67,112,0,0,0
2020-01-17 13:45,179,82,97,0,0,0
2020-01-17 14:00,157,56,101,0,0,0
2020-01-17 14:15,154,48,106,0,0,0
2020-01-17 14:30,174,68,106,0,0,0
2020-01-17 14:45,168,71,97,0,0,0
2020-01-17 15:00,151,56,95,0,0,0
2020-01-17 15:15,131,54,77,0,0,0
2020-01-17 15:30,137,51,86,0,0,0
2020-01-17 15:45,133,50,83,0,0,0
2020-01-17 16:00,144,53,91,0,0,0
2020-01-17 16:15,143,68,75,0,0,0
2020-01-17 16:30,126,45,81,0,0,0
2020-01-17 16:45,141,57,84,0,0,0
2020-01-17 17:00,127,47,80,0,0,0
2020-01-17 17:15,137,56,81,0,0,0
2020-01-17 17:30,122,53,69,0,0,0
2020-01-17 17:45,131,47,84,0,0,0
2020-01-17 18:00,118,35,83,0,0,0
2020-01-17 18:15,144,53,91,0,0,0
2020-01-17 18:30,107,45,62,0,0,0
2020-01-17 18:45,154,81,73,0,0,0
2020-01-17 19:00,132,57,75,0,0,0
2020-01-17 19:15,118,43,75,0,0,0
2020-01-17 19:30,90,29,61,0,0,0
2020-01-17 19:45,90,36,54,0,0,0
2020-01-17 20:00,108,42,66,0,0,0
2020-01-17 20:15,88,37,51,0,0,0
2020-01-17 20:30,58,23,35,0,0,0
2020-01-17 20:45,46,20,26,0,0,0
2020-01-17 21:00,53,24,29,0,0,0
2020-01-17 21:15,41,14,27,0,0,0
2020-01-17 21:30,55,24,31,0,0,0
2020-01-17 21:45,24,8,16,0,0,0
2020-01-17 22:00,39,9,30,0,0,0
2020-01-17 22:15,62,13,49,0,0,0
2020-01-17 22:30,60,19,41,0,0,0
2020-01-17 22:45,43,12,31,0,0,0
2020-01-17 23:00,42,19,23,0,0,0
2020-01-17 23:15,48,26,22,0,0,0
2020-01-17 23:30,37,15,22,0,0,0
2020-01-17 23:45,57,33,24,0,0,0
2020-01-18 00:00,39,17,22,0,0,0
2020-01-18 00:15,43,15,28,0,0,0
2020-01-18 00:30,51,18,33,0,0,0
2020-01-18 00:45,24,10,14,0,0,0
2020-01-18 01:00,25,9,16,0,0,0
2020-01-18 01:15,22,4,18,0,0,0
2020-01-18 01:30,14,2,12,0,0,0
2020-01-18 01:45,18,6,12,0,0,0
2020-01-18 02:00,17,8,9,0,0,0
2020-01-18 02:15,16,4,12,0,0,0
2020-01-18 02:30,10,5,5,0,0,0
2020-01-18 02:45,10,5,5,0,0,0
2020-01-18 03:00,8,2,6,0,0,0
2020-01-18 03:15,9,3,6,0,0,0
2020-01-18 03:30,7,1,6,0,0,0
2020-01-18 03:45,5,2,3,0,0,0
2020-01-18 04:00,3,0,3,0,0,0
2020-01-18 04:15,4,0,4,0,0,0
2020-01-18 04:30,3,3,0,0,0,0
2020-01-18 04:45,4,2,2,0,0,0
2020-01-18 05:00,1,0,1,0,0,0
2020-01-18 05:15,3,0,3,0,0,0
2020-01-18 05:30,12,6,6,0,0,0
2020-01-18 05:45,3,2,1,0,0,0
2020-01-18 06:00,3,3,0,0,0,0
2020-01-18 06:15,2,1,1,0,0,0
2020-01-18 06:30,5,3,2,0,0,0
2020-01-18 06:45,9,5,4,0,0,0
2020-01-18 07:00,9,7,2,0,0,0
2020-01-18 07:15,26,18,8,0,0,0
2020-01-18 07:30,16,9,7,0,0,0
2020-01-18 07:45,30,18,12,0,0,0
2020-01-18 08:00,35,26,9,0,0,0
2020-01-18 08:15,34,19,15,0,0,0
2020-01-18 08:30,35,21,14,0,0,0
2020-01-18 08:45,62,42,20,0,0,0
2020-01-18 09:00,43,33,10,0,0,0
2020-01-18 09:15,69,46,23,0,0,0
2020-01-18 09:30,73,53,20,0,0,0
2020-01-18 09:45,103,66,37,0,0,0
2020-01-18 10:00,102,62,40,0,0,0
2020-01-18 10:15,87,53,34,0,0,0
2020-01-18 10:30,99,70,29,0,0,0
2020-01-18 10:45,101,76,25,0,0,0
2020-01-18 11:00,93,71,22,0,0,0
2020-01-18 11:15,129,84,45,0,0,0
2020-01-18 11:30,125,78,47,0,0,0
2020-01-18 11:45,140,82,58,0,0,0
2020-01-18 12:00,122,57,65,0,0,0
2020-01-18 12:15,114,66,48,0,0,0
2020-01-18 12:30,158,76,82,0,0,0
2020-01-18 12:45,181,98,83,0,0,0
2020-01-18 13:00,147,72,75,0,0,0
2020-01-18 13:15,117,60,57,0,0,0
2020-01-18 13:30,166,84,82,0,0,0
2020-01-18 13:45,137,63,74,0,0,0
2020-01-18 14:00,132,68,64,0,0,0
2020-01-18 14:15,130,57,73,0,0,0
2020-01-18 14:30,113,44,69,0,0,0
2020-01-18 14:45,151,49,102,0,0,0
2020-01-18 15:00,151,63,88,0,0,0
2020-01-18 15:15,132,59,73,0,0,0
2020-01-18 15:30,147,61,86,0,0,0
2020-01-18 15:45,141,68,73,0,0,0
2020-01-18 16:00,109,51,58,0,0,0
2020-01-18 16:15,118,49,69,0,0,0
2020-01-18 16:30,73,23,50,0,0,0
2020-01-18 16:45,71,26,45,0,0,0
2020-01-18 17:00,95,20,75,0,0,0
2020-01-18 17:15,87,32,55,0,0,0
2020-01-18 17:30,80,24,56,0,0,0
2020-01-18 17:45,80,32,48,0,0,0
2020-01-18 18:00,67,25,42,0,0,0
2020-01-18 18:15,90,31,59,0,0,0
2020-01-18 18:30,80,29,51,0,0,0
2020-01-18 18:45,95,55,40,0,0,0
2020-01-18 19:00,75,32,43,0,0,0
2020-01-18 19:15,61,33,28,0,0,0
2020-01-18 19:30,55,26,29,0,0,0
2020-01-18 19:45,63,29,34,0,0,0
2020-01-18 20:00,78,26,52,0,0,0
2020-01-18 20:15,61,38,23,0,0,0
2020-01-18 20:30,55,25,30,0,0,0
2020-01-18 20:45,40,14,26,0,0,0
2020-01-18 21:00,31,14,17,0,0,0
2020-01-18 21:15,36,19,17,0,0,0
2020-01-18 21:30,38,19,19,0,0,0
2020-01-18 21:45,47,18,29,0,0,0
2020-01-18 22:00,21,7,14,0,0,0
2020-01-18 22:15,29,7,22,0,0,0
2020-01-18 22:30,39,12,27,0,0,0
2020-01-18 22:45,26,11,15,0,0,0
2020-01-18 23:00,34,10,24,0,0,0
2020-01-18 23:15,28,11,17,0,0,0
2020-01-18 23:30,40,16,24,0,0,0
2020-01-18 23:45,38,13,25,0,0,0
2020-01-19 00:00,32,14,18,0,0,0
2020-01-19 00:15,40,9,31,0,0,0
2020-01-19 00:30,36,8,28,0,0,0
2020-01-19 00:45,44,17,27,0,0,0
2020-01-19 01:00,25,14,11,0,0,0
2020-01-19 01:15,31,10,21,0,0,0
2020-01-19 01:30,14,5,9,0,0,0
2020-01-19 01:45,17,1,16,0,0,0
2020-01-19 02:00,9,3,6,0,0,0
2020-01-19 02:15,13,3,10,0,0,0
2020-01-19 02:30,15,5,10,0,0,0
2020-01-19 02:45,14,8,6,0,0,0
2020-01-19 03:00,8,1,7,0,0,0
2020-01-19 03:15,4,1,3,0,0,0
2020-01-19 03:30,7,2,5,0,0,0
2020-01-19 03:45,4,1,3,0,0,0
2020-01-19 04:00,7,0,7,0,0,0
2020-01-19 04:15,6,0,6,0,0,0
2020-01-19 04:30,6,1,5,0,0,0
2020-01-19 04:45,5,3,2,0,0,0
2020-01-19 05:00,7,1,6,0,0,0
2020-01-19 05:15,2,0,2,0,0,0
2020-01-19 05:30,12,4,8,0,0,0
2020-01-19 05:45,0,0,0,0,0,0
2020-01-19 06:00,6,5,1,0,0,0
2020-01-19 06:15,2,1,1,0,0,0
2020-01-19 06:30,3,1,2,0,0,0
2020-01-19 06:45,1,0,1,0,0,0
2020-01-19 07:00,2,1,1,0,0,0
2020-01-19 07:15,3,1,2,0,0,0
2020-01-19 07:30,11,5,6,0,0,0
2020-01-19 07:45,14,8,6,0,0,0
2020-01-19 08:00,2,2,0,0,0,0
2020-01-19 08:15,5,2,3,0,0,0
2020-01-19 08:30,16,14,2,0,0,0
2020-01-19 08:45,15,12,3,0,0,0
2020-01-19 09:00,18,15,3,0,0,0
2020-01-19 09:15,24,14,10,0,0,0
2020-01-19 09:30,23,10,13,0,0,0
2020-01-19 09:45,47,27,20,0,0,0
2020-01-19 10:00,33,23,10,0,0,0
2020-01-19 10:15,40,21,19,0,0,0
2020-01-19 10:30,40,24,16,0,0,0
2020-01-19 10:45,47,30,17,0,0,0
2020-01-19 11:00,35,15,20,0,0,0
2020-01-19 11:15,40,19,21,0,0,0
2020-01-19 11:30,33,20,13,0,0,0
2020-01-19 11:45,39,19,20,0,0,0
2020-01-19 12:00,41,27,14,0,0,0
2020-01-19 12:15,42,26,16,0,0,0
2020-01-19 12:30,41,26,15,0,0,0
2020-01-19 12:45,41,20,21,0,0,0
2020-01-19 13:00,77,32,45,0,0,0
2020-01-19 13:15,55,28,27,0,0,0
2020-01-19 13:30,59,24,35,0,0,0
2020-01-19 13:45,65,29,36,0,0,0
2020-01-19 14:00,70,31,39,0,0,0
2020-01-19 14:15,69,37,32,0,0,0
2020-01-19 14:30,49,13,36,0,0,0
2020-01-19 14:45,90,40,50,0,0,0
2020-01-19 15:00,73,40,33,0,0,0
2020-01-19 15:15,74,36,38,0,0,0
2020-01-19 15:30,62,33,29,0,0,0
2020-01-19 15:45,75,36,39,0,0,0
2020-01-19 16:00,84,31,53,0,0,0
2020-01-19 16:15,57,30,27,0,0,0
2020-01-19 16:30,66,28,38,0,0,0
2020-01-19 16:45,75,39,36,0,0,0
2020-01-19 17:00,92,54,38,0,0,0
2020-01-19 17:15,78,40,38,0,0,0
2020-01-19 17:30,46,23,23,0,0,0
2020-01-19 17:45,74,43,31,0,0,0
2020-01-19 18:00,50,19,31,0,0,0
2020-01-19 18:15,39,16,23,0,0,0
2020-01-19 18:30,59,28,31,0,0,0
2020-01-19 18:45,52,24,28,0,0,0
2020-01-19 19:00,47,14,33,0,0,0
2020-01-19 19:15,44,15,29,0,0,0
2020-01-19 19:30,49,9,40,0,0,0
2020-01-19 19:45,46,17,29,0,0,0
2020-01-19 20:00,45,14,31,0,0,0
2020-01-19 20:15,47,17,30,0,0,0
2020-01-19 20:30,27,9,18,0,0,0
2020-01-19 20:45,33,13,20,0,0,0
2020-01-19 21:00,28,12,16,0,0,0
2020-01-19 21:15,29,12,17,0,0,0
2020-01-19 21:30,21,7,14,0,0,0
2020-01-19 21:45,22,8,14,0,0,0
2020-01-19 22:00,24,7,17,0,0,0
2020-01-19 22:15,22,11,11,0,0,0
2020-01-19 22:30,14,6,8,0,0,0
2020-01-19 22:45,9,3,6,0,0,0
2020-01-19 23:00,16,3,13,0,0,0
2020-01-19 23:15,8,1,7,0,0,0
2020-01-19 23:30,9,2,7,0,0,0
2020-01-19 23:45,5,1,4,0,0,0
2020-01-20 00:00,6,2,4,0,0,0
2020-01-20 00:15,7,4,3,0,0,0
2020-01-20 00:30,7,1,6,0,0,0
2020-01-20 00:45,1,0,1,0,0,0
2020-01-20 01:00,1,0,1,0,0,0
2020-01-20 01:15,1,0,1,0,0,0
2020-01-20 01:30,1,0,1,0,0,0
2020-01-20 01:45,0,0,0,0,0,0
2020-01-20 02:00,4,0,4,0,0,0
2020-01-20 02:15,3,2,1,0,0,0
2020-01-20 02:30,2,2,0,0,0,0
2020-01-20 02:45,1,0,1,0,0,0
2020-01-20 03:00,1,0,1,0,0,0
2020-01-20 03:15,4,1,3,0,0,0
2020-01-20 03:30,0,0,0,0,0,0
2020-01-20 03:45,1,1,0,0,0,0
2020-01-20 04:00,0,0,0,0,0,0
2020-01-20 04:15,0,0,0,0,0,0
2020-01-20 04:30,4,4,0,0,0,0
2020-01-20 04:45,1,1,0,0,0,0
2020-01-20 05:00,4,4,0,0,0,0
2020-01-20 05:15,8,6,2,0,0,0
2020-01-20 05:30,11,9,2,0,0,0
2020-01-20 05:45,20,14,6,0,0,0
2020-01-20 06:00,18,15,3,0,0,0
2020-01-20 06:15,34,28,6,0,0,0
2020-01-20 06:30,51,31,20,0,0,0
2020-01-20 06:45,66,46,20,0,0,0
2020-01-20 07:00,87,53,34,0,0,0
2020-01-20 07:15,114,84,30,0,0,0
2020-01-20 07:30,168,117,51,0,0,0
2020-01-20 07:45,180,134,46,0,0,0
2020-01-20 08:00,159,116,43,0,0,0
2020-01-20 08:15,157,98,59,0,0,0
2020-01-20 08:30,119,80,39,0,0,0
2020-01-20 08:45,140,108,32,0,0,0
2020-01-20 09:00,107,80,27,0,0,0
2020-01-20 09:15,89,57,32,0,0,0
2020-01-20 09:30,84,60,24,0,0,0
2020-01-20 09:45,133,95,38,0,0,0
2020-01-20 10:00,114,86,28,0,0,0
2020-01-20 10:15,95,58,37,0,0,0
2020-01-20 10:30,86,56,30,0,0,0
2020-01-20 10:45,110,63,47,0,0,0
2020-01-20 11:00,102,57,45,0,0,0
2020-01-20 11:15,122,58,64,0,0,0
2020-01-20 11:30,115,62,53,0,0,0
2020-01-20 11:45,147,79,68,0,0,0
2020-01-20 12:00,136,58,78,0,0,0
2020-01-20 12:15,127,64,63,0,0,0
2020-01-20 12:30,125,65,60,0,0,0
2020-01-20 12:45,126,50,76,0,0,0
2020-01-20 13:00,138,55,83,0,0,0
2020-01-20 13:15,126,45,81,0,0,0
2020-01-20 13:30,121,48,73,0,0,0
2020-01-20 13:45,148,73,75,0,0,0
2020-01-20 14:00,126,57,69,0,0,0
2020-01-20 14:15,138,60,78,0,0,0
2020-01-20 14:30,122,50,72,0,0,0
2020-01-20 14:45,155,76,79,0,0,0
2020-01-20 15:00,151,55,96,0,0,0
2020-01-20 15:15,130,47,83,0,0,0
2020-01-20 15:30,149,67,82,0,0,0
2020-01-20 15:45,205,96,109,0,0,0
2020-01-20 16:00,184,64,120,0,0,0
2020-01-20 16:15,169,67,102,0,0,0
2020-01-20 16:30,173,55,118,0,0,0
2020-01-20 16:45,180,65,115,0,0,0
2020-01-20 17:00,196,60,136,0,0,0
2020-01-20 17:15,167,65,102,0,0,0
2020-01-20 17:30,207,88,119,0,0,0
2020-01-20 17:45,208,70,138,0,0,0
2020-01-20 18:00,234,84,150,0,0,0
2020-01-20 18:15,193,70,123,0,0,0
2020-01-20 18:30,120,44,76,0,0,0
2020-01-20 18:45,131,54,77,0,0,0
2020-01-20 19:00,116,38,78,0,0,0
2020-01-20 19:15,120,37,83,0,0,0
2020-01-20 19:30,107,41,66,0,0,0
2020-01-20 19:45,108,36,72,0,0,0
2020-01-20 20:00,103,42,61,0,0,0
2020-01-20 20:15,76,24,52,0,0,0
2020-01-20 20:30,52,14,38,0,0,0
2020-01-20 20:45,62,28,34,0,0,0
2020-01-20 21:00,47,15,32,0,0,0
2020-01-20 21:15,49,12,37,0,0,0
2020-01-20 21:30,40,9,31,0,0,0
2020-01-20 21:45,65,19,46,0,0,0
2020-01-20 22:00,52,16,36,0,0,0
2020-01-20 22:15,49,12,37,0,0,0
2020-01-20 22:30,45,12,33,0,0,0
2020-01-20 22:45,40,17,23,0,0,0
2020-01-20 23:00,26,8,18,0,0,0
2020-01-20 23:15,14,5,9,0,0,0
2020-01-20 23:30,7,2,5,0,0,0
2020-01-20 23:45,14,2,12,0,0,0
2020-01-21 00:00,7,4,3,0,0,0
2020-01-21 00:15,11,3,8,0,0,0
2020-01-21 00:30,7,3,4,0,0,0
2020-01-21 00:45,5,2,3,0,0,0
2020-01-21 01:00,2,1,1,0,0,0
2020-01-21 01:15,3,0,3,0,0,0
2020-01-21 01:30,1,0,1,0,0,0
2020-01-21 01:45,0,0,0,0,0,0
2020-01-21 02:00,3,3,0,0,0,0
2020-01-21 02:15,0,0,0,0,0,0
2020-01-21 02:30,2,0,2,0,0,0
2020-01-21 02:45,1,1,0,0,0,0
2020-01-21 03:00,1,0,1,0,0,0
2020-01-21 03:15,2,1,1,0,0,0
2020-01-21 03:30,0,0,0,0,0,0
2020-01-21 03:45,1,0,1,0,0,0
2020-01-21 04:00,0,0,0,0,0,0
2020-01-21 04:15,1,1,0,0,0,0
2020-01-21 04:30,3,3,0,0,0,0
2020-01-21 04:45,4,3,1,0,0,0
2020-01-21 05:00,7,6,1,0,0,0
2020-01-21 05:15,5,5,0,0,0,0
2020-01-21 05:30,14,12,2,0,0,0
2020-01-21 05:45,22,15,7,0,0,0
2020-01-21 06:00,19,12,7,0,0,0
2020-01-21 06:15,38,34,4,0,0,0
2020-01-21 06:30,59,40,19,0,0,0
2020-01-21 06:45,60,42,18,0,0,0
2020-01-21 07:00,80,53,27,0,0,0
2020-01-21 07:15,113,67,46,0,0,0
2020-01-21 07:30,166,115,51,0,0,0
2020-01-21 07:45,176,119,57,0,0,0
2020-01-21 08:00,147,103,44,0,0,0
2020-01-21 08:15,153,120,33,0,0,0
2020-01-21 08:30,135,92,43,0,0,0
2020-01-21 08:45,173,133,40,0,0,0
2020-01-21 09:00,111,75,36,0,0,0
2020-01-21 09:15,97,61,36,0,0,0
2020-01-21 09:30,105,71,34,0,0,0
2020-01-21 09:45,119,87,32,0,0,0
2020-01-21 10:00,105,73,32,0,0,0
2020-01-21 10:15,68,33,35,0,0,0
2020-01-21 10:30,70,31,39,0,0,0
2020-01-21 10:45,104,61,43,0,0,0
2020-01-21 11:00,111,54,57,0,0,0
2020-01-21 11:15,92,46,46,0,0,0
2020-01-21 11:30,134,70,64,0,0,0
2020-01-21 11:45,112,55,57,0,0,0
2020-01-21 12:00,125,62,63,0,0,0
2020-01-21 12:15,101,45,56,0,0,0
2020-01-21 12:30,129,68,61,0,0,0
2020-01-21 12:45,142,61,81,0,0,0
2020-01-21 13:00,145,57,88,0,0,0
2020-01-21 13:15,152,55,97,0,0,0
2020-01-21 13:30,124,45,79,0,0,0
2020-01-21 13:45,152,80,72,0,0,0
2020-01-21 14:00,140,59,81,0,0,0
2020-01-21 14:15,139,58,81,0,0,0
2020-01-21 14:30,138,69,69,0,0,0
2020-01-21 14:45,169,91,78,0,0,0
2020-01-21 15:00,157,67,90,0,0,0
2020-01-21 15:15,143,67,76,0,0,0
2020-01-21 15:30,150,68,82,0,0,0
2020-01-21 15:45,185,61,124,0,0,0
2020-01-21 16:00,200,73,127,0,0,0
2020-01-21 16:15,192,81,111,0,0,0
2020-01-21 16:30,150,58,92,0,0,0
2020-01-21 16:45,183,73,110,0,0,0
2020-01-21 17:00,197,73,124,0,0,0
2020-01-21 17:15,208,78,130,0,0,0
2020-01-21 17:30,211,74,137,0,0,0
2020-01-21 17:45,208,66,142,0,0,0
2020-01-21 18:00,228,73,155,0,0,0
2020-01-21 18:15,162,57,105,0,0,0
2020-01-21 18:30,130,41,89,0,0,0
2020-01-21 18:45,135,70,65,0,0,0
2020-01-21 19:00,132,50,82,0,0,0
2020-01-21 19:15,103,39,64,0,0,0
2020-01-21 19:30,108,39,69,0,0,0
2020-01-21 19:45,85,32,53,0,0,0
2020-01-21 20:00,75,26,49,0,0,0
2020-01-21 20:15,59,21,38,0,0,0
2020-01-21 20:30,53,6,47,0,0,0
2020-01-21 20:45,49,20,29,0,0,0
2020-01-21 21:00,52,13,39,0,0,0
2020-01-21 21:15,54,20,34,0,0,0
2020-01-21 21:30,45,12,33,0,0,0
2020-01-21 21:45,48,13,35,0,0,0
2020-01-21 22:00,61,20,41,0,0,0
2020-01-21 22:15,47,8,39,0,0,0
2020-01-21 22:30,52,9,43,0,0,0
2020-01-21 22:45,40,12,28,0,0,0
2020-01-21 23:00,42,12,30,0,0,0
2020-01-21 23:15,18,2,16,0,0,0
2020-01-21 23:30,11,2,9,0,0,0
2020-01-21 23:45,20,5,15,0,0,0
2020-01-22 00:00,16,5,11,0,0,0
2020-01-22 00:15,8,3,5,0,0,0
2020-01-22 00:30,9,1,8,0,0,0
2020-01-22 00:45,7,1,6,0,0,0
2020-01-22 01:00,5,0,5,0,0,0
2020-01-22 01:15,5,0,5,0,0,0
2020-01-22 01:30,2,0,2,0,0,0
2020-01-22 01:45,2,1,1,0,0,0
2020-01-22 02:00,1,0,1,0,0,0
2020-01-22 02:15,1,0,1,0,0,0
2020-01-22 02:30,0,0,0,0,0,0
2020-01-22 02:45,3,1,2,0,0,0
2020-01-22 03:00,2,0,2,0,0,0
2020-01-22 03:15,0,0,0,0,0,0
2020-01-22 03:30,4,1,3,0,0,0
2020-01-22 03:45,1,0,1,0,0,0
2020-01-22 04:00,3,0,3,0,0,0
2020-01-22 04:15,1,1,0,0,0,0
2020-01-22 04:30,1,1,0,0,0,0
2020-01-22 04:45,3,3,0,0,0,0
2020-01-22 05:00,4,4,0,0,0,0
2020-01-22 05:15,7,6,1,0,0,0
2020-01-22 05:30,14,12,2,0,0,0
2020-01-22 05:45,16,15,1,0,0,0
2020-01-22 06:00,18,12,6,0,0,0
2020-01-22 06:15,44,40,4,0,0,0
2020-01-22 06:30,39,30,9,0,0,0
2020-01-22 06:45,61,41,20,0,0,0
2020-01-22 07:00,81,54,27,0,0,0
2020-01-22 07:15,98,74,24,0,0,0
2020-01-22 07:30,138,86,52,0,0,0
2020-01-22 07:45,205,160,45,0,0,0
2020-01-22 08:00,156,123,33,0,0,0
2020-01-22 08:15,151,108,43,0,0,0
2020-01-22 08:30,136,98,38,0,0,0
2020-01-22 08:45,139,105,34,0,0,0
2020-01-22 09:00,111,81,30,0,0,0
2020-01-22 09:15,117,84,33,0,0,0
2020-01-22 09:30,100,74,26,0,0,0
2020-01-22 09:45,96,67,29,0,0,0
2020-01-22 10:00,96,69,27,0,0,0
2020-01-22 10:15,77,49,28,0,0,0
2020-01-22 10:30,90,47,43,0,0,0
2020-01-22 10:45,113,61,52,0,0,0
2020-01-22 11:00,86,41,45,0,0,0
2020-01-22 11:15,85,49,36,0,0,0
2020-01-22 11:30,106,49,57,0,0,0
2020-01-22 11:45,120,64,56,0,0,0
2020-01-22 12:00,111,56,55,0,0,0
2020-01-22 12:15,103,31,72,0,0,0
2020-01-22 12:30,153,68,85,0,0,0
2020-01-22 12:45,136,64,72,0,0,0
2020-01-22 13:00,136,51,85,0,0,0
2020-01-22 13:15,134,48,86,0,0,0
2020-01-22 13:30,115,54,61,0,0,0
2020-01-22 13:45,132,58,74,0,0,0
2020-01-22 14:00,134,50,84,0,0,0
2020-01-22 14:15,118,50,68,0,0,0
2020-01-22 14:30,125,57,68,0,0,0
2020-01-22 14:45,135,53,82,0,0,0
2020-01-22 15:00,123,39,84,0,0,0
2020-01-22 15:15,122,47,75,0,0,0
2020-01-22 15:30,138,63,75,0,0,0
2020-01-22 15:45,169,63,106,0,0,0
2020-01-22 16:00,164,55,109,0,0,0
2020-01-22 16:15,162,62,100,0,0,0
2020-01-22 16:30,137,63,74,0,0,0
2020-01-22 16:45,156,58,98,0,0,0
2020-01-22 17:00,154,63,91,0,0,0
2020-01-22 17:15,175,65,110,0,0,0
2020-01-22 17:30,149,58,91,0,0,0
2020-01-22 17:45,170,62,108,0,0,0
2020-01-22 18:00,146,55,91,0,0,0
2020-01-22 18:15,160,64,96,0,0,0
2020-01-22 18:30,114,42,72,0,0,0
2020-01-22 18:45,119,55,64,0,0,0
2020-01-22 19:00,122,57,65,0,0,0
2020-01-22 19:15,95,33,62,0,0,0
2020-01-22 19:30,90,24,66,0,0,0
2020-01-22 19:45,107,44,63,0,0,0
2020-01-22 20:00,96,33,63,0,0,0
2020-01-22 20:15,62,10,52,0,0,0
2020-01-22 20:30,61,19,42,0,0,0
2020-01-22 20:45,49,9,40,0,0,0
2020-01-22 21:00,71,24,47,0,0,0
2020-01-22 21:15,68,19,49,0,0,0
2020-01-22 21:30,51,16,35,0,0,0
2020-01-22 21:45,45,10,35,0,0,0
2020-01-22 22:00,50,13,37,0,0,0
2020-01-22 22:15,49,16,33,0,0,0
2020-01-22 22:30,69,23,46,0,0,0
2020-01-22 22:45,33,11,22,0,0,0
2020-01-22 23:00,47,24,23,0,0,0
2020-01-22 23:15,25,10,15,0,0,0
2020-01-22 23:30,17,5,12,0,0,0
2020-01-22 23:45,19,8,11,0,0,0
2020-01-23 00:00,20,9,11,0,0,0
2020-01-23 00:15,13,2,11,0,0,0
2020-01-23 00:30,10,4,6,0,0,0
2020-01-23 00:45,12,3,9,0,0,0
2020-01-23 01:00,7,4,3,0,0,0
2020-01-23 01:15,7,1,6,0,0,0
2020-01-23 01:30,7,2,5,0,0,0
2020-01-23 01:45,5,1,4,0,0,0
2020-01-23 02:00,3,0,3,0,0,0
2020-01-23 02:15,2,2,0,0,0,0
2020-01-23 02:30,5,1,4,0,0,0
2020-01-23 02:45,1,1,0,0,0,0
2020-01-23 03:00,5,1,4,0,0,0
2020-01-23 03:15,6,2,4,0,0,0
2020-01-23 03:30,1,0,1,0,0,0
2020-01-23 03:45,1,0,1,0,0,0
2020-01-23 04:00,6,0,6,0,0,0
2020-01-23 04:15,2,1,1,0,0,0
2020-01-23 04:30,2,1,1,0,0,0
2020-01-23 04:45,8,4,4,0,0,0
2020-01-23 05:00,6,3,3,0,0,0
2020-01-23 05:15,12,10,2,0,0,0
2020-01-23 05:30,9,8,1,0,0,0
2020-01-23 05:45,19,15,4,0,0,0
2020-01-23 06:00,12,9,3,0,0,0
2020-01-23 06:15,34,28,6,0,0,0
2020-01-23 06:30,47,33,14,0,0,0
2020-01-23 06:45,47,30,17,0,0,0
2020-01-23 07:00,73,48,25,0,0,0
2020-01-23 07:15,124,79,45,0,0,0
2020-01-23 07:30,141,99,42,0,0,0
2020-01-23 07:45,184,140,44,0,0,0
2020-01-23 08:00,153,99,54,0,0,0
2020-01-23 08:15,138,105,33,0,0,0
2020-01-23 08:30,135,91,44,0,0,0
2020-01-23 08:45,146,108,38,0,0,0
2020-01-23 09:00,105,78,27,0,0,0
2020-01-23 09:15,95,72,23,0,0,0
2020-01-23 09:30,105,67,38,0,0,0
2020-01-23 09:45,120,88,32,0,0,0
2020-01-23 10:00,122,73,49,0,0,0
2020-01-23 10:15,70,38,32,0,0,0
2020-01-23 10:30,75,45,30,0,0,0
2020-01-23 10:45,105,53,52,0,0,0
2020-01-23 11:00,81,42,39,0,0,0
2020-01-23 11:15,89,43,46,0,0,0
2020-01-23 11:30,100,48,52,0,0,0
2020-01-23 11:45,136,56,80,0,0,0
2020-01-23 12:00,126,53,73,0,0,0
2020-01-23 12:15,119,48,71,0,0,0
2020-01-23 12:30,147,54,93,0,0,0
2020-01-23 12:45,114,54,60,0,0,0
2020-01-23 13:00,134,51,83,0,0,0
2020-01-23 13:15,135,52,83,0,0,0
2020-01-23 13:30,123,56,67,0,0,0
2020-01-23 13:45,134,70,64,0,0,0
2020-01-23 14:00,153,75,78,0,0,0
2020-01-23 14:15,140,50,90,0,0,0
2020-01-23 14:30,134,67,67,0,0,0
2020-01-23 14:45,151,64,87,0,0,0
2020-01-23 15:00,176,76,100,0,0,0
2020-01-23 15:15,141,61,80,0,0,0
2020-01-23 15:30,126,53,73,0,0,0
2020-01-23 15:45,159,69,90,0,0,0
2020-01-23 16:00,190,69,121,0,0,0
2020-01-23 16:15,164,60,104,0,0,0
2020-01-23 16:30,181,63,118,0,0,0
2020-01-23 16:45,194,81,113,0,0,0
2020-01-23 17:00,174,74,100,0,0,0
2020-01-23 17:15,220,87,133,0,0,0
2020-01-23 17:30,177,62,115,0,0,0
2020-01-23 17:45,213,83,130,0,0,0
2020-01-23 18:00,200,63,137,0,0,0
2020-01-23 18:15,146,47,99,0,0,0
2020-01-23 18:30,122,46,76,0,0,0
2020-01-23 18:45,156,73,83,0,0,0
2020-01-23 19:00,130,38,92,0,0,0
2020-01-23 19:15,134,49,85,0,0,0
2020-01-23 19:30,135,50,85,0,0,0
2020-01-23 19:45,111,44,67,0,0,0
2020-01-23 20:00,98,22,76,0,0,0
2020-01-23 20:15,57,16,41,0,0,0
2020-01-23 20:30,52,27,25,0,0,0
2020-01-23 20:45,54,20,34,0,0,0
2020-01-23 21:00,60,19,41,0,0,0
2020-01-23 21:15,63,16,47,0,0,0
2020-01-23 21:30,45,14,31,0,0,0
2020-01-23 21:45,63,11,52,0,0,0
2020-01-23 22:00,62,16,46,0,0,0
2020-01-23 22:15,52,13,39,0,0,0
2020-01-23 22:30,44,15,29,0,0,0
2020-01-23 22:45,37,12,25,0,0,0
2020-01-23 23:00,37,9,28,0,0,0
2020-01-23 23:15,33,10,23,0,0,0
2020-01-23 23:30,36,15,21,0,0,0
2020-01-23 23:45,26,7,19,0,0,0
2020-01-24 00:00,11,7,4,0,0,0
2020-01-24 00:15,16,3,13,0,0,0
2020-01-24 00:30,7,1,6,0,0,0
2020-01-24 00:45,6,4,2,0,0,0
2020-01-24 01:00,10,2,8,0,0,0
2020-01-24 01:15,8,2,6,0,0,0
2020-01-24 01:30,1,0,1,0,0,0
2020-01-24 01:45,1,1,0,0,0,0
2020-01-24 02:00,1,0,1,0,0,0
2020-01-24 02:15,1,0,1,0,0,0
2020-01-24 02:30,3,2,1,0,0,0
2020-01-24 02:45,0,0,0,0,0,0
2020-01-24 03:00,0,0,0,0,0,0
2020-01-24 03:15,0,0,0,0,0,0
2020-01-24 03:30,5,4,1,0,0,0
2020-01-24 03:45,5,0,5,0,0,0
2020-01-24 04:00,2,0,2,0,0,0
2020-01-24 04:15,2,2,0,0,0,0
2020-01-24 04:30,2,2,0,0,0,0
2020-01-24 04:45,7,5,2,0,0,0
2020-01-24 05:00,4,4,0,0,0,0
2020-01-24 05:15,9,6,3,0,0,0
2020-01-24 05:30,11,10,1,0,0,0
2020-01-24 05:45,16,13,3,0,0,0
2020-01-24 06:00,13,10,3,0,0,0
2020-01-24 06:15,34,29,5,0,0,0
2020-01-24 06:30,39,28,11,0,0,0
2020-01-24 06:45,75,55,20,0,0,0
2020-01-24 07:00,71,40,31,0,0,0
2020-01-24 07:15,94,62,32,0,0,0
2020-01-24 07:30,158,94,64,0,0,0
2020-01-24 07:45,174,132,42,0,0,0
2020-01-24 08:00,125,94,31,0,0,0
2020-01-24 08:15,134,92,42,0,0,0
2020-01-24 08:30,118,74,44,0,0,0
2020-01-24 08:45,134,96,38,0,0,0
2020-01-24 09:00,89,66,23,0,0,0
2020-01-24 09:15,106,65,41,0,0,0
2020-01-24 09:30,92,64,28,0,0,0
2020-01-24 09:45,107,68,39,0,0,0
2020-01-24 10:00,87,55,32,0,0,0
2020-01-24 10:15,97,65,32,0,0,0
2020-01-24 10:30,80,45,35,0,0,0
2020-01-24 10:45,91,46,45,0,0,0
2020-01-24 11:00,96,50,46,0,0,0
2020-01-24 11:15,114,52,62,0,0,0
2020-01-24 11:30,114,59,55,0,0,0
2020-01-24 11:45,119,80,39,0,0,0
2020-01-24 12:00,119,48,71,0,0,0
2020-01-24 12:15,125,50,75,0,0,0
2020-01-24 12:30,160,49,111,0,0,0
2020-01-24 12:45,137,66,71,0,0,0
2020-01-24 13:00,163,65,98,0,0,0
2020-01-24 13:15,141,57,84,0,0,0
2020-01-24 13:30,155,55,100,0,0,0
2020-01-24 13:45,160,77,83,0,0,0
2020-01-24 14:00,141,49,92,0,0,0
2020-01-24 14:15,154,61,93,0,0,0
2020-01-24 14:30,147,60,87,0,0,0
2020-01-24 14:45,157,57,100,0,0,0
2020-01-24 15:00,142,59,83,0,0,0
2020-01-24 15:15,153,73,80,0,0,0
2020-01-24 15:30,142,52,90,0,0,0
2020-01-24 15:45,166,78,88,0,0,0
2020-01-24 16:00,156,64,92,0,0,0
2020-01-24 16:15,139,62,77,0,0,0
2020-01-24 16:30,156,69,87,0,0,0
2020-01-24 16:45,138,51,87,0,0,0
2020-01-24 17:00,147,47,100,0,0,0
2020-01-24 17:15,120,54,66,0,0,0
2020-01-24 17:30,140,55,85,0,0,0
2020-01-24 17:45,128,66,62,0,0,0
2020-01-24 18:00,130,56,74,0,0,0
2020-01-24 18:15,100,30,70,0,0,0
2020-01-24 18:30,114,36,78,0,0,0
2020-01-24 18:45,122,62,60,0,0,0
2020-01-24 19:00,112,45,67,0,0,0
2020-01-24 19:15,109,52,57,0,0,0
2020-01-24 19:30,85,34,51,0,0,0
2020-01-24 19:45,107,55,52,0,0,0
2020-01-24 20:00,101,39,62,0,0,0
2020-01-24 20:15,68,24,44,0,0,0
2020-01-24 20:30,64,27,37,0,0,0
2020-01-24 20:45,50,17,33,0,0,0
2020-01-24 21:00,45,18,27,0,0,0
2020-01-24 21:15,50,13,37,0,0,0
2020-01-24 21:30,32,8,24,0,0,0
2020-01-24 21:45,36,11,25,0,0,0
2020-01-24 22:00,53,16,37,0,0,0
2020-01-24 22:15,40,13,27,0,0,0
2020-01-24 22:30,55,15,40,0,0,0
2020-01-24 22:45,42,13,29,0,0,0
2020-01-24 23:00,54,8,46,0,0,0
2020-01-24 23:15,49,19,30,0,0,0
2020-01-24 23:30,34,5,29,0,0,0
2020-01-24 23:45,45,16,29,0,0,0
2020-01-25 00:00,39,20,19,0,0,0
2020-01-25 00:15,23,11,12,0,0,0
2020-01-25 00:30,21,9,12,0,0,0
2020-01-25 00:45,38,19,19,0,0,0
2020-01-25 01:00,15,2,13,0,0,0
2020-01-25 01:15,31,11,20,0,0,0
2020-01-25 01:30,30,8,22,0,0,0
2020-01-25 01:45,9,1,8,0,0,0
2020-01-25 02:00,19,4,15,0,0,0
2020-01-25 02:15,14,9,5,0,0,0
2020-01-25 02:30,8,0,8,0,0,0
2020-01-25 02:45,11,1,10,0,0,0
2020-01-25 03:00,18,4,14,0,0,0
2020-01-25 03:15,5,1,4,0,0,0
2020-01-25 03:30,7,1,6,0,0,0
2020-01-25 03:45,4,3,1,0,0,0
2020-01-25 04:00,3,0,3,0,0,0
2020-01-25 04:15,1,0,1,0,0,0
2020-01-25 04:30,3,1,2,0,0,0
2020-01-25 04:45,4,2,2,0,0,0
2020-01-25 05:00,2,1,1,0,0,0
2020-01-25 05:15,3,2,1,0,0,0
2020-01-25 05:30,14,7,7,0,0,0
2020-01-25 05:45,11,8,3,0,0,0
2020-01-25 06:00,1,1,0,0,0,0
2020-01-25 06:15,9,6,3,0,0,0
2020-01-25 06:30,4,3,1,0,0,0
2020-01-25 06:45,9,6,3,0,0,0
2020-01-25 07:00,6,4,2,0,0,0
2020-01-25 07:15,22,16,6,0,0,0
2020-01-25 07:30,16,5,11,0,0,0
2020-01-25 07:45,42,34,8,0,0,0
2020-01-25 08:00,29,21,8,0,0,0
2020-01-25 08:15,44,27,17,0,0,0
2020-01-25 08:30,38,30,8,0,0,0
2020-01-25 08:45,72,52,20,0,0,0
2020-01-25 09:00,55,33,22,0,0,0
2020-01-25 09:15,62,46,16,0,0,0
2020-01-25 09:30,87,65,22,0,0,0
2020-01-25 09:45,115,89,26,0,0,0
2020-01-25 10:00,105,63,42,0,0,0
2020-01-25 10:15,125,86,39,0,0,0
2020-01-25 10:30,97,71,26,0,0,0
2020-01-25 10:45,121,86,35,0,0,0
2020-01-25 11:00,108,65,43,0,0,0
2020-01-25 11:15,139,91,48,0,0,0
2020-01-25 11:30,138,79,59,0,0,0
2020-01-25 11:45,146,90,56,0,0,0
2020-01-25 12:00,130,64,66,0,0,0
2020-01-25 12:15,130,64,66,0,0,0
2020-01-25 12:30,140,80,60,0,0,0
2020-01-25 12:45,160,82,78,0,0,0
2020-01-25 13:00,139,69,70,0,0,0
2020-01-25 13:15,156,66,90,0,0,0
2020-01-25 13:30,135,64,71,0,0,0
2020-01-25 13:45,148,80,68,0,0,0
2020-01-25 14:00,141,66,75,0,0,0
2020-01-25 14:15,135,47,88,0,0,0
2020-01-25 14:30,123,51,72,0,0,0
2020-01-25 14:45,128,71,57,0,0,0
2020-01-25 15:00,143,49,94,0,0,0
2020-01-25 15:15,115,43,72,0,0,0
2020-01-25 15:30,106,49,57,0,0,0
2020-01-25 15:45,104,42,62,0,0,0
2020-01-25 16:00,89,35,54,0,0,0
2020-01-25 16:15,121,33,88,0,0,0
2020-01-25 16:30,105,40,65,0,0,0
2020-01-25 16:45,112,47,65,0,0,0
2020-01-25 17:00,94,34,60,0,0,0
2020-01-25 17:15,88,36,52,0,0,0
2020-01-25 17:30,107,33,74,0,0,0
2020-01-25 17:45,118,51,67,0,0,0
2020-01-25 18:00,106,40,66,0,0,0
2020-01-25 18:15,111,45,66,0,0,0
2020-01-25 18:30,96,30,66,0,0,0
2020-01-25 18:45,143,52,91,0,0,0
2020-01-25 19:00,86,34,52,0,0,0
2020-01-25 19:15,72,33,39,0,0,0
2020-01-25 19:30,74,44,30,0,0,0
2020-01-25 19:45,88,31,57,0,0,0
2020-01-25 20:00,68,19,49,0,0,0
2020-01-25 20:15,45,18,27,0,0,0
2020-01-25 20:30,54,23,31,0,0,0
2020-01-25 20:45,56,25,31,0,0,0
2020-01-25 21:00,62,26,36,0,0,0
2020-01-25 21:15,42,17,25,0,0,0
2020-01-25 21:30,103,83,20,0,0,0
2020-01-25 21:45,66,36,30,0,0,0
2020-01-25 22:00,54,23,31,0,0,0
2020-01-25 22:15,24,7,17,0,0,0
2020-01-25 22:30,36,16,20,0,0,0
2020-01-25 22:45,45,14,31,0,0,0
2020-01-25 23:00,48,23,25,0,0,0
2020-01-25 23:15,37,17,20,0,0,0
2020-01-25 23:30,35,13,22,0,0,0
2020-01-25 23:45,46,15,31,0,0,0
2020-01-26 00:00,49,19,30,0,0,0
2020-01-26 00:15,39,18,21,0,0,0
2020-01-26 00:30,39,14,25,0,0,0
2020-01-26 00:45,31,16,15,0,0,0
2020-01-26 01:00,15,3,12,0,0,0
2020-01-26 01:15,24,13,11,0,0,0
2020-01-26 01:30,20,3,17,0,0,0
2020-01-26 01:45,21,7,14,0,0,0
2020-01-26 02:00,17,6,11,0,0,0
2020-01-26 02:15,15,3,12,0,0,0
2020-01-26 02:30,11,2,9,0,0,0
2020-01-26 02:45,13,4,9,0,0,0
2020-01-26 03:00,10,1,9,0,0,0
2020-01-26 03:15,17,4,13,0,0,0
2020-01-26 03:30,15,3,12,0,0,0
2020-01-26 03:45,1,0,1,0,0,0
2020-01-26 04:00,12,0,12,0,0,0
2020-01-26 04:15,5,0,5,0,0,0
2020-01-26 04:30,5,2,3,0,0,0
2020-01-26 04:45,3,1,2,0,0,0
2020-01-26 05:00,2,1,1,0,0,0
2020-01-26 05:15,5,2,3,0,0,0
2020-01-26 05:30,9,8,1,0,0,0
2020-01-26 05:45,4,2,2,0,0,0
2020-01-26 06:00,0,0,0,0,0,0
2020-01-26 06:15,2,2,0,0,0,0
2020-01-26 06:30,7,2,5,0,0,0
2020-01-26 06:45,3,1,2,0,0,0
2020-01-26 07:00,3,2,1,0,0,0
2020-01-26 07:15,6,1,5,0,0,0
2020-01-26 07:30,7,2,5,0,0,0
2020-01-26 07:45,18,15,3,0,0,0
2020-01-26 08:00,3,1,2,0,0,0
2020-01-26 08:15,5,3,2,0,0,0
2020-01-26 08:30,11,7,4,0,0,0
2020-01-26 08:45,17,9,8,0,0,0
2020-01-26 09:00,14,11,3,0,0,0
2020-01-26 09:15,23,17,6,0,0,0
2020-01-26 09:30,32,20,12,0,0,0
2020-01-26 09:45,66,47,19,0,0,0
2020-01-26 10:00,38,21,17,0,0,0
2020-01-26 10:15,25,16,9,0,0,0
2020-01-26 10:30,32,15,17,0,0,0
2020-01-26 10:45,38,21,17,0,0,0
2020-01-26 11:00,29,20,9,0,0,0
2020-01-26 11:15,40,24,16,0,0,0
2020-01-26 11:30,39,24,15,0,0,0
2020-01-26 11:45,40,21,19,0,0,0
2020-01-26 12:00,42,30,12,0,0,0
2020-01-26 12:15,47,17,30,0,0,0
2020-01-26 12:30,55,24,31,0,0,0
2020-01-26 12:45,54,25,29,0,0,0
2020-01-26 13:00,62,28,34,0,0,0
2020-01-26 13:15,37,23,14,0,0,0
2020-01-26 13:30,47,29,18,0,0,0
2020-01-26 13:45,62,33,29,0,0,0
2020-01-26 14:00,72,28,44,0,0,0
2020-01-26 14:15,78,46,32,0,0,0
2020-01-26 14:30,66,45,21,0,0,0
2020-01-26 14:45,78,40,38,0,0,0
2020-01-26 15:00,77,48,29,0,0,0
2020-01-26 15:15,90,47,43,0,0,0
2020-01-26 15:30,51,18,33,0,0,0
2020-01-26 15:45,60,32,28,0,0,0
2020-01-26 16:00,97,41,56,0,0,0
2020-01-26 16:15,58,23,35,0,0,0
2020-01-26 16:30,83,35,48,0,0,0
2020-01-26 16:45,64,26,38,0,0,0
2020-01-26 17:00,70,26,44,0,0,0
2020-01-26 17:15,73,37,36,0,0,0
2020-01-26 17:30,82,42,40,0,0,0
2020-01-26 17:45,78,31,47,0,0,0
2020-01-26 18:00,66,22,44,0,0,0
2020-01-26 18:15,48,21,27,0,0,0
2020-01-26 18:30,43,15,28,0,0,0
2020-01-26 18:45,60,25,35,0,0,0
2020-01-26 19:00,38,12,26,0,0,0
2020-01-26 19:15,45,14,31,0,0,0
2020-01-26 19:30,47,18,29,0,0,0
2020-01-26 19:45,34,13,21,0,0,0
2020-01-26 20:00,39,15,24,0,0,0
2020-01-26 20:15,31,10,21,0,0,0
2020-01-26 20:30,25,6,19,0,0,0
2020-01-26 20:45,18,7,11,0,0,0
2020-01-26 21:00,24,4,20,0,0,0
2020-01-26 21:15,27,10,17,0,0,0
2020-01-26 21:30,19,6,13,0,0,0
2020-01-26 21:45,33,10,23,0,0,0
2020-01-26 22:00,20,6,14,0,0,0
2020-01-26 22:15,28,5,23,0,0,0
2020-01-26 22:30,15,4,11,0,0,0
2020-01-26 22:45,7,4,3,0,0,0
2020-01-26 23:00,13,7,6,0,0,0
2020-01-26 23:15,9,3,6,0,0,0
2020-01-26 23:30,7,2,5,0,0,0
2020-01-26 23:45,4,1,3,0,0,0
2020-01-27 00:00,6,3,3,0,0,0
2020-01-27 00:15,5,3,2,0,0,0
2020-01-27 00:30,3,0,3,0,0,0
2020-01-27 00:45,4,2,2,0,0,0
2020-01-27 01:00,0,0,0,0,0,0
2020-01-27 01:15,4,1,3,0,0,0
2020-01-27 01:30,2,2,0,0,0,0
2020-01-27 01:45,3,3,0,0,0,0
2020-01-27 02:00,1,0,1,0,0,0
2020-01-27 02:15,1,0,1,0,0,0
2020-01-27 02:30,2,1,1,0,0,0
2020-01-27 02:45,3,0,3,0,0,0
2020-01-27 03:00,1,0,1,0,0,0
2020-01-27 03:15,0,0,0,0,0,0
2020-01-27 03:30,1,1,0,0,0,0
2020-01-27 03:45,2,0,2,0,0,0
2020-01-27 04:00,2,1,1,0,0,0
2020-01-27 04:15,1,1,0,0,0,0
2020-01-27 04:30,3,3,0,0,0,0
2020-01-27 04:45,4,4,0,0,0,0
2020-01-27 05:00,2,1,1,0,0,0
2020-01-27 05:15,6,5,1,0,0,0
2020-01-27 05:30,10,8,2,0,0,0
2020-01-27 05:45,16,15,1,0,0,0
2020-01-27 06:00,19,14,5,0,0,0
2020-01-27 06:15,33,26,7,0,0,0
2020-01-27 06:30,42,26,16,0,0,0
2020-01-27 06:45,55,32,23,0,0,0
2020-01-27 07:00,76,48,28,0,0,0
2020-01-27 07:15,88,57,31,0,0,0
2020-01-27 07:30,133,84,49,0,0,0
2020-01-27 07:45,149,106,43,0,0,0
2020-01-27 08:00,127,98,29,0,0,0
2020-01-27 08:15,149,99,50,0,0,0
2020-01-27 08:30,106,76,30,0,0,0
2020-01-27 08:45,144,103,41,0,0,0
2020-01-27 09:00,82,65,17,0,0,0
2020-01-27 09:15,98,59,39,0,0,0
2020-01-27 09:30,79,54,25,0,0,0
2020-01-27 09:45,113,84,29,0,0,0
2020-01-27 10:00,84,51,33,0,0,0
2020-01-27 10:15,94,60,34,0,0,0
2020-01-27 10:30,82,54,28,0,0,0
2020-01-27 10:45,96,67,29,0,0,0
2020-01-27 11:00,95,54,41,0,0,0
2020-01-27 11:15,88,39,49,0,0,0
2020-01-27 11:30,82,43,39,0,0,0
2020-01-27 11:45,108,44,64,0,0,0
2020-01-27 12:00,79,39,40,0,0,0
2020-01-27 12:15,103,50,53,0,0,0
2020-01-27 12:30,99,31,68,0,0,0
2020-01-27 12:45,117,41,76,0,0,0
2020-01-27 13:00,105,44,61,0,0,0
2020-01-27 13:15,92,43,49,0,0,0
2020-01-27 13:30,97,42,55,0,0,0
2020-01-27 13:45,118,48,70,0,0,0
2020-01-27 14:00,118,52,66,0,0,0
2020-01-27 14:15,89,34,55,0,0,0
2020-01-27 14:30,104,29,75,0,0,0
2020-01-27 14:45,109,48,61,0,0,0
2020-01-27 15:00,117,45,72,0,0,0
2020-01-27 15:15,125,41,84,0,0,0
2020-01-27 15:30,128,50,78,0,0,0
2020-01-27 15:45,148,73,75,0,0,0
2020-01-27 16:00,150,49,101,0,0,0
2020-01-27 16:15,161,56,105,0,0,0
2020-01-27 16:30,167,71,96,0,0,0
2020-01-27 16:45,164,63,101,0,0,0
2020-01-27 17:00,170,57,113,0,0,0
2020-01-27 17:15,145,37,108,0,0,0
2020-01-27 17:30,150,46,104,0,0,0
2020-01-27 17:45,183,70,113,0,0,0
2020-01-27 18:00,175,60,115,0,0,0
2020-01-27 18:15,158,51,107,0,0,0
2020-01-27 18:30,139,53,86,0,0,0
2020-01-27 18:45,131,48,83,0,0,0
2020-01-27 19:00,107,31,76,0,0,0
2020-01-27 19:15,109,39,70,0,0,0
2020-01-27 19:30,91,25,66,0,0,0
2020-01-27 19:45,106,42,64,0,0,0
2020-01-27 20:00,91,43,48,0,0,0
2020-01-27 20:15,65,17,48,0,0,0
2020-01-27 20:30,52,18,34,0,0,0
2020-01-27 20:45,47,17,30,0,0,0
2020-01-27 21:00,51,18,33,0,0,0
2020-01-27 21:15,42,11,31,0,0,0
2020-01-27 21:30,57,26,31,0,0,0
2020-01-27 21:45,54,15,39,0,0,0
2020-01-27 22:00,52,19,33,0,0,0
2020-01-27 22:15,39,10,29,0,0,0
2020-01-27 22:30,36,7,29,0,0,0
2020-01-27 22:45,23,6,17,0,0,0
2020-01-27 23:00,14,2,12,0,0,0
2020-01-27 23:15,18,2,16,0,0,0
2020-01-27 23:30,13,5,8,0,0,0
2020-01-27 23:45,22,12,10,0,0,0
2020-01-28 00:00,8,3,5,0,0,0
2020-01-28 00:15,12,5,7,0,0,0
2020-01-28 00:30,7,3,4,0,0,0
2020-01-28 00:45,10,0,10,0,0,0
2020-01-28 01:00,5,0,5,0,0,0
2020-01-28 01:15,1,1,0,0,0,0
2020-01-28 01:30,2,1,1,0,0,0
2020-01-28 01:45,5,3,2,0,0,0
2020-01-28 02:00,1,1,0,0,0,0
2020-01-28 02:15,1,0,1,0,0,0
2020-01-28 02:30,2,1,1,0,0,0
2020-01-28 02:45,0,0,0,0,0,0
2020-01-28 03:00,1,0,1,0,0,0
2020-01-28 03:15,1,1,0,0,0,0
2020-01-28 03:30,2,0,2,0,0,0
2020-01-28 03:45,1,1,0,0,0,0
2020-01-28 04:00,1,1,0,0,0,0
2020-01-28 04:15,2,1,1,0,0,0
2020-01-28 04:30,1,1,0,0,0,0
2020-01-28 04:45,6,5,1,0,0,0
2020-01-28 05:00,1,1,0,0,0,0
2020-01-28 05:15,9,6,3,0,0,0
2020-01-28 05:30,8,6,2,0,0,0
2020-01-28 05:45,15,13,2,0,0,0
2020-01-28 06:00,21,13,8,0,0,0
2020-01-28 06:15,30,23,7,0,0,0
2020-01-28 06:30,37,24,13,0,0,0
2020-01-28 06:45,53,35,18,0,0,0
2020-01-28 07:00,64,44,20,0,0,0
2020-01-28 07:15,97,62,35,0,0,0
2020-01-28 07:30,126,73,53,0,0,0
2020-01-28 07:45,159,124,35,0,0,0
2020-01-28 08:00,140,105,35,0,0,0
2020-01-28 08:15,157,106,51,0,0,0
2020-01-28 08:30,100,72,28,0,0,0
2020-01-28 08:45,118,86,32,0,0,0
2020-01-28 09:00,72,58,14,0,0,0
2020-01-28 09:15,78,38,40,0,0,0
2020-01-28 09:30,79,53,26,0,0,0
2020-01-28 09:45,107,70,37,0,0,0
2020-01-28 10:00,78,51,27,0,0,0
2020-01-28 10:15,67,39,28,0,0,0
2020-01-28 10:30,70,45,25,0,0,0
2020-01-28 10:45,86,45,41,0,0,0
2020-01-28 11:00,70,43,27,0,0,0
2020-01-28 11:15,61,31,30,0,0,0
2020-01-28 11:30,80,37,43,0,0,0
2020-01-28 11:45,86,48,38,0,0,0
2020-01-28 12:00,80,35,45,0,0,0
2020-01-28 12:15,74,35,39,0,0,0
2020-01-28 12:30,95,37,58,0,0,0
2020-01-28 12:45,104,54,50,0,0,0
2020-01-28 13:00,109,39,70,0,0,0
2020-01-28 13:15,100,41,59,0,0,0
2020-01-28 13:30,100,47,53,0,0,0
2020-01-28 13:45,104,49,55,0,0,0
2020-01-28 14:00,91,30,61,0,0,0
2020-01-28 14:15,107,47,60,0,0,0
2020-01-28 14:30,116,48,68,0,0,0
2020-01-28 14:45,120,52,68,0,0,0
2020-01-28 15:00,120,53,67,0,0,0
2020-01-28 15:15,127,49,78,0,0,0
2020-01-28 15:30,117,42,75,0,0,0
2020-01-28 15:45,133,53,80,0,0,0
2020-01-28 16:00,169,51,118,0,0,0
2020-01-28 16:15,160,57,103,0,0,0
2020-01-28 16:30,133,53,80,0,0,0
2020-01-28 16:45,171,71,100,0,0,0
2020-01-28 17:00,147,61,86,0,0,0
2020-01-28 17:15,153,49,104,0,0,0
2020-01-28 17:30,183,56,127,0,0,0
2020-01-28 17:45,173,71,102,0,0,0
2020-01-28 18:00,164,50,114,0,0,0
2020-01-28 18:15,139,52,87,0,0,0
2020-01-28 18:30,114,39,75,0,0,0
2020-01-28 18:45,98,34,64,0,0,0
2020-01-28 19:00,98,32,66,0,0,0
2020-01-28 19:15,83,31,52,0,0,0
2020-01-28 19:30,97,36,61,0,0,0
2020-01-28 19:45,111,29,82,0,0,0
2020-01-28 20:00,51,20,31,0,0,0
2020-01-28 20:15,59,18,41,0,0,0
2020-01-28 20:30,49,17,32,0,0,0
2020-01-28 20:45,45,14,31,0,0,0
2020-01-28 21:00,58,24,34,0,0,0
2020-01-28 21:15,43,11,32,0,0,0
2020-01-28 21:30,35,13,22,0,0,0
2020-01-28 21:45,48,18,30,0,0,0
2020-01-28 22:00,56,19,37,0,0,0
2020-01-28 22:15,65,14,51,0,0,0
2020-01-28 22:30,38,14,24,0,0,0
2020-01-28 22:45,28,5,23,0,0,0
2020-01-28 23:00,18,5,13,0,0,0
2020-01-28 23:15,13,6,7,0,0,0
2020-01-28 23:30,10,1,9,0,0,0
2020-01-28 23:45,8,0,8,0,0,0
2020-01-29 00:00,6,4,2,0,0,0
2020-01-29 00:15,11,6,5,0,0,0
2020-01-29 00:30,7,1,6,0,0,0
2020-01-29 00:45,5,2,3,0,0,0
2020-01-29 01:00,5,0,5,0,0,0
2020-01-29 01:15,4,2,2,0,0,0
2020-01-29 01:30,3,2,1,0,0,0
2020-01-29 01:45,3,2,1,0,0,0
2020-01-29 02:00,5,0,5,0,0,0
2020-01-29 02:15,1,1,0,0,0,0
2020-01-29 02:30,3,0,3,0,0,0
2020-01-29 02:45,4,3,1,0,0,0
2020-01-29 03:00,0,0,0,0,0,0
2020-01-29 03:15,1,0,1,0,0,0
2020-01-29 03:30,3,0,3,0,0,0
2020-01-29 03:45,3,1,2,0,0,0
2020-01-29 04:00,1,1,0,0,0,0
2020-01-29 04:15,0,0,0,0,0,0
2020-01-29 04:30,4,2,2,0,0,0
2020-01-29 04:45,6,4,2,0,0,0
2020-01-29 05:00,3,1,2,0,0,0
2020-01-29 05:15,7,6,1,0,0,0
2020-01-29 05:30,21,16,5,0,0,0
2020-01-29 05:45,18,13,5,0,0,0
2020-01-29 06:00,22,17,5,0,0,0
2020-01-29 06:15,31,27,4,0,0,0
2020-01-29 06:30,49,36,13,0,0,0
2020-01-29 06:45,67,43,24,0,0,0
2020-01-29 07:00,77,50,27,0,0,0
2020-01-29 07:15,95,63,32,0,0,0
2020-01-29 07:30,135,82,53,0,0,0
2020-01-29 07:45,182,136,46,0,0,0
2020-01-29 08:00,147,114,33,0,0,0
2020-01-29 08:15,153,100,53,0,0,0
2020-01-29 08:30,128,86,42,0,0,0
2020-01-29 08:45,160,112,48,0,0,0
2020-01-29 09:00,114,83,31,0,0,0
2020-01-29 09:15,96,59,37,0,0,0
2020-01-29 09:30,110,71,39,0,0,0
2020-01-29 09:45,136,96,40,0,0,0
2020-01-29 10:00,105,66,39,0,0,0
2020-01-29 10:15,99,55,44,0,0,0
2020-01-29 10:30,97,63,34,0,0,0
2020-01-29 10:45,107,60,47,0,0,0
2020-01-29 11:00,113,58,55,0,0,0
2020-01-29 11:15,115,64,51,0,0,0
2020-01-29 11:30,93,49,44,0,0,0
2020-01-29 11:45,111,51,60,0,0,0
2020-01-29 12:00,125,55,70,0,0,0
2020-01-29 12:15,105,39,66,0,0,0
2020-01-29 12:30,81,30,51,0,0,0
2020-01-29 12:45,113,39,74,0,0,0
2020-01-29 13:00,134,59,75,0,0,0
2020-01-29 13:15,114,39,75,0,0,0
2020-01-29 13:30,115,53,62,0,0,0
2020-01-29 13:45,156,72,84,0,0,0
2020-01-29 14:00,110,47,63,0,0,0
2020-01-29 14:15,118,43,75,0,0,0
2020-01-29 14:30,99,42,57,0,0,0
2020-01-29 14:45,147,56,91,0,0,0
2020-01-29 15:00,145,65,80,0,0,0
2020-01-29 15:15,112,51,61,0,0,0
2020-01-29 15:30,124,45,79,0,0,0
2020-01-29 15:45,156,62,94,0,0,0
2020-01-29 16:00,168,70,98,0,0,0
2020-01-29 16:15,145,68,77,0,0,0
2020-01-29 16:30,171,70,101,0,0,0
2020-01-29 16:45,185,79,106,0,0,0
2020-01-29 17:00,182,78,104,0,0,0
2020-01-29 17:15,162,70,92,0,0,0
2020-01-29 17:30,133,54,79,0,0,0
2020-01-29 17:45,188,61,127,0,0,0
2020-01-29 18:00,176,65,111,0,0,0
2020-01-29 18:15,163,62,101,0,0,0
2020-01-29 18:30,125,41,84,0,0,0
2020-01-29 18:45,142,60,82,0,0,0
2020-01-29 19:00,133,41,92,0,0,0
2020-01-29 19:15,121,43,78,0,0,0
2020-01-29 19:30,96,33,63,0,0,0
2020-01-29 19:45,129,43,86,0,0,0
2020-01-29 20:00,106,41,65,0,0,0
2020-01-29 20:15,77,28,49,0,0,0
2020-01-29 20:30,64,28,36,0,0,0
2020-01-29 20:45,70,18,52,0,0,0
2020-01-29 21:00,62,19,43,0,0,0
2020-01-29 21:15,55,22,33,0,0,0
2020-01-29 21:30,46,19,27,0,0,0
2020-01-29 21:45,44,16,28,0,0,0
2020-01-29 22:00,44,13,31,0,0,0
2020-01-29 22:15,57,17,40,0,0,0
2020-01-29 22:30,37,9,28,0,0,0
2020-01-29 22:45,41,17,24,0,0,0
2020-01-29 23:00,42,13,29,0,0,0
2020-01-29 23:15,22,7,15,0,0,0
2020-01-29 23:30,12,4,8,0,0,0
2020-01-29 23:45,23,4,19,0,0,0
2020-01-30 00:00,13,5,8,0,0,0
2020-01-30 00:15,10,3,7,0,0,0
2020-01-30 00:30,17,1,16,0,0,0
2020-01-30 00:45,5,0,5,0,0,0
2020-01-30 01:00,4,0,4,0,0,0
2020-01-30 01:15,9,2,7,0,0,0
2020-01-30 01:30,4,2,2,0,0,0
2020-01-30 01:45,4,3,1,0,0,0
2020-01-30 02:00,2,0,2,0,0,0
2020-01-30 02:15,7,0,7,0,0,0
2020-01-30 02:30,6,2,4,0,0,0
2020-01-30 02:45,3,1,2,0,0,0
2020-01-30 03:00,3,2,1,0,0,0
2020-01-30 03:15,7,1,6,0,0,0
2020-01-30 03:30,3,0,3,0,0,0
2020-01-30 03:45,0,0,0,0,0,0
2020-01-30 04:00,1,1,0,0,0,0
2020-01-30 04:15,3,1,2,0,0,0
2020-01-30 04:30,2,0,2,0,0,0
2020-01-30 04:45,8,6,2,0,0,0
2020-01-30 05:00,2,2,0,0,0,0
2020-01-30 05:15,11,7,4,0,0,0
2020-01-30 05:30,17,15,2,0,0,0
2020-01-30 05:45,15,10,5,0,0,0
2020-01-30 06:00,20,14,6,0,0,0
2020-01-30 06:15,43,35,8,0,0,0
2020-01-30 06:30,36,25,11,0,0,0
2020-01-30 06:45,69,46,23,0,0,0
2020-01-30 07:00,76,46,30,0,0,0
2020-01-30 07:15,90,62,28,0,0,0
2020-01-30 07:30,158,100,58,0,0,0
2020-01-30 07:45,187,137,50,0,0,0
2020-01-30 08:00,135,101,34,0,0,0
2020-01-30 08:15,143,91,52,0,0,0
2020-01-30 08:30,126,85,41,0,0,0
2020-01-30 08:45,159,123,36,0,0,0
2020-01-30 09:00,91,62,29,0,0,0
2020-01-30 09:15,102,66,36,0,0,0
2020-01-30 09:30,120,79,41,0,0,0
2020-01-30 09:45,138,98,40,0,0,0
2020-01-30 10:00,76,52,24,0,0,0
2020-01-30 10:15,75,45,30,0,0,0
2020-01-30 10:30,71,41,30,0,0,0
2020-01-30 10:45,91,50,41,0,0,0
2020-01-30 11:00,84,48,36,0,0,0
2020-01-30 11:15,85,47,38,0,0,0
2020-01-30 11:30,86,47,39,0,0,0
2020-01-30 11:45,126,63,63,0,0,0
2020-01-30 12:00,141,62,79,0,0,0
2020-01-30 12:15,122,57,65,0,0,0
2020-01-30 12:30,122,49,73,0,0,0
2020-01-30 12:45,116,62,54,0,0,0
2020-01-30 13:00,129,49,80,0,0,0
2020-01-30 13:15,121,45,76,0,0,0
2020-01-30 13:30,117,51,66,0,0,0
2020-01-30 13:45,164,79,85,0,0,0
2020-01-30 14:00,141,56,85,0,0,0
2020-01-30 14:15,147,59,88,0,0,0
2020-01-30 14:30,151,74,77,0,0,0
2020-01-30 14:45,146,63,83,0,0,0
2020-01-30 15:00,148,66,82,0,0,0
2020-01-30 15:15,159,77,82,0,0,0
2020-01-30 15:30,147,69,78,0,0,0
2020-01-30 15:45,188,82,106,0,0,0
2020-01-30 16:00,172,64,108,0,0,0
2020-01-30 16:15,166,69,97,0,0,0
2020-01-30 16:30,163,65,98,0,0,0
2020-01-30 16:45,189,68,121,0,0,0
2020-01-30 17:00,211,78,133,0,0,0
2020-01-30 17:15,184,78,106,0,0,0
2020-01-30 17:30,187,66,121,0,0,0
2020-01-30 17:45,181,73,108,0,0,0
2020-01-30 18:00,204,71,133,0,0,0
2020-01-30 18:15,174,65,109,0,0,0
2020-01-30 18:30,128,38,90,0,0,0
2020-01-30 18:45,120,47,73,0,0,0
2020-01-30 19:00,110,41,69,0,0,0
2020-01-30 19:15,119,46,73,0,0,0
2020-01-30 19:30,123,45,78,0,0,0
2020-01-30 19:45,115,44,71,0,0,0
2020-01-30 20:00,92,21,71,0,0,0
2020-01-30 20:15,76,27,49,0,0,0
2020-01-30 20:30,59,28,31,0,0,0
2020-01-30 20:45,80,26,54,0,0,0
2020-01-30 21:00,54,19,35,0,0,0
2020-01-30 21:15,53,18,35,0,0,0
2020-01-30 21:30,49,13,36,0,0,0
2020-01-30 21:45,53,17,36,0,0,0
2020-01-30 22:00,48,13,35,0,0,0
2020-01-30 22:15,46,10,36,0,0,0
2020-01-30 22:30,55,19,36,0,0,0
2020-01-30 22:45,38,5,33,0,0,0
2020-01-30 23:00,34,9,25,0,0,0
2020-01-30 23:15,19,12,7,0,0,0
2020-01-30 23:30,41,13,28,0,0,0
2020-01-30 23:45,28,7,21,0,0,0
2020-01-31 00:00,19,5,14,0,0,0
2020-01-31 00:15,15,5,10,0,0,0
2020-01-31 00:30,15,5,10,0,0,0
2020-01-31 00:45,12,0,12,0,0,0
2020-01-31 01:00,9,0,9,0,0,0
2020-01-31 01:15,6,0,6,0,0,0
2020-01-31 01:30,3,2,1,0,0,0
2020-01-31 01:45,7,0,7,0,0,0
2020-01-31 02:00,2,0,2,0,0,0
2020-01-31 02:15,7,4,3,0,0,0
2020-01-31 02:30,4,3,1,0,0,0
2020-01-31 02:45,4,1,3,0,0,0
2020-01-31 03:00,4,1,3,0,0,0
2020-01-31 03:15,3,2,1,0,0,0
2020-01-31 03:30,1,0,1,0,0,0
2020-01-31 03:45,2,0,2,0,0,0
2020-01-31 04:00,3,2,1,0,0,0
2020-01-31 04:15,2,1,1,0,0,0
2020-01-31 04:30,4,3,1,0,0,0
2020-01-31 04:45,6,5,1,0,0,0
2020-01-31 05:00,2,1,1,0,0,0
2020-01-31 05:15,7,4,3,0,0,0
2020-01-31 05:30,7,5,2,0,0,0
2020-01-31 05:45,21,16,5,0,0,0
2020-01-31 06:00,20,15,5,0,0,0
2020-01-31 06:15,28,24,4,0,0,0
2020-01-31 06:30,48,30,18,0,0,0
2020-01-31 06:45,54,36,18,0,0,0
2020-01-31 07:00,60,37,23,0,0,0
2020-01-31 07:15,94,59,35,0,0,0
2020-01-31 07:30,162,97,65,0,0,0
2020-01-31 07:45,164,120,44,0,0,0
2020-01-31 08:00,111,80,31,0,0,0
2020-01-31 08:15,138,85,53,0,0,0
2020-01-31 08:30,108,79,29,0,0,0
2020-01-31 08:45,129,86,43,0,0,0
2020-01-31 09:00,99,69,30,0,0,0
2020-01-31 09:15,80,47,33,0,0,0
2020-01-31 09:30,101,70,31,0,0,0
2020-01-31 09:45,122,90,32,0,0,0
2020-01-31 10:00,108,72,36,0,0,0
2020-01-31 10:15,112,67,45,0,0,0
2020-01-31 10:30,116,64,52,0,0,0
2020-01-31 10:45,134,72,62,0,0,0
2020-01-31 11:00,113,59,54,0,0,0
2020-01-31 11:15,118,56,62,0,0,0
2020-01-31 11:30,125,60,65,0,0,0
2020-01-31 11:45,152,84,68,0,0,0
2020-01-31 12:00,132,52,80,0,0,0
2020-01-31 12:15,135,64,71,0,0,0
2020-01-31 12:30,166,66,100,0,0,0
2020-01-31 12:45,167,78,89,0,0,0
2020-01-31 13:00,157,72,85,0,0,0
2020-01-31 13:15,165,71,94,0,0,0
2020-01-31 13:30,143,64,79,0,0,0
2020-01-31 13:45,167,72,95,0,0,0
2020-01-31 14:00,148,56,92,0,0,0
2020-01-31 14:15,159,66,93,0,0,0
2020-01-31 14:30,172,84,88,0,0,0
2020-01-31 14:45,168,75,93,0,0,0
2020-01-31 15:00,172,89,83,0,0,0
2020-01-31 15:15,169,72,97,0,0,0
2020-01-31 15:30,164,72,92,0,0,0
2020-01-31 15:45,201,90,111,0,0,0
2020-01-31 16:00,152,53,99,0,0,0
2020-01-31 16:15,158,59,99,0,0,0
2020-01-31 16:30,159,72,87,0,0,0
2020-01-31 16:45,156,73,83,0,0,0
2020-01-31 17:00,149,60,89,0,0,0
2020-01-31 17:15,126,51,75,0,0,0
2020-01-31 17:30,124,52,72,0,0,0
2020-01-31 17:45,164,73,91,0,0,0
2020-01-31 18:00,134,53,81,0,0,0
2020-01-31 18:15,135,44,91,0,0,0
2020-01-31 18:30,125,50,75,0,0,0
2020-01-31 18:45,162,87,75,0,0,0
2020-01-31 19:00,126,73,53,0,0,0
2020-01-31 19:15,112,62,50,0,0,0
2020-01-31 19:30,112,42,70,0,0,0
2020-01-31 19:45,113,63,50,0,0,0
2020-01-31 20:00,96,41,55,0,0,0
2020-01-31 20:15,68,26,42,0,0,0
2020-01-31 20:30,78,31,47,0,0,0
2020-01-31 20:45,53,30,23,0,0,0
2020-01-31 21:00,75,32,43,0,0,0
2020-01-31 21:15,64,22,42,0,0,0
2020-01-31 21:30,51,28,23,0,0,0
2020-01-31 21:45,45,15,30,0,0,0
2020-01-31 22:00,73,15,58,0,0,0
2020-01-31 22:15,54,22,32,0,0,0
2020-01-31 22:30,68,26,42,0,0,0
2020-01-31 22:45,67,30,37,0,0,0
2020-01-31 23:00,42,14,28,0,0,0
2020-01-31 23:15,58,27,31,0,0,0
2020-01-31 23:30,36,12,24,0,0,0
2020-01-31 23:45,40,11,29,0,0,0
