Datetime,100034980 (Hammer Straße),101034980 (Hammer Straße stadteinwärts),102034980 (Hammer Straße stadtauswärts),100034980-status,101034980-status,102034980-status
2020-06-01 00:00,20,8,12,0,0,0
2020-06-01 00:15,24,10,14,0,0,0
2020-06-01 00:30,17,8,9,0,0,0
2020-06-01 00:45,14,7,7,0,0,0
2020-06-01 01:00,13,2,11,0,0,0
2020-06-01 01:15,17,10,7,0,0,0
2020-06-01 01:30,9,3,6,0,0,0
2020-06-01 01:45,10,5,5,0,0,0
2020-06-01 02:00,5,3,2,0,0,0
2020-06-01 02:15,8,2,6,0,0,0
2020-06-01 02:30,15,10,5,0,0,0
2020-06-01 02:45,2,2,0,0,0,0
2020-06-01 03:00,4,1,3,0,0,0
2020-06-01 03:15,0,0,0,0,0,0
2020-06-01 03:30,1,1,0,0,0,0
2020-06-01 03:45,1,1,0,0,0,0
2020-06-01 04:00,0,0,0,0,0,0
2020-06-01 04:15,5,3,2,0,0,0
2020-06-01 04:30,0,0,0,0,0,0
2020-06-01 04:45,2,1,1,0,0,0
2020-06-01 05:00,1,1,0,0,0,0
2020-06-01 05:15,4,1,3,0,0,0
2020-06-01 05:30,5,3,2,0,0,0
2020-06-01 05:45,1,1,0,0,0,0
2020-06-01 06:00,3,2,1,0,0,0
2020-06-01 06:15,5,3,2,0,0,0
2020-06-01 06:30,8,5,3,0,0,0
2020-06-01 06:45,6,2,4,0,0,0
2020-06-01 07:00,5,4,1,0,0,0
2020-06-01 07:15,4,3,1,0,0,0
2020-06-01 07:30,16,8,8,0,0,0
2020-06-01 07:45,12,6,6,0,0,0
2020-06-01 08:00,9,2,7,0,0,0
2020-06-01 08:15,6,2,4,0,0,0
2020-06-01 08:30,23,13,10,0,0,0
2020-06-01 08:45,17,11,6,0,0,0
2020-06-01 09:00,19,9,10,0,0,0
2020-06-01 09:15,26,15,11,0,0,0
2020-06-01 09:30,31,19,12,0,0,0
2020-06-01 09:45,51,37,14,0,0,0
2020-06-01 10:00,52,26,26,0,0,0
2020-06-01 10:15,47,28,19,0,0,0
2020-06-01 10:30,62,38,24,0,0,0
2020-06-01 10:45,44,22,22,0,0,0
2020-06-01 11:00,48,25,23,0,0,0
2020-06-01 11:15,56,33,23,0,0,0
2020-06-01 11:30,86,43,43,0,0,0
2020-06-01 11:45,64,31,33,0,0,0
2020-06-01 12:00,80,45,35,0,0,0
2020-06-01 12:15,69,43,26,0,0,0
2020-06-01 12:30,64,34,30,0,0,0
2020-06-01 12:45,72,43,29,0,0,0
2020-06-01 13:00,44,19,25,0,0,0
2020-06-01 13:15,72,51,21,0,0,0
2020-06-01 13:30,81,44,37,0,0,0
2020-06-01 13:45,77,34,43,0,0,0
2020-06-01 14:00,94,57,37,0,0,0
2020-06-01 14:15,88,50,38,0,0,0
2020-06-01 14:30,97,47,50,0,0,0
2020-06-01 14:45,121,62,59,0,0,0
2020-06-01 15:00,90,48,42,0,0,0
2020-06-01 15:15,94,33,61,0,0,0
2020-06-01 15:30,98,50,48,0,0,0
2020-06-01 15:45,84,26,58,0,0,0
2020-06-01 16:00,124,52,72,0,0,0
2020-06-01 16:15,99,39,60,0,0,0
2020-06-01 16:30,102,47,55,0,0,0
2020-06-01 16:45,102,39,63,0,0,0
2020-06-01 17:00,93,30,63,0,0,0
2020-06-01 17:15,97,38,59,0,0,0
2020-06-01 17:30,84,23,61,0,0,0
2020-06-01 17:45,109,54,55,0,0,0
2020-06-01 18:00,109,62,47,0,0,0
2020-06-01 18:15,102,34,68,0,0,0
2020-06-01 18:30,85,27,58,0,0,0
2020-06-01 18:45,102,46,56,0,0,0
2020-06-01 19:00,90,31,59,0,0,0
2020-06-01 19:15,88,39,49,0,0,0
2020-06-01 19:30,63,24,39,0,0,0
2020-06-01 19:45,70,28,42,0,0,0
2020-06-01 20:00,84,29,55,0,0,0
2020-06-01 20:15,93,36,57,0,0,0
2020-06-01 20:30,59,24,35,0,0,0
2020-06-01 20:45,45,13,32,0,0,0
2020-06-01 21:00,54,13,41,0,0,0
2020-06-01 21:15,55,25,30,0,0,0
2020-06-01 21:30,33,11,22,0,0,0
2020-06-01 21:45,34,8,26,0,0,0
2020-06-01 22:00,47,16,31,0,0,0
2020-06-01 22:15,36,14,22,0,0,0
2020-06-01 22:30,26,9,17,0,0,0
2020-06-01 22:45,25,7,18,0,0,0
2020-06-01 23:00,25,10,15,0,0,0
2020-06-01 23:15,19,5,14,0,0,0
2020-06-01 23:30,17,3,14,0,0,0
2020-06-01 23:45,12,5,7,0,0,0
2020-06-02 00:00,9,2,7,0,0,0
2020-06-02 00:15,16,2,14,0,0,0
2020-06-02 00:30,11,4,7,0,0,0
2020-06-02 00:45,9,2,7,0,0,0
2020-06-02 01:00,3,2,1,0,0,0
2020-06-02 01:15,6,3,3,0,0,0
2020-06-02 01:30,4,2,2,0,0,0
2020-06-02 01:45,2,1,1,0,0,0
2020-06-02 02:00,1,0,1,0,0,0
2020-06-02 02:15,2,2,0,0,0,0
2020-06-02 02:30,1,1,0,0,0,0
2020-06-02 02:45,2,0,2,0,0,0
2020-06-02 03:00,3,1,2,0,0,0
2020-06-02 03:15,1,1,0,0,0,0
2020-06-02 03:30,0,0,0,0,0,0
2020-06-02 03:45,0,0,0,0,0,0
2020-06-02 04:00,1,0,1,0,0,0
2020-06-02 04:15,2,2,0,0,0,0
2020-06-02 04:30,6,5,1,0,0,0
2020-06-02 04:45,3,2,1,0,0,0
2020-06-02 05:00,7,4,3,0,0,0
2020-06-02 05:15,5,2,3,0,0,0
2020-06-02 05:30,12,10,2,0,0,0
2020-06-02 05:45,21,20,1,0,0,0
2020-06-02 06:00,29,22,7,0,0,0
2020-06-02 06:15,48,36,12,0,0,0
2020-06-02 06:30,47,36,11,0,0,0
2020-06-02 06:45,60,34,26,0,0,0
2020-06-02 07:00,80,51,29,0,0,0
2020-06-02 07:15,90,56,34,0,0,0
2020-06-02 07:30,112,71,41,0,0,0
2020-06-02 07:45,144,110,34,0,0,0
2020-06-02 08:00,118,68,50,0,0,0
2020-06-02 08:15,111,68,43,0,0,0
2020-06-02 08:30,108,71,37,0,0,0
2020-06-02 08:45,134,100,34,0,0,0
2020-06-02 09:00,91,57,34,0,0,0
2020-06-02 09:15,111,70,41,0,0,0
2020-06-02 09:30,114,66,48,0,0,0
2020-06-02 09:45,138,83,55,0,0,0
2020-06-02 10:00,99,60,39,0,0,0
2020-06-02 10:15,103,59,44,0,0,0
2020-06-02 10:30,125,72,53,0,0,0
2020-06-02 10:45,131,78,53,0,0,0
2020-06-02 11:00,135,69,66,0,0,0
2020-06-02 11:15,139,55,84,0,0,0
2020-06-02 11:30,126,57,69,0,0,0
2020-06-02 11:45,139,65,74,0,0,0
2020-06-02 12:00,149,64,85,0,0,0
2020-06-02 12:15,155,74,81,0,0,0
2020-06-02 12:30,130,55,75,0,0,0
2020-06-02 12:45,144,68,76,0,0,0
2020-06-02 13:00,133,49,84,0,0,0
2020-06-02 13:15,156,55,101,0,0,0
2020-06-02 13:30,155,85,70,0,0,0
2020-06-02 13:45,175,82,93,0,0,0
2020-06-02 14:00,208,88,120,0,0,0
2020-06-02 14:15,160,65,95,0,0,0
2020-06-02 14:30,149,63,86,0,0,0
2020-06-02 14:45,178,91,87,0,0,0
2020-06-02 15:00,183,84,99,0,0,0
2020-06-02 15:15,160,65,95,0,0,0
2020-06-02 15:30,169,75,94,0,0,0
2020-06-02 15:45,232,103,129,0,0,0
2020-06-02 16:00,199,70,129,0,0,0
2020-06-02 16:15,211,84,127,0,0,0
2020-06-02 16:30,188,80,108,0,0,0
2020-06-02 16:45,217,77,140,0,0,0
2020-06-02 17:00,235,90,145,0,0,0
2020-06-02 17:15,206,76,130,0,0,0
2020-06-02 17:30,228,91,137,0,0,0
2020-06-02 17:45,190,72,118,0,0,0
2020-06-02 18:00,188,52,136,0,0,0
2020-06-02 18:15,169,81,88,0,0,0
2020-06-02 18:30,151,58,93,0,0,0
2020-06-02 18:45,154,47,107,0,0,0
2020-06-02 19:00,145,37,108,0,0,0
2020-06-02 19:15,145,60,85,0,0,0
2020-06-02 19:30,80,30,50,0,0,0
2020-06-02 19:45,107,32,75,0,0,0
2020-06-02 20:00,109,31,78,0,0,0
2020-06-02 20:15,80,28,52,0,0,0
2020-06-02 20:30,61,33,28,0,0,0
2020-06-02 20:45,42,18,24,0,0,0
2020-06-02 21:00,63,18,45,0,0,0
2020-06-02 21:15,44,19,25,0,0,0
2020-06-02 21:30,50,25,25,0,0,0
2020-06-02 21:45,41,9,32,0,0,0
2020-06-02 22:00,51,18,33,0,0,0
2020-06-02 22:15,63,15,48,0,0,0
2020-06-02 22:30,38,15,23,0,0,0
2020-06-02 22:45,33,7,26,0,0,0
2020-06-02 23:00,22,4,18,0,0,0
2020-06-02 23:15,23,10,13,0,0,0
2020-06-02 23:30,38,16,22,0,0,0
2020-06-02 23:45,10,6,4,0,0,0
2020-06-03 00:00,8,3,5,0,0,0
2020-06-03 00:15,27,9,18,0,0,0
2020-06-03 00:30,7,0,7,0,0,0
2020-06-03 00:45,3,2,1,0,0,0
2020-06-03 01:00,6,3,3,0,0,0
2020-06-03 01:15,7,3,4,0,0,0
2020-06-03 01:30,13,9,4,0,0,0
2020-06-03 01:45,4,2,2,0,0,0
2020-06-03 02:00,0,0,0,0,0,0
2020-06-03 02:15,2,1,1,0,0,0
2020-06-03 02:30,4,1,3,0,0,0
2020-06-03 02:45,1,1,0,0,0,0
2020-06-03 03:00,3,2,1,0,0,0
2020-06-03 03:15,1,0,1,0,0,0
2020-06-03 03:30,0,0,0,0,0,0
2020-06-03 03:45,0,0,0,0,0,0
2020-06-03 04:00,3,1,2,0,0,0
2020-06-03 04:15,2,2,0,0,0,0
2020-06-03 04:30,4,3,1,0,0,0
2020-06-03 04:45,6,4,2,0,0,0
2020-06-03 05:00,7,5,2,0,0,0
2020-06-03 05:15,12,7,5,0,0,0
2020-06-03 05:30,22,13,9,0,0,0
2020-06-03 05:45,20,16,4,0,0,0
2020-06-03 06:00,28,21,7,0,0,0
2020-06-03 06:15,58,48,10,0,0,0
2020-06-03 06:30,48,40,8,0,0,0
2020-06-03 06:45,64,41,23,0,0,0
2020-06-03 07:00,95,69,26,0,0,0
2020-06-03 07:15,107,65,42,0,0,0
2020-06-03 07:30,158,106,52,0,0,0
2020-06-03 07:45,161,115,46,0,0,0
2020-06-03 08:00,125,88,37,0,0,0
2020-06-03 08:15,151,93,58,0,0,0
2020-06-03 08:30,131,95,36,0,0,0
2020-06-03 08:45,146,97,49,0,0,0
2020-06-03 09:00,130,84,46,0,0,0
2020-06-03 09:15,133,81,52,0,0,0
2020-06-03 09:30,120,80,40,0,0,0
2020-06-03 09:45,138,94,44,0,0,0
2020-06-03 10:00,151,97,54,0,0,0
2020-06-03 10:15,126,82,44,0,0,0
2020-06-03 10:30,157,81,76,0,0,0
2020-06-03 10:45,176,80,96,0,0,0
2020-06-03 11:00,157,79,78,0,0,0
2020-06-03 11:15,145,81,64,0,0,0
2020-06-03 11:30,151,67,84,0,0,0
2020-06-03 11:45,176,86,90,0,0,0
2020-06-03 12:00,155,75,80,0,0,0
2020-06-03 12:15,170,74,96,0,0,0
2020-06-03 12:30,201,93,108,0,0,0
2020-06-03 12:45,182,85,97,0,0,0
2020-06-03 13:00,143,66,77,0,0,0
2020-06-03 13:15,151,63,88,0,0,0
2020-06-03 13:30,128,59,69,0,0,0
2020-06-03 13:45,191,98,93,0,0,0
2020-06-03 14:00,177,67,110,0,0,0
2020-06-03 14:15,183,78,105,0,0,0
2020-06-03 14:30,161,68,93,0,0,0
2020-06-03 14:45,189,92,97,0,0,0
2020-06-03 15:00,171,69,102,0,0,0
2020-06-03 15:15,208,108,100,0,0,0
2020-06-03 15:30,176,83,93,0,0,0
2020-06-03 15:45,196,90,106,0,0,0
2020-06-03 16:00,183,72,111,0,0,0
2020-06-03 16:15,198,74,124,0,0,0
2020-06-03 16:30,196,72,124,0,0,0
2020-06-03 16:45,207,72,135,0,0,0
2020-06-03 17:00,211,73,138,0,0,0
2020-06-03 17:15,205,80,125,0,0,0
2020-06-03 17:30,194,78,116,0,0,0
2020-06-03 17:45,190,77,113,0,0,0
2020-06-03 18:00,204,83,121,0,0,0
2020-06-03 18:15,172,62,110,0,0,0
2020-06-03 18:30,135,44,91,0,0,0
2020-06-03 18:45,154,55,99,0,0,0
2020-06-03 19:00,124,39,85,0,0,0
2020-06-03 19:15,136,49,87,0,0,0
2020-06-03 19:30,96,45,51,0,0,0
2020-06-03 19:45,126,50,76,0,0,0
2020-06-03 20:00,105,46,59,0,0,0
2020-06-03 20:15,90,38,52,0,0,0
2020-06-03 20:30,60,20,40,0,0,0
2020-06-03 20:45,71,27,44,0,0,0
2020-06-03 21:00,60,25,35,0,0,0
2020-06-03 21:15,54,26,28,0,0,0
2020-06-03 21:30,57,20,37,0,0,0
2020-06-03 21:45,61,18,43,0,0,0
2020-06-03 22:00,56,15,41,0,0,0
2020-06-03 22:15,43,15,28,0,0,0
2020-06-03 22:30,48,16,32,0,0,0
2020-06-03 22:45,39,15,24,0,0,0
2020-06-03 23:00,40,18,22,0,0,0
2020-06-03 23:15,31,13,18,0,0,0
2020-06-03 23:30,18,10,8,0,0,0
2020-06-03 23:45,13,3,10,0,0,0
2020-06-04 00:00,22,8,14,0,0,0
2020-06-04 00:15,13,7,6,0,0,0
2020-06-04 00:30,13,1,12,0,0,0
2020-06-04 00:45,9,3,6,0,0,0
2020-06-04 01:00,5,4,1,0,0,0
2020-06-04 01:15,8,3,5,0,0,0
2020-06-04 01:30,6,2,4,0,0,0
2020-06-04 01:45,3,0,3,0,0,0
2020-06-04 02:00,4,1,3,0,0,0
2020-06-04 02:15,4,0,4,0,0,0
2020-06-04 02:30,2,1,1,0,0,0
2020-06-04 02:45,3,3,0,0,0,0
2020-06-04 03:00,0,0,0,0,0,0
2020-06-04 03:15,1,1,0,0,0,0
2020-06-04 03:30,2,1,1,0,0,0
2020-06-04 03:45,1,0,1,0,0,0
2020-06-04 04:00,2,2,0,0,0,0
2020-06-04 04:15,2,2,0,0,0,0
2020-06-04 04:30,4,4,0,0,0,0
2020-06-04 04:45,3,3,0,0,0,0
2020-06-04 05:00,8,5,3,0,0,0
2020-06-04 05:15,7,4,3,0,0,0
2020-06-04 05:30,20,14,6,0,0,0
2020-06-04 05:45,18,15,3,0,0,0
2020-06-04 06:00,21,19,2,0,0,0
2020-06-04 06:15,43,26,17,0,0,0
2020-06-04 06:30,34,22,12,0,0,0
2020-06-04 06:45,66,50,16,0,0,0
2020-06-04 07:00,60,47,13,0,0,0
2020-06-04 07:15,90,58,32,0,0,0
2020-06-04 07:30,131,82,49,0,0,0
2020-06-04 07:45,125,88,37,0,0,0
2020-06-04 08:00,120,75,45,0,0,0
2020-06-04 08:15,124,71,53,0,0,0
2020-06-04 08:30,107,70,37,0,0,0
2020-06-04 08:45,118,73,45,0,0,0
2020-06-04 09:00,99,69,30,0,0,0
2020-06-04 09:15,86,54,32,0,0,0
2020-06-04 09:30,95,67,28,0,0,0
2020-06-04 09:45,110,64,46,0,0,0
2020-06-04 10:00,93,59,34,0,0,0
2020-06-04 10:15,97,57,40,0,0,0
2020-06-04 10:30,100,47,53,0,0,0
2020-06-04 10:45,112,61,51,0,0,0
2020-06-04 11:00,109,53,56,0,0,0
2020-06-04 11:15,115,59,56,0,0,0
2020-06-04 11:30,118,51,67,0,0,0
2020-06-04 11:45,107,51,56,0,0,0
2020-06-04 12:00,128,49,79,0,0,0
2020-06-04 12:15,124,43,81,0,0,0
2020-06-04 12:30,105,42,63,0,0,0
2020-06-04 12:45,99,48,51,0,0,0
2020-06-04 13:00,111,32,79,0,0,0
2020-06-04 13:15,92,33,59,0,0,0
2020-06-04 13:30,94,41,53,0,0,0
2020-06-04 13:45,119,52,67,0,0,0
2020-06-04 14:00,111,47,64,0,0,0
2020-06-04 14:15,122,53,69,0,0,0
2020-06-04 14:30,114,51,63,0,0,0
2020-06-04 14:45,142,67,75,0,0,0
2020-06-04 15:00,143,58,85,0,0,0
2020-06-04 15:15,136,53,83,0,0,0
2020-06-04 15:30,152,70,82,0,0,0
2020-06-04 15:45,148,65,83,0,0,0
2020-06-04 16:00,144,57,87,0,0,0
2020-06-04 16:15,150,54,96,0,0,0
2020-06-04 16:30,153,66,87,0,0,0
2020-06-04 16:45,165,71,94,0,0,0
2020-06-04 17:00,158,53,105,0,0,0
2020-06-04 17:15,156,70,86,0,0,0
2020-06-04 17:30,142,51,91,0,0,0
2020-06-04 17:45,126,54,72,0,0,0
2020-06-04 18:00,172,58,114,0,0,0
2020-06-04 18:15,132,60,72,0,0,0
2020-06-04 18:30,112,32,80,0,0,0
2020-06-04 18:45,115,39,76,0,0,0
2020-06-04 19:00,94,30,64,0,0,0
2020-06-04 19:15,90,26,64,0,0,0
2020-06-04 19:30,69,17,52,0,0,0
2020-06-04 19:45,59,15,44,0,0,0
2020-06-04 20:00,53,19,34,0,0,0
2020-06-04 20:15,38,18,20,0,0,0
2020-06-04 20:30,40,12,28,0,0,0
2020-06-04 20:45,29,5,24,0,0,0
2020-06-04 21:00,36,9,27,0,0,0
2020-06-04 21:15,30,8,22,0,0,0
2020-06-04 21:30,36,16,20,0,0,0
2020-06-04 21:45,38,16,22,0,0,0
2020-06-04 22:00,35,13,22,0,0,0
2020-06-04 22:15,25,6,19,0,0,0
2020-06-04 22:30,22,10,12,0,0,0
2020-06-04 22:45,25,9,16,0,0,0
2020-06-04 23:00,20,7,13,0,0,0
2020-06-04 23:15,23,7,16,0,0,0
2020-06-04 23:30,21,8,13,0,0,0
2020-06-04 23:45,6,1,5,0,0,0
2020-06-05 00:00,12,3,9,0,0,0
2020-06-05 00:15,14,9,5,0,0,0
2020-06-05 00:30,7,4,3,0,0,0
2020-06-05 00:45,7,4,3,0,0,0
2020-06-05 01:00,5,2,3,0,0,0
2020-06-05 01:15,7,3,4,0,0,0
2020-06-05 01:30,11,3,8,0,0,0
2020-06-05 01:45,2,1,1,0,0,0
2020-06-05 02:00,2,1,1,0,0,0
2020-06-05 02:15,4,2,2,0,0,0
2020-06-05 02:30,3,3,0,0,0,0
2020-06-05 02:45,1,0,1,0,0,0
2020-06-05 03:00,2,0,2,0,0,0
2020-06-05 03:15,0,0,0,0,0,0
2020-06-05 03:30,4,3,1,0,0,0
2020-06-05 03:45,0,0,0,0,0,0
2020-06-05 04:00,0,0,0,0,0,0
2020-06-05 04:15,4,3,1,0,0,0
2020-06-05 04:30,6,5,1,0,0,0
2020-06-05 04:45,3,2,1,0,0,0
2020-06-05 05:00,5,3,2,0,0,0
2020-06-05 05:15,4,3,1,0,0,0
2020-06-05 05:30,22,16,6,0,0,0
2020-06-05 05:45,13,12,1,0,0,0
2020-06-05 06:00,18,11,7,0,0,0
2020-06-05 06:15,43,30,13,0,0,0
2020-06-05 06:30,28,18,10,0,0,0
2020-06-05 06:45,60,40,20,0,0,0
2020-06-05 07:00,62,45,17,0,0,0
2020-06-05 07:15,75,49,26,0,0,0
2020-06-05 07:30,120,71,49,0,0,0
2020-06-05 07:45,132,99,33,0,0,0
2020-06-05 08:00,85,52,33,0,0,0
2020-06-05 08:15,100,71,29,0,0,0
2020-06-05 08:30,108,76,32,0,0,0
2020-06-05 08:45,111,78,33,0,0,0
2020-06-05 09:00,92,58,34,0,0,0
2020-06-05 09:15,102,61,41,0,0,0
2020-06-05 09:30,123,80,43,0,0,0
2020-06-05 09:45,114,85,29,0,0,0
2020-06-05 10:00,118,72,46,0,0,0
2020-06-05 10:15,104,62,42,0,0,0
2020-06-05 10:30,103,58,45,0,0,0
2020-06-05 10:45,116,56,60,0,0,0
2020-06-05 11:00,120,56,64,0,0,0
2020-06-05 11:15,125,57,68,0,0,0
2020-06-05 11:30,129,61,68,0,0,0
2020-06-05 11:45,145,71,74,0,0,0
2020-06-05 12:00,148,58,90,0,0,0
2020-06-05 12:15,140,62,78,0,0,0
2020-06-05 12:30,158,62,96,0,0,0
2020-06-05 12:45,163,71,92,0,0,0
2020-06-05 13:00,144,63,81,0,0,0
2020-06-05 13:15,159,78,81,0,0,0
2020-06-05 13:30,119,52,67,0,0,0
2020-06-05 13:45,145,51,94,0,0,0
2020-06-05 14:00,127,49,78,0,0,0
2020-06-05 14:15,83,25,58,0,0,0
2020-06-05 14:30,109,38,71,0,0,0
2020-06-05 14:45,92,28,64,0,0,0
2020-06-05 15:00,97,31,66,0,0,0
2020-06-05 15:15,81,32,49,0,0,0
2020-06-05 15:30,85,28,57,0,0,0
2020-06-05 15:45,100,32,68,0,0,0
2020-06-05 16:00,98,37,61,0,0,0
2020-06-05 16:15,97,27,70,0,0,0
2020-06-05 16:30,71,30,41,0,0,0
2020-06-05 16:45,93,41,52,0,0,0
2020-06-05 17:00,101,45,56,0,0,0
2020-06-05 17:15,100,30,70,0,0,0
2020-06-05 17:30,88,29,59,0,0,0
2020-06-05 17:45,73,29,44,0,0,0
2020-06-05 18:00,80,34,46,0,0,0
2020-06-05 18:15,51,20,31,0,0,0
2020-06-05 18:30,86,27,59,0,0,0
2020-06-05 18:45,82,44,38,0,0,0
2020-06-05 19:00,77,17,60,0,0,0
2020-06-05 19:15,73,27,46,0,0,0
2020-06-05 19:30,68,38,30,0,0,0
2020-06-05 19:45,60,23,37,0,0,0
2020-06-05 20:00,75,26,49,0,0,0
2020-06-05 20:15,49,22,27,0,0,0
2020-06-05 20:30,35,11,24,0,0,0
2020-06-05 20:45,33,21,12,0,0,0
2020-06-05 21:00,42,15,27,0,0,0
2020-06-05 21:15,36,12,24,0,0,0
2020-06-05 21:30,20,12,8,0,0,0
2020-06-05 21:45,23,7,16,0,0,0
2020-06-05 22:00,20,8,12,0,0,0
2020-06-05 22:15,35,12,23,0,0,0
2020-06-05 22:30,40,12,28,0,0,0
2020-06-05 22:45,22,5,17,0,0,0
2020-06-05 23:00,28,17,11,0,0,0
2020-06-05 23:15,32,8,24,0,0,0
2020-06-05 23:30,23,8,15,0,0,0
2020-06-05 23:45,25,6,19,0,0,0
2020-06-06 00:00,9,4,5,0,0,0
2020-06-06 00:15,22,9,13,0,0,0
2020-06-06 00:30,20,10,10,0,0,0
2020-06-06 00:45,15,2,13,0,0,0
2020-06-06 01:00,17,9,8,0,0,0
2020-06-06 01:15,13,3,10,0,0,0
2020-06-06 01:30,16,2,14,0,0,0
2020-06-06 01:45,10,2,8,0,0,0
2020-06-06 02:00,14,3,11,0,0,0
2020-06-06 02:15,8,2,6,0,0,0
2020-06-06 02:30,7,1,6,0,0,0
2020-06-06 02:45,7,1,6,0,0,0
2020-06-06 03:00,3,1,2,0,0,0
2020-06-06 03:15,11,7,4,0,0,0
2020-06-06 03:30,4,4,0,0,0,0
2020-06-06 03:45,7,7,0,0,0,0
2020-06-06 04:00,3,3,0,0,0,0
2020-06-06 04:15,7,1,6,0,0,0
2020-06-06 04:30,3,1,2,0,0,0
2020-06-06 04:45,3,2,1,0,0,0
2020-06-06 05:00,2,1,1,0,0,0
2020-06-06 05:15,4,3,1,0,0,0
2020-06-06 05:30,15,11,4,0,0,0
2020-06-06 05:45,10,8,2,0,0,0
2020-06-06 06:00,3,1,2,0,0,0
2020-06-06 06:15,5,5,0,0,0,0
2020-06-06 06:30,13,8,5,0,0,0
2020-06-06 06:45,10,5,5,0,0,0
2020-06-06 07:00,14,9,5,0,0,0
2020-06-06 07:15,16,13,3,0,0,0
2020-06-06 07:30,16,11,5,0,0,0
2020-06-06 07:45,29,18,11,0,0,0
2020-06-06 08:00,37,22,15,0,0,0
2020-06-06 08:15,31,15,16,0,0,0
2020-06-06 08:30,39,23,16,0,0,0
2020-06-06 08:45,50,33,17,0,0,0
2020-06-06 09:00,59,39,20,0,0,0
2020-06-06 09:15,87,54,33,0,0,0
2020-06-06 09:30,96,58,38,0,0,0
2020-06-06 09:45,102,67,35,0,0,0
2020-06-06 10:00,69,46,23,0,0,0
2020-06-06 10:15,32,15,17,0,0,0
2020-06-06 10:30,77,38,39,0,0,0
2020-06-06 10:45,63,30,33,0,0,0
2020-06-06 11:00,61,32,29,0,0,0
2020-06-06 11:15,80,52,28,0,0,0
2020-06-06 11:30,132,90,42,0,0,0
2020-06-06 11:45,102,57,45,0,0,0
2020-06-06 12:00,143,81,62,0,0,0
2020-06-06 12:15,149,87,62,0,0,0
2020-06-06 12:30,121,58,63,0,0,0
2020-06-06 12:45,132,75,57,0,0,0
2020-06-06 13:00,155,83,72,0,0,0
2020-06-06 13:15,150,78,72,0,0,0
2020-06-06 13:30,165,91,74,0,0,0
2020-06-06 13:45,168,115,53,0,0,0
2020-06-06 14:00,184,109,75,0,0,0
2020-06-06 14:15,133,59,74,0,0,0
2020-06-06 14:30,152,63,89,0,0,0
2020-06-06 14:45,122,49,73,0,0,0
2020-06-06 15:00,127,61,66,0,0,0
2020-06-06 15:15,136,49,87,0,0,0
2020-06-06 15:30,110,53,57,0,0,0
2020-06-06 15:45,157,64,93,0,0,0
2020-06-06 16:00,151,59,92,0,0,0
2020-06-06 16:15,119,51,68,0,0,0
2020-06-06 16:30,101,42,59,0,0,0
2020-06-06 16:45,118,52,66,0,0,0
2020-06-06 17:00,99,39,60,0,0,0
2020-06-06 17:15,135,54,81,0,0,0
2020-06-06 17:30,134,48,86,0,0,0
2020-06-06 17:45,114,44,70,0,0,0
2020-06-06 18:00,101,42,59,0,0,0
2020-06-06 18:15,128,47,81,0,0,0
2020-06-06 18:30,100,33,67,0,0,0
2020-06-06 18:45,101,51,50,0,0,0
2020-06-06 19:00,111,48,63,0,0,0
2020-06-06 19:15,81,31,50,0,0,0
2020-06-06 19:30,66,24,42,0,0,0
2020-06-06 19:45,87,40,47,0,0,0
2020-06-06 20:00,93,40,53,0,0,0
2020-06-06 20:15,47,25,22,0,0,0
2020-06-06 20:30,58,27,31,0,0,0
2020-06-06 20:45,40,12,28,0,0,0
2020-06-06 21:00,37,20,17,0,0,0
2020-06-06 21:15,26,9,17,0,0,0
2020-06-06 21:30,19,6,13,0,0,0
2020-06-06 21:45,27,7,20,0,0,0
2020-06-06 22:00,22,11,11,0,0,0
2020-06-06 22:15,25,8,17,0,0,0
2020-06-06 22:30,30,17,13,0,0,0
2020-06-06 22:45,30,11,19,0,0,0
2020-06-06 23:00,33,4,29,0,0,0
2020-06-06 23:15,34,6,28,0,0,0
2020-06-06 23:30,27,8,19,0,0,0
2020-06-06 23:45,34,16,18,0,0,0
2020-06-07 00:00,48,15,33,0,0,0
2020-06-07 00:15,26,9,17,0,0,0
2020-06-07 00:30,30,11,19,0,0,0
2020-06-07 00:45,16,7,9,0,0,0
2020-06-07 01:00,18,7,11,0,0,0
2020-06-07 01:15,16,4,12,0,0,0
2020-06-07 01:30,15,6,9,0,0,0
2020-06-07 01:45,18,11,7,0,0,0
2020-06-07 02:00,14,5,9,0,0,0
2020-06-07 02:15,12,3,9,0,0,0
2020-06-07 02:30,22,5,17,0,0,0
2020-06-07 02:45,13,7,6,0,0,0
2020-06-07 03:00,13,5,8,0,0,0
2020-06-07 03:15,8,1,7,0,0,0
2020-06-07 03:30,5,1,4,0,0,0
2020-06-07 03:45,10,4,6,0,0,0
2020-06-07 04:00,3,1,2,0,0,0
2020-06-07 04:15,4,3,1,0,0,0
2020-06-07 04:30,0,0,0,0,0,0
2020-06-07 04:45,2,0,2,0,0,0
2020-06-07 05:00,2,2,0,0,0,0
2020-06-07 05:15,1,0,1,0,0,0
2020-06-07 05:30,5,2,3,0,0,0
2020-06-07 05:45,4,4,0,0,0,0
2020-06-07 06:00,5,5,0,0,0,0
2020-06-07 06:15,5,4,1,0,0,0
2020-06-07 06:30,5,1,4,0,0,0
2020-06-07 06:45,7,5,2,0,0,0
2020-06-07 07:00,2,1,1,0,0,0
2020-06-07 07:15,4,3,1,0,0,0
2020-06-07 07:30,6,0,6,0,0,0
2020-06-07 07:45,9,3,6,0,0,0
2020-06-07 08:00,6,4,2,0,0,0
2020-06-07 08:15,12,8,4,0,0,0
2020-06-07 08:30,13,5,8,0,0,0
2020-06-07 08:45,9,5,4,0,0,0
2020-06-07 09:00,8,6,2,0,0,0
2020-06-07 09:15,25,16,9,0,0,0
2020-06-07 09:30,35,21,14,0,0,0
2020-06-07 09:45,24,18,6,0,0,0
2020-06-07 10:00,27,12,15,0,0,0
2020-06-07 10:15,32,12,20,0,0,0
2020-06-07 10:30,15,7,8,0,0,0
2020-06-07 10:45,39,23,16,0,0,0
2020-06-07 11:00,42,18,24,0,0,0
2020-06-07 11:15,32,17,15,0,0,0
2020-06-07 11:30,41,21,20,0,0,0
2020-06-07 11:45,50,25,25,0,0,0
2020-06-07 12:00,27,17,10,0,0,0
2020-06-07 12:15,34,19,15,0,0,0
2020-06-07 12:30,36,12,24,0,0,0
2020-06-07 12:45,28,16,12,0,0,0
2020-06-07 13:00,35,16,19,0,0,0
2020-06-07 13:15,33,22,11,0,0,0
2020-06-07 13:30,35,19,16,0,0,0
2020-06-07 13:45,48,31,17,0,0,0
2020-06-07 14:00,49,22,27,0,0,0
2020-06-07 14:15,48,27,21,0,0,0
2020-06-07 14:30,71,29,42,0,0,0
2020-06-07 14:45,75,33,42,0,0,0
2020-06-07 15:00,65,45,20,0,0,0
2020-06-07 15:15,64,37,27,0,0,0
2020-06-07 15:30,81,36,45,0,0,0
2020-06-07 15:45,58,31,27,0,0,0
2020-06-07 16:00,60,28,32,0,0,0
2020-06-07 16:15,62,23,39,0,0,0
2020-06-07 16:30,84,46,38,0,0,0
2020-06-07 16:45,70,31,39,0,0,0
2020-06-07 17:00,76,31,45,0,0,0
2020-06-07 17:15,78,34,44,0,0,0
2020-06-07 17:30,81,33,48,0,0,0
2020-06-07 17:45,84,48,36,0,0,0
2020-06-07 18:00,54,18,36,0,0,0
2020-06-07 18:15,56,20,36,0,0,0
2020-06-07 18:30,56,17,39,0,0,0
2020-06-07 18:45,61,25,36,0,0,0
2020-06-07 19:00,64,20,44,0,0,0
2020-06-07 19:15,63,26,37,0,0,0
2020-06-07 19:30,42,16,26,0,0,0
2020-06-07 19:45,39,19,20,0,0,0
2020-06-07 20:00,56,28,28,0,0,0
2020-06-07 20:15,33,11,22,0,0,0
2020-06-07 20:30,25,9,16,0,0,0
2020-06-07 20:45,35,17,18,0,0,0
2020-06-07 21:00,36,18,18,0,0,0
2020-06-07 21:15,36,14,22,0,0,0
2020-06-07 21:30,27,11,16,0,0,0
2020-06-07 21:45,13,3,10,0,0,0
2020-06-07 22:00,30,11,19,0,0,0
2020-06-07 22:15,21,2,19,0,0,0
2020-06-07 22:30,28,13,15,0,0,0
2020-06-07 22:45,23,8,15,0,0,0
2020-06-07 23:00,17,5,12,0,0,0
2020-06-07 23:15,16,3,13,0,0,0
2020-06-07 23:30,8,2,6,0,0,0
2020-06-07 23:45,8,2,6,0,0,0
2020-06-08 00:00,10,7,3,0,0,0
2020-06-08 00:15,4,3,1,0,0,0
2020-06-08 00:30,4,2,2,0,0,0
2020-06-08 00:45,6,1,5,0,0,0
2020-06-08 01:00,9,2,7,0,0,0
2020-06-08 01:15,1,0,1,0,0,0
2020-06-08 01:30,6,0,6,0,0,0
2020-06-08 01:45,2,2,0,0,0,0
2020-06-08 02:00,2,0,2,0,0,0
2020-06-08 02:15,1,0,1,0,0,0
2020-06-08 02:30,0,0,0,0,0,0
2020-06-08 02:45,1,0,1,0,0,0
2020-06-08 03:00,0,0,0,0,0,0
2020-06-08 03:15,2,1,1,0,0,0
2020-06-08 03:30,1,1,0,0,0,0
2020-06-08 03:45,3,0,3,0,0,0
2020-06-08 04:00,0,0,0,0,0,0
2020-06-08 04:15,3,2,1,0,0,0
2020-06-08 04:30,3,3,0,0,0,0
2020-06-08 04:45,2,2,0,0,0,0
2020-06-08 05:00,6,4,2,0,0,0
2020-06-08 05:15,10,5,5,0,0,0
2020-06-08 05:30,14,11,3,0,0,0
2020-06-08 05:45,23,22,1,0,0,0
2020-06-08 06:00,26,18,8,0,0,0
2020-06-08 06:15,39,31,8,0,0,0
2020-06-08 06:30,38,23,15,0,0,0
2020-06-08 06:45,45,27,18,0,0,0
2020-06-08 07:00,78,51,27,0,0,0
2020-06-08 07:15,101,72,29,0,0,0
2020-06-08 07:30,122,85,37,0,0,0
2020-06-08 07:45,157,108,49,0,0,0
2020-06-08 08:00,119,78,41,0,0,0
2020-06-08 08:15,127,83,44,0,0,0
2020-06-08 08:30,122,78,44,0,0,0
2020-06-08 08:45,113,80,33,0,0,0
2020-06-08 09:00,93,58,35,0,0,0
2020-06-08 09:15,91,54,37,0,0,0
2020-06-08 09:30,130,69,61,0,0,0
2020-06-08 09:45,104,65,39,0,0,0
2020-06-08 10:00,101,50,51,0,0,0
2020-06-08 10:15,102,51,51,0,0,0
2020-06-08 10:30,115,67,48,0,0,0
2020-06-08 10:45,141,83,58,0,0,0
2020-06-08 11:00,114,53,61,0,0,0
2020-06-08 11:15,120,61,59,0,0,0
2020-06-08 11:30,156,69,87,0,0,0
2020-06-08 11:45,118,54,64,0,0,0
2020-06-08 12:00,136,55,81,0,0,0
2020-06-08 12:15,70,20,50,0,0,0
2020-06-08 12:30,107,44,63,0,0,0
2020-06-08 12:45,124,52,72,0,0,0
2020-06-08 13:00,119,43,76,0,0,0
2020-06-08 13:15,147,73,74,0,0,0
2020-06-08 13:30,169,78,91,0,0,0
2020-06-08 13:45,159,85,74,0,0,0
2020-06-08 14:00,153,59,94,0,0,0
2020-06-08 14:15,142,64,78,0,0,0
2020-06-08 14:30,136,60,76,0,0,0
2020-06-08 14:45,168,81,87,0,0,0
2020-06-08 15:00,140,62,78,0,0,0
2020-06-08 15:15,142,66,76,0,0,0
2020-06-08 15:30,145,72,73,0,0,0
2020-06-08 15:45,169,84,85,0,0,0
2020-06-08 16:00,166,68,98,0,0,0
2020-06-08 16:15,168,89,79,0,0,0
2020-06-08 16:30,184,87,97,0,0,0
2020-06-08 16:45,186,87,99,0,0,0
2020-06-08 17:00,185,75,110,0,0,0
2020-06-08 17:15,190,56,134,0,0,0
2020-06-08 17:30,181,61,120,0,0,0
2020-06-08 17:45,173,66,107,0,0,0
2020-06-08 18:00,190,57,133,0,0,0
2020-06-08 18:15,162,58,104,0,0,0
2020-06-08 18:30,144,60,84,0,0,0
2020-06-08 18:45,148,48,100,0,0,0
2020-06-08 19:00,118,31,87,0,0,0
2020-06-08 19:15,120,35,85,0,0,0
2020-06-08 19:30,118,36,82,0,0,0
2020-06-08 19:45,114,36,78,0,0,0
2020-06-08 20:00,81,31,50,0,0,0
2020-06-08 20:15,44,17,27,0,0,0
2020-06-08 20:30,58,21,37,0,0,0
2020-06-08 20:45,42,19,23,0,0,0
2020-06-08 21:00,42,13,29,0,0,0
2020-06-08 21:15,41,19,22,0,0,0
2020-06-08 21:30,48,20,28,0,0,0
2020-06-08 21:45,37,10,27,0,0,0
2020-06-08 22:00,35,12,23,0,0,0
2020-06-08 22:15,34,11,23,0,0,0
2020-06-08 22:30,30,11,19,0,0,0
2020-06-08 22:45,26,5,21,0,0,0
2020-06-08 23:00,19,5,14,0,0,0
2020-06-08 23:15,22,9,13,0,0,0
2020-06-08 23:30,9,6,3,0,0,0
2020-06-08 23:45,13,5,8,0,0,0
2020-06-09 00:00,8,3,5,0,0,0
2020-06-09 00:15,9,3,6,0,0,0
2020-06-09 00:30,3,0,3,0,0,0
2020-06-09 00:45,3,0,3,0,0,0
2020-06-09 01:00,6,2,4,0,0,0
2020-06-09 01:15,9,2,7,0,0,0
2020-06-09 01:30,7,0,7,0,0,0
2020-06-09 01:45,6,4,2,0,0,0
2020-06-09 02:00,2,0,2,0,0,0
2020-06-09 02:15,1,0,1,0,0,0
2020-06-09 02:30,1,0,1,0,0,0
2020-06-09 02:45,3,1,2,0,0,0
2020-06-09 03:00,0,0,0,0,0,0
2020-06-09 03:15,2,2,0,0,0,0
2020-06-09 03:30,4,0,4,0,0,0
2020-06-09 03:45,0,0,0,0,0,0
2020-06-09 04:00,0,0,0,0,0,0
2020-06-09 04:15,3,3,0,0,0,0
2020-06-09 04:30,7,2,5,0,0,0
2020-06-09 04:45,4,4,0,0,0,0
2020-06-09 05:00,0,0,0,0,0,0
2020-06-09 05:15,9,5,4,0,0,0
2020-06-09 05:30,23,16,7,0,0,0
2020-06-09 05:45,13,10,3,0,0,0
2020-06-09 06:00,18,12,6,0,0,0
2020-06-09 06:15,42,32,10,0,0,0
2020-06-09 06:30,35,25,10,0,0,0
2020-06-09 06:45,53,29,24,0,0,0
2020-06-09 07:00,61,33,28,0,0,0
2020-06-09 07:15,84,49,35,0,0,0
2020-06-09 07:30,119,84,35,0,0,0
2020-06-09 07:45,126,86,40,0,0,0
2020-06-09 08:00,121,94,27,0,0,0
2020-06-09 08:15,142,91,51,0,0,0
2020-06-09 08:30,103,68,35,0,0,0
2020-06-09 08:45,123,77,46,0,0,0
2020-06-09 09:00,78,47,31,0,0,0
2020-06-09 09:15,82,57,25,0,0,0
2020-06-09 09:30,96,66,30,0,0,0
2020-06-09 09:45,130,88,42,0,0,0
2020-06-09 10:00,100,54,46,0,0,0
2020-06-09 10:15,85,49,36,0,0,0
2020-06-09 10:30,120,60,60,0,0,0
2020-06-09 10:45,126,70,56,0,0,0
2020-06-09 11:00,120,55,65,0,0,0
2020-06-09 11:15,123,52,71,0,0,0
2020-06-09 11:30,121,64,57,0,0,0
2020-06-09 11:45,131,65,66,0,0,0
2020-06-09 12:00,144,56,88,0,0,0
2020-06-09 12:15,134,53,81,0,0,0
2020-06-09 12:30,141,70,71,0,0,0
2020-06-09 12:45,153,78,75,0,0,0
2020-06-09 13:00,146,51,95,0,0,0
2020-06-09 13:15,127,57,70,0,0,0
2020-06-09 13:30,150,69,81,0,0,0
2020-06-09 13:45,157,82,75,0,0,0
2020-06-09 14:00,153,74,79,0,0,0
2020-06-09 14:15,149,57,92,0,0,0
2020-06-09 14:30,154,70,84,0,0,0
2020-06-09 14:45,166,81,85,0,0,0
2020-06-09 15:00,183,78,105,0,0,0
2020-06-09 15:15,162,65,97,0,0,0
2020-06-09 15:30,162,66,96,0,0,0
2020-06-09 15:45,200,84,116,0,0,0
2020-06-09 16:00,189,68,121,0,0,0
2020-06-09 16:15,209,86,123,0,0,0
2020-06-09 16:30,198,65,133,0,0,0
2020-06-09 16:45,189,80,109,0,0,0
2020-06-09 17:00,218,87,131,0,0,0
2020-06-09 17:15,217,93,124,0,0,0
2020-06-09 17:30,203,85,118,0,0,0
2020-06-09 17:45,179,67,112,0,0,0
2020-06-09 18:00,195,68,127,0,0,0
2020-06-09 18:15,169,56,113,0,0,0
2020-06-09 18:30,176,60,116,0,0,0
2020-06-09 18:45,142,50,92,0,0,0
2020-06-09 19:00,114,51,63,0,0,0
2020-06-09 19:15,138,54,84,0,0,0
2020-06-09 19:30,111,37,74,0,0,0
2020-06-09 19:45,102,45,57,0,0,0
2020-06-09 20:00,65,12,53,0,0,0
2020-06-09 20:15,69,22,47,0,0,0
2020-06-09 20:30,60,24,36,0,0,0
2020-06-09 20:45,49,19,30,0,0,0
2020-06-09 21:00,39,12,27,0,0,0
2020-06-09 21:15,47,14,33,0,0,0
2020-06-09 21:30,47,14,33,0,0,0
2020-06-09 21:45,53,13,40,0,0,0
2020-06-09 22:00,39,10,29,0,0,0
2020-06-09 22:15,38,4,34,0,0,0
2020-06-09 22:30,41,8,33,0,0,0
2020-06-09 22:45,35,13,22,0,0,0
2020-06-09 23:00,32,11,21,0,0,0
2020-06-09 23:15,30,14,16,0,0,0
2020-06-09 23:30,16,6,10,0,0,0
2020-06-09 23:45,8,8,0,0,0,0
2020-06-10 00:00,27,5,22,0,0,0
2020-06-10 00:15,10,3,7,0,0,0
2020-06-10 00:30,5,2,3,0,0,0
2020-06-10 00:45,11,4,7,0,0,0
2020-06-10 01:00,7,3,4,0,0,0
2020-06-10 01:15,2,0,2,0,0,0
2020-06-10 01:30,7,0,7,0,0,0
2020-06-10 01:45,3,2,1,0,0,0
2020-06-10 02:00,7,3,4,0,0,0
2020-06-10 02:15,2,1,1,0,0,0
2020-06-10 02:30,3,2,1,0,0,0
2020-06-10 02:45,0,0,0,0,0,0
2020-06-10 03:00,1,0,1,0,0,0
2020-06-10 03:15,3,2,1,0,0,0
2020-06-10 03:30,2,1,1,0,0,0
2020-06-10 03:45,0,0,0,0,0,0
2020-06-10 04:00,3,2,1,0,0,0
2020-06-10 04:15,2,2,0,0,0,0
2020-06-10 04:30,6,6,0,0,0,0
2020-06-10 04:45,2,1,1,0,0,0
2020-06-10 05:00,5,4,1,0,0,0
2020-06-10 05:15,4,3,1,0,0,0
2020-06-10 05:30,24,13,11,0,0,0
2020-06-10 05:45,21,16,5,0,0,0
2020-06-10 06:00,21,12,9,0,0,0
2020-06-10 06:15,34,24,10,0,0,0
2020-06-10 06:30,46,29,17,0,0,0
2020-06-10 06:45,64,44,20,0,0,0
2020-06-10 07:00,87,55,32,0,0,0
2020-06-10 07:15,110,70,40,0,0,0
2020-06-10 07:30,139,90,49,0,0,0
2020-06-10 07:45,140,89,51,0,0,0
2020-06-10 08:00,110,67,43,0,0,0
2020-06-10 08:15,128,68,60,0,0,0
2020-06-10 08:30,102,61,41,0,0,0
2020-06-10 08:45,137,91,46,0,0,0
2020-06-10 09:00,96,59,37,0,0,0
2020-06-10 09:15,108,70,38,0,0,0
2020-06-10 09:30,97,62,35,0,0,0
2020-06-10 09:45,126,86,40,0,0,0
2020-06-10 10:00,111,64,47,0,0,0
2020-06-10 10:15,121,76,45,0,0,0
2020-06-10 10:30,117,71,46,0,0,0
2020-06-10 10:45,136,66,70,0,0,0
2020-06-10 11:00,149,72,77,0,0,0
2020-06-10 11:15,106,57,49,0,0,0
2020-06-10 11:30,126,62,64,0,0,0
2020-06-10 11:45,164,74,90,0,0,0
2020-06-10 12:00,161,68,93,0,0,0
2020-06-10 12:15,178,74,104,0,0,0
2020-06-10 12:30,186,93,93,0,0,0
2020-06-10 12:45,190,83,107,0,0,0
2020-06-10 13:00,153,66,87,0,0,0
2020-06-10 13:15,158,64,94,0,0,0
2020-06-10 13:30,166,64,102,0,0,0
2020-06-10 13:45,170,78,92,0,0,0
2020-06-10 14:00,166,59,107,0,0,0
2020-06-10 14:15,175,72,103,0,0,0
2020-06-10 14:30,162,58,104,0,0,0
2020-06-10 14:45,164,63,101,0,0,0
2020-06-10 15:00,164,64,100,0,0,0
2020-06-10 15:15,153,64,89,0,0,0
2020-06-10 15:30,139,63,76,0,0,0
2020-06-10 15:45,183,74,109,0,0,0
2020-06-10 16:00,174,67,107,0,0,0
2020-06-10 16:15,217,100,117,0,0,0
2020-06-10 16:30,196,66,130,0,0,0
2020-06-10 16:45,204,79,125,0,0,0
2020-06-10 17:00,199,93,106,0,0,0
2020-06-10 17:15,216,92,124,0,0,0
2020-06-10 17:30,186,84,102,0,0,0
2020-06-10 17:45,207,90,117,0,0,0
2020-06-10 18:00,195,74,121,0,0,0
2020-06-10 18:15,203,92,111,0,0,0
2020-06-10 18:30,158,60,98,0,0,0
2020-06-10 18:45,156,67,89,0,0,0
2020-06-10 19:00,136,45,91,0,0,0
2020-06-10 19:15,159,69,90,0,0,0
2020-06-10 19:30,130,54,76,0,0,0
2020-06-10 19:45,132,57,75,0,0,0
2020-06-10 20:00,106,42,64,0,0,0
2020-06-10 20:15,79,28,51,0,0,0
2020-06-10 20:30,65,23,42,0,0,0
2020-06-10 20:45,68,31,37,0,0,0
2020-06-10 21:00,59,18,41,0,0,0
2020-06-10 21:15,50,15,35,0,0,0
2020-06-10 21:30,63,22,41,0,0,0
2020-06-10 21:45,39,18,21,0,0,0
2020-06-10 22:00,48,15,33,0,0,0
2020-06-10 22:15,48,16,32,0,0,0
2020-06-10 22:30,52,19,33,0,0,0
2020-06-10 22:45,55,24,31,0,0,0
2020-06-10 23:00,61,22,39,0,0,0
2020-06-10 23:15,36,9,27,0,0,0
2020-06-10 23:30,39,15,24,0,0,0
2020-06-10 23:45,36,12,24,0,0,0
2020-06-11 00:00,25,11,14,0,0,0
2020-06-11 00:15,38,12,26,0,0,0
2020-06-11 00:30,22,6,16,0,0,0
2020-06-11 00:45,29,11,18,0,0,0
2020-06-11 01:00,38,16,22,0,0,0
2020-06-11 01:15,18,9,9,0,0,0
2020-06-11 01:30,17,9,8,0,0,0
2020-06-11 01:45,22,10,12,0,0,0
2020-06-11 02:00,15,5,10,0,0,0
2020-06-11 02:15,19,4,15,0,0,0
2020-06-11 02:30,14,12,2,0,0,0
2020-06-11 02:45,9,5,4,0,0,0
2020-06-11 03:00,10,3,7,0,0,0
2020-06-11 03:15,4,0,4,0,0,0
2020-06-11 03:30,7,0,7,0,0,0
2020-06-11 03:45,7,3,4,0,0,0
2020-06-11 04:00,3,1,2,0,0,0
2020-06-11 04:15,5,1,4,0,0,0
2020-06-11 04:30,4,2,2,0,0,0
2020-06-11 04:45,0,0,0,0,0,0
2020-06-11 05:00,0,0,0,0,0,0
2020-06-11 05:15,0,0,0,0,0,0
2020-06-11 05:30,7,2,5,0,0,0
2020-06-11 05:45,8,2,6,0,0,0
2020-06-11 06:00,5,4,1,0,0,0
2020-06-11 06:15,2,1,1,0,0,0
2020-06-11 06:30,5,2,3,0,0,0
2020-06-11 06:45,7,4,3,0,0,0
2020-06-11 07:00,10,4,6,0,0,0
2020-06-11 07:15,3,1,2,0,0,0
2020-06-11 07:30,9,0,9,0,0,0
2020-06-11 07:45,12,8,4,0,0,0
2020-06-11 08:00,4,4,0,0,0,0
2020-06-11 08:15,10,5,5,0,0,0
2020-06-11 08:30,8,4,4,0,0,0
2020-06-11 08:45,15,9,6,0,0,0
2020-06-11 09:00,13,9,4,0,0,0
2020-06-11 09:15,25,14,11,0,0,0
2020-06-11 09:30,23,12,11,0,0,0
2020-06-11 09:45,35,22,13,0,0,0
2020-06-11 10:00,27,14,13,0,0,0
2020-06-11 10:15,32,18,14,0,0,0
2020-06-11 10:30,42,22,20,0,0,0
2020-06-11 10:45,49,30,19,0,0,0
2020-06-11 11:00,57,26,31,0,0,0
2020-06-11 11:15,51,26,25,0,0,0
2020-06-11 11:30,38,17,21,0,0,0
2020-06-11 11:45,38,22,16,0,0,0
2020-06-11 12:00,55,20,35,0,0,0
2020-06-11 12:15,46,20,26,0,0,0
2020-06-11 12:30,62,31,31,0,0,0
2020-06-11 12:45,54,26,28,0,0,0
2020-06-11 13:00,58,35,23,0,0,0
2020-06-11 13:15,47,19,28,0,0,0
2020-06-11 13:30,79,49,30,0,0,0
2020-06-11 13:45,84,43,41,0,0,0
2020-06-11 14:00,65,38,27,0,0,0
2020-06-11 14:15,85,49,36,0,0,0
2020-06-11 14:30,88,38,50,0,0,0
2020-06-11 14:45,92,50,42,0,0,0
2020-06-11 15:00,90,38,52,0,0,0
2020-06-11 15:15,82,47,35,0,0,0
2020-06-11 15:30,92,45,47,0,0,0
2020-06-11 15:45,89,55,34,0,0,0
2020-06-11 16:00,105,34,71,0,0,0
2020-06-11 16:15,94,47,47,0,0,0
2020-06-11 16:30,95,34,61,0,0,0
2020-06-11 16:45,86,39,47,0,0,0
2020-06-11 17:00,104,43,61,0,0,0
2020-06-11 17:15,83,39,44,0,0,0
2020-06-11 17:30,124,47,77,0,0,0
2020-06-11 17:45,142,69,73,0,0,0
2020-06-11 18:00,89,35,54,0,0,0
2020-06-11 18:15,100,44,56,0,0,0
2020-06-11 18:30,70,31,39,0,0,0
2020-06-11 18:45,100,51,49,0,0,0
2020-06-11 19:00,103,28,75,0,0,0
2020-06-11 19:15,74,23,51,0,0,0
2020-06-11 19:30,53,28,25,0,0,0
2020-06-11 19:45,88,38,50,0,0,0
2020-06-11 20:00,72,30,42,0,0,0
2020-06-11 20:15,35,7,28,0,0,0
2020-06-11 20:30,50,22,28,0,0,0
2020-06-11 20:45,43,8,35,0,0,0
2020-06-11 21:00,43,11,32,0,0,0
2020-06-11 21:15,49,15,34,0,0,0
2020-06-11 21:30,32,11,21,0,0,0
2020-06-11 21:45,36,15,21,0,0,0
2020-06-11 22:00,40,16,24,0,0,0
2020-06-11 22:15,47,15,32,0,0,0
2020-06-11 22:30,34,12,22,0,0,0
2020-06-11 22:45,32,12,20,0,0,0
2020-06-11 23:00,17,4,13,0,0,0
2020-06-11 23:15,39,11,28,0,0,0
2020-06-11 23:30,25,13,12,0,0,0
2020-06-11 23:45,23,7,16,0,0,0
2020-06-12 00:00,15,9,6,0,0,0
2020-06-12 00:15,16,10,6,0,0,0
2020-06-12 00:30,7,3,4,0,0,0
2020-06-12 00:45,16,4,12,0,0,0
2020-06-12 01:00,6,5,1,0,0,0
2020-06-12 01:15,13,1,12,0,0,0
2020-06-12 01:30,8,3,5,0,0,0
2020-06-12 01:45,11,9,2,0,0,0
2020-06-12 02:00,6,3,3,0,0,0
2020-06-12 02:15,4,2,2,0,0,0
2020-06-12 02:30,4,0,4,0,0,0
2020-06-12 02:45,0,0,0,0,0,0
2020-06-12 03:00,1,1,0,0,0,0
2020-06-12 03:15,5,3,2,0,0,0
2020-06-12 03:30,1,1,0,0,0,0
2020-06-12 03:45,1,1,0,0,0,0
2020-06-12 04:00,0,0,0,0,0,0
2020-06-12 04:15,2,2,0,0,0,0
2020-06-12 04:30,2,1,1,0,0,0
2020-06-12 04:45,3,2,1,0,0,0
2020-06-12 05:00,1,1,0,0,0,0
2020-06-12 05:15,4,1,3,0,0,0
2020-06-12 05:30,14,10,4,0,0,0
2020-06-12 05:45,15,12,3,0,0,0
2020-06-12 06:00,17,12,5,0,0,0
2020-06-12 06:15,21,18,3,0,0,0
2020-06-12 06:30,27,11,16,0,0,0
2020-06-12 06:45,43,22,21,0,0,0
2020-06-12 07:00,56,36,20,0,0,0
2020-06-12 07:15,74,49,25,0,0,0
2020-06-12 07:30,93,65,28,0,0,0
2020-06-12 07:45,94,62,32,0,0,0
2020-06-12 08:00,70,41,29,0,0,0
2020-06-12 08:15,75,51,24,0,0,0
2020-06-12 08:30,68,42,26,0,0,0
2020-06-12 08:45,115,71,44,0,0,0
2020-06-12 09:00,80,49,31,0,0,0
2020-06-12 09:15,108,67,41,0,0,0
2020-06-12 09:30,108,73,35,0,0,0
2020-06-12 09:45,138,93,45,0,0,0
2020-06-12 10:00,126,71,55,0,0,0
2020-06-12 10:15,146,82,64,0,0,0
2020-06-12 10:30,165,89,76,0,0,0
2020-06-12 10:45,157,85,72,0,0,0
2020-06-12 11:00,145,77,68,0,0,0
2020-06-12 11:15,156,75,81,0,0,0
2020-06-12 11:30,159,64,95,0,0,0
2020-06-12 11:45,154,72,82,0,0,0
2020-06-12 12:00,181,70,111,0,0,0
2020-06-12 12:15,157,74,83,0,0,0
2020-06-12 12:30,181,91,90,0,0,0
2020-06-12 12:45,183,82,101,0,0,0
2020-06-12 13:00,179,61,118,0,0,0
2020-06-12 13:15,205,88,117,0,0,0
2020-06-12 13:30,191,73,118,0,0,0
2020-06-12 13:45,167,74,93,0,0,0
2020-06-12 14:00,177,75,102,0,0,0
2020-06-12 14:15,188,79,109,0,0,0
2020-06-12 14:30,184,100,84,0,0,0
2020-06-12 14:45,184,84,100,0,0,0
2020-06-12 15:00,194,82,112,0,0,0
2020-06-12 15:15,198,93,105,0,0,0
2020-06-12 15:30,150,69,81,0,0,0
2020-06-12 15:45,197,90,107,0,0,0
2020-06-12 16:00,182,68,114,0,0,0
2020-06-12 16:15,156,59,97,0,0,0
2020-06-12 16:30,176,65,111,0,0,0
2020-06-12 16:45,159,78,81,0,0,0
2020-06-12 17:00,155,55,100,0,0,0
2020-06-12 17:15,157,71,86,0,0,0
2020-06-12 17:30,173,78,95,0,0,0
2020-06-12 17:45,178,77,101,0,0,0
2020-06-12 18:00,173,67,106,0,0,0
2020-06-12 18:15,150,68,82,0,0,0
2020-06-12 18:30,155,54,101,0,0,0
2020-06-12 18:45,183,77,106,0,0,0
2020-06-12 19:00,160,61,99,0,0,0
2020-06-12 19:15,125,51,74,0,0,0
2020-06-12 19:30,101,39,62,0,0,0
2020-06-12 19:45,116,51,65,0,0,0
2020-06-12 20:00,117,43,74,0,0,0
2020-06-12 20:15,86,39,47,0,0,0
2020-06-12 20:30,85,44,41,0,0,0
2020-06-12 20:45,75,26,49,0,0,0
2020-06-12 21:00,66,34,32,0,0,0
2020-06-12 21:15,61,22,39,0,0,0
2020-06-12 21:30,57,28,29,0,0,0
2020-06-12 21:45,62,19,43,0,0,0
2020-06-12 22:00,49,13,36,0,0,0
2020-06-12 22:15,43,13,30,0,0,0
2020-06-12 22:30,48,12,36,0,0,0
2020-06-12 22:45,55,20,35,0,0,0
2020-06-12 23:00,66,26,40,0,0,0
2020-06-12 23:15,58,19,39,0,0,0
2020-06-12 23:30,59,19,40,0,0,0
2020-06-12 23:45,48,16,32,0,0,0
2020-06-13 00:00,31,9,22,0,0,0
2020-06-13 00:15,33,14,19,0,0,0
2020-06-13 00:30,36,13,23,0,0,0
2020-06-13 00:45,24,9,15,0,0,0
2020-06-13 01:00,25,8,17,0,0,0
2020-06-13 01:15,27,9,18,0,0,0
2020-06-13 01:30,6,4,2,0,0,0
2020-06-13 01:45,14,5,9,0,0,0
2020-06-13 02:00,17,6,11,0,0,0
2020-06-13 02:15,14,8,6,0,0,0
2020-06-13 02:30,8,3,5,0,0,0
2020-06-13 02:45,6,2,4,0,0,0
2020-06-13 03:00,6,3,3,0,0,0
2020-06-13 03:15,4,0,4,0,0,0
2020-06-13 03:30,7,2,5,0,0,0
2020-06-13 03:45,5,1,4,0,0,0
2020-06-13 04:00,3,0,3,0,0,0
2020-06-13 04:15,5,4,1,0,0,0
2020-06-13 04:30,1,0,1,0,0,0
2020-06-13 04:45,3,1,2,0,0,0
2020-06-13 05:00,6,3,3,0,0,0
2020-06-13 05:15,9,3,6,0,0,0
2020-06-13 05:30,6,3,3,0,0,0
2020-06-13 05:45,4,3,1,0,0,0
2020-06-13 06:00,10,5,5,0,0,0
2020-06-13 06:15,5,3,2,0,0,0
2020-06-13 06:30,9,6,3,0,0,0
2020-06-13 06:45,13,10,3,0,0,0
2020-06-13 07:00,13,6,7,0,0,0
2020-06-13 07:15,21,12,9,0,0,0
2020-06-13 07:30,28,17,11,0,0,0
2020-06-13 07:45,39,17,22,0,0,0
2020-06-13 08:00,25,12,13,0,0,0
2020-06-13 08:15,41,27,14,0,0,0
2020-06-13 08:30,31,23,8,0,0,0
2020-06-13 08:45,54,37,17,0,0,0
2020-06-13 09:00,53,37,16,0,0,0
2020-06-13 09:15,89,55,34,0,0,0
2020-06-13 09:30,91,68,23,0,0,0
2020-06-13 09:45,92,68,24,0,0,0
2020-06-13 10:00,93,57,36,0,0,0
2020-06-13 10:15,135,88,47,0,0,0
2020-06-13 10:30,117,73,44,0,0,0
2020-06-13 10:45,162,102,60,0,0,0
2020-06-13 11:00,148,89,59,0,0,0
2020-06-13 11:15,177,99,78,0,0,0
2020-06-13 11:30,176,85,91,0,0,0
2020-06-13 11:45,179,91,88,0,0,0
2020-06-13 12:00,179,81,98,0,0,0
2020-06-13 12:15,152,81,71,0,0,0
2020-06-13 12:30,164,76,88,0,0,0
2020-06-13 12:45,174,83,91,0,0,0
2020-06-13 13:00,147,60,87,0,0,0
2020-06-13 13:15,180,85,95,0,0,0
2020-06-13 13:30,191,72,119,0,0,0
2020-06-13 13:45,157,71,86,0,0,0
2020-06-13 14:00,151,58,93,0,0,0
2020-06-13 14:15,159,66,93,0,0,0
2020-06-13 14:30,166,61,105,0,0,0
2020-06-13 14:45,153,72,81,0,0,0
2020-06-13 15:00,145,59,86,0,0,0
2020-06-13 15:15,163,61,102,0,0,0
2020-06-13 15:30,127,49,78,0,0,0
2020-06-13 15:45,112,42,70,0,0,0
2020-06-13 16:00,130,62,68,0,0,0
2020-06-13 16:15,116,48,68,0,0,0
2020-06-13 16:30,118,44,74,0,0,0
2020-06-13 16:45,120,59,61,0,0,0
2020-06-13 17:00,134,60,74,0,0,0
2020-06-13 17:15,95,47,48,0,0,0
2020-06-13 17:30,114,43,71,0,0,0
2020-06-13 17:45,134,52,82,0,0,0
2020-06-13 18:00,117,56,61,0,0,0
2020-06-13 18:15,130,43,87,0,0,0
2020-06-13 18:30,115,51,64,0,0,0
2020-06-13 18:45,132,62,70,0,0,0
2020-06-13 19:00,128,47,81,0,0,0
2020-06-13 19:15,91,36,55,0,0,0
2020-06-13 19:30,104,43,61,0,0,0
2020-06-13 19:45,99,44,55,0,0,0
2020-06-13 20:00,76,25,51,0,0,0
2020-06-13 20:15,61,28,33,0,0,0
2020-06-13 20:30,80,31,49,0,0,0
2020-06-13 20:45,60,23,37,0,0,0
2020-06-13 21:00,60,27,33,0,0,0
2020-06-13 21:15,47,13,34,0,0,0
2020-06-13 21:30,47,15,32,0,0,0
2020-06-13 21:45,42,24,18,0,0,0
2020-06-13 22:00,31,8,23,0,0,0
2020-06-13 22:15,49,21,28,0,0,0
2020-06-13 22:30,30,9,21,0,0,0
2020-06-13 22:45,36,11,25,0,0,0
2020-06-13 23:00,47,13,34,0,0,0
2020-06-13 23:15,20,11,9,0,0,0
2020-06-13 23:30,27,16,11,0,0,0
2020-06-13 23:45,28,11,17,0,0,0
2020-06-14 00:00,24,8,16,0,0,0
2020-06-14 00:15,17,5,12,0,0,0
2020-06-14 00:30,39,13,26,0,0,0
2020-06-14 00:45,26,13,13,0,0,0
2020-06-14 01:00,26,8,18,0,0,0
2020-06-14 01:15,25,15,10,0,0,0
2020-06-14 01:30,25,5,20,0,0,0
2020-06-14 01:45,15,5,10,0,0,0
2020-06-14 02:00,18,5,13,0,0,0
2020-06-14 02:15,18,10,8,0,0,0
2020-06-14 02:30,11,3,8,0,0,0
2020-06-14 02:45,8,3,5,0,0,0
2020-06-14 03:00,8,2,6,0,0,0
2020-06-14 03:15,9,4,5,0,0,0
2020-06-14 03:30,13,2,11,0,0,0
2020-06-14 03:45,5,1,4,0,0,0
2020-06-14 04:00,8,2,6,0,0,0
2020-06-14 04:15,1,0,1,0,0,0
2020-06-14 04:30,5,2,3,0,0,0
2020-06-14 04:45,1,0,1,0,0,0
2020-06-14 05:00,0,0,0,0,0,0
2020-06-14 05:15,3,0,3,0,0,0
2020-06-14 05:30,5,5,0,0,0,0
2020-06-14 05:45,3,2,1,0,0,0
2020-06-14 06:00,1,1,0,0,0,0
2020-06-14 06:15,5,2,3,0,0,0
2020-06-14 06:30,4,2,2,0,0,0
2020-06-14 06:45,4,2,2,0,0,0
2020-06-14 07:00,3,3,0,0,0,0
2020-06-14 07:15,4,0,4,0,0,0
2020-06-14 07:30,10,5,5,0,0,0
2020-06-14 07:45,9,3,6,0,0,0
2020-06-14 08:00,13,6,7,0,0,0
2020-06-14 08:15,10,5,5,0,0,0
2020-06-14 08:30,16,12,4,0,0,0
2020-06-14 08:45,11,6,5,0,0,0
2020-06-14 09:00,7,3,4,0,0,0
2020-06-14 09:15,20,14,6,0,0,0
2020-06-14 09:30,21,10,11,0,0,0
2020-06-14 09:45,30,20,10,0,0,0
2020-06-14 10:00,20,11,9,0,0,0
2020-06-14 10:15,32,21,11,0,0,0
2020-06-14 10:30,34,15,19,0,0,0
2020-06-14 10:45,42,22,20,0,0,0
2020-06-14 11:00,45,23,22,0,0,0
2020-06-14 11:15,33,12,21,0,0,0
2020-06-14 11:30,50,26,24,0,0,0
2020-06-14 11:45,44,23,21,0,0,0
2020-06-14 12:00,37,17,20,0,0,0
2020-06-14 12:15,53,29,24,0,0,0
2020-06-14 12:30,63,27,36,0,0,0
2020-06-14 12:45,52,22,30,0,0,0
2020-06-14 13:00,57,29,28,0,0,0
2020-06-14 13:15,56,22,34,0,0,0
2020-06-14 13:30,45,20,25,0,0,0
2020-06-14 13:45,57,24,33,0,0,0
2020-06-14 14:00,93,49,44,0,0,0
2020-06-14 14:15,62,29,33,0,0,0
2020-06-14 14:30,44,22,22,0,0,0
2020-06-14 14:45,88,48,40,0,0,0
2020-06-14 15:00,74,30,44,0,0,0
2020-06-14 15:15,68,32,36,0,0,0
2020-06-14 15:30,65,40,25,0,0,0
2020-06-14 15:45,94,46,48,0,0,0
2020-06-14 16:00,70,29,41,0,0,0
2020-06-14 16:15,71,24,47,0,0,0
2020-06-14 16:30,78,26,52,0,0,0
2020-06-14 16:45,67,20,47,0,0,0
2020-06-14 17:00,38,14,24,0,0,0
2020-06-14 17:15,49,17,32,0,0,0
2020-06-14 17:30,46,23,23,0,0,0
2020-06-14 17:45,44,19,25,0,0,0
2020-06-14 18:00,26,5,21,0,0,0
2020-06-14 18:15,24,8,16,0,0,0
2020-06-14 18:30,17,6,11,0,0,0
2020-06-14 18:45,33,11,22,0,0,0
2020-06-14 19:00,30,11,19,0,0,0
2020-06-14 19:15,32,7,25,0,0,0
2020-06-14 19:30,17,7,10,0,0,0
2020-06-14 19:45,13,2,11,0,0,0
2020-06-14 20:00,20,8,12,0,0,0
2020-06-14 20:15,20,10,10,0,0,0
2020-06-14 20:30,16,8,8,0,0,0
2020-06-14 20:45,10,4,6,0,0,0
2020-06-14 21:00,17,11,6,0,0,0
2020-06-14 21:15,11,6,5,0,0,0
2020-06-14 21:30,13,1,12,0,0,0
2020-06-14 21:45,21,11,10,0,0,0
2020-06-14 22:00,6,2,4,0,0,0
2020-06-14 22:15,5,3,2,0,0,0
2020-06-14 22:30,7,2,5,0,0,0
2020-06-14 22:45,10,2,8,0,0,0
2020-06-14 23:00,10,3,7,0,0,0
2020-06-14 23:15,5,1,4,0,0,0
2020-06-14 23:30,9,4,5,0,0,0
2020-06-14 23:45,0,0,0,0,0,0
2020-06-15 00:00,8,2,6,0,0,0
2020-06-15 00:15,3,1,2,0,0,0
2020-06-15 00:30,2,0,2,0,0,0
2020-06-15 00:45,2,0,2,0,0,0
2020-06-15 01:00,2,1,1,0,0,0
2020-06-15 01:15,0,0,0,0,0,0
2020-06-15 01:30,0,0,0,0,0,0
2020-06-15 01:45,3,1,2,0,0,0
2020-06-15 02:00,0,0,0,0,0,0
2020-06-15 02:15,2,1,1,0,0,0
2020-06-15 02:30,0,0,0,0,0,0
2020-06-15 02:45,0,0,0,0,0,0
2020-06-15 03:00,4,4,0,0,0,0
2020-06-15 03:15,0,0,0,0,0,0
2020-06-15 03:30,1,1,0,0,0,0
2020-06-15 03:45,1,0,1,0,0,0
2020-06-15 04:00,0,0,0,0,0,0
2020-06-15 04:15,2,2,0,0,0,0
2020-06-15 04:30,5,5,0,0,0,0
2020-06-15 04:45,3,2,1,0,0,0
2020-06-15 05:00,2,1,1,0,0,0
2020-06-15 05:15,7,5,2,0,0,0
2020-06-15 05:30,14,14,0,0,0,0
2020-06-15 05:45,13,10,3,0,0,0
2020-06-15 06:00,17,10,7,0,0,0
2020-06-15 06:15,30,20,10,0,0,0
2020-06-15 06:30,33,26,7,0,0,0
2020-06-15 06:45,58,37,21,0,0,0
2020-06-15 07:00,62,41,21,0,0,0
2020-06-15 07:15,90,60,30,0,0,0
2020-06-15 07:30,113,75,38,0,0,0
2020-06-15 07:45,123,87,36,0,0,0
2020-06-15 08:00,96,63,33,0,0,0
2020-06-15 08:15,126,85,41,0,0,0
2020-06-15 08:30,106,67,39,0,0,0
2020-06-15 08:45,119,83,36,0,0,0
2020-06-15 09:00,83,46,37,0,0,0
2020-06-15 09:15,85,50,35,0,0,0
2020-06-15 09:30,84,56,28,0,0,0
2020-06-15 09:45,90,57,33,0,0,0
2020-06-15 10:00,79,51,28,0,0,0
2020-06-15 10:15,88,52,36,0,0,0
2020-06-15 10:30,103,57,46,0,0,0
2020-06-15 10:45,118,66,52,0,0,0
2020-06-15 11:00,100,49,51,0,0,0
2020-06-15 11:15,111,57,54,0,0,0
2020-06-15 11:30,125,57,68,0,0,0
2020-06-15 11:45,119,47,72,0,0,0
2020-06-15 12:00,123,56,67,0,0,0
2020-06-15 12:15,102,42,60,0,0,0
2020-06-15 12:30,113,62,51,0,0,0
2020-06-15 12:45,144,75,69,0,0,0
2020-06-15 13:00,141,46,95,0,0,0
2020-06-15 13:15,140,61,79,0,0,0
2020-06-15 13:30,135,51,84,0,0,0
2020-06-15 13:45,159,74,85,0,0,0
2020-06-15 14:00,146,60,86,0,0,0
2020-06-15 14:15,131,62,69,0,0,0
2020-06-15 14:30,132,68,64,0,0,0
2020-06-15 14:45,146,70,76,0,0,0
2020-06-15 15:00,159,72,87,0,0,0
2020-06-15 15:15,171,86,85,0,0,0
2020-06-15 15:30,162,64,98,0,0,0
2020-06-15 15:45,174,82,92,0,0,0
2020-06-15 16:00,202,71,131,0,0,0
2020-06-15 16:15,181,84,97,0,0,0
2020-06-15 16:30,214,85,129,0,0,0
2020-06-15 16:45,209,73,136,0,0,0
2020-06-15 17:00,208,71,137,0,0,0
2020-06-15 17:15,166,66,100,0,0,0
2020-06-15 17:30,173,69,104,0,0,0
2020-06-15 17:45,173,55,118,0,0,0
2020-06-15 18:00,149,40,109,0,0,0
2020-06-15 18:15,133,42,91,0,0,0
2020-06-15 18:30,123,54,69,0,0,0
2020-06-15 18:45,101,44,57,0,0,0
2020-06-15 19:00,109,38,71,0,0,0
2020-06-15 19:15,84,18,66,0,0,0
2020-06-15 19:30,61,24,37,0,0,0
2020-06-15 19:45,76,36,40,0,0,0
2020-06-15 20:00,58,22,36,0,0,0
2020-06-15 20:15,61,20,41,0,0,0
2020-06-15 20:30,55,26,29,0,0,0
2020-06-15 20:45,46,23,23,0,0,0
2020-06-15 21:00,39,18,21,0,0,0
2020-06-15 21:15,38,7,31,0,0,0
2020-06-15 21:30,32,14,18,0,0,0
2020-06-15 21:45,21,9,12,0,0,0
2020-06-15 22:00,27,10,17,0,0,0
2020-06-15 22:15,30,8,22,0,0,0
2020-06-15 22:30,31,13,18,0,0,0
2020-06-15 22:45,32,16,16,0,0,0
2020-06-15 23:00,24,9,15,0,0,0
2020-06-15 23:15,17,10,7,0,0,0
2020-06-15 23:30,15,4,11,0,0,0
2020-06-15 23:45,10,1,9,0,0,0
2020-06-16 00:00,9,3,6,0,0,0
2020-06-16 00:15,6,4,2,0,0,0
2020-06-16 00:30,8,0,8,0,0,0
2020-06-16 00:45,6,2,4,0,0,0
2020-06-16 01:00,7,4,3,0,0,0
2020-06-16 01:15,0,0,0,0,0,0
2020-06-16 01:30,1,1,0,0,0,0
2020-06-16 01:45,1,0,1,0,0,0
2020-06-16 02:00,0,0,0,0,0,0
2020-06-16 02:15,2,0,2,0,0,0
2020-06-16 02:30,3,0,3,0,0,0
2020-06-16 02:45,1,1,0,0,0,0
2020-06-16 03:00,1,1,0,0,0,0
2020-06-16 03:15,1,0,1,0,0,0
2020-06-16 03:30,1,0,1,0,0,0
2020-06-16 03:45,1,0,1,0,0,0
2020-06-16 04:00,1,0,1,0,0,0
2020-06-16 04:15,2,2,0,0,0,0
2020-06-16 04:30,6,6,0,0,0,0
2020-06-16 04:45,2,0,2,0,0,0
2020-06-16 05:00,3,2,1,0,0,0
2020-06-16 05:15,9,5,4,0,0,0
2020-06-16 05:30,12,10,2,0,0,0
2020-06-16 05:45,17,13,4,0,0,0
2020-06-16 06:00,18,13,5,0,0,0
2020-06-16 06:15,44,34,10,0,0,0
2020-06-16 06:30,56,37,19,0,0,0
2020-06-16 06:45,65,42,23,0,0,0
2020-06-16 07:00,81,55,26,0,0,0
2020-06-16 07:15,108,73,35,0,0,0
2020-06-16 07:30,127,88,39,0,0,0
2020-06-16 07:45,146,105,41,0,0,0
2020-06-16 08:00,112,78,34,0,0,0
2020-06-16 08:15,138,87,51,0,0,0
2020-06-16 08:30,115,70,45,0,0,0
2020-06-16 08:45,132,88,44,0,0,0
2020-06-16 09:00,93,56,37,0,0,0
2020-06-16 09:15,91,67,24,0,0,0
2020-06-16 09:30,93,63,30,0,0,0
2020-06-16 09:45,94,55,39,0,0,0
2020-06-16 10:00,89,61,28,0,0,0
2020-06-16 10:15,114,67,47,0,0,0
2020-06-16 10:30,143,88,55,0,0,0
2020-06-16 10:45,119,66,53,0,0,0
2020-06-16 11:00,100,53,47,0,0,0
2020-06-16 11:15,124,65,59,0,0,0
2020-06-16 11:30,102,47,55,0,0,0
2020-06-16 11:45,138,56,82,0,0,0
2020-06-16 12:00,135,64,71,0,0,0
2020-06-16 12:15,124,45,79,0,0,0
2020-06-16 12:30,124,57,67,0,0,0
2020-06-16 12:45,136,63,73,0,0,0
2020-06-16 13:00,152,71,81,0,0,0
2020-06-16 13:15,149,57,92,0,0,0
2020-06-16 13:30,130,61,69,0,0,0
2020-06-16 13:45,134,57,77,0,0,0
2020-06-16 14:00,135,56,79,0,0,0
2020-06-16 14:15,140,59,81,0,0,0
2020-06-16 14:30,145,76,69,0,0,0
2020-06-16 14:45,176,85,91,0,0,0
2020-06-16 15:00,164,75,89,0,0,0
2020-06-16 15:15,160,80,80,0,0,0
2020-06-16 15:30,152,68,84,0,0,0
2020-06-16 15:45,169,81,88,0,0,0
2020-06-16 16:00,196,71,125,0,0,0
2020-06-16 16:15,197,84,113,0,0,0
2020-06-16 16:30,206,80,126,0,0,0
2020-06-16 16:45,200,80,120,0,0,0
2020-06-16 17:00,202,69,133,0,0,0
2020-06-16 17:15,180,77,103,0,0,0
2020-06-16 17:30,180,64,116,0,0,0
2020-06-16 17:45,199,90,109,0,0,0
2020-06-16 18:00,164,63,101,0,0,0
2020-06-16 18:15,164,65,99,0,0,0
2020-06-16 18:30,161,73,88,0,0,0
2020-06-16 18:45,147,55,92,0,0,0
2020-06-16 19:00,127,47,80,0,0,0
2020-06-16 19:15,136,58,78,0,0,0
2020-06-16 19:30,85,35,50,0,0,0
2020-06-16 19:45,92,46,46,0,0,0
2020-06-16 20:00,99,43,56,0,0,0
2020-06-16 20:15,64,31,33,0,0,0
2020-06-16 20:30,46,14,32,0,0,0
2020-06-16 20:45,53,27,26,0,0,0
2020-06-16 21:00,60,24,36,0,0,0
2020-06-16 21:15,50,24,26,0,0,0
2020-06-16 21:30,44,19,25,0,0,0
2020-06-16 21:45,53,28,25,0,0,0
2020-06-16 22:00,57,16,41,0,0,0
2020-06-16 22:15,45,13,32,0,0,0
2020-06-16 22:30,52,16,36,0,0,0
2020-06-16 22:45,42,13,29,0,0,0
2020-06-16 23:00,33,15,18,0,0,0
2020-06-16 23:15,29,7,22,0,0,0
2020-06-16 23:30,24,10,14,0,0,0
2020-06-16 23:45,17,4,13,0,0,0
2020-06-17 00:00,11,5,6,0,0,0
2020-06-17 00:15,26,7,19,0,0,0
2020-06-17 00:30,14,5,9,0,0,0
2020-06-17 00:45,2,1,1,0,0,0
2020-06-17 01:00,4,2,2,0,0,0
2020-06-17 01:15,2,1,1,0,0,0
2020-06-17 01:30,2,1,1,0,0,0
2020-06-17 01:45,5,0,5,0,0,0
2020-06-17 02:00,6,3,3,0,0,0
2020-06-17 02:15,2,0,2,0,0,0
2020-06-17 02:30,4,2,2,0,0,0
2020-06-17 02:45,0,0,0,0,0,0
2020-06-17 03:00,1,0,1,0,0,0
2020-06-17 03:15,0,0,0,0,0,0
2020-06-17 03:30,3,1,2,0,0,0
2020-06-17 03:45,1,1,0,0,0,0
2020-06-17 04:00,5,0,5,0,0,0
2020-06-17 04:15,4,2,2,0,0,0
2020-06-17 04:30,5,5,0,0,0,0
2020-06-17 04:45,3,1,2,0,0,0
2020-06-17 05:00,2,2,0,0,0,0
2020-06-17 05:15,9,6,3,0,0,0
2020-06-17 05:30,14,11,3,0,0,0
2020-06-17 05:45,15,13,2,0,0,0
2020-06-17 06:00,16,12,4,0,0,0
2020-06-17 06:15,41,31,10,0,0,0
2020-06-17 06:30,42,30,12,0,0,0
2020-06-17 06:45,68,44,24,0,0,0
2020-06-17 07:00,74,53,21,0,0,0
2020-06-17 07:15,99,59,40,0,0,0
2020-06-17 07:30,116,76,40,0,0,0
2020-06-17 07:45,147,98,49,0,0,0
2020-06-17 08:00,133,91,42,0,0,0
2020-06-17 08:15,156,99,57,0,0,0
2020-06-17 08:30,114,73,41,0,0,0
2020-06-17 08:45,131,87,44,0,0,0
2020-06-17 09:00,113,75,38,0,0,0
2020-06-17 09:15,102,62,40,0,0,0
2020-06-17 09:30,115,73,42,0,0,0
2020-06-17 09:45,120,86,34,0,0,0
2020-06-17 10:00,92,51,41,0,0,0
2020-06-17 10:15,100,57,43,0,0,0
2020-06-17 10:30,116,64,52,0,0,0
2020-06-17 10:45,149,79,70,0,0,0
2020-06-17 11:00,137,67,70,0,0,0
2020-06-17 11:15,144,75,69,0,0,0
2020-06-17 11:30,145,67,78,0,0,0
2020-06-17 11:45,135,52,83,0,0,0
2020-06-17 12:00,165,71,94,0,0,0
2020-06-17 12:15,147,71,76,0,0,0
2020-06-17 12:30,155,50,105,0,0,0
2020-06-17 12:45,156,69,87,0,0,0
2020-06-17 13:00,140,59,81,0,0,0
2020-06-17 13:15,178,72,106,0,0,0
2020-06-17 13:30,131,50,81,0,0,0
2020-06-17 13:45,145,69,76,0,0,0
2020-06-17 14:00,154,56,98,0,0,0
2020-06-17 14:15,145,61,84,0,0,0
2020-06-17 14:30,160,73,87,0,0,0
2020-06-17 14:45,177,81,96,0,0,0
2020-06-17 15:00,187,70,117,0,0,0
2020-06-17 15:15,174,77,97,0,0,0
2020-06-17 15:30,157,67,90,0,0,0
2020-06-17 15:45,193,87,106,0,0,0
2020-06-17 16:00,175,53,122,0,0,0
2020-06-17 16:15,222,91,131,0,0,0
2020-06-17 16:30,184,70,114,0,0,0
2020-06-17 16:45,202,77,125,0,0,0
2020-06-17 17:00,236,76,160,0,0,0
2020-06-17 17:15,205,66,139,0,0,0
2020-06-17 17:30,121,39,82,0,0,0
2020-06-17 17:45,97,36,61,0,0,0
2020-06-17 18:00,119,40,79,0,0,0
2020-06-17 18:15,103,44,59,0,0,0
2020-06-17 18:30,106,38,68,0,0,0
2020-06-17 18:45,120,48,72,0,0,0
2020-06-17 19:00,99,33,66,0,0,0
2020-06-17 19:15,90,36,54,0,0,0
2020-06-17 19:30,79,30,49,0,0,0
2020-06-17 19:45,91,44,47,0,0,0
2020-06-17 20:00,77,24,53,0,0,0
2020-06-17 20:15,65,30,35,0,0,0
2020-06-17 20:30,43,11,32,0,0,0
2020-06-17 20:45,69,27,42,0,0,0
2020-06-17 21:00,65,24,41,0,0,0
2020-06-17 21:15,38,11,27,0,0,0
2020-06-17 21:30,31,10,21,0,0,0
2020-06-17 21:45,27,8,19,0,0,0
2020-06-17 22:00,38,9,29,0,0,0
2020-06-17 22:15,48,13,35,0,0,0
2020-06-17 22:30,40,17,23,0,0,0
2020-06-17 22:45,25,6,19,0,0,0
2020-06-17 23:00,32,11,21,0,0,0
2020-06-17 23:15,31,7,24,0,0,0
2020-06-17 23:30,22,6,16,0,0,0
2020-06-17 23:45,15,7,8,0,0,0
2020-06-18 00:00,12,1,11,0,0,0
2020-06-18 00:15,14,2,12,0,0,0
2020-06-18 00:30,9,2,7,0,0,0
2020-06-18 00:45,4,2,2,0,0,0
2020-06-18 01:00,1,0,1,0,0,0
2020-06-18 01:15,2,1,1,0,0,0
2020-06-18 01:30,4,0,4,0,0,0
2020-06-18 01:45,5,2,3,0,0,0
2020-06-18 02:00,4,1,3,0,0,0
2020-06-18 02:15,4,0,4,0,0,0
2020-06-18 02:30,2,0,2,0,0,0
2020-06-18 02:45,1,1,0,0,0,0
2020-06-18 03:00,0,0,0,0,0,0
2020-06-18 03:15,0,0,0,0,0,0
2020-06-18 03:30,2,1,1,0,0,0
2020-06-18 03:45,1,0,1,0,0,0
2020-06-18 04:00,0,0,0,0,0,0
2020-06-18 04:15,3,2,1,0,0,0
2020-06-18 04:30,5,5,0,0,0,0
2020-06-18 04:45,2,1,1,0,0,0
2020-06-18 05:00,4,2,2,0,0,0
2020-06-18 05:15,5,1,4,0,0,0
2020-06-18 05:30,11,9,2,0,0,0
2020-06-18 05:45,12,11,1,0,0,0
2020-06-18 06:00,13,5,8,0,0,0
2020-06-18 06:15,35,25,10,0,0,0
2020-06-18 06:30,47,34,13,0,0,0
2020-06-18 06:45,52,36,16,0,0,0
2020-06-18 07:00,66,44,22,0,0,0
2020-06-18 07:15,86,59,27,0,0,0
2020-06-18 07:30,106,71,35,0,0,0
2020-06-18 07:45,122,90,32,0,0,0
2020-06-18 08:00,116,80,36,0,0,0
2020-06-18 08:15,107,62,45,0,0,0
2020-06-18 08:30,121,79,42,0,0,0
2020-06-18 08:45,111,72,39,0,0,0
2020-06-18 09:00,64,40,24,0,0,0
2020-06-18 09:15,77,42,35,0,0,0
2020-06-18 09:30,77,39,38,0,0,0
2020-06-18 09:45,90,53,37,0,0,0
2020-06-18 10:00,80,42,38,0,0,0
2020-06-18 10:15,71,32,39,0,0,0
2020-06-18 10:30,71,44,27,0,0,0
2020-06-18 10:45,82,52,30,0,0,0
2020-06-18 11:00,77,45,32,0,0,0
2020-06-18 11:15,86,38,48,0,0,0
2020-06-18 11:30,82,40,42,0,0,0
2020-06-18 11:45,105,55,50,0,0,0
2020-06-18 12:00,111,47,64,0,0,0
2020-06-18 12:15,131,54,77,0,0,0
2020-06-18 12:30,124,47,77,0,0,0
2020-06-18 12:45,131,58,73,0,0,0
2020-06-18 13:00,119,45,74,0,0,0
2020-06-18 13:15,132,58,74,0,0,0
2020-06-18 13:30,114,54,60,0,0,0
2020-06-18 13:45,155,67,88,0,0,0
2020-06-18 14:00,145,73,72,0,0,0
2020-06-18 14:15,129,70,59,0,0,0
2020-06-18 14:30,132,58,74,0,0,0
2020-06-18 14:45,165,80,85,0,0,0
2020-06-18 15:00,151,58,93,0,0,0
2020-06-18 15:15,185,86,99,0,0,0
2020-06-18 15:30,195,87,108,0,0,0
2020-06-18 15:45,168,81,87,0,0,0
2020-06-18 16:00,170,73,97,0,0,0
2020-06-18 16:15,203,92,111,0,0,0
2020-06-18 16:30,168,75,93,0,0,0
2020-06-18 16:45,219,92,127,0,0,0
2020-06-18 17:00,211,88,123,0,0,0
2020-06-18 17:15,188,73,115,0,0,0
2020-06-18 17:30,184,73,111,0,0,0
2020-06-18 17:45,208,84,124,0,0,0
2020-06-18 18:00,197,81,116,0,0,0
2020-06-18 18:15,181,60,121,0,0,0
2020-06-18 18:30,171,54,117,0,0,0
2020-06-18 18:45,154,65,89,0,0,0
2020-06-18 19:00,120,42,78,0,0,0
2020-06-18 19:15,129,52,77,0,0,0
2020-06-18 19:30,90,32,58,0,0,0
2020-06-18 19:45,103,41,62,0,0,0
2020-06-18 20:00,102,33,69,0,0,0
2020-06-18 20:15,69,24,45,0,0,0
2020-06-18 20:30,62,23,39,0,0,0
2020-06-18 20:45,60,22,38,0,0,0
2020-06-18 21:00,50,22,28,0,0,0
2020-06-18 21:15,52,16,36,0,0,0
2020-06-18 21:30,56,20,36,0,0,0
2020-06-18 21:45,40,19,21,0,0,0
2020-06-18 22:00,56,17,39,0,0,0
2020-06-18 22:15,44,19,25,0,0,0
2020-06-18 22:30,40,13,27,0,0,0
2020-06-18 22:45,37,13,24,0,0,0
2020-06-18 23:00,45,13,32,0,0,0
2020-06-18 23:15,35,12,23,0,0,0
2020-06-18 23:30,17,9,8,0,0,0
2020-06-18 23:45,28,12,16,0,0,0
2020-06-19 00:00,15,6,9,0,0,0
2020-06-19 00:15,15,8,7,0,0,0
2020-06-19 00:30,14,4,10,0,0,0
2020-06-19 00:45,14,7,7,0,0,0
2020-06-19 01:00,3,2,1,0,0,0
2020-06-19 01:15,13,6,7,0,0,0
2020-06-19 01:30,8,4,4,0,0,0
2020-06-19 01:45,8,4,4,0,0,0
2020-06-19 02:00,8,2,6,0,0,0
2020-06-19 02:15,3,0,3,0,0,0
2020-06-19 02:30,4,1,3,0,0,0
2020-06-19 02:45,6,2,4,0,0,0
2020-06-19 03:00,1,0,1,0,0,0
2020-06-19 03:15,1,0,1,0,0,0
2020-06-19 03:30,1,0,1,0,0,0
2020-06-19 03:45,3,0,3,0,0,0
2020-06-19 04:00,0,0,0,0,0,0
2020-06-19 04:15,4,2,2,0,0,0
2020-06-19 04:30,6,6,0,0,0,0
2020-06-19 04:45,2,1,1,0,0,0
2020-06-19 05:00,2,1,1,0,0,0
2020-06-19 05:15,7,5,2,0,0,0
2020-06-19 05:30,12,9,3,0,0,0
2020-06-19 05:45,10,9,1,0,0,0
2020-06-19 06:00,20,16,4,0,0,0
2020-06-19 06:15,52,31,21,0,0,0
2020-06-19 06:30,42,28,14,0,0,0
2020-06-19 06:45,68,49,19,0,0,0
2020-06-19 07:00,74,46,28,0,0,0
2020-06-19 07:15,74,47,27,0,0,0
2020-06-19 07:30,118,79,39,0,0,0
2020-06-19 07:45,125,90,35,0,0,0
2020-06-19 08:00,94,64,30,0,0,0
2020-06-19 08:15,149,91,58,0,0,0
2020-06-19 08:30,100,66,34,0,0,0
2020-06-19 08:45,117,76,41,0,0,0
2020-06-19 09:00,84,55,29,0,0,0
2020-06-19 09:15,89,55,34,0,0,0
2020-06-19 09:30,131,80,51,0,0,0
2020-06-19 09:45,143,89,54,0,0,0
2020-06-19 10:00,79,49,30,0,0,0
2020-06-19 10:15,133,81,52,0,0,0
2020-06-19 10:30,108,60,48,0,0,0
2020-06-19 10:45,138,73,65,0,0,0
2020-06-19 11:00,123,65,58,0,0,0
2020-06-19 11:15,149,59,90,0,0,0
2020-06-19 11:30,138,53,85,0,0,0
2020-06-19 11:45,132,58,74,0,0,0
2020-06-19 12:00,129,52,77,0,0,0
2020-06-19 12:15,167,82,85,0,0,0
2020-06-19 12:30,155,60,95,0,0,0
2020-06-19 12:45,172,94,78,0,0,0
2020-06-19 13:00,152,60,92,0,0,0
2020-06-19 13:15,173,67,106,0,0,0
2020-06-19 13:30,178,72,106,0,0,0
2020-06-19 13:45,151,61,90,0,0,0
2020-06-19 14:00,184,69,115,0,0,0
2020-06-19 14:15,183,76,107,0,0,0
2020-06-19 14:30,158,60,98,0,0,0
2020-06-19 14:45,165,73,92,0,0,0
2020-06-19 15:00,179,82,97,0,0,0
2020-06-19 15:15,183,83,100,0,0,0
2020-06-19 15:30,196,76,120,0,0,0
2020-06-19 15:45,190,87,103,0,0,0
2020-06-19 16:00,201,89,112,0,0,0
2020-06-19 16:15,206,75,131,0,0,0
2020-06-19 16:30,141,60,81,0,0,0
2020-06-19 16:45,192,90,102,0,0,0
2020-06-19 17:00,178,79,99,0,0,0
2020-06-19 17:15,163,66,97,0,0,0
2020-06-19 17:30,193,96,97,0,0,0
2020-06-19 17:45,175,75,100,0,0,0
2020-06-19 18:00,183,94,89,0,0,0
2020-06-19 18:15,167,75,92,0,0,0
2020-06-19 18:30,169,79,90,0,0,0
2020-06-19 18:45,171,83,88,0,0,0
2020-06-19 19:00,168,64,104,0,0,0
2020-06-19 19:15,143,57,86,0,0,0
2020-06-19 19:30,105,50,55,0,0,0
2020-06-19 19:45,131,55,76,0,0,0
2020-06-19 20:00,99,41,58,0,0,0
2020-06-19 20:15,88,42,46,0,0,0
2020-06-19 20:30,109,43,66,0,0,0
2020-06-19 20:45,74,37,37,0,0,0
2020-06-19 21:00,74,35,39,0,0,0
2020-06-19 21:15,67,24,43,0,0,0
2020-06-19 21:30,61,21,40,0,0,0
2020-06-19 21:45,47,20,27,0,0,0
2020-06-19 22:00,48,23,25,0,0,0
2020-06-19 22:15,54,23,31,0,0,0
2020-06-19 22:30,42,16,26,0,0,0
2020-06-19 22:45,42,16,26,0,0,0
2020-06-19 23:00,46,15,31,0,0,0
2020-06-19 23:15,64,20,44,0,0,0
2020-06-19 23:30,51,20,31,0,0,0
2020-06-19 23:45,43,13,30,0,0,0
2020-06-20 00:00,42,20,22,0,0,0
2020-06-20 00:15,44,17,27,0,0,0
2020-06-20 00:30,45,9,36,0,0,0
2020-06-20 00:45,30,12,18,0,0,0
2020-06-20 01:00,25,8,17,0,0,0
2020-06-20 01:15,36,15,21,0,0,0
2020-06-20 01:30,33,9,24,0,0,0
2020-06-20 01:45,34,22,12,0,0,0
2020-06-20 02:00,20,12,8,0,0,0
2020-06-20 02:15,14,10,4,0,0,0
2020-06-20 02:30,15,5,10,0,0,0
2020-06-20 02:45,16,10,6,0,0,0
2020-06-20 03:00,8,3,5,0,0,0
2020-06-20 03:15,6,1,5,0,0,0
2020-06-20 03:30,9,4,5,0,0,0
2020-06-20 03:45,5,2,3,0,0,0
2020-06-20 04:00,4,1,3,0,0,0
2020-06-20 04:15,4,1,3,0,0,0
2020-06-20 04:30,2,1,1,0,0,0
2020-06-20 04:45,3,0,3,0,0,0
2020-06-20 05:00,6,2,4,0,0,0
2020-06-20 05:15,5,2,3,0,0,0
2020-06-20 05:30,9,5,4,0,0,0
2020-06-20 05:45,8,6,2,0,0,0
2020-06-20 06:00,3,1,2,0,0,0
2020-06-20 06:15,5,2,3,0,0,0
2020-06-20 06:30,15,8,7,0,0,0
2020-06-20 06:45,17,13,4,0,0,0
2020-06-20 07:00,12,4,8,0,0,0
2020-06-20 07:15,15,10,5,0,0,0
2020-06-20 07:30,24,15,9,0,0,0
2020-06-20 07:45,29,20,9,0,0,0
2020-06-20 08:00,28,12,16,0,0,0
2020-06-20 08:15,32,18,14,0,0,0
2020-06-20 08:30,44,25,19,0,0,0
2020-06-20 08:45,63,39,24,0,0,0
2020-06-20 09:00,79,52,27,0,0,0
2020-06-20 09:15,79,59,20,0,0,0
2020-06-20 09:30,99,57,42,0,0,0
2020-06-20 09:45,114,74,40,0,0,0
2020-06-20 10:00,122,85,37,0,0,0
2020-06-20 10:15,118,85,33,0,0,0
2020-06-20 10:30,154,102,52,0,0,0
2020-06-20 10:45,177,102,75,0,0,0
2020-06-20 11:00,140,80,60,0,0,0
2020-06-20 11:15,175,102,73,0,0,0
2020-06-20 11:30,182,101,81,0,0,0
2020-06-20 11:45,182,103,79,0,0,0
2020-06-20 12:00,189,101,88,0,0,0
2020-06-20 12:15,136,65,71,0,0,0
2020-06-20 12:30,190,83,107,0,0,0
2020-06-20 12:45,177,86,91,0,0,0
2020-06-20 13:00,177,78,99,0,0,0
2020-06-20 13:15,172,78,94,0,0,0
2020-06-20 13:30,187,104,83,0,0,0
2020-06-20 13:45,167,79,88,0,0,0
2020-06-20 14:00,184,95,89,0,0,0
2020-06-20 14:15,163,69,94,0,0,0
2020-06-20 14:30,164,71,93,0,0,0
2020-06-20 14:45,174,55,119,0,0,0
2020-06-20 15:00,146,72,74,0,0,0
2020-06-20 15:15,176,64,112,0,0,0
2020-06-20 15:30,142,56,86,0,0,0
2020-06-20 15:45,157,65,92,0,0,0
2020-06-20 16:00,149,75,74,0,0,0
2020-06-20 16:15,150,67,83,0,0,0
2020-06-20 16:30,144,73,71,0,0,0
2020-06-20 16:45,124,54,70,0,0,0
2020-06-20 17:00,151,57,94,0,0,0
2020-06-20 17:15,137,45,92,0,0,0
2020-06-20 17:30,159,81,78,0,0,0
2020-06-20 17:45,125,66,59,0,0,0
2020-06-20 18:00,155,53,102,0,0,0
2020-06-20 18:15,134,54,80,0,0,0
2020-06-20 18:30,113,48,65,0,0,0
2020-06-20 18:45,134,59,75,0,0,0
2020-06-20 19:00,123,51,72,0,0,0
2020-06-20 19:15,114,54,60,0,0,0
2020-06-20 19:30,92,26,66,0,0,0
2020-06-20 19:45,87,46,41,0,0,0
2020-06-20 20:00,116,45,71,0,0,0
2020-06-20 20:15,88,42,46,0,0,0
2020-06-20 20:30,70,23,47,0,0,0
2020-06-20 20:45,72,29,43,0,0,0
2020-06-20 21:00,72,24,48,0,0,0
2020-06-20 21:15,73,23,50,0,0,0
2020-06-20 21:30,47,12,35,0,0,0
2020-06-20 21:45,58,25,33,0,0,0
2020-06-20 22:00,29,8,21,0,0,0
2020-06-20 22:15,44,11,33,0,0,0
2020-06-20 22:30,52,24,28,0,0,0
2020-06-20 22:45,41,11,30,0,0,0
2020-06-20 23:00,49,11,38,0,0,0
2020-06-20 23:15,29,7,22,0,0,0
2020-06-20 23:30,51,16,35,0,0,0
2020-06-20 23:45,45,16,29,0,0,0
2020-06-21 00:00,40,14,26,0,0,0
2020-06-21 00:15,36,11,25,0,0,0
2020-06-21 00:30,42,17,25,0,0,0
2020-06-21 00:45,30,16,14,0,0,0
2020-06-21 01:00,37,13,24,0,0,0
2020-06-21 01:15,30,17,13,0,0,0
2020-06-21 01:30,29,9,20,0,0,0
2020-06-21 01:45,33,11,22,0,0,0
2020-06-21 02:00,20,8,12,0,0,0
2020-06-21 02:15,20,1,19,0,0,0
2020-06-21 02:30,14,3,11,0,0,0
2020-06-21 02:45,22,5,17,0,0,0
2020-06-21 03:00,9,5,4,0,0,0
2020-06-21 03:15,13,3,10,0,0,0
2020-06-21 03:30,11,3,8,0,0,0
2020-06-21 03:45,17,0,17,0,0,0
2020-06-21 04:00,10,2,8,0,0,0
2020-06-21 04:15,7,1,6,0,0,0
2020-06-21 04:30,4,1,3,0,0,0
2020-06-21 04:45,5,3,2,0,0,0
2020-06-21 05:00,2,1,1,0,0,0
2020-06-21 05:15,4,3,1,0,0,0
2020-06-21 05:30,10,4,6,0,0,0
2020-06-21 05:45,7,2,5,0,0,0
2020-06-21 06:00,4,2,2,0,0,0
2020-06-21 06:15,3,2,1,0,0,0
2020-06-21 06:30,9,8,1,0,0,0
2020-06-21 06:45,3,0,3,0,0,0
2020-06-21 07:00,7,4,3,0,0,0
2020-06-21 07:15,4,2,2,0,0,0
2020-06-21 07:30,5,3,2,0,0,0
2020-06-21 07:45,7,5,2,0,0,0
2020-06-21 08:00,11,7,4,0,0,0
2020-06-21 08:15,20,8,12,0,0,0
2020-06-21 08:30,13,5,8,0,0,0
2020-06-21 08:45,15,13,2,0,0,0
2020-06-21 09:00,20,10,10,0,0,0
2020-06-21 09:15,31,19,12,0,0,0
2020-06-21 09:30,41,26,15,0,0,0
2020-06-21 09:45,42,31,11,0,0,0
2020-06-21 10:00,30,23,7,0,0,0
2020-06-21 10:15,38,23,15,0,0,0
2020-06-21 10:30,41,25,16,0,0,0
2020-06-21 10:45,64,39,25,0,0,0
2020-06-21 11:00,54,34,20,0,0,0
2020-06-21 11:15,51,31,20,0,0,0
2020-06-21 11:30,72,35,37,0,0,0
2020-06-21 11:45,68,38,30,0,0,0
2020-06-21 12:00,68,34,34,0,0,0
2020-06-21 12:15,56,24,32,0,0,0
2020-06-21 12:30,70,35,35,0,0,0
2020-06-21 12:45,71,48,23,0,0,0
2020-06-21 13:00,75,39,36,0,0,0
2020-06-21 13:15,68,33,35,0,0,0
2020-06-21 13:30,79,47,32,0,0,0
2020-06-21 13:45,81,53,28,0,0,0
2020-06-21 14:00,101,57,44,0,0,0
2020-06-21 14:15,107,63,44,0,0,0
2020-06-21 14:30,92,52,40,0,0,0
2020-06-21 14:45,127,60,67,0,0,0
2020-06-21 15:00,112,46,66,0,0,0
2020-06-21 15:15,113,46,67,0,0,0
2020-06-21 15:30,96,43,53,0,0,0
2020-06-21 15:45,113,64,49,0,0,0
2020-06-21 16:00,96,41,55,0,0,0
2020-06-21 16:15,99,47,52,0,0,0
2020-06-21 16:30,82,37,45,0,0,0
2020-06-21 16:45,105,52,53,0,0,0
2020-06-21 17:00,69,32,37,0,0,0
2020-06-21 17:15,96,32,64,0,0,0
2020-06-21 17:30,92,39,53,0,0,0
2020-06-21 17:45,109,57,52,0,0,0
2020-06-21 18:00,85,41,44,0,0,0
2020-06-21 18:15,103,35,68,0,0,0
2020-06-21 18:30,99,46,53,0,0,0
2020-06-21 18:45,94,37,57,0,0,0
2020-06-21 19:00,86,27,59,0,0,0
2020-06-21 19:15,89,41,48,0,0,0
2020-06-21 19:30,93,42,51,0,0,0
2020-06-21 19:45,81,36,45,0,0,0
2020-06-21 20:00,82,25,57,0,0,0
2020-06-21 20:15,55,15,40,0,0,0
2020-06-21 20:30,70,33,37,0,0,0
2020-06-21 20:45,54,28,26,0,0,0
2020-06-21 21:00,49,18,31,0,0,0
2020-06-21 21:15,45,9,36,0,0,0
2020-06-21 21:30,48,21,27,0,0,0
2020-06-21 21:45,39,13,26,0,0,0
2020-06-21 22:00,36,10,26,0,0,0
2020-06-21 22:15,34,10,24,0,0,0
2020-06-21 22:30,28,4,24,0,0,0
2020-06-21 22:45,22,4,18,0,0,0
2020-06-21 23:00,21,8,13,0,0,0
2020-06-21 23:15,17,9,8,0,0,0
2020-06-21 23:30,9,2,7,0,0,0
2020-06-21 23:45,15,2,13,0,0,0
2020-06-22 00:00,12,4,8,0,0,0
2020-06-22 00:15,2,1,1,0,0,0
2020-06-22 00:30,5,3,2,0,0,0
2020-06-22 00:45,8,1,7,0,0,0
2020-06-22 01:00,4,0,4,0,0,0
2020-06-22 01:15,1,0,1,0,0,0
2020-06-22 01:30,3,1,2,0,0,0
2020-06-22 01:45,3,2,1,0,0,0
2020-06-22 02:00,1,0,1,0,0,0
2020-06-22 02:15,0,0,0,0,0,0
2020-06-22 02:30,1,1,0,0,0,0
2020-06-22 02:45,2,2,0,0,0,0
2020-06-22 03:00,1,1,0,0,0,0
2020-06-22 03:15,0,0,0,0,0,0
2020-06-22 03:30,2,2,0,0,0,0
2020-06-22 03:45,0,0,0,0,0,0
2020-06-22 04:00,1,1,0,0,0,0
2020-06-22 04:15,3,2,1,0,0,0
2020-06-22 04:30,1,1,0,0,0,0
2020-06-22 04:45,9,3,6,0,0,0
2020-06-22 05:00,2,2,0,0,0,0
2020-06-22 05:15,10,7,3,0,0,0
2020-06-22 05:30,11,9,2,0,0,0
2020-06-22 05:45,27,24,3,0,0,0
2020-06-22 06:00,25,18,7,0,0,0
2020-06-22 06:15,47,33,14,0,0,0
2020-06-22 06:30,46,34,12,0,0,0
2020-06-22 06:45,73,55,18,0,0,0
2020-06-22 07:00,77,57,20,0,0,0
2020-06-22 07:15,105,74,31,0,0,0
2020-06-22 07:30,144,98,46,0,0,0
2020-06-22 07:45,173,122,51,0,0,0
2020-06-22 08:00,132,82,50,0,0,0
2020-06-22 08:15,125,82,43,0,0,0
2020-06-22 08:30,123,82,41,0,0,0
2020-06-22 08:45,141,88,53,0,0,0
2020-06-22 09:00,115,74,41,0,0,0
2020-06-22 09:15,104,68,36,0,0,0
2020-06-22 09:30,117,71,46,0,0,0
2020-06-22 09:45,129,92,37,0,0,0
2020-06-22 10:00,103,71,32,0,0,0
2020-06-22 10:15,124,75,49,0,0,0
2020-06-22 10:30,130,77,53,0,0,0
2020-06-22 10:45,143,78,65,0,0,0
2020-06-22 11:00,124,62,62,0,0,0
2020-06-22 11:15,146,67,79,0,0,0
2020-06-22 11:30,159,77,82,0,0,0
2020-06-22 11:45,147,67,80,0,0,0
2020-06-22 12:00,163,74,89,0,0,0
2020-06-22 12:15,142,66,76,0,0,0
2020-06-22 12:30,131,58,73,0,0,0
2020-06-22 12:45,160,74,86,0,0,0
2020-06-22 13:00,186,74,112,0,0,0
2020-06-22 13:15,137,51,86,0,0,0
2020-06-22 13:30,160,68,92,0,0,0
2020-06-22 13:45,157,76,81,0,0,0
2020-06-22 14:00,157,80,77,0,0,0
2020-06-22 14:15,181,89,92,0,0,0
2020-06-22 14:30,191,75,116,0,0,0
2020-06-22 14:45,171,81,90,0,0,0
2020-06-22 15:00,189,92,97,0,0,0
2020-06-22 15:15,184,83,101,0,0,0
2020-06-22 15:30,171,80,91,0,0,0
2020-06-22 15:45,216,89,127,0,0,0
2020-06-22 16:00,193,70,123,0,0,0
2020-06-22 16:15,199,78,121,0,0,0
2020-06-22 16:30,195,82,113,0,0,0
2020-06-22 16:45,228,94,134,0,0,0
2020-06-22 17:00,237,96,141,0,0,0
2020-06-22 17:15,228,88,140,0,0,0
2020-06-22 17:30,221,85,136,0,0,0
2020-06-22 17:45,200,75,125,0,0,0
2020-06-22 18:00,209,84,125,0,0,0
2020-06-22 18:15,177,77,100,0,0,0
2020-06-22 18:30,173,69,104,0,0,0
2020-06-22 18:45,167,67,100,0,0,0
2020-06-22 19:00,163,47,116,0,0,0
2020-06-22 19:15,132,47,85,0,0,0
2020-06-22 19:30,106,35,71,0,0,0
2020-06-22 19:45,112,45,67,0,0,0
2020-06-22 20:00,83,35,48,0,0,0
2020-06-22 20:15,98,44,54,0,0,0
2020-06-22 20:30,78,31,47,0,0,0
2020-06-22 20:45,79,28,51,0,0,0
2020-06-22 21:00,67,31,36,0,0,0
2020-06-22 21:15,53,17,36,0,0,0
2020-06-22 21:30,58,19,39,0,0,0
2020-06-22 21:45,60,18,42,0,0,0
2020-06-22 22:00,54,27,27,0,0,0
2020-06-22 22:15,56,24,32,0,0,0
2020-06-22 22:30,46,12,34,0,0,0
2020-06-22 22:45,40,12,28,0,0,0
2020-06-22 23:00,30,10,20,0,0,0
2020-06-22 23:15,28,15,13,0,0,0
2020-06-22 23:30,30,15,15,0,0,0
2020-06-22 23:45,25,10,15,0,0,0
2020-06-23 00:00,26,6,20,0,0,0
2020-06-23 00:15,12,6,6,0,0,0
2020-06-23 00:30,11,4,7,0,0,0
2020-06-23 00:45,8,5,3,0,0,0
2020-06-23 01:00,11,7,4,0,0,0
2020-06-23 01:15,3,2,1,0,0,0
2020-06-23 01:30,3,1,2,0,0,0
2020-06-23 01:45,6,1,5,0,0,0
2020-06-23 02:00,3,2,1,0,0,0
2020-06-23 02:15,3,0,3,0,0,0
2020-06-23 02:30,0,0,0,0,0,0
2020-06-23 02:45,1,0,1,0,0,0
2020-06-23 03:00,0,0,0,0,0,0
2020-06-23 03:15,1,0,1,0,0,0
2020-06-23 03:30,1,0,1,0,0,0
2020-06-23 03:45,0,0,0,0,0,0
2020-06-23 04:00,1,1,0,0,0,0
2020-06-23 04:15,4,2,2,0,0,0
2020-06-23 04:30,2,2,0,0,0,0
2020-06-23 04:45,6,3,3,0,0,0
2020-06-23 05:00,3,2,1,0,0,0
2020-06-23 05:15,10,4,6,0,0,0
2020-06-23 05:30,22,20,2,0,0,0
2020-06-23 05:45,21,18,3,0,0,0
2020-06-23 06:00,37,27,10,0,0,0
2020-06-23 06:15,36,30,6,0,0,0
2020-06-23 06:30,63,42,21,0,0,0
2020-06-23 06:45,77,58,19,0,0,0
2020-06-23 07:00,74,48,26,0,0,0
2020-06-23 07:15,117,70,47,0,0,0
2020-06-23 07:30,127,85,42,0,0,0
2020-06-23 07:45,154,107,47,0,0,0
2020-06-23 08:00,113,74,39,0,0,0
2020-06-23 08:15,150,99,51,0,0,0
2020-06-23 08:30,129,85,44,0,0,0
2020-06-23 08:45,129,91,38,0,0,0
2020-06-23 09:00,106,62,44,0,0,0
2020-06-23 09:15,102,69,33,0,0,0
2020-06-23 09:30,124,78,46,0,0,0
2020-06-23 09:45,109,64,45,0,0,0
2020-06-23 10:00,110,72,38,0,0,0
2020-06-23 10:15,131,68,63,0,0,0
2020-06-23 10:30,122,67,55,0,0,0
2020-06-23 10:45,127,73,54,0,0,0
2020-06-23 11:00,110,51,59,0,0,0
2020-06-23 11:15,142,59,83,0,0,0
2020-06-23 11:30,138,62,76,0,0,0
2020-06-23 11:45,148,69,79,0,0,0
2020-06-23 12:00,180,79,101,0,0,0
2020-06-23 12:15,166,75,91,0,0,0
2020-06-23 12:30,166,77,89,0,0,0
2020-06-23 12:45,140,51,89,0,0,0
2020-06-23 13:00,149,63,86,0,0,0
2020-06-23 13:15,176,69,107,0,0,0
2020-06-23 13:30,154,75,79,0,0,0
2020-06-23 13:45,191,94,97,0,0,0
2020-06-23 14:00,149,64,85,0,0,0
2020-06-23 14:15,180,92,88,0,0,0
2020-06-23 14:30,196,91,105,0,0,0
2020-06-23 14:45,177,86,91,0,0,0
2020-06-23 15:00,148,70,78,0,0,0
2020-06-23 15:15,179,92,87,0,0,0
2020-06-23 15:30,167,81,86,0,0,0
2020-06-23 15:45,259,112,147,0,0,0
2020-06-23 16:00,187,67,120,0,0,0
2020-06-23 16:15,221,102,119,0,0,0
2020-06-23 16:30,201,85,116,0,0,0
2020-06-23 16:45,227,110,117,0,0,0
2020-06-23 17:00,217,85,132,0,0,0
2020-06-23 17:15,205,80,125,0,0,0
2020-06-23 17:30,214,84,130,0,0,0
2020-06-23 17:45,225,90,135,0,0,0
2020-06-23 18:00,204,78,126,0,0,0
2020-06-23 18:15,212,78,134,0,0,0
2020-06-23 18:30,166,58,108,0,0,0
2020-06-23 18:45,159,69,90,0,0,0
2020-06-23 19:00,161,64,97,0,0,0
2020-06-23 19:15,162,69,93,0,0,0
2020-06-23 19:30,128,52,76,0,0,0
2020-06-23 19:45,123,45,78,0,0,0
2020-06-23 20:00,108,34,74,0,0,0
2020-06-23 20:15,92,43,49,0,0,0
2020-06-23 20:30,108,48,60,0,0,0
2020-06-23 20:45,71,22,49,0,0,0
2020-06-23 21:00,75,22,53,0,0,0
2020-06-23 21:15,81,25,56,0,0,0
2020-06-23 21:30,61,13,48,0,0,0
2020-06-23 21:45,53,13,40,0,0,0
2020-06-23 22:00,78,32,46,0,0,0
2020-06-23 22:15,72,27,45,0,0,0
2020-06-23 22:30,47,16,31,0,0,0
2020-06-23 22:45,43,6,37,0,0,0
2020-06-23 23:00,46,16,30,0,0,0
2020-06-23 23:15,46,17,29,0,0,0
2020-06-23 23:30,21,7,14,0,0,0
2020-06-23 23:45,24,4,20,0,0,0
2020-06-24 00:00,22,8,14,0,0,0
2020-06-24 00:15,20,10,10,0,0,0
2020-06-24 00:30,10,3,7,0,0,0
2020-06-24 00:45,14,3,11,0,0,0
2020-06-24 01:00,13,3,10,0,0,0
2020-06-24 01:15,9,4,5,0,0,0
2020-06-24 01:30,4,2,2,0,0,0
2020-06-24 01:45,7,3,4,0,0,0
2020-06-24 02:00,8,6,2,0,0,0
2020-06-24 02:15,4,1,3,0,0,0
2020-06-24 02:30,1,0,1,0,0,0
2020-06-24 02:45,2,0,2,0,0,0
2020-06-24 03:00,2,0,2,0,0,0
2020-06-24 03:15,2,0,2,0,0,0
2020-06-24 03:30,0,0,0,0,0,0
2020-06-24 03:45,0,0,0,0,0,0
2020-06-24 04:00,2,2,0,0,0,0
2020-06-24 04:15,5,2,3,0,0,0
2020-06-24 04:30,3,3,0,0,0,0
2020-06-24 04:45,6,2,4,0,0,0
2020-06-24 05:00,4,3,1,0,0,0
2020-06-24 05:15,8,5,3,0,0,0
2020-06-24 05:30,20,19,1,0,0,0
2020-06-24 05:45,26,22,4,0,0,0
2020-06-24 06:00,28,22,6,0,0,0
2020-06-24 06:15,41,33,8,0,0,0
2020-06-24 06:30,63,50,13,0,0,0
2020-06-24 06:45,93,68,25,0,0,0
2020-06-24 07:00,82,52,30,0,0,0
2020-06-24 07:15,116,82,34,0,0,0
2020-06-24 07:30,171,111,60,0,0,0
2020-06-24 07:45,154,105,49,0,0,0
2020-06-24 08:00,144,84,60,0,0,0
2020-06-24 08:15,167,106,61,0,0,0
2020-06-24 08:30,150,91,59,0,0,0
2020-06-24 08:45,160,105,55,0,0,0
2020-06-24 09:00,117,68,49,0,0,0
2020-06-24 09:15,104,65,39,0,0,0
2020-06-24 09:30,113,70,43,0,0,0
2020-06-24 09:45,159,99,60,0,0,0
2020-06-24 10:00,140,89,51,0,0,0
2020-06-24 10:15,121,67,54,0,0,0
2020-06-24 10:30,166,95,71,0,0,0
2020-06-24 10:45,165,88,77,0,0,0
2020-06-24 11:00,125,69,56,0,0,0
2020-06-24 11:15,145,65,80,0,0,0
2020-06-24 11:30,143,63,80,0,0,0
2020-06-24 11:45,167,88,79,0,0,0
2020-06-24 12:00,162,78,84,0,0,0
2020-06-24 12:15,174,79,95,0,0,0
2020-06-24 12:30,178,67,111,0,0,0
2020-06-24 12:45,201,95,106,0,0,0
2020-06-24 13:00,163,63,100,0,0,0
2020-06-24 13:15,172,67,105,0,0,0
2020-06-24 13:30,171,86,85,0,0,0
2020-06-24 13:45,173,65,108,0,0,0
2020-06-24 14:00,165,73,92,0,0,0
2020-06-24 14:15,176,66,110,0,0,0
2020-06-24 14:30,169,72,97,0,0,0
2020-06-24 14:45,163,87,76,0,0,0
2020-06-24 15:00,154,72,82,0,0,0
2020-06-24 15:15,172,86,86,0,0,0
2020-06-24 15:30,172,71,101,0,0,0
2020-06-24 15:45,203,65,138,0,0,0
2020-06-24 16:00,216,83,133,0,0,0
2020-06-24 16:15,200,87,113,0,0,0
2020-06-24 16:30,186,90,96,0,0,0
2020-06-24 16:45,223,83,140,0,0,0
2020-06-24 17:00,205,84,121,0,0,0
2020-06-24 17:15,216,102,114,0,0,0
2020-06-24 17:30,213,87,126,0,0,0
2020-06-24 17:45,262,123,139,0,0,0
2020-06-24 18:00,227,83,144,0,0,0
2020-06-24 18:15,213,92,121,0,0,0
2020-06-24 18:30,189,82,107,0,0,0
2020-06-24 18:45,194,83,111,0,0,0
2020-06-24 19:00,171,71,100,0,0,0
2020-06-24 19:15,124,41,83,0,0,0
2020-06-24 19:30,105,36,69,0,0,0
2020-06-24 19:45,141,63,78,0,0,0
2020-06-24 20:00,123,40,83,0,0,0
2020-06-24 20:15,84,34,50,0,0,0
2020-06-24 20:30,74,30,44,0,0,0
2020-06-24 20:45,86,32,54,0,0,0
2020-06-24 21:00,77,30,47,0,0,0
2020-06-24 21:15,91,34,57,0,0,0
2020-06-24 21:30,76,23,53,0,0,0
2020-06-24 21:45,78,22,56,0,0,0
2020-06-24 22:00,98,28,70,0,0,0
2020-06-24 22:15,58,27,31,0,0,0
2020-06-24 22:30,45,13,32,0,0,0
2020-06-24 22:45,47,20,27,0,0,0
2020-06-24 23:00,56,20,36,0,0,0
2020-06-24 23:15,42,12,30,0,0,0
2020-06-24 23:30,46,19,27,0,0,0
2020-06-24 23:45,28,12,16,0,0,0
2020-06-25 00:00,20,4,16,0,0,0
2020-06-25 00:15,20,9,11,0,0,0
2020-06-25 00:30,15,3,12,0,0,0
2020-06-25 00:45,10,7,3,0,0,0
2020-06-25 01:00,18,6,12,0,0,0
2020-06-25 01:15,10,5,5,0,0,0
2020-06-25 01:30,4,1,3,0,0,0
2020-06-25 01:45,2,1,1,0,0,0
2020-06-25 02:00,6,3,3,0,0,0
2020-06-25 02:15,11,2,9,0,0,0
2020-06-25 02:30,6,2,4,0,0,0
2020-06-25 02:45,3,0,3,0,0,0
2020-06-25 03:00,3,1,2,0,0,0
2020-06-25 03:15,0,0,0,0,0,0
2020-06-25 03:30,2,1,1,0,0,0
2020-06-25 03:45,1,0,1,0,0,0
2020-06-25 04:00,1,1,0,0,0,0
2020-06-25 04:15,3,1,2,0,0,0
2020-06-25 04:30,3,2,1,0,0,0
2020-06-25 04:45,4,3,1,0,0,0
2020-06-25 05:00,5,3,2,0,0,0
2020-06-25 05:15,8,6,2,0,0,0
2020-06-25 05:30,17,16,1,0,0,0
2020-06-25 05:45,24,21,3,0,0,0
2020-06-25 06:00,20,13,7,0,0,0
2020-06-25 06:15,35,27,8,0,0,0
2020-06-25 06:30,53,34,19,0,0,0
2020-06-25 06:45,80,55,25,0,0,0
2020-06-25 07:00,71,42,29,0,0,0
2020-06-25 07:15,120,85,35,0,0,0
2020-06-25 07:30,140,95,45,0,0,0
2020-06-25 07:45,153,104,49,0,0,0
2020-06-25 08:00,122,81,41,0,0,0
2020-06-25 08:15,129,95,34,0,0,0
2020-06-25 08:30,145,95,50,0,0,0
2020-06-25 08:45,157,103,54,0,0,0
2020-06-25 09:00,105,69,36,0,0,0
2020-06-25 09:15,119,79,40,0,0,0
2020-06-25 09:30,134,78,56,0,0,0
2020-06-25 09:45,163,105,58,0,0,0
2020-06-25 10:00,119,75,44,0,0,0
2020-06-25 10:15,110,57,53,0,0,0
2020-06-25 10:30,144,85,59,0,0,0
2020-06-25 10:45,157,95,62,0,0,0
2020-06-25 11:00,121,66,55,0,0,0
2020-06-25 11:15,137,66,71,0,0,0
2020-06-25 11:30,146,70,76,0,0,0
2020-06-25 11:45,135,64,71,0,0,0
2020-06-25 12:00,157,72,85,0,0,0
2020-06-25 12:15,161,71,90,0,0,0
2020-06-25 12:30,158,55,103,0,0,0
2020-06-25 12:45,159,76,83,0,0,0
2020-06-25 13:00,138,50,88,0,0,0
2020-06-25 13:15,145,51,94,0,0,0
2020-06-25 13:30,117,47,70,0,0,0
2020-06-25 13:45,151,71,80,0,0,0
2020-06-25 14:00,183,76,107,0,0,0
2020-06-25 14:15,145,69,76,0,0,0
2020-06-25 14:30,194,77,117,0,0,0
2020-06-25 14:45,187,79,108,0,0,0
2020-06-25 15:00,164,74,90,0,0,0
2020-06-25 15:15,176,75,101,0,0,0
2020-06-25 15:30,170,82,88,0,0,0
2020-06-25 15:45,213,100,113,0,0,0
2020-06-25 16:00,216,90,126,0,0,0
2020-06-25 16:15,198,80,118,0,0,0
2020-06-25 16:30,173,72,101,0,0,0
2020-06-25 16:45,222,98,124,0,0,0
2020-06-25 17:00,221,84,137,0,0,0
2020-06-25 17:15,179,68,111,0,0,0
2020-06-25 17:30,192,92,100,0,0,0
2020-06-25 17:45,213,90,123,0,0,0
2020-06-25 18:00,210,74,136,0,0,0
2020-06-25 18:15,194,75,119,0,0,0
2020-06-25 18:30,172,60,112,0,0,0
2020-06-25 18:45,183,75,108,0,0,0
2020-06-25 19:00,148,54,94,0,0,0
2020-06-25 19:15,128,46,82,0,0,0
2020-06-25 19:30,125,52,73,0,0,0
2020-06-25 19:45,147,59,88,0,0,0
2020-06-25 20:00,98,32,66,0,0,0
2020-06-25 20:15,92,23,69,0,0,0
2020-06-25 20:30,61,21,40,0,0,0
2020-06-25 20:45,71,22,49,0,0,0
2020-06-25 21:00,89,26,63,0,0,0
2020-06-25 21:15,67,24,43,0,0,0
2020-06-25 21:30,62,16,46,0,0,0
2020-06-25 21:45,60,22,38,0,0,0
2020-06-25 22:00,70,20,50,0,0,0
2020-06-25 22:15,78,18,60,0,0,0
2020-06-25 22:30,51,16,35,0,0,0
2020-06-25 22:45,45,15,30,0,0,0
2020-06-25 23:00,58,13,45,0,0,0
2020-06-25 23:15,46,22,24,0,0,0
2020-06-25 23:30,44,16,28,0,0,0
2020-06-25 23:45,23,11,12,0,0,0
2020-06-26 00:00,23,9,14,0,0,0
2020-06-26 00:15,16,6,10,0,0,0
2020-06-26 00:30,17,4,13,0,0,0
2020-06-26 00:45,16,6,10,0,0,0
2020-06-26 01:00,12,2,10,0,0,0
2020-06-26 01:15,7,7,0,0,0,0
2020-06-26 01:30,9,4,5,0,0,0
2020-06-26 01:45,10,4,6,0,0,0
2020-06-26 02:00,5,2,3,0,0,0
2020-06-26 02:15,3,1,2,0,0,0
2020-06-26 02:30,6,4,2,0,0,0
2020-06-26 02:45,5,1,4,0,0,0
2020-06-26 03:00,2,0,2,0,0,0
2020-06-26 03:15,1,1,0,0,0,0
2020-06-26 03:30,4,1,3,0,0,0
2020-06-26 03:45,4,1,3,0,0,0
2020-06-26 04:00,3,0,3,0,0,0
2020-06-26 04:15,2,1,1,0,0,0
2020-06-26 04:30,1,1,0,0,0,0
2020-06-26 04:45,5,2,3,0,0,0
2020-06-26 05:00,2,1,1,0,0,0
2020-06-26 05:15,8,3,5,0,0,0
2020-06-26 05:30,17,12,5,0,0,0
2020-06-26 05:45,23,18,5,0,0,0
2020-06-26 06:00,19,15,4,0,0,0
2020-06-26 06:15,33,28,5,0,0,0
2020-06-26 06:30,32,22,10,0,0,0
2020-06-26 06:45,64,38,26,0,0,0
2020-06-26 07:00,75,41,34,0,0,0
2020-06-26 07:15,102,67,35,0,0,0
2020-06-26 07:30,127,87,40,0,0,0
2020-06-26 07:45,121,77,44,0,0,0
2020-06-26 08:00,109,59,50,0,0,0
2020-06-26 08:15,116,64,52,0,0,0
2020-06-26 08:30,108,70,38,0,0,0
2020-06-26 08:45,121,65,56,0,0,0
2020-06-26 09:00,94,62,32,0,0,0
2020-06-26 09:15,106,62,44,0,0,0
2020-06-26 09:30,119,86,33,0,0,0
2020-06-26 09:45,148,102,46,0,0,0
2020-06-26 10:00,120,59,61,0,0,0
2020-06-26 10:15,142,82,60,0,0,0
2020-06-26 10:30,146,81,65,0,0,0
2020-06-26 10:45,148,67,81,0,0,0
2020-06-26 11:00,133,54,79,0,0,0
2020-06-26 11:15,149,70,79,0,0,0
2020-06-26 11:30,142,68,74,0,0,0
2020-06-26 11:45,165,77,88,0,0,0
2020-06-26 12:00,167,76,91,0,0,0
2020-06-26 12:15,169,69,100,0,0,0
2020-06-26 12:30,189,90,99,0,0,0
2020-06-26 12:45,182,78,104,0,0,0
2020-06-26 13:00,167,68,99,0,0,0
2020-06-26 13:15,180,71,109,0,0,0
2020-06-26 13:30,180,58,122,0,0,0
2020-06-26 13:45,185,82,103,0,0,0
2020-06-26 14:00,147,53,94,0,0,0
2020-06-26 14:15,190,77,113,0,0,0
2020-06-26 14:30,202,73,129,0,0,0
2020-06-26 14:45,189,79,110,0,0,0
2020-06-26 15:00,178,72,106,0,0,0
2020-06-26 15:15,174,69,105,0,0,0
2020-06-26 15:30,175,66,109,0,0,0
2020-06-26 15:45,180,76,104,0,0,0
2020-06-26 16:00,195,87,108,0,0,0
2020-06-26 16:15,167,83,84,0,0,0
2020-06-26 16:30,152,66,86,0,0,0
2020-06-26 16:45,180,83,97,0,0,0
2020-06-26 17:00,195,78,117,0,0,0
2020-06-26 17:15,164,70,94,0,0,0
2020-06-26 17:30,165,69,96,0,0,0
2020-06-26 17:45,219,97,122,0,0,0
2020-06-26 18:00,163,73,90,0,0,0
2020-06-26 18:15,135,57,78,0,0,0
2020-06-26 18:30,140,56,84,0,0,0
2020-06-26 18:45,168,71,97,0,0,0
2020-06-26 19:00,149,52,97,0,0,0
2020-06-26 19:15,150,49,101,0,0,0
2020-06-26 19:30,117,48,69,0,0,0
2020-06-26 19:45,117,61,56,0,0,0
2020-06-26 20:00,108,42,66,0,0,0
2020-06-26 20:15,134,47,87,0,0,0
2020-06-26 20:30,77,35,42,0,0,0
2020-06-26 20:45,76,26,50,0,0,0
2020-06-26 21:00,80,26,54,0,0,0
2020-06-26 21:15,69,21,48,0,0,0
2020-06-26 21:30,66,27,39,0,0,0
2020-06-26 21:45,81,34,47,0,0,0
2020-06-26 22:00,56,21,35,0,0,0
2020-06-26 22:15,67,32,35,0,0,0
2020-06-26 22:30,64,24,40,0,0,0
2020-06-26 22:45,49,12,37,0,0,0
2020-06-26 23:00,70,20,50,0,0,0
2020-06-26 23:15,70,24,46,0,0,0
2020-06-26 23:30,58,10,48,0,0,0
2020-06-26 23:45,46,20,26,0,0,0
2020-06-27 00:00,55,17,38,0,0,0
2020-06-27 00:15,34,15,19,0,0,0
2020-06-27 00:30,30,14,16,0,0,0
2020-06-27 00:45,38,15,23,0,0,0
2020-06-27 01:00,32,17,15,0,0,0
2020-06-27 01:15,31,14,17,0,0,0
2020-06-27 01:30,20,4,16,0,0,0
2020-06-27 01:45,23,8,15,0,0,0
2020-06-27 02:00,25,6,19,0,0,0
2020-06-27 02:15,12,2,10,0,0,0
2020-06-27 02:30,17,10,7,0,0,0
2020-06-27 02:45,8,0,8,0,0,0
2020-06-27 03:00,16,6,10,0,0,0
2020-06-27 03:15,20,8,12,0,0,0
2020-06-27 03:30,5,3,2,0,0,0
2020-06-27 03:45,9,3,6,0,0,0
2020-06-27 04:00,6,0,6,0,0,0
2020-06-27 04:15,5,1,4,0,0,0
2020-06-27 04:30,8,3,5,0,0,0
2020-06-27 04:45,2,1,1,0,0,0
2020-06-27 05:00,2,1,1,0,0,0
2020-06-27 05:15,7,3,4,0,0,0
2020-06-27 05:30,10,8,2,0,0,0
2020-06-27 05:45,9,8,1,0,0,0
2020-06-27 06:00,7,2,5,0,0,0
2020-06-27 06:15,8,3,5,0,0,0
2020-06-27 06:30,8,4,4,0,0,0
2020-06-27 06:45,6,5,1,0,0,0
2020-06-27 07:00,12,5,7,0,0,0
2020-06-27 07:15,26,15,11,0,0,0
2020-06-27 07:30,29,22,7,0,0,0
2020-06-27 07:45,37,16,21,0,0,0
2020-06-27 08:00,35,24,11,0,0,0
2020-06-27 08:15,35,23,12,0,0,0
2020-06-27 08:30,42,23,19,0,0,0
2020-06-27 08:45,64,36,28,0,0,0
2020-06-27 09:00,60,34,26,0,0,0
2020-06-27 09:15,83,48,35,0,0,0
2020-06-27 09:30,108,74,34,0,0,0
2020-06-27 09:45,92,62,30,0,0,0
2020-06-27 10:00,116,65,51,0,0,0
2020-06-27 10:15,111,74,37,0,0,0
2020-06-27 10:30,127,87,40,0,0,0
2020-06-27 10:45,159,85,74,0,0,0
2020-06-27 11:00,138,89,49,0,0,0
2020-06-27 11:15,165,93,72,0,0,0
2020-06-27 11:30,128,73,55,0,0,0
2020-06-27 11:45,174,76,98,0,0,0
2020-06-27 12:00,168,85,83,0,0,0
2020-06-27 12:15,168,79,89,0,0,0
2020-06-27 12:30,157,77,80,0,0,0
2020-06-27 12:45,179,89,90,0,0,0
2020-06-27 13:00,151,81,70,0,0,0
2020-06-27 13:15,153,72,81,0,0,0
2020-06-27 13:30,146,78,68,0,0,0
2020-06-27 13:45,171,79,92,0,0,0
2020-06-27 14:00,159,69,90,0,0,0
2020-06-27 14:15,165,57,108,0,0,0
2020-06-27 14:30,171,65,106,0,0,0
2020-06-27 14:45,143,67,76,0,0,0
2020-06-27 15:00,177,76,101,0,0,0
2020-06-27 15:15,168,61,107,0,0,0
2020-06-27 15:30,80,28,52,0,0,0
2020-06-27 15:45,130,35,95,0,0,0
2020-06-27 16:00,114,49,65,0,0,0
2020-06-27 16:15,99,49,50,0,0,0
2020-06-27 16:30,96,39,57,0,0,0
2020-06-27 16:45,116,58,58,0,0,0
2020-06-27 17:00,148,56,92,0,0,0
2020-06-27 17:15,118,53,65,0,0,0
2020-06-27 17:30,95,38,57,0,0,0
2020-06-27 17:45,143,64,79,0,0,0
2020-06-27 18:00,116,41,75,0,0,0
2020-06-27 18:15,112,37,75,0,0,0
2020-06-27 18:30,114,56,58,0,0,0
2020-06-27 18:45,109,52,57,0,0,0
2020-06-27 19:00,101,43,58,0,0,0
2020-06-27 19:15,97,39,58,0,0,0
2020-06-27 19:30,113,49,64,0,0,0
2020-06-27 19:45,99,44,55,0,0,0
2020-06-27 20:00,86,39,47,0,0,0
2020-06-27 20:15,106,45,61,0,0,0
2020-06-27 20:30,80,32,48,0,0,0
2020-06-27 20:45,68,39,29,0,0,0
2020-06-27 21:00,69,30,39,0,0,0
2020-06-27 21:15,59,23,36,0,0,0
2020-06-27 21:30,41,17,24,0,0,0
2020-06-27 21:45,59,29,30,0,0,0
2020-06-27 22:00,38,9,29,0,0,0
2020-06-27 22:15,46,16,30,0,0,0
2020-06-27 22:30,37,13,24,0,0,0
2020-06-27 22:45,50,15,35,0,0,0
2020-06-27 23:00,58,18,40,0,0,0
2020-06-27 23:15,34,13,21,0,0,0
2020-06-27 23:30,61,26,35,0,0,0
2020-06-27 23:45,51,11,40,0,0,0
2020-06-28 00:00,41,12,29,0,0,0
2020-06-28 00:15,43,11,32,0,0,0
2020-06-28 00:30,31,13,18,0,0,0
2020-06-28 00:45,28,22,6,0,0,0
2020-06-28 01:00,39,12,27,0,0,0
2020-06-28 01:15,31,11,20,0,0,0
2020-06-28 01:30,12,3,9,0,0,0
2020-06-28 01:45,27,14,13,0,0,0
2020-06-28 02:00,27,3,24,0,0,0
2020-06-28 02:15,25,6,19,0,0,0
2020-06-28 02:30,21,10,11,0,0,0
2020-06-28 02:45,7,2,5,0,0,0
2020-06-28 03:00,21,3,18,0,0,0
2020-06-28 03:15,13,5,8,0,0,0
2020-06-28 03:30,9,1,8,0,0,0
2020-06-28 03:45,15,5,10,0,0,0
2020-06-28 04:00,3,0,3,0,0,0
2020-06-28 04:15,2,1,1,0,0,0
2020-06-28 04:30,2,1,1,0,0,0
2020-06-28 04:45,7,1,6,0,0,0
2020-06-28 05:00,2,1,1,0,0,0
2020-06-28 05:15,5,1,4,0,0,0
2020-06-28 05:30,8,2,6,0,0,0
2020-06-28 05:45,7,2,5,0,0,0
2020-06-28 06:00,4,2,2,0,0,0
2020-06-28 06:15,6,5,1,0,0,0
2020-06-28 06:30,11,6,5,0,0,0
2020-06-28 06:45,7,3,4,0,0,0
2020-06-28 07:00,12,4,8,0,0,0
2020-06-28 07:15,3,1,2,0,0,0
2020-06-28 07:30,5,1,4,0,0,0
2020-06-28 07:45,7,4,3,0,0,0
2020-06-28 08:00,9,4,5,0,0,0
2020-06-28 08:15,9,5,4,0,0,0
2020-06-28 08:30,8,4,4,0,0,0
2020-06-28 08:45,16,9,7,0,0,0
2020-06-28 09:00,13,8,5,0,0,0
2020-06-28 09:15,25,10,15,0,0,0
2020-06-28 09:30,26,19,7,0,0,0
2020-06-28 09:45,35,18,17,0,0,0
2020-06-28 10:00,33,17,16,0,0,0
2020-06-28 10:15,28,15,13,0,0,0
2020-06-28 10:30,31,19,12,0,0,0
2020-06-28 10:45,30,17,13,0,0,0
2020-06-28 11:00,28,13,15,0,0,0
2020-06-28 11:15,33,12,21,0,0,0
2020-06-28 11:30,40,16,24,0,0,0
2020-06-28 11:45,35,17,18,0,0,0
2020-06-28 12:00,51,32,19,0,0,0
2020-06-28 12:15,39,14,25,0,0,0
2020-06-28 12:30,42,20,22,0,0,0
2020-06-28 12:45,67,34,33,0,0,0
2020-06-28 13:00,35,15,20,0,0,0
2020-06-28 13:15,46,23,23,0,0,0
2020-06-28 13:30,59,28,31,0,0,0
2020-06-28 13:45,68,43,25,0,0,0
2020-06-28 14:00,49,30,19,0,0,0
2020-06-28 14:15,71,38,33,0,0,0
2020-06-28 14:30,64,29,35,0,0,0
2020-06-28 14:45,77,41,36,0,0,0
2020-06-28 15:00,78,42,36,0,0,0
2020-06-28 15:15,77,38,39,0,0,0
2020-06-28 15:30,70,36,34,0,0,0
2020-06-28 15:45,85,42,43,0,0,0
2020-06-28 16:00,77,31,46,0,0,0
2020-06-28 16:15,72,30,42,0,0,0
2020-06-28 16:30,84,35,49,0,0,0
2020-06-28 16:45,91,42,49,0,0,0
2020-06-28 17:00,74,33,41,0,0,0
2020-06-28 17:15,96,36,60,0,0,0
2020-06-28 17:30,91,33,58,0,0,0
2020-06-28 17:45,93,49,44,0,0,0
2020-06-28 18:00,110,42,68,0,0,0
2020-06-28 18:15,86,42,44,0,0,0
2020-06-28 18:30,91,44,47,0,0,0
2020-06-28 18:45,89,36,53,0,0,0
2020-06-28 19:00,72,33,39,0,0,0
2020-06-28 19:15,75,35,40,0,0,0
2020-06-28 19:30,67,38,29,0,0,0
2020-06-28 19:45,76,23,53,0,0,0
2020-06-28 20:00,54,20,34,0,0,0
2020-06-28 20:15,42,12,30,0,0,0
2020-06-28 20:30,61,21,40,0,0,0
2020-06-28 20:45,37,17,20,0,0,0
2020-06-28 21:00,46,19,27,0,0,0
2020-06-28 21:15,50,21,29,0,0,0
2020-06-28 21:30,36,9,27,0,0,0
2020-06-28 21:45,30,9,21,0,0,0
2020-06-28 22:00,34,17,17,0,0,0
2020-06-28 22:15,37,10,27,0,0,0
2020-06-28 22:30,28,6,22,0,0,0
2020-06-28 22:45,15,4,11,0,0,0
2020-06-28 23:00,25,6,19,0,0,0
2020-06-28 23:15,13,3,10,0,0,0
2020-06-28 23:30,16,4,12,0,0,0
2020-06-28 23:45,7,1,6,0,0,0
2020-06-29 00:00,15,5,10,0,0,0
2020-06-29 00:15,8,4,4,0,0,0
2020-06-29 00:30,4,1,3,0,0,0
2020-06-29 00:45,6,1,5,0,0,0
2020-06-29 01:00,9,3,6,0,0,0
2020-06-29 01:15,4,2,2,0,0,0
2020-06-29 01:30,5,1,4,0,0,0
2020-06-29 01:45,3,0,3,0,0,0
2020-06-29 02:00,0,0,0,0,0,0
2020-06-29 02:15,4,0,4,0,0,0
2020-06-29 02:30,1,1,0,0,0,0
2020-06-29 02:45,4,0,4,0,0,0
2020-06-29 03:00,3,1,2,0,0,0
2020-06-29 03:15,0,0,0,0,0,0
2020-06-29 03:30,0,0,0,0,0,0
2020-06-29 03:45,3,2,1,0,0,0
2020-06-29 04:00,0,0,0,0,0,0
2020-06-29 04:15,2,1,1,0,0,0
2020-06-29 04:30,4,3,1,0,0,0
2020-06-29 04:45,3,1,2,0,0,0
2020-06-29 05:00,5,4,1,0,0,0
2020-06-29 05:15,8,7,1,0,0,0
2020-06-29 05:30,22,14,8,0,0,0
2020-06-29 05:45,24,17,7,0,0,0
2020-06-29 06:00,28,22,6,0,0,0
2020-06-29 06:15,38,24,14,0,0,0
2020-06-29 06:30,47,34,13,0,0,0
2020-06-29 06:45,71,51,20,0,0,0
2020-06-29 07:00,79,55,24,0,0,0
2020-06-29 07:15,96,62,34,0,0,0
2020-06-29 07:30,112,77,35,0,0,0
2020-06-29 07:45,147,102,45,0,0,0
2020-06-29 08:00,117,83,34,0,0,0
2020-06-29 08:15,113,72,41,0,0,0
2020-06-29 08:30,113,72,41,0,0,0
2020-06-29 08:45,112,72,40,0,0,0
2020-06-29 09:00,103,68,35,0,0,0
2020-06-29 09:15,107,65,42,0,0,0
2020-06-29 09:30,108,67,41,0,0,0
2020-06-29 09:45,126,80,46,0,0,0
2020-06-29 10:00,100,63,37,0,0,0
2020-06-29 10:15,95,58,37,0,0,0
2020-06-29 10:30,93,58,35,0,0,0
2020-06-29 10:45,146,78,68,0,0,0
2020-06-29 11:00,131,63,68,0,0,0
2020-06-29 11:15,141,74,67,0,0,0
2020-06-29 11:30,123,57,66,0,0,0
2020-06-29 11:45,137,79,58,0,0,0
2020-06-29 12:00,159,74,85,0,0,0
2020-06-29 12:15,131,52,79,0,0,0
2020-06-29 12:30,144,62,82,0,0,0
2020-06-29 12:45,167,79,88,0,0,0
2020-06-29 13:00,147,68,79,0,0,0
2020-06-29 13:15,145,62,83,0,0,0
2020-06-29 13:30,131,62,69,0,0,0
2020-06-29 13:45,147,62,85,0,0,0
2020-06-29 14:00,152,61,91,0,0,0
2020-06-29 14:15,157,77,80,0,0,0
2020-06-29 14:30,164,83,81,0,0,0
2020-06-29 14:45,170,91,79,0,0,0
2020-06-29 15:00,184,75,109,0,0,0
2020-06-29 15:15,189,100,89,0,0,0
2020-06-29 15:30,168,62,106,0,0,0
2020-06-29 15:45,187,82,105,0,0,0
2020-06-29 16:00,220,85,135,0,0,0
2020-06-29 16:15,189,80,109,0,0,0
2020-06-29 16:30,237,97,140,0,0,0
2020-06-29 16:45,202,86,116,0,0,0
2020-06-29 17:00,204,78,126,0,0,0
2020-06-29 17:15,229,89,140,0,0,0
2020-06-29 17:30,194,77,117,0,0,0
2020-06-29 17:45,192,83,109,0,0,0
2020-06-29 18:00,180,78,102,0,0,0
2020-06-29 18:15,174,56,118,0,0,0
2020-06-29 18:30,124,48,76,0,0,0
2020-06-29 18:45,169,66,103,0,0,0
2020-06-29 19:00,137,37,100,0,0,0
2020-06-29 19:15,156,53,103,0,0,0
2020-06-29 19:30,123,40,83,0,0,0
2020-06-29 19:45,107,53,54,0,0,0
2020-06-29 20:00,100,44,56,0,0,0
2020-06-29 20:15,89,33,56,0,0,0
2020-06-29 20:30,63,35,28,0,0,0
2020-06-29 20:45,51,26,25,0,0,0
2020-06-29 21:00,53,18,35,0,0,0
2020-06-29 21:15,47,16,31,0,0,0
2020-06-29 21:30,39,17,22,0,0,0
2020-06-29 21:45,43,19,24,0,0,0
2020-06-29 22:00,47,20,27,0,0,0
2020-06-29 22:15,47,20,27,0,0,0
2020-06-29 22:30,35,16,19,0,0,0
2020-06-29 22:45,20,7,13,0,0,0
2020-06-29 23:00,27,9,18,0,0,0
2020-06-29 23:15,18,8,10,0,0,0
2020-06-29 23:30,16,4,12,0,0,0
2020-06-29 23:45,12,7,5,0,0,0
2020-06-30 00:00,11,1,10,0,0,0
2020-06-30 00:15,15,11,4,0,0,0
2020-06-30 00:30,7,2,5,0,0,0
2020-06-30 00:45,9,3,6,0,0,0
2020-06-30 01:00,6,0,6,0,0,0
2020-06-30 01:15,6,3,3,0,0,0
2020-06-30 01:30,4,2,2,0,0,0
2020-06-30 01:45,0,0,0,0,0,0
2020-06-30 02:00,3,1,2,0,0,0
2020-06-30 02:15,3,0,3,0,0,0
2020-06-30 02:30,5,1,4,0,0,0
2020-06-30 02:45,3,0,3,0,0,0
2020-06-30 03:00,1,0,1,0,0,0
2020-06-30 03:15,0,0,0,0,0,0
2020-06-30 03:30,0,0,0,0,0,0
2020-06-30 03:45,1,1,0,0,0,0
2020-06-30 04:00,4,1,3,0,0,0
2020-06-30 04:15,5,3,2,0,0,0
2020-06-30 04:30,4,4,0,0,0,0
2020-06-30 04:45,10,4,6,0,0,0
2020-06-30 05:00,1,1,0,0,0,0
2020-06-30 05:15,13,9,4,0,0,0
2020-06-30 05:30,25,19,6,0,0,0
2020-06-30 05:45,24,20,4,0,0,0
2020-06-30 06:00,24,16,8,0,0,0
2020-06-30 06:15,41,31,10,0,0,0
2020-06-30 06:30,53,33,20,0,0,0
2020-06-30 06:45,73,49,24,0,0,0
2020-06-30 07:00,77,49,28,0,0,0
2020-06-30 07:15,85,58,27,0,0,0
2020-06-30 07:30,127,77,50,0,0,0
2020-06-30 07:45,120,89,31,0,0,0
2020-06-30 08:00,108,77,31,0,0,0
2020-06-30 08:15,145,96,49,0,0,0
2020-06-30 08:30,127,80,47,0,0,0
2020-06-30 08:45,158,103,55,0,0,0
2020-06-30 09:00,102,69,33,0,0,0
2020-06-30 09:15,97,61,36,0,0,0
2020-06-30 09:30,101,61,40,0,0,0
2020-06-30 09:45,120,70,50,0,0,0
2020-06-30 10:00,90,57,33,0,0,0
2020-06-30 10:15,83,51,32,0,0,0
2020-06-30 10:30,99,53,46,0,0,0
2020-06-30 10:45,127,65,62,0,0,0
2020-06-30 11:00,126,68,58,0,0,0
2020-06-30 11:15,113,54,59,0,0,0
2020-06-30 11:30,138,68,70,0,0,0
2020-06-30 11:45,161,94,67,0,0,0
2020-06-30 12:00,138,68,70,0,0,0
2020-06-30 12:15,141,75,66,0,0,0
2020-06-30 12:30,157,61,96,0,0,0
2020-06-30 12:45,155,77,78,0,0,0
2020-06-30 13:00,131,56,75,0,0,0
2020-06-30 13:15,140,73,67,0,0,0
2020-06-30 13:30,159,69,90,0,0,0
2020-06-30 13:45,123,69,54,0,0,0
2020-06-30 14:00,141,61,80,0,0,0
2020-06-30 14:15,154,73,81,0,0,0
2020-06-30 14:30,157,71,86,0,0,0
2020-06-30 14:45,188,87,101,0,0,0
2020-06-30 15:00,147,65,82,0,0,0
2020-06-30 15:15,151,75,76,0,0,0
2020-06-30 15:30,176,81,95,0,0,0
2020-06-30 15:45,198,86,112,0,0,0
2020-06-30 16:00,182,76,106,0,0,0
2020-06-30 16:15,225,101,124,0,0,0
2020-06-30 16:30,199,74,125,0,0,0
2020-06-30 16:45,236,106,130,0,0,0
2020-06-30 17:00,207,79,128,0,0,0
2020-06-30 17:15,203,83,120,0,0,0
2020-06-30 17:30,224,80,144,0,0,0
2020-06-30 17:45,176,81,95,0,0,0
2020-06-30 18:00,173,49,124,0,0,0
2020-06-30 18:15,183,65,118,0,0,0
2020-06-30 18:30,130,42,88,0,0,0
2020-06-30 18:45,156,65,91,0,0,0
2020-06-30 19:00,121,52,69,0,0,0
2020-06-30 19:15,134,46,88,0,0,0
2020-06-30 19:30,121,48,73,0,0,0
2020-06-30 19:45,122,58,64,0,0,0
2020-06-30 20:00,87,38,49,0,0,0
2020-06-30 20:15,76,34,42,0,0,0
2020-06-30 20:30,68,28,40,0,0,0
2020-06-30 20:45,40,19,21,0,0,0
2020-06-30 21:00,45,22,23,0,0,0
2020-06-30 21:15,46,16,30,0,0,0
2020-06-30 21:30,47,24,23,0,0,0
2020-06-30 21:45,45,18,27,0,0,0
2020-06-30 22:00,36,14,22,0,0,0
2020-06-30 22:15,50,26,24,0,0,0
2020-06-30 22:30,44,12,32,0,0,0
2020-06-30 22:45,27,14,13,0,0,0
2020-06-30 23:00,30,7,23,0,0,0
2020-06-30 23:15,41,7,34,0,0,0
2020-06-30 23:30,33,12,21,0,0,0
2020-06-30 23:45,16,6,10,0,0,0
