Datetime,100034980 (Hammer Straße),101034980 (Hammer Straße stadteinwärts),102034980 (Hammer Straße stadtauswärts),100034980-status,101034980-status,102034980-status
2021-06-01 00:00,13,5,8,0,0,0
2021-06-01 00:15,13,2,11,0,0,0
2021-06-01 00:30,7,4,3,0,0,0
2021-06-01 00:45,5,1,4,0,0,0
2021-06-01 01:00,1,0,1,0,0,0
2021-06-01 01:15,7,4,3,0,0,0
2021-06-01 01:30,4,2,2,0,0,0
2021-06-01 01:45,5,2,3,0,0,0
2021-06-01 02:00,0,0,0,0,0,0
2021-06-01 02:15,6,1,5,0,0,0
2021-06-01 02:30,1,1,0,0,0,0
2021-06-01 02:45,3,0,3,0,0,0
2021-06-01 03:00,0,0,0,0,0,0
2021-06-01 03:15,2,1,1,0,0,0
2021-06-01 03:30,3,0,3,0,0,0
2021-06-01 03:45,0,0,0,0,0,0
2021-06-01 04:00,1,1,0,0,0,0
2021-06-01 04:15,3,3,0,0,0,0
2021-06-01 04:30,1,1,0,0,0,0
2021-06-01 04:45,2,2,0,0,0,0
2021-06-01 05:00,11,8,3,0,0,0
2021-06-01 05:15,8,7,1,0,0,0
2021-06-01 05:30,15,12,3,0,0,0
2021-06-01 05:45,28,22,6,0,0,0
2021-06-01 06:00,26,16,10,0,0,0
2021-06-01 06:15,42,34,8,0,0,0
2021-06-01 06:30,46,32,14,0,0,0
2021-06-01 06:45,56,37,19,0,0,0
2021-06-01 07:00,71,40,31,0,0,0
2021-06-01 07:15,107,62,45,0,0,0
2021-06-01 07:30,167,122,45,0,0,0
2021-06-01 07:45,206,135,71,0,0,0
2021-06-01 08:00,162,92,70,0,0,0
2021-06-01 08:15,141,92,49,0,0,0
2021-06-01 08:30,141,90,51,0,0,0
2021-06-01 08:45,150,97,53,0,0,0
2021-06-01 09:00,97,61,36,0,0,0
2021-06-01 09:15,98,66,32,0,0,0
2021-06-01 09:30,101,67,34,0,0,0
2021-06-01 09:45,154,97,57,0,0,0
2021-06-01 10:00,94,55,39,0,0,0
2021-06-01 10:15,126,74,52,0,0,0
2021-06-01 10:30,135,77,58,0,0,0
2021-06-01 10:45,131,61,70,0,0,0
2021-06-01 11:00,115,53,62,0,0,0
2021-06-01 11:15,115,56,59,0,0,0
2021-06-01 11:30,132,65,67,0,0,0
2021-06-01 11:45,158,79,79,0,0,0
2021-06-01 12:00,157,74,83,0,0,0
2021-06-01 12:15,131,49,82,0,0,0
2021-06-01 12:30,117,38,79,0,0,0
2021-06-01 12:45,154,85,69,0,0,0
2021-06-01 13:00,180,77,103,0,0,0
2021-06-01 13:15,161,70,91,0,0,0
2021-06-01 13:30,166,66,100,0,0,0
2021-06-01 13:45,167,68,99,0,0,0
2021-06-01 14:00,161,78,83,0,0,0
2021-06-01 14:15,183,78,105,0,0,0
2021-06-01 14:30,167,77,90,0,0,0
2021-06-01 14:45,182,87,95,0,0,0
2021-06-01 15:00,191,78,113,0,0,0
2021-06-01 15:15,177,75,102,0,0,0
2021-06-01 15:30,180,81,99,0,0,0
2021-06-01 15:45,234,93,141,0,0,0
2021-06-01 16:00,207,88,119,0,0,0
2021-06-01 16:15,220,80,140,0,0,0
2021-06-01 16:30,208,86,122,0,0,0
2021-06-01 16:45,205,106,99,0,0,0
2021-06-01 17:00,223,99,124,0,0,0
2021-06-01 17:15,210,89,121,0,0,0
2021-06-01 17:30,210,86,124,0,0,0
2021-06-01 17:45,208,92,116,0,0,0
2021-06-01 18:00,209,80,129,0,0,0
2021-06-01 18:15,223,79,144,0,0,0
2021-06-01 18:30,184,79,105,0,0,0
2021-06-01 18:45,177,85,92,0,0,0
2021-06-01 19:00,189,61,128,0,0,0
2021-06-01 19:15,137,52,85,0,0,0
2021-06-01 19:30,116,43,73,0,0,0
2021-06-01 19:45,116,43,73,0,0,0
2021-06-01 20:00,109,64,45,0,0,0
2021-06-01 20:15,92,31,61,0,0,0
2021-06-01 20:30,76,28,48,0,0,0
2021-06-01 20:45,69,25,44,0,0,0
2021-06-01 21:00,63,22,41,0,0,0
2021-06-01 21:15,80,25,55,0,0,0
2021-06-01 21:30,47,15,32,0,0,0
2021-06-01 21:45,77,30,47,0,0,0
2021-06-01 22:00,56,20,36,0,0,0
2021-06-01 22:15,48,12,36,0,0,0
2021-06-01 22:30,59,17,42,0,0,0
2021-06-01 22:45,60,26,34,0,0,0
2021-06-01 23:00,42,19,23,0,0,0
2021-06-01 23:15,31,9,22,0,0,0
2021-06-01 23:30,23,4,19,0,0,0
2021-06-01 23:45,19,6,13,0,0,0
2021-06-02 00:00,10,0,10,0,0,0
2021-06-02 00:15,26,10,16,0,0,0
2021-06-02 00:30,16,7,9,0,0,0
2021-06-02 00:45,9,0,9,0,0,0
2021-06-02 01:00,7,5,2,0,0,0
2021-06-02 01:15,5,1,4,0,0,0
2021-06-02 01:30,5,0,5,0,0,0
2021-06-02 01:45,2,0,2,0,0,0
2021-06-02 02:00,8,1,7,0,0,0
2021-06-02 02:15,3,0,3,0,0,0
2021-06-02 02:30,2,1,1,0,0,0
2021-06-02 02:45,0,0,0,0,0,0
2021-06-02 03:00,1,0,1,0,0,0
2021-06-02 03:15,0,0,0,0,0,0
2021-06-02 03:30,2,2,0,0,0,0
2021-06-02 03:45,1,0,1,0,0,0
2021-06-02 04:00,2,1,1,0,0,0
2021-06-02 04:15,4,3,1,0,0,0
2021-06-02 04:30,5,4,1,0,0,0
2021-06-02 04:45,9,4,5,0,0,0
2021-06-02 05:00,10,8,2,0,0,0
2021-06-02 05:15,11,7,4,0,0,0
2021-06-02 05:30,17,13,4,0,0,0
2021-06-02 05:45,30,26,4,0,0,0
2021-06-02 06:00,23,17,6,0,0,0
2021-06-02 06:15,37,31,6,0,0,0
2021-06-02 06:30,53,35,18,0,0,0
2021-06-02 06:45,64,38,26,0,0,0
2021-06-02 07:00,74,45,29,0,0,0
2021-06-02 07:15,118,73,45,0,0,0
2021-06-02 07:30,144,96,48,0,0,0
2021-06-02 07:45,173,110,63,0,0,0
2021-06-02 08:00,161,102,59,0,0,0
2021-06-02 08:15,138,89,49,0,0,0
2021-06-02 08:30,122,78,44,0,0,0
2021-06-02 08:45,166,97,69,0,0,0
2021-06-02 09:00,119,73,46,0,0,0
2021-06-02 09:15,112,65,47,0,0,0
2021-06-02 09:30,147,108,39,0,0,0
2021-06-02 09:45,129,82,47,0,0,0
2021-06-02 10:00,150,87,63,0,0,0
2021-06-02 10:15,117,71,46,0,0,0
2021-06-02 10:30,124,61,63,0,0,0
2021-06-02 10:45,153,72,81,0,0,0
2021-06-02 11:00,153,92,61,0,0,0
2021-06-02 11:15,136,64,72,0,0,0
2021-06-02 11:30,125,61,64,0,0,0
2021-06-02 11:45,156,84,72,0,0,0
2021-06-02 12:00,171,85,86,0,0,0
2021-06-02 12:15,181,87,94,0,0,0
2021-06-02 12:30,173,78,95,0,0,0
2021-06-02 12:45,179,82,97,0,0,0
2021-06-02 13:00,150,59,91,0,0,0
2021-06-02 13:15,161,54,107,0,0,0
2021-06-02 13:30,179,77,102,0,0,0
2021-06-02 13:45,155,68,87,0,0,0
2021-06-02 14:00,167,71,96,0,0,0
2021-06-02 14:15,176,80,96,0,0,0
2021-06-02 14:30,198,83,115,0,0,0
2021-06-02 14:45,191,68,123,0,0,0
2021-06-02 15:00,169,73,96,0,0,0
2021-06-02 15:15,200,93,107,0,0,0
2021-06-02 15:30,181,77,104,0,0,0
2021-06-02 15:45,174,67,107,0,0,0
2021-06-02 16:00,196,51,145,0,0,0
2021-06-02 16:15,226,107,119,0,0,0
2021-06-02 16:30,229,82,147,0,0,0
2021-06-02 16:45,212,99,113,0,0,0
2021-06-02 17:00,195,89,106,0,0,0
2021-06-02 17:15,256,128,128,0,0,0
2021-06-02 17:30,218,96,122,0,0,0
2021-06-02 17:45,235,98,137,0,0,0
2021-06-02 18:00,221,81,140,0,0,0
2021-06-02 18:15,194,88,106,0,0,0
2021-06-02 18:30,207,91,116,0,0,0
2021-06-02 18:45,204,111,93,0,0,0
2021-06-02 19:00,153,59,94,0,0,0
2021-06-02 19:15,157,76,81,0,0,0
2021-06-02 19:30,153,66,87,0,0,0
2021-06-02 19:45,142,64,78,0,0,0
2021-06-02 20:00,114,48,66,0,0,0
2021-06-02 20:15,90,40,50,0,0,0
2021-06-02 20:30,90,32,58,0,0,0
2021-06-02 20:45,68,31,37,0,0,0
2021-06-02 21:00,83,42,41,0,0,0
2021-06-02 21:15,58,23,35,0,0,0
2021-06-02 21:30,70,25,45,0,0,0
2021-06-02 21:45,61,24,37,0,0,0
2021-06-02 22:00,64,30,34,0,0,0
2021-06-02 22:15,70,25,45,0,0,0
2021-06-02 22:30,61,18,43,0,0,0
2021-06-02 22:45,79,17,62,0,0,0
2021-06-02 23:00,83,16,67,0,0,0
2021-06-02 23:15,60,15,45,0,0,0
2021-06-02 23:30,57,29,28,0,0,0
2021-06-02 23:45,30,11,19,0,0,0
2021-06-03 00:00,66,18,48,0,0,0
2021-06-03 00:15,43,10,33,0,0,0
2021-06-03 00:30,45,19,26,0,0,0
2021-06-03 00:45,49,9,40,0,0,0
2021-06-03 01:00,23,10,13,0,0,0
2021-06-03 01:15,19,6,13,0,0,0
2021-06-03 01:30,33,14,19,0,0,0
2021-06-03 01:45,11,6,5,0,0,0
2021-06-03 02:00,19,3,16,0,0,0
2021-06-03 02:15,19,4,15,0,0,0
2021-06-03 02:30,23,3,20,0,0,0
2021-06-03 02:45,19,10,9,0,0,0
2021-06-03 03:00,16,3,13,0,0,0
2021-06-03 03:15,8,1,7,0,0,0
2021-06-03 03:30,12,3,9,0,0,0
2021-06-03 03:45,22,14,8,0,0,0
2021-06-03 04:00,10,2,8,0,0,0
2021-06-03 04:15,3,1,2,0,0,0
2021-06-03 04:30,8,1,7,0,0,0
2021-06-03 04:45,11,3,8,0,0,0
2021-06-03 05:00,7,3,4,0,0,0
2021-06-03 05:15,4,1,3,0,0,0
2021-06-03 05:30,6,3,3,0,0,0
2021-06-03 05:45,3,1,2,0,0,0
2021-06-03 06:00,5,2,3,0,0,0
2021-06-03 06:15,5,3,2,0,0,0
2021-06-03 06:30,9,5,4,0,0,0
2021-06-03 06:45,11,5,6,0,0,0
2021-06-03 07:00,2,1,1,0,0,0
2021-06-03 07:15,6,4,2,0,0,0
2021-06-03 07:30,13,9,4,0,0,0
2021-06-03 07:45,16,6,10,0,0,0
2021-06-03 08:00,10,5,5,0,0,0
2021-06-03 08:15,12,8,4,0,0,0
2021-06-03 08:30,15,8,7,0,0,0
2021-06-03 08:45,28,18,10,0,0,0
2021-06-03 09:00,22,14,8,0,0,0
2021-06-03 09:15,32,13,19,0,0,0
2021-06-03 09:30,36,23,13,0,0,0
2021-06-03 09:45,47,31,16,0,0,0
2021-06-03 10:00,59,33,26,0,0,0
2021-06-03 10:15,65,35,30,0,0,0
2021-06-03 10:30,73,33,40,0,0,0
2021-06-03 10:45,72,51,21,0,0,0
2021-06-03 11:00,83,47,36,0,0,0
2021-06-03 11:15,67,33,34,0,0,0
2021-06-03 11:30,67,31,36,0,0,0
2021-06-03 11:45,82,45,37,0,0,0
2021-06-03 12:00,76,40,36,0,0,0
2021-06-03 12:15,86,43,43,0,0,0
2021-06-03 12:30,76,39,37,0,0,0
2021-06-03 12:45,68,30,38,0,0,0
2021-06-03 13:00,72,35,37,0,0,0
2021-06-03 13:15,89,44,45,0,0,0
2021-06-03 13:30,83,42,41,0,0,0
2021-06-03 13:45,80,31,49,0,0,0
2021-06-03 14:00,85,41,44,0,0,0
2021-06-03 14:15,69,29,40,0,0,0
2021-06-03 14:30,83,38,45,0,0,0
2021-06-03 14:45,100,47,53,0,0,0
2021-06-03 15:00,84,45,39,0,0,0
2021-06-03 15:15,66,29,37,0,0,0
2021-06-03 15:30,85,34,51,0,0,0
2021-06-03 15:45,105,52,53,0,0,0
2021-06-03 16:00,66,36,30,0,0,0
2021-06-03 16:15,73,29,44,0,0,0
2021-06-03 16:30,67,28,39,0,0,0
2021-06-03 16:45,78,44,34,0,0,0
2021-06-03 17:00,73,35,38,0,0,0
2021-06-03 17:15,77,32,45,0,0,0
2021-06-03 17:30,82,38,44,0,0,0
2021-06-03 17:45,75,33,42,0,0,0
2021-06-03 18:00,81,37,44,0,0,0
2021-06-03 18:15,104,56,48,0,0,0
2021-06-03 18:30,54,18,36,0,0,0
2021-06-03 18:45,21,8,13,0,0,0
2021-06-03 19:00,23,6,17,0,0,0
2021-06-03 19:15,62,22,40,0,0,0
2021-06-03 19:30,41,25,16,0,0,0
2021-06-03 19:45,62,27,35,0,0,0
2021-06-03 20:00,50,19,31,0,0,0
2021-06-03 20:15,41,14,27,0,0,0
2021-06-03 20:30,48,18,30,0,0,0
2021-06-03 20:45,40,19,21,0,0,0
2021-06-03 21:00,28,11,17,0,0,0
2021-06-03 21:15,19,4,15,0,0,0
2021-06-03 21:30,31,11,20,0,0,0
2021-06-03 21:45,29,16,13,0,0,0
2021-06-03 22:00,20,11,9,0,0,0
2021-06-03 22:15,41,18,23,0,0,0
2021-06-03 22:30,34,18,16,0,0,0
2021-06-03 22:45,32,10,22,0,0,0
2021-06-03 23:00,25,5,20,0,0,0
2021-06-03 23:15,16,5,11,0,0,0
2021-06-03 23:30,18,4,14,0,0,0
2021-06-03 23:45,8,5,3,0,0,0
2021-06-04 00:00,14,8,6,0,0,0
2021-06-04 00:15,9,4,5,0,0,0
2021-06-04 00:30,5,3,2,0,0,0
2021-06-04 00:45,8,2,6,0,0,0
2021-06-04 01:00,4,2,2,0,0,0
2021-06-04 01:15,5,2,3,0,0,0
2021-06-04 01:30,8,3,5,0,0,0
2021-06-04 01:45,4,2,2,0,0,0
2021-06-04 02:00,3,3,0,0,0,0
2021-06-04 02:15,2,2,0,0,0,0
2021-06-04 02:30,0,0,0,0,0,0
2021-06-04 02:45,1,0,1,0,0,0
2021-06-04 03:00,0,0,0,0,0,0
2021-06-04 03:15,2,1,1,0,0,0
2021-06-04 03:30,0,0,0,0,0,0
2021-06-04 03:45,2,0,2,0,0,0
2021-06-04 04:00,3,2,1,0,0,0
2021-06-04 04:15,1,1,0,0,0,0
2021-06-04 04:30,1,0,1,0,0,0
2021-06-04 04:45,3,2,1,0,0,0
2021-06-04 05:00,2,2,0,0,0,0
2021-06-04 05:15,4,3,1,0,0,0
2021-06-04 05:30,15,8,7,0,0,0
2021-06-04 05:45,16,15,1,0,0,0
2021-06-04 06:00,19,14,5,0,0,0
2021-06-04 06:15,15,13,2,0,0,0
2021-06-04 06:30,25,15,10,0,0,0
2021-06-04 06:45,37,28,9,0,0,0
2021-06-04 07:00,38,20,18,0,0,0
2021-06-04 07:15,59,43,16,0,0,0
2021-06-04 07:30,74,45,29,0,0,0
2021-06-04 07:45,103,71,32,0,0,0
2021-06-04 08:00,83,43,40,0,0,0
2021-06-04 08:15,93,60,33,0,0,0
2021-06-04 08:30,98,62,36,0,0,0
2021-06-04 08:45,97,67,30,0,0,0
2021-06-04 09:00,79,54,25,0,0,0
2021-06-04 09:15,91,54,37,0,0,0
2021-06-04 09:30,105,69,36,0,0,0
2021-06-04 09:45,142,96,46,0,0,0
2021-06-04 10:00,122,91,31,0,0,0
2021-06-04 10:15,142,92,50,0,0,0
2021-06-04 10:30,135,68,67,0,0,0
2021-06-04 10:45,137,76,61,0,0,0
2021-06-04 11:00,132,64,68,0,0,0
2021-06-04 11:15,165,76,89,0,0,0
2021-06-04 11:30,156,74,82,0,0,0
2021-06-04 11:45,160,72,88,0,0,0
2021-06-04 12:00,165,73,92,0,0,0
2021-06-04 12:15,195,75,120,0,0,0
2021-06-04 12:30,150,65,85,0,0,0
2021-06-04 12:45,165,62,103,0,0,0
2021-06-04 13:00,152,72,80,0,0,0
2021-06-04 13:15,201,81,120,0,0,0
2021-06-04 13:30,191,83,108,0,0,0
2021-06-04 13:45,173,72,101,0,0,0
2021-06-04 14:00,176,66,110,0,0,0
2021-06-04 14:15,174,88,86,0,0,0
2021-06-04 14:30,164,79,85,0,0,0
2021-06-04 14:45,166,69,97,0,0,0
2021-06-04 15:00,172,72,100,0,0,0
2021-06-04 15:15,188,83,105,0,0,0
2021-06-04 15:30,174,68,106,0,0,0
2021-06-04 15:45,202,101,101,0,0,0
2021-06-04 16:00,186,84,102,0,0,0
2021-06-04 16:15,180,82,98,0,0,0
2021-06-04 16:30,170,74,96,0,0,0
2021-06-04 16:45,168,76,92,0,0,0
2021-06-04 17:00,192,77,115,0,0,0
2021-06-04 17:15,184,83,101,0,0,0
2021-06-04 17:30,187,79,108,0,0,0
2021-06-04 17:45,185,82,103,0,0,0
2021-06-04 18:00,152,55,97,0,0,0
2021-06-04 18:15,149,60,89,0,0,0
2021-06-04 18:30,150,73,77,0,0,0
2021-06-04 18:45,118,46,72,0,0,0
2021-06-04 19:00,147,62,85,0,0,0
2021-06-04 19:15,149,63,86,0,0,0
2021-06-04 19:30,140,61,79,0,0,0
2021-06-04 19:45,111,43,68,0,0,0
2021-06-04 20:00,97,28,69,0,0,0
2021-06-04 20:15,76,29,47,0,0,0
2021-06-04 20:30,63,20,43,0,0,0
2021-06-04 20:45,77,36,41,0,0,0
2021-06-04 21:00,60,14,46,0,0,0
2021-06-04 21:15,63,30,33,0,0,0
2021-06-04 21:30,58,23,35,0,0,0
2021-06-04 21:45,53,23,30,0,0,0
2021-06-04 22:00,58,26,32,0,0,0
2021-06-04 22:15,43,17,26,0,0,0
2021-06-04 22:30,61,21,40,0,0,0
2021-06-04 22:45,43,20,23,0,0,0
2021-06-04 23:00,52,23,29,0,0,0
2021-06-04 23:15,31,8,23,0,0,0
2021-06-04 23:30,42,22,20,0,0,0
2021-06-04 23:45,40,8,32,0,0,0
2021-06-05 00:00,33,10,23,0,0,0
2021-06-05 00:15,33,12,21,0,0,0
2021-06-05 00:30,35,11,24,0,0,0
2021-06-05 00:45,28,5,23,0,0,0
2021-06-05 01:00,24,3,21,0,0,0
2021-06-05 01:15,24,6,18,0,0,0
2021-06-05 01:30,24,9,15,0,0,0
2021-06-05 01:45,11,4,7,0,0,0
2021-06-05 02:00,17,4,13,0,0,0
2021-06-05 02:15,15,4,11,0,0,0
2021-06-05 02:30,6,0,6,0,0,0
2021-06-05 02:45,14,4,10,0,0,0
2021-06-05 03:00,15,8,7,0,0,0
2021-06-05 03:15,4,0,4,0,0,0
2021-06-05 03:30,8,3,5,0,0,0
2021-06-05 03:45,6,1,5,0,0,0
2021-06-05 04:00,8,3,5,0,0,0
2021-06-05 04:15,6,2,4,0,0,0
2021-06-05 04:30,2,0,2,0,0,0
2021-06-05 04:45,4,0,4,0,0,0
2021-06-05 05:00,7,3,4,0,0,0
2021-06-05 05:15,11,4,7,0,0,0
2021-06-05 05:30,6,2,4,0,0,0
2021-06-05 05:45,9,6,3,0,0,0
2021-06-05 06:00,7,4,3,0,0,0
2021-06-05 06:15,7,4,3,0,0,0
2021-06-05 06:30,8,7,1,0,0,0
2021-06-05 06:45,9,7,2,0,0,0
2021-06-05 07:00,12,8,4,0,0,0
2021-06-05 07:15,14,7,7,0,0,0
2021-06-05 07:30,27,21,6,0,0,0
2021-06-05 07:45,29,17,12,0,0,0
2021-06-05 08:00,42,23,19,0,0,0
2021-06-05 08:15,45,24,21,0,0,0
2021-06-05 08:30,42,28,14,0,0,0
2021-06-05 08:45,64,38,26,0,0,0
2021-06-05 09:00,58,32,26,0,0,0
2021-06-05 09:15,90,57,33,0,0,0
2021-06-05 09:30,108,64,44,0,0,0
2021-06-05 09:45,92,72,20,0,0,0
2021-06-05 10:00,108,69,39,0,0,0
2021-06-05 10:15,134,76,58,0,0,0
2021-06-05 10:30,108,68,40,0,0,0
2021-06-05 10:45,120,71,49,0,0,0
2021-06-05 11:00,133,59,74,0,0,0
2021-06-05 11:15,110,57,53,0,0,0
2021-06-05 11:30,122,62,60,0,0,0
2021-06-05 11:45,163,81,82,0,0,0
2021-06-05 12:00,144,79,65,0,0,0
2021-06-05 12:15,147,77,70,0,0,0
2021-06-05 12:30,151,66,85,0,0,0
2021-06-05 12:45,162,75,87,0,0,0
2021-06-05 13:00,149,74,75,0,0,0
2021-06-05 13:15,155,58,97,0,0,0
2021-06-05 13:30,147,65,82,0,0,0
2021-06-05 13:45,155,79,76,0,0,0
2021-06-05 14:00,124,58,66,0,0,0
2021-06-05 14:15,119,56,63,0,0,0
2021-06-05 14:30,129,60,69,0,0,0
2021-06-05 14:45,128,54,74,0,0,0
2021-06-05 15:00,154,62,92,0,0,0
2021-06-05 15:15,114,49,65,0,0,0
2021-06-05 15:30,62,19,43,0,0,0
2021-06-05 15:45,83,29,54,0,0,0
2021-06-05 16:00,120,57,63,0,0,0
2021-06-05 16:15,99,53,46,0,0,0
2021-06-05 16:30,95,37,58,0,0,0
2021-06-05 16:45,131,56,75,0,0,0
2021-06-05 17:00,114,56,58,0,0,0
2021-06-05 17:15,94,42,52,0,0,0
2021-06-05 17:30,117,50,67,0,0,0
2021-06-05 17:45,105,45,60,0,0,0
2021-06-05 18:00,117,40,77,0,0,0
2021-06-05 18:15,112,51,61,0,0,0
2021-06-05 18:30,90,39,51,0,0,0
2021-06-05 18:45,101,56,45,0,0,0
2021-06-05 19:00,88,30,58,0,0,0
2021-06-05 19:15,85,28,57,0,0,0
2021-06-05 19:30,69,29,40,0,0,0
2021-06-05 19:45,98,44,54,0,0,0
2021-06-05 20:00,90,25,65,0,0,0
2021-06-05 20:15,60,28,32,0,0,0
2021-06-05 20:30,68,35,33,0,0,0
2021-06-05 20:45,45,22,23,0,0,0
2021-06-05 21:00,63,31,32,0,0,0
2021-06-05 21:15,28,8,20,0,0,0
2021-06-05 21:30,27,8,19,0,0,0
2021-06-05 21:45,47,18,29,0,0,0
2021-06-05 22:00,38,15,23,0,0,0
2021-06-05 22:15,41,18,23,0,0,0
2021-06-05 22:30,50,24,26,0,0,0
2021-06-05 22:45,32,7,25,0,0,0
2021-06-05 23:00,31,8,23,0,0,0
2021-06-05 23:15,34,14,20,0,0,0
2021-06-05 23:30,34,9,25,0,0,0
2021-06-05 23:45,30,13,17,0,0,0
2021-06-06 00:00,35,15,20,0,0,0
2021-06-06 00:15,35,14,21,0,0,0
2021-06-06 00:30,26,3,23,0,0,0
2021-06-06 00:45,9,3,6,0,0,0
2021-06-06 01:00,28,12,16,0,0,0
2021-06-06 01:15,24,3,21,0,0,0
2021-06-06 01:30,19,9,10,0,0,0
2021-06-06 01:45,20,5,15,0,0,0
2021-06-06 02:00,16,9,7,0,0,0
2021-06-06 02:15,17,2,15,0,0,0
2021-06-06 02:30,25,3,22,0,0,0
2021-06-06 02:45,16,8,8,0,0,0
2021-06-06 03:00,16,3,13,0,0,0
2021-06-06 03:15,9,5,4,0,0,0
2021-06-06 03:30,12,5,7,0,0,0
2021-06-06 03:45,8,2,6,0,0,0
2021-06-06 04:00,6,3,3,0,0,0
2021-06-06 04:15,4,4,0,0,0,0
2021-06-06 04:30,1,1,0,0,0,0
2021-06-06 04:45,6,2,4,0,0,0
2021-06-06 05:00,5,1,4,0,0,0
2021-06-06 05:15,5,0,5,0,0,0
2021-06-06 05:30,5,4,1,0,0,0
2021-06-06 05:45,3,2,1,0,0,0
2021-06-06 06:00,4,2,2,0,0,0
2021-06-06 06:15,6,1,5,0,0,0
2021-06-06 06:30,5,2,3,0,0,0
2021-06-06 06:45,2,2,0,0,0,0
2021-06-06 07:00,4,1,3,0,0,0
2021-06-06 07:15,4,3,1,0,0,0
2021-06-06 07:30,5,2,3,0,0,0
2021-06-06 07:45,13,8,5,0,0,0
2021-06-06 08:00,9,6,3,0,0,0
2021-06-06 08:15,12,6,6,0,0,0
2021-06-06 08:30,7,5,2,0,0,0
2021-06-06 08:45,27,19,8,0,0,0
2021-06-06 09:00,26,12,14,0,0,0
2021-06-06 09:15,12,2,10,0,0,0
2021-06-06 09:30,16,10,6,0,0,0
2021-06-06 09:45,35,23,12,0,0,0
2021-06-06 10:00,35,20,15,0,0,0
2021-06-06 10:15,25,11,14,0,0,0
2021-06-06 10:30,36,14,22,0,0,0
2021-06-06 10:45,40,19,21,0,0,0
2021-06-06 11:00,35,15,20,0,0,0
2021-06-06 11:15,45,24,21,0,0,0
2021-06-06 11:30,66,38,28,0,0,0
2021-06-06 11:45,45,19,26,0,0,0
2021-06-06 12:00,65,34,31,0,0,0
2021-06-06 12:15,64,29,35,0,0,0
2021-06-06 12:30,63,34,29,0,0,0
2021-06-06 12:45,60,31,29,0,0,0
2021-06-06 13:00,70,42,28,0,0,0
2021-06-06 13:15,68,33,35,0,0,0
2021-06-06 13:30,61,41,20,0,0,0
2021-06-06 13:45,75,33,42,0,0,0
2021-06-06 14:00,83,46,37,0,0,0
2021-06-06 14:15,79,38,41,0,0,0
2021-06-06 14:30,86,34,52,0,0,0
2021-06-06 14:45,101,52,49,0,0,0
2021-06-06 15:00,65,19,46,0,0,0
2021-06-06 15:15,80,39,41,0,0,0
2021-06-06 15:30,85,35,50,0,0,0
2021-06-06 15:45,85,34,51,0,0,0
2021-06-06 16:00,80,36,44,0,0,0
2021-06-06 16:15,86,34,52,0,0,0
2021-06-06 16:30,87,40,47,0,0,0
2021-06-06 16:45,91,47,44,0,0,0
2021-06-06 17:00,84,38,46,0,0,0
2021-06-06 17:15,110,49,61,0,0,0
2021-06-06 17:30,97,47,50,0,0,0
2021-06-06 17:45,124,46,78,0,0,0
2021-06-06 18:00,65,19,46,0,0,0
2021-06-06 18:15,58,26,32,0,0,0
2021-06-06 18:30,67,33,34,0,0,0
2021-06-06 18:45,52,21,31,0,0,0
2021-06-06 19:00,68,28,40,0,0,0
2021-06-06 19:15,63,29,34,0,0,0
2021-06-06 19:30,53,23,30,0,0,0
2021-06-06 19:45,49,26,23,0,0,0
2021-06-06 20:00,40,19,21,0,0,0
2021-06-06 20:15,39,14,25,0,0,0
2021-06-06 20:30,47,17,30,0,0,0
2021-06-06 20:45,55,17,38,0,0,0
2021-06-06 21:00,41,11,30,0,0,0
2021-06-06 21:15,34,11,23,0,0,0
2021-06-06 21:30,26,4,22,0,0,0
2021-06-06 21:45,21,5,16,0,0,0
2021-06-06 22:00,20,5,15,0,0,0
2021-06-06 22:15,12,3,9,0,0,0
2021-06-06 22:30,13,8,5,0,0,0
2021-06-06 22:45,18,5,13,0,0,0
2021-06-06 23:00,21,11,10,0,0,0
2021-06-06 23:15,11,4,7,0,0,0
2021-06-06 23:30,10,2,8,0,0,0
2021-06-06 23:45,4,3,1,0,0,0
2021-06-07 00:00,10,7,3,0,0,0
2021-06-07 00:15,7,6,1,0,0,0
2021-06-07 00:30,2,0,2,0,0,0
2021-06-07 00:45,1,0,1,0,0,0
2021-06-07 01:00,4,2,2,0,0,0
2021-06-07 01:15,0,0,0,0,0,0
2021-06-07 01:30,1,0,1,0,0,0
2021-06-07 01:45,5,2,3,0,0,0
2021-06-07 02:00,0,0,0,0,0,0
2021-06-07 02:15,3,0,3,0,0,0
2021-06-07 02:30,0,0,0,0,0,0
2021-06-07 02:45,1,0,1,0,0,0
2021-06-07 03:00,0,0,0,0,0,0
2021-06-07 03:15,0,0,0,0,0,0
2021-06-07 03:30,1,0,1,0,0,0
2021-06-07 03:45,0,0,0,0,0,0
2021-06-07 04:00,1,1,0,0,0,0
2021-06-07 04:15,1,1,0,0,0,0
2021-06-07 04:30,2,1,1,0,0,0
2021-06-07 04:45,4,4,0,0,0,0
2021-06-07 05:00,2,2,0,0,0,0
2021-06-07 05:15,4,2,2,0,0,0
2021-06-07 05:30,21,18,3,0,0,0
2021-06-07 05:45,22,18,4,0,0,0
2021-06-07 06:00,23,16,7,0,0,0
2021-06-07 06:15,40,32,8,0,0,0
2021-06-07 06:30,41,26,15,0,0,0
2021-06-07 06:45,73,54,19,0,0,0
2021-06-07 07:00,74,45,29,0,0,0
2021-06-07 07:15,108,74,34,0,0,0
2021-06-07 07:30,144,95,49,0,0,0
2021-06-07 07:45,179,118,61,0,0,0
2021-06-07 08:00,146,96,50,0,0,0
2021-06-07 08:15,140,85,55,0,0,0
2021-06-07 08:30,110,68,42,0,0,0
2021-06-07 08:45,136,86,50,0,0,0
2021-06-07 09:00,97,66,31,0,0,0
2021-06-07 09:15,107,72,35,0,0,0
2021-06-07 09:30,111,74,37,0,0,0
2021-06-07 09:45,109,73,36,0,0,0
2021-06-07 10:00,98,45,53,0,0,0
2021-06-07 10:15,96,51,45,0,0,0
2021-06-07 10:30,109,56,53,0,0,0
2021-06-07 10:45,94,50,44,0,0,0
2021-06-07 11:00,108,59,49,0,0,0
2021-06-07 11:15,118,49,69,0,0,0
2021-06-07 11:30,115,56,59,0,0,0
2021-06-07 11:45,140,66,74,0,0,0
2021-06-07 12:00,127,53,74,0,0,0
2021-06-07 12:15,124,50,74,0,0,0
2021-06-07 12:30,133,64,69,0,0,0
2021-06-07 12:45,114,48,66,0,0,0
2021-06-07 13:00,139,62,77,0,0,0
2021-06-07 13:15,151,54,97,0,0,0
2021-06-07 13:30,140,57,83,0,0,0
2021-06-07 13:45,135,58,77,0,0,0
2021-06-07 14:00,139,48,91,0,0,0
2021-06-07 14:15,169,76,93,0,0,0
2021-06-07 14:30,142,67,75,0,0,0
2021-06-07 14:45,176,79,97,0,0,0
2021-06-07 15:00,154,51,103,0,0,0
2021-06-07 15:15,134,64,70,0,0,0
2021-06-07 15:30,159,75,84,0,0,0
2021-06-07 15:45,182,83,99,0,0,0
2021-06-07 16:00,195,76,119,0,0,0
2021-06-07 16:15,195,84,111,0,0,0
2021-06-07 16:30,198,73,125,0,0,0
2021-06-07 16:45,213,71,142,0,0,0
2021-06-07 17:00,228,83,145,0,0,0
2021-06-07 17:15,197,77,120,0,0,0
2021-06-07 17:30,162,68,94,0,0,0
2021-06-07 17:45,202,76,126,0,0,0
2021-06-07 18:00,170,61,109,0,0,0
2021-06-07 18:15,180,64,116,0,0,0
2021-06-07 18:30,156,57,99,0,0,0
2021-06-07 18:45,136,56,80,0,0,0
2021-06-07 19:00,129,43,86,0,0,0
2021-06-07 19:15,126,42,84,0,0,0
2021-06-07 19:30,97,33,64,0,0,0
2021-06-07 19:45,98,37,61,0,0,0
2021-06-07 20:00,115,42,73,0,0,0
2021-06-07 20:15,70,29,41,0,0,0
2021-06-07 20:30,63,22,41,0,0,0
2021-06-07 20:45,51,20,31,0,0,0
2021-06-07 21:00,56,24,32,0,0,0
2021-06-07 21:15,44,19,25,0,0,0
2021-06-07 21:30,35,10,25,0,0,0
2021-06-07 21:45,23,12,11,0,0,0
2021-06-07 22:00,51,12,39,0,0,0
2021-06-07 22:15,27,5,22,0,0,0
2021-06-07 22:30,24,9,15,0,0,0
2021-06-07 22:45,27,4,23,0,0,0
2021-06-07 23:00,29,6,23,0,0,0
2021-06-07 23:15,24,14,10,0,0,0
2021-06-07 23:30,24,12,12,0,0,0
2021-06-07 23:45,19,9,10,0,0,0
2021-06-08 00:00,12,4,8,0,0,0
2021-06-08 00:15,13,3,10,0,0,0
2021-06-08 00:30,6,1,5,0,0,0
2021-06-08 00:45,3,1,2,0,0,0
2021-06-08 01:00,3,2,1,0,0,0
2021-06-08 01:15,3,1,2,0,0,0
2021-06-08 01:30,2,1,1,0,0,0
2021-06-08 01:45,7,1,6,0,0,0
2021-06-08 02:00,0,0,0,0,0,0
2021-06-08 02:15,0,0,0,0,0,0
2021-06-08 02:30,0,0,0,0,0,0
2021-06-08 02:45,2,0,2,0,0,0
2021-06-08 03:00,1,1,0,0,0,0
2021-06-08 03:15,1,0,1,0,0,0
2021-06-08 03:30,4,3,1,0,0,0
2021-06-08 03:45,1,0,1,0,0,0
2021-06-08 04:00,2,1,1,0,0,0
2021-06-08 04:15,0,0,0,0,0,0
2021-06-08 04:30,1,1,0,0,0,0
2021-06-08 04:45,4,4,0,0,0,0
2021-06-08 05:00,5,4,1,0,0,0
2021-06-08 05:15,11,3,8,0,0,0
2021-06-08 05:30,24,19,5,0,0,0
2021-06-08 05:45,25,18,7,0,0,0
2021-06-08 06:00,32,26,6,0,0,0
2021-06-08 06:15,46,36,10,0,0,0
2021-06-08 06:30,55,36,19,0,0,0
2021-06-08 06:45,69,48,21,0,0,0
2021-06-08 07:00,72,38,34,0,0,0
2021-06-08 07:15,111,69,42,0,0,0
2021-06-08 07:30,167,112,55,0,0,0
2021-06-08 07:45,181,117,64,0,0,0
2021-06-08 08:00,167,100,67,0,0,0
2021-06-08 08:15,147,93,54,0,0,0
2021-06-08 08:30,110,70,40,0,0,0
2021-06-08 08:45,114,84,30,0,0,0
2021-06-08 09:00,88,59,29,0,0,0
2021-06-08 09:15,92,64,28,0,0,0
2021-06-08 09:30,112,69,43,0,0,0
2021-06-08 09:45,119,65,54,0,0,0
2021-06-08 10:00,99,55,44,0,0,0
2021-06-08 10:15,113,63,50,0,0,0
2021-06-08 10:30,121,78,43,0,0,0
2021-06-08 10:45,115,62,53,0,0,0
2021-06-08 11:00,126,56,70,0,0,0
2021-06-08 11:15,123,59,64,0,0,0
2021-06-08 11:30,111,50,61,0,0,0
2021-06-08 11:45,151,75,76,0,0,0
2021-06-08 12:00,126,62,64,0,0,0
2021-06-08 12:15,133,58,75,0,0,0
2021-06-08 12:30,121,50,71,0,0,0
2021-06-08 12:45,164,80,84,0,0,0
2021-06-08 13:00,153,65,88,0,0,0
2021-06-08 13:15,164,59,105,0,0,0
2021-06-08 13:30,163,75,88,0,0,0
2021-06-08 13:45,160,79,81,0,0,0
2021-06-08 14:00,147,66,81,0,0,0
2021-06-08 14:15,158,59,99,0,0,0
2021-06-08 14:30,160,80,80,0,0,0
2021-06-08 14:45,195,89,106,0,0,0
2021-06-08 15:00,161,69,92,0,0,0
2021-06-08 15:15,167,79,88,0,0,0
2021-06-08 15:30,154,69,85,0,0,0
2021-06-08 15:45,196,76,120,0,0,0
2021-06-08 16:00,206,81,125,0,0,0
2021-06-08 16:15,196,73,123,0,0,0
2021-06-08 16:30,216,78,138,0,0,0
2021-06-08 16:45,201,87,114,0,0,0
2021-06-08 17:00,228,88,140,0,0,0
2021-06-08 17:15,213,98,115,0,0,0
2021-06-08 17:30,213,74,139,0,0,0
2021-06-08 17:45,224,87,137,0,0,0
2021-06-08 18:00,203,68,135,0,0,0
2021-06-08 18:15,190,72,118,0,0,0
2021-06-08 18:30,175,70,105,0,0,0
2021-06-08 18:45,161,59,102,0,0,0
2021-06-08 19:00,150,56,94,0,0,0
2021-06-08 19:15,159,61,98,0,0,0
2021-06-08 19:30,114,39,75,0,0,0
2021-06-08 19:45,130,50,80,0,0,0
2021-06-08 20:00,124,33,91,0,0,0
2021-06-08 20:15,101,47,54,0,0,0
2021-06-08 20:30,69,28,41,0,0,0
2021-06-08 20:45,75,29,46,0,0,0
2021-06-08 21:00,92,34,58,0,0,0
2021-06-08 21:15,50,18,32,0,0,0
2021-06-08 21:30,47,14,33,0,0,0
2021-06-08 21:45,71,29,42,0,0,0
2021-06-08 22:00,68,20,48,0,0,0
2021-06-08 22:15,43,20,23,0,0,0
2021-06-08 22:30,50,10,40,0,0,0
2021-06-08 22:45,22,7,15,0,0,0
2021-06-08 23:00,33,10,23,0,0,0
2021-06-08 23:15,45,16,29,0,0,0
2021-06-08 23:30,27,9,18,0,0,0
2021-06-08 23:45,15,6,9,0,0,0
2021-06-09 00:00,8,5,3,0,0,0
2021-06-09 00:15,13,6,7,0,0,0
2021-06-09 00:30,14,7,7,0,0,0
2021-06-09 00:45,16,7,9,0,0,0
2021-06-09 01:00,6,1,5,0,0,0
2021-06-09 01:15,6,1,5,0,0,0
2021-06-09 01:30,3,1,2,0,0,0
2021-06-09 01:45,0,0,0,0,0,0
2021-06-09 02:00,1,0,1,0,0,0
2021-06-09 02:15,3,0,3,0,0,0
2021-06-09 02:30,1,0,1,0,0,0
2021-06-09 02:45,2,0,2,0,0,0
2021-06-09 03:00,2,0,2,0,0,0
2021-06-09 03:15,1,0,1,0,0,0
2021-06-09 03:30,2,0,2,0,0,0
2021-06-09 03:45,0,0,0,0,0,0
2021-06-09 04:00,0,0,0,0,0,0
2021-06-09 04:15,3,3,0,0,0,0
2021-06-09 04:30,6,4,2,0,0,0
2021-06-09 04:45,2,2,0,0,0,0
2021-06-09 05:00,3,3,0,0,0,0
2021-06-09 05:15,11,6,5,0,0,0
2021-06-09 05:30,25,18,7,0,0,0
2021-06-09 05:45,36,25,11,0,0,0
2021-06-09 06:00,32,19,13,0,0,0
2021-06-09 06:15,34,29,5,0,0,0
2021-06-09 06:30,48,34,14,0,0,0
2021-06-09 06:45,62,45,17,0,0,0
2021-06-09 07:00,89,56,33,0,0,0
2021-06-09 07:15,98,61,37,0,0,0
2021-06-09 07:30,147,84,63,0,0,0
2021-06-09 07:45,184,113,71,0,0,0
2021-06-09 08:00,167,96,71,0,0,0
2021-06-09 08:15,153,106,47,0,0,0
2021-06-09 08:30,128,86,42,0,0,0
2021-06-09 08:45,141,80,61,0,0,0
2021-06-09 09:00,118,61,57,0,0,0
2021-06-09 09:15,115,78,37,0,0,0
2021-06-09 09:30,131,91,40,0,0,0
2021-06-09 09:45,127,85,42,0,0,0
2021-06-09 10:00,140,84,56,0,0,0
2021-06-09 10:15,138,80,58,0,0,0
2021-06-09 10:30,129,72,57,0,0,0
2021-06-09 10:45,139,80,59,0,0,0
2021-06-09 11:00,132,57,75,0,0,0
2021-06-09 11:15,150,81,69,0,0,0
2021-06-09 11:30,147,89,58,0,0,0
2021-06-09 11:45,184,85,99,0,0,0
2021-06-09 12:00,170,62,108,0,0,0
2021-06-09 12:15,191,89,102,0,0,0
2021-06-09 12:30,156,69,87,0,0,0
2021-06-09 12:45,174,69,105,0,0,0
2021-06-09 13:00,164,68,96,0,0,0
2021-06-09 13:15,167,57,110,0,0,0
2021-06-09 13:30,143,65,78,0,0,0
2021-06-09 13:45,184,60,124,0,0,0
2021-06-09 14:00,146,48,98,0,0,0
2021-06-09 14:15,155,47,108,0,0,0
2021-06-09 14:30,153,72,81,0,0,0
2021-06-09 14:45,173,71,102,0,0,0
2021-06-09 15:00,138,43,95,0,0,0
2021-06-09 15:15,158,63,95,0,0,0
2021-06-09 15:30,176,68,108,0,0,0
2021-06-09 15:45,217,72,145,0,0,0
2021-06-09 16:00,205,85,120,0,0,0
2021-06-09 16:15,209,90,119,0,0,0
2021-06-09 16:30,199,83,116,0,0,0
2021-06-09 16:45,234,106,128,0,0,0
2021-06-09 17:00,187,77,110,0,0,0
2021-06-09 17:15,259,123,136,0,0,0
2021-06-09 17:30,180,73,107,0,0,0
2021-06-09 17:45,193,80,113,0,0,0
2021-06-09 18:00,194,58,136,0,0,0
2021-06-09 18:15,212,98,114,0,0,0
2021-06-09 18:30,164,66,98,0,0,0
2021-06-09 18:45,162,68,94,0,0,0
2021-06-09 19:00,148,60,88,0,0,0
2021-06-09 19:15,176,69,107,0,0,0
2021-06-09 19:30,129,46,83,0,0,0
2021-06-09 19:45,110,49,61,0,0,0
2021-06-09 20:00,109,29,80,0,0,0
2021-06-09 20:15,101,34,67,0,0,0
2021-06-09 20:30,68,18,50,0,0,0
2021-06-09 20:45,92,30,62,0,0,0
2021-06-09 21:00,91,35,56,0,0,0
2021-06-09 21:15,77,22,55,0,0,0
2021-06-09 21:30,64,21,43,0,0,0
2021-06-09 21:45,67,20,47,0,0,0
2021-06-09 22:00,74,21,53,0,0,0
2021-06-09 22:15,70,23,47,0,0,0
2021-06-09 22:30,42,10,32,0,0,0
2021-06-09 22:45,69,33,36,0,0,0
2021-06-09 23:00,50,11,39,0,0,0
2021-06-09 23:15,37,12,25,0,0,0
2021-06-09 23:30,33,9,24,0,0,0
2021-06-09 23:45,14,5,9,0,0,0
2021-06-10 00:00,24,5,19,0,0,0
2021-06-10 00:15,20,12,8,0,0,0
2021-06-10 00:30,12,1,11,0,0,0
2021-06-10 00:45,14,3,11,0,0,0
2021-06-10 01:00,3,0,3,0,0,0
2021-06-10 01:15,2,0,2,0,0,0
2021-06-10 01:30,7,2,5,0,0,0
2021-06-10 01:45,4,0,4,0,0,0
2021-06-10 02:00,3,0,3,0,0,0
2021-06-10 02:15,2,0,2,0,0,0
2021-06-10 02:30,5,2,3,0,0,0
2021-06-10 02:45,1,0,1,0,0,0
2021-06-10 03:00,0,0,0,0,0,0
2021-06-10 03:15,2,1,1,0,0,0
2021-06-10 03:30,1,0,1,0,0,0
2021-06-10 03:45,2,2,0,0,0,0
2021-06-10 04:00,2,2,0,0,0,0
2021-06-10 04:15,4,1,3,0,0,0
2021-06-10 04:30,3,2,1,0,0,0
2021-06-10 04:45,2,1,1,0,0,0
2021-06-10 05:00,5,4,1,0,0,0
2021-06-10 05:15,7,5,2,0,0,0
2021-06-10 05:30,24,15,9,0,0,0
2021-06-10 05:45,24,22,2,0,0,0
2021-06-10 06:00,29,17,12,0,0,0
2021-06-10 06:15,33,28,5,0,0,0
2021-06-10 06:30,39,27,12,0,0,0
2021-06-10 06:45,54,37,17,0,0,0
2021-06-10 07:00,95,51,44,0,0,0
2021-06-10 07:15,88,60,28,0,0,0
2021-06-10 07:30,140,85,55,0,0,0
2021-06-10 07:45,174,108,66,0,0,0
2021-06-10 08:00,156,95,61,0,0,0
2021-06-10 08:15,159,102,57,0,0,0
2021-06-10 08:30,118,78,40,0,0,0
2021-06-10 08:45,117,67,50,0,0,0
2021-06-10 09:00,115,66,49,0,0,0
2021-06-10 09:15,90,68,22,0,0,0
2021-06-10 09:30,141,94,47,0,0,0
2021-06-10 09:45,147,87,60,0,0,0
2021-06-10 10:00,101,67,34,0,0,0
2021-06-10 10:15,104,59,45,0,0,0
2021-06-10 10:30,112,62,50,0,0,0
2021-06-10 10:45,125,67,58,0,0,0
2021-06-10 11:00,115,54,61,0,0,0
2021-06-10 11:15,127,51,76,0,0,0
2021-06-10 11:30,109,47,62,0,0,0
2021-06-10 11:45,130,51,79,0,0,0
2021-06-10 12:00,123,57,66,0,0,0
2021-06-10 12:15,156,70,86,0,0,0
2021-06-10 12:30,127,53,74,0,0,0
2021-06-10 12:45,136,52,84,0,0,0
2021-06-10 13:00,162,74,88,0,0,0
2021-06-10 13:15,157,62,95,0,0,0
2021-06-10 13:30,132,58,74,0,0,0
2021-06-10 13:45,182,84,98,0,0,0
2021-06-10 14:00,158,66,92,0,0,0
2021-06-10 14:15,178,89,89,0,0,0
2021-06-10 14:30,145,72,73,0,0,0
2021-06-10 14:45,191,82,109,0,0,0
2021-06-10 15:00,185,73,112,0,0,0
2021-06-10 15:15,168,66,102,0,0,0
2021-06-10 15:30,189,83,106,0,0,0
2021-06-10 15:45,223,93,130,0,0,0
2021-06-10 16:00,201,86,115,0,0,0
2021-06-10 16:15,210,71,139,0,0,0
2021-06-10 16:30,194,79,115,0,0,0
2021-06-10 16:45,221,103,118,0,0,0
2021-06-10 17:00,237,103,134,0,0,0
2021-06-10 17:15,204,82,122,0,0,0
2021-06-10 17:30,203,80,123,0,0,0
2021-06-10 17:45,224,97,127,0,0,0
2021-06-10 18:00,224,93,131,0,0,0
2021-06-10 18:15,186,72,114,0,0,0
2021-06-10 18:30,183,66,117,0,0,0
2021-06-10 18:45,152,60,92,0,0,0
2021-06-10 19:00,151,59,92,0,0,0
2021-06-10 19:15,132,50,82,0,0,0
2021-06-10 19:30,108,33,75,0,0,0
2021-06-10 19:45,133,52,81,0,0,0
2021-06-10 20:00,117,35,82,0,0,0
2021-06-10 20:15,95,29,66,0,0,0
2021-06-10 20:30,85,33,52,0,0,0
2021-06-10 20:45,58,23,35,0,0,0
2021-06-10 21:00,67,26,41,0,0,0
2021-06-10 21:15,57,9,48,0,0,0
2021-06-10 21:30,71,19,52,0,0,0
2021-06-10 21:45,85,27,58,0,0,0
2021-06-10 22:00,77,27,50,0,0,0
2021-06-10 22:15,68,17,51,0,0,0
2021-06-10 22:30,59,12,47,0,0,0
2021-06-10 22:45,50,8,42,0,0,0
2021-06-10 23:00,48,18,30,0,0,0
2021-06-10 23:15,46,11,35,0,0,0
2021-06-10 23:30,24,12,12,0,0,0
2021-06-10 23:45,15,4,11,0,0,0
2021-06-11 00:00,16,5,11,0,0,0
2021-06-11 00:15,20,7,13,0,0,0
2021-06-11 00:30,11,1,10,0,0,0
2021-06-11 00:45,19,7,12,0,0,0
2021-06-11 01:00,1,0,1,0,0,0
2021-06-11 01:15,2,1,1,0,0,0
2021-06-11 01:30,5,0,5,0,0,0
2021-06-11 01:45,1,1,0,0,0,0
2021-06-11 02:00,6,0,6,0,0,0
2021-06-11 02:15,2,1,1,0,0,0
2021-06-11 02:30,9,2,7,0,0,0
2021-06-11 02:45,1,0,1,0,0,0
2021-06-11 03:00,0,0,0,0,0,0
2021-06-11 03:15,4,0,4,0,0,0
2021-06-11 03:30,0,0,0,0,0,0
2021-06-11 03:45,1,1,0,0,0,0
2021-06-11 04:00,2,2,0,0,0,0
2021-06-11 04:15,1,1,0,0,0,0
2021-06-11 04:30,4,2,2,0,0,0
2021-06-11 04:45,1,1,0,0,0,0
2021-06-11 05:00,10,7,3,0,0,0
2021-06-11 05:15,6,3,3,0,0,0
2021-06-11 05:30,20,16,4,0,0,0
2021-06-11 05:45,27,21,6,0,0,0
2021-06-11 06:00,23,14,9,0,0,0
2021-06-11 06:15,39,34,5,0,0,0
2021-06-11 06:30,44,23,21,0,0,0
2021-06-11 06:45,67,45,22,0,0,0
2021-06-11 07:00,85,49,36,0,0,0
2021-06-11 07:15,100,63,37,0,0,0
2021-06-11 07:30,151,99,52,0,0,0
2021-06-11 07:45,165,106,59,0,0,0
2021-06-11 08:00,139,87,52,0,0,0
2021-06-11 08:15,149,97,52,0,0,0
2021-06-11 08:30,131,83,48,0,0,0
2021-06-11 08:45,127,84,43,0,0,0
2021-06-11 09:00,115,65,50,0,0,0
2021-06-11 09:15,143,98,45,0,0,0
2021-06-11 09:30,116,73,43,0,0,0
2021-06-11 09:45,136,86,50,0,0,0
2021-06-11 10:00,125,79,46,0,0,0
2021-06-11 10:15,120,75,45,0,0,0
2021-06-11 10:30,116,66,50,0,0,0
2021-06-11 10:45,110,69,41,0,0,0
2021-06-11 11:00,122,62,60,0,0,0
2021-06-11 11:15,144,59,85,0,0,0
2021-06-11 11:30,131,55,76,0,0,0
2021-06-11 11:45,144,59,85,0,0,0
2021-06-11 12:00,139,66,73,0,0,0
2021-06-11 12:15,149,68,81,0,0,0
2021-06-11 12:30,158,65,93,0,0,0
2021-06-11 12:45,166,63,103,0,0,0
2021-06-11 13:00,179,86,93,0,0,0
2021-06-11 13:15,191,67,124,0,0,0
2021-06-11 13:30,151,51,100,0,0,0
2021-06-11 13:45,169,65,104,0,0,0
2021-06-11 14:00,172,68,104,0,0,0
2021-06-11 14:15,217,93,124,0,0,0
2021-06-11 14:30,182,74,108,0,0,0
2021-06-11 14:45,168,74,94,0,0,0
2021-06-11 15:00,190,76,114,0,0,0
2021-06-11 15:15,160,70,90,0,0,0
2021-06-11 15:30,192,84,108,0,0,0
2021-06-11 15:45,236,124,112,0,0,0
2021-06-11 16:00,197,83,114,0,0,0
2021-06-11 16:15,189,89,100,0,0,0
2021-06-11 16:30,181,85,96,0,0,0
2021-06-11 16:45,215,102,113,0,0,0
2021-06-11 17:00,183,86,97,0,0,0
2021-06-11 17:15,213,89,124,0,0,0
2021-06-11 17:30,182,91,91,0,0,0
2021-06-11 17:45,219,100,119,0,0,0
2021-06-11 18:00,197,82,115,0,0,0
2021-06-11 18:15,190,79,111,0,0,0
2021-06-11 18:30,171,64,107,0,0,0
2021-06-11 18:45,200,110,90,0,0,0
2021-06-11 19:00,163,69,94,0,0,0
2021-06-11 19:15,174,70,104,0,0,0
2021-06-11 19:30,153,58,95,0,0,0
2021-06-11 19:45,165,67,98,0,0,0
2021-06-11 20:00,131,53,78,0,0,0
2021-06-11 20:15,107,59,48,0,0,0
2021-06-11 20:30,102,48,54,0,0,0
2021-06-11 20:45,92,33,59,0,0,0
2021-06-11 21:00,79,39,40,0,0,0
2021-06-11 21:15,82,32,50,0,0,0
2021-06-11 21:30,64,25,39,0,0,0
2021-06-11 21:45,56,24,32,0,0,0
2021-06-11 22:00,58,19,39,0,0,0
2021-06-11 22:15,62,18,44,0,0,0
2021-06-11 22:30,52,22,30,0,0,0
2021-06-11 22:45,47,9,38,0,0,0
2021-06-11 23:00,68,21,47,0,0,0
2021-06-11 23:15,53,12,41,0,0,0
2021-06-11 23:30,70,19,51,0,0,0
2021-06-11 23:45,77,28,49,0,0,0
2021-06-12 00:00,51,17,34,0,0,0
2021-06-12 00:15,56,23,33,0,0,0
2021-06-12 00:30,60,17,43,0,0,0
2021-06-12 00:45,43,19,24,0,0,0
2021-06-12 01:00,39,11,28,0,0,0
2021-06-12 01:15,38,8,30,0,0,0
2021-06-12 01:30,21,3,18,0,0,0
2021-06-12 01:45,20,7,13,0,0,0
2021-06-12 02:00,18,5,13,0,0,0
2021-06-12 02:15,17,2,15,0,0,0
2021-06-12 02:30,25,7,18,0,0,0
2021-06-12 02:45,11,0,11,0,0,0
2021-06-12 03:00,14,4,10,0,0,0
2021-06-12 03:15,10,3,7,0,0,0
2021-06-12 03:30,16,2,14,0,0,0
2021-06-12 03:45,6,1,5,0,0,0
2021-06-12 04:00,18,2,16,0,0,0
2021-06-12 04:15,7,2,5,0,0,0
2021-06-12 04:30,4,0,4,0,0,0
2021-06-12 04:45,11,4,7,0,0,0
2021-06-12 05:00,6,1,5,0,0,0
2021-06-12 05:15,8,5,3,0,0,0
2021-06-12 05:30,12,5,7,0,0,0
2021-06-12 05:45,15,9,6,0,0,0
2021-06-12 06:00,12,10,2,0,0,0
2021-06-12 06:15,14,7,7,0,0,0
2021-06-12 06:30,6,4,2,0,0,0
2021-06-12 06:45,13,12,1,0,0,0
2021-06-12 07:00,18,11,7,0,0,0
2021-06-12 07:15,23,11,12,0,0,0
2021-06-12 07:30,28,14,14,0,0,0
2021-06-12 07:45,49,30,19,0,0,0
2021-06-12 08:00,39,22,17,0,0,0
2021-06-12 08:15,42,27,15,0,0,0
2021-06-12 08:30,63,46,17,0,0,0
2021-06-12 08:45,58,46,12,0,0,0
2021-06-12 09:00,68,41,27,0,0,0
2021-06-12 09:15,90,64,26,0,0,0
2021-06-12 09:30,91,71,20,0,0,0
2021-06-12 09:45,116,77,39,0,0,0
2021-06-12 10:00,121,73,48,0,0,0
2021-06-12 10:15,118,68,50,0,0,0
2021-06-12 10:30,126,85,41,0,0,0
2021-06-12 10:45,177,104,73,0,0,0
2021-06-12 11:00,143,79,64,0,0,0
2021-06-12 11:15,143,79,64,0,0,0
2021-06-12 11:30,134,64,70,0,0,0
2021-06-12 11:45,165,83,82,0,0,0
2021-06-12 12:00,166,83,83,0,0,0
2021-06-12 12:15,163,71,92,0,0,0
2021-06-12 12:30,183,98,85,0,0,0
2021-06-12 12:45,170,80,90,0,0,0
2021-06-12 13:00,144,67,77,0,0,0
2021-06-12 13:15,150,88,62,0,0,0
2021-06-12 13:30,156,68,88,0,0,0
2021-06-12 13:45,160,72,88,0,0,0
2021-06-12 14:00,157,66,91,0,0,0
2021-06-12 14:15,153,73,80,0,0,0
2021-06-12 14:30,149,74,75,0,0,0
2021-06-12 14:45,165,76,89,0,0,0
2021-06-12 15:00,165,62,103,0,0,0
2021-06-12 15:15,161,56,105,0,0,0
2021-06-12 15:30,123,34,89,0,0,0
2021-06-12 15:45,146,63,83,0,0,0
2021-06-12 16:00,163,66,97,0,0,0
2021-06-12 16:15,141,47,94,0,0,0
2021-06-12 16:30,124,48,76,0,0,0
2021-06-12 16:45,140,45,95,0,0,0
2021-06-12 17:00,137,52,85,0,0,0
2021-06-12 17:15,115,71,44,0,0,0
2021-06-12 17:30,138,51,87,0,0,0
2021-06-12 17:45,141,72,69,0,0,0
2021-06-12 18:00,133,59,74,0,0,0
2021-06-12 18:15,124,43,81,0,0,0
2021-06-12 18:30,143,56,87,0,0,0
2021-06-12 18:45,130,65,65,0,0,0
2021-06-12 19:00,90,40,50,0,0,0
2021-06-12 19:15,120,54,66,0,0,0
2021-06-12 19:30,86,32,54,0,0,0
2021-06-12 19:45,89,40,49,0,0,0
2021-06-12 20:00,107,33,74,0,0,0
2021-06-12 20:15,79,41,38,0,0,0
2021-06-12 20:30,72,30,42,0,0,0
2021-06-12 20:45,72,30,42,0,0,0
2021-06-12 21:00,72,30,42,0,0,0
2021-06-12 21:15,35,19,16,0,0,0
2021-06-12 21:30,48,13,35,0,0,0
2021-06-12 21:45,46,17,29,0,0,0
2021-06-12 22:00,54,21,33,0,0,0
2021-06-12 22:15,43,17,26,0,0,0
2021-06-12 22:30,42,21,21,0,0,0
2021-06-12 22:45,59,28,31,0,0,0
2021-06-12 23:00,38,9,29,0,0,0
2021-06-12 23:15,46,18,28,0,0,0
2021-06-12 23:30,49,16,33,0,0,0
2021-06-12 23:45,34,12,22,0,0,0
2021-06-13 00:00,51,20,31,0,0,0
2021-06-13 00:15,27,11,16,0,0,0
2021-06-13 00:30,33,9,24,0,0,0
2021-06-13 00:45,32,20,12,0,0,0
2021-06-13 01:00,44,12,32,0,0,0
2021-06-13 01:15,25,8,17,0,0,0
2021-06-13 01:30,21,7,14,0,0,0
2021-06-13 01:45,18,10,8,0,0,0
2021-06-13 02:00,24,9,15,0,0,0
2021-06-13 02:15,16,7,9,0,0,0
2021-06-13 02:30,23,11,12,0,0,0
2021-06-13 02:45,6,1,5,0,0,0
2021-06-13 03:00,10,3,7,0,0,0
2021-06-13 03:15,8,2,6,0,0,0
2021-06-13 03:30,6,2,4,0,0,0
2021-06-13 03:45,9,3,6,0,0,0
2021-06-13 04:00,8,3,5,0,0,0
2021-06-13 04:15,5,2,3,0,0,0
2021-06-13 04:30,4,2,2,0,0,0
2021-06-13 04:45,11,8,3,0,0,0
2021-06-13 05:00,7,4,3,0,0,0
2021-06-13 05:15,10,5,5,0,0,0
2021-06-13 05:30,11,4,7,0,0,0
2021-06-13 05:45,3,3,0,0,0,0
2021-06-13 06:00,11,6,5,0,0,0
2021-06-13 06:15,3,0,3,0,0,0
2021-06-13 06:30,5,4,1,0,0,0
2021-06-13 06:45,4,4,0,0,0,0
2021-06-13 07:00,3,3,0,0,0,0
2021-06-13 07:15,4,1,3,0,0,0
2021-06-13 07:30,8,4,4,0,0,0
2021-06-13 07:45,8,3,5,0,0,0
2021-06-13 08:00,12,7,5,0,0,0
2021-06-13 08:15,6,4,2,0,0,0
2021-06-13 08:30,14,5,9,0,0,0
2021-06-13 08:45,14,11,3,0,0,0
2021-06-13 09:00,20,15,5,0,0,0
2021-06-13 09:15,21,13,8,0,0,0
2021-06-13 09:30,39,25,14,0,0,0
2021-06-13 09:45,63,36,27,0,0,0
2021-06-13 10:00,41,23,18,0,0,0
2021-06-13 10:15,46,20,26,0,0,0
2021-06-13 10:30,50,30,20,0,0,0
2021-06-13 10:45,47,25,22,0,0,0
2021-06-13 11:00,49,22,27,0,0,0
2021-06-13 11:15,74,37,37,0,0,0
2021-06-13 11:30,51,29,22,0,0,0
2021-06-13 11:45,67,44,23,0,0,0
2021-06-13 12:00,86,51,35,0,0,0
2021-06-13 12:15,80,31,49,0,0,0
2021-06-13 12:30,78,53,25,0,0,0
2021-06-13 12:45,91,48,43,0,0,0
2021-06-13 13:00,80,38,42,0,0,0
2021-06-13 13:15,82,43,39,0,0,0
2021-06-13 13:30,71,34,37,0,0,0
2021-06-13 13:45,106,45,61,0,0,0
2021-06-13 14:00,95,42,53,0,0,0
2021-06-13 14:15,103,40,63,0,0,0
2021-06-13 14:30,67,32,35,0,0,0
2021-06-13 14:45,105,43,62,0,0,0
2021-06-13 15:00,87,41,46,0,0,0
2021-06-13 15:15,90,36,54,0,0,0
2021-06-13 15:30,109,36,73,0,0,0
2021-06-13 15:45,111,47,64,0,0,0
2021-06-13 16:00,93,37,56,0,0,0
2021-06-13 16:15,102,37,65,0,0,0
2021-06-13 16:30,79,44,35,0,0,0
2021-06-13 16:45,113,58,55,0,0,0
2021-06-13 17:00,119,44,75,0,0,0
2021-06-13 17:15,114,46,68,0,0,0
2021-06-13 17:30,110,54,56,0,0,0
2021-06-13 17:45,115,53,62,0,0,0
2021-06-13 18:00,80,28,52,0,0,0
2021-06-13 18:15,119,46,73,0,0,0
2021-06-13 18:30,108,43,65,0,0,0
2021-06-13 18:45,94,27,67,0,0,0
2021-06-13 19:00,106,51,55,0,0,0
2021-06-13 19:15,72,28,44,0,0,0
2021-06-13 19:30,78,27,51,0,0,0
2021-06-13 19:45,77,33,44,0,0,0
2021-06-13 20:00,85,30,55,0,0,0
2021-06-13 20:15,70,25,45,0,0,0
2021-06-13 20:30,79,22,57,0,0,0
2021-06-13 20:45,77,19,58,0,0,0
2021-06-13 21:00,79,26,53,0,0,0
2021-06-13 21:15,42,20,22,0,0,0
2021-06-13 21:30,57,17,40,0,0,0
2021-06-13 21:45,35,16,19,0,0,0
2021-06-13 22:00,50,22,28,0,0,0
2021-06-13 22:15,26,12,14,0,0,0
2021-06-13 22:30,40,20,20,0,0,0
2021-06-13 22:45,22,5,17,0,0,0
2021-06-13 23:00,35,13,22,0,0,0
2021-06-13 23:15,22,7,15,0,0,0
2021-06-13 23:30,8,2,6,0,0,0
2021-06-13 23:45,10,5,5,0,0,0
2021-06-14 00:00,17,4,13,0,0,0
2021-06-14 00:15,12,7,5,0,0,0
2021-06-14 00:30,7,4,3,0,0,0
2021-06-14 00:45,2,0,2,0,0,0
2021-06-14 01:00,6,2,4,0,0,0
2021-06-14 01:15,3,2,1,0,0,0
2021-06-14 01:30,2,1,1,0,0,0
2021-06-14 01:45,2,2,0,0,0,0
2021-06-14 02:00,1,0,1,0,0,0
2021-06-14 02:15,0,0,0,0,0,0
2021-06-14 02:30,0,0,0,0,0,0
2021-06-14 02:45,0,0,0,0,0,0
2021-06-14 03:00,0,0,0,0,0,0
2021-06-14 03:15,2,1,1,0,0,0
2021-06-14 03:30,1,1,0,0,0,0
2021-06-14 03:45,1,0,1,0,0,0
2021-06-14 04:00,0,0,0,0,0,0
2021-06-14 04:15,2,2,0,0,0,0
2021-06-14 04:30,4,3,1,0,0,0
2021-06-14 04:45,7,5,2,0,0,0
2021-06-14 05:00,5,2,3,0,0,0
2021-06-14 05:15,7,6,1,0,0,0
2021-06-14 05:30,35,25,10,0,0,0
2021-06-14 05:45,20,17,3,0,0,0
2021-06-14 06:00,17,13,4,0,0,0
2021-06-14 06:15,59,46,13,0,0,0
2021-06-14 06:30,42,34,8,0,0,0
2021-06-14 06:45,64,47,17,0,0,0
2021-06-14 07:00,97,58,39,0,0,0
2021-06-14 07:15,106,65,41,0,0,0
2021-06-14 07:30,160,106,54,0,0,0
2021-06-14 07:45,199,129,70,0,0,0
2021-06-14 08:00,162,99,63,0,0,0
2021-06-14 08:15,142,95,47,0,0,0
2021-06-14 08:30,138,96,42,0,0,0
2021-06-14 08:45,161,105,56,0,0,0
2021-06-14 09:00,124,87,37,0,0,0
2021-06-14 09:15,112,72,40,0,0,0
2021-06-14 09:30,137,92,45,0,0,0
2021-06-14 09:45,147,96,51,0,0,0
2021-06-14 10:00,96,58,38,0,0,0
2021-06-14 10:15,109,56,53,0,0,0
2021-06-14 10:30,126,66,60,0,0,0
2021-06-14 10:45,156,89,67,0,0,0
2021-06-14 11:00,143,71,72,0,0,0
2021-06-14 11:15,126,69,57,0,0,0
2021-06-14 11:30,152,66,86,0,0,0
2021-06-14 11:45,150,67,83,0,0,0
2021-06-14 12:00,149,57,92,0,0,0
2021-06-14 12:15,136,51,85,0,0,0
2021-06-14 12:30,145,59,86,0,0,0
2021-06-14 12:45,138,58,80,0,0,0
2021-06-14 13:00,165,66,99,0,0,0
2021-06-14 13:15,142,72,70,0,0,0
2021-06-14 13:30,153,57,96,0,0,0
2021-06-14 13:45,147,59,88,0,0,0
2021-06-14 14:00,166,82,84,0,0,0
2021-06-14 14:15,164,75,89,0,0,0
2021-06-14 14:30,148,56,92,0,0,0
2021-06-14 14:45,167,64,103,0,0,0
2021-06-14 15:00,168,71,97,0,0,0
2021-06-14 15:15,195,81,114,0,0,0
2021-06-14 15:30,164,61,103,0,0,0
2021-06-14 15:45,197,79,118,0,0,0
2021-06-14 16:00,228,90,138,0,0,0
2021-06-14 16:15,217,88,129,0,0,0
2021-06-14 16:30,226,94,132,0,0,0
2021-06-14 16:45,251,99,152,0,0,0
2021-06-14 17:00,216,77,139,0,0,0
2021-06-14 17:15,228,94,134,0,0,0
2021-06-14 17:30,187,74,113,0,0,0
2021-06-14 17:45,231,88,143,0,0,0
2021-06-14 18:00,235,81,154,0,0,0
2021-06-14 18:15,207,76,131,0,0,0
2021-06-14 18:30,161,67,94,0,0,0
2021-06-14 18:45,150,71,79,0,0,0
2021-06-14 19:00,152,49,103,0,0,0
2021-06-14 19:15,129,38,91,0,0,0
2021-06-14 19:30,100,32,68,0,0,0
2021-06-14 19:45,131,45,86,0,0,0
2021-06-14 20:00,128,46,82,0,0,0
2021-06-14 20:15,93,32,61,0,0,0
2021-06-14 20:30,96,30,66,0,0,0
2021-06-14 20:45,66,25,41,0,0,0
2021-06-14 21:00,79,25,54,0,0,0
2021-06-14 21:15,82,22,60,0,0,0
2021-06-14 21:30,60,17,43,0,0,0
2021-06-14 21:45,65,21,44,0,0,0
2021-06-14 22:00,51,14,37,0,0,0
2021-06-14 22:15,39,6,33,0,0,0
2021-06-14 22:30,47,14,33,0,0,0
2021-06-14 22:45,39,12,27,0,0,0
2021-06-14 23:00,47,18,29,0,0,0
2021-06-14 23:15,28,8,20,0,0,0
2021-06-14 23:30,24,7,17,0,0,0
2021-06-14 23:45,18,6,12,0,0,0
2021-06-15 00:00,9,5,4,0,0,0
2021-06-15 00:15,9,2,7,0,0,0
2021-06-15 00:30,3,0,3,0,0,0
2021-06-15 00:45,4,1,3,0,0,0
2021-06-15 01:00,1,0,1,0,0,0
2021-06-15 01:15,0,0,0,0,0,0
2021-06-15 01:30,11,2,9,0,0,0
2021-06-15 01:45,4,2,2,0,0,0
2021-06-15 02:00,0,0,0,0,0,0
2021-06-15 02:15,1,1,0,0,0,0
2021-06-15 02:30,0,0,0,0,0,0
2021-06-15 02:45,0,0,0,0,0,0
2021-06-15 03:00,0,0,0,0,0,0
2021-06-15 03:15,2,2,0,0,0,0
2021-06-15 03:30,3,1,2,0,0,0
2021-06-15 03:45,4,0,4,0,0,0
2021-06-15 04:00,1,1,0,0,0,0
2021-06-15 04:15,1,0,1,0,0,0
2021-06-15 04:30,3,2,1,0,0,0
2021-06-15 04:45,8,6,2,0,0,0
2021-06-15 05:00,8,7,1,0,0,0
2021-06-15 05:15,8,6,2,0,0,0
2021-06-15 05:30,25,17,8,0,0,0
2021-06-15 05:45,23,18,5,0,0,0
2021-06-15 06:00,25,18,7,0,0,0
2021-06-15 06:15,55,49,6,0,0,0
2021-06-15 06:30,38,24,14,0,0,0
2021-06-15 06:45,63,41,22,0,0,0
2021-06-15 07:00,95,61,34,0,0,0
2021-06-15 07:15,111,67,44,0,0,0
2021-06-15 07:30,174,114,60,0,0,0
2021-06-15 07:45,223,145,78,0,0,0
2021-06-15 08:00,150,94,56,0,0,0
2021-06-15 08:15,149,100,49,0,0,0
2021-06-15 08:30,130,74,56,0,0,0
2021-06-15 08:45,149,98,51,0,0,0
2021-06-15 09:00,81,55,26,0,0,0
2021-06-15 09:15,107,61,46,0,0,0
2021-06-15 09:30,113,70,43,0,0,0
2021-06-15 09:45,115,71,44,0,0,0
2021-06-15 10:00,120,80,40,0,0,0
2021-06-15 10:15,124,76,48,0,0,0
2021-06-15 10:30,115,69,46,0,0,0
2021-06-15 10:45,122,67,55,0,0,0
2021-06-15 11:00,113,55,58,0,0,0
2021-06-15 11:15,112,60,52,0,0,0
2021-06-15 11:30,123,52,71,0,0,0
2021-06-15 11:45,158,71,87,0,0,0
2021-06-15 12:00,139,54,85,0,0,0
2021-06-15 12:15,144,80,64,0,0,0
2021-06-15 12:30,147,60,87,0,0,0
2021-06-15 12:45,163,72,91,0,0,0
2021-06-15 13:00,147,56,91,0,0,0
2021-06-15 13:15,157,60,97,0,0,0
2021-06-15 13:30,158,61,97,0,0,0
2021-06-15 13:45,145,60,85,0,0,0
2021-06-15 14:00,158,72,86,0,0,0
2021-06-15 14:15,184,85,99,0,0,0
2021-06-15 14:30,161,71,90,0,0,0
2021-06-15 14:45,172,81,91,0,0,0
2021-06-15 15:00,182,86,96,0,0,0
2021-06-15 15:15,193,62,131,0,0,0
2021-06-15 15:30,187,88,99,0,0,0
2021-06-15 15:45,222,99,123,0,0,0
2021-06-15 16:00,204,69,135,0,0,0
2021-06-15 16:15,223,68,155,0,0,0
2021-06-15 16:30,224,88,136,0,0,0
2021-06-15 16:45,254,115,139,0,0,0
2021-06-15 17:00,215,88,127,0,0,0
2021-06-15 17:15,231,88,143,0,0,0
2021-06-15 17:30,193,85,108,0,0,0
2021-06-15 17:45,215,85,130,0,0,0
2021-06-15 18:00,211,67,144,0,0,0
2021-06-15 18:15,213,72,141,0,0,0
2021-06-15 18:30,186,79,107,0,0,0
2021-06-15 18:45,201,72,129,0,0,0
2021-06-15 19:00,210,77,133,0,0,0
2021-06-15 19:15,145,65,80,0,0,0
2021-06-15 19:30,143,41,102,0,0,0
2021-06-15 19:45,188,65,123,0,0,0
2021-06-15 20:00,139,60,79,0,0,0
2021-06-15 20:15,134,44,90,0,0,0
2021-06-15 20:30,120,48,72,0,0,0
2021-06-15 20:45,98,43,55,0,0,0
2021-06-15 21:00,73,20,53,0,0,0
2021-06-15 21:15,45,13,32,0,0,0
2021-06-15 21:30,47,12,35,0,0,0
2021-06-15 21:45,49,12,37,0,0,0
2021-06-15 22:00,45,12,33,0,0,0
2021-06-15 22:15,41,10,31,0,0,0
2021-06-15 22:30,24,9,15,0,0,0
2021-06-15 22:45,36,14,22,0,0,0
2021-06-15 23:00,138,65,73,0,0,0
2021-06-15 23:15,157,68,89,0,0,0
2021-06-15 23:30,78,41,37,0,0,0
2021-06-15 23:45,75,28,47,0,0,0
2021-06-16 00:00,37,10,27,0,0,0
2021-06-16 00:15,40,16,24,0,0,0
2021-06-16 00:30,23,8,15,0,0,0
2021-06-16 00:45,15,9,6,0,0,0
2021-06-16 01:00,13,4,9,0,0,0
2021-06-16 01:15,9,2,7,0,0,0
2021-06-16 01:30,8,3,5,0,0,0
2021-06-16 01:45,4,1,3,0,0,0
2021-06-16 02:00,2,0,2,0,0,0
2021-06-16 02:15,4,1,3,0,0,0
2021-06-16 02:30,0,0,0,0,0,0
2021-06-16 02:45,2,0,2,0,0,0
2021-06-16 03:00,2,0,2,0,0,0
2021-06-16 03:15,1,0,1,0,0,0
2021-06-16 03:30,0,0,0,0,0,0
2021-06-16 03:45,1,0,1,0,0,0
2021-06-16 04:00,4,2,2,0,0,0
2021-06-16 04:15,0,0,0,0,0,0
2021-06-16 04:30,4,3,1,0,0,0
2021-06-16 04:45,3,3,0,0,0,0
2021-06-16 05:00,4,4,0,0,0,0
2021-06-16 05:15,10,7,3,0,0,0
2021-06-16 05:30,23,16,7,0,0,0
2021-06-16 05:45,37,24,13,0,0,0
2021-06-16 06:00,31,22,9,0,0,0
2021-06-16 06:15,46,39,7,0,0,0
2021-06-16 06:30,45,35,10,0,0,0
2021-06-16 06:45,69,52,17,0,0,0
2021-06-16 07:00,88,53,35,0,0,0
2021-06-16 07:15,108,70,38,0,0,0
2021-06-16 07:30,160,97,63,0,0,0
2021-06-16 07:45,191,111,80,0,0,0
2021-06-16 08:00,159,98,61,0,0,0
2021-06-16 08:15,173,116,57,0,0,0
2021-06-16 08:30,146,92,54,0,0,0
2021-06-16 08:45,168,103,65,0,0,0
2021-06-16 09:00,122,75,47,0,0,0
2021-06-16 09:15,119,70,49,0,0,0
2021-06-16 09:30,151,91,60,0,0,0
2021-06-16 09:45,151,91,60,0,0,0
2021-06-16 10:00,107,61,46,0,0,0
2021-06-16 10:15,141,91,50,0,0,0
2021-06-16 10:30,116,56,60,0,0,0
2021-06-16 10:45,141,69,72,0,0,0
2021-06-16 11:00,147,79,68,0,0,0
2021-06-16 11:15,158,68,90,0,0,0
2021-06-16 11:30,138,65,73,0,0,0
2021-06-16 11:45,156,87,69,0,0,0
2021-06-16 12:00,166,75,91,0,0,0
2021-06-16 12:15,153,61,92,0,0,0
2021-06-16 12:30,170,65,105,0,0,0
2021-06-16 12:45,172,76,96,0,0,0
2021-06-16 13:00,173,69,104,0,0,0
2021-06-16 13:15,162,59,103,0,0,0
2021-06-16 13:30,178,56,122,0,0,0
2021-06-16 13:45,190,77,113,0,0,0
2021-06-16 14:00,200,73,127,0,0,0
2021-06-16 14:15,188,72,116,0,0,0
2021-06-16 14:30,174,59,115,0,0,0
2021-06-16 14:45,155,57,98,0,0,0
2021-06-16 15:00,163,71,92,0,0,0
2021-06-16 15:15,173,73,100,0,0,0
2021-06-16 15:30,159,71,88,0,0,0
2021-06-16 15:45,216,81,135,0,0,0
2021-06-16 16:00,188,69,119,0,0,0
2021-06-16 16:15,166,67,99,0,0,0
2021-06-16 16:30,187,53,134,0,0,0
2021-06-16 16:45,218,97,121,0,0,0
2021-06-16 17:00,196,87,109,0,0,0
2021-06-16 17:15,198,90,108,0,0,0
2021-06-16 17:30,213,80,133,0,0,0
2021-06-16 17:45,237,98,139,0,0,0
2021-06-16 18:00,211,87,124,0,0,0
2021-06-16 18:15,175,70,105,0,0,0
2021-06-16 18:30,186,77,109,0,0,0
2021-06-16 18:45,175,77,98,0,0,0
2021-06-16 19:00,168,68,100,0,0,0
2021-06-16 19:15,172,48,124,0,0,0
2021-06-16 19:30,122,40,82,0,0,0
2021-06-16 19:45,103,47,56,0,0,0
2021-06-16 20:00,118,36,82,0,0,0
2021-06-16 20:15,90,28,62,0,0,0
2021-06-16 20:30,105,38,67,0,0,0
2021-06-16 20:45,75,34,41,0,0,0
2021-06-16 21:00,104,33,71,0,0,0
2021-06-16 21:15,78,26,52,0,0,0
2021-06-16 21:30,73,30,43,0,0,0
2021-06-16 21:45,60,15,45,0,0,0
2021-06-16 22:00,63,13,50,0,0,0
2021-06-16 22:15,86,29,57,0,0,0
2021-06-16 22:30,57,13,44,0,0,0
2021-06-16 22:45,67,21,46,0,0,0
2021-06-16 23:00,69,27,42,0,0,0
2021-06-16 23:15,46,22,24,0,0,0
2021-06-16 23:30,23,6,17,0,0,0
2021-06-16 23:45,22,9,13,0,0,0
2021-06-17 00:00,13,5,8,0,0,0
2021-06-17 00:15,19,6,13,0,0,0
2021-06-17 00:30,12,5,7,0,0,0
2021-06-17 00:45,14,7,7,0,0,0
2021-06-17 01:00,9,4,5,0,0,0
2021-06-17 01:15,5,4,1,0,0,0
2021-06-17 01:30,10,3,7,0,0,0
2021-06-17 01:45,7,3,4,0,0,0
2021-06-17 02:00,6,1,5,0,0,0
2021-06-17 02:15,8,2,6,0,0,0
2021-06-17 02:30,3,0,3,0,0,0
2021-06-17 02:45,5,1,4,0,0,0
2021-06-17 03:00,4,1,3,0,0,0
2021-06-17 03:15,3,1,2,0,0,0
2021-06-17 03:30,1,0,1,0,0,0
2021-06-17 03:45,1,0,1,0,0,0
2021-06-17 04:00,2,1,1,0,0,0
2021-06-17 04:15,8,2,6,0,0,0
2021-06-17 04:30,4,3,1,0,0,0
2021-06-17 04:45,2,2,0,0,0,0
2021-06-17 05:00,4,4,0,0,0,0
2021-06-17 05:15,10,8,2,0,0,0
2021-06-17 05:30,22,11,11,0,0,0
2021-06-17 05:45,19,14,5,0,0,0
2021-06-17 06:00,28,22,6,0,0,0
2021-06-17 06:15,49,35,14,0,0,0
2021-06-17 06:30,42,27,15,0,0,0
2021-06-17 06:45,70,44,26,0,0,0
2021-06-17 07:00,95,63,32,0,0,0
2021-06-17 07:15,105,64,41,0,0,0
2021-06-17 07:30,139,86,53,0,0,0
2021-06-17 07:45,195,129,66,0,0,0
2021-06-17 08:00,159,97,62,0,0,0
2021-06-17 08:15,150,97,53,0,0,0
2021-06-17 08:30,116,73,43,0,0,0
2021-06-17 08:45,118,72,46,0,0,0
2021-06-17 09:00,113,68,45,0,0,0
2021-06-17 09:15,103,61,42,0,0,0
2021-06-17 09:30,130,81,49,0,0,0
2021-06-17 09:45,97,64,33,0,0,0
2021-06-17 10:00,81,41,40,0,0,0
2021-06-17 10:15,104,61,43,0,0,0
2021-06-17 10:30,128,59,69,0,0,0
2021-06-17 10:45,132,68,64,0,0,0
2021-06-17 11:00,101,54,47,0,0,0
2021-06-17 11:15,125,58,67,0,0,0
2021-06-17 11:30,108,43,65,0,0,0
2021-06-17 11:45,148,74,74,0,0,0
2021-06-17 12:00,136,43,93,0,0,0
2021-06-17 12:15,137,53,84,0,0,0
2021-06-17 12:30,155,61,94,0,0,0
2021-06-17 12:45,141,66,75,0,0,0
2021-06-17 13:00,154,54,100,0,0,0
2021-06-17 13:15,166,64,102,0,0,0
2021-06-17 13:30,149,67,82,0,0,0
2021-06-17 13:45,156,63,93,0,0,0
2021-06-17 14:00,147,60,87,0,0,0
2021-06-17 14:15,145,61,84,0,0,0
2021-06-17 14:30,151,68,83,0,0,0
2021-06-17 14:45,152,70,82,0,0,0
2021-06-17 15:00,160,57,103,0,0,0
2021-06-17 15:15,154,68,86,0,0,0
2021-06-17 15:30,143,63,80,0,0,0
2021-06-17 15:45,171,71,100,0,0,0
2021-06-17 16:00,194,87,107,0,0,0
2021-06-17 16:15,163,66,97,0,0,0
2021-06-17 16:30,171,62,109,0,0,0
2021-06-17 16:45,168,83,85,0,0,0
2021-06-17 17:00,189,88,101,0,0,0
2021-06-17 17:15,164,75,89,0,0,0
2021-06-17 17:30,181,58,123,0,0,0
2021-06-17 17:45,172,76,96,0,0,0
2021-06-17 18:00,171,76,95,0,0,0
2021-06-17 18:15,179,57,122,0,0,0
2021-06-17 18:30,150,67,83,0,0,0
2021-06-17 18:45,168,76,92,0,0,0
2021-06-17 19:00,122,54,68,0,0,0
2021-06-17 19:15,130,42,88,0,0,0
2021-06-17 19:30,100,37,63,0,0,0
2021-06-17 19:45,117,47,70,0,0,0
2021-06-17 20:00,119,47,72,0,0,0
2021-06-17 20:15,107,32,75,0,0,0
2021-06-17 20:30,77,25,52,0,0,0
2021-06-17 20:45,89,27,62,0,0,0
2021-06-17 21:00,59,22,37,0,0,0
2021-06-17 21:15,73,22,51,0,0,0
2021-06-17 21:30,94,29,65,0,0,0
2021-06-17 21:45,54,21,33,0,0,0
2021-06-17 22:00,88,34,54,0,0,0
2021-06-17 22:15,64,19,45,0,0,0
2021-06-17 22:30,52,13,39,0,0,0
2021-06-17 22:45,39,11,28,0,0,0
2021-06-17 23:00,53,14,39,0,0,0
2021-06-17 23:15,43,14,29,0,0,0
2021-06-17 23:30,30,10,20,0,0,0
2021-06-17 23:45,25,9,16,0,0,0
2021-06-18 00:00,28,8,20,0,0,0
2021-06-18 00:15,19,5,14,0,0,0
2021-06-18 00:30,19,7,12,0,0,0
2021-06-18 00:45,12,3,9,0,0,0
2021-06-18 01:00,14,1,13,0,0,0
2021-06-18 01:15,4,1,3,0,0,0
2021-06-18 01:30,4,0,4,0,0,0
2021-06-18 01:45,3,2,1,0,0,0
2021-06-18 02:00,6,2,4,0,0,0
2021-06-18 02:15,3,0,3,0,0,0
2021-06-18 02:30,5,2,3,0,0,0
2021-06-18 02:45,2,0,2,0,0,0
2021-06-18 03:00,5,1,4,0,0,0
2021-06-18 03:15,4,1,3,0,0,0
2021-06-18 03:30,1,1,0,0,0,0
2021-06-18 03:45,1,1,0,0,0,0
2021-06-18 04:00,3,2,1,0,0,0
2021-06-18 04:15,2,2,0,0,0,0
2021-06-18 04:30,3,1,2,0,0,0
2021-06-18 04:45,7,6,1,0,0,0
2021-06-18 05:00,1,1,0,0,0,0
2021-06-18 05:15,9,7,2,0,0,0
2021-06-18 05:30,22,16,6,0,0,0
2021-06-18 05:45,17,15,2,0,0,0
2021-06-18 06:00,31,21,10,0,0,0
2021-06-18 06:15,33,25,8,0,0,0
2021-06-18 06:30,43,29,14,0,0,0
2021-06-18 06:45,62,43,19,0,0,0
2021-06-18 07:00,78,54,24,0,0,0
2021-06-18 07:15,87,58,29,0,0,0
2021-06-18 07:30,155,90,65,0,0,0
2021-06-18 07:45,158,104,54,0,0,0
2021-06-18 08:00,146,88,58,0,0,0
2021-06-18 08:15,141,104,37,0,0,0
2021-06-18 08:30,125,87,38,0,0,0
2021-06-18 08:45,126,80,46,0,0,0
2021-06-18 09:00,119,71,48,0,0,0
2021-06-18 09:15,120,68,52,0,0,0
2021-06-18 09:30,109,75,34,0,0,0
2021-06-18 09:45,133,87,46,0,0,0
2021-06-18 10:00,127,69,58,0,0,0
2021-06-18 10:15,104,54,50,0,0,0
2021-06-18 10:30,102,48,54,0,0,0
2021-06-18 10:45,140,67,73,0,0,0
2021-06-18 11:00,166,71,95,0,0,0
2021-06-18 11:15,140,63,77,0,0,0
2021-06-18 11:30,157,66,91,0,0,0
2021-06-18 11:45,184,97,87,0,0,0
2021-06-18 12:00,144,64,80,0,0,0
2021-06-18 12:15,176,78,98,0,0,0
2021-06-18 12:30,153,62,91,0,0,0
2021-06-18 12:45,209,80,129,0,0,0
2021-06-18 13:00,196,69,127,0,0,0
2021-06-18 13:15,170,70,100,0,0,0
2021-06-18 13:30,133,61,72,0,0,0
2021-06-18 13:45,190,75,115,0,0,0
2021-06-18 14:00,171,67,104,0,0,0
2021-06-18 14:15,162,56,106,0,0,0
2021-06-18 14:30,183,64,119,0,0,0
2021-06-18 14:45,176,87,89,0,0,0
2021-06-18 15:00,159,64,95,0,0,0
2021-06-18 15:15,158,70,88,0,0,0
2021-06-18 15:30,137,56,81,0,0,0
2021-06-18 15:45,159,83,76,0,0,0
2021-06-18 16:00,169,91,78,0,0,0
2021-06-18 16:15,164,76,88,0,0,0
2021-06-18 16:30,156,76,80,0,0,0
2021-06-18 16:45,145,62,83,0,0,0
2021-06-18 17:00,142,84,58,0,0,0
2021-06-18 17:15,128,62,66,0,0,0
2021-06-18 17:30,173,52,121,0,0,0
2021-06-18 17:45,179,90,89,0,0,0
2021-06-18 18:00,170,74,96,0,0,0
2021-06-18 18:15,159,75,84,0,0,0
2021-06-18 18:30,142,53,89,0,0,0
2021-06-18 18:45,169,90,79,0,0,0
2021-06-18 19:00,126,31,95,0,0,0
2021-06-18 19:15,139,55,84,0,0,0
2021-06-18 19:30,97,43,54,0,0,0
2021-06-18 19:45,129,65,64,0,0,0
2021-06-18 20:00,115,37,78,0,0,0
2021-06-18 20:15,119,61,58,0,0,0
2021-06-18 20:30,88,43,45,0,0,0
2021-06-18 20:45,82,30,52,0,0,0
2021-06-18 21:00,83,31,52,0,0,0
2021-06-18 21:15,67,28,39,0,0,0
2021-06-18 21:30,61,18,43,0,0,0
2021-06-18 21:45,64,26,38,0,0,0
2021-06-18 22:00,59,17,42,0,0,0
2021-06-18 22:15,55,18,37,0,0,0
2021-06-18 22:30,76,38,38,0,0,0
2021-06-18 22:45,58,21,37,0,0,0
2021-06-18 23:00,54,25,29,0,0,0
2021-06-18 23:15,53,26,27,0,0,0
2021-06-18 23:30,46,10,36,0,0,0
2021-06-18 23:45,50,14,36,0,0,0
2021-06-19 00:00,45,15,30,0,0,0
2021-06-19 00:15,36,16,20,0,0,0
2021-06-19 00:30,35,6,29,0,0,0
2021-06-19 00:45,39,18,21,0,0,0
2021-06-19 01:00,34,14,20,0,0,0
2021-06-19 01:15,28,10,18,0,0,0
2021-06-19 01:30,25,9,16,0,0,0
2021-06-19 01:45,18,4,14,0,0,0
2021-06-19 02:00,24,10,14,0,0,0
2021-06-19 02:15,24,11,13,0,0,0
2021-06-19 02:30,30,13,17,0,0,0
2021-06-19 02:45,9,2,7,0,0,0
2021-06-19 03:00,10,4,6,0,0,0
2021-06-19 03:15,13,5,8,0,0,0
2021-06-19 03:30,5,2,3,0,0,0
2021-06-19 03:45,14,3,11,0,0,0
2021-06-19 04:00,5,3,2,0,0,0
2021-06-19 04:15,6,1,5,0,0,0
2021-06-19 04:30,8,4,4,0,0,0
2021-06-19 04:45,3,2,1,0,0,0
2021-06-19 05:00,3,1,2,0,0,0
2021-06-19 05:15,4,2,2,0,0,0
2021-06-19 05:30,4,2,2,0,0,0
2021-06-19 05:45,8,6,2,0,0,0
2021-06-19 06:00,6,5,1,0,0,0
2021-06-19 06:15,3,1,2,0,0,0
2021-06-19 06:30,13,10,3,0,0,0
2021-06-19 06:45,20,14,6,0,0,0
2021-06-19 07:00,25,19,6,0,0,0
2021-06-19 07:15,25,17,8,0,0,0
2021-06-19 07:30,38,24,14,0,0,0
2021-06-19 07:45,56,30,26,0,0,0
2021-06-19 08:00,49,17,32,0,0,0
2021-06-19 08:15,60,33,27,0,0,0
2021-06-19 08:30,67,40,27,0,0,0
2021-06-19 08:45,69,46,23,0,0,0
2021-06-19 09:00,80,52,28,0,0,0
2021-06-19 09:15,89,61,28,0,0,0
2021-06-19 09:30,103,67,36,0,0,0
2021-06-19 09:45,149,97,52,0,0,0
2021-06-19 10:00,142,87,55,0,0,0
2021-06-19 10:15,119,85,34,0,0,0
2021-06-19 10:30,136,83,53,0,0,0
2021-06-19 10:45,176,111,65,0,0,0
2021-06-19 11:00,157,85,72,0,0,0
2021-06-19 11:15,149,81,68,0,0,0
2021-06-19 11:30,145,68,77,0,0,0
2021-06-19 11:45,176,72,104,0,0,0
2021-06-19 12:00,158,74,84,0,0,0
2021-06-19 12:15,145,64,81,0,0,0
2021-06-19 12:30,177,81,96,0,0,0
2021-06-19 12:45,148,69,79,0,0,0
2021-06-19 13:00,159,75,84,0,0,0
2021-06-19 13:15,170,85,85,0,0,0
2021-06-19 13:30,140,54,86,0,0,0
2021-06-19 13:45,131,51,80,0,0,0
2021-06-19 14:00,185,83,102,0,0,0
2021-06-19 14:15,115,45,70,0,0,0
2021-06-19 14:30,142,45,97,0,0,0
2021-06-19 14:45,141,63,78,0,0,0
2021-06-19 15:00,134,63,71,0,0,0
2021-06-19 15:15,145,43,102,0,0,0
2021-06-19 15:30,136,45,91,0,0,0
2021-06-19 15:45,121,55,66,0,0,0
2021-06-19 16:00,139,68,71,0,0,0
2021-06-19 16:15,104,46,58,0,0,0
2021-06-19 16:30,120,46,74,0,0,0
2021-06-19 16:45,151,55,96,0,0,0
2021-06-19 17:00,152,68,84,0,0,0
2021-06-19 17:15,154,64,90,0,0,0
2021-06-19 17:30,178,91,87,0,0,0
2021-06-19 17:45,161,59,102,0,0,0
2021-06-19 18:00,108,44,64,0,0,0
2021-06-19 18:15,82,32,50,0,0,0
2021-06-19 18:30,65,25,40,0,0,0
2021-06-19 18:45,93,44,49,0,0,0
2021-06-19 19:00,79,38,41,0,0,0
2021-06-19 19:15,66,20,46,0,0,0
2021-06-19 19:30,60,37,23,0,0,0
2021-06-19 19:45,59,39,20,0,0,0
2021-06-19 20:00,87,24,63,0,0,0
2021-06-19 20:15,106,61,45,0,0,0
2021-06-19 20:30,79,38,41,0,0,0
2021-06-19 20:45,92,51,41,0,0,0
2021-06-19 21:00,70,26,44,0,0,0
2021-06-19 21:15,79,36,43,0,0,0
2021-06-19 21:30,82,24,58,0,0,0
2021-06-19 21:45,71,30,41,0,0,0
2021-06-19 22:00,73,26,47,0,0,0
2021-06-19 22:15,62,30,32,0,0,0
2021-06-19 22:30,48,12,36,0,0,0
2021-06-19 22:45,46,20,26,0,0,0
2021-06-19 23:00,101,40,61,0,0,0
2021-06-19 23:15,89,36,53,0,0,0
2021-06-19 23:30,66,13,53,0,0,0
2021-06-19 23:45,59,22,37,0,0,0
2021-06-20 00:00,50,19,31,0,0,0
2021-06-20 00:15,58,14,44,0,0,0
2021-06-20 00:30,44,24,20,0,0,0
2021-06-20 00:45,60,25,35,0,0,0
2021-06-20 01:00,58,24,34,0,0,0
2021-06-20 01:15,36,8,28,0,0,0
2021-06-20 01:30,25,7,18,0,0,0
2021-06-20 01:45,21,8,13,0,0,0
2021-06-20 02:00,30,9,21,0,0,0
2021-06-20 02:15,23,12,11,0,0,0
2021-06-20 02:30,26,11,15,0,0,0
2021-06-20 02:45,14,8,6,0,0,0
2021-06-20 03:00,6,1,5,0,0,0
2021-06-20 03:15,8,3,5,0,0,0
2021-06-20 03:30,13,6,7,0,0,0
2021-06-20 03:45,14,8,6,0,0,0
2021-06-20 04:00,7,4,3,0,0,0
2021-06-20 04:15,6,2,4,0,0,0
2021-06-20 04:30,7,1,6,0,0,0
2021-06-20 04:45,5,4,1,0,0,0
2021-06-20 05:00,1,0,1,0,0,0
2021-06-20 05:15,6,4,2,0,0,0
2021-06-20 05:30,8,3,5,0,0,0
2021-06-20 05:45,10,6,4,0,0,0
2021-06-20 06:00,2,2,0,0,0,0
2021-06-20 06:15,8,4,4,0,0,0
2021-06-20 06:30,5,3,2,0,0,0
2021-06-20 06:45,9,6,3,0,0,0
2021-06-20 07:00,1,0,1,0,0,0
2021-06-20 07:15,5,2,3,0,0,0
2021-06-20 07:30,8,5,3,0,0,0
2021-06-20 07:45,15,4,11,0,0,0
2021-06-20 08:00,16,4,12,0,0,0
2021-06-20 08:15,13,6,7,0,0,0
2021-06-20 08:30,20,12,8,0,0,0
2021-06-20 08:45,23,20,3,0,0,0
2021-06-20 09:00,23,14,9,0,0,0
2021-06-20 09:15,31,12,19,0,0,0
2021-06-20 09:30,32,13,19,0,0,0
2021-06-20 09:45,38,22,16,0,0,0
2021-06-20 10:00,28,22,6,0,0,0
2021-06-20 10:15,34,15,19,0,0,0
2021-06-20 10:30,28,16,12,0,0,0
2021-06-20 10:45,47,27,20,0,0,0
2021-06-20 11:00,42,26,16,0,0,0
2021-06-20 11:15,51,13,38,0,0,0
2021-06-20 11:30,43,18,25,0,0,0
2021-06-20 11:45,67,39,28,0,0,0
2021-06-20 12:00,64,34,30,0,0,0
2021-06-20 12:15,58,22,36,0,0,0
2021-06-20 12:30,73,34,39,0,0,0
2021-06-20 12:45,73,37,36,0,0,0
2021-06-20 13:00,67,32,35,0,0,0
2021-06-20 13:15,68,32,36,0,0,0
2021-06-20 13:30,89,42,47,0,0,0
2021-06-20 13:45,72,33,39,0,0,0
2021-06-20 14:00,115,43,72,0,0,0
2021-06-20 14:15,84,41,43,0,0,0
2021-06-20 14:30,72,35,37,0,0,0
2021-06-20 14:45,110,72,38,0,0,0
2021-06-20 15:00,103,51,52,0,0,0
2021-06-20 15:15,83,43,40,0,0,0
2021-06-20 15:30,74,35,39,0,0,0
2021-06-20 15:45,117,54,63,0,0,0
2021-06-20 16:00,99,29,70,0,0,0
2021-06-20 16:15,92,36,56,0,0,0
2021-06-20 16:30,79,46,33,0,0,0
2021-06-20 16:45,106,35,71,0,0,0
2021-06-20 17:00,119,36,83,0,0,0
2021-06-20 17:15,96,39,57,0,0,0
2021-06-20 17:30,92,37,55,0,0,0
2021-06-20 17:45,82,34,48,0,0,0
2021-06-20 18:00,96,40,56,0,0,0
2021-06-20 18:15,92,32,60,0,0,0
2021-06-20 18:30,92,32,60,0,0,0
2021-06-20 18:45,77,44,33,0,0,0
2021-06-20 19:00,68,24,44,0,0,0
2021-06-20 19:15,84,40,44,0,0,0
2021-06-20 19:30,54,29,25,0,0,0
2021-06-20 19:45,74,33,41,0,0,0
2021-06-20 20:00,80,26,54,0,0,0
2021-06-20 20:15,74,32,42,0,0,0
2021-06-20 20:30,59,18,41,0,0,0
2021-06-20 20:45,49,15,34,0,0,0
2021-06-20 21:00,36,14,22,0,0,0
2021-06-20 21:15,44,16,28,0,0,0
2021-06-20 21:30,43,13,30,0,0,0
2021-06-20 21:45,37,7,30,0,0,0
2021-06-20 22:00,50,8,42,0,0,0
2021-06-20 22:15,29,7,22,0,0,0
2021-06-20 22:30,32,13,19,0,0,0
2021-06-20 22:45,21,5,16,0,0,0
2021-06-20 23:00,18,8,10,0,0,0
2021-06-20 23:15,29,15,14,0,0,0
2021-06-20 23:30,9,1,8,0,0,0
2021-06-20 23:45,15,3,12,0,0,0
2021-06-21 00:00,14,7,7,0,0,0
2021-06-21 00:15,9,4,5,0,0,0
2021-06-21 00:30,4,1,3,0,0,0
2021-06-21 00:45,3,0,3,0,0,0
2021-06-21 01:00,2,2,0,0,0,0
2021-06-21 01:15,9,7,2,0,0,0
2021-06-21 01:30,3,1,2,0,0,0
2021-06-21 01:45,3,1,2,0,0,0
2021-06-21 02:00,1,1,0,0,0,0
2021-06-21 02:15,4,1,3,0,0,0
2021-06-21 02:30,1,0,1,0,0,0
2021-06-21 02:45,2,1,1,0,0,0
2021-06-21 03:00,0,0,0,0,0,0
2021-06-21 03:15,1,0,1,0,0,0
2021-06-21 03:30,0,0,0,0,0,0
2021-06-21 03:45,1,1,0,0,0,0
2021-06-21 04:00,0,0,0,0,0,0
2021-06-21 04:15,2,2,0,0,0,0
2021-06-21 04:30,2,2,0,0,0,0
2021-06-21 04:45,3,3,0,0,0,0
2021-06-21 05:00,1,1,0,0,0,0
2021-06-21 05:15,6,3,3,0,0,0
2021-06-21 05:30,13,11,2,0,0,0
2021-06-21 05:45,9,7,2,0,0,0
2021-06-21 06:00,9,7,2,0,0,0
2021-06-21 06:15,19,14,5,0,0,0
2021-06-21 06:30,25,15,10,0,0,0
2021-06-21 06:45,37,26,11,0,0,0
2021-06-21 07:00,53,29,24,0,0,0
2021-06-21 07:15,68,47,21,0,0,0
2021-06-21 07:30,120,76,44,0,0,0
2021-06-21 07:45,160,101,59,0,0,0
2021-06-21 08:00,127,78,49,0,0,0
2021-06-21 08:15,137,92,45,0,0,0
2021-06-21 08:30,83,59,24,0,0,0
2021-06-21 08:45,107,75,32,0,0,0
2021-06-21 09:00,92,58,34,0,0,0
2021-06-21 09:15,71,44,27,0,0,0
2021-06-21 09:30,86,59,27,0,0,0
2021-06-21 09:45,94,53,41,0,0,0
2021-06-21 10:00,92,60,32,0,0,0
2021-06-21 10:15,85,44,41,0,0,0
2021-06-21 10:30,70,37,33,0,0,0
2021-06-21 10:45,76,41,35,0,0,0
2021-06-21 11:00,80,42,38,0,0,0
2021-06-21 11:15,111,51,60,0,0,0
2021-06-21 11:30,87,42,45,0,0,0
2021-06-21 11:45,101,54,47,0,0,0
2021-06-21 12:00,98,50,48,0,0,0
2021-06-21 12:15,84,36,48,0,0,0
2021-06-21 12:30,104,35,69,0,0,0
2021-06-21 12:45,110,46,64,0,0,0
2021-06-21 13:00,113,51,62,0,0,0
2021-06-21 13:15,90,38,52,0,0,0
2021-06-21 13:30,108,47,61,0,0,0
2021-06-21 13:45,120,57,63,0,0,0
2021-06-21 14:00,103,41,62,0,0,0
2021-06-21 14:15,134,57,77,0,0,0
2021-06-21 14:30,102,40,62,0,0,0
2021-06-21 14:45,123,60,63,0,0,0
2021-06-21 15:00,93,33,60,0,0,0
2021-06-21 15:15,106,52,54,0,0,0
2021-06-21 15:30,90,25,65,0,0,0
2021-06-21 15:45,159,59,100,0,0,0
2021-06-21 16:00,150,59,91,0,0,0
2021-06-21 16:15,146,52,94,0,0,0
2021-06-21 16:30,130,60,70,0,0,0
2021-06-21 16:45,158,71,87,0,0,0
2021-06-21 17:00,181,77,104,0,0,0
2021-06-21 17:15,148,59,89,0,0,0
2021-06-21 17:30,141,50,91,0,0,0
2021-06-21 17:45,192,76,116,0,0,0
2021-06-21 18:00,155,67,88,0,0,0
2021-06-21 18:15,142,56,86,0,0,0
2021-06-21 18:30,123,39,84,0,0,0
2021-06-21 18:45,119,40,79,0,0,0
2021-06-21 19:00,120,47,73,0,0,0
2021-06-21 19:15,90,40,50,0,0,0
2021-06-21 19:30,82,29,53,0,0,0
2021-06-21 19:45,86,35,51,0,0,0
2021-06-21 20:00,80,31,49,0,0,0
2021-06-21 20:15,55,19,36,0,0,0
2021-06-21 20:30,50,16,34,0,0,0
2021-06-21 20:45,35,15,20,0,0,0
2021-06-21 21:00,44,21,23,0,0,0
2021-06-21 21:15,41,14,27,0,0,0
2021-06-21 21:30,25,5,20,0,0,0
2021-06-21 21:45,48,12,36,0,0,0
2021-06-21 22:00,34,7,27,0,0,0
2021-06-21 22:15,33,11,22,0,0,0
2021-06-21 22:30,19,6,13,0,0,0
2021-06-21 22:45,21,5,16,0,0,0
2021-06-21 23:00,26,10,16,0,0,0
2021-06-21 23:15,13,4,9,0,0,0
2021-06-21 23:30,13,5,8,0,0,0
2021-06-21 23:45,12,5,7,0,0,0
2021-06-22 00:00,10,0,10,0,0,0
2021-06-22 00:15,5,2,3,0,0,0
2021-06-22 00:30,9,1,8,0,0,0
2021-06-22 00:45,3,2,1,0,0,0
2021-06-22 01:00,5,3,2,0,0,0
2021-06-22 01:15,1,1,0,0,0,0
2021-06-22 01:30,2,0,2,0,0,0
2021-06-22 01:45,2,1,1,0,0,0
2021-06-22 02:00,3,1,2,0,0,0
2021-06-22 02:15,3,0,3,0,0,0
2021-06-22 02:30,3,0,3,0,0,0
2021-06-22 02:45,0,0,0,0,0,0
2021-06-22 03:00,4,0,4,0,0,0
2021-06-22 03:15,1,1,0,0,0,0
2021-06-22 03:30,5,0,5,0,0,0
2021-06-22 03:45,0,0,0,0,0,0
2021-06-22 04:00,2,0,2,0,0,0
2021-06-22 04:15,2,2,0,0,0,0
2021-06-22 04:30,2,1,1,0,0,0
2021-06-22 04:45,5,5,0,0,0,0
2021-06-22 05:00,4,4,0,0,0,0
2021-06-22 05:15,6,3,3,0,0,0
2021-06-22 05:30,17,11,6,0,0,0
2021-06-22 05:45,14,13,1,0,0,0
2021-06-22 06:00,25,17,8,0,0,0
2021-06-22 06:15,37,30,7,0,0,0
2021-06-22 06:30,49,32,17,0,0,0
2021-06-22 06:45,43,28,15,0,0,0
2021-06-22 07:00,87,59,28,0,0,0
2021-06-22 07:15,105,64,41,0,0,0
2021-06-22 07:30,144,90,54,0,0,0
2021-06-22 07:45,178,110,68,0,0,0
2021-06-22 08:00,159,97,62,0,0,0
2021-06-22 08:15,165,102,63,0,0,0
2021-06-22 08:30,114,75,39,0,0,0
2021-06-22 08:45,129,87,42,0,0,0
2021-06-22 09:00,97,61,36,0,0,0
2021-06-22 09:15,102,71,31,0,0,0
2021-06-22 09:30,113,75,38,0,0,0
2021-06-22 09:45,115,74,41,0,0,0
2021-06-22 10:00,101,50,51,0,0,0
2021-06-22 10:15,102,62,40,0,0,0
2021-06-22 10:30,111,59,52,0,0,0
2021-06-22 10:45,152,91,61,0,0,0
2021-06-22 11:00,113,57,56,0,0,0
2021-06-22 11:15,107,45,62,0,0,0
2021-06-22 11:30,122,55,67,0,0,0
2021-06-22 11:45,158,78,80,0,0,0
2021-06-22 12:00,137,55,82,0,0,0
2021-06-22 12:15,124,50,74,0,0,0
2021-06-22 12:30,148,60,88,0,0,0
2021-06-22 12:45,137,53,84,0,0,0
2021-06-22 13:00,171,79,92,0,0,0
2021-06-22 13:15,142,56,86,0,0,0
2021-06-22 13:30,138,60,78,0,0,0
2021-06-22 13:45,152,63,89,0,0,0
2021-06-22 14:00,161,73,88,0,0,0
2021-06-22 14:15,164,68,96,0,0,0
2021-06-22 14:30,150,76,74,0,0,0
2021-06-22 14:45,188,84,104,0,0,0
2021-06-22 15:00,179,62,117,0,0,0
2021-06-22 15:15,156,67,89,0,0,0
2021-06-22 15:30,190,83,107,0,0,0
2021-06-22 15:45,191,102,89,0,0,0
2021-06-22 16:00,228,103,125,0,0,0
2021-06-22 16:15,213,78,135,0,0,0
2021-06-22 16:30,194,75,119,0,0,0
2021-06-22 16:45,213,91,122,0,0,0
2021-06-22 17:00,194,77,117,0,0,0
2021-06-22 17:15,204,92,112,0,0,0
2021-06-22 17:30,201,88,113,0,0,0
2021-06-22 17:45,226,94,132,0,0,0
2021-06-22 18:00,190,75,115,0,0,0
2021-06-22 18:15,216,82,134,0,0,0
2021-06-22 18:30,133,60,73,0,0,0
2021-06-22 18:45,180,78,102,0,0,0
2021-06-22 19:00,173,69,104,0,0,0
2021-06-22 19:15,118,42,76,0,0,0
2021-06-22 19:30,99,39,60,0,0,0
2021-06-22 19:45,133,51,82,0,0,0
2021-06-22 20:00,97,41,56,0,0,0
2021-06-22 20:15,79,24,55,0,0,0
2021-06-22 20:30,64,17,47,0,0,0
2021-06-22 20:45,57,24,33,0,0,0
2021-06-22 21:00,45,19,26,0,0,0
2021-06-22 21:15,61,16,45,0,0,0
2021-06-22 21:30,43,7,36,0,0,0
2021-06-22 21:45,55,18,37,0,0,0
2021-06-22 22:00,37,12,25,0,0,0
2021-06-22 22:15,38,11,27,0,0,0
2021-06-22 22:30,45,10,35,0,0,0
2021-06-22 22:45,24,6,18,0,0,0
2021-06-22 23:00,34,10,24,0,0,0
2021-06-22 23:15,31,10,21,0,0,0
2021-06-22 23:30,24,5,19,0,0,0
2021-06-22 23:45,13,5,8,0,0,0
2021-06-23 00:00,16,8,8,0,0,0
2021-06-23 00:15,6,1,5,0,0,0
2021-06-23 00:30,17,4,13,0,0,0
2021-06-23 00:45,6,0,6,0,0,0
2021-06-23 01:00,5,1,4,0,0,0
2021-06-23 01:15,7,3,4,0,0,0
2021-06-23 01:30,1,1,0,0,0,0
2021-06-23 01:45,3,3,0,0,0,0
2021-06-23 02:00,2,1,1,0,0,0
2021-06-23 02:15,2,1,1,0,0,0
2021-06-23 02:30,4,1,3,0,0,0
2021-06-23 02:45,0,0,0,0,0,0
2021-06-23 03:00,1,1,0,0,0,0
2021-06-23 03:15,1,0,1,0,0,0
2021-06-23 03:30,0,0,0,0,0,0
2021-06-23 03:45,0,0,0,0,0,0
2021-06-23 04:00,3,3,0,0,0,0
2021-06-23 04:15,3,2,1,0,0,0
2021-06-23 04:30,2,2,0,0,0,0
2021-06-23 04:45,6,4,2,0,0,0
2021-06-23 05:00,8,6,2,0,0,0
2021-06-23 05:15,6,5,1,0,0,0
2021-06-23 05:30,21,14,7,0,0,0
2021-06-23 05:45,20,16,4,0,0,0
2021-06-23 06:00,20,12,8,0,0,0
2021-06-23 06:15,44,34,10,0,0,0
2021-06-23 06:30,47,33,14,0,0,0
2021-06-23 06:45,62,46,16,0,0,0
2021-06-23 07:00,98,56,42,0,0,0
2021-06-23 07:15,80,43,37,0,0,0
2021-06-23 07:30,138,74,64,0,0,0
2021-06-23 07:45,188,118,70,0,0,0
2021-06-23 08:00,143,88,55,0,0,0
2021-06-23 08:15,163,96,67,0,0,0
2021-06-23 08:30,138,97,41,0,0,0
2021-06-23 08:45,143,90,53,0,0,0
2021-06-23 09:00,120,69,51,0,0,0
2021-06-23 09:15,113,76,37,0,0,0
2021-06-23 09:30,129,98,31,0,0,0
2021-06-23 09:45,135,87,48,0,0,0
2021-06-23 10:00,102,56,46,0,0,0
2021-06-23 10:15,114,67,47,0,0,0
2021-06-23 10:30,125,77,48,0,0,0
2021-06-23 10:45,133,61,72,0,0,0
2021-06-23 11:00,116,62,54,0,0,0
2021-06-23 11:15,148,60,88,0,0,0
2021-06-23 11:30,135,74,61,0,0,0
2021-06-23 11:45,160,81,79,0,0,0
2021-06-23 12:00,139,67,72,0,0,0
2021-06-23 12:15,166,84,82,0,0,0
2021-06-23 12:30,160,78,82,0,0,0
2021-06-23 12:45,148,68,80,0,0,0
2021-06-23 13:00,155,70,85,0,0,0
2021-06-23 13:15,163,76,87,0,0,0
2021-06-23 13:30,146,57,89,0,0,0
2021-06-23 13:45,194,75,119,0,0,0
2021-06-23 14:00,159,57,102,0,0,0
2021-06-23 14:15,152,56,96,0,0,0
2021-06-23 14:30,151,68,83,0,0,0
2021-06-23 14:45,153,65,88,0,0,0
2021-06-23 15:00,163,53,110,0,0,0
2021-06-23 15:15,177,79,98,0,0,0
2021-06-23 15:30,170,59,111,0,0,0
2021-06-23 15:45,169,80,89,0,0,0
2021-06-23 16:00,188,58,130,0,0,0
2021-06-23 16:15,190,94,96,0,0,0
2021-06-23 16:30,197,83,114,0,0,0
2021-06-23 16:45,199,70,129,0,0,0
2021-06-23 17:00,196,75,121,0,0,0
2021-06-23 17:15,204,78,126,0,0,0
2021-06-23 17:30,187,65,122,0,0,0
2021-06-23 17:45,216,80,136,0,0,0
2021-06-23 18:00,196,55,141,0,0,0
2021-06-23 18:15,205,81,124,0,0,0
2021-06-23 18:30,177,66,111,0,0,0
2021-06-23 18:45,167,72,95,0,0,0
2021-06-23 19:00,173,67,106,0,0,0
2021-06-23 19:15,158,75,83,0,0,0
2021-06-23 19:30,126,47,79,0,0,0
2021-06-23 19:45,140,56,84,0,0,0
2021-06-23 20:00,165,55,110,0,0,0
2021-06-23 20:15,155,60,95,0,0,0
2021-06-23 20:30,142,56,86,0,0,0
2021-06-23 20:45,97,32,65,0,0,0
2021-06-23 21:00,72,27,45,0,0,0
2021-06-23 21:15,30,9,21,0,0,0
2021-06-23 21:30,34,13,21,0,0,0
2021-06-23 21:45,51,22,29,0,0,0
2021-06-23 22:00,49,16,33,0,0,0
2021-06-23 22:15,30,14,16,0,0,0
2021-06-23 22:30,19,9,10,0,0,0
2021-06-23 22:45,37,19,18,0,0,0
2021-06-23 23:00,108,49,59,0,0,0
2021-06-23 23:15,156,86,70,0,0,0
2021-06-23 23:30,129,40,89,0,0,0
2021-06-23 23:45,75,30,45,0,0,0
2021-06-24 00:00,52,18,34,0,0,0
2021-06-24 00:15,31,16,15,0,0,0
2021-06-24 00:30,17,8,9,0,0,0
2021-06-24 00:45,14,2,12,0,0,0
2021-06-24 01:00,14,4,10,0,0,0
2021-06-24 01:15,6,4,2,0,0,0
2021-06-24 01:30,8,1,7,0,0,0
2021-06-24 01:45,5,0,5,0,0,0
2021-06-24 02:00,5,1,4,0,0,0
2021-06-24 02:15,13,6,7,0,0,0
2021-06-24 02:30,4,1,3,0,0,0
2021-06-24 02:45,7,1,6,0,0,0
2021-06-24 03:00,4,2,2,0,0,0
2021-06-24 03:15,3,2,1,0,0,0
2021-06-24 03:30,3,0,3,0,0,0
2021-06-24 03:45,10,2,8,0,0,0
2021-06-24 04:00,1,1,0,0,0,0
2021-06-24 04:15,6,3,3,0,0,0
2021-06-24 04:30,3,1,2,0,0,0
2021-06-24 04:45,8,6,2,0,0,0
2021-06-24 05:00,4,4,0,0,0,0
2021-06-24 05:15,4,3,1,0,0,0
2021-06-24 05:30,18,13,5,0,0,0
2021-06-24 05:45,20,14,6,0,0,0
2021-06-24 06:00,24,18,6,0,0,0
2021-06-24 06:15,35,26,9,0,0,0
2021-06-24 06:30,51,33,18,0,0,0
2021-06-24 06:45,52,37,15,0,0,0
2021-06-24 07:00,70,51,19,0,0,0
2021-06-24 07:15,91,62,29,0,0,0
2021-06-24 07:30,135,82,53,0,0,0
2021-06-24 07:45,191,110,81,0,0,0
2021-06-24 08:00,146,69,77,0,0,0
2021-06-24 08:15,144,93,51,0,0,0
2021-06-24 08:30,157,108,49,0,0,0
2021-06-24 08:45,121,81,40,0,0,0
2021-06-24 09:00,101,67,34,0,0,0
2021-06-24 09:15,110,73,37,0,0,0
2021-06-24 09:30,117,74,43,0,0,0
2021-06-24 09:45,105,71,34,0,0,0
2021-06-24 10:00,99,66,33,0,0,0
2021-06-24 10:15,78,49,29,0,0,0
2021-06-24 10:30,110,69,41,0,0,0
2021-06-24 10:45,128,70,58,0,0,0
2021-06-24 11:00,72,32,40,0,0,0
2021-06-24 11:15,117,70,47,0,0,0
2021-06-24 11:30,121,66,55,0,0,0
2021-06-24 11:45,141,65,76,0,0,0
2021-06-24 12:00,128,53,75,0,0,0
2021-06-24 12:15,148,65,83,0,0,0
2021-06-24 12:30,152,56,96,0,0,0
2021-06-24 12:45,143,68,75,0,0,0
2021-06-24 13:00,148,57,91,0,0,0
2021-06-24 13:15,135,45,90,0,0,0
2021-06-24 13:30,126,52,74,0,0,0
2021-06-24 13:45,205,98,107,0,0,0
2021-06-24 14:00,122,48,74,0,0,0
2021-06-24 14:15,159,63,96,0,0,0
2021-06-24 14:30,166,66,100,0,0,0
2021-06-24 14:45,157,71,86,0,0,0
2021-06-24 15:00,163,73,90,0,0,0
2021-06-24 15:15,191,92,99,0,0,0
2021-06-24 15:30,195,90,105,0,0,0
2021-06-24 15:45,220,98,122,0,0,0
2021-06-24 16:00,202,77,125,0,0,0
2021-06-24 16:15,217,89,128,0,0,0
2021-06-24 16:30,194,73,121,0,0,0
2021-06-24 16:45,214,89,125,0,0,0
2021-06-24 17:00,207,59,148,0,0,0
2021-06-24 17:15,206,90,116,0,0,0
2021-06-24 17:30,197,85,112,0,0,0
2021-06-24 17:45,207,75,132,0,0,0
2021-06-24 18:00,175,63,112,0,0,0
2021-06-24 18:15,198,76,122,0,0,0
2021-06-24 18:30,164,62,102,0,0,0
2021-06-24 18:45,155,58,97,0,0,0
2021-06-24 19:00,163,65,98,0,0,0
2021-06-24 19:15,127,50,77,0,0,0
2021-06-24 19:30,96,40,56,0,0,0
2021-06-24 19:45,135,67,68,0,0,0
2021-06-24 20:00,113,36,77,0,0,0
2021-06-24 20:15,73,25,48,0,0,0
2021-06-24 20:30,72,25,47,0,0,0
2021-06-24 20:45,79,34,45,0,0,0
2021-06-24 21:00,65,29,36,0,0,0
2021-06-24 21:15,57,8,49,0,0,0
2021-06-24 21:30,52,16,36,0,0,0
2021-06-24 21:45,64,28,36,0,0,0
2021-06-24 22:00,51,12,39,0,0,0
2021-06-24 22:15,66,21,45,0,0,0
2021-06-24 22:30,60,16,44,0,0,0
2021-06-24 22:45,52,12,40,0,0,0
2021-06-24 23:00,49,18,31,0,0,0
2021-06-24 23:15,38,9,29,0,0,0
2021-06-24 23:30,26,6,20,0,0,0
2021-06-24 23:45,22,3,19,0,0,0
2021-06-25 00:00,11,1,10,0,0,0
2021-06-25 00:15,11,1,10,0,0,0
2021-06-25 00:30,20,6,14,0,0,0
2021-06-25 00:45,11,1,10,0,0,0
2021-06-25 01:00,7,1,6,0,0,0
2021-06-25 01:15,9,5,4,0,0,0
2021-06-25 01:30,5,3,2,0,0,0
2021-06-25 01:45,12,5,7,0,0,0
2021-06-25 02:00,2,0,2,0,0,0
2021-06-25 02:15,1,0,1,0,0,0
2021-06-25 02:30,4,3,1,0,0,0
2021-06-25 02:45,0,0,0,0,0,0
2021-06-25 03:00,7,0,7,0,0,0
2021-06-25 03:15,3,2,1,0,0,0
2021-06-25 03:30,2,1,1,0,0,0
2021-06-25 03:45,1,0,1,0,0,0
2021-06-25 04:00,1,1,0,0,0,0
2021-06-25 04:15,1,1,0,0,0,0
2021-06-25 04:30,3,1,2,0,0,0
2021-06-25 04:45,4,4,0,0,0,0
2021-06-25 05:00,5,4,1,0,0,0
2021-06-25 05:15,7,5,2,0,0,0
2021-06-25 05:30,15,11,4,0,0,0
2021-06-25 05:45,18,15,3,0,0,0
2021-06-25 06:00,23,17,6,0,0,0
2021-06-25 06:15,38,29,9,0,0,0
2021-06-25 06:30,38,23,15,0,0,0
2021-06-25 06:45,58,38,20,0,0,0
2021-06-25 07:00,71,42,29,0,0,0
2021-06-25 07:15,93,46,47,0,0,0
2021-06-25 07:30,130,79,51,0,0,0
2021-06-25 07:45,167,112,55,0,0,0
2021-06-25 08:00,132,68,64,0,0,0
2021-06-25 08:15,129,89,40,0,0,0
2021-06-25 08:30,124,87,37,0,0,0
2021-06-25 08:45,144,87,57,0,0,0
2021-06-25 09:00,87,49,38,0,0,0
2021-06-25 09:15,98,59,39,0,0,0
2021-06-25 09:30,113,68,45,0,0,0
2021-06-25 09:45,118,73,45,0,0,0
2021-06-25 10:00,120,57,63,0,0,0
2021-06-25 10:15,110,70,40,0,0,0
2021-06-25 10:30,128,66,62,0,0,0
2021-06-25 10:45,154,71,83,0,0,0
2021-06-25 11:00,101,58,43,0,0,0
2021-06-25 11:15,129,60,69,0,0,0
2021-06-25 11:30,150,75,75,0,0,0
2021-06-25 11:45,172,83,89,0,0,0
2021-06-25 12:00,125,55,70,0,0,0
2021-06-25 12:15,160,63,97,0,0,0
2021-06-25 12:30,146,58,88,0,0,0
2021-06-25 12:45,178,76,102,0,0,0
2021-06-25 13:00,191,85,106,0,0,0
2021-06-25 13:15,177,70,107,0,0,0
2021-06-25 13:30,177,81,96,0,0,0
2021-06-25 13:45,225,105,120,0,0,0
2021-06-25 14:00,209,94,115,0,0,0
2021-06-25 14:15,168,64,104,0,0,0
2021-06-25 14:30,160,67,93,0,0,0
2021-06-25 14:45,181,73,108,0,0,0
2021-06-25 15:00,171,52,119,0,0,0
2021-06-25 15:15,199,89,110,0,0,0
2021-06-25 15:30,214,98,116,0,0,0
2021-06-25 15:45,209,98,111,0,0,0
2021-06-25 16:00,195,84,111,0,0,0
2021-06-25 16:15,178,72,106,0,0,0
2021-06-25 16:30,179,85,94,0,0,0
2021-06-25 16:45,177,96,81,0,0,0
2021-06-25 17:00,155,63,92,0,0,0
2021-06-25 17:15,152,72,80,0,0,0
2021-06-25 17:30,211,89,122,0,0,0
2021-06-25 17:45,176,91,85,0,0,0
2021-06-25 18:00,150,60,90,0,0,0
2021-06-25 18:15,152,54,98,0,0,0
2021-06-25 18:30,134,55,79,0,0,0
2021-06-25 18:45,184,77,107,0,0,0
2021-06-25 19:00,140,60,80,0,0,0
2021-06-25 19:15,143,66,77,0,0,0
2021-06-25 19:30,145,69,76,0,0,0
2021-06-25 19:45,129,53,76,0,0,0
2021-06-25 20:00,142,57,85,0,0,0
2021-06-25 20:15,102,37,65,0,0,0
2021-06-25 20:30,83,29,54,0,0,0
2021-06-25 20:45,100,38,62,0,0,0
2021-06-25 21:00,67,26,41,0,0,0
2021-06-25 21:15,62,25,37,0,0,0
2021-06-25 21:30,58,24,34,0,0,0
2021-06-25 21:45,68,24,44,0,0,0
2021-06-25 22:00,53,20,33,0,0,0
2021-06-25 22:15,77,33,44,0,0,0
2021-06-25 22:30,54,19,35,0,0,0
2021-06-25 22:45,33,10,23,0,0,0
2021-06-25 23:00,45,10,35,0,0,0
2021-06-25 23:15,64,19,45,0,0,0
2021-06-25 23:30,68,30,38,0,0,0
2021-06-25 23:45,40,16,24,0,0,0
2021-06-26 00:00,51,12,39,0,0,0
2021-06-26 00:15,47,22,25,0,0,0
2021-06-26 00:30,49,24,25,0,0,0
2021-06-26 00:45,33,13,20,0,0,0
2021-06-26 01:00,29,9,20,0,0,0
2021-06-26 01:15,24,12,12,0,0,0
2021-06-26 01:30,26,4,22,0,0,0
2021-06-26 01:45,36,14,22,0,0,0
2021-06-26 02:00,26,11,15,0,0,0
2021-06-26 02:15,34,18,16,0,0,0
2021-06-26 02:30,11,2,9,0,0,0
2021-06-26 02:45,11,4,7,0,0,0
2021-06-26 03:00,18,9,9,0,0,0
2021-06-26 03:15,22,13,9,0,0,0
2021-06-26 03:30,12,5,7,0,0,0
2021-06-26 03:45,12,2,10,0,0,0
2021-06-26 04:00,14,4,10,0,0,0
2021-06-26 04:15,9,6,3,0,0,0
2021-06-26 04:30,4,0,4,0,0,0
2021-06-26 04:45,5,4,1,0,0,0
2021-06-26 05:00,4,0,4,0,0,0
2021-06-26 05:15,8,4,4,0,0,0
2021-06-26 05:30,10,3,7,0,0,0
2021-06-26 05:45,7,5,2,0,0,0
2021-06-26 06:00,9,7,2,0,0,0
2021-06-26 06:15,2,2,0,0,0,0
2021-06-26 06:30,5,5,0,0,0,0
2021-06-26 06:45,12,9,3,0,0,0
2021-06-26 07:00,28,23,5,0,0,0
2021-06-26 07:15,15,4,11,0,0,0
2021-06-26 07:30,26,16,10,0,0,0
2021-06-26 07:45,40,28,12,0,0,0
2021-06-26 08:00,48,27,21,0,0,0
2021-06-26 08:15,34,17,17,0,0,0
2021-06-26 08:30,55,30,25,0,0,0
2021-06-26 08:45,61,40,21,0,0,0
2021-06-26 09:00,70,39,31,0,0,0
2021-06-26 09:15,79,52,27,0,0,0
2021-06-26 09:30,105,81,24,0,0,0
2021-06-26 09:45,149,103,46,0,0,0
2021-06-26 10:00,105,66,39,0,0,0
2021-06-26 10:15,153,108,45,0,0,0
2021-06-26 10:30,157,106,51,0,0,0
2021-06-26 10:45,164,108,56,0,0,0
2021-06-26 11:00,138,86,52,0,0,0
2021-06-26 11:15,158,81,77,0,0,0
2021-06-26 11:30,176,69,107,0,0,0
2021-06-26 11:45,207,108,99,0,0,0
2021-06-26 12:00,183,102,81,0,0,0
2021-06-26 12:15,181,93,88,0,0,0
2021-06-26 12:30,157,82,75,0,0,0
2021-06-26 12:45,181,94,87,0,0,0
2021-06-26 13:00,163,63,100,0,0,0
2021-06-26 13:15,168,69,99,0,0,0
2021-06-26 13:30,169,75,94,0,0,0
2021-06-26 13:45,153,56,97,0,0,0
2021-06-26 14:00,168,82,86,0,0,0
2021-06-26 14:15,157,69,88,0,0,0
2021-06-26 14:30,167,64,103,0,0,0
2021-06-26 14:45,169,83,86,0,0,0
2021-06-26 15:00,160,61,99,0,0,0
2021-06-26 15:15,150,68,82,0,0,0
2021-06-26 15:30,116,38,78,0,0,0
2021-06-26 15:45,148,55,93,0,0,0
2021-06-26 16:00,140,46,94,0,0,0
2021-06-26 16:15,130,46,84,0,0,0
2021-06-26 16:30,126,43,83,0,0,0
2021-06-26 16:45,146,57,89,0,0,0
2021-06-26 17:00,152,63,89,0,0,0
2021-06-26 17:15,145,44,101,0,0,0
2021-06-26 17:30,110,53,57,0,0,0
2021-06-26 17:45,146,57,89,0,0,0
2021-06-26 18:00,132,52,80,0,0,0
2021-06-26 18:15,159,70,89,0,0,0
2021-06-26 18:30,126,43,83,0,0,0
2021-06-26 18:45,136,69,67,0,0,0
2021-06-26 19:00,143,65,78,0,0,0
2021-06-26 19:15,105,44,61,0,0,0
2021-06-26 19:30,98,40,58,0,0,0
2021-06-26 19:45,109,48,61,0,0,0
2021-06-26 20:00,96,40,56,0,0,0
2021-06-26 20:15,60,30,30,0,0,0
2021-06-26 20:30,75,28,47,0,0,0
2021-06-26 20:45,67,33,34,0,0,0
2021-06-26 21:00,57,21,36,0,0,0
2021-06-26 21:15,67,20,47,0,0,0
2021-06-26 21:30,61,30,31,0,0,0
2021-06-26 21:45,54,20,34,0,0,0
2021-06-26 22:00,32,16,16,0,0,0
2021-06-26 22:15,50,12,38,0,0,0
2021-06-26 22:30,61,36,25,0,0,0
2021-06-26 22:45,34,11,23,0,0,0
2021-06-26 23:00,41,12,29,0,0,0
2021-06-26 23:15,52,19,33,0,0,0
2021-06-26 23:30,47,14,33,0,0,0
2021-06-26 23:45,55,16,39,0,0,0
2021-06-27 00:00,59,14,45,0,0,0
2021-06-27 00:15,31,8,23,0,0,0
2021-06-27 00:30,38,6,32,0,0,0
2021-06-27 00:45,28,11,17,0,0,0
2021-06-27 01:00,34,4,30,0,0,0
2021-06-27 01:15,28,9,19,0,0,0
2021-06-27 01:30,31,15,16,0,0,0
2021-06-27 01:45,28,10,18,0,0,0
2021-06-27 02:00,33,8,25,0,0,0
2021-06-27 02:15,24,14,10,0,0,0
2021-06-27 02:30,21,5,16,0,0,0
2021-06-27 02:45,12,2,10,0,0,0
2021-06-27 03:00,14,6,8,0,0,0
2021-06-27 03:15,12,3,9,0,0,0
2021-06-27 03:30,7,2,5,0,0,0
2021-06-27 03:45,10,1,9,0,0,0
2021-06-27 04:00,8,0,8,0,0,0
2021-06-27 04:15,13,3,10,0,0,0
2021-06-27 04:30,3,2,1,0,0,0
2021-06-27 04:45,4,0,4,0,0,0
2021-06-27 05:00,2,0,2,0,0,0
2021-06-27 05:15,3,2,1,0,0,0
2021-06-27 05:30,6,2,4,0,0,0
2021-06-27 05:45,6,2,4,0,0,0
2021-06-27 06:00,3,2,1,0,0,0
2021-06-27 06:15,9,4,5,0,0,0
2021-06-27 06:30,6,1,5,0,0,0
2021-06-27 06:45,6,3,3,0,0,0
2021-06-27 07:00,4,1,3,0,0,0
2021-06-27 07:15,5,2,3,0,0,0
2021-06-27 07:30,8,2,6,0,0,0
2021-06-27 07:45,11,10,1,0,0,0
2021-06-27 08:00,14,6,8,0,0,0
2021-06-27 08:15,15,6,9,0,0,0
2021-06-27 08:30,13,8,5,0,0,0
2021-06-27 08:45,16,10,6,0,0,0
2021-06-27 09:00,22,14,8,0,0,0
2021-06-27 09:15,23,16,7,0,0,0
2021-06-27 09:30,46,24,22,0,0,0
2021-06-27 09:45,54,31,23,0,0,0
2021-06-27 10:00,44,29,15,0,0,0
2021-06-27 10:15,38,15,23,0,0,0
2021-06-27 10:30,39,20,19,0,0,0
2021-06-27 10:45,49,24,25,0,0,0
2021-06-27 11:00,48,19,29,0,0,0
2021-06-27 11:15,46,27,19,0,0,0
2021-06-27 11:30,52,34,18,0,0,0
2021-06-27 11:45,89,43,46,0,0,0
2021-06-27 12:00,71,36,35,0,0,0
2021-06-27 12:15,70,38,32,0,0,0
2021-06-27 12:30,69,38,31,0,0,0
2021-06-27 12:45,93,43,50,0,0,0
2021-06-27 13:00,74,46,28,0,0,0
2021-06-27 13:15,95,55,40,0,0,0
2021-06-27 13:30,98,44,54,0,0,0
2021-06-27 13:45,95,47,48,0,0,0
2021-06-27 14:00,93,46,47,0,0,0
2021-06-27 14:15,112,45,67,0,0,0
2021-06-27 14:30,90,45,45,0,0,0
2021-06-27 14:45,133,68,65,0,0,0
2021-06-27 15:00,93,35,58,0,0,0
2021-06-27 15:15,84,34,50,0,0,0
2021-06-27 15:30,102,46,56,0,0,0
2021-06-27 15:45,117,39,78,0,0,0
2021-06-27 16:00,92,44,48,0,0,0
2021-06-27 16:15,78,37,41,0,0,0
2021-06-27 16:30,102,50,52,0,0,0
2021-06-27 16:45,92,44,48,0,0,0
2021-06-27 17:00,112,47,65,0,0,0
2021-06-27 17:15,100,43,57,0,0,0
2021-06-27 17:30,81,41,40,0,0,0
2021-06-27 17:45,122,59,63,0,0,0
2021-06-27 18:00,102,36,66,0,0,0
2021-06-27 18:15,119,39,80,0,0,0
2021-06-27 18:30,106,32,74,0,0,0
2021-06-27 18:45,100,37,63,0,0,0
2021-06-27 19:00,97,21,76,0,0,0
2021-06-27 19:15,86,27,59,0,0,0
2021-06-27 19:30,85,31,54,0,0,0
2021-06-27 19:45,76,40,36,0,0,0
2021-06-27 20:00,73,31,42,0,0,0
2021-06-27 20:15,81,21,60,0,0,0
2021-06-27 20:30,60,20,40,0,0,0
2021-06-27 20:45,61,27,34,0,0,0
2021-06-27 21:00,47,15,32,0,0,0
2021-06-27 21:15,37,9,28,0,0,0
2021-06-27 21:30,27,10,17,0,0,0
2021-06-27 21:45,25,7,18,0,0,0
2021-06-27 22:00,18,4,14,0,0,0
2021-06-27 22:15,13,6,7,0,0,0
2021-06-27 22:30,23,8,15,0,0,0
2021-06-27 22:45,15,2,13,0,0,0
2021-06-27 23:00,30,12,18,0,0,0
2021-06-27 23:15,20,8,12,0,0,0
2021-06-27 23:30,15,1,14,0,0,0
2021-06-27 23:45,3,2,1,0,0,0
2021-06-28 00:00,8,3,5,0,0,0
2021-06-28 00:15,7,1,6,0,0,0
2021-06-28 00:30,1,0,1,0,0,0
2021-06-28 00:45,6,2,4,0,0,0
2021-06-28 01:00,6,0,6,0,0,0
2021-06-28 01:15,2,1,1,0,0,0
2021-06-28 01:30,0,0,0,0,0,0
2021-06-28 01:45,1,0,1,0,0,0
2021-06-28 02:00,1,0,1,0,0,0
2021-06-28 02:15,0,0,0,0,0,0
2021-06-28 02:30,1,1,0,0,0,0
2021-06-28 02:45,1,1,0,0,0,0
2021-06-28 03:00,0,0,0,0,0,0
2021-06-28 03:15,0,0,0,0,0,0
2021-06-28 03:30,0,0,0,0,0,0
2021-06-28 03:45,2,1,1,0,0,0
2021-06-28 04:00,0,0,0,0,0,0
2021-06-28 04:15,1,1,0,0,0,0
2021-06-28 04:30,4,3,1,0,0,0
2021-06-28 04:45,5,4,1,0,0,0
2021-06-28 05:00,6,4,2,0,0,0
2021-06-28 05:15,10,7,3,0,0,0
2021-06-28 05:30,16,12,4,0,0,0
2021-06-28 05:45,19,14,5,0,0,0
2021-06-28 06:00,27,17,10,0,0,0
2021-06-28 06:15,40,33,7,0,0,0
2021-06-28 06:30,46,28,18,0,0,0
2021-06-28 06:45,63,48,15,0,0,0
2021-06-28 07:00,72,41,31,0,0,0
2021-06-28 07:15,101,64,37,0,0,0
2021-06-28 07:30,140,85,55,0,0,0
2021-06-28 07:45,188,112,76,0,0,0
2021-06-28 08:00,137,88,49,0,0,0
2021-06-28 08:15,149,96,53,0,0,0
2021-06-28 08:30,129,92,37,0,0,0
2021-06-28 08:45,125,71,54,0,0,0
2021-06-28 09:00,102,65,37,0,0,0
2021-06-28 09:15,110,75,35,0,0,0
2021-06-28 09:30,120,87,33,0,0,0
2021-06-28 09:45,118,85,33,0,0,0
2021-06-28 10:00,103,56,47,0,0,0
2021-06-28 10:15,128,71,57,0,0,0
2021-06-28 10:30,88,48,40,0,0,0
2021-06-28 10:45,147,77,70,0,0,0
2021-06-28 11:00,115,53,62,0,0,0
2021-06-28 11:15,131,64,67,0,0,0
2021-06-28 11:30,143,72,71,0,0,0
2021-06-28 11:45,146,66,80,0,0,0
2021-06-28 12:00,119,41,78,0,0,0
2021-06-28 12:15,160,62,98,0,0,0
2021-06-28 12:30,140,58,82,0,0,0
2021-06-28 12:45,153,67,86,0,0,0
2021-06-28 13:00,166,54,112,0,0,0
2021-06-28 13:15,140,49,91,0,0,0
2021-06-28 13:30,147,56,91,0,0,0
2021-06-28 13:45,151,80,71,0,0,0
2021-06-28 14:00,137,48,89,0,0,0
2021-06-28 14:15,207,81,126,0,0,0
2021-06-28 14:30,160,67,93,0,0,0
2021-06-28 14:45,143,43,100,0,0,0
2021-06-28 15:00,88,25,63,0,0,0
2021-06-28 15:15,110,36,74,0,0,0
2021-06-28 15:30,118,50,68,0,0,0
2021-06-28 15:45,173,66,107,0,0,0
2021-06-28 16:00,162,59,103,0,0,0
2021-06-28 16:15,174,76,98,0,0,0
2021-06-28 16:30,148,61,87,0,0,0
2021-06-28 16:45,193,80,113,0,0,0
2021-06-28 17:00,209,88,121,0,0,0
2021-06-28 17:15,180,70,110,0,0,0
2021-06-28 17:30,179,66,113,0,0,0
2021-06-28 17:45,235,81,154,0,0,0
2021-06-28 18:00,113,38,75,0,0,0
2021-06-28 18:15,158,58,100,0,0,0
2021-06-28 18:30,140,55,85,0,0,0
2021-06-28 18:45,150,62,88,0,0,0
2021-06-28 19:00,118,50,68,0,0,0
2021-06-28 19:15,118,46,72,0,0,0
2021-06-28 19:30,108,48,60,0,0,0
2021-06-28 19:45,92,39,53,0,0,0
2021-06-28 20:00,88,28,60,0,0,0
2021-06-28 20:15,60,24,36,0,0,0
2021-06-28 20:30,53,20,33,0,0,0
2021-06-28 20:45,73,29,44,0,0,0
2021-06-28 21:00,55,21,34,0,0,0
2021-06-28 21:15,57,19,38,0,0,0
2021-06-28 21:30,43,20,23,0,0,0
2021-06-28 21:45,35,11,24,0,0,0
2021-06-28 22:00,47,17,30,0,0,0
2021-06-28 22:15,40,14,26,0,0,0
2021-06-28 22:30,34,12,22,0,0,0
2021-06-28 22:45,31,10,21,0,0,0
2021-06-28 23:00,30,9,21,0,0,0
2021-06-28 23:15,32,12,20,0,0,0
2021-06-28 23:30,9,4,5,0,0,0
2021-06-28 23:45,26,11,15,0,0,0
2021-06-29 00:00,35,12,23,0,0,0
2021-06-29 00:15,19,7,12,0,0,0
2021-06-29 00:30,8,3,5,0,0,0
2021-06-29 00:45,7,3,4,0,0,0
2021-06-29 01:00,8,2,6,0,0,0
2021-06-29 01:15,3,2,1,0,0,0
2021-06-29 01:30,4,3,1,0,0,0
2021-06-29 01:45,3,0,3,0,0,0
2021-06-29 02:00,8,1,7,0,0,0
2021-06-29 02:15,0,0,0,0,0,0
2021-06-29 02:30,3,1,2,0,0,0
2021-06-29 02:45,0,0,0,0,0,0
2021-06-29 03:00,0,0,0,0,0,0
2021-06-29 03:15,1,0,1,0,0,0
2021-06-29 03:30,2,0,2,0,0,0
2021-06-29 03:45,0,0,0,0,0,0
2021-06-29 04:00,1,0,1,0,0,0
2021-06-29 04:15,3,2,1,0,0,0
2021-06-29 04:30,4,4,0,0,0,0
2021-06-29 04:45,5,3,2,0,0,0
2021-06-29 05:00,5,4,1,0,0,0
2021-06-29 05:15,9,7,2,0,0,0
2021-06-29 05:30,19,10,9,0,0,0
2021-06-29 05:45,20,14,6,0,0,0
2021-06-29 06:00,27,20,7,0,0,0
2021-06-29 06:15,36,25,11,0,0,0
2021-06-29 06:30,27,20,7,0,0,0
2021-06-29 06:45,66,42,24,0,0,0
2021-06-29 07:00,79,52,27,0,0,0
2021-06-29 07:15,93,56,37,0,0,0
2021-06-29 07:30,131,95,36,0,0,0
2021-06-29 07:45,175,116,59,0,0,0
2021-06-29 08:00,133,78,55,0,0,0
2021-06-29 08:15,140,88,52,0,0,0
2021-06-29 08:30,140,87,53,0,0,0
2021-06-29 08:45,114,71,43,0,0,0
2021-06-29 09:00,106,65,41,0,0,0
2021-06-29 09:15,92,54,38,0,0,0
2021-06-29 09:30,116,67,49,0,0,0
2021-06-29 09:45,124,74,50,0,0,0
2021-06-29 10:00,81,46,35,0,0,0
2021-06-29 10:15,93,55,38,0,0,0
2021-06-29 10:30,118,67,51,0,0,0
2021-06-29 10:45,123,72,51,0,0,0
2021-06-29 11:00,112,49,63,0,0,0
2021-06-29 11:15,100,41,59,0,0,0
2021-06-29 11:30,135,64,71,0,0,0
2021-06-29 11:45,132,64,68,0,0,0
2021-06-29 12:00,154,65,89,0,0,0
2021-06-29 12:15,146,72,74,0,0,0
2021-06-29 12:30,124,47,77,0,0,0
2021-06-29 12:45,137,58,79,0,0,0
2021-06-29 13:00,157,55,102,0,0,0
2021-06-29 13:15,140,54,86,0,0,0
2021-06-29 13:30,138,61,77,0,0,0
2021-06-29 13:45,144,63,81,0,0,0
2021-06-29 14:00,107,47,60,0,0,0
2021-06-29 14:15,158,60,98,0,0,0
2021-06-29 14:30,164,64,100,0,0,0
2021-06-29 14:45,184,87,97,0,0,0
2021-06-29 15:00,159,62,97,0,0,0
2021-06-29 15:15,184,63,121,0,0,0
2021-06-29 15:30,189,72,117,0,0,0
2021-06-29 15:45,189,71,118,0,0,0
2021-06-29 16:00,170,74,96,0,0,0
2021-06-29 16:15,209,87,122,0,0,0
2021-06-29 16:30,228,95,133,0,0,0
2021-06-29 16:45,274,122,152,0,0,0
2021-06-29 17:00,287,116,171,0,0,0
2021-06-29 17:15,312,135,177,0,0,0
2021-06-29 17:30,324,126,198,0,0,0
2021-06-29 17:45,274,113,161,0,0,0
2021-06-29 18:00,167,53,114,0,0,0
2021-06-29 18:15,124,42,82,0,0,0
2021-06-29 18:30,101,34,67,0,0,0
2021-06-29 18:45,90,32,58,0,0,0
2021-06-29 19:00,92,30,62,0,0,0
2021-06-29 19:15,65,25,40,0,0,0
2021-06-29 19:30,60,18,42,0,0,0
2021-06-29 19:45,60,18,42,0,0,0
2021-06-29 20:00,111,45,66,0,0,0
2021-06-29 20:15,92,44,48,0,0,0
2021-06-29 20:30,91,38,53,0,0,0
2021-06-29 20:45,89,30,59,0,0,0
2021-06-29 21:00,78,24,54,0,0,0
2021-06-29 21:15,82,30,52,0,0,0
2021-06-29 21:30,75,17,58,0,0,0
2021-06-29 21:45,83,32,51,0,0,0
2021-06-29 22:00,104,31,73,0,0,0
2021-06-29 22:15,75,24,51,0,0,0
2021-06-29 22:30,44,13,31,0,0,0
2021-06-29 22:45,65,24,41,0,0,0
2021-06-29 23:00,60,19,41,0,0,0
2021-06-29 23:15,32,18,14,0,0,0
2021-06-29 23:30,37,17,20,0,0,0
2021-06-29 23:45,31,13,18,0,0,0
