Datetime,100034980 (Hammer Straße),101034980 (Hammer Straße stadteinwärts),102034980 (Hammer Straße stadtauswärts),100034980-status,101034980-status,102034980-status
2021-03-01 00:00,1,0,1,0,0,0
2021-03-01 00:15,1,0,1,0,0,0
2021-03-01 00:30,1,1,0,0,0,0
2021-03-01 00:45,3,1,2,0,0,0
2021-03-01 01:00,1,1,0,0,0,0
2021-03-01 01:15,1,0,1,0,0,0
2021-03-01 01:30,0,0,0,0,0,0
2021-03-01 01:45,1,0,1,0,0,0
2021-03-01 02:00,0,0,0,0,0,0
2021-03-01 02:15,0,0,0,0,0,0
2021-03-01 02:30,0,0,0,0,0,0
2021-03-01 02:45,0,0,0,0,0,0
2021-03-01 03:00,0,0,0,0,0,0
2021-03-01 03:15,0,0,0,0,0,0
2021-03-01 03:30,2,0,2,0,0,0
2021-03-01 03:45,0,0,0,0,0,0
2021-03-01 04:00,0,0,0,0,0,0
2021-03-01 04:15,3,3,0,0,0,0
2021-03-01 04:30,2,2,0,0,0,0
2021-03-01 04:45,6,5,1,0,0,0
2021-03-01 05:00,4,3,1,0,0,0
2021-03-01 05:15,7,4,3,0,0,0
2021-03-01 05:30,16,13,3,0,0,0
2021-03-01 05:45,13,10,3,0,0,0
2021-03-01 06:00,12,10,2,0,0,0
2021-03-01 06:15,32,25,7,0,0,0
2021-03-01 06:30,35,24,11,0,0,0
2021-03-01 06:45,53,28,25,0,0,0
2021-03-01 07:00,73,43,30,0,0,0
2021-03-01 07:15,91,52,39,0,0,0
2021-03-01 07:30,110,59,51,0,0,0
2021-03-01 07:45,136,95,41,0,0,0
2021-03-01 08:00,98,60,38,0,0,0
2021-03-01 08:15,118,63,55,0,0,0
2021-03-01 08:30,93,64,29,0,0,0
2021-03-01 08:45,100,61,39,0,0,0
2021-03-01 09:00,75,44,31,0,0,0
2021-03-01 09:15,75,44,31,0,0,0
2021-03-01 09:30,71,46,25,0,0,0
2021-03-01 09:45,93,61,32,0,0,0
2021-03-01 10:00,61,26,35,0,0,0
2021-03-01 10:15,57,35,22,0,0,0
2021-03-01 10:30,77,39,38,0,0,0
2021-03-01 10:45,93,49,44,0,0,0
2021-03-01 11:00,82,33,49,0,0,0
2021-03-01 11:15,96,44,52,0,0,0
2021-03-01 11:30,61,32,29,0,0,0
2021-03-01 11:45,90,45,45,0,0,0
2021-03-01 12:00,95,44,51,0,0,0
2021-03-01 12:15,81,46,35,0,0,0
2021-03-01 12:30,90,41,49,0,0,0
2021-03-01 12:45,102,45,57,0,0,0
2021-03-01 13:00,104,38,66,0,0,0
2021-03-01 13:15,90,33,57,0,0,0
2021-03-01 13:30,76,30,46,0,0,0
2021-03-01 13:45,106,54,52,0,0,0
2021-03-01 14:00,93,28,65,0,0,0
2021-03-01 14:15,97,38,59,0,0,0
2021-03-01 14:30,94,42,52,0,0,0
2021-03-01 14:45,124,45,79,0,0,0
2021-03-01 15:00,121,52,69,0,0,0
2021-03-01 15:15,122,55,67,0,0,0
2021-03-01 15:30,111,41,70,0,0,0
2021-03-01 15:45,150,66,84,0,0,0
2021-03-01 16:00,151,53,98,0,0,0
2021-03-01 16:15,149,55,94,0,0,0
2021-03-01 16:30,158,60,98,0,0,0
2021-03-01 16:45,159,79,80,0,0,0
2021-03-01 17:00,194,74,120,0,0,0
2021-03-01 17:15,148,47,101,0,0,0
2021-03-01 17:30,140,41,99,0,0,0
2021-03-01 17:45,124,38,86,0,0,0
2021-03-01 18:00,137,41,96,0,0,0
2021-03-01 18:15,112,42,70,0,0,0
2021-03-01 18:30,106,40,66,0,0,0
2021-03-01 18:45,85,34,51,0,0,0
2021-03-01 19:00,60,17,43,0,0,0
2021-03-01 19:15,56,19,37,0,0,0
2021-03-01 19:30,39,13,26,0,0,0
2021-03-01 19:45,36,12,24,0,0,0
2021-03-01 20:00,46,14,32,0,0,0
2021-03-01 20:15,32,7,25,0,0,0
2021-03-01 20:30,23,8,15,0,0,0
2021-03-01 20:45,27,7,20,0,0,0
2021-03-01 21:00,23,13,10,0,0,0
2021-03-01 21:15,17,9,8,0,0,0
2021-03-01 21:30,18,3,15,0,0,0
2021-03-01 21:45,16,7,9,0,0,0
2021-03-01 22:00,9,2,7,0,0,0
2021-03-01 22:15,12,3,9,0,0,0
2021-03-01 22:30,7,5,2,0,0,0
2021-03-01 22:45,9,5,4,0,0,0
2021-03-01 23:00,8,5,3,0,0,0
2021-03-01 23:15,5,0,5,0,0,0
2021-03-01 23:30,2,0,2,0,0,0
2021-03-01 23:45,9,1,8,0,0,0
2021-03-02 00:00,2,2,0,0,0,0
2021-03-02 00:15,5,2,3,0,0,0
2021-03-02 00:30,3,0,3,0,0,0
2021-03-02 00:45,2,0,2,0,0,0
2021-03-02 01:00,2,1,1,0,0,0
2021-03-02 01:15,4,2,2,0,0,0
2021-03-02 01:30,2,1,1,0,0,0
2021-03-02 01:45,1,1,0,0,0,0
2021-03-02 02:00,0,0,0,0,0,0
2021-03-02 02:15,1,0,1,0,0,0
2021-03-02 02:30,1,1,0,0,0,0
2021-03-02 02:45,0,0,0,0,0,0
2021-03-02 03:00,1,0,1,0,0,0
2021-03-02 03:15,1,1,0,0,0,0
2021-03-02 03:30,2,0,2,0,0,0
2021-03-02 03:45,0,0,0,0,0,0
2021-03-02 04:00,1,1,0,0,0,0
2021-03-02 04:15,2,2,0,0,0,0
2021-03-02 04:30,2,2,0,0,0,0
2021-03-02 04:45,4,3,1,0,0,0
2021-03-02 05:00,6,4,2,0,0,0
2021-03-02 05:15,2,1,1,0,0,0
2021-03-02 05:30,15,14,1,0,0,0
2021-03-02 05:45,12,12,0,0,0,0
2021-03-02 06:00,18,15,3,0,0,0
2021-03-02 06:15,21,13,8,0,0,0
2021-03-02 06:30,38,30,8,0,0,0
2021-03-02 06:45,60,32,28,0,0,0
2021-03-02 07:00,74,39,35,0,0,0
2021-03-02 07:15,111,64,47,0,0,0
2021-03-02 07:30,119,68,51,0,0,0
2021-03-02 07:45,158,111,47,0,0,0
2021-03-02 08:00,109,67,42,0,0,0
2021-03-02 08:15,124,72,52,0,0,0
2021-03-02 08:30,101,67,34,0,0,0
2021-03-02 08:45,89,54,35,0,0,0
2021-03-02 09:00,74,48,26,0,0,0
2021-03-02 09:15,88,58,30,0,0,0
2021-03-02 09:30,98,55,43,0,0,0
2021-03-02 09:45,81,51,30,0,0,0
2021-03-02 10:00,65,38,27,0,0,0
2021-03-02 10:15,86,40,46,0,0,0
2021-03-02 10:30,83,41,42,0,0,0
2021-03-02 10:45,92,46,46,0,0,0
2021-03-02 11:00,70,28,42,0,0,0
2021-03-02 11:15,82,45,37,0,0,0
2021-03-02 11:30,108,54,54,0,0,0
2021-03-02 11:45,100,47,53,0,0,0
2021-03-02 12:00,105,39,66,0,0,0
2021-03-02 12:15,108,52,56,0,0,0
2021-03-02 12:30,102,45,57,0,0,0
2021-03-02 12:45,126,64,62,0,0,0
2021-03-02 13:00,111,40,71,0,0,0
2021-03-02 13:15,102,51,51,0,0,0
2021-03-02 13:30,129,53,76,0,0,0
2021-03-02 13:45,146,66,80,0,0,0
2021-03-02 14:00,152,64,88,0,0,0
2021-03-02 14:15,141,62,79,0,0,0
2021-03-02 14:30,150,54,96,0,0,0
2021-03-02 14:45,172,63,109,0,0,0
2021-03-02 15:00,132,53,79,0,0,0
2021-03-02 15:15,156,57,99,0,0,0
2021-03-02 15:30,152,65,87,0,0,0
2021-03-02 15:45,144,54,90,0,0,0
2021-03-02 16:00,162,54,108,0,0,0
2021-03-02 16:15,160,77,83,0,0,0
2021-03-02 16:30,174,67,107,0,0,0
2021-03-02 16:45,168,53,115,0,0,0
2021-03-02 17:00,154,52,102,0,0,0
2021-03-02 17:15,175,61,114,0,0,0
2021-03-02 17:30,147,48,99,0,0,0
2021-03-02 17:45,153,46,107,0,0,0
2021-03-02 18:00,164,48,116,0,0,0
2021-03-02 18:15,127,45,82,0,0,0
2021-03-02 18:30,116,36,80,0,0,0
2021-03-02 18:45,98,32,66,0,0,0
2021-03-02 19:00,75,36,39,0,0,0
2021-03-02 19:15,95,33,62,0,0,0
2021-03-02 19:30,55,20,35,0,0,0
2021-03-02 19:45,65,21,44,0,0,0
2021-03-02 20:00,49,19,30,0,0,0
2021-03-02 20:15,36,8,28,0,0,0
2021-03-02 20:30,27,10,17,0,0,0
2021-03-02 20:45,27,12,15,0,0,0
2021-03-02 21:00,17,5,12,0,0,0
2021-03-02 21:15,32,8,24,0,0,0
2021-03-02 21:30,18,7,11,0,0,0
2021-03-02 21:45,25,9,16,0,0,0
2021-03-02 22:00,17,4,13,0,0,0
2021-03-02 22:15,19,5,14,0,0,0
2021-03-02 22:30,14,6,8,0,0,0
2021-03-02 22:45,20,4,16,0,0,0
2021-03-02 23:00,22,9,13,0,0,0
2021-03-02 23:15,13,3,10,0,0,0
2021-03-02 23:30,9,3,6,0,0,0
2021-03-02 23:45,6,2,4,0,0,0
2021-03-03 00:00,8,7,1,0,0,0
2021-03-03 00:15,3,3,0,0,0,0
2021-03-03 00:30,3,1,2,0,0,0
2021-03-03 00:45,9,2,7,0,0,0
2021-03-03 01:00,1,1,0,0,0,0
2021-03-03 01:15,2,0,2,0,0,0
2021-03-03 01:30,1,1,0,0,0,0
2021-03-03 01:45,0,0,0,0,0,0
2021-03-03 02:00,1,0,1,0,0,0
2021-03-03 02:15,0,0,0,0,0,0
2021-03-03 02:30,1,1,0,0,0,0
2021-03-03 02:45,1,1,0,0,0,0
2021-03-03 03:00,0,0,0,0,0,0
2021-03-03 03:15,0,0,0,0,0,0
2021-03-03 03:30,0,0,0,0,0,0
2021-03-03 03:45,0,0,0,0,0,0
2021-03-03 04:00,3,1,2,0,0,0
2021-03-03 04:15,2,2,0,0,0,0
2021-03-03 04:30,5,5,0,0,0,0
2021-03-03 04:45,7,5,2,0,0,0
2021-03-03 05:00,3,3,0,0,0,0
2021-03-03 05:15,10,4,6,0,0,0
2021-03-03 05:30,20,14,6,0,0,0
2021-03-03 05:45,20,20,0,0,0,0
2021-03-03 06:00,25,16,9,0,0,0
2021-03-03 06:15,31,23,8,0,0,0
2021-03-03 06:30,40,29,11,0,0,0
2021-03-03 06:45,56,37,19,0,0,0
2021-03-03 07:00,81,48,33,0,0,0
2021-03-03 07:15,116,73,43,0,0,0
2021-03-03 07:30,126,77,49,0,0,0
2021-03-03 07:45,143,103,40,0,0,0
2021-03-03 08:00,135,77,58,0,0,0
2021-03-03 08:15,134,86,48,0,0,0
2021-03-03 08:30,115,75,40,0,0,0
2021-03-03 08:45,120,80,40,0,0,0
2021-03-03 09:00,98,50,48,0,0,0
2021-03-03 09:15,91,59,32,0,0,0
2021-03-03 09:30,96,59,37,0,0,0
2021-03-03 09:45,97,62,35,0,0,0
2021-03-03 10:00,83,41,42,0,0,0
2021-03-03 10:15,105,62,43,0,0,0
2021-03-03 10:30,107,53,54,0,0,0
2021-03-03 10:45,122,73,49,0,0,0
2021-03-03 11:00,100,48,52,0,0,0
2021-03-03 11:15,93,38,55,0,0,0
2021-03-03 11:30,117,63,54,0,0,0
2021-03-03 11:45,136,73,63,0,0,0
2021-03-03 12:00,114,59,55,0,0,0
2021-03-03 12:15,107,52,55,0,0,0
2021-03-03 12:30,111,44,67,0,0,0
2021-03-03 12:45,122,59,63,0,0,0
2021-03-03 13:00,145,54,91,0,0,0
2021-03-03 13:15,146,59,87,0,0,0
2021-03-03 13:30,125,46,79,0,0,0
2021-03-03 13:45,119,50,69,0,0,0
2021-03-03 14:00,153,48,105,0,0,0
2021-03-03 14:15,134,56,78,0,0,0
2021-03-03 14:30,112,53,59,0,0,0
2021-03-03 14:45,95,43,52,0,0,0
2021-03-03 15:00,118,41,77,0,0,0
2021-03-03 15:15,132,51,81,0,0,0
2021-03-03 15:30,114,48,66,0,0,0
2021-03-03 15:45,130,58,72,0,0,0
2021-03-03 16:00,143,56,87,0,0,0
2021-03-03 16:15,177,53,124,0,0,0
2021-03-03 16:30,157,55,102,0,0,0
2021-03-03 16:45,129,43,86,0,0,0
2021-03-03 17:00,148,56,92,0,0,0
2021-03-03 17:15,136,38,98,0,0,0
2021-03-03 17:30,121,40,81,0,0,0
2021-03-03 17:45,145,57,88,0,0,0
2021-03-03 18:00,158,48,110,0,0,0
2021-03-03 18:15,111,35,76,0,0,0
2021-03-03 18:30,97,37,60,0,0,0
2021-03-03 18:45,85,29,56,0,0,0
2021-03-03 19:00,81,32,49,0,0,0
2021-03-03 19:15,71,31,40,0,0,0
2021-03-03 19:30,43,8,35,0,0,0
2021-03-03 19:45,57,18,39,0,0,0
2021-03-03 20:00,39,11,28,0,0,0
2021-03-03 20:15,31,14,17,0,0,0
2021-03-03 20:30,42,15,27,0,0,0
2021-03-03 20:45,21,9,12,0,0,0
2021-03-03 21:00,28,5,23,0,0,0
2021-03-03 21:15,21,4,17,0,0,0
2021-03-03 21:30,24,9,15,0,0,0
2021-03-03 21:45,7,3,4,0,0,0
2021-03-03 22:00,19,7,12,0,0,0
2021-03-03 22:15,28,7,21,0,0,0
2021-03-03 22:30,17,8,9,0,0,0
2021-03-03 22:45,28,10,18,0,0,0
2021-03-03 23:00,13,3,10,0,0,0
2021-03-03 23:15,8,3,5,0,0,0
2021-03-03 23:30,12,4,8,0,0,0
2021-03-03 23:45,3,1,2,0,0,0
2021-03-04 00:00,7,2,5,0,0,0
2021-03-04 00:15,6,4,2,0,0,0
2021-03-04 00:30,7,3,4,0,0,0
2021-03-04 00:45,5,2,3,0,0,0
2021-03-04 01:00,0,0,0,0,0,0
2021-03-04 01:15,2,1,1,0,0,0
2021-03-04 01:30,0,0,0,0,0,0
2021-03-04 01:45,1,1,0,0,0,0
2021-03-04 02:00,1,0,1,0,0,0
2021-03-04 02:15,5,2,3,0,0,0
2021-03-04 02:30,2,0,2,0,0,0
2021-03-04 02:45,1,1,0,0,0,0
2021-03-04 03:00,0,0,0,0,0,0
2021-03-04 03:15,0,0,0,0,0,0
2021-03-04 03:30,3,0,3,0,0,0
2021-03-04 03:45,0,0,0,0,0,0
2021-03-04 04:00,1,0,1,0,0,0
2021-03-04 04:15,3,3,0,0,0,0
2021-03-04 04:30,3,3,0,0,0,0
2021-03-04 04:45,3,3,0,0,0,0
2021-03-04 05:00,1,1,0,0,0,0
2021-03-04 05:15,9,5,4,0,0,0
2021-03-04 05:30,13,11,2,0,0,0
2021-03-04 05:45,10,10,0,0,0,0
2021-03-04 06:00,23,17,6,0,0,0
2021-03-04 06:15,16,12,4,0,0,0
2021-03-04 06:30,33,21,12,0,0,0
2021-03-04 06:45,45,23,22,0,0,0
2021-03-04 07:00,68,35,33,0,0,0
2021-03-04 07:15,84,52,32,0,0,0
2021-03-04 07:30,94,61,33,0,0,0
2021-03-04 07:45,129,91,38,0,0,0
2021-03-04 08:00,103,65,38,0,0,0
2021-03-04 08:15,116,78,38,0,0,0
2021-03-04 08:30,105,59,46,0,0,0
2021-03-04 08:45,112,73,39,0,0,0
2021-03-04 09:00,70,35,35,0,0,0
2021-03-04 09:15,71,38,33,0,0,0
2021-03-04 09:30,45,24,21,0,0,0
2021-03-04 09:45,72,41,31,0,0,0
2021-03-04 10:00,63,30,33,0,0,0
2021-03-04 10:15,59,23,36,0,0,0
2021-03-04 10:30,62,31,31,0,0,0
2021-03-04 10:45,76,39,37,0,0,0
2021-03-04 11:00,74,36,38,0,0,0
2021-03-04 11:15,68,30,38,0,0,0
2021-03-04 11:30,53,26,27,0,0,0
2021-03-04 11:45,79,36,43,0,0,0
2021-03-04 12:00,85,35,50,0,0,0
2021-03-04 12:15,71,30,41,0,0,0
2021-03-04 12:30,67,23,44,0,0,0
2021-03-04 12:45,75,34,41,0,0,0
2021-03-04 13:00,109,37,72,0,0,0
2021-03-04 13:15,88,45,43,0,0,0
2021-03-04 13:30,97,35,62,0,0,0
2021-03-04 13:45,85,41,44,0,0,0
2021-03-04 14:00,82,36,46,0,0,0
2021-03-04 14:15,94,50,44,0,0,0
2021-03-04 14:30,108,32,76,0,0,0
2021-03-04 14:45,92,45,47,0,0,0
2021-03-04 15:00,83,33,50,0,0,0
2021-03-04 15:15,82,35,47,0,0,0
2021-03-04 15:30,125,53,72,0,0,0
2021-03-04 15:45,117,51,66,0,0,0
2021-03-04 16:00,140,53,87,0,0,0
2021-03-04 16:15,114,46,68,0,0,0
2021-03-04 16:30,123,51,72,0,0,0
2021-03-04 16:45,122,53,69,0,0,0
2021-03-04 17:00,130,37,93,0,0,0
2021-03-04 17:15,113,31,82,0,0,0
2021-03-04 17:30,105,40,65,0,0,0
2021-03-04 17:45,113,36,77,0,0,0
2021-03-04 18:00,110,29,81,0,0,0
2021-03-04 18:15,97,31,66,0,0,0
2021-03-04 18:30,103,36,67,0,0,0
2021-03-04 18:45,78,26,52,0,0,0
2021-03-04 19:00,63,17,46,0,0,0
2021-03-04 19:15,60,25,35,0,0,0
2021-03-04 19:30,57,17,40,0,0,0
2021-03-04 19:45,62,21,41,0,0,0
2021-03-04 20:00,47,16,31,0,0,0
2021-03-04 20:15,43,14,29,0,0,0
2021-03-04 20:30,21,7,14,0,0,0
2021-03-04 20:45,22,6,16,0,0,0
2021-03-04 21:00,12,6,6,0,0,0
2021-03-04 21:15,19,7,12,0,0,0
2021-03-04 21:30,14,5,9,0,0,0
2021-03-04 21:45,9,3,6,0,0,0
2021-03-04 22:00,14,5,9,0,0,0
2021-03-04 22:15,7,4,3,0,0,0
2021-03-04 22:30,8,4,4,0,0,0
2021-03-04 22:45,14,5,9,0,0,0
2021-03-04 23:00,24,6,18,0,0,0
2021-03-04 23:15,9,4,5,0,0,0
2021-03-04 23:30,11,5,6,0,0,0
2021-03-04 23:45,4,3,1,0,0,0
2021-03-05 00:00,3,2,1,0,0,0
2021-03-05 00:15,7,5,2,0,0,0
2021-03-05 00:30,6,2,4,0,0,0
2021-03-05 00:45,4,0,4,0,0,0
2021-03-05 01:00,1,1,0,0,0,0
2021-03-05 01:15,5,4,1,0,0,0
2021-03-05 01:30,3,0,3,0,0,0
2021-03-05 01:45,0,0,0,0,0,0
2021-03-05 02:00,1,0,1,0,0,0
2021-03-05 02:15,0,0,0,0,0,0
2021-03-05 02:30,5,5,0,0,0,0
2021-03-05 02:45,5,0,5,0,0,0
2021-03-05 03:00,0,0,0,0,0,0
2021-03-05 03:15,0,0,0,0,0,0
2021-03-05 03:30,3,1,2,0,0,0
2021-03-05 03:45,0,0,0,0,0,0
2021-03-05 04:00,1,1,0,0,0,0
2021-03-05 04:15,2,1,1,0,0,0
2021-03-05 04:30,3,3,0,0,0,0
2021-03-05 04:45,8,8,0,0,0,0
2021-03-05 05:00,4,4,0,0,0,0
2021-03-05 05:15,5,4,1,0,0,0
2021-03-05 05:30,17,13,4,0,0,0
2021-03-05 05:45,8,6,2,0,0,0
2021-03-05 06:00,18,13,5,0,0,0
2021-03-05 06:15,21,14,7,0,0,0
2021-03-05 06:30,30,18,12,0,0,0
2021-03-05 06:45,56,31,25,0,0,0
2021-03-05 07:00,71,35,36,0,0,0
2021-03-05 07:15,76,46,30,0,0,0
2021-03-05 07:30,117,72,45,0,0,0
2021-03-05 07:45,121,79,42,0,0,0
2021-03-05 08:00,89,54,35,0,0,0
2021-03-05 08:15,95,54,41,0,0,0
2021-03-05 08:30,106,59,47,0,0,0
2021-03-05 08:45,115,81,34,0,0,0
2021-03-05 09:00,66,36,30,0,0,0
2021-03-05 09:15,72,38,34,0,0,0
2021-03-05 09:30,65,37,28,0,0,0
2021-03-05 09:45,87,50,37,0,0,0
2021-03-05 10:00,57,27,30,0,0,0
2021-03-05 10:15,70,40,30,0,0,0
2021-03-05 10:30,63,32,31,0,0,0
2021-03-05 10:45,82,44,38,0,0,0
2021-03-05 11:00,75,31,44,0,0,0
2021-03-05 11:15,101,51,50,0,0,0
2021-03-05 11:30,99,45,54,0,0,0
2021-03-05 11:45,106,53,53,0,0,0
2021-03-05 12:00,91,37,54,0,0,0
2021-03-05 12:15,102,50,52,0,0,0
2021-03-05 12:30,114,63,51,0,0,0
2021-03-05 12:45,123,50,73,0,0,0
2021-03-05 13:00,128,52,76,0,0,0
2021-03-05 13:15,126,43,83,0,0,0
2021-03-05 13:30,119,33,86,0,0,0
2021-03-05 13:45,129,53,76,0,0,0
2021-03-05 14:00,144,32,112,0,0,0
2021-03-05 14:15,137,55,82,0,0,0
2021-03-05 14:30,125,49,76,0,0,0
2021-03-05 14:45,150,64,86,0,0,0
2021-03-05 15:00,124,56,68,0,0,0
2021-03-05 15:15,132,45,87,0,0,0
2021-03-05 15:30,121,56,65,0,0,0
2021-03-05 15:45,125,48,77,0,0,0
2021-03-05 16:00,151,46,105,0,0,0
2021-03-05 16:15,134,54,80,0,0,0
2021-03-05 16:30,111,55,56,0,0,0
2021-03-05 16:45,107,41,66,0,0,0
2021-03-05 17:00,121,41,80,0,0,0
2021-03-05 17:15,116,41,75,0,0,0
2021-03-05 17:30,127,42,85,0,0,0
2021-03-05 17:45,135,50,85,0,0,0
2021-03-05 18:00,117,35,82,0,0,0
2021-03-05 18:15,99,34,65,0,0,0
2021-03-05 18:30,87,29,58,0,0,0
2021-03-05 18:45,70,24,46,0,0,0
2021-03-05 19:00,72,15,57,0,0,0
2021-03-05 19:15,70,24,46,0,0,0
2021-03-05 19:30,49,19,30,0,0,0
2021-03-05 19:45,65,31,34,0,0,0
2021-03-05 20:00,50,17,33,0,0,0
2021-03-05 20:15,27,7,20,0,0,0
2021-03-05 20:30,28,13,15,0,0,0
2021-03-05 20:45,27,9,18,0,0,0
2021-03-05 21:00,39,18,21,0,0,0
2021-03-05 21:15,17,4,13,0,0,0
2021-03-05 21:30,22,7,15,0,0,0
2021-03-05 21:45,22,6,16,0,0,0
2021-03-05 22:00,14,5,9,0,0,0
2021-03-05 22:15,12,4,8,0,0,0
2021-03-05 22:30,9,2,7,0,0,0
2021-03-05 22:45,19,9,10,0,0,0
2021-03-05 23:00,10,3,7,0,0,0
2021-03-05 23:15,13,9,4,0,0,0
2021-03-05 23:30,9,6,3,0,0,0
2021-03-05 23:45,12,5,7,0,0,0
2021-03-06 00:00,20,5,15,0,0,0
2021-03-06 00:15,10,5,5,0,0,0
2021-03-06 00:30,22,6,16,0,0,0
2021-03-06 00:45,8,5,3,0,0,0
2021-03-06 01:00,10,2,8,0,0,0
2021-03-06 01:15,9,2,7,0,0,0
2021-03-06 01:30,8,2,6,0,0,0
2021-03-06 01:45,4,4,0,0,0,0
2021-03-06 02:00,10,4,6,0,0,0
2021-03-06 02:15,3,3,0,0,0,0
2021-03-06 02:30,4,2,2,0,0,0
2021-03-06 02:45,0,0,0,0,0,0
2021-03-06 03:00,4,0,4,0,0,0
2021-03-06 03:15,4,3,1,0,0,0
2021-03-06 03:30,5,2,3,0,0,0
2021-03-06 03:45,8,6,2,0,0,0
2021-03-06 04:00,3,2,1,0,0,0
2021-03-06 04:15,4,2,2,0,0,0
2021-03-06 04:30,1,0,1,0,0,0
2021-03-06 04:45,3,0,3,0,0,0
2021-03-06 05:00,1,1,0,0,0,0
2021-03-06 05:15,4,4,0,0,0,0
2021-03-06 05:30,13,8,5,0,0,0
2021-03-06 05:45,10,8,2,0,0,0
2021-03-06 06:00,8,8,0,0,0,0
2021-03-06 06:15,6,5,1,0,0,0
2021-03-06 06:30,9,5,4,0,0,0
2021-03-06 06:45,6,4,2,0,0,0
2021-03-06 07:00,8,4,4,0,0,0
2021-03-06 07:15,11,10,1,0,0,0
2021-03-06 07:30,15,12,3,0,0,0
2021-03-06 07:45,38,19,19,0,0,0
2021-03-06 08:00,31,21,10,0,0,0
2021-03-06 08:15,43,16,27,0,0,0
2021-03-06 08:30,32,15,17,0,0,0
2021-03-06 08:45,53,38,15,0,0,0
2021-03-06 09:00,45,28,17,0,0,0
2021-03-06 09:15,59,36,23,0,0,0
2021-03-06 09:30,62,31,31,0,0,0
2021-03-06 09:45,79,54,25,0,0,0
2021-03-06 10:00,61,39,22,0,0,0
2021-03-06 10:15,97,59,38,0,0,0
2021-03-06 10:30,115,65,50,0,0,0
2021-03-06 10:45,95,55,40,0,0,0
2021-03-06 11:00,109,55,54,0,0,0
2021-03-06 11:15,100,51,49,0,0,0
2021-03-06 11:30,138,51,87,0,0,0
2021-03-06 11:45,148,80,68,0,0,0
2021-03-06 12:00,120,69,51,0,0,0
2021-03-06 12:15,135,69,66,0,0,0
2021-03-06 12:30,140,71,69,0,0,0
2021-03-06 12:45,79,38,41,0,0,0
2021-03-06 13:00,102,39,63,0,0,0
2021-03-06 13:15,129,62,67,0,0,0
2021-03-06 13:30,117,56,61,0,0,0
2021-03-06 13:45,142,63,79,0,0,0
2021-03-06 14:00,131,48,83,0,0,0
2021-03-06 14:15,103,33,70,0,0,0
2021-03-06 14:30,101,46,55,0,0,0
2021-03-06 14:45,141,46,95,0,0,0
2021-03-06 15:00,136,62,74,0,0,0
2021-03-06 15:15,90,36,54,0,0,0
2021-03-06 15:30,115,51,64,0,0,0
2021-03-06 15:45,81,39,42,0,0,0
2021-03-06 16:00,92,33,59,0,0,0
2021-03-06 16:15,76,27,49,0,0,0
2021-03-06 16:30,94,37,57,0,0,0
2021-03-06 16:45,104,34,70,0,0,0
2021-03-06 17:00,78,27,51,0,0,0
2021-03-06 17:15,65,33,32,0,0,0
2021-03-06 17:30,79,31,48,0,0,0
2021-03-06 17:45,78,25,53,0,0,0
2021-03-06 18:00,88,29,59,0,0,0
2021-03-06 18:15,63,22,41,0,0,0
2021-03-06 18:30,45,15,30,0,0,0
2021-03-06 18:45,67,24,43,0,0,0
2021-03-06 19:00,44,18,26,0,0,0
2021-03-06 19:15,44,23,21,0,0,0
2021-03-06 19:30,36,18,18,0,0,0
2021-03-06 19:45,42,22,20,0,0,0
2021-03-06 20:00,30,15,15,0,0,0
2021-03-06 20:15,24,11,13,0,0,0
2021-03-06 20:30,32,12,20,0,0,0
2021-03-06 20:45,26,7,19,0,0,0
2021-03-06 21:00,24,13,11,0,0,0
2021-03-06 21:15,23,10,13,0,0,0
2021-03-06 21:30,15,7,8,0,0,0
2021-03-06 21:45,19,8,11,0,0,0
2021-03-06 22:00,19,8,11,0,0,0
2021-03-06 22:15,10,3,7,0,0,0
2021-03-06 22:30,24,16,8,0,0,0
2021-03-06 22:45,17,8,9,0,0,0
2021-03-06 23:00,11,6,5,0,0,0
2021-03-06 23:15,11,5,6,0,0,0
2021-03-06 23:30,16,7,9,0,0,0
2021-03-06 23:45,8,5,3,0,0,0
2021-03-07 00:00,15,11,4,0,0,0
2021-03-07 00:15,8,5,3,0,0,0
2021-03-07 00:30,8,6,2,0,0,0
2021-03-07 00:45,19,11,8,0,0,0
2021-03-07 01:00,6,0,6,0,0,0
2021-03-07 01:15,10,3,7,0,0,0
2021-03-07 01:30,9,4,5,0,0,0
2021-03-07 01:45,9,1,8,0,0,0
2021-03-07 02:00,9,6,3,0,0,0
2021-03-07 02:15,15,8,7,0,0,0
2021-03-07 02:30,3,1,2,0,0,0
2021-03-07 02:45,10,3,7,0,0,0
2021-03-07 03:00,3,1,2,0,0,0
2021-03-07 03:15,2,1,1,0,0,0
2021-03-07 03:30,1,0,1,0,0,0
2021-03-07 03:45,6,5,1,0,0,0
2021-03-07 04:00,2,2,0,0,0,0
2021-03-07 04:15,3,1,2,0,0,0
2021-03-07 04:30,3,2,1,0,0,0
2021-03-07 04:45,2,0,2,0,0,0
2021-03-07 05:00,0,0,0,0,0,0
2021-03-07 05:15,6,1,5,0,0,0
2021-03-07 05:30,2,1,1,0,0,0
2021-03-07 05:45,2,2,0,0,0,0
2021-03-07 06:00,4,1,3,0,0,0
2021-03-07 06:15,0,0,0,0,0,0
2021-03-07 06:30,2,0,2,0,0,0
2021-03-07 06:45,0,0,0,0,0,0
2021-03-07 07:00,2,1,1,0,0,0
2021-03-07 07:15,1,1,0,0,0,0
2021-03-07 07:30,4,4,0,0,0,0
2021-03-07 07:45,7,3,4,0,0,0
2021-03-07 08:00,4,2,2,0,0,0
2021-03-07 08:15,5,1,4,0,0,0
2021-03-07 08:30,10,6,4,0,0,0
2021-03-07 08:45,4,4,0,0,0,0
2021-03-07 09:00,5,5,0,0,0,0
2021-03-07 09:15,12,6,6,0,0,0
2021-03-07 09:30,18,9,9,0,0,0
2021-03-07 09:45,20,16,4,0,0,0
2021-03-07 10:00,6,3,3,0,0,0
2021-03-07 10:15,31,25,6,0,0,0
2021-03-07 10:30,38,25,13,0,0,0
2021-03-07 10:45,29,17,12,0,0,0
2021-03-07 11:00,37,15,22,0,0,0
2021-03-07 11:15,23,14,9,0,0,0
2021-03-07 11:30,26,13,13,0,0,0
2021-03-07 11:45,34,12,22,0,0,0
2021-03-07 12:00,40,24,16,0,0,0
2021-03-07 12:15,32,15,17,0,0,0
2021-03-07 12:30,58,31,27,0,0,0
2021-03-07 12:45,53,27,26,0,0,0
2021-03-07 13:00,50,29,21,0,0,0
2021-03-07 13:15,67,30,37,0,0,0
2021-03-07 13:30,49,19,30,0,0,0
2021-03-07 13:45,56,19,37,0,0,0
2021-03-07 14:00,48,31,17,0,0,0
2021-03-07 14:15,40,17,23,0,0,0
2021-03-07 14:30,75,33,42,0,0,0
2021-03-07 14:45,54,28,26,0,0,0
2021-03-07 15:00,49,30,19,0,0,0
2021-03-07 15:15,67,27,40,0,0,0
2021-03-07 15:30,56,28,28,0,0,0
2021-03-07 15:45,60,27,33,0,0,0
2021-03-07 16:00,62,24,38,0,0,0
2021-03-07 16:15,79,38,41,0,0,0
2021-03-07 16:30,63,27,36,0,0,0
2021-03-07 16:45,55,19,36,0,0,0
2021-03-07 17:00,66,24,42,0,0,0
2021-03-07 17:15,45,9,36,0,0,0
2021-03-07 17:30,61,24,37,0,0,0
2021-03-07 17:45,70,37,33,0,0,0
2021-03-07 18:00,69,21,48,0,0,0
2021-03-07 18:15,47,24,23,0,0,0
2021-03-07 18:30,41,18,23,0,0,0
2021-03-07 18:45,41,20,21,0,0,0
2021-03-07 19:00,46,11,35,0,0,0
2021-03-07 19:15,40,17,23,0,0,0
2021-03-07 19:30,28,12,16,0,0,0
2021-03-07 19:45,33,10,23,0,0,0
2021-03-07 20:00,24,7,17,0,0,0
2021-03-07 20:15,26,13,13,0,0,0
2021-03-07 20:30,22,8,14,0,0,0
2021-03-07 20:45,28,14,14,0,0,0
2021-03-07 21:00,10,3,7,0,0,0
2021-03-07 21:15,21,6,15,0,0,0
2021-03-07 21:30,9,6,3,0,0,0
2021-03-07 21:45,3,0,3,0,0,0
2021-03-07 22:00,12,4,8,0,0,0
2021-03-07 22:15,4,2,2,0,0,0
2021-03-07 22:30,9,1,8,0,0,0
2021-03-07 22:45,8,4,4,0,0,0
2021-03-07 23:00,5,2,3,0,0,0
2021-03-07 23:15,2,0,2,0,0,0
2021-03-07 23:30,3,2,1,0,0,0
2021-03-07 23:45,2,0,2,0,0,0
2021-03-08 00:00,2,0,2,0,0,0
2021-03-08 00:15,0,0,0,0,0,0
2021-03-08 00:30,1,0,1,0,0,0
2021-03-08 00:45,0,0,0,0,0,0
2021-03-08 01:00,3,1,2,0,0,0
2021-03-08 01:15,1,0,1,0,0,0
2021-03-08 01:30,2,1,1,0,0,0
2021-03-08 01:45,0,0,0,0,0,0
2021-03-08 02:00,2,2,0,0,0,0
2021-03-08 02:15,0,0,0,0,0,0
2021-03-08 02:30,0,0,0,0,0,0
2021-03-08 02:45,0,0,0,0,0,0
2021-03-08 03:00,3,2,1,0,0,0
2021-03-08 03:15,0,0,0,0,0,0
2021-03-08 03:30,2,2,0,0,0,0
2021-03-08 03:45,1,0,1,0,0,0
2021-03-08 04:00,0,0,0,0,0,0
2021-03-08 04:15,0,0,0,0,0,0
2021-03-08 04:30,3,3,0,0,0,0
2021-03-08 04:45,4,4,0,0,0,0
2021-03-08 05:00,4,2,2,0,0,0
2021-03-08 05:15,9,5,4,0,0,0
2021-03-08 05:30,14,11,3,0,0,0
2021-03-08 05:45,13,9,4,0,0,0
2021-03-08 06:00,20,15,5,0,0,0
2021-03-08 06:15,33,23,10,0,0,0
2021-03-08 06:30,48,27,21,0,0,0
2021-03-08 06:45,44,29,15,0,0,0
2021-03-08 07:00,71,37,34,0,0,0
2021-03-08 07:15,81,55,26,0,0,0
2021-03-08 07:30,126,86,40,0,0,0
2021-03-08 07:45,136,94,42,0,0,0
2021-03-08 08:00,85,59,26,0,0,0
2021-03-08 08:15,99,59,40,0,0,0
2021-03-08 08:30,100,60,40,0,0,0
2021-03-08 08:45,87,55,32,0,0,0
2021-03-08 09:00,72,50,22,0,0,0
2021-03-08 09:15,64,42,22,0,0,0
2021-03-08 09:30,67,49,18,0,0,0
2021-03-08 09:45,66,40,26,0,0,0
2021-03-08 10:00,72,35,37,0,0,0
2021-03-08 10:15,67,35,32,0,0,0
2021-03-08 10:30,68,37,31,0,0,0
2021-03-08 10:45,75,33,42,0,0,0
2021-03-08 11:00,81,31,50,0,0,0
2021-03-08 11:15,78,36,42,0,0,0
2021-03-08 11:30,64,32,32,0,0,0
2021-03-08 11:45,90,44,46,0,0,0
2021-03-08 12:00,90,34,56,0,0,0
2021-03-08 12:15,89,36,53,0,0,0
2021-03-08 12:30,90,45,45,0,0,0
2021-03-08 12:45,102,40,62,0,0,0
2021-03-08 13:00,119,39,80,0,0,0
2021-03-08 13:15,79,29,50,0,0,0
2021-03-08 13:30,89,36,53,0,0,0
2021-03-08 13:45,102,48,54,0,0,0
2021-03-08 14:00,100,45,55,0,0,0
2021-03-08 14:15,104,37,67,0,0,0
2021-03-08 14:30,108,47,61,0,0,0
2021-03-08 14:45,126,54,72,0,0,0
2021-03-08 15:00,105,39,66,0,0,0
2021-03-08 15:15,124,58,66,0,0,0
2021-03-08 15:30,125,50,75,0,0,0
2021-03-08 15:45,155,81,74,0,0,0
2021-03-08 16:00,167,73,94,0,0,0
2021-03-08 16:15,143,51,92,0,0,0
2021-03-08 16:30,126,43,83,0,0,0
2021-03-08 16:45,144,53,91,0,0,0
2021-03-08 17:00,133,48,85,0,0,0
2021-03-08 17:15,125,29,96,0,0,0
2021-03-08 17:30,117,33,84,0,0,0
2021-03-08 17:45,135,39,96,0,0,0
2021-03-08 18:00,100,33,67,0,0,0
2021-03-08 18:15,132,43,89,0,0,0
2021-03-08 18:30,101,28,73,0,0,0
2021-03-08 18:45,95,20,75,0,0,0
2021-03-08 19:00,73,17,56,0,0,0
2021-03-08 19:15,59,19,40,0,0,0
2021-03-08 19:30,49,17,32,0,0,0
2021-03-08 19:45,48,14,34,0,0,0
2021-03-08 20:00,52,17,35,0,0,0
2021-03-08 20:15,20,5,15,0,0,0
2021-03-08 20:30,32,7,25,0,0,0
2021-03-08 20:45,27,9,18,0,0,0
2021-03-08 21:00,15,6,9,0,0,0
2021-03-08 21:15,14,4,10,0,0,0
2021-03-08 21:30,6,4,2,0,0,0
2021-03-08 21:45,8,2,6,0,0,0
2021-03-08 22:00,10,0,10,0,0,0
2021-03-08 22:15,11,5,6,0,0,0
2021-03-08 22:30,8,2,6,0,0,0
2021-03-08 22:45,13,5,8,0,0,0
2021-03-08 23:00,3,1,2,0,0,0
2021-03-08 23:15,6,2,4,0,0,0
2021-03-08 23:30,3,0,3,0,0,0
2021-03-08 23:45,9,4,5,0,0,0
2021-03-09 00:00,3,1,2,0,0,0
2021-03-09 00:15,3,0,3,0,0,0
2021-03-09 00:30,8,2,6,0,0,0
2021-03-09 00:45,1,0,1,0,0,0
2021-03-09 01:00,0,0,0,0,0,0
2021-03-09 01:15,3,1,2,0,0,0
2021-03-09 01:30,0,0,0,0,0,0
2021-03-09 01:45,3,0,3,0,0,0
2021-03-09 02:00,0,0,0,0,0,0
2021-03-09 02:15,0,0,0,0,0,0
2021-03-09 02:30,1,0,1,0,0,0
2021-03-09 02:45,2,0,2,0,0,0
2021-03-09 03:00,0,0,0,0,0,0
2021-03-09 03:15,1,1,0,0,0,0
2021-03-09 03:30,2,0,2,0,0,0
2021-03-09 03:45,0,0,0,0,0,0
2021-03-09 04:00,0,0,0,0,0,0
2021-03-09 04:15,1,0,1,0,0,0
2021-03-09 04:30,2,2,0,0,0,0
2021-03-09 04:45,1,1,0,0,0,0
2021-03-09 05:00,3,3,0,0,0,0
2021-03-09 05:15,3,3,0,0,0,0
2021-03-09 05:30,12,8,4,0,0,0
2021-03-09 05:45,7,5,2,0,0,0
2021-03-09 06:00,17,11,6,0,0,0
2021-03-09 06:15,27,16,11,0,0,0
2021-03-09 06:30,24,16,8,0,0,0
2021-03-09 06:45,38,24,14,0,0,0
2021-03-09 07:00,61,35,26,0,0,0
2021-03-09 07:15,63,34,29,0,0,0
2021-03-09 07:30,108,68,40,0,0,0
2021-03-09 07:45,110,72,38,0,0,0
2021-03-09 08:00,87,56,31,0,0,0
2021-03-09 08:15,89,57,32,0,0,0
2021-03-09 08:30,69,37,32,0,0,0
2021-03-09 08:45,77,52,25,0,0,0
2021-03-09 09:00,49,34,15,0,0,0
2021-03-09 09:15,48,28,20,0,0,0
2021-03-09 09:30,42,31,11,0,0,0
2021-03-09 09:45,48,28,20,0,0,0
2021-03-09 10:00,33,25,8,0,0,0
2021-03-09 10:15,43,26,17,0,0,0
2021-03-09 10:30,43,12,31,0,0,0
2021-03-09 10:45,54,27,27,0,0,0
2021-03-09 11:00,32,12,20,0,0,0
2021-03-09 11:15,55,29,26,0,0,0
2021-03-09 11:30,59,25,34,0,0,0
2021-03-09 11:45,80,39,41,0,0,0
2021-03-09 12:00,59,27,32,0,0,0
2021-03-09 12:15,73,35,38,0,0,0
2021-03-09 12:30,69,31,38,0,0,0
2021-03-09 12:45,72,34,38,0,0,0
2021-03-09 13:00,80,31,49,0,0,0
2021-03-09 13:15,67,25,42,0,0,0
2021-03-09 13:30,75,34,41,0,0,0
2021-03-09 13:45,82,33,49,0,0,0
2021-03-09 14:00,90,42,48,0,0,0
2021-03-09 14:15,98,46,52,0,0,0
2021-03-09 14:30,82,31,51,0,0,0
2021-03-09 14:45,102,47,55,0,0,0
2021-03-09 15:00,91,39,52,0,0,0
2021-03-09 15:15,97,50,47,0,0,0
2021-03-09 15:30,112,48,64,0,0,0
2021-03-09 15:45,104,46,58,0,0,0
2021-03-09 16:00,99,35,64,0,0,0
2021-03-09 16:15,98,35,63,0,0,0
2021-03-09 16:30,104,34,70,0,0,0
2021-03-09 16:45,124,53,71,0,0,0
2021-03-09 17:00,111,39,72,0,0,0
2021-03-09 17:15,134,45,89,0,0,0
2021-03-09 17:30,98,33,65,0,0,0
2021-03-09 17:45,108,36,72,0,0,0
2021-03-09 18:00,114,35,79,0,0,0
2021-03-09 18:15,92,37,55,0,0,0
2021-03-09 18:30,65,25,40,0,0,0
2021-03-09 18:45,71,19,52,0,0,0
2021-03-09 19:00,79,26,53,0,0,0
2021-03-09 19:15,64,16,48,0,0,0
2021-03-09 19:30,40,16,24,0,0,0
2021-03-09 19:45,54,21,33,0,0,0
2021-03-09 20:00,46,14,32,0,0,0
2021-03-09 20:15,30,11,19,0,0,0
2021-03-09 20:30,27,12,15,0,0,0
2021-03-09 20:45,26,16,10,0,0,0
2021-03-09 21:00,23,13,10,0,0,0
2021-03-09 21:15,16,5,11,0,0,0
2021-03-09 21:30,15,6,9,0,0,0
2021-03-09 21:45,14,7,7,0,0,0
2021-03-09 22:00,10,2,8,0,0,0
2021-03-09 22:15,12,5,7,0,0,0
2021-03-09 22:30,14,5,9,0,0,0
2021-03-09 22:45,13,8,5,0,0,0
2021-03-09 23:00,17,7,10,0,0,0
2021-03-09 23:15,16,8,8,0,0,0
2021-03-09 23:30,4,2,2,0,0,0
2021-03-09 23:45,7,1,6,0,0,0
2021-03-10 00:00,5,1,4,0,0,0
2021-03-10 00:15,5,5,0,0,0,0
2021-03-10 00:30,3,0,3,0,0,0
2021-03-10 00:45,3,1,2,0,0,0
2021-03-10 01:00,3,1,2,0,0,0
2021-03-10 01:15,4,2,2,0,0,0
2021-03-10 01:30,4,2,2,0,0,0
2021-03-10 01:45,1,1,0,0,0,0
2021-03-10 02:00,1,1,0,0,0,0
2021-03-10 02:15,0,0,0,0,0,0
2021-03-10 02:30,0,0,0,0,0,0
2021-03-10 02:45,1,0,1,0,0,0
2021-03-10 03:00,0,0,0,0,0,0
2021-03-10 03:15,0,0,0,0,0,0
2021-03-10 03:30,0,0,0,0,0,0
2021-03-10 03:45,0,0,0,0,0,0
2021-03-10 04:00,0,0,0,0,0,0
2021-03-10 04:15,1,1,0,0,0,0
2021-03-10 04:30,2,2,0,0,0,0
2021-03-10 04:45,6,5,1,0,0,0
2021-03-10 05:00,3,3,0,0,0,0
2021-03-10 05:15,9,7,2,0,0,0
2021-03-10 05:30,13,7,6,0,0,0
2021-03-10 05:45,12,8,4,0,0,0
2021-03-10 06:00,16,9,7,0,0,0
2021-03-10 06:15,28,22,6,0,0,0
2021-03-10 06:30,39,28,11,0,0,0
2021-03-10 06:45,59,35,24,0,0,0
2021-03-10 07:00,90,50,40,0,0,0
2021-03-10 07:15,95,59,36,0,0,0
2021-03-10 07:30,111,70,41,0,0,0
2021-03-10 07:45,152,102,50,0,0,0
2021-03-10 08:00,117,69,48,0,0,0
2021-03-10 08:15,135,80,55,0,0,0
2021-03-10 08:30,101,68,33,0,0,0
2021-03-10 08:45,140,87,53,0,0,0
2021-03-10 09:00,90,63,27,0,0,0
2021-03-10 09:15,93,53,40,0,0,0
2021-03-10 09:30,84,53,31,0,0,0
2021-03-10 09:45,95,61,34,0,0,0
2021-03-10 10:00,92,43,49,0,0,0
2021-03-10 10:15,88,53,35,0,0,0
2021-03-10 10:30,87,46,41,0,0,0
2021-03-10 10:45,119,61,58,0,0,0
2021-03-10 11:00,108,50,58,0,0,0
2021-03-10 11:15,111,30,81,0,0,0
2021-03-10 11:30,107,54,53,0,0,0
2021-03-10 11:45,121,59,62,0,0,0
2021-03-10 12:00,129,53,76,0,0,0
2021-03-10 12:15,123,52,71,0,0,0
2021-03-10 12:30,114,49,65,0,0,0
2021-03-10 12:45,127,58,69,0,0,0
2021-03-10 13:00,135,49,86,0,0,0
2021-03-10 13:15,117,48,69,0,0,0
2021-03-10 13:30,131,60,71,0,0,0
2021-03-10 13:45,127,54,73,0,0,0
2021-03-10 14:00,127,44,83,0,0,0
2021-03-10 14:15,114,41,73,0,0,0
2021-03-10 14:30,133,55,78,0,0,0
2021-03-10 14:45,122,49,73,0,0,0
2021-03-10 15:00,107,44,63,0,0,0
2021-03-10 15:15,128,46,82,0,0,0
2021-03-10 15:30,100,45,55,0,0,0
2021-03-10 15:45,137,57,80,0,0,0
2021-03-10 16:00,131,30,101,0,0,0
2021-03-10 16:15,127,51,76,0,0,0
2021-03-10 16:30,150,48,102,0,0,0
2021-03-10 16:45,161,61,100,0,0,0
2021-03-10 17:00,163,50,113,0,0,0
2021-03-10 17:15,150,56,94,0,0,0
2021-03-10 17:30,131,49,82,0,0,0
2021-03-10 17:45,123,36,87,0,0,0
2021-03-10 18:00,137,38,99,0,0,0
2021-03-10 18:15,100,35,65,0,0,0
2021-03-10 18:30,99,28,71,0,0,0
2021-03-10 18:45,85,27,58,0,0,0
2021-03-10 19:00,86,26,60,0,0,0
2021-03-10 19:15,65,20,45,0,0,0
2021-03-10 19:30,54,13,41,0,0,0
2021-03-10 19:45,52,18,34,0,0,0
2021-03-10 20:00,41,16,25,0,0,0
2021-03-10 20:15,40,9,31,0,0,0
2021-03-10 20:30,38,13,25,0,0,0
2021-03-10 20:45,12,9,3,0,0,0
2021-03-10 21:00,25,8,17,0,0,0
2021-03-10 21:15,13,7,6,0,0,0
2021-03-10 21:30,14,7,7,0,0,0
2021-03-10 21:45,26,12,14,0,0,0
2021-03-10 22:00,13,3,10,0,0,0
2021-03-10 22:15,15,5,10,0,0,0
2021-03-10 22:30,19,5,14,0,0,0
2021-03-10 22:45,11,7,4,0,0,0
2021-03-10 23:00,19,6,13,0,0,0
2021-03-10 23:15,8,3,5,0,0,0
2021-03-10 23:30,10,9,1,0,0,0
2021-03-10 23:45,15,4,11,0,0,0
2021-03-11 00:00,10,4,6,0,0,0
2021-03-11 00:15,2,2,0,0,0,0
2021-03-11 00:30,7,4,3,0,0,0
2021-03-11 00:45,4,4,0,0,0,0
2021-03-11 01:00,4,1,3,0,0,0
2021-03-11 01:15,2,1,1,0,0,0
2021-03-11 01:30,2,1,1,0,0,0
2021-03-11 01:45,1,1,0,0,0,0
2021-03-11 02:00,2,0,2,0,0,0
2021-03-11 02:15,1,1,0,0,0,0
2021-03-11 02:30,2,1,1,0,0,0
2021-03-11 02:45,1,0,1,0,0,0
2021-03-11 03:00,1,0,1,0,0,0
2021-03-11 03:15,0,0,0,0,0,0
2021-03-11 03:30,1,0,1,0,0,0
2021-03-11 03:45,0,0,0,0,0,0
2021-03-11 04:00,0,0,0,0,0,0
2021-03-11 04:15,2,2,0,0,0,0
2021-03-11 04:30,5,4,1,0,0,0
2021-03-11 04:45,0,0,0,0,0,0
2021-03-11 05:00,4,3,1,0,0,0
2021-03-11 05:15,5,4,1,0,0,0
2021-03-11 05:30,19,9,10,0,0,0
2021-03-11 05:45,7,7,0,0,0,0
2021-03-11 06:00,11,6,5,0,0,0
2021-03-11 06:15,17,8,9,0,0,0
2021-03-11 06:30,17,10,7,0,0,0
2021-03-11 06:45,30,19,11,0,0,0
2021-03-11 07:00,52,30,22,0,0,0
2021-03-11 07:15,60,39,21,0,0,0
2021-03-11 07:30,95,56,39,0,0,0
2021-03-11 07:45,101,72,29,0,0,0
2021-03-11 08:00,82,64,18,0,0,0
2021-03-11 08:15,105,62,43,0,0,0
2021-03-11 08:30,72,49,23,0,0,0
2021-03-11 08:45,85,56,29,0,0,0
2021-03-11 09:00,53,32,21,0,0,0
2021-03-11 09:15,60,34,26,0,0,0
2021-03-11 09:30,50,30,20,0,0,0
2021-03-11 09:45,78,46,32,0,0,0
2021-03-11 10:00,64,33,31,0,0,0
2021-03-11 10:15,67,32,35,0,0,0
2021-03-11 10:30,59,22,37,0,0,0
2021-03-11 10:45,65,35,30,0,0,0
2021-03-11 11:00,67,37,30,0,0,0
2021-03-11 11:15,74,34,40,0,0,0
2021-03-11 11:30,63,28,35,0,0,0
2021-03-11 11:45,84,45,39,0,0,0
2021-03-11 12:00,62,29,33,0,0,0
2021-03-11 12:15,76,37,39,0,0,0
2021-03-11 12:30,52,14,38,0,0,0
2021-03-11 12:45,85,39,46,0,0,0
2021-03-11 13:00,101,30,71,0,0,0
2021-03-11 13:15,81,40,41,0,0,0
2021-03-11 13:30,67,29,38,0,0,0
2021-03-11 13:45,80,31,49,0,0,0
2021-03-11 14:00,62,22,40,0,0,0
2021-03-11 14:15,74,26,48,0,0,0
2021-03-11 14:30,76,30,46,0,0,0
2021-03-11 14:45,82,40,42,0,0,0
2021-03-11 15:00,86,33,53,0,0,0
2021-03-11 15:15,77,41,36,0,0,0
2021-03-11 15:30,64,22,42,0,0,0
2021-03-11 15:45,109,41,68,0,0,0
2021-03-11 16:00,102,27,75,0,0,0
2021-03-11 16:15,97,37,60,0,0,0
2021-03-11 16:30,113,36,77,0,0,0
2021-03-11 16:45,88,25,63,0,0,0
2021-03-11 17:00,98,31,67,0,0,0
2021-03-11 17:15,106,47,59,0,0,0
2021-03-11 17:30,82,28,54,0,0,0
2021-03-11 17:45,95,29,66,0,0,0
2021-03-11 18:00,88,25,63,0,0,0
2021-03-11 18:15,87,26,61,0,0,0
2021-03-11 18:30,78,21,57,0,0,0
2021-03-11 18:45,65,29,36,0,0,0
2021-03-11 19:00,68,17,51,0,0,0
2021-03-11 19:15,39,14,25,0,0,0
2021-03-11 19:30,33,5,28,0,0,0
2021-03-11 19:45,35,10,25,0,0,0
2021-03-11 20:00,49,17,32,0,0,0
2021-03-11 20:15,26,9,17,0,0,0
2021-03-11 20:30,25,14,11,0,0,0
2021-03-11 20:45,17,9,8,0,0,0
2021-03-11 21:00,28,14,14,0,0,0
2021-03-11 21:15,13,7,6,0,0,0
2021-03-11 21:30,18,11,7,0,0,0
2021-03-11 21:45,10,2,8,0,0,0
2021-03-11 22:00,10,4,6,0,0,0
2021-03-11 22:15,15,7,8,0,0,0
2021-03-11 22:30,11,3,8,0,0,0
2021-03-11 22:45,15,6,9,0,0,0
2021-03-11 23:00,16,8,8,0,0,0
2021-03-11 23:15,3,3,0,0,0,0
2021-03-11 23:30,8,5,3,0,0,0
2021-03-11 23:45,5,2,3,0,0,0
2021-03-12 00:00,6,2,4,0,0,0
2021-03-12 00:15,4,2,2,0,0,0
2021-03-12 00:30,5,2,3,0,0,0
2021-03-12 00:45,1,0,1,0,0,0
2021-03-12 01:00,0,0,0,0,0,0
2021-03-12 01:15,0,0,0,0,0,0
2021-03-12 01:30,1,1,0,0,0,0
2021-03-12 01:45,0,0,0,0,0,0
2021-03-12 02:00,0,0,0,0,0,0
2021-03-12 02:15,0,0,0,0,0,0
2021-03-12 02:30,2,0,2,0,0,0
2021-03-12 02:45,1,0,1,0,0,0
2021-03-12 03:00,1,0,1,0,0,0
2021-03-12 03:15,1,0,1,0,0,0
2021-03-12 03:30,0,0,0,0,0,0
2021-03-12 03:45,0,0,0,0,0,0
2021-03-12 04:00,1,1,0,0,0,0
2021-03-12 04:15,0,0,0,0,0,0
2021-03-12 04:30,5,2,3,0,0,0
2021-03-12 04:45,3,3,0,0,0,0
2021-03-12 05:00,3,2,1,0,0,0
2021-03-12 05:15,5,3,2,0,0,0
2021-03-12 05:30,11,4,7,0,0,0
2021-03-12 05:45,10,10,0,0,0,0
2021-03-12 06:00,16,11,5,0,0,0
2021-03-12 06:15,28,19,9,0,0,0
2021-03-12 06:30,27,17,10,0,0,0
2021-03-12 06:45,42,27,15,0,0,0
2021-03-12 07:00,67,31,36,0,0,0
2021-03-12 07:15,67,47,20,0,0,0
2021-03-12 07:30,107,58,49,0,0,0
2021-03-12 07:45,97,67,30,0,0,0
2021-03-12 08:00,77,50,27,0,0,0
2021-03-12 08:15,88,53,35,0,0,0
2021-03-12 08:30,93,48,45,0,0,0
2021-03-12 08:45,89,61,28,0,0,0
2021-03-12 09:00,69,48,21,0,0,0
2021-03-12 09:15,83,49,34,0,0,0
2021-03-12 09:30,72,47,25,0,0,0
2021-03-12 09:45,88,57,31,0,0,0
2021-03-12 10:00,65,38,27,0,0,0
2021-03-12 10:15,69,34,35,0,0,0
2021-03-12 10:30,65,38,27,0,0,0
2021-03-12 10:45,99,46,53,0,0,0
2021-03-12 11:00,94,40,54,0,0,0
2021-03-12 11:15,90,39,51,0,0,0
2021-03-12 11:30,95,50,45,0,0,0
2021-03-12 11:45,108,51,57,0,0,0
2021-03-12 12:00,109,36,73,0,0,0
2021-03-12 12:15,114,44,70,0,0,0
2021-03-12 12:30,109,40,69,0,0,0
2021-03-12 12:45,120,48,72,0,0,0
2021-03-12 13:00,102,37,65,0,0,0
2021-03-12 13:15,103,31,72,0,0,0
2021-03-12 13:30,122,42,80,0,0,0
2021-03-12 13:45,101,41,60,0,0,0
2021-03-12 14:00,106,33,73,0,0,0
2021-03-12 14:15,106,40,66,0,0,0
2021-03-12 14:30,95,30,65,0,0,0
2021-03-12 14:45,117,58,59,0,0,0
2021-03-12 15:00,75,27,48,0,0,0
2021-03-12 15:15,83,30,53,0,0,0
2021-03-12 15:30,96,37,59,0,0,0
2021-03-12 15:45,110,48,62,0,0,0
2021-03-12 16:00,90,35,55,0,0,0
2021-03-12 16:15,108,35,73,0,0,0
2021-03-12 16:30,74,25,49,0,0,0
2021-03-12 16:45,83,25,58,0,0,0
2021-03-12 17:00,84,34,50,0,0,0
2021-03-12 17:15,78,20,58,0,0,0
2021-03-12 17:30,63,30,33,0,0,0
2021-03-12 17:45,59,21,38,0,0,0
2021-03-12 18:00,78,26,52,0,0,0
2021-03-12 18:15,67,18,49,0,0,0
2021-03-12 18:30,56,18,38,0,0,0
2021-03-12 18:45,72,27,45,0,0,0
2021-03-12 19:00,75,22,53,0,0,0
2021-03-12 19:15,52,22,30,0,0,0
2021-03-12 19:30,43,17,26,0,0,0
2021-03-12 19:45,34,11,23,0,0,0
2021-03-12 20:00,30,13,17,0,0,0
2021-03-12 20:15,23,6,17,0,0,0
2021-03-12 20:30,22,7,15,0,0,0
2021-03-12 20:45,20,5,15,0,0,0
2021-03-12 21:00,22,9,13,0,0,0
2021-03-12 21:15,13,3,10,0,0,0
2021-03-12 21:30,19,4,15,0,0,0
2021-03-12 21:45,8,4,4,0,0,0
2021-03-12 22:00,12,2,10,0,0,0
2021-03-12 22:15,12,6,6,0,0,0
2021-03-12 22:30,14,5,9,0,0,0
2021-03-12 22:45,8,1,7,0,0,0
2021-03-12 23:00,7,2,5,0,0,0
2021-03-12 23:15,4,2,2,0,0,0
2021-03-12 23:30,15,5,10,0,0,0
2021-03-12 23:45,7,5,2,0,0,0
2021-03-13 00:00,16,9,7,0,0,0
2021-03-13 00:15,13,4,9,0,0,0
2021-03-13 00:30,12,5,7,0,0,0
2021-03-13 00:45,6,1,5,0,0,0
2021-03-13 01:00,7,2,5,0,0,0
2021-03-13 01:15,5,2,3,0,0,0
2021-03-13 01:30,3,3,0,0,0,0
2021-03-13 01:45,6,2,4,0,0,0
2021-03-13 02:00,1,1,0,0,0,0
2021-03-13 02:15,4,1,3,0,0,0
2021-03-13 02:30,3,2,1,0,0,0
2021-03-13 02:45,1,0,1,0,0,0
2021-03-13 03:00,3,1,2,0,0,0
2021-03-13 03:15,7,5,2,0,0,0
2021-03-13 03:30,4,3,1,0,0,0
2021-03-13 03:45,1,0,1,0,0,0
2021-03-13 04:00,3,1,2,0,0,0
2021-03-13 04:15,2,2,0,0,0,0
2021-03-13 04:30,3,0,3,0,0,0
2021-03-13 04:45,1,1,0,0,0,0
2021-03-13 05:00,1,1,0,0,0,0
2021-03-13 05:15,1,0,1,0,0,0
2021-03-13 05:30,10,4,6,0,0,0
2021-03-13 05:45,5,3,2,0,0,0
2021-03-13 06:00,3,2,1,0,0,0
2021-03-13 06:15,3,1,2,0,0,0
2021-03-13 06:30,3,3,0,0,0,0
2021-03-13 06:45,11,8,3,0,0,0
2021-03-13 07:00,9,2,7,0,0,0
2021-03-13 07:15,7,4,3,0,0,0
2021-03-13 07:30,13,5,8,0,0,0
2021-03-13 07:45,9,6,3,0,0,0
2021-03-13 08:00,19,15,4,0,0,0
2021-03-13 08:15,17,6,11,0,0,0
2021-03-13 08:30,27,17,10,0,0,0
2021-03-13 08:45,28,17,11,0,0,0
2021-03-13 09:00,25,13,12,0,0,0
2021-03-13 09:15,38,27,11,0,0,0
2021-03-13 09:30,41,33,8,0,0,0
2021-03-13 09:45,66,42,24,0,0,0
2021-03-13 10:00,62,31,31,0,0,0
2021-03-13 10:15,64,42,22,0,0,0
2021-03-13 10:30,88,47,41,0,0,0
2021-03-13 10:45,75,47,28,0,0,0
2021-03-13 11:00,76,41,35,0,0,0
2021-03-13 11:15,106,61,45,0,0,0
2021-03-13 11:30,84,39,45,0,0,0
2021-03-13 11:45,87,37,50,0,0,0
2021-03-13 12:00,69,35,34,0,0,0
2021-03-13 12:15,75,39,36,0,0,0
2021-03-13 12:30,80,53,27,0,0,0
2021-03-13 12:45,80,44,36,0,0,0
2021-03-13 13:00,76,39,37,0,0,0
2021-03-13 13:15,82,39,43,0,0,0
2021-03-13 13:30,93,32,61,0,0,0
2021-03-13 13:45,93,37,56,0,0,0
2021-03-13 14:00,68,23,45,0,0,0
2021-03-13 14:15,65,18,47,0,0,0
2021-03-13 14:30,68,17,51,0,0,0
2021-03-13 14:45,88,44,44,0,0,0
2021-03-13 15:00,57,17,40,0,0,0
2021-03-13 15:15,84,43,41,0,0,0
2021-03-13 15:30,52,21,31,0,0,0
2021-03-13 15:45,59,22,37,0,0,0
2021-03-13 16:00,31,6,25,0,0,0
2021-03-13 16:15,42,12,30,0,0,0
2021-03-13 16:30,34,12,22,0,0,0
2021-03-13 16:45,37,19,18,0,0,0
2021-03-13 17:00,33,13,20,0,0,0
2021-03-13 17:15,29,12,17,0,0,0
2021-03-13 17:30,17,8,9,0,0,0
2021-03-13 17:45,31,10,21,0,0,0
2021-03-13 18:00,38,11,27,0,0,0
2021-03-13 18:15,41,16,25,0,0,0
2021-03-13 18:30,33,10,23,0,0,0
2021-03-13 18:45,44,21,23,0,0,0
2021-03-13 19:00,50,11,39,0,0,0
2021-03-13 19:15,26,13,13,0,0,0
2021-03-13 19:30,15,6,9,0,0,0
2021-03-13 19:45,16,8,8,0,0,0
2021-03-13 20:00,40,17,23,0,0,0
2021-03-13 20:15,23,10,13,0,0,0
2021-03-13 20:30,18,11,7,0,0,0
2021-03-13 20:45,11,3,8,0,0,0
2021-03-13 21:00,15,5,10,0,0,0
2021-03-13 21:15,24,7,17,0,0,0
2021-03-13 21:30,9,2,7,0,0,0
2021-03-13 21:45,11,4,7,0,0,0
2021-03-13 22:00,11,4,7,0,0,0
2021-03-13 22:15,5,2,3,0,0,0
2021-03-13 22:30,6,4,2,0,0,0
2021-03-13 22:45,11,6,5,0,0,0
2021-03-13 23:00,5,2,3,0,0,0
2021-03-13 23:15,9,4,5,0,0,0
2021-03-13 23:30,7,5,2,0,0,0
2021-03-13 23:45,11,9,2,0,0,0
2021-03-14 00:00,10,4,6,0,0,0
2021-03-14 00:15,14,5,9,0,0,0
2021-03-14 00:30,5,2,3,0,0,0
2021-03-14 00:45,2,0,2,0,0,0
2021-03-14 01:00,6,2,4,0,0,0
2021-03-14 01:15,7,3,4,0,0,0
2021-03-14 01:30,11,6,5,0,0,0
2021-03-14 01:45,11,10,1,0,0,0
2021-03-14 02:00,10,4,6,0,0,0
2021-03-14 02:15,4,4,0,0,0,0
2021-03-14 02:30,3,1,2,0,0,0
2021-03-14 02:45,5,5,0,0,0,0
2021-03-14 03:00,6,4,2,0,0,0
2021-03-14 03:15,3,0,3,0,0,0
2021-03-14 03:30,1,0,1,0,0,0
2021-03-14 03:45,6,1,5,0,0,0
2021-03-14 04:00,1,0,1,0,0,0
2021-03-14 04:15,1,1,0,0,0,0
2021-03-14 04:30,0,0,0,0,0,0
2021-03-14 04:45,0,0,0,0,0,0
2021-03-14 05:00,1,0,1,0,0,0
2021-03-14 05:15,4,3,1,0,0,0
2021-03-14 05:30,2,2,0,0,0,0
2021-03-14 05:45,2,1,1,0,0,0
2021-03-14 06:00,2,1,1,0,0,0
2021-03-14 06:15,3,1,2,0,0,0
2021-03-14 06:30,0,0,0,0,0,0
2021-03-14 06:45,0,0,0,0,0,0
2021-03-14 07:00,3,0,3,0,0,0
2021-03-14 07:15,1,1,0,0,0,0
2021-03-14 07:30,7,4,3,0,0,0
2021-03-14 07:45,5,1,4,0,0,0
2021-03-14 08:00,5,2,3,0,0,0
2021-03-14 08:15,5,1,4,0,0,0
2021-03-14 08:30,14,6,8,0,0,0
2021-03-14 08:45,8,3,5,0,0,0
2021-03-14 09:00,8,5,3,0,0,0
2021-03-14 09:15,10,4,6,0,0,0
2021-03-14 09:30,9,6,3,0,0,0
2021-03-14 09:45,16,8,8,0,0,0
2021-03-14 10:00,11,7,4,0,0,0
2021-03-14 10:15,16,9,7,0,0,0
2021-03-14 10:30,16,9,7,0,0,0
2021-03-14 10:45,26,15,11,0,0,0
2021-03-14 11:00,11,5,6,0,0,0
2021-03-14 11:15,18,9,9,0,0,0
2021-03-14 11:30,13,9,4,0,0,0
2021-03-14 11:45,20,6,14,0,0,0
2021-03-14 12:00,25,15,10,0,0,0
2021-03-14 12:15,22,17,5,0,0,0
2021-03-14 12:30,29,10,19,0,0,0
2021-03-14 12:45,30,14,16,0,0,0
2021-03-14 13:00,31,11,20,0,0,0
2021-03-14 13:15,35,15,20,0,0,0
2021-03-14 13:30,27,14,13,0,0,0
2021-03-14 13:45,44,15,29,0,0,0
2021-03-14 14:00,43,22,21,0,0,0
2021-03-14 14:15,23,9,14,0,0,0
2021-03-14 14:30,48,19,29,0,0,0
2021-03-14 14:45,53,22,31,0,0,0
2021-03-14 15:00,56,20,36,0,0,0
2021-03-14 15:15,34,9,25,0,0,0
2021-03-14 15:30,25,11,14,0,0,0
2021-03-14 15:45,38,19,19,0,0,0
2021-03-14 16:00,35,19,16,0,0,0
2021-03-14 16:15,40,9,31,0,0,0
2021-03-14 16:30,32,11,21,0,0,0
2021-03-14 16:45,25,16,9,0,0,0
2021-03-14 17:00,34,14,20,0,0,0
2021-03-14 17:15,32,12,20,0,0,0
2021-03-14 17:30,58,23,35,0,0,0
2021-03-14 17:45,43,24,19,0,0,0
2021-03-14 18:00,31,14,17,0,0,0
2021-03-14 18:15,44,19,25,0,0,0
2021-03-14 18:30,36,13,23,0,0,0
2021-03-14 18:45,36,15,21,0,0,0
2021-03-14 19:00,51,19,32,0,0,0
2021-03-14 19:15,33,13,20,0,0,0
2021-03-14 19:30,24,10,14,0,0,0
2021-03-14 19:45,25,9,16,0,0,0
2021-03-14 20:00,36,14,22,0,0,0
2021-03-14 20:15,18,12,6,0,0,0
2021-03-14 20:30,18,5,13,0,0,0
2021-03-14 20:45,13,5,8,0,0,0
2021-03-14 21:00,21,13,8,0,0,0
2021-03-14 21:15,15,3,12,0,0,0
2021-03-14 21:30,11,1,10,0,0,0
2021-03-14 21:45,4,1,3,0,0,0
2021-03-14 22:00,7,1,6,0,0,0
2021-03-14 22:15,8,4,4,0,0,0
2021-03-14 22:30,9,5,4,0,0,0
2021-03-14 22:45,5,1,4,0,0,0
2021-03-14 23:00,8,3,5,0,0,0
2021-03-14 23:15,5,1,4,0,0,0
2021-03-14 23:30,3,1,2,0,0,0
2021-03-14 23:45,4,1,3,0,0,0
2021-03-15 00:00,3,1,2,0,0,0
2021-03-15 00:15,0,0,0,0,0,0
2021-03-15 00:30,1,1,0,0,0,0
2021-03-15 00:45,0,0,0,0,0,0
2021-03-15 01:00,1,0,1,0,0,0
2021-03-15 01:15,0,0,0,0,0,0
2021-03-15 01:30,1,1,0,0,0,0
2021-03-15 01:45,0,0,0,0,0,0
2021-03-15 02:00,0,0,0,0,0,0
2021-03-15 02:15,0,0,0,0,0,0
2021-03-15 02:30,0,0,0,0,0,0
2021-03-15 02:45,0,0,0,0,0,0
2021-03-15 03:00,0,0,0,0,0,0
2021-03-15 03:15,0,0,0,0,0,0
2021-03-15 03:30,0,0,0,0,0,0
2021-03-15 03:45,1,0,1,0,0,0
2021-03-15 04:00,1,1,0,0,0,0
2021-03-15 04:15,0,0,0,0,0,0
2021-03-15 04:30,6,5,1,0,0,0
2021-03-15 04:45,4,1,3,0,0,0
2021-03-15 05:00,5,5,0,0,0,0
2021-03-15 05:15,11,6,5,0,0,0
2021-03-15 05:30,8,6,2,0,0,0
2021-03-15 05:45,12,11,1,0,0,0
2021-03-15 06:00,13,8,5,0,0,0
2021-03-15 06:15,33,26,7,0,0,0
2021-03-15 06:30,34,20,14,0,0,0
2021-03-15 06:45,57,40,17,0,0,0
2021-03-15 07:00,68,33,35,0,0,0
2021-03-15 07:15,101,75,26,0,0,0
2021-03-15 07:30,137,90,47,0,0,0
2021-03-15 07:45,125,83,42,0,0,0
2021-03-15 08:00,114,86,28,0,0,0
2021-03-15 08:15,96,58,38,0,0,0
2021-03-15 08:30,99,73,26,0,0,0
2021-03-15 08:45,115,77,38,0,0,0
2021-03-15 09:00,73,48,25,0,0,0
2021-03-15 09:15,89,61,28,0,0,0
2021-03-15 09:30,89,52,37,0,0,0
2021-03-15 09:45,107,72,35,0,0,0
2021-03-15 10:00,71,36,35,0,0,0
2021-03-15 10:15,88,43,45,0,0,0
2021-03-15 10:30,70,34,36,0,0,0
2021-03-15 10:45,86,47,39,0,0,0
2021-03-15 11:00,82,37,45,0,0,0
2021-03-15 11:15,86,43,43,0,0,0
2021-03-15 11:30,77,38,39,0,0,0
2021-03-15 11:45,114,67,47,0,0,0
2021-03-15 12:00,94,36,58,0,0,0
2021-03-15 12:15,89,40,49,0,0,0
2021-03-15 12:30,96,36,60,0,0,0
2021-03-15 12:45,108,54,54,0,0,0
2021-03-15 13:00,81,32,49,0,0,0
2021-03-15 13:15,91,29,62,0,0,0
2021-03-15 13:30,94,36,58,0,0,0
2021-03-15 13:45,71,34,37,0,0,0
2021-03-15 14:00,100,42,58,0,0,0
2021-03-15 14:15,108,37,71,0,0,0
2021-03-15 14:30,93,36,57,0,0,0
2021-03-15 14:45,121,49,72,0,0,0
2021-03-15 15:00,96,31,65,0,0,0
2021-03-15 15:15,102,42,60,0,0,0
2021-03-15 15:30,101,31,70,0,0,0
2021-03-15 15:45,104,45,59,0,0,0
2021-03-15 16:00,109,33,76,0,0,0
2021-03-15 16:15,122,34,88,0,0,0
2021-03-15 16:30,137,57,80,0,0,0
2021-03-15 16:45,117,52,65,0,0,0
2021-03-15 17:00,132,43,89,0,0,0
2021-03-15 17:15,124,37,87,0,0,0
2021-03-15 17:30,122,42,80,0,0,0
2021-03-15 17:45,124,39,85,0,0,0
2021-03-15 18:00,110,34,76,0,0,0
2021-03-15 18:15,98,31,67,0,0,0
2021-03-15 18:30,67,22,45,0,0,0
2021-03-15 18:45,69,22,47,0,0,0
2021-03-15 19:00,79,22,57,0,0,0
2021-03-15 19:15,65,20,45,0,0,0
2021-03-15 19:30,37,7,30,0,0,0
2021-03-15 19:45,44,17,27,0,0,0
2021-03-15 20:00,49,18,31,0,0,0
2021-03-15 20:15,21,4,17,0,0,0
2021-03-15 20:30,24,5,19,0,0,0
2021-03-15 20:45,18,11,7,0,0,0
2021-03-15 21:00,20,6,14,0,0,0
2021-03-15 21:15,20,5,15,0,0,0
2021-03-15 21:30,15,4,11,0,0,0
2021-03-15 21:45,15,5,10,0,0,0
2021-03-15 22:00,14,6,8,0,0,0
2021-03-15 22:15,13,6,7,0,0,0
2021-03-15 22:30,15,6,9,0,0,0
2021-03-15 22:45,5,1,4,0,0,0
2021-03-15 23:00,8,3,5,0,0,0
2021-03-15 23:15,2,2,0,0,0,0
2021-03-15 23:30,8,3,5,0,0,0
2021-03-15 23:45,4,1,3,0,0,0
2021-03-16 00:00,2,1,1,0,0,0
2021-03-16 00:15,2,2,0,0,0,0
2021-03-16 00:30,4,2,2,0,0,0
2021-03-16 00:45,1,1,0,0,0,0
2021-03-16 01:00,2,0,2,0,0,0
2021-03-16 01:15,6,1,5,0,0,0
2021-03-16 01:30,4,0,4,0,0,0
2021-03-16 01:45,0,0,0,0,0,0
2021-03-16 02:00,2,1,1,0,0,0
2021-03-16 02:15,2,0,2,0,0,0
2021-03-16 02:30,0,0,0,0,0,0
2021-03-16 02:45,1,1,0,0,0,0
2021-03-16 03:00,0,0,0,0,0,0
2021-03-16 03:15,1,1,0,0,0,0
2021-03-16 03:30,2,0,2,0,0,0
2021-03-16 03:45,0,0,0,0,0,0
2021-03-16 04:00,2,2,0,0,0,0
2021-03-16 04:15,2,2,0,0,0,0
2021-03-16 04:30,1,1,0,0,0,0
2021-03-16 04:45,2,2,0,0,0,0
2021-03-16 05:00,5,4,1,0,0,0
2021-03-16 05:15,12,8,4,0,0,0
2021-03-16 05:30,12,6,6,0,0,0
2021-03-16 05:45,18,13,5,0,0,0
2021-03-16 06:00,14,10,4,0,0,0
2021-03-16 06:15,36,27,9,0,0,0
2021-03-16 06:30,34,23,11,0,0,0
2021-03-16 06:45,68,38,30,0,0,0
2021-03-16 07:00,76,49,27,0,0,0
2021-03-16 07:15,90,48,42,0,0,0
2021-03-16 07:30,142,82,60,0,0,0
2021-03-16 07:45,153,98,55,0,0,0
2021-03-16 08:00,117,70,47,0,0,0
2021-03-16 08:15,110,76,34,0,0,0
2021-03-16 08:30,129,74,55,0,0,0
2021-03-16 08:45,110,71,39,0,0,0
2021-03-16 09:00,75,47,28,0,0,0
2021-03-16 09:15,83,52,31,0,0,0
2021-03-16 09:30,79,40,39,0,0,0
2021-03-16 09:45,93,61,32,0,0,0
2021-03-16 10:00,65,32,33,0,0,0
2021-03-16 10:15,94,40,54,0,0,0
2021-03-16 10:30,106,54,52,0,0,0
2021-03-16 10:45,82,44,38,0,0,0
2021-03-16 11:00,83,47,36,0,0,0
2021-03-16 11:15,106,46,60,0,0,0
2021-03-16 11:30,100,47,53,0,0,0
2021-03-16 11:45,127,55,72,0,0,0
2021-03-16 12:00,120,43,77,0,0,0
2021-03-16 12:15,128,43,85,0,0,0
2021-03-16 12:30,107,52,55,0,0,0
2021-03-16 12:45,104,47,57,0,0,0
2021-03-16 13:00,138,54,84,0,0,0
2021-03-16 13:15,114,43,71,0,0,0
2021-03-16 13:30,131,52,79,0,0,0
2021-03-16 13:45,122,56,66,0,0,0
2021-03-16 14:00,133,55,78,0,0,0
2021-03-16 14:15,137,67,70,0,0,0
2021-03-16 14:30,149,57,92,0,0,0
2021-03-16 14:45,156,57,99,0,0,0
2021-03-16 15:00,104,51,53,0,0,0
2021-03-16 15:15,133,57,76,0,0,0
2021-03-16 15:30,150,66,84,0,0,0
2021-03-16 15:45,165,69,96,0,0,0
2021-03-16 16:00,148,57,91,0,0,0
2021-03-16 16:15,149,61,88,0,0,0
2021-03-16 16:30,157,64,93,0,0,0
2021-03-16 16:45,176,69,107,0,0,0
2021-03-16 17:00,159,56,103,0,0,0
2021-03-16 17:15,194,60,134,0,0,0
2021-03-16 17:30,146,28,118,0,0,0
2021-03-16 17:45,154,42,112,0,0,0
2021-03-16 18:00,167,52,115,0,0,0
2021-03-16 18:15,126,45,81,0,0,0
2021-03-16 18:30,129,45,84,0,0,0
2021-03-16 18:45,105,35,70,0,0,0
2021-03-16 19:00,74,25,49,0,0,0
2021-03-16 19:15,67,20,47,0,0,0
2021-03-16 19:30,65,23,42,0,0,0
2021-03-16 19:45,58,14,44,0,0,0
2021-03-16 20:00,45,15,30,0,0,0
2021-03-16 20:15,49,11,38,0,0,0
2021-03-16 20:30,27,7,20,0,0,0
2021-03-16 20:45,32,12,20,0,0,0
2021-03-16 21:00,30,17,13,0,0,0
2021-03-16 21:15,17,6,11,0,0,0
2021-03-16 21:30,16,8,8,0,0,0
2021-03-16 21:45,19,9,10,0,0,0
2021-03-16 22:00,18,8,10,0,0,0
2021-03-16 22:15,20,6,14,0,0,0
2021-03-16 22:30,14,6,8,0,0,0
2021-03-16 22:45,12,4,8,0,0,0
2021-03-16 23:00,8,4,4,0,0,0
2021-03-16 23:15,17,10,7,0,0,0
2021-03-16 23:30,10,4,6,0,0,0
2021-03-16 23:45,6,1,5,0,0,0
2021-03-17 00:00,7,4,3,0,0,0
2021-03-17 00:15,6,3,3,0,0,0
2021-03-17 00:30,6,2,4,0,0,0
2021-03-17 00:45,6,3,3,0,0,0
2021-03-17 01:00,2,1,1,0,0,0
2021-03-17 01:15,4,2,2,0,0,0
2021-03-17 01:30,2,1,1,0,0,0
2021-03-17 01:45,1,1,0,0,0,0
2021-03-17 02:00,2,0,2,0,0,0
2021-03-17 02:15,1,1,0,0,0,0
2021-03-17 02:30,0,0,0,0,0,0
2021-03-17 02:45,1,0,1,0,0,0
2021-03-17 03:00,2,0,2,0,0,0
2021-03-17 03:15,0,0,0,0,0,0
2021-03-17 03:30,1,0,1,0,0,0
2021-03-17 03:45,0,0,0,0,0,0
2021-03-17 04:00,1,1,0,0,0,0
2021-03-17 04:15,2,2,0,0,0,0
2021-03-17 04:30,2,1,1,0,0,0
2021-03-17 04:45,1,0,1,0,0,0
2021-03-17 05:00,7,7,0,0,0,0
2021-03-17 05:15,9,4,5,0,0,0
2021-03-17 05:30,13,7,6,0,0,0
2021-03-17 05:45,17,12,5,0,0,0
2021-03-17 06:00,16,11,5,0,0,0
2021-03-17 06:15,33,25,8,0,0,0
2021-03-17 06:30,30,19,11,0,0,0
2021-03-17 06:45,59,38,21,0,0,0
2021-03-17 07:00,80,48,32,0,0,0
2021-03-17 07:15,100,64,36,0,0,0
2021-03-17 07:30,139,83,56,0,0,0
2021-03-17 07:45,125,86,39,0,0,0
2021-03-17 08:00,137,84,53,0,0,0
2021-03-17 08:15,104,63,41,0,0,0
2021-03-17 08:30,115,84,31,0,0,0
2021-03-17 08:45,114,74,40,0,0,0
2021-03-17 09:00,86,55,31,0,0,0
2021-03-17 09:15,92,61,31,0,0,0
2021-03-17 09:30,90,60,30,0,0,0
2021-03-17 09:45,102,64,38,0,0,0
2021-03-17 10:00,68,38,30,0,0,0
2021-03-17 10:15,87,43,44,0,0,0
2021-03-17 10:30,102,55,47,0,0,0
2021-03-17 10:45,96,48,48,0,0,0
2021-03-17 11:00,101,44,57,0,0,0
2021-03-17 11:15,84,47,37,0,0,0
2021-03-17 11:30,86,32,54,0,0,0
2021-03-17 11:45,101,42,59,0,0,0
2021-03-17 12:00,100,51,49,0,0,0
2021-03-17 12:15,103,41,62,0,0,0
2021-03-17 12:30,126,50,76,0,0,0
2021-03-17 12:45,113,55,58,0,0,0
2021-03-17 13:00,137,49,88,0,0,0
2021-03-17 13:15,124,34,90,0,0,0
2021-03-17 13:30,124,46,78,0,0,0
2021-03-17 13:45,108,45,63,0,0,0
2021-03-17 14:00,128,51,77,0,0,0
2021-03-17 14:15,112,42,70,0,0,0
2021-03-17 14:30,114,46,68,0,0,0
2021-03-17 14:45,127,47,80,0,0,0
2021-03-17 15:00,115,36,79,0,0,0
2021-03-17 15:15,115,42,73,0,0,0
2021-03-17 15:30,97,40,57,0,0,0
2021-03-17 15:45,139,61,78,0,0,0
2021-03-17 16:00,131,44,87,0,0,0
2021-03-17 16:15,139,60,79,0,0,0
2021-03-17 16:30,127,46,81,0,0,0
2021-03-17 16:45,141,42,99,0,0,0
2021-03-17 17:00,155,56,99,0,0,0
2021-03-17 17:15,147,53,94,0,0,0
2021-03-17 17:30,142,50,92,0,0,0
2021-03-17 17:45,145,52,93,0,0,0
2021-03-17 18:00,142,44,98,0,0,0
2021-03-17 18:15,113,39,74,0,0,0
2021-03-17 18:30,105,30,75,0,0,0
2021-03-17 18:45,93,28,65,0,0,0
2021-03-17 19:00,79,20,59,0,0,0
2021-03-17 19:15,63,22,41,0,0,0
2021-03-17 19:30,44,11,33,0,0,0
2021-03-17 19:45,50,17,33,0,0,0
2021-03-17 20:00,44,17,27,0,0,0
2021-03-17 20:15,31,7,24,0,0,0
2021-03-17 20:30,33,4,29,0,0,0
2021-03-17 20:45,20,8,12,0,0,0
2021-03-17 21:00,22,7,15,0,0,0
2021-03-17 21:15,28,6,22,0,0,0
2021-03-17 21:30,17,5,12,0,0,0
2021-03-17 21:45,12,5,7,0,0,0
2021-03-17 22:00,16,4,12,0,0,0
2021-03-17 22:15,25,11,14,0,0,0
2021-03-17 22:30,14,4,10,0,0,0
2021-03-17 22:45,17,5,12,0,0,0
2021-03-17 23:00,21,11,10,0,0,0
2021-03-17 23:15,11,3,8,0,0,0
2021-03-17 23:30,16,6,10,0,0,0
2021-03-17 23:45,14,5,9,0,0,0
2021-03-18 00:00,8,3,5,0,0,0
2021-03-18 00:15,14,4,10,0,0,0
2021-03-18 00:30,5,1,4,0,0,0
2021-03-18 00:45,2,2,0,0,0,0
2021-03-18 01:00,3,1,2,0,0,0
2021-03-18 01:15,2,1,1,0,0,0
2021-03-18 01:30,6,0,6,0,0,0
2021-03-18 01:45,3,0,3,0,0,0
2021-03-18 02:00,0,0,0,0,0,0
2021-03-18 02:15,2,2,0,0,0,0
2021-03-18 02:30,0,0,0,0,0,0
2021-03-18 02:45,3,0,3,0,0,0
2021-03-18 03:00,0,0,0,0,0,0
2021-03-18 03:15,0,0,0,0,0,0
2021-03-18 03:30,2,0,2,0,0,0
2021-03-18 03:45,0,0,0,0,0,0
2021-03-18 04:00,1,1,0,0,0,0
2021-03-18 04:15,3,2,1,0,0,0
2021-03-18 04:30,2,2,0,0,0,0
2021-03-18 04:45,3,2,1,0,0,0
2021-03-18 05:00,4,4,0,0,0,0
2021-03-18 05:15,11,5,6,0,0,0
2021-03-18 05:30,18,10,8,0,0,0
2021-03-18 05:45,7,6,1,0,0,0
2021-03-18 06:00,17,12,5,0,0,0
2021-03-18 06:15,22,12,10,0,0,0
2021-03-18 06:30,34,26,8,0,0,0
2021-03-18 06:45,49,28,21,0,0,0
2021-03-18 07:00,73,39,34,0,0,0
2021-03-18 07:15,86,57,29,0,0,0
2021-03-18 07:30,133,74,59,0,0,0
2021-03-18 07:45,127,91,36,0,0,0
2021-03-18 08:00,125,89,36,0,0,0
2021-03-18 08:15,92,64,28,0,0,0
2021-03-18 08:30,104,60,44,0,0,0
2021-03-18 08:45,99,64,35,0,0,0
2021-03-18 09:00,91,52,39,0,0,0
2021-03-18 09:15,81,44,37,0,0,0
2021-03-18 09:30,78,56,22,0,0,0
2021-03-18 09:45,110,69,41,0,0,0
2021-03-18 10:00,62,34,28,0,0,0
2021-03-18 10:15,71,32,39,0,0,0
2021-03-18 10:30,74,37,37,0,0,0
2021-03-18 10:45,91,46,45,0,0,0
2021-03-18 11:00,69,31,38,0,0,0
2021-03-18 11:15,83,34,49,0,0,0
2021-03-18 11:30,78,28,50,0,0,0
2021-03-18 11:45,106,44,62,0,0,0
2021-03-18 12:00,88,37,51,0,0,0
2021-03-18 12:15,95,40,55,0,0,0
2021-03-18 12:30,106,37,69,0,0,0
2021-03-18 12:45,84,31,53,0,0,0
2021-03-18 13:00,147,39,108,0,0,0
2021-03-18 13:15,93,37,56,0,0,0
2021-03-18 13:30,95,32,63,0,0,0
2021-03-18 13:45,101,50,51,0,0,0
2021-03-18 14:00,92,40,52,0,0,0
2021-03-18 14:15,133,51,82,0,0,0
2021-03-18 14:30,118,53,65,0,0,0
2021-03-18 14:45,125,56,69,0,0,0
2021-03-18 15:00,96,33,63,0,0,0
2021-03-18 15:15,122,40,82,0,0,0
2021-03-18 15:30,111,48,63,0,0,0
2021-03-18 15:45,146,56,90,0,0,0
2021-03-18 16:00,123,51,72,0,0,0
2021-03-18 16:15,145,71,74,0,0,0
2021-03-18 16:30,138,48,90,0,0,0
2021-03-18 16:45,140,67,73,0,0,0
2021-03-18 17:00,147,53,94,0,0,0
2021-03-18 17:15,118,43,75,0,0,0
2021-03-18 17:30,127,38,89,0,0,0
2021-03-18 17:45,135,45,90,0,0,0
2021-03-18 18:00,117,29,88,0,0,0
2021-03-18 18:15,117,32,85,0,0,0
2021-03-18 18:30,88,26,62,0,0,0
2021-03-18 18:45,81,22,59,0,0,0
2021-03-18 19:00,69,15,54,0,0,0
2021-03-18 19:15,79,25,54,0,0,0
2021-03-18 19:30,61,23,38,0,0,0
2021-03-18 19:45,51,28,23,0,0,0
2021-03-18 20:00,50,13,37,0,0,0
2021-03-18 20:15,42,14,28,0,0,0
2021-03-18 20:30,32,10,22,0,0,0
2021-03-18 20:45,24,5,19,0,0,0
2021-03-18 21:00,26,11,15,0,0,0
2021-03-18 21:15,16,6,10,0,0,0
2021-03-18 21:30,14,1,13,0,0,0
2021-03-18 21:45,14,5,9,0,0,0
2021-03-18 22:00,13,5,8,0,0,0
2021-03-18 22:15,17,2,15,0,0,0
2021-03-18 22:30,13,4,9,0,0,0
2021-03-18 22:45,7,5,2,0,0,0
2021-03-18 23:00,11,6,5,0,0,0
2021-03-18 23:15,8,2,6,0,0,0
2021-03-18 23:30,8,4,4,0,0,0
2021-03-18 23:45,3,1,2,0,0,0
2021-03-19 00:00,1,0,1,0,0,0
2021-03-19 00:15,9,2,7,0,0,0
2021-03-19 00:30,3,0,3,0,0,0
2021-03-19 00:45,2,1,1,0,0,0
2021-03-19 01:00,3,0,3,0,0,0
2021-03-19 01:15,7,5,2,0,0,0
2021-03-19 01:30,1,1,0,0,0,0
2021-03-19 01:45,1,0,1,0,0,0
2021-03-19 02:00,2,2,0,0,0,0
2021-03-19 02:15,0,0,0,0,0,0
2021-03-19 02:30,1,1,0,0,0,0
2021-03-19 02:45,0,0,0,0,0,0
2021-03-19 03:00,0,0,0,0,0,0
2021-03-19 03:15,1,0,1,0,0,0
2021-03-19 03:30,0,0,0,0,0,0
2021-03-19 03:45,0,0,0,0,0,0
2021-03-19 04:00,1,1,0,0,0,0
2021-03-19 04:15,2,2,0,0,0,0
2021-03-19 04:30,5,2,3,0,0,0
2021-03-19 04:45,3,2,1,0,0,0
2021-03-19 05:00,6,5,1,0,0,0
2021-03-19 05:15,9,7,2,0,0,0
2021-03-19 05:30,9,6,3,0,0,0
2021-03-19 05:45,12,10,2,0,0,0
2021-03-19 06:00,15,11,4,0,0,0
2021-03-19 06:15,26,20,6,0,0,0
2021-03-19 06:30,36,22,14,0,0,0
2021-03-19 06:45,51,32,19,0,0,0
2021-03-19 07:00,70,39,31,0,0,0
2021-03-19 07:15,80,55,25,0,0,0
2021-03-19 07:30,124,80,44,0,0,0
2021-03-19 07:45,114,74,40,0,0,0
2021-03-19 08:00,97,63,34,0,0,0
2021-03-19 08:15,106,76,30,0,0,0
2021-03-19 08:30,88,60,28,0,0,0
2021-03-19 08:45,109,74,35,0,0,0
2021-03-19 09:00,96,56,40,0,0,0
2021-03-19 09:15,96,60,36,0,0,0
2021-03-19 09:30,97,62,35,0,0,0
2021-03-19 09:45,105,64,41,0,0,0
2021-03-19 10:00,66,34,32,0,0,0
2021-03-19 10:15,71,40,31,0,0,0
2021-03-19 10:30,108,59,49,0,0,0
2021-03-19 10:45,124,57,67,0,0,0
2021-03-19 11:00,102,43,59,0,0,0
2021-03-19 11:15,100,34,66,0,0,0
2021-03-19 11:30,124,58,66,0,0,0
2021-03-19 11:45,122,61,61,0,0,0
2021-03-19 12:00,128,59,69,0,0,0
2021-03-19 12:15,130,60,70,0,0,0
2021-03-19 12:30,129,39,90,0,0,0
2021-03-19 12:45,131,58,73,0,0,0
2021-03-19 13:00,162,59,103,0,0,0
2021-03-19 13:15,158,52,106,0,0,0
2021-03-19 13:30,139,64,75,0,0,0
2021-03-19 13:45,175,70,105,0,0,0
2021-03-19 14:00,151,76,75,0,0,0
2021-03-19 14:15,157,68,89,0,0,0
2021-03-19 14:30,126,42,84,0,0,0
2021-03-19 14:45,140,57,83,0,0,0
2021-03-19 15:00,155,54,101,0,0,0
2021-03-19 15:15,139,60,79,0,0,0
2021-03-19 15:30,137,61,76,0,0,0
2021-03-19 15:45,139,57,82,0,0,0
2021-03-19 16:00,124,52,72,0,0,0
2021-03-19 16:15,134,59,75,0,0,0
2021-03-19 16:30,159,65,94,0,0,0
2021-03-19 16:45,187,72,115,0,0,0
2021-03-19 17:00,154,60,94,0,0,0
2021-03-19 17:15,161,63,98,0,0,0
2021-03-19 17:30,129,42,87,0,0,0
2021-03-19 17:45,124,42,82,0,0,0
2021-03-19 18:00,129,36,93,0,0,0
2021-03-19 18:15,98,28,70,0,0,0
2021-03-19 18:30,102,45,57,0,0,0
2021-03-19 18:45,106,48,58,0,0,0
2021-03-19 19:00,97,33,64,0,0,0
2021-03-19 19:15,87,31,56,0,0,0
2021-03-19 19:30,44,21,23,0,0,0
2021-03-19 19:45,49,15,34,0,0,0
2021-03-19 20:00,51,17,34,0,0,0
2021-03-19 20:15,54,25,29,0,0,0
2021-03-19 20:30,36,14,22,0,0,0
2021-03-19 20:45,30,13,17,0,0,0
2021-03-19 21:00,24,9,15,0,0,0
2021-03-19 21:15,14,7,7,0,0,0
2021-03-19 21:30,18,3,15,0,0,0
2021-03-19 21:45,13,3,10,0,0,0
2021-03-19 22:00,18,7,11,0,0,0
2021-03-19 22:15,17,5,12,0,0,0
2021-03-19 22:30,9,2,7,0,0,0
2021-03-19 22:45,14,6,8,0,0,0
2021-03-19 23:00,13,4,9,0,0,0
2021-03-19 23:15,12,4,8,0,0,0
2021-03-19 23:30,10,5,5,0,0,0
2021-03-19 23:45,10,1,9,0,0,0
2021-03-20 00:00,23,10,13,0,0,0
2021-03-20 00:15,6,2,4,0,0,0
2021-03-20 00:30,15,7,8,0,0,0
2021-03-20 00:45,14,3,11,0,0,0
2021-03-20 01:00,13,5,8,0,0,0
2021-03-20 01:15,9,4,5,0,0,0
2021-03-20 01:30,10,4,6,0,0,0
2021-03-20 01:45,14,3,11,0,0,0
2021-03-20 02:00,5,1,4,0,0,0
2021-03-20 02:15,2,0,2,0,0,0
2021-03-20 02:30,5,0,5,0,0,0
2021-03-20 02:45,5,1,4,0,0,0
2021-03-20 03:00,5,5,0,0,0,0
2021-03-20 03:15,3,3,0,0,0,0
2021-03-20 03:30,4,1,3,0,0,0
2021-03-20 03:45,2,0,2,0,0,0
2021-03-20 04:00,2,2,0,0,0,0
2021-03-20 04:15,3,3,0,0,0,0
2021-03-20 04:30,3,1,2,0,0,0
2021-03-20 04:45,5,4,1,0,0,0
2021-03-20 05:00,2,2,0,0,0,0
2021-03-20 05:15,5,2,3,0,0,0
2021-03-20 05:30,8,4,4,0,0,0
2021-03-20 05:45,7,2,5,0,0,0
2021-03-20 06:00,9,5,4,0,0,0
2021-03-20 06:15,8,4,4,0,0,0
2021-03-20 06:30,6,4,2,0,0,0
2021-03-20 06:45,14,12,2,0,0,0
2021-03-20 07:00,14,10,4,0,0,0
2021-03-20 07:15,14,7,7,0,0,0
2021-03-20 07:30,23,14,9,0,0,0
2021-03-20 07:45,40,23,17,0,0,0
2021-03-20 08:00,30,19,11,0,0,0
2021-03-20 08:15,32,18,14,0,0,0
2021-03-20 08:30,36,19,17,0,0,0
2021-03-20 08:45,62,31,31,0,0,0
2021-03-20 09:00,50,35,15,0,0,0
2021-03-20 09:15,61,37,24,0,0,0
2021-03-20 09:30,83,56,27,0,0,0
2021-03-20 09:45,79,58,21,0,0,0
2021-03-20 10:00,88,50,38,0,0,0
2021-03-20 10:15,84,50,34,0,0,0
2021-03-20 10:30,108,61,47,0,0,0
2021-03-20 10:45,111,60,51,0,0,0
2021-03-20 11:00,127,63,64,0,0,0
2021-03-20 11:15,113,60,53,0,0,0
2021-03-20 11:30,118,64,54,0,0,0
2021-03-20 11:45,129,77,52,0,0,0
2021-03-20 12:00,148,81,67,0,0,0
2021-03-20 12:15,138,61,77,0,0,0
2021-03-20 12:30,150,71,79,0,0,0
2021-03-20 12:45,149,70,79,0,0,0
2021-03-20 13:00,140,54,86,0,0,0
2021-03-20 13:15,153,59,94,0,0,0
2021-03-20 13:30,164,62,102,0,0,0
2021-03-20 13:45,138,57,81,0,0,0
2021-03-20 14:00,126,50,76,0,0,0
2021-03-20 14:15,112,47,65,0,0,0
2021-03-20 14:30,120,38,82,0,0,0
2021-03-20 14:45,150,55,95,0,0,0
2021-03-20 15:00,119,42,77,0,0,0
2021-03-20 15:15,112,41,71,0,0,0
2021-03-20 15:30,108,44,64,0,0,0
2021-03-20 15:45,101,49,52,0,0,0
2021-03-20 16:00,108,31,77,0,0,0
2021-03-20 16:15,90,32,58,0,0,0
2021-03-20 16:30,78,38,40,0,0,0
2021-03-20 16:45,111,45,66,0,0,0
2021-03-20 17:00,80,26,54,0,0,0
2021-03-20 17:15,82,39,43,0,0,0
2021-03-20 17:30,84,39,45,0,0,0
2021-03-20 17:45,85,26,59,0,0,0
2021-03-20 18:00,85,34,51,0,0,0
2021-03-20 18:15,85,33,52,0,0,0
2021-03-20 18:30,69,21,48,0,0,0
2021-03-20 18:45,79,34,45,0,0,0
2021-03-20 19:00,57,17,40,0,0,0
2021-03-20 19:15,71,33,38,0,0,0
2021-03-20 19:30,47,22,25,0,0,0
2021-03-20 19:45,44,11,33,0,0,0
2021-03-20 20:00,44,21,23,0,0,0
2021-03-20 20:15,32,12,20,0,0,0
2021-03-20 20:30,23,9,14,0,0,0
2021-03-20 20:45,34,17,17,0,0,0
2021-03-20 21:00,16,4,12,0,0,0
2021-03-20 21:15,19,6,13,0,0,0
2021-03-20 21:30,24,11,13,0,0,0
2021-03-20 21:45,17,8,9,0,0,0
2021-03-20 22:00,14,6,8,0,0,0
2021-03-20 22:15,7,4,3,0,0,0
2021-03-20 22:30,14,9,5,0,0,0
2021-03-20 22:45,10,4,6,0,0,0
2021-03-20 23:00,4,0,4,0,0,0
2021-03-20 23:15,12,6,6,0,0,0
2021-03-20 23:30,14,7,7,0,0,0
2021-03-20 23:45,10,5,5,0,0,0
2021-03-21 00:00,11,4,7,0,0,0
2021-03-21 00:15,13,4,9,0,0,0
2021-03-21 00:30,9,5,4,0,0,0
2021-03-21 00:45,15,10,5,0,0,0
2021-03-21 01:00,9,7,2,0,0,0
2021-03-21 01:15,11,3,8,0,0,0
2021-03-21 01:30,12,8,4,0,0,0
2021-03-21 01:45,11,5,6,0,0,0
2021-03-21 02:00,8,3,5,0,0,0
2021-03-21 02:15,6,0,6,0,0,0
2021-03-21 02:30,6,1,5,0,0,0
2021-03-21 02:45,9,1,8,0,0,0
2021-03-21 03:00,6,2,4,0,0,0
2021-03-21 03:15,2,2,0,0,0,0
2021-03-21 03:30,6,4,2,0,0,0
2021-03-21 03:45,6,3,3,0,0,0
2021-03-21 04:00,4,1,3,0,0,0
2021-03-21 04:15,2,0,2,0,0,0
2021-03-21 04:30,4,2,2,0,0,0
2021-03-21 04:45,1,1,0,0,0,0
2021-03-21 05:00,0,0,0,0,0,0
2021-03-21 05:15,7,1,6,0,0,0
2021-03-21 05:30,2,1,1,0,0,0
2021-03-21 05:45,3,1,2,0,0,0
2021-03-21 06:00,3,1,2,0,0,0
2021-03-21 06:15,7,3,4,0,0,0
2021-03-21 06:30,4,2,2,0,0,0
2021-03-21 06:45,2,0,2,0,0,0
2021-03-21 07:00,2,1,1,0,0,0
2021-03-21 07:15,2,0,2,0,0,0
2021-03-21 07:30,6,3,3,0,0,0
2021-03-21 07:45,6,5,1,0,0,0
2021-03-21 08:00,4,3,1,0,0,0
2021-03-21 08:15,7,4,3,0,0,0
2021-03-21 08:30,8,4,4,0,0,0
2021-03-21 08:45,13,6,7,0,0,0
2021-03-21 09:00,17,9,8,0,0,0
2021-03-21 09:15,6,3,3,0,0,0
2021-03-21 09:30,14,8,6,0,0,0
2021-03-21 09:45,24,11,13,0,0,0
2021-03-21 10:00,10,8,2,0,0,0
2021-03-21 10:15,15,8,7,0,0,0
2021-03-21 10:30,23,10,13,0,0,0
2021-03-21 10:45,27,19,8,0,0,0
2021-03-21 11:00,28,12,16,0,0,0
2021-03-21 11:15,29,14,15,0,0,0
2021-03-21 11:30,29,17,12,0,0,0
2021-03-21 11:45,49,24,25,0,0,0
2021-03-21 12:00,35,22,13,0,0,0
2021-03-21 12:15,28,13,15,0,0,0
2021-03-21 12:30,37,17,20,0,0,0
2021-03-21 12:45,44,18,26,0,0,0
2021-03-21 13:00,41,18,23,0,0,0
2021-03-21 13:15,40,22,18,0,0,0
2021-03-21 13:30,41,18,23,0,0,0
2021-03-21 13:45,41,25,16,0,0,0
2021-03-21 14:00,58,20,38,0,0,0
2021-03-21 14:15,53,23,30,0,0,0
2021-03-21 14:30,55,23,32,0,0,0
2021-03-21 14:45,70,39,31,0,0,0
2021-03-21 15:00,62,28,34,0,0,0
2021-03-21 15:15,50,23,27,0,0,0
2021-03-21 15:30,68,31,37,0,0,0
2021-03-21 15:45,51,16,35,0,0,0
2021-03-21 16:00,52,22,30,0,0,0
2021-03-21 16:15,56,27,29,0,0,0
2021-03-21 16:30,60,21,39,0,0,0
2021-03-21 16:45,71,24,47,0,0,0
2021-03-21 17:00,51,18,33,0,0,0
2021-03-21 17:15,39,16,23,0,0,0
2021-03-21 17:30,49,17,32,0,0,0
2021-03-21 17:45,42,22,20,0,0,0
2021-03-21 18:00,51,15,36,0,0,0
2021-03-21 18:15,52,19,33,0,0,0
2021-03-21 18:30,43,20,23,0,0,0
2021-03-21 18:45,29,10,19,0,0,0
2021-03-21 19:00,30,12,18,0,0,0
2021-03-21 19:15,23,12,11,0,0,0
2021-03-21 19:30,24,7,17,0,0,0
2021-03-21 19:45,29,12,17,0,0,0
2021-03-21 20:00,15,5,10,0,0,0
2021-03-21 20:15,20,10,10,0,0,0
2021-03-21 20:30,14,2,12,0,0,0
2021-03-21 20:45,16,10,6,0,0,0
2021-03-21 21:00,16,4,12,0,0,0
2021-03-21 21:15,13,6,7,0,0,0
2021-03-21 21:30,17,3,14,0,0,0
2021-03-21 21:45,7,4,3,0,0,0
2021-03-21 22:00,15,4,11,0,0,0
2021-03-21 22:15,11,4,7,0,0,0
2021-03-21 22:30,12,7,5,0,0,0
2021-03-21 22:45,8,3,5,0,0,0
2021-03-21 23:00,7,4,3,0,0,0
2021-03-21 23:15,3,3,0,0,0,0
2021-03-21 23:30,6,1,5,0,0,0
2021-03-21 23:45,3,2,1,0,0,0
2021-03-22 00:00,3,1,2,0,0,0
2021-03-22 00:15,1,1,0,0,0,0
2021-03-22 00:30,0,0,0,0,0,0
2021-03-22 00:45,1,1,0,0,0,0
2021-03-22 01:00,1,1,0,0,0,0
2021-03-22 01:15,1,1,0,0,0,0
2021-03-22 01:30,0,0,0,0,0,0
2021-03-22 01:45,1,0,1,0,0,0
2021-03-22 02:00,0,0,0,0,0,0
2021-03-22 02:15,0,0,0,0,0,0
2021-03-22 02:30,0,0,0,0,0,0
2021-03-22 02:45,0,0,0,0,0,0
2021-03-22 03:00,0,0,0,0,0,0
2021-03-22 03:15,3,1,2,0,0,0
2021-03-22 03:30,1,0,1,0,0,0
2021-03-22 03:45,0,0,0,0,0,0
2021-03-22 04:00,0,0,0,0,0,0
2021-03-22 04:15,0,0,0,0,0,0
2021-03-22 04:30,3,2,1,0,0,0
2021-03-22 04:45,2,2,0,0,0,0
2021-03-22 05:00,4,4,0,0,0,0
2021-03-22 05:15,9,4,5,0,0,0
2021-03-22 05:30,9,5,4,0,0,0
2021-03-22 05:45,11,9,2,0,0,0
2021-03-22 06:00,20,13,7,0,0,0
2021-03-22 06:15,30,26,4,0,0,0
2021-03-22 06:30,36,23,13,0,0,0
2021-03-22 06:45,69,41,28,0,0,0
2021-03-22 07:00,62,40,22,0,0,0
2021-03-22 07:15,91,55,36,0,0,0
2021-03-22 07:30,141,87,54,0,0,0
2021-03-22 07:45,135,91,44,0,0,0
2021-03-22 08:00,108,67,41,0,0,0
2021-03-22 08:15,122,68,54,0,0,0
2021-03-22 08:30,93,61,32,0,0,0
2021-03-22 08:45,98,67,31,0,0,0
2021-03-22 09:00,72,41,31,0,0,0
2021-03-22 09:15,76,52,24,0,0,0
2021-03-22 09:30,69,44,25,0,0,0
2021-03-22 09:45,89,52,37,0,0,0
2021-03-22 10:00,66,38,28,0,0,0
2021-03-22 10:15,73,36,37,0,0,0
2021-03-22 10:30,70,31,39,0,0,0
2021-03-22 10:45,78,43,35,0,0,0
2021-03-22 11:00,83,42,41,0,0,0
2021-03-22 11:15,105,51,54,0,0,0
2021-03-22 11:30,81,34,47,0,0,0
2021-03-22 11:45,104,48,56,0,0,0
2021-03-22 12:00,89,32,57,0,0,0
2021-03-22 12:15,108,39,69,0,0,0
2021-03-22 12:30,116,53,63,0,0,0
2021-03-22 12:45,121,41,80,0,0,0
2021-03-22 13:00,121,37,84,0,0,0
2021-03-22 13:15,126,46,80,0,0,0
2021-03-22 13:30,97,50,47,0,0,0
2021-03-22 13:45,122,54,68,0,0,0
2021-03-22 14:00,112,46,66,0,0,0
2021-03-22 14:15,112,49,63,0,0,0
2021-03-22 14:30,118,49,69,0,0,0
2021-03-22 14:45,133,63,70,0,0,0
2021-03-22 15:00,122,56,66,0,0,0
2021-03-22 15:15,132,64,68,0,0,0
2021-03-22 15:30,141,63,78,0,0,0
2021-03-22 15:45,142,48,94,0,0,0
2021-03-22 16:00,157,55,102,0,0,0
2021-03-22 16:15,161,55,106,0,0,0
2021-03-22 16:30,176,62,114,0,0,0
2021-03-22 16:45,173,71,102,0,0,0
2021-03-22 17:00,146,51,95,0,0,0
2021-03-22 17:15,153,49,104,0,0,0
2021-03-22 17:30,143,45,98,0,0,0
2021-03-22 17:45,149,52,97,0,0,0
2021-03-22 18:00,107,24,83,0,0,0
2021-03-22 18:15,124,35,89,0,0,0
2021-03-22 18:30,89,32,57,0,0,0
2021-03-22 18:45,91,31,60,0,0,0
2021-03-22 19:00,62,15,47,0,0,0
2021-03-22 19:15,70,24,46,0,0,0
2021-03-22 19:30,59,17,42,0,0,0
2021-03-22 19:45,38,11,27,0,0,0
2021-03-22 20:00,34,14,20,0,0,0
2021-03-22 20:15,27,9,18,0,0,0
2021-03-22 20:30,34,12,22,0,0,0
2021-03-22 20:45,19,4,15,0,0,0
2021-03-22 21:00,31,14,17,0,0,0
2021-03-22 21:15,16,4,12,0,0,0
2021-03-22 21:30,15,9,6,0,0,0
2021-03-22 21:45,3,2,1,0,0,0
2021-03-22 22:00,13,3,10,0,0,0
2021-03-22 22:15,10,4,6,0,0,0
2021-03-22 22:30,10,5,5,0,0,0
2021-03-22 22:45,8,1,7,0,0,0
2021-03-22 23:00,11,3,8,0,0,0
2021-03-22 23:15,3,2,1,0,0,0
2021-03-22 23:30,9,0,9,0,0,0
2021-03-22 23:45,5,2,3,0,0,0
2021-03-23 00:00,1,1,0,0,0,0
2021-03-23 00:15,4,2,2,0,0,0
2021-03-23 00:30,2,0,2,0,0,0
2021-03-23 00:45,3,1,2,0,0,0
2021-03-23 01:00,2,1,1,0,0,0
2021-03-23 01:15,4,2,2,0,0,0
2021-03-23 01:30,0,0,0,0,0,0
2021-03-23 01:45,4,0,4,0,0,0
2021-03-23 02:00,2,1,1,0,0,0
2021-03-23 02:15,0,0,0,0,0,0
2021-03-23 02:30,1,1,0,0,0,0
2021-03-23 02:45,5,4,1,0,0,0
2021-03-23 03:00,0,0,0,0,0,0
2021-03-23 03:15,0,0,0,0,0,0
2021-03-23 03:30,3,1,2,0,0,0
2021-03-23 03:45,0,0,0,0,0,0
2021-03-23 04:00,0,0,0,0,0,0
2021-03-23 04:15,3,3,0,0,0,0
2021-03-23 04:30,4,2,2,0,0,0
2021-03-23 04:45,3,3,0,0,0,0
2021-03-23 05:00,4,4,0,0,0,0
2021-03-23 05:15,12,6,6,0,0,0
2021-03-23 05:30,14,8,6,0,0,0
2021-03-23 05:45,12,8,4,0,0,0
2021-03-23 06:00,17,11,6,0,0,0
2021-03-23 06:15,41,32,9,0,0,0
2021-03-23 06:30,41,29,12,0,0,0
2021-03-23 06:45,54,33,21,0,0,0
2021-03-23 07:00,77,43,34,0,0,0
2021-03-23 07:15,92,63,29,0,0,0
2021-03-23 07:30,122,76,46,0,0,0
2021-03-23 07:45,163,100,63,0,0,0
2021-03-23 08:00,112,60,52,0,0,0
2021-03-23 08:15,104,75,29,0,0,0
2021-03-23 08:30,96,62,34,0,0,0
2021-03-23 08:45,98,55,43,0,0,0
2021-03-23 09:00,97,61,36,0,0,0
2021-03-23 09:15,75,46,29,0,0,0
2021-03-23 09:30,83,42,41,0,0,0
2021-03-23 09:45,83,48,35,0,0,0
2021-03-23 10:00,70,35,35,0,0,0
2021-03-23 10:15,83,45,38,0,0,0
2021-03-23 10:30,83,43,40,0,0,0
2021-03-23 10:45,93,45,48,0,0,0
2021-03-23 11:00,75,41,34,0,0,0
2021-03-23 11:15,101,46,55,0,0,0
2021-03-23 11:30,107,40,67,0,0,0
2021-03-23 11:45,123,59,64,0,0,0
2021-03-23 12:00,112,44,68,0,0,0
2021-03-23 12:15,108,37,71,0,0,0
2021-03-23 12:30,113,44,69,0,0,0
2021-03-23 12:45,139,71,68,0,0,0
2021-03-23 13:00,108,46,62,0,0,0
2021-03-23 13:15,129,42,87,0,0,0
2021-03-23 13:30,114,43,71,0,0,0
2021-03-23 13:45,145,62,83,0,0,0
2021-03-23 14:00,133,58,75,0,0,0
2021-03-23 14:15,140,55,85,0,0,0
2021-03-23 14:30,144,46,98,0,0,0
2021-03-23 14:45,133,60,73,0,0,0
2021-03-23 15:00,134,45,89,0,0,0
2021-03-23 15:15,149,68,81,0,0,0
2021-03-23 15:30,164,50,114,0,0,0
2021-03-23 15:45,169,64,105,0,0,0
2021-03-23 16:00,150,51,99,0,0,0
2021-03-23 16:15,188,63,125,0,0,0
2021-03-23 16:30,174,62,112,0,0,0
2021-03-23 16:45,178,75,103,0,0,0
2021-03-23 17:00,192,71,121,0,0,0
2021-03-23 17:15,165,73,92,0,0,0
2021-03-23 17:30,164,51,113,0,0,0
2021-03-23 17:45,140,45,95,0,0,0
2021-03-23 18:00,135,30,105,0,0,0
2021-03-23 18:15,131,39,92,0,0,0
2021-03-23 18:30,131,32,99,0,0,0
2021-03-23 18:45,116,36,80,0,0,0
2021-03-23 19:00,82,22,60,0,0,0
2021-03-23 19:15,75,16,59,0,0,0
2021-03-23 19:30,57,18,39,0,0,0
2021-03-23 19:45,48,16,32,0,0,0
2021-03-23 20:00,55,21,34,0,0,0
2021-03-23 20:15,47,11,36,0,0,0
2021-03-23 20:30,35,9,26,0,0,0
2021-03-23 20:45,39,22,17,0,0,0
2021-03-23 21:00,29,4,25,0,0,0
2021-03-23 21:15,20,7,13,0,0,0
2021-03-23 21:30,26,12,14,0,0,0
2021-03-23 21:45,15,4,11,0,0,0
2021-03-23 22:00,18,6,12,0,0,0
2021-03-23 22:15,12,6,6,0,0,0
2021-03-23 22:30,13,4,9,0,0,0
2021-03-23 22:45,15,7,8,0,0,0
2021-03-23 23:00,11,6,5,0,0,0
2021-03-23 23:15,6,2,4,0,0,0
2021-03-23 23:30,7,4,3,0,0,0
2021-03-23 23:45,8,4,4,0,0,0
2021-03-24 00:00,7,5,2,0,0,0
2021-03-24 00:15,5,3,2,0,0,0
2021-03-24 00:30,2,1,1,0,0,0
2021-03-24 00:45,1,0,1,0,0,0
2021-03-24 01:00,1,1,0,0,0,0
2021-03-24 01:15,2,1,1,0,0,0
2021-03-24 01:30,0,0,0,0,0,0
2021-03-24 01:45,2,0,2,0,0,0
2021-03-24 02:00,1,0,1,0,0,0
2021-03-24 02:15,4,1,3,0,0,0
2021-03-24 02:30,0,0,0,0,0,0
2021-03-24 02:45,1,0,1,0,0,0
2021-03-24 03:00,0,0,0,0,0,0
2021-03-24 03:15,0,0,0,0,0,0
2021-03-24 03:30,4,0,4,0,0,0
2021-03-24 03:45,0,0,0,0,0,0
2021-03-24 04:00,1,1,0,0,0,0
2021-03-24 04:15,1,1,0,0,0,0
2021-03-24 04:30,3,3,0,0,0,0
2021-03-24 04:45,3,2,1,0,0,0
2021-03-24 05:00,6,6,0,0,0,0
2021-03-24 05:15,10,6,4,0,0,0
2021-03-24 05:30,15,7,8,0,0,0
2021-03-24 05:45,10,7,3,0,0,0
2021-03-24 06:00,26,20,6,0,0,0
2021-03-24 06:15,33,26,7,0,0,0
2021-03-24 06:30,44,34,10,0,0,0
2021-03-24 06:45,69,49,20,0,0,0
2021-03-24 07:00,89,47,42,0,0,0
2021-03-24 07:15,96,65,31,0,0,0
2021-03-24 07:30,123,74,49,0,0,0
2021-03-24 07:45,146,110,36,0,0,0
2021-03-24 08:00,112,71,41,0,0,0
2021-03-24 08:15,136,90,46,0,0,0
2021-03-24 08:30,134,83,51,0,0,0
2021-03-24 08:45,113,70,43,0,0,0
2021-03-24 09:00,100,63,37,0,0,0
2021-03-24 09:15,95,57,38,0,0,0
2021-03-24 09:30,88,58,30,0,0,0
2021-03-24 09:45,138,84,54,0,0,0
2021-03-24 10:00,79,51,28,0,0,0
2021-03-24 10:15,101,64,37,0,0,0
2021-03-24 10:30,102,55,47,0,0,0
2021-03-24 10:45,113,53,60,0,0,0
2021-03-24 11:00,123,48,75,0,0,0
2021-03-24 11:15,121,56,65,0,0,0
2021-03-24 11:30,121,61,60,0,0,0
2021-03-24 11:45,138,69,69,0,0,0
2021-03-24 12:00,126,54,72,0,0,0
2021-03-24 12:15,168,68,100,0,0,0
2021-03-24 12:30,141,63,78,0,0,0
2021-03-24 12:45,153,61,92,0,0,0
2021-03-24 13:00,169,76,93,0,0,0
2021-03-24 13:15,162,60,102,0,0,0
2021-03-24 13:30,122,54,68,0,0,0
2021-03-24 13:45,154,57,97,0,0,0
2021-03-24 14:00,158,77,81,0,0,0
2021-03-24 14:15,133,61,72,0,0,0
2021-03-24 14:30,133,54,79,0,0,0
2021-03-24 14:45,142,66,76,0,0,0
2021-03-24 15:00,147,56,91,0,0,0
2021-03-24 15:15,142,46,96,0,0,0
2021-03-24 15:30,156,59,97,0,0,0
2021-03-24 15:45,153,56,97,0,0,0
2021-03-24 16:00,162,65,97,0,0,0
2021-03-24 16:15,156,67,89,0,0,0
2021-03-24 16:30,151,58,93,0,0,0
2021-03-24 16:45,169,66,103,0,0,0
2021-03-24 17:00,154,65,89,0,0,0
2021-03-24 17:15,162,82,80,0,0,0
2021-03-24 17:30,146,61,85,0,0,0
2021-03-24 17:45,180,64,116,0,0,0
2021-03-24 18:00,160,46,114,0,0,0
2021-03-24 18:15,129,43,86,0,0,0
2021-03-24 18:30,117,39,78,0,0,0
2021-03-24 18:45,140,50,90,0,0,0
2021-03-24 19:00,77,25,52,0,0,0
2021-03-24 19:15,81,23,58,0,0,0
2021-03-24 19:30,60,19,41,0,0,0
2021-03-24 19:45,72,26,46,0,0,0
2021-03-24 20:00,40,11,29,0,0,0
2021-03-24 20:15,44,12,32,0,0,0
2021-03-24 20:30,34,15,19,0,0,0
2021-03-24 20:45,27,5,22,0,0,0
2021-03-24 21:00,29,10,19,0,0,0
2021-03-24 21:15,23,6,17,0,0,0
2021-03-24 21:30,21,7,14,0,0,0
2021-03-24 21:45,12,3,9,0,0,0
2021-03-24 22:00,22,7,15,0,0,0
2021-03-24 22:15,17,6,11,0,0,0
2021-03-24 22:30,26,8,18,0,0,0
2021-03-24 22:45,18,7,11,0,0,0
2021-03-24 23:00,16,4,12,0,0,0
2021-03-24 23:15,10,1,9,0,0,0
2021-03-24 23:30,12,10,2,0,0,0
2021-03-24 23:45,9,0,9,0,0,0
2021-03-25 00:00,5,3,2,0,0,0
2021-03-25 00:15,6,2,4,0,0,0
2021-03-25 00:30,8,2,6,0,0,0
2021-03-25 00:45,3,2,1,0,0,0
2021-03-25 01:00,3,3,0,0,0,0
2021-03-25 01:15,1,1,0,0,0,0
2021-03-25 01:30,1,0,1,0,0,0
2021-03-25 01:45,2,0,2,0,0,0
2021-03-25 02:00,0,0,0,0,0,0
2021-03-25 02:15,5,2,3,0,0,0
2021-03-25 02:30,1,0,1,0,0,0
2021-03-25 02:45,0,0,0,0,0,0
2021-03-25 03:00,0,0,0,0,0,0
2021-03-25 03:15,0,0,0,0,0,0
2021-03-25 03:30,5,0,5,0,0,0
2021-03-25 03:45,0,0,0,0,0,0
2021-03-25 04:00,1,1,0,0,0,0
2021-03-25 04:15,1,1,0,0,0,0
2021-03-25 04:30,5,4,1,0,0,0
2021-03-25 04:45,5,5,0,0,0,0
2021-03-25 05:00,6,4,2,0,0,0
2021-03-25 05:15,9,6,3,0,0,0
2021-03-25 05:30,12,9,3,0,0,0
2021-03-25 05:45,13,9,4,0,0,0
2021-03-25 06:00,17,12,5,0,0,0
2021-03-25 06:15,19,16,3,0,0,0
2021-03-25 06:30,33,19,14,0,0,0
2021-03-25 06:45,51,32,19,0,0,0
2021-03-25 07:00,70,33,37,0,0,0
2021-03-25 07:15,82,51,31,0,0,0
2021-03-25 07:30,124,86,38,0,0,0
2021-03-25 07:45,137,93,44,0,0,0
2021-03-25 08:00,121,75,46,0,0,0
2021-03-25 08:15,98,70,28,0,0,0
2021-03-25 08:30,107,70,37,0,0,0
2021-03-25 08:45,119,71,48,0,0,0
2021-03-25 09:00,83,55,28,0,0,0
2021-03-25 09:15,93,55,38,0,0,0
2021-03-25 09:30,102,51,51,0,0,0
2021-03-25 09:45,130,79,51,0,0,0
2021-03-25 10:00,91,48,43,0,0,0
2021-03-25 10:15,84,56,28,0,0,0
2021-03-25 10:30,75,41,34,0,0,0
2021-03-25 10:45,127,63,64,0,0,0
2021-03-25 11:00,114,56,58,0,0,0
2021-03-25 11:15,118,42,76,0,0,0
2021-03-25 11:30,133,46,87,0,0,0
2021-03-25 11:45,117,60,57,0,0,0
2021-03-25 12:00,121,49,72,0,0,0
2021-03-25 12:15,98,47,51,0,0,0
2021-03-25 12:30,130,47,83,0,0,0
2021-03-25 12:45,124,44,80,0,0,0
2021-03-25 13:00,148,66,82,0,0,0
2021-03-25 13:15,125,63,62,0,0,0
2021-03-25 13:30,121,61,60,0,0,0
2021-03-25 13:45,127,79,48,0,0,0
2021-03-25 14:00,119,48,71,0,0,0
2021-03-25 14:15,137,69,68,0,0,0
2021-03-25 14:30,147,50,97,0,0,0
2021-03-25 14:45,134,63,71,0,0,0
2021-03-25 15:00,138,56,82,0,0,0
2021-03-25 15:15,150,72,78,0,0,0
2021-03-25 15:30,160,70,90,0,0,0
2021-03-25 15:45,174,85,89,0,0,0
2021-03-25 16:00,147,61,86,0,0,0
2021-03-25 16:15,157,64,93,0,0,0
2021-03-25 16:30,167,78,89,0,0,0
2021-03-25 16:45,163,66,97,0,0,0
2021-03-25 17:00,150,45,105,0,0,0
2021-03-25 17:15,135,49,86,0,0,0
2021-03-25 17:30,117,50,67,0,0,0
2021-03-25 17:45,153,45,108,0,0,0
2021-03-25 18:00,144,40,104,0,0,0
2021-03-25 18:15,131,39,92,0,0,0
2021-03-25 18:30,83,28,55,0,0,0
2021-03-25 18:45,110,34,76,0,0,0
2021-03-25 19:00,69,27,42,0,0,0
2021-03-25 19:15,81,23,58,0,0,0
2021-03-25 19:30,45,18,27,0,0,0
2021-03-25 19:45,69,29,40,0,0,0
2021-03-25 20:00,77,27,50,0,0,0
2021-03-25 20:15,44,17,27,0,0,0
2021-03-25 20:30,35,13,22,0,0,0
2021-03-25 20:45,26,12,14,0,0,0
2021-03-25 21:00,34,13,21,0,0,0
2021-03-25 21:15,19,8,11,0,0,0
2021-03-25 21:30,16,9,7,0,0,0
2021-03-25 21:45,17,9,8,0,0,0
2021-03-25 22:00,14,6,8,0,0,0
2021-03-25 22:15,19,7,12,0,0,0
2021-03-25 22:30,13,3,10,0,0,0
2021-03-25 22:45,23,9,14,0,0,0
2021-03-25 23:00,17,9,8,0,0,0
2021-03-25 23:15,7,6,1,0,0,0
2021-03-25 23:30,12,4,8,0,0,0
2021-03-25 23:45,7,2,5,0,0,0
2021-03-26 00:00,5,4,1,0,0,0
2021-03-26 00:15,8,3,5,0,0,0
2021-03-26 00:30,2,1,1,0,0,0
2021-03-26 00:45,4,2,2,0,0,0
2021-03-26 01:00,1,1,0,0,0,0
2021-03-26 01:15,3,0,3,0,0,0
2021-03-26 01:30,6,4,2,0,0,0
2021-03-26 01:45,1,1,0,0,0,0
2021-03-26 02:00,0,0,0,0,0,0
2021-03-26 02:15,3,0,3,0,0,0
2021-03-26 02:30,2,1,1,0,0,0
2021-03-26 02:45,0,0,0,0,0,0
2021-03-26 03:00,1,1,0,0,0,0
2021-03-26 03:15,0,0,0,0,0,0
2021-03-26 03:30,2,1,1,0,0,0
2021-03-26 03:45,1,0,1,0,0,0
2021-03-26 04:00,1,1,0,0,0,0
2021-03-26 04:15,4,3,1,0,0,0
2021-03-26 04:30,4,1,3,0,0,0
2021-03-26 04:45,2,2,0,0,0,0
2021-03-26 05:00,3,3,0,0,0,0
2021-03-26 05:15,10,5,5,0,0,0
2021-03-26 05:30,12,8,4,0,0,0
2021-03-26 05:45,6,5,1,0,0,0
2021-03-26 06:00,21,12,9,0,0,0
2021-03-26 06:15,21,16,5,0,0,0
2021-03-26 06:30,37,28,9,0,0,0
2021-03-26 06:45,55,33,22,0,0,0
2021-03-26 07:00,74,42,32,0,0,0
2021-03-26 07:15,93,57,36,0,0,0
2021-03-26 07:30,117,74,43,0,0,0
2021-03-26 07:45,126,81,45,0,0,0
2021-03-26 08:00,91,61,30,0,0,0
2021-03-26 08:15,97,63,34,0,0,0
2021-03-26 08:30,118,71,47,0,0,0
2021-03-26 08:45,103,65,38,0,0,0
2021-03-26 09:00,100,64,36,0,0,0
2021-03-26 09:15,85,52,33,0,0,0
2021-03-26 09:30,100,62,38,0,0,0
2021-03-26 09:45,113,70,43,0,0,0
2021-03-26 10:00,93,58,35,0,0,0
2021-03-26 10:15,117,63,54,0,0,0
2021-03-26 10:30,104,46,58,0,0,0
2021-03-26 10:45,117,73,44,0,0,0
2021-03-26 11:00,142,53,89,0,0,0
2021-03-26 11:15,140,69,71,0,0,0
2021-03-26 11:30,123,50,73,0,0,0
2021-03-26 11:45,147,56,91,0,0,0
2021-03-26 12:00,133,61,72,0,0,0
2021-03-26 12:15,123,42,81,0,0,0
2021-03-26 12:30,130,55,75,0,0,0
2021-03-26 12:45,137,56,81,0,0,0
2021-03-26 13:00,155,56,99,0,0,0
2021-03-26 13:15,154,58,96,0,0,0
2021-03-26 13:30,131,61,70,0,0,0
2021-03-26 13:45,160,72,88,0,0,0
2021-03-26 14:00,146,67,79,0,0,0
2021-03-26 14:15,198,96,102,0,0,0
2021-03-26 14:30,177,78,99,0,0,0
2021-03-26 14:45,200,82,118,0,0,0
2021-03-26 15:00,154,57,97,0,0,0
2021-03-26 15:15,136,52,84,0,0,0
2021-03-26 15:30,122,55,67,0,0,0
2021-03-26 15:45,157,61,96,0,0,0
2021-03-26 16:00,160,52,108,0,0,0
2021-03-26 16:15,164,71,93,0,0,0
2021-03-26 16:30,164,80,84,0,0,0
2021-03-26 16:45,144,56,88,0,0,0
2021-03-26 17:00,122,45,77,0,0,0
2021-03-26 17:15,135,54,81,0,0,0
2021-03-26 17:30,156,58,98,0,0,0
2021-03-26 17:45,125,48,77,0,0,0
2021-03-26 18:00,139,51,88,0,0,0
2021-03-26 18:15,104,46,58,0,0,0
2021-03-26 18:30,117,45,72,0,0,0
2021-03-26 18:45,106,38,68,0,0,0
2021-03-26 19:00,103,42,61,0,0,0
2021-03-26 19:15,91,26,65,0,0,0
2021-03-26 19:30,63,29,34,0,0,0
2021-03-26 19:45,70,29,41,0,0,0
2021-03-26 20:00,73,28,45,0,0,0
2021-03-26 20:15,48,22,26,0,0,0
2021-03-26 20:30,29,17,12,0,0,0
2021-03-26 20:45,27,15,12,0,0,0
2021-03-26 21:00,31,11,20,0,0,0
2021-03-26 21:15,32,17,15,0,0,0
2021-03-26 21:30,28,11,17,0,0,0
2021-03-26 21:45,14,6,8,0,0,0
2021-03-26 22:00,9,3,6,0,0,0
2021-03-26 22:15,25,14,11,0,0,0
2021-03-26 22:30,21,12,9,0,0,0
2021-03-26 22:45,18,5,13,0,0,0
2021-03-26 23:00,14,5,9,0,0,0
2021-03-26 23:15,10,3,7,0,0,0
2021-03-26 23:30,20,10,10,0,0,0
2021-03-26 23:45,18,8,10,0,0,0
2021-03-27 00:00,9,6,3,0,0,0
2021-03-27 00:15,13,5,8,0,0,0
2021-03-27 00:30,18,8,10,0,0,0
2021-03-27 00:45,10,4,6,0,0,0
2021-03-27 01:00,8,2,6,0,0,0
2021-03-27 01:15,11,5,6,0,0,0
2021-03-27 01:30,10,7,3,0,0,0
2021-03-27 01:45,7,2,5,0,0,0
2021-03-27 02:00,3,2,1,0,0,0
2021-03-27 02:15,5,1,4,0,0,0
2021-03-27 02:30,4,1,3,0,0,0
2021-03-27 02:45,7,3,4,0,0,0
2021-03-27 03:00,7,5,2,0,0,0
2021-03-27 03:15,3,3,0,0,0,0
2021-03-27 03:30,5,2,3,0,0,0
2021-03-27 03:45,2,0,2,0,0,0
2021-03-27 04:00,5,2,3,0,0,0
2021-03-27 04:15,3,0,3,0,0,0
2021-03-27 04:30,4,3,1,0,0,0
2021-03-27 04:45,3,1,2,0,0,0
2021-03-27 05:00,3,1,2,0,0,0
2021-03-27 05:15,6,3,3,0,0,0
2021-03-27 05:30,8,3,5,0,0,0
2021-03-27 05:45,7,5,2,0,0,0
2021-03-27 06:00,10,6,4,0,0,0
2021-03-27 06:15,11,6,5,0,0,0
2021-03-27 06:30,5,5,0,0,0,0
2021-03-27 06:45,11,8,3,0,0,0
2021-03-27 07:00,12,6,6,0,0,0
2021-03-27 07:15,12,10,2,0,0,0
2021-03-27 07:30,24,14,10,0,0,0
2021-03-27 07:45,27,19,8,0,0,0
2021-03-27 08:00,42,24,18,0,0,0
2021-03-27 08:15,25,19,6,0,0,0
2021-03-27 08:30,40,14,26,0,0,0
2021-03-27 08:45,30,13,17,0,0,0
2021-03-27 09:00,25,10,15,0,0,0
2021-03-27 09:15,34,18,16,0,0,0
2021-03-27 09:30,46,30,16,0,0,0
2021-03-27 09:45,73,59,14,0,0,0
2021-03-27 10:00,53,29,24,0,0,0
2021-03-27 10:15,69,49,20,0,0,0
2021-03-27 10:30,94,51,43,0,0,0
2021-03-27 10:45,114,67,47,0,0,0
2021-03-27 11:00,86,50,36,0,0,0
2021-03-27 11:15,77,26,51,0,0,0
2021-03-27 11:30,77,30,47,0,0,0
2021-03-27 11:45,73,45,28,0,0,0
2021-03-27 12:00,82,42,40,0,0,0
2021-03-27 12:15,93,47,46,0,0,0
2021-03-27 12:30,85,37,48,0,0,0
2021-03-27 12:45,72,39,33,0,0,0
2021-03-27 13:00,58,22,36,0,0,0
2021-03-27 13:15,95,43,52,0,0,0
2021-03-27 13:30,75,25,50,0,0,0
2021-03-27 13:45,83,35,48,0,0,0
2021-03-27 14:00,86,34,52,0,0,0
2021-03-27 14:15,75,22,53,0,0,0
2021-03-27 14:30,73,33,40,0,0,0
2021-03-27 14:45,72,24,48,0,0,0
2021-03-27 15:00,64,26,38,0,0,0
2021-03-27 15:15,69,16,53,0,0,0
2021-03-27 15:30,59,25,34,0,0,0
2021-03-27 15:45,63,29,34,0,0,0
2021-03-27 16:00,51,16,35,0,0,0
2021-03-27 16:15,60,27,33,0,0,0
2021-03-27 16:30,79,27,52,0,0,0
2021-03-27 16:45,68,24,44,0,0,0
2021-03-27 17:00,62,31,31,0,0,0
2021-03-27 17:15,52,30,22,0,0,0
2021-03-27 17:30,66,31,35,0,0,0
2021-03-27 17:45,50,27,23,0,0,0
2021-03-27 18:00,60,18,42,0,0,0
2021-03-27 18:15,71,24,47,0,0,0
2021-03-27 18:30,56,19,37,0,0,0
2021-03-27 18:45,56,23,33,0,0,0
2021-03-27 19:00,51,19,32,0,0,0
2021-03-27 19:15,64,24,40,0,0,0
2021-03-27 19:30,57,24,33,0,0,0
2021-03-27 19:45,48,13,35,0,0,0
2021-03-27 20:00,51,16,35,0,0,0
2021-03-27 20:15,35,14,21,0,0,0
2021-03-27 20:30,31,18,13,0,0,0
2021-03-27 20:45,28,11,17,0,0,0
2021-03-27 21:00,22,11,11,0,0,0
2021-03-27 21:15,19,4,15,0,0,0
2021-03-27 21:30,17,2,15,0,0,0
2021-03-27 21:45,10,6,4,0,0,0
2021-03-27 22:00,19,10,9,0,0,0
2021-03-27 22:15,12,5,7,0,0,0
2021-03-27 22:30,12,3,9,0,0,0
2021-03-27 22:45,15,6,9,0,0,0
2021-03-27 23:00,11,3,8,0,0,0
2021-03-27 23:15,9,5,4,0,0,0
2021-03-27 23:30,11,2,9,0,0,0
2021-03-27 23:45,5,3,2,0,0,0
2021-03-28 00:00,7,5,2,0,0,0
2021-03-28 00:15,19,7,12,0,0,0
2021-03-28 00:30,11,6,5,0,0,0
2021-03-28 00:45,6,1,5,0,0,0
2021-03-28 01:00,19,10,9,0,0,0
2021-03-28 01:15,7,2,5,0,0,0
2021-03-28 01:30,6,4,2,0,0,0
2021-03-28 01:45,9,4,5,0,0,0
2021-03-28 03:00,13,7,6,0,0,0
2021-03-28 03:15,5,3,2,0,0,0
2021-03-28 03:30,3,2,1,0,0,0
2021-03-28 03:45,9,6,3,0,0,0
2021-03-28 04:00,5,2,3,0,0,0
2021-03-28 04:15,1,0,1,0,0,0
2021-03-28 04:30,3,1,2,0,0,0
2021-03-28 04:45,1,1,0,0,0,0
2021-03-28 05:00,3,2,1,0,0,0
2021-03-28 05:15,8,4,4,0,0,0
2021-03-28 05:30,12,9,3,0,0,0
2021-03-28 05:45,0,0,0,0,0,0
2021-03-28 06:00,5,2,3,0,0,0
2021-03-28 06:15,1,0,1,0,0,0
2021-03-28 06:30,8,5,3,0,0,0
2021-03-28 06:45,3,0,3,0,0,0
2021-03-28 07:00,3,3,0,0,0,0
2021-03-28 07:15,5,1,4,0,0,0
2021-03-28 07:30,2,2,0,0,0,0
2021-03-28 07:45,1,0,1,0,0,0
2021-03-28 08:00,5,2,3,0,0,0
2021-03-28 08:15,11,5,6,0,0,0
2021-03-28 08:30,18,13,5,0,0,0
2021-03-28 08:45,13,5,8,0,0,0
2021-03-28 09:00,6,2,4,0,0,0
2021-03-28 09:15,3,2,1,0,0,0
2021-03-28 09:30,11,9,2,0,0,0
2021-03-28 09:45,21,12,9,0,0,0
2021-03-28 10:00,7,4,3,0,0,0
2021-03-28 10:15,25,16,9,0,0,0
2021-03-28 10:30,24,14,10,0,0,0
2021-03-28 10:45,19,11,8,0,0,0
2021-03-28 11:00,32,12,20,0,0,0
2021-03-28 11:15,19,9,10,0,0,0
2021-03-28 11:30,46,21,25,0,0,0
2021-03-28 11:45,38,17,21,0,0,0
2021-03-28 12:00,36,16,20,0,0,0
2021-03-28 12:15,46,21,25,0,0,0
2021-03-28 12:30,41,13,28,0,0,0
2021-03-28 12:45,51,26,25,0,0,0
2021-03-28 13:00,55,31,24,0,0,0
2021-03-28 13:15,59,27,32,0,0,0
2021-03-28 13:30,69,28,41,0,0,0
2021-03-28 13:45,82,38,44,0,0,0
2021-03-28 14:00,71,34,37,0,0,0
2021-03-28 14:15,68,34,34,0,0,0
2021-03-28 14:30,68,24,44,0,0,0
2021-03-28 14:45,81,47,34,0,0,0
2021-03-28 15:00,73,36,37,0,0,0
2021-03-28 15:15,48,24,24,0,0,0
2021-03-28 15:30,72,31,41,0,0,0
2021-03-28 15:45,63,33,30,0,0,0
2021-03-28 16:00,65,25,40,0,0,0
2021-03-28 16:15,59,24,35,0,0,0
2021-03-28 16:30,45,10,35,0,0,0
2021-03-28 16:45,50,17,33,0,0,0
2021-03-28 17:00,60,37,23,0,0,0
2021-03-28 17:15,43,15,28,0,0,0
2021-03-28 17:30,49,18,31,0,0,0
2021-03-28 17:45,51,24,27,0,0,0
2021-03-28 18:00,62,23,39,0,0,0
2021-03-28 18:15,77,32,45,0,0,0
2021-03-28 18:30,65,19,46,0,0,0
2021-03-28 18:45,58,22,36,0,0,0
2021-03-28 19:00,36,22,14,0,0,0
2021-03-28 19:15,58,23,35,0,0,0
2021-03-28 19:30,39,7,32,0,0,0
2021-03-28 19:45,42,17,25,0,0,0
2021-03-28 20:00,22,10,12,0,0,0
2021-03-28 20:15,34,14,20,0,0,0
2021-03-28 20:30,25,9,16,0,0,0
2021-03-28 20:45,23,9,14,0,0,0
2021-03-28 21:00,26,15,11,0,0,0
2021-03-28 21:15,15,8,7,0,0,0
2021-03-28 21:30,14,4,10,0,0,0
2021-03-28 21:45,19,8,11,0,0,0
2021-03-28 22:00,25,7,18,0,0,0
2021-03-28 22:15,6,3,3,0,0,0
2021-03-28 22:30,11,4,7,0,0,0
2021-03-28 22:45,12,5,7,0,0,0
2021-03-28 23:00,9,4,5,0,0,0
2021-03-28 23:15,5,2,3,0,0,0
2021-03-28 23:30,4,1,3,0,0,0
2021-03-28 23:45,6,1,5,0,0,0
2021-03-29 00:00,6,4,2,0,0,0
2021-03-29 00:15,2,0,2,0,0,0
2021-03-29 00:30,3,0,3,0,0,0
2021-03-29 00:45,1,0,1,0,0,0
2021-03-29 01:00,1,1,0,0,0,0
2021-03-29 01:15,1,1,0,0,0,0
2021-03-29 01:30,1,0,1,0,0,0
2021-03-29 01:45,3,0,3,0,0,0
2021-03-29 02:00,0,0,0,0,0,0
2021-03-29 02:15,0,0,0,0,0,0
2021-03-29 02:30,2,1,1,0,0,0
2021-03-29 02:45,2,0,2,0,0,0
2021-03-29 03:00,0,0,0,0,0,0
2021-03-29 03:15,0,0,0,0,0,0
2021-03-29 03:30,1,1,0,0,0,0
2021-03-29 03:45,2,0,2,0,0,0
2021-03-29 04:00,1,1,0,0,0,0
2021-03-29 04:15,0,0,0,0,0,0
2021-03-29 04:30,3,1,2,0,0,0
2021-03-29 04:45,3,3,0,0,0,0
2021-03-29 05:00,4,3,1,0,0,0
2021-03-29 05:15,8,2,6,0,0,0
2021-03-29 05:30,14,11,3,0,0,0
2021-03-29 05:45,17,15,2,0,0,0
2021-03-29 06:00,15,8,7,0,0,0
2021-03-29 06:15,32,24,8,0,0,0
2021-03-29 06:30,27,20,7,0,0,0
2021-03-29 06:45,42,27,15,0,0,0
2021-03-29 07:00,58,34,24,0,0,0
2021-03-29 07:15,65,46,19,0,0,0
2021-03-29 07:30,85,46,39,0,0,0
2021-03-29 07:45,112,74,38,0,0,0
2021-03-29 08:00,85,54,31,0,0,0
2021-03-29 08:15,106,69,37,0,0,0
2021-03-29 08:30,102,57,45,0,0,0
2021-03-29 08:45,93,67,26,0,0,0
2021-03-29 09:00,95,54,41,0,0,0
2021-03-29 09:15,74,45,29,0,0,0
2021-03-29 09:30,83,50,33,0,0,0
2021-03-29 09:45,106,59,47,0,0,0
2021-03-29 10:00,82,49,33,0,0,0
2021-03-29 10:15,89,54,35,0,0,0
2021-03-29 10:30,87,45,42,0,0,0
2021-03-29 10:45,125,60,65,0,0,0
2021-03-29 11:00,115,61,54,0,0,0
2021-03-29 11:15,110,46,64,0,0,0
2021-03-29 11:30,114,46,68,0,0,0
2021-03-29 11:45,118,60,58,0,0,0
2021-03-29 12:00,135,52,83,0,0,0
2021-03-29 12:15,149,80,69,0,0,0
2021-03-29 12:30,143,59,84,0,0,0
2021-03-29 12:45,111,58,53,0,0,0
2021-03-29 13:00,120,44,76,0,0,0
2021-03-29 13:15,140,60,80,0,0,0
2021-03-29 13:30,114,56,58,0,0,0
2021-03-29 13:45,137,62,75,0,0,0
2021-03-29 14:00,136,65,71,0,0,0
2021-03-29 14:15,135,67,68,0,0,0
2021-03-29 14:30,131,57,74,0,0,0
2021-03-29 14:45,164,91,73,0,0,0
2021-03-29 15:00,154,68,86,0,0,0
2021-03-29 15:15,154,56,98,0,0,0
2021-03-29 15:30,153,66,87,0,0,0
2021-03-29 15:45,148,69,79,0,0,0
2021-03-29 16:00,160,56,104,0,0,0
2021-03-29 16:15,173,58,115,0,0,0
2021-03-29 16:30,194,71,123,0,0,0
2021-03-29 16:45,159,67,92,0,0,0
2021-03-29 17:00,162,60,102,0,0,0
2021-03-29 17:15,155,49,106,0,0,0
2021-03-29 17:30,168,65,103,0,0,0
2021-03-29 17:45,156,60,96,0,0,0
2021-03-29 18:00,164,55,109,0,0,0
2021-03-29 18:15,140,65,75,0,0,0
2021-03-29 18:30,105,39,66,0,0,0
2021-03-29 18:45,125,37,88,0,0,0
2021-03-29 19:00,99,24,75,0,0,0
2021-03-29 19:15,83,33,50,0,0,0
2021-03-29 19:30,86,27,59,0,0,0
2021-03-29 19:45,69,18,51,0,0,0
2021-03-29 20:00,57,24,33,0,0,0
2021-03-29 20:15,55,23,32,0,0,0
2021-03-29 20:30,40,13,27,0,0,0
2021-03-29 20:45,37,15,22,0,0,0
2021-03-29 21:00,27,11,16,0,0,0
2021-03-29 21:15,29,9,20,0,0,0
2021-03-29 21:30,23,8,15,0,0,0
2021-03-29 21:45,23,5,18,0,0,0
2021-03-29 22:00,18,7,11,0,0,0
2021-03-29 22:15,14,5,9,0,0,0
2021-03-29 22:30,24,11,13,0,0,0
2021-03-29 22:45,13,8,5,0,0,0
2021-03-29 23:00,17,5,12,0,0,0
2021-03-29 23:15,12,6,6,0,0,0
2021-03-29 23:30,13,5,8,0,0,0
2021-03-29 23:45,12,6,6,0,0,0
2021-03-30 00:00,0,0,0,0,0,0
2021-03-30 00:15,13,11,2,0,0,0
2021-03-30 00:30,4,1,3,0,0,0
2021-03-30 00:45,3,3,0,0,0,0
2021-03-30 01:00,2,2,0,0,0,0
2021-03-30 01:15,2,2,0,0,0,0
2021-03-30 01:30,6,3,3,0,0,0
2021-03-30 01:45,5,1,4,0,0,0
2021-03-30 02:00,4,1,3,0,0,0
2021-03-30 02:15,5,3,2,0,0,0
2021-03-30 02:30,0,0,0,0,0,0
2021-03-30 02:45,1,1,0,0,0,0
2021-03-30 03:00,0,0,0,0,0,0
2021-03-30 03:15,0,0,0,0,0,0
2021-03-30 03:30,3,1,2,0,0,0
2021-03-30 03:45,2,0,2,0,0,0
2021-03-30 04:00,2,1,1,0,0,0
2021-03-30 04:15,1,1,0,0,0,0
2021-03-30 04:30,2,2,0,0,0,0
2021-03-30 04:45,4,2,2,0,0,0
2021-03-30 05:00,1,1,0,0,0,0
2021-03-30 05:15,6,2,4,0,0,0
2021-03-30 05:30,13,7,6,0,0,0
2021-03-30 05:45,10,10,0,0,0,0
2021-03-30 06:00,23,18,5,0,0,0
2021-03-30 06:15,31,22,9,0,0,0
2021-03-30 06:30,27,18,9,0,0,0
2021-03-30 06:45,54,36,18,0,0,0
2021-03-30 07:00,64,33,31,0,0,0
2021-03-30 07:15,74,49,25,0,0,0
2021-03-30 07:30,103,59,44,0,0,0
2021-03-30 07:45,124,75,49,0,0,0
2021-03-30 08:00,103,62,41,0,0,0
2021-03-30 08:15,117,76,41,0,0,0
2021-03-30 08:30,97,68,29,0,0,0
2021-03-30 08:45,121,58,63,0,0,0
2021-03-30 09:00,84,51,33,0,0,0
2021-03-30 09:15,90,59,31,0,0,0
2021-03-30 09:30,89,47,42,0,0,0
2021-03-30 09:45,122,67,55,0,0,0
2021-03-30 10:00,86,46,40,0,0,0
2021-03-30 10:15,67,24,43,0,0,0
2021-03-30 10:30,98,50,48,0,0,0
2021-03-30 10:45,107,52,55,0,0,0
2021-03-30 11:00,112,61,51,0,0,0
2021-03-30 11:15,111,64,47,0,0,0
2021-03-30 11:30,91,47,44,0,0,0
2021-03-30 11:45,113,53,60,0,0,0
2021-03-30 12:00,127,49,78,0,0,0
2021-03-30 12:15,123,54,69,0,0,0
2021-03-30 12:30,113,57,56,0,0,0
2021-03-30 12:45,138,74,64,0,0,0
2021-03-30 13:00,124,56,68,0,0,0
2021-03-30 13:15,105,41,64,0,0,0
2021-03-30 13:30,129,60,69,0,0,0
2021-03-30 13:45,148,57,91,0,0,0
2021-03-30 14:00,146,56,90,0,0,0
2021-03-30 14:15,118,47,71,0,0,0
2021-03-30 14:30,154,74,80,0,0,0
2021-03-30 14:45,140,63,77,0,0,0
2021-03-30 15:00,140,58,82,0,0,0
2021-03-30 15:15,183,70,113,0,0,0
2021-03-30 15:30,164,81,83,0,0,0
2021-03-30 15:45,160,64,96,0,0,0
2021-03-30 16:00,172,71,101,0,0,0
2021-03-30 16:15,186,80,106,0,0,0
2021-03-30 16:30,180,69,111,0,0,0
2021-03-30 16:45,172,64,108,0,0,0
2021-03-30 17:00,189,58,131,0,0,0
2021-03-30 17:15,189,56,133,0,0,0
2021-03-30 17:30,170,63,107,0,0,0
2021-03-30 17:45,146,58,88,0,0,0
2021-03-30 18:00,182,66,116,0,0,0
2021-03-30 18:15,141,43,98,0,0,0
2021-03-30 18:30,128,37,91,0,0,0
2021-03-30 18:45,147,50,97,0,0,0
2021-03-30 19:00,109,41,68,0,0,0
2021-03-30 19:15,108,37,71,0,0,0
2021-03-30 19:30,88,35,53,0,0,0
2021-03-30 19:45,91,41,50,0,0,0
2021-03-30 20:00,85,31,54,0,0,0
2021-03-30 20:15,53,19,34,0,0,0
2021-03-30 20:30,59,14,45,0,0,0
2021-03-30 20:45,40,12,28,0,0,0
2021-03-30 21:00,34,11,23,0,0,0
2021-03-30 21:15,45,15,30,0,0,0
2021-03-30 21:30,37,10,27,0,0,0
2021-03-30 21:45,19,6,13,0,0,0
2021-03-30 22:00,26,4,22,0,0,0
2021-03-30 22:15,22,7,15,0,0,0
2021-03-30 22:30,16,5,11,0,0,0
2021-03-30 22:45,10,5,5,0,0,0
2021-03-30 23:00,9,3,6,0,0,0
2021-03-30 23:15,13,2,11,0,0,0
2021-03-30 23:30,10,4,6,0,0,0
2021-03-30 23:45,6,0,6,0,0,0
2021-03-31 00:00,4,0,4,0,0,0
2021-03-31 00:15,6,3,3,0,0,0
2021-03-31 00:30,5,3,2,0,0,0
2021-03-31 00:45,9,4,5,0,0,0
2021-03-31 01:00,6,2,4,0,0,0
2021-03-31 01:15,3,1,2,0,0,0
2021-03-31 01:30,0,0,0,0,0,0
2021-03-31 01:45,0,0,0,0,0,0
2021-03-31 02:00,0,0,0,0,0,0
2021-03-31 02:15,6,1,5,0,0,0
2021-03-31 02:30,5,3,2,0,0,0
2021-03-31 02:45,0,0,0,0,0,0
2021-03-31 03:00,1,1,0,0,0,0
2021-03-31 03:15,1,1,0,0,0,0
2021-03-31 03:30,0,0,0,0,0,0
2021-03-31 03:45,1,0,1,0,0,0
2021-03-31 04:00,2,1,1,0,0,0
2021-03-31 04:15,1,0,1,0,0,0
2021-03-31 04:30,5,2,3,0,0,0
2021-03-31 04:45,1,1,0,0,0,0
2021-03-31 05:00,1,1,0,0,0,0
2021-03-31 05:15,7,2,5,0,0,0
2021-03-31 05:30,16,11,5,0,0,0
2021-03-31 05:45,20,13,7,0,0,0
2021-03-31 06:00,24,16,8,0,0,0
2021-03-31 06:15,24,17,7,0,0,0
2021-03-31 06:30,37,25,12,0,0,0
2021-03-31 06:45,60,34,26,0,0,0
2021-03-31 07:00,61,37,24,0,0,0
2021-03-31 07:15,75,54,21,0,0,0
2021-03-31 07:30,93,52,41,0,0,0
2021-03-31 07:45,114,67,47,0,0,0
2021-03-31 08:00,103,65,38,0,0,0
2021-03-31 08:15,105,65,40,0,0,0
2021-03-31 08:30,116,74,42,0,0,0
2021-03-31 08:45,143,95,48,0,0,0
2021-03-31 09:00,99,67,32,0,0,0
2021-03-31 09:15,109,60,49,0,0,0
2021-03-31 09:30,121,77,44,0,0,0
2021-03-31 09:45,131,89,42,0,0,0
2021-03-31 10:00,124,64,60,0,0,0
2021-03-31 10:15,139,81,58,0,0,0
2021-03-31 10:30,124,50,74,0,0,0
2021-03-31 10:45,165,83,82,0,0,0
2021-03-31 11:00,134,70,64,0,0,0
2021-03-31 11:15,138,70,68,0,0,0
2021-03-31 11:30,152,64,88,0,0,0
2021-03-31 11:45,169,68,101,0,0,0
2021-03-31 12:00,155,75,80,0,0,0
2021-03-31 12:15,143,63,80,0,0,0
2021-03-31 12:30,148,70,78,0,0,0
2021-03-31 12:45,181,86,95,0,0,0
2021-03-31 13:00,164,64,100,0,0,0
2021-03-31 13:15,135,70,65,0,0,0
2021-03-31 13:30,126,61,65,0,0,0
2021-03-31 13:45,138,67,71,0,0,0
2021-03-31 14:00,153,63,90,0,0,0
2021-03-31 14:15,152,50,102,0,0,0
2021-03-31 14:30,156,54,102,0,0,0
2021-03-31 14:45,167,64,103,0,0,0
2021-03-31 15:00,147,59,88,0,0,0
2021-03-31 15:15,158,61,97,0,0,0
2021-03-31 15:30,166,58,108,0,0,0
2021-03-31 15:45,151,61,90,0,0,0
2021-03-31 16:00,165,56,109,0,0,0
2021-03-31 16:15,174,72,102,0,0,0
2021-03-31 16:30,158,63,95,0,0,0
2021-03-31 16:45,176,72,104,0,0,0
2021-03-31 17:00,167,68,99,0,0,0
2021-03-31 17:15,160,63,97,0,0,0
2021-03-31 17:30,170,58,112,0,0,0
2021-03-31 17:45,172,65,107,0,0,0
2021-03-31 18:00,150,57,93,0,0,0
2021-03-31 18:15,155,52,103,0,0,0
2021-03-31 18:30,113,35,78,0,0,0
2021-03-31 18:45,126,47,79,0,0,0
2021-03-31 19:00,127,38,89,0,0,0
2021-03-31 19:15,81,26,55,0,0,0
2021-03-31 19:30,77,23,54,0,0,0
2021-03-31 19:45,76,26,50,0,0,0
2021-03-31 20:00,81,20,61,0,0,0
2021-03-31 20:15,80,28,52,0,0,0
2021-03-31 20:30,63,21,42,0,0,0
2021-03-31 20:45,44,14,30,0,0,0
2021-03-31 21:00,26,4,22,0,0,0
2021-03-31 21:15,39,17,22,0,0,0
2021-03-31 21:30,33,9,24,0,0,0
2021-03-31 21:45,32,11,21,0,0,0
2021-03-31 22:00,34,19,15,0,0,0
2021-03-31 22:15,30,12,18,0,0,0
2021-03-31 22:30,30,21,9,0,0,0
2021-03-31 22:45,22,8,14,0,0,0
2021-03-31 23:00,16,6,10,0,0,0
2021-03-31 23:15,19,5,14,0,0,0
2021-03-31 23:30,13,7,6,0,0,0
2021-03-31 23:45,11,7,4,0,0,0
