Datetime,100034980 (Hammer Straße),101034980 (Hammer Straße stadteinwärts),102034980 (Hammer Straße stadtauswärts),100034980-status,101034980-status,102034980-status
2021-08-01 00:00,33,16,17,0,0,0
2021-08-01 00:15,27,9,18,0,0,0
2021-08-01 00:30,32,13,19,0,0,0
2021-08-01 00:45,24,10,14,0,0,0
2021-08-01 01:00,16,5,11,0,0,0
2021-08-01 01:15,16,2,14,0,0,0
2021-08-01 01:30,8,0,8,0,0,0
2021-08-01 01:45,14,3,11,0,0,0
2021-08-01 02:00,25,5,20,0,0,0
2021-08-01 02:15,10,4,6,0,0,0
2021-08-01 02:30,10,4,6,0,0,0
2021-08-01 02:45,18,7,11,0,0,0
2021-08-01 03:00,8,5,3,0,0,0
2021-08-01 03:15,5,2,3,0,0,0
2021-08-01 03:30,7,1,6,0,0,0
2021-08-01 03:45,6,3,3,0,0,0
2021-08-01 04:00,2,0,2,0,0,0
2021-08-01 04:15,4,3,1,0,0,0
2021-08-01 04:30,3,1,2,0,0,0
2021-08-01 04:45,1,1,0,0,0,0
2021-08-01 05:00,5,3,2,0,0,0
2021-08-01 05:15,3,0,3,0,0,0
2021-08-01 05:30,9,5,4,0,0,0
2021-08-01 05:45,2,1,1,0,0,0
2021-08-01 06:00,6,2,4,0,0,0
2021-08-01 06:15,5,1,4,0,0,0
2021-08-01 06:30,8,3,5,0,0,0
2021-08-01 06:45,8,3,5,0,0,0
2021-08-01 07:00,2,1,1,0,0,0
2021-08-01 07:15,4,2,2,0,0,0
2021-08-01 07:30,9,6,3,0,0,0
2021-08-01 07:45,6,5,1,0,0,0
2021-08-01 08:00,9,5,4,0,0,0
2021-08-01 08:15,18,12,6,0,0,0
2021-08-01 08:30,12,9,3,0,0,0
2021-08-01 08:45,21,13,8,0,0,0
2021-08-01 09:00,19,10,9,0,0,0
2021-08-01 09:15,31,18,13,0,0,0
2021-08-01 09:30,17,13,4,0,0,0
2021-08-01 09:45,39,22,17,0,0,0
2021-08-01 10:00,34,19,15,0,0,0
2021-08-01 10:15,34,26,8,0,0,0
2021-08-01 10:30,52,33,19,0,0,0
2021-08-01 10:45,39,23,16,0,0,0
2021-08-01 11:00,55,29,26,0,0,0
2021-08-01 11:15,40,20,20,0,0,0
2021-08-01 11:30,41,20,21,0,0,0
2021-08-01 11:45,45,24,21,0,0,0
2021-08-01 12:00,64,30,34,0,0,0
2021-08-01 12:15,83,44,39,0,0,0
2021-08-01 12:30,54,35,19,0,0,0
2021-08-01 12:45,62,30,32,0,0,0
2021-08-01 13:00,52,31,21,0,0,0
2021-08-01 13:15,75,36,39,0,0,0
2021-08-01 13:30,61,30,31,0,0,0
2021-08-01 13:45,81,39,42,0,0,0
2021-08-01 14:00,61,34,27,0,0,0
2021-08-01 14:15,85,42,43,0,0,0
2021-08-01 14:30,69,41,28,0,0,0
2021-08-01 14:45,72,39,33,0,0,0
2021-08-01 15:00,69,32,37,0,0,0
2021-08-01 15:15,82,42,40,0,0,0
2021-08-01 15:30,80,40,40,0,0,0
2021-08-01 15:45,84,42,42,0,0,0
2021-08-01 16:00,58,28,30,0,0,0
2021-08-01 16:15,73,38,35,0,0,0
2021-08-01 16:30,88,36,52,0,0,0
2021-08-01 16:45,86,36,50,0,0,0
2021-08-01 17:00,55,12,43,0,0,0
2021-08-01 17:15,19,4,15,0,0,0
2021-08-01 17:30,61,23,38,0,0,0
2021-08-01 17:45,85,39,46,0,0,0
2021-08-01 18:00,71,34,37,0,0,0
2021-08-01 18:15,70,22,48,0,0,0
2021-08-01 18:30,49,11,38,0,0,0
2021-08-01 18:45,55,37,18,0,0,0
2021-08-01 19:00,65,32,33,0,0,0
2021-08-01 19:15,54,24,30,0,0,0
2021-08-01 19:30,53,21,32,0,0,0
2021-08-01 19:45,37,14,23,0,0,0
2021-08-01 20:00,46,13,33,0,0,0
2021-08-01 20:15,50,15,35,0,0,0
2021-08-01 20:30,33,9,24,0,0,0
2021-08-01 20:45,39,15,24,0,0,0
2021-08-01 21:00,39,13,26,0,0,0
2021-08-01 21:15,37,11,26,0,0,0
2021-08-01 21:30,32,7,25,0,0,0
2021-08-01 21:45,27,7,20,0,0,0
2021-08-01 22:00,22,7,15,0,0,0
2021-08-01 22:15,21,9,12,0,0,0
2021-08-01 22:30,19,12,7,0,0,0
2021-08-01 22:45,5,2,3,0,0,0
2021-08-01 23:00,16,4,12,0,0,0
2021-08-01 23:15,5,2,3,0,0,0
2021-08-01 23:30,5,3,2,0,0,0
2021-08-01 23:45,1,0,1,0,0,0
2021-08-02 00:00,4,1,3,0,0,0
2021-08-02 00:15,3,2,1,0,0,0
2021-08-02 00:30,3,0,3,0,0,0
2021-08-02 00:45,2,1,1,0,0,0
2021-08-02 01:00,0,0,0,0,0,0
2021-08-02 01:15,5,2,3,0,0,0
2021-08-02 01:30,1,1,0,0,0,0
2021-08-02 01:45,5,0,5,0,0,0
2021-08-02 02:00,5,3,2,0,0,0
2021-08-02 02:15,1,1,0,0,0,0
2021-08-02 02:30,1,1,0,0,0,0
2021-08-02 02:45,1,1,0,0,0,0
2021-08-02 03:00,0,0,0,0,0,0
2021-08-02 03:15,0,0,0,0,0,0
2021-08-02 03:30,0,0,0,0,0,0
2021-08-02 03:45,1,0,1,0,0,0
2021-08-02 04:00,3,1,2,0,0,0
2021-08-02 04:15,3,2,1,0,0,0
2021-08-02 04:30,0,0,0,0,0,0
2021-08-02 04:45,5,4,1,0,0,0
2021-08-02 05:00,3,3,0,0,0,0
2021-08-02 05:15,6,4,2,0,0,0
2021-08-02 05:30,12,12,0,0,0,0
2021-08-02 05:45,16,10,6,0,0,0
2021-08-02 06:00,25,16,9,0,0,0
2021-08-02 06:15,34,27,7,0,0,0
2021-08-02 06:30,42,29,13,0,0,0
2021-08-02 06:45,49,33,16,0,0,0
2021-08-02 07:00,48,30,18,0,0,0
2021-08-02 07:15,68,51,17,0,0,0
2021-08-02 07:30,104,66,38,0,0,0
2021-08-02 07:45,124,78,46,0,0,0
2021-08-02 08:00,90,50,40,0,0,0
2021-08-02 08:15,107,67,40,0,0,0
2021-08-02 08:30,86,53,33,0,0,0
2021-08-02 08:45,97,64,33,0,0,0
2021-08-02 09:00,92,63,29,0,0,0
2021-08-02 09:15,74,38,36,0,0,0
2021-08-02 09:30,102,70,32,0,0,0
2021-08-02 09:45,102,67,35,0,0,0
2021-08-02 10:00,82,47,35,0,0,0
2021-08-02 10:15,78,45,33,0,0,0
2021-08-02 10:30,82,53,29,0,0,0
2021-08-02 10:45,119,65,54,0,0,0
2021-08-02 11:00,89,57,32,0,0,0
2021-08-02 11:15,120,52,68,0,0,0
2021-08-02 11:30,112,56,56,0,0,0
2021-08-02 11:45,106,61,45,0,0,0
2021-08-02 12:00,127,64,63,0,0,0
2021-08-02 12:15,101,55,46,0,0,0
2021-08-02 12:30,122,47,75,0,0,0
2021-08-02 12:45,122,47,75,0,0,0
2021-08-02 13:00,128,56,72,0,0,0
2021-08-02 13:15,129,60,69,0,0,0
2021-08-02 13:30,121,53,68,0,0,0
2021-08-02 13:45,125,63,62,0,0,0
2021-08-02 14:00,117,46,71,0,0,0
2021-08-02 14:15,114,49,65,0,0,0
2021-08-02 14:30,109,51,58,0,0,0
2021-08-02 14:45,131,60,71,0,0,0
2021-08-02 15:00,135,61,74,0,0,0
2021-08-02 15:15,148,57,91,0,0,0
2021-08-02 15:30,151,69,82,0,0,0
2021-08-02 15:45,151,59,92,0,0,0
2021-08-02 16:00,165,65,100,0,0,0
2021-08-02 16:15,186,76,110,0,0,0
2021-08-02 16:30,174,63,111,0,0,0
2021-08-02 16:45,200,76,124,0,0,0
2021-08-02 17:00,191,47,144,0,0,0
2021-08-02 17:15,206,62,144,0,0,0
2021-08-02 17:30,161,47,114,0,0,0
2021-08-02 17:45,168,60,108,0,0,0
2021-08-02 18:00,192,74,118,0,0,0
2021-08-02 18:15,156,67,89,0,0,0
2021-08-02 18:30,129,58,71,0,0,0
2021-08-02 18:45,138,56,82,0,0,0
2021-08-02 19:00,99,33,66,0,0,0
2021-08-02 19:15,100,36,64,0,0,0
2021-08-02 19:30,89,35,54,0,0,0
2021-08-02 19:45,96,34,62,0,0,0
2021-08-02 20:00,81,33,48,0,0,0
2021-08-02 20:15,59,21,38,0,0,0
2021-08-02 20:30,55,20,35,0,0,0
2021-08-02 20:45,38,19,19,0,0,0
2021-08-02 21:00,61,24,37,0,0,0
2021-08-02 21:15,40,13,27,0,0,0
2021-08-02 21:30,49,25,24,0,0,0
2021-08-02 21:45,42,14,28,0,0,0
2021-08-02 22:00,33,9,24,0,0,0
2021-08-02 22:15,34,4,30,0,0,0
2021-08-02 22:30,36,11,25,0,0,0
2021-08-02 22:45,21,10,11,0,0,0
2021-08-02 23:00,27,5,22,0,0,0
2021-08-02 23:15,25,2,23,0,0,0
2021-08-02 23:30,7,3,4,0,0,0
2021-08-02 23:45,17,7,10,0,0,0
2021-08-03 00:00,7,3,4,0,0,0
2021-08-03 00:15,15,1,14,0,0,0
2021-08-03 00:30,12,3,9,0,0,0
2021-08-03 00:45,7,0,7,0,0,0
2021-08-03 01:00,7,1,6,0,0,0
2021-08-03 01:15,3,1,2,0,0,0
2021-08-03 01:30,10,3,7,0,0,0
2021-08-03 01:45,3,1,2,0,0,0
2021-08-03 02:00,3,2,1,0,0,0
2021-08-03 02:15,4,0,4,0,0,0
2021-08-03 02:30,5,5,0,0,0,0
2021-08-03 02:45,2,0,2,0,0,0
2021-08-03 03:00,6,4,2,0,0,0
2021-08-03 03:15,0,0,0,0,0,0
2021-08-03 03:30,2,0,2,0,0,0
2021-08-03 03:45,0,0,0,0,0,0
2021-08-03 04:00,2,1,1,0,0,0
2021-08-03 04:15,2,1,1,0,0,0
2021-08-03 04:30,6,5,1,0,0,0
2021-08-03 04:45,4,4,0,0,0,0
2021-08-03 05:00,5,4,1,0,0,0
2021-08-03 05:15,9,6,3,0,0,0
2021-08-03 05:30,17,11,6,0,0,0
2021-08-03 05:45,16,13,3,0,0,0
2021-08-03 06:00,23,16,7,0,0,0
2021-08-03 06:15,43,31,12,0,0,0
2021-08-03 06:30,47,36,11,0,0,0
2021-08-03 06:45,58,43,15,0,0,0
2021-08-03 07:00,55,36,19,0,0,0
2021-08-03 07:15,73,52,21,0,0,0
2021-08-03 07:30,96,60,36,0,0,0
2021-08-03 07:45,130,77,53,0,0,0
2021-08-03 08:00,78,51,27,0,0,0
2021-08-03 08:15,107,74,33,0,0,0
2021-08-03 08:30,85,57,28,0,0,0
2021-08-03 08:45,114,69,45,0,0,0
2021-08-03 09:00,74,56,18,0,0,0
2021-08-03 09:15,60,42,18,0,0,0
2021-08-03 09:30,84,48,36,0,0,0
2021-08-03 09:45,94,62,32,0,0,0
2021-08-03 10:00,93,59,34,0,0,0
2021-08-03 10:15,82,43,39,0,0,0
2021-08-03 10:30,87,51,36,0,0,0
2021-08-03 10:45,123,67,56,0,0,0
2021-08-03 11:00,109,59,50,0,0,0
2021-08-03 11:15,90,42,48,0,0,0
2021-08-03 11:30,91,50,41,0,0,0
2021-08-03 11:45,104,52,52,0,0,0
2021-08-03 12:00,91,49,42,0,0,0
2021-08-03 12:15,113,44,69,0,0,0
2021-08-03 12:30,113,56,57,0,0,0
2021-08-03 12:45,142,64,78,0,0,0
2021-08-03 13:00,111,42,69,0,0,0
2021-08-03 13:15,105,49,56,0,0,0
2021-08-03 13:30,108,49,59,0,0,0
2021-08-03 13:45,124,49,75,0,0,0
2021-08-03 14:00,140,50,90,0,0,0
2021-08-03 14:15,126,62,64,0,0,0
2021-08-03 14:30,124,45,79,0,0,0
2021-08-03 14:45,129,67,62,0,0,0
2021-08-03 15:00,135,58,77,0,0,0
2021-08-03 15:15,137,63,74,0,0,0
2021-08-03 15:30,177,76,101,0,0,0
2021-08-03 15:45,165,78,87,0,0,0
2021-08-03 16:00,166,73,93,0,0,0
2021-08-03 16:15,155,72,83,0,0,0
2021-08-03 16:30,167,75,92,0,0,0
2021-08-03 16:45,187,72,115,0,0,0
2021-08-03 17:00,185,67,118,0,0,0
2021-08-03 17:15,210,104,106,0,0,0
2021-08-03 17:30,162,69,93,0,0,0
2021-08-03 17:45,203,83,120,0,0,0
2021-08-03 18:00,184,66,118,0,0,0
2021-08-03 18:15,175,65,110,0,0,0
2021-08-03 18:30,143,50,93,0,0,0
2021-08-03 18:45,151,68,83,0,0,0
2021-08-03 19:00,117,37,80,0,0,0
2021-08-03 19:15,122,40,82,0,0,0
2021-08-03 19:30,89,28,61,0,0,0
2021-08-03 19:45,79,32,47,0,0,0
2021-08-03 20:00,91,28,63,0,0,0
2021-08-03 20:15,76,31,45,0,0,0
2021-08-03 20:30,38,11,27,0,0,0
2021-08-03 20:45,58,25,33,0,0,0
2021-08-03 21:00,61,22,39,0,0,0
2021-08-03 21:15,66,20,46,0,0,0
2021-08-03 21:30,43,11,32,0,0,0
2021-08-03 21:45,33,6,27,0,0,0
2021-08-03 22:00,34,16,18,0,0,0
2021-08-03 22:15,54,18,36,0,0,0
2021-08-03 22:30,28,8,20,0,0,0
2021-08-03 22:45,22,7,15,0,0,0
2021-08-03 23:00,24,7,17,0,0,0
2021-08-03 23:15,22,8,14,0,0,0
2021-08-03 23:30,14,4,10,0,0,0
2021-08-03 23:45,14,7,7,0,0,0
2021-08-04 00:00,12,2,10,0,0,0
2021-08-04 00:15,15,8,7,0,0,0
2021-08-04 00:30,15,5,10,0,0,0
2021-08-04 00:45,3,2,1,0,0,0
2021-08-04 01:00,10,5,5,0,0,0
2021-08-04 01:15,2,0,2,0,0,0
2021-08-04 01:30,5,4,1,0,0,0
2021-08-04 01:45,5,3,2,0,0,0
2021-08-04 02:00,0,0,0,0,0,0
2021-08-04 02:15,3,2,1,0,0,0
2021-08-04 02:30,1,1,0,0,0,0
2021-08-04 02:45,2,1,1,0,0,0
2021-08-04 03:00,1,1,0,0,0,0
2021-08-04 03:15,3,1,2,0,0,0
2021-08-04 03:30,0,0,0,0,0,0
2021-08-04 03:45,2,0,2,0,0,0
2021-08-04 04:00,3,0,3,0,0,0
2021-08-04 04:15,1,1,0,0,0,0
2021-08-04 04:30,6,5,1,0,0,0
2021-08-04 04:45,4,2,2,0,0,0
2021-08-04 05:00,7,7,0,0,0,0
2021-08-04 05:15,11,10,1,0,0,0
2021-08-04 05:30,18,14,4,0,0,0
2021-08-04 05:45,13,10,3,0,0,0
2021-08-04 06:00,22,14,8,0,0,0
2021-08-04 06:15,41,25,16,0,0,0
2021-08-04 06:30,45,34,11,0,0,0
2021-08-04 06:45,45,35,10,0,0,0
2021-08-04 07:00,52,33,19,0,0,0
2021-08-04 07:15,77,50,27,0,0,0
2021-08-04 07:30,101,62,39,0,0,0
2021-08-04 07:45,131,91,40,0,0,0
2021-08-04 08:00,98,73,25,0,0,0
2021-08-04 08:15,107,68,39,0,0,0
2021-08-04 08:30,93,51,42,0,0,0
2021-08-04 08:45,114,80,34,0,0,0
2021-08-04 09:00,112,80,32,0,0,0
2021-08-04 09:15,102,77,25,0,0,0
2021-08-04 09:30,104,72,32,0,0,0
2021-08-04 09:45,129,90,39,0,0,0
2021-08-04 10:00,109,71,38,0,0,0
2021-08-04 10:15,109,66,43,0,0,0
2021-08-04 10:30,111,70,41,0,0,0
2021-08-04 10:45,141,75,66,0,0,0
2021-08-04 11:00,133,75,58,0,0,0
2021-08-04 11:15,150,79,71,0,0,0
2021-08-04 11:30,112,69,43,0,0,0
2021-08-04 11:45,152,86,66,0,0,0
2021-08-04 12:00,146,69,77,0,0,0
2021-08-04 12:15,132,67,65,0,0,0
2021-08-04 12:30,124,63,61,0,0,0
2021-08-04 12:45,174,77,97,0,0,0
2021-08-04 13:00,157,56,101,0,0,0
2021-08-04 13:15,171,67,104,0,0,0
2021-08-04 13:30,116,45,71,0,0,0
2021-08-04 13:45,145,51,94,0,0,0
2021-08-04 14:00,154,50,104,0,0,0
2021-08-04 14:15,162,63,99,0,0,0
2021-08-04 14:30,153,48,105,0,0,0
2021-08-04 14:45,164,78,86,0,0,0
2021-08-04 15:00,158,61,97,0,0,0
2021-08-04 15:15,133,61,72,0,0,0
2021-08-04 15:30,150,69,81,0,0,0
2021-08-04 15:45,177,83,94,0,0,0
2021-08-04 16:00,144,50,94,0,0,0
2021-08-04 16:15,183,83,100,0,0,0
2021-08-04 16:30,163,62,101,0,0,0
2021-08-04 16:45,209,72,137,0,0,0
2021-08-04 17:00,188,72,116,0,0,0
2021-08-04 17:15,175,75,100,0,0,0
2021-08-04 17:30,163,69,94,0,0,0
2021-08-04 17:45,201,70,131,0,0,0
2021-08-04 18:00,170,56,114,0,0,0
2021-08-04 18:15,205,81,124,0,0,0
2021-08-04 18:30,140,57,83,0,0,0
2021-08-04 18:45,101,42,59,0,0,0
2021-08-04 19:00,110,36,74,0,0,0
2021-08-04 19:15,103,38,65,0,0,0
2021-08-04 19:30,74,28,46,0,0,0
2021-08-04 19:45,81,37,44,0,0,0
2021-08-04 20:00,73,28,45,0,0,0
2021-08-04 20:15,70,28,42,0,0,0
2021-08-04 20:30,49,28,21,0,0,0
2021-08-04 20:45,46,14,32,0,0,0
2021-08-04 21:00,51,15,36,0,0,0
2021-08-04 21:15,52,15,37,0,0,0
2021-08-04 21:30,38,11,27,0,0,0
2021-08-04 21:45,46,9,37,0,0,0
2021-08-04 22:00,48,16,32,0,0,0
2021-08-04 22:15,49,15,34,0,0,0
2021-08-04 22:30,45,14,31,0,0,0
2021-08-04 22:45,28,9,19,0,0,0
2021-08-04 23:00,29,10,19,0,0,0
2021-08-04 23:15,29,10,19,0,0,0
2021-08-04 23:30,13,3,10,0,0,0
2021-08-04 23:45,18,3,15,0,0,0
2021-08-05 00:00,20,4,16,0,0,0
2021-08-05 00:15,16,2,14,0,0,0
2021-08-05 00:30,16,5,11,0,0,0
2021-08-05 00:45,10,5,5,0,0,0
2021-08-05 01:00,5,1,4,0,0,0
2021-08-05 01:15,8,2,6,0,0,0
2021-08-05 01:30,3,0,3,0,0,0
2021-08-05 01:45,10,0,10,0,0,0
2021-08-05 02:00,0,0,0,0,0,0
2021-08-05 02:15,5,1,4,0,0,0
2021-08-05 02:30,3,1,2,0,0,0
2021-08-05 02:45,5,0,5,0,0,0
2021-08-05 03:00,2,0,2,0,0,0
2021-08-05 03:15,2,1,1,0,0,0
2021-08-05 03:30,2,0,2,0,0,0
2021-08-05 03:45,1,1,0,0,0,0
2021-08-05 04:00,0,0,0,0,0,0
2021-08-05 04:15,2,1,1,0,0,0
2021-08-05 04:30,2,2,0,0,0,0
2021-08-05 04:45,8,4,4,0,0,0
2021-08-05 05:00,9,6,3,0,0,0
2021-08-05 05:15,6,5,1,0,0,0
2021-08-05 05:30,17,15,2,0,0,0
2021-08-05 05:45,15,12,3,0,0,0
2021-08-05 06:00,23,15,8,0,0,0
2021-08-05 06:15,34,29,5,0,0,0
2021-08-05 06:30,43,29,14,0,0,0
2021-08-05 06:45,50,37,13,0,0,0
2021-08-05 07:00,63,40,23,0,0,0
2021-08-05 07:15,67,45,22,0,0,0
2021-08-05 07:30,89,58,31,0,0,0
2021-08-05 07:45,111,72,39,0,0,0
2021-08-05 08:00,95,59,36,0,0,0
2021-08-05 08:15,109,67,42,0,0,0
2021-08-05 08:30,77,53,24,0,0,0
2021-08-05 08:45,106,68,38,0,0,0
2021-08-05 09:00,72,50,22,0,0,0
2021-08-05 09:15,75,42,33,0,0,0
2021-08-05 09:30,78,57,21,0,0,0
2021-08-05 09:45,102,65,37,0,0,0
2021-08-05 10:00,66,46,20,0,0,0
2021-08-05 10:15,94,46,48,0,0,0
2021-08-05 10:30,101,65,36,0,0,0
2021-08-05 10:45,97,55,42,0,0,0
2021-08-05 11:00,108,60,48,0,0,0
2021-08-05 11:15,102,57,45,0,0,0
2021-08-05 11:30,94,47,47,0,0,0
2021-08-05 11:45,112,66,46,0,0,0
2021-08-05 12:00,115,61,54,0,0,0
2021-08-05 12:15,124,60,64,0,0,0
2021-08-05 12:30,122,57,65,0,0,0
2021-08-05 12:45,119,60,59,0,0,0
2021-08-05 13:00,130,60,70,0,0,0
2021-08-05 13:15,126,67,59,0,0,0
2021-08-05 13:30,116,50,66,0,0,0
2021-08-05 13:45,121,56,65,0,0,0
2021-08-05 14:00,141,68,73,0,0,0
2021-08-05 14:15,138,53,85,0,0,0
2021-08-05 14:30,154,72,82,0,0,0
2021-08-05 14:45,179,79,100,0,0,0
2021-08-05 15:00,134,66,68,0,0,0
2021-08-05 15:15,143,59,84,0,0,0
2021-08-05 15:30,143,66,77,0,0,0
2021-08-05 15:45,199,90,109,0,0,0
2021-08-05 16:00,189,84,105,0,0,0
2021-08-05 16:15,159,65,94,0,0,0
2021-08-05 16:30,200,76,124,0,0,0
2021-08-05 16:45,182,79,103,0,0,0
2021-08-05 17:00,186,77,109,0,0,0
2021-08-05 17:15,168,71,97,0,0,0
2021-08-05 17:30,194,87,107,0,0,0
2021-08-05 17:45,161,69,92,0,0,0
2021-08-05 18:00,159,57,102,0,0,0
2021-08-05 18:15,153,57,96,0,0,0
2021-08-05 18:30,148,53,95,0,0,0
2021-08-05 18:45,160,65,95,0,0,0
2021-08-05 19:00,147,44,103,0,0,0
2021-08-05 19:15,116,51,65,0,0,0
2021-08-05 19:30,102,33,69,0,0,0
2021-08-05 19:45,130,52,78,0,0,0
2021-08-05 20:00,92,18,74,0,0,0
2021-08-05 20:15,76,35,41,0,0,0
2021-08-05 20:30,79,36,43,0,0,0
2021-08-05 20:45,71,18,53,0,0,0
2021-08-05 21:00,74,29,45,0,0,0
2021-08-05 21:15,59,28,31,0,0,0
2021-08-05 21:30,56,14,42,0,0,0
2021-08-05 21:45,49,26,23,0,0,0
2021-08-05 22:00,47,14,33,0,0,0
2021-08-05 22:15,39,15,24,0,0,0
2021-08-05 22:30,50,16,34,0,0,0
2021-08-05 22:45,41,13,28,0,0,0
2021-08-05 23:00,30,13,17,0,0,0
2021-08-05 23:15,31,6,25,0,0,0
2021-08-05 23:30,32,12,20,0,0,0
2021-08-05 23:45,18,6,12,0,0,0
2021-08-06 00:00,25,6,19,0,0,0
2021-08-06 00:15,11,4,7,0,0,0
2021-08-06 00:30,10,0,10,0,0,0
2021-08-06 00:45,14,6,8,0,0,0
2021-08-06 01:00,10,1,9,0,0,0
2021-08-06 01:15,3,0,3,0,0,0
2021-08-06 01:30,5,1,4,0,0,0
2021-08-06 01:45,3,0,3,0,0,0
2021-08-06 02:00,6,2,4,0,0,0
2021-08-06 02:15,2,1,1,0,0,0
2021-08-06 02:30,4,0,4,0,0,0
2021-08-06 02:45,2,0,2,0,0,0
2021-08-06 03:00,2,2,0,0,0,0
2021-08-06 03:15,0,0,0,0,0,0
2021-08-06 03:30,1,0,1,0,0,0
2021-08-06 03:45,0,0,0,0,0,0
2021-08-06 04:00,3,0,3,0,0,0
2021-08-06 04:15,2,1,1,0,0,0
2021-08-06 04:30,2,2,0,0,0,0
2021-08-06 04:45,4,2,2,0,0,0
2021-08-06 05:00,7,3,4,0,0,0
2021-08-06 05:15,9,5,4,0,0,0
2021-08-06 05:30,17,10,7,0,0,0
2021-08-06 05:45,11,8,3,0,0,0
2021-08-06 06:00,20,13,7,0,0,0
2021-08-06 06:15,27,20,7,0,0,0
2021-08-06 06:30,35,23,12,0,0,0
2021-08-06 06:45,36,25,11,0,0,0
2021-08-06 07:00,52,34,18,0,0,0
2021-08-06 07:15,77,53,24,0,0,0
2021-08-06 07:30,72,45,27,0,0,0
2021-08-06 07:45,93,59,34,0,0,0
2021-08-06 08:00,73,50,23,0,0,0
2021-08-06 08:15,87,52,35,0,0,0
2021-08-06 08:30,76,48,28,0,0,0
2021-08-06 08:45,85,52,33,0,0,0
2021-08-06 09:00,80,52,28,0,0,0
2021-08-06 09:15,82,60,22,0,0,0
2021-08-06 09:30,75,50,25,0,0,0
2021-08-06 09:45,79,40,39,0,0,0
2021-08-06 10:00,85,48,37,0,0,0
2021-08-06 10:15,92,57,35,0,0,0
2021-08-06 10:30,74,42,32,0,0,0
2021-08-06 10:45,83,42,41,0,0,0
2021-08-06 11:00,82,46,36,0,0,0
2021-08-06 11:15,102,52,50,0,0,0
2021-08-06 11:30,84,43,41,0,0,0
2021-08-06 11:45,112,59,53,0,0,0
2021-08-06 12:00,94,46,48,0,0,0
2021-08-06 12:15,120,50,70,0,0,0
2021-08-06 12:30,90,39,51,0,0,0
2021-08-06 12:45,96,39,57,0,0,0
2021-08-06 13:00,109,46,63,0,0,0
2021-08-06 13:15,124,59,65,0,0,0
2021-08-06 13:30,109,61,48,0,0,0
2021-08-06 13:45,124,56,68,0,0,0
2021-08-06 14:00,124,57,67,0,0,0
2021-08-06 14:15,145,59,86,0,0,0
2021-08-06 14:30,141,58,83,0,0,0
2021-08-06 14:45,153,70,83,0,0,0
2021-08-06 15:00,149,69,80,0,0,0
2021-08-06 15:15,150,69,81,0,0,0
2021-08-06 15:30,144,67,77,0,0,0
2021-08-06 15:45,145,68,77,0,0,0
2021-08-06 16:00,139,57,82,0,0,0
2021-08-06 16:15,165,70,95,0,0,0
2021-08-06 16:30,137,61,76,0,0,0
2021-08-06 16:45,132,62,70,0,0,0
2021-08-06 17:00,141,73,68,0,0,0
2021-08-06 17:15,157,78,79,0,0,0
2021-08-06 17:30,130,58,72,0,0,0
2021-08-06 17:45,132,49,83,0,0,0
2021-08-06 18:00,136,54,82,0,0,0
2021-08-06 18:15,149,61,88,0,0,0
2021-08-06 18:30,118,45,73,0,0,0
2021-08-06 18:45,114,55,59,0,0,0
2021-08-06 19:00,117,47,70,0,0,0
2021-08-06 19:15,89,49,40,0,0,0
2021-08-06 19:30,106,43,63,0,0,0
2021-08-06 19:45,85,40,45,0,0,0
2021-08-06 20:00,85,46,39,0,0,0
2021-08-06 20:15,64,33,31,0,0,0
2021-08-06 20:30,70,28,42,0,0,0
2021-08-06 20:45,66,35,31,0,0,0
2021-08-06 21:00,41,15,26,0,0,0
2021-08-06 21:15,39,18,21,0,0,0
2021-08-06 21:30,35,13,22,0,0,0
2021-08-06 21:45,36,12,24,0,0,0
2021-08-06 22:00,42,13,29,0,0,0
2021-08-06 22:15,37,10,27,0,0,0
2021-08-06 22:30,33,11,22,0,0,0
2021-08-06 22:45,24,8,16,0,0,0
2021-08-06 23:00,30,12,18,0,0,0
2021-08-06 23:15,37,10,27,0,0,0
2021-08-06 23:30,33,6,27,0,0,0
2021-08-06 23:45,32,13,19,0,0,0
2021-08-07 00:00,21,6,15,0,0,0
2021-08-07 00:15,33,14,19,0,0,0
2021-08-07 00:30,26,7,19,0,0,0
2021-08-07 00:45,33,13,20,0,0,0
2021-08-07 01:00,17,8,9,0,0,0
2021-08-07 01:15,30,13,17,0,0,0
2021-08-07 01:30,14,2,12,0,0,0
2021-08-07 01:45,21,8,13,0,0,0
2021-08-07 02:00,10,1,9,0,0,0
2021-08-07 02:15,9,2,7,0,0,0
2021-08-07 02:30,14,3,11,0,0,0
2021-08-07 02:45,6,0,6,0,0,0
2021-08-07 03:00,12,3,9,0,0,0
2021-08-07 03:15,12,4,8,0,0,0
2021-08-07 03:30,5,0,5,0,0,0
2021-08-07 03:45,6,3,3,0,0,0
2021-08-07 04:00,3,0,3,0,0,0
2021-08-07 04:15,1,0,1,0,0,0
2021-08-07 04:30,6,2,4,0,0,0
2021-08-07 04:45,6,3,3,0,0,0
2021-08-07 05:00,1,0,1,0,0,0
2021-08-07 05:15,2,1,1,0,0,0
2021-08-07 05:30,13,6,7,0,0,0
2021-08-07 05:45,5,3,2,0,0,0
2021-08-07 06:00,7,4,3,0,0,0
2021-08-07 06:15,6,1,5,0,0,0
2021-08-07 06:30,12,7,5,0,0,0
2021-08-07 06:45,12,10,2,0,0,0
2021-08-07 07:00,5,3,2,0,0,0
2021-08-07 07:15,15,11,4,0,0,0
2021-08-07 07:30,13,10,3,0,0,0
2021-08-07 07:45,34,23,11,0,0,0
2021-08-07 08:00,29,14,15,0,0,0
2021-08-07 08:15,32,22,10,0,0,0
2021-08-07 08:30,30,15,15,0,0,0
2021-08-07 08:45,65,43,22,0,0,0
2021-08-07 09:00,43,28,15,0,0,0
2021-08-07 09:15,58,39,19,0,0,0
2021-08-07 09:30,50,28,22,0,0,0
2021-08-07 09:45,94,57,37,0,0,0
2021-08-07 10:00,67,47,20,0,0,0
2021-08-07 10:15,78,44,34,0,0,0
2021-08-07 10:30,102,73,29,0,0,0
2021-08-07 10:45,109,74,35,0,0,0
2021-08-07 11:00,113,65,48,0,0,0
2021-08-07 11:15,99,57,42,0,0,0
2021-08-07 11:30,105,66,39,0,0,0
2021-08-07 11:45,128,71,57,0,0,0
2021-08-07 12:00,148,85,63,0,0,0
2021-08-07 12:15,119,57,62,0,0,0
2021-08-07 12:30,136,79,57,0,0,0
2021-08-07 12:45,114,49,65,0,0,0
2021-08-07 13:00,160,95,65,0,0,0
2021-08-07 13:15,146,77,69,0,0,0
2021-08-07 13:30,130,64,66,0,0,0
2021-08-07 13:45,135,87,48,0,0,0
2021-08-07 14:00,121,57,64,0,0,0
2021-08-07 14:15,124,53,71,0,0,0
2021-08-07 14:30,147,54,93,0,0,0
2021-08-07 14:45,122,60,62,0,0,0
2021-08-07 15:00,141,53,88,0,0,0
2021-08-07 15:15,58,21,37,0,0,0
2021-08-07 15:30,108,47,61,0,0,0
2021-08-07 15:45,121,46,75,0,0,0
2021-08-07 16:00,132,55,77,0,0,0
2021-08-07 16:15,134,57,77,0,0,0
2021-08-07 16:30,108,37,71,0,0,0
2021-08-07 16:45,112,60,52,0,0,0
2021-08-07 17:00,104,36,68,0,0,0
2021-08-07 17:15,121,47,74,0,0,0
2021-08-07 17:30,93,50,43,0,0,0
2021-08-07 17:45,128,59,69,0,0,0
2021-08-07 18:00,125,53,72,0,0,0
2021-08-07 18:15,101,34,67,0,0,0
2021-08-07 18:30,104,41,63,0,0,0
2021-08-07 18:45,112,55,57,0,0,0
2021-08-07 19:00,104,38,66,0,0,0
2021-08-07 19:15,86,41,45,0,0,0
2021-08-07 19:30,88,33,55,0,0,0
2021-08-07 19:45,70,31,39,0,0,0
2021-08-07 20:00,81,34,47,0,0,0
2021-08-07 20:15,66,19,47,0,0,0
2021-08-07 20:30,58,28,30,0,0,0
2021-08-07 20:45,60,25,35,0,0,0
2021-08-07 21:00,38,19,19,0,0,0
2021-08-07 21:15,29,8,21,0,0,0
2021-08-07 21:30,40,22,18,0,0,0
2021-08-07 21:45,31,13,18,0,0,0
2021-08-07 22:00,25,11,14,0,0,0
2021-08-07 22:15,25,3,22,0,0,0
2021-08-07 22:30,31,12,19,0,0,0
2021-08-07 22:45,30,14,16,0,0,0
2021-08-07 23:00,31,5,26,0,0,0
2021-08-07 23:15,40,14,26,0,0,0
2021-08-07 23:30,29,13,16,0,0,0
2021-08-07 23:45,46,9,37,0,0,0
2021-08-08 00:00,20,8,12,0,0,0
2021-08-08 00:15,33,9,24,0,0,0
2021-08-08 00:30,21,5,16,0,0,0
2021-08-08 00:45,30,18,12,0,0,0
2021-08-08 01:00,20,0,20,0,0,0
2021-08-08 01:15,29,9,20,0,0,0
2021-08-08 01:30,15,8,7,0,0,0
2021-08-08 01:45,13,4,9,0,0,0
2021-08-08 02:00,12,2,10,0,0,0
2021-08-08 02:15,17,5,12,0,0,0
2021-08-08 02:30,9,3,6,0,0,0
2021-08-08 02:45,12,10,2,0,0,0
2021-08-08 03:00,7,1,6,0,0,0
2021-08-08 03:15,10,1,9,0,0,0
2021-08-08 03:30,11,2,9,0,0,0
2021-08-08 03:45,8,5,3,0,0,0
2021-08-08 04:00,7,4,3,0,0,0
2021-08-08 04:15,9,2,7,0,0,0
2021-08-08 04:30,1,1,0,0,0,0
2021-08-08 04:45,1,0,1,0,0,0
2021-08-08 05:00,2,1,1,0,0,0
2021-08-08 05:15,2,0,2,0,0,0
2021-08-08 05:30,12,6,6,0,0,0
2021-08-08 05:45,4,1,3,0,0,0
2021-08-08 06:00,1,1,0,0,0,0
2021-08-08 06:15,3,2,1,0,0,0
2021-08-08 06:30,5,2,3,0,0,0
2021-08-08 06:45,1,0,1,0,0,0
2021-08-08 07:00,0,0,0,0,0,0
2021-08-08 07:15,1,0,1,0,0,0
2021-08-08 07:30,9,6,3,0,0,0
2021-08-08 07:45,2,1,1,0,0,0
2021-08-08 08:00,6,3,3,0,0,0
2021-08-08 08:15,6,4,2,0,0,0
2021-08-08 08:30,11,7,4,0,0,0
2021-08-08 08:45,19,14,5,0,0,0
2021-08-08 09:00,20,12,8,0,0,0
2021-08-08 09:15,21,11,10,0,0,0
2021-08-08 09:30,19,12,7,0,0,0
2021-08-08 09:45,23,14,9,0,0,0
2021-08-08 10:00,29,23,6,0,0,0
2021-08-08 10:15,30,15,15,0,0,0
2021-08-08 10:30,19,13,6,0,0,0
2021-08-08 10:45,40,26,14,0,0,0
2021-08-08 11:00,24,8,16,0,0,0
2021-08-08 11:15,51,27,24,0,0,0
2021-08-08 11:30,44,26,18,0,0,0
2021-08-08 11:45,62,36,26,0,0,0
2021-08-08 12:00,60,23,37,0,0,0
2021-08-08 12:15,35,25,10,0,0,0
2021-08-08 12:30,74,24,50,0,0,0
2021-08-08 12:45,71,43,28,0,0,0
2021-08-08 13:00,62,26,36,0,0,0
2021-08-08 13:15,72,27,45,0,0,0
2021-08-08 13:30,96,33,63,0,0,0
2021-08-08 13:45,117,43,74,0,0,0
2021-08-08 14:00,128,29,99,0,0,0
2021-08-08 14:15,142,45,97,0,0,0
2021-08-08 14:30,124,39,85,0,0,0
2021-08-08 14:45,93,39,54,0,0,0
2021-08-08 15:00,82,26,56,0,0,0
2021-08-08 15:15,55,29,26,0,0,0
2021-08-08 15:30,61,33,28,0,0,0
2021-08-08 15:45,68,33,35,0,0,0
2021-08-08 16:00,57,29,28,0,0,0
2021-08-08 16:15,82,49,33,0,0,0
2021-08-08 16:30,69,29,40,0,0,0
2021-08-08 16:45,63,35,28,0,0,0
2021-08-08 17:00,81,31,50,0,0,0
2021-08-08 17:15,82,33,49,0,0,0
2021-08-08 17:30,91,42,49,0,0,0
2021-08-08 17:45,94,39,55,0,0,0
2021-08-08 18:00,68,38,30,0,0,0
2021-08-08 18:15,159,120,39,0,0,0
2021-08-08 18:30,202,167,35,0,0,0
2021-08-08 18:45,106,68,38,0,0,0
2021-08-08 19:00,42,18,24,0,0,0
2021-08-08 19:15,54,29,25,0,0,0
2021-08-08 19:30,66,37,29,0,0,0
2021-08-08 19:45,61,30,31,0,0,0
2021-08-08 20:00,63,27,36,0,0,0
2021-08-08 20:15,47,21,26,0,0,0
2021-08-08 20:30,41,16,25,0,0,0
2021-08-08 20:45,44,16,28,0,0,0
2021-08-08 21:00,26,13,13,0,0,0
2021-08-08 21:15,37,15,22,0,0,0
2021-08-08 21:30,35,17,18,0,0,0
2021-08-08 21:45,42,8,34,0,0,0
2021-08-08 22:00,33,16,17,0,0,0
2021-08-08 22:15,18,9,9,0,0,0
2021-08-08 22:30,23,9,14,0,0,0
2021-08-08 22:45,16,4,12,0,0,0
2021-08-08 23:00,18,4,14,0,0,0
2021-08-08 23:15,7,3,4,0,0,0
2021-08-08 23:30,7,6,1,0,0,0
2021-08-08 23:45,10,2,8,0,0,0
2021-08-09 00:00,6,3,3,0,0,0
2021-08-09 00:15,5,1,4,0,0,0
2021-08-09 00:30,5,1,4,0,0,0
2021-08-09 00:45,7,1,6,0,0,0
2021-08-09 01:00,3,1,2,0,0,0
2021-08-09 01:15,3,0,3,0,0,0
2021-08-09 01:30,1,0,1,0,0,0
2021-08-09 01:45,2,1,1,0,0,0
2021-08-09 02:00,0,0,0,0,0,0
2021-08-09 02:15,0,0,0,0,0,0
2021-08-09 02:30,1,0,1,0,0,0
2021-08-09 02:45,0,0,0,0,0,0
2021-08-09 03:00,0,0,0,0,0,0
2021-08-09 03:15,1,0,1,0,0,0
2021-08-09 03:30,0,0,0,0,0,0
2021-08-09 03:45,2,1,1,0,0,0
2021-08-09 04:00,1,0,1,0,0,0
2021-08-09 04:15,1,1,0,0,0,0
2021-08-09 04:30,2,2,0,0,0,0
2021-08-09 04:45,6,6,0,0,0,0
2021-08-09 05:00,4,3,1,0,0,0
2021-08-09 05:15,6,6,0,0,0,0
2021-08-09 05:30,15,9,6,0,0,0
2021-08-09 05:45,17,12,5,0,0,0
2021-08-09 06:00,17,14,3,0,0,0
2021-08-09 06:15,24,22,2,0,0,0
2021-08-09 06:30,33,25,8,0,0,0
2021-08-09 06:45,54,41,13,0,0,0
2021-08-09 07:00,49,29,20,0,0,0
2021-08-09 07:15,80,59,21,0,0,0
2021-08-09 07:30,102,62,40,0,0,0
2021-08-09 07:45,129,80,49,0,0,0
2021-08-09 08:00,87,49,38,0,0,0
2021-08-09 08:15,111,68,43,0,0,0
2021-08-09 08:30,107,74,33,0,0,0
2021-08-09 08:45,116,74,42,0,0,0
2021-08-09 09:00,61,41,20,0,0,0
2021-08-09 09:15,79,49,30,0,0,0
2021-08-09 09:30,70,47,23,0,0,0
2021-08-09 09:45,83,59,24,0,0,0
2021-08-09 10:00,50,23,27,0,0,0
2021-08-09 10:15,46,20,26,0,0,0
2021-08-09 10:30,67,39,28,0,0,0
2021-08-09 10:45,83,45,38,0,0,0
2021-08-09 11:00,67,31,36,0,0,0
2021-08-09 11:15,96,46,50,0,0,0
2021-08-09 11:30,102,48,54,0,0,0
2021-08-09 11:45,92,56,36,0,0,0
2021-08-09 12:00,126,44,82,0,0,0
2021-08-09 12:15,105,57,48,0,0,0
2021-08-09 12:30,88,44,44,0,0,0
2021-08-09 12:45,100,47,53,0,0,0
2021-08-09 13:00,111,37,74,0,0,0
2021-08-09 13:15,99,47,52,0,0,0
2021-08-09 13:30,94,50,44,0,0,0
2021-08-09 13:45,117,59,58,0,0,0
2021-08-09 14:00,127,54,73,0,0,0
2021-08-09 14:15,147,63,84,0,0,0
2021-08-09 14:30,137,61,76,0,0,0
2021-08-09 14:45,138,56,82,0,0,0
2021-08-09 15:00,149,73,76,0,0,0
2021-08-09 15:15,147,80,67,0,0,0
2021-08-09 15:30,153,65,88,0,0,0
2021-08-09 15:45,143,68,75,0,0,0
2021-08-09 16:00,143,66,77,0,0,0
2021-08-09 16:15,168,74,94,0,0,0
2021-08-09 16:30,171,82,89,0,0,0
2021-08-09 16:45,167,81,86,0,0,0
2021-08-09 17:00,193,75,118,0,0,0
2021-08-09 17:15,194,74,120,0,0,0
2021-08-09 17:30,175,71,104,0,0,0
2021-08-09 17:45,169,67,102,0,0,0
2021-08-09 18:00,208,73,135,0,0,0
2021-08-09 18:15,162,66,96,0,0,0
2021-08-09 18:30,143,45,98,0,0,0
2021-08-09 18:45,127,58,69,0,0,0
2021-08-09 19:00,145,44,101,0,0,0
2021-08-09 19:15,95,39,56,0,0,0
2021-08-09 19:30,108,32,76,0,0,0
2021-08-09 19:45,94,37,57,0,0,0
2021-08-09 20:00,83,27,56,0,0,0
2021-08-09 20:15,59,20,39,0,0,0
2021-08-09 20:30,38,15,23,0,0,0
2021-08-09 20:45,45,21,24,0,0,0
2021-08-09 21:00,47,15,32,0,0,0
2021-08-09 21:15,35,12,23,0,0,0
2021-08-09 21:30,43,15,28,0,0,0
2021-08-09 21:45,38,12,26,0,0,0
2021-08-09 22:00,41,13,28,0,0,0
2021-08-09 22:15,35,12,23,0,0,0
2021-08-09 22:30,23,13,10,0,0,0
2021-08-09 22:45,23,7,16,0,0,0
2021-08-09 23:00,23,5,18,0,0,0
2021-08-09 23:15,19,7,12,0,0,0
2021-08-09 23:30,7,3,4,0,0,0
2021-08-09 23:45,14,5,9,0,0,0
2021-08-10 00:00,12,2,10,0,0,0
2021-08-10 00:15,7,0,7,0,0,0
2021-08-10 00:30,10,5,5,0,0,0
2021-08-10 00:45,7,2,5,0,0,0
2021-08-10 01:00,5,2,3,0,0,0
2021-08-10 01:15,6,0,6,0,0,0
2021-08-10 01:30,3,0,3,0,0,0
2021-08-10 01:45,4,1,3,0,0,0
2021-08-10 02:00,6,1,5,0,0,0
2021-08-10 02:15,5,2,3,0,0,0
2021-08-10 02:30,1,0,1,0,0,0
2021-08-10 02:45,3,2,1,0,0,0
2021-08-10 03:00,1,0,1,0,0,0
2021-08-10 03:15,8,1,7,0,0,0
2021-08-10 03:30,1,0,1,0,0,0
2021-08-10 03:45,1,1,0,0,0,0
2021-08-10 04:00,1,0,1,0,0,0
2021-08-10 04:15,2,2,0,0,0,0
2021-08-10 04:30,2,1,1,0,0,0
2021-08-10 04:45,3,3,0,0,0,0
2021-08-10 05:00,6,5,1,0,0,0
2021-08-10 05:15,6,6,0,0,0,0
2021-08-10 05:30,14,9,5,0,0,0
2021-08-10 05:45,20,15,5,0,0,0
2021-08-10 06:00,26,22,4,0,0,0
2021-08-10 06:15,31,23,8,0,0,0
2021-08-10 06:30,35,22,13,0,0,0
2021-08-10 06:45,49,35,14,0,0,0
2021-08-10 07:00,71,50,21,0,0,0
2021-08-10 07:15,71,44,27,0,0,0
2021-08-10 07:30,99,59,40,0,0,0
2021-08-10 07:45,122,78,44,0,0,0
2021-08-10 08:00,108,54,54,0,0,0
2021-08-10 08:15,117,85,32,0,0,0
2021-08-10 08:30,103,66,37,0,0,0
2021-08-10 08:45,141,101,40,0,0,0
2021-08-10 09:00,66,52,14,0,0,0
2021-08-10 09:15,86,49,37,0,0,0
2021-08-10 09:30,79,55,24,0,0,0
2021-08-10 09:45,75,52,23,0,0,0
2021-08-10 10:00,92,70,22,0,0,0
2021-08-10 10:15,88,46,42,0,0,0
2021-08-10 10:30,88,52,36,0,0,0
2021-08-10 10:45,130,76,54,0,0,0
2021-08-10 11:00,109,63,46,0,0,0
2021-08-10 11:15,98,58,40,0,0,0
2021-08-10 11:30,108,61,47,0,0,0
2021-08-10 11:45,115,64,51,0,0,0
2021-08-10 12:00,128,58,70,0,0,0
2021-08-10 12:15,125,61,64,0,0,0
2021-08-10 12:30,145,59,86,0,0,0
2021-08-10 12:45,145,65,80,0,0,0
2021-08-10 13:00,137,57,80,0,0,0
2021-08-10 13:15,132,47,85,0,0,0
2021-08-10 13:30,134,63,71,0,0,0
2021-08-10 13:45,138,71,67,0,0,0
2021-08-10 14:00,135,59,76,0,0,0
2021-08-10 14:15,119,46,73,0,0,0
2021-08-10 14:30,121,53,68,0,0,0
2021-08-10 14:45,169,85,84,0,0,0
2021-08-10 15:00,120,60,60,0,0,0
2021-08-10 15:15,140,67,73,0,0,0
2021-08-10 15:30,160,76,84,0,0,0
2021-08-10 15:45,159,65,94,0,0,0
2021-08-10 16:00,180,73,107,0,0,0
2021-08-10 16:15,190,69,121,0,0,0
2021-08-10 16:30,173,71,102,0,0,0
2021-08-10 16:45,220,88,132,0,0,0
2021-08-10 17:00,187,77,110,0,0,0
2021-08-10 17:15,156,60,96,0,0,0
2021-08-10 17:30,130,55,75,0,0,0
2021-08-10 17:45,124,43,81,0,0,0
2021-08-10 18:00,149,45,104,0,0,0
2021-08-10 18:15,137,57,80,0,0,0
2021-08-10 18:30,146,64,82,0,0,0
2021-08-10 18:45,133,55,78,0,0,0
2021-08-10 19:00,128,39,89,0,0,0
2021-08-10 19:15,132,59,73,0,0,0
2021-08-10 19:30,89,34,55,0,0,0
2021-08-10 19:45,96,39,57,0,0,0
2021-08-10 20:00,93,25,68,0,0,0
2021-08-10 20:15,77,32,45,0,0,0
2021-08-10 20:30,58,25,33,0,0,0
2021-08-10 20:45,47,9,38,0,0,0
2021-08-10 21:00,54,22,32,0,0,0
2021-08-10 21:15,55,17,38,0,0,0
2021-08-10 21:30,40,16,24,0,0,0
2021-08-10 21:45,47,12,35,0,0,0
2021-08-10 22:00,53,11,42,0,0,0
2021-08-10 22:15,32,12,20,0,0,0
2021-08-10 22:30,27,11,16,0,0,0
2021-08-10 22:45,23,3,20,0,0,0
2021-08-10 23:00,36,17,19,0,0,0
2021-08-10 23:15,25,9,16,0,0,0
2021-08-10 23:30,34,8,26,0,0,0
2021-08-10 23:45,13,3,10,0,0,0
2021-08-11 00:00,9,1,8,0,0,0
2021-08-11 00:15,13,6,7,0,0,0
2021-08-11 00:30,11,4,7,0,0,0
2021-08-11 00:45,12,7,5,0,0,0
2021-08-11 01:00,12,3,9,0,0,0
2021-08-11 01:15,5,3,2,0,0,0
2021-08-11 01:30,9,5,4,0,0,0
2021-08-11 01:45,2,0,2,0,0,0
2021-08-11 02:00,2,0,2,0,0,0
2021-08-11 02:15,4,0,4,0,0,0
2021-08-11 02:30,4,0,4,0,0,0
2021-08-11 02:45,4,0,4,0,0,0
2021-08-11 03:00,3,2,1,0,0,0
2021-08-11 03:15,4,0,4,0,0,0
2021-08-11 03:30,1,0,1,0,0,0
2021-08-11 03:45,0,0,0,0,0,0
2021-08-11 04:00,1,1,0,0,0,0
2021-08-11 04:15,1,1,0,0,0,0
2021-08-11 04:30,3,2,1,0,0,0
2021-08-11 04:45,2,2,0,0,0,0
2021-08-11 05:00,8,8,0,0,0,0
2021-08-11 05:15,5,5,0,0,0,0
2021-08-11 05:30,25,17,8,0,0,0
2021-08-11 05:45,32,22,10,0,0,0
2021-08-11 06:00,24,17,7,0,0,0
2021-08-11 06:15,46,34,12,0,0,0
2021-08-11 06:30,40,30,10,0,0,0
2021-08-11 06:45,57,33,24,0,0,0
2021-08-11 07:00,75,51,24,0,0,0
2021-08-11 07:15,111,75,36,0,0,0
2021-08-11 07:30,107,72,35,0,0,0
2021-08-11 07:45,131,82,49,0,0,0
2021-08-11 08:00,108,64,44,0,0,0
2021-08-11 08:15,130,79,51,0,0,0
2021-08-11 08:30,107,75,32,0,0,0
2021-08-11 08:45,134,94,40,0,0,0
2021-08-11 09:00,101,78,23,0,0,0
2021-08-11 09:15,98,70,28,0,0,0
2021-08-11 09:30,100,77,23,0,0,0
2021-08-11 09:45,117,87,30,0,0,0
2021-08-11 10:00,109,67,42,0,0,0
2021-08-11 10:15,116,74,42,0,0,0
2021-08-11 10:30,106,64,42,0,0,0
2021-08-11 10:45,117,62,55,0,0,0
2021-08-11 11:00,106,62,44,0,0,0
2021-08-11 11:15,132,54,78,0,0,0
2021-08-11 11:30,157,87,70,0,0,0
2021-08-11 11:45,145,72,73,0,0,0
2021-08-11 12:00,151,73,78,0,0,0
2021-08-11 12:15,170,88,82,0,0,0
2021-08-11 12:30,148,76,72,0,0,0
2021-08-11 12:45,148,64,84,0,0,0
2021-08-11 13:00,137,56,81,0,0,0
2021-08-11 13:15,149,68,81,0,0,0
2021-08-11 13:30,161,76,85,0,0,0
2021-08-11 13:45,157,71,86,0,0,0
2021-08-11 14:00,164,70,94,0,0,0
2021-08-11 14:15,138,53,85,0,0,0
2021-08-11 14:30,135,66,69,0,0,0
2021-08-11 14:45,158,63,95,0,0,0
2021-08-11 15:00,162,58,104,0,0,0
2021-08-11 15:15,162,68,94,0,0,0
2021-08-11 15:30,170,67,103,0,0,0
2021-08-11 15:45,190,85,105,0,0,0
2021-08-11 16:00,175,80,95,0,0,0
2021-08-11 16:15,185,73,112,0,0,0
2021-08-11 16:30,203,79,124,0,0,0
2021-08-11 16:45,204,85,119,0,0,0
2021-08-11 17:00,214,105,109,0,0,0
2021-08-11 17:15,209,91,118,0,0,0
2021-08-11 17:30,190,78,112,0,0,0
2021-08-11 17:45,202,91,111,0,0,0
2021-08-11 18:00,216,79,137,0,0,0
2021-08-11 18:15,199,83,116,0,0,0
2021-08-11 18:30,142,59,83,0,0,0
2021-08-11 18:45,179,77,102,0,0,0
2021-08-11 19:00,135,46,89,0,0,0
2021-08-11 19:15,138,56,82,0,0,0
2021-08-11 19:30,114,40,74,0,0,0
2021-08-11 19:45,135,53,82,0,0,0
2021-08-11 20:00,101,28,73,0,0,0
2021-08-11 20:15,83,29,54,0,0,0
2021-08-11 20:30,62,21,41,0,0,0
2021-08-11 20:45,69,25,44,0,0,0
2021-08-11 21:00,69,24,45,0,0,0
2021-08-11 21:15,66,15,51,0,0,0
2021-08-11 21:30,62,22,40,0,0,0
2021-08-11 21:45,66,30,36,0,0,0
2021-08-11 22:00,76,22,54,0,0,0
2021-08-11 22:15,65,21,44,0,0,0
2021-08-11 22:30,76,23,53,0,0,0
2021-08-11 22:45,45,15,30,0,0,0
2021-08-11 23:00,51,12,39,0,0,0
2021-08-11 23:15,46,16,30,0,0,0
2021-08-11 23:30,28,9,19,0,0,0
2021-08-11 23:45,18,9,9,0,0,0
2021-08-12 00:00,17,3,14,0,0,0
2021-08-12 00:15,14,4,10,0,0,0
2021-08-12 00:30,4,1,3,0,0,0
2021-08-12 00:45,7,2,5,0,0,0
2021-08-12 01:00,8,4,4,0,0,0
2021-08-12 01:15,4,0,4,0,0,0
2021-08-12 01:30,6,0,6,0,0,0
2021-08-12 01:45,8,4,4,0,0,0
2021-08-12 02:00,4,1,3,0,0,0
2021-08-12 02:15,3,0,3,0,0,0
2021-08-12 02:30,2,1,1,0,0,0
2021-08-12 02:45,3,0,3,0,0,0
2021-08-12 03:00,1,1,0,0,0,0
2021-08-12 03:15,5,0,5,0,0,0
2021-08-12 03:30,3,1,2,0,0,0
2021-08-12 03:45,0,0,0,0,0,0
2021-08-12 04:00,2,0,2,0,0,0
2021-08-12 04:15,9,1,8,0,0,0
2021-08-12 04:30,4,2,2,0,0,0
2021-08-12 04:45,2,2,0,0,0,0
2021-08-12 05:00,5,4,1,0,0,0
2021-08-12 05:15,9,6,3,0,0,0
2021-08-12 05:30,17,12,5,0,0,0
2021-08-12 05:45,24,19,5,0,0,0
2021-08-12 06:00,23,18,5,0,0,0
2021-08-12 06:15,32,22,10,0,0,0
2021-08-12 06:30,42,33,9,0,0,0
2021-08-12 06:45,64,47,17,0,0,0
2021-08-12 07:00,77,55,22,0,0,0
2021-08-12 07:15,112,75,37,0,0,0
2021-08-12 07:30,130,81,49,0,0,0
2021-08-12 07:45,139,94,45,0,0,0
2021-08-12 08:00,112,69,43,0,0,0
2021-08-12 08:15,112,75,37,0,0,0
2021-08-12 08:30,122,78,44,0,0,0
2021-08-12 08:45,142,91,51,0,0,0
2021-08-12 09:00,100,68,32,0,0,0
2021-08-12 09:15,99,67,32,0,0,0
2021-08-12 09:30,98,63,35,0,0,0
2021-08-12 09:45,134,88,46,0,0,0
2021-08-12 10:00,101,62,39,0,0,0
2021-08-12 10:15,96,67,29,0,0,0
2021-08-12 10:30,119,66,53,0,0,0
2021-08-12 10:45,121,81,40,0,0,0
2021-08-12 11:00,120,59,61,0,0,0
2021-08-12 11:15,105,51,54,0,0,0
2021-08-12 11:30,117,53,64,0,0,0
2021-08-12 11:45,141,74,67,0,0,0
2021-08-12 12:00,125,52,73,0,0,0
2021-08-12 12:15,134,70,64,0,0,0
2021-08-12 12:30,137,76,61,0,0,0
2021-08-12 12:45,150,65,85,0,0,0
2021-08-12 13:00,154,52,102,0,0,0
2021-08-12 13:15,147,69,78,0,0,0
2021-08-12 13:30,123,52,71,0,0,0
2021-08-12 13:45,127,53,74,0,0,0
2021-08-12 14:00,145,60,85,0,0,0
2021-08-12 14:15,136,54,82,0,0,0
2021-08-12 14:30,152,63,89,0,0,0
2021-08-12 14:45,188,72,116,0,0,0
2021-08-12 15:00,149,75,74,0,0,0
2021-08-12 15:15,149,53,96,0,0,0
2021-08-12 15:30,169,75,94,0,0,0
2021-08-12 15:45,187,68,119,0,0,0
2021-08-12 16:00,210,84,126,0,0,0
2021-08-12 16:15,219,96,123,0,0,0
2021-08-12 16:30,186,86,100,0,0,0
2021-08-12 16:45,231,98,133,0,0,0
2021-08-12 17:00,182,81,101,0,0,0
2021-08-12 17:15,221,103,118,0,0,0
2021-08-12 17:30,181,74,107,0,0,0
2021-08-12 17:45,215,94,121,0,0,0
2021-08-12 18:00,191,74,117,0,0,0
2021-08-12 18:15,170,64,106,0,0,0
2021-08-12 18:30,153,75,78,0,0,0
2021-08-12 18:45,165,82,83,0,0,0
2021-08-12 19:00,143,59,84,0,0,0
2021-08-12 19:15,144,51,93,0,0,0
2021-08-12 19:30,118,35,83,0,0,0
2021-08-12 19:45,111,44,67,0,0,0
2021-08-12 20:00,124,38,86,0,0,0
2021-08-12 20:15,67,28,39,0,0,0
2021-08-12 20:30,69,21,48,0,0,0
2021-08-12 20:45,62,14,48,0,0,0
2021-08-12 21:00,60,23,37,0,0,0
2021-08-12 21:15,63,15,48,0,0,0
2021-08-12 21:30,69,23,46,0,0,0
2021-08-12 21:45,58,17,41,0,0,0
2021-08-12 22:00,72,23,49,0,0,0
2021-08-12 22:15,49,16,33,0,0,0
2021-08-12 22:30,43,15,28,0,0,0
2021-08-12 22:45,47,22,25,0,0,0
2021-08-12 23:00,43,16,27,0,0,0
2021-08-12 23:15,40,18,22,0,0,0
2021-08-12 23:30,24,13,11,0,0,0
2021-08-12 23:45,37,10,27,0,0,0
2021-08-13 00:00,12,6,6,0,0,0
2021-08-13 00:15,10,5,5,0,0,0
2021-08-13 00:30,14,4,10,0,0,0
2021-08-13 00:45,10,2,8,0,0,0
2021-08-13 01:00,12,8,4,0,0,0
2021-08-13 01:15,3,2,1,0,0,0
2021-08-13 01:30,12,4,8,0,0,0
2021-08-13 01:45,6,1,5,0,0,0
2021-08-13 02:00,3,2,1,0,0,0
2021-08-13 02:15,5,0,5,0,0,0
2021-08-13 02:30,6,3,3,0,0,0
2021-08-13 02:45,2,0,2,0,0,0
2021-08-13 03:00,5,0,5,0,0,0
2021-08-13 03:15,0,0,0,0,0,0
2021-08-13 03:30,3,0,3,0,0,0
2021-08-13 03:45,0,0,0,0,0,0
2021-08-13 04:00,0,0,0,0,0,0
2021-08-13 04:15,2,2,0,0,0,0
2021-08-13 04:30,5,3,2,0,0,0
2021-08-13 04:45,2,2,0,0,0,0
2021-08-13 05:00,2,2,0,0,0,0
2021-08-13 05:15,15,9,6,0,0,0
2021-08-13 05:30,14,9,5,0,0,0
2021-08-13 05:45,15,9,6,0,0,0
2021-08-13 06:00,22,15,7,0,0,0
2021-08-13 06:15,24,16,8,0,0,0
2021-08-13 06:30,58,42,16,0,0,0
2021-08-13 06:45,65,43,22,0,0,0
2021-08-13 07:00,69,43,26,0,0,0
2021-08-13 07:15,92,63,29,0,0,0
2021-08-13 07:30,97,61,36,0,0,0
2021-08-13 07:45,123,79,44,0,0,0
2021-08-13 08:00,116,71,45,0,0,0
2021-08-13 08:15,121,85,36,0,0,0
2021-08-13 08:30,92,65,27,0,0,0
2021-08-13 08:45,143,85,58,0,0,0
2021-08-13 09:00,102,67,35,0,0,0
2021-08-13 09:15,113,69,44,0,0,0
2021-08-13 09:30,107,68,39,0,0,0
2021-08-13 09:45,117,75,42,0,0,0
2021-08-13 10:00,101,60,41,0,0,0
2021-08-13 10:15,101,54,47,0,0,0
2021-08-13 10:30,126,64,62,0,0,0
2021-08-13 10:45,170,103,67,0,0,0
2021-08-13 11:00,114,64,50,0,0,0
2021-08-13 11:15,111,61,50,0,0,0
2021-08-13 11:30,118,55,63,0,0,0
2021-08-13 11:45,159,85,74,0,0,0
2021-08-13 12:00,145,68,77,0,0,0
2021-08-13 12:15,154,64,90,0,0,0
2021-08-13 12:30,141,62,79,0,0,0
2021-08-13 12:45,170,89,81,0,0,0
2021-08-13 13:00,141,67,74,0,0,0
2021-08-13 13:15,161,74,87,0,0,0
2021-08-13 13:30,186,85,101,0,0,0
2021-08-13 13:45,150,72,78,0,0,0
2021-08-13 14:00,136,60,76,0,0,0
2021-08-13 14:15,173,67,106,0,0,0
2021-08-13 14:30,187,67,120,0,0,0
2021-08-13 14:45,184,75,109,0,0,0
2021-08-13 15:00,183,78,105,0,0,0
2021-08-13 15:15,175,76,99,0,0,0
2021-08-13 15:30,175,69,106,0,0,0
2021-08-13 15:45,181,83,98,0,0,0
2021-08-13 16:00,177,74,103,0,0,0
2021-08-13 16:15,165,70,95,0,0,0
2021-08-13 16:30,166,72,94,0,0,0
2021-08-13 16:45,159,76,83,0,0,0
2021-08-13 17:00,173,86,87,0,0,0
2021-08-13 17:15,169,80,89,0,0,0
2021-08-13 17:30,171,90,81,0,0,0
2021-08-13 17:45,190,101,89,0,0,0
2021-08-13 18:00,166,69,97,0,0,0
2021-08-13 18:15,168,74,94,0,0,0
2021-08-13 18:30,150,57,93,0,0,0
2021-08-13 18:45,150,72,78,0,0,0
2021-08-13 19:00,119,47,72,0,0,0
2021-08-13 19:15,161,72,89,0,0,0
2021-08-13 19:30,109,45,64,0,0,0
2021-08-13 19:45,123,53,70,0,0,0
2021-08-13 20:00,120,46,74,0,0,0
2021-08-13 20:15,129,50,79,0,0,0
2021-08-13 20:30,64,34,30,0,0,0
2021-08-13 20:45,69,28,41,0,0,0
2021-08-13 21:00,69,18,51,0,0,0
2021-08-13 21:15,68,27,41,0,0,0
2021-08-13 21:30,32,11,21,0,0,0
2021-08-13 21:45,47,18,29,0,0,0
2021-08-13 22:00,47,19,28,0,0,0
2021-08-13 22:15,58,28,30,0,0,0
2021-08-13 22:30,54,19,35,0,0,0
2021-08-13 22:45,58,22,36,0,0,0
2021-08-13 23:00,44,12,32,0,0,0
2021-08-13 23:15,33,12,21,0,0,0
2021-08-13 23:30,39,10,29,0,0,0
2021-08-13 23:45,40,13,27,0,0,0
2021-08-14 00:00,31,10,21,0,0,0
2021-08-14 00:15,40,13,27,0,0,0
2021-08-14 00:30,30,9,21,0,0,0
2021-08-14 00:45,37,7,30,0,0,0
2021-08-14 01:00,27,7,20,0,0,0
2021-08-14 01:15,12,2,10,0,0,0
2021-08-14 01:30,21,8,13,0,0,0
2021-08-14 01:45,8,3,5,0,0,0
2021-08-14 02:00,28,4,24,0,0,0
2021-08-14 02:15,15,6,9,0,0,0
2021-08-14 02:30,17,5,12,0,0,0
2021-08-14 02:45,8,4,4,0,0,0
2021-08-14 03:00,9,3,6,0,0,0
2021-08-14 03:15,11,5,6,0,0,0
2021-08-14 03:30,6,1,5,0,0,0
2021-08-14 03:45,9,2,7,0,0,0
2021-08-14 04:00,6,3,3,0,0,0
2021-08-14 04:15,9,8,1,0,0,0
2021-08-14 04:30,3,2,1,0,0,0
2021-08-14 04:45,9,3,6,0,0,0
2021-08-14 05:00,9,5,4,0,0,0
2021-08-14 05:15,4,2,2,0,0,0
2021-08-14 05:30,10,5,5,0,0,0
2021-08-14 05:45,15,9,6,0,0,0
2021-08-14 06:00,15,13,2,0,0,0
2021-08-14 06:15,6,2,4,0,0,0
2021-08-14 06:30,8,7,1,0,0,0
2021-08-14 06:45,11,11,0,0,0,0
2021-08-14 07:00,10,7,3,0,0,0
2021-08-14 07:15,13,8,5,0,0,0
2021-08-14 07:30,23,13,10,0,0,0
2021-08-14 07:45,38,24,14,0,0,0
2021-08-14 08:00,29,20,9,0,0,0
2021-08-14 08:15,39,24,15,0,0,0
2021-08-14 08:30,56,25,31,0,0,0
2021-08-14 08:45,68,33,35,0,0,0
2021-08-14 09:00,50,33,17,0,0,0
2021-08-14 09:15,68,42,26,0,0,0
2021-08-14 09:30,76,52,24,0,0,0
2021-08-14 09:45,133,99,34,0,0,0
2021-08-14 10:00,116,72,44,0,0,0
2021-08-14 10:15,101,74,27,0,0,0
2021-08-14 10:30,136,97,39,0,0,0
2021-08-14 10:45,148,88,60,0,0,0
2021-08-14 11:00,157,97,60,0,0,0
2021-08-14 11:15,131,79,52,0,0,0
2021-08-14 11:30,177,90,87,0,0,0
2021-08-14 11:45,158,70,88,0,0,0
2021-08-14 12:00,202,95,107,0,0,0
2021-08-14 12:15,172,70,102,0,0,0
2021-08-14 12:30,202,89,113,0,0,0
2021-08-14 12:45,177,66,111,0,0,0
2021-08-14 13:00,180,74,106,0,0,0
2021-08-14 13:15,194,83,111,0,0,0
2021-08-14 13:30,172,59,113,0,0,0
2021-08-14 13:45,171,68,103,0,0,0
2021-08-14 14:00,150,54,96,0,0,0
2021-08-14 14:15,178,67,111,0,0,0
2021-08-14 14:30,168,67,101,0,0,0
2021-08-14 14:45,173,83,90,0,0,0
2021-08-14 15:00,147,62,85,0,0,0
2021-08-14 15:15,162,68,94,0,0,0
2021-08-14 15:30,175,62,113,0,0,0
2021-08-14 15:45,167,67,100,0,0,0
2021-08-14 16:00,113,52,61,0,0,0
2021-08-14 16:15,141,63,78,0,0,0
2021-08-14 16:30,197,117,80,0,0,0
2021-08-14 16:45,169,99,70,0,0,0
2021-08-14 17:00,152,67,85,0,0,0
2021-08-14 17:15,133,62,71,0,0,0
2021-08-14 17:30,137,65,72,0,0,0
2021-08-14 17:45,144,74,70,0,0,0
2021-08-14 18:00,118,50,68,0,0,0
2021-08-14 18:15,140,66,74,0,0,0
2021-08-14 18:30,155,67,88,0,0,0
2021-08-14 18:45,135,54,81,0,0,0
2021-08-14 19:00,120,51,69,0,0,0
2021-08-14 19:15,84,34,50,0,0,0
2021-08-14 19:30,90,33,57,0,0,0
2021-08-14 19:45,94,56,38,0,0,0
2021-08-14 20:00,83,47,36,0,0,0
2021-08-14 20:15,76,31,45,0,0,0
2021-08-14 20:30,87,44,43,0,0,0
2021-08-14 20:45,59,23,36,0,0,0
2021-08-14 21:00,53,13,40,0,0,0
2021-08-14 21:15,50,18,32,0,0,0
2021-08-14 21:30,49,18,31,0,0,0
2021-08-14 21:45,47,17,30,0,0,0
2021-08-14 22:00,49,17,32,0,0,0
2021-08-14 22:15,54,15,39,0,0,0
2021-08-14 22:30,54,15,39,0,0,0
2021-08-14 22:45,41,19,22,0,0,0
2021-08-14 23:00,43,18,25,0,0,0
2021-08-14 23:15,49,16,33,0,0,0
2021-08-14 23:30,48,10,38,0,0,0
2021-08-14 23:45,43,15,28,0,0,0
2021-08-15 00:00,44,23,21,0,0,0
2021-08-15 00:15,28,12,16,0,0,0
2021-08-15 00:30,33,6,27,0,0,0
2021-08-15 00:45,18,4,14,0,0,0
2021-08-15 01:00,26,9,17,0,0,0
2021-08-15 01:15,13,5,8,0,0,0
2021-08-15 01:30,37,12,25,0,0,0
2021-08-15 01:45,12,8,4,0,0,0
2021-08-15 02:00,15,1,14,0,0,0
2021-08-15 02:15,21,6,15,0,0,0
2021-08-15 02:30,17,10,7,0,0,0
2021-08-15 02:45,13,2,11,0,0,0
2021-08-15 03:00,9,4,5,0,0,0
2021-08-15 03:15,12,5,7,0,0,0
2021-08-15 03:30,15,11,4,0,0,0
2021-08-15 03:45,5,2,3,0,0,0
2021-08-15 04:00,11,2,9,0,0,0
2021-08-15 04:15,7,0,7,0,0,0
2021-08-15 04:30,5,2,3,0,0,0
2021-08-15 04:45,4,4,0,0,0,0
2021-08-15 05:00,6,4,2,0,0,0
2021-08-15 05:15,4,1,3,0,0,0
2021-08-15 05:30,7,6,1,0,0,0
2021-08-15 05:45,4,0,4,0,0,0
2021-08-15 06:00,7,5,2,0,0,0
2021-08-15 06:15,3,1,2,0,0,0
2021-08-15 06:30,4,3,1,0,0,0
2021-08-15 06:45,6,3,3,0,0,0
2021-08-15 07:00,3,0,3,0,0,0
2021-08-15 07:15,4,4,0,0,0,0
2021-08-15 07:30,8,3,5,0,0,0
2021-08-15 07:45,5,1,4,0,0,0
2021-08-15 08:00,8,7,1,0,0,0
2021-08-15 08:15,11,6,5,0,0,0
2021-08-15 08:30,13,7,6,0,0,0
2021-08-15 08:45,23,15,8,0,0,0
2021-08-15 09:00,16,10,6,0,0,0
2021-08-15 09:15,23,17,6,0,0,0
2021-08-15 09:30,26,13,13,0,0,0
2021-08-15 09:45,53,26,27,0,0,0
2021-08-15 10:00,40,28,12,0,0,0
2021-08-15 10:15,29,13,16,0,0,0
2021-08-15 10:30,42,28,14,0,0,0
2021-08-15 10:45,41,31,10,0,0,0
2021-08-15 11:00,55,33,22,0,0,0
2021-08-15 11:15,53,29,24,0,0,0
2021-08-15 11:30,39,23,16,0,0,0
2021-08-15 11:45,76,38,38,0,0,0
2021-08-15 12:00,52,26,26,0,0,0
2021-08-15 12:15,67,34,33,0,0,0
2021-08-15 12:30,77,45,32,0,0,0
2021-08-15 12:45,78,44,34,0,0,0
2021-08-15 13:00,68,33,35,0,0,0
2021-08-15 13:15,66,33,33,0,0,0
2021-08-15 13:30,83,34,49,0,0,0
2021-08-15 13:45,76,32,44,0,0,0
2021-08-15 14:00,71,36,35,0,0,0
2021-08-15 14:15,93,39,54,0,0,0
2021-08-15 14:30,77,28,49,0,0,0
2021-08-15 14:45,106,58,48,0,0,0
2021-08-15 15:00,91,50,41,0,0,0
2021-08-15 15:15,88,49,39,0,0,0
2021-08-15 15:30,93,37,56,0,0,0
2021-08-15 15:45,100,47,53,0,0,0
2021-08-15 16:00,81,38,43,0,0,0
2021-08-15 16:15,92,39,53,0,0,0
2021-08-15 16:30,76,43,33,0,0,0
2021-08-15 16:45,111,39,72,0,0,0
2021-08-15 17:00,98,51,47,0,0,0
2021-08-15 17:15,98,54,44,0,0,0
2021-08-15 17:30,87,34,53,0,0,0
2021-08-15 17:45,109,51,58,0,0,0
2021-08-15 18:00,113,33,80,0,0,0
2021-08-15 18:15,75,40,35,0,0,0
2021-08-15 18:30,74,36,38,0,0,0
2021-08-15 18:45,97,46,51,0,0,0
2021-08-15 19:00,76,33,43,0,0,0
2021-08-15 19:15,57,26,31,0,0,0
2021-08-15 19:30,84,42,42,0,0,0
2021-08-15 19:45,59,17,42,0,0,0
2021-08-15 20:00,60,20,40,0,0,0
2021-08-15 20:15,60,25,35,0,0,0
2021-08-15 20:30,51,18,33,0,0,0
2021-08-15 20:45,54,24,30,0,0,0
2021-08-15 21:00,47,19,28,0,0,0
2021-08-15 21:15,35,14,21,0,0,0
2021-08-15 21:30,51,20,31,0,0,0
2021-08-15 21:45,23,14,9,0,0,0
2021-08-15 22:00,37,15,22,0,0,0
2021-08-15 22:15,22,12,10,0,0,0
2021-08-15 22:30,20,5,15,0,0,0
2021-08-15 22:45,15,3,12,0,0,0
2021-08-15 23:00,9,1,8,0,0,0
2021-08-15 23:15,12,4,8,0,0,0
2021-08-15 23:30,9,0,9,0,0,0
2021-08-15 23:45,11,2,9,0,0,0
2021-08-16 00:00,7,4,3,0,0,0
2021-08-16 00:15,7,5,2,0,0,0
2021-08-16 00:30,6,3,3,0,0,0
2021-08-16 00:45,10,3,7,0,0,0
2021-08-16 01:00,6,4,2,0,0,0
2021-08-16 01:15,2,1,1,0,0,0
2021-08-16 01:30,1,0,1,0,0,0
2021-08-16 01:45,3,1,2,0,0,0
2021-08-16 02:00,2,0,2,0,0,0
2021-08-16 02:15,0,0,0,0,0,0
2021-08-16 02:30,0,0,0,0,0,0
2021-08-16 02:45,1,0,1,0,0,0
2021-08-16 03:00,0,0,0,0,0,0
2021-08-16 03:15,2,1,1,0,0,0
2021-08-16 03:30,1,0,1,0,0,0
2021-08-16 03:45,1,1,0,0,0,0
2021-08-16 04:00,2,0,2,0,0,0
2021-08-16 04:15,3,1,2,0,0,0
2021-08-16 04:30,1,1,0,0,0,0
2021-08-16 04:45,6,5,1,0,0,0
2021-08-16 05:00,7,4,3,0,0,0
2021-08-16 05:15,5,5,0,0,0,0
2021-08-16 05:30,17,15,2,0,0,0
2021-08-16 05:45,14,11,3,0,0,0
2021-08-16 06:00,14,9,5,0,0,0
2021-08-16 06:15,28,21,7,0,0,0
2021-08-16 06:30,32,25,7,0,0,0
2021-08-16 06:45,52,33,19,0,0,0
2021-08-16 07:00,65,43,22,0,0,0
2021-08-16 07:15,79,50,29,0,0,0
2021-08-16 07:30,100,56,44,0,0,0
2021-08-16 07:45,145,97,48,0,0,0
2021-08-16 08:00,121,74,47,0,0,0
2021-08-16 08:15,126,89,37,0,0,0
2021-08-16 08:30,130,85,45,0,0,0
2021-08-16 08:45,107,65,42,0,0,0
2021-08-16 09:00,96,60,36,0,0,0
2021-08-16 09:15,80,42,38,0,0,0
2021-08-16 09:30,99,61,38,0,0,0
2021-08-16 09:45,96,61,35,0,0,0
2021-08-16 10:00,75,40,35,0,0,0
2021-08-16 10:15,75,43,32,0,0,0
2021-08-16 10:30,103,55,48,0,0,0
2021-08-16 10:45,91,44,47,0,0,0
2021-08-16 11:00,78,32,46,0,0,0
2021-08-16 11:15,93,46,47,0,0,0
2021-08-16 11:30,81,38,43,0,0,0
2021-08-16 11:45,61,26,35,0,0,0
2021-08-16 12:00,69,28,41,0,0,0
2021-08-16 12:15,81,29,52,0,0,0
2021-08-16 12:30,83,30,53,0,0,0
2021-08-16 12:45,79,36,43,0,0,0
2021-08-16 13:00,103,42,61,0,0,0
2021-08-16 13:15,96,56,40,0,0,0
2021-08-16 13:30,98,49,49,0,0,0
2021-08-16 13:45,102,50,52,0,0,0
2021-08-16 14:00,107,48,59,0,0,0
2021-08-16 14:15,100,37,63,0,0,0
2021-08-16 14:30,104,44,60,0,0,0
2021-08-16 14:45,120,57,63,0,0,0
2021-08-16 15:00,110,48,62,0,0,0
2021-08-16 15:15,91,42,49,0,0,0
2021-08-16 15:30,99,30,69,0,0,0
2021-08-16 15:45,114,60,54,0,0,0
2021-08-16 16:00,138,47,91,0,0,0
2021-08-16 16:15,151,62,89,0,0,0
2021-08-16 16:30,141,63,78,0,0,0
2021-08-16 16:45,146,59,87,0,0,0
2021-08-16 17:00,152,65,87,0,0,0
2021-08-16 17:15,143,49,94,0,0,0
2021-08-16 17:30,135,53,82,0,0,0
2021-08-16 17:45,139,49,90,0,0,0
2021-08-16 18:00,132,43,89,0,0,0
2021-08-16 18:15,136,49,87,0,0,0
2021-08-16 18:30,100,34,66,0,0,0
2021-08-16 18:45,121,51,70,0,0,0
2021-08-16 19:00,110,44,66,0,0,0
2021-08-16 19:15,102,33,69,0,0,0
2021-08-16 19:30,83,32,51,0,0,0
2021-08-16 19:45,94,32,62,0,0,0
2021-08-16 20:00,71,25,46,0,0,0
2021-08-16 20:15,57,27,30,0,0,0
2021-08-16 20:30,41,16,25,0,0,0
2021-08-16 20:45,62,22,40,0,0,0
2021-08-16 21:00,42,18,24,0,0,0
2021-08-16 21:15,32,13,19,0,0,0
2021-08-16 21:30,34,15,19,0,0,0
2021-08-16 21:45,30,6,24,0,0,0
2021-08-16 22:00,30,9,21,0,0,0
2021-08-16 22:15,35,15,20,0,0,0
2021-08-16 22:30,45,13,32,0,0,0
2021-08-16 22:45,11,6,5,0,0,0
2021-08-16 23:00,19,4,15,0,0,0
2021-08-16 23:15,15,4,11,0,0,0
2021-08-16 23:30,15,4,11,0,0,0
2021-08-16 23:45,24,5,19,0,0,0
2021-08-17 00:00,11,4,7,0,0,0
2021-08-17 00:15,2,1,1,0,0,0
2021-08-17 00:30,8,5,3,0,0,0
2021-08-17 00:45,8,2,6,0,0,0
2021-08-17 01:00,5,2,3,0,0,0
2021-08-17 01:15,5,1,4,0,0,0
2021-08-17 01:30,6,3,3,0,0,0
2021-08-17 01:45,5,1,4,0,0,0
2021-08-17 02:00,4,1,3,0,0,0
2021-08-17 02:15,0,0,0,0,0,0
2021-08-17 02:30,1,0,1,0,0,0
2021-08-17 02:45,2,0,2,0,0,0
2021-08-17 03:00,0,0,0,0,0,0
2021-08-17 03:15,2,2,0,0,0,0
2021-08-17 03:30,2,1,1,0,0,0
2021-08-17 03:45,1,1,0,0,0,0
2021-08-17 04:00,1,0,1,0,0,0
2021-08-17 04:15,0,0,0,0,0,0
2021-08-17 04:30,9,2,7,0,0,0
2021-08-17 04:45,5,4,1,0,0,0
2021-08-17 05:00,8,5,3,0,0,0
2021-08-17 05:15,4,4,0,0,0,0
2021-08-17 05:30,20,14,6,0,0,0
2021-08-17 05:45,16,14,2,0,0,0
2021-08-17 06:00,17,11,6,0,0,0
2021-08-17 06:15,24,18,6,0,0,0
2021-08-17 06:30,51,37,14,0,0,0
2021-08-17 06:45,56,38,18,0,0,0
2021-08-17 07:00,73,50,23,0,0,0
2021-08-17 07:15,107,76,31,0,0,0
2021-08-17 07:30,121,74,47,0,0,0
2021-08-17 07:45,161,105,56,0,0,0
2021-08-17 08:00,154,95,59,0,0,0
2021-08-17 08:15,159,105,54,0,0,0
2021-08-17 08:30,123,86,37,0,0,0
2021-08-17 08:45,148,102,46,0,0,0
2021-08-17 09:00,102,66,36,0,0,0
2021-08-17 09:15,78,50,28,0,0,0
2021-08-17 09:30,94,60,34,0,0,0
2021-08-17 09:45,111,77,34,0,0,0
2021-08-17 10:00,91,63,28,0,0,0
2021-08-17 10:15,107,71,36,0,0,0
2021-08-17 10:30,114,71,43,0,0,0
2021-08-17 10:45,125,73,52,0,0,0
2021-08-17 11:00,107,48,59,0,0,0
2021-08-17 11:15,109,61,48,0,0,0
2021-08-17 11:30,116,58,58,0,0,0
2021-08-17 11:45,134,59,75,0,0,0
2021-08-17 12:00,117,53,64,0,0,0
2021-08-17 12:15,139,57,82,0,0,0
2021-08-17 12:30,110,52,58,0,0,0
2021-08-17 12:45,115,25,90,0,0,0
2021-08-17 13:00,122,49,73,0,0,0
2021-08-17 13:15,103,55,48,0,0,0
2021-08-17 13:30,138,70,68,0,0,0
2021-08-17 13:45,124,49,75,0,0,0
2021-08-17 14:00,124,47,77,0,0,0
2021-08-17 14:15,126,45,81,0,0,0
2021-08-17 14:30,134,54,80,0,0,0
2021-08-17 14:45,140,61,79,0,0,0
2021-08-17 15:00,126,58,68,0,0,0
2021-08-17 15:15,140,53,87,0,0,0
2021-08-17 15:30,101,48,53,0,0,0
2021-08-17 15:45,110,42,68,0,0,0
2021-08-17 16:00,152,62,90,0,0,0
2021-08-17 16:15,134,49,85,0,0,0
2021-08-17 16:30,155,51,104,0,0,0
2021-08-17 16:45,172,75,97,0,0,0
2021-08-17 17:00,165,68,97,0,0,0
2021-08-17 17:15,157,64,93,0,0,0
2021-08-17 17:30,135,42,93,0,0,0
2021-08-17 17:45,149,53,96,0,0,0
2021-08-17 18:00,154,54,100,0,0,0
2021-08-17 18:15,160,64,96,0,0,0
2021-08-17 18:30,127,41,86,0,0,0
2021-08-17 18:45,114,46,68,0,0,0
2021-08-17 19:00,92,32,60,0,0,0
2021-08-17 19:15,99,36,63,0,0,0
2021-08-17 19:30,71,21,50,0,0,0
2021-08-17 19:45,80,23,57,0,0,0
2021-08-17 20:00,68,23,45,0,0,0
2021-08-17 20:15,80,24,56,0,0,0
2021-08-17 20:30,57,16,41,0,0,0
2021-08-17 20:45,40,18,22,0,0,0
2021-08-17 21:00,45,17,28,0,0,0
2021-08-17 21:15,31,12,19,0,0,0
2021-08-17 21:30,45,16,29,0,0,0
2021-08-17 21:45,41,15,26,0,0,0
2021-08-17 22:00,41,10,31,0,0,0
2021-08-17 22:15,29,8,21,0,0,0
2021-08-17 22:30,32,14,18,0,0,0
2021-08-17 22:45,38,12,26,0,0,0
2021-08-17 23:00,24,10,14,0,0,0
2021-08-17 23:15,14,8,6,0,0,0
2021-08-17 23:30,14,1,13,0,0,0
2021-08-17 23:45,7,1,6,0,0,0
2021-08-18 00:00,12,5,7,0,0,0
2021-08-18 00:15,7,2,5,0,0,0
2021-08-18 00:30,13,4,9,0,0,0
2021-08-18 00:45,2,2,0,0,0,0
2021-08-18 01:00,2,1,1,0,0,0
2021-08-18 01:15,6,2,4,0,0,0
2021-08-18 01:30,1,1,0,0,0,0
2021-08-18 01:45,3,1,2,0,0,0
2021-08-18 02:00,2,0,2,0,0,0
2021-08-18 02:15,0,0,0,0,0,0
2021-08-18 02:30,1,0,1,0,0,0
2021-08-18 02:45,1,1,0,0,0,0
2021-08-18 03:00,0,0,0,0,0,0
2021-08-18 03:15,1,1,0,0,0,0
2021-08-18 03:30,0,0,0,0,0,0
2021-08-18 03:45,5,1,4,0,0,0
2021-08-18 04:00,2,1,1,0,0,0
2021-08-18 04:15,1,1,0,0,0,0
2021-08-18 04:30,3,2,1,0,0,0
2021-08-18 04:45,6,5,1,0,0,0
2021-08-18 05:00,5,3,2,0,0,0
2021-08-18 05:15,7,4,3,0,0,0
2021-08-18 05:30,20,12,8,0,0,0
2021-08-18 05:45,17,14,3,0,0,0
2021-08-18 06:00,23,14,9,0,0,0
2021-08-18 06:15,31,25,6,0,0,0
2021-08-18 06:30,36,23,13,0,0,0
2021-08-18 06:45,62,44,18,0,0,0
2021-08-18 07:00,81,49,32,0,0,0
2021-08-18 07:15,105,73,32,0,0,0
2021-08-18 07:30,148,95,53,0,0,0
2021-08-18 07:45,188,116,72,0,0,0
2021-08-18 08:00,125,79,46,0,0,0
2021-08-18 08:15,145,93,52,0,0,0
2021-08-18 08:30,122,79,43,0,0,0
2021-08-18 08:45,117,75,42,0,0,0
2021-08-18 09:00,107,69,38,0,0,0
2021-08-18 09:15,92,56,36,0,0,0
2021-08-18 09:30,94,61,33,0,0,0
2021-08-18 09:45,132,79,53,0,0,0
2021-08-18 10:00,105,68,37,0,0,0
2021-08-18 10:15,89,53,36,0,0,0
2021-08-18 10:30,117,64,53,0,0,0
2021-08-18 10:45,125,69,56,0,0,0
2021-08-18 11:00,116,58,58,0,0,0
2021-08-18 11:15,104,48,56,0,0,0
2021-08-18 11:30,129,66,63,0,0,0
2021-08-18 11:45,117,55,62,0,0,0
2021-08-18 12:00,122,55,67,0,0,0
2021-08-18 12:15,122,53,69,0,0,0
2021-08-18 12:30,129,58,71,0,0,0
2021-08-18 12:45,151,70,81,0,0,0
2021-08-18 13:00,129,47,82,0,0,0
2021-08-18 13:15,136,57,79,0,0,0
2021-08-18 13:30,123,51,72,0,0,0
2021-08-18 13:45,142,61,81,0,0,0
2021-08-18 14:00,155,58,97,0,0,0
2021-08-18 14:15,165,68,97,0,0,0
2021-08-18 14:30,133,48,85,0,0,0
2021-08-18 14:45,156,67,89,0,0,0
2021-08-18 15:00,139,52,87,0,0,0
2021-08-18 15:15,146,66,80,0,0,0
2021-08-18 15:30,169,76,93,0,0,0
2021-08-18 15:45,161,60,101,0,0,0
2021-08-18 16:00,162,67,95,0,0,0
2021-08-18 16:15,181,67,114,0,0,0
2021-08-18 16:30,166,81,85,0,0,0
2021-08-18 16:45,191,56,135,0,0,0
2021-08-18 17:00,164,75,89,0,0,0
2021-08-18 17:15,207,89,118,0,0,0
2021-08-18 17:30,188,76,112,0,0,0
2021-08-18 17:45,199,81,118,0,0,0
2021-08-18 18:00,173,71,102,0,0,0
2021-08-18 18:15,188,83,105,0,0,0
2021-08-18 18:30,133,49,84,0,0,0
2021-08-18 18:45,140,55,85,0,0,0
2021-08-18 19:00,142,50,92,0,0,0
2021-08-18 19:15,117,53,64,0,0,0
2021-08-18 19:30,89,30,59,0,0,0
2021-08-18 19:45,109,42,67,0,0,0
2021-08-18 20:00,97,40,57,0,0,0
2021-08-18 20:15,65,22,43,0,0,0
2021-08-18 20:30,55,18,37,0,0,0
2021-08-18 20:45,59,24,35,0,0,0
2021-08-18 21:00,59,26,33,0,0,0
2021-08-18 21:15,55,21,34,0,0,0
2021-08-18 21:30,57,28,29,0,0,0
2021-08-18 21:45,43,18,25,0,0,0
2021-08-18 22:00,58,13,45,0,0,0
2021-08-18 22:15,48,15,33,0,0,0
2021-08-18 22:30,38,15,23,0,0,0
2021-08-18 22:45,37,11,26,0,0,0
2021-08-18 23:00,39,14,25,0,0,0
2021-08-18 23:15,32,8,24,0,0,0
2021-08-18 23:30,15,5,10,0,0,0
2021-08-18 23:45,17,5,12,0,0,0
2021-08-19 00:00,16,5,11,0,0,0
2021-08-19 00:15,4,1,3,0,0,0
2021-08-19 00:30,11,4,7,0,0,0
2021-08-19 00:45,11,0,11,0,0,0
2021-08-19 01:00,8,5,3,0,0,0
2021-08-19 01:15,5,1,4,0,0,0
2021-08-19 01:30,6,0,6,0,0,0
2021-08-19 01:45,7,0,7,0,0,0
2021-08-19 02:00,3,2,1,0,0,0
2021-08-19 02:15,7,0,7,0,0,0
2021-08-19 02:30,0,0,0,0,0,0
2021-08-19 02:45,0,0,0,0,0,0
2021-08-19 03:00,0,0,0,0,0,0
2021-08-19 03:15,3,0,3,0,0,0
2021-08-19 03:30,1,0,1,0,0,0
2021-08-19 03:45,0,0,0,0,0,0
2021-08-19 04:00,3,2,1,0,0,0
2021-08-19 04:15,3,2,1,0,0,0
2021-08-19 04:30,2,1,1,0,0,0
2021-08-19 04:45,1,1,0,0,0,0
2021-08-19 05:00,9,5,4,0,0,0
2021-08-19 05:15,8,7,1,0,0,0
2021-08-19 05:30,20,15,5,0,0,0
2021-08-19 05:45,15,14,1,0,0,0
2021-08-19 06:00,27,22,5,0,0,0
2021-08-19 06:15,33,24,9,0,0,0
2021-08-19 06:30,36,28,8,0,0,0
2021-08-19 06:45,51,32,19,0,0,0
2021-08-19 07:00,82,44,38,0,0,0
2021-08-19 07:15,104,70,34,0,0,0
2021-08-19 07:30,158,103,55,0,0,0
2021-08-19 07:45,175,128,47,0,0,0
2021-08-19 08:00,153,92,61,0,0,0
2021-08-19 08:15,149,92,57,0,0,0
2021-08-19 08:30,114,68,46,0,0,0
2021-08-19 08:45,119,78,41,0,0,0
2021-08-19 09:00,72,52,20,0,0,0
2021-08-19 09:15,61,38,23,0,0,0
2021-08-19 09:30,81,52,29,0,0,0
2021-08-19 09:45,92,60,32,0,0,0
2021-08-19 10:00,64,41,23,0,0,0
2021-08-19 10:15,54,28,26,0,0,0
2021-08-19 10:30,80,50,30,0,0,0
2021-08-19 10:45,93,49,44,0,0,0
2021-08-19 11:00,79,42,37,0,0,0
2021-08-19 11:15,84,40,44,0,0,0
2021-08-19 11:30,83,46,37,0,0,0
2021-08-19 11:45,103,53,50,0,0,0
2021-08-19 12:00,118,59,59,0,0,0
2021-08-19 12:15,98,48,50,0,0,0
2021-08-19 12:30,122,56,66,0,0,0
2021-08-19 12:45,110,48,62,0,0,0
2021-08-19 13:00,145,68,77,0,0,0
2021-08-19 13:15,146,64,82,0,0,0
2021-08-19 13:30,105,42,63,0,0,0
2021-08-19 13:45,89,35,54,0,0,0
2021-08-19 14:00,107,38,69,0,0,0
2021-08-19 14:15,123,57,66,0,0,0
2021-08-19 14:30,125,53,72,0,0,0
2021-08-19 14:45,144,73,71,0,0,0
2021-08-19 15:00,137,53,84,0,0,0
2021-08-19 15:15,119,56,63,0,0,0
2021-08-19 15:30,131,52,79,0,0,0
2021-08-19 15:45,156,72,84,0,0,0
2021-08-19 16:00,140,59,81,0,0,0
2021-08-19 16:15,160,75,85,0,0,0
2021-08-19 16:30,171,68,103,0,0,0
2021-08-19 16:45,167,68,99,0,0,0
2021-08-19 17:00,183,83,100,0,0,0
2021-08-19 17:15,182,72,110,0,0,0
2021-08-19 17:30,170,83,87,0,0,0
2021-08-19 17:45,179,75,104,0,0,0
2021-08-19 18:00,158,60,98,0,0,0
2021-08-19 18:15,124,50,74,0,0,0
2021-08-19 18:30,124,40,84,0,0,0
2021-08-19 18:45,113,50,63,0,0,0
2021-08-19 19:00,104,48,56,0,0,0
2021-08-19 19:15,112,37,75,0,0,0
2021-08-19 19:30,85,36,49,0,0,0
2021-08-19 19:45,80,33,47,0,0,0
2021-08-19 20:00,81,28,53,0,0,0
2021-08-19 20:15,55,25,30,0,0,0
2021-08-19 20:30,55,22,33,0,0,0
2021-08-19 20:45,54,15,39,0,0,0
2021-08-19 21:00,62,25,37,0,0,0
2021-08-19 21:15,47,15,32,0,0,0
2021-08-19 21:30,34,8,26,0,0,0
2021-08-19 21:45,39,13,26,0,0,0
2021-08-19 22:00,45,17,28,0,0,0
2021-08-19 22:15,46,18,28,0,0,0
2021-08-19 22:30,47,19,28,0,0,0
2021-08-19 22:45,27,6,21,0,0,0
2021-08-19 23:00,42,12,30,0,0,0
2021-08-19 23:15,29,9,20,0,0,0
2021-08-19 23:30,31,12,19,0,0,0
2021-08-19 23:45,21,13,8,0,0,0
2021-08-20 00:00,16,2,14,0,0,0
2021-08-20 00:15,10,6,4,0,0,0
2021-08-20 00:30,13,4,9,0,0,0
2021-08-20 00:45,7,3,4,0,0,0
2021-08-20 01:00,11,3,8,0,0,0
2021-08-20 01:15,4,1,3,0,0,0
2021-08-20 01:30,6,1,5,0,0,0
2021-08-20 01:45,10,0,10,0,0,0
2021-08-20 02:00,2,2,0,0,0,0
2021-08-20 02:15,1,0,1,0,0,0
2021-08-20 02:30,1,0,1,0,0,0
2021-08-20 02:45,3,1,2,0,0,0
2021-08-20 03:00,1,0,1,0,0,0
2021-08-20 03:15,0,0,0,0,0,0
2021-08-20 03:30,3,3,0,0,0,0
2021-08-20 03:45,2,2,0,0,0,0
2021-08-20 04:00,2,2,0,0,0,0
2021-08-20 04:15,3,2,1,0,0,0
2021-08-20 04:30,3,1,2,0,0,0
2021-08-20 04:45,4,4,0,0,0,0
2021-08-20 05:00,3,3,0,0,0,0
2021-08-20 05:15,7,4,3,0,0,0
2021-08-20 05:30,20,13,7,0,0,0
2021-08-20 05:45,16,14,2,0,0,0
2021-08-20 06:00,20,13,7,0,0,0
2021-08-20 06:15,28,19,9,0,0,0
2021-08-20 06:30,49,32,17,0,0,0
2021-08-20 06:45,52,32,20,0,0,0
2021-08-20 07:00,81,54,27,0,0,0
2021-08-20 07:15,95,62,33,0,0,0
2021-08-20 07:30,147,86,61,0,0,0
2021-08-20 07:45,158,100,58,0,0,0
2021-08-20 08:00,119,73,46,0,0,0
2021-08-20 08:15,122,74,48,0,0,0
2021-08-20 08:30,101,61,40,0,0,0
2021-08-20 08:45,111,70,41,0,0,0
2021-08-20 09:00,101,60,41,0,0,0
2021-08-20 09:15,91,65,26,0,0,0
2021-08-20 09:30,86,45,41,0,0,0
2021-08-20 09:45,111,71,40,0,0,0
2021-08-20 10:00,103,64,39,0,0,0
2021-08-20 10:15,97,57,40,0,0,0
2021-08-20 10:30,96,56,40,0,0,0
2021-08-20 10:45,105,64,41,0,0,0
2021-08-20 11:00,114,56,58,0,0,0
2021-08-20 11:15,135,72,63,0,0,0
2021-08-20 11:30,131,70,61,0,0,0
2021-08-20 11:45,133,61,72,0,0,0
2021-08-20 12:00,127,50,77,0,0,0
2021-08-20 12:15,140,68,72,0,0,0
2021-08-20 12:30,153,63,90,0,0,0
2021-08-20 12:45,173,57,116,0,0,0
2021-08-20 13:00,175,79,96,0,0,0
2021-08-20 13:15,156,62,94,0,0,0
2021-08-20 13:30,120,48,72,0,0,0
2021-08-20 13:45,172,72,100,0,0,0
2021-08-20 14:00,187,87,100,0,0,0
2021-08-20 14:15,201,81,120,0,0,0
2021-08-20 14:30,187,83,104,0,0,0
2021-08-20 14:45,203,92,111,0,0,0
2021-08-20 15:00,181,90,91,0,0,0
2021-08-20 15:15,178,81,97,0,0,0
2021-08-20 15:30,186,70,116,0,0,0
2021-08-20 15:45,177,77,100,0,0,0
2021-08-20 16:00,190,99,91,0,0,0
2021-08-20 16:15,182,81,101,0,0,0
2021-08-20 16:30,160,77,83,0,0,0
2021-08-20 16:45,176,86,90,0,0,0
2021-08-20 17:00,166,78,88,0,0,0
2021-08-20 17:15,159,76,83,0,0,0
2021-08-20 17:30,163,74,89,0,0,0
2021-08-20 17:45,198,84,114,0,0,0
2021-08-20 18:00,155,73,82,0,0,0
2021-08-20 18:15,156,49,107,0,0,0
2021-08-20 18:30,130,51,79,0,0,0
2021-08-20 18:45,143,60,83,0,0,0
2021-08-20 19:00,127,61,66,0,0,0
2021-08-20 19:15,142,53,89,0,0,0
2021-08-20 19:30,122,49,73,0,0,0
2021-08-20 19:45,121,55,66,0,0,0
2021-08-20 20:00,119,55,64,0,0,0
2021-08-20 20:15,80,33,47,0,0,0
2021-08-20 20:30,85,30,55,0,0,0
2021-08-20 20:45,64,18,46,0,0,0
2021-08-20 21:00,42,7,35,0,0,0
2021-08-20 21:15,47,18,29,0,0,0
2021-08-20 21:30,44,19,25,0,0,0
2021-08-20 21:45,48,17,31,0,0,0
2021-08-20 22:00,61,15,46,0,0,0
2021-08-20 22:15,52,19,33,0,0,0
2021-08-20 22:30,41,17,24,0,0,0
2021-08-20 22:45,48,24,24,0,0,0
2021-08-20 23:00,57,17,40,0,0,0
2021-08-20 23:15,40,16,24,0,0,0
2021-08-20 23:30,41,11,30,0,0,0
2021-08-20 23:45,47,9,38,0,0,0
2021-08-21 00:00,43,11,32,0,0,0
2021-08-21 00:15,34,12,22,0,0,0
2021-08-21 00:30,26,5,21,0,0,0
2021-08-21 00:45,29,11,18,0,0,0
2021-08-21 01:00,25,2,23,0,0,0
2021-08-21 01:15,15,4,11,0,0,0
2021-08-21 01:30,24,10,14,0,0,0
2021-08-21 01:45,21,8,13,0,0,0
2021-08-21 02:00,24,6,18,0,0,0
2021-08-21 02:15,22,12,10,0,0,0
2021-08-21 02:30,8,2,6,0,0,0
2021-08-21 02:45,14,4,10,0,0,0
2021-08-21 03:00,14,4,10,0,0,0
2021-08-21 03:15,9,2,7,0,0,0
2021-08-21 03:30,11,7,4,0,0,0
2021-08-21 03:45,7,2,5,0,0,0
2021-08-21 04:00,7,1,6,0,0,0
2021-08-21 04:15,7,1,6,0,0,0
2021-08-21 04:30,8,2,6,0,0,0
2021-08-21 04:45,7,1,6,0,0,0
2021-08-21 05:00,4,3,1,0,0,0
2021-08-21 05:15,12,3,9,0,0,0
2021-08-21 05:30,18,9,9,0,0,0
2021-08-21 05:45,13,9,4,0,0,0
2021-08-21 06:00,11,9,2,0,0,0
2021-08-21 06:15,5,3,2,0,0,0
2021-08-21 06:30,10,5,5,0,0,0
2021-08-21 06:45,10,5,5,0,0,0
2021-08-21 07:00,11,10,1,0,0,0
2021-08-21 07:15,14,7,7,0,0,0
2021-08-21 07:30,31,18,13,0,0,0
2021-08-21 07:45,30,20,10,0,0,0
2021-08-21 08:00,33,22,11,0,0,0
2021-08-21 08:15,35,18,17,0,0,0
2021-08-21 08:30,42,26,16,0,0,0
2021-08-21 08:45,60,37,23,0,0,0
2021-08-21 09:00,54,34,20,0,0,0
2021-08-21 09:15,70,42,28,0,0,0
2021-08-21 09:30,102,72,30,0,0,0
2021-08-21 09:45,125,75,50,0,0,0
2021-08-21 10:00,101,70,31,0,0,0
2021-08-21 10:15,104,68,36,0,0,0
2021-08-21 10:30,132,93,39,0,0,0
2021-08-21 10:45,134,79,55,0,0,0
2021-08-21 11:00,120,80,40,0,0,0
2021-08-21 11:15,149,94,55,0,0,0
2021-08-21 11:30,169,92,77,0,0,0
2021-08-21 11:45,163,107,56,0,0,0
2021-08-21 12:00,153,76,77,0,0,0
2021-08-21 12:15,152,79,73,0,0,0
2021-08-21 12:30,168,90,78,0,0,0
2021-08-21 12:45,156,74,82,0,0,0
2021-08-21 13:00,134,68,66,0,0,0
2021-08-21 13:15,168,87,81,0,0,0
2021-08-21 13:30,160,86,74,0,0,0
2021-08-21 13:45,158,67,91,0,0,0
2021-08-21 14:00,135,69,66,0,0,0
2021-08-21 14:15,148,85,63,0,0,0
2021-08-21 14:30,145,65,80,0,0,0
2021-08-21 14:45,162,66,96,0,0,0
2021-08-21 15:00,139,66,73,0,0,0
2021-08-21 15:15,157,62,95,0,0,0
2021-08-21 15:30,146,68,78,0,0,0
2021-08-21 15:45,129,60,69,0,0,0
2021-08-21 16:00,143,41,102,0,0,0
2021-08-21 16:15,112,37,75,0,0,0
2021-08-21 16:30,136,54,82,0,0,0
2021-08-21 16:45,146,53,93,0,0,0
2021-08-21 17:00,105,44,61,0,0,0
2021-08-21 17:15,108,44,64,0,0,0
2021-08-21 17:30,140,48,92,0,0,0
2021-08-21 17:45,156,60,96,0,0,0
2021-08-21 18:00,128,39,89,0,0,0
2021-08-21 18:15,113,42,71,0,0,0
2021-08-21 18:30,116,50,66,0,0,0
2021-08-21 18:45,110,45,65,0,0,0
2021-08-21 19:00,112,60,52,0,0,0
2021-08-21 19:15,87,21,66,0,0,0
2021-08-21 19:30,80,33,47,0,0,0
2021-08-21 19:45,90,45,45,0,0,0
2021-08-21 20:00,82,20,62,0,0,0
2021-08-21 20:15,65,19,46,0,0,0
2021-08-21 20:30,61,27,34,0,0,0
2021-08-21 20:45,64,29,35,0,0,0
2021-08-21 21:00,41,19,22,0,0,0
2021-08-21 21:15,51,24,27,0,0,0
2021-08-21 21:30,66,31,35,0,0,0
2021-08-21 21:45,33,11,22,0,0,0
2021-08-21 22:00,40,13,27,0,0,0
2021-08-21 22:15,49,16,33,0,0,0
2021-08-21 22:30,47,23,24,0,0,0
2021-08-21 22:45,34,9,25,0,0,0
2021-08-21 23:00,40,15,25,0,0,0
2021-08-21 23:15,48,13,35,0,0,0
2021-08-21 23:30,34,15,19,0,0,0
2021-08-21 23:45,50,17,33,0,0,0
2021-08-22 00:00,34,7,27,0,0,0
2021-08-22 00:15,30,9,21,0,0,0
2021-08-22 00:30,33,11,22,0,0,0
2021-08-22 00:45,33,12,21,0,0,0
2021-08-22 01:00,21,6,15,0,0,0
2021-08-22 01:15,20,6,14,0,0,0
2021-08-22 01:30,23,9,14,0,0,0
2021-08-22 01:45,12,5,7,0,0,0
2021-08-22 02:00,24,5,19,0,0,0
2021-08-22 02:15,16,1,15,0,0,0
2021-08-22 02:30,11,3,8,0,0,0
2021-08-22 02:45,7,1,6,0,0,0
2021-08-22 03:00,15,9,6,0,0,0
2021-08-22 03:15,5,0,5,0,0,0
2021-08-22 03:30,6,0,6,0,0,0
2021-08-22 03:45,8,0,8,0,0,0
2021-08-22 04:00,9,5,4,0,0,0
2021-08-22 04:15,10,2,8,0,0,0
2021-08-22 04:30,13,1,12,0,0,0
2021-08-22 04:45,8,0,8,0,0,0
2021-08-22 05:00,4,2,2,0,0,0
2021-08-22 05:15,8,1,7,0,0,0
2021-08-22 05:30,14,5,9,0,0,0
2021-08-22 05:45,10,7,3,0,0,0
2021-08-22 06:00,3,3,0,0,0,0
2021-08-22 06:15,3,2,1,0,0,0
2021-08-22 06:30,4,0,4,0,0,0
2021-08-22 06:45,4,3,1,0,0,0
2021-08-22 07:00,2,2,0,0,0,0
2021-08-22 07:15,3,1,2,0,0,0
2021-08-22 07:30,7,4,3,0,0,0
2021-08-22 07:45,7,4,3,0,0,0
2021-08-22 08:00,6,1,5,0,0,0
2021-08-22 08:15,8,7,1,0,0,0
2021-08-22 08:30,18,9,9,0,0,0
2021-08-22 08:45,21,17,4,0,0,0
2021-08-22 09:00,17,5,12,0,0,0
2021-08-22 09:15,22,10,12,0,0,0
2021-08-22 09:30,40,25,15,0,0,0
2021-08-22 09:45,35,28,7,0,0,0
2021-08-22 10:00,44,24,20,0,0,0
2021-08-22 10:15,29,14,15,0,0,0
2021-08-22 10:30,25,16,9,0,0,0
2021-08-22 10:45,38,25,13,0,0,0
2021-08-22 11:00,38,22,16,0,0,0
2021-08-22 11:15,26,17,9,0,0,0
2021-08-22 11:30,44,24,20,0,0,0
2021-08-22 11:45,39,19,20,0,0,0
2021-08-22 12:00,44,22,22,0,0,0
2021-08-22 12:15,65,33,32,0,0,0
2021-08-22 12:30,53,30,23,0,0,0
2021-08-22 12:45,63,33,30,0,0,0
2021-08-22 13:00,64,37,27,0,0,0
2021-08-22 13:15,56,31,25,0,0,0
2021-08-22 13:30,66,30,36,0,0,0
2021-08-22 13:45,69,37,32,0,0,0
2021-08-22 14:00,53,32,21,0,0,0
2021-08-22 14:15,54,22,32,0,0,0
2021-08-22 14:30,72,39,33,0,0,0
2021-08-22 14:45,87,39,48,0,0,0
2021-08-22 15:00,81,31,50,0,0,0
2021-08-22 15:15,81,39,42,0,0,0
2021-08-22 15:30,78,35,43,0,0,0
2021-08-22 15:45,83,51,32,0,0,0
2021-08-22 16:00,49,24,25,0,0,0
2021-08-22 16:15,70,38,32,0,0,0
2021-08-22 16:30,76,32,44,0,0,0
2021-08-22 16:45,58,27,31,0,0,0
2021-08-22 17:00,97,30,67,0,0,0
2021-08-22 17:15,76,37,39,0,0,0
2021-08-22 17:30,73,27,46,0,0,0
2021-08-22 17:45,80,32,48,0,0,0
2021-08-22 18:00,89,39,50,0,0,0
2021-08-22 18:15,96,56,40,0,0,0
2021-08-22 18:30,65,28,37,0,0,0
2021-08-22 18:45,66,29,37,0,0,0
2021-08-22 19:00,60,16,44,0,0,0
2021-08-22 19:15,49,18,31,0,0,0
2021-08-22 19:30,56,31,25,0,0,0
2021-08-22 19:45,57,29,28,0,0,0
2021-08-22 20:00,43,23,20,0,0,0
2021-08-22 20:15,37,13,24,0,0,0
2021-08-22 20:30,48,18,30,0,0,0
2021-08-22 20:45,53,25,28,0,0,0
2021-08-22 21:00,31,7,24,0,0,0
2021-08-22 21:15,18,8,10,0,0,0
2021-08-22 21:30,19,9,10,0,0,0
2021-08-22 21:45,15,6,9,0,0,0
2021-08-22 22:00,24,10,14,0,0,0
2021-08-22 22:15,15,8,7,0,0,0
2021-08-22 22:30,11,2,9,0,0,0
2021-08-22 22:45,11,5,6,0,0,0
2021-08-22 23:00,12,3,9,0,0,0
2021-08-22 23:15,20,11,9,0,0,0
2021-08-22 23:30,10,0,10,0,0,0
2021-08-22 23:45,11,2,9,0,0,0
2021-08-23 00:00,6,1,5,0,0,0
2021-08-23 00:15,6,1,5,0,0,0
2021-08-23 00:30,5,3,2,0,0,0
2021-08-23 00:45,5,0,5,0,0,0
2021-08-23 01:00,1,1,0,0,0,0
2021-08-23 01:15,2,1,1,0,0,0
2021-08-23 01:30,2,0,2,0,0,0
2021-08-23 01:45,0,0,0,0,0,0
2021-08-23 02:00,1,1,0,0,0,0
2021-08-23 02:15,0,0,0,0,0,0
2021-08-23 02:30,0,0,0,0,0,0
2021-08-23 02:45,1,0,1,0,0,0
2021-08-23 03:00,1,1,0,0,0,0
2021-08-23 03:15,0,0,0,0,0,0
2021-08-23 03:30,0,0,0,0,0,0
2021-08-23 03:45,1,1,0,0,0,0
2021-08-23 04:00,1,0,1,0,0,0
2021-08-23 04:15,1,1,0,0,0,0
2021-08-23 04:30,1,1,0,0,0,0
2021-08-23 04:45,6,5,1,0,0,0
2021-08-23 05:00,3,3,0,0,0,0
2021-08-23 05:15,9,6,3,0,0,0
2021-08-23 05:30,17,11,6,0,0,0
2021-08-23 05:45,18,15,3,0,0,0
2021-08-23 06:00,27,16,11,0,0,0
2021-08-23 06:15,36,27,9,0,0,0
2021-08-23 06:30,29,19,10,0,0,0
2021-08-23 06:45,43,26,17,0,0,0
2021-08-23 07:00,69,41,28,0,0,0
2021-08-23 07:15,109,81,28,0,0,0
2021-08-23 07:30,146,91,55,0,0,0
2021-08-23 07:45,169,103,66,0,0,0
2021-08-23 08:00,163,96,67,0,0,0
2021-08-23 08:15,121,83,38,0,0,0
2021-08-23 08:30,101,64,37,0,0,0
2021-08-23 08:45,113,70,43,0,0,0
2021-08-23 09:00,92,64,28,0,0,0
2021-08-23 09:15,84,55,29,0,0,0
2021-08-23 09:30,112,77,35,0,0,0
2021-08-23 09:45,116,88,28,0,0,0
2021-08-23 10:00,95,53,42,0,0,0
2021-08-23 10:15,91,55,36,0,0,0
2021-08-23 10:30,95,55,40,0,0,0
2021-08-23 10:45,117,67,50,0,0,0
2021-08-23 11:00,106,57,49,0,0,0
2021-08-23 11:15,91,47,44,0,0,0
2021-08-23 11:30,113,52,61,0,0,0
2021-08-23 11:45,121,56,65,0,0,0
2021-08-23 12:00,94,47,47,0,0,0
2021-08-23 12:15,102,40,62,0,0,0
2021-08-23 12:30,122,50,72,0,0,0
2021-08-23 12:45,116,58,58,0,0,0
2021-08-23 13:00,143,54,89,0,0,0
2021-08-23 13:15,138,67,71,0,0,0
2021-08-23 13:30,121,50,71,0,0,0
2021-08-23 13:45,138,53,85,0,0,0
2021-08-23 14:00,128,51,77,0,0,0
2021-08-23 14:15,136,56,80,0,0,0
2021-08-23 14:30,125,52,73,0,0,0
2021-08-23 14:45,173,79,94,0,0,0
2021-08-23 15:00,155,71,84,0,0,0
2021-08-23 15:15,166,83,83,0,0,0
2021-08-23 15:30,168,75,93,0,0,0
2021-08-23 15:45,209,91,118,0,0,0
2021-08-23 16:00,181,77,104,0,0,0
2021-08-23 16:15,181,79,102,0,0,0
2021-08-23 16:30,208,80,128,0,0,0
2021-08-23 16:45,218,98,120,0,0,0
2021-08-23 17:00,210,64,146,0,0,0
2021-08-23 17:15,187,73,114,0,0,0
2021-08-23 17:30,169,62,107,0,0,0
2021-08-23 17:45,214,75,139,0,0,0
2021-08-23 18:00,179,61,118,0,0,0
2021-08-23 18:15,169,65,104,0,0,0
2021-08-23 18:30,160,62,98,0,0,0
2021-08-23 18:45,141,48,93,0,0,0
2021-08-23 19:00,141,52,89,0,0,0
2021-08-23 19:15,126,41,85,0,0,0
2021-08-23 19:30,111,32,79,0,0,0
2021-08-23 19:45,89,24,65,0,0,0
2021-08-23 20:00,74,27,47,0,0,0
2021-08-23 20:15,72,28,44,0,0,0
2021-08-23 20:30,46,22,24,0,0,0
2021-08-23 20:45,72,28,44,0,0,0
2021-08-23 21:00,72,29,43,0,0,0
2021-08-23 21:15,45,15,30,0,0,0
2021-08-23 21:30,56,21,35,0,0,0
2021-08-23 21:45,50,15,35,0,0,0
2021-08-23 22:00,32,17,15,0,0,0
2021-08-23 22:15,39,16,23,0,0,0
2021-08-23 22:30,39,13,26,0,0,0
2021-08-23 22:45,24,11,13,0,0,0
2021-08-23 23:00,19,5,14,0,0,0
2021-08-23 23:15,10,1,9,0,0,0
2021-08-23 23:30,18,6,12,0,0,0
2021-08-23 23:45,15,3,12,0,0,0
2021-08-24 00:00,7,1,6,0,0,0
2021-08-24 00:15,6,1,5,0,0,0
2021-08-24 00:30,9,1,8,0,0,0
2021-08-24 00:45,11,6,5,0,0,0
2021-08-24 01:00,13,2,11,0,0,0
2021-08-24 01:15,4,1,3,0,0,0
2021-08-24 01:30,3,0,3,0,0,0
2021-08-24 01:45,3,0,3,0,0,0
2021-08-24 02:00,2,0,2,0,0,0
2021-08-24 02:15,9,0,9,0,0,0
2021-08-24 02:30,2,0,2,0,0,0
2021-08-24 02:45,1,1,0,0,0,0
2021-08-24 03:00,0,0,0,0,0,0
2021-08-24 03:15,0,0,0,0,0,0
2021-08-24 03:30,2,0,2,0,0,0
2021-08-24 03:45,4,1,3,0,0,0
2021-08-24 04:00,2,1,1,0,0,0
2021-08-24 04:15,0,0,0,0,0,0
2021-08-24 04:30,3,3,0,0,0,0
2021-08-24 04:45,5,3,2,0,0,0
2021-08-24 05:00,2,2,0,0,0,0
2021-08-24 05:15,8,6,2,0,0,0
2021-08-24 05:30,21,16,5,0,0,0
2021-08-24 05:45,19,14,5,0,0,0
2021-08-24 06:00,20,16,4,0,0,0
2021-08-24 06:15,48,36,12,0,0,0
2021-08-24 06:30,44,26,18,0,0,0
2021-08-24 06:45,79,49,30,0,0,0
2021-08-24 07:00,104,69,35,0,0,0
2021-08-24 07:15,147,92,55,0,0,0
2021-08-24 07:30,165,90,75,0,0,0
2021-08-24 07:45,194,121,73,0,0,0
2021-08-24 08:00,158,96,62,0,0,0
2021-08-24 08:15,132,86,46,0,0,0
2021-08-24 08:30,136,85,51,0,0,0
2021-08-24 08:45,140,100,40,0,0,0
2021-08-24 09:00,99,68,31,0,0,0
2021-08-24 09:15,99,64,35,0,0,0
2021-08-24 09:30,114,73,41,0,0,0
2021-08-24 09:45,120,79,41,0,0,0
2021-08-24 10:00,76,36,40,0,0,0
2021-08-24 10:15,116,68,48,0,0,0
2021-08-24 10:30,109,68,41,0,0,0
2021-08-24 10:45,122,72,50,0,0,0
2021-08-24 11:00,121,60,61,0,0,0
2021-08-24 11:15,122,56,66,0,0,0
2021-08-24 11:30,149,82,67,0,0,0
2021-08-24 11:45,152,82,70,0,0,0
2021-08-24 12:00,134,62,72,0,0,0
2021-08-24 12:15,163,86,77,0,0,0
2021-08-24 12:30,129,63,66,0,0,0
2021-08-24 12:45,147,62,85,0,0,0
2021-08-24 13:00,170,75,95,0,0,0
2021-08-24 13:15,195,70,125,0,0,0
2021-08-24 13:30,142,57,85,0,0,0
2021-08-24 13:45,172,83,89,0,0,0
2021-08-24 14:00,146,64,82,0,0,0
2021-08-24 14:15,182,86,96,0,0,0
2021-08-24 14:30,138,69,69,0,0,0
2021-08-24 14:45,218,112,106,0,0,0
2021-08-24 15:00,185,82,103,0,0,0
2021-08-24 15:15,161,87,74,0,0,0
2021-08-24 15:30,191,83,108,0,0,0
2021-08-24 15:45,216,95,121,0,0,0
2021-08-24 16:00,195,76,119,0,0,0
2021-08-24 16:15,187,62,125,0,0,0
2021-08-24 16:30,204,101,103,0,0,0
2021-08-24 16:45,217,104,113,0,0,0
2021-08-24 17:00,216,92,124,0,0,0
2021-08-24 17:15,212,81,131,0,0,0
2021-08-24 17:30,190,78,112,0,0,0
2021-08-24 17:45,238,77,161,0,0,0
2021-08-24 18:00,255,101,154,0,0,0
2021-08-24 18:15,224,76,148,0,0,0
2021-08-24 18:30,161,54,107,0,0,0
2021-08-24 18:45,179,84,95,0,0,0
2021-08-24 19:00,165,74,91,0,0,0
2021-08-24 19:15,146,62,84,0,0,0
2021-08-24 19:30,134,48,86,0,0,0
2021-08-24 19:45,111,36,75,0,0,0
2021-08-24 20:00,107,34,73,0,0,0
2021-08-24 20:15,84,33,51,0,0,0
2021-08-24 20:30,80,29,51,0,0,0
2021-08-24 20:45,65,26,39,0,0,0
2021-08-24 21:00,84,32,52,0,0,0
2021-08-24 21:15,72,16,56,0,0,0
2021-08-24 21:30,48,11,37,0,0,0
2021-08-24 21:45,66,20,46,0,0,0
2021-08-24 22:00,50,9,41,0,0,0
2021-08-24 22:15,45,11,34,0,0,0
2021-08-24 22:30,48,17,31,0,0,0
2021-08-24 22:45,35,14,21,0,0,0
2021-08-24 23:00,30,10,20,0,0,0
2021-08-24 23:15,22,6,16,0,0,0
2021-08-24 23:30,13,6,7,0,0,0
2021-08-24 23:45,13,5,8,0,0,0
2021-08-25 00:00,13,4,9,0,0,0
2021-08-25 00:15,9,5,4,0,0,0
2021-08-25 00:30,7,1,6,0,0,0
2021-08-25 00:45,3,3,0,0,0,0
2021-08-25 01:00,6,1,5,0,0,0
2021-08-25 01:15,9,1,8,0,0,0
2021-08-25 01:30,0,0,0,0,0,0
2021-08-25 01:45,0,0,0,0,0,0
2021-08-25 02:00,4,1,3,0,0,0
2021-08-25 02:15,3,1,2,0,0,0
2021-08-25 02:30,7,3,4,0,0,0
2021-08-25 02:45,1,0,1,0,0,0
2021-08-25 03:00,2,0,2,0,0,0
2021-08-25 03:15,1,1,0,0,0,0
2021-08-25 03:30,1,0,1,0,0,0
2021-08-25 03:45,0,0,0,0,0,0
2021-08-25 04:00,2,1,1,0,0,0
2021-08-25 04:15,0,0,0,0,0,0
2021-08-25 04:30,4,3,1,0,0,0
2021-08-25 04:45,4,2,2,0,0,0
2021-08-25 05:00,5,5,0,0,0,0
2021-08-25 05:15,7,6,1,0,0,0
2021-08-25 05:30,26,15,11,0,0,0
2021-08-25 05:45,21,18,3,0,0,0
2021-08-25 06:00,22,14,8,0,0,0
2021-08-25 06:15,45,31,14,0,0,0
2021-08-25 06:30,41,25,16,0,0,0
2021-08-25 06:45,72,53,19,0,0,0
2021-08-25 07:00,90,55,35,0,0,0
2021-08-25 07:15,118,72,46,0,0,0
2021-08-25 07:30,163,102,61,0,0,0
2021-08-25 07:45,194,110,84,0,0,0
2021-08-25 08:00,166,97,69,0,0,0
2021-08-25 08:15,131,74,57,0,0,0
2021-08-25 08:30,135,95,40,0,0,0
2021-08-25 08:45,147,106,41,0,0,0
2021-08-25 09:00,105,61,44,0,0,0
2021-08-25 09:15,102,67,35,0,0,0
2021-08-25 09:30,125,78,47,0,0,0
2021-08-25 09:45,136,86,50,0,0,0
2021-08-25 10:00,112,67,45,0,0,0
2021-08-25 10:15,119,71,48,0,0,0
2021-08-25 10:30,122,72,50,0,0,0
2021-08-25 10:45,134,82,52,0,0,0
2021-08-25 11:00,154,82,72,0,0,0
2021-08-25 11:15,133,66,67,0,0,0
2021-08-25 11:30,151,88,63,0,0,0
2021-08-25 11:45,148,81,67,0,0,0
2021-08-25 12:00,134,53,81,0,0,0
2021-08-25 12:15,150,75,75,0,0,0
2021-08-25 12:30,152,71,81,0,0,0
2021-08-25 12:45,142,56,86,0,0,0
2021-08-25 13:00,176,81,95,0,0,0
2021-08-25 13:15,157,58,99,0,0,0
2021-08-25 13:30,162,56,106,0,0,0
2021-08-25 13:45,172,79,93,0,0,0
2021-08-25 14:00,171,71,100,0,0,0
2021-08-25 14:15,178,74,104,0,0,0
2021-08-25 14:30,176,54,122,0,0,0
2021-08-25 14:45,191,83,108,0,0,0
2021-08-25 15:00,179,69,110,0,0,0
2021-08-25 15:15,147,62,85,0,0,0
2021-08-25 15:30,179,76,103,0,0,0
2021-08-25 15:45,193,87,106,0,0,0
2021-08-25 16:00,192,74,118,0,0,0
2021-08-25 16:15,196,81,115,0,0,0
2021-08-25 16:30,205,96,109,0,0,0
2021-08-25 16:45,213,91,122,0,0,0
2021-08-25 17:00,206,76,130,0,0,0
2021-08-25 17:15,215,95,120,0,0,0
2021-08-25 17:30,205,88,117,0,0,0
2021-08-25 17:45,239,80,159,0,0,0
2021-08-25 18:00,223,69,154,0,0,0
2021-08-25 18:15,246,79,167,0,0,0
2021-08-25 18:30,165,58,107,0,0,0
2021-08-25 18:45,209,73,136,0,0,0
2021-08-25 19:00,130,42,88,0,0,0
2021-08-25 19:15,116,47,69,0,0,0
2021-08-25 19:30,105,30,75,0,0,0
2021-08-25 19:45,115,53,62,0,0,0
2021-08-25 20:00,105,31,74,0,0,0
2021-08-25 20:15,87,28,59,0,0,0
2021-08-25 20:30,64,19,45,0,0,0
2021-08-25 20:45,57,23,34,0,0,0
2021-08-25 21:00,67,27,40,0,0,0
2021-08-25 21:15,70,30,40,0,0,0
2021-08-25 21:30,153,103,50,0,0,0
2021-08-25 21:45,114,75,39,0,0,0
2021-08-25 22:00,71,42,29,0,0,0
2021-08-25 22:15,66,38,28,0,0,0
2021-08-25 22:30,69,28,41,0,0,0
2021-08-25 22:45,57,22,35,0,0,0
2021-08-25 23:00,57,29,28,0,0,0
2021-08-25 23:15,53,22,31,0,0,0
2021-08-25 23:30,27,10,17,0,0,0
2021-08-25 23:45,12,7,5,0,0,0
2021-08-26 00:00,15,4,11,0,0,0
2021-08-26 00:15,5,2,3,0,0,0
2021-08-26 00:30,12,5,7,0,0,0
2021-08-26 00:45,3,0,3,0,0,0
2021-08-26 01:00,3,2,1,0,0,0
2021-08-26 01:15,7,6,1,0,0,0
2021-08-26 01:30,12,7,5,0,0,0
2021-08-26 01:45,10,1,9,0,0,0
2021-08-26 02:00,3,0,3,0,0,0
2021-08-26 02:15,5,0,5,0,0,0
2021-08-26 02:30,3,0,3,0,0,0
2021-08-26 02:45,2,1,1,0,0,0
2021-08-26 03:00,0,0,0,0,0,0
2021-08-26 03:15,1,0,1,0,0,0
2021-08-26 03:30,6,0,6,0,0,0
2021-08-26 03:45,2,0,2,0,0,0
2021-08-26 04:00,4,2,2,0,0,0
2021-08-26 04:15,6,1,5,0,0,0
2021-08-26 04:30,3,3,0,0,0,0
2021-08-26 04:45,3,3,0,0,0,0
2021-08-26 05:00,4,4,0,0,0,0
2021-08-26 05:15,6,6,0,0,0,0
2021-08-26 05:30,17,11,6,0,0,0
2021-08-26 05:45,18,14,4,0,0,0
2021-08-26 06:00,18,15,3,0,0,0
2021-08-26 06:15,27,16,11,0,0,0
2021-08-26 06:30,29,17,12,0,0,0
2021-08-26 06:45,49,33,16,0,0,0
2021-08-26 07:00,64,40,24,0,0,0
2021-08-26 07:15,95,55,40,0,0,0
2021-08-26 07:30,138,83,55,0,0,0
2021-08-26 07:45,167,104,63,0,0,0
2021-08-26 08:00,133,79,54,0,0,0
2021-08-26 08:15,122,74,48,0,0,0
2021-08-26 08:30,105,66,39,0,0,0
2021-08-26 08:45,136,87,49,0,0,0
2021-08-26 09:00,94,59,35,0,0,0
2021-08-26 09:15,102,65,37,0,0,0
2021-08-26 09:30,82,60,22,0,0,0
2021-08-26 09:45,98,53,45,0,0,0
2021-08-26 10:00,96,58,38,0,0,0
2021-08-26 10:15,77,42,35,0,0,0
2021-08-26 10:30,90,49,41,0,0,0
2021-08-26 10:45,98,58,40,0,0,0
2021-08-26 11:00,97,53,44,0,0,0
2021-08-26 11:15,117,55,62,0,0,0
2021-08-26 11:30,97,51,46,0,0,0
2021-08-26 11:45,116,54,62,0,0,0
2021-08-26 12:00,114,67,47,0,0,0
2021-08-26 12:15,122,64,58,0,0,0
2021-08-26 12:30,115,43,72,0,0,0
2021-08-26 12:45,135,62,73,0,0,0
2021-08-26 13:00,143,68,75,0,0,0
2021-08-26 13:15,139,53,86,0,0,0
2021-08-26 13:30,104,47,57,0,0,0
2021-08-26 13:45,127,58,69,0,0,0
2021-08-26 14:00,114,50,64,0,0,0
2021-08-26 14:15,148,76,72,0,0,0
2021-08-26 14:30,150,66,84,0,0,0
2021-08-26 14:45,178,83,95,0,0,0
2021-08-26 15:00,131,60,71,0,0,0
2021-08-26 15:15,146,70,76,0,0,0
2021-08-26 15:30,146,56,90,0,0,0
2021-08-26 15:45,154,68,86,0,0,0
2021-08-26 16:00,175,54,121,0,0,0
2021-08-26 16:15,178,68,110,0,0,0
2021-08-26 16:30,165,54,111,0,0,0
2021-08-26 16:45,151,71,80,0,0,0
2021-08-26 17:00,179,69,110,0,0,0
2021-08-26 17:15,138,54,84,0,0,0
2021-08-26 17:30,136,40,96,0,0,0
2021-08-26 17:45,190,77,113,0,0,0
2021-08-26 18:00,201,65,136,0,0,0
2021-08-26 18:15,166,62,104,0,0,0
2021-08-26 18:30,155,62,93,0,0,0
2021-08-26 18:45,135,57,78,0,0,0
2021-08-26 19:00,100,41,59,0,0,0
2021-08-26 19:15,103,49,54,0,0,0
2021-08-26 19:30,103,34,69,0,0,0
2021-08-26 19:45,96,37,59,0,0,0
2021-08-26 20:00,89,30,59,0,0,0
2021-08-26 20:15,68,28,40,0,0,0
2021-08-26 20:30,46,17,29,0,0,0
2021-08-26 20:45,63,39,24,0,0,0
2021-08-26 21:00,40,16,24,0,0,0
2021-08-26 21:15,43,11,32,0,0,0
2021-08-26 21:30,42,8,34,0,0,0
2021-08-26 21:45,40,14,26,0,0,0
2021-08-26 22:00,60,21,39,0,0,0
2021-08-26 22:15,48,10,38,0,0,0
2021-08-26 22:30,49,17,32,0,0,0
2021-08-26 22:45,28,10,18,0,0,0
2021-08-26 23:00,25,7,18,0,0,0
2021-08-26 23:15,43,10,33,0,0,0
2021-08-26 23:30,25,11,14,0,0,0
2021-08-26 23:45,21,6,15,0,0,0
2021-08-27 00:00,19,5,14,0,0,0
2021-08-27 00:15,16,7,9,0,0,0
2021-08-27 00:30,17,3,14,0,0,0
2021-08-27 00:45,11,6,5,0,0,0
2021-08-27 01:00,6,2,4,0,0,0
2021-08-27 01:15,5,4,1,0,0,0
2021-08-27 01:30,3,0,3,0,0,0
2021-08-27 01:45,2,0,2,0,0,0
2021-08-27 02:00,8,5,3,0,0,0
2021-08-27 02:15,2,0,2,0,0,0
2021-08-27 02:30,5,1,4,0,0,0
2021-08-27 02:45,2,0,2,0,0,0
2021-08-27 03:00,4,3,1,0,0,0
2021-08-27 03:15,0,0,0,0,0,0
2021-08-27 03:30,1,0,1,0,0,0
2021-08-27 03:45,1,0,1,0,0,0
2021-08-27 04:00,1,1,0,0,0,0
2021-08-27 04:15,1,1,0,0,0,0
2021-08-27 04:30,4,3,1,0,0,0
2021-08-27 04:45,5,5,0,0,0,0
2021-08-27 05:00,3,3,0,0,0,0
2021-08-27 05:15,3,2,1,0,0,0
2021-08-27 05:30,16,10,6,0,0,0
2021-08-27 05:45,20,15,5,0,0,0
2021-08-27 06:00,17,11,6,0,0,0
2021-08-27 06:15,20,13,7,0,0,0
2021-08-27 06:30,38,23,15,0,0,0
2021-08-27 06:45,45,27,18,0,0,0
2021-08-27 07:00,66,34,32,0,0,0
2021-08-27 07:15,91,55,36,0,0,0
2021-08-27 07:30,151,83,68,0,0,0
2021-08-27 07:45,156,107,49,0,0,0
2021-08-27 08:00,147,87,60,0,0,0
2021-08-27 08:15,127,81,46,0,0,0
2021-08-27 08:30,110,80,30,0,0,0
2021-08-27 08:45,116,78,38,0,0,0
2021-08-27 09:00,87,59,28,0,0,0
2021-08-27 09:15,97,56,41,0,0,0
2021-08-27 09:30,89,55,34,0,0,0
2021-08-27 09:45,104,73,31,0,0,0
2021-08-27 10:00,82,56,26,0,0,0
2021-08-27 10:15,76,39,37,0,0,0
2021-08-27 10:30,96,48,48,0,0,0
2021-08-27 10:45,123,62,61,0,0,0
2021-08-27 11:00,98,51,47,0,0,0
2021-08-27 11:15,122,53,69,0,0,0
2021-08-27 11:30,107,51,56,0,0,0
2021-08-27 11:45,125,67,58,0,0,0
2021-08-27 12:00,122,54,68,0,0,0
2021-08-27 12:15,158,72,86,0,0,0
2021-08-27 12:30,103,44,59,0,0,0
2021-08-27 12:45,144,68,76,0,0,0
2021-08-27 13:00,161,51,110,0,0,0
2021-08-27 13:15,146,57,89,0,0,0
2021-08-27 13:30,160,71,89,0,0,0
2021-08-27 13:45,154,64,90,0,0,0
2021-08-27 14:00,161,73,88,0,0,0
2021-08-27 14:15,183,78,105,0,0,0
2021-08-27 14:30,102,39,63,0,0,0
2021-08-27 14:45,190,90,100,0,0,0
2021-08-27 15:00,134,56,78,0,0,0
2021-08-27 15:15,149,64,85,0,0,0
2021-08-27 15:30,133,51,82,0,0,0
2021-08-27 15:45,133,53,80,0,0,0
2021-08-27 16:00,121,50,71,0,0,0
2021-08-27 16:15,140,60,80,0,0,0
2021-08-27 16:30,111,53,58,0,0,0
2021-08-27 16:45,152,82,70,0,0,0
2021-08-27 17:00,86,25,61,0,0,0
2021-08-27 17:15,132,58,74,0,0,0
2021-08-27 17:30,92,40,52,0,0,0
2021-08-27 17:45,104,33,71,0,0,0
2021-08-27 18:00,130,47,83,0,0,0
2021-08-27 18:15,140,54,86,0,0,0
2021-08-27 18:30,117,42,75,0,0,0
2021-08-27 18:45,112,57,55,0,0,0
2021-08-27 19:00,96,51,45,0,0,0
2021-08-27 19:15,101,35,66,0,0,0
2021-08-27 19:30,84,42,42,0,0,0
2021-08-27 19:45,102,53,49,0,0,0
2021-08-27 20:00,58,19,39,0,0,0
2021-08-27 20:15,82,44,38,0,0,0
2021-08-27 20:30,56,23,33,0,0,0
2021-08-27 20:45,53,25,28,0,0,0
2021-08-27 21:00,38,17,21,0,0,0
2021-08-27 21:15,53,24,29,0,0,0
2021-08-27 21:30,48,18,30,0,0,0
2021-08-27 21:45,29,7,22,0,0,0
2021-08-27 22:00,55,24,31,0,0,0
2021-08-27 22:15,29,11,18,0,0,0
2021-08-27 22:30,47,17,30,0,0,0
2021-08-27 22:45,46,17,29,0,0,0
2021-08-27 23:00,34,13,21,0,0,0
2021-08-27 23:15,41,10,31,0,0,0
2021-08-27 23:30,37,13,24,0,0,0
2021-08-27 23:45,26,7,19,0,0,0
2021-08-28 00:00,32,10,22,0,0,0
2021-08-28 00:15,28,6,22,0,0,0
2021-08-28 00:30,39,6,33,0,0,0
2021-08-28 00:45,21,7,14,0,0,0
2021-08-28 01:00,39,12,27,0,0,0
2021-08-28 01:15,17,5,12,0,0,0
2021-08-28 01:30,18,5,13,0,0,0
2021-08-28 01:45,17,9,8,0,0,0
2021-08-28 02:00,18,6,12,0,0,0
2021-08-28 02:15,17,6,11,0,0,0
2021-08-28 02:30,17,2,15,0,0,0
2021-08-28 02:45,13,6,7,0,0,0
2021-08-28 03:00,9,4,5,0,0,0
2021-08-28 03:15,13,1,12,0,0,0
2021-08-28 03:30,9,1,8,0,0,0
2021-08-28 03:45,4,0,4,0,0,0
2021-08-28 04:00,6,1,5,0,0,0
2021-08-28 04:15,5,0,5,0,0,0
2021-08-28 04:30,5,2,3,0,0,0
2021-08-28 04:45,7,3,4,0,0,0
2021-08-28 05:00,0,0,0,0,0,0
2021-08-28 05:15,3,2,1,0,0,0
2021-08-28 05:30,11,4,7,0,0,0
2021-08-28 05:45,7,4,3,0,0,0
2021-08-28 06:00,8,7,1,0,0,0
2021-08-28 06:15,6,4,2,0,0,0
2021-08-28 06:30,9,7,2,0,0,0
2021-08-28 06:45,16,9,7,0,0,0
2021-08-28 07:00,7,2,5,0,0,0
2021-08-28 07:15,21,19,2,0,0,0
2021-08-28 07:30,25,13,12,0,0,0
2021-08-28 07:45,34,24,10,0,0,0
2021-08-28 08:00,21,5,16,0,0,0
2021-08-28 08:15,23,16,7,0,0,0
2021-08-28 08:30,40,27,13,0,0,0
2021-08-28 08:45,40,26,14,0,0,0
2021-08-28 09:00,43,27,16,0,0,0
2021-08-28 09:15,44,26,18,0,0,0
2021-08-28 09:30,68,47,21,0,0,0
2021-08-28 09:45,93,58,35,0,0,0
2021-08-28 10:00,69,44,25,0,0,0
2021-08-28 10:15,80,52,28,0,0,0
2021-08-28 10:30,90,59,31,0,0,0
2021-08-28 10:45,97,71,26,0,0,0
2021-08-28 11:00,95,61,34,0,0,0
2021-08-28 11:15,111,61,50,0,0,0
2021-08-28 11:30,115,70,45,0,0,0
2021-08-28 11:45,104,59,45,0,0,0
2021-08-28 12:00,98,49,49,0,0,0
2021-08-28 12:15,123,57,66,0,0,0
2021-08-28 12:30,123,61,62,0,0,0
2021-08-28 12:45,136,71,65,0,0,0
2021-08-28 13:00,102,59,43,0,0,0
2021-08-28 13:15,123,51,72,0,0,0
2021-08-28 13:30,137,63,74,0,0,0
2021-08-28 13:45,143,70,73,0,0,0
2021-08-28 14:00,141,78,63,0,0,0
2021-08-28 14:15,105,54,51,0,0,0
2021-08-28 14:30,121,59,62,0,0,0
2021-08-28 14:45,151,68,83,0,0,0
2021-08-28 15:00,90,38,52,0,0,0
2021-08-28 15:15,85,33,52,0,0,0
2021-08-28 15:30,93,30,63,0,0,0
2021-08-28 15:45,95,44,51,0,0,0
2021-08-28 16:00,103,35,68,0,0,0
2021-08-28 16:15,91,30,61,0,0,0
2021-08-28 16:30,41,21,20,0,0,0
2021-08-28 16:45,109,43,66,0,0,0
2021-08-28 17:00,97,38,59,0,0,0
2021-08-28 17:15,73,29,44,0,0,0
2021-08-28 17:30,98,33,65,0,0,0
2021-08-28 17:45,120,52,68,0,0,0
2021-08-28 18:00,98,44,54,0,0,0
2021-08-28 18:15,107,35,72,0,0,0
2021-08-28 18:30,59,21,38,0,0,0
2021-08-28 18:45,82,30,52,0,0,0
2021-08-28 19:00,64,24,40,0,0,0
2021-08-28 19:15,78,44,34,0,0,0
2021-08-28 19:30,65,21,44,0,0,0
2021-08-28 19:45,56,29,27,0,0,0
2021-08-28 20:00,59,24,35,0,0,0
2021-08-28 20:15,83,42,41,0,0,0
2021-08-28 20:30,40,17,23,0,0,0
2021-08-28 20:45,35,14,21,0,0,0
2021-08-28 21:00,46,16,30,0,0,0
2021-08-28 21:15,55,29,26,0,0,0
2021-08-28 21:30,32,15,17,0,0,0
2021-08-28 21:45,32,13,19,0,0,0
2021-08-28 22:00,22,10,12,0,0,0
2021-08-28 22:15,36,9,27,0,0,0
2021-08-28 22:30,33,18,15,0,0,0
2021-08-28 22:45,22,3,19,0,0,0
2021-08-28 23:00,28,10,18,0,0,0
2021-08-28 23:15,26,11,15,0,0,0
2021-08-28 23:30,15,3,12,0,0,0
2021-08-28 23:45,35,13,22,0,0,0
2021-08-29 00:00,23,7,16,0,0,0
2021-08-29 00:15,18,4,14,0,0,0
2021-08-29 00:30,34,9,25,0,0,0
2021-08-29 00:45,23,6,17,0,0,0
2021-08-29 01:00,26,3,23,0,0,0
2021-08-29 01:15,22,11,11,0,0,0
2021-08-29 01:30,30,10,20,0,0,0
2021-08-29 01:45,33,8,25,0,0,0
2021-08-29 02:00,10,7,3,0,0,0
2021-08-29 02:15,8,0,8,0,0,0
2021-08-29 02:30,20,3,17,0,0,0
2021-08-29 02:45,12,1,11,0,0,0
2021-08-29 03:00,19,6,13,0,0,0
2021-08-29 03:15,11,2,9,0,0,0
2021-08-29 03:30,10,4,6,0,0,0
2021-08-29 03:45,17,10,7,0,0,0
2021-08-29 04:00,4,1,3,0,0,0
2021-08-29 04:15,8,3,5,0,0,0
2021-08-29 04:30,5,0,5,0,0,0
2021-08-29 04:45,10,3,7,0,0,0
2021-08-29 05:00,4,1,3,0,0,0
2021-08-29 05:15,8,3,5,0,0,0
2021-08-29 05:30,5,4,1,0,0,0
2021-08-29 05:45,1,1,0,0,0,0
2021-08-29 06:00,3,0,3,0,0,0
2021-08-29 06:15,7,3,4,0,0,0
2021-08-29 06:30,4,2,2,0,0,0
2021-08-29 06:45,6,3,3,0,0,0
2021-08-29 07:00,3,1,2,0,0,0
2021-08-29 07:15,4,2,2,0,0,0
2021-08-29 07:30,6,4,2,0,0,0
2021-08-29 07:45,6,4,2,0,0,0
2021-08-29 08:00,4,3,1,0,0,0
2021-08-29 08:15,7,4,3,0,0,0
2021-08-29 08:30,9,5,4,0,0,0
2021-08-29 08:45,17,13,4,0,0,0
2021-08-29 09:00,5,4,1,0,0,0
2021-08-29 09:15,10,3,7,0,0,0
2021-08-29 09:30,11,4,7,0,0,0
2021-08-29 09:45,25,15,10,0,0,0
2021-08-29 10:00,9,4,5,0,0,0
2021-08-29 10:15,12,4,8,0,0,0
2021-08-29 10:30,14,12,2,0,0,0
2021-08-29 10:45,30,17,13,0,0,0
2021-08-29 11:00,13,5,8,0,0,0
2021-08-29 11:15,12,6,6,0,0,0
2021-08-29 11:30,14,6,8,0,0,0
2021-08-29 11:45,34,21,13,0,0,0
2021-08-29 12:00,33,13,20,0,0,0
2021-08-29 12:15,29,12,17,0,0,0
2021-08-29 12:30,27,7,20,0,0,0
2021-08-29 12:45,31,16,15,0,0,0
2021-08-29 13:00,37,15,22,0,0,0
2021-08-29 13:15,40,20,20,0,0,0
2021-08-29 13:30,38,16,22,0,0,0
2021-08-29 13:45,60,33,27,0,0,0
2021-08-29 14:00,49,32,17,0,0,0
2021-08-29 14:15,51,22,29,0,0,0
2021-08-29 14:30,49,27,22,0,0,0
2021-08-29 14:45,54,28,26,0,0,0
2021-08-29 15:00,37,16,21,0,0,0
2021-08-29 15:15,42,20,22,0,0,0
2021-08-29 15:30,53,30,23,0,0,0
2021-08-29 15:45,66,34,32,0,0,0
2021-08-29 16:00,37,14,23,0,0,0
2021-08-29 16:15,74,31,43,0,0,0
2021-08-29 16:30,38,21,17,0,0,0
2021-08-29 16:45,54,23,31,0,0,0
2021-08-29 17:00,55,27,28,0,0,0
2021-08-29 17:15,76,34,42,0,0,0
2021-08-29 17:30,62,26,36,0,0,0
2021-08-29 17:45,66,27,39,0,0,0
2021-08-29 18:00,54,25,29,0,0,0
2021-08-29 18:15,55,21,34,0,0,0
2021-08-29 18:30,32,11,21,0,0,0
2021-08-29 18:45,30,11,19,0,0,0
2021-08-29 19:00,45,13,32,0,0,0
2021-08-29 19:15,49,18,31,0,0,0
2021-08-29 19:30,32,17,15,0,0,0
2021-08-29 19:45,44,23,21,0,0,0
2021-08-29 20:00,25,13,12,0,0,0
2021-08-29 20:15,32,17,15,0,0,0
2021-08-29 20:30,29,3,26,0,0,0
2021-08-29 20:45,36,9,27,0,0,0
2021-08-29 21:00,26,12,14,0,0,0
2021-08-29 21:15,14,4,10,0,0,0
2021-08-29 21:30,15,6,9,0,0,0
2021-08-29 21:45,19,6,13,0,0,0
2021-08-29 22:00,16,7,9,0,0,0
2021-08-29 22:15,12,8,4,0,0,0
2021-08-29 22:30,18,4,14,0,0,0
2021-08-29 22:45,16,12,4,0,0,0
2021-08-29 23:00,12,5,7,0,0,0
2021-08-29 23:15,8,3,5,0,0,0
2021-08-29 23:30,4,1,3,0,0,0
2021-08-29 23:45,4,0,4,0,0,0
2021-08-30 00:00,5,,5,0,,0
2021-08-30 00:15,1,,1,0,,0
2021-08-30 00:30,2,,2,0,,0
2021-08-30 00:45,1,,1,0,,0
2021-08-30 01:00,3,,3,0,,0
2021-08-30 01:15,1,,1,0,,0
2021-08-30 01:30,1,,1,0,,0
2021-08-30 01:45,0,,0,0,,0
2021-08-30 02:00,0,,0,0,,0
2021-08-30 02:15,0,,0,0,,0
2021-08-30 02:30,0,,0,0,,0
2021-08-30 02:45,0,,0,0,,0
2021-08-30 03:00,1,,1,0,,0
2021-08-30 03:15,0,,0,0,,0
2021-08-30 03:30,1,,1,0,,0
2021-08-30 03:45,0,,0,0,,0
2021-08-30 04:00,0,,0,0,,0
2021-08-30 04:15,0,,0,0,,0
2021-08-30 04:30,0,,0,0,,0
2021-08-30 04:45,1,,1,0,,0
2021-08-30 05:00,2,,2,0,,0
2021-08-30 05:15,2,,2,0,,0
2021-08-30 05:30,4,,4,0,,0
2021-08-30 05:45,3,,3,0,,0
2021-08-30 06:00,7,,7,0,,0
2021-08-30 06:15,9,,9,0,,0
2021-08-30 06:30,10,,10,0,,0
2021-08-30 06:45,24,,24,0,,0
2021-08-30 07:00,32,,32,0,,0
2021-08-30 07:15,34,,34,0,,0
2021-08-30 07:30,46,,46,0,,0
2021-08-30 07:45,57,,57,0,,0
2021-08-30 08:00,60,,60,0,,0
2021-08-30 08:15,41,,41,0,,0
2021-08-30 08:30,38,,38,0,,0
2021-08-30 08:45,47,,47,0,,0
2021-08-30 09:00,40,,40,0,,0
2021-08-30 09:15,29,,29,0,,0
2021-08-30 09:30,31,,31,0,,0
2021-08-30 09:45,40,,40,0,,0
2021-08-30 10:00,28,,28,0,,0
2021-08-30 10:15,24,,24,0,,0
2021-08-30 10:30,44,,44,0,,0
2021-08-30 10:45,38,,38,0,,0
2021-08-30 11:00,61,,61,0,,0
2021-08-30 11:15,49,,49,0,,0
2021-08-30 11:30,64,,64,0,,0
2021-08-30 11:45,72,,72,0,,0
2021-08-30 12:00,53,,53,0,,0
2021-08-30 12:15,58,,58,0,,0
2021-08-30 12:30,65,,65,0,,0
2021-08-30 12:45,54,,54,0,,0
2021-08-30 13:00,95,,95,0,,0
2021-08-30 13:15,79,,79,0,,0
2021-08-30 13:30,70,,70,0,,0
2021-08-30 13:45,77,,77,0,,0
2021-08-30 14:00,87,,87,0,,0
2021-08-30 14:15,84,,84,0,,0
2021-08-30 14:30,58,,58,0,,0
2021-08-30 14:45,81,,81,0,,0
2021-08-30 15:00,90,,90,0,,0
2021-08-30 15:15,93,,93,0,,0
2021-08-30 15:30,101,,101,0,,0
2021-08-30 15:45,101,,101,0,,0
2021-08-30 16:00,106,,106,0,,0
2021-08-30 16:15,116,,116,0,,0
2021-08-30 16:30,127,,127,0,,0
2021-08-30 16:45,97,,97,0,,0
2021-08-30 17:00,105,,105,0,,0
2021-08-30 17:15,117,,117,0,,0
2021-08-30 17:30,96,,96,0,,0
2021-08-30 17:45,114,,114,0,,0
2021-08-30 18:00,124,,124,0,,0
2021-08-30 18:15,89,,89,0,,0
2021-08-30 18:30,110,,110,0,,0
2021-08-30 18:45,94,,94,0,,0
2021-08-30 19:00,74,,74,0,,0
2021-08-30 19:15,78,,78,0,,0
2021-08-30 19:30,64,,64,0,,0
2021-08-30 19:45,46,,46,0,,0
2021-08-30 20:00,77,,77,0,,0
2021-08-30 20:15,32,,32,0,,0
2021-08-30 20:30,45,,45,0,,0
2021-08-30 20:45,31,,31,0,,0
2021-08-30 21:00,48,,48,0,,0
2021-08-30 21:15,41,,41,0,,0
2021-08-30 21:30,26,,26,0,,0
2021-08-30 21:45,53,,53,0,,0
2021-08-30 22:00,33,,33,0,,0
2021-08-30 22:15,27,,27,0,,0
2021-08-30 22:30,25,,25,0,,0
2021-08-30 22:45,18,,18,0,,0
2021-08-30 23:00,19,,19,0,,0
2021-08-30 23:15,15,,15,0,,0
2021-08-30 23:30,19,,19,0,,0
2021-08-30 23:45,7,,7,0,,0
