Datetime,100034980 (Hammer Straße),101034980 (Hammer Straße stadteinwärts),102034980 (Hammer Straße stadtauswärts),100034980-status,101034980-status,102034980-status
2021-07-01 00:00,13,3,10,0,0,0
2021-07-01 00:15,12,5,7,0,0,0
2021-07-01 00:30,24,5,19,0,0,0
2021-07-01 00:45,21,7,14,0,0,0
2021-07-01 01:00,11,3,8,0,0,0
2021-07-01 01:15,10,2,8,0,0,0
2021-07-01 01:30,6,1,5,0,0,0
2021-07-01 01:45,7,2,5,0,0,0
2021-07-01 02:00,8,0,8,0,0,0
2021-07-01 02:15,1,1,0,0,0,0
2021-07-01 02:30,6,1,5,0,0,0
2021-07-01 02:45,6,0,6,0,0,0
2021-07-01 03:00,3,0,3,0,0,0
2021-07-01 03:15,1,0,1,0,0,0
2021-07-01 03:30,2,1,1,0,0,0
2021-07-01 03:45,0,0,0,0,0,0
2021-07-01 04:00,0,0,0,0,0,0
2021-07-01 04:15,8,3,5,0,0,0
2021-07-01 04:30,3,1,2,0,0,0
2021-07-01 04:45,4,4,0,0,0,0
2021-07-01 05:00,6,3,3,0,0,0
2021-07-01 05:15,6,5,1,0,0,0
2021-07-01 05:30,18,8,10,0,0,0
2021-07-01 05:45,18,13,5,0,0,0
2021-07-01 06:00,26,19,7,0,0,0
2021-07-01 06:15,36,25,11,0,0,0
2021-07-01 06:30,32,21,11,0,0,0
2021-07-01 06:45,56,36,20,0,0,0
2021-07-01 07:00,65,37,28,0,0,0
2021-07-01 07:15,77,56,21,0,0,0
2021-07-01 07:30,133,78,55,0,0,0
2021-07-01 07:45,175,116,59,0,0,0
2021-07-01 08:00,113,67,46,0,0,0
2021-07-01 08:15,121,83,38,0,0,0
2021-07-01 08:30,123,82,41,0,0,0
2021-07-01 08:45,103,73,30,0,0,0
2021-07-01 09:00,84,48,36,0,0,0
2021-07-01 09:15,84,50,34,0,0,0
2021-07-01 09:30,91,59,32,0,0,0
2021-07-01 09:45,98,57,41,0,0,0
2021-07-01 10:00,77,47,30,0,0,0
2021-07-01 10:15,64,36,28,0,0,0
2021-07-01 10:30,74,38,36,0,0,0
2021-07-01 10:45,87,56,31,0,0,0
2021-07-01 11:00,63,27,36,0,0,0
2021-07-01 11:15,78,33,45,0,0,0
2021-07-01 11:30,63,32,31,0,0,0
2021-07-01 11:45,78,36,42,0,0,0
2021-07-01 12:00,100,37,63,0,0,0
2021-07-01 12:15,85,33,52,0,0,0
2021-07-01 12:30,76,27,49,0,0,0
2021-07-01 12:45,82,31,51,0,0,0
2021-07-01 13:00,94,32,62,0,0,0
2021-07-01 13:15,118,39,79,0,0,0
2021-07-01 13:30,112,64,48,0,0,0
2021-07-01 13:45,119,60,59,0,0,0
2021-07-01 14:00,101,56,45,0,0,0
2021-07-01 14:15,116,45,71,0,0,0
2021-07-01 14:30,94,48,46,0,0,0
2021-07-01 14:45,119,62,57,0,0,0
2021-07-01 15:00,114,39,75,0,0,0
2021-07-01 15:15,131,64,67,0,0,0
2021-07-01 15:30,146,67,79,0,0,0
2021-07-01 15:45,172,74,98,0,0,0
2021-07-01 16:00,156,73,83,0,0,0
2021-07-01 16:15,160,68,92,0,0,0
2021-07-01 16:30,136,58,78,0,0,0
2021-07-01 16:45,167,70,97,0,0,0
2021-07-01 17:00,150,62,88,0,0,0
2021-07-01 17:15,173,72,101,0,0,0
2021-07-01 17:30,171,58,113,0,0,0
2021-07-01 17:45,141,62,79,0,0,0
2021-07-01 18:00,137,56,81,0,0,0
2021-07-01 18:15,171,54,117,0,0,0
2021-07-01 18:30,107,41,66,0,0,0
2021-07-01 18:45,138,62,76,0,0,0
2021-07-01 19:00,116,38,78,0,0,0
2021-07-01 19:15,103,41,62,0,0,0
2021-07-01 19:30,93,40,53,0,0,0
2021-07-01 19:45,93,36,57,0,0,0
2021-07-01 20:00,90,40,50,0,0,0
2021-07-01 20:15,74,23,51,0,0,0
2021-07-01 20:30,51,19,32,0,0,0
2021-07-01 20:45,53,23,30,0,0,0
2021-07-01 21:00,43,17,26,0,0,0
2021-07-01 21:15,29,7,22,0,0,0
2021-07-01 21:30,44,15,29,0,0,0
2021-07-01 21:45,40,19,21,0,0,0
2021-07-01 22:00,38,14,24,0,0,0
2021-07-01 22:15,34,12,22,0,0,0
2021-07-01 22:30,33,10,23,0,0,0
2021-07-01 22:45,40,17,23,0,0,0
2021-07-01 23:00,34,14,20,0,0,0
2021-07-01 23:15,27,11,16,0,0,0
2021-07-01 23:30,27,7,20,0,0,0
2021-07-01 23:45,22,5,17,0,0,0
2021-07-02 00:00,20,5,15,0,0,0
2021-07-02 00:15,11,4,7,0,0,0
2021-07-02 00:30,11,1,10,0,0,0
2021-07-02 00:45,12,5,7,0,0,0
2021-07-02 01:00,3,1,2,0,0,0
2021-07-02 01:15,5,2,3,0,0,0
2021-07-02 01:30,12,6,6,0,0,0
2021-07-02 01:45,6,0,6,0,0,0
2021-07-02 02:00,2,1,1,0,0,0
2021-07-02 02:15,4,0,4,0,0,0
2021-07-02 02:30,8,0,8,0,0,0
2021-07-02 02:45,1,0,1,0,0,0
2021-07-02 03:00,2,0,2,0,0,0
2021-07-02 03:15,7,1,6,0,0,0
2021-07-02 03:30,1,0,1,0,0,0
2021-07-02 03:45,0,0,0,0,0,0
2021-07-02 04:00,0,0,0,0,0,0
2021-07-02 04:15,2,1,1,0,0,0
2021-07-02 04:30,5,3,2,0,0,0
2021-07-02 04:45,8,5,3,0,0,0
2021-07-02 05:00,4,4,0,0,0,0
2021-07-02 05:15,7,5,2,0,0,0
2021-07-02 05:30,24,10,14,0,0,0
2021-07-02 05:45,20,14,6,0,0,0
2021-07-02 06:00,29,22,7,0,0,0
2021-07-02 06:15,27,23,4,0,0,0
2021-07-02 06:30,33,26,7,0,0,0
2021-07-02 06:45,55,41,14,0,0,0
2021-07-02 07:00,75,38,37,0,0,0
2021-07-02 07:15,103,60,43,0,0,0
2021-07-02 07:30,128,90,38,0,0,0
2021-07-02 07:45,183,111,72,0,0,0
2021-07-02 08:00,129,84,45,0,0,0
2021-07-02 08:15,128,87,41,0,0,0
2021-07-02 08:30,103,72,31,0,0,0
2021-07-02 08:45,124,81,43,0,0,0
2021-07-02 09:00,93,57,36,0,0,0
2021-07-02 09:15,88,48,40,0,0,0
2021-07-02 09:30,85,53,32,0,0,0
2021-07-02 09:45,128,84,44,0,0,0
2021-07-02 10:00,97,66,31,0,0,0
2021-07-02 10:15,104,53,51,0,0,0
2021-07-02 10:30,128,63,65,0,0,0
2021-07-02 10:45,169,88,81,0,0,0
2021-07-02 11:00,120,54,66,0,0,0
2021-07-02 11:15,143,66,77,0,0,0
2021-07-02 11:30,154,85,69,0,0,0
2021-07-02 11:45,133,63,70,0,0,0
2021-07-02 12:00,156,74,82,0,0,0
2021-07-02 12:15,173,74,99,0,0,0
2021-07-02 12:30,139,49,90,0,0,0
2021-07-02 12:45,158,71,87,0,0,0
2021-07-02 13:00,171,71,100,0,0,0
2021-07-02 13:15,189,73,116,0,0,0
2021-07-02 13:30,184,69,115,0,0,0
2021-07-02 13:45,186,64,122,0,0,0
2021-07-02 14:00,162,75,87,0,0,0
2021-07-02 14:15,184,74,110,0,0,0
2021-07-02 14:30,171,66,105,0,0,0
2021-07-02 14:45,173,61,112,0,0,0
2021-07-02 15:00,190,83,107,0,0,0
2021-07-02 15:15,189,91,98,0,0,0
2021-07-02 15:30,192,74,118,0,0,0
2021-07-02 15:45,179,81,98,0,0,0
2021-07-02 16:00,180,86,94,0,0,0
2021-07-02 16:15,175,74,101,0,0,0
2021-07-02 16:30,208,91,117,0,0,0
2021-07-02 16:45,182,72,110,0,0,0
2021-07-02 17:00,158,66,92,0,0,0
2021-07-02 17:15,168,72,96,0,0,0
2021-07-02 17:30,179,71,108,0,0,0
2021-07-02 17:45,195,72,123,0,0,0
2021-07-02 18:00,174,92,82,0,0,0
2021-07-02 18:15,164,64,100,0,0,0
2021-07-02 18:30,147,62,85,0,0,0
2021-07-02 18:45,182,85,97,0,0,0
2021-07-02 19:00,141,54,87,0,0,0
2021-07-02 19:15,140,49,91,0,0,0
2021-07-02 19:30,126,35,91,0,0,0
2021-07-02 19:45,116,63,53,0,0,0
2021-07-02 20:00,127,41,86,0,0,0
2021-07-02 20:15,91,40,51,0,0,0
2021-07-02 20:30,66,22,44,0,0,0
2021-07-02 20:45,94,42,52,0,0,0
2021-07-02 21:00,69,27,42,0,0,0
2021-07-02 21:15,52,15,37,0,0,0
2021-07-02 21:30,43,17,26,0,0,0
2021-07-02 21:45,60,27,33,0,0,0
2021-07-02 22:00,69,31,38,0,0,0
2021-07-02 22:15,49,17,32,0,0,0
2021-07-02 22:30,60,18,42,0,0,0
2021-07-02 22:45,30,13,17,0,0,0
2021-07-02 23:00,63,30,33,0,0,0
2021-07-02 23:15,40,10,30,0,0,0
2021-07-02 23:30,62,25,37,0,0,0
2021-07-02 23:45,27,13,14,0,0,0
2021-07-03 00:00,46,22,24,0,0,0
2021-07-03 00:15,41,16,25,0,0,0
2021-07-03 00:30,41,15,26,0,0,0
2021-07-03 00:45,32,13,19,0,0,0
2021-07-03 01:00,34,9,25,0,0,0
2021-07-03 01:15,41,15,26,0,0,0
2021-07-03 01:30,31,13,18,0,0,0
2021-07-03 01:45,19,8,11,0,0,0
2021-07-03 02:00,17,8,9,0,0,0
2021-07-03 02:15,23,8,15,0,0,0
2021-07-03 02:30,20,2,18,0,0,0
2021-07-03 02:45,19,4,15,0,0,0
2021-07-03 03:00,8,1,7,0,0,0
2021-07-03 03:15,11,6,5,0,0,0
2021-07-03 03:30,8,0,8,0,0,0
2021-07-03 03:45,5,2,3,0,0,0
2021-07-03 04:00,11,5,6,0,0,0
2021-07-03 04:15,1,0,1,0,0,0
2021-07-03 04:30,6,1,5,0,0,0
2021-07-03 04:45,7,1,6,0,0,0
2021-07-03 05:00,1,1,0,0,0,0
2021-07-03 05:15,5,2,3,0,0,0
2021-07-03 05:30,6,5,1,0,0,0
2021-07-03 05:45,7,3,4,0,0,0
2021-07-03 06:00,10,4,6,0,0,0
2021-07-03 06:15,6,3,3,0,0,0
2021-07-03 06:30,18,12,6,0,0,0
2021-07-03 06:45,9,6,3,0,0,0
2021-07-03 07:00,16,9,7,0,0,0
2021-07-03 07:15,15,12,3,0,0,0
2021-07-03 07:30,18,15,3,0,0,0
2021-07-03 07:45,37,24,13,0,0,0
2021-07-03 08:00,39,22,17,0,0,0
2021-07-03 08:15,44,27,17,0,0,0
2021-07-03 08:30,59,35,24,0,0,0
2021-07-03 08:45,78,53,25,0,0,0
2021-07-03 09:00,80,58,22,0,0,0
2021-07-03 09:15,98,67,31,0,0,0
2021-07-03 09:30,79,48,31,0,0,0
2021-07-03 09:45,114,74,40,0,0,0
2021-07-03 10:00,128,87,41,0,0,0
2021-07-03 10:15,147,88,59,0,0,0
2021-07-03 10:30,129,81,48,0,0,0
2021-07-03 10:45,151,97,54,0,0,0
2021-07-03 11:00,131,80,51,0,0,0
2021-07-03 11:15,161,96,65,0,0,0
2021-07-03 11:30,160,87,73,0,0,0
2021-07-03 11:45,187,102,85,0,0,0
2021-07-03 12:00,161,79,82,0,0,0
2021-07-03 12:15,169,86,83,0,0,0
2021-07-03 12:30,150,61,89,0,0,0
2021-07-03 12:45,180,86,94,0,0,0
2021-07-03 13:00,181,80,101,0,0,0
2021-07-03 13:15,191,89,102,0,0,0
2021-07-03 13:30,163,68,95,0,0,0
2021-07-03 13:45,169,73,96,0,0,0
2021-07-03 14:00,187,71,116,0,0,0
2021-07-03 14:15,149,65,84,0,0,0
2021-07-03 14:30,150,62,88,0,0,0
2021-07-03 14:45,169,70,99,0,0,0
2021-07-03 15:00,186,67,119,0,0,0
2021-07-03 15:15,159,73,86,0,0,0
2021-07-03 15:30,168,68,100,0,0,0
2021-07-03 15:45,161,64,97,0,0,0
2021-07-03 16:00,134,51,83,0,0,0
2021-07-03 16:15,137,55,82,0,0,0
2021-07-03 16:30,136,62,74,0,0,0
2021-07-03 16:45,137,56,81,0,0,0
2021-07-03 17:00,156,54,102,0,0,0
2021-07-03 17:15,139,57,82,0,0,0
2021-07-03 17:30,135,50,85,0,0,0
2021-07-03 17:45,155,67,88,0,0,0
2021-07-03 18:00,111,45,66,0,0,0
2021-07-03 18:15,98,47,51,0,0,0
2021-07-03 18:30,116,50,66,0,0,0
2021-07-03 18:45,132,69,63,0,0,0
2021-07-03 19:00,125,51,74,0,0,0
2021-07-03 19:15,99,41,58,0,0,0
2021-07-03 19:30,121,56,65,0,0,0
2021-07-03 19:45,109,40,69,0,0,0
2021-07-03 20:00,98,44,54,0,0,0
2021-07-03 20:15,72,29,43,0,0,0
2021-07-03 20:30,94,29,65,0,0,0
2021-07-03 20:45,87,35,52,0,0,0
2021-07-03 21:00,85,39,46,0,0,0
2021-07-03 21:15,58,16,42,0,0,0
2021-07-03 21:30,45,17,28,0,0,0
2021-07-03 21:45,57,19,38,0,0,0
2021-07-03 22:00,50,18,32,0,0,0
2021-07-03 22:15,50,15,35,0,0,0
2021-07-03 22:30,38,15,23,0,0,0
2021-07-03 22:45,27,9,18,0,0,0
2021-07-03 23:00,40,20,20,0,0,0
2021-07-03 23:15,48,18,30,0,0,0
2021-07-03 23:30,57,28,29,0,0,0
2021-07-03 23:45,63,20,43,0,0,0
2021-07-04 00:00,44,9,35,0,0,0
2021-07-04 00:15,45,15,30,0,0,0
2021-07-04 00:30,27,10,17,0,0,0
2021-07-04 00:45,21,4,17,0,0,0
2021-07-04 01:00,27,13,14,0,0,0
2021-07-04 01:15,26,5,21,0,0,0
2021-07-04 01:30,24,11,13,0,0,0
2021-07-04 01:45,22,10,12,0,0,0
2021-07-04 02:00,29,7,22,0,0,0
2021-07-04 02:15,17,2,15,0,0,0
2021-07-04 02:30,15,3,12,0,0,0
2021-07-04 02:45,18,2,16,0,0,0
2021-07-04 03:00,19,4,15,0,0,0
2021-07-04 03:15,5,2,3,0,0,0
2021-07-04 03:30,7,5,2,0,0,0
2021-07-04 03:45,6,1,5,0,0,0
2021-07-04 04:00,1,0,1,0,0,0
2021-07-04 04:15,7,2,5,0,0,0
2021-07-04 04:30,6,1,5,0,0,0
2021-07-04 04:45,0,0,0,0,0,0
2021-07-04 05:00,4,2,2,0,0,0
2021-07-04 05:15,10,1,9,0,0,0
2021-07-04 05:30,6,4,2,0,0,0
2021-07-04 05:45,5,2,3,0,0,0
2021-07-04 06:00,1,1,0,0,0,0
2021-07-04 06:15,1,0,1,0,0,0
2021-07-04 06:30,2,1,1,0,0,0
2021-07-04 06:45,7,5,2,0,0,0
2021-07-04 07:00,5,3,2,0,0,0
2021-07-04 07:15,4,2,2,0,0,0
2021-07-04 07:30,5,4,1,0,0,0
2021-07-04 07:45,6,4,2,0,0,0
2021-07-04 08:00,10,7,3,0,0,0
2021-07-04 08:15,2,2,0,0,0,0
2021-07-04 08:30,11,7,4,0,0,0
2021-07-04 08:45,14,8,6,0,0,0
2021-07-04 09:00,12,9,3,0,0,0
2021-07-04 09:15,15,8,7,0,0,0
2021-07-04 09:30,24,18,6,0,0,0
2021-07-04 09:45,38,26,12,0,0,0
2021-07-04 10:00,30,13,17,0,0,0
2021-07-04 10:15,21,8,13,0,0,0
2021-07-04 10:30,28,12,16,0,0,0
2021-07-04 10:45,37,17,20,0,0,0
2021-07-04 11:00,28,12,16,0,0,0
2021-07-04 11:15,42,23,19,0,0,0
2021-07-04 11:30,34,15,19,0,0,0
2021-07-04 11:45,47,26,21,0,0,0
2021-07-04 12:00,44,19,25,0,0,0
2021-07-04 12:15,62,26,36,0,0,0
2021-07-04 12:30,62,26,36,0,0,0
2021-07-04 12:45,65,29,36,0,0,0
2021-07-04 13:00,73,32,41,0,0,0
2021-07-04 13:15,41,26,15,0,0,0
2021-07-04 13:30,51,22,29,0,0,0
2021-07-04 13:45,68,17,51,0,0,0
2021-07-04 14:00,90,35,55,0,0,0
2021-07-04 14:15,52,25,27,0,0,0
2021-07-04 14:30,32,7,25,0,0,0
2021-07-04 14:45,11,5,6,0,0,0
2021-07-04 15:00,41,7,34,0,0,0
2021-07-04 15:15,17,10,7,0,0,0
2021-07-04 15:30,16,5,11,0,0,0
2021-07-04 15:45,36,18,18,0,0,0
2021-07-04 16:00,45,23,22,0,0,0
2021-07-04 16:15,34,13,21,0,0,0
2021-07-04 16:30,30,18,12,0,0,0
2021-07-04 16:45,46,24,22,0,0,0
2021-07-04 17:00,38,22,16,0,0,0
2021-07-04 17:15,38,11,27,0,0,0
2021-07-04 17:30,41,18,23,0,0,0
2021-07-04 17:45,47,28,19,0,0,0
2021-07-04 18:00,47,13,34,0,0,0
2021-07-04 18:15,45,22,23,0,0,0
2021-07-04 18:30,53,24,29,0,0,0
2021-07-04 18:45,47,20,27,0,0,0
2021-07-04 19:00,58,33,25,0,0,0
2021-07-04 19:15,53,27,26,0,0,0
2021-07-04 19:30,34,16,18,0,0,0
2021-07-04 19:45,49,24,25,0,0,0
2021-07-04 20:00,31,14,17,0,0,0
2021-07-04 20:15,24,14,10,0,0,0
2021-07-04 20:30,21,8,13,0,0,0
2021-07-04 20:45,19,6,13,0,0,0
2021-07-04 21:00,35,12,23,0,0,0
2021-07-04 21:15,22,5,17,0,0,0
2021-07-04 21:30,35,11,24,0,0,0
2021-07-04 21:45,30,7,23,0,0,0
2021-07-04 22:00,31,15,16,0,0,0
2021-07-04 22:15,23,12,11,0,0,0
2021-07-04 22:30,15,6,9,0,0,0
2021-07-04 22:45,11,4,7,0,0,0
2021-07-04 23:00,15,3,12,0,0,0
2021-07-04 23:15,16,3,13,0,0,0
2021-07-04 23:30,9,2,7,0,0,0
2021-07-04 23:45,11,4,7,0,0,0
2021-07-05 00:00,6,4,2,0,0,0
2021-07-05 00:15,5,2,3,0,0,0
2021-07-05 00:30,3,0,3,0,0,0
2021-07-05 00:45,0,0,0,0,0,0
2021-07-05 01:00,5,1,4,0,0,0
2021-07-05 01:15,2,0,2,0,0,0
2021-07-05 01:30,0,0,0,0,0,0
2021-07-05 01:45,1,1,0,0,0,0
2021-07-05 02:00,2,1,1,0,0,0
2021-07-05 02:15,2,2,0,0,0,0
2021-07-05 02:30,3,0,3,0,0,0
2021-07-05 02:45,2,2,0,0,0,0
2021-07-05 03:00,0,0,0,0,0,0
2021-07-05 03:15,0,0,0,0,0,0
2021-07-05 03:30,3,0,3,0,0,0
2021-07-05 03:45,0,0,0,0,0,0
2021-07-05 04:00,1,1,0,0,0,0
2021-07-05 04:15,2,2,0,0,0,0
2021-07-05 04:30,2,2,0,0,0,0
2021-07-05 04:45,5,5,0,0,0,0
2021-07-05 05:00,3,3,0,0,0,0
2021-07-05 05:15,7,3,4,0,0,0
2021-07-05 05:30,12,8,4,0,0,0
2021-07-05 05:45,20,13,7,0,0,0
2021-07-05 06:00,15,11,4,0,0,0
2021-07-05 06:15,37,21,16,0,0,0
2021-07-05 06:30,36,25,11,0,0,0
2021-07-05 06:45,59,38,21,0,0,0
2021-07-05 07:00,64,32,32,0,0,0
2021-07-05 07:15,70,47,23,0,0,0
2021-07-05 07:30,90,56,34,0,0,0
2021-07-05 07:45,134,82,52,0,0,0
2021-07-05 08:00,89,53,36,0,0,0
2021-07-05 08:15,82,41,41,0,0,0
2021-07-05 08:30,49,28,21,0,0,0
2021-07-05 08:45,66,48,18,0,0,0
2021-07-05 09:00,66,47,19,0,0,0
2021-07-05 09:15,39,25,14,0,0,0
2021-07-05 09:30,71,48,23,0,0,0
2021-07-05 09:45,78,52,26,0,0,0
2021-07-05 10:00,72,44,28,0,0,0
2021-07-05 10:15,57,27,30,0,0,0
2021-07-05 10:30,57,37,20,0,0,0
2021-07-05 10:45,88,51,37,0,0,0
2021-07-05 11:00,87,45,42,0,0,0
2021-07-05 11:15,88,50,38,0,0,0
2021-07-05 11:30,101,54,47,0,0,0
2021-07-05 11:45,106,57,49,0,0,0
2021-07-05 12:00,111,60,51,0,0,0
2021-07-05 12:15,122,60,62,0,0,0
2021-07-05 12:30,116,56,60,0,0,0
2021-07-05 12:45,128,57,71,0,0,0
2021-07-05 13:00,123,56,67,0,0,0
2021-07-05 13:15,114,60,54,0,0,0
2021-07-05 13:30,98,41,57,0,0,0
2021-07-05 13:45,144,68,76,0,0,0
2021-07-05 14:00,136,67,69,0,0,0
2021-07-05 14:15,125,50,75,0,0,0
2021-07-05 14:30,139,69,70,0,0,0
2021-07-05 14:45,154,71,83,0,0,0
2021-07-05 15:00,130,54,76,0,0,0
2021-07-05 15:15,143,66,77,0,0,0
2021-07-05 15:30,156,65,91,0,0,0
2021-07-05 15:45,172,77,95,0,0,0
2021-07-05 16:00,180,84,96,0,0,0
2021-07-05 16:15,216,83,133,0,0,0
2021-07-05 16:30,216,95,121,0,0,0
2021-07-05 16:45,232,88,144,0,0,0
2021-07-05 17:00,172,62,110,0,0,0
2021-07-05 17:15,187,74,113,0,0,0
2021-07-05 17:30,204,63,141,0,0,0
2021-07-05 17:45,167,69,98,0,0,0
2021-07-05 18:00,182,78,104,0,0,0
2021-07-05 18:15,158,64,94,0,0,0
2021-07-05 18:30,156,53,103,0,0,0
2021-07-05 18:45,131,55,76,0,0,0
2021-07-05 19:00,133,49,84,0,0,0
2021-07-05 19:15,125,52,73,0,0,0
2021-07-05 19:30,97,28,69,0,0,0
2021-07-05 19:45,101,37,64,0,0,0
2021-07-05 20:00,97,28,69,0,0,0
2021-07-05 20:15,66,26,40,0,0,0
2021-07-05 20:30,68,20,48,0,0,0
2021-07-05 20:45,52,14,38,0,0,0
2021-07-05 21:00,50,29,21,0,0,0
2021-07-05 21:15,68,20,48,0,0,0
2021-07-05 21:30,32,9,23,0,0,0
2021-07-05 21:45,37,12,25,0,0,0
2021-07-05 22:00,46,17,29,0,0,0
2021-07-05 22:15,40,13,27,0,0,0
2021-07-05 22:30,34,5,29,0,0,0
2021-07-05 22:45,26,6,20,0,0,0
2021-07-05 23:00,37,12,25,0,0,0
2021-07-05 23:15,38,12,26,0,0,0
2021-07-05 23:30,28,9,19,0,0,0
2021-07-05 23:45,7,1,6,0,0,0
2021-07-06 00:00,17,6,11,0,0,0
2021-07-06 00:15,9,2,7,0,0,0
2021-07-06 00:30,5,0,5,0,0,0
2021-07-06 00:45,10,3,7,0,0,0
2021-07-06 01:00,6,2,4,0,0,0
2021-07-06 01:15,4,1,3,0,0,0
2021-07-06 01:30,5,1,4,0,0,0
2021-07-06 01:45,0,0,0,0,0,0
2021-07-06 02:00,1,1,0,0,0,0
2021-07-06 02:15,5,1,4,0,0,0
2021-07-06 02:30,4,2,2,0,0,0
2021-07-06 02:45,1,0,1,0,0,0
2021-07-06 03:00,2,0,2,0,0,0
2021-07-06 03:15,2,1,1,0,0,0
2021-07-06 03:30,1,0,1,0,0,0
2021-07-06 03:45,2,0,2,0,0,0
2021-07-06 04:00,3,2,1,0,0,0
2021-07-06 04:15,1,1,0,0,0,0
2021-07-06 04:30,3,3,0,0,0,0
2021-07-06 04:45,3,3,0,0,0,0
2021-07-06 05:00,1,1,0,0,0,0
2021-07-06 05:15,8,6,2,0,0,0
2021-07-06 05:30,19,12,7,0,0,0
2021-07-06 05:45,18,14,4,0,0,0
2021-07-06 06:00,34,20,14,0,0,0
2021-07-06 06:15,32,23,9,0,0,0
2021-07-06 06:30,37,25,12,0,0,0
2021-07-06 06:45,53,39,14,0,0,0
2021-07-06 07:00,66,36,30,0,0,0
2021-07-06 07:15,77,48,29,0,0,0
2021-07-06 07:30,111,71,40,0,0,0
2021-07-06 07:45,153,99,54,0,0,0
2021-07-06 08:00,94,55,39,0,0,0
2021-07-06 08:15,113,71,42,0,0,0
2021-07-06 08:30,107,72,35,0,0,0
2021-07-06 08:45,107,70,37,0,0,0
2021-07-06 09:00,72,45,27,0,0,0
2021-07-06 09:15,74,43,31,0,0,0
2021-07-06 09:30,62,40,22,0,0,0
2021-07-06 09:45,72,38,34,0,0,0
2021-07-06 10:00,47,32,15,0,0,0
2021-07-06 10:15,66,27,39,0,0,0
2021-07-06 10:30,68,39,29,0,0,0
2021-07-06 10:45,85,51,34,0,0,0
2021-07-06 11:00,75,42,33,0,0,0
2021-07-06 11:15,81,53,28,0,0,0
2021-07-06 11:30,86,49,37,0,0,0
2021-07-06 11:45,100,52,48,0,0,0
2021-07-06 12:00,105,47,58,0,0,0
2021-07-06 12:15,113,53,60,0,0,0
2021-07-06 12:30,97,51,46,0,0,0
2021-07-06 12:45,130,73,57,0,0,0
2021-07-06 13:00,106,33,73,0,0,0
2021-07-06 13:15,103,37,66,0,0,0
2021-07-06 13:30,101,41,60,0,0,0
2021-07-06 13:45,124,51,73,0,0,0
2021-07-06 14:00,133,55,78,0,0,0
2021-07-06 14:15,111,53,58,0,0,0
2021-07-06 14:30,130,68,62,0,0,0
2021-07-06 14:45,160,73,87,0,0,0
2021-07-06 15:00,170,83,87,0,0,0
2021-07-06 15:15,146,60,86,0,0,0
2021-07-06 15:30,160,73,87,0,0,0
2021-07-06 15:45,186,89,97,0,0,0
2021-07-06 16:00,175,72,103,0,0,0
2021-07-06 16:15,172,73,99,0,0,0
2021-07-06 16:30,180,68,112,0,0,0
2021-07-06 16:45,183,73,110,0,0,0
2021-07-06 17:00,205,91,114,0,0,0
2021-07-06 17:15,190,80,110,0,0,0
2021-07-06 17:30,173,71,102,0,0,0
2021-07-06 17:45,188,78,110,0,0,0
2021-07-06 18:00,208,71,137,0,0,0
2021-07-06 18:15,167,77,90,0,0,0
2021-07-06 18:30,132,47,85,0,0,0
2021-07-06 18:45,150,64,86,0,0,0
2021-07-06 19:00,137,47,90,0,0,0
2021-07-06 19:15,93,41,52,0,0,0
2021-07-06 19:30,103,36,67,0,0,0
2021-07-06 19:45,112,39,73,0,0,0
2021-07-06 20:00,89,30,59,0,0,0
2021-07-06 20:15,69,30,39,0,0,0
2021-07-06 20:30,80,29,51,0,0,0
2021-07-06 20:45,78,21,57,0,0,0
2021-07-06 21:00,60,20,40,0,0,0
2021-07-06 21:15,57,14,43,0,0,0
2021-07-06 21:30,49,11,38,0,0,0
2021-07-06 21:45,50,12,38,0,0,0
2021-07-06 22:00,45,13,32,0,0,0
2021-07-06 22:15,49,11,38,0,0,0
2021-07-06 22:30,39,13,26,0,0,0
2021-07-06 22:45,29,13,16,0,0,0
2021-07-06 23:00,31,11,20,0,0,0
2021-07-06 23:15,33,4,29,0,0,0
2021-07-06 23:30,13,8,5,0,0,0
2021-07-06 23:45,52,25,27,0,0,0
2021-07-07 00:00,27,10,17,0,0,0
2021-07-07 00:15,26,12,14,0,0,0
2021-07-07 00:30,21,6,15,0,0,0
2021-07-07 00:45,14,5,9,0,0,0
2021-07-07 01:00,10,3,7,0,0,0
2021-07-07 01:15,4,2,2,0,0,0
2021-07-07 01:30,4,2,2,0,0,0
2021-07-07 01:45,5,1,4,0,0,0
2021-07-07 02:00,0,0,0,0,0,0
2021-07-07 02:15,0,0,0,0,0,0
2021-07-07 02:30,2,0,2,0,0,0
2021-07-07 02:45,5,1,4,0,0,0
2021-07-07 03:00,4,2,2,0,0,0
2021-07-07 03:15,1,0,1,0,0,0
2021-07-07 03:30,2,2,0,0,0,0
2021-07-07 03:45,0,0,0,0,0,0
2021-07-07 04:00,6,1,5,0,0,0
2021-07-07 04:15,2,2,0,0,0,0
2021-07-07 04:30,3,2,1,0,0,0
2021-07-07 04:45,10,9,1,0,0,0
2021-07-07 05:00,6,4,2,0,0,0
2021-07-07 05:15,8,4,4,0,0,0
2021-07-07 05:30,17,13,4,0,0,0
2021-07-07 05:45,24,19,5,0,0,0
2021-07-07 06:00,33,25,8,0,0,0
2021-07-07 06:15,32,22,10,0,0,0
2021-07-07 06:30,49,37,12,0,0,0
2021-07-07 06:45,69,49,20,0,0,0
2021-07-07 07:00,72,39,33,0,0,0
2021-07-07 07:15,97,65,32,0,0,0
2021-07-07 07:30,114,71,43,0,0,0
2021-07-07 07:45,148,92,56,0,0,0
2021-07-07 08:00,102,60,42,0,0,0
2021-07-07 08:15,122,78,44,0,0,0
2021-07-07 08:30,114,73,41,0,0,0
2021-07-07 08:45,155,107,48,0,0,0
2021-07-07 09:00,95,55,40,0,0,0
2021-07-07 09:15,116,77,39,0,0,0
2021-07-07 09:30,122,76,46,0,0,0
2021-07-07 09:45,126,82,44,0,0,0
2021-07-07 10:00,110,69,41,0,0,0
2021-07-07 10:15,127,83,44,0,0,0
2021-07-07 10:30,112,72,40,0,0,0
2021-07-07 10:45,146,94,52,0,0,0
2021-07-07 11:00,139,75,64,0,0,0
2021-07-07 11:15,145,78,67,0,0,0
2021-07-07 11:30,139,71,68,0,0,0
2021-07-07 11:45,152,84,68,0,0,0
2021-07-07 12:00,167,77,90,0,0,0
2021-07-07 12:15,158,80,78,0,0,0
2021-07-07 12:30,159,75,84,0,0,0
2021-07-07 12:45,162,78,84,0,0,0
2021-07-07 13:00,167,64,103,0,0,0
2021-07-07 13:15,136,64,72,0,0,0
2021-07-07 13:30,128,44,84,0,0,0
2021-07-07 13:45,144,53,91,0,0,0
2021-07-07 14:00,171,65,106,0,0,0
2021-07-07 14:15,174,80,94,0,0,0
2021-07-07 14:30,156,45,111,0,0,0
2021-07-07 14:45,156,65,91,0,0,0
2021-07-07 15:00,173,71,102,0,0,0
2021-07-07 15:15,165,62,103,0,0,0
2021-07-07 15:30,153,70,83,0,0,0
2021-07-07 15:45,133,61,72,0,0,0
2021-07-07 16:00,177,78,99,0,0,0
2021-07-07 16:15,171,70,101,0,0,0
2021-07-07 16:30,188,68,120,0,0,0
2021-07-07 16:45,198,88,110,0,0,0
2021-07-07 17:00,189,62,127,0,0,0
2021-07-07 17:15,192,99,93,0,0,0
2021-07-07 17:30,183,63,120,0,0,0
2021-07-07 17:45,169,83,86,0,0,0
2021-07-07 18:00,205,55,150,0,0,0
2021-07-07 18:15,178,67,111,0,0,0
2021-07-07 18:30,168,61,107,0,0,0
2021-07-07 18:45,156,70,86,0,0,0
2021-07-07 19:00,154,61,93,0,0,0
2021-07-07 19:15,142,55,87,0,0,0
2021-07-07 19:30,129,47,82,0,0,0
2021-07-07 19:45,116,40,76,0,0,0
2021-07-07 20:00,90,32,58,0,0,0
2021-07-07 20:15,99,50,49,0,0,0
2021-07-07 20:30,83,30,53,0,0,0
2021-07-07 20:45,74,16,58,0,0,0
2021-07-07 21:00,76,18,58,0,0,0
2021-07-07 21:15,66,16,50,0,0,0
2021-07-07 21:30,50,17,33,0,0,0
2021-07-07 21:45,55,16,39,0,0,0
2021-07-07 22:00,67,17,50,0,0,0
2021-07-07 22:15,47,9,38,0,0,0
2021-07-07 22:30,53,14,39,0,0,0
2021-07-07 22:45,35,6,29,0,0,0
2021-07-07 23:00,49,22,27,0,0,0
2021-07-07 23:15,29,8,21,0,0,0
2021-07-07 23:30,35,11,24,0,0,0
2021-07-07 23:45,50,17,33,0,0,0
2021-07-08 00:00,30,12,18,0,0,0
2021-07-08 00:15,20,9,11,0,0,0
2021-07-08 00:30,18,10,8,0,0,0
2021-07-08 00:45,13,2,11,0,0,0
2021-07-08 01:00,8,0,8,0,0,0
2021-07-08 01:15,9,1,8,0,0,0
2021-07-08 01:30,7,2,5,0,0,0
2021-07-08 01:45,10,3,7,0,0,0
2021-07-08 02:00,7,1,6,0,0,0
2021-07-08 02:15,6,0,6,0,0,0
2021-07-08 02:30,5,2,3,0,0,0
2021-07-08 02:45,4,0,4,0,0,0
2021-07-08 03:00,5,2,3,0,0,0
2021-07-08 03:15,3,1,2,0,0,0
2021-07-08 03:30,3,0,3,0,0,0
2021-07-08 03:45,0,0,0,0,0,0
2021-07-08 04:00,4,0,4,0,0,0
2021-07-08 04:15,2,2,0,0,0,0
2021-07-08 04:30,7,2,5,0,0,0
2021-07-08 04:45,1,1,0,0,0,0
2021-07-08 05:00,6,3,3,0,0,0
2021-07-08 05:15,5,3,2,0,0,0
2021-07-08 05:30,12,6,6,0,0,0
2021-07-08 05:45,9,8,1,0,0,0
2021-07-08 06:00,24,15,9,0,0,0
2021-07-08 06:15,29,22,7,0,0,0
2021-07-08 06:30,40,28,12,0,0,0
2021-07-08 06:45,63,43,20,0,0,0
2021-07-08 07:00,61,43,18,0,0,0
2021-07-08 07:15,82,58,24,0,0,0
2021-07-08 07:30,97,56,41,0,0,0
2021-07-08 07:45,145,91,54,0,0,0
2021-07-08 08:00,84,52,32,0,0,0
2021-07-08 08:15,111,68,43,0,0,0
2021-07-08 08:30,100,59,41,0,0,0
2021-07-08 08:45,129,78,51,0,0,0
2021-07-08 09:00,81,47,34,0,0,0
2021-07-08 09:15,115,77,38,0,0,0
2021-07-08 09:30,90,70,20,0,0,0
2021-07-08 09:45,111,74,37,0,0,0
2021-07-08 10:00,86,52,34,0,0,0
2021-07-08 10:15,105,57,48,0,0,0
2021-07-08 10:30,103,45,58,0,0,0
2021-07-08 10:45,116,55,61,0,0,0
2021-07-08 11:00,115,60,55,0,0,0
2021-07-08 11:15,122,46,76,0,0,0
2021-07-08 11:30,115,57,58,0,0,0
2021-07-08 11:45,125,63,62,0,0,0
2021-07-08 12:00,125,54,71,0,0,0
2021-07-08 12:15,141,80,61,0,0,0
2021-07-08 12:30,145,73,72,0,0,0
2021-07-08 12:45,140,52,88,0,0,0
2021-07-08 13:00,132,57,75,0,0,0
2021-07-08 13:15,145,71,74,0,0,0
2021-07-08 13:30,134,60,74,0,0,0
2021-07-08 13:45,159,79,80,0,0,0
2021-07-08 14:00,171,55,116,0,0,0
2021-07-08 14:15,169,78,91,0,0,0
2021-07-08 14:30,153,70,83,0,0,0
2021-07-08 14:45,183,75,108,0,0,0
2021-07-08 15:00,133,46,87,0,0,0
2021-07-08 15:15,153,61,92,0,0,0
2021-07-08 15:30,164,63,101,0,0,0
2021-07-08 15:45,177,57,120,0,0,0
2021-07-08 16:00,171,74,97,0,0,0
2021-07-08 16:15,172,70,102,0,0,0
2021-07-08 16:30,166,58,108,0,0,0
2021-07-08 16:45,174,74,100,0,0,0
2021-07-08 17:00,185,64,121,0,0,0
2021-07-08 17:15,158,63,95,0,0,0
2021-07-08 17:30,168,60,108,0,0,0
2021-07-08 17:45,129,52,77,0,0,0
2021-07-08 18:00,176,63,113,0,0,0
2021-07-08 18:15,138,59,79,0,0,0
2021-07-08 18:30,129,52,77,0,0,0
2021-07-08 18:45,143,53,90,0,0,0
2021-07-08 19:00,100,44,56,0,0,0
2021-07-08 19:15,112,32,80,0,0,0
2021-07-08 19:30,77,27,50,0,0,0
2021-07-08 19:45,76,28,48,0,0,0
2021-07-08 20:00,66,20,46,0,0,0
2021-07-08 20:15,59,25,34,0,0,0
2021-07-08 20:30,50,18,32,0,0,0
2021-07-08 20:45,45,18,27,0,0,0
2021-07-08 21:00,40,18,22,0,0,0
2021-07-08 21:15,42,10,32,0,0,0
2021-07-08 21:30,43,15,28,0,0,0
2021-07-08 21:45,44,10,34,0,0,0
2021-07-08 22:00,48,14,34,0,0,0
2021-07-08 22:15,50,11,39,0,0,0
2021-07-08 22:30,46,18,28,0,0,0
2021-07-08 22:45,42,11,31,0,0,0
2021-07-08 23:00,32,9,23,0,0,0
2021-07-08 23:15,36,17,19,0,0,0
2021-07-08 23:30,21,5,16,0,0,0
2021-07-08 23:45,22,4,18,0,0,0
2021-07-09 00:00,7,1,6,0,0,0
2021-07-09 00:15,14,3,11,0,0,0
2021-07-09 00:30,11,2,9,0,0,0
2021-07-09 00:45,12,4,8,0,0,0
2021-07-09 01:00,16,8,8,0,0,0
2021-07-09 01:15,16,9,7,0,0,0
2021-07-09 01:30,0,0,0,0,0,0
2021-07-09 01:45,1,1,0,0,0,0
2021-07-09 02:00,2,1,1,0,0,0
2021-07-09 02:15,3,0,3,0,0,0
2021-07-09 02:30,2,0,2,0,0,0
2021-07-09 02:45,4,2,2,0,0,0
2021-07-09 03:00,3,1,2,0,0,0
2021-07-09 03:15,2,0,2,0,0,0
2021-07-09 03:30,0,0,0,0,0,0
2021-07-09 03:45,0,0,0,0,0,0
2021-07-09 04:00,0,0,0,0,0,0
2021-07-09 04:15,4,1,3,0,0,0
2021-07-09 04:30,3,1,2,0,0,0
2021-07-09 04:45,6,5,1,0,0,0
2021-07-09 05:00,4,3,1,0,0,0
2021-07-09 05:15,10,6,4,0,0,0
2021-07-09 05:30,13,7,6,0,0,0
2021-07-09 05:45,18,12,6,0,0,0
2021-07-09 06:00,22,16,6,0,0,0
2021-07-09 06:15,30,21,9,0,0,0
2021-07-09 06:30,42,30,12,0,0,0
2021-07-09 06:45,49,27,22,0,0,0
2021-07-09 07:00,72,50,22,0,0,0
2021-07-09 07:15,80,56,24,0,0,0
2021-07-09 07:30,90,52,38,0,0,0
2021-07-09 07:45,127,82,45,0,0,0
2021-07-09 08:00,88,56,32,0,0,0
2021-07-09 08:15,103,62,41,0,0,0
2021-07-09 08:30,105,68,37,0,0,0
2021-07-09 08:45,120,84,36,0,0,0
2021-07-09 09:00,87,49,38,0,0,0
2021-07-09 09:15,103,66,37,0,0,0
2021-07-09 09:30,93,55,38,0,0,0
2021-07-09 09:45,107,75,32,0,0,0
2021-07-09 10:00,98,51,47,0,0,0
2021-07-09 10:15,92,65,27,0,0,0
2021-07-09 10:30,87,52,35,0,0,0
2021-07-09 10:45,128,77,51,0,0,0
2021-07-09 11:00,138,67,71,0,0,0
2021-07-09 11:15,123,62,61,0,0,0
2021-07-09 11:30,129,62,67,0,0,0
2021-07-09 11:45,148,78,70,0,0,0
2021-07-09 12:00,125,45,80,0,0,0
2021-07-09 12:15,124,52,72,0,0,0
2021-07-09 12:30,122,51,71,0,0,0
2021-07-09 12:45,164,83,81,0,0,0
2021-07-09 13:00,137,49,88,0,0,0
2021-07-09 13:15,142,59,83,0,0,0
2021-07-09 13:30,151,77,74,0,0,0
2021-07-09 13:45,174,84,90,0,0,0
2021-07-09 14:00,173,64,109,0,0,0
2021-07-09 14:15,187,88,99,0,0,0
2021-07-09 14:30,173,65,108,0,0,0
2021-07-09 14:45,175,72,103,0,0,0
2021-07-09 15:00,175,79,96,0,0,0
2021-07-09 15:15,139,57,82,0,0,0
2021-07-09 15:30,158,65,93,0,0,0
2021-07-09 15:45,169,75,94,0,0,0
2021-07-09 16:00,172,70,102,0,0,0
2021-07-09 16:15,182,75,107,0,0,0
2021-07-09 16:30,158,64,94,0,0,0
2021-07-09 16:45,180,77,103,0,0,0
2021-07-09 17:00,162,83,79,0,0,0
2021-07-09 17:15,151,62,89,0,0,0
2021-07-09 17:30,154,66,88,0,0,0
2021-07-09 17:45,164,85,79,0,0,0
2021-07-09 18:00,149,62,87,0,0,0
2021-07-09 18:15,145,57,88,0,0,0
2021-07-09 18:30,145,69,76,0,0,0
2021-07-09 18:45,169,88,81,0,0,0
2021-07-09 19:00,136,62,74,0,0,0
2021-07-09 19:15,113,43,70,0,0,0
2021-07-09 19:30,118,53,65,0,0,0
2021-07-09 19:45,103,43,60,0,0,0
2021-07-09 20:00,107,41,66,0,0,0
2021-07-09 20:15,95,48,47,0,0,0
2021-07-09 20:30,83,29,54,0,0,0
2021-07-09 20:45,86,39,47,0,0,0
2021-07-09 21:00,72,33,39,0,0,0
2021-07-09 21:15,59,22,37,0,0,0
2021-07-09 21:30,56,22,34,0,0,0
2021-07-09 21:45,87,36,51,0,0,0
2021-07-09 22:00,51,18,33,0,0,0
2021-07-09 22:15,56,23,33,0,0,0
2021-07-09 22:30,56,20,36,0,0,0
2021-07-09 22:45,31,12,19,0,0,0
2021-07-09 23:00,47,15,32,0,0,0
2021-07-09 23:15,57,8,49,0,0,0
2021-07-09 23:30,59,30,29,0,0,0
2021-07-09 23:45,48,9,39,0,0,0
2021-07-10 00:00,64,15,49,0,0,0
2021-07-10 00:15,41,10,31,0,0,0
2021-07-10 00:30,37,9,28,0,0,0
2021-07-10 00:45,15,6,9,0,0,0
2021-07-10 01:00,35,8,27,0,0,0
2021-07-10 01:15,23,8,15,0,0,0
2021-07-10 01:30,28,12,16,0,0,0
2021-07-10 01:45,32,19,13,0,0,0
2021-07-10 02:00,16,8,8,0,0,0
2021-07-10 02:15,16,4,12,0,0,0
2021-07-10 02:30,6,0,6,0,0,0
2021-07-10 02:45,15,5,10,0,0,0
2021-07-10 03:00,10,3,7,0,0,0
2021-07-10 03:15,13,1,12,0,0,0
2021-07-10 03:30,12,2,10,0,0,0
2021-07-10 03:45,8,1,7,0,0,0
2021-07-10 04:00,14,3,11,0,0,0
2021-07-10 04:15,7,1,6,0,0,0
2021-07-10 04:30,4,1,3,0,0,0
2021-07-10 04:45,10,4,6,0,0,0
2021-07-10 05:00,3,1,2,0,0,0
2021-07-10 05:15,6,3,3,0,0,0
2021-07-10 05:30,8,5,3,0,0,0
2021-07-10 05:45,7,3,4,0,0,0
2021-07-10 06:00,11,7,4,0,0,0
2021-07-10 06:15,13,7,6,0,0,0
2021-07-10 06:30,8,8,0,0,0,0
2021-07-10 06:45,10,3,7,0,0,0
2021-07-10 07:00,8,7,1,0,0,0
2021-07-10 07:15,12,5,7,0,0,0
2021-07-10 07:30,21,11,10,0,0,0
2021-07-10 07:45,28,15,13,0,0,0
2021-07-10 08:00,30,23,7,0,0,0
2021-07-10 08:15,46,30,16,0,0,0
2021-07-10 08:30,59,31,28,0,0,0
2021-07-10 08:45,58,40,18,0,0,0
2021-07-10 09:00,58,35,23,0,0,0
2021-07-10 09:15,84,57,27,0,0,0
2021-07-10 09:30,84,66,18,0,0,0
2021-07-10 09:45,124,96,28,0,0,0
2021-07-10 10:00,90,64,26,0,0,0
2021-07-10 10:15,141,92,49,0,0,0
2021-07-10 10:30,112,66,46,0,0,0
2021-07-10 10:45,155,98,57,0,0,0
2021-07-10 11:00,153,74,79,0,0,0
2021-07-10 11:15,130,73,57,0,0,0
2021-07-10 11:30,176,101,75,0,0,0
2021-07-10 11:45,178,95,83,0,0,0
2021-07-10 12:00,160,94,66,0,0,0
2021-07-10 12:15,158,77,81,0,0,0
2021-07-10 12:30,169,83,86,0,0,0
2021-07-10 12:45,147,87,60,0,0,0
2021-07-10 13:00,161,74,87,0,0,0
2021-07-10 13:15,153,71,82,0,0,0
2021-07-10 13:30,185,85,100,0,0,0
2021-07-10 13:45,172,73,99,0,0,0
2021-07-10 14:00,161,67,94,0,0,0
2021-07-10 14:15,118,38,80,0,0,0
2021-07-10 14:30,172,68,104,0,0,0
2021-07-10 14:45,141,59,82,0,0,0
2021-07-10 15:00,141,57,84,0,0,0
2021-07-10 15:15,150,70,80,0,0,0
2021-07-10 15:30,142,49,93,0,0,0
2021-07-10 15:45,130,71,59,0,0,0
2021-07-10 16:00,133,47,86,0,0,0
2021-07-10 16:15,123,45,78,0,0,0
2021-07-10 16:30,116,48,68,0,0,0
2021-07-10 16:45,142,62,80,0,0,0
2021-07-10 17:00,135,55,80,0,0,0
2021-07-10 17:15,105,32,73,0,0,0
2021-07-10 17:30,125,65,60,0,0,0
2021-07-10 17:45,129,65,64,0,0,0
2021-07-10 18:00,156,60,96,0,0,0
2021-07-10 18:15,134,50,84,0,0,0
2021-07-10 18:30,106,35,71,0,0,0
2021-07-10 18:45,131,67,64,0,0,0
2021-07-10 19:00,119,43,76,0,0,0
2021-07-10 19:15,100,40,60,0,0,0
2021-07-10 19:30,87,37,50,0,0,0
2021-07-10 19:45,96,37,59,0,0,0
2021-07-10 20:00,105,36,69,0,0,0
2021-07-10 20:15,91,38,53,0,0,0
2021-07-10 20:30,54,21,33,0,0,0
2021-07-10 20:45,71,23,48,0,0,0
2021-07-10 21:00,64,24,40,0,0,0
2021-07-10 21:15,46,25,21,0,0,0
2021-07-10 21:30,46,18,28,0,0,0
2021-07-10 21:45,52,26,26,0,0,0
2021-07-10 22:00,59,19,40,0,0,0
2021-07-10 22:15,47,16,31,0,0,0
2021-07-10 22:30,57,23,34,0,0,0
2021-07-10 22:45,63,19,44,0,0,0
2021-07-10 23:00,54,20,34,0,0,0
2021-07-10 23:15,36,16,20,0,0,0
2021-07-10 23:30,51,20,31,0,0,0
2021-07-10 23:45,38,14,24,0,0,0
2021-07-11 00:00,35,17,18,0,0,0
2021-07-11 00:15,26,5,21,0,0,0
2021-07-11 00:30,53,19,34,0,0,0
2021-07-11 00:45,23,8,15,0,0,0
2021-07-11 01:00,28,15,13,0,0,0
2021-07-11 01:15,23,10,13,0,0,0
2021-07-11 01:30,31,19,12,0,0,0
2021-07-11 01:45,22,5,17,0,0,0
2021-07-11 02:00,26,6,20,0,0,0
2021-07-11 02:15,17,4,13,0,0,0
2021-07-11 02:30,21,7,14,0,0,0
2021-07-11 02:45,12,6,6,0,0,0
2021-07-11 03:00,17,5,12,0,0,0
2021-07-11 03:15,19,7,12,0,0,0
2021-07-11 03:30,9,3,6,0,0,0
2021-07-11 03:45,10,1,9,0,0,0
2021-07-11 04:00,9,3,6,0,0,0
2021-07-11 04:15,3,1,2,0,0,0
2021-07-11 04:30,1,0,1,0,0,0
2021-07-11 04:45,3,0,3,0,0,0
2021-07-11 05:00,2,1,1,0,0,0
2021-07-11 05:15,5,2,3,0,0,0
2021-07-11 05:30,5,2,3,0,0,0
2021-07-11 05:45,4,2,2,0,0,0
2021-07-11 06:00,5,2,3,0,0,0
2021-07-11 06:15,2,1,1,0,0,0
2021-07-11 06:30,1,1,0,0,0,0
2021-07-11 06:45,3,2,1,0,0,0
2021-07-11 07:00,4,2,2,0,0,0
2021-07-11 07:15,1,1,0,0,0,0
2021-07-11 07:30,7,4,3,0,0,0
2021-07-11 07:45,7,2,5,0,0,0
2021-07-11 08:00,11,10,1,0,0,0
2021-07-11 08:15,8,4,4,0,0,0
2021-07-11 08:30,16,11,5,0,0,0
2021-07-11 08:45,19,13,6,0,0,0
2021-07-11 09:00,17,7,10,0,0,0
2021-07-11 09:15,14,6,8,0,0,0
2021-07-11 09:30,14,8,6,0,0,0
2021-07-11 09:45,31,16,15,0,0,0
2021-07-11 10:00,24,15,9,0,0,0
2021-07-11 10:15,27,16,11,0,0,0
2021-07-11 10:30,28,10,18,0,0,0
2021-07-11 10:45,31,19,12,0,0,0
2021-07-11 11:00,25,16,9,0,0,0
2021-07-11 11:15,34,21,13,0,0,0
2021-07-11 11:30,38,20,18,0,0,0
2021-07-11 11:45,58,29,29,0,0,0
2021-07-11 12:00,57,37,20,0,0,0
2021-07-11 12:15,49,28,21,0,0,0
2021-07-11 12:30,37,25,12,0,0,0
2021-07-11 12:45,67,25,42,0,0,0
2021-07-11 13:00,56,29,27,0,0,0
2021-07-11 13:15,63,32,31,0,0,0
2021-07-11 13:30,36,21,15,0,0,0
2021-07-11 13:45,71,29,42,0,0,0
2021-07-11 14:00,60,27,33,0,0,0
2021-07-11 14:15,55,23,32,0,0,0
2021-07-11 14:30,73,35,38,0,0,0
2021-07-11 14:45,76,37,39,0,0,0
2021-07-11 15:00,73,34,39,0,0,0
2021-07-11 15:15,54,24,30,0,0,0
2021-07-11 15:30,46,20,26,0,0,0
2021-07-11 15:45,84,38,46,0,0,0
2021-07-11 16:00,75,30,45,0,0,0
2021-07-11 16:15,79,35,44,0,0,0
2021-07-11 16:30,63,32,31,0,0,0
2021-07-11 16:45,102,55,47,0,0,0
2021-07-11 17:00,92,44,48,0,0,0
2021-07-11 17:15,102,44,58,0,0,0
2021-07-11 17:30,82,30,52,0,0,0
2021-07-11 17:45,124,42,82,0,0,0
2021-07-11 18:00,92,25,67,0,0,0
2021-07-11 18:15,64,30,34,0,0,0
2021-07-11 18:30,60,32,28,0,0,0
2021-07-11 18:45,88,38,50,0,0,0
2021-07-11 19:00,81,29,52,0,0,0
2021-07-11 19:15,84,45,39,0,0,0
2021-07-11 19:30,69,33,36,0,0,0
2021-07-11 19:45,86,38,48,0,0,0
2021-07-11 20:00,68,35,33,0,0,0
2021-07-11 20:15,70,22,48,0,0,0
2021-07-11 20:30,80,30,50,0,0,0
2021-07-11 20:45,73,17,56,0,0,0
2021-07-11 21:00,43,14,29,0,0,0
2021-07-11 21:15,21,5,16,0,0,0
2021-07-11 21:30,28,8,20,0,0,0
2021-07-11 21:45,25,9,16,0,0,0
2021-07-11 22:00,26,11,15,0,0,0
2021-07-11 22:15,19,7,12,0,0,0
2021-07-11 22:30,16,5,11,0,0,0
2021-07-11 22:45,13,3,10,0,0,0
2021-07-11 23:00,18,9,9,0,0,0
2021-07-11 23:15,18,5,13,0,0,0
2021-07-11 23:30,11,2,9,0,0,0
2021-07-11 23:45,4,2,2,0,0,0
2021-07-12 00:00,63,31,32,0,0,0
2021-07-12 00:15,47,18,29,0,0,0
2021-07-12 00:30,30,5,25,0,0,0
2021-07-12 00:45,18,5,13,0,0,0
2021-07-12 01:00,13,3,10,0,0,0
2021-07-12 01:15,5,2,3,0,0,0
2021-07-12 01:30,4,3,1,0,0,0
2021-07-12 01:45,8,1,7,0,0,0
2021-07-12 02:00,0,0,0,0,0,0
2021-07-12 02:15,1,1,0,0,0,0
2021-07-12 02:30,3,1,2,0,0,0
2021-07-12 02:45,2,1,1,0,0,0
2021-07-12 03:00,1,0,1,0,0,0
2021-07-12 03:15,3,0,3,0,0,0
2021-07-12 03:30,0,0,0,0,0,0
2021-07-12 03:45,2,2,0,0,0,0
2021-07-12 04:00,0,0,0,0,0,0
2021-07-12 04:15,1,1,0,0,0,0
2021-07-12 04:30,2,1,1,0,0,0
2021-07-12 04:45,3,3,0,0,0,0
2021-07-12 05:00,2,2,0,0,0,0
2021-07-12 05:15,9,7,2,0,0,0
2021-07-12 05:30,21,13,8,0,0,0
2021-07-12 05:45,20,14,6,0,0,0
2021-07-12 06:00,18,14,4,0,0,0
2021-07-12 06:15,37,26,11,0,0,0
2021-07-12 06:30,42,31,11,0,0,0
2021-07-12 06:45,54,37,17,0,0,0
2021-07-12 07:00,68,47,21,0,0,0
2021-07-12 07:15,82,57,25,0,0,0
2021-07-12 07:30,117,71,46,0,0,0
2021-07-12 07:45,125,85,40,0,0,0
2021-07-12 08:00,102,64,38,0,0,0
2021-07-12 08:15,127,80,47,0,0,0
2021-07-12 08:30,110,68,42,0,0,0
2021-07-12 08:45,128,82,46,0,0,0
2021-07-12 09:00,97,59,38,0,0,0
2021-07-12 09:15,86,56,30,0,0,0
2021-07-12 09:30,87,60,27,0,0,0
2021-07-12 09:45,132,76,56,0,0,0
2021-07-12 10:00,107,63,44,0,0,0
2021-07-12 10:15,111,58,53,0,0,0
2021-07-12 10:30,95,56,39,0,0,0
2021-07-12 10:45,116,57,59,0,0,0
2021-07-12 11:00,130,75,55,0,0,0
2021-07-12 11:15,130,72,58,0,0,0
2021-07-12 11:30,125,56,69,0,0,0
2021-07-12 11:45,150,74,76,0,0,0
2021-07-12 12:00,149,64,85,0,0,0
2021-07-12 12:15,148,58,90,0,0,0
2021-07-12 12:30,116,53,63,0,0,0
2021-07-12 12:45,124,55,69,0,0,0
2021-07-12 13:00,126,47,79,0,0,0
2021-07-12 13:15,136,54,82,0,0,0
2021-07-12 13:30,146,59,87,0,0,0
2021-07-12 13:45,139,56,83,0,0,0
2021-07-12 14:00,149,69,80,0,0,0
2021-07-12 14:15,140,58,82,0,0,0
2021-07-12 14:30,134,59,75,0,0,0
2021-07-12 14:45,155,69,86,0,0,0
2021-07-12 15:00,148,58,90,0,0,0
2021-07-12 15:15,153,69,84,0,0,0
2021-07-12 15:30,158,73,85,0,0,0
2021-07-12 15:45,173,79,94,0,0,0
2021-07-12 16:00,193,77,116,0,0,0
2021-07-12 16:15,210,82,128,0,0,0
2021-07-12 16:30,172,61,111,0,0,0
2021-07-12 16:45,185,82,103,0,0,0
2021-07-12 17:00,209,77,132,0,0,0
2021-07-12 17:15,235,94,141,0,0,0
2021-07-12 17:30,207,77,130,0,0,0
2021-07-12 17:45,196,78,118,0,0,0
2021-07-12 18:00,145,51,94,0,0,0
2021-07-12 18:15,145,58,87,0,0,0
2021-07-12 18:30,143,49,94,0,0,0
2021-07-12 18:45,164,62,102,0,0,0
2021-07-12 19:00,103,29,74,0,0,0
2021-07-12 19:15,106,33,73,0,0,0
2021-07-12 19:30,86,33,53,0,0,0
2021-07-12 19:45,100,38,62,0,0,0
2021-07-12 20:00,75,20,55,0,0,0
2021-07-12 20:15,64,29,35,0,0,0
2021-07-12 20:30,48,23,25,0,0,0
2021-07-12 20:45,51,14,37,0,0,0
2021-07-12 21:00,39,19,20,0,0,0
2021-07-12 21:15,56,22,34,0,0,0
2021-07-12 21:30,39,11,28,0,0,0
2021-07-12 21:45,44,10,34,0,0,0
2021-07-12 22:00,35,10,25,0,0,0
2021-07-12 22:15,50,9,41,0,0,0
2021-07-12 22:30,35,13,22,0,0,0
2021-07-12 22:45,25,9,16,0,0,0
2021-07-12 23:00,24,10,14,0,0,0
2021-07-12 23:15,32,10,22,0,0,0
2021-07-12 23:30,17,3,14,0,0,0
2021-07-12 23:45,18,5,13,0,0,0
2021-07-13 00:00,6,0,6,0,0,0
2021-07-13 00:15,8,3,5,0,0,0
2021-07-13 00:30,13,1,12,0,0,0
2021-07-13 00:45,6,3,3,0,0,0
2021-07-13 01:00,12,0,12,0,0,0
2021-07-13 01:15,4,0,4,0,0,0
2021-07-13 01:30,9,5,4,0,0,0
2021-07-13 01:45,2,0,2,0,0,0
2021-07-13 02:00,2,1,1,0,0,0
2021-07-13 02:15,3,0,3,0,0,0
2021-07-13 02:30,1,0,1,0,0,0
2021-07-13 02:45,2,1,1,0,0,0
2021-07-13 03:00,0,0,0,0,0,0
2021-07-13 03:15,2,1,1,0,0,0
2021-07-13 03:30,0,0,0,0,0,0
2021-07-13 03:45,0,0,0,0,0,0
2021-07-13 04:00,1,0,1,0,0,0
2021-07-13 04:15,1,1,0,0,0,0
2021-07-13 04:30,1,1,0,0,0,0
2021-07-13 04:45,2,1,1,0,0,0
2021-07-13 05:00,4,4,0,0,0,0
2021-07-13 05:15,6,4,2,0,0,0
2021-07-13 05:30,20,12,8,0,0,0
2021-07-13 05:45,15,13,2,0,0,0
2021-07-13 06:00,23,15,8,0,0,0
2021-07-13 06:15,36,31,5,0,0,0
2021-07-13 06:30,35,18,17,0,0,0
2021-07-13 06:45,63,43,20,0,0,0
2021-07-13 07:00,55,35,20,0,0,0
2021-07-13 07:15,67,39,28,0,0,0
2021-07-13 07:30,80,51,29,0,0,0
2021-07-13 07:45,124,86,38,0,0,0
2021-07-13 08:00,91,59,32,0,0,0
2021-07-13 08:15,96,62,34,0,0,0
2021-07-13 08:30,89,54,35,0,0,0
2021-07-13 08:45,91,59,32,0,0,0
2021-07-13 09:00,51,38,13,0,0,0
2021-07-13 09:15,68,48,20,0,0,0
2021-07-13 09:30,63,41,22,0,0,0
2021-07-13 09:45,66,39,27,0,0,0
2021-07-13 10:00,52,31,21,0,0,0
2021-07-13 10:15,44,24,20,0,0,0
2021-07-13 10:30,55,28,27,0,0,0
2021-07-13 10:45,88,54,34,0,0,0
2021-07-13 11:00,79,40,39,0,0,0
2021-07-13 11:15,68,37,31,0,0,0
2021-07-13 11:30,68,32,36,0,0,0
2021-07-13 11:45,94,46,48,0,0,0
2021-07-13 12:00,99,55,44,0,0,0
2021-07-13 12:15,99,40,59,0,0,0
2021-07-13 12:30,99,48,51,0,0,0
2021-07-13 12:45,109,48,61,0,0,0
2021-07-13 13:00,97,48,49,0,0,0
2021-07-13 13:15,97,45,52,0,0,0
2021-07-13 13:30,111,44,67,0,0,0
2021-07-13 13:45,89,30,59,0,0,0
2021-07-13 14:00,123,62,61,0,0,0
2021-07-13 14:15,126,56,70,0,0,0
2021-07-13 14:30,103,47,56,0,0,0
2021-07-13 14:45,131,49,82,0,0,0
2021-07-13 15:00,134,61,73,0,0,0
2021-07-13 15:15,126,76,50,0,0,0
2021-07-13 15:30,131,48,83,0,0,0
2021-07-13 15:45,147,57,90,0,0,0
2021-07-13 16:00,130,53,77,0,0,0
2021-07-13 16:15,157,68,89,0,0,0
2021-07-13 16:30,152,65,87,0,0,0
2021-07-13 16:45,176,79,97,0,0,0
2021-07-13 17:00,155,71,84,0,0,0
2021-07-13 17:15,155,64,91,0,0,0
2021-07-13 17:30,146,67,79,0,0,0
2021-07-13 17:45,170,67,103,0,0,0
2021-07-13 18:00,170,71,99,0,0,0
2021-07-13 18:15,153,67,86,0,0,0
2021-07-13 18:30,122,52,70,0,0,0
2021-07-13 18:45,119,44,75,0,0,0
2021-07-13 19:00,126,51,75,0,0,0
2021-07-13 19:15,116,48,68,0,0,0
2021-07-13 19:30,87,41,46,0,0,0
2021-07-13 19:45,72,35,37,0,0,0
2021-07-13 20:00,85,28,57,0,0,0
2021-07-13 20:15,57,18,39,0,0,0
2021-07-13 20:30,50,15,35,0,0,0
2021-07-13 20:45,45,13,32,0,0,0
2021-07-13 21:00,57,27,30,0,0,0
2021-07-13 21:15,38,12,26,0,0,0
2021-07-13 21:30,45,15,30,0,0,0
2021-07-13 21:45,47,13,34,0,0,0
2021-07-13 22:00,53,15,38,0,0,0
2021-07-13 22:15,28,10,18,0,0,0
2021-07-13 22:30,43,18,25,0,0,0
2021-07-13 22:45,41,10,31,0,0,0
2021-07-13 23:00,31,15,16,0,0,0
2021-07-13 23:15,20,9,11,0,0,0
2021-07-13 23:30,18,5,13,0,0,0
2021-07-13 23:45,12,2,10,0,0,0
2021-07-14 00:00,8,1,7,0,0,0
2021-07-14 00:15,18,4,14,0,0,0
2021-07-14 00:30,7,0,7,0,0,0
2021-07-14 00:45,11,3,8,0,0,0
2021-07-14 01:00,3,2,1,0,0,0
2021-07-14 01:15,8,2,6,0,0,0
2021-07-14 01:30,3,0,3,0,0,0
2021-07-14 01:45,2,1,1,0,0,0
2021-07-14 02:00,3,0,3,0,0,0
2021-07-14 02:15,2,1,1,0,0,0
2021-07-14 02:30,0,0,0,0,0,0
2021-07-14 02:45,0,0,0,0,0,0
2021-07-14 03:00,0,0,0,0,0,0
2021-07-14 03:15,2,1,1,0,0,0
2021-07-14 03:30,1,0,1,0,0,0
2021-07-14 03:45,2,0,2,0,0,0
2021-07-14 04:00,1,1,0,0,0,0
2021-07-14 04:15,0,0,0,0,0,0
2021-07-14 04:30,5,3,2,0,0,0
2021-07-14 04:45,2,2,0,0,0,0
2021-07-14 05:00,2,2,0,0,0,0
2021-07-14 05:15,7,5,2,0,0,0
2021-07-14 05:30,8,4,4,0,0,0
2021-07-14 05:45,18,11,7,0,0,0
2021-07-14 06:00,18,13,5,0,0,0
2021-07-14 06:15,26,20,6,0,0,0
2021-07-14 06:30,24,16,8,0,0,0
2021-07-14 06:45,40,34,6,0,0,0
2021-07-14 07:00,49,30,19,0,0,0
2021-07-14 07:15,62,45,17,0,0,0
2021-07-14 07:30,75,43,32,0,0,0
2021-07-14 07:45,89,63,26,0,0,0
2021-07-14 08:00,80,55,25,0,0,0
2021-07-14 08:15,104,60,44,0,0,0
2021-07-14 08:30,93,66,27,0,0,0
2021-07-14 08:45,99,72,27,0,0,0
2021-07-14 09:00,72,51,21,0,0,0
2021-07-14 09:15,83,55,28,0,0,0
2021-07-14 09:30,61,45,16,0,0,0
2021-07-14 09:45,83,49,34,0,0,0
2021-07-14 10:00,63,29,34,0,0,0
2021-07-14 10:15,57,32,25,0,0,0
2021-07-14 10:30,54,30,24,0,0,0
2021-07-14 10:45,67,39,28,0,0,0
2021-07-14 11:00,63,33,30,0,0,0
2021-07-14 11:15,65,27,38,0,0,0
2021-07-14 11:30,71,34,37,0,0,0
2021-07-14 11:45,87,45,42,0,0,0
2021-07-14 12:00,108,52,56,0,0,0
2021-07-14 12:15,100,41,59,0,0,0
2021-07-14 12:30,99,40,59,0,0,0
2021-07-14 12:45,100,52,48,0,0,0
2021-07-14 13:00,101,50,51,0,0,0
2021-07-14 13:15,117,55,62,0,0,0
2021-07-14 13:30,106,45,61,0,0,0
2021-07-14 13:45,112,50,62,0,0,0
2021-07-14 14:00,97,43,54,0,0,0
2021-07-14 14:15,95,41,54,0,0,0
2021-07-14 14:30,97,39,58,0,0,0
2021-07-14 14:45,99,42,57,0,0,0
2021-07-14 15:00,101,36,65,0,0,0
2021-07-14 15:15,96,37,59,0,0,0
2021-07-14 15:30,81,33,48,0,0,0
2021-07-14 15:45,67,19,48,0,0,0
2021-07-14 16:00,50,9,41,0,0,0
2021-07-14 16:15,51,8,43,0,0,0
2021-07-14 16:30,49,15,34,0,0,0
2021-07-14 16:45,89,25,64,0,0,0
2021-07-14 17:00,113,42,71,0,0,0
2021-07-14 17:15,106,37,69,0,0,0
2021-07-14 17:30,86,33,53,0,0,0
2021-07-14 17:45,118,37,81,0,0,0
2021-07-14 18:00,60,14,46,0,0,0
2021-07-14 18:15,48,16,32,0,0,0
2021-07-14 18:30,53,11,42,0,0,0
2021-07-14 18:45,59,16,43,0,0,0
2021-07-14 19:00,51,17,34,0,0,0
2021-07-14 19:15,57,21,36,0,0,0
2021-07-14 19:30,42,18,24,0,0,0
2021-07-14 19:45,60,37,23,0,0,0
2021-07-14 20:00,53,24,29,0,0,0
2021-07-14 20:15,30,13,17,0,0,0
2021-07-14 20:30,49,19,30,0,0,0
2021-07-14 20:45,39,18,21,0,0,0
2021-07-14 21:00,29,10,19,0,0,0
2021-07-14 21:15,38,21,17,0,0,0
2021-07-14 21:30,29,13,16,0,0,0
2021-07-14 21:45,19,7,12,0,0,0
2021-07-14 22:00,30,13,17,0,0,0
2021-07-14 22:15,14,6,8,0,0,0
2021-07-14 22:30,22,8,14,0,0,0
2021-07-14 22:45,26,6,20,0,0,0
2021-07-14 23:00,34,19,15,0,0,0
2021-07-14 23:15,26,8,18,0,0,0
2021-07-14 23:30,11,3,8,0,0,0
2021-07-14 23:45,22,3,19,0,0,0
2021-07-15 00:00,11,3,8,0,0,0
2021-07-15 00:15,11,0,11,0,0,0
2021-07-15 00:30,7,3,4,0,0,0
2021-07-15 00:45,13,8,5,0,0,0
2021-07-15 01:00,8,5,3,0,0,0
2021-07-15 01:15,5,3,2,0,0,0
2021-07-15 01:30,7,4,3,0,0,0
2021-07-15 01:45,3,1,2,0,0,0
2021-07-15 02:00,6,0,6,0,0,0
2021-07-15 02:15,7,1,6,0,0,0
2021-07-15 02:30,7,3,4,0,0,0
2021-07-15 02:45,4,0,4,0,0,0
2021-07-15 03:00,6,0,6,0,0,0
2021-07-15 03:15,7,1,6,0,0,0
2021-07-15 03:30,2,0,2,0,0,0
2021-07-15 03:45,2,0,2,0,0,0
2021-07-15 04:00,1,0,1,0,0,0
2021-07-15 04:15,3,3,0,0,0,0
2021-07-15 04:30,0,0,0,0,0,0
2021-07-15 04:45,7,3,4,0,0,0
2021-07-15 05:00,5,3,2,0,0,0
2021-07-15 05:15,6,4,2,0,0,0
2021-07-15 05:30,13,10,3,0,0,0
2021-07-15 05:45,19,16,3,0,0,0
2021-07-15 06:00,17,12,5,0,0,0
2021-07-15 06:15,38,29,9,0,0,0
2021-07-15 06:30,31,21,10,0,0,0
2021-07-15 06:45,60,45,15,0,0,0
2021-07-15 07:00,56,37,19,0,0,0
2021-07-15 07:15,76,50,26,0,0,0
2021-07-15 07:30,65,40,25,0,0,0
2021-07-15 07:45,118,77,41,0,0,0
2021-07-15 08:00,102,65,37,0,0,0
2021-07-15 08:15,106,67,39,0,0,0
2021-07-15 08:30,98,59,39,0,0,0
2021-07-15 08:45,105,71,34,0,0,0
2021-07-15 09:00,71,46,25,0,0,0
2021-07-15 09:15,86,54,32,0,0,0
2021-07-15 09:30,89,63,26,0,0,0
2021-07-15 09:45,112,75,37,0,0,0
2021-07-15 10:00,83,56,27,0,0,0
2021-07-15 10:15,90,59,31,0,0,0
2021-07-15 10:30,96,53,43,0,0,0
2021-07-15 10:45,101,54,47,0,0,0
2021-07-15 11:00,95,48,47,0,0,0
2021-07-15 11:15,112,49,63,0,0,0
2021-07-15 11:30,115,58,57,0,0,0
2021-07-15 11:45,135,75,60,0,0,0
2021-07-15 12:00,113,53,60,0,0,0
2021-07-15 12:15,122,49,73,0,0,0
2021-07-15 12:30,129,69,60,0,0,0
2021-07-15 12:45,115,50,65,0,0,0
2021-07-15 13:00,144,61,83,0,0,0
2021-07-15 13:15,116,53,63,0,0,0
2021-07-15 13:30,109,56,53,0,0,0
2021-07-15 13:45,152,76,76,0,0,0
2021-07-15 14:00,122,52,70,0,0,0
2021-07-15 14:15,123,58,65,0,0,0
2021-07-15 14:30,132,51,81,0,0,0
2021-07-15 14:45,151,67,84,0,0,0
2021-07-15 15:00,156,65,91,0,0,0
2021-07-15 15:15,142,48,94,0,0,0
2021-07-15 15:30,168,73,95,0,0,0
2021-07-15 15:45,176,79,97,0,0,0
2021-07-15 16:00,162,61,101,0,0,0
2021-07-15 16:15,191,84,107,0,0,0
2021-07-15 16:30,166,65,101,0,0,0
2021-07-15 16:45,169,60,109,0,0,0
2021-07-15 17:00,178,72,106,0,0,0
2021-07-15 17:15,188,67,121,0,0,0
2021-07-15 17:30,186,70,116,0,0,0
2021-07-15 17:45,171,75,96,0,0,0
2021-07-15 18:00,188,53,135,0,0,0
2021-07-15 18:15,160,63,97,0,0,0
2021-07-15 18:30,139,54,85,0,0,0
2021-07-15 18:45,150,68,82,0,0,0
2021-07-15 19:00,110,42,68,0,0,0
2021-07-15 19:15,108,40,68,0,0,0
2021-07-15 19:30,99,26,73,0,0,0
2021-07-15 19:45,106,43,63,0,0,0
2021-07-15 20:00,89,33,56,0,0,0
2021-07-15 20:15,59,18,41,0,0,0
2021-07-15 20:30,62,27,35,0,0,0
2021-07-15 20:45,38,19,19,0,0,0
2021-07-15 21:00,58,23,35,0,0,0
2021-07-15 21:15,48,11,37,0,0,0
2021-07-15 21:30,49,21,28,0,0,0
2021-07-15 21:45,49,15,34,0,0,0
2021-07-15 22:00,41,11,30,0,0,0
2021-07-15 22:15,46,11,35,0,0,0
2021-07-15 22:30,47,19,28,0,0,0
2021-07-15 22:45,24,10,14,0,0,0
2021-07-15 23:00,44,14,30,0,0,0
2021-07-15 23:15,36,12,24,0,0,0
2021-07-15 23:30,16,5,11,0,0,0
2021-07-15 23:45,25,8,17,0,0,0
2021-07-16 00:00,20,6,14,0,0,0
2021-07-16 00:15,11,3,8,0,0,0
2021-07-16 00:30,6,0,6,0,0,0
2021-07-16 00:45,5,2,3,0,0,0
2021-07-16 01:00,4,1,3,0,0,0
2021-07-16 01:15,10,6,4,0,0,0
2021-07-16 01:30,5,1,4,0,0,0
2021-07-16 01:45,7,5,2,0,0,0
2021-07-16 02:00,0,0,0,0,0,0
2021-07-16 02:15,1,0,1,0,0,0
2021-07-16 02:30,3,2,1,0,0,0
2021-07-16 02:45,3,2,1,0,0,0
2021-07-16 03:00,1,1,0,0,0,0
2021-07-16 03:15,0,0,0,0,0,0
2021-07-16 03:30,2,0,2,0,0,0
2021-07-16 03:45,2,0,2,0,0,0
2021-07-16 04:00,3,1,2,0,0,0
2021-07-16 04:15,2,1,1,0,0,0
2021-07-16 04:30,1,1,0,0,0,0
2021-07-16 04:45,1,1,0,0,0,0
2021-07-16 05:00,8,5,3,0,0,0
2021-07-16 05:15,4,4,0,0,0,0
2021-07-16 05:30,15,9,6,0,0,0
2021-07-16 05:45,19,16,3,0,0,0
2021-07-16 06:00,19,12,7,0,0,0
2021-07-16 06:15,36,29,7,0,0,0
2021-07-16 06:30,44,26,18,0,0,0
2021-07-16 06:45,49,29,20,0,0,0
2021-07-16 07:00,64,40,24,0,0,0
2021-07-16 07:15,53,30,23,0,0,0
2021-07-16 07:30,73,53,20,0,0,0
2021-07-16 07:45,104,73,31,0,0,0
2021-07-16 08:00,98,69,29,0,0,0
2021-07-16 08:15,91,55,36,0,0,0
2021-07-16 08:30,88,59,29,0,0,0
2021-07-16 08:45,114,71,43,0,0,0
2021-07-16 09:00,71,42,29,0,0,0
2021-07-16 09:15,70,41,29,0,0,0
2021-07-16 09:30,86,62,24,0,0,0
2021-07-16 09:45,103,61,42,0,0,0
2021-07-16 10:00,79,52,27,0,0,0
2021-07-16 10:15,108,64,44,0,0,0
2021-07-16 10:30,90,52,38,0,0,0
2021-07-16 10:45,120,72,48,0,0,0
2021-07-16 11:00,94,54,40,0,0,0
2021-07-16 11:15,147,74,73,0,0,0
2021-07-16 11:30,103,56,47,0,0,0
2021-07-16 11:45,124,57,67,0,0,0
2021-07-16 12:00,142,49,93,0,0,0
2021-07-16 12:15,126,60,66,0,0,0
2021-07-16 12:30,126,58,68,0,0,0
2021-07-16 12:45,148,63,85,0,0,0
2021-07-16 13:00,170,65,105,0,0,0
2021-07-16 13:15,126,57,69,0,0,0
2021-07-16 13:30,147,55,92,0,0,0
2021-07-16 13:45,154,68,86,0,0,0
2021-07-16 14:00,148,67,81,0,0,0
2021-07-16 14:15,133,56,77,0,0,0
2021-07-16 14:30,117,55,62,0,0,0
2021-07-16 14:45,127,66,61,0,0,0
2021-07-16 15:00,142,45,97,0,0,0
2021-07-16 15:15,120,50,70,0,0,0
2021-07-16 15:30,150,70,80,0,0,0
2021-07-16 15:45,142,57,85,0,0,0
2021-07-16 16:00,145,66,79,0,0,0
2021-07-16 16:15,154,52,102,0,0,0
2021-07-16 16:30,127,52,75,0,0,0
2021-07-16 16:45,149,68,81,0,0,0
2021-07-16 17:00,140,64,76,0,0,0
2021-07-16 17:15,178,69,109,0,0,0
2021-07-16 17:30,135,54,81,0,0,0
2021-07-16 17:45,145,58,87,0,0,0
2021-07-16 18:00,144,40,104,0,0,0
2021-07-16 18:15,132,54,78,0,0,0
2021-07-16 18:30,146,49,97,0,0,0
2021-07-16 18:45,133,44,89,0,0,0
2021-07-16 19:00,99,45,54,0,0,0
2021-07-16 19:15,114,44,70,0,0,0
2021-07-16 19:30,104,42,62,0,0,0
2021-07-16 19:45,103,47,56,0,0,0
2021-07-16 20:00,118,35,83,0,0,0
2021-07-16 20:15,95,51,44,0,0,0
2021-07-16 20:30,90,40,50,0,0,0
2021-07-16 20:45,70,32,38,0,0,0
2021-07-16 21:00,55,24,31,0,0,0
2021-07-16 21:15,54,22,32,0,0,0
2021-07-16 21:30,58,20,38,0,0,0
2021-07-16 21:45,52,24,28,0,0,0
2021-07-16 22:00,50,14,36,0,0,0
2021-07-16 22:15,37,8,29,0,0,0
2021-07-16 22:30,43,23,20,0,0,0
2021-07-16 22:45,35,8,27,0,0,0
2021-07-16 23:00,44,11,33,0,0,0
2021-07-16 23:15,31,7,24,0,0,0
2021-07-16 23:30,44,22,22,0,0,0
2021-07-16 23:45,38,9,29,0,0,0
2021-07-17 00:00,43,13,30,0,0,0
2021-07-17 00:15,35,11,24,0,0,0
2021-07-17 00:30,40,12,28,0,0,0
2021-07-17 00:45,15,4,11,0,0,0
2021-07-17 01:00,35,12,23,0,0,0
2021-07-17 01:15,22,6,16,0,0,0
2021-07-17 01:30,20,9,11,0,0,0
2021-07-17 01:45,18,5,13,0,0,0
2021-07-17 02:00,16,2,14,0,0,0
2021-07-17 02:15,11,4,7,0,0,0
2021-07-17 02:30,18,1,17,0,0,0
2021-07-17 02:45,11,1,10,0,0,0
2021-07-17 03:00,10,6,4,0,0,0
2021-07-17 03:15,8,2,6,0,0,0
2021-07-17 03:30,4,0,4,0,0,0
2021-07-17 03:45,8,0,8,0,0,0
2021-07-17 04:00,10,1,9,0,0,0
2021-07-17 04:15,6,2,4,0,0,0
2021-07-17 04:30,3,2,1,0,0,0
2021-07-17 04:45,6,5,1,0,0,0
2021-07-17 05:00,6,1,5,0,0,0
2021-07-17 05:15,6,4,2,0,0,0
2021-07-17 05:30,8,2,6,0,0,0
2021-07-17 05:45,13,7,6,0,0,0
2021-07-17 06:00,7,1,6,0,0,0
2021-07-17 06:15,3,2,1,0,0,0
2021-07-17 06:30,12,7,5,0,0,0
2021-07-17 06:45,9,5,4,0,0,0
2021-07-17 07:00,6,4,2,0,0,0
2021-07-17 07:15,20,11,9,0,0,0
2021-07-17 07:30,24,20,4,0,0,0
2021-07-17 07:45,27,17,10,0,0,0
2021-07-17 08:00,18,10,8,0,0,0
2021-07-17 08:15,35,20,15,0,0,0
2021-07-17 08:30,36,21,15,0,0,0
2021-07-17 08:45,65,28,37,0,0,0
2021-07-17 09:00,63,31,32,0,0,0
2021-07-17 09:15,86,56,30,0,0,0
2021-07-17 09:30,69,46,23,0,0,0
2021-07-17 09:45,97,72,25,0,0,0
2021-07-17 10:00,85,56,29,0,0,0
2021-07-17 10:15,95,62,33,0,0,0
2021-07-17 10:30,103,64,39,0,0,0
2021-07-17 10:45,147,85,62,0,0,0
2021-07-17 11:00,115,66,49,0,0,0
2021-07-17 11:15,156,93,63,0,0,0
2021-07-17 11:30,137,68,69,0,0,0
2021-07-17 11:45,160,86,74,0,0,0
2021-07-17 12:00,145,93,52,0,0,0
2021-07-17 12:15,166,87,79,0,0,0
2021-07-17 12:30,177,99,78,0,0,0
2021-07-17 12:45,153,85,68,0,0,0
2021-07-17 13:00,172,91,81,0,0,0
2021-07-17 13:15,152,75,77,0,0,0
2021-07-17 13:30,134,73,61,0,0,0
2021-07-17 13:45,162,75,87,0,0,0
2021-07-17 14:00,154,58,96,0,0,0
2021-07-17 14:15,153,40,113,0,0,0
2021-07-17 14:30,155,58,97,0,0,0
2021-07-17 14:45,159,63,96,0,0,0
2021-07-17 15:00,153,45,108,0,0,0
2021-07-17 15:15,142,60,82,0,0,0
2021-07-17 15:30,121,47,74,0,0,0
2021-07-17 15:45,129,61,68,0,0,0
2021-07-17 16:00,137,55,82,0,0,0
2021-07-17 16:15,104,54,50,0,0,0
2021-07-17 16:30,131,50,81,0,0,0
2021-07-17 16:45,114,47,67,0,0,0
2021-07-17 17:00,115,51,64,0,0,0
2021-07-17 17:15,127,48,79,0,0,0
2021-07-17 17:30,125,53,72,0,0,0
2021-07-17 17:45,125,49,76,0,0,0
2021-07-17 18:00,129,50,79,0,0,0
2021-07-17 18:15,125,51,74,0,0,0
2021-07-17 18:30,117,42,75,0,0,0
2021-07-17 18:45,117,59,58,0,0,0
2021-07-17 19:00,93,43,50,0,0,0
2021-07-17 19:15,89,46,43,0,0,0
2021-07-17 19:30,129,52,77,0,0,0
2021-07-17 19:45,99,41,58,0,0,0
2021-07-17 20:00,97,46,51,0,0,0
2021-07-17 20:15,81,44,37,0,0,0
2021-07-17 20:30,76,32,44,0,0,0
2021-07-17 20:45,59,25,34,0,0,0
2021-07-17 21:00,83,32,51,0,0,0
2021-07-17 21:15,52,19,33,0,0,0
2021-07-17 21:30,58,24,34,0,0,0
2021-07-17 21:45,52,29,23,0,0,0
2021-07-17 22:00,40,10,30,0,0,0
2021-07-17 22:15,54,17,37,0,0,0
2021-07-17 22:30,50,18,32,0,0,0
2021-07-17 22:45,44,24,20,0,0,0
2021-07-17 23:00,54,21,33,0,0,0
2021-07-17 23:15,34,17,17,0,0,0
2021-07-17 23:30,41,10,31,0,0,0
2021-07-17 23:45,41,11,30,0,0,0
2021-07-18 00:00,48,14,34,0,0,0
2021-07-18 00:15,43,14,29,0,0,0
2021-07-18 00:30,41,18,23,0,0,0
2021-07-18 00:45,39,11,28,0,0,0
2021-07-18 01:00,18,7,11,0,0,0
2021-07-18 01:15,27,13,14,0,0,0
2021-07-18 01:30,21,4,17,0,0,0
2021-07-18 01:45,26,8,18,0,0,0
2021-07-18 02:00,30,10,20,0,0,0
2021-07-18 02:15,29,9,20,0,0,0
2021-07-18 02:30,19,10,9,0,0,0
2021-07-18 02:45,8,5,3,0,0,0
2021-07-18 03:00,15,4,11,0,0,0
2021-07-18 03:15,18,4,14,0,0,0
2021-07-18 03:30,13,0,13,0,0,0
2021-07-18 03:45,15,6,9,0,0,0
2021-07-18 04:00,8,3,5,0,0,0
2021-07-18 04:15,4,1,3,0,0,0
2021-07-18 04:30,4,1,3,0,0,0
2021-07-18 04:45,4,2,2,0,0,0
2021-07-18 05:00,5,1,4,0,0,0
2021-07-18 05:15,16,4,12,0,0,0
2021-07-18 05:30,5,3,2,0,0,0
2021-07-18 05:45,14,5,9,0,0,0
2021-07-18 06:00,6,2,4,0,0,0
2021-07-18 06:15,6,6,0,0,0,0
2021-07-18 06:30,6,2,4,0,0,0
2021-07-18 06:45,8,4,4,0,0,0
2021-07-18 07:00,2,2,0,0,0,0
2021-07-18 07:15,8,4,4,0,0,0
2021-07-18 07:30,8,2,6,0,0,0
2021-07-18 07:45,8,4,4,0,0,0
2021-07-18 08:00,10,7,3,0,0,0
2021-07-18 08:15,8,7,1,0,0,0
2021-07-18 08:30,23,15,8,0,0,0
2021-07-18 08:45,35,20,15,0,0,0
2021-07-18 09:00,21,10,11,0,0,0
2021-07-18 09:15,20,10,10,0,0,0
2021-07-18 09:30,31,21,10,0,0,0
2021-07-18 09:45,45,40,5,0,0,0
2021-07-18 10:00,32,18,14,0,0,0
2021-07-18 10:15,35,22,13,0,0,0
2021-07-18 10:30,36,17,19,0,0,0
2021-07-18 10:45,47,30,17,0,0,0
2021-07-18 11:00,49,18,31,0,0,0
2021-07-18 11:15,63,37,26,0,0,0
2021-07-18 11:30,59,25,34,0,0,0
2021-07-18 11:45,57,26,31,0,0,0
2021-07-18 12:00,51,38,13,0,0,0
2021-07-18 12:15,48,28,20,0,0,0
2021-07-18 12:30,88,39,49,0,0,0
2021-07-18 12:45,67,34,33,0,0,0
2021-07-18 13:00,78,21,57,0,0,0
2021-07-18 13:15,79,39,40,0,0,0
2021-07-18 13:30,62,33,29,0,0,0
2021-07-18 13:45,70,39,31,0,0,0
2021-07-18 14:00,94,44,50,0,0,0
2021-07-18 14:15,67,34,33,0,0,0
2021-07-18 14:30,81,37,44,0,0,0
2021-07-18 14:45,117,52,65,0,0,0
2021-07-18 15:00,71,33,38,0,0,0
2021-07-18 15:15,87,33,54,0,0,0
2021-07-18 15:30,74,36,38,0,0,0
2021-07-18 15:45,83,39,44,0,0,0
2021-07-18 16:00,118,50,68,0,0,0
2021-07-18 16:15,101,35,66,0,0,0
2021-07-18 16:30,111,40,71,0,0,0
2021-07-18 16:45,86,37,49,0,0,0
2021-07-18 17:00,75,31,44,0,0,0
2021-07-18 17:15,86,29,57,0,0,0
2021-07-18 17:30,76,33,43,0,0,0
2021-07-18 17:45,115,50,65,0,0,0
2021-07-18 18:00,74,28,46,0,0,0
2021-07-18 18:15,76,34,42,0,0,0
2021-07-18 18:30,94,42,52,0,0,0
2021-07-18 18:45,77,32,45,0,0,0
2021-07-18 19:00,97,40,57,0,0,0
2021-07-18 19:15,67,26,41,0,0,0
2021-07-18 19:30,78,29,49,0,0,0
2021-07-18 19:45,67,26,41,0,0,0
2021-07-18 20:00,59,15,44,0,0,0
2021-07-18 20:15,68,29,39,0,0,0
2021-07-18 20:30,55,17,38,0,0,0
2021-07-18 20:45,44,14,30,0,0,0
2021-07-18 21:00,59,26,33,0,0,0
2021-07-18 21:15,37,14,23,0,0,0
2021-07-18 21:30,56,17,39,0,0,0
2021-07-18 21:45,38,16,22,0,0,0
2021-07-18 22:00,33,7,26,0,0,0
2021-07-18 22:15,23,5,18,0,0,0
2021-07-18 22:30,18,6,12,0,0,0
2021-07-18 22:45,13,7,6,0,0,0
2021-07-18 23:00,19,8,11,0,0,0
2021-07-18 23:15,21,10,11,0,0,0
2021-07-18 23:30,12,3,9,0,0,0
2021-07-18 23:45,12,2,10,0,0,0
2021-07-19 00:00,4,0,4,0,0,0
2021-07-19 00:15,6,3,3,0,0,0
2021-07-19 00:30,2,2,0,0,0,0
2021-07-19 00:45,1,0,1,0,0,0
2021-07-19 01:00,3,2,1,0,0,0
2021-07-19 01:15,2,0,2,0,0,0
2021-07-19 01:30,3,1,2,0,0,0
2021-07-19 01:45,3,0,3,0,0,0
2021-07-19 02:00,0,0,0,0,0,0
2021-07-19 02:15,2,0,2,0,0,0
2021-07-19 02:30,2,0,2,0,0,0
2021-07-19 02:45,0,0,0,0,0,0
2021-07-19 03:00,1,1,0,0,0,0
2021-07-19 03:15,1,1,0,0,0,0
2021-07-19 03:30,0,0,0,0,0,0
2021-07-19 03:45,1,0,1,0,0,0
2021-07-19 04:00,1,1,0,0,0,0
2021-07-19 04:15,3,3,0,0,0,0
2021-07-19 04:30,3,3,0,0,0,0
2021-07-19 04:45,5,5,0,0,0,0
2021-07-19 05:00,5,4,1,0,0,0
2021-07-19 05:15,10,6,4,0,0,0
2021-07-19 05:30,20,13,7,0,0,0
2021-07-19 05:45,9,8,1,0,0,0
2021-07-19 06:00,25,15,10,0,0,0
2021-07-19 06:15,30,23,7,0,0,0
2021-07-19 06:30,56,41,15,0,0,0
2021-07-19 06:45,59,37,22,0,0,0
2021-07-19 07:00,65,42,23,0,0,0
2021-07-19 07:15,69,51,18,0,0,0
2021-07-19 07:30,99,74,25,0,0,0
2021-07-19 07:45,128,83,45,0,0,0
2021-07-19 08:00,96,58,38,0,0,0
2021-07-19 08:15,110,68,42,0,0,0
2021-07-19 08:30,103,66,37,0,0,0
2021-07-19 08:45,102,70,32,0,0,0
2021-07-19 09:00,91,63,28,0,0,0
2021-07-19 09:15,99,67,32,0,0,0
2021-07-19 09:30,101,65,36,0,0,0
2021-07-19 09:45,104,76,28,0,0,0
2021-07-19 10:00,90,55,35,0,0,0
2021-07-19 10:15,101,67,34,0,0,0
2021-07-19 10:30,100,58,42,0,0,0
2021-07-19 10:45,108,56,52,0,0,0
2021-07-19 11:00,103,55,48,0,0,0
2021-07-19 11:15,108,58,50,0,0,0
2021-07-19 11:30,117,62,55,0,0,0
2021-07-19 11:45,114,50,64,0,0,0
2021-07-19 12:00,126,33,93,0,0,0
2021-07-19 12:15,133,61,72,0,0,0
2021-07-19 12:30,127,58,69,0,0,0
2021-07-19 12:45,145,66,79,0,0,0
2021-07-19 13:00,124,48,76,0,0,0
2021-07-19 13:15,137,43,94,0,0,0
2021-07-19 13:30,114,52,62,0,0,0
2021-07-19 13:45,138,69,69,0,0,0
2021-07-19 14:00,122,55,67,0,0,0
2021-07-19 14:15,142,64,78,0,0,0
2021-07-19 14:30,111,54,57,0,0,0
2021-07-19 14:45,141,76,65,0,0,0
2021-07-19 15:00,123,51,72,0,0,0
2021-07-19 15:15,155,71,84,0,0,0
2021-07-19 15:30,171,83,88,0,0,0
2021-07-19 15:45,162,65,97,0,0,0
2021-07-19 16:00,177,78,99,0,0,0
2021-07-19 16:15,163,78,85,0,0,0
2021-07-19 16:30,202,70,132,0,0,0
2021-07-19 16:45,218,87,131,0,0,0
2021-07-19 17:00,180,68,112,0,0,0
2021-07-19 17:15,158,67,91,0,0,0
2021-07-19 17:30,176,75,101,0,0,0
2021-07-19 17:45,191,61,130,0,0,0
2021-07-19 18:00,130,46,84,0,0,0
2021-07-19 18:15,173,62,111,0,0,0
2021-07-19 18:30,136,45,91,0,0,0
2021-07-19 18:45,113,39,74,0,0,0
2021-07-19 19:00,141,49,92,0,0,0
2021-07-19 19:15,118,49,69,0,0,0
2021-07-19 19:30,75,31,44,0,0,0
2021-07-19 19:45,96,37,59,0,0,0
2021-07-19 20:00,65,26,39,0,0,0
2021-07-19 20:15,53,25,28,0,0,0
2021-07-19 20:30,59,21,38,0,0,0
2021-07-19 20:45,44,22,22,0,0,0
2021-07-19 21:00,50,14,36,0,0,0
2021-07-19 21:15,41,10,31,0,0,0
2021-07-19 21:30,50,15,35,0,0,0
2021-07-19 21:45,47,14,33,0,0,0
2021-07-19 22:00,39,16,23,0,0,0
2021-07-19 22:15,34,9,25,0,0,0
2021-07-19 22:30,30,6,24,0,0,0
2021-07-19 22:45,25,10,15,0,0,0
2021-07-19 23:00,27,10,17,0,0,0
2021-07-19 23:15,16,3,13,0,0,0
2021-07-19 23:30,8,1,7,0,0,0
2021-07-19 23:45,14,6,8,0,0,0
2021-07-20 00:00,12,1,11,0,0,0
2021-07-20 00:15,17,5,12,0,0,0
2021-07-20 00:30,10,1,9,0,0,0
2021-07-20 00:45,4,2,2,0,0,0
2021-07-20 01:00,1,1,0,0,0,0
2021-07-20 01:15,2,0,2,0,0,0
2021-07-20 01:30,2,1,1,0,0,0
2021-07-20 01:45,4,1,3,0,0,0
2021-07-20 02:00,1,0,1,0,0,0
2021-07-20 02:15,2,0,2,0,0,0
2021-07-20 02:30,0,0,0,0,0,0
2021-07-20 02:45,1,0,1,0,0,0
2021-07-20 03:00,1,0,1,0,0,0
2021-07-20 03:15,1,1,0,0,0,0
2021-07-20 03:30,1,0,1,0,0,0
2021-07-20 03:45,0,0,0,0,0,0
2021-07-20 04:00,0,0,0,0,0,0
2021-07-20 04:15,6,2,4,0,0,0
2021-07-20 04:30,2,1,1,0,0,0
2021-07-20 04:45,4,2,2,0,0,0
2021-07-20 05:00,6,5,1,0,0,0
2021-07-20 05:15,9,6,3,0,0,0
2021-07-20 05:30,21,13,8,0,0,0
2021-07-20 05:45,19,15,4,0,0,0
2021-07-20 06:00,22,16,6,0,0,0
2021-07-20 06:15,35,29,6,0,0,0
2021-07-20 06:30,41,28,13,0,0,0
2021-07-20 06:45,44,30,14,0,0,0
2021-07-20 07:00,77,47,30,0,0,0
2021-07-20 07:15,67,51,16,0,0,0
2021-07-20 07:30,93,49,44,0,0,0
2021-07-20 07:45,128,74,54,0,0,0
2021-07-20 08:00,108,69,39,0,0,0
2021-07-20 08:15,116,79,37,0,0,0
2021-07-20 08:30,106,64,42,0,0,0
2021-07-20 08:45,107,76,31,0,0,0
2021-07-20 09:00,97,74,23,0,0,0
2021-07-20 09:15,92,58,34,0,0,0
2021-07-20 09:30,83,62,21,0,0,0
2021-07-20 09:45,108,82,26,0,0,0
2021-07-20 10:00,75,40,35,0,0,0
2021-07-20 10:15,89,51,38,0,0,0
2021-07-20 10:30,88,47,41,0,0,0
2021-07-20 10:45,108,72,36,0,0,0
2021-07-20 11:00,101,47,54,0,0,0
2021-07-20 11:15,124,58,66,0,0,0
2021-07-20 11:30,112,53,59,0,0,0
2021-07-20 11:45,99,37,62,0,0,0
2021-07-20 12:00,132,55,77,0,0,0
2021-07-20 12:15,130,69,61,0,0,0
2021-07-20 12:30,134,54,80,0,0,0
2021-07-20 12:45,130,63,67,0,0,0
2021-07-20 13:00,119,50,69,0,0,0
2021-07-20 13:15,126,56,70,0,0,0
2021-07-20 13:30,117,56,61,0,0,0
2021-07-20 13:45,148,67,81,0,0,0
2021-07-20 14:00,125,52,73,0,0,0
2021-07-20 14:15,121,59,62,0,0,0
2021-07-20 14:30,124,46,78,0,0,0
2021-07-20 14:45,143,71,72,0,0,0
2021-07-20 15:00,144,54,90,0,0,0
2021-07-20 15:15,148,76,72,0,0,0
2021-07-20 15:30,139,75,64,0,0,0
2021-07-20 15:45,167,68,99,0,0,0
2021-07-20 16:00,190,69,121,0,0,0
2021-07-20 16:15,194,98,96,0,0,0
2021-07-20 16:30,176,65,111,0,0,0
2021-07-20 16:45,215,103,112,0,0,0
2021-07-20 17:00,219,83,136,0,0,0
2021-07-20 17:15,195,87,108,0,0,0
2021-07-20 17:30,184,72,112,0,0,0
2021-07-20 17:45,197,75,122,0,0,0
2021-07-20 18:00,160,57,103,0,0,0
2021-07-20 18:15,169,64,105,0,0,0
2021-07-20 18:30,144,57,87,0,0,0
2021-07-20 18:45,160,74,86,0,0,0
2021-07-20 19:00,125,49,76,0,0,0
2021-07-20 19:15,109,29,80,0,0,0
2021-07-20 19:30,108,43,65,0,0,0
2021-07-20 19:45,107,44,63,0,0,0
2021-07-20 20:00,98,39,59,0,0,0
2021-07-20 20:15,72,29,43,0,0,0
2021-07-20 20:30,65,32,33,0,0,0
2021-07-20 20:45,59,22,37,0,0,0
2021-07-20 21:00,52,22,30,0,0,0
2021-07-20 21:15,72,32,40,0,0,0
2021-07-20 21:30,64,25,39,0,0,0
2021-07-20 21:45,62,19,43,0,0,0
2021-07-20 22:00,58,12,46,0,0,0
2021-07-20 22:15,58,21,37,0,0,0
2021-07-20 22:30,52,21,31,0,0,0
2021-07-20 22:45,38,7,31,0,0,0
2021-07-20 23:00,32,12,20,0,0,0
2021-07-20 23:15,30,11,19,0,0,0
2021-07-20 23:30,26,6,20,0,0,0
2021-07-20 23:45,20,10,10,0,0,0
2021-07-21 00:00,28,6,22,0,0,0
2021-07-21 00:15,27,11,16,0,0,0
2021-07-21 00:30,14,4,10,0,0,0
2021-07-21 00:45,15,3,12,0,0,0
2021-07-21 01:00,12,7,5,0,0,0
2021-07-21 01:15,4,2,2,0,0,0
2021-07-21 01:30,10,2,8,0,0,0
2021-07-21 01:45,3,2,1,0,0,0
2021-07-21 02:00,6,2,4,0,0,0
2021-07-21 02:15,4,4,0,0,0,0
2021-07-21 02:30,0,0,0,0,0,0
2021-07-21 02:45,0,0,0,0,0,0
2021-07-21 03:00,4,0,4,0,0,0
2021-07-21 03:15,2,0,2,0,0,0
2021-07-21 03:30,1,0,1,0,0,0
2021-07-21 03:45,2,1,1,0,0,0
2021-07-21 04:00,2,2,0,0,0,0
2021-07-21 04:15,1,0,1,0,0,0
2021-07-21 04:30,4,3,1,0,0,0
2021-07-21 04:45,3,3,0,0,0,0
2021-07-21 05:00,6,4,2,0,0,0
2021-07-21 05:15,5,2,3,0,0,0
2021-07-21 05:30,15,10,5,0,0,0
2021-07-21 05:45,16,12,4,0,0,0
2021-07-21 06:00,24,12,12,0,0,0
2021-07-21 06:15,41,30,11,0,0,0
2021-07-21 06:30,40,29,11,0,0,0
2021-07-21 06:45,54,41,13,0,0,0
2021-07-21 07:00,72,48,24,0,0,0
2021-07-21 07:15,82,60,22,0,0,0
2021-07-21 07:30,96,64,32,0,0,0
2021-07-21 07:45,118,85,33,0,0,0
2021-07-21 08:00,117,70,47,0,0,0
2021-07-21 08:15,112,64,48,0,0,0
2021-07-21 08:30,97,59,38,0,0,0
2021-07-21 08:45,148,97,51,0,0,0
2021-07-21 09:00,94,60,34,0,0,0
2021-07-21 09:15,73,44,29,0,0,0
2021-07-21 09:30,109,67,42,0,0,0
2021-07-21 09:45,125,84,41,0,0,0
2021-07-21 10:00,107,66,41,0,0,0
2021-07-21 10:15,127,69,58,0,0,0
2021-07-21 10:30,101,62,39,0,0,0
2021-07-21 10:45,136,84,52,0,0,0
2021-07-21 11:00,112,66,46,0,0,0
2021-07-21 11:15,121,76,45,0,0,0
2021-07-21 11:30,140,82,58,0,0,0
2021-07-21 11:45,157,81,76,0,0,0
2021-07-21 12:00,143,67,76,0,0,0
2021-07-21 12:15,137,61,76,0,0,0
2021-07-21 12:30,154,68,86,0,0,0
2021-07-21 12:45,151,74,77,0,0,0
2021-07-21 13:00,131,63,68,0,0,0
2021-07-21 13:15,139,67,72,0,0,0
2021-07-21 13:30,177,70,107,0,0,0
2021-07-21 13:45,139,52,87,0,0,0
2021-07-21 14:00,137,61,76,0,0,0
2021-07-21 14:15,135,71,64,0,0,0
2021-07-21 14:30,131,58,73,0,0,0
2021-07-21 14:45,130,49,81,0,0,0
2021-07-21 15:00,152,58,94,0,0,0
2021-07-21 15:15,159,73,86,0,0,0
2021-07-21 15:30,126,47,79,0,0,0
2021-07-21 15:45,157,71,86,0,0,0
2021-07-21 16:00,178,70,108,0,0,0
2021-07-21 16:15,175,72,103,0,0,0
2021-07-21 16:30,169,67,102,0,0,0
2021-07-21 16:45,184,77,107,0,0,0
2021-07-21 17:00,207,97,110,0,0,0
2021-07-21 17:15,207,85,122,0,0,0
2021-07-21 17:30,202,87,115,0,0,0
2021-07-21 17:45,170,64,106,0,0,0
2021-07-21 18:00,168,62,106,0,0,0
2021-07-21 18:15,174,68,106,0,0,0
2021-07-21 18:30,154,52,102,0,0,0
2021-07-21 18:45,140,56,84,0,0,0
2021-07-21 19:00,141,44,97,0,0,0
2021-07-21 19:15,134,54,80,0,0,0
2021-07-21 19:30,116,51,65,0,0,0
2021-07-21 19:45,83,40,43,0,0,0
2021-07-21 20:00,108,54,54,0,0,0
2021-07-21 20:15,89,33,56,0,0,0
2021-07-21 20:30,83,48,35,0,0,0
2021-07-21 20:45,97,47,50,0,0,0
2021-07-21 21:00,85,33,52,0,0,0
2021-07-21 21:15,66,23,43,0,0,0
2021-07-21 21:30,46,16,30,0,0,0
2021-07-21 21:45,81,26,55,0,0,0
2021-07-21 22:00,41,12,29,0,0,0
2021-07-21 22:15,37,15,22,0,0,0
2021-07-21 22:30,64,29,35,0,0,0
2021-07-21 22:45,36,12,24,0,0,0
2021-07-21 23:00,42,13,29,0,0,0
2021-07-21 23:15,33,7,26,0,0,0
2021-07-21 23:30,45,12,33,0,0,0
2021-07-21 23:45,31,8,23,0,0,0
2021-07-22 00:00,18,2,16,0,0,0
2021-07-22 00:15,17,7,10,0,0,0
2021-07-22 00:30,10,2,8,0,0,0
2021-07-22 00:45,7,1,6,0,0,0
2021-07-22 01:00,14,4,10,0,0,0
2021-07-22 01:15,16,5,11,0,0,0
2021-07-22 01:30,11,5,6,0,0,0
2021-07-22 01:45,6,0,6,0,0,0
2021-07-22 02:00,6,3,3,0,0,0
2021-07-22 02:15,6,0,6,0,0,0
2021-07-22 02:30,3,1,2,0,0,0
2021-07-22 02:45,8,2,6,0,0,0
2021-07-22 03:00,2,0,2,0,0,0
2021-07-22 03:15,8,1,7,0,0,0
2021-07-22 03:30,4,0,4,0,0,0
2021-07-22 03:45,1,0,1,0,0,0
2021-07-22 04:00,3,1,2,0,0,0
2021-07-22 04:15,2,1,1,0,0,0
2021-07-22 04:30,5,3,2,0,0,0
2021-07-22 04:45,1,1,0,0,0,0
2021-07-22 05:00,10,7,3,0,0,0
2021-07-22 05:15,5,4,1,0,0,0
2021-07-22 05:30,9,7,2,0,0,0
2021-07-22 05:45,20,12,8,0,0,0
2021-07-22 06:00,24,15,9,0,0,0
2021-07-22 06:15,42,35,7,0,0,0
2021-07-22 06:30,43,27,16,0,0,0
2021-07-22 06:45,42,28,14,0,0,0
2021-07-22 07:00,70,52,18,0,0,0
2021-07-22 07:15,90,61,29,0,0,0
2021-07-22 07:30,90,66,24,0,0,0
2021-07-22 07:45,134,84,50,0,0,0
2021-07-22 08:00,76,50,26,0,0,0
2021-07-22 08:15,104,67,37,0,0,0
2021-07-22 08:30,96,63,33,0,0,0
2021-07-22 08:45,114,81,33,0,0,0
2021-07-22 09:00,105,67,38,0,0,0
2021-07-22 09:15,82,51,31,0,0,0
2021-07-22 09:30,91,63,28,0,0,0
2021-07-22 09:45,99,65,34,0,0,0
2021-07-22 10:00,85,54,31,0,0,0
2021-07-22 10:15,93,65,28,0,0,0
2021-07-22 10:30,103,57,46,0,0,0
2021-07-22 10:45,130,74,56,0,0,0
2021-07-22 11:00,91,48,43,0,0,0
2021-07-22 11:15,111,57,54,0,0,0
2021-07-22 11:30,131,65,66,0,0,0
2021-07-22 11:45,130,66,64,0,0,0
2021-07-22 12:00,134,64,70,0,0,0
2021-07-22 12:15,137,64,73,0,0,0
2021-07-22 12:30,136,63,73,0,0,0
2021-07-22 12:45,145,67,78,0,0,0
2021-07-22 13:00,119,48,71,0,0,0
2021-07-22 13:15,122,53,69,0,0,0
2021-07-22 13:30,147,69,78,0,0,0
2021-07-22 13:45,131,69,62,0,0,0
2021-07-22 14:00,149,62,87,0,0,0
2021-07-22 14:15,134,60,74,0,0,0
2021-07-22 14:30,136,62,74,0,0,0
2021-07-22 14:45,166,81,85,0,0,0
2021-07-22 15:00,152,60,92,0,0,0
2021-07-22 15:15,156,76,80,0,0,0
2021-07-22 15:30,157,72,85,0,0,0
2021-07-22 15:45,181,83,98,0,0,0
2021-07-22 16:00,183,77,106,0,0,0
2021-07-22 16:15,177,69,108,0,0,0
2021-07-22 16:30,181,65,116,0,0,0
2021-07-22 16:45,189,77,112,0,0,0
2021-07-22 17:00,189,70,119,0,0,0
2021-07-22 17:15,160,69,91,0,0,0
2021-07-22 17:30,170,66,104,0,0,0
2021-07-22 17:45,185,76,109,0,0,0
2021-07-22 18:00,148,48,100,0,0,0
2021-07-22 18:15,175,78,97,0,0,0
2021-07-22 18:30,147,61,86,0,0,0
2021-07-22 18:45,137,53,84,0,0,0
2021-07-22 19:00,130,43,87,0,0,0
2021-07-22 19:15,136,50,86,0,0,0
2021-07-22 19:30,127,59,68,0,0,0
2021-07-22 19:45,97,35,62,0,0,0
2021-07-22 20:00,100,44,56,0,0,0
2021-07-22 20:15,85,32,53,0,0,0
2021-07-22 20:30,95,24,71,0,0,0
2021-07-22 20:45,92,33,59,0,0,0
2021-07-22 21:00,70,39,31,0,0,0
2021-07-22 21:15,64,29,35,0,0,0
2021-07-22 21:30,61,16,45,0,0,0
2021-07-22 21:45,45,14,31,0,0,0
2021-07-22 22:00,63,14,49,0,0,0
2021-07-22 22:15,57,13,44,0,0,0
2021-07-22 22:30,48,18,30,0,0,0
2021-07-22 22:45,45,18,27,0,0,0
2021-07-22 23:00,44,15,29,0,0,0
2021-07-22 23:15,37,9,28,0,0,0
2021-07-22 23:30,32,10,22,0,0,0
2021-07-22 23:45,14,7,7,0,0,0
2021-07-23 00:00,22,8,14,0,0,0
2021-07-23 00:15,32,9,23,0,0,0
2021-07-23 00:30,9,3,6,0,0,0
2021-07-23 00:45,9,2,7,0,0,0
2021-07-23 01:00,15,7,8,0,0,0
2021-07-23 01:15,10,3,7,0,0,0
2021-07-23 01:30,9,2,7,0,0,0
2021-07-23 01:45,3,0,3,0,0,0
2021-07-23 02:00,4,1,3,0,0,0
2021-07-23 02:15,1,0,1,0,0,0
2021-07-23 02:30,3,0,3,0,0,0
2021-07-23 02:45,1,0,1,0,0,0
2021-07-23 03:00,5,2,3,0,0,0
2021-07-23 03:15,1,0,1,0,0,0
2021-07-23 03:30,2,2,0,0,0,0
2021-07-23 03:45,1,1,0,0,0,0
2021-07-23 04:00,1,0,1,0,0,0
2021-07-23 04:15,1,1,0,0,0,0
2021-07-23 04:30,4,3,1,0,0,0
2021-07-23 04:45,6,4,2,0,0,0
2021-07-23 05:00,6,3,3,0,0,0
2021-07-23 05:15,6,5,1,0,0,0
2021-07-23 05:30,9,7,2,0,0,0
2021-07-23 05:45,13,12,1,0,0,0
2021-07-23 06:00,20,13,7,0,0,0
2021-07-23 06:15,38,29,9,0,0,0
2021-07-23 06:30,45,30,15,0,0,0
2021-07-23 06:45,37,25,12,0,0,0
2021-07-23 07:00,59,36,23,0,0,0
2021-07-23 07:15,76,51,25,0,0,0
2021-07-23 07:30,90,55,35,0,0,0
2021-07-23 07:45,96,65,31,0,0,0
2021-07-23 08:00,75,44,31,0,0,0
2021-07-23 08:15,92,63,29,0,0,0
2021-07-23 08:30,88,53,35,0,0,0
2021-07-23 08:45,113,68,45,0,0,0
2021-07-23 09:00,96,62,34,0,0,0
2021-07-23 09:15,93,67,26,0,0,0
2021-07-23 09:30,83,53,30,0,0,0
2021-07-23 09:45,111,67,44,0,0,0
2021-07-23 10:00,86,54,32,0,0,0
2021-07-23 10:15,111,69,42,0,0,0
2021-07-23 10:30,81,40,41,0,0,0
2021-07-23 10:45,122,57,65,0,0,0
2021-07-23 11:00,102,55,47,0,0,0
2021-07-23 11:15,118,50,68,0,0,0
2021-07-23 11:30,128,57,71,0,0,0
2021-07-23 11:45,137,73,64,0,0,0
2021-07-23 12:00,117,61,56,0,0,0
2021-07-23 12:15,160,79,81,0,0,0
2021-07-23 12:30,141,66,75,0,0,0
2021-07-23 12:45,154,60,94,0,0,0
2021-07-23 13:00,175,66,109,0,0,0
2021-07-23 13:15,143,57,86,0,0,0
2021-07-23 13:30,172,69,103,0,0,0
2021-07-23 13:45,152,70,82,0,0,0
2021-07-23 14:00,161,69,92,0,0,0
2021-07-23 14:15,146,64,82,0,0,0
2021-07-23 14:30,166,68,98,0,0,0
2021-07-23 14:45,178,69,109,0,0,0
2021-07-23 15:00,179,64,115,0,0,0
2021-07-23 15:15,153,67,86,0,0,0
2021-07-23 15:30,151,56,95,0,0,0
2021-07-23 15:45,175,90,85,0,0,0
2021-07-23 16:00,156,80,76,0,0,0
2021-07-23 16:15,182,86,96,0,0,0
2021-07-23 16:30,166,81,85,0,0,0
2021-07-23 16:45,191,87,104,0,0,0
2021-07-23 17:00,163,64,99,0,0,0
2021-07-23 17:15,181,75,106,0,0,0
2021-07-23 17:30,148,64,84,0,0,0
2021-07-23 17:45,155,66,89,0,0,0
2021-07-23 18:00,145,61,84,0,0,0
2021-07-23 18:15,138,63,75,0,0,0
2021-07-23 18:30,123,52,71,0,0,0
2021-07-23 18:45,156,65,91,0,0,0
2021-07-23 19:00,97,36,61,0,0,0
2021-07-23 19:15,145,52,93,0,0,0
2021-07-23 19:30,136,66,70,0,0,0
2021-07-23 19:45,122,49,73,0,0,0
2021-07-23 20:00,110,41,69,0,0,0
2021-07-23 20:15,88,40,48,0,0,0
2021-07-23 20:30,86,30,56,0,0,0
2021-07-23 20:45,55,19,36,0,0,0
2021-07-23 21:00,55,13,42,0,0,0
2021-07-23 21:15,64,21,43,0,0,0
2021-07-23 21:30,54,26,28,0,0,0
2021-07-23 21:45,54,21,33,0,0,0
2021-07-23 22:00,60,21,39,0,0,0
2021-07-23 22:15,45,16,29,0,0,0
2021-07-23 22:30,51,18,33,0,0,0
2021-07-23 22:45,45,18,27,0,0,0
2021-07-23 23:00,55,19,36,0,0,0
2021-07-23 23:15,52,16,36,0,0,0
2021-07-23 23:30,49,15,34,0,0,0
2021-07-23 23:45,16,2,14,0,0,0
2021-07-24 00:00,34,11,23,0,0,0
2021-07-24 00:15,37,12,25,0,0,0
2021-07-24 00:30,26,9,17,0,0,0
2021-07-24 00:45,29,10,19,0,0,0
2021-07-24 01:00,18,4,14,0,0,0
2021-07-24 01:15,22,6,16,0,0,0
2021-07-24 01:30,26,4,22,0,0,0
2021-07-24 01:45,15,3,12,0,0,0
2021-07-24 02:00,14,3,11,0,0,0
2021-07-24 02:15,5,1,4,0,0,0
2021-07-24 02:30,11,2,9,0,0,0
2021-07-24 02:45,8,2,6,0,0,0
2021-07-24 03:00,15,7,8,0,0,0
2021-07-24 03:15,11,7,4,0,0,0
2021-07-24 03:30,10,4,6,0,0,0
2021-07-24 03:45,7,0,7,0,0,0
2021-07-24 04:00,5,2,3,0,0,0
2021-07-24 04:15,7,2,5,0,0,0
2021-07-24 04:30,1,0,1,0,0,0
2021-07-24 04:45,9,6,3,0,0,0
2021-07-24 05:00,8,6,2,0,0,0
2021-07-24 05:15,5,3,2,0,0,0
2021-07-24 05:30,5,4,1,0,0,0
2021-07-24 05:45,12,6,6,0,0,0
2021-07-24 06:00,13,8,5,0,0,0
2021-07-24 06:15,7,5,2,0,0,0
2021-07-24 06:30,12,10,2,0,0,0
2021-07-24 06:45,6,2,4,0,0,0
2021-07-24 07:00,18,13,5,0,0,0
2021-07-24 07:15,13,11,2,0,0,0
2021-07-24 07:30,25,13,12,0,0,0
2021-07-24 07:45,37,20,17,0,0,0
2021-07-24 08:00,24,12,12,0,0,0
2021-07-24 08:15,45,25,20,0,0,0
2021-07-24 08:30,35,16,19,0,0,0
2021-07-24 08:45,70,36,34,0,0,0
2021-07-24 09:00,54,39,15,0,0,0
2021-07-24 09:15,68,51,17,0,0,0
2021-07-24 09:30,89,68,21,0,0,0
2021-07-24 09:45,111,83,28,0,0,0
2021-07-24 10:00,110,70,40,0,0,0
2021-07-24 10:15,106,68,38,0,0,0
2021-07-24 10:30,120,69,51,0,0,0
2021-07-24 10:45,141,93,48,0,0,0
2021-07-24 11:00,123,75,48,0,0,0
2021-07-24 11:15,169,94,75,0,0,0
2021-07-24 11:30,135,72,63,0,0,0
2021-07-24 11:45,149,81,68,0,0,0
2021-07-24 12:00,159,76,83,0,0,0
2021-07-24 12:15,159,80,79,0,0,0
2021-07-24 12:30,137,69,68,0,0,0
2021-07-24 12:45,134,63,71,0,0,0
2021-07-24 13:00,116,42,74,0,0,0
2021-07-24 13:15,162,76,86,0,0,0
2021-07-24 13:30,149,72,77,0,0,0
2021-07-24 13:45,168,76,92,0,0,0
2021-07-24 14:00,158,74,84,0,0,0
2021-07-24 14:15,153,55,98,0,0,0
2021-07-24 14:30,127,55,72,0,0,0
2021-07-24 14:45,155,70,85,0,0,0
2021-07-24 15:00,133,51,82,0,0,0
2021-07-24 15:15,127,44,83,0,0,0
2021-07-24 15:30,109,39,70,0,0,0
2021-07-24 15:45,136,55,81,0,0,0
2021-07-24 16:00,108,45,63,0,0,0
2021-07-24 16:15,114,46,68,0,0,0
2021-07-24 16:30,110,43,67,0,0,0
2021-07-24 16:45,103,38,65,0,0,0
2021-07-24 17:00,108,21,87,0,0,0
2021-07-24 17:15,51,11,40,0,0,0
2021-07-24 17:30,48,15,33,0,0,0
2021-07-24 17:45,73,35,38,0,0,0
2021-07-24 18:00,79,20,59,0,0,0
2021-07-24 18:15,55,15,40,0,0,0
2021-07-24 18:30,61,17,44,0,0,0
2021-07-24 18:45,53,17,36,0,0,0
2021-07-24 19:00,40,15,25,0,0,0
2021-07-24 19:15,31,18,13,0,0,0
2021-07-24 19:30,41,18,23,0,0,0
2021-07-24 19:45,43,18,25,0,0,0
2021-07-24 20:00,53,22,31,0,0,0
2021-07-24 20:15,32,15,17,0,0,0
2021-07-24 20:30,34,15,19,0,0,0
2021-07-24 20:45,28,12,16,0,0,0
2021-07-24 21:00,37,16,21,0,0,0
2021-07-24 21:15,24,12,12,0,0,0
2021-07-24 21:30,31,6,25,0,0,0
2021-07-24 21:45,13,5,8,0,0,0
2021-07-24 22:00,19,9,10,0,0,0
2021-07-24 22:15,25,11,14,0,0,0
2021-07-24 22:30,23,12,11,0,0,0
2021-07-24 22:45,23,9,14,0,0,0
2021-07-24 23:00,5,1,4,0,0,0
2021-07-24 23:15,26,10,16,0,0,0
2021-07-24 23:30,26,10,16,0,0,0
2021-07-24 23:45,21,3,18,0,0,0
2021-07-25 00:00,13,4,9,0,0,0
2021-07-25 00:15,16,4,12,0,0,0
2021-07-25 00:30,12,5,7,0,0,0
2021-07-25 00:45,26,6,20,0,0,0
2021-07-25 01:00,19,9,10,0,0,0
2021-07-25 01:15,17,3,14,0,0,0
2021-07-25 01:30,15,4,11,0,0,0
2021-07-25 01:45,13,1,12,0,0,0
2021-07-25 02:00,13,5,8,0,0,0
2021-07-25 02:15,4,1,3,0,0,0
2021-07-25 02:30,18,9,9,0,0,0
2021-07-25 02:45,5,2,3,0,0,0
2021-07-25 03:00,8,3,5,0,0,0
2021-07-25 03:15,9,4,5,0,0,0
2021-07-25 03:30,7,3,4,0,0,0
2021-07-25 03:45,14,5,9,0,0,0
2021-07-25 04:00,9,2,7,0,0,0
2021-07-25 04:15,5,2,3,0,0,0
2021-07-25 04:30,4,3,1,0,0,0
2021-07-25 04:45,2,0,2,0,0,0
2021-07-25 05:00,3,1,2,0,0,0
2021-07-25 05:15,8,1,7,0,0,0
2021-07-25 05:30,7,4,3,0,0,0
2021-07-25 05:45,7,4,3,0,0,0
2021-07-25 06:00,4,4,0,0,0,0
2021-07-25 06:15,4,0,4,0,0,0
2021-07-25 06:30,4,1,3,0,0,0
2021-07-25 06:45,5,3,2,0,0,0
2021-07-25 07:00,7,3,4,0,0,0
2021-07-25 07:15,3,0,3,0,0,0
2021-07-25 07:30,6,4,2,0,0,0
2021-07-25 07:45,11,6,5,0,0,0
2021-07-25 08:00,15,8,7,0,0,0
2021-07-25 08:15,7,3,4,0,0,0
2021-07-25 08:30,12,8,4,0,0,0
2021-07-25 08:45,25,13,12,0,0,0
2021-07-25 09:00,11,7,4,0,0,0
2021-07-25 09:15,19,12,7,0,0,0
2021-07-25 09:30,36,22,14,0,0,0
2021-07-25 09:45,59,41,18,0,0,0
2021-07-25 10:00,54,37,17,0,0,0
2021-07-25 10:15,40,19,21,0,0,0
2021-07-25 10:30,42,24,18,0,0,0
2021-07-25 10:45,42,28,14,0,0,0
2021-07-25 11:00,39,14,25,0,0,0
2021-07-25 11:15,59,33,26,0,0,0
2021-07-25 11:30,73,50,23,0,0,0
2021-07-25 11:45,59,29,30,0,0,0
2021-07-25 12:00,79,35,44,0,0,0
2021-07-25 12:15,78,42,36,0,0,0
2021-07-25 12:30,49,22,27,0,0,0
2021-07-25 12:45,65,28,37,0,0,0
2021-07-25 13:00,57,28,29,0,0,0
2021-07-25 13:15,97,37,60,0,0,0
2021-07-25 13:30,66,32,34,0,0,0
2021-07-25 13:45,88,46,42,0,0,0
2021-07-25 14:00,57,27,30,0,0,0
2021-07-25 14:15,79,37,42,0,0,0
2021-07-25 14:30,105,47,58,0,0,0
2021-07-25 14:45,96,56,40,0,0,0
2021-07-25 15:00,97,55,42,0,0,0
2021-07-25 15:15,96,45,51,0,0,0
2021-07-25 15:30,85,35,50,0,0,0
2021-07-25 15:45,80,31,49,0,0,0
2021-07-25 16:00,85,39,46,0,0,0
2021-07-25 16:15,86,43,43,0,0,0
2021-07-25 16:30,92,39,53,0,0,0
2021-07-25 16:45,100,48,52,0,0,0
2021-07-25 17:00,62,35,27,0,0,0
2021-07-25 17:15,89,33,56,0,0,0
2021-07-25 17:30,70,37,33,0,0,0
2021-07-25 17:45,96,30,66,0,0,0
2021-07-25 18:00,100,49,51,0,0,0
2021-07-25 18:15,76,37,39,0,0,0
2021-07-25 18:30,58,19,39,0,0,0
2021-07-25 18:45,68,29,39,0,0,0
2021-07-25 19:00,49,26,23,0,0,0
2021-07-25 19:15,67,21,46,0,0,0
2021-07-25 19:30,83,30,53,0,0,0
2021-07-25 19:45,63,33,30,0,0,0
2021-07-25 20:00,52,23,29,0,0,0
2021-07-25 20:15,61,32,29,0,0,0
2021-07-25 20:30,47,11,36,0,0,0
2021-07-25 20:45,49,14,35,0,0,0
2021-07-25 21:00,46,13,33,0,0,0
2021-07-25 21:15,39,12,27,0,0,0
2021-07-25 21:30,26,10,16,0,0,0
2021-07-25 21:45,20,7,13,0,0,0
2021-07-25 22:00,27,10,17,0,0,0
2021-07-25 22:15,27,10,17,0,0,0
2021-07-25 22:30,28,13,15,0,0,0
2021-07-25 22:45,17,7,10,0,0,0
2021-07-25 23:00,19,2,17,0,0,0
2021-07-25 23:15,7,2,5,0,0,0
2021-07-25 23:30,16,3,13,0,0,0
2021-07-25 23:45,14,3,11,0,0,0
2021-07-26 00:00,0,0,0,0,0,0
2021-07-26 00:15,10,8,2,0,0,0
2021-07-26 00:30,6,2,4,0,0,0
2021-07-26 00:45,1,0,1,0,0,0
2021-07-26 01:00,5,2,3,0,0,0
2021-07-26 01:15,2,1,1,0,0,0
2021-07-26 01:30,1,1,0,0,0,0
2021-07-26 01:45,2,2,0,0,0,0
2021-07-26 02:00,0,0,0,0,0,0
2021-07-26 02:15,0,0,0,0,0,0
2021-07-26 02:30,1,0,1,0,0,0
2021-07-26 02:45,1,0,1,0,0,0
2021-07-26 03:00,0,0,0,0,0,0
2021-07-26 03:15,2,1,1,0,0,0
2021-07-26 03:30,1,0,1,0,0,0
2021-07-26 03:45,1,0,1,0,0,0
2021-07-26 04:00,2,1,1,0,0,0
2021-07-26 04:15,2,1,1,0,0,0
2021-07-26 04:30,3,1,2,0,0,0
2021-07-26 04:45,2,2,0,0,0,0
2021-07-26 05:00,2,2,0,0,0,0
2021-07-26 05:15,12,6,6,0,0,0
2021-07-26 05:30,11,8,3,0,0,0
2021-07-26 05:45,16,11,5,0,0,0
2021-07-26 06:00,17,8,9,0,0,0
2021-07-26 06:15,27,22,5,0,0,0
2021-07-26 06:30,39,29,10,0,0,0
2021-07-26 06:45,58,39,19,0,0,0
2021-07-26 07:00,70,41,29,0,0,0
2021-07-26 07:15,77,58,19,0,0,0
2021-07-26 07:30,109,72,37,0,0,0
2021-07-26 07:45,124,86,38,0,0,0
2021-07-26 08:00,90,57,33,0,0,0
2021-07-26 08:15,103,63,40,0,0,0
2021-07-26 08:30,83,59,24,0,0,0
2021-07-26 08:45,111,74,37,0,0,0
2021-07-26 09:00,87,60,27,0,0,0
2021-07-26 09:15,91,51,40,0,0,0
2021-07-26 09:30,113,74,39,0,0,0
2021-07-26 09:45,104,72,32,0,0,0
2021-07-26 10:00,90,53,37,0,0,0
2021-07-26 10:15,112,73,39,0,0,0
2021-07-26 10:30,98,49,49,0,0,0
2021-07-26 10:45,134,76,58,0,0,0
2021-07-26 11:00,99,45,54,0,0,0
2021-07-26 11:15,119,54,65,0,0,0
2021-07-26 11:30,100,57,43,0,0,0
2021-07-26 11:45,136,65,71,0,0,0
2021-07-26 12:00,149,55,94,0,0,0
2021-07-26 12:15,95,50,45,0,0,0
2021-07-26 12:30,139,57,82,0,0,0
2021-07-26 12:45,125,51,74,0,0,0
2021-07-26 13:00,120,44,76,0,0,0
2021-07-26 13:15,122,52,70,0,0,0
2021-07-26 13:30,133,52,81,0,0,0
2021-07-26 13:45,134,64,70,0,0,0
2021-07-26 14:00,111,41,70,0,0,0
2021-07-26 14:15,129,58,71,0,0,0
2021-07-26 14:30,171,70,101,0,0,0
2021-07-26 14:45,139,74,65,0,0,0
2021-07-26 15:00,158,62,96,0,0,0
2021-07-26 15:15,145,81,64,0,0,0
2021-07-26 15:30,139,60,79,0,0,0
2021-07-26 15:45,179,73,106,0,0,0
2021-07-26 16:00,167,77,90,0,0,0
2021-07-26 16:15,195,72,123,0,0,0
2021-07-26 16:30,178,71,107,0,0,0
2021-07-26 16:45,199,74,125,0,0,0
2021-07-26 17:00,206,73,133,0,0,0
2021-07-26 17:15,202,77,125,0,0,0
2021-07-26 17:30,174,73,101,0,0,0
2021-07-26 17:45,183,72,111,0,0,0
2021-07-26 18:00,187,61,126,0,0,0
2021-07-26 18:15,147,51,96,0,0,0
2021-07-26 18:30,132,53,79,0,0,0
2021-07-26 18:45,141,54,87,0,0,0
2021-07-26 19:00,129,34,95,0,0,0
2021-07-26 19:15,112,41,71,0,0,0
2021-07-26 19:30,114,59,55,0,0,0
2021-07-26 19:45,122,54,68,0,0,0
2021-07-26 20:00,99,43,56,0,0,0
2021-07-26 20:15,76,33,43,0,0,0
2021-07-26 20:30,63,23,40,0,0,0
2021-07-26 20:45,42,11,31,0,0,0
2021-07-26 21:00,60,23,37,0,0,0
2021-07-26 21:15,51,15,36,0,0,0
2021-07-26 21:30,48,22,26,0,0,0
2021-07-26 21:45,36,14,22,0,0,0
2021-07-26 22:00,63,15,48,0,0,0
2021-07-26 22:15,65,16,49,0,0,0
2021-07-26 22:30,24,3,21,0,0,0
2021-07-26 22:45,18,3,15,0,0,0
2021-07-26 23:00,21,4,17,0,0,0
2021-07-26 23:15,19,3,16,0,0,0
2021-07-26 23:30,12,2,10,0,0,0
2021-07-26 23:45,17,3,14,0,0,0
2021-07-27 00:00,16,0,16,0,0,0
2021-07-27 00:15,5,2,3,0,0,0
2021-07-27 00:30,7,3,4,0,0,0
2021-07-27 00:45,6,1,5,0,0,0
2021-07-27 01:00,6,1,5,0,0,0
2021-07-27 01:15,5,2,3,0,0,0
2021-07-27 01:30,4,3,1,0,0,0
2021-07-27 01:45,2,0,2,0,0,0
2021-07-27 02:00,7,4,3,0,0,0
2021-07-27 02:15,4,3,1,0,0,0
2021-07-27 02:30,4,0,4,0,0,0
2021-07-27 02:45,0,0,0,0,0,0
2021-07-27 03:00,0,0,0,0,0,0
2021-07-27 03:15,2,2,0,0,0,0
2021-07-27 03:30,3,2,1,0,0,0
2021-07-27 03:45,0,0,0,0,0,0
2021-07-27 04:00,2,1,1,0,0,0
2021-07-27 04:15,1,1,0,0,0,0
2021-07-27 04:30,2,2,0,0,0,0
2021-07-27 04:45,2,1,1,0,0,0
2021-07-27 05:00,3,3,0,0,0,0
2021-07-27 05:15,12,6,6,0,0,0
2021-07-27 05:30,11,8,3,0,0,0
2021-07-27 05:45,20,13,7,0,0,0
2021-07-27 06:00,20,12,8,0,0,0
2021-07-27 06:15,37,26,11,0,0,0
2021-07-27 06:30,40,29,11,0,0,0
2021-07-27 06:45,44,28,16,0,0,0
2021-07-27 07:00,72,44,28,0,0,0
2021-07-27 07:15,67,43,24,0,0,0
2021-07-27 07:30,94,60,34,0,0,0
2021-07-27 07:45,109,71,38,0,0,0
2021-07-27 08:00,103,66,37,0,0,0
2021-07-27 08:15,98,60,38,0,0,0
2021-07-27 08:30,109,59,50,0,0,0
2021-07-27 08:45,117,81,36,0,0,0
2021-07-27 09:00,91,64,27,0,0,0
2021-07-27 09:15,86,55,31,0,0,0
2021-07-27 09:30,99,68,31,0,0,0
2021-07-27 09:45,107,71,36,0,0,0
2021-07-27 10:00,103,67,36,0,0,0
2021-07-27 10:15,90,48,42,0,0,0
2021-07-27 10:30,109,64,45,0,0,0
2021-07-27 10:45,109,73,36,0,0,0
2021-07-27 11:00,89,54,35,0,0,0
2021-07-27 11:15,113,64,49,0,0,0
2021-07-27 11:30,105,44,61,0,0,0
2021-07-27 11:45,113,59,54,0,0,0
2021-07-27 12:00,101,48,53,0,0,0
2021-07-27 12:15,118,60,58,0,0,0
2021-07-27 12:30,121,59,62,0,0,0
2021-07-27 12:45,131,64,67,0,0,0
2021-07-27 13:00,117,52,65,0,0,0
2021-07-27 13:15,119,60,59,0,0,0
2021-07-27 13:30,133,56,77,0,0,0
2021-07-27 13:45,132,69,63,0,0,0
2021-07-27 14:00,143,59,84,0,0,0
2021-07-27 14:15,135,63,72,0,0,0
2021-07-27 14:30,124,50,74,0,0,0
2021-07-27 14:45,153,72,81,0,0,0
2021-07-27 15:00,76,28,48,0,0,0
2021-07-27 15:15,62,20,42,0,0,0
2021-07-27 15:30,119,28,91,0,0,0
2021-07-27 15:45,145,61,84,0,0,0
2021-07-27 16:00,171,81,90,0,0,0
2021-07-27 16:15,161,62,99,0,0,0
2021-07-27 16:30,154,62,92,0,0,0
2021-07-27 16:45,160,70,90,0,0,0
2021-07-27 17:00,191,69,122,0,0,0
2021-07-27 17:15,167,72,95,0,0,0
2021-07-27 17:30,198,62,136,0,0,0
2021-07-27 17:45,179,63,116,0,0,0
2021-07-27 18:00,73,22,51,0,0,0
2021-07-27 18:15,71,16,55,0,0,0
2021-07-27 18:30,41,14,27,0,0,0
2021-07-27 18:45,58,8,50,0,0,0
2021-07-27 19:00,67,14,53,0,0,0
2021-07-27 19:15,66,17,49,0,0,0
2021-07-27 19:30,51,13,38,0,0,0
2021-07-27 19:45,79,33,46,0,0,0
2021-07-27 20:00,65,23,42,0,0,0
2021-07-27 20:15,65,20,45,0,0,0
2021-07-27 20:30,36,10,26,0,0,0
2021-07-27 20:45,26,8,18,0,0,0
2021-07-27 21:00,25,11,14,0,0,0
2021-07-27 21:15,12,2,10,0,0,0
2021-07-27 21:30,24,11,13,0,0,0
2021-07-27 21:45,21,6,15,0,0,0
2021-07-27 22:00,30,10,20,0,0,0
2021-07-27 22:15,32,13,19,0,0,0
2021-07-27 22:30,38,18,20,0,0,0
2021-07-27 22:45,11,3,8,0,0,0
2021-07-27 23:00,23,7,16,0,0,0
2021-07-27 23:15,30,6,24,0,0,0
2021-07-27 23:30,10,4,6,0,0,0
2021-07-27 23:45,19,4,15,0,0,0
2021-07-28 00:00,8,3,5,0,0,0
2021-07-28 00:15,11,6,5,0,0,0
2021-07-28 00:30,9,1,8,0,0,0
2021-07-28 00:45,6,0,6,0,0,0
2021-07-28 01:00,3,2,1,0,0,0
2021-07-28 01:15,7,2,5,0,0,0
2021-07-28 01:30,2,1,1,0,0,0
2021-07-28 01:45,9,5,4,0,0,0
2021-07-28 02:00,9,5,4,0,0,0
2021-07-28 02:15,2,0,2,0,0,0
2021-07-28 02:30,4,2,2,0,0,0
2021-07-28 02:45,3,0,3,0,0,0
2021-07-28 03:00,0,0,0,0,0,0
2021-07-28 03:15,1,1,0,0,0,0
2021-07-28 03:30,1,1,0,0,0,0
2021-07-28 03:45,0,0,0,0,0,0
2021-07-28 04:00,1,1,0,0,0,0
2021-07-28 04:15,4,1,3,0,0,0
2021-07-28 04:30,4,3,1,0,0,0
2021-07-28 04:45,1,0,1,0,0,0
2021-07-28 05:00,3,3,0,0,0,0
2021-07-28 05:15,6,3,3,0,0,0
2021-07-28 05:30,12,5,7,0,0,0
2021-07-28 05:45,18,13,5,0,0,0
2021-07-28 06:00,20,15,5,0,0,0
2021-07-28 06:15,32,22,10,0,0,0
2021-07-28 06:30,41,27,14,0,0,0
2021-07-28 06:45,57,36,21,0,0,0
2021-07-28 07:00,57,37,20,0,0,0
2021-07-28 07:15,78,56,22,0,0,0
2021-07-28 07:30,76,43,33,0,0,0
2021-07-28 07:45,117,78,39,0,0,0
2021-07-28 08:00,95,65,30,0,0,0
2021-07-28 08:15,111,66,45,0,0,0
2021-07-28 08:30,71,43,28,0,0,0
2021-07-28 08:45,138,87,51,0,0,0
2021-07-28 09:00,90,57,33,0,0,0
2021-07-28 09:15,86,51,35,0,0,0
2021-07-28 09:30,123,81,42,0,0,0
2021-07-28 09:45,109,72,37,0,0,0
2021-07-28 10:00,108,66,42,0,0,0
2021-07-28 10:15,114,71,43,0,0,0
2021-07-28 10:30,68,32,36,0,0,0
2021-07-28 10:45,52,24,28,0,0,0
2021-07-28 11:00,100,50,50,0,0,0
2021-07-28 11:15,112,61,51,0,0,0
2021-07-28 11:30,64,25,39,0,0,0
2021-07-28 11:45,92,45,47,0,0,0
2021-07-28 12:00,126,59,67,0,0,0
2021-07-28 12:15,128,58,70,0,0,0
2021-07-28 12:30,102,49,53,0,0,0
2021-07-28 12:45,132,52,80,0,0,0
2021-07-28 13:00,136,70,66,0,0,0
2021-07-28 13:15,138,67,71,0,0,0
2021-07-28 13:30,107,46,61,0,0,0
2021-07-28 13:45,143,64,79,0,0,0
2021-07-28 14:00,151,64,87,0,0,0
2021-07-28 14:15,144,52,92,0,0,0
2021-07-28 14:30,141,58,83,0,0,0
2021-07-28 14:45,132,50,82,0,0,0
2021-07-28 15:00,143,65,78,0,0,0
2021-07-28 15:15,148,62,86,0,0,0
2021-07-28 15:30,154,61,93,0,0,0
2021-07-28 15:45,182,67,115,0,0,0
2021-07-28 16:00,161,74,87,0,0,0
2021-07-28 16:15,173,74,99,0,0,0
2021-07-28 16:30,186,75,111,0,0,0
2021-07-28 16:45,165,59,106,0,0,0
2021-07-28 17:00,186,74,112,0,0,0
2021-07-28 17:15,191,80,111,0,0,0
2021-07-28 17:30,176,72,104,0,0,0
2021-07-28 17:45,165,66,99,0,0,0
2021-07-28 18:00,166,62,104,0,0,0
2021-07-28 18:15,174,82,92,0,0,0
2021-07-28 18:30,126,51,75,0,0,0
2021-07-28 18:45,149,64,85,0,0,0
2021-07-28 19:00,142,58,84,0,0,0
2021-07-28 19:15,108,48,60,0,0,0
2021-07-28 19:30,93,41,52,0,0,0
2021-07-28 19:45,88,34,54,0,0,0
2021-07-28 20:00,89,36,53,0,0,0
2021-07-28 20:15,66,14,52,0,0,0
2021-07-28 20:30,75,38,37,0,0,0
2021-07-28 20:45,56,14,42,0,0,0
2021-07-28 21:00,64,14,50,0,0,0
2021-07-28 21:15,46,20,26,0,0,0
2021-07-28 21:30,51,16,35,0,0,0
2021-07-28 21:45,56,25,31,0,0,0
2021-07-28 22:00,44,13,31,0,0,0
2021-07-28 22:15,41,9,32,0,0,0
2021-07-28 22:30,71,22,49,0,0,0
2021-07-28 22:45,53,13,40,0,0,0
2021-07-28 23:00,25,7,18,0,0,0
2021-07-28 23:15,28,11,17,0,0,0
2021-07-28 23:30,31,6,25,0,0,0
2021-07-28 23:45,23,12,11,0,0,0
2021-07-29 00:00,21,8,13,0,0,0
2021-07-29 00:15,23,6,17,0,0,0
2021-07-29 00:30,14,2,12,0,0,0
2021-07-29 00:45,10,1,9,0,0,0
2021-07-29 01:00,18,10,8,0,0,0
2021-07-29 01:15,6,2,4,0,0,0
2021-07-29 01:30,10,1,9,0,0,0
2021-07-29 01:45,7,2,5,0,0,0
2021-07-29 02:00,5,1,4,0,0,0
2021-07-29 02:15,6,1,5,0,0,0
2021-07-29 02:30,8,1,7,0,0,0
2021-07-29 02:45,15,4,11,0,0,0
2021-07-29 03:00,7,4,3,0,0,0
2021-07-29 03:15,3,0,3,0,0,0
2021-07-29 03:30,6,1,5,0,0,0
2021-07-29 03:45,2,1,1,0,0,0
2021-07-29 04:00,3,1,2,0,0,0
2021-07-29 04:15,2,1,1,0,0,0
2021-07-29 04:30,3,2,1,0,0,0
2021-07-29 04:45,7,4,3,0,0,0
2021-07-29 05:00,3,3,0,0,0,0
2021-07-29 05:15,10,7,3,0,0,0
2021-07-29 05:30,19,10,9,0,0,0
2021-07-29 05:45,15,9,6,0,0,0
2021-07-29 06:00,21,16,5,0,0,0
2021-07-29 06:15,35,28,7,0,0,0
2021-07-29 06:30,39,20,19,0,0,0
2021-07-29 06:45,50,37,13,0,0,0
2021-07-29 07:00,58,39,19,0,0,0
2021-07-29 07:15,68,47,21,0,0,0
2021-07-29 07:30,77,47,30,0,0,0
2021-07-29 07:45,115,78,37,0,0,0
2021-07-29 08:00,99,68,31,0,0,0
2021-07-29 08:15,101,66,35,0,0,0
2021-07-29 08:30,73,48,25,0,0,0
2021-07-29 08:45,121,82,39,0,0,0
2021-07-29 09:00,63,42,21,0,0,0
2021-07-29 09:15,65,46,19,0,0,0
2021-07-29 09:30,76,45,31,0,0,0
2021-07-29 09:45,90,60,30,0,0,0
2021-07-29 10:00,75,43,32,0,0,0
2021-07-29 10:15,89,62,27,0,0,0
2021-07-29 10:30,85,44,41,0,0,0
2021-07-29 10:45,105,54,51,0,0,0
2021-07-29 11:00,87,53,34,0,0,0
2021-07-29 11:15,93,51,42,0,0,0
2021-07-29 11:30,130,71,59,0,0,0
2021-07-29 11:45,138,63,75,0,0,0
2021-07-29 12:00,119,52,67,0,0,0
2021-07-29 12:15,126,60,66,0,0,0
2021-07-29 12:30,131,58,73,0,0,0
2021-07-29 12:45,136,61,75,0,0,0
2021-07-29 13:00,109,44,65,0,0,0
2021-07-29 13:15,122,66,56,0,0,0
2021-07-29 13:30,113,50,63,0,0,0
2021-07-29 13:45,135,76,59,0,0,0
2021-07-29 14:00,139,61,78,0,0,0
2021-07-29 14:15,119,57,62,0,0,0
2021-07-29 14:30,130,59,71,0,0,0
2021-07-29 14:45,134,73,61,0,0,0
2021-07-29 15:00,137,63,74,0,0,0
2021-07-29 15:15,175,77,98,0,0,0
2021-07-29 15:30,155,74,81,0,0,0
2021-07-29 15:45,151,60,91,0,0,0
2021-07-29 16:00,163,62,101,0,0,0
2021-07-29 16:15,146,63,83,0,0,0
2021-07-29 16:30,170,61,109,0,0,0
2021-07-29 16:45,168,83,85,0,0,0
2021-07-29 17:00,170,71,99,0,0,0
2021-07-29 17:15,173,76,97,0,0,0
2021-07-29 17:30,158,69,89,0,0,0
2021-07-29 17:45,171,78,93,0,0,0
2021-07-29 18:00,157,52,105,0,0,0
2021-07-29 18:15,164,54,110,0,0,0
2021-07-29 18:30,141,55,86,0,0,0
2021-07-29 18:45,129,42,87,0,0,0
2021-07-29 19:00,117,36,81,0,0,0
2021-07-29 19:15,132,47,85,0,0,0
2021-07-29 19:30,91,36,55,0,0,0
2021-07-29 19:45,107,32,75,0,0,0
2021-07-29 20:00,88,36,52,0,0,0
2021-07-29 20:15,85,33,52,0,0,0
2021-07-29 20:30,80,40,40,0,0,0
2021-07-29 20:45,57,28,29,0,0,0
2021-07-29 21:00,68,22,46,0,0,0
2021-07-29 21:15,53,15,38,0,0,0
2021-07-29 21:30,58,17,41,0,0,0
2021-07-29 21:45,54,13,41,0,0,0
2021-07-29 22:00,57,18,39,0,0,0
2021-07-29 22:15,38,17,21,0,0,0
2021-07-29 22:30,35,8,27,0,0,0
2021-07-29 22:45,57,17,40,0,0,0
2021-07-29 23:00,43,24,19,0,0,0
2021-07-29 23:15,34,11,23,0,0,0
2021-07-29 23:30,22,7,15,0,0,0
2021-07-29 23:45,32,9,23,0,0,0
2021-07-30 00:00,4,4,,0,0,
2021-07-30 00:15,10,10,,0,0,
2021-07-30 00:30,6,6,,0,0,
2021-07-30 00:45,11,11,,0,0,
2021-07-30 01:00,8,8,,0,0,
2021-07-30 01:15,1,1,,0,0,
2021-07-30 01:30,1,1,,0,0,
2021-07-30 01:45,0,0,,0,0,
2021-07-30 02:00,2,2,,0,0,
2021-07-30 02:15,3,3,,0,0,
2021-07-30 02:30,3,3,,0,0,
2021-07-30 02:45,1,1,,0,0,
2021-07-30 03:00,0,0,,0,0,
2021-07-30 03:15,0,0,,0,0,
2021-07-30 03:30,2,2,,0,0,
2021-07-30 03:45,0,0,,0,0,
2021-07-30 04:00,5,5,,0,0,
2021-07-30 04:15,0,0,,0,0,
2021-07-30 04:30,2,2,,0,0,
2021-07-30 04:45,4,4,,0,0,
2021-07-30 05:00,5,5,,0,0,
2021-07-30 05:15,4,4,,0,0,
2021-07-30 05:30,9,9,,0,0,
2021-07-30 05:45,7,7,,0,0,
2021-07-30 06:00,10,10,,0,0,
2021-07-30 06:15,19,19,,0,0,
2021-07-30 06:30,26,26,,0,0,
2021-07-30 06:45,45,45,,0,0,
2021-07-30 07:00,32,32,,0,0,
2021-07-30 07:15,39,39,,0,0,
2021-07-30 07:30,63,63,,0,0,
2021-07-30 07:45,56,56,,0,0,
2021-07-30 08:00,44,44,,0,0,
2021-07-30 08:15,77,77,,0,0,
2021-07-30 08:30,43,43,,0,0,
2021-07-30 08:45,70,70,,0,0,
2021-07-30 09:00,56,56,,0,0,
2021-07-30 09:15,46,46,,0,0,
2021-07-30 09:30,53,53,,0,0,
2021-07-30 09:45,86,86,,0,0,
2021-07-30 10:00,46,46,,0,0,
2021-07-30 10:15,66,66,,0,0,
2021-07-30 10:30,49,49,,0,0,
2021-07-30 10:45,71,71,,0,0,
2021-07-30 11:00,62,62,,0,0,
2021-07-30 11:15,58,58,,0,0,
2021-07-30 11:30,73,73,,0,0,
2021-07-30 11:45,70,70,,0,0,
2021-07-30 12:00,53,53,,0,0,
2021-07-30 12:15,54,54,,0,0,
2021-07-30 12:30,61,61,,0,0,
2021-07-30 12:45,79,79,,0,0,
2021-07-30 13:00,43,43,,0,0,
2021-07-30 13:15,46,46,,0,0,
2021-07-30 13:30,73,73,,0,0,
2021-07-30 13:45,55,55,,0,0,
2021-07-30 14:00,66,66,,0,0,
2021-07-30 14:15,76,76,,0,0,
2021-07-30 14:30,69,69,,0,0,
2021-07-30 14:45,62,62,,0,0,
2021-07-30 15:00,75,75,,0,0,
2021-07-30 15:15,81,81,,0,0,
2021-07-30 15:30,64,64,,0,0,
2021-07-30 15:45,72,72,,0,0,
2021-07-30 16:00,72,72,,0,0,
2021-07-30 16:15,82,82,,0,0,
2021-07-30 16:30,80,80,,0,0,
2021-07-30 16:45,93,93,,0,0,
2021-07-30 17:00,81,81,,0,0,
2021-07-30 17:15,69,69,,0,0,
2021-07-30 17:30,67,67,,0,0,
2021-07-30 17:45,75,75,,0,0,
2021-07-30 18:00,51,51,,0,0,
2021-07-30 18:15,46,46,,0,0,
2021-07-30 18:30,53,53,,0,0,
2021-07-30 18:45,54,54,,0,0,
2021-07-30 19:00,29,29,,0,0,
2021-07-30 19:15,55,55,,0,0,
2021-07-30 19:30,37,37,,0,0,
2021-07-30 19:45,42,42,,0,0,
2021-07-30 20:00,53,53,,0,0,
2021-07-30 20:15,31,31,,0,0,
2021-07-30 20:30,39,39,,0,0,
2021-07-30 20:45,20,20,,0,0,
2021-07-30 21:00,16,16,,0,0,
2021-07-30 21:15,26,26,,0,0,
2021-07-30 21:30,13,13,,0,0,
2021-07-30 21:45,14,14,,0,0,
2021-07-30 22:00,14,14,,0,0,
2021-07-30 22:15,11,11,,0,0,
2021-07-30 22:30,15,15,,0,0,
2021-07-30 22:45,12,12,,0,0,
2021-07-30 23:00,18,18,,0,0,
2021-07-30 23:15,16,16,,0,0,
2021-07-30 23:30,11,11,,0,0,
2021-07-30 23:45,10,10,,0,0,
