Datetime,100034980 (Hammer Straße),101034980 (Hammer Straße stadteinwärts),102034980 (Hammer Straße stadtauswärts),100034980-status,101034980-status,102034980-status
2021-05-01 00:00,20,7,13,0,0,0
2021-05-01 00:15,10,5,5,0,0,0
2021-05-01 00:30,14,9,5,0,0,0
2021-05-01 00:45,14,9,5,0,0,0
2021-05-01 01:00,14,5,9,0,0,0
2021-05-01 01:15,13,6,7,0,0,0
2021-05-01 01:30,12,5,7,0,0,0
2021-05-01 01:45,9,2,7,0,0,0
2021-05-01 02:00,6,3,3,0,0,0
2021-05-01 02:15,6,3,3,0,0,0
2021-05-01 02:30,5,5,0,0,0,0
2021-05-01 02:45,4,2,2,0,0,0
2021-05-01 03:00,3,0,3,0,0,0
2021-05-01 03:15,2,1,1,0,0,0
2021-05-01 03:30,4,2,2,0,0,0
2021-05-01 03:45,6,3,3,0,0,0
2021-05-01 04:00,2,1,1,0,0,0
2021-05-01 04:15,1,1,0,0,0,0
2021-05-01 04:30,0,0,0,0,0,0
2021-05-01 04:45,0,0,0,0,0,0
2021-05-01 05:00,1,1,0,0,0,0
2021-05-01 05:15,3,1,2,0,0,0
2021-05-01 05:30,5,2,3,0,0,0
2021-05-01 05:45,6,6,0,0,0,0
2021-05-01 06:00,3,3,0,0,0,0
2021-05-01 06:15,4,2,2,0,0,0
2021-05-01 06:30,4,2,2,0,0,0
2021-05-01 06:45,5,2,3,0,0,0
2021-05-01 07:00,3,0,3,0,0,0
2021-05-01 07:15,4,0,4,0,0,0
2021-05-01 07:30,7,3,4,0,0,0
2021-05-01 07:45,11,6,5,0,0,0
2021-05-01 08:00,12,3,9,0,0,0
2021-05-01 08:15,12,8,4,0,0,0
2021-05-01 08:30,13,10,3,0,0,0
2021-05-01 08:45,25,18,7,0,0,0
2021-05-01 09:00,22,12,10,0,0,0
2021-05-01 09:15,21,9,12,0,0,0
2021-05-01 09:30,27,12,15,0,0,0
2021-05-01 09:45,37,15,22,0,0,0
2021-05-01 10:00,26,15,11,0,0,0
2021-05-01 10:15,43,25,18,0,0,0
2021-05-01 10:30,47,29,18,0,0,0
2021-05-01 10:45,64,32,32,0,0,0
2021-05-01 11:00,59,33,26,0,0,0
2021-05-01 11:15,61,37,24,0,0,0
2021-05-01 11:30,48,29,19,0,0,0
2021-05-01 11:45,63,32,31,0,0,0
2021-05-01 12:00,78,35,43,0,0,0
2021-05-01 12:15,76,56,20,0,0,0
2021-05-01 12:30,81,35,46,0,0,0
2021-05-01 12:45,61,33,28,0,0,0
2021-05-01 13:00,76,31,45,0,0,0
2021-05-01 13:15,75,40,35,0,0,0
2021-05-01 13:30,81,33,48,0,0,0
2021-05-01 13:45,83,37,46,0,0,0
2021-05-01 14:00,82,47,35,0,0,0
2021-05-01 14:15,79,43,36,0,0,0
2021-05-01 14:30,78,34,44,0,0,0
2021-05-01 14:45,79,42,37,0,0,0
2021-05-01 15:00,77,34,43,0,0,0
2021-05-01 15:15,83,43,40,0,0,0
2021-05-01 15:30,103,57,46,0,0,0
2021-05-01 15:45,88,50,38,0,0,0
2021-05-01 16:00,97,50,47,0,0,0
2021-05-01 16:15,87,40,47,0,0,0
2021-05-01 16:30,104,33,71,0,0,0
2021-05-01 16:45,81,25,56,0,0,0
2021-05-01 17:00,79,25,54,0,0,0
2021-05-01 17:15,90,27,63,0,0,0
2021-05-01 17:30,80,30,50,0,0,0
2021-05-01 17:45,85,44,41,0,0,0
2021-05-01 18:00,82,29,53,0,0,0
2021-05-01 18:15,79,24,55,0,0,0
2021-05-01 18:30,84,31,53,0,0,0
2021-05-01 18:45,79,20,59,0,0,0
2021-05-01 19:00,60,21,39,0,0,0
2021-05-01 19:15,67,23,44,0,0,0
2021-05-01 19:30,54,19,35,0,0,0
2021-05-01 19:45,57,23,34,0,0,0
2021-05-01 20:00,53,24,29,0,0,0
2021-05-01 20:15,45,22,23,0,0,0
2021-05-01 20:30,29,10,19,0,0,0
2021-05-01 20:45,33,15,18,0,0,0
2021-05-01 21:00,46,20,26,0,0,0
2021-05-01 21:15,31,20,11,0,0,0
2021-05-01 21:30,38,10,28,0,0,0
2021-05-01 21:45,27,13,14,0,0,0
2021-05-01 22:00,29,9,20,0,0,0
2021-05-01 22:15,14,2,12,0,0,0
2021-05-01 22:30,17,5,12,0,0,0
2021-05-01 22:45,22,11,11,0,0,0
2021-05-01 23:00,18,6,12,0,0,0
2021-05-01 23:15,10,4,6,0,0,0
2021-05-01 23:30,14,4,10,0,0,0
2021-05-01 23:45,16,7,9,0,0,0
2021-05-02 00:00,16,4,12,0,0,0
2021-05-02 00:15,13,3,10,0,0,0
2021-05-02 00:30,21,13,8,0,0,0
2021-05-02 00:45,24,10,14,0,0,0
2021-05-02 01:00,15,4,11,0,0,0
2021-05-02 01:15,12,5,7,0,0,0
2021-05-02 01:30,11,6,5,0,0,0
2021-05-02 01:45,5,1,4,0,0,0
2021-05-02 02:00,9,7,2,0,0,0
2021-05-02 02:15,9,2,7,0,0,0
2021-05-02 02:30,7,5,2,0,0,0
2021-05-02 02:45,8,1,7,0,0,0
2021-05-02 03:00,4,1,3,0,0,0
2021-05-02 03:15,6,3,3,0,0,0
2021-05-02 03:30,3,0,3,0,0,0
2021-05-02 03:45,3,3,0,0,0,0
2021-05-02 04:00,14,9,5,0,0,0
2021-05-02 04:15,2,1,1,0,0,0
2021-05-02 04:30,2,1,1,0,0,0
2021-05-02 04:45,1,1,0,0,0,0
2021-05-02 05:00,1,1,0,0,0,0
2021-05-02 05:15,8,2,6,0,0,0
2021-05-02 05:30,3,2,1,0,0,0
2021-05-02 05:45,5,4,1,0,0,0
2021-05-02 06:00,7,4,3,0,0,0
2021-05-02 06:15,2,2,0,0,0,0
2021-05-02 06:30,2,1,1,0,0,0
2021-05-02 06:45,3,1,2,0,0,0
2021-05-02 07:00,3,1,2,0,0,0
2021-05-02 07:15,7,5,2,0,0,0
2021-05-02 07:30,2,0,2,0,0,0
2021-05-02 07:45,4,1,3,0,0,0
2021-05-02 08:00,7,5,2,0,0,0
2021-05-02 08:15,5,3,2,0,0,0
2021-05-02 08:30,7,4,3,0,0,0
2021-05-02 08:45,15,10,5,0,0,0
2021-05-02 09:00,9,7,2,0,0,0
2021-05-02 09:15,22,8,14,0,0,0
2021-05-02 09:30,20,11,9,0,0,0
2021-05-02 09:45,29,16,13,0,0,0
2021-05-02 10:00,33,18,15,0,0,0
2021-05-02 10:15,25,16,9,0,0,0
2021-05-02 10:30,29,16,13,0,0,0
2021-05-02 10:45,26,12,14,0,0,0
2021-05-02 11:00,36,22,14,0,0,0
2021-05-02 11:15,34,21,13,0,0,0
2021-05-02 11:30,60,33,27,0,0,0
2021-05-02 11:45,39,19,20,0,0,0
2021-05-02 12:00,35,18,17,0,0,0
2021-05-02 12:15,50,36,14,0,0,0
2021-05-02 12:30,34,14,20,0,0,0
2021-05-02 12:45,56,27,29,0,0,0
2021-05-02 13:00,69,36,33,0,0,0
2021-05-02 13:15,40,21,19,0,0,0
2021-05-02 13:30,47,34,13,0,0,0
2021-05-02 13:45,66,31,35,0,0,0
2021-05-02 14:00,54,25,29,0,0,0
2021-05-02 14:15,53,25,28,0,0,0
2021-05-02 14:30,77,35,42,0,0,0
2021-05-02 14:45,74,38,36,0,0,0
2021-05-02 15:00,79,31,48,0,0,0
2021-05-02 15:15,76,32,44,0,0,0
2021-05-02 15:30,63,21,42,0,0,0
2021-05-02 15:45,69,38,31,0,0,0
2021-05-02 16:00,60,22,38,0,0,0
2021-05-02 16:15,66,23,43,0,0,0
2021-05-02 16:30,55,22,33,0,0,0
2021-05-02 16:45,47,28,19,0,0,0
2021-05-02 17:00,58,21,37,0,0,0
2021-05-02 17:15,55,17,38,0,0,0
2021-05-02 17:30,50,18,32,0,0,0
2021-05-02 17:45,75,28,47,0,0,0
2021-05-02 18:00,62,20,42,0,0,0
2021-05-02 18:15,49,20,29,0,0,0
2021-05-02 18:30,47,16,31,0,0,0
2021-05-02 18:45,54,25,29,0,0,0
2021-05-02 19:00,46,25,21,0,0,0
2021-05-02 19:15,32,14,18,0,0,0
2021-05-02 19:30,54,28,26,0,0,0
2021-05-02 19:45,31,11,20,0,0,0
2021-05-02 20:00,45,23,22,0,0,0
2021-05-02 20:15,32,14,18,0,0,0
2021-05-02 20:30,23,10,13,0,0,0
2021-05-02 20:45,35,12,23,0,0,0
2021-05-02 21:00,23,8,15,0,0,0
2021-05-02 21:15,12,5,7,0,0,0
2021-05-02 21:30,11,3,8,0,0,0
2021-05-02 21:45,13,5,8,0,0,0
2021-05-02 22:00,11,5,6,0,0,0
2021-05-02 22:15,14,5,9,0,0,0
2021-05-02 22:30,7,4,3,0,0,0
2021-05-02 22:45,10,2,8,0,0,0
2021-05-02 23:00,7,4,3,0,0,0
2021-05-02 23:15,6,2,4,0,0,0
2021-05-02 23:30,3,0,3,0,0,0
2021-05-02 23:45,7,1,6,0,0,0
2021-05-03 00:00,4,3,1,0,0,0
2021-05-03 00:15,5,1,4,0,0,0
2021-05-03 00:30,5,0,5,0,0,0
2021-05-03 00:45,2,0,2,0,0,0
2021-05-03 01:00,1,1,0,0,0,0
2021-05-03 01:15,1,1,0,0,0,0
2021-05-03 01:30,1,1,0,0,0,0
2021-05-03 01:45,1,1,0,0,0,0
2021-05-03 02:00,1,0,1,0,0,0
2021-05-03 02:15,0,0,0,0,0,0
2021-05-03 02:30,3,2,1,0,0,0
2021-05-03 02:45,0,0,0,0,0,0
2021-05-03 03:00,0,0,0,0,0,0
2021-05-03 03:15,0,0,0,0,0,0
2021-05-03 03:30,0,0,0,0,0,0
2021-05-03 03:45,0,0,0,0,0,0
2021-05-03 04:00,4,1,3,0,0,0
2021-05-03 04:15,0,0,0,0,0,0
2021-05-03 04:30,1,1,0,0,0,0
2021-05-03 04:45,4,2,2,0,0,0
2021-05-03 05:00,1,1,0,0,0,0
2021-05-03 05:15,7,3,4,0,0,0
2021-05-03 05:30,8,5,3,0,0,0
2021-05-03 05:45,19,13,6,0,0,0
2021-05-03 06:00,26,21,5,0,0,0
2021-05-03 06:15,26,21,5,0,0,0
2021-05-03 06:30,34,23,11,0,0,0
2021-05-03 06:45,59,37,22,0,0,0
2021-05-03 07:00,60,38,22,0,0,0
2021-05-03 07:15,96,67,29,0,0,0
2021-05-03 07:30,130,86,44,0,0,0
2021-05-03 07:45,136,86,50,0,0,0
2021-05-03 08:00,131,89,42,0,0,0
2021-05-03 08:15,142,98,44,0,0,0
2021-05-03 08:30,129,74,55,0,0,0
2021-05-03 08:45,128,88,40,0,0,0
2021-05-03 09:00,82,48,34,0,0,0
2021-05-03 09:15,100,65,35,0,0,0
2021-05-03 09:30,95,58,37,0,0,0
2021-05-03 09:45,90,59,31,0,0,0
2021-05-03 10:00,81,44,37,0,0,0
2021-05-03 10:15,75,36,39,0,0,0
2021-05-03 10:30,97,52,45,0,0,0
2021-05-03 10:45,99,46,53,0,0,0
2021-05-03 11:00,79,36,43,0,0,0
2021-05-03 11:15,87,39,48,0,0,0
2021-05-03 11:30,88,42,46,0,0,0
2021-05-03 11:45,112,61,51,0,0,0
2021-05-03 12:00,132,54,78,0,0,0
2021-05-03 12:15,116,53,63,0,0,0
2021-05-03 12:30,111,50,61,0,0,0
2021-05-03 12:45,121,49,72,0,0,0
2021-05-03 13:00,113,61,52,0,0,0
2021-05-03 13:15,114,48,66,0,0,0
2021-05-03 13:30,104,42,62,0,0,0
2021-05-03 13:45,136,61,75,0,0,0
2021-05-03 14:00,105,42,63,0,0,0
2021-05-03 14:15,123,64,59,0,0,0
2021-05-03 14:30,125,60,65,0,0,0
2021-05-03 14:45,131,69,62,0,0,0
2021-05-03 15:00,120,41,79,0,0,0
2021-05-03 15:15,160,69,91,0,0,0
2021-05-03 15:30,127,54,73,0,0,0
2021-05-03 15:45,175,75,100,0,0,0
2021-05-03 16:00,186,87,99,0,0,0
2021-05-03 16:15,150,53,97,0,0,0
2021-05-03 16:30,145,59,86,0,0,0
2021-05-03 16:45,147,57,90,0,0,0
2021-05-03 17:00,173,57,116,0,0,0
2021-05-03 17:15,180,65,115,0,0,0
2021-05-03 17:30,174,63,111,0,0,0
2021-05-03 17:45,148,57,91,0,0,0
2021-05-03 18:00,156,42,114,0,0,0
2021-05-03 18:15,125,49,76,0,0,0
2021-05-03 18:30,95,43,52,0,0,0
2021-05-03 18:45,88,38,50,0,0,0
2021-05-03 19:00,77,26,51,0,0,0
2021-05-03 19:15,79,40,39,0,0,0
2021-05-03 19:30,78,28,50,0,0,0
2021-05-03 19:45,59,22,37,0,0,0
2021-05-03 20:00,38,15,23,0,0,0
2021-05-03 20:15,39,14,25,0,0,0
2021-05-03 20:30,32,15,17,0,0,0
2021-05-03 20:45,33,11,22,0,0,0
2021-05-03 21:00,34,11,23,0,0,0
2021-05-03 21:15,23,9,14,0,0,0
2021-05-03 21:30,7,3,4,0,0,0
2021-05-03 21:45,13,9,4,0,0,0
2021-05-03 22:00,23,4,19,0,0,0
2021-05-03 22:15,18,5,13,0,0,0
2021-05-03 22:30,12,3,9,0,0,0
2021-05-03 22:45,14,3,11,0,0,0
2021-05-03 23:00,8,6,2,0,0,0
2021-05-03 23:15,8,4,4,0,0,0
2021-05-03 23:30,7,0,7,0,0,0
2021-05-03 23:45,8,2,6,0,0,0
2021-05-04 00:00,2,0,2,0,0,0
2021-05-04 00:15,8,5,3,0,0,0
2021-05-04 00:30,4,2,2,0,0,0
2021-05-04 00:45,0,0,0,0,0,0
2021-05-04 01:00,4,2,2,0,0,0
2021-05-04 01:15,1,0,1,0,0,0
2021-05-04 01:30,1,0,1,0,0,0
2021-05-04 01:45,2,0,2,0,0,0
2021-05-04 02:00,0,0,0,0,0,0
2021-05-04 02:15,0,0,0,0,0,0
2021-05-04 02:30,1,1,0,0,0,0
2021-05-04 02:45,1,0,1,0,0,0
2021-05-04 03:00,1,1,0,0,0,0
2021-05-04 03:15,1,0,1,0,0,0
2021-05-04 03:30,4,0,4,0,0,0
2021-05-04 03:45,0,0,0,0,0,0
2021-05-04 04:00,2,2,0,0,0,0
2021-05-04 04:15,1,1,0,0,0,0
2021-05-04 04:30,1,1,0,0,0,0
2021-05-04 04:45,2,0,2,0,0,0
2021-05-04 05:00,3,3,0,0,0,0
2021-05-04 05:15,4,2,2,0,0,0
2021-05-04 05:30,7,5,2,0,0,0
2021-05-04 05:45,9,7,2,0,0,0
2021-05-04 06:00,15,8,7,0,0,0
2021-05-04 06:15,16,12,4,0,0,0
2021-05-04 06:30,27,16,11,0,0,0
2021-05-04 06:45,36,22,14,0,0,0
2021-05-04 07:00,48,35,13,0,0,0
2021-05-04 07:15,73,43,30,0,0,0
2021-05-04 07:30,94,61,33,0,0,0
2021-05-04 07:45,118,76,42,0,0,0
2021-05-04 08:00,101,60,41,0,0,0
2021-05-04 08:15,93,57,36,0,0,0
2021-05-04 08:30,90,59,31,0,0,0
2021-05-04 08:45,71,42,29,0,0,0
2021-05-04 09:00,68,36,32,0,0,0
2021-05-04 09:15,47,27,20,0,0,0
2021-05-04 09:30,60,39,21,0,0,0
2021-05-04 09:45,36,24,12,0,0,0
2021-05-04 10:00,50,29,21,0,0,0
2021-05-04 10:15,63,34,29,0,0,0
2021-05-04 10:30,59,28,31,0,0,0
2021-05-04 10:45,62,22,40,0,0,0
2021-05-04 11:00,50,24,26,0,0,0
2021-05-04 11:15,50,20,30,0,0,0
2021-05-04 11:30,42,22,20,0,0,0
2021-05-04 11:45,52,25,27,0,0,0
2021-05-04 12:00,68,25,43,0,0,0
2021-05-04 12:15,73,29,44,0,0,0
2021-05-04 12:30,59,27,32,0,0,0
2021-05-04 12:45,81,40,41,0,0,0
2021-05-04 13:00,83,32,51,0,0,0
2021-05-04 13:15,71,37,34,0,0,0
2021-05-04 13:30,71,31,40,0,0,0
2021-05-04 13:45,84,37,47,0,0,0
2021-05-04 14:00,82,36,46,0,0,0
2021-05-04 14:15,86,37,49,0,0,0
2021-05-04 14:30,73,35,38,0,0,0
2021-05-04 14:45,66,21,45,0,0,0
2021-05-04 15:00,77,26,51,0,0,0
2021-05-04 15:15,91,41,50,0,0,0
2021-05-04 15:30,112,49,63,0,0,0
2021-05-04 15:45,106,44,62,0,0,0
2021-05-04 16:00,103,50,53,0,0,0
2021-05-04 16:15,115,38,77,0,0,0
2021-05-04 16:30,115,35,80,0,0,0
2021-05-04 16:45,122,52,70,0,0,0
2021-05-04 17:00,120,38,82,0,0,0
2021-05-04 17:15,119,44,75,0,0,0
2021-05-04 17:30,76,25,51,0,0,0
2021-05-04 17:45,96,34,62,0,0,0
2021-05-04 18:00,107,36,71,0,0,0
2021-05-04 18:15,87,33,54,0,0,0
2021-05-04 18:30,75,26,49,0,0,0
2021-05-04 18:45,76,24,52,0,0,0
2021-05-04 19:00,56,17,39,0,0,0
2021-05-04 19:15,52,18,34,0,0,0
2021-05-04 19:30,53,23,30,0,0,0
2021-05-04 19:45,58,24,34,0,0,0
2021-05-04 20:00,42,19,23,0,0,0
2021-05-04 20:15,29,14,15,0,0,0
2021-05-04 20:30,17,9,8,0,0,0
2021-05-04 20:45,23,8,15,0,0,0
2021-05-04 21:00,25,15,10,0,0,0
2021-05-04 21:15,24,2,22,0,0,0
2021-05-04 21:30,17,7,10,0,0,0
2021-05-04 21:45,16,8,8,0,0,0
2021-05-04 22:00,15,5,10,0,0,0
2021-05-04 22:15,16,10,6,0,0,0
2021-05-04 22:30,9,3,6,0,0,0
2021-05-04 22:45,9,5,4,0,0,0
2021-05-04 23:00,17,8,9,0,0,0
2021-05-04 23:15,17,4,13,0,0,0
2021-05-04 23:30,8,3,5,0,0,0
2021-05-04 23:45,5,1,4,0,0,0
2021-05-05 00:00,3,2,1,0,0,0
2021-05-05 00:15,3,1,2,0,0,0
2021-05-05 00:30,6,2,4,0,0,0
2021-05-05 00:45,2,0,2,0,0,0
2021-05-05 01:00,4,2,2,0,0,0
2021-05-05 01:15,1,0,1,0,0,0
2021-05-05 01:30,4,4,0,0,0,0
2021-05-05 01:45,0,0,0,0,0,0
2021-05-05 02:00,2,0,2,0,0,0
2021-05-05 02:15,4,2,2,0,0,0
2021-05-05 02:30,0,0,0,0,0,0
2021-05-05 02:45,0,0,0,0,0,0
2021-05-05 03:00,0,0,0,0,0,0
2021-05-05 03:15,1,1,0,0,0,0
2021-05-05 03:30,1,0,1,0,0,0
2021-05-05 03:45,0,0,0,0,0,0
2021-05-05 04:00,2,2,0,0,0,0
2021-05-05 04:15,4,4,0,0,0,0
2021-05-05 04:30,2,0,2,0,0,0
2021-05-05 04:45,2,2,0,0,0,0
2021-05-05 05:00,5,3,2,0,0,0
2021-05-05 05:15,3,0,3,0,0,0
2021-05-05 05:30,4,3,1,0,0,0
2021-05-05 05:45,19,16,3,0,0,0
2021-05-05 06:00,21,12,9,0,0,0
2021-05-05 06:15,17,15,2,0,0,0
2021-05-05 06:30,32,25,7,0,0,0
2021-05-05 06:45,68,44,24,0,0,0
2021-05-05 07:00,72,44,28,0,0,0
2021-05-05 07:15,82,54,28,0,0,0
2021-05-05 07:30,114,76,38,0,0,0
2021-05-05 07:45,141,85,56,0,0,0
2021-05-05 08:00,123,79,44,0,0,0
2021-05-05 08:15,127,77,50,0,0,0
2021-05-05 08:30,136,80,56,0,0,0
2021-05-05 08:45,116,71,45,0,0,0
2021-05-05 09:00,85,52,33,0,0,0
2021-05-05 09:15,96,59,37,0,0,0
2021-05-05 09:30,101,64,37,0,0,0
2021-05-05 09:45,102,65,37,0,0,0
2021-05-05 10:00,84,50,34,0,0,0
2021-05-05 10:15,109,68,41,0,0,0
2021-05-05 10:30,93,54,39,0,0,0
2021-05-05 10:45,79,31,48,0,0,0
2021-05-05 11:00,94,53,41,0,0,0
2021-05-05 11:15,99,41,58,0,0,0
2021-05-05 11:30,94,36,58,0,0,0
2021-05-05 11:45,111,58,53,0,0,0
2021-05-05 12:00,117,57,60,0,0,0
2021-05-05 12:15,103,39,64,0,0,0
2021-05-05 12:30,112,55,57,0,0,0
2021-05-05 12:45,87,35,52,0,0,0
2021-05-05 13:00,99,31,68,0,0,0
2021-05-05 13:15,107,46,61,0,0,0
2021-05-05 13:30,120,57,63,0,0,0
2021-05-05 13:45,95,46,49,0,0,0
2021-05-05 14:00,98,36,62,0,0,0
2021-05-05 14:15,110,42,68,0,0,0
2021-05-05 14:30,79,31,48,0,0,0
2021-05-05 14:45,98,33,65,0,0,0
2021-05-05 15:00,99,43,56,0,0,0
2021-05-05 15:15,104,55,49,0,0,0
2021-05-05 15:30,70,29,41,0,0,0
2021-05-05 15:45,130,57,73,0,0,0
2021-05-05 16:00,102,43,59,0,0,0
2021-05-05 16:15,130,56,74,0,0,0
2021-05-05 16:30,117,54,63,0,0,0
2021-05-05 16:45,143,48,95,0,0,0
2021-05-05 17:00,121,43,78,0,0,0
2021-05-05 17:15,124,40,84,0,0,0
2021-05-05 17:30,113,42,71,0,0,0
2021-05-05 17:45,133,54,79,0,0,0
2021-05-05 18:00,124,53,71,0,0,0
2021-05-05 18:15,114,50,64,0,0,0
2021-05-05 18:30,91,23,68,0,0,0
2021-05-05 18:45,98,40,58,0,0,0
2021-05-05 19:00,65,26,39,0,0,0
2021-05-05 19:15,83,29,54,0,0,0
2021-05-05 19:30,83,38,45,0,0,0
2021-05-05 19:45,57,19,38,0,0,0
2021-05-05 20:00,59,24,35,0,0,0
2021-05-05 20:15,53,21,32,0,0,0
2021-05-05 20:30,40,18,22,0,0,0
2021-05-05 20:45,37,16,21,0,0,0
2021-05-05 21:00,37,12,25,0,0,0
2021-05-05 21:15,31,13,18,0,0,0
2021-05-05 21:30,19,5,14,0,0,0
2021-05-05 21:45,17,8,9,0,0,0
2021-05-05 22:00,23,5,18,0,0,0
2021-05-05 22:15,23,7,16,0,0,0
2021-05-05 22:30,14,4,10,0,0,0
2021-05-05 22:45,20,9,11,0,0,0
2021-05-05 23:00,20,9,11,0,0,0
2021-05-05 23:15,25,6,19,0,0,0
2021-05-05 23:30,12,6,6,0,0,0
2021-05-05 23:45,12,8,4,0,0,0
2021-05-06 00:00,8,1,7,0,0,0
2021-05-06 00:15,5,1,4,0,0,0
2021-05-06 00:30,4,2,2,0,0,0
2021-05-06 00:45,6,3,3,0,0,0
2021-05-06 01:00,13,4,9,0,0,0
2021-05-06 01:15,3,0,3,0,0,0
2021-05-06 01:30,2,1,1,0,0,0
2021-05-06 01:45,3,2,1,0,0,0
2021-05-06 02:00,3,1,2,0,0,0
2021-05-06 02:15,1,0,1,0,0,0
2021-05-06 02:30,5,1,4,0,0,0
2021-05-06 02:45,0,0,0,0,0,0
2021-05-06 03:00,1,1,0,0,0,0
2021-05-06 03:15,1,0,1,0,0,0
2021-05-06 03:30,1,0,1,0,0,0
2021-05-06 03:45,0,0,0,0,0,0
2021-05-06 04:00,1,1,0,0,0,0
2021-05-06 04:15,2,1,1,0,0,0
2021-05-06 04:30,3,3,0,0,0,0
2021-05-06 04:45,2,1,1,0,0,0
2021-05-06 05:00,3,3,0,0,0,0
2021-05-06 05:15,3,1,2,0,0,0
2021-05-06 05:30,13,9,4,0,0,0
2021-05-06 05:45,24,17,7,0,0,0
2021-05-06 06:00,15,12,3,0,0,0
2021-05-06 06:15,17,12,5,0,0,0
2021-05-06 06:30,31,23,8,0,0,0
2021-05-06 06:45,36,24,12,0,0,0
2021-05-06 07:00,48,34,14,0,0,0
2021-05-06 07:15,90,66,24,0,0,0
2021-05-06 07:30,108,69,39,0,0,0
2021-05-06 07:45,130,93,37,0,0,0
2021-05-06 08:00,127,84,43,0,0,0
2021-05-06 08:15,120,83,37,0,0,0
2021-05-06 08:30,101,63,38,0,0,0
2021-05-06 08:45,104,70,34,0,0,0
2021-05-06 09:00,71,47,24,0,0,0
2021-05-06 09:15,74,39,35,0,0,0
2021-05-06 09:30,82,57,25,0,0,0
2021-05-06 09:45,96,57,39,0,0,0
2021-05-06 10:00,71,38,33,0,0,0
2021-05-06 10:15,64,34,30,0,0,0
2021-05-06 10:30,85,43,42,0,0,0
2021-05-06 10:45,87,38,49,0,0,0
2021-05-06 11:00,78,38,40,0,0,0
2021-05-06 11:15,87,33,54,0,0,0
2021-05-06 11:30,74,28,46,0,0,0
2021-05-06 11:45,100,51,49,0,0,0
2021-05-06 12:00,92,38,54,0,0,0
2021-05-06 12:15,102,47,55,0,0,0
2021-05-06 12:30,86,40,46,0,0,0
2021-05-06 12:45,110,55,55,0,0,0
2021-05-06 13:00,145,41,104,0,0,0
2021-05-06 13:15,122,47,75,0,0,0
2021-05-06 13:30,90,48,42,0,0,0
2021-05-06 13:45,115,50,65,0,0,0
2021-05-06 14:00,112,54,58,0,0,0
2021-05-06 14:15,139,55,84,0,0,0
2021-05-06 14:30,115,51,64,0,0,0
2021-05-06 14:45,140,51,89,0,0,0
2021-05-06 15:00,109,47,62,0,0,0
2021-05-06 15:15,142,64,78,0,0,0
2021-05-06 15:30,133,48,85,0,0,0
2021-05-06 15:45,137,71,66,0,0,0
2021-05-06 16:00,144,61,83,0,0,0
2021-05-06 16:15,144,63,81,0,0,0
2021-05-06 16:30,132,47,85,0,0,0
2021-05-06 16:45,160,69,91,0,0,0
2021-05-06 17:00,161,58,103,0,0,0
2021-05-06 17:15,147,59,88,0,0,0
2021-05-06 17:30,144,49,95,0,0,0
2021-05-06 17:45,137,53,84,0,0,0
2021-05-06 18:00,140,53,87,0,0,0
2021-05-06 18:15,111,44,67,0,0,0
2021-05-06 18:30,98,45,53,0,0,0
2021-05-06 18:45,84,29,55,0,0,0
2021-05-06 19:00,97,28,69,0,0,0
2021-05-06 19:15,73,23,50,0,0,0
2021-05-06 19:30,69,27,42,0,0,0
2021-05-06 19:45,82,25,57,0,0,0
2021-05-06 20:00,55,20,35,0,0,0
2021-05-06 20:15,34,15,19,0,0,0
2021-05-06 20:30,18,5,13,0,0,0
2021-05-06 20:45,39,16,23,0,0,0
2021-05-06 21:00,27,9,18,0,0,0
2021-05-06 21:15,18,5,13,0,0,0
2021-05-06 21:30,24,4,20,0,0,0
2021-05-06 21:45,21,9,12,0,0,0
2021-05-06 22:00,18,7,11,0,0,0
2021-05-06 22:15,13,3,10,0,0,0
2021-05-06 22:30,12,7,5,0,0,0
2021-05-06 22:45,24,12,12,0,0,0
2021-05-06 23:00,19,7,12,0,0,0
2021-05-06 23:15,13,4,9,0,0,0
2021-05-06 23:30,19,9,10,0,0,0
2021-05-06 23:45,6,4,2,0,0,0
2021-05-07 00:00,9,3,6,0,0,0
2021-05-07 00:15,6,4,2,0,0,0
2021-05-07 00:30,6,3,3,0,0,0
2021-05-07 00:45,4,2,2,0,0,0
2021-05-07 01:00,0,0,0,0,0,0
2021-05-07 01:15,2,0,2,0,0,0
2021-05-07 01:30,2,2,0,0,0,0
2021-05-07 01:45,3,3,0,0,0,0
2021-05-07 02:00,0,0,0,0,0,0
2021-05-07 02:15,2,0,2,0,0,0
2021-05-07 02:30,1,0,1,0,0,0
2021-05-07 02:45,0,0,0,0,0,0
2021-05-07 03:00,2,2,0,0,0,0
2021-05-07 03:15,0,0,0,0,0,0
2021-05-07 03:30,2,0,2,0,0,0
2021-05-07 03:45,1,1,0,0,0,0
2021-05-07 04:00,3,2,1,0,0,0
2021-05-07 04:15,2,2,0,0,0,0
2021-05-07 04:30,3,2,1,0,0,0
2021-05-07 04:45,6,2,4,0,0,0
2021-05-07 05:00,4,4,0,0,0,0
2021-05-07 05:15,4,4,0,0,0,0
2021-05-07 05:30,11,5,6,0,0,0
2021-05-07 05:45,19,16,3,0,0,0
2021-05-07 06:00,18,12,6,0,0,0
2021-05-07 06:15,18,12,6,0,0,0
2021-05-07 06:30,29,23,6,0,0,0
2021-05-07 06:45,46,30,16,0,0,0
2021-05-07 07:00,60,36,24,0,0,0
2021-05-07 07:15,82,52,30,0,0,0
2021-05-07 07:30,124,77,47,0,0,0
2021-05-07 07:45,135,87,48,0,0,0
2021-05-07 08:00,119,72,47,0,0,0
2021-05-07 08:15,98,52,46,0,0,0
2021-05-07 08:30,112,61,51,0,0,0
2021-05-07 08:45,117,83,34,0,0,0
2021-05-07 09:00,76,48,28,0,0,0
2021-05-07 09:15,69,40,29,0,0,0
2021-05-07 09:30,71,45,26,0,0,0
2021-05-07 09:45,106,65,41,0,0,0
2021-05-07 10:00,82,44,38,0,0,0
2021-05-07 10:15,66,37,29,0,0,0
2021-05-07 10:30,100,46,54,0,0,0
2021-05-07 10:45,102,52,50,0,0,0
2021-05-07 11:00,89,43,46,0,0,0
2021-05-07 11:15,105,46,59,0,0,0
2021-05-07 11:30,102,42,60,0,0,0
2021-05-07 11:45,117,63,54,0,0,0
2021-05-07 12:00,119,49,70,0,0,0
2021-05-07 12:15,115,55,60,0,0,0
2021-05-07 12:30,129,54,75,0,0,0
2021-05-07 12:45,131,62,69,0,0,0
2021-05-07 13:00,132,59,73,0,0,0
2021-05-07 13:15,160,60,100,0,0,0
2021-05-07 13:30,113,49,64,0,0,0
2021-05-07 13:45,132,57,75,0,0,0
2021-05-07 14:00,133,44,89,0,0,0
2021-05-07 14:15,164,60,104,0,0,0
2021-05-07 14:30,137,57,80,0,0,0
2021-05-07 14:45,136,62,74,0,0,0
2021-05-07 15:00,107,38,69,0,0,0
2021-05-07 15:15,131,55,76,0,0,0
2021-05-07 15:30,151,61,90,0,0,0
2021-05-07 15:45,145,60,85,0,0,0
2021-05-07 16:00,159,65,94,0,0,0
2021-05-07 16:15,136,56,80,0,0,0
2021-05-07 16:30,119,54,65,0,0,0
2021-05-07 16:45,134,58,76,0,0,0
2021-05-07 17:00,121,52,69,0,0,0
2021-05-07 17:15,134,51,83,0,0,0
2021-05-07 17:30,134,58,76,0,0,0
2021-05-07 17:45,138,61,77,0,0,0
2021-05-07 18:00,118,50,68,0,0,0
2021-05-07 18:15,117,38,79,0,0,0
2021-05-07 18:30,82,26,56,0,0,0
2021-05-07 18:45,103,39,64,0,0,0
2021-05-07 19:00,97,40,57,0,0,0
2021-05-07 19:15,78,31,47,0,0,0
2021-05-07 19:30,72,31,41,0,0,0
2021-05-07 19:45,57,25,32,0,0,0
2021-05-07 20:00,72,28,44,0,0,0
2021-05-07 20:15,43,11,32,0,0,0
2021-05-07 20:30,32,10,22,0,0,0
2021-05-07 20:45,31,15,16,0,0,0
2021-05-07 21:00,34,23,11,0,0,0
2021-05-07 21:15,35,11,24,0,0,0
2021-05-07 21:30,31,10,21,0,0,0
2021-05-07 21:45,21,3,18,0,0,0
2021-05-07 22:00,27,13,14,0,0,0
2021-05-07 22:15,19,10,9,0,0,0
2021-05-07 22:30,8,4,4,0,0,0
2021-05-07 22:45,13,5,8,0,0,0
2021-05-07 23:00,19,9,10,0,0,0
2021-05-07 23:15,19,9,10,0,0,0
2021-05-07 23:30,10,3,7,0,0,0
2021-05-07 23:45,17,9,8,0,0,0
2021-05-08 00:00,10,6,4,0,0,0
2021-05-08 00:15,18,6,12,0,0,0
2021-05-08 00:30,7,3,4,0,0,0
2021-05-08 00:45,20,3,17,0,0,0
2021-05-08 01:00,10,5,5,0,0,0
2021-05-08 01:15,6,3,3,0,0,0
2021-05-08 01:30,11,4,7,0,0,0
2021-05-08 01:45,7,4,3,0,0,0
2021-05-08 02:00,5,1,4,0,0,0
2021-05-08 02:15,15,9,6,0,0,0
2021-05-08 02:30,6,1,5,0,0,0
2021-05-08 02:45,9,4,5,0,0,0
2021-05-08 03:00,6,2,4,0,0,0
2021-05-08 03:15,3,1,2,0,0,0
2021-05-08 03:30,4,2,2,0,0,0
2021-05-08 03:45,6,1,5,0,0,0
2021-05-08 04:00,1,1,0,0,0,0
2021-05-08 04:15,4,2,2,0,0,0
2021-05-08 04:30,1,1,0,0,0,0
2021-05-08 04:45,4,2,2,0,0,0
2021-05-08 05:00,3,2,1,0,0,0
2021-05-08 05:15,0,0,0,0,0,0
2021-05-08 05:30,5,1,4,0,0,0
2021-05-08 05:45,8,6,2,0,0,0
2021-05-08 06:00,3,3,0,0,0,0
2021-05-08 06:15,5,4,1,0,0,0
2021-05-08 06:30,7,3,4,0,0,0
2021-05-08 06:45,15,11,4,0,0,0
2021-05-08 07:00,12,12,0,0,0,0
2021-05-08 07:15,31,19,12,0,0,0
2021-05-08 07:30,41,25,16,0,0,0
2021-05-08 07:45,35,21,14,0,0,0
2021-05-08 08:00,42,21,21,0,0,0
2021-05-08 08:15,42,33,9,0,0,0
2021-05-08 08:30,60,34,26,0,0,0
2021-05-08 08:45,70,35,35,0,0,0
2021-05-08 09:00,68,41,27,0,0,0
2021-05-08 09:15,96,59,37,0,0,0
2021-05-08 09:30,88,62,26,0,0,0
2021-05-08 09:45,141,100,41,0,0,0
2021-05-08 10:00,109,67,42,0,0,0
2021-05-08 10:15,129,82,47,0,0,0
2021-05-08 10:30,135,84,51,0,0,0
2021-05-08 10:45,127,71,56,0,0,0
2021-05-08 11:00,140,78,62,0,0,0
2021-05-08 11:15,145,82,63,0,0,0
2021-05-08 11:30,165,92,73,0,0,0
2021-05-08 11:45,176,86,90,0,0,0
2021-05-08 12:00,169,88,81,0,0,0
2021-05-08 12:15,159,89,70,0,0,0
2021-05-08 12:30,142,63,79,0,0,0
2021-05-08 12:45,164,68,96,0,0,0
2021-05-08 13:00,172,62,110,0,0,0
2021-05-08 13:15,147,65,82,0,0,0
2021-05-08 13:30,157,75,82,0,0,0
2021-05-08 13:45,150,60,90,0,0,0
2021-05-08 14:00,125,59,66,0,0,0
2021-05-08 14:15,138,63,75,0,0,0
2021-05-08 14:30,130,27,103,0,0,0
2021-05-08 14:45,144,70,74,0,0,0
2021-05-08 15:00,119,40,79,0,0,0
2021-05-08 15:15,143,57,86,0,0,0
2021-05-08 15:30,109,39,70,0,0,0
2021-05-08 15:45,102,41,61,0,0,0
2021-05-08 16:00,78,28,50,0,0,0
2021-05-08 16:15,75,26,49,0,0,0
2021-05-08 16:30,70,21,49,0,0,0
2021-05-08 16:45,58,21,37,0,0,0
2021-05-08 17:00,73,27,46,0,0,0
2021-05-08 17:15,67,16,51,0,0,0
2021-05-08 17:30,59,24,35,0,0,0
2021-05-08 17:45,73,22,51,0,0,0
2021-05-08 18:00,63,19,44,0,0,0
2021-05-08 18:15,73,33,40,0,0,0
2021-05-08 18:30,60,22,38,0,0,0
2021-05-08 18:45,72,38,34,0,0,0
2021-05-08 19:00,83,37,46,0,0,0
2021-05-08 19:15,63,26,37,0,0,0
2021-05-08 19:30,40,16,24,0,0,0
2021-05-08 19:45,56,24,32,0,0,0
2021-05-08 20:00,50,16,34,0,0,0
2021-05-08 20:15,43,12,31,0,0,0
2021-05-08 20:30,45,16,29,0,0,0
2021-05-08 20:45,36,14,22,0,0,0
2021-05-08 21:00,25,10,15,0,0,0
2021-05-08 21:15,35,14,21,0,0,0
2021-05-08 21:30,24,11,13,0,0,0
2021-05-08 21:45,20,9,11,0,0,0
2021-05-08 22:00,18,11,7,0,0,0
2021-05-08 22:15,16,3,13,0,0,0
2021-05-08 22:30,15,8,7,0,0,0
2021-05-08 22:45,14,8,6,0,0,0
2021-05-08 23:00,12,10,2,0,0,0
2021-05-08 23:15,12,7,5,0,0,0
2021-05-08 23:30,11,6,5,0,0,0
2021-05-08 23:45,13,6,7,0,0,0
2021-05-09 00:00,17,9,8,0,0,0
2021-05-09 00:15,19,9,10,0,0,0
2021-05-09 00:30,23,12,11,0,0,0
2021-05-09 00:45,10,4,6,0,0,0
2021-05-09 01:00,8,5,3,0,0,0
2021-05-09 01:15,2,1,1,0,0,0
2021-05-09 01:30,14,8,6,0,0,0
2021-05-09 01:45,4,2,2,0,0,0
2021-05-09 02:00,9,3,6,0,0,0
2021-05-09 02:15,8,5,3,0,0,0
2021-05-09 02:30,11,4,7,0,0,0
2021-05-09 02:45,7,1,6,0,0,0
2021-05-09 03:00,2,1,1,0,0,0
2021-05-09 03:15,3,2,1,0,0,0
2021-05-09 03:30,1,0,1,0,0,0
2021-05-09 03:45,3,0,3,0,0,0
2021-05-09 04:00,3,0,3,0,0,0
2021-05-09 04:15,3,1,2,0,0,0
2021-05-09 04:30,6,6,0,0,0,0
2021-05-09 04:45,3,2,1,0,0,0
2021-05-09 05:00,0,0,0,0,0,0
2021-05-09 05:15,2,0,2,0,0,0
2021-05-09 05:30,2,2,0,0,0,0
2021-05-09 05:45,6,5,1,0,0,0
2021-05-09 06:00,7,6,1,0,0,0
2021-05-09 06:15,2,2,0,0,0,0
2021-05-09 06:30,2,1,1,0,0,0
2021-05-09 06:45,4,2,2,0,0,0
2021-05-09 07:00,6,0,6,0,0,0
2021-05-09 07:15,1,1,0,0,0,0
2021-05-09 07:30,1,0,1,0,0,0
2021-05-09 07:45,10,2,8,0,0,0
2021-05-09 08:00,8,5,3,0,0,0
2021-05-09 08:15,11,3,8,0,0,0
2021-05-09 08:30,16,5,11,0,0,0
2021-05-09 08:45,21,13,8,0,0,0
2021-05-09 09:00,20,12,8,0,0,0
2021-05-09 09:15,26,10,16,0,0,0
2021-05-09 09:30,32,17,15,0,0,0
2021-05-09 09:45,49,33,16,0,0,0
2021-05-09 10:00,56,28,28,0,0,0
2021-05-09 10:15,50,24,26,0,0,0
2021-05-09 10:30,34,12,22,0,0,0
2021-05-09 10:45,51,19,32,0,0,0
2021-05-09 11:00,83,45,38,0,0,0
2021-05-09 11:15,61,29,32,0,0,0
2021-05-09 11:30,60,40,20,0,0,0
2021-05-09 11:45,62,45,17,0,0,0
2021-05-09 12:00,65,31,34,0,0,0
2021-05-09 12:15,72,42,30,0,0,0
2021-05-09 12:30,66,32,34,0,0,0
2021-05-09 12:45,83,48,35,0,0,0
2021-05-09 13:00,76,40,36,0,0,0
2021-05-09 13:15,83,34,49,0,0,0
2021-05-09 13:30,78,41,37,0,0,0
2021-05-09 13:45,104,60,44,0,0,0
2021-05-09 14:00,89,41,48,0,0,0
2021-05-09 14:15,88,40,48,0,0,0
2021-05-09 14:30,95,34,61,0,0,0
2021-05-09 14:45,105,48,57,0,0,0
2021-05-09 15:00,79,31,48,0,0,0
2021-05-09 15:15,112,48,64,0,0,0
2021-05-09 15:30,115,59,56,0,0,0
2021-05-09 15:45,110,54,56,0,0,0
2021-05-09 16:00,94,36,58,0,0,0
2021-05-09 16:15,87,42,45,0,0,0
2021-05-09 16:30,94,39,55,0,0,0
2021-05-09 16:45,94,46,48,0,0,0
2021-05-09 17:00,77,38,39,0,0,0
2021-05-09 17:15,91,31,60,0,0,0
2021-05-09 17:30,92,45,47,0,0,0
2021-05-09 17:45,83,41,42,0,0,0
2021-05-09 18:00,88,25,63,0,0,0
2021-05-09 18:15,85,46,39,0,0,0
2021-05-09 18:30,86,26,60,0,0,0
2021-05-09 18:45,65,28,37,0,0,0
2021-05-09 19:00,64,31,33,0,0,0
2021-05-09 19:15,59,28,31,0,0,0
2021-05-09 19:30,68,27,41,0,0,0
2021-05-09 19:45,59,15,44,0,0,0
2021-05-09 20:00,67,25,42,0,0,0
2021-05-09 20:15,55,19,36,0,0,0
2021-05-09 20:30,57,20,37,0,0,0
2021-05-09 20:45,50,18,32,0,0,0
2021-05-09 21:00,58,18,40,0,0,0
2021-05-09 21:15,32,10,22,0,0,0
2021-05-09 21:30,31,14,17,0,0,0
2021-05-09 21:45,29,14,15,0,0,0
2021-05-09 22:00,19,6,13,0,0,0
2021-05-09 22:15,19,4,15,0,0,0
2021-05-09 22:30,18,8,10,0,0,0
2021-05-09 22:45,12,6,6,0,0,0
2021-05-09 23:00,11,2,9,0,0,0
2021-05-09 23:15,11,3,8,0,0,0
2021-05-09 23:30,5,2,3,0,0,0
2021-05-09 23:45,8,5,3,0,0,0
2021-05-10 00:00,4,1,3,0,0,0
2021-05-10 00:15,7,2,5,0,0,0
2021-05-10 00:30,4,0,4,0,0,0
2021-05-10 00:45,3,0,3,0,0,0
2021-05-10 01:00,3,1,2,0,0,0
2021-05-10 01:15,4,0,4,0,0,0
2021-05-10 01:30,1,1,0,0,0,0
2021-05-10 01:45,3,1,2,0,0,0
2021-05-10 02:00,1,0,1,0,0,0
2021-05-10 02:15,1,0,1,0,0,0
2021-05-10 02:30,1,0,1,0,0,0
2021-05-10 02:45,0,0,0,0,0,0
2021-05-10 03:00,1,1,0,0,0,0
2021-05-10 03:15,0,0,0,0,0,0
2021-05-10 03:30,1,1,0,0,0,0
2021-05-10 03:45,1,1,0,0,0,0
2021-05-10 04:00,1,1,0,0,0,0
2021-05-10 04:15,3,2,1,0,0,0
2021-05-10 04:30,2,2,0,0,0,0
2021-05-10 04:45,8,6,2,0,0,0
2021-05-10 05:00,5,5,0,0,0,0
2021-05-10 05:15,7,4,3,0,0,0
2021-05-10 05:30,9,7,2,0,0,0
2021-05-10 05:45,18,14,4,0,0,0
2021-05-10 06:00,20,17,3,0,0,0
2021-05-10 06:15,38,27,11,0,0,0
2021-05-10 06:30,33,18,15,0,0,0
2021-05-10 06:45,43,26,17,0,0,0
2021-05-10 07:00,75,48,27,0,0,0
2021-05-10 07:15,87,62,25,0,0,0
2021-05-10 07:30,151,93,58,0,0,0
2021-05-10 07:45,155,96,59,0,0,0
2021-05-10 08:00,139,96,43,0,0,0
2021-05-10 08:15,121,82,39,0,0,0
2021-05-10 08:30,90,55,35,0,0,0
2021-05-10 08:45,108,72,36,0,0,0
2021-05-10 09:00,84,57,27,0,0,0
2021-05-10 09:15,81,42,39,0,0,0
2021-05-10 09:30,95,65,30,0,0,0
2021-05-10 09:45,89,59,30,0,0,0
2021-05-10 10:00,84,45,39,0,0,0
2021-05-10 10:15,76,33,43,0,0,0
2021-05-10 10:30,97,51,46,0,0,0
2021-05-10 10:45,91,54,37,0,0,0
2021-05-10 11:00,100,48,52,0,0,0
2021-05-10 11:15,82,31,51,0,0,0
2021-05-10 11:30,76,41,35,0,0,0
2021-05-10 11:45,114,53,61,0,0,0
2021-05-10 12:00,90,44,46,0,0,0
2021-05-10 12:15,103,40,63,0,0,0
2021-05-10 12:30,99,46,53,0,0,0
2021-05-10 12:45,109,48,61,0,0,0
2021-05-10 13:00,105,44,61,0,0,0
2021-05-10 13:15,96,39,57,0,0,0
2021-05-10 13:30,118,39,79,0,0,0
2021-05-10 13:45,128,69,59,0,0,0
2021-05-10 14:00,117,54,63,0,0,0
2021-05-10 14:15,108,54,54,0,0,0
2021-05-10 14:30,124,60,64,0,0,0
2021-05-10 14:45,128,54,74,0,0,0
2021-05-10 15:00,122,50,72,0,0,0
2021-05-10 15:15,130,57,73,0,0,0
2021-05-10 15:30,128,57,71,0,0,0
2021-05-10 15:45,149,67,82,0,0,0
2021-05-10 16:00,171,73,98,0,0,0
2021-05-10 16:15,167,60,107,0,0,0
2021-05-10 16:30,154,75,79,0,0,0
2021-05-10 16:45,177,74,103,0,0,0
2021-05-10 17:00,170,55,115,0,0,0
2021-05-10 17:15,169,62,107,0,0,0
2021-05-10 17:30,143,45,98,0,0,0
2021-05-10 17:45,153,49,104,0,0,0
2021-05-10 18:00,151,46,105,0,0,0
2021-05-10 18:15,102,40,62,0,0,0
2021-05-10 18:30,94,43,51,0,0,0
2021-05-10 18:45,103,39,64,0,0,0
2021-05-10 19:00,97,37,60,0,0,0
2021-05-10 19:15,83,31,52,0,0,0
2021-05-10 19:30,65,34,31,0,0,0
2021-05-10 19:45,60,26,34,0,0,0
2021-05-10 20:00,65,23,42,0,0,0
2021-05-10 20:15,57,24,33,0,0,0
2021-05-10 20:30,37,10,27,0,0,0
2021-05-10 20:45,31,10,21,0,0,0
2021-05-10 21:00,25,8,17,0,0,0
2021-05-10 21:15,27,8,19,0,0,0
2021-05-10 21:30,29,10,19,0,0,0
2021-05-10 21:45,22,7,15,0,0,0
2021-05-10 22:00,27,9,18,0,0,0
2021-05-10 22:15,21,12,9,0,0,0
2021-05-10 22:30,13,3,10,0,0,0
2021-05-10 22:45,8,4,4,0,0,0
2021-05-10 23:00,15,7,8,0,0,0
2021-05-10 23:15,9,4,5,0,0,0
2021-05-10 23:30,10,3,7,0,0,0
2021-05-10 23:45,9,3,6,0,0,0
2021-05-11 00:00,14,7,7,0,0,0
2021-05-11 00:15,5,2,3,0,0,0
2021-05-11 00:30,4,1,3,0,0,0
2021-05-11 00:45,6,1,5,0,0,0
2021-05-11 01:00,2,1,1,0,0,0
2021-05-11 01:15,1,0,1,0,0,0
2021-05-11 01:30,3,2,1,0,0,0
2021-05-11 01:45,2,0,2,0,0,0
2021-05-11 02:00,2,0,2,0,0,0
2021-05-11 02:15,3,0,3,0,0,0
2021-05-11 02:30,1,1,0,0,0,0
2021-05-11 02:45,0,0,0,0,0,0
2021-05-11 03:00,0,0,0,0,0,0
2021-05-11 03:15,0,0,0,0,0,0
2021-05-11 03:30,2,0,2,0,0,0
2021-05-11 03:45,1,0,1,0,0,0
2021-05-11 04:00,3,2,1,0,0,0
2021-05-11 04:15,1,1,0,0,0,0
2021-05-11 04:30,4,4,0,0,0,0
2021-05-11 04:45,0,0,0,0,0,0
2021-05-11 05:00,2,2,0,0,0,0
2021-05-11 05:15,6,5,1,0,0,0
2021-05-11 05:30,9,5,4,0,0,0
2021-05-11 05:45,12,11,1,0,0,0
2021-05-11 06:00,19,14,5,0,0,0
2021-05-11 06:15,26,18,8,0,0,0
2021-05-11 06:30,31,17,14,0,0,0
2021-05-11 06:45,43,32,11,0,0,0
2021-05-11 07:00,74,48,26,0,0,0
2021-05-11 07:15,94,52,42,0,0,0
2021-05-11 07:30,103,66,37,0,0,0
2021-05-11 07:45,181,113,68,0,0,0
2021-05-11 08:00,136,80,56,0,0,0
2021-05-11 08:15,108,76,32,0,0,0
2021-05-11 08:30,115,61,54,0,0,0
2021-05-11 08:45,109,75,34,0,0,0
2021-05-11 09:00,80,57,23,0,0,0
2021-05-11 09:15,78,46,32,0,0,0
2021-05-11 09:30,83,52,31,0,0,0
2021-05-11 09:45,103,61,42,0,0,0
2021-05-11 10:00,75,42,33,0,0,0
2021-05-11 10:15,77,45,32,0,0,0
2021-05-11 10:30,92,51,41,0,0,0
2021-05-11 10:45,99,53,46,0,0,0
2021-05-11 11:00,90,42,48,0,0,0
2021-05-11 11:15,108,37,71,0,0,0
2021-05-11 11:30,103,45,58,0,0,0
2021-05-11 11:45,96,42,54,0,0,0
2021-05-11 12:00,108,39,69,0,0,0
2021-05-11 12:15,92,37,55,0,0,0
2021-05-11 12:30,94,42,52,0,0,0
2021-05-11 12:45,100,54,46,0,0,0
2021-05-11 13:00,121,45,76,0,0,0
2021-05-11 13:15,106,41,65,0,0,0
2021-05-11 13:30,96,38,58,0,0,0
2021-05-11 13:45,97,41,56,0,0,0
2021-05-11 14:00,102,43,59,0,0,0
2021-05-11 14:15,102,35,67,0,0,0
2021-05-11 14:30,107,40,67,0,0,0
2021-05-11 14:45,92,32,60,0,0,0
2021-05-11 15:00,75,23,52,0,0,0
2021-05-11 15:15,110,45,65,0,0,0
2021-05-11 15:30,96,29,67,0,0,0
2021-05-11 15:45,95,47,48,0,0,0
2021-05-11 16:00,110,41,69,0,0,0
2021-05-11 16:15,121,38,83,0,0,0
2021-05-11 16:30,124,44,80,0,0,0
2021-05-11 16:45,117,41,76,0,0,0
2021-05-11 17:00,119,38,81,0,0,0
2021-05-11 17:15,112,35,77,0,0,0
2021-05-11 17:30,121,41,80,0,0,0
2021-05-11 17:45,123,50,73,0,0,0
2021-05-11 18:00,136,46,90,0,0,0
2021-05-11 18:15,124,42,82,0,0,0
2021-05-11 18:30,81,28,53,0,0,0
2021-05-11 18:45,82,29,53,0,0,0
2021-05-11 19:00,81,19,62,0,0,0
2021-05-11 19:15,66,24,42,0,0,0
2021-05-11 19:30,53,17,36,0,0,0
2021-05-11 19:45,53,20,33,0,0,0
2021-05-11 20:00,49,13,36,0,0,0
2021-05-11 20:15,34,19,15,0,0,0
2021-05-11 20:30,27,12,15,0,0,0
2021-05-11 20:45,30,16,14,0,0,0
2021-05-11 21:00,29,12,17,0,0,0
2021-05-11 21:15,20,4,16,0,0,0
2021-05-11 21:30,15,7,8,0,0,0
2021-05-11 21:45,14,3,11,0,0,0
2021-05-11 22:00,12,4,8,0,0,0
2021-05-11 22:15,11,1,10,0,0,0
2021-05-11 22:30,23,10,13,0,0,0
2021-05-11 22:45,19,10,9,0,0,0
2021-05-11 23:00,14,10,4,0,0,0
2021-05-11 23:15,15,7,8,0,0,0
2021-05-11 23:30,7,3,4,0,0,0
2021-05-11 23:45,5,3,2,0,0,0
2021-05-12 00:00,11,7,4,0,0,0
2021-05-12 00:15,6,1,5,0,0,0
2021-05-12 00:30,2,0,2,0,0,0
2021-05-12 00:45,3,2,1,0,0,0
2021-05-12 01:00,6,3,3,0,0,0
2021-05-12 01:15,2,2,0,0,0,0
2021-05-12 01:30,2,0,2,0,0,0
2021-05-12 01:45,0,0,0,0,0,0
2021-05-12 02:00,3,0,3,0,0,0
2021-05-12 02:15,0,0,0,0,0,0
2021-05-12 02:30,1,1,0,0,0,0
2021-05-12 02:45,2,0,2,0,0,0
2021-05-12 03:00,0,0,0,0,0,0
2021-05-12 03:15,1,0,1,0,0,0
2021-05-12 03:30,0,0,0,0,0,0
2021-05-12 03:45,0,0,0,0,0,0
2021-05-12 04:00,1,1,0,0,0,0
2021-05-12 04:15,4,1,3,0,0,0
2021-05-12 04:30,3,3,0,0,0,0
2021-05-12 04:45,3,2,1,0,0,0
2021-05-12 05:00,6,6,0,0,0,0
2021-05-12 05:15,8,4,4,0,0,0
2021-05-12 05:30,11,9,2,0,0,0
2021-05-12 05:45,18,12,6,0,0,0
2021-05-12 06:00,22,14,8,0,0,0
2021-05-12 06:15,32,21,11,0,0,0
2021-05-12 06:30,35,21,14,0,0,0
2021-05-12 06:45,53,32,21,0,0,0
2021-05-12 07:00,74,45,29,0,0,0
2021-05-12 07:15,92,63,29,0,0,0
2021-05-12 07:30,137,91,46,0,0,0
2021-05-12 07:45,149,94,55,0,0,0
2021-05-12 08:00,113,68,45,0,0,0
2021-05-12 08:15,126,83,43,0,0,0
2021-05-12 08:30,134,81,53,0,0,0
2021-05-12 08:45,125,79,46,0,0,0
2021-05-12 09:00,101,64,37,0,0,0
2021-05-12 09:15,103,71,32,0,0,0
2021-05-12 09:30,113,71,42,0,0,0
2021-05-12 09:45,105,70,35,0,0,0
2021-05-12 10:00,104,72,32,0,0,0
2021-05-12 10:15,108,52,56,0,0,0
2021-05-12 10:30,103,63,40,0,0,0
2021-05-12 10:45,117,66,51,0,0,0
2021-05-12 11:00,137,63,74,0,0,0
2021-05-12 11:15,118,53,65,0,0,0
2021-05-12 11:30,116,53,63,0,0,0
2021-05-12 11:45,151,74,77,0,0,0
2021-05-12 12:00,158,66,92,0,0,0
2021-05-12 12:15,145,57,88,0,0,0
2021-05-12 12:30,150,69,81,0,0,0
2021-05-12 12:45,121,64,57,0,0,0
2021-05-12 13:00,154,67,87,0,0,0
2021-05-12 13:15,153,51,102,0,0,0
2021-05-12 13:30,126,47,79,0,0,0
2021-05-12 13:45,149,70,79,0,0,0
2021-05-12 14:00,146,61,85,0,0,0
2021-05-12 14:15,145,49,96,0,0,0
2021-05-12 14:30,125,51,74,0,0,0
2021-05-12 14:45,134,50,84,0,0,0
2021-05-12 15:00,146,53,93,0,0,0
2021-05-12 15:15,94,34,60,0,0,0
2021-05-12 15:30,130,50,80,0,0,0
2021-05-12 15:45,128,53,75,0,0,0
2021-05-12 16:00,145,54,91,0,0,0
2021-05-12 16:15,152,66,86,0,0,0
2021-05-12 16:30,161,74,87,0,0,0
2021-05-12 16:45,137,50,87,0,0,0
2021-05-12 17:00,168,62,106,0,0,0
2021-05-12 17:15,147,54,93,0,0,0
2021-05-12 17:30,158,64,94,0,0,0
2021-05-12 17:45,166,59,107,0,0,0
2021-05-12 18:00,179,72,107,0,0,0
2021-05-12 18:15,137,53,84,0,0,0
2021-05-12 18:30,114,43,71,0,0,0
2021-05-12 18:45,120,50,70,0,0,0
2021-05-12 19:00,122,38,84,0,0,0
2021-05-12 19:15,92,36,56,0,0,0
2021-05-12 19:30,94,28,66,0,0,0
2021-05-12 19:45,69,25,44,0,0,0
2021-05-12 20:00,82,26,56,0,0,0
2021-05-12 20:15,55,25,30,0,0,0
2021-05-12 20:30,43,16,27,0,0,0
2021-05-12 20:45,35,14,21,0,0,0
2021-05-12 21:00,40,14,26,0,0,0
2021-05-12 21:15,44,8,36,0,0,0
2021-05-12 21:30,33,13,20,0,0,0
2021-05-12 21:45,22,15,7,0,0,0
2021-05-12 22:00,28,15,13,0,0,0
2021-05-12 22:15,24,5,19,0,0,0
2021-05-12 22:30,24,9,15,0,0,0
2021-05-12 22:45,16,3,13,0,0,0
2021-05-12 23:00,35,13,22,0,0,0
2021-05-12 23:15,14,5,9,0,0,0
2021-05-12 23:30,16,7,9,0,0,0
2021-05-12 23:45,14,4,10,0,0,0
2021-05-13 00:00,13,8,5,0,0,0
2021-05-13 00:15,15,8,7,0,0,0
2021-05-13 00:30,10,6,4,0,0,0
2021-05-13 00:45,17,5,12,0,0,0
2021-05-13 01:00,9,5,4,0,0,0
2021-05-13 01:15,9,3,6,0,0,0
2021-05-13 01:30,13,7,6,0,0,0
2021-05-13 01:45,9,4,5,0,0,0
2021-05-13 02:00,10,5,5,0,0,0
2021-05-13 02:15,13,5,8,0,0,0
2021-05-13 02:30,6,4,2,0,0,0
2021-05-13 02:45,1,1,0,0,0,0
2021-05-13 03:00,7,2,5,0,0,0
2021-05-13 03:15,5,2,3,0,0,0
2021-05-13 03:30,4,1,3,0,0,0
2021-05-13 03:45,5,0,5,0,0,0
2021-05-13 04:00,2,1,1,0,0,0
2021-05-13 04:15,2,1,1,0,0,0
2021-05-13 04:30,2,1,1,0,0,0
2021-05-13 04:45,4,2,2,0,0,0
2021-05-13 05:00,3,1,2,0,0,0
2021-05-13 05:15,6,3,3,0,0,0
2021-05-13 05:30,5,2,3,0,0,0
2021-05-13 05:45,4,1,3,0,0,0
2021-05-13 06:00,7,3,4,0,0,0
2021-05-13 06:15,2,1,1,0,0,0
2021-05-13 06:30,3,2,1,0,0,0
2021-05-13 06:45,3,1,2,0,0,0
2021-05-13 07:00,4,1,3,0,0,0
2021-05-13 07:15,8,6,2,0,0,0
2021-05-13 07:30,14,9,5,0,0,0
2021-05-13 07:45,9,5,4,0,0,0
2021-05-13 08:00,15,8,7,0,0,0
2021-05-13 08:15,12,8,4,0,0,0
2021-05-13 08:30,15,8,7,0,0,0
2021-05-13 08:45,34,21,13,0,0,0
2021-05-13 09:00,15,9,6,0,0,0
2021-05-13 09:15,29,12,17,0,0,0
2021-05-13 09:30,38,28,10,0,0,0
2021-05-13 09:45,50,32,18,0,0,0
2021-05-13 10:00,41,24,17,0,0,0
2021-05-13 10:15,42,17,25,0,0,0
2021-05-13 10:30,64,32,32,0,0,0
2021-05-13 10:45,69,29,40,0,0,0
2021-05-13 11:00,57,30,27,0,0,0
2021-05-13 11:15,66,37,29,0,0,0
2021-05-13 11:30,63,24,39,0,0,0
2021-05-13 11:45,76,41,35,0,0,0
2021-05-13 12:00,64,41,23,0,0,0
2021-05-13 12:15,83,41,42,0,0,0
2021-05-13 12:30,60,21,39,0,0,0
2021-05-13 12:45,38,17,21,0,0,0
2021-05-13 13:00,61,27,34,0,0,0
2021-05-13 13:15,72,36,36,0,0,0
2021-05-13 13:30,71,36,35,0,0,0
2021-05-13 13:45,68,35,33,0,0,0
2021-05-13 14:00,71,37,34,0,0,0
2021-05-13 14:15,80,46,34,0,0,0
2021-05-13 14:30,77,43,34,0,0,0
2021-05-13 14:45,74,35,39,0,0,0
2021-05-13 15:00,81,38,43,0,0,0
2021-05-13 15:15,88,48,40,0,0,0
2021-05-13 15:30,91,42,49,0,0,0
2021-05-13 15:45,93,36,57,0,0,0
2021-05-13 16:00,79,20,59,0,0,0
2021-05-13 16:15,67,41,26,0,0,0
2021-05-13 16:30,76,32,44,0,0,0
2021-05-13 16:45,80,32,48,0,0,0
2021-05-13 17:00,66,28,38,0,0,0
2021-05-13 17:15,92,31,61,0,0,0
2021-05-13 17:30,85,32,53,0,0,0
2021-05-13 17:45,48,29,19,0,0,0
2021-05-13 18:00,67,32,35,0,0,0
2021-05-13 18:15,71,38,33,0,0,0
2021-05-13 18:30,73,35,38,0,0,0
2021-05-13 18:45,73,23,50,0,0,0
2021-05-13 19:00,71,27,44,0,0,0
2021-05-13 19:15,40,14,26,0,0,0
2021-05-13 19:30,69,32,37,0,0,0
2021-05-13 19:45,77,30,47,0,0,0
2021-05-13 20:00,62,22,40,0,0,0
2021-05-13 20:15,47,14,33,0,0,0
2021-05-13 20:30,46,19,27,0,0,0
2021-05-13 20:45,35,7,28,0,0,0
2021-05-13 21:00,28,10,18,0,0,0
2021-05-13 21:15,31,11,20,0,0,0
2021-05-13 21:30,32,13,19,0,0,0
2021-05-13 21:45,24,11,13,0,0,0
2021-05-13 22:00,16,5,11,0,0,0
2021-05-13 22:15,17,10,7,0,0,0
2021-05-13 22:30,23,8,15,0,0,0
2021-05-13 22:45,32,18,14,0,0,0
2021-05-13 23:00,34,14,20,0,0,0
2021-05-13 23:15,28,15,13,0,0,0
2021-05-13 23:30,22,7,15,0,0,0
2021-05-13 23:45,19,5,14,0,0,0
2021-05-14 00:00,17,5,12,0,0,0
2021-05-14 00:15,13,3,10,0,0,0
2021-05-14 00:30,12,4,8,0,0,0
2021-05-14 00:45,8,3,5,0,0,0
2021-05-14 01:00,5,1,4,0,0,0
2021-05-14 01:15,8,3,5,0,0,0
2021-05-14 01:30,8,5,3,0,0,0
2021-05-14 01:45,6,1,5,0,0,0
2021-05-14 02:00,0,0,0,0,0,0
2021-05-14 02:15,1,1,0,0,0,0
2021-05-14 02:30,1,0,1,0,0,0
2021-05-14 02:45,5,3,2,0,0,0
2021-05-14 03:00,1,1,0,0,0,0
2021-05-14 03:15,3,3,0,0,0,0
2021-05-14 03:30,2,2,0,0,0,0
2021-05-14 03:45,1,1,0,0,0,0
2021-05-14 04:00,1,1,0,0,0,0
2021-05-14 04:15,1,1,0,0,0,0
2021-05-14 04:30,2,2,0,0,0,0
2021-05-14 04:45,4,3,1,0,0,0
2021-05-14 05:00,1,1,0,0,0,0
2021-05-14 05:15,7,2,5,0,0,0
2021-05-14 05:30,9,4,5,0,0,0
2021-05-14 05:45,14,11,3,0,0,0
2021-05-14 06:00,14,9,5,0,0,0
2021-05-14 06:15,13,11,2,0,0,0
2021-05-14 06:30,15,7,8,0,0,0
2021-05-14 06:45,34,21,13,0,0,0
2021-05-14 07:00,36,22,14,0,0,0
2021-05-14 07:15,46,29,17,0,0,0
2021-05-14 07:30,48,41,7,0,0,0
2021-05-14 07:45,74,45,29,0,0,0
2021-05-14 08:00,53,37,16,0,0,0
2021-05-14 08:15,58,36,22,0,0,0
2021-05-14 08:30,72,46,26,0,0,0
2021-05-14 08:45,76,49,27,0,0,0
2021-05-14 09:00,48,33,15,0,0,0
2021-05-14 09:15,56,27,29,0,0,0
2021-05-14 09:30,59,40,19,0,0,0
2021-05-14 09:45,68,47,21,0,0,0
2021-05-14 10:00,63,36,27,0,0,0
2021-05-14 10:15,82,49,33,0,0,0
2021-05-14 10:30,79,41,38,0,0,0
2021-05-14 10:45,94,64,30,0,0,0
2021-05-14 11:00,91,51,40,0,0,0
2021-05-14 11:15,113,56,57,0,0,0
2021-05-14 11:30,86,52,34,0,0,0
2021-05-14 11:45,127,69,58,0,0,0
2021-05-14 12:00,117,55,62,0,0,0
2021-05-14 12:15,125,61,64,0,0,0
2021-05-14 12:30,129,64,65,0,0,0
2021-05-14 12:45,163,68,95,0,0,0
2021-05-14 13:00,166,64,102,0,0,0
2021-05-14 13:15,137,63,74,0,0,0
2021-05-14 13:30,153,83,70,0,0,0
2021-05-14 13:45,148,82,66,0,0,0
2021-05-14 14:00,155,67,88,0,0,0
2021-05-14 14:15,154,72,82,0,0,0
2021-05-14 14:30,125,52,73,0,0,0
2021-05-14 14:45,144,60,84,0,0,0
2021-05-14 15:00,138,53,85,0,0,0
2021-05-14 15:15,181,89,92,0,0,0
2021-05-14 15:30,138,61,77,0,0,0
2021-05-14 15:45,158,76,82,0,0,0
2021-05-14 16:00,157,67,90,0,0,0
2021-05-14 16:15,148,66,82,0,0,0
2021-05-14 16:30,140,64,76,0,0,0
2021-05-14 16:45,137,65,72,0,0,0
2021-05-14 17:00,149,72,77,0,0,0
2021-05-14 17:15,139,43,96,0,0,0
2021-05-14 17:30,122,53,69,0,0,0
2021-05-14 17:45,142,56,86,0,0,0
2021-05-14 18:00,173,65,108,0,0,0
2021-05-14 18:15,115,34,81,0,0,0
2021-05-14 18:30,117,53,64,0,0,0
2021-05-14 18:45,115,45,70,0,0,0
2021-05-14 19:00,104,40,64,0,0,0
2021-05-14 19:15,100,49,51,0,0,0
2021-05-14 19:30,75,23,52,0,0,0
2021-05-14 19:45,82,34,48,0,0,0
2021-05-14 20:00,68,25,43,0,0,0
2021-05-14 20:15,64,27,37,0,0,0
2021-05-14 20:30,54,31,23,0,0,0
2021-05-14 20:45,44,19,25,0,0,0
2021-05-14 21:00,43,16,27,0,0,0
2021-05-14 21:15,36,16,20,0,0,0
2021-05-14 21:30,30,13,17,0,0,0
2021-05-14 21:45,31,8,23,0,0,0
2021-05-14 22:00,25,11,14,0,0,0
2021-05-14 22:15,23,11,12,0,0,0
2021-05-14 22:30,27,15,12,0,0,0
2021-05-14 22:45,25,9,16,0,0,0
2021-05-14 23:00,10,2,8,0,0,0
2021-05-14 23:15,17,4,13,0,0,0
2021-05-14 23:30,15,5,10,0,0,0
2021-05-14 23:45,12,3,9,0,0,0
2021-05-15 00:00,13,3,10,0,0,0
2021-05-15 00:15,20,8,12,0,0,0
2021-05-15 00:30,17,7,10,0,0,0
2021-05-15 00:45,16,5,11,0,0,0
2021-05-15 01:00,7,3,4,0,0,0
2021-05-15 01:15,5,2,3,0,0,0
2021-05-15 01:30,9,7,2,0,0,0
2021-05-15 01:45,8,2,6,0,0,0
2021-05-15 02:00,14,1,13,0,0,0
2021-05-15 02:15,7,1,6,0,0,0
2021-05-15 02:30,6,4,2,0,0,0
2021-05-15 02:45,6,2,4,0,0,0
2021-05-15 03:00,4,3,1,0,0,0
2021-05-15 03:15,4,1,3,0,0,0
2021-05-15 03:30,6,2,4,0,0,0
2021-05-15 03:45,2,0,2,0,0,0
2021-05-15 04:00,3,2,1,0,0,0
2021-05-15 04:15,2,2,0,0,0,0
2021-05-15 04:30,0,0,0,0,0,0
2021-05-15 04:45,5,3,2,0,0,0
2021-05-15 05:00,3,1,2,0,0,0
2021-05-15 05:15,7,2,5,0,0,0
2021-05-15 05:30,7,3,4,0,0,0
2021-05-15 05:45,12,7,5,0,0,0
2021-05-15 06:00,7,4,3,0,0,0
2021-05-15 06:15,8,7,1,0,0,0
2021-05-15 06:30,4,3,1,0,0,0
2021-05-15 06:45,14,8,6,0,0,0
2021-05-15 07:00,18,14,4,0,0,0
2021-05-15 07:15,18,11,7,0,0,0
2021-05-15 07:30,25,15,10,0,0,0
2021-05-15 07:45,29,15,14,0,0,0
2021-05-15 08:00,41,28,13,0,0,0
2021-05-15 08:15,38,20,18,0,0,0
2021-05-15 08:30,47,33,14,0,0,0
2021-05-15 08:45,72,49,23,0,0,0
2021-05-15 09:00,56,37,19,0,0,0
2021-05-15 09:15,66,36,30,0,0,0
2021-05-15 09:30,90,51,39,0,0,0
2021-05-15 09:45,87,54,33,0,0,0
2021-05-15 10:00,73,38,35,0,0,0
2021-05-15 10:15,86,60,26,0,0,0
2021-05-15 10:30,115,77,38,0,0,0
2021-05-15 10:45,121,76,45,0,0,0
2021-05-15 11:00,93,58,35,0,0,0
2021-05-15 11:15,139,72,67,0,0,0
2021-05-15 11:30,99,58,41,0,0,0
2021-05-15 11:45,129,79,50,0,0,0
2021-05-15 12:00,124,63,61,0,0,0
2021-05-15 12:15,115,57,58,0,0,0
2021-05-15 12:30,110,44,66,0,0,0
2021-05-15 12:45,116,57,59,0,0,0
2021-05-15 13:00,120,51,69,0,0,0
2021-05-15 13:15,125,60,65,0,0,0
2021-05-15 13:30,151,89,62,0,0,0
2021-05-15 13:45,156,74,82,0,0,0
2021-05-15 14:00,131,54,77,0,0,0
2021-05-15 14:15,132,51,81,0,0,0
2021-05-15 14:30,110,43,67,0,0,0
2021-05-15 14:45,124,51,73,0,0,0
2021-05-15 15:00,109,42,67,0,0,0
2021-05-15 15:15,131,42,89,0,0,0
2021-05-15 15:30,86,38,48,0,0,0
2021-05-15 15:45,87,39,48,0,0,0
2021-05-15 16:00,104,40,64,0,0,0
2021-05-15 16:15,89,38,51,0,0,0
2021-05-15 16:30,78,33,45,0,0,0
2021-05-15 16:45,75,31,44,0,0,0
2021-05-15 17:00,79,39,40,0,0,0
2021-05-15 17:15,87,37,50,0,0,0
2021-05-15 17:30,88,38,50,0,0,0
2021-05-15 17:45,85,36,49,0,0,0
2021-05-15 18:00,88,32,56,0,0,0
2021-05-15 18:15,42,15,27,0,0,0
2021-05-15 18:30,52,9,43,0,0,0
2021-05-15 18:45,42,10,32,0,0,0
2021-05-15 19:00,62,18,44,0,0,0
2021-05-15 19:15,51,19,32,0,0,0
2021-05-15 19:30,52,21,31,0,0,0
2021-05-15 19:45,58,25,33,0,0,0
2021-05-15 20:00,41,24,17,0,0,0
2021-05-15 20:15,34,11,23,0,0,0
2021-05-15 20:30,37,12,25,0,0,0
2021-05-15 20:45,32,13,19,0,0,0
2021-05-15 21:00,24,8,16,0,0,0
2021-05-15 21:15,29,14,15,0,0,0
2021-05-15 21:30,20,7,13,0,0,0
2021-05-15 21:45,24,13,11,0,0,0
2021-05-15 22:00,13,5,8,0,0,0
2021-05-15 22:15,23,11,12,0,0,0
2021-05-15 22:30,15,8,7,0,0,0
2021-05-15 22:45,9,4,5,0,0,0
2021-05-15 23:00,12,2,10,0,0,0
2021-05-15 23:15,12,7,5,0,0,0
2021-05-15 23:30,16,9,7,0,0,0
2021-05-15 23:45,18,6,12,0,0,0
2021-05-16 00:00,9,2,7,0,0,0
2021-05-16 00:15,8,2,6,0,0,0
2021-05-16 00:30,15,6,9,0,0,0
2021-05-16 00:45,12,6,6,0,0,0
2021-05-16 01:00,20,8,12,0,0,0
2021-05-16 01:15,12,6,6,0,0,0
2021-05-16 01:30,10,5,5,0,0,0
2021-05-16 01:45,11,1,10,0,0,0
2021-05-16 02:00,6,5,1,0,0,0
2021-05-16 02:15,7,5,2,0,0,0
2021-05-16 02:30,11,8,3,0,0,0
2021-05-16 02:45,2,1,1,0,0,0
2021-05-16 03:00,7,5,2,0,0,0
2021-05-16 03:15,13,2,11,0,0,0
2021-05-16 03:30,2,2,0,0,0,0
2021-05-16 03:45,3,1,2,0,0,0
2021-05-16 04:00,1,1,0,0,0,0
2021-05-16 04:15,1,0,1,0,0,0
2021-05-16 04:30,3,0,3,0,0,0
2021-05-16 04:45,5,1,4,0,0,0
2021-05-16 05:00,2,0,2,0,0,0
2021-05-16 05:15,5,2,3,0,0,0
2021-05-16 05:30,7,4,3,0,0,0
2021-05-16 05:45,4,3,1,0,0,0
2021-05-16 06:00,4,3,1,0,0,0
2021-05-16 06:15,4,1,3,0,0,0
2021-05-16 06:30,3,2,1,0,0,0
2021-05-16 06:45,3,2,1,0,0,0
2021-05-16 07:00,1,0,1,0,0,0
2021-05-16 07:15,2,2,0,0,0,0
2021-05-16 07:30,6,3,3,0,0,0
2021-05-16 07:45,7,5,2,0,0,0
2021-05-16 08:00,11,5,6,0,0,0
2021-05-16 08:15,9,5,4,0,0,0
2021-05-16 08:30,11,6,5,0,0,0
2021-05-16 08:45,17,8,9,0,0,0
2021-05-16 09:00,15,11,4,0,0,0
2021-05-16 09:15,12,8,4,0,0,0
2021-05-16 09:30,20,11,9,0,0,0
2021-05-16 09:45,25,14,11,0,0,0
2021-05-16 10:00,33,15,18,0,0,0
2021-05-16 10:15,33,19,14,0,0,0
2021-05-16 10:30,36,18,18,0,0,0
2021-05-16 10:45,32,21,11,0,0,0
2021-05-16 11:00,33,18,15,0,0,0
2021-05-16 11:15,24,16,8,0,0,0
2021-05-16 11:30,40,24,16,0,0,0
2021-05-16 11:45,57,41,16,0,0,0
2021-05-16 12:00,48,26,22,0,0,0
2021-05-16 12:15,44,24,20,0,0,0
2021-05-16 12:30,52,26,26,0,0,0
2021-05-16 12:45,64,34,30,0,0,0
2021-05-16 13:00,42,25,17,0,0,0
2021-05-16 13:15,48,28,20,0,0,0
2021-05-16 13:30,45,28,17,0,0,0
2021-05-16 13:45,58,27,31,0,0,0
2021-05-16 14:00,62,36,26,0,0,0
2021-05-16 14:15,50,21,29,0,0,0
2021-05-16 14:30,39,18,21,0,0,0
2021-05-16 14:45,84,41,43,0,0,0
2021-05-16 15:00,78,39,39,0,0,0
2021-05-16 15:15,81,56,25,0,0,0
2021-05-16 15:30,88,54,34,0,0,0
2021-05-16 15:45,78,35,43,0,0,0
2021-05-16 16:00,78,36,42,0,0,0
2021-05-16 16:15,69,24,45,0,0,0
2021-05-16 16:30,66,32,34,0,0,0
2021-05-16 16:45,92,32,60,0,0,0
2021-05-16 17:00,75,30,45,0,0,0
2021-05-16 17:15,81,31,50,0,0,0
2021-05-16 17:30,66,35,31,0,0,0
2021-05-16 17:45,67,19,48,0,0,0
2021-05-16 18:00,65,19,46,0,0,0
2021-05-16 18:15,72,27,45,0,0,0
2021-05-16 18:30,61,28,33,0,0,0
2021-05-16 18:45,42,16,26,0,0,0
2021-05-16 19:00,44,15,29,0,0,0
2021-05-16 19:15,50,15,35,0,0,0
2021-05-16 19:30,45,11,34,0,0,0
2021-05-16 19:45,44,14,30,0,0,0
2021-05-16 20:00,29,11,18,0,0,0
2021-05-16 20:15,27,14,13,0,0,0
2021-05-16 20:30,28,14,14,0,0,0
2021-05-16 20:45,31,15,16,0,0,0
2021-05-16 21:00,24,7,17,0,0,0
2021-05-16 21:15,19,9,10,0,0,0
2021-05-16 21:30,19,8,11,0,0,0
2021-05-16 21:45,14,7,7,0,0,0
2021-05-16 22:00,15,7,8,0,0,0
2021-05-16 22:15,11,5,6,0,0,0
2021-05-16 22:30,11,5,6,0,0,0
2021-05-16 22:45,15,3,12,0,0,0
2021-05-16 23:00,7,4,3,0,0,0
2021-05-16 23:15,4,2,2,0,0,0
2021-05-16 23:30,7,4,3,0,0,0
2021-05-16 23:45,9,5,4,0,0,0
2021-05-17 00:00,6,1,5,0,0,0
2021-05-17 00:15,3,0,3,0,0,0
2021-05-17 00:30,2,1,1,0,0,0
2021-05-17 00:45,0,0,0,0,0,0
2021-05-17 01:00,2,2,0,0,0,0
2021-05-17 01:15,0,0,0,0,0,0
2021-05-17 01:30,0,0,0,0,0,0
2021-05-17 01:45,0,0,0,0,0,0
2021-05-17 02:00,2,1,1,0,0,0
2021-05-17 02:15,2,0,2,0,0,0
2021-05-17 02:30,0,0,0,0,0,0
2021-05-17 02:45,1,1,0,0,0,0
2021-05-17 03:00,1,1,0,0,0,0
2021-05-17 03:15,0,0,0,0,0,0
2021-05-17 03:30,1,1,0,0,0,0
2021-05-17 03:45,0,0,0,0,0,0
2021-05-17 04:00,2,2,0,0,0,0
2021-05-17 04:15,1,1,0,0,0,0
2021-05-17 04:30,2,2,0,0,0,0
2021-05-17 04:45,3,3,0,0,0,0
2021-05-17 05:00,2,2,0,0,0,0
2021-05-17 05:15,5,3,2,0,0,0
2021-05-17 05:30,8,6,2,0,0,0
2021-05-17 05:45,18,15,3,0,0,0
2021-05-17 06:00,17,10,7,0,0,0
2021-05-17 06:15,26,19,7,0,0,0
2021-05-17 06:30,24,17,7,0,0,0
2021-05-17 06:45,44,29,15,0,0,0
2021-05-17 07:00,64,41,23,0,0,0
2021-05-17 07:15,96,63,33,0,0,0
2021-05-17 07:30,113,75,38,0,0,0
2021-05-17 07:45,130,84,46,0,0,0
2021-05-17 08:00,96,61,35,0,0,0
2021-05-17 08:15,97,61,36,0,0,0
2021-05-17 08:30,98,64,34,0,0,0
2021-05-17 08:45,111,78,33,0,0,0
2021-05-17 09:00,80,54,26,0,0,0
2021-05-17 09:15,78,39,39,0,0,0
2021-05-17 09:30,65,42,23,0,0,0
2021-05-17 09:45,74,52,22,0,0,0
2021-05-17 10:00,77,41,36,0,0,0
2021-05-17 10:15,73,37,36,0,0,0
2021-05-17 10:30,70,38,32,0,0,0
2021-05-17 10:45,72,35,37,0,0,0
2021-05-17 11:00,78,34,44,0,0,0
2021-05-17 11:15,64,24,40,0,0,0
2021-05-17 11:30,75,41,34,0,0,0
2021-05-17 11:45,88,53,35,0,0,0
2021-05-17 12:00,101,51,50,0,0,0
2021-05-17 12:15,107,42,65,0,0,0
2021-05-17 12:30,90,35,55,0,0,0
2021-05-17 12:45,110,54,56,0,0,0
2021-05-17 13:00,117,45,72,0,0,0
2021-05-17 13:15,119,53,66,0,0,0
2021-05-17 13:30,94,35,59,0,0,0
2021-05-17 13:45,112,58,54,0,0,0
2021-05-17 14:00,129,57,72,0,0,0
2021-05-17 14:15,101,38,63,0,0,0
2021-05-17 14:30,65,23,42,0,0,0
2021-05-17 14:45,104,42,62,0,0,0
2021-05-17 15:00,96,29,67,0,0,0
2021-05-17 15:15,82,33,49,0,0,0
2021-05-17 15:30,85,27,58,0,0,0
2021-05-17 15:45,87,41,46,0,0,0
2021-05-17 16:00,126,46,80,0,0,0
2021-05-17 16:15,119,51,68,0,0,0
2021-05-17 16:30,122,44,78,0,0,0
2021-05-17 16:45,151,56,95,0,0,0
2021-05-17 17:00,133,45,88,0,0,0
2021-05-17 17:15,107,25,82,0,0,0
2021-05-17 17:30,125,46,79,0,0,0
2021-05-17 17:45,139,34,105,0,0,0
2021-05-17 18:00,113,26,87,0,0,0
2021-05-17 18:15,111,31,80,0,0,0
2021-05-17 18:30,80,30,50,0,0,0
2021-05-17 18:45,78,24,54,0,0,0
2021-05-17 19:00,70,17,53,0,0,0
2021-05-17 19:15,56,19,37,0,0,0
2021-05-17 19:30,61,11,50,0,0,0
2021-05-17 19:45,39,12,27,0,0,0
2021-05-17 20:00,34,14,20,0,0,0
2021-05-17 20:15,22,5,17,0,0,0
2021-05-17 20:30,29,5,24,0,0,0
2021-05-17 20:45,17,5,12,0,0,0
2021-05-17 21:00,22,9,13,0,0,0
2021-05-17 21:15,18,5,13,0,0,0
2021-05-17 21:30,14,6,8,0,0,0
2021-05-17 21:45,16,5,11,0,0,0
2021-05-17 22:00,15,7,8,0,0,0
2021-05-17 22:15,12,5,7,0,0,0
2021-05-17 22:30,9,5,4,0,0,0
2021-05-17 22:45,6,2,4,0,0,0
2021-05-17 23:00,7,1,6,0,0,0
2021-05-17 23:15,10,4,6,0,0,0
2021-05-17 23:30,7,2,5,0,0,0
2021-05-17 23:45,2,0,2,0,0,0
2021-05-18 00:00,6,5,1,0,0,0
2021-05-18 00:15,9,4,5,0,0,0
2021-05-18 00:30,11,3,8,0,0,0
2021-05-18 00:45,3,0,3,0,0,0
2021-05-18 01:00,1,0,1,0,0,0
2021-05-18 01:15,2,1,1,0,0,0
2021-05-18 01:30,0,0,0,0,0,0
2021-05-18 01:45,1,0,1,0,0,0
2021-05-18 02:00,0,0,0,0,0,0
2021-05-18 02:15,0,0,0,0,0,0
2021-05-18 02:30,1,0,1,0,0,0
2021-05-18 02:45,0,0,0,0,0,0
2021-05-18 03:00,1,0,1,0,0,0
2021-05-18 03:15,1,0,1,0,0,0
2021-05-18 03:30,2,0,2,0,0,0
2021-05-18 03:45,0,0,0,0,0,0
2021-05-18 04:00,1,1,0,0,0,0
2021-05-18 04:15,2,1,1,0,0,0
2021-05-18 04:30,3,3,0,0,0,0
2021-05-18 04:45,2,2,0,0,0,0
2021-05-18 05:00,3,3,0,0,0,0
2021-05-18 05:15,8,6,2,0,0,0
2021-05-18 05:30,12,11,1,0,0,0
2021-05-18 05:45,24,20,4,0,0,0
2021-05-18 06:00,23,14,9,0,0,0
2021-05-18 06:15,40,33,7,0,0,0
2021-05-18 06:30,28,19,9,0,0,0
2021-05-18 06:45,47,33,14,0,0,0
2021-05-18 07:00,61,32,29,0,0,0
2021-05-18 07:15,92,65,27,0,0,0
2021-05-18 07:30,138,97,41,0,0,0
2021-05-18 07:45,173,113,60,0,0,0
2021-05-18 08:00,125,76,49,0,0,0
2021-05-18 08:15,106,65,41,0,0,0
2021-05-18 08:30,108,68,40,0,0,0
2021-05-18 08:45,97,63,34,0,0,0
2021-05-18 09:00,82,54,28,0,0,0
2021-05-18 09:15,61,44,17,0,0,0
2021-05-18 09:30,75,52,23,0,0,0
2021-05-18 09:45,73,42,31,0,0,0
2021-05-18 10:00,59,39,20,0,0,0
2021-05-18 10:15,76,42,34,0,0,0
2021-05-18 10:30,74,40,34,0,0,0
2021-05-18 10:45,77,38,39,0,0,0
2021-05-18 11:00,82,51,31,0,0,0
2021-05-18 11:15,74,40,34,0,0,0
2021-05-18 11:30,93,42,51,0,0,0
2021-05-18 11:45,110,51,59,0,0,0
2021-05-18 12:00,70,19,51,0,0,0
2021-05-18 12:15,73,24,49,0,0,0
2021-05-18 12:30,64,19,45,0,0,0
2021-05-18 12:45,77,29,48,0,0,0
2021-05-18 13:00,114,48,66,0,0,0
2021-05-18 13:15,79,24,55,0,0,0
2021-05-18 13:30,74,34,40,0,0,0
2021-05-18 13:45,105,51,54,0,0,0
2021-05-18 14:00,84,37,47,0,0,0
2021-05-18 14:15,110,48,62,0,0,0
2021-05-18 14:30,101,37,64,0,0,0
2021-05-18 14:45,134,61,73,0,0,0
2021-05-18 15:00,127,54,73,0,0,0
2021-05-18 15:15,110,46,64,0,0,0
2021-05-18 15:30,157,69,88,0,0,0
2021-05-18 15:45,149,59,90,0,0,0
2021-05-18 16:00,135,48,87,0,0,0
2021-05-18 16:15,143,59,84,0,0,0
2021-05-18 16:30,145,74,71,0,0,0
2021-05-18 16:45,153,80,73,0,0,0
2021-05-18 17:00,172,65,107,0,0,0
2021-05-18 17:15,140,54,86,0,0,0
2021-05-18 17:30,129,50,79,0,0,0
2021-05-18 17:45,148,57,91,0,0,0
2021-05-18 18:00,163,53,110,0,0,0
2021-05-18 18:15,117,44,73,0,0,0
2021-05-18 18:30,121,47,74,0,0,0
2021-05-18 18:45,112,38,74,0,0,0
2021-05-18 19:00,115,37,78,0,0,0
2021-05-18 19:15,87,31,56,0,0,0
2021-05-18 19:30,70,29,41,0,0,0
2021-05-18 19:45,70,23,47,0,0,0
2021-05-18 20:00,59,26,33,0,0,0
2021-05-18 20:15,66,20,46,0,0,0
2021-05-18 20:30,51,23,28,0,0,0
2021-05-18 20:45,35,12,23,0,0,0
2021-05-18 21:00,33,15,18,0,0,0
2021-05-18 21:15,27,11,16,0,0,0
2021-05-18 21:30,24,5,19,0,0,0
2021-05-18 21:45,21,7,14,0,0,0
2021-05-18 22:00,27,12,15,0,0,0
2021-05-18 22:15,27,12,15,0,0,0
2021-05-18 22:30,28,11,17,0,0,0
2021-05-18 22:45,16,6,10,0,0,0
2021-05-18 23:00,14,6,8,0,0,0
2021-05-18 23:15,21,8,13,0,0,0
2021-05-18 23:30,10,3,7,0,0,0
2021-05-18 23:45,14,5,9,0,0,0
2021-05-19 00:00,7,4,3,0,0,0
2021-05-19 00:15,12,4,8,0,0,0
2021-05-19 00:30,3,0,3,0,0,0
2021-05-19 00:45,5,0,5,0,0,0
2021-05-19 01:00,4,2,2,0,0,0
2021-05-19 01:15,2,0,2,0,0,0
2021-05-19 01:30,4,2,2,0,0,0
2021-05-19 01:45,3,0,3,0,0,0
2021-05-19 02:00,1,1,0,0,0,0
2021-05-19 02:15,1,1,0,0,0,0
2021-05-19 02:30,0,0,0,0,0,0
2021-05-19 02:45,1,0,1,0,0,0
2021-05-19 03:00,1,1,0,0,0,0
2021-05-19 03:15,1,0,1,0,0,0
2021-05-19 03:30,1,1,0,0,0,0
2021-05-19 03:45,0,0,0,0,0,0
2021-05-19 04:00,0,0,0,0,0,0
2021-05-19 04:15,1,1,0,0,0,0
2021-05-19 04:30,4,3,1,0,0,0
2021-05-19 04:45,3,2,1,0,0,0
2021-05-19 05:00,5,4,1,0,0,0
2021-05-19 05:15,4,2,2,0,0,0
2021-05-19 05:30,14,11,3,0,0,0
2021-05-19 05:45,24,18,6,0,0,0
2021-05-19 06:00,22,16,6,0,0,0
2021-05-19 06:15,31,21,10,0,0,0
2021-05-19 06:30,32,21,11,0,0,0
2021-05-19 06:45,64,45,19,0,0,0
2021-05-19 07:00,71,45,26,0,0,0
2021-05-19 07:15,98,64,34,0,0,0
2021-05-19 07:30,140,88,52,0,0,0
2021-05-19 07:45,147,86,61,0,0,0
2021-05-19 08:00,109,76,33,0,0,0
2021-05-19 08:15,125,80,45,0,0,0
2021-05-19 08:30,109,74,35,0,0,0
2021-05-19 08:45,124,84,40,0,0,0
2021-05-19 09:00,86,54,32,0,0,0
2021-05-19 09:15,113,72,41,0,0,0
2021-05-19 09:30,112,81,31,0,0,0
2021-05-19 09:45,102,62,40,0,0,0
2021-05-19 10:00,111,68,43,0,0,0
2021-05-19 10:15,115,64,51,0,0,0
2021-05-19 10:30,127,70,57,0,0,0
2021-05-19 10:45,124,72,52,0,0,0
2021-05-19 11:00,114,55,59,0,0,0
2021-05-19 11:15,126,65,61,0,0,0
2021-05-19 11:30,133,74,59,0,0,0
2021-05-19 11:45,129,61,68,0,0,0
2021-05-19 12:00,142,55,87,0,0,0
2021-05-19 12:15,162,76,86,0,0,0
2021-05-19 12:30,142,71,71,0,0,0
2021-05-19 12:45,132,55,77,0,0,0
2021-05-19 13:00,154,70,84,0,0,0
2021-05-19 13:15,153,76,77,0,0,0
2021-05-19 13:30,121,62,59,0,0,0
2021-05-19 13:45,128,60,68,0,0,0
2021-05-19 14:00,124,39,85,0,0,0
2021-05-19 14:15,127,41,86,0,0,0
2021-05-19 14:30,124,44,80,0,0,0
2021-05-19 14:45,127,55,72,0,0,0
2021-05-19 15:00,126,34,92,0,0,0
2021-05-19 15:15,115,38,77,0,0,0
2021-05-19 15:30,133,57,76,0,0,0
2021-05-19 15:45,153,67,86,0,0,0
2021-05-19 16:00,140,51,89,0,0,0
2021-05-19 16:15,119,48,71,0,0,0
2021-05-19 16:30,135,55,80,0,0,0
2021-05-19 16:45,105,46,59,0,0,0
2021-05-19 17:00,132,46,86,0,0,0
2021-05-19 17:15,123,43,80,0,0,0
2021-05-19 17:30,139,51,88,0,0,0
2021-05-19 17:45,120,53,67,0,0,0
2021-05-19 18:00,118,38,80,0,0,0
2021-05-19 18:15,121,47,74,0,0,0
2021-05-19 18:30,129,57,72,0,0,0
2021-05-19 18:45,91,41,50,0,0,0
2021-05-19 19:00,125,60,65,0,0,0
2021-05-19 19:15,84,29,55,0,0,0
2021-05-19 19:30,70,23,47,0,0,0
2021-05-19 19:45,71,33,38,0,0,0
2021-05-19 20:00,57,17,40,0,0,0
2021-05-19 20:15,49,15,34,0,0,0
2021-05-19 20:30,43,18,25,0,0,0
2021-05-19 20:45,48,18,30,0,0,0
2021-05-19 21:00,38,12,26,0,0,0
2021-05-19 21:15,34,11,23,0,0,0
2021-05-19 21:30,27,11,16,0,0,0
2021-05-19 21:45,40,15,25,0,0,0
2021-05-19 22:00,35,11,24,0,0,0
2021-05-19 22:15,25,7,18,0,0,0
2021-05-19 22:30,18,8,10,0,0,0
2021-05-19 22:45,25,10,15,0,0,0
2021-05-19 23:00,14,4,10,0,0,0
2021-05-19 23:15,15,8,7,0,0,0
2021-05-19 23:30,9,2,7,0,0,0
2021-05-19 23:45,18,6,12,0,0,0
2021-05-20 00:00,12,5,7,0,0,0
2021-05-20 00:15,7,3,4,0,0,0
2021-05-20 00:30,8,2,6,0,0,0
2021-05-20 00:45,0,0,0,0,0,0
2021-05-20 01:00,3,1,2,0,0,0
2021-05-20 01:15,2,0,2,0,0,0
2021-05-20 01:30,4,2,2,0,0,0
2021-05-20 01:45,5,4,1,0,0,0
2021-05-20 02:00,0,0,0,0,0,0
2021-05-20 02:15,3,3,0,0,0,0
2021-05-20 02:30,0,0,0,0,0,0
2021-05-20 02:45,1,1,0,0,0,0
2021-05-20 03:00,2,1,1,0,0,0
2021-05-20 03:15,2,0,2,0,0,0
2021-05-20 03:30,3,1,2,0,0,0
2021-05-20 03:45,1,0,1,0,0,0
2021-05-20 04:00,0,0,0,0,0,0
2021-05-20 04:15,1,1,0,0,0,0
2021-05-20 04:30,2,2,0,0,0,0
2021-05-20 04:45,6,2,4,0,0,0
2021-05-20 05:00,4,3,1,0,0,0
2021-05-20 05:15,9,5,4,0,0,0
2021-05-20 05:30,15,8,7,0,0,0
2021-05-20 05:45,17,14,3,0,0,0
2021-05-20 06:00,22,16,6,0,0,0
2021-05-20 06:15,27,21,6,0,0,0
2021-05-20 06:30,27,15,12,0,0,0
2021-05-20 06:45,49,33,16,0,0,0
2021-05-20 07:00,71,39,32,0,0,0
2021-05-20 07:15,93,60,33,0,0,0
2021-05-20 07:30,105,64,41,0,0,0
2021-05-20 07:45,170,109,61,0,0,0
2021-05-20 08:00,107,71,36,0,0,0
2021-05-20 08:15,115,73,42,0,0,0
2021-05-20 08:30,102,67,35,0,0,0
2021-05-20 08:45,117,76,41,0,0,0
2021-05-20 09:00,74,42,32,0,0,0
2021-05-20 09:15,89,56,33,0,0,0
2021-05-20 09:30,82,60,22,0,0,0
2021-05-20 09:45,106,69,37,0,0,0
2021-05-20 10:00,68,34,34,0,0,0
2021-05-20 10:15,82,43,39,0,0,0
2021-05-20 10:30,80,33,47,0,0,0
2021-05-20 10:45,95,57,38,0,0,0
2021-05-20 11:00,97,45,52,0,0,0
2021-05-20 11:15,93,44,49,0,0,0
2021-05-20 11:30,114,52,62,0,0,0
2021-05-20 11:45,115,51,64,0,0,0
2021-05-20 12:00,96,44,52,0,0,0
2021-05-20 12:15,96,46,50,0,0,0
2021-05-20 12:30,122,47,75,0,0,0
2021-05-20 12:45,121,60,61,0,0,0
2021-05-20 13:00,137,51,86,0,0,0
2021-05-20 13:15,134,59,75,0,0,0
2021-05-20 13:30,105,55,50,0,0,0
2021-05-20 13:45,132,60,72,0,0,0
2021-05-20 14:00,116,41,75,0,0,0
2021-05-20 14:15,137,64,73,0,0,0
2021-05-20 14:30,129,58,71,0,0,0
2021-05-20 14:45,160,80,80,0,0,0
2021-05-20 15:00,129,53,76,0,0,0
2021-05-20 15:15,134,54,80,0,0,0
2021-05-20 15:30,165,78,87,0,0,0
2021-05-20 15:45,154,65,89,0,0,0
2021-05-20 16:00,169,65,104,0,0,0
2021-05-20 16:15,168,72,96,0,0,0
2021-05-20 16:30,158,68,90,0,0,0
2021-05-20 16:45,191,71,120,0,0,0
2021-05-20 17:00,182,69,113,0,0,0
2021-05-20 17:15,183,72,111,0,0,0
2021-05-20 17:30,173,59,114,0,0,0
2021-05-20 17:45,185,70,115,0,0,0
2021-05-20 18:00,165,53,112,0,0,0
2021-05-20 18:15,150,54,96,0,0,0
2021-05-20 18:30,108,40,68,0,0,0
2021-05-20 18:45,125,56,69,0,0,0
2021-05-20 19:00,123,41,82,0,0,0
2021-05-20 19:15,87,26,61,0,0,0
2021-05-20 19:30,76,20,56,0,0,0
2021-05-20 19:45,79,30,49,0,0,0
2021-05-20 20:00,80,30,50,0,0,0
2021-05-20 20:15,59,25,34,0,0,0
2021-05-20 20:30,38,12,26,0,0,0
2021-05-20 20:45,37,13,24,0,0,0
2021-05-20 21:00,40,12,28,0,0,0
2021-05-20 21:15,21,10,11,0,0,0
2021-05-20 21:30,33,6,27,0,0,0
2021-05-20 21:45,24,8,16,0,0,0
2021-05-20 22:00,29,8,21,0,0,0
2021-05-20 22:15,42,13,29,0,0,0
2021-05-20 22:30,27,8,19,0,0,0
2021-05-20 22:45,29,2,27,0,0,0
2021-05-20 23:00,25,12,13,0,0,0
2021-05-20 23:15,11,3,8,0,0,0
2021-05-20 23:30,28,13,15,0,0,0
2021-05-20 23:45,14,6,8,0,0,0
2021-05-21 00:00,11,5,6,0,0,0
2021-05-21 00:15,5,3,2,0,0,0
2021-05-21 00:30,4,2,2,0,0,0
2021-05-21 00:45,10,6,4,0,0,0
2021-05-21 01:00,10,8,2,0,0,0
2021-05-21 01:15,1,0,1,0,0,0
2021-05-21 01:30,2,0,2,0,0,0
2021-05-21 01:45,4,3,1,0,0,0
2021-05-21 02:00,3,1,2,0,0,0
2021-05-21 02:15,2,2,0,0,0,0
2021-05-21 02:30,1,0,1,0,0,0
2021-05-21 02:45,1,0,1,0,0,0
2021-05-21 03:00,0,0,0,0,0,0
2021-05-21 03:15,1,1,0,0,0,0
2021-05-21 03:30,3,0,3,0,0,0
2021-05-21 03:45,0,0,0,0,0,0
2021-05-21 04:00,0,0,0,0,0,0
2021-05-21 04:15,3,3,0,0,0,0
2021-05-21 04:30,1,1,0,0,0,0
2021-05-21 04:45,6,4,2,0,0,0
2021-05-21 05:00,4,4,0,0,0,0
2021-05-21 05:15,7,3,4,0,0,0
2021-05-21 05:30,16,10,6,0,0,0
2021-05-21 05:45,21,16,5,0,0,0
2021-05-21 06:00,21,18,3,0,0,0
2021-05-21 06:15,32,23,9,0,0,0
2021-05-21 06:30,42,29,13,0,0,0
2021-05-21 06:45,41,28,13,0,0,0
2021-05-21 07:00,65,40,25,0,0,0
2021-05-21 07:15,103,64,39,0,0,0
2021-05-21 07:30,120,81,39,0,0,0
2021-05-21 07:45,126,88,38,0,0,0
2021-05-21 08:00,112,67,45,0,0,0
2021-05-21 08:15,100,67,33,0,0,0
2021-05-21 08:30,103,70,33,0,0,0
2021-05-21 08:45,106,66,40,0,0,0
2021-05-21 09:00,79,52,27,0,0,0
2021-05-21 09:15,90,64,26,0,0,0
2021-05-21 09:30,107,76,31,0,0,0
2021-05-21 09:45,116,80,36,0,0,0
2021-05-21 10:00,109,73,36,0,0,0
2021-05-21 10:15,84,40,44,0,0,0
2021-05-21 10:30,111,63,48,0,0,0
2021-05-21 10:45,101,47,54,0,0,0
2021-05-21 11:00,101,50,51,0,0,0
2021-05-21 11:15,111,59,52,0,0,0
2021-05-21 11:30,159,82,77,0,0,0
2021-05-21 11:45,113,66,47,0,0,0
2021-05-21 12:00,141,60,81,0,0,0
2021-05-21 12:15,165,62,103,0,0,0
2021-05-21 12:30,141,53,88,0,0,0
2021-05-21 12:45,121,57,64,0,0,0
2021-05-21 13:00,148,63,85,0,0,0
2021-05-21 13:15,158,56,102,0,0,0
2021-05-21 13:30,136,59,77,0,0,0
2021-05-21 13:45,172,94,78,0,0,0
2021-05-21 14:00,160,70,90,0,0,0
2021-05-21 14:15,152,70,82,0,0,0
2021-05-21 14:30,156,74,82,0,0,0
2021-05-21 14:45,176,79,97,0,0,0
2021-05-21 15:00,147,68,79,0,0,0
2021-05-21 15:15,175,72,103,0,0,0
2021-05-21 15:30,159,63,96,0,0,0
2021-05-21 15:45,197,103,94,0,0,0
2021-05-21 16:00,155,71,84,0,0,0
2021-05-21 16:15,148,77,71,0,0,0
2021-05-21 16:30,135,55,80,0,0,0
2021-05-21 16:45,168,82,86,0,0,0
2021-05-21 17:00,142,56,86,0,0,0
2021-05-21 17:15,149,67,82,0,0,0
2021-05-21 17:30,161,70,91,0,0,0
2021-05-21 17:45,150,69,81,0,0,0
2021-05-21 18:00,130,54,76,0,0,0
2021-05-21 18:15,133,55,78,0,0,0
2021-05-21 18:30,116,50,66,0,0,0
2021-05-21 18:45,114,43,71,0,0,0
2021-05-21 19:00,109,43,66,0,0,0
2021-05-21 19:15,110,54,56,0,0,0
2021-05-21 19:30,95,40,55,0,0,0
2021-05-21 19:45,78,29,49,0,0,0
2021-05-21 20:00,89,37,52,0,0,0
2021-05-21 20:15,84,36,48,0,0,0
2021-05-21 20:30,38,21,17,0,0,0
2021-05-21 20:45,49,21,28,0,0,0
2021-05-21 21:00,48,21,27,0,0,0
2021-05-21 21:15,32,13,19,0,0,0
2021-05-21 21:30,37,16,21,0,0,0
2021-05-21 21:45,35,12,23,0,0,0
2021-05-21 22:00,54,19,35,0,0,0
2021-05-21 22:15,25,7,18,0,0,0
2021-05-21 22:30,22,11,11,0,0,0
2021-05-21 22:45,32,11,21,0,0,0
2021-05-21 23:00,26,9,17,0,0,0
2021-05-21 23:15,43,17,26,0,0,0
2021-05-21 23:30,43,21,22,0,0,0
2021-05-21 23:45,23,7,16,0,0,0
2021-05-22 00:00,25,15,10,0,0,0
2021-05-22 00:15,32,15,17,0,0,0
2021-05-22 00:30,24,13,11,0,0,0
2021-05-22 00:45,23,5,18,0,0,0
2021-05-22 01:00,17,5,12,0,0,0
2021-05-22 01:15,21,11,10,0,0,0
2021-05-22 01:30,28,11,17,0,0,0
2021-05-22 01:45,8,3,5,0,0,0
2021-05-22 02:00,9,3,6,0,0,0
2021-05-22 02:15,12,8,4,0,0,0
2021-05-22 02:30,9,1,8,0,0,0
2021-05-22 02:45,11,5,6,0,0,0
2021-05-22 03:00,9,1,8,0,0,0
2021-05-22 03:15,11,2,9,0,0,0
2021-05-22 03:30,5,3,2,0,0,0
2021-05-22 03:45,10,3,7,0,0,0
2021-05-22 04:00,0,0,0,0,0,0
2021-05-22 04:15,4,2,2,0,0,0
2021-05-22 04:30,6,1,5,0,0,0
2021-05-22 04:45,3,2,1,0,0,0
2021-05-22 05:00,9,7,2,0,0,0
2021-05-22 05:15,4,1,3,0,0,0
2021-05-22 05:30,8,4,4,0,0,0
2021-05-22 05:45,8,6,2,0,0,0
2021-05-22 06:00,7,4,3,0,0,0
2021-05-22 06:15,5,4,1,0,0,0
2021-05-22 06:30,9,8,1,0,0,0
2021-05-22 06:45,12,10,2,0,0,0
2021-05-22 07:00,11,8,3,0,0,0
2021-05-22 07:15,23,18,5,0,0,0
2021-05-22 07:30,26,10,16,0,0,0
2021-05-22 07:45,35,21,14,0,0,0
2021-05-22 08:00,30,19,11,0,0,0
2021-05-22 08:15,51,34,17,0,0,0
2021-05-22 08:30,49,23,26,0,0,0
2021-05-22 08:45,60,36,24,0,0,0
2021-05-22 09:00,47,29,18,0,0,0
2021-05-22 09:15,58,34,24,0,0,0
2021-05-22 09:30,68,41,27,0,0,0
2021-05-22 09:45,82,52,30,0,0,0
2021-05-22 10:00,65,34,31,0,0,0
2021-05-22 10:15,60,33,27,0,0,0
2021-05-22 10:30,79,48,31,0,0,0
2021-05-22 10:45,87,53,34,0,0,0
2021-05-22 11:00,85,31,54,0,0,0
2021-05-22 11:15,88,56,32,0,0,0
2021-05-22 11:30,90,37,53,0,0,0
2021-05-22 11:45,119,65,54,0,0,0
2021-05-22 12:00,99,60,39,0,0,0
2021-05-22 12:15,100,53,47,0,0,0
2021-05-22 12:30,70,28,42,0,0,0
2021-05-22 12:45,96,43,53,0,0,0
2021-05-22 13:00,75,38,37,0,0,0
2021-05-22 13:15,87,43,44,0,0,0
2021-05-22 13:30,83,44,39,0,0,0
2021-05-22 13:45,123,73,50,0,0,0
2021-05-22 14:00,81,34,47,0,0,0
2021-05-22 14:15,76,39,37,0,0,0
2021-05-22 14:30,72,34,38,0,0,0
2021-05-22 14:45,104,41,63,0,0,0
2021-05-22 15:00,83,38,45,0,0,0
2021-05-22 15:15,83,32,51,0,0,0
2021-05-22 15:30,74,23,51,0,0,0
2021-05-22 15:45,65,38,27,0,0,0
2021-05-22 16:00,52,29,23,0,0,0
2021-05-22 16:15,48,13,35,0,0,0
2021-05-22 16:30,38,18,20,0,0,0
2021-05-22 16:45,65,25,40,0,0,0
2021-05-22 17:00,53,11,42,0,0,0
2021-05-22 17:15,48,16,32,0,0,0
2021-05-22 17:30,68,30,38,0,0,0
2021-05-22 17:45,71,37,34,0,0,0
2021-05-22 18:00,64,23,41,0,0,0
2021-05-22 18:15,76,38,38,0,0,0
2021-05-22 18:30,63,24,39,0,0,0
2021-05-22 18:45,73,28,45,0,0,0
2021-05-22 19:00,69,23,46,0,0,0
2021-05-22 19:15,52,21,31,0,0,0
2021-05-22 19:30,47,20,27,0,0,0
2021-05-22 19:45,50,27,23,0,0,0
2021-05-22 20:00,37,12,25,0,0,0
2021-05-22 20:15,42,21,21,0,0,0
2021-05-22 20:30,43,19,24,0,0,0
2021-05-22 20:45,30,11,19,0,0,0
2021-05-22 21:00,28,6,22,0,0,0
2021-05-22 21:15,30,13,17,0,0,0
2021-05-22 21:30,21,10,11,0,0,0
2021-05-22 21:45,17,9,8,0,0,0
2021-05-22 22:00,35,8,27,0,0,0
2021-05-22 22:15,16,5,11,0,0,0
2021-05-22 22:30,24,9,15,0,0,0
2021-05-22 22:45,16,4,12,0,0,0
2021-05-22 23:00,12,6,6,0,0,0
2021-05-22 23:15,13,4,9,0,0,0
2021-05-22 23:30,34,24,10,0,0,0
2021-05-22 23:45,20,7,13,0,0,0
2021-05-23 00:00,18,9,9,0,0,0
2021-05-23 00:15,12,4,8,0,0,0
2021-05-23 00:30,21,8,13,0,0,0
2021-05-23 00:45,19,3,16,0,0,0
2021-05-23 01:00,14,9,5,0,0,0
2021-05-23 01:15,27,9,18,0,0,0
2021-05-23 01:30,13,6,7,0,0,0
2021-05-23 01:45,11,3,8,0,0,0
2021-05-23 02:00,14,8,6,0,0,0
2021-05-23 02:15,3,1,2,0,0,0
2021-05-23 02:30,8,3,5,0,0,0
2021-05-23 02:45,11,4,7,0,0,0
2021-05-23 03:00,6,5,1,0,0,0
2021-05-23 03:15,6,4,2,0,0,0
2021-05-23 03:30,6,3,3,0,0,0
2021-05-23 03:45,11,6,5,0,0,0
2021-05-23 04:00,3,0,3,0,0,0
2021-05-23 04:15,4,1,3,0,0,0
2021-05-23 04:30,5,1,4,0,0,0
2021-05-23 04:45,1,1,0,0,0,0
2021-05-23 05:00,2,0,2,0,0,0
2021-05-23 05:15,3,1,2,0,0,0
2021-05-23 05:30,6,4,2,0,0,0
2021-05-23 05:45,3,3,0,0,0,0
2021-05-23 06:00,2,1,1,0,0,0
2021-05-23 06:15,1,1,0,0,0,0
2021-05-23 06:30,6,3,3,0,0,0
2021-05-23 06:45,2,1,1,0,0,0
2021-05-23 07:00,3,3,0,0,0,0
2021-05-23 07:15,4,3,1,0,0,0
2021-05-23 07:30,3,0,3,0,0,0
2021-05-23 07:45,1,1,0,0,0,0
2021-05-23 08:00,2,1,1,0,0,0
2021-05-23 08:15,4,3,1,0,0,0
2021-05-23 08:30,6,3,3,0,0,0
2021-05-23 08:45,8,4,4,0,0,0
2021-05-23 09:00,8,3,5,0,0,0
2021-05-23 09:15,11,5,6,0,0,0
2021-05-23 09:30,25,8,17,0,0,0
2021-05-23 09:45,26,19,7,0,0,0
2021-05-23 10:00,15,4,11,0,0,0
2021-05-23 10:15,15,8,7,0,0,0
2021-05-23 10:30,21,9,12,0,0,0
2021-05-23 10:45,21,12,9,0,0,0
2021-05-23 11:00,22,11,11,0,0,0
2021-05-23 11:15,17,12,5,0,0,0
2021-05-23 11:30,35,19,16,0,0,0
2021-05-23 11:45,41,23,18,0,0,0
2021-05-23 12:00,36,16,20,0,0,0
2021-05-23 12:15,43,26,17,0,0,0
2021-05-23 12:30,41,20,21,0,0,0
2021-05-23 12:45,65,32,33,0,0,0
2021-05-23 13:00,55,25,30,0,0,0
2021-05-23 13:15,54,33,21,0,0,0
2021-05-23 13:30,48,25,23,0,0,0
2021-05-23 13:45,73,41,32,0,0,0
2021-05-23 14:00,55,36,19,0,0,0
2021-05-23 14:15,85,45,40,0,0,0
2021-05-23 14:30,68,40,28,0,0,0
2021-05-23 14:45,82,45,37,0,0,0
2021-05-23 15:00,66,26,40,0,0,0
2021-05-23 15:15,108,54,54,0,0,0
2021-05-23 15:30,61,29,32,0,0,0
2021-05-23 15:45,60,32,28,0,0,0
2021-05-23 16:00,62,29,33,0,0,0
2021-05-23 16:15,58,26,32,0,0,0
2021-05-23 16:30,76,24,52,0,0,0
2021-05-23 16:45,87,37,50,0,0,0
2021-05-23 17:00,55,23,32,0,0,0
2021-05-23 17:15,73,39,34,0,0,0
2021-05-23 17:30,61,31,30,0,0,0
2021-05-23 17:45,95,49,46,0,0,0
2021-05-23 18:00,69,25,44,0,0,0
2021-05-23 18:15,54,28,26,0,0,0
2021-05-23 18:30,67,29,38,0,0,0
2021-05-23 18:45,58,25,33,0,0,0
2021-05-23 19:00,47,14,33,0,0,0
2021-05-23 19:15,47,12,35,0,0,0
2021-05-23 19:30,65,22,43,0,0,0
2021-05-23 19:45,50,23,27,0,0,0
2021-05-23 20:00,59,18,41,0,0,0
2021-05-23 20:15,34,13,21,0,0,0
2021-05-23 20:30,27,15,12,0,0,0
2021-05-23 20:45,30,10,20,0,0,0
2021-05-23 21:00,33,13,20,0,0,0
2021-05-23 21:15,34,17,17,0,0,0
2021-05-23 21:30,30,11,19,0,0,0
2021-05-23 21:45,38,12,26,0,0,0
2021-05-23 22:00,18,4,14,0,0,0
2021-05-23 22:15,25,5,20,0,0,0
2021-05-23 22:30,18,5,13,0,0,0
2021-05-23 22:45,19,3,16,0,0,0
2021-05-23 23:00,22,8,14,0,0,0
2021-05-23 23:15,15,7,8,0,0,0
2021-05-23 23:30,15,7,8,0,0,0
2021-05-23 23:45,8,5,3,0,0,0
2021-05-24 00:00,23,5,18,0,0,0
2021-05-24 00:15,18,6,12,0,0,0
2021-05-24 00:30,13,7,6,0,0,0
2021-05-24 00:45,23,7,16,0,0,0
2021-05-24 01:00,6,3,3,0,0,0
2021-05-24 01:15,6,1,5,0,0,0
2021-05-24 01:30,3,1,2,0,0,0
2021-05-24 01:45,4,2,2,0,0,0
2021-05-24 02:00,7,3,4,0,0,0
2021-05-24 02:15,8,1,7,0,0,0
2021-05-24 02:30,7,0,7,0,0,0
2021-05-24 02:45,5,1,4,0,0,0
2021-05-24 03:00,5,0,5,0,0,0
2021-05-24 03:15,7,5,2,0,0,0
2021-05-24 03:30,6,2,4,0,0,0
2021-05-24 03:45,4,1,3,0,0,0
2021-05-24 04:00,7,4,3,0,0,0
2021-05-24 04:15,0,0,0,0,0,0
2021-05-24 04:30,3,0,3,0,0,0
2021-05-24 04:45,3,0,3,0,0,0
2021-05-24 05:00,2,1,1,0,0,0
2021-05-24 05:15,5,2,3,0,0,0
2021-05-24 05:30,6,4,2,0,0,0
2021-05-24 05:45,2,1,1,0,0,0
2021-05-24 06:00,4,2,2,0,0,0
2021-05-24 06:15,4,2,2,0,0,0
2021-05-24 06:30,2,1,1,0,0,0
2021-05-24 06:45,6,2,4,0,0,0
2021-05-24 07:00,4,1,3,0,0,0
2021-05-24 07:15,0,0,0,0,0,0
2021-05-24 07:30,7,3,4,0,0,0
2021-05-24 07:45,16,5,11,0,0,0
2021-05-24 08:00,8,3,5,0,0,0
2021-05-24 08:15,17,13,4,0,0,0
2021-05-24 08:30,13,9,4,0,0,0
2021-05-24 08:45,15,7,8,0,0,0
2021-05-24 09:00,22,11,11,0,0,0
2021-05-24 09:15,18,11,7,0,0,0
2021-05-24 09:30,31,18,13,0,0,0
2021-05-24 09:45,42,32,10,0,0,0
2021-05-24 10:00,44,29,15,0,0,0
2021-05-24 10:15,55,34,21,0,0,0
2021-05-24 10:30,63,33,30,0,0,0
2021-05-24 10:45,76,42,34,0,0,0
2021-05-24 11:00,71,34,37,0,0,0
2021-05-24 11:15,75,40,35,0,0,0
2021-05-24 11:30,81,41,40,0,0,0
2021-05-24 11:45,59,32,27,0,0,0
2021-05-24 12:00,84,40,44,0,0,0
2021-05-24 12:15,66,36,30,0,0,0
2021-05-24 12:30,71,26,45,0,0,0
2021-05-24 12:45,78,31,47,0,0,0
2021-05-24 13:00,69,24,45,0,0,0
2021-05-24 13:15,70,40,30,0,0,0
2021-05-24 13:30,73,37,36,0,0,0
2021-05-24 13:45,83,34,49,0,0,0
2021-05-24 14:00,58,27,31,0,0,0
2021-05-24 14:15,58,25,33,0,0,0
2021-05-24 14:30,52,23,29,0,0,0
2021-05-24 14:45,69,31,38,0,0,0
2021-05-24 15:00,53,20,33,0,0,0
2021-05-24 15:15,52,19,33,0,0,0
2021-05-24 15:30,39,20,19,0,0,0
2021-05-24 15:45,56,27,29,0,0,0
2021-05-24 16:00,35,14,21,0,0,0
2021-05-24 16:15,39,17,22,0,0,0
2021-05-24 16:30,46,31,15,0,0,0
2021-05-24 16:45,51,17,34,0,0,0
2021-05-24 17:00,26,15,11,0,0,0
2021-05-24 17:15,63,39,24,0,0,0
2021-05-24 17:30,39,18,21,0,0,0
2021-05-24 17:45,45,22,23,0,0,0
2021-05-24 18:00,60,30,30,0,0,0
2021-05-24 18:15,46,28,18,0,0,0
2021-05-24 18:30,36,22,14,0,0,0
2021-05-24 18:45,46,25,21,0,0,0
2021-05-24 19:00,50,11,39,0,0,0
2021-05-24 19:15,42,19,23,0,0,0
2021-05-24 19:30,32,19,13,0,0,0
2021-05-24 19:45,40,20,20,0,0,0
2021-05-24 20:00,26,11,15,0,0,0
2021-05-24 20:15,29,11,18,0,0,0
2021-05-24 20:30,32,10,22,0,0,0
2021-05-24 20:45,27,12,15,0,0,0
2021-05-24 21:00,19,4,15,0,0,0
2021-05-24 21:15,29,13,16,0,0,0
2021-05-24 21:30,30,16,14,0,0,0
2021-05-24 21:45,28,8,20,0,0,0
2021-05-24 22:00,26,11,15,0,0,0
2021-05-24 22:15,13,1,12,0,0,0
2021-05-24 22:30,13,2,11,0,0,0
2021-05-24 22:45,14,9,5,0,0,0
2021-05-24 23:00,9,0,9,0,0,0
2021-05-24 23:15,18,6,12,0,0,0
2021-05-24 23:30,10,7,3,0,0,0
2021-05-24 23:45,16,3,13,0,0,0
2021-05-25 00:00,14,5,9,0,0,0
2021-05-25 00:15,9,3,6,0,0,0
2021-05-25 00:30,6,2,4,0,0,0
2021-05-25 00:45,6,1,5,0,0,0
2021-05-25 01:00,2,0,2,0,0,0
2021-05-25 01:15,5,4,1,0,0,0
2021-05-25 01:30,0,0,0,0,0,0
2021-05-25 01:45,1,0,1,0,0,0
2021-05-25 02:00,3,0,3,0,0,0
2021-05-25 02:15,3,1,2,0,0,0
2021-05-25 02:30,3,1,2,0,0,0
2021-05-25 02:45,3,1,2,0,0,0
2021-05-25 03:00,0,0,0,0,0,0
2021-05-25 03:15,0,0,0,0,0,0
2021-05-25 03:30,2,0,2,0,0,0
2021-05-25 03:45,1,1,0,0,0,0
2021-05-25 04:00,0,0,0,0,0,0
2021-05-25 04:15,3,1,2,0,0,0
2021-05-25 04:30,5,5,0,0,0,0
2021-05-25 04:45,7,7,0,0,0,0
2021-05-25 05:00,3,2,1,0,0,0
2021-05-25 05:15,8,6,2,0,0,0
2021-05-25 05:30,14,12,2,0,0,0
2021-05-25 05:45,15,13,2,0,0,0
2021-05-25 06:00,22,16,6,0,0,0
2021-05-25 06:15,22,13,9,0,0,0
2021-05-25 06:30,33,22,11,0,0,0
2021-05-25 06:45,43,30,13,0,0,0
2021-05-25 07:00,55,31,24,0,0,0
2021-05-25 07:15,72,51,21,0,0,0
2021-05-25 07:30,77,53,24,0,0,0
2021-05-25 07:45,122,83,39,0,0,0
2021-05-25 08:00,91,66,25,0,0,0
2021-05-25 08:15,92,64,28,0,0,0
2021-05-25 08:30,107,69,38,0,0,0
2021-05-25 08:45,115,83,32,0,0,0
2021-05-25 09:00,82,53,29,0,0,0
2021-05-25 09:15,83,55,28,0,0,0
2021-05-25 09:30,84,57,27,0,0,0
2021-05-25 09:45,98,58,40,0,0,0
2021-05-25 10:00,92,58,34,0,0,0
2021-05-25 10:15,82,41,41,0,0,0
2021-05-25 10:30,90,47,43,0,0,0
2021-05-25 10:45,119,72,47,0,0,0
2021-05-25 11:00,89,43,46,0,0,0
2021-05-25 11:15,96,41,55,0,0,0
2021-05-25 11:30,99,48,51,0,0,0
2021-05-25 11:45,96,44,52,0,0,0
2021-05-25 12:00,126,68,58,0,0,0
2021-05-25 12:15,115,61,54,0,0,0
2021-05-25 12:30,110,60,50,0,0,0
2021-05-25 12:45,128,67,61,0,0,0
2021-05-25 13:00,105,46,59,0,0,0
2021-05-25 13:15,138,59,79,0,0,0
2021-05-25 13:30,91,34,57,0,0,0
2021-05-25 13:45,78,36,42,0,0,0
2021-05-25 14:00,102,35,67,0,0,0
2021-05-25 14:15,118,51,67,0,0,0
2021-05-25 14:30,106,41,65,0,0,0
2021-05-25 14:45,111,48,63,0,0,0
2021-05-25 15:00,99,42,57,0,0,0
2021-05-25 15:15,105,44,61,0,0,0
2021-05-25 15:30,127,56,71,0,0,0
2021-05-25 15:45,95,48,47,0,0,0
2021-05-25 16:00,91,36,55,0,0,0
2021-05-25 16:15,113,38,75,0,0,0
2021-05-25 16:30,96,32,64,0,0,0
2021-05-25 16:45,127,47,80,0,0,0
2021-05-25 17:00,142,53,89,0,0,0
2021-05-25 17:15,148,50,98,0,0,0
2021-05-25 17:30,86,34,52,0,0,0
2021-05-25 17:45,102,33,69,0,0,0
2021-05-25 18:00,98,28,70,0,0,0
2021-05-25 18:15,89,25,64,0,0,0
2021-05-25 18:30,89,35,54,0,0,0
2021-05-25 18:45,92,28,64,0,0,0
2021-05-25 19:00,81,24,57,0,0,0
2021-05-25 19:15,53,15,38,0,0,0
2021-05-25 19:30,46,10,36,0,0,0
2021-05-25 19:45,64,27,37,0,0,0
2021-05-25 20:00,45,15,30,0,0,0
2021-05-25 20:15,32,14,18,0,0,0
2021-05-25 20:30,28,8,20,0,0,0
2021-05-25 20:45,24,9,15,0,0,0
2021-05-25 21:00,31,14,17,0,0,0
2021-05-25 21:15,24,6,18,0,0,0
2021-05-25 21:30,14,5,9,0,0,0
2021-05-25 21:45,25,9,16,0,0,0
2021-05-25 22:00,17,7,10,0,0,0
2021-05-25 22:15,20,9,11,0,0,0
2021-05-25 22:30,23,10,13,0,0,0
2021-05-25 22:45,13,4,9,0,0,0
2021-05-25 23:00,13,4,9,0,0,0
2021-05-25 23:15,9,2,7,0,0,0
2021-05-25 23:30,7,3,4,0,0,0
2021-05-25 23:45,4,2,2,0,0,0
2021-05-26 00:00,8,4,4,0,0,0
2021-05-26 00:15,6,2,4,0,0,0
2021-05-26 00:30,5,2,3,0,0,0
2021-05-26 00:45,5,1,4,0,0,0
2021-05-26 01:00,4,1,3,0,0,0
2021-05-26 01:15,1,1,0,0,0,0
2021-05-26 01:30,3,1,2,0,0,0
2021-05-26 01:45,0,0,0,0,0,0
2021-05-26 02:00,3,1,2,0,0,0
2021-05-26 02:15,1,0,1,0,0,0
2021-05-26 02:30,0,0,0,0,0,0
2021-05-26 02:45,0,0,0,0,0,0
2021-05-26 03:00,0,0,0,0,0,0
2021-05-26 03:15,1,0,1,0,0,0
2021-05-26 03:30,0,0,0,0,0,0
2021-05-26 03:45,0,0,0,0,0,0
2021-05-26 04:00,0,0,0,0,0,0
2021-05-26 04:15,3,3,0,0,0,0
2021-05-26 04:30,5,4,1,0,0,0
2021-05-26 04:45,5,4,1,0,0,0
2021-05-26 05:00,6,6,0,0,0,0
2021-05-26 05:15,4,2,2,0,0,0
2021-05-26 05:30,11,7,4,0,0,0
2021-05-26 05:45,25,20,5,0,0,0
2021-05-26 06:00,14,9,5,0,0,0
2021-05-26 06:15,26,17,9,0,0,0
2021-05-26 06:30,34,23,11,0,0,0
2021-05-26 06:45,44,34,10,0,0,0
2021-05-26 07:00,62,44,18,0,0,0
2021-05-26 07:15,85,47,38,0,0,0
2021-05-26 07:30,119,78,41,0,0,0
2021-05-26 07:45,142,86,56,0,0,0
2021-05-26 08:00,103,63,40,0,0,0
2021-05-26 08:15,126,95,31,0,0,0
2021-05-26 08:30,114,67,47,0,0,0
2021-05-26 08:45,103,69,34,0,0,0
2021-05-26 09:00,89,58,31,0,0,0
2021-05-26 09:15,91,55,36,0,0,0
2021-05-26 09:30,91,65,26,0,0,0
2021-05-26 09:45,106,72,34,0,0,0
2021-05-26 10:00,100,60,40,0,0,0
2021-05-26 10:15,112,66,46,0,0,0
2021-05-26 10:30,116,60,56,0,0,0
2021-05-26 10:45,115,52,63,0,0,0
2021-05-26 11:00,108,50,58,0,0,0
2021-05-26 11:15,111,54,57,0,0,0
2021-05-26 11:30,104,47,57,0,0,0
2021-05-26 11:45,154,86,68,0,0,0
2021-05-26 12:00,124,53,71,0,0,0
2021-05-26 12:15,131,65,66,0,0,0
2021-05-26 12:30,130,50,80,0,0,0
2021-05-26 12:45,136,69,67,0,0,0
2021-05-26 13:00,126,57,69,0,0,0
2021-05-26 13:15,155,68,87,0,0,0
2021-05-26 13:30,126,63,63,0,0,0
2021-05-26 13:45,147,60,87,0,0,0
2021-05-26 14:00,136,58,78,0,0,0
2021-05-26 14:15,125,52,73,0,0,0
2021-05-26 14:30,119,55,64,0,0,0
2021-05-26 14:45,146,58,88,0,0,0
2021-05-26 15:00,119,47,72,0,0,0
2021-05-26 15:15,135,46,89,0,0,0
2021-05-26 15:30,119,50,69,0,0,0
2021-05-26 15:45,138,68,70,0,0,0
2021-05-26 16:00,141,52,89,0,0,0
2021-05-26 16:15,144,57,87,0,0,0
2021-05-26 16:30,129,62,67,0,0,0
2021-05-26 16:45,163,56,107,0,0,0
2021-05-26 17:00,136,49,87,0,0,0
2021-05-26 17:15,181,72,109,0,0,0
2021-05-26 17:30,163,63,100,0,0,0
2021-05-26 17:45,164,73,91,0,0,0
2021-05-26 18:00,170,65,105,0,0,0
2021-05-26 18:15,138,47,91,0,0,0
2021-05-26 18:30,123,47,76,0,0,0
2021-05-26 18:45,129,54,75,0,0,0
2021-05-26 19:00,108,35,73,0,0,0
2021-05-26 19:15,82,32,50,0,0,0
2021-05-26 19:30,79,26,53,0,0,0
2021-05-26 19:45,85,36,49,0,0,0
2021-05-26 20:00,76,27,49,0,0,0
2021-05-26 20:15,57,17,40,0,0,0
2021-05-26 20:30,55,26,29,0,0,0
2021-05-26 20:45,43,16,27,0,0,0
2021-05-26 21:00,50,22,28,0,0,0
2021-05-26 21:15,30,13,17,0,0,0
2021-05-26 21:30,36,16,20,0,0,0
2021-05-26 21:45,25,11,14,0,0,0
2021-05-26 22:00,34,10,24,0,0,0
2021-05-26 22:15,29,3,26,0,0,0
2021-05-26 22:30,27,11,16,0,0,0
2021-05-26 22:45,23,7,16,0,0,0
2021-05-26 23:00,14,6,8,0,0,0
2021-05-26 23:15,15,3,12,0,0,0
2021-05-26 23:30,14,7,7,0,0,0
2021-05-26 23:45,17,10,7,0,0,0
2021-05-27 00:00,20,6,14,0,0,0
2021-05-27 00:15,15,6,9,0,0,0
2021-05-27 00:30,5,3,2,0,0,0
2021-05-27 00:45,2,1,1,0,0,0
2021-05-27 01:00,4,2,2,0,0,0
2021-05-27 01:15,11,3,8,0,0,0
2021-05-27 01:30,4,3,1,0,0,0
2021-05-27 01:45,2,0,2,0,0,0
2021-05-27 02:00,3,2,1,0,0,0
2021-05-27 02:15,1,0,1,0,0,0
2021-05-27 02:30,2,0,2,0,0,0
2021-05-27 02:45,0,0,0,0,0,0
2021-05-27 03:00,0,0,0,0,0,0
2021-05-27 03:15,2,0,2,0,0,0
2021-05-27 03:30,1,0,1,0,0,0
2021-05-27 03:45,0,0,0,0,0,0
2021-05-27 04:00,1,1,0,0,0,0
2021-05-27 04:15,3,2,1,0,0,0
2021-05-27 04:30,1,1,0,0,0,0
2021-05-27 04:45,4,3,1,0,0,0
2021-05-27 05:00,3,3,0,0,0,0
2021-05-27 05:15,6,4,2,0,0,0
2021-05-27 05:30,13,10,3,0,0,0
2021-05-27 05:45,16,11,5,0,0,0
2021-05-27 06:00,16,12,4,0,0,0
2021-05-27 06:15,27,16,11,0,0,0
2021-05-27 06:30,27,23,4,0,0,0
2021-05-27 06:45,37,24,13,0,0,0
2021-05-27 07:00,59,34,25,0,0,0
2021-05-27 07:15,70,47,23,0,0,0
2021-05-27 07:30,77,51,26,0,0,0
2021-05-27 07:45,147,105,42,0,0,0
2021-05-27 08:00,92,52,40,0,0,0
2021-05-27 08:15,102,64,38,0,0,0
2021-05-27 08:30,80,55,25,0,0,0
2021-05-27 08:45,109,76,33,0,0,0
2021-05-27 09:00,73,46,27,0,0,0
2021-05-27 09:15,65,44,21,0,0,0
2021-05-27 09:30,86,50,36,0,0,0
2021-05-27 09:45,88,55,33,0,0,0
2021-05-27 10:00,77,39,38,0,0,0
2021-05-27 10:15,60,33,27,0,0,0
2021-05-27 10:30,62,32,30,0,0,0
2021-05-27 10:45,68,48,20,0,0,0
2021-05-27 11:00,51,26,25,0,0,0
2021-05-27 11:15,78,38,40,0,0,0
2021-05-27 11:30,85,36,49,0,0,0
2021-05-27 11:45,98,49,49,0,0,0
2021-05-27 12:00,104,41,63,0,0,0
2021-05-27 12:15,80,36,44,0,0,0
2021-05-27 12:30,80,39,41,0,0,0
2021-05-27 12:45,88,39,49,0,0,0
2021-05-27 13:00,105,47,58,0,0,0
2021-05-27 13:15,106,46,60,0,0,0
2021-05-27 13:30,72,30,42,0,0,0
2021-05-27 13:45,109,55,54,0,0,0
2021-05-27 14:00,106,46,60,0,0,0
2021-05-27 14:15,124,47,77,0,0,0
2021-05-27 14:30,93,43,50,0,0,0
2021-05-27 14:45,120,64,56,0,0,0
2021-05-27 15:00,100,31,69,0,0,0
2021-05-27 15:15,116,54,62,0,0,0
2021-05-27 15:30,119,57,62,0,0,0
2021-05-27 15:45,140,62,78,0,0,0
2021-05-27 16:00,146,46,100,0,0,0
2021-05-27 16:15,133,62,71,0,0,0
2021-05-27 16:30,141,56,85,0,0,0
2021-05-27 16:45,143,64,79,0,0,0
2021-05-27 17:00,141,55,86,0,0,0
2021-05-27 17:15,158,61,97,0,0,0
2021-05-27 17:30,138,57,81,0,0,0
2021-05-27 17:45,144,62,82,0,0,0
2021-05-27 18:00,132,37,95,0,0,0
2021-05-27 18:15,132,49,83,0,0,0
2021-05-27 18:30,115,39,76,0,0,0
2021-05-27 18:45,120,47,73,0,0,0
2021-05-27 19:00,102,41,61,0,0,0
2021-05-27 19:15,96,37,59,0,0,0
2021-05-27 19:30,83,24,59,0,0,0
2021-05-27 19:45,77,28,49,0,0,0
2021-05-27 20:00,68,26,42,0,0,0
2021-05-27 20:15,64,30,34,0,0,0
2021-05-27 20:30,35,7,28,0,0,0
2021-05-27 20:45,41,17,24,0,0,0
2021-05-27 21:00,29,11,18,0,0,0
2021-05-27 21:15,29,12,17,0,0,0
2021-05-27 21:30,24,9,15,0,0,0
2021-05-27 21:45,36,7,29,0,0,0
2021-05-27 22:00,33,11,22,0,0,0
2021-05-27 22:15,18,3,15,0,0,0
2021-05-27 22:30,22,4,18,0,0,0
2021-05-27 22:45,34,13,21,0,0,0
2021-05-27 23:00,34,8,26,0,0,0
2021-05-27 23:15,26,5,21,0,0,0
2021-05-27 23:30,16,3,13,0,0,0
2021-05-27 23:45,11,3,8,0,0,0
2021-05-28 00:00,14,3,11,0,0,0
2021-05-28 00:15,6,1,5,0,0,0
2021-05-28 00:30,3,0,3,0,0,0
2021-05-28 00:45,9,0,9,0,0,0
2021-05-28 01:00,8,1,7,0,0,0
2021-05-28 01:15,5,3,2,0,0,0
2021-05-28 01:30,7,3,4,0,0,0
2021-05-28 01:45,5,2,3,0,0,0
2021-05-28 02:00,3,1,2,0,0,0
2021-05-28 02:15,1,0,1,0,0,0
2021-05-28 02:30,2,0,2,0,0,0
2021-05-28 02:45,4,0,4,0,0,0
2021-05-28 03:00,0,0,0,0,0,0
2021-05-28 03:15,0,0,0,0,0,0
2021-05-28 03:30,1,0,1,0,0,0
2021-05-28 03:45,1,0,1,0,0,0
2021-05-28 04:00,1,1,0,0,0,0
2021-05-28 04:15,2,2,0,0,0,0
2021-05-28 04:30,3,2,1,0,0,0
2021-05-28 04:45,8,6,2,0,0,0
2021-05-28 05:00,3,3,0,0,0,0
2021-05-28 05:15,9,7,2,0,0,0
2021-05-28 05:30,17,10,7,0,0,0
2021-05-28 05:45,25,19,6,0,0,0
2021-05-28 06:00,25,19,6,0,0,0
2021-05-28 06:15,21,19,2,0,0,0
2021-05-28 06:30,39,27,12,0,0,0
2021-05-28 06:45,57,30,27,0,0,0
2021-05-28 07:00,70,42,28,0,0,0
2021-05-28 07:15,93,61,32,0,0,0
2021-05-28 07:30,124,81,43,0,0,0
2021-05-28 07:45,141,94,47,0,0,0
2021-05-28 08:00,110,77,33,0,0,0
2021-05-28 08:15,139,86,53,0,0,0
2021-05-28 08:30,118,81,37,0,0,0
2021-05-28 08:45,120,78,42,0,0,0
2021-05-28 09:00,96,63,33,0,0,0
2021-05-28 09:15,91,58,33,0,0,0
2021-05-28 09:30,113,80,33,0,0,0
2021-05-28 09:45,98,57,41,0,0,0
2021-05-28 10:00,87,62,25,0,0,0
2021-05-28 10:15,95,63,32,0,0,0
2021-05-28 10:30,112,60,52,0,0,0
2021-05-28 10:45,140,72,68,0,0,0
2021-05-28 11:00,100,55,45,0,0,0
2021-05-28 11:15,127,61,66,0,0,0
2021-05-28 11:30,116,66,50,0,0,0
2021-05-28 11:45,172,103,69,0,0,0
2021-05-28 12:00,157,57,100,0,0,0
2021-05-28 12:15,162,56,106,0,0,0
2021-05-28 12:30,154,67,87,0,0,0
2021-05-28 12:45,154,87,67,0,0,0
2021-05-28 13:00,171,65,106,0,0,0
2021-05-28 13:15,163,75,88,0,0,0
2021-05-28 13:30,170,88,82,0,0,0
2021-05-28 13:45,177,89,88,0,0,0
2021-05-28 14:00,178,75,103,0,0,0
2021-05-28 14:15,171,62,109,0,0,0
2021-05-28 14:30,171,74,97,0,0,0
2021-05-28 14:45,161,69,92,0,0,0
2021-05-28 15:00,196,62,134,0,0,0
2021-05-28 15:15,169,73,96,0,0,0
2021-05-28 15:30,178,76,102,0,0,0
2021-05-28 15:45,184,80,104,0,0,0
2021-05-28 16:00,184,84,100,0,0,0
2021-05-28 16:15,188,83,105,0,0,0
2021-05-28 16:30,191,90,101,0,0,0
2021-05-28 16:45,190,86,104,0,0,0
2021-05-28 17:00,150,65,85,0,0,0
2021-05-28 17:15,155,65,90,0,0,0
2021-05-28 17:30,165,71,94,0,0,0
2021-05-28 17:45,184,77,107,0,0,0
2021-05-28 18:00,163,61,102,0,0,0
2021-05-28 18:15,148,74,74,0,0,0
2021-05-28 18:30,140,59,81,0,0,0
2021-05-28 18:45,161,83,78,0,0,0
2021-05-28 19:00,137,49,88,0,0,0
2021-05-28 19:15,144,61,83,0,0,0
2021-05-28 19:30,103,56,47,0,0,0
2021-05-28 19:45,115,57,58,0,0,0
2021-05-28 20:00,91,47,44,0,0,0
2021-05-28 20:15,73,20,53,0,0,0
2021-05-28 20:30,60,23,37,0,0,0
2021-05-28 20:45,62,21,41,0,0,0
2021-05-28 21:00,62,25,37,0,0,0
2021-05-28 21:15,49,18,31,0,0,0
2021-05-28 21:30,66,22,44,0,0,0
2021-05-28 21:45,56,24,32,0,0,0
2021-05-28 22:00,59,14,45,0,0,0
2021-05-28 22:15,65,26,39,0,0,0
2021-05-28 22:30,26,5,21,0,0,0
2021-05-28 22:45,56,22,34,0,0,0
2021-05-28 23:00,45,8,37,0,0,0
2021-05-28 23:15,48,21,27,0,0,0
2021-05-28 23:30,32,3,29,0,0,0
2021-05-28 23:45,43,16,27,0,0,0
2021-05-29 00:00,26,7,19,0,0,0
2021-05-29 00:15,28,6,22,0,0,0
2021-05-29 00:30,40,17,23,0,0,0
2021-05-29 00:45,21,9,12,0,0,0
2021-05-29 01:00,17,5,12,0,0,0
2021-05-29 01:15,24,5,19,0,0,0
2021-05-29 01:30,21,6,15,0,0,0
2021-05-29 01:45,23,6,17,0,0,0
2021-05-29 02:00,17,5,12,0,0,0
2021-05-29 02:15,15,2,13,0,0,0
2021-05-29 02:30,19,4,15,0,0,0
2021-05-29 02:45,11,6,5,0,0,0
2021-05-29 03:00,17,3,14,0,0,0
2021-05-29 03:15,14,7,7,0,0,0
2021-05-29 03:30,6,1,5,0,0,0
2021-05-29 03:45,4,0,4,0,0,0
2021-05-29 04:00,6,4,2,0,0,0
2021-05-29 04:15,3,2,1,0,0,0
2021-05-29 04:30,10,4,6,0,0,0
2021-05-29 04:45,3,3,0,0,0,0
2021-05-29 05:00,8,4,4,0,0,0
2021-05-29 05:15,3,2,1,0,0,0
2021-05-29 05:30,7,3,4,0,0,0
2021-05-29 05:45,15,15,0,0,0,0
2021-05-29 06:00,12,6,6,0,0,0
2021-05-29 06:15,5,4,1,0,0,0
2021-05-29 06:30,14,7,7,0,0,0
2021-05-29 06:45,15,13,2,0,0,0
2021-05-29 07:00,12,11,1,0,0,0
2021-05-29 07:15,16,8,8,0,0,0
2021-05-29 07:30,24,15,9,0,0,0
2021-05-29 07:45,39,30,9,0,0,0
2021-05-29 08:00,41,25,16,0,0,0
2021-05-29 08:15,59,43,16,0,0,0
2021-05-29 08:30,55,34,21,0,0,0
2021-05-29 08:45,87,40,47,0,0,0
2021-05-29 09:00,70,50,20,0,0,0
2021-05-29 09:15,85,53,32,0,0,0
2021-05-29 09:30,112,63,49,0,0,0
2021-05-29 09:45,114,84,30,0,0,0
2021-05-29 10:00,115,71,44,0,0,0
2021-05-29 10:15,144,86,58,0,0,0
2021-05-29 10:30,144,95,49,0,0,0
2021-05-29 10:45,138,80,58,0,0,0
2021-05-29 11:00,133,66,67,0,0,0
2021-05-29 11:15,164,90,74,0,0,0
2021-05-29 11:30,163,79,84,0,0,0
2021-05-29 11:45,176,97,79,0,0,0
2021-05-29 12:00,143,64,79,0,0,0
2021-05-29 12:15,155,78,77,0,0,0
2021-05-29 12:30,187,89,98,0,0,0
2021-05-29 12:45,184,90,94,0,0,0
2021-05-29 13:00,161,83,78,0,0,0
2021-05-29 13:15,168,76,92,0,0,0
2021-05-29 13:30,163,75,88,0,0,0
2021-05-29 13:45,173,101,72,0,0,0
2021-05-29 14:00,211,97,114,0,0,0
2021-05-29 14:15,215,108,107,0,0,0
2021-05-29 14:30,161,91,70,0,0,0
2021-05-29 14:45,147,70,77,0,0,0
2021-05-29 15:00,167,82,85,0,0,0
2021-05-29 15:15,130,62,68,0,0,0
2021-05-29 15:30,149,70,79,0,0,0
2021-05-29 15:45,164,77,87,0,0,0
2021-05-29 16:00,165,97,68,0,0,0
2021-05-29 16:15,140,68,72,0,0,0
2021-05-29 16:30,159,61,98,0,0,0
2021-05-29 16:45,150,64,86,0,0,0
2021-05-29 17:00,172,98,74,0,0,0
2021-05-29 17:15,150,57,93,0,0,0
2021-05-29 17:30,138,71,67,0,0,0
2021-05-29 17:45,173,69,104,0,0,0
2021-05-29 18:00,166,64,102,0,0,0
2021-05-29 18:15,158,69,89,0,0,0
2021-05-29 18:30,98,37,61,0,0,0
2021-05-29 18:45,106,46,60,0,0,0
2021-05-29 19:00,121,46,75,0,0,0
2021-05-29 19:15,123,58,65,0,0,0
2021-05-29 19:30,94,42,52,0,0,0
2021-05-29 19:45,105,58,47,0,0,0
2021-05-29 20:00,91,40,51,0,0,0
2021-05-29 20:15,80,32,48,0,0,0
2021-05-29 20:30,68,26,42,0,0,0
2021-05-29 20:45,57,36,21,0,0,0
2021-05-29 21:00,67,26,41,0,0,0
2021-05-29 21:15,48,18,30,0,0,0
2021-05-29 21:30,38,16,22,0,0,0
2021-05-29 21:45,61,19,42,0,0,0
2021-05-29 22:00,51,15,36,0,0,0
2021-05-29 22:15,49,13,36,0,0,0
2021-05-29 22:30,36,14,22,0,0,0
2021-05-29 22:45,44,20,24,0,0,0
2021-05-29 23:00,48,13,35,0,0,0
2021-05-29 23:15,50,14,36,0,0,0
2021-05-29 23:30,57,23,34,0,0,0
2021-05-29 23:45,48,16,32,0,0,0
2021-05-30 00:00,47,13,34,0,0,0
2021-05-30 00:15,58,27,31,0,0,0
2021-05-30 00:30,34,12,22,0,0,0
2021-05-30 00:45,23,8,15,0,0,0
2021-05-30 01:00,19,6,13,0,0,0
2021-05-30 01:15,32,15,17,0,0,0
2021-05-30 01:30,21,9,12,0,0,0
2021-05-30 01:45,14,1,13,0,0,0
2021-05-30 02:00,18,6,12,0,0,0
2021-05-30 02:15,18,10,8,0,0,0
2021-05-30 02:30,21,9,12,0,0,0
2021-05-30 02:45,11,4,7,0,0,0
2021-05-30 03:00,12,6,6,0,0,0
2021-05-30 03:15,11,2,9,0,0,0
2021-05-30 03:30,10,5,5,0,0,0
2021-05-30 03:45,4,2,2,0,0,0
2021-05-30 04:00,5,3,2,0,0,0
2021-05-30 04:15,8,3,5,0,0,0
2021-05-30 04:30,5,2,3,0,0,0
2021-05-30 04:45,1,0,1,0,0,0
2021-05-30 05:00,5,3,2,0,0,0
2021-05-30 05:15,3,0,3,0,0,0
2021-05-30 05:30,8,6,2,0,0,0
2021-05-30 05:45,4,2,2,0,0,0
2021-05-30 06:00,3,2,1,0,0,0
2021-05-30 06:15,7,3,4,0,0,0
2021-05-30 06:30,3,1,2,0,0,0
2021-05-30 06:45,7,6,1,0,0,0
2021-05-30 07:00,2,2,0,0,0,0
2021-05-30 07:15,4,0,4,0,0,0
2021-05-30 07:30,3,3,0,0,0,0
2021-05-30 07:45,12,7,5,0,0,0
2021-05-30 08:00,8,4,4,0,0,0
2021-05-30 08:15,11,6,5,0,0,0
2021-05-30 08:30,14,8,6,0,0,0
2021-05-30 08:45,28,20,8,0,0,0
2021-05-30 09:00,24,16,8,0,0,0
2021-05-30 09:15,17,11,6,0,0,0
2021-05-30 09:30,33,21,12,0,0,0
2021-05-30 09:45,50,30,20,0,0,0
2021-05-30 10:00,41,23,18,0,0,0
2021-05-30 10:15,51,33,18,0,0,0
2021-05-30 10:30,54,26,28,0,0,0
2021-05-30 10:45,60,29,31,0,0,0
2021-05-30 11:00,47,22,25,0,0,0
2021-05-30 11:15,55,33,22,0,0,0
2021-05-30 11:30,63,36,27,0,0,0
2021-05-30 11:45,76,47,29,0,0,0
2021-05-30 12:00,63,40,23,0,0,0
2021-05-30 12:15,88,40,48,0,0,0
2021-05-30 12:30,75,41,34,0,0,0
2021-05-30 12:45,96,55,41,0,0,0
2021-05-30 13:00,80,48,32,0,0,0
2021-05-30 13:15,105,51,54,0,0,0
2021-05-30 13:30,91,44,47,0,0,0
2021-05-30 13:45,135,82,53,0,0,0
2021-05-30 14:00,118,52,66,0,0,0
2021-05-30 14:15,111,47,64,0,0,0
2021-05-30 14:30,138,63,75,0,0,0
2021-05-30 14:45,146,87,59,0,0,0
2021-05-30 15:00,110,45,65,0,0,0
2021-05-30 15:15,112,42,70,0,0,0
2021-05-30 15:30,114,52,62,0,0,0
2021-05-30 15:45,151,63,88,0,0,0
2021-05-30 16:00,120,61,59,0,0,0
2021-05-30 16:15,107,39,68,0,0,0
2021-05-30 16:30,121,52,69,0,0,0
2021-05-30 16:45,109,53,56,0,0,0
2021-05-30 17:00,109,48,61,0,0,0
2021-05-30 17:15,103,42,61,0,0,0
2021-05-30 17:30,108,49,59,0,0,0
2021-05-30 17:45,151,59,92,0,0,0
2021-05-30 18:00,119,42,77,0,0,0
2021-05-30 18:15,102,46,56,0,0,0
2021-05-30 18:30,116,43,73,0,0,0
2021-05-30 18:45,118,51,67,0,0,0
2021-05-30 19:00,83,35,48,0,0,0
2021-05-30 19:15,77,33,44,0,0,0
2021-05-30 19:30,98,42,56,0,0,0
2021-05-30 19:45,90,43,47,0,0,0
2021-05-30 20:00,88,28,60,0,0,0
2021-05-30 20:15,67,22,45,0,0,0
2021-05-30 20:30,50,26,24,0,0,0
2021-05-30 20:45,42,19,23,0,0,0
2021-05-30 21:00,59,23,36,0,0,0
2021-05-30 21:15,42,13,29,0,0,0
2021-05-30 21:30,41,21,20,0,0,0
2021-05-30 21:45,33,16,17,0,0,0
2021-05-30 22:00,39,21,18,0,0,0
2021-05-30 22:15,34,15,19,0,0,0
2021-05-30 22:30,24,6,18,0,0,0
2021-05-30 22:45,20,7,13,0,0,0
2021-05-30 23:00,15,6,9,0,0,0
2021-05-30 23:15,22,14,8,0,0,0
2021-05-30 23:30,19,6,13,0,0,0
2021-05-30 23:45,15,1,14,0,0,0
